990 50
24 28 34 38 23 1 48 15 1 4 21 47 11 45 26 36 12 27 25 8 47 10 31 28 11 9 47 50 34 14 32 37 13 44 3 41 9 15 8 26 6 48 23 26 5 17 33 33 16 19 
21 21 46
23 1 15
20 22 11
10 13 22
15 17 14
18 18 30
9 10 11
18 19 14
20 21 27
11 13 45
10 12 50
19 21 28
2 2 29
16 18 41
13 14 43
5 5 32
17 19 5
8 11 50
2 2 16
1 2 12
19 19 49
11 14 16
15 19 45
9 11 41
0 1 8
9 11 7
16 18 36
5 7 35
8 9 24
2 3 8
7 10 4
10 11 36
20 22 23
17 20 49
15 17 48
18 20 26
20 23 47
7 10 33
8 11 42
9 11 30
6 7 34
12 16 7
5 8 7
19 21 6
8 10 46
4 7 10
21 0 47
11 13 44
19 21 48
3 5 29
6 7 36
7 11 21
10 12 12
22 23 48
23 0 34
6 8 8
15 17 4
18 20 25
0 0 25
21 22 27
13 15 31
21 21 29
4 6 44
14 17 26
3 5 12
7 10 40
3 4 35
20 23 19
7 9 6
21 1 34
10 11 46
4 7 29
4 6 38
13 16 22
22 1 49
4 5 49
20 22 10
17 19 22
7 9 16
4 6 17
10 12 47
20 23 25
20 23 13
12 13 19
7 9 31
6 9 7
4 6 26
8 10 28
22 1 39
7 9 23
23 1 48
12 14 3
11 12 16
14 16 29
5 7 32
17 20 36
2 4 50
22 21 48
9 12 18
5 7 13
4 7 15
22 0 21
2 5 50
7 9 38
0 2 7
5 9 37
8 11 41
19 22 26
6 8 6
5 6 21
4 5 33
0 3 32
9 10 49
5 8 30
14 14 45
23 0 24
9 13 29
3 4 27
20 22 47
3 6 1
4 6 15
13 16 15
2 3 18
15 17 48
21 0 44
21 22 46
15 16 48
14 16 35
4 6 50
0 2 6
22 22 48
8 10 9
5 6 9
23 1 12
0 1 43
20 21 47
23 0 30
8 8 35
8 12 38
12 13 23
17 20 49
3 6 32
15 18 44
21 23 18
19 22 36
14 17 29
6 7 15
4 5 50
0 1 23
5 5 21
18 19 34
7 8 43
7 10 1
4 6 27
3 6 9
8 9 41
11 11 42
2 4 47
14 15 39
2 4 24
21 22 7
15 17 4
17 19 24
12 15 38
14 18 11
1 3 35
20 22 39
1 4 10
14 14 13
9 12 30
20 23 34
1 3 13
10 12 2
3 6 30
1 4 29
20 22 38
2 4 15
14 16 21
14 16 42
18 19 34
10 12 7
13 15 43
1 2 28
7 9 48
13 15 17
18 21 16
20 21 45
2 4 29
17 18 49
14 17 27
13 14 43
15 18 21
16 18 6
20 21 1
8 12 28
10 12 19
6 7 29
11 12 13
10 10 36
8 10 49
19 21 28
6 7 48
12 12 2
9 12 1
11 14 8
23 2 23
10 11 4
9 12 40
4 6 41
6 7 44
19 23 35
17 19 5
8 12 35
8 9 32
10 10 26
9 11 17
8 10 4
12 12 9
21 22 2
16 18 44
20 23 11
9 12 18
9 12 20
4 7 50
15 15 27
14 18 18
12 16 28
22 0 15
13 15 23
7 7 5
21 23 28
4 4 2
3 5 17
21 22 14
11 13 33
13 16 1
7 11 4
13 15 18
0 2 9
5 7 35
18 19 22
6 9 15
8 10 37
11 14 29
21 23 43
16 19 37
1 3 36
7 9 41
2 4 23
18 21 44
20 22 7
11 13 44
10 13 50
1 2 28
11 12 35
3 5 14
1 4 35
22 23 24
5 7 9
13 15 7
2 4 18
4 6 6
10 12 15
18 20 37
8 9 33
12 13 44
5 8 34
23 1 35
17 18 38
11 12 47
23 2 4
5 8 31
11 10 1
6 7 14
13 15 15
16 18 41
4 5 23
14 18 5
3 5 7
5 8 10
1 2 23
11 11 12
21 1 25
16 19 46
17 17 9
17 20 40
6 8 17
6 9 2
1 4 23
4 6 39
4 6 7
15 17 10
22 1 39
1 3 14
12 15 15
13 16 30
0 3 36
4 7 37
21 1 11
9 12 41
3 6 37
14 14 22
19 20 45
12 16 33
13 14 44
5 8 19
0 0 33
17 20 4
8 10 25
11 12 12
15 17 27
6 8 10
0 3 32
17 19 46
3 5 39
10 13 35
15 16 13
11 12 3
19 20 39
11 13 2
22 22 50
14 16 41
12 13 13
3 7 47
6 7 9
16 18 17
1 2 14
19 22 11
8 10 47
21 22 27
4 5 45
9 11 16
7 9 20
8 9 7
23 23 44
0 2 46
16 17 26
8 9 33
17 18 35
21 23 24
15 17 32
12 14 46
9 11 5
11 14 38
10 12 24
12 14 30
5 8 20
20 20 46
20 22 33
4 6 37
4 7 29
19 20 15
10 12 32
4 7 15
1 3 49
16 20 45
0 2 13
10 12 4
12 16 27
15 17 23
14 17 39
11 12 40
18 17 24
23 1 13
19 20 8
21 22 20
21 0 34
19 22 35
16 17 8
8 10 50
8 10 28
1 4 45
22 0 19
8 9 17
9 10 3
18 18 17
5 7 30
9 11 13
7 11 34
13 14 36
12 14 27
6 8 27
9 10 42
6 8 13
21 0 18
19 21 35
2 4 40
18 19 36
22 22 37
21 0 36
7 9 36
21 22 27
23 1 26
5 6 26
17 18 15
4 3 31
2 3 19
2 4 18
20 23 33
4 6 45
14 15 48
16 18 7
11 12 20
23 1 37
18 20 36
14 17 17
15 18 5
0 3 44
2 3 15
7 7 37
15 17 12
6 9 25
19 21 18
17 20 39
18 21 10
8 11 24
23 1 28
17 19 6
17 18 15
12 12 30
7 10 11
17 18 35
18 19 8
9 11 36
1 3 43
14 15 26
0 2 3
13 16 31
23 0 36
11 16 24
1 4 47
11 13 32
23 0 32
18 22 26
22 2 28
3 5 13
1 3 50
16 17 19
3 5 37
13 14 41
18 19 28
0 2 34
19 20 4
16 20 26
23 1 40
19 21 47
21 0 18
7 10 17
19 21 35
13 14 25
17 18 43
16 16 35
16 21 49
17 19 2
5 6 19
11 13 32
1 2 35
6 8 21
16 18 7
6 9 31
5 7 15
20 22 42
0 3 27
9 12 9
3 5 14
14 16 21
0 4 15
5 6 41
23 1 8
2 4 40
1 2 25
0 2 7
22 0 8
16 18 23
13 15 28
18 20 33
12 15 27
1 3 25
23 2 50
19 22 14
4 9 47
19 20 13
14 15 21
2 4 5
17 19 28
6 8 26
7 9 38
6 8 14
14 17 49
22 0 23
15 17 25
2 4 18
19 22 24
8 9 32
21 22 19
13 16 8
7 9 16
2 2 29
4 6 46
15 18 37
7 8 35
0 2 46
23 0 41
1 2 4
4 5 23
1 3 47
16 19 13
4 5 3
6 8 12
4 5 40
11 13 21
10 12 34
4 7 6
15 18 4
2 4 49
11 12 40
6 8 48
19 23 38
5 7 21
12 14 6
20 23 44
20 0 8
21 0 47
0 3 3
15 19 36
6 7 21
2 3 9
20 23 22
7 9 23
11 13 39
15 16 38
21 0 6
19 21 2
1 2 29
14 16 17
20 22 39
8 9 11
13 13 12
20 22 30
10 12 28
18 20 45
11 13 16
2 5 31
22 23 1
0 2 43
16 21 36
15 16 4
23 0 12
19 22 27
12 13 27
0 1 48
22 0 26
3 4 50
19 21 22
3 6 8
4 7 41
0 2 32
13 15 22
1 5 50
23 1 12
23 3 11
13 15 37
6 7 47
23 1 2
7 10 30
10 13 6
20 0 12
6 8 9
21 22 30
15 17 10
22 0 4
2 3 18
10 12 47
16 17 8
8 8 22
11 14 19
0 2 39
9 11 32
0 2 29
18 20 4
0 3 10
7 8 27
4 6 11
4 5 22
12 13 5
9 11 23
7 10 30
12 14 30
13 14 34
9 9 43
13 13 41
15 16 11
13 14 34
3 5 29
2 4 1
14 17 47
10 13 46
8 11 5
2 3 15
18 18 22
20 23 28
16 19 33
0 0 40
13 16 15
21 23 9
9 12 7
8 9 39
9 11 23
3 4 7
8 7 9
21 23 6
16 20 47
12 13 43
4 5 14
16 20 34
22 0 7
7 7 26
2 3 20
10 12 38
21 22 41
2 3 47
6 8 14
5 6 48
23 1 20
2 5 32
21 22 45
22 0 47
9 10 49
19 20 15
19 23 30
9 11 23
5 7 45
19 20 13
9 11 38
11 14 36
11 12 17
16 19 11
21 0 36
10 11 6
13 14 31
14 15 2
9 10 22
22 23 28
10 11 29
15 16 17
10 13 7
13 14 24
10 12 24
16 16 24
17 20 33
10 12 23
2 3 30
18 21 6
7 9 38
9 12 25
19 19 47
16 18 26
12 14 26
3 5 41
1 3 35
3 5 37
21 22 18
15 18 8
17 18 25
21 22 18
19 23 27
16 17 16
15 17 46
11 12 35
18 20 16
23 1 5
13 15 13
10 11 6
0 1 13
8 10 5
15 17 2
7 9 11
5 7 6
18 21 19
7 9 36
10 12 35
4 7 30
22 1 8
3 4 30
7 8 24
19 22 31
22 1 11
18 20 10
8 10 23
21 23 17
18 19 47
22 23 40
9 13 3
14 16 22
17 19 13
16 18 32
4 6 10
18 20 6
20 21 13
17 18 32
2 4 44
20 23 13
9 11 30
18 21 36
17 20 23
16 19 26
3 5 46
16 19 41
15 16 26
23 23 32
14 16 7
14 15 48
0 1 12
6 5 22
6 7 32
10 11 34
11 13 22
11 12 45
16 18 6
18 20 21
7 8 42
16 18 19
22 23 29
6 7 12
15 16 8
15 18 42
5 7 20
1 4 47
4 7 22
5 7 42
9 10 9
8 9 11
8 11 43
13 16 20
4 4 26
1 4 46
20 21 12
14 16 45
17 18 1
16 17 19
3 6 17
8 10 46
9 14 11
14 18 15
20 21 41
5 8 18
0 1 49
9 10 42
1 2 42
18 19 49
16 17 47
17 20 9
1 1 37
17 18 50
10 12 24
6 10 42
0 1 20
6 10 16
16 17 29
16 19 18
11 12 35
23 1 31
22 0 21
6 8 26
22 0 28
14 15 35
16 18 8
3 6 47
10 11 31
19 21 41
1 5 28
13 16 20
5 6 18
10 12 13
15 16 41
14 17 18
9 11 32
2 3 11
0 1 4
7 8 41
18 21 5
4 5 6
20 0 11
2 4 31
21 23 25
9 11 8
17 19 5
2 4 41
21 0 9
7 10 47
18 19 25
13 15 9
14 17 24
3 5 10
11 14 36
1 3 41
15 18 42
6 9 47
3 6 30
8 10 11
9 12 44
17 17 27
20 22 36
9 9 6
18 22 42
4 4 19
5 5 43
19 20 12
12 13 27
23 3 25
4 6 46
8 10 14
9 11 10
12 14 18
0 1 17
7 9 12
15 17 25
2 6 3
11 12 2
9 10 12
13 14 22
20 21 24
10 13 21
14 16 15
0 3 41
0 3 6
12 14 15
0 2 35
20 20 49
20 22 27
10 11 3
23 1 43
13 15 1
9 12 8
9 11 13
19 20 1
22 2 41
19 20 28
11 11 22
10 12 38
20 21 46
17 20 39
9 12 20
12 14 9
12 15 30
19 21 13
12 13 23
23 2 35
1 3 31
20 22 23
18 20 5
8 8 12
8 9 19
0 2 6
12 13 32
14 16 23
20 21 32
16 19 21
15 17 29
20 21 17
16 18 7
15 17 33
22 2 49
7 9 34
14 15 24
5 7 8
22 0 38
5 7 13
22 0 19
1 2 34
15 17 41
13 15 20
20 22 36
4 5 16
20 23 8
11 14 27
5 8 10
8 10 46
23 23 21
13 13 50
22 1 27
21 23 14
23 1 2
15 17 11
5 7 21
3 5 45
13 16 46
22 2 22
17 20 23
8 10 11
10 12 49
8 10 23
21 23 11
0 4 45
12 14 42
13 15 33
20 23 24
0 4 2
3 6 18
22 23 34
19 21 35
5 9 33
19 23 39
9 10 27
4 6 5
18 18 45
10 11 39
11 12 2
15 15 48
15 16 42
3 5 23
17 20 39
2 3 34
19 20 18
21 23 29
18 19 9
7 11 44
15 18 29
21 22 44
16 19 13
15 16 40
18 20 17
18 19 50
3 6 28
9 11 7
19 23 9
3 5 15
21 0 27
1 2 17
0 3 19
5 7 30
11 12 2
12 13 25
12 14 9
4 5 2
18 19 46
2 2 49
21 0 12
23 2 7
3 6 8
0 0 50
18 20 36
22 0 10
10 10 35
14 16 2
23 0 22
7 10 30
4 4 22
0 2 29
4 6 14
14 16 12
19 23 4
18 20 47
4 5 28
22 1 19
4 7 23
1 1 38
9 12 1
22 1 6
10 12 28
14 15 5
17 19 47
22 0 16
17 18 23
21 22 2
22 1 27
15 16 50
17 20 12
9 12 27
3 5 41
6 8 17
1 4 46
12 13 43
17 20 9
14 16 10
18 19 17
3 5 2
1 3 33
2 4 1
22 0 22
5 7 4
16 19 47
4 6 43
13 15 45
3 5 24
9 10 10
5 9 30
17 19 19
0 3 50
6 8 33
