1060 5
3 3 3 5 4 
0 3 2
10 11 5
14 15 1
13 14 2
18 21 5
5 8 5
4 8 3
6 8 3
23 0 3
15 18 4
19 23 2
20 21 5
9 12 3
5 6 3
1 3 2
22 0 3
18 22 5
6 6 3
1 3 1
10 12 5
3 5 2
22 0 3
13 15 1
0 1 3
4 6 2
1 3 2
11 14 5
19 21 1
4 5 1
22 0 5
18 22 4
15 17 2
13 15 1
23 1 3
12 16 2
22 0 2
0 2 1
8 11 2
9 10 3
15 17 1
3 5 1
4 5 1
20 22 2
22 23 4
22 0 5
21 22 5
9 10 3
15 17 5
0 3 1
9 10 5
18 19 3
22 1 5
14 14 4
14 16 3
0 5 3
7 10 3
3 5 2
16 18 3
6 8 5
9 13 2
12 14 1
9 11 3
0 2 3
14 17 3
19 23 3
4 6 3
18 21 4
15 17 2
4 6 2
22 0 5
0 1 1
23 0 5
1 2 4
18 21 4
7 9 3
6 9 3
22 1 3
19 23 4
11 12 1
23 2 2
20 22 5
4 5 2
10 10 4
14 17 5
6 9 5
14 16 1
6 7 3
15 17 5
9 11 2
6 8 5
5 8 4
3 6 2
8 10 2
0 2 1
15 17 5
6 9 2
16 18 5
2 4 3
22 1 2
0 1 3
20 23 2
16 17 5
11 13 1
17 18 3
1 2 1
18 19 3
14 15 1
10 14 5
17 19 1
9 11 5
9 11 3
21 0 5
21 23 2
18 21 1
18 21 2
17 19 5
13 16 4
12 13 2
1 3 3
0 3 3
5 8 5
18 21 1
22 0 5
18 20 1
7 11 1
9 10 1
16 17 1
13 15 5
23 1 1
9 11 2
3 4 1
18 20 1
3 4 5
0 2 1
14 17 3
18 20 4
18 19 4
10 11 2
0 1 4
17 18 2
10 11 1
12 16 5
11 12 2
17 17 2
4 7 3
5 7 5
6 7 2
19 22 1
2 5 4
19 22 1
15 16 5
7 9 4
14 17 4
18 18 5
16 17 5
7 11 1
6 8 4
22 0 2
1 4 5
1 1 2
17 20 2
8 11 3
5 7 1
20 23 5
21 22 3
9 12 5
14 17 3
23 0 1
2 6 4
12 13 5
20 22 2
15 15 1
11 12 2
11 11 2
23 2 2
22 1 5
17 19 3
20 21 1
3 6 1
11 12 5
0 1 4
20 23 1
6 9 5
23 0 1
0 1 2
4 6 2
16 17 2
22 1 4
6 8 2
2 5 1
5 8 3
11 13 2
6 7 5
20 22 1
16 19 4
1 5 2
3 4 3
8 9 5
18 21 5
8 10 2
4 7 4
3 4 1
6 8 5
2 4 5
21 23 3
4 7 5
10 12 1
22 0 1
14 17 3
9 11 3
14 17 5
18 21 2
0 3 5
4 4 4
5 7 4
14 17 3
1 5 3
19 20 5
2 4 2
13 15 5
22 0 2
13 14 3
8 11 3
4 6 5
14 17 4
14 15 2
15 18 4
18 17 1
0 2 4
19 22 1
7 8 5
7 11 3
5 7 1
0 1 1
1 4 2
8 11 3
1 3 5
17 19 2
2 7 5
0 2 1
10 12 1
6 9 1
19 22 3
23 1 2
23 1 1
2 4 1
21 1 4
1 3 2
16 19 2
23 0 2
23 2 3
22 0 4
13 15 5
2 4 2
10 14 4
8 9 3
8 9 4
17 21 1
7 8 1
12 13 1
20 22 3
8 7 1
16 21 4
17 17 3
16 18 1
14 16 5
3 4 4
1 4 1
11 14 4
7 8 5
16 19 5
23 23 4
10 11 4
4 7 4
16 18 5
19 22 3
4 7 4
9 9 4
7 10 5
20 21 4
5 8 1
15 18 2
14 17 3
4 5 4
18 22 3
16 19 1
1 2 2
16 18 2
18 20 5
18 21 2
9 11 5
7 10 2
13 15 4
18 22 1
21 23 3
12 11 3
6 7 1
17 18 1
15 17 5
6 9 5
10 11 5
1 4 3
10 11 2
15 17 4
14 16 1
23 0 5
0 3 3
20 23 3
17 20 3
22 23 3
16 19 3
20 20 1
9 9 1
1 5 5
17 18 5
23 2 1
11 13 3
14 15 5
21 23 4
6 8 4
0 3 5
3 7 5
6 8 1
11 15 2
4 5 4
5 7 5
13 14 2
21 0 1
16 20 5
22 2 1
7 9 4
11 11 4
23 0 5
14 17 3
9 11 5
7 10 5
14 18 1
3 5 3
9 11 3
21 22 4
12 13 3
1 3 1
0 2 4
8 12 3
14 15 2
16 19 4
21 22 3
12 14 3
23 2 5
17 20 5
2 4 1
10 13 4
23 2 1
1 4 3
20 23 5
21 22 4
9 10 3
12 14 4
10 13 4
13 16 3
5 8 2
4 5 1
19 22 1
6 10 1
22 23 3
9 11 3
3 5 1
21 23 1
2 3 5
11 13 3
20 22 4
18 20 4
15 18 4
19 19 4
8 11 4
9 11 2
5 7 5
13 15 5
9 11 4
10 14 3
5 6 2
5 6 4
6 8 5
11 12 5
13 15 2
6 8 4
22 1 3
0 1 3
18 19 3
15 16 4
12 13 1
3 6 5
23 23 2
6 7 3
21 22 3
19 21 1
17 20 5
7 8 2
19 21 2
13 14 2
1 4 5
18 20 5
4 7 2
5 6 2
18 19 2
1 4 1
4 6 1
9 11 2
0 2 5
22 0 3
18 20 5
7 8 1
18 19 1
2 3 3
0 2 2
7 8 4
9 12 2
4 6 5
10 12 3
8 10 1
18 20 4
1 3 2
14 15 4
21 22 5
19 20 2
23 0 5
23 1 5
8 10 4
2 4 5
7 9 4
10 13 3
17 18 2
2 4 2
6 7 3
14 16 5
13 15 2
23 2 4
7 11 4
9 11 1
1 3 3
19 21 3
8 10 2
7 8 3
18 20 1
21 22 3
11 13 2
10 12 4
10 13 3
20 23 1
0 3 2
13 16 3
15 16 1
4 7 5
9 10 1
10 12 3
20 22 2
10 12 5
20 22 4
8 10 3
8 11 4
11 14 2
22 22 1
22 1 1
5 6 5
8 11 1
14 15 4
21 23 2
21 21 4
17 19 5
16 19 2
13 15 2
4 7 4
4 7 3
16 18 5
8 9 1
5 7 5
15 15 1
14 16 3
1 4 4
13 15 4
17 21 2
13 15 3
0 2 3
15 17 3
14 15 1
21 23 1
3 5 3
5 7 1
4 5 5
17 19 3
20 21 2
6 9 3
4 5 3
21 23 2
23 0 4
8 9 5
12 14 1
10 14 2
15 17 3
8 8 1
9 11 3
16 19 3
16 18 4
21 23 4
19 23 4
9 11 3
0 3 1
7 9 1
19 20 1
20 22 4
4 7 3
22 1 4
7 9 3
6 8 4
14 17 5
19 20 4
21 21 2
14 15 1
8 10 2
17 19 5
2 4 1
9 12 2
2 5 4
22 23 4
12 13 5
13 16 5
13 15 3
12 13 3
6 7 3
13 15 3
16 17 1
11 12 5
3 5 2
3 4 2
4 6 4
3 4 1
8 10 4
8 10 5
2 4 3
8 10 1
4 6 1
8 9 4
0 2 2
21 22 1
15 17 1
15 17 2
9 9 1
5 9 1
20 23 1
21 0 2
17 20 5
18 21 3
8 10 2
9 11 2
10 11 1
17 19 3
21 22 3
12 15 4
6 8 3
12 13 3
20 22 5
12 14 1
7 9 1
7 9 1
9 12 4
14 18 5
23 0 2
20 22 3
17 19 5
20 22 1
8 9 5
0 2 1
19 22 3
17 19 2
15 18 2
15 16 3
13 17 4
23 1 5
7 10 5
9 12 5
20 22 5
12 11 3
20 22 4
7 9 4
12 14 5
15 16 3
1 1 3
4 6 2
19 21 2
21 0 3
15 16 4
15 17 5
1 4 2
9 11 2
8 12 2
19 22 3
19 21 2
1 2 1
17 20 3
5 7 1
18 20 5
16 19 4
21 23 2
8 9 2
6 8 1
19 21 2
17 20 1
14 15 5
23 0 1
17 19 5
0 1 3
2 4 1
20 20 1
9 9 3
12 15 4
11 12 4
7 10 4
0 1 4
1 3 1
5 7 3
20 22 1
15 17 1
7 8 3
19 20 2
7 8 4
2 2 3
23 3 1
8 10 2
19 22 5
4 5 2
2 3 4
23 23 5
22 0 3
19 21 4
19 21 3
4 6 3
5 8 4
19 22 5
17 18 4
0 3 1
21 22 4
10 11 5
23 1 3
23 23 1
20 22 1
9 11 1
15 18 2
1 3 5
10 13 2
8 9 1
9 10 4
17 19 2
13 16 3
23 1 2
13 15 2
3 4 3
19 20 3
22 0 1
18 21 4
20 22 4
2 5 1
19 22 2
17 18 1
7 8 5
2 4 4
15 17 2
16 19 1
23 1 4
0 1 3
11 12 1
14 17 3
8 10 2
2 3 4
7 9 2
11 14 5
17 19 3
19 20 2
21 0 5
19 20 1
22 0 3
13 16 3
13 13 1
12 15 4
0 1 2
7 10 5
2 5 3
6 8 1
4 5 4
8 9 1
19 22 3
7 7 4
13 15 3
0 0 3
23 2 5
14 14 1
22 2 3
2 2 2
17 19 5
19 22 2
7 9 2
7 9 4
5 5 5
1 3 1
13 15 1
15 16 1
17 19 4
8 10 3
10 12 2
9 10 1
16 19 4
4 7 1
11 12 2
11 13 3
3 5 1
3 4 4
13 14 3
6 7 2
14 16 3
1 3 2
11 13 1
10 12 2
15 14 1
19 22 2
18 20 2
1 2 3
17 20 5
11 14 3
9 11 2
8 10 3
23 2 5
4 7 5
23 2 3
23 2 3
7 9 3
3 5 1
12 15 3
13 15 1
13 16 2
17 18 3
8 11 3
0 1 1
5 8 3
8 9 4
19 20 4
8 10 2
1 4 5
22 0 4
16 19 2
16 17 1
9 12 2
4 5 3
12 15 2
16 16 2
15 18 5
22 23 2
6 7 2
13 15 2
21 23 1
3 5 5
2 4 5
17 19 5
11 13 3
12 13 5
3 5 1
13 15 5
2 4 3
2 4 4
15 17 2
13 15 1
15 18 3
21 21 3
0 2 2
5 7 1
9 11 2
19 22 4
4 6 2
21 23 3
21 22 5
11 13 1
23 3 4
22 0 4
13 15 1
8 9 2
2 5 2
18 19 5
5 8 5
4 6 1
22 23 2
23 2 2
12 13 5
6 7 2
1 4 2
18 20 5
13 14 5
9 11 3
9 10 1
8 11 3
0 2 1
3 4 3
5 7 1
18 20 4
13 13 2
18 19 5
5 8 4
18 21 2
3 5 4
10 12 1
18 18 3
2 3 2
0 1 4
13 15 4
2 3 2
0 2 2
11 12 5
16 19 4
7 9 3
22 0 3
11 12 5
0 2 2
20 23 1
23 1 1
21 22 5
22 23 3
8 10 4
10 13 1
5 6 1
13 18 5
19 22 1
17 19 3
4 7 4
22 1 5
0 2 4
5 7 2
8 11 2
20 22 3
5 7 2
10 10 3
10 13 1
14 15 5
22 0 3
3 7 3
7 8 4
1 5 3
4 5 2
11 12 3
23 1 2
2 5 3
5 8 2
21 23 3
12 13 2
21 22 2
6 7 3
0 2 2
21 1 1
1 2 1
21 23 5
12 13 3
15 17 4
5 6 2
5 8 1
3 5 5
17 18 5
17 18 4
13 14 3
8 10 4
3 4 5
10 13 2
12 15 2
21 1 3
16 16 3
19 21 4
5 7 5
1 4 3
4 4 5
2 3 5
14 15 3
6 8 2
2 4 2
13 15 4
15 17 2
23 2 4
23 2 4
9 10 1
13 15 2
10 13 4
19 21 5
0 2 4
16 18 5
2 4 2
21 23 1
19 21 3
17 19 3
17 18 5
19 22 2
6 8 1
6 9 2
8 11 1
9 10 4
13 16 2
4 5 5
23 1 4
22 1 2
18 20 4
16 17 1
1 4 5
5 7 2
0 3 2
9 10 5
6 9 1
12 12 2
6 8 5
17 19 3
23 1 2
22 23 1
15 16 4
3 4 5
14 18 3
19 20 3
15 18 5
13 14 5
13 14 4
2 4 4
16 18 4
18 20 4
4 7 2
18 21 2
7 9 4
13 16 2
5 6 5
15 17 2
23 2 4
9 10 1
6 7 5
19 20 5
23 1 3
12 14 3
23 0 2
17 18 5
12 14 1
0 3 3
13 15 2
15 18 4
23 2 5
7 9 5
18 21 2
13 14 5
2 4 2
22 1 2
9 12 1
19 22 5
15 17 2
22 23 2
9 10 1
8 11 4
21 23 5
22 0 2
9 10 5
4 6 3
16 18 3
4 5 5
10 14 4
22 0 2
6 9 1
8 9 1
16 18 4
1 3 3
22 0 1
2 5 1
4 7 5
5 5 5
23 23 4
6 8 2
12 15 4
12 12 3
17 19 3
11 13 2
21 0 1
14 16 2
22 1 1
5 7 2
20 22 1
17 20 5
14 17 5
20 21 2
23 1 1
11 13 5
15 18 5
6 8 2
6 10 2
13 16 5
13 14 3
18 21 4
14 15 3
8 9 3
23 2 3
18 20 4
9 10 5
21 0 1
14 16 1
5 8 2
8 12 2
1 3 3
22 22 4
9 10 1
8 9 3
23 3 4
0 3 1
16 19 3
22 0 1
21 22 4
5 8 3
17 18 5
22 1 2
8 9 5
22 0 4
15 17 5
12 13 1
10 12 3
15 17 5
14 16 5
2 3 3
17 19 3
20 22 1
13 16 1
21 0 4
5 7 1
9 11 2
6 8 3
10 12 4
2 5 4
22 23 3
4 4 4
18 19 1
3 5 4
17 19 2
17 18 3
17 19 4
21 23 2
13 16 2
0 1 5
23 1 5
17 20 1
18 20 5
21 1 4
12 14 5
20 22 5
18 21 5
20 21 4
1 3 3
6 9 3
7 9 3
21 23 3
22 1 3
3 5 3
3 5 1
3 4 4
10 11 4
5 7 1
22 2 2
23 2 5
