1070 5
3 4 3 2 5 
15 18 2
8 9 3
6 7 3
11 13 3
4 7 4
22 23 4
12 14 3
17 19 5
8 10 4
9 12 4
7 9 2
23 0 3
18 21 5
23 0 3
23 2 2
3 3 3
12 14 4
9 12 1
4 7 2
4 6 4
23 1 4
6 8 2
11 14 1
5 7 3
7 8 5
20 22 4
12 14 4
21 0 2
22 0 5
1 2 4
22 23 5
4 7 5
9 11 5
17 21 4
17 19 1
6 9 2
5 8 1
21 0 2
19 22 3
11 13 1
8 9 2
8 10 5
21 21 5
23 1 2
22 0 2
9 11 2
22 23 1
1 5 2
14 16 2
5 8 2
11 13 3
13 16 3
2 5 1
7 9 5
23 0 3
6 8 3
11 14 3
20 22 2
12 16 5
15 17 5
6 8 2
5 5 5
4 5 3
3 5 3
11 13 3
23 2 3
2 5 5
18 19 4
18 21 3
16 18 5
23 1 2
2 3 3
23 2 4
23 23 3
8 10 2
23 3 2
3 4 5
14 17 5
10 12 2
3 5 4
4 5 2
17 19 1
0 3 4
7 8 2
15 18 4
10 12 4
21 23 1
10 12 4
10 12 1
19 23 4
11 15 1
18 20 2
11 13 2
12 13 1
17 20 4
4 7 3
0 0 4
3 7 1
4 7 2
2 4 2
16 17 5
1 0 4
1 3 3
21 0 3
17 19 3
21 1 5
12 13 1
18 19 1
13 14 4
15 18 5
13 16 5
23 1 5
0 2 2
2 5 2
20 21 1
8 10 1
0 1 3
16 19 3
21 0 3
1 2 1
20 21 3
2 5 1
20 21 3
10 12 4
20 23 1
19 21 5
14 16 2
15 19 2
23 1 3
7 9 1
2 4 1
5 9 2
8 10 4
7 9 3
6 10 5
9 10 1
21 23 2
1 2 3
13 15 2
23 1 3
15 17 2
9 12 5
3 5 4
7 11 2
10 12 4
2 3 5
22 23 3
16 19 5
10 13 5
18 19 1
7 8 2
3 5 1
22 0 3
21 23 5
5 8 5
6 8 4
10 12 1
22 1 5
2 2 4
10 14 3
12 15 2
1 3 1
20 0 1
10 13 5
13 17 5
17 19 5
7 8 5
18 22 3
13 15 5
22 23 2
13 15 4
10 11 3
2 4 2
15 16 4
5 7 2
23 2 4
0 -1 4
12 15 5
17 20 5
5 8 3
16 18 5
21 22 1
18 22 5
1 3 1
3 7 2
14 15 4
9 12 5
13 16 4
15 17 1
17 19 3
8 11 1
7 10 2
23 1 5
8 9 4
10 12 5
4 6 4
0 1 2
14 17 3
14 16 1
2 0 2
13 13 3
14 16 1
14 16 3
18 20 2
23 3 1
7 10 2
8 10 3
0 3 3
3 4 2
17 19 4
18 20 1
3 5 1
7 10 2
12 15 3
15 20 4
7 8 1
18 19 3
20 21 3
16 18 3
14 16 5
0 2 2
14 15 2
20 23 5
6 7 2
2 4 5
11 13 4
1 3 2
12 15 5
8 10 2
4 4 3
5 6 4
0 1 2
10 13 3
0 2 5
15 18 1
9 12 3
11 12 3
11 13 2
19 22 2
15 16 3
7 7 2
5 7 4
4 4 5
11 15 3
14 17 3
11 12 5
23 1 1
13 14 3
1 4 2
9 11 5
19 20 1
1 2 1
6 8 4
23 1 3
12 14 1
23 2 5
18 20 1
14 17 1
6 8 4
19 21 5
22 23 2
6 9 5
3 5 2
13 13 3
11 12 5
20 22 2
17 19 4
0 3 1
9 11 5
6 7 1
17 20 4
0 1 4
15 16 3
2 3 3
20 1 2
9 10 5
9 12 2
10 10 1
23 1 4
13 16 2
22 0 5
16 16 1
1 3 5
4 6 3
3 5 2
17 20 2
23 1 3
17 20 1
3 5 2
19 21 3
14 17 3
6 9 5
17 18 4
9 12 1
10 13 5
7 9 4
7 7 5
20 21 1
9 12 4
4 6 1
21 22 4
6 8 4
2 3 2
21 23 2
0 3 2
4 6 3
0 3 4
19 23 3
7 8 3
18 19 4
6 8 4
6 8 2
15 18 5
1 3 5
1 3 1
3 5 3
11 15 2
22 0 1
14 17 5
6 9 2
2 3 5
21 23 2
23 1 4
3 4 3
0 2 3
17 20 4
13 15 2
10 14 1
22 0 1
22 2 3
1 3 4
6 7 3
11 14 1
8 8 5
3 5 3
13 15 3
18 20 4
16 19 4
18 19 2
23 23 2
15 17 3
9 11 5
10 11 2
0 2 5
3 7 2
19 20 3
12 14 4
4 6 5
11 15 3
19 21 5
13 16 4
10 12 3
16 18 5
18 19 2
22 0 3
11 13 4
20 21 1
11 14 2
10 11 2
2 4 2
14 18 4
3 7 4
6 6 2
23 0 2
1 4 5
15 17 1
18 19 5
4 5 1
16 20 5
12 13 4
19 20 1
5 8 4
4 5 1
2 3 3
17 19 3
21 23 5
16 18 5
21 20 5
10 12 2
14 17 2
13 16 3
15 16 4
7 7 1
6 9 4
16 17 5
9 12 3
16 18 5
12 14 2
11 13 4
1 1 3
7 9 2
21 0 4
10 13 5
2 3 4
13 14 4
8 10 2
23 1 5
10 15 2
9 10 2
22 23 5
8 10 4
7 8 1
3 6 2
9 10 2
23 3 2
19 21 2
10 11 4
1 3 1
12 14 4
13 14 3
21 0 5
13 16 2
23 1 5
1 4 1
8 11 2
3 4 2
14 16 4
19 23 2
4 5 3
1 3 1
20 22 1
13 15 3
6 7 1
6 7 1
13 15 3
16 18 3
10 13 5
10 11 1
12 15 2
9 10 2
5 6 3
1 2 1
5 7 2
16 17 5
0 2 3
7 9 5
19 22 3
19 20 2
3 4 4
2 4 3
3 5 3
13 14 2
15 17 1
4 6 4
19 20 2
2 6 2
19 20 3
17 20 1
20 21 5
16 16 5
15 17 4
13 14 2
0 3 3
14 16 1
20 22 4
3 6 3
20 22 2
2 3 5
19 22 5
10 12 1
19 19 3
1 5 5
1 3 5
18 20 3
4 6 1
7 9 5
16 20 1
22 2 1
3 4 1
10 11 2
12 14 4
3 5 2
22 22 4
5 7 5
23 1 5
12 14 2
3 6 2
6 8 1
7 8 1
0 1 1
21 21 5
0 2 5
5 6 2
10 13 4
2 4 2
13 16 2
4 7 3
1 3 1
8 9 3
2 4 5
22 0 1
23 1 2
12 13 1
15 16 5
7 7 4
1 3 4
7 10 5
21 22 1
14 15 2
3 5 5
18 19 2
15 18 1
22 23 4
7 9 5
3 6 1
19 20 5
1 4 5
12 16 4
9 12 2
21 22 2
23 2 1
21 22 1
4 4 2
5 8 4
2 2 3
17 19 5
1 4 3
9 11 3
7 8 2
16 16 1
13 15 5
6 7 3
13 15 5
1 3 5
17 20 1
7 9 2
21 23 5
15 17 5
20 0 5
16 17 1
2 3 3
1 3 5
8 9 5
20 21 4
9 11 3
4 7 2
21 0 2
3 5 5
3 5 4
12 15 1
15 17 4
11 12 1
17 21 5
4 7 4
11 13 4
10 13 3
16 19 1
2 3 5
12 16 1
19 20 1
12 15 3
5 6 5
13 13 3
6 10 4
8 11 4
9 10 5
3 4 1
20 23 3
14 15 5
3 7 3
23 1 4
6 10 1
9 11 5
2 4 2
3 6 2
13 12 2
15 17 3
2 5 1
12 16 1
10 11 4
3 5 2
21 23 3
21 23 4
16 20 2
14 16 1
5 6 3
21 23 4
21 23 5
14 16 3
15 18 1
5 8 4
23 2 1
3 5 3
16 18 3
17 18 3
13 16 3
16 18 4
20 21 4
18 21 3
7 9 2
2 4 2
19 22 4
6 8 2
21 1 5
17 19 2
23 2 2
13 14 5
4 7 2
22 0 5
19 22 2
11 14 4
3 7 4
9 11 2
20 0 3
14 17 2
18 19 2
11 12 1
18 20 4
10 12 2
16 17 1
16 18 4
11 13 5
22 0 1
7 8 5
4 6 3
6 7 5
0 1 1
20 23 1
17 17 4
8 9 4
0 3 1
1 4 3
8 11 2
6 9 2
16 17 2
16 19 1
3 7 5
19 22 2
4 5 5
22 23 2
5 5 5
23 1 5
4 6 1
17 18 4
0 3 2
8 10 3
16 19 3
21 23 4
18 19 2
1 0 3
14 15 4
5 7 1
1 3 3
16 20 4
1 3 5
9 11 5
19 19 3
0 1 3
4 6 1
5 7 2
0 2 5
0 3 4
14 17 2
19 20 3
23 4 5
16 17 1
11 13 4
13 14 4
2 6 3
16 18 4
19 23 1
1 2 1
21 21 5
14 16 2
23 0 2
2 5 5
3 6 5
14 17 4
5 6 1
9 12 2
10 14 3
4 6 3
2 4 3
20 21 5
13 16 1
13 13 1
11 14 4
0 2 2
6 9 3
18 20 2
16 18 4
4 5 4
1 2 2
15 18 2
13 17 5
4 5 3
23 2 2
9 10 4
5 7 4
4 6 4
1 4 5
10 13 5
15 19 5
2 5 4
18 20 1
11 13 3
16 18 1
14 16 2
5 8 1
8 8 1
14 15 1
4 6 5
0 1 4
12 15 1
9 10 5
4 7 3
17 19 4
12 14 1
15 17 5
5 9 4
12 13 4
11 13 5
23 0 2
17 19 5
20 23 5
7 9 4
13 16 4
11 15 5
2 3 4
0 2 1
19 20 5
5 5 2
6 9 1
21 0 2
11 13 5
10 12 2
7 11 2
12 14 4
11 13 4
20 22 5
15 19 1
13 16 4
7 9 3
14 16 4
20 22 5
6 8 5
11 13 5
3 5 5
17 15 2
10 11 2
3 8 3
5 7 4
19 21 4
15 16 4
8 9 2
7 11 4
15 18 4
19 22 1
12 15 5
18 18 3
1 2 4
21 23 5
14 15 4
11 13 4
12 13 2
0 3 1
13 13 4
17 21 1
8 10 2
1 1 2
11 13 3
5 6 5
16 18 4
1 4 4
4 5 3
10 13 5
19 20 1
7 8 4
17 19 4
15 17 5
7 9 4
17 19 2
1 4 2
19 21 1
5 8 3
22 0 3
12 14 2
18 21 3
1 4 3
3 6 3
23 1 3
21 0 4
14 17 4
3 6 1
4 7 1
2 5 5
0 4 2
19 21 4
10 11 2
19 21 1
10 12 4
10 13 5
6 6 3
12 15 3
18 19 4
17 20 1
23 0 3
23 1 5
10 12 1
17 19 5
23 0 3
17 19 5
3 6 4
1 4 3
23 0 2
5 8 2
9 11 5
4 6 1
4 6 3
2 3 3
7 9 2
21 1 4
11 13 2
22 1 1
15 18 3
22 23 1
8 9 3
15 17 1
13 15 4
14 15 4
18 21 1
18 20 1
23 0 2
4 6 1
17 19 3
12 14 2
7 8 3
5 7 1
0 2 2
4 5 1
14 16 4
23 0 5
22 23 3
5 9 1
0 2 4
16 19 1
12 14 2
4 5 4
12 15 3
14 17 1
19 21 4
13 14 4
9 10 3
5 5 5
18 21 3
15 17 2
18 20 4
4 5 1
12 14 4
13 15 4
16 19 3
9 13 5
11 14 4
3 5 2
23 3 1
18 22 2
4 5 5
8 8 2
23 0 1
3 5 3
11 14 1
6 10 2
2 3 4
14 17 4
11 12 3
21 21 2
6 10 5
11 13 2
4 6 2
3 5 2
2 4 3
14 17 3
21 21 5
14 16 4
3 4 1
17 19 2
8 10 2
19 21 5
15 17 4
10 13 1
11 12 2
7 9 5
2 3 1
11 14 1
22 1 2
4 5 4
9 10 2
20 22 5
16 19 4
12 14 3
1 2 4
5 6 3
0 1 1
15 16 3
18 23 2
2 6 4
6 9 5
21 23 4
13 14 2
3 4 3
3 6 1
11 11 5
15 17 3
12 15 5
6 9 1
3 5 1
1 5 2
0 4 1
18 22 4
15 17 5
18 21 1
12 15 4
10 11 4
14 17 2
4 7 2
11 13 4
1 2 1
9 9 2
9 11 2
8 9 2
11 14 1
5 6 3
10 12 4
12 13 1
14 16 5
3 6 4
9 12 5
13 15 2
4 5 3
8 12 1
16 18 1
21 23 2
20 21 2
22 1 3
10 13 2
8 10 3
22 2 5
17 20 2
14 17 3
18 19 1
15 16 4
1 4 3
15 18 5
2 4 3
18 21 3
2 5 4
10 12 5
8 10 4
21 22 1
22 23 1
3 5 3
3 4 5
12 13 5
17 18 1
1 2 1
19 22 2
10 13 2
15 17 3
1 3 4
1 4 3
2 4 1
13 16 5
13 15 4
0 2 2
23 2 3
21 23 1
16 18 3
22 21 3
11 13 2
12 15 2
16 17 2
23 1 1
7 11 2
19 22 5
18 21 3
3 5 2
14 16 2
9 11 4
1 1 1
4 6 2
5 6 3
9 10 4
2 3 1
0 1 3
11 11 1
6 8 2
21 23 5
1 3 4
0 2 1
13 16 3
18 21 2
21 22 2
17 21 2
8 9 5
3 5 3
10 13 1
7 8 5
8 11 1
20 23 1
6 8 1
11 12 2
23 23 1
10 13 4
0 3 2
0 2 4
6 7 3
12 14 1
16 18 3
16 18 1
15 16 4
0 3 5
13 15 3
12 14 5
8 10 1
3 6 5
3 5 3
21 23 2
23 2 1
9 10 2
19 21 1
8 10 2
3 6 4
0 3 3
8 9 3
7 9 2
23 0 4
8 10 1
14 16 4
17 19 2
10 12 2
0 2 4
4 7 5
9 12 3
19 21 5
1 3 3
11 13 1
6 9 1
11 12 5
16 20 2
6 9 5
18 19 4
21 0 1
7 8 1
22 1 4
16 18 5
7 9 3
17 19 5
14 17 1
22 0 2
8 9 3
18 21 4
15 18 1
21 23 4
20 23 2
6 8 4
16 15 5
9 10 2
23 1 4
6 7 3
19 19 5
22 0 4
6 9 4
14 15 3
0 -1 2
16 18 4
23 0 2
2 5 3
19 19 3
6 7 3
12 13 4
