1270 5
3 5 1 5 2 
22 1 1
22 23 2
19 21 3
23 0 4
3 6 4
7 9 4
22 0 5
13 15 1
6 7 3
12 14 3
16 18 4
17 21 2
12 14 4
6 8 2
13 14 5
6 9 1
2 4 3
17 19 4
5 5 1
7 8 5
5 8 3
22 1 3
0 1 3
20 20 2
1 1 3
13 16 4
20 23 4
22 0 5
2 4 2
14 16 1
17 19 3
23 1 4
17 19 5
23 2 3
21 23 2
2 4 4
22 21 2
5 7 1
21 0 1
11 10 2
21 23 3
0 3 2
6 8 5
15 19 4
10 13 4
3 5 2
4 7 3
13 16 1
21 22 3
11 13 4
16 17 3
23 2 3
12 14 4
10 12 3
8 10 1
20 23 2
14 16 1
20 0 3
18 19 2
6 9 1
11 12 5
23 1 1
20 22 4
20 22 2
16 15 2
2 5 3
8 9 5
16 18 5
14 16 1
14 17 4
1 4 1
1 4 1
5 6 2
23 0 4
16 18 2
2 5 1
15 17 5
12 13 5
4 5 4
22 0 1
21 22 4
18 20 3
6 9 4
7 8 4
23 1 4
10 11 5
1 1 2
16 17 4
19 22 2
23 0 1
17 18 3
7 9 5
10 13 2
12 15 2
3 7 4
4 5 1
9 10 1
17 20 4
8 10 3
6 9 5
0 1 4
7 9 4
10 13 4
14 19 3
18 22 4
10 12 3
16 20 2
2 4 3
7 10 1
2 3 1
2 5 5
16 20 4
0 1 5
8 10 2
15 17 5
8 8 4
22 1 2
17 19 4
2 3 1
16 17 1
5 7 2
19 20 2
19 22 2
17 19 2
5 5 5
23 0 3
3 5 4
20 0 4
23 1 3
10 11 3
3 6 3
1 4 1
23 1 5
20 20 2
15 16 1
9 12 5
0 3 2
13 16 5
16 17 4
22 2 2
6 8 2
23 2 1
2 5 3
6 9 2
0 3 1
13 16 4
3 5 5
5 8 4
14 15 5
2 4 1
14 16 3
9 11 1
4 6 3
2 7 3
20 23 2
16 18 4
3 5 4
8 9 2
22 0 4
23 3 1
2 4 4
11 14 2
6 9 4
8 10 5
1 4 3
0 2 4
14 17 1
11 13 3
23 1 1
3 5 5
5 8 3
5 4 2
17 17 5
6 8 3
5 7 4
0 2 4
6 9 3
6 7 5
23 2 3
23 3 5
8 11 4
5 8 1
13 14 4
18 19 3
2 4 5
3 6 1
22 23 2
18 20 1
17 19 4
8 11 3
22 2 1
19 19 4
8 9 3
18 21 5
2 4 2
5 6 4
2 4 4
16 20 2
1 3 1
19 0 2
21 23 1
17 21 4
4 7 2
6 8 2
3 5 3
23 1 4
22 0 5
20 22 5
8 10 5
23 1 1
13 16 4
12 13 1
11 13 1
19 19 2
0 1 3
11 12 1
9 10 1
11 14 5
12 13 4
14 17 1
19 19 1
1 1 4
10 13 4
12 12 1
5 7 2
7 10 3
18 21 3
3 5 2
13 16 2
6 9 4
10 11 4
5 6 2
17 19 2
3 6 1
16 18 3
10 12 5
9 12 5
17 18 2
8 10 5
9 12 1
18 19 1
15 16 3
4 7 5
0 3 1
9 11 5
15 17 5
7 10 5
11 13 5
1 4 3
4 8 4
6 9 5
1 2 3
3 5 4
3 5 5
7 9 4
9 10 4
18 21 2
0 2 3
10 12 4
20 22 2
8 8 2
3 5 4
20 23 5
15 17 5
5 6 4
17 19 3
15 16 4
14 17 4
7 11 2
20 23 3
17 18 1
3 5 1
21 0 1
9 9 5
7 10 4
19 22 3
8 10 2
3 6 5
21 23 1
15 18 5
6 7 3
1 3 4
17 18 3
0 2 2
5 7 1
12 14 5
0 2 3
19 21 4
4 8 1
0 3 1
18 21 2
5 7 1
17 19 1
9 10 3
18 20 4
22 1 3
21 1 3
0 2 1
12 12 4
22 0 2
6 8 3
5 5 2
5 6 2
21 22 2
23 1 4
21 21 5
19 20 2
1 3 5
19 20 2
1 5 5
3 5 5
23 1 5
9 10 2
9 10 5
23 1 2
18 21 2
20 22 4
19 21 1
18 21 2
6 9 1
1 4 4
17 19 2
14 15 4
21 0 4
17 18 3
19 21 1
13 14 5
2 4 3
16 17 1
16 16 1
15 17 3
18 20 4
17 20 4
5 8 1
21 23 4
18 19 2
15 17 3
5 8 5
5 6 3
10 12 3
8 11 1
10 12 1
6 10 1
1 4 2
1 2 1
19 21 4
23 23 4
17 19 2
3 4 4
8 9 2
11 13 4
0 1 4
18 21 3
14 16 4
10 12 5
8 10 4
20 21 1
22 23 5
4 6 5
16 16 4
14 17 3
9 11 1
6 7 3
11 11 4
16 18 4
16 18 5
13 14 4
4 6 4
3 4 4
20 23 4
10 12 5
9 9 2
16 18 3
8 11 1
18 18 3
17 19 3
12 14 1
2 7 2
10 11 3
15 17 3
12 17 5
4 5 1
14 15 2
12 13 2
0 3 1
6 7 2
21 0 2
16 18 2
17 18 3
10 12 2
5 7 4
23 0 2
0 3 2
12 13 3
1 3 4
23 0 2
6 7 1
1 4 5
17 21 3
9 12 1
9 11 2
5 7 3
0 0 2
7 8 5
11 13 1
17 19 2
14 16 2
8 9 2
4 5 1
5 7 3
9 11 2
15 17 2
20 0 5
15 18 2
22 0 4
16 17 4
15 16 3
8 9 2
11 12 2
7 9 3
18 20 3
11 12 3
19 22 5
14 15 1
14 18 4
2 3 5
2 4 5
14 15 5
0 2 2
3 7 2
8 10 5
3 5 1
1 5 5
16 18 2
10 12 1
20 23 1
6 7 4
9 10 2
16 18 1
6 7 2
12 16 3
20 22 4
11 11 1
14 15 2
7 9 1
23 2 3
14 16 2
14 16 2
4 6 1
20 22 1
21 22 3
9 10 1
18 21 2
21 0 4
23 0 1
6 7 4
11 13 5
2 3 2
17 18 1
14 16 3
16 20 5
21 23 2
12 15 4
15 16 3
6 8 4
17 20 5
21 22 1
4 4 5
10 13 4
22 1 2
21 22 5
15 15 4
13 15 3
7 9 2
20 23 3
7 9 5
5 6 4
18 21 4
11 12 2
0 0 3
6 9 1
10 11 4
19 21 4
3 5 2
4 7 1
15 17 2
1 3 1
22 0 2
9 11 2
3 5 4
16 18 3
20 22 5
5 8 1
5 6 3
5 6 1
2 5 5
18 18 4
2 4 4
11 13 3
15 18 2
10 13 4
16 19 4
14 16 4
22 1 2
22 0 1
19 21 2
20 22 2
8 10 2
17 17 4
17 18 4
12 12 1
17 19 3
22 23 4
15 16 3
4 5 4
10 10 3
11 11 2
1 4 2
7 9 3
11 12 5
1 4 2
8 11 3
18 20 5
17 20 1
11 13 1
7 9 1
23 2 3
16 17 4
4 3 4
15 17 1
1 1 3
7 8 4
20 21 5
22 1 3
15 17 3
18 20 4
23 1 5
16 18 1
23 23 1
12 12 1
20 20 2
1 3 1
3 6 4
1 3 2
22 23 5
6 9 1
8 11 3
10 14 4
2 4 2
20 23 3
12 14 1
19 22 4
1 2 2
20 23 2
19 21 5
14 15 5
19 20 1
12 14 4
21 0 4
6 9 2
17 19 1
14 14 5
18 20 2
15 17 5
15 18 5
4 6 5
10 11 3
7 8 4
6 7 5
21 23 4
12 14 3
17 19 4
5 7 3
13 13 1
3 5 3
1 5 4
0 2 2
4 5 2
7 9 4
1 6 4
5 6 4
8 10 1
12 14 2
16 18 3
1 3 1
16 18 5
7 10 1
3 6 3
18 20 5
5 7 2
22 0 4
15 18 3
1 5 1
13 15 1
11 13 2
8 11 1
1 3 3
6 9 4
8 10 5
4 6 4
6 8 5
11 14 4
9 11 3
7 8 2
19 21 2
22 0 4
23 2 1
6 8 1
0 2 4
11 14 1
14 15 1
12 13 5
21 22 3
11 13 1
10 13 3
3 6 5
2 3 2
6 8 1
19 19 4
1 3 1
19 20 4
13 16 3
9 12 5
9 12 5
15 16 5
3 4 4
17 20 2
22 0 3
8 10 5
11 13 2
15 16 5
19 22 3
14 15 4
21 23 3
9 12 2
9 11 2
6 10 5
23 2 2
2 4 3
23 0 3
7 8 5
11 12 2
19 21 4
1 4 3
15 18 1
1 2 4
12 12 2
14 16 1
12 15 4
5 8 1
5 6 2
9 10 4
15 17 2
5 7 4
10 11 4
17 20 5
3 6 1
1 3 4
23 2 2
3 3 2
7 7 1
21 22 1
22 0 2
8 9 5
23 3 5
20 20 3
21 23 1
12 14 2
7 9 3
11 13 1
7 10 3
9 10 2
20 21 4
0 3 2
8 9 3
19 21 5
23 2 1
13 15 4
0 1 2
11 14 1
6 10 5
17 18 3
17 17 1
8 11 3
0 3 1
19 20 1
4 6 5
0 4 1
21 0 1
2 3 2
11 11 5
16 18 1
22 23 5
1 2 1
4 7 2
23 2 3
19 20 2
10 11 4
10 14 3
15 17 1
20 20 5
23 1 3
18 20 3
22 23 1
1 1 1
0 3 3
9 11 3
16 18 5
8 10 4
4 8 2
23 2 5
12 12 5
13 15 1
3 3 5
18 18 4
15 16 3
11 13 3
7 10 1
20 20 3
2 6 1
20 21 2
7 10 2
12 15 3
17 19 2
3 6 3
14 15 5
6 8 5
17 21 4
16 17 3
5 8 3
8 10 5
11 13 5
13 17 5
11 13 1
5 6 2
5 8 2
6 9 1
4 5 5
15 16 2
19 21 4
0 1 1
4 7 4
2 3 3
5 7 1
21 1 5
7 8 3
20 22 1
6 8 2
6 8 5
18 19 5
7 8 5
16 17 2
3 5 3
5 6 2
5 7 1
9 10 2
23 0 4
2 4 2
20 22 3
23 2 3
10 12 1
0 4 4
0 2 1
16 16 2
23 1 4
13 16 2
0 2 5
6 8 1
13 14 2
19 19 5
11 14 1
11 14 3
8 11 1
15 17 1
2 3 4
23 0 4
21 23 2
20 22 4
8 9 4
23 1 4
6 8 4
11 13 4
22 0 4
13 15 2
7 10 3
9 10 2
7 9 1
14 18 4
1 4 2
7 7 5
13 16 4
23 1 4
5 9 4
20 22 1
23 2 2
20 21 2
12 14 2
10 12 3
12 13 4
14 17 5
13 14 5
19 22 3
1 4 4
16 20 3
21 23 2
21 22 1
3 2 1
11 12 4
13 14 3
10 10 1
9 10 3
16 20 4
10 10 5
3 5 1
23 0 3
5 7 5
2 4 3
17 19 4
6 8 5
9 11 3
23 2 2
17 20 5
16 18 5
11 13 5
16 19 4
18 19 4
8 11 3
18 19 3
20 22 5
7 9 4
19 23 3
13 16 4
18 21 3
18 21 3
5 8 1
17 19 1
20 23 4
14 17 2
22 23 3
5 7 4
11 13 2
2 2 5
2 3 3
22 0 3
12 14 3
17 19 4
0 1 1
19 19 5
18 20 4
16 19 1
23 3 1
22 1 5
17 18 2
11 12 1
10 13 5
17 17 4
5 7 4
4 7 4
20 22 5
21 0 5
12 13 4
22 1 3
5 6 4
8 9 2
18 19 2
22 2 5
1 5 3
12 14 4
6 8 2
20 23 5
19 21 3
19 22 3
22 0 5
19 23 5
11 13 5
12 15 2
6 9 2
22 1 2
14 17 2
11 13 2
8 8 2
9 9 3
14 16 1
12 15 5
19 21 3
22 23 5
0 2 5
6 7 4
14 16 5
2 3 1
0 1 4
1 3 4
10 10 4
8 8 3
11 13 4
18 20 3
19 22 4
1 4 3
12 14 4
9 9 1
12 13 5
2 3 5
20 21 2
19 22 5
15 15 3
14 17 2
10 11 5
9 11 4
19 21 1
17 20 1
10 13 1
12 14 4
21 1 1
7 9 3
15 16 5
18 21 2
3 4 5
20 21 4
5 7 1
19 21 3
20 23 1
19 21 1
20 22 1
4 4 4
2 5 1
4 6 2
1 4 1
0 2 4
15 17 2
0 2 3
12 13 5
17 20 2
4 6 3
2 5 4
1 3 4
19 21 1
9 11 1
13 13 5
18 22 4
8 11 2
16 19 1
17 20 1
3 6 1
3 4 4
3 5 1
0 1 1
5 7 1
13 14 2
2 5 4
23 0 3
8 10 1
16 18 1
20 23 2
13 15 2
1 3 4
5 8 4
3 6 5
0 2 3
6 6 3
15 17 5
4 5 4
22 22 2
23 0 5
14 16 2
7 8 3
14 15 4
13 16 2
7 9 1
2 4 5
1 4 2
7 9 5
19 22 1
21 0 3
20 22 1
18 19 1
1 4 1
19 21 4
21 23 2
19 21 4
7 9 1
1 3 2
14 16 4
2 3 1
7 10 2
13 14 5
10 11 5
22 0 4
20 21 2
12 13 2
16 18 1
8 8 5
9 11 1
6 10 2
8 10 1
8 9 3
2 4 3
5 6 5
23 1 3
3 4 3
14 16 5
1 4 5
21 23 5
21 21 2
16 18 2
10 11 4
19 22 1
9 12 4
18 19 5
14 16 2
21 0 3
22 0 1
7 10 3
15 16 4
13 15 5
18 20 3
17 19 1
20 23 2
13 15 1
23 3 3
18 21 1
17 18 3
11 13 5
4 5 4
13 15 4
4 6 2
21 0 2
4 6 3
5 9 2
14 16 2
5 8 3
19 21 3
22 0 5
0 1 2
5 7 4
3 5 3
8 8 3
5 8 1
1 1 1
17 18 3
16 16 4
22 22 2
5 6 5
15 19 1
8 12 1
12 14 5
15 17 4
9 11 2
2 5 1
3 6 4
14 17 3
11 13 1
13 16 5
18 20 5
10 11 5
22 0 4
5 8 5
2 5 2
0 2 2
8 9 2
9 11 1
19 21 1
16 19 1
20 22 3
10 13 5
13 14 2
6 9 2
7 9 5
11 13 4
8 10 4
4 6 3
3 4 5
8 10 2
20 21 1
19 19 1
16 19 1
16 18 3
6 7 1
1 6 1
9 12 4
16 18 3
23 0 4
1 3 1
6 9 5
1 2 1
16 19 5
20 22 5
20 22 4
6 7 5
11 12 5
8 11 4
7 7 3
5 6 3
2 5 2
3 4 4
15 17 3
6 9 5
7 9 4
23 2 4
15 17 3
12 12 1
3 4 2
11 12 5
2 4 5
4 6 3
4 7 3
7 9 5
9 11 4
1 4 2
22 1 5
9 11 2
14 15 2
9 12 2
8 10 1
4 4 1
5 8 2
23 1 4
3 6 2
11 12 5
9 9 3
14 17 4
3 4 2
0 1 2
16 19 4
22 0 3
5 9 5
17 19 1
2 3 4
0 3 1
14 16 2
6 9 1
22 1 5
7 10 5
23 0 1
22 0 4
21 0 5
5 7 1
12 13 3
8 9 3
16 18 2
22 0 2
4 6 2
17 19 1
1 3 1
15 17 2
20 22 5
18 20 2
9 12 2
0 1 2
22 0 5
14 15 4
18 20 4
23 3 3
10 12 2
13 16 1
7 9 3
17 20 5
21 0 2
16 17 1
17 19 2
7 10 1
17 18 2
3 4 4
22 0 4
15 15 2
19 21 2
16 18 1
5 6 5
3 6 4
2 3 3
7 8 5
7 10 4
22 23 4
9 10 3
13 16 2
4 5 1
3 5 1
4 6 3
9 12 5
2 4 5
13 16 4
16 17 1
2 3 4
3 6 1
13 15 4
9 10 2
22 0 1
23 2 3
9 11 3
8 8 5
3 8 2
22 1 5
21 0 4
22 2 1
6 7 1
9 9 1
5 9 3
3 6 4
18 19 5
3 4 2
3 5 3
10 13 2
8 10 2
23 1 4
23 0 4
13 15 4
22 0 2
3 5 3
5 8 1
16 19 1
8 11 1
16 20 3
23 1 5
9 11 2
15 16 3
22 23 5
9 11 3
3 6 5
21 23 2
17 19 3
4 5 2
12 15 3
14 18 3
15 18 5
13 17 1
21 22 3
11 12 3
15 18 1
14 15 3
18 20 3
10 11 2
20 22 4
1 3 2
5 7 4
21 23 2
12 16 1
9 10 5
0 3 2
8 10 2
13 15 5
6 7 3
19 21 3
4 6 2
15 19 3
12 13 1
2 4 1
13 17 5
22 21 3
7 9 1
0 3 1
14 16 2
22 0 4
19 22 5
0 2 1
10 13 1
3 6 3
12 16 1
14 16 3
13 16 4
13 15 4
10 11 3
1 3 5
12 16 4
13 15 2
1 2 1
12 16 2
16 17 3
19 19 1
11 13 2
5 6 2
14 15 5
