1210 5
1 3 3 2 4 
3 5 3
14 15 5
19 20 5
3 3 5
10 11 3
10 11 3
20 22 3
8 11 5
17 20 2
10 11 5
3 4 4
9 12 4
20 22 4
22 0 3
8 10 4
18 21 1
2 5 4
21 22 2
10 12 2
6 8 3
6 7 2
20 0 1
7 7 2
19 20 3
17 19 2
15 17 1
0 0 2
14 16 1
3 5 5
0 2 4
20 21 5
20 23 4
11 13 2
1 2 1
8 11 4
8 10 2
2 4 1
18 22 1
0 1 3
17 19 2
9 12 1
9 11 1
20 22 3
1 3 4
5 8 5
15 15 5
8 10 2
18 20 1
6 9 2
22 1 3
14 16 1
15 19 1
19 21 5
1 4 2
2 4 1
8 9 4
20 23 3
10 12 2
8 9 1
3 7 4
9 12 5
22 1 3
3 6 4
9 12 4
0 0 3
16 17 1
2 3 5
16 16 4
10 12 5
5 7 4
22 0 4
8 9 3
15 17 3
8 11 4
5 8 5
8 9 4
20 23 1
3 6 3
0 -1 3
1 4 2
0 2 1
20 0 1
7 10 3
13 14 2
13 14 4
12 16 2
19 20 5
16 20 1
5 7 4
16 17 3
13 15 1
4 4 3
4 7 1
18 20 2
2 3 3
22 0 1
10 11 2
20 22 3
3 5 2
13 16 4
0 2 1
14 17 4
12 16 1
7 11 3
5 8 2
7 9 2
19 20 2
15 18 2
16 17 5
15 17 4
6 7 5
5 7 1
7 10 1
3 6 2
1 1 3
11 15 3
16 18 2
0 1 3
21 21 4
6 8 5
2 4 4
20 23 2
5 7 5
5 8 3
11 12 3
17 19 4
5 6 2
20 22 4
9 10 5
3 5 5
12 14 4
14 15 5
7 10 1
9 11 2
1 4 2
15 18 4
6 8 2
15 17 4
0 0 1
18 18 2
13 15 4
10 11 5
11 14 5
14 17 1
11 14 1
8 9 1
12 14 2
0 2 5
10 11 2
17 20 1
7 9 4
3 6 2
11 12 1
15 15 3
2 6 3
2 5 4
8 10 1
20 21 4
21 0 3
22 0 5
16 19 5
4 6 5
3 4 2
10 11 5
0 3 2
1 3 4
9 10 3
11 14 2
4 7 5
20 0 4
12 14 2
1 5 1
2 5 4
23 3 4
20 21 5
19 22 4
12 15 4
23 2 5
19 22 3
23 0 2
9 14 2
1 4 1
14 17 2
0 2 4
2 5 3
1 3 2
4 7 5
13 14 3
23 1 1
16 18 4
5 7 1
23 0 4
20 23 2
8 9 3
22 3 5
19 21 3
3 4 2
8 11 3
11 14 5
6 8 1
14 15 2
2 4 3
0 2 1
5 6 1
0 1 3
21 23 3
5 6 1
22 23 3
6 7 2
10 11 1
12 12 4
10 12 5
2 3 5
13 14 1
19 20 3
20 23 5
4 6 4
2 4 2
2 5 3
17 18 1
12 13 4
14 17 5
17 19 1
9 13 2
23 1 4
11 11 1
9 11 3
16 18 4
11 13 4
4 6 3
8 8 1
7 8 5
4 7 2
2 3 3
7 9 4
22 23 1
20 21 1
2 4 1
23 23 1
14 17 2
23 2 1
16 18 2
19 21 1
5 6 5
15 16 2
0 1 5
6 8 2
13 15 1
18 19 2
22 1 2
11 13 2
0 2 1
15 17 1
21 22 3
21 23 2
4 5 1
6 10 1
11 12 3
12 13 5
19 20 4
21 22 1
14 17 1
2 5 3
21 23 5
7 10 1
18 20 4
5 6 2
13 15 5
21 0 5
18 21 2
16 17 4
4 7 3
23 0 5
19 23 1
4 7 3
1 2 2
16 18 4
1 2 1
2 4 4
16 18 2
5 8 1
20 23 5
4 6 3
2 5 5
18 17 4
23 1 4
8 12 1
11 14 2
9 10 1
22 23 2
17 20 5
8 8 2
6 7 4
10 12 3
2 3 2
7 10 4
22 23 4
3 3 1
17 19 5
2 4 1
0 0 2
22 0 4
9 13 4
21 23 4
18 21 3
7 9 5
3 5 3
2 2 3
6 9 4
20 22 5
20 21 1
9 9 5
1 2 2
8 8 5
0 1 5
12 14 4
23 1 4
1 2 4
3 4 1
22 0 3
5 8 2
5 8 5
15 18 5
13 16 4
4 7 4
1 4 5
15 18 2
5 6 3
1 2 4
19 22 1
19 21 3
23 2 1
14 16 5
11 11 4
5 8 5
16 18 1
20 23 1
15 17 4
9 12 3
2 4 1
11 14 3
0 3 2
17 19 3
19 21 4
8 11 4
5 9 3
2 4 2
15 17 5
14 16 3
14 17 2
4 5 2
3 5 4
11 12 1
19 22 2
7 8 2
9 12 4
13 14 3
22 23 1
16 17 3
3 5 1
8 11 3
15 18 1
10 11 2
3 3 3
0 4 5
9 11 2
15 16 2
17 19 4
1 4 2
12 12 4
14 18 1
23 1 2
19 20 4
17 19 1
21 22 4
4 5 5
6 9 4
3 3 1
1 4 1
16 18 1
11 15 1
15 17 4
23 23 1
2 4 4
6 8 1
0 1 3
11 14 4
13 15 5
22 0 4
0 3 5
8 10 5
9 10 4
2 3 4
8 9 2
14 16 5
8 9 3
14 16 4
4 7 4
19 21 4
9 11 5
0 3 1
8 8 5
1 1 4
16 18 5
3 6 2
22 23 3
23 0 5
19 22 3
6 10 1
22 0 3
14 17 1
22 1 3
8 11 1
4 6 4
8 11 4
5 7 4
2 3 2
8 9 3
21 0 4
6 8 5
12 13 2
13 16 2
17 20 4
3 4 5
20 0 5
21 0 1
19 20 5
14 16 1
17 20 2
7 7 1
2 3 2
20 21 1
16 17 3
20 21 5
22 0 3
23 0 5
9 11 3
5 7 3
11 13 2
20 22 4
0 2 4
15 18 2
1 4 3
2 4 3
17 19 4
18 21 2
10 12 5
10 11 1
15 14 2
16 17 3
14 17 2
2 5 3
5 8 2
6 10 5
4 5 1
4 7 2
4 7 2
21 21 2
18 20 1
13 15 1
3 7 5
6 7 2
3 7 2
22 22 3
21 0 4
3 5 1
17 20 2
19 19 5
13 17 2
23 1 3
13 15 5
10 13 5
19 20 4
8 10 1
10 13 2
22 23 4
9 9 1
13 15 3
0 3 2
6 7 2
20 0 5
19 21 1
6 5 3
1 3 4
4 6 5
22 1 5
16 18 3
16 17 4
7 7 1
11 13 4
22 1 3
2 5 1
5 8 5
12 14 5
5 8 3
2 6 2
16 17 2
12 15 4
21 23 2
20 21 2
17 20 4
22 1 3
23 3 3
20 0 3
9 9 4
3 5 4
14 14 1
15 17 1
0 1 3
23 23 2
10 12 1
6 9 2
4 4 3
13 15 4
12 15 2
4 6 1
11 12 5
18 19 2
12 13 1
8 11 1
19 20 5
18 21 2
23 2 4
6 8 1
22 1 2
16 17 1
6 8 4
20 22 3
9 11 2
16 19 1
17 19 2
21 23 2
19 21 3
16 18 2
2 4 5
10 12 1
22 22 1
3 4 2
11 12 2
23 2 1
14 17 3
11 13 3
2 4 5
19 20 3
4 7 3
18 20 4
18 20 2
0 2 5
11 14 4
2 4 1
22 22 3
6 6 5
12 13 3
13 15 3
22 21 1
7 8 2
8 9 4
13 16 3
13 14 1
3 5 2
20 23 3
14 14 5
22 23 3
11 12 5
6 9 5
15 16 4
12 13 5
3 6 5
12 15 4
19 23 5
12 13 5
23 2 5
21 23 3
7 9 5
1 3 1
11 12 4
11 14 4
1 2 4
19 20 2
1 4 1
17 20 5
16 18 1
23 2 5
3 3 1
15 17 1
8 9 3
2 4 5
16 17 5
7 9 2
23 1 3
0 2 5
4 7 5
5 6 4
8 10 3
12 14 1
1 3 3
22 0 1
13 14 4
15 17 1
20 23 2
17 20 3
5 8 4
12 14 1
23 23 2
13 15 2
7 7 1
14 16 4
18 21 2
11 12 5
16 16 5
2 5 4
4 4 2
12 17 4
0 1 1
15 17 2
7 8 5
5 7 4
23 2 5
20 22 1
22 1 2
22 0 4
8 10 3
2 4 2
15 16 2
4 5 3
20 21 1
10 12 2
4 5 2
7 8 5
22 1 5
19 21 2
3 3 4
16 18 2
9 11 2
12 14 2
0 2 5
20 23 2
14 18 2
11 12 1
22 0 3
6 7 5
17 16 2
8 10 4
2 5 3
7 9 5
10 11 1
4 8 5
6 9 5
4 5 5
10 12 4
4 6 4
20 22 3
20 0 1
3 4 1
8 10 4
7 10 5
21 22 4
1 2 4
3 5 2
15 16 2
17 19 1
22 1 2
5 7 3
13 16 1
1 2 5
14 15 3
8 10 4
8 10 3
5 7 3
6 9 5
3 4 2
6 9 5
6 9 2
21 22 1
14 16 5
19 21 2
16 18 5
13 14 3
4 7 2
18 20 5
15 16 2
18 20 4
22 1 4
0 1 1
16 18 4
6 8 1
17 18 3
10 12 2
21 22 5
14 15 2
16 17 5
7 9 4
19 22 5
5 5 1
8 10 3
1 2 4
9 10 2
19 22 1
18 21 1
16 18 1
4 6 1
14 16 5
11 12 3
13 16 3
11 13 1
11 13 4
3 6 3
16 19 4
14 14 4
2 4 5
3 4 4
12 15 4
4 5 1
21 23 1
9 12 2
17 18 4
11 13 4
5 7 2
4 7 1
23 23 4
20 22 4
6 9 5
3 5 4
14 15 2
12 13 1
9 11 2
22 23 2
17 19 4
14 15 5
12 15 3
22 1 2
12 12 2
0 5 3
15 16 4
14 15 2
15 17 3
14 17 4
2 4 1
22 2 4
19 22 4
17 20 4
18 20 1
10 11 4
12 14 4
20 21 3
0 2 5
22 0 2
20 21 4
10 9 4
10 13 1
3 4 2
8 9 1
12 14 1
14 19 1
11 13 2
11 16 3
5 9 2
13 15 1
0 4 2
6 8 1
12 14 1
2 1 2
4 7 2
11 12 4
1 3 3
6 10 2
10 12 1
15 17 2
5 8 3
3 6 2
6 7 5
1 1 4
22 0 4
17 18 3
7 8 3
19 20 2
12 13 4
7 9 3
19 21 1
3 4 4
19 21 4
2 5 5
19 21 1
12 14 4
20 23 5
0 3 5
23 1 4
16 19 5
13 15 2
22 0 2
9 11 3
8 11 4
6 9 1
15 18 1
21 0 3
12 15 2
9 10 4
2 4 4
15 19 5
0 2 1
7 9 2
12 14 5
0 3 5
11 13 1
1 5 2
12 16 4
19 21 2
13 14 2
21 23 4
18 21 2
16 18 4
20 21 5
7 10 5
14 16 5
4 6 2
4 6 1
19 21 5
14 18 3
10 11 1
6 8 2
1 3 2
7 8 2
12 15 2
21 22 4
3 5 4
0 1 1
14 15 1
13 15 1
13 15 4
23 3 2
14 16 5
18 20 5
23 0 2
21 23 2
11 12 4
14 15 4
0 2 5
20 23 5
13 16 5
14 17 2
11 13 1
8 9 3
22 1 3
9 12 5
10 14 2
3 5 2
11 15 3
19 21 3
8 10 4
20 22 4
4 5 1
22 1 1
15 17 5
22 22 4
5 7 3
9 9 5
23 0 2
13 16 5
13 15 3
12 14 2
5 7 2
5 8 3
23 1 5
4 5 5
10 12 2
6 7 4
20 21 2
9 10 5
15 16 4
4 7 1
23 0 3
11 14 2
20 21 2
1 2 3
9 10 4
14 16 5
2 5 4
14 16 4
22 0 5
22 0 3
4 5 4
3 6 2
19 22 3
14 18 2
12 13 2
0 2 3
1 4 1
20 22 4
20 23 2
19 20 1
15 20 4
0 3 5
2 4 2
14 16 1
9 12 2
9 12 4
5 8 1
11 12 5
1 3 1
22 0 4
4 6 1
3 6 2
21 23 5
8 8 2
22 23 3
10 10 3
13 14 5
23 0 4
14 17 2
4 6 2
13 14 3
9 14 2
19 20 3
3 7 4
12 13 3
12 14 3
5 9 3
3 6 3
3 4 3
19 22 3
12 14 3
5 8 4
13 14 3
4 6 2
2 4 4
8 10 2
23 1 1
10 12 4
14 16 5
16 19 2
8 11 2
21 23 5
0 1 4
12 13 5
9 10 1
18 20 2
8 8 2
5 6 2
15 19 5
16 17 1
0 0 3
21 23 3
21 23 2
20 22 2
3 5 4
14 17 4
21 22 2
12 14 5
7 9 5
5 7 5
3 4 1
17 20 3
21 21 5
9 11 3
13 15 3
21 23 2
0 3 2
4 6 1
20 0 1
3 4 3
2 3 1
23 3 4
21 22 2
4 7 1
14 16 2
17 18 1
18 21 2
4 6 5
17 19 1
21 0 5
13 16 5
13 15 1
6 8 5
20 22 1
18 21 3
16 19 4
5 7 2
6 9 5
3 3 2
14 16 2
13 14 1
15 17 2
14 15 1
18 20 3
13 14 2
8 9 2
20 21 5
4 9 5
17 18 5
6 9 5
16 19 2
13 16 5
8 9 3
3 4 5
5 6 3
1 3 1
15 17 2
3 6 4
19 21 5
21 22 1
19 20 5
15 16 3
10 13 4
7 8 3
11 14 3
15 16 3
10 12 1
9 10 1
15 15 4
1 3 5
0 2 4
14 17 1
1 3 3
0 1 3
0 3 5
14 15 3
4 5 1
8 9 3
8 8 5
19 21 3
12 14 1
13 15 4
18 20 1
1 4 5
11 14 5
23 2 4
22 0 2
20 22 3
0 3 4
14 14 4
23 1 1
1 3 3
15 18 1
10 11 5
2 3 4
18 21 2
22 0 3
4 7 1
7 9 3
10 11 4
15 16 5
0 3 4
11 14 3
3 4 2
20 23 2
11 13 2
4 6 4
4 3 2
8 9 5
12 13 5
8 11 4
8 10 3
12 14 2
21 23 5
5 8 1
23 0 5
21 0 2
17 20 1
19 22 2
15 17 3
16 19 3
7 8 4
14 15 5
2 3 1
0 1 3
22 0 5
15 17 4
1 3 1
5 6 2
19 20 2
13 16 4
20 23 5
7 8 1
22 0 5
13 15 3
6 9 1
19 21 5
5 6 5
10 12 1
11 15 1
16 20 4
23 1 4
2 6 3
7 8 4
16 18 4
23 2 4
11 15 3
2 5 1
14 16 5
18 22 2
16 19 2
20 21 2
6 8 2
10 13 2
6 8 2
9 11 5
16 18 4
12 13 2
14 17 4
14 16 5
7 8 3
7 9 5
4 7 1
7 9 1
11 13 5
7 7 5
20 23 1
16 17 5
21 0 3
2 5 4
0 4 5
19 21 3
20 20 5
20 22 3
20 22 1
18 20 5
21 0 2
3 6 2
13 17 2
19 22 4
2 6 4
23 1 1
21 23 1
6 6 3
23 1 1
0 3 2
1 3 3
15 16 3
14 16 1
7 8 2
0 2 2
19 0 4
1 2 2
21 21 4
3 5 5
15 17 2
13 15 3
3 5 4
22 1 1
19 23 4
12 15 5
14 16 1
22 0 4
10 11 2
9 10 2
9 12 1
10 11 1
5 8 4
19 19 3
21 0 3
12 14 4
2 4 1
21 23 5
2 3 4
11 15 3
4 5 2
13 14 5
18 21 4
2 3 1
22 0 5
21 0 3
3 4 3
3 5 2
9 11 3
1 5 1
1 3 2
16 18 2
6 7 2
14 16 1
8 11 3
8 12 2
0 4 5
22 0 4
12 15 2
0 3 4
8 10 1
21 23 3
4 5 5
15 16 1
23 1 2
9 11 2
5 7 2
16 18 5
3 6 5
14 15 4
18 20 3
11 12 1
11 12 2
8 11 3
11 15 4
16 18 5
15 15 1
8 11 4
13 15 1
4 6 3
13 15 1
2 3 4
20 22 5
4 3 1
23 0 3
4 5 1
23 1 2
13 13 2
0 2 5
0 1 1
3 4 2
13 13 2
5 8 4
15 17 1
12 13 1
