1440 5
1 5 5 1 5 
7 8 5
8 11 4
7 10 1
1 2 4
8 11 5
11 13 5
22 1 1
5 7 1
11 14 4
5 7 2
3 4 1
2 3 3
7 11 5
2 4 5
15 16 2
19 20 4
13 14 4
20 22 1
22 23 4
9 11 2
14 16 3
14 16 4
5 7 4
18 19 3
4 8 1
21 0 2
13 17 1
17 18 1
23 1 4
10 13 1
6 11 5
12 13 4
17 20 5
13 16 3
12 14 3
8 10 5
1 5 3
3 4 4
15 18 3
23 1 5
12 14 4
17 18 1
6 8 1
5 9 1
4 6 4
0 1 4
8 12 4
14 17 4
22 0 2
20 20 1
22 22 1
6 8 5
21 1 5
4 5 3
0 2 5
20 23 4
22 0 1
19 21 5
4 5 2
5 7 2
2 3 4
3 4 5
1 3 4
19 22 4
23 1 4
12 15 5
2 5 1
14 16 5
16 17 2
15 17 4
19 21 3
18 19 1
18 20 2
21 0 5
22 23 2
17 19 5
19 19 1
7 9 5
19 21 5
16 18 2
21 23 5
9 11 3
10 10 1
0 0 1
23 2 5
16 19 4
9 11 5
19 22 5
2 3 3
9 11 1
3 6 3
9 11 2
1 1 3
22 1 3
17 19 2
19 21 2
2 4 5
8 10 4
10 13 1
2 3 5
19 22 3
22 1 4
1 2 4
3 4 5
9 11 1
17 19 4
23 1 1
12 15 2
15 18 4
7 11 4
2 5 5
6 9 1
15 16 1
11 14 3
16 18 4
12 12 3
21 0 4
2 4 5
23 2 5
6 8 5
19 22 3
6 8 4
23 0 2
5 8 2
17 18 2
3 6 4
21 23 1
3 6 1
16 19 4
23 1 1
3 5 2
11 13 4
4 7 3
1 3 1
8 10 5
12 15 5
9 11 5
2 3 1
6 7 5
20 22 4
11 13 1
14 15 1
14 15 1
3 5 4
10 11 4
16 17 2
2 4 4
5 8 2
3 4 5
20 21 1
17 18 4
2 5 3
9 11 2
14 18 1
19 21 5
3 3 5
23 2 1
21 0 1
7 10 4
12 15 1
5 7 2
15 16 5
12 13 5
18 19 2
11 12 5
11 13 2
9 12 5
15 18 1
11 12 3
20 22 5
9 10 3
12 14 5
0 1 1
23 3 3
19 22 5
17 21 5
12 15 4
6 9 4
10 11 1
14 16 1
21 22 3
0 2 2
9 12 3
15 18 1
15 16 4
3 6 5
15 17 3
14 17 5
1 4 2
13 16 3
20 20 2
17 20 3
0 2 3
22 0 3
4 6 4
4 6 4
8 9 4
6 8 5
19 23 5
18 21 2
14 16 1
0 3 2
5 6 1
3 6 2
5 8 2
11 13 1
17 19 4
15 17 3
12 14 2
18 20 1
10 12 5
4 7 3
20 21 5
10 13 1
12 15 1
5 7 1
21 22 2
17 19 2
4 6 3
18 21 5
14 16 2
4 6 1
18 21 2
1 4 1
15 17 1
15 18 3
16 19 4
15 16 2
1 3 1
10 14 2
18 21 3
9 10 4
10 12 5
14 15 2
17 18 1
1 1 2
18 21 3
10 12 2
9 13 1
3 5 5
14 16 5
7 8 2
5 7 1
14 14 1
2 3 1
23 0 1
17 18 3
19 21 1
22 23 5
14 16 5
5 7 5
6 8 4
10 13 5
14 16 2
18 21 2
17 18 1
0 1 1
16 19 3
12 12 3
8 9 3
11 12 3
21 22 4
12 15 4
7 9 3
12 17 3
19 18 2
3 3 4
22 23 4
5 6 1
19 20 1
6 9 2
10 11 5
17 21 3
21 22 1
4 8 3
6 8 3
5 6 4
13 15 3
10 13 4
4 5 3
17 18 4
21 22 5
18 20 3
19 23 5
4 7 4
8 8 3
7 7 2
13 13 3
2 3 3
18 20 5
1 4 4
6 10 1
18 19 2
7 9 5
19 21 2
10 13 2
18 20 1
9 11 4
18 22 5
1 5 3
4 6 4
12 14 3
22 2 1
10 13 1
11 13 2
12 14 1
4 6 5
23 1 5
8 10 3
12 13 4
4 6 5
14 14 5
20 21 4
5 6 5
3 7 4
11 13 2
15 16 4
14 16 1
4 4 5
10 14 4
1 4 3
4 6 2
7 9 5
7 8 5
22 0 3
4 6 5
12 16 1
14 17 3
21 22 2
1 2 5
21 23 3
10 12 5
10 12 5
17 18 4
15 16 1
7 8 4
13 14 5
12 14 1
8 10 2
20 23 1
19 20 2
16 18 2
14 14 1
21 23 2
6 8 4
14 16 4
17 18 1
13 14 2
19 22 1
10 10 1
2 5 2
18 20 5
16 18 1
18 21 3
19 0 5
18 20 2
21 23 1
12 14 1
21 22 2
20 20 4
8 11 2
19 22 5
5 8 2
23 0 2
14 16 4
17 19 1
7 10 5
9 13 3
3 4 1
8 9 4
18 20 4
4 6 3
1 3 4
0 2 5
16 19 2
2 4 4
15 18 1
1 3 5
12 13 2
14 16 5
4 6 1
20 23 3
23 2 3
11 13 2
8 11 1
3 6 1
7 9 5
22 1 4
18 19 5
18 19 1
16 17 2
8 9 1
23 1 5
22 0 3
16 19 4
15 17 1
13 15 1
22 0 3
12 13 2
17 19 1
6 7 2
16 19 5
18 21 4
14 14 3
13 13 1
10 14 1
11 12 2
3 3 4
17 17 1
13 14 5
7 10 4
7 10 4
5 7 4
15 18 1
5 8 4
15 16 4
11 15 3
0 2 3
11 13 4
16 18 4
19 22 1
19 22 5
7 8 3
4 4 5
4 7 5
18 19 5
6 11 2
23 1 5
22 2 5
5 8 5
2 4 4
10 12 3
14 17 5
2 4 5
16 18 1
22 23 2
16 18 2
3 4 1
4 7 1
18 21 1
1 4 3
21 22 2
20 22 5
21 23 1
19 21 5
7 9 2
11 16 2
22 1 2
9 11 5
1 0 3
13 17 3
18 19 2
8 10 3
4 7 4
6 9 5
14 17 4
7 9 2
17 19 3
6 8 3
13 13 1
22 23 1
9 13 5
16 17 5
12 14 4
6 6 2
14 17 2
20 22 2
4 6 1
23 0 4
5 8 2
14 15 1
7 8 2
3 5 3
0 2 5
21 23 1
12 13 2
2 4 4
14 17 5
3 6 5
2 3 1
13 15 1
14 15 3
19 20 5
3 4 3
10 12 1
1 4 1
4 7 3
8 10 5
10 13 1
8 10 1
21 23 5
15 16 3
3 6 3
11 12 1
10 13 1
4 5 2
17 20 4
16 18 3
4 6 4
7 8 1
14 17 1
11 14 3
19 20 2
11 13 5
0 2 5
22 0 4
4 4 2
10 11 5
22 0 1
20 22 2
0 0 5
19 20 3
21 1 1
6 7 3
20 22 3
12 15 4
19 22 5
22 1 2
2 5 1
18 21 1
1 3 5
7 10 1
21 0 5
7 7 1
19 22 5
9 12 2
3 5 1
2 2 2
1 4 2
9 9 2
11 13 4
22 0 3
1 3 1
15 16 5
9 10 4
10 12 1
5 7 2
22 0 5
7 8 4
14 15 5
3 6 2
4 6 3
7 9 3
5 6 5
2 5 1
4 7 3
16 17 3
10 12 4
7 10 4
20 22 4
9 11 5
5 9 1
9 9 2
6 8 2
18 19 3
16 19 5
8 9 1
15 15 5
4 5 1
0 1 1
9 11 3
7 8 3
4 6 5
6 7 4
13 16 3
9 11 3
20 22 4
9 11 4
2 2 4
11 13 1
5 5 3
21 22 3
10 15 5
22 0 5
10 13 2
0 3 2
16 17 3
7 8 2
3 3 5
9 10 2
4 7 1
10 13 4
2 4 1
17 19 4
5 9 3
23 23 3
12 14 3
13 14 4
5 6 5
0 4 2
7 9 3
18 18 2
22 0 5
7 8 2
11 14 3
16 17 3
7 10 5
15 16 5
22 23 4
4 6 2
12 15 1
17 18 5
23 3 1
11 14 5
5 8 5
15 17 2
19 21 2
12 13 2
8 12 1
16 18 4
23 0 3
5 9 2
16 18 4
3 5 1
21 23 5
1 3 4
22 21 4
2 4 5
10 12 2
16 18 3
9 11 5
0 2 2
17 19 4
0 4 3
19 22 5
13 15 3
1 4 3
8 9 5
2 3 4
5 7 1
20 23 5
13 15 2
0 1 5
13 15 5
0 3 2
5 7 4
10 11 5
2 3 2
9 12 3
0 0 4
23 1 1
19 21 1
17 19 2
21 22 4
23 1 3
7 9 2
22 2 3
12 14 3
10 11 3
14 16 1
12 15 3
14 17 2
21 21 5
2 6 5
13 13 3
4 6 5
13 15 4
5 8 5
15 16 4
21 0 4
12 14 4
11 12 1
5 5 1
12 12 5
23 1 4
23 1 3
21 22 1
8 11 3
17 18 3
14 17 5
6 8 5
12 13 1
2 5 1
23 1 3
9 10 5
19 22 5
10 12 3
10 12 3
2 3 3
16 17 3
15 17 4
23 4 2
15 15 3
21 23 2
4 4 2
2 4 4
21 23 3
10 11 3
23 1 5
15 16 2
4 6 2
6 7 5
8 9 2
15 17 1
6 9 4
22 0 4
12 16 4
3 6 2
19 22 4
15 17 4
12 14 2
0 3 3
18 20 2
8 10 2
11 13 2
20 21 3
18 19 5
5 8 3
23 1 2
4 6 3
9 12 5
21 22 1
18 20 4
22 1 1
22 1 2
4 5 1
18 22 1
0 3 3
23 23 1
11 12 4
3 5 5
17 19 1
21 23 4
2 4 5
13 15 3
22 0 5
3 5 5
0 3 1
1 2 4
14 15 4
6 8 1
16 18 5
11 14 3
20 21 1
10 14 1
22 0 1
12 13 1
13 14 2
4 5 2
9 11 1
15 16 4
6 8 3
15 16 5
7 8 3
7 8 2
23 0 2
1 4 4
17 20 5
10 10 2
0 0 2
13 16 3
23 0 5
12 15 4
3 5 1
17 20 3
1 1 2
14 16 3
5 7 2
22 23 5
1 4 1
22 23 2
9 11 2
17 20 5
17 19 1
7 8 3
16 17 5
18 20 4
7 11 3
8 11 4
9 11 2
23 0 1
1 5 5
16 18 3
20 22 2
12 14 3
20 22 3
3 5 4
17 18 1
2 5 5
4 5 4
6 8 5
18 20 5
14 16 3
17 19 3
8 10 3
1 2 3
22 0 5
14 16 4
11 13 4
21 1 2
2 4 3
11 12 4
0 3 3
13 14 2
1 1 4
13 15 5
7 8 2
8 9 1
1 2 2
7 10 2
16 17 2
18 21 5
19 19 5
12 14 5
11 14 2
10 13 1
16 17 1
9 12 1
9 10 1
7 8 2
13 15 1
7 8 4
5 6 5
12 13 1
23 1 2
11 11 3
7 8 5
13 16 3
12 13 1
5 8 3
12 15 4
1 3 4
4 6 4
22 2 2
19 23 3
7 9 2
8 12 4
18 21 2
0 0 1
8 12 2
14 16 1
2 4 3
15 16 2
15 17 4
22 1 1
10 13 1
15 18 4
5 7 1
18 19 2
3 5 3
9 11 3
22 1 1
4 6 1
0 3 2
8 10 1
12 15 1
3 4 2
21 23 2
13 15 4
15 17 2
4 8 1
2 4 3
23 1 1
1 4 5
4 6 1
8 10 4
4 7 3
11 12 3
12 14 3
2 5 1
3 4 3
19 21 2
8 9 1
22 0 4
19 22 5
9 11 1
17 19 3
15 16 1
9 12 1
13 17 2
16 17 4
4 7 1
10 12 4
8 10 2
18 20 3
11 13 3
19 20 5
0 2 4
15 18 2
22 0 3
4 7 1
12 14 2
17 18 5
12 14 4
5 6 4
16 19 1
3 3 3
18 20 3
12 13 2
12 13 5
23 1 5
21 22 3
20 22 5
21 22 1
18 21 1
13 14 2
11 11 2
18 19 5
8 11 1
13 14 2
16 18 1
11 13 3
9 12 4
7 10 4
22 1 3
13 14 3
18 21 5
19 20 4
4 7 1
7 10 3
23 1 3
22 22 2
1 4 3
10 13 1
19 22 2
15 17 3
16 19 4
23 2 2
1 1 1
8 9 2
2 4 5
13 13 5
10 12 4
13 15 4
16 19 1
13 15 1
21 23 5
6 8 4
10 11 5
4 6 3
8 10 5
23 0 5
13 15 1
4 4 1
14 17 1
5 8 2
2 5 5
16 17 2
6 8 4
12 14 3
19 22 3
8 10 2
7 9 5
3 4 1
10 14 3
13 14 1
20 23 4
7 9 1
17 20 3
1 2 4
19 20 3
10 11 1
13 15 4
4 3 5
20 21 4
2 2 3
14 16 3
21 23 2
14 17 4
0 2 2
7 7 5
17 18 3
6 10 3
18 20 1
12 15 2
2 6 1
3 5 2
19 21 2
15 16 2
7 10 2
2 6 2
8 10 4
14 17 4
2 6 2
1 3 1
5 6 3
16 17 2
7 9 1
4 7 3
8 7 2
17 18 2
15 16 1
17 17 4
21 1 2
6 7 2
0 2 4
13 14 3
2 3 1
15 17 1
10 14 5
10 11 4
17 19 2
20 22 2
3 4 5
22 0 2
5 7 4
17 20 2
8 10 3
13 15 1
14 16 4
16 17 4
17 19 2
8 11 4
21 23 3
5 7 4
22 23 5
12 14 3
10 11 5
21 23 5
19 21 2
8 10 5
20 21 2
11 13 5
20 21 3
10 11 2
11 13 3
11 12 4
0 2 4
23 0 1
14 17 4
16 18 4
8 11 1
23 1 2
7 8 3
13 16 1
22 0 5
10 12 5
5 8 4
9 12 3
17 19 4
9 11 3
23 1 1
19 21 4
0 1 2
11 12 1
15 18 5
19 22 4
13 15 3
18 22 3
11 14 3
1 3 1
16 22 3
17 18 5
1 4 2
10 11 1
10 13 1
7 10 1
12 14 3
14 16 4
1 3 1
20 22 3
19 22 3
4 8 5
4 6 2
7 11 3
4 6 1
22 0 2
16 19 1
17 19 3
14 17 3
7 9 1
5 7 2
8 9 3
11 13 5
5 7 3
9 10 2
17 19 2
16 17 5
17 18 4
0 3 2
16 18 3
14 16 2
21 22 2
3 6 1
18 21 4
17 18 4
15 16 2
11 13 3
0 1 3
7 9 5
7 9 5
12 14 4
12 15 3
21 23 1
6 9 3
22 0 2
9 10 5
2 5 5
3 5 1
16 18 5
3 3 4
7 10 2
21 23 5
12 16 3
17 19 1
18 20 3
16 18 5
23 2 5
9 12 3
11 14 4
22 1 3
1 3 2
21 23 3
10 11 4
17 20 4
13 15 2
8 10 2
3 5 5
3 5 4
23 3 1
1 2 1
15 17 4
1 5 5
4 4 5
20 22 2
1 1 2
0 1 4
2 5 4
13 14 2
23 1 5
0 1 2
4 6 3
7 8 4
16 18 1
20 21 5
7 9 2
6 6 3
10 13 5
21 22 2
7 9 1
2 2 4
9 12 2
0 1 3
0 2 5
9 12 2
18 20 4
8 10 5
2 3 3
17 20 5
11 13 1
19 21 3
14 17 3
11 14 4
15 17 3
16 18 1
14 17 1
1 2 3
2 4 1
15 17 5
17 19 1
6 7 1
14 16 5
20 22 4
13 15 1
23 0 3
8 10 5
18 21 5
13 15 2
10 13 5
19 22 5
6 8 4
3 4 1
9 13 5
10 13 4
22 0 5
12 14 3
11 13 3
1 3 5
13 18 4
11 13 4
11 13 2
12 12 5
3 3 5
5 5 3
6 7 2
0 1 2
21 21 1
2 5 4
20 21 5
15 17 2
15 17 2
19 21 3
16 17 5
13 14 1
16 18 2
16 20 5
19 23 5
7 7 4
1 2 1
9 11 4
0 2 2
6 7 5
11 13 1
0 2 2
19 21 5
10 11 1
5 7 2
19 20 4
20 21 2
0 2 1
21 23 4
13 14 5
17 19 5
3 4 3
10 11 3
17 18 3
0 2 4
13 16 5
4 3 1
19 21 4
16 17 4
14 16 5
7 8 3
10 12 1
17 18 1
19 21 1
15 16 1
6 8 4
19 22 5
4 5 1
22 1 5
23 1 3
9 12 4
9 12 2
15 18 2
14 16 3
10 12 1
16 20 2
22 1 4
22 23 1
9 12 4
23 1 1
19 21 4
4 6 4
20 23 5
21 0 4
7 9 2
7 9 3
20 22 3
23 0 1
23 23 3
5 8 1
3 5 4
14 15 5
16 19 2
20 22 2
12 15 5
23 23 5
18 22 2
3 4 3
22 0 1
23 23 2
14 15 4
8 12 2
0 3 5
11 13 2
19 19 5
11 11 5
2 5 2
19 21 5
18 20 1
6 7 1
13 14 3
7 10 3
7 8 5
20 22 4
9 11 5
20 23 5
10 11 2
13 14 3
7 10 5
9 11 3
11 12 4
0 1 3
12 12 4
23 23 3
3 5 3
1 3 1
23 2 3
4 6 5
17 19 3
7 11 4
1 2 5
23 1 5
6 8 1
15 19 5
20 22 4
23 2 4
20 21 3
15 15 3
4 5 3
13 15 5
8 11 4
2 4 2
14 15 2
0 2 4
13 14 3
7 9 4
17 20 1
8 10 2
7 8 2
19 21 1
13 15 1
16 20 5
10 11 5
14 15 3
20 22 3
3 4 2
20 22 1
6 8 3
0 2 2
14 17 3
19 20 2
2 5 2
3 5 5
6 9 2
1 3 2
5 7 3
3 7 3
17 19 3
3 4 1
1 5 4
5 7 5
8 10 5
16 17 1
6 8 3
14 17 4
16 17 4
19 21 1
7 11 1
13 15 3
10 12 1
15 19 2
8 9 1
7 9 3
18 20 2
15 18 5
3 4 2
16 17 5
15 16 4
1 3 5
22 0 5
15 17 2
15 17 3
15 16 4
10 13 4
14 17 5
8 10 2
11 12 2
7 9 2
4 6 5
4 5 1
2 6 5
15 19 1
13 15 2
15 17 4
19 21 4
22 1 5
12 14 4
19 20 5
12 15 1
15 17 2
0 3 3
13 14 2
15 17 3
12 13 2
0 3 1
3 6 3
23 0 2
10 12 2
11 13 4
13 15 5
22 23 1
1 3 3
15 17 2
9 11 2
2 3 2
7 8 2
3 5 1
23 1 3
23 0 5
4 7 1
21 22 1
8 11 3
16 18 1
14 15 1
4 3 3
17 21 4
10 12 1
22 0 1
8 11 5
1 5 4
22 0 4
19 23 5
13 17 1
8 10 3
17 19 2
9 11 3
19 20 4
12 14 5
22 0 1
18 19 1
2 5 4
4 7 4
11 14 4
10 12 4
23 2 5
11 11 3
13 15 5
22 0 5
3 5 3
17 20 4
4 7 1
10 11 2
16 15 2
14 14 4
7 10 3
8 10 1
9 11 3
22 23 1
21 22 5
14 17 3
12 14 4
0 2 5
14 15 5
18 20 5
15 18 5
6 8 1
0 3 3
18 19 5
0 1 2
6 9 2
4 7 3
17 21 1
21 23 4
6 8 1
13 15 4
18 20 5
19 22 3
3 5 1
