190 5
3 1 2 4 5 
21 23 4
1 3 5
7 9 1
11 12 4
1 3 3
12 13 5
14 16 5
17 19 4
8 11 3
21 0 3
13 14 3
0 2 4
3 5 5
11 14 4
6 8 2
9 12 5
16 17 1
0 1 3
9 11 3
11 11 5
18 22 5
23 3 2
17 18 4
13 16 3
6 8 1
7 8 4
0 2 3
1 4 3
1 4 2
14 18 1
20 23 3
14 16 4
6 7 5
6 8 5
11 13 2
5 8 5
8 12 1
16 17 1
15 17 3
8 10 3
12 13 4
11 12 5
14 16 4
10 12 2
3 6 3
12 15 1
20 22 3
17 19 5
22 1 4
10 14 3
16 18 2
5 8 2
19 21 2
22 1 5
13 17 2
7 10 1
4 6 2
21 22 4
18 18 1
20 23 5
3 6 5
7 8 3
14 15 1
19 23 1
21 23 2
0 2 1
14 16 1
6 8 4
11 12 1
11 13 1
11 12 4
1 2 2
21 23 1
8 7 5
20 21 3
10 10 1
19 22 4
7 8 4
21 22 1
13 16 3
0 1 1
2 4 2
15 17 1
1 2 1
1 3 3
2 5 1
21 22 2
23 2 2
6 7 2
10 11 4
6 10 1
18 20 1
2 5 5
10 12 4
20 23 3
22 1 1
1 4 5
20 22 2
15 16 4
14 14 2
2 3 3
14 14 4
22 0 1
3 4 1
3 7 3
1 4 5
21 22 3
15 18 3
5 7 4
0 3 2
13 15 1
14 16 1
1 3 5
8 10 3
15 17 4
2 4 2
20 21 2
18 23 4
7 9 3
21 23 4
2 4 2
11 12 2
12 15 4
2 2 3
19 20 3
15 18 3
19 22 3
11 12 5
21 23 5
1 3 2
18 19 1
15 15 3
5 8 2
17 17 1
23 0 5
17 19 5
2 4 1
23 2 2
9 11 2
17 18 4
23 0 3
3 5 5
12 15 5
22 0 3
17 19 4
7 8 3
3 5 5
10 13 2
16 18 4
1 1 2
19 22 2
21 0 3
15 17 4
9 11 2
19 21 2
9 9 1
8 12 4
10 13 5
8 10 4
4 6 1
4 5 1
17 19 1
12 14 3
7 7 2
17 19 3
8 10 3
16 19 2
20 21 3
2 3 1
14 16 5
2 3 3
18 18 5
17 17 3
20 20 3
7 10 2
17 19 1
15 17 5
23 2 3
4 5 4
7 8 1
9 10 5
5 8 1
2 4 4
18 20 1
9 10 2
5 7 1
3 3 4
18 20 3
8 10 3
4 5 2
