220 5
4 1 2 1 1 
10 13 1
15 17 1
1 1 4
9 11 1
2 1 1
3 4 1
7 8 2
9 11 5
7 11 2
1 4 2
6 7 2
15 18 3
19 22 4
4 5 4
5 8 2
23 0 4
23 0 5
3 4 2
9 12 2
16 18 4
21 23 3
2 4 2
7 8 3
5 6 5
3 5 3
23 2 2
19 23 4
2 5 4
6 8 2
12 16 3
11 14 3
13 18 1
5 7 1
5 7 5
17 18 3
1 4 1
11 13 2
9 12 1
12 14 5
10 12 3
12 14 4
3 5 3
4 5 3
22 1 2
15 15 2
22 0 4
2 5 3
3 5 1
16 19 4
16 17 4
16 18 4
12 15 4
3 6 3
19 23 1
20 23 5
19 22 3
19 21 5
10 12 5
13 16 5
4 3 2
1 2 3
9 11 1
1 2 1
10 12 5
20 23 5
16 19 3
16 18 3
22 23 2
4 6 2
0 1 1
10 12 1
15 19 4
20 23 4
4 6 3
9 12 1
17 18 2
5 6 4
4 5 1
10 13 3
15 16 4
17 20 1
11 13 5
14 18 3
22 23 3
3 6 2
3 6 1
8 12 4
15 16 5
0 2 2
1 4 4
4 5 1
6 9 3
17 19 2
10 10 3
13 13 4
22 2 2
18 20 2
18 22 2
0 3 2
12 14 3
12 15 1
18 20 4
19 20 5
8 10 2
14 17 4
16 19 5
6 7 3
8 9 3
11 12 1
19 21 4
9 12 1
5 6 5
5 7 4
1 2 3
13 16 5
20 21 5
9 10 2
12 15 3
10 12 5
4 8 5
10 12 2
0 1 4
23 2 2
9 10 1
15 17 4
6 7 4
11 13 5
19 21 3
9 11 2
0 2 3
5 8 3
6 9 4
7 9 5
20 0 2
17 17 5
19 22 1
23 2 3
1 3 5
23 2 2
23 1 2
23 1 4
21 0 1
2 5 5
6 8 5
9 9 2
18 21 3
2 4 5
22 0 4
4 6 1
7 9 1
16 17 5
22 0 2
7 10 3
22 2 1
17 21 2
14 17 1
17 18 2
18 20 4
17 21 5
22 1 5
16 19 1
3 5 5
1 3 2
12 14 3
1 4 1
0 0 3
5 7 2
6 10 2
8 11 5
13 15 1
23 2 1
16 18 4
22 0 2
15 19 3
4 8 1
23 1 2
11 11 3
15 17 4
3 6 2
18 19 2
2 5 2
12 16 3
9 11 1
17 18 4
14 18 2
5 8 4
19 21 5
14 15 2
17 20 4
3 3 1
13 15 2
3 5 4
16 18 1
12 13 3
16 19 1
9 12 1
10 13 1
0 3 1
19 22 4
11 13 3
1 3 1
13 14 2
10 12 5
11 13 2
23 1 3
3 6 1
5 8 5
3 6 5
10 13 4
8 9 1
2 3 4
20 22 1
6 7 2
23 3 1
21 22 3
17 20 2
3 5 2
19 20 2
6 7 2
3 5 1
