240 5
4 3 2 2 5 
23 2 1
11 14 1
8 10 3
18 20 3
9 10 3
13 15 4
0 4 1
2 5 2
17 19 5
19 17 3
16 19 5
22 0 1
8 10 4
5 8 3
10 11 1
14 16 1
22 1 4
11 13 2
13 17 1
22 0 3
2 4 1
11 13 2
2 4 5
13 14 3
8 10 4
16 18 1
2 4 3
15 17 5
15 17 5
14 15 2
10 14 5
23 1 1
22 1 2
14 16 1
4 5 5
1 3 2
7 8 4
6 8 5
14 15 5
16 18 3
2 4 5
15 18 2
7 8 2
17 19 4
21 0 2
0 1 5
17 19 1
23 0 5
16 18 2
2 2 2
17 20 4
3 6 4
20 23 4
18 20 3
10 13 3
5 7 1
10 12 4
20 22 5
16 19 1
11 12 2
4 6 4
2 3 5
6 6 1
1 5 1
3 6 2
12 12 4
16 18 4
4 8 3
9 13 3
19 20 5
19 22 1
19 21 4
14 16 5
6 8 3
8 11 2
13 16 1
11 14 2
10 13 5
23 2 1
8 9 3
23 1 5
11 15 4
2 4 2
9 12 1
18 21 2
8 10 4
1 3 2
3 4 4
6 9 3
19 20 4
23 2 3
8 11 1
17 20 3
20 22 5
7 6 3
21 23 2
18 21 3
6 8 5
23 1 2
1 3 4
3 5 5
9 11 5
9 11 2
7 9 3
1 2 1
17 19 3
14 14 2
11 14 4
22 0 1
23 2 2
12 14 5
23 2 1
20 0 1
8 10 1
12 13 5
2 3 2
0 1 2
5 8 2
19 20 1
6 7 1
11 12 3
22 23 3
19 19 2
19 22 3
3 6 3
12 15 3
19 21 5
13 16 5
9 10 1
2 4 5
12 14 5
1 3 2
18 21 3
0 4 3
14 17 5
0 2 2
4 5 1
4 6 1
15 18 4
9 9 3
4 6 5
21 23 3
23 0 3
11 13 2
0 2 5
1 4 4
13 14 1
23 1 5
3 7 1
10 11 2
17 18 2
4 7 1
7 9 5
4 7 1
11 13 4
9 10 2
10 12 5
11 12 4
15 18 4
7 7 5
12 14 3
8 10 3
18 19 4
5 8 5
9 13 4
1 4 5
15 17 5
8 10 3
7 9 4
15 15 1
6 9 5
19 21 3
18 20 5
3 5 2
0 2 5
20 22 2
7 7 1
13 15 4
10 13 2
21 23 5
5 6 2
0 2 3
21 0 3
14 17 4
17 16 5
10 13 4
18 22 3
5 8 5
11 14 1
11 13 4
8 10 4
21 22 1
4 5 2
23 0 5
1 6 1
23 1 2
20 21 4
11 14 5
10 12 3
10 13 3
1 2 4
7 8 2
8 11 2
10 11 1
14 15 3
1 3 2
3 4 3
18 18 1
17 19 4
1 4 5
11 14 1
17 18 2
21 23 3
17 19 4
4 6 1
21 20 3
2 3 1
0 2 3
4 5 4
0 1 4
0 2 4
16 18 4
11 12 2
6 8 5
14 15 3
20 23 1
2 4 1
8 10 5
9 12 1
1 1 2
7 9 5
13 18 4
0 3 3
5 7 2
19 21 1
18 21 1
3 5 3
9 12 4
12 13 2
9 12 4
