270 5
5 3 5 2 2 
11 14 3
21 22 1
22 21 4
5 5 1
3 5 3
3 5 1
23 1 2
17 18 2
4 8 1
18 21 1
16 18 3
20 22 5
19 21 4
0 1 1
0 1 1
22 23 5
19 22 5
11 13 4
15 17 4
14 16 4
7 9 3
22 1 4
13 14 4
9 12 5
17 17 4
22 0 3
7 8 2
22 3 2
22 1 4
19 20 2
4 6 3
18 20 3
4 6 5
12 15 3
7 12 1
5 8 5
2 4 5
9 9 3
10 11 2
14 15 5
23 0 5
20 22 2
4 7 5
14 17 4
15 17 5
15 19 3
22 23 5
22 23 2
10 12 5
4 5 5
1 3 3
13 15 3
12 14 1
7 8 2
20 22 1
20 22 5
22 2 2
16 17 5
18 21 4
23 2 1
3 6 2
12 14 1
2 3 3
9 11 1
2 4 3
15 18 1
13 13 2
1 3 4
11 14 2
11 14 1
19 21 2
18 18 3
10 13 2
15 18 5
3 5 1
19 22 1
7 9 4
20 23 5
17 17 3
18 21 4
19 20 5
23 0 3
8 11 4
13 15 2
7 8 5
10 12 3
2 3 3
4 5 1
1 1 3
2 4 3
6 9 4
0 2 4
3 5 2
22 1 3
10 13 2
19 22 4
5 8 1
19 21 4
17 18 4
19 22 5
2 2 4
4 7 5
19 22 2
16 17 1
13 16 2
11 12 1
2 4 4
12 15 4
21 23 1
0 2 4
18 21 2
7 9 3
20 23 5
18 21 5
10 11 2
16 20 2
7 11 1
22 1 1
21 23 3
13 16 3
20 22 5
5 7 1
6 9 1
22 0 2
15 18 4
15 16 2
11 12 4
14 15 2
7 9 2
14 16 5
14 15 5
7 11 4
6 7 4
19 21 1
16 19 3
18 19 5
8 12 5
22 23 1
22 0 1
17 19 4
12 14 4
10 12 4
3 4 1
22 23 4
4 5 3
20 23 3
14 16 5
17 20 3
16 19 1
6 9 2
8 9 1
9 12 1
1 5 2
17 18 3
17 19 2
13 19 2
0 0 1
12 14 5
13 14 5
7 9 3
10 13 2
4 6 1
16 18 5
11 14 4
4 6 2
23 2 5
7 9 3
22 0 3
23 1 3
1 1 3
16 18 5
13 16 1
0 0 4
21 21 2
4 6 4
15 17 1
16 17 3
20 23 4
20 21 2
5 6 2
0 3 2
21 0 2
16 18 2
19 19 5
0 1 2
7 8 5
2 5 5
12 14 5
15 16 4
20 21 3
0 1 1
20 20 2
0 0 3
6 8 3
0 2 2
5 6 1
17 19 3
14 16 3
7 9 3
12 14 4
23 0 1
7 9 5
1 4 5
23 2 1
0 1 4
0 2 3
21 21 3
11 13 3
1 2 1
15 17 5
18 19 2
17 19 2
12 14 4
22 23 2
14 16 1
12 14 4
13 15 4
21 23 1
8 9 4
23 1 5
15 16 3
3 3 1
11 11 3
14 17 2
1 4 5
23 1 2
22 1 3
20 22 3
18 21 2
17 19 2
7 9 4
12 16 1
20 23 2
5 8 3
0 1 4
8 9 3
12 15 4
23 1 3
2 5 2
20 23 5
9 11 4
14 17 2
7 9 3
22 1 3
8 9 3
17 17 5
3 5 5
15 17 1
1 2 1
18 19 4
19 19 2
20 0 5
7 8 1
2 4 1
9 10 5
17 21 2
14 15 3
13 14 5
23 0 4
21 21 4
17 20 4
22 0 4
14 16 2
19 21 4
16 19 3
14 17 4
12 14 4
8 10 3
23 0 2
4 6 5
