320 5
5 5 3 5 3 
13 15 4
8 9 2
2 3 1
16 19 5
0 2 4
18 21 3
8 9 3
14 17 5
18 20 2
3 7 1
19 23 2
22 23 3
10 11 5
22 0 3
20 23 5
7 9 3
19 21 3
9 11 2
13 15 2
11 12 5
19 21 4
18 18 5
16 18 2
8 10 1
0 2 1
0 2 1
23 23 2
14 16 1
19 22 5
15 16 2
1 3 2
6 7 4
18 19 4
7 10 5
22 0 2
16 20 2
23 1 1
12 15 4
16 19 5
7 9 1
14 15 4
6 8 2
11 13 4
23 0 3
20 21 3
19 22 2
8 9 1
7 10 1
22 22 3
8 8 4
19 21 1
16 19 3
22 23 5
7 8 1
1 5 2
6 7 5
19 21 5
22 0 4
1 2 5
4 6 3
19 20 5
7 9 1
0 3 2
14 16 2
23 1 4
16 19 2
1 3 1
17 19 1
14 16 3
8 11 5
10 13 4
4 5 3
0 0 5
17 18 3
2 5 1
18 21 1
6 10 4
22 1 3
0 2 5
21 23 3
13 14 5
9 12 4
15 17 2
21 23 4
13 14 2
18 19 3
23 1 5
8 10 5
4 5 1
3 3 1
12 15 1
19 21 2
5 6 5
16 18 5
23 2 4
18 19 2
23 22 2
13 16 4
3 6 5
23 23 1
11 12 5
13 17 5
13 16 3
8 11 5
13 15 2
18 19 1
20 21 4
19 21 3
22 0 3
9 12 4
4 7 5
16 15 4
23 0 3
16 19 3
11 12 3
17 18 5
3 6 3
10 12 4
22 0 1
0 2 2
12 14 4
11 13 1
13 13 2
1 2 2
4 6 3
14 17 2
10 11 5
8 9 2
10 13 4
22 0 2
8 8 1
2 5 1
20 22 2
22 1 4
12 15 4
23 23 4
20 22 3
0 1 4
23 0 1
13 15 5
0 3 5
3 6 2
4 7 3
20 22 5
14 17 1
11 12 5
2 3 4
23 2 3
4 5 5
12 13 2
14 16 3
4 5 2
10 12 3
17 19 3
6 8 5
8 10 3
3 5 1
9 11 4
11 14 5
6 8 4
7 7 2
3 6 5
9 12 5
17 18 4
2 5 1
3 5 1
21 23 2
21 22 4
6 8 4
16 17 3
19 19 4
11 14 3
3 5 4
6 8 1
8 10 3
5 8 1
5 9 4
20 21 4
9 10 4
7 8 4
4 6 2
16 18 1
22 0 3
4 6 1
14 16 1
3 4 3
8 9 3
22 2 5
19 20 2
1 3 1
15 18 5
20 23 3
10 12 4
7 7 5
2 4 1
22 0 5
18 20 1
5 9 3
19 22 1
18 20 3
18 21 1
21 23 3
16 20 2
22 1 1
19 21 1
0 4 3
19 22 2
18 21 3
17 20 4
12 14 4
2 6 2
18 19 2
18 21 5
23 1 5
10 15 5
10 13 4
8 10 3
20 22 1
3 5 1
5 8 1
18 20 4
6 8 5
19 20 4
21 0 2
5 8 5
11 15 5
19 20 2
0 1 1
18 20 3
5 8 5
1 4 4
6 8 2
11 11 5
0 0 1
0 3 2
13 16 2
5 6 1
5 7 4
0 3 4
2 4 3
10 11 4
7 8 3
12 13 5
2 4 2
6 9 2
3 6 4
16 19 2
4 5 1
19 20 3
14 17 3
13 15 1
12 13 3
16 17 1
3 5 2
23 1 4
12 12 1
5 10 2
9 11 5
13 15 2
11 13 4
2 4 5
0 3 1
14 18 1
10 12 5
0 2 4
18 20 3
21 0 5
4 6 5
5 8 2
17 20 5
23 0 5
13 14 5
3 5 4
22 23 1
9 11 5
6 8 1
6 9 5
0 1 4
8 9 5
12 14 1
8 8 5
19 20 5
23 3 1
1 1 1
9 11 5
15 16 2
13 15 2
3 5 1
0 2 3
1 4 5
14 15 2
19 21 4
1 3 3
1 4 2
21 0 3
2 5 2
19 23 4
8 9 3
11 12 2
8 11 5
8 9 3
5 5 2
5 9 4
13 16 1
19 20 3
2 5 1
23 2 2
21 21 3
4 8 4
0 0 3
19 19 3
7 10 1
18 20 1
6 6 4
23 3 3
9 11 5
12 15 3
22 0 3
0 3 2
13 14 5
