360 5
2 4 1 2 3 
1 4 5
20 21 2
15 19 2
5 8 3
4 7 2
20 20 5
19 21 3
7 8 3
4 5 5
2 2 3
4 7 2
4 6 3
16 18 1
19 21 4
2 6 4
5 7 2
14 16 3
20 22 5
3 4 2
4 6 4
18 20 5
9 12 5
22 0 2
2 4 3
18 16 1
20 23 5
22 1 1
7 9 4
16 20 1
3 6 2
21 23 2
13 14 1
19 21 2
16 17 4
5 6 2
8 9 3
0 0 4
13 13 4
23 1 1
11 15 5
5 7 3
14 16 3
17 20 3
4 6 5
17 20 4
13 15 4
9 10 5
10 10 2
6 7 1
15 18 1
7 8 3
4 5 4
3 5 4
4 6 3
14 15 5
21 1 5
6 5 2
10 12 5
2 4 3
17 21 4
2 4 5
3 4 4
10 13 3
1 4 5
7 8 2
2 4 5
19 19 1
5 7 3
0 2 4
15 19 1
12 14 4
8 9 5
12 15 2
14 16 3
6 8 1
17 16 3
6 8 3
0 3 2
0 2 4
9 11 3
14 16 3
19 21 3
10 11 5
6 7 2
12 15 5
20 22 5
23 1 2
12 15 3
22 1 2
3 5 5
8 10 4
19 23 4
22 23 4
16 17 4
22 23 5
4 7 5
3 3 5
12 13 5
5 8 3
19 20 2
12 15 2
12 13 3
10 12 2
16 17 5
11 12 1
22 22 1
15 17 1
18 19 5
17 19 4
13 17 1
4 6 4
3 7 3
11 13 5
15 17 4
21 22 1
19 22 1
14 15 1
20 21 4
18 20 5
16 18 2
2 5 1
10 12 4
22 1 2
17 19 5
17 20 5
9 11 3
18 22 5
17 19 5
15 17 4
22 1 3
5 6 3
23 1 1
2 4 4
8 11 1
17 22 3
9 12 1
8 8 3
11 12 1
20 23 4
13 14 5
13 16 1
19 23 2
19 21 4
23 0 2
17 19 3
13 16 5
0 2 5
6 9 3
23 2 1
21 1 2
13 16 2
22 0 4
11 15 3
11 13 3
16 17 2
14 16 3
3 6 5
6 6 1
16 19 5
23 2 4
16 20 3
12 15 5
20 22 4
4 6 5
10 12 1
13 16 1
17 17 1
4 5 4
3 6 3
19 22 4
23 1 5
7 11 2
6 8 3
22 0 3
6 8 5
11 13 2
3 6 2
4 6 2
7 7 5
5 7 2
18 18 5
5 7 4
9 13 1
8 9 5
0 0 2
6 8 5
10 11 5
22 1 3
17 20 2
12 15 2
2 5 3
11 13 5
18 22 4
4 4 4
5 6 3
15 17 4
23 1 1
1 3 3
0 3 4
16 17 5
11 13 1
6 7 3
7 9 1
18 21 5
6 6 2
22 2 2
0 3 4
12 14 2
19 19 4
18 19 2
16 19 4
11 13 2
16 16 3
7 7 5
11 13 2
2 2 3
0 3 1
13 15 2
18 20 2
10 13 1
12 15 5
12 12 1
8 10 3
18 20 4
21 23 5
23 23 2
13 14 5
20 22 3
19 21 5
17 19 2
3 3 2
14 15 5
8 10 3
8 9 4
21 22 3
13 16 3
12 15 2
16 19 5
12 14 5
8 9 2
7 9 5
5 6 2
16 18 1
16 19 5
19 20 5
2 2 3
19 20 1
10 13 2
4 5 4
8 9 1
12 15 1
8 12 4
11 14 4
0 2 2
20 23 3
12 13 4
19 20 4
7 9 2
18 19 2
8 10 1
16 19 4
11 13 5
3 6 2
7 9 1
8 9 3
7 9 5
23 2 3
16 19 2
19 22 4
0 2 3
16 16 2
9 10 2
9 11 4
1 3 4
5 6 4
16 19 3
1 2 5
18 21 3
11 12 3
22 23 2
15 19 2
16 17 3
19 21 2
21 0 2
11 13 3
16 18 1
20 20 3
20 21 2
16 19 4
13 15 2
0 1 4
11 12 5
17 18 4
7 8 3
13 13 5
16 16 2
11 12 1
14 17 2
10 11 4
23 1 3
21 0 3
2 4 5
19 20 5
5 6 4
7 9 2
19 21 2
12 14 1
19 22 5
18 20 4
1 3 3
2 5 1
22 0 4
13 16 5
4 5 3
7 7 4
11 13 5
7 8 5
1 3 5
19 20 1
1 4 3
13 14 1
5 7 5
9 10 5
3 3 3
21 22 2
6 8 1
17 17 4
3 6 4
3 5 1
22 23 5
12 14 3
16 19 3
13 17 1
22 23 4
0 2 5
13 14 3
0 2 1
18 22 1
17 19 1
22 0 1
16 18 2
16 21 4
7 9 2
4 7 2
10 14 5
0 2 5
20 22 4
12 15 5
8 9 2
19 21 1
17 20 4
0 2 3
6 7 3
11 14 2
22 0 3
9 11 3
0 3 4
16 20 1
23 1 4
13 15 3
