390 5
3 1 4 5 5 
14 16 5
9 11 1
5 6 1
8 10 5
22 0 2
16 20 1
7 9 4
7 10 2
6 7 3
17 19 2
14 18 2
14 16 4
8 10 2
13 16 3
18 20 2
14 16 1
19 20 1
17 18 3
7 9 1
21 21 1
7 8 4
15 17 5
22 23 2
13 17 1
23 1 5
2 5 3
1 3 3
11 12 5
1 2 1
8 10 4
9 11 5
23 2 4
12 15 3
20 22 3
20 0 3
8 11 2
1 2 4
23 2 2
4 5 5
15 17 2
14 17 4
14 15 4
5 7 1
8 11 1
9 12 1
5 7 5
4 7 2
6 8 3
3 6 5
7 9 1
11 13 1
12 14 1
5 7 3
23 1 4
9 13 4
23 1 5
12 15 2
15 16 4
14 15 2
8 11 1
19 22 4
1 4 1
4 9 4
16 17 4
12 14 3
5 8 2
21 0 2
8 11 4
14 16 4
1 4 2
16 18 5
3 6 5
9 10 2
16 16 4
12 15 3
0 2 2
8 9 4
10 11 5
22 23 4
1 2 3
19 21 2
23 1 5
12 15 4
16 18 2
14 16 2
4 7 5
20 21 3
12 14 1
9 11 3
9 10 3
22 0 3
11 15 2
17 20 1
7 10 5
3 4 4
0 2 2
8 11 2
14 15 1
15 16 1
12 12 2
3 6 4
21 23 2
14 15 5
16 18 4
13 14 2
5 6 1
15 17 2
19 22 3
6 10 5
6 10 1
12 15 2
20 0 5
4 7 2
20 23 3
12 13 3
18 21 3
22 0 2
19 21 5
9 10 2
13 15 2
14 16 4
13 16 3
15 17 2
21 0 3
6 8 3
1 6 3
18 21 1
17 17 3
0 2 3
20 22 1
14 17 2
13 13 1
22 0 1
18 19 2
19 20 1
11 13 3
22 23 2
18 20 4
21 1 4
17 19 3
13 13 2
14 15 3
11 14 1
1 2 1
7 9 4
0 1 4
7 9 3
19 21 3
8 9 1
21 22 4
10 11 2
5 7 3
10 14 4
7 9 3
2 5 1
18 20 1
12 15 2
12 16 5
11 14 3
10 11 2
4 8 2
18 22 2
20 22 4
8 10 3
4 5 1
12 13 4
16 16 5
5 7 5
23 0 3
2 5 3
0 1 1
18 20 3
1 4 1
13 16 5
16 18 5
17 20 1
19 22 2
20 23 1
5 8 3
10 11 1
5 7 5
0 1 3
13 16 2
7 9 4
22 2 3
19 20 4
3 5 3
18 19 4
16 17 4
18 21 3
1 3 4
10 11 1
23 1 5
5 8 5
8 10 5
7 10 1
4 7 4
4 6 2
0 2 2
20 0 4
15 17 2
2 5 4
18 21 5
11 12 5
14 15 4
21 0 3
19 23 1
10 11 5
20 21 3
20 23 2
12 12 2
19 20 4
10 12 2
6 8 3
12 15 3
16 18 4
23 1 3
10 12 2
1 3 5
10 14 3
11 13 3
5 6 2
2 2 1
16 18 4
17 19 2
1 3 5
6 7 5
19 21 3
18 19 5
16 19 2
16 17 3
1 3 2
5 8 4
10 14 4
12 14 4
5 7 2
1 3 5
19 23 5
17 19 3
17 18 3
9 9 3
18 21 3
5 6 4
16 17 4
8 9 3
22 0 3
15 17 4
19 22 5
21 22 5
6 10 1
11 12 5
0 3 1
6 8 2
22 23 1
10 12 3
13 15 3
1 2 2
14 15 3
15 17 4
2 4 1
6 9 2
16 19 3
0 3 5
21 23 3
9 11 1
9 11 4
19 21 1
23 2 4
17 18 1
9 10 2
20 22 1
17 19 4
7 8 4
8 10 2
11 13 2
2 4 1
10 13 4
21 21 3
11 14 4
9 12 1
2 3 5
2 6 2
8 8 3
21 22 1
1 2 4
20 21 5
9 12 5
14 15 3
7 9 5
21 23 1
20 23 4
1 2 2
8 11 1
23 0 1
7 11 4
19 21 2
16 19 5
20 21 2
11 15 1
11 13 4
10 12 5
1 4 3
11 13 5
3 6 3
2 4 4
22 0 3
21 23 1
11 11 4
5 7 5
4 7 3
15 18 2
4 7 4
18 20 3
0 3 4
18 22 4
12 15 3
0 2 1
11 13 5
7 8 3
5 7 4
8 11 4
22 0 2
8 10 4
11 12 5
6 7 3
0 1 1
8 11 3
2 5 4
2 3 1
22 0 2
9 10 1
2 2 4
23 2 4
23 2 3
6 9 2
7 10 3
4 7 3
7 7 4
9 11 1
21 22 2
1 3 1
1 3 4
21 2 1
3 6 5
1 3 4
18 19 2
10 10 4
8 10 4
21 22 5
15 17 3
18 21 1
23 4 5
17 20 2
13 16 3
18 20 1
18 20 3
3 5 5
7 8 2
0 1 4
18 19 3
17 17 2
15 17 2
12 13 3
22 1 3
6 8 1
1 3 1
20 21 1
5 7 4
14 18 2
14 16 4
5 7 5
3 5 4
5 6 1
20 22 1
13 14 5
3 5 3
18 20 1
23 0 2
16 19 2
14 17 1
10 13 4
4 6 3
23 0 2
22 23 1
13 18 5
18 19 3
17 19 3
1 2 3
23 0 4
19 23 3
