400 5
3 4 1 5 4 
14 16 4
11 15 4
20 22 2
10 12 5
15 18 1
7 9 3
4 7 1
12 14 2
19 22 2
9 11 2
13 16 2
10 13 4
18 19 2
6 8 4
3 5 2
9 11 2
16 17 3
8 9 1
20 20 1
11 13 3
1 3 4
23 1 1
7 9 4
16 20 4
7 10 4
21 23 2
15 15 2
18 20 5
16 17 4
11 11 1
4 7 2
18 20 1
1 3 2
1 3 4
2 3 2
4 6 4
23 1 1
5 6 1
11 12 2
14 15 5
12 13 3
2 3 5
7 8 1
2 4 5
16 18 2
2 4 5
7 11 3
3 5 1
10 12 3
9 12 1
10 11 3
13 14 5
16 17 1
6 9 1
2 2 1
11 14 2
4 6 2
15 15 2
9 10 5
17 20 2
6 8 1
8 9 3
22 0 3
20 1 3
23 1 2
23 1 3
15 18 5
13 16 2
22 0 1
23 1 4
6 8 2
18 20 4
13 15 3
11 13 3
9 10 5
15 17 2
7 9 2
4 5 1
14 15 5
6 7 5
21 0 4
18 20 2
0 0 4
14 17 5
16 18 2
1 3 4
16 17 3
2 4 4
5 7 4
20 22 5
4 6 5
19 21 2
9 11 2
19 19 5
3 5 5
7 9 2
17 21 4
10 12 1
18 20 1
7 8 3
3 5 4
2 5 3
4 7 3
13 15 2
3 4 2
22 23 2
17 20 1
14 15 5
1 4 4
12 15 1
4 8 3
10 12 3
8 9 4
1 5 4
9 10 4
14 16 1
3 6 3
2 3 4
13 15 4
13 14 3
18 21 3
9 12 5
18 21 5
15 16 4
16 18 2
17 18 2
11 12 2
8 9 2
17 21 3
6 7 4
22 0 5
10 12 5
2 4 5
4 6 2
14 16 1
11 13 5
1 1 5
12 15 5
5 7 3
3 4 3
13 15 4
17 18 5
16 18 3
15 16 4
1 3 4
22 1 5
23 1 5
19 19 5
12 14 4
12 13 2
11 13 5
4 5 5
10 11 4
23 1 2
19 20 3
11 12 3
13 15 4
1 3 3
21 23 5
16 19 3
13 14 2
3 5 3
14 18 4
9 12 5
18 20 3
23 2 4
19 22 1
19 21 4
20 23 1
15 17 5
11 12 1
20 23 4
9 10 4
19 20 5
13 16 5
4 5 5
10 12 1
23 1 1
4 6 4
21 23 3
6 9 1
7 11 3
13 13 3
7 10 2
20 22 1
6 9 3
6 9 3
3 5 1
11 13 4
11 13 2
12 14 5
0 1 4
11 11 5
13 15 2
9 13 3
13 15 3
16 20 1
18 21 4
23 0 5
9 11 1
17 19 3
18 20 4
19 21 2
15 17 5
5 7 5
14 15 3
6 10 2
11 13 3
11 12 5
7 10 1
17 19 5
5 6 5
19 21 2
8 9 1
0 4 4
17 18 2
16 18 5
16 18 1
17 19 3
15 17 4
4 5 2
4 6 5
21 23 1
15 16 4
15 16 2
17 19 3
10 9 3
5 6 3
16 19 4
8 12 2
22 22 4
5 7 1
16 18 1
21 23 1
18 19 3
18 18 4
18 22 2
6 8 3
21 23 3
22 0 1
4 5 4
16 17 3
2 6 3
16 17 3
12 14 5
19 23 4
21 22 5
23 2 5
20 19 5
4 5 1
9 11 5
23 1 1
23 1 5
21 1 2
5 5 4
12 15 4
9 11 4
23 3 5
9 9 4
10 12 5
4 6 3
2 5 5
2 5 3
2 5 3
0 3 5
18 19 1
10 12 2
6 6 5
3 5 1
0 3 1
15 18 2
16 19 4
12 14 4
10 12 2
15 19 3
10 12 1
17 21 4
23 1 2
12 13 5
19 22 2
5 5 2
6 7 3
23 3 1
12 14 1
14 16 5
15 17 4
14 14 3
10 12 5
8 9 2
3 4 3
21 0 3
5 8 4
0 3 3
0 0 5
9 12 1
7 11 3
10 15 1
11 14 2
16 18 2
15 17 2
1 3 3
0 1 3
16 19 3
22 23 3
5 6 1
2 4 5
10 14 2
15 17 4
5 7 2
2 2 4
1 5 3
16 18 2
5 7 3
10 10 5
9 11 1
17 18 2
16 19 4
0 1 4
21 0 3
2 3 5
18 21 3
17 20 1
11 13 4
10 12 2
12 12 2
4 5 2
15 17 1
7 9 3
19 20 2
23 3 4
3 4 5
9 10 5
16 19 5
0 0 5
12 14 2
21 23 4
2 5 2
14 15 2
17 19 5
9 12 1
19 21 4
4 7 2
8 10 2
10 11 5
8 9 4
12 15 3
2 4 1
2 2 5
20 21 3
15 18 4
13 15 2
16 17 2
3 6 4
8 8 3
15 20 4
10 11 3
14 17 4
1 2 3
16 16 3
11 15 4
18 18 1
11 13 4
16 18 5
0 3 3
13 15 4
22 0 2
4 8 1
12 13 2
15 17 4
5 8 4
5 8 3
20 21 3
18 20 5
12 13 4
2 4 1
6 7 3
16 18 5
12 14 5
14 16 5
5 6 4
16 19 5
18 21 3
15 17 3
20 22 2
6 8 3
21 0 3
0 3 3
2 3 1
6 8 5
5 7 3
17 19 2
6 7 5
18 22 4
3 5 1
11 14 3
3 5 4
9 12 3
10 12 5
18 21 2
7 10 4
