470 5
3 2 5 5 1 
20 22 2
23 23 1
20 21 2
0 2 5
22 0 4
22 1 5
11 15 4
20 23 3
15 19 3
1 4 1
23 0 3
12 15 1
22 23 5
18 19 5
6 7 2
12 14 1
13 16 3
23 1 2
16 19 4
11 13 1
13 17 3
4 5 3
1 3 4
10 10 2
8 10 1
17 18 5
6 8 1
17 19 4
9 11 1
9 13 3
12 14 4
10 12 4
15 16 5
22 1 4
21 23 3
13 17 5
17 18 3
13 16 3
13 15 1
19 21 1
21 23 3
2 3 2
23 3 3
6 7 1
8 10 5
18 20 2
6 11 4
9 10 3
5 8 1
22 23 4
14 15 4
19 22 4
2 6 4
8 10 2
17 19 1
15 16 4
13 14 4
18 17 1
3 5 1
15 17 2
19 21 1
9 10 4
18 19 3
15 18 2
18 20 2
18 20 5
15 17 5
20 22 5
12 13 3
20 1 2
15 18 3
1 3 3
9 11 3
22 23 5
13 14 3
21 23 4
8 8 4
4 5 5
15 17 1
23 0 5
4 7 4
14 17 1
4 6 1
17 19 3
8 11 1
1 4 5
6 8 3
3 6 2
21 23 2
12 14 3
12 13 1
11 15 5
21 22 2
15 17 3
8 10 1
18 20 1
9 13 3
17 18 1
2 3 4
15 17 2
12 13 5
2 5 5
12 14 2
15 16 4
12 14 2
7 7 2
11 14 1
11 12 4
16 19 1
19 21 3
9 10 2
12 14 3
3 3 3
4 8 4
10 11 1
17 21 5
1 3 4
10 13 3
4 5 5
20 0 1
16 19 5
10 13 4
13 14 4
6 7 4
11 14 2
10 13 1
18 20 3
1 4 1
16 19 5
14 17 1
22 0 1
18 20 1
23 0 1
9 12 3
21 0 5
20 0 4
3 3 3
9 12 1
18 21 1
6 10 3
22 22 5
23 1 5
21 0 2
5 8 3
9 12 4
4 7 5
1 2 5
12 12 1
19 21 5
5 8 5
8 9 5
0 3 2
10 12 4
9 9 2
14 17 5
19 21 2
22 2 4
19 21 5
2 5 5
19 22 1
13 16 3
17 19 2
18 18 1
14 17 5
5 6 4
23 0 3
7 9 5
11 13 1
2 5 1
9 10 2
2 4 3
8 11 3
5 8 5
7 7 3
17 19 1
10 12 1
13 16 4
3 4 5
13 16 5
13 16 5
16 17 4
10 12 1
21 22 1
21 23 4
18 20 1
15 17 5
1 3 4
5 7 1
5 6 3
8 8 4
6 8 3
11 13 2
16 19 2
21 22 2
14 15 3
13 15 2
20 22 4
15 17 4
5 8 2
22 1 2
8 8 1
4 6 4
22 1 5
20 20 1
2 5 3
4 7 5
1 4 3
23 2 5
17 18 3
20 22 2
18 20 5
20 1 5
2 5 4
14 17 4
8 11 5
23 0 1
20 23 1
5 7 2
6 8 1
19 20 4
0 2 3
16 19 5
3 8 2
9 10 5
6 9 5
14 15 4
10 13 2
8 10 2
0 4 1
14 16 2
22 22 4
17 18 3
19 20 1
8 12 4
17 19 4
12 14 4
6 8 3
13 15 4
13 16 1
5 7 3
18 21 5
0 2 2
11 13 4
9 10 5
18 21 4
7 10 2
18 19 4
13 13 5
14 16 3
20 22 5
2 3 5
2 5 5
8 10 1
20 22 5
13 13 3
4 5 3
14 15 4
10 10 5
20 22 4
20 22 4
11 11 1
12 12 1
19 19 3
9 13 2
15 16 4
4 6 3
2 5 4
20 22 2
22 23 3
14 15 4
3 6 5
10 11 2
2 5 5
17 20 3
22 23 2
6 9 5
10 13 1
4 6 4
2 2 1
10 12 5
6 8 1
11 13 4
4 8 5
8 11 5
12 16 5
1 1 5
23 1 4
5 5 4
4 9 1
20 21 5
12 15 3
9 11 3
8 11 3
8 10 2
10 10 3
4 6 1
23 23 5
4 6 3
16 21 3
22 21 4
3 3 5
19 20 1
4 5 3
1 3 4
5 6 1
7 9 2
18 19 4
14 17 2
15 16 5
9 10 5
20 23 1
4 6 1
2 5 4
16 16 2
0 2 2
12 13 5
7 9 3
3 4 5
19 19 3
1 2 1
10 11 1
1 6 4
8 11 3
15 16 2
2 3 3
4 6 3
18 21 1
16 19 3
0 0 5
9 11 1
17 19 5
17 21 3
23 1 3
7 9 4
1 3 3
15 16 2
14 15 1
13 14 5
10 12 4
4 6 2
17 18 4
14 15 4
21 23 2
21 23 4
7 11 1
2 3 3
12 15 5
4 7 2
13 15 4
1 4 2
10 12 1
13 16 4
23 1 3
23 1 3
16 21 1
2 4 2
3 5 1
9 10 2
8 11 1
3 6 1
22 0 2
15 16 3
12 15 4
8 10 2
0 3 1
4 7 3
2 5 4
22 0 5
22 23 1
2 4 4
0 2 5
8 11 1
0 1 3
19 21 4
21 22 1
18 19 4
4 6 1
12 14 4
1 3 4
21 23 5
11 13 5
6 8 4
11 10 4
18 22 4
20 0 4
21 23 2
3 4 3
14 16 2
17 18 5
12 14 2
19 21 3
8 9 3
10 12 4
4 6 2
2 5 2
20 21 2
22 0 5
2 3 1
20 22 5
23 0 3
19 20 1
5 6 2
16 19 5
10 13 1
17 17 1
8 10 2
3 4 2
21 0 4
19 22 4
17 19 5
22 0 3
13 15 2
23 0 2
17 20 2
8 11 3
14 17 5
20 22 3
14 15 3
9 11 4
8 10 1
15 16 3
17 20 4
2 2 4
15 18 1
5 7 4
23 3 2
10 11 2
8 10 3
5 7 4
4 6 2
16 19 5
18 20 5
19 20 3
14 16 4
8 9 3
1 5 5
19 20 4
14 16 3
5 8 4
15 20 2
3 5 3
12 13 5
21 0 4
10 11 2
16 18 1
17 17 3
1 3 1
9 11 1
0 2 5
21 2 4
23 1 5
2 4 3
14 15 1
17 19 5
12 13 3
22 0 2
10 13 1
18 19 5
1 3 3
7 10 4
4 5 1
21 23 1
1 3 1
18 19 2
18 19 5
17 19 5
3 4 5
6 6 4
9 11 4
20 22 3
