500 5
4 3 5 5 4 
13 16 1
23 1 1
1 2 3
19 21 5
13 14 1
2 3 4
11 14 3
3 5 5
15 16 1
3 4 3
19 21 4
15 18 3
8 10 4
22 23 2
22 1 3
18 20 2
20 22 2
23 0 2
21 22 4
19 21 2
15 17 2
16 18 1
15 18 3
11 13 1
15 17 5
18 21 4
5 4 4
19 21 2
8 10 5
21 23 1
4 7 5
14 15 2
1 3 3
14 16 4
21 23 4
8 10 4
20 22 2
2 3 2
13 14 2
23 3 5
3 4 1
20 23 2
22 1 3
14 15 4
21 23 4
13 15 2
15 17 1
4 7 1
6 8 1
3 7 2
5 7 1
20 0 4
19 19 4
14 16 3
13 15 5
2 5 4
3 5 1
7 9 5
23 1 3
1 3 1
2 5 5
5 7 4
15 16 4
11 14 1
6 7 1
8 8 5
23 1 2
23 2 5
17 18 5
3 5 3
16 18 2
1 2 3
12 14 1
23 2 3
9 11 2
3 7 2
9 11 1
5 9 4
22 0 3
3 4 3
7 8 5
17 18 3
4 6 5
3 5 4
6 7 4
10 12 2
5 7 3
8 10 1
16 17 5
12 15 2
12 14 2
21 23 3
15 16 1
6 7 2
7 7 3
0 3 4
14 16 2
7 12 4
3 5 5
9 10 3
12 12 5
22 0 3
0 3 4
5 7 1
10 12 3
10 10 2
12 13 3
13 16 1
6 8 3
20 23 2
11 13 4
0 3 3
6 8 2
23 1 2
0 2 4
3 6 4
19 21 4
13 16 4
10 10 3
3 4 5
21 23 2
11 12 5
15 18 1
14 15 1
22 0 2
4 6 2
2 4 2
13 15 1
23 3 1
0 4 1
12 15 1
3 3 1
0 3 3
22 23 1
22 3 3
23 0 2
3 4 1
8 9 4
5 8 5
21 22 2
0 2 4
9 12 2
0 1 1
1 4 2
4 6 3
20 23 2
21 21 5
3 4 3
8 10 3
14 17 2
7 10 4
0 3 2
18 20 1
7 10 2
11 13 3
14 17 1
1 3 3
7 9 3
23 1 5
6 8 5
7 9 2
11 13 4
19 19 3
2 6 3
16 18 1
2 4 4
9 11 2
7 9 4
16 18 3
0 3 2
9 11 1
13 13 5
10 13 4
21 0 1
0 1 2
5 6 5
15 17 1
2 5 1
13 12 4
18 19 3
20 0 3
13 17 2
3 4 2
21 22 3
8 8 5
11 14 1
16 20 3
3 5 4
15 17 2
5 6 2
0 2 5
20 0 5
15 16 5
14 15 4
14 14 4
3 5 1
9 12 5
5 8 3
13 14 1
11 13 4
18 20 4
10 13 4
8 10 4
11 12 4
22 22 1
2 4 3
16 17 2
0 3 5
18 21 4
13 15 3
14 16 5
15 17 1
0 2 5
18 20 5
10 11 5
0 2 2
19 21 3
3 5 2
18 21 1
8 10 1
13 18 2
1 3 1
20 22 1
14 15 1
3 5 2
9 13 2
17 18 3
14 15 3
21 23 2
1 2 4
13 15 4
7 9 4
2 5 4
20 23 4
11 12 1
4 6 5
16 19 2
15 17 5
9 10 4
19 20 5
8 9 1
3 5 2
20 23 2
5 6 4
6 8 3
21 23 4
11 13 4
11 13 4
2 4 1
15 14 3
19 21 2
10 13 3
16 19 2
10 12 4
3 4 4
11 15 5
17 20 3
18 21 3
21 0 3
11 13 5
14 16 5
23 23 1
17 20 5
15 15 1
6 8 3
18 18 1
15 18 3
3 6 2
23 0 1
18 19 3
0 1 4
18 20 2
9 13 5
9 11 3
14 16 5
6 8 4
13 15 2
10 12 2
18 19 2
5 8 3
23 1 1
4 8 2
6 8 2
15 17 3
12 14 2
3 4 2
22 0 3
16 19 3
13 15 1
20 23 1
8 10 5
9 11 4
1 3 3
3 4 4
9 11 3
8 10 3
19 22 4
2 5 2
14 15 2
5 6 2
16 18 3
22 1 1
17 19 3
13 15 1
16 18 3
11 15 5
1 2 3
16 18 5
11 13 3
21 1 2
1 6 3
19 20 5
17 18 5
22 23 2
4 7 4
5 8 4
8 10 4
4 8 3
22 0 4
20 23 4
15 18 5
19 21 3
16 18 5
3 5 2
9 11 5
18 20 3
16 19 1
6 11 2
0 2 4
12 15 3
23 2 2
12 13 1
3 6 1
0 2 3
2 5 2
21 23 5
19 21 3
7 10 2
18 20 4
23 2 2
10 12 4
19 20 1
12 15 4
1 2 5
4 3 3
22 0 5
6 7 3
10 12 2
23 2 2
17 20 4
0 2 5
4 5 5
8 10 4
10 10 4
23 0 1
11 14 4
23 0 4
5 5 1
23 0 1
5 7 5
8 11 4
14 18 3
10 13 5
6 10 1
4 6 4
17 19 3
22 23 4
16 20 3
13 16 5
9 12 2
11 12 3
18 21 2
9 10 1
18 20 3
15 17 2
21 22 5
16 18 1
8 11 4
14 17 3
14 16 4
2 5 1
19 21 1
5 6 4
7 10 1
7 9 2
19 21 1
12 13 4
14 15 1
5 8 4
8 10 5
15 18 4
5 7 5
3 5 4
21 21 4
20 21 3
18 21 3
7 7 4
13 17 2
12 13 5
12 14 1
4 6 3
10 11 5
16 18 3
11 13 3
23 0 1
9 10 5
17 20 1
11 13 2
23 1 5
15 16 5
16 19 5
9 11 2
11 14 2
7 10 5
18 22 2
5 6 3
19 22 3
18 19 3
18 19 5
20 21 5
6 9 4
22 0 2
10 12 4
3 6 3
22 23 5
7 11 4
13 14 3
7 8 4
6 9 2
10 12 3
21 21 2
19 21 5
5 8 4
19 20 2
5 7 4
19 21 3
7 9 5
23 1 3
2 6 5
17 18 4
20 22 2
17 18 4
13 16 3
3 7 4
20 22 3
17 18 1
14 15 2
8 10 3
21 23 2
5 7 4
22 0 4
3 5 2
0 2 4
9 10 3
18 20 3
12 14 4
1 3 1
9 9 4
8 11 4
3 4 4
23 1 4
10 12 4
17 19 5
19 21 3
19 23 4
5 7 2
2 3 4
22 0 4
9 10 3
2 3 4
1 3 5
0 2 3
10 12 2
22 2 3
18 21 2
6 7 4
15 16 3
13 16 5
10 11 4
7 9 2
19 21 4
20 20 4
16 18 5
16 19 1
15 16 2
22 0 1
13 15 3
19 19 2
22 1 2
10 12 5
14 16 5
9 12 5
22 1 3
15 16 5
2 2 2
18 19 3
21 22 1
10 10 5
3 5 2
7 9 5
