510 5
5 3 2 1 4 
19 21 1
20 0 4
16 17 4
1 2 2
19 20 4
10 12 1
5 7 4
18 21 1
5 5 4
21 22 1
14 16 2
21 23 4
10 12 1
9 12 4
23 2 5
17 19 3
11 14 3
4 7 3
4 6 4
14 16 2
22 0 5
14 16 2
6 7 3
10 12 4
1 3 3
9 9 3
1 3 1
2 4 5
1 3 5
20 22 3
4 6 2
2 4 4
5 7 1
22 1 2
18 20 4
12 14 5
3 5 2
2 6 5
0 4 5
18 18 3
19 23 3
7 9 3
6 8 5
14 16 1
0 1 5
8 11 5
15 17 3
15 15 1
21 23 4
11 14 1
18 20 2
22 0 5
7 9 4
23 3 5
19 20 2
3 5 5
6 9 3
11 12 1
14 16 2
3 6 2
16 18 5
13 15 3
16 18 1
5 6 1
0 2 2
16 17 3
6 8 2
18 20 4
16 18 5
14 15 2
6 8 2
22 23 3
21 23 2
16 19 4
17 20 4
0 2 2
1 2 1
5 7 2
0 2 3
23 1 3
8 10 3
19 22 1
6 8 3
2 5 5
6 7 5
9 12 4
17 19 4
10 14 5
13 15 4
22 0 4
2 5 2
19 21 3
22 23 1
15 17 5
17 20 3
0 2 5
11 12 2
14 17 4
15 19 3
22 22 5
5 8 5
22 1 2
11 12 4
11 13 3
7 10 4
11 13 2
6 7 3
9 10 1
20 22 2
1 0 5
0 2 5
5 7 2
14 18 3
12 15 5
14 17 4
11 11 5
17 20 5
1 3 4
3 8 3
5 5 1
19 20 3
11 13 1
19 21 3
15 17 2
7 6 2
22 0 2
10 13 3
2 5 3
23 0 3
7 8 1
20 21 2
2 5 4
15 17 1
7 10 5
17 20 3
17 19 2
4 7 3
7 8 5
23 1 1
23 1 5
15 18 2
12 16 3
12 14 1
22 1 1
8 12 2
9 11 2
8 10 4
17 20 2
19 22 1
17 19 4
4 4 5
18 22 3
9 10 4
12 13 1
11 13 5
8 11 4
10 12 2
14 15 2
10 12 5
8 9 3
11 14 1
2 3 1
8 10 3
10 11 4
3 5 1
22 0 2
11 14 1
9 11 4
1 1 5
19 21 2
13 15 5
2 4 4
11 12 4
16 17 2
10 14 4
2 3 3
13 14 1
2 5 4
9 12 1
20 22 4
22 1 5
9 10 3
5 7 4
20 21 5
11 13 5
4 7 3
5 7 5
10 12 5
1 2 3
8 9 4
6 10 1
12 13 2
9 12 3
22 23 1
1 3 2
21 1 4
19 20 4
12 15 3
22 0 5
23 2 1
12 15 1
2 3 5
2 3 2
22 0 3
9 11 4
7 8 5
12 14 3
11 12 2
7 8 5
2 4 2
0 2 1
4 6 2
7 7 2
2 5 4
4 6 2
8 9 5
14 16 3
9 11 5
3 7 4
8 10 4
3 4 3
10 11 3
12 13 1
0 2 2
0 0 3
7 8 4
12 15 1
19 20 2
3 4 4
3 4 2
18 20 1
22 1 1
1 3 3
2 5 3
20 23 1
4 8 1
12 14 4
15 16 1
5 7 5
4 7 3
13 16 2
15 15 5
16 19 1
10 12 2
11 14 1
8 9 2
12 15 2
20 20 4
20 21 2
1 3 4
18 21 2
22 0 4
6 10 2
5 7 5
10 14 2
5 9 5
2 5 3
23 0 5
19 22 2
13 14 5
10 11 1
7 9 4
16 18 2
6 7 3
5 6 3
10 13 4
0 2 3
18 18 4
22 1 2
12 13 2
21 0 3
7 7 4
8 10 1
10 13 4
17 18 2
17 19 5
8 10 5
6 8 2
12 14 2
7 8 4
21 23 4
18 20 2
10 13 4
7 11 1
14 15 1
14 16 2
20 22 1
14 17 3
7 9 4
16 19 3
22 23 1
4 6 3
18 19 2
3 5 5
18 20 3
20 22 1
10 13 3
8 12 1
16 19 2
7 8 5
13 15 5
2 3 3
20 20 2
6 7 4
19 20 5
1 4 2
13 17 5
5 9 1
19 21 1
12 13 5
9 14 1
17 18 5
14 15 4
19 23 5
0 2 5
7 7 1
4 7 1
4 7 1
16 18 2
1 4 5
22 0 4
15 19 5
7 11 1
4 7 5
4 6 2
12 12 2
10 11 5
3 4 5
1 3 1
3 5 3
9 9 3
4 8 2
22 0 5
2 4 4
0 3 5
7 10 4
20 21 1
20 22 4
15 17 4
2 3 3
3 4 1
2 3 1
19 20 2
0 3 3
7 10 3
8 11 3
1 4 3
11 13 5
13 15 4
3 5 4
15 16 3
1 3 4
1 3 4
12 13 3
6 7 2
12 12 5
2 3 4
4 5 3
7 8 5
7 8 4
19 22 5
15 19 2
11 12 4
23 1 1
12 14 4
19 20 1
12 14 5
8 10 4
16 18 5
23 1 5
5 8 4
16 19 2
20 20 3
17 19 2
4 6 2
11 13 2
12 13 3
21 23 4
15 18 5
16 17 1
6 7 5
18 18 3
9 10 4
11 13 4
9 11 4
15 16 3
9 10 3
10 13 2
15 16 3
20 22 1
14 15 1
18 19 1
1 1 4
0 1 4
3 6 4
7 9 4
10 12 2
3 5 4
11 13 2
1 3 1
18 22 3
16 17 3
2 3 2
13 15 1
17 17 1
17 19 3
17 19 5
12 13 3
9 11 1
14 15 5
5 5 3
3 4 1
10 13 4
1 1 2
22 1 5
3 8 1
0 2 5
19 21 4
6 8 4
9 10 1
18 21 1
0 2 1
12 14 4
2 4 5
7 9 3
11 13 1
11 12 2
11 14 1
12 15 3
18 19 2
16 18 3
11 12 2
21 23 2
14 14 2
1 2 4
2 4 3
22 0 3
0 3 2
9 10 5
16 18 4
22 0 3
12 14 2
22 0 3
21 1 5
13 17 3
22 0 3
19 23 4
9 11 1
15 18 2
1 3 3
8 10 3
9 11 4
12 13 4
9 11 4
19 21 4
4 6 3
11 13 2
14 16 4
7 9 3
18 20 2
15 17 3
4 5 4
5 7 1
13 16 1
7 9 4
16 19 3
19 22 2
1 4 2
23 1 5
19 22 5
14 16 5
7 9 4
13 14 3
5 8 1
9 11 4
19 22 4
4 5 2
5 5 4
15 18 5
16 18 4
0 2 3
18 20 1
6 7 5
11 14 5
21 23 2
13 16 4
22 1 3
4 8 5
5 6 2
3 6 1
16 19 3
14 16 4
0 2 5
19 21 1
6 8 3
9 11 3
20 22 1
0 3 4
2 2 3
18 20 3
3 6 5
15 17 5
22 0 2
13 16 5
0 3 3
4 6 1
10 13 3
2 3 3
8 10 3
3 6 2
