550 5
1 5 1 2 2 
3 4 4
16 18 5
11 15 5
17 19 4
15 16 1
14 16 2
7 8 5
16 19 3
3 5 3
8 10 4
23 23 2
0 1 2
17 18 3
11 11 4
17 19 2
15 18 2
12 13 2
0 1 2
23 1 5
0 3 5
0 3 4
10 12 5
5 6 1
17 20 4
4 6 5
13 16 5
9 11 2
20 22 4
12 13 1
17 21 5
15 18 4
12 13 2
12 13 4
18 18 1
13 15 3
13 15 2
5 7 2
23 2 3
22 0 4
5 7 1
5 6 1
9 12 1
5 7 1
15 18 3
19 19 2
2 2 2
12 14 5
1 3 5
5 8 3
10 12 4
1 2 3
22 23 1
0 3 4
5 7 3
8 9 2
21 22 4
4 6 3
7 9 2
7 9 1
21 0 4
9 11 5
8 9 3
8 8 5
9 11 5
18 21 2
21 22 4
20 23 1
14 15 1
6 8 4
5 6 5
2 6 5
0 1 1
0 3 3
1 4 4
4 6 5
14 16 3
5 7 1
23 1 1
20 22 4
21 0 5
12 15 3
17 20 5
22 1 1
11 12 5
0 3 3
20 22 2
7 10 3
0 4 3
1 3 2
14 16 4
12 14 2
14 16 4
17 20 4
15 17 4
11 12 3
2 3 4
7 11 3
23 3 4
4 5 3
19 22 4
20 23 2
9 11 3
17 19 3
2 4 1
2 6 3
18 20 2
18 20 2
17 19 4
5 5 5
1 2 2
10 13 4
8 11 1
14 19 3
1 3 1
5 6 5
12 14 5
7 11 3
20 0 5
3 5 4
13 15 4
23 1 4
11 13 4
18 19 5
20 22 3
22 1 3
18 19 3
19 20 3
13 15 3
4 5 1
13 14 3
23 1 2
9 9 3
21 23 4
1 2 5
22 1 5
2 2 1
7 11 3
2 3 2
9 12 1
2 4 5
10 12 1
3 6 3
1 2 4
6 10 2
2 4 3
9 13 3
16 18 2
1 3 2
14 16 4
13 16 4
3 3 1
22 23 3
3 5 4
10 13 2
22 23 5
15 18 4
3 7 2
12 14 4
2 6 4
5 6 5
5 6 1
23 0 2
6 8 3
23 1 4
12 14 3
8 12 5
11 13 1
23 0 5
15 18 3
5 6 2
3 4 1
0 2 3
0 1 5
14 16 3
18 19 5
2 5 2
3 6 2
20 22 3
11 12 1
20 20 1
8 9 5
22 23 2
0 3 2
14 17 3
4 7 2
11 14 5
6 5 4
10 11 1
8 10 3
10 11 3
23 3 4
9 11 3
6 8 4
13 14 2
8 10 2
18 21 3
10 13 3
20 23 4
14 13 3
16 17 5
16 18 5
5 6 4
18 19 2
2 6 1
17 18 2
23 1 4
21 0 5
7 9 2
8 10 5
5 7 2
20 22 3
6 9 3
23 2 1
11 12 2
21 1 5
16 18 4
4 6 1
19 17 5
17 20 5
19 22 5
9 13 5
17 18 5
6 7 5
21 22 3
15 18 1
6 8 3
5 8 4
0 2 3
22 22 3
13 16 4
23 0 2
4 8 2
11 14 5
2 6 2
13 15 5
3 5 1
3 4 5
4 6 5
14 15 2
21 1 1
5 6 4
22 23 4
12 14 3
17 20 1
10 11 5
4 6 1
21 22 2
20 22 4
3 5 2
2 6 3
3 4 4
13 15 1
6 8 2
13 15 4
4 7 4
22 1 3
6 8 2
18 20 2
19 22 5
10 12 2
3 7 4
21 23 1
11 13 1
1 4 3
1 3 2
16 20 3
14 16 2
17 18 1
19 21 2
20 21 2
22 0 4
12 14 1
5 6 5
17 19 5
11 14 4
22 22 5
2 3 4
0 3 5
12 15 2
18 20 3
6 8 3
1 4 2
7 9 4
9 13 4
10 13 3
11 13 3
15 16 2
14 15 4
11 14 1
2 3 1
19 21 2
4 5 2
8 11 5
0 5 4
2 4 3
13 16 4
5 6 1
9 12 1
16 18 2
11 14 1
10 11 5
8 11 3
23 23 3
11 12 2
3 6 5
22 22 2
14 16 5
5 7 2
22 23 1
17 17 1
12 13 2
15 16 2
7 8 1
2 3 4
21 0 5
8 11 4
10 12 3
12 15 1
4 6 3
4 7 2
12 15 3
4 8 2
19 21 4
9 9 5
11 13 5
3 5 1
10 11 3
19 20 4
12 14 3
1 4 1
17 20 3
15 17 3
22 1 5
14 17 1
3 4 1
0 2 1
16 18 5
20 23 5
10 13 4
9 11 5
10 12 5
23 0 3
22 22 5
23 1 2
18 20 3
13 15 4
12 14 2
13 15 3
1 3 2
12 14 3
2 3 5
10 11 5
16 17 2
1 2 4
0 0 5
16 17 4
16 19 4
22 23 5
23 3 5
0 2 2
11 12 2
8 9 4
23 22 2
5 6 4
8 9 3
19 22 5
2 4 2
15 16 2
19 22 5
0 3 5
7 7 4
19 21 1
22 0 3
17 22 5
0 2 2
10 11 2
23 2 2
11 13 1
7 10 5
18 19 4
11 13 1
23 1 5
13 15 4
18 20 2
0 4 3
6 9 4
19 20 5
14 18 3
9 11 2
16 18 5
19 21 3
14 17 5
19 19 5
16 18 3
9 11 2
22 2 1
18 19 1
18 21 2
6 6 4
1 4 4
13 16 2
23 1 3
22 22 5
13 15 2
8 11 1
0 1 1
3 5 1
23 1 1
10 11 1
8 11 4
7 10 4
23 0 2
20 22 5
7 10 5
8 10 4
2 4 4
18 19 2
3 5 3
19 21 2
21 21 5
14 16 3
20 21 1
20 21 5
12 13 5
6 8 2
16 19 3
5 7 5
4 8 2
12 16 5
3 5 5
14 16 5
5 8 2
6 7 3
10 12 2
1 4 2
18 20 2
1 4 5
20 0 5
22 0 2
2 5 1
9 8 2
8 10 1
2 4 1
0 1 4
2 4 2
11 12 1
8 9 3
14 16 5
3 4 1
9 10 4
4 6 3
10 12 3
11 13 5
20 20 1
4 6 1
21 23 1
16 19 4
13 14 2
17 21 5
0 1 1
13 17 5
8 11 3
1 3 1
9 13 5
11 14 3
0 1 2
17 19 5
21 1 5
16 18 3
11 14 4
15 17 1
2 5 2
4 6 2
20 22 4
2 6 3
10 12 3
21 2 1
7 8 3
17 17 5
7 9 4
11 13 2
0 2 4
21 0 1
3 4 2
16 16 5
1 2 2
7 9 1
1 3 5
14 15 3
20 21 3
7 9 3
8 10 2
2 5 3
19 21 3
2 3 5
15 17 3
20 22 4
12 14 2
21 22 1
3 5 4
3 5 4
6 8 4
4 6 4
7 9 2
9 12 3
14 15 1
10 12 1
23 23 5
9 12 3
21 23 1
4 5 2
13 15 1
11 13 3
9 12 2
11 12 3
15 16 2
7 10 2
15 15 2
22 1 5
5 5 2
21 23 2
21 23 1
18 20 1
6 8 1
15 15 3
18 18 5
23 3 1
6 6 2
20 22 3
9 11 3
10 10 2
5 7 2
9 10 5
9 11 2
4 6 5
17 19 1
8 11 5
7 9 4
7 9 4
1 3 1
1 2 5
21 0 2
19 22 2
16 19 5
12 14 5
3 5 2
14 14 4
23 2 2
1 3 4
9 12 3
