620 5
2 1 4 1 2 
11 14 4
21 23 5
15 18 3
3 4 2
19 20 3
3 6 2
9 11 2
12 14 5
8 12 2
10 11 3
0 1 4
19 21 4
18 20 4
10 14 2
12 15 5
13 15 1
2 4 5
13 16 1
15 16 4
2 5 2
9 11 2
2 4 4
1 4 5
15 19 1
12 13 4
19 20 5
8 11 4
2 4 4
23 0 3
1 4 4
13 13 4
1 3 3
14 17 3
9 13 5
19 20 1
15 16 3
17 20 5
3 6 4
6 7 1
4 4 1
23 1 1
5 8 1
7 8 5
21 22 2
4 5 5
4 5 5
7 8 3
6 7 3
14 14 1
5 7 3
18 20 5
17 20 2
20 21 5
11 13 1
0 2 2
3 5 1
16 19 4
18 21 2
9 12 2
3 5 2
9 10 5
17 19 5
11 12 1
13 14 1
12 15 1
15 17 4
10 12 2
20 22 2
0 1 3
3 6 2
1 5 4
3 5 1
7 9 2
7 10 2
19 21 1
9 10 5
5 7 1
18 20 3
5 7 5
13 15 2
3 5 4
4 7 3
2 2 1
1 3 1
2 4 1
17 19 5
23 0 2
23 0 3
2 3 4
23 1 5
6 10 1
15 18 1
4 4 4
19 22 3
21 22 3
15 18 1
8 8 1
0 3 4
23 2 3
11 14 2
12 14 5
22 22 1
14 17 4
21 1 5
8 10 4
17 20 2
7 8 3
18 19 5
11 14 5
11 14 5
21 23 2
0 1 2
5 6 2
5 8 5
23 3 3
6 10 5
1 4 4
21 22 5
4 6 2
8 11 5
2 4 3
16 17 1
10 12 3
19 21 4
7 9 4
13 15 2
20 22 4
10 12 5
12 13 5
2 4 1
3 6 2
17 18 4
8 11 5
5 7 3
15 17 3
2 4 3
7 11 5
4 6 3
18 19 2
11 13 4
10 12 3
8 11 4
7 11 1
10 10 4
16 16 4
20 22 3
3 5 4
13 16 2
6 8 5
12 15 1
17 19 1
4 5 5
16 16 3
8 9 1
4 5 5
11 13 1
23 1 5
5 5 1
9 12 4
9 11 5
6 10 1
15 17 3
1 2 2
21 22 3
4 4 4
2 3 1
7 9 1
7 9 3
14 15 5
11 13 3
13 16 5
1 2 1
7 8 3
8 10 1
19 23 5
18 20 1
3 6 1
8 10 4
4 7 1
10 14 3
0 2 3
13 15 5
1 3 5
23 23 3
1 2 3
5 8 4
16 17 5
18 20 3
21 0 5
5 9 4
16 16 4
1 3 2
1 1 5
15 17 5
18 21 1
3 3 2
10 11 5
11 14 4
11 13 2
14 16 3
6 8 4
19 21 5
19 21 4
2 2 5
16 18 4
2 6 1
2 5 3
21 22 5
12 12 2
21 22 2
15 18 1
22 23 4
4 6 5
13 13 4
12 15 2
16 19 3
17 21 1
17 18 5
15 18 5
18 20 5
6 7 1
18 20 4
9 13 4
12 15 4
7 9 3
1 2 2
17 18 4
9 10 2
3 3 1
18 18 4
23 2 5
14 15 2
1 2 5
1 3 3
1 1 1
3 6 5
20 20 5
13 15 4
11 14 1
9 9 5
2 3 1
5 7 2
0 2 4
4 5 3
9 11 4
1 3 2
8 10 2
21 22 4
20 23 4
17 20 5
4 7 4
6 8 1
23 2 1
12 14 4
1 4 4
17 20 4
12 14 3
7 9 1
0 1 5
2 4 1
2 4 3
15 15 1
8 10 4
14 16 5
16 18 5
21 0 4
6 8 5
3 6 5
12 14 2
19 22 5
14 17 5
1 5 1
11 14 1
8 10 3
15 18 3
2 4 5
10 12 2
18 18 3
16 17 3
18 19 2
9 11 5
5 6 5
8 10 2
4 8 5
3 4 4
19 21 5
20 23 4
15 18 3
10 12 4
14 15 3
11 14 1
15 18 4
18 20 1
21 23 1
16 16 2
15 18 1
5 7 2
13 16 2
1 3 5
1 4 3
12 15 5
7 9 3
16 19 3
20 22 2
17 20 5
12 13 2
0 -1 4
10 14 3
7 9 2
19 20 5
19 21 5
21 22 2
12 15 5
17 18 3
23 2 2
0 3 1
1 3 5
16 18 5
6 7 1
0 3 5
22 0 3
7 9 4
5 8 4
1 3 5
4 5 2
0 3 2
3 5 2
23 2 3
17 19 1
23 1 4
3 4 1
18 20 2
10 14 5
14 15 4
15 18 3
21 1 3
14 16 3
5 7 4
0 1 5
6 8 3
21 23 2
15 17 1
8 9 4
4 5 5
3 5 2
12 13 3
0 1 2
5 6 3
3 4 5
22 22 2
16 19 1
6 8 3
10 12 2
4 7 3
2 4 3
8 9 1
23 2 3
18 19 1
5 7 3
6 5 5
21 0 4
0 2 5
17 20 3
23 0 3
18 20 5
14 15 3
10 12 5
18 20 5
8 11 2
9 10 2
23 4 2
4 6 3
20 23 5
1 2 1
11 13 4
9 10 5
15 16 3
12 15 4
12 13 3
16 19 4
4 7 4
20 21 1
18 19 5
5 7 4
22 1 4
0 1 3
6 7 2
3 5 3
10 11 3
2 3 2
17 18 2
22 0 5
10 11 2
16 16 5
12 14 5
10 13 4
22 1 2
18 17 3
22 23 3
3 4 5
5 6 3
12 12 3
13 16 1
12 14 3
12 15 5
0 2 1
6 8 4
17 20 3
7 7 3
16 18 2
8 11 5
9 11 1
6 8 5
9 11 1
6 7 2
12 13 3
17 19 3
23 1 4
23 1 1
19 22 5
14 15 3
10 13 1
0 3 4
16 20 2
2 3 1
4 8 2
20 21 2
16 17 3
21 0 1
11 12 1
3 4 4
18 20 5
10 13 3
12 13 5
21 23 2
20 20 3
16 18 1
14 17 4
18 20 3
3 3 3
14 15 2
13 16 2
2 3 2
2 4 5
13 16 1
6 8 5
11 13 2
23 2 3
12 15 1
7 9 5
18 19 3
10 12 3
11 12 2
20 0 3
6 9 5
0 2 1
19 21 5
10 14 2
14 16 1
8 10 5
11 13 1
0 1 3
23 0 4
13 15 4
16 20 4
21 23 4
8 10 4
16 19 3
8 10 1
11 11 3
16 17 5
0 1 1
17 19 5
5 8 1
5 5 5
22 3 2
18 19 3
19 22 2
20 22 3
15 17 5
8 10 5
8 10 1
11 13 4
6 8 3
3 5 3
15 16 2
3 7 5
17 19 1
8 11 4
21 22 3
19 21 2
8 9 4
11 12 2
14 15 1
14 16 5
3 3 2
12 14 5
22 0 5
0 4 3
21 0 2
20 21 4
19 21 2
21 21 5
2 3 1
9 11 3
11 13 5
6 8 2
17 20 3
19 21 2
13 16 4
18 18 1
14 16 5
20 22 1
23 23 3
3 3 2
7 9 4
14 16 5
14 15 2
15 17 2
16 17 1
0 4 1
22 22 2
18 22 3
15 15 3
18 20 3
12 15 1
11 15 5
16 17 5
9 11 3
11 11 5
6 8 4
20 23 3
19 21 3
19 23 5
6 8 4
2 4 1
22 1 4
14 16 2
17 18 2
18 19 5
18 19 1
8 9 2
10 13 2
22 0 1
16 19 1
1 3 5
8 10 3
1 4 2
15 18 3
12 12 5
16 19 5
23 2 3
10 10 2
21 1 4
18 19 3
16 21 3
4 7 2
7 9 3
13 15 3
7 8 4
5 9 3
15 17 2
17 19 2
20 20 4
18 19 3
14 17 4
12 15 1
10 11 2
8 11 3
12 14 1
9 12 1
22 0 1
21 0 1
6 7 1
11 13 3
20 20 1
12 13 2
11 12 1
6 9 4
17 20 5
7 9 3
10 12 2
9 10 3
18 19 5
15 15 5
18 20 1
21 23 3
17 19 4
0 2 5
23 2 2
11 12 3
11 12 4
23 23 2
1 2 5
14 16 4
7 8 1
23 1 4
0 2 1
2 4 5
6 8 1
16 18 2
9 10 3
18 19 2
11 12 2
16 19 4
22 1 4
20 22 4
10 12 1
20 21 4
22 23 1
21 22 3
23 1 3
12 13 3
19 20 2
23 0 2
0 3 1
6 8 2
19 22 5
11 13 5
22 1 1
