670 5
3 1 3 5 2 
11 13 1
0 2 1
20 22 2
20 23 1
2 5 1
16 17 4
20 22 4
5 8 4
9 11 4
8 11 4
7 9 1
8 11 1
19 20 3
18 22 5
13 15 3
8 10 2
22 0 2
15 16 3
23 3 2
22 1 5
20 22 5
10 13 2
19 20 2
10 13 4
23 1 4
20 21 5
1 3 3
5 8 3
22 0 5
0 1 2
4 6 1
6 9 2
1 4 3
17 18 4
21 23 2
1 3 3
6 7 3
12 14 5
5 6 5
18 21 5
13 14 4
2 2 1
11 13 4
1 3 5
9 11 1
21 23 1
19 19 2
5 7 5
19 19 4
10 11 3
7 9 2
3 3 3
13 16 1
20 22 2
0 2 1
16 19 2
17 18 3
13 16 1
13 14 3
4 9 5
10 11 3
12 13 1
11 12 2
2 3 5
12 15 5
8 10 1
6 9 1
13 14 4
13 15 1
21 23 2
10 12 2
23 0 5
1 2 4
10 13 2
9 10 1
1 2 1
10 13 3
9 11 2
5 6 2
22 0 5
4 9 4
3 6 1
0 2 3
13 15 2
7 9 1
23 2 5
4 6 3
19 21 2
10 11 2
23 0 1
6 9 1
1 2 3
2 4 3
11 13 3
20 22 1
3 6 2
5 4 5
19 19 4
12 14 5
22 22 3
17 17 1
11 12 1
18 18 2
10 12 3
21 0 2
19 0 2
23 1 2
8 10 2
16 18 5
13 15 2
16 16 3
19 21 5
1 2 2
17 19 3
16 18 2
23 2 3
9 11 1
10 12 4
2 4 2
7 10 4
6 8 1
4 7 1
4 7 2
18 22 5
13 15 1
4 5 5
14 16 2
14 16 3
1 2 5
10 12 2
3 6 3
15 18 4
15 17 5
11 14 1
14 18 2
7 11 3
10 12 5
16 19 2
0 2 2
22 23 1
4 5 1
7 10 2
2 5 5
8 11 5
6 8 5
5 7 5
23 3 2
14 16 4
8 10 3
18 21 5
9 12 4
3 5 3
20 22 2
11 14 4
0 1 5
23 23 1
4 6 2
1 3 1
1 3 2
5 6 5
8 12 5
2 4 1
5 7 4
10 12 3
11 13 1
18 21 3
18 20 5
19 22 2
13 15 3
11 13 4
20 21 3
22 0 1
3 6 1
14 17 2
20 22 3
3 5 5
20 21 3
19 22 1
5 7 1
10 10 5
18 22 4
19 21 1
1 2 4
7 7 4
8 9 5
16 18 5
3 4 1
12 15 5
2 3 1
19 20 2
2 4 2
21 22 4
6 8 3
11 12 3
2 4 4
2 5 1
20 22 3
7 9 5
16 18 3
12 11 4
18 18 4
7 9 5
5 10 4
16 18 1
17 20 5
22 23 1
15 17 1
14 14 1
2 3 5
12 15 5
4 6 5
15 18 4
17 16 5
8 12 5
23 2 4
8 10 1
21 0 1
9 10 2
1 4 1
12 14 2
21 23 5
12 14 3
17 19 2
3 6 1
14 15 4
14 15 1
10 12 4
20 23 4
0 3 2
14 16 2
21 23 2
1 4 1
12 14 2
17 20 5
23 0 3
9 11 4
2 5 1
8 10 2
18 20 3
16 19 4
9 9 1
14 15 1
13 16 5
3 4 4
15 17 1
14 15 4
20 21 3
15 17 5
0 1 2
23 1 1
9 12 1
1 5 1
4 6 2
3 4 4
2 6 3
10 12 2
18 20 2
11 13 3
16 19 3
20 22 2
14 17 3
15 18 4
2 4 3
18 20 3
21 0 3
3 4 5
8 10 5
22 1 1
3 5 4
23 2 3
14 14 1
17 20 5
11 12 2
3 6 1
16 19 5
5 8 2
3 4 1
22 0 5
21 0 3
14 17 5
12 13 3
16 16 2
20 21 3
21 22 5
18 19 4
4 5 2
14 17 2
8 9 3
22 1 4
16 18 3
5 9 2
10 12 5
3 5 1
3 3 2
1 4 3
13 16 2
13 15 5
8 8 3
17 19 2
1 2 3
2 5 3
7 10 1
12 14 2
20 22 5
5 9 1
22 0 5
22 1 5
11 13 5
19 22 4
22 0 3
5 8 2
2 4 5
12 13 5
17 21 3
10 12 3
8 11 4
17 19 5
11 14 5
5 8 4
17 17 5
2 5 2
22 0 1
11 13 2
0 1 3
8 12 1
19 21 2
19 22 2
22 2 2
13 15 4
12 13 4
8 9 5
22 1 5
23 1 4
20 20 3
4 6 4
14 16 1
3 5 4
18 21 1
21 23 4
5 6 5
3 7 1
3 4 3
1 4 3
5 4 3
3 6 4
10 11 5
2 5 3
15 18 5
17 20 5
4 6 5
13 18 2
2 3 5
1 3 4
6 9 1
3 5 5
23 1 3
19 21 3
11 13 5
16 18 4
2 3 3
22 0 3
5 7 2
20 20 1
5 6 4
20 22 1
7 9 1
23 2 5
7 7 5
7 11 2
5 6 5
2 3 4
3 6 4
14 16 3
15 18 1
16 17 5
17 18 1
6 8 5
19 20 3
6 8 5
6 8 2
16 18 1
3 6 3
7 10 1
11 12 5
12 15 3
8 10 5
5 8 2
8 10 5
22 0 1
23 22 3
18 22 2
0 1 1
21 1 4
4 8 5
17 19 3
3 5 3
19 21 4
10 13 1
5 7 5
5 6 5
20 22 4
3 5 1
15 17 5
13 17 4
23 1 2
1 1 5
20 23 4
8 11 5
17 19 4
12 15 1
3 5 4
3 5 3
21 23 2
4 5 3
16 18 1
7 9 1
18 20 3
23 22 1
11 13 5
7 8 5
22 0 3
1 3 4
5 7 1
22 0 5
3 6 2
9 10 3
8 10 1
3 3 4
14 17 4
4 6 1
10 12 1
13 15 4
21 23 4
18 21 5
22 0 4
7 10 1
2 4 1
16 20 5
8 10 4
20 22 3
3 4 2
9 10 2
13 14 1
15 18 3
18 20 5
22 0 2
17 18 3
10 12 1
9 10 1
1 5 2
1 3 5
17 19 2
22 2 3
17 18 4
16 18 2
3 6 3
4 6 2
23 1 3
10 13 4
23 0 2
15 18 5
1 4 5
16 18 2
7 9 3
0 3 4
7 11 5
7 9 5
17 19 2
18 19 3
20 21 4
6 9 4
20 22 2
13 16 3
21 22 3
3 4 4
0 3 5
8 10 3
9 10 2
23 0 2
17 21 4
11 14 3
4 5 5
8 9 5
18 21 1
18 20 2
8 11 4
11 13 5
13 15 3
14 16 4
19 20 3
0 2 1
11 13 2
0 2 1
0 3 1
17 20 4
12 15 2
3 6 2
11 15 3
12 13 3
7 8 3
5 6 5
15 18 5
10 13 2
3 4 4
12 15 1
14 17 1
17 18 5
1 3 1
13 15 5
14 15 5
3 5 4
7 8 2
5 9 4
13 18 2
6 9 5
18 19 4
13 15 5
3 5 3
11 13 1
22 1 1
16 17 2
15 18 5
10 12 4
17 19 4
17 21 1
19 20 5
6 9 1
19 20 3
12 16 1
1 5 2
12 15 2
19 20 1
3 4 5
8 9 3
22 1 2
17 21 1
0 2 2
22 2 5
17 18 3
2 5 1
7 10 3
8 8 2
6 8 4
18 20 4
20 22 4
2 4 2
6 4 4
22 23 5
12 14 5
1 2 1
22 23 3
9 10 2
9 9 1
14 17 4
12 13 1
6 10 1
14 17 1
20 22 5
12 14 2
20 22 3
1 4 3
3 6 4
20 20 2
4 5 5
14 16 5
15 16 2
13 16 5
5 6 3
13 15 5
6 10 1
19 22 3
22 2 3
12 15 1
8 9 5
16 18 1
16 18 3
13 15 4
20 23 3
13 16 1
17 20 1
19 20 3
12 15 5
10 11 4
11 15 5
1 2 3
7 8 1
11 13 4
6 9 3
0 3 5
20 23 3
10 11 1
1 3 1
4 5 2
23 0 3
2 3 4
17 20 5
20 21 3
22 1 5
19 21 4
11 15 3
8 10 5
12 13 3
15 16 5
20 22 2
7 8 1
12 15 1
16 18 5
0 3 1
5 7 3
13 14 4
6 9 2
17 18 3
9 10 4
17 18 5
16 18 4
2 4 5
1 3 1
19 21 1
21 23 4
9 11 5
5 7 1
8 9 3
12 13 2
3 3 5
14 17 5
5 9 1
9 11 4
7 9 3
12 14 1
22 0 1
13 14 2
15 17 2
3 5 4
11 12 5
1 1 2
4 6 1
19 21 5
14 16 2
13 15 5
1 2 2
17 18 2
6 7 1
14 17 1
20 22 5
8 12 3
23 1 1
19 21 1
4 7 4
4 6 5
20 21 1
10 13 4
23 0 2
12 14 4
4 6 5
15 15 4
3 5 4
21 22 3
5 7 1
22 0 3
20 22 4
14 15 5
7 8 1
11 13 1
5 5 1
15 17 4
18 20 3
5 6 5
4 8 1
0 1 2
22 1 3
