80 5
1 1 5 2 3 
2 3 4
13 16 5
10 12 3
16 18 3
2 4 5
19 22 1
20 22 3
8 8 4
1 4 4
13 17 4
0 3 3
0 1 4
2 6 3
11 14 1
15 17 2
1 3 5
15 15 5
11 13 3
1 3 3
18 19 5
0 1 4
5 7 3
17 18 1
14 16 4
14 15 5
13 14 1
21 23 4
8 8 2
0 2 2
22 23 3
19 21 3
15 18 2
17 20 5
17 19 4
8 10 4
11 13 4
15 16 2
1 4 1
7 10 1
21 1 3
22 23 2
19 21 5
12 15 1
19 21 3
3 5 2
5 6 1
14 16 1
0 4 3
3 4 5
5 7 3
22 0 2
8 10 3
6 9 4
11 14 1
9 12 4
8 10 1
9 11 5
10 11 5
20 23 1
13 15 1
16 19 1
11 14 2
1 2 2
4 6 4
16 17 2
18 21 3
15 17 1
7 8 3
17 20 2
22 0 5
19 22 1
17 20 1
17 20 3
16 18 5
14 17 1
3 3 5
3 4 5
5 7 3
13 14 1
14 14 2
