970 5
3 5 5 5 3 
2 4 2
19 23 4
14 15 1
12 13 3
7 10 3
3 4 5
19 21 1
12 13 1
14 15 4
8 8 2
17 19 3
15 17 1
21 1 2
3 7 3
3 7 1
5 7 5
8 9 2
0 3 3
20 22 3
3 6 4
1 2 2
23 0 5
7 10 5
18 21 2
17 20 4
11 12 1
5 9 2
1 4 3
11 13 3
13 15 3
12 13 3
12 14 1
14 17 5
4 4 4
19 21 4
10 12 5
4 8 4
10 11 4
17 17 4
3 6 4
6 8 2
19 20 1
12 16 3
8 10 2
11 13 3
0 2 2
18 21 2
11 12 3
14 14 2
4 6 4
22 0 1
9 12 3
19 21 4
17 20 5
16 18 1
11 13 3
7 9 5
9 10 1
20 22 2
3 5 1
5 6 4
2 3 5
14 16 5
23 1 5
23 2 5
21 23 4
9 11 5
12 12 1
19 23 5
3 7 2
5 6 5
6 8 1
4 6 1
21 0 1
0 3 5
5 7 3
1 3 2
9 11 2
1 2 5
2 3 2
16 19 1
22 23 1
0 3 5
17 17 1
17 19 1
15 15 1
3 4 1
15 17 1
2 3 3
22 0 5
20 21 3
20 20 4
3 5 1
14 16 5
18 20 2
0 2 4
7 9 3
17 20 5
21 23 2
6 7 1
9 10 4
11 13 3
3 5 4
5 7 1
4 6 3
11 13 1
9 10 1
9 11 1
2 3 3
21 23 3
12 12 1
13 14 4
19 22 1
16 17 4
9 11 1
1 2 2
20 21 3
21 23 3
22 23 5
10 13 3
11 12 2
2 4 1
9 12 3
2 4 1
15 19 2
16 17 2
10 13 5
16 19 2
21 23 1
23 0 2
8 10 2
12 16 4
17 20 5
18 19 5
20 22 2
10 12 5
9 12 3
2 3 3
1 3 5
16 17 5
12 14 3
15 18 4
18 21 4
7 7 4
20 0 2
22 0 3
8 10 2
12 14 2
23 1 4
21 22 2
20 21 2
11 13 4
7 9 3
10 12 1
22 1 5
17 18 3
14 15 3
6 8 3
13 15 3
3 5 1
7 8 2
17 19 5
1 2 4
1 3 2
16 19 4
1 4 2
0 2 4
13 15 2
23 23 3
23 1 4
7 8 5
17 18 5
22 23 5
0 1 5
19 21 2
5 6 5
20 21 5
12 13 2
19 22 5
8 9 5
21 23 4
23 0 2
15 17 2
5 7 1
16 17 3
5 5 3
15 17 5
19 23 1
2 5 4
21 0 5
18 21 3
17 20 2
13 14 4
7 8 4
20 23 1
18 20 1
19 23 1
9 11 1
2 4 3
16 18 5
9 11 3
13 15 5
19 21 2
2 4 3
1 1 5
14 16 1
2 4 2
19 23 1
14 17 3
10 11 2
17 19 4
11 14 1
4 6 5
5 7 5
3 5 2
1 3 3
5 8 1
4 7 4
4 9 2
16 19 4
14 15 2
4 5 4
16 18 4
14 17 4
22 23 4
0 3 1
10 12 5
11 13 5
14 16 5
19 21 1
12 15 5
5 9 5
16 20 4
13 15 1
22 23 5
21 23 5
19 21 2
10 10 4
9 12 2
7 10 3
5 6 4
5 5 1
1 3 5
2 3 1
13 15 5
13 16 4
13 15 1
5 6 1
0 4 1
4 8 3
16 18 2
11 14 3
13 14 1
15 17 1
11 14 3
17 18 4
10 14 4
19 21 2
13 15 4
23 0 3
11 13 3
1 3 2
0 3 1
17 18 4
8 10 2
19 22 1
18 22 3
9 11 2
18 20 1
8 10 3
2 4 4
3 3 2
1 3 4
2 3 4
2 4 5
1 4 3
12 15 2
23 1 4
0 2 3
6 7 1
4 6 5
22 1 4
12 14 5
20 23 2
22 1 1
8 10 3
21 23 5
11 12 5
1 3 2
20 0 2
19 20 4
20 22 4
16 18 2
15 17 1
10 13 1
10 11 2
10 12 3
0 2 2
6 7 1
1 3 3
16 16 4
5 8 5
14 17 2
7 11 4
20 22 5
7 9 5
16 18 2
8 10 3
2 3 3
20 21 1
9 12 3
18 20 2
6 8 3
20 23 4
19 22 1
14 17 5
15 17 1
5 6 3
19 20 2
16 18 1
14 15 1
8 10 4
12 14 3
0 3 2
21 23 5
14 17 4
16 18 3
20 21 5
15 18 2
8 8 3
12 13 5
13 15 5
21 22 2
16 16 4
22 0 3
2 5 1
1 3 1
20 21 5
11 13 5
14 15 1
21 0 5
15 16 5
6 10 3
16 18 4
3 6 4
17 19 4
12 14 3
13 15 5
5 6 5
0 2 2
19 22 3
20 21 3
20 21 2
2 2 5
20 22 3
15 18 1
6 7 1
9 11 4
23 2 3
14 17 2
22 23 2
10 13 2
19 21 3
9 10 4
21 23 1
18 21 1
22 23 4
20 21 1
17 18 3
14 14 2
9 12 2
1 3 5
1 1 1
14 15 5
2 2 3
0 1 5
10 12 3
0 2 1
2 3 5
21 0 5
18 21 2
21 22 1
16 18 5
0 3 3
18 20 3
22 0 4
8 9 4
21 23 5
9 9 3
15 15 4
20 21 2
13 14 4
14 17 2
9 11 4
5 8 4
10 12 1
8 10 1
16 19 5
14 17 3
7 9 4
23 1 2
1 2 2
1 5 5
22 1 2
17 19 2
21 23 4
16 17 5
5 7 1
23 2 2
8 10 2
17 20 1
7 9 5
9 8 4
12 13 5
17 20 5
23 23 4
12 13 1
23 0 4
15 18 4
2 5 2
5 7 4
8 11 4
3 4 2
15 18 2
3 6 2
3 5 1
8 11 3
14 16 5
23 1 4
21 21 4
14 16 2
12 15 4
12 14 5
8 10 1
20 20 3
11 13 4
8 10 5
0 2 2
18 21 4
4 5 2
13 15 5
16 17 4
19 22 1
21 0 4
1 4 5
0 2 3
17 18 1
15 19 4
18 20 4
20 22 5
21 22 3
7 10 3
5 8 2
2 3 5
13 16 2
8 12 4
14 16 1
9 12 2
3 4 2
12 16 5
10 12 2
16 18 4
22 0 4
18 22 4
7 6 1
16 18 3
12 14 3
17 20 4
1 2 3
10 14 4
13 16 1
18 21 2
11 14 4
18 20 1
8 10 4
20 0 3
4 5 4
20 22 2
8 10 3
2 3 3
2 3 4
21 22 5
17 18 5
17 20 4
6 8 5
10 13 2
20 21 3
7 8 4
14 16 1
18 20 2
23 2 4
11 13 5
7 9 5
15 19 4
10 10 1
2 4 2
0 2 4
0 2 1
2 2 3
7 9 1
1 4 1
11 14 5
10 13 4
5 8 3
15 17 4
4 5 1
15 16 5
17 19 1
2 5 3
4 5 1
13 16 4
18 19 3
13 15 1
21 0 1
15 18 2
0 2 1
10 13 5
16 18 3
9 13 5
17 19 2
10 11 5
3 5 2
3 5 4
21 23 4
21 0 3
23 1 1
5 8 2
18 20 4
19 21 4
22 0 3
10 10 4
3 6 1
2 4 4
5 8 4
9 9 2
4 6 5
2 3 2
1 4 2
16 19 5
16 18 1
16 18 1
13 15 3
19 20 5
15 18 4
23 1 5
21 0 5
10 13 2
18 21 2
18 19 2
15 18 3
15 16 1
23 1 5
20 21 1
7 10 1
3 6 5
6 6 3
1 3 1
12 14 4
12 15 5
10 11 1
23 3 1
1 5 2
0 1 4
3 3 2
9 12 5
13 15 2
9 10 2
10 13 2
6 7 2
14 15 1
15 17 3
5 7 4
9 10 3
9 13 3
4 8 5
12 14 5
4 6 5
23 0 3
10 11 3
14 16 4
22 0 5
22 0 5
18 21 2
3 6 5
19 22 5
18 20 4
13 16 4
23 0 3
10 12 5
8 9 5
22 1 4
22 23 4
21 0 3
13 13 2
18 20 3
19 20 5
14 15 2
13 14 4
22 1 2
23 0 2
1 4 1
10 11 1
20 22 4
2 3 4
13 17 2
16 18 4
5 7 2
13 14 5
19 19 3
5 8 1
3 5 1
22 23 2
14 16 5
7 9 2
22 1 3
6 8 2
11 13 1
15 18 5
11 14 1
20 22 5
19 20 4
6 8 3
6 8 4
10 12 3
13 16 2
6 7 3
13 14 2
20 0 1
1 5 2
15 17 5
15 16 5
9 12 5
18 19 3
19 20 1
15 15 1
11 14 1
6 6 5
0 2 2
12 14 2
22 23 2
14 14 2
3 4 1
5 7 3
4 4 4
13 14 4
1 2 4
20 21 2
21 22 3
22 1 3
3 5 2
15 18 2
10 12 3
23 23 2
1 3 5
21 23 2
17 19 1
15 15 2
11 14 2
14 15 4
6 8 5
21 22 3
18 20 4
10 13 4
17 20 3
17 19 5
19 19 5
7 10 5
20 22 5
22 2 1
4 5 3
1 4 5
23 1 1
12 14 1
9 11 4
9 11 4
9 11 4
4 5 5
17 20 3
5 6 5
21 1 3
1 3 1
20 22 3
7 7 5
3 5 1
12 14 2
1 2 5
21 0 2
20 23 5
17 18 1
6 7 5
9 11 1
14 17 4
19 20 2
14 18 1
14 17 3
1 2 3
2 5 3
17 19 5
16 19 5
21 23 1
3 4 1
2 3 4
4 4 1
0 3 1
9 12 4
1 2 3
1 3 5
7 10 1
23 2 5
8 10 3
0 4 5
18 21 4
6 9 2
21 22 1
4 7 2
9 11 2
7 10 4
0 3 5
7 10 1
5 6 4
7 10 4
0 1 5
9 11 5
14 17 1
12 15 5
22 23 3
18 21 5
15 17 3
16 18 2
5 6 2
11 13 1
21 21 1
4 5 4
17 20 2
0 1 3
7 9 5
2 3 1
7 10 2
22 23 2
14 15 2
4 5 2
5 7 3
14 16 2
23 1 5
10 12 1
6 7 2
17 21 1
2 2 1
23 1 5
22 23 5
9 11 1
3 5 4
2 6 3
8 9 2
10 12 5
18 21 1
20 23 3
10 12 5
7 8 4
19 21 5
8 10 4
21 23 5
16 19 2
13 15 5
6 9 1
12 15 4
12 13 4
12 14 3
14 15 4
0 4 2
21 23 4
19 22 4
8 12 1
1 3 1
12 15 5
11 14 2
22 23 2
5 8 5
19 21 1
19 22 5
7 8 1
16 16 1
6 9 3
17 19 5
19 19 1
19 20 1
11 13 4
15 17 3
5 7 3
22 0 5
23 2 4
8 10 4
7 8 1
14 15 2
1 1 5
22 1 2
19 21 2
17 20 3
15 18 2
2 3 2
0 3 3
14 15 2
16 18 4
19 22 4
14 17 3
12 15 5
13 14 3
3 5 4
20 23 3
2 5 2
9 10 2
12 15 2
17 21 3
21 23 1
17 19 1
20 22 3
7 9 2
18 20 5
18 19 4
6 10 5
16 20 2
0 2 1
23 0 2
12 14 5
6 9 5
10 13 2
13 16 4
14 16 3
17 18 5
17 20 3
19 19 2
8 11 5
22 0 4
2 3 1
17 20 4
16 21 4
1 3 3
8 8 4
22 0 4
22 23 4
8 10 1
10 12 4
10 11 2
13 14 3
15 18 5
0 2 1
16 18 3
0 4 2
6 9 1
20 22 5
14 17 5
6 8 3
4 7 3
22 1 4
16 19 3
23 2 5
14 15 5
8 9 3
5 6 5
3 4 5
22 23 5
18 21 3
10 11 2
18 19 1
7 11 5
2 3 2
14 14 3
16 17 4
7 9 5
8 10 3
5 6 5
13 15 1
7 8 2
2 3 1
21 22 4
13 16 4
5 5 1
10 12 1
10 10 4
8 10 3
1 4 4
6 9 4
19 20 5
0 2 1
20 22 1
20 23 3
6 9 1
0 2 3
9 8 4
9 12 1
2 4 1
6 10 3
7 8 5
13 16 5
9 12 5
10 10 3
18 20 4
14 16 4
15 16 4
5 4 5
1 3 1
17 19 2
23 1 5
19 21 3
19 22 2
5 7 1
5 6 1
3 4 4
2 4 2
14 15 5
9 11 4
3 5 5
8 10 4
13 14 4
21 23 4
9 11 2
18 19 2
23 0 1
0 2 2
3 4 5
9 10 3
16 17 3
13 16 3
15 18 5
19 21 5
21 0 4
15 18 3
9 9 5
3 5 2
9 10 4
7 9 4
1 2 5
20 22 2
21 21 4
5 6 4
5 7 2
16 18 4
4 6 3
15 17 5
19 22 5
1 2 3
5 8 1
11 15 2
22 1 4
15 18 4
8 11 1
0 3 2
12 13 4
19 21 4
17 21 4
14 14 5
3 5 3
10 14 2
19 21 3
19 22 5
10 12 3
4 6 5
11 12 1
7 8 4
4 4 2
17 19 4
3 4 5
3 5 2
21 23 3
20 0 2
2 4 1
14 15 4
12 14 5
17 18 2
19 21 3
