44 52
6 28 48 22 47 40 45 45 50 31 18 18 26 23 22 13 13 13 12 4 41 17 41 3 52 37 45 8 37 34 34 35 52 38 6 31 8 44 5 21 25 20 52 19 16 35 13 6 44 4 26 4 
14 16 4
17 19 31
23 1 43
18 19 43
13 15 52
17 19 1
21 22 3
12 15 19
3 4 27
18 22 8
21 23 26
11 13 5
4 6 39
13 16 42
14 17 29
7 8 45
14 16 9
9 11 16
19 21 25
23 1 42
7 9 28
10 11 7
15 16 28
13 14 51
14 16 29
16 19 15
13 13 8
21 23 7
23 1 28
12 15 25
21 23 10
6 9 29
23 1 37
2 5 15
23 2 43
21 23 23
12 13 33
8 10 40
17 20 9
12 14 10
15 16 31
20 23 6
17 18 45
5 7 15
