50 52
19 26 10 27 33 50 30 47 34 1 39 10 30 35 5 5 32 50 6 20 37 20 19 35 15 40 48 2 32 10 28 14 23 7 30 52 42 42 6 46 2 5 15 1 27 41 25 19 20 9 23 45 
15 17 12
5 7 2
15 19 38
17 18 37
11 12 19
23 1 16
9 9 44
13 14 5
21 23 8
9 12 17
10 11 16
22 0 39
4 5 7
11 12 5
4 7 52
20 20 37
2 3 47
12 14 15
14 17 5
19 20 39
6 8 11
0 3 26
3 6 29
7 9 45
11 13 29
8 9 46
15 16 9
6 9 28
20 21 19
22 0 21
23 1 48
23 1 18
17 19 26
9 12 19
5 6 38
23 1 12
14 17 28
13 15 6
22 1 10
7 7 6
14 15 13
14 16 16
14 14 1
12 15 5
22 2 41
10 12 19
2 5 38
8 8 5
0 3 46
13 15 6
