100 102
94 100 68 58 71 4 76 92 45 48 102 45 99 68 98 13 53 45 84 97 91 27 14 43 51 62 59 75 27 50 93 93 102 12 22 84 37 90 39 36 34 1 30 101 50 98 70 51 12 98 53 89 72 85 15 31 99 8 93 12 18 11 68 50 52 91 89 21 1 18 24 7 70 14 22 90 48 30 43 81 77 1 99 8 76 16 7 57 90 47 23 42 96 26 94 61 78 32 72 75 88 24 
11 12 73
15 15 87
19 22 13
11 13 79
4 6 95
18 21 35
0 2 96
6 9 46
15 17 20
15 16 24
7 9 69
13 14 72
15 16 7
10 12 61
5 7 89
18 21 33
14 16 93
23 23 75
16 19 4
10 12 13
1 1 75
22 0 11
21 23 98
15 18 30
8 9 51
14 15 62
0 1 49
13 16 15
2 2 26
13 16 43
23 1 67
21 23 87
15 15 29
8 9 35
0 2 10
1 3 54
4 7 22
1 4 68
15 19 50
4 3 88
16 17 82
8 10 17
3 5 65
19 23 86
8 10 98
4 6 99
17 17 87
10 12 9
21 1 36
14 16 44
20 21 45
13 15 84
0 2 60
8 11 59
1 3 26
13 15 61
13 13 36
17 18 2
12 12 91
9 13 29
0 1 37
22 23 85
4 6 56
3 5 82
9 13 77
20 21 60
20 22 65
4 6 29
15 17 82
4 5 90
16 17 32
23 3 43
8 11 26
7 9 11
7 8 3
5 6 30
0 1 55
7 8 51
2 2 39
22 22 69
22 0 37
21 23 101
8 9 9
6 9 66
23 2 91
12 14 50
11 11 10
5 6 77
21 0 82
10 11 97
21 22 31
17 18 87
21 0 51
21 23 48
23 1 58
14 16 24
22 0 6
5 6 12
20 22 54
9 11 18
