28 102
32 48 74 27 22 59 66 27 81 13 41 97 62 36 69 85 49 98 52 96 74 85 63 34 38 47 62 17 41 32 25 19 91 53 38 54 31 100 2 95 67 47 21 93 24 101 8 80 75 61 62 66 88 16 1 78 54 88 88 38 32 62 38 75 47 5 48 28 86 84 51 27 18 10 81 31 65 11 69 94 3 81 16 54 26 95 72 3 96 35 1 57 8 70 71 26 40 21 85 87 75 19 
6 10 11
7 9 13
3 6 22
5 8 58
4 4 2
5 8 88
14 16 30
3 5 40
4 6 39
23 1 75
10 13 30
21 22 51
17 18 22
23 0 69
16 18 52
22 2 84
2 5 13
18 22 91
19 21 102
14 15 31
3 4 79
19 22 13
22 0 46
20 21 46
9 12 14
14 16 13
22 1 24
2 4 45
