32 102
13 93 81 49 16 102 14 85 61 62 25 43 54 84 61 27 63 51 10 82 59 56 74 47 77 6 96 61 51 16 18 78 101 16 33 19 4 25 48 102 76 95 11 88 99 87 51 89 20 80 92 22 1 100 33 48 66 36 86 31 77 85 90 81 71 17 87 61 94 3 89 14 70 19 78 82 97 83 72 102 49 70 2 48 98 91 36 50 41 16 86 101 53 11 6 34 92 95 67 86 60 49 
0 2 62
13 15 16
15 18 7
22 23 102
3 4 78
4 6 56
22 23 19
0 3 48
1 3 57
10 12 16
5 8 52
4 5 4
0 1 67
12 12 93
14 16 12
3 4 67
2 5 67
23 0 98
15 17 21
21 0 60
6 8 38
0 1 86
0 3 76
3 4 47
10 13 24
4 7 101
8 10 71
6 9 84
2 4 97
9 10 51
16 18 38
7 8 42
