38 102
43 89 38 79 50 89 28 2 1 46 90 83 10 62 4 98 61 76 24 29 88 55 44 2 42 34 20 94 24 73 55 2 13 8 45 1 46 20 33 87 76 51 89 42 49 29 1 15 34 19 52 43 95 97 100 61 14 81 81 84 56 2 77 25 19 65 57 100 58 30 75 82 68 102 58 73 77 31 44 83 11 68 11 43 75 28 71 2 74 93 46 51 60 68 102 96 43 40 12 45 29 67 
22 0 49
0 1 59
7 8 73
12 11 68
20 23 93
18 20 40
1 4 61
18 19 71
9 9 81
14 16 59
16 17 93
4 6 9
14 17 56
20 0 36
14 16 92
18 20 17
22 0 25
6 8 20
16 18 37
15 18 59
1 3 88
20 22 48
7 10 100
22 0 65
1 4 19
22 23 5
10 13 68
4 6 91
0 1 53
8 9 63
22 23 11
23 1 16
6 7 79
9 11 6
2 4 30
19 20 60
3 5 20
16 19 91
