44 102
72 102 3 35 70 7 91 38 89 55 38 87 35 73 86 84 46 15 10 10 29 37 81 10 99 25 2 55 65 75 25 68 23 77 58 33 80 29 58 12 86 70 42 90 67 23 35 82 42 23 11 94 40 78 87 22 11 48 70 24 10 33 68 98 10 98 76 29 82 57 13 7 64 53 66 38 27 83 37 9 74 9 13 63 81 37 18 68 26 37 64 59 72 93 63 67 37 10 67 102 7 80 
1 1 95
17 19 60
23 1 35
19 20 99
3 6 83
1 2 23
2 5 56
8 10 84
10 10 35
14 17 31
15 17 87
18 22 37
7 10 72
13 16 45
12 15 32
13 16 14
11 12 4
0 3 35
11 11 13
14 15 44
21 23 4
0 1 95
2 5 94
15 18 70
14 17 100
12 15 88
16 19 24
19 21 11
18 18 40
2 5 89
13 16 102
7 10 14
9 11 38
12 13 40
21 22 60
9 11 7
0 2 13
6 8 9
5 7 36
5 5 15
16 16 77
17 19 7
1 4 102
6 8 33
