46 102
41 26 83 25 58 80 73 96 98 62 97 97 46 75 3 69 20 42 38 49 60 60 8 1 17 47 83 92 96 102 42 48 19 97 47 22 81 98 9 88 46 72 95 98 56 34 81 48 89 27 8 66 91 76 33 69 90 35 13 90 65 25 42 46 35 62 32 3 65 78 41 51 40 73 16 76 59 66 11 62 9 58 72 74 92 42 21 58 26 78 91 47 84 67 63 68 87 53 70 80 90 74 
18 18 96
17 19 100
20 22 27
1 4 4
22 23 99
4 5 91
18 21 32
15 18 22
6 8 97
18 20 1
7 9 41
17 18 101
21 21 45
3 5 35
18 19 62
18 19 32
15 17 71
23 2 30
1 2 66
22 0 10
1 3 78
13 14 68
8 10 101
15 15 84
6 7 39
1 3 5
17 19 47
7 10 45
22 23 14
9 12 73
1 3 23
21 23 52
22 1 99
2 4 5
15 18 4
15 19 48
0 2 63
11 14 16
10 11 83
3 7 85
12 14 33
14 16 5
8 11 18
6 8 31
2 4 61
21 23 43
