50 102
12 41 102 38 49 68 45 57 90 14 39 101 46 75 28 43 90 82 99 70 43 77 14 62 32 72 19 57 2 64 6 85 9 45 55 53 99 63 83 51 88 26 10 27 40 76 102 47 75 61 54 77 86 55 94 20 22 15 84 99 59 3 64 93 83 90 34 27 89 19 84 88 72 20 33 5 55 55 80 47 72 90 83 31 33 66 61 24 35 88 58 22 38 2 37 59 8 101 12 13 13 78 
5 8 87
23 2 36
3 5 68
21 23 20
12 14 42
5 7 29
19 19 100
21 1 42
3 6 99
0 2 7
11 11 62
1 3 81
8 11 86
23 23 41
3 6 22
21 0 54
19 20 23
20 0 58
17 18 23
21 0 73
3 3 54
12 14 23
22 0 25
12 13 51
20 23 68
7 7 11
10 14 41
18 21 97
4 6 55
6 8 13
3 6 101
1 2 38
10 10 91
1 3 70
11 12 71
4 6 46
8 8 5
19 20 13
5 7 34
9 12 70
23 1 80
9 13 7
19 21 45
21 23 7
11 14 42
16 18 4
21 20 42
22 1 14
8 11 33
16 18 28
