58 102
81 84 92 76 33 52 48 64 48 54 12 89 73 85 7 42 62 83 50 63 8 26 47 26 18 64 77 84 94 15 51 75 49 56 57 97 37 32 64 23 19 42 56 38 25 13 27 31 23 55 26 49 48 42 70 84 52 57 9 30 46 72 21 59 61 92 14 43 56 101 66 12 48 1 37 83 83 75 12 82 37 67 87 16 27 8 99 3 35 30 21 92 66 47 6 8 90 59 54 49 3 14 
16 19 101
7 10 70
11 15 97
11 14 100
15 18 73
6 9 98
5 7 86
19 20 58
16 19 89
3 4 46
3 4 33
5 8 101
18 21 54
21 23 53
8 11 99
17 20 4
13 15 85
0 2 30
4 6 64
8 11 61
20 21 28
19 22 57
1 3 59
10 11 70
9 12 17
4 6 3
2 3 95
7 7 97
4 5 18
0 1 2
7 9 58
2 5 38
22 23 71
7 9 35
16 20 40
10 11 23
10 10 39
18 20 86
10 11 92
5 8 90
2 5 87
19 21 52
6 8 80
22 1 90
18 18 12
2 5 76
20 22 91
13 16 20
9 10 90
15 18 51
20 22 34
15 18 62
13 15 71
15 17 74
0 1 43
23 1 100
3 4 23
7 9 39
