64 102
40 9 52 90 83 28 33 64 50 18 54 65 78 50 16 75 17 68 96 49 18 78 55 98 76 52 10 78 34 99 50 43 91 36 52 68 53 25 47 37 67 4 3 2 30 93 85 22 67 22 54 96 45 82 55 37 45 39 7 79 8 17 12 81 72 58 34 49 43 74 89 68 35 67 43 39 60 49 28 87 72 7 17 38 93 21 50 69 75 23 18 45 71 49 6 77 75 53 33 38 70 94 
16 18 96
16 18 18
6 8 83
3 6 18
17 18 29
19 22 9
4 5 41
21 22 40
16 16 31
23 0 23
10 13 31
17 18 61
20 21 56
6 9 77
15 17 59
3 4 65
16 18 23
11 14 102
23 0 73
17 20 21
19 22 63
15 20 74
6 9 27
20 22 1
11 12 48
11 11 83
22 1 8
17 19 72
5 9 87
21 1 78
10 11 70
6 8 56
23 0 9
22 0 63
22 0 101
16 17 15
13 14 80
9 11 27
0 4 36
10 11 68
19 20 53
21 21 36
12 15 43
9 12 61
1 1 82
11 13 86
11 13 23
20 22 56
11 13 70
9 12 78
3 6 60
23 2 64
3 5 83
8 11 82
13 16 1
17 20 98
15 18 44
14 16 85
1 3 18
4 6 7
22 1 17
12 14 22
12 14 32
11 14 77
