66 102
8 63 47 16 37 67 63 21 24 75 1 34 32 19 57 79 24 64 20 11 57 54 46 86 95 18 59 58 95 99 12 101 91 69 55 75 41 44 33 91 95 35 71 10 60 50 100 31 78 85 76 40 21 64 79 46 77 8 89 84 73 89 3 101 91 67 95 93 4 54 8 49 18 44 6 38 24 30 35 58 8 90 76 65 94 68 56 48 19 91 46 46 34 88 96 93 75 75 80 97 47 65 
4 6 21
18 19 51
2 3 57
8 9 70
17 18 38
10 12 44
17 21 67
10 12 101
19 21 14
4 6 19
4 7 46
10 12 5
20 21 61
9 11 77
11 12 99
13 14 71
5 7 9
18 22 9
11 14 44
10 12 96
10 11 44
15 17 4
16 19 76
12 15 66
16 19 15
12 14 40
1 3 90
23 1 52
13 15 11
0 1 28
20 21 64
14 16 41
15 16 92
10 12 86
4 5 83
16 17 94
14 14 78
9 10 60
22 1 96
13 16 30
22 1 52
10 11 73
12 13 66
4 6 8
20 21 77
3 5 62
10 12 94
12 14 95
5 8 68
18 19 21
19 21 2
13 15 66
23 1 98
6 9 63
14 17 49
21 22 67
0 3 102
12 14 99
17 20 60
17 20 34
3 6 43
8 8 51
16 18 14
14 17 55
10 13 58
11 13 93
