74 102
40 7 86 97 37 24 76 14 27 102 81 41 19 100 14 70 94 48 42 98 84 86 80 28 34 88 25 51 73 90 27 35 53 14 14 19 75 54 28 57 51 48 79 5 62 72 63 61 95 28 88 69 21 14 2 57 79 27 48 95 21 92 51 88 92 74 69 82 8 11 24 15 96 43 56 52 71 59 52 12 102 92 85 1 59 45 54 67 56 41 15 47 45 96 93 97 68 61 33 46 3 47 
12 13 62
1 3 33
11 14 69
14 16 9
10 12 100
7 7 74
9 11 56
10 13 2
11 14 93
23 1 36
19 22 11
14 17 88
21 22 51
10 10 46
5 8 68
20 22 28
3 4 70
11 13 91
23 0 23
1 3 14
16 17 37
15 18 94
16 18 92
10 12 74
22 22 26
22 0 75
22 23 81
6 8 24
7 9 62
18 22 19
10 11 99
1 3 6
2 3 11
5 6 101
15 17 29
21 22 6
7 7 14
11 13 17
3 5 80
6 9 76
14 16 28
1 1 29
8 12 23
11 12 58
7 9 75
2 4 39
10 11 10
13 17 37
9 11 35
15 18 70
0 5 38
3 5 35
6 8 72
14 16 15
23 3 21
15 15 77
1 4 90
23 2 6
11 14 24
23 1 57
15 18 101
14 16 61
16 18 67
16 17 61
14 17 45
12 15 37
4 5 75
7 9 102
4 5 47
23 3 88
11 13 71
8 11 30
15 17 6
20 22 41
