76 102
95 81 24 23 10 102 101 47 35 21 7 24 79 33 61 99 6 3 94 80 86 83 1 21 47 10 75 27 65 76 11 23 96 21 56 71 95 53 2 4 78 57 99 97 38 32 50 39 21 50 61 21 11 25 70 93 22 24 3 12 2 6 99 68 36 79 4 46 100 65 100 89 100 46 68 97 23 72 39 4 23 95 65 39 30 61 88 96 16 36 15 7 84 54 101 102 68 13 63 63 22 70 
22 0 73
5 8 1
12 14 39
18 20 87
11 13 52
23 0 81
12 11 38
14 16 22
18 20 75
23 2 61
9 10 3
21 0 66
9 10 21
19 21 36
10 12 75
19 21 54
15 15 36
7 9 13
15 18 95
0 2 44
2 4 13
0 1 10
21 23 64
5 6 61
5 6 89
14 17 100
1 4 81
2 4 98
17 19 95
19 21 9
11 14 94
8 11 10
13 15 12
22 22 58
5 8 97
8 8 25
20 22 83
16 18 11
9 10 59
15 17 34
0 2 83
8 10 93
7 10 9
3 6 66
12 15 97
15 20 28
3 6 90
18 21 24
2 3 41
5 7 14
12 15 3
16 18 40
10 11 51
12 16 84
21 22 79
16 20 24
15 18 32
15 15 14
18 20 59
12 15 89
8 10 100
21 20 10
15 17 84
4 8 19
8 11 12
14 16 99
10 13 47
15 17 36
7 10 44
4 7 73
15 18 19
19 23 82
18 19 28
16 18 7
7 9 12
3 4 68
