78 102
35 9 21 92 96 17 94 27 38 91 47 29 79 89 23 98 11 94 91 12 44 38 69 33 33 21 55 82 28 48 94 61 79 30 66 3 73 12 25 7 82 32 3 2 5 72 1 68 31 102 12 12 13 38 93 42 86 14 93 67 32 96 78 10 19 29 100 86 36 101 44 90 61 82 21 57 67 58 13 23 37 55 12 82 6 88 64 68 70 88 4 57 32 88 84 98 45 50 49 45 96 74 
23 1 91
1 2 32
1 4 30
7 11 15
20 23 99
4 5 12
4 7 36
9 11 45
9 10 60
1 4 102
11 14 26
3 5 23
18 20 54
17 20 24
22 0 53
13 16 24
18 20 15
3 6 7
22 23 82
19 22 28
23 1 86
11 14 57
11 13 5
18 20 80
15 18 53
1 3 41
15 18 9
14 18 79
6 9 74
4 7 12
21 0 59
21 0 35
17 20 16
22 0 96
1 2 102
4 8 65
8 11 2
10 13 65
8 8 25
20 22 70
17 19 47
22 2 14
9 11 95
13 15 45
20 23 52
23 1 15
0 4 21
11 11 43
0 2 24
23 2 85
9 12 79
13 15 27
11 12 59
6 7 35
8 10 90
1 3 20
16 18 72
11 13 17
6 8 49
19 22 52
6 9 78
2 5 82
7 10 50
14 16 39
5 7 8
14 15 61
9 11 29
9 11 37
6 9 81
18 20 83
1 4 86
0 1 16
7 10 8
19 20 94
17 19 70
19 22 68
7 9 6
3 7 102
