84 102
26 67 41 20 99 81 57 61 26 102 67 20 17 70 44 66 87 40 78 29 74 38 5 60 65 91 100 37 49 40 95 62 46 27 97 48 15 44 18 51 38 61 80 36 32 95 77 98 84 1 83 7 52 36 70 49 70 53 25 47 96 96 20 47 70 13 46 9 26 68 53 101 8 9 2 62 14 93 15 48 46 44 67 79 101 37 40 92 47 56 65 57 48 100 82 70 74 73 53 8 85 39 
15 15 102
4 6 62
2 3 19
7 9 24
14 17 17
23 0 28
6 8 62
3 5 16
21 22 79
15 16 35
3 5 41
21 21 64
3 5 83
0 4 91
14 15 35
1 3 35
23 23 88
4 5 36
8 10 12
7 7 16
15 17 99
0 2 49
7 10 84
3 5 102
0 2 93
22 0 97
15 15 59
11 15 94
17 19 10
0 3 8
0 3 60
1 2 54
23 0 31
18 20 48
20 0 77
4 7 33
11 13 52
4 5 92
20 20 65
6 7 58
18 21 23
10 9 94
6 9 50
4 6 77
5 6 79
5 7 21
18 22 37
3 3 58
10 11 72
21 22 21
7 9 29
23 23 10
16 18 16
7 9 101
22 0 97
4 6 31
9 11 86
12 16 43
15 17 30
4 7 4
22 0 97
0 3 80
0 3 36
15 18 61
19 21 64
19 20 25
5 8 43
10 13 53
11 12 57
18 19 43
14 17 50
14 16 19
4 5 19
2 3 95
19 20 88
16 18 11
7 9 64
13 17 12
2 5 48
21 23 74
23 2 101
21 0 32
13 13 56
10 13 36
