88 102
65 13 40 77 26 26 85 23 48 44 82 48 84 14 24 65 75 18 23 17 95 10 8 45 56 7 72 27 16 10 93 28 79 34 7 61 84 69 43 42 74 5 63 60 97 39 90 86 76 18 102 5 94 28 98 70 92 93 8 54 38 96 78 6 62 49 52 6 93 26 42 14 32 18 36 29 25 96 95 96 60 72 88 8 39 42 81 54 85 52 6 86 34 14 82 59 93 23 41 100 92 42 
8 11 58
2 4 93
17 20 20
17 20 21
22 23 7
15 14 65
9 12 73
2 5 96
16 18 41
3 6 58
17 19 49
19 22 97
15 16 82
22 1 33
3 5 35
12 14 79
15 16 32
10 11 60
19 21 41
21 23 73
3 4 73
15 17 46
17 21 52
17 20 72
0 1 43
15 16 7
23 3 96
5 9 61
9 11 52
4 6 55
21 22 46
10 12 71
6 7 44
13 14 43
12 13 78
13 15 101
0 3 58
8 11 49
8 11 37
13 16 88
3 5 62
9 9 71
16 18 70
4 6 81
8 12 75
19 19 86
17 19 10
11 14 70
22 23 12
11 12 56
20 21 60
1 4 31
12 13 66
4 6 53
4 5 5
23 1 78
0 2 10
15 15 95
8 10 98
3 5 86
19 22 11
13 14 80
20 21 9
9 10 1
14 16 9
21 23 55
3 6 94
21 0 80
16 18 36
13 15 6
22 0 57
1 3 17
2 3 1
6 7 43
6 8 17
13 14 97
14 16 86
15 19 74
17 20 21
20 23 75
19 21 16
17 20 15
3 4 86
0 3 29
15 16 102
9 11 72
5 5 66
15 17 97
