98 102
54 28 71 14 2 36 66 27 62 59 20 5 39 7 101 60 18 8 6 41 56 82 10 86 26 100 98 67 75 83 96 5 64 52 40 25 50 45 19 3 86 61 68 73 19 52 46 15 84 4 87 70 23 3 59 84 73 86 64 7 68 11 57 63 51 64 38 8 30 82 69 62 30 29 82 101 93 4 80 78 98 84 1 33 98 29 51 54 39 43 95 83 100 10 94 55 100 91 65 90 70 98 
21 0 42
15 17 86
16 16 76
17 19 48
7 11 95
13 15 66
7 10 41
1 3 52
21 23 97
17 19 6
8 10 17
15 18 82
6 7 68
16 18 11
1 2 7
2 5 102
7 7 69
16 17 60
3 5 61
16 17 88
18 19 49
18 18 31
20 0 16
0 0 87
14 17 69
18 20 32
17 18 62
17 20 92
22 23 21
1 2 39
13 14 80
4 5 87
10 12 87
13 15 35
17 20 45
22 1 15
3 6 96
14 15 62
2 6 20
11 12 52
8 7 2
5 8 26
3 6 37
20 22 10
13 16 100
15 18 74
3 7 32
16 17 73
6 8 13
22 1 1
19 22 41
2 4 75
13 15 19
10 12 65
2 5 5
18 20 77
20 21 24
2 6 78
1 3 8
1 4 16
19 21 65
11 13 91
8 9 79
21 0 34
1 4 4
11 13 37
7 10 35
17 18 96
20 22 76
4 7 41
17 18 24
15 18 53
4 5 52
11 15 88
22 2 10
20 21 22
0 1 95
7 9 82
16 19 71
2 5 16
6 9 11
20 22 74
0 1 49
6 8 46
19 20 61
16 19 42
17 19 59
20 22 89
1 4 91
21 22 8
7 10 25
18 19 77
18 19 48
14 17 20
21 22 72
12 13 94
17 19 26
11 14 90
