1060 20
12 17 6 13 5 5 17 16 12 16 19 18 3 16 19 12 1 17 2 16 
2 4 15
10 12 11
18 19 14
8 11 3
2 3 16
15 17 9
7 7 3
3 5 20
0 0 13
12 13 10
17 19 1
14 16 17
13 14 19
11 12 1
0 2 9
6 7 17
7 8 3
11 13 20
23 0 13
21 0 5
4 7 17
14 16 10
17 20 12
15 17 12
17 19 2
8 11 13
16 19 4
0 2 12
3 2 7
23 2 8
17 19 15
3 4 9
20 21 10
5 7 18
15 17 12
10 13 17
9 12 3
4 7 20
17 19 17
22 23 1
10 11 16
16 18 2
18 20 18
17 18 5
14 16 6
22 0 17
13 14 16
6 9 6
5 8 16
22 1 6
8 10 5
7 9 5
17 18 13
5 7 1
1 5 18
2 5 14
4 7 8
12 15 18
23 23 8
15 16 3
19 23 1
18 20 14
2 3 14
17 19 16
9 11 16
13 13 7
21 0 5
3 4 12
21 23 11
9 10 5
10 12 12
14 15 17
6 7 13
8 10 5
14 15 11
17 19 13
0 0 12
0 2 15
15 18 9
22 23 17
15 17 8
13 14 14
4 7 1
13 15 14
13 15 9
5 6 17
22 2 7
20 23 13
8 10 13
9 12 11
20 22 9
17 20 5
4 6 2
22 23 2
16 19 14
1 3 13
3 4 9
21 0 14
18 21 4
7 9 11
18 19 3
3 5 8
2 3 20
21 22 18
18 18 9
1 3 2
1 4 5
5 5 14
3 3 3
1 4 12
18 20 20
8 8 4
17 20 12
12 14 12
17 19 8
0 0 8
6 7 14
12 14 15
3 4 18
14 14 20
10 12 6
20 21 14
16 18 15
9 11 1
1 4 17
12 15 8
2 3 7
16 16 13
18 22 17
5 9 4
4 6 1
12 14 2
0 5 16
21 0 10
13 13 18
19 21 8
0 2 9
21 0 11
8 9 11
10 12 11
22 22 10
19 19 18
6 8 1
23 1 13
1 3 16
18 19 1
20 20 12
2 7 19
6 9 13
18 20 7
2 4 9
14 17 20
8 10 16
1 2 8
9 11 2
18 19 11
8 10 10
22 0 7
12 14 13
13 15 20
12 13 14
5 9 10
5 8 20
14 17 1
4 5 3
14 17 13
6 8 4
18 19 19
12 13 17
13 16 15
15 17 17
11 11 7
8 10 12
9 13 1
7 8 10
7 7 14
15 17 20
2 3 2
2 6 16
19 21 11
18 21 12
5 7 20
7 8 11
2 3 7
8 9 9
1 3 6
16 18 5
6 7 2
16 20 4
23 2 12
0 3 3
2 3 10
11 13 15
14 16 20
20 21 6
15 16 10
17 20 19
7 9 20
22 0 18
18 20 11
22 1 12
12 13 2
21 22 19
8 9 15
15 17 4
10 11 20
17 18 12
16 19 6
13 17 2
12 14 3
9 12 4
15 16 20
10 12 9
15 17 18
11 15 8
21 0 13
12 14 16
9 9 20
0 5 9
14 16 16
17 18 5
4 6 14
10 11 20
5 6 17
11 13 13
9 13 10
15 18 3
1 3 11
22 2 7
4 5 13
22 23 7
11 15 1
11 13 7
0 4 9
5 6 12
23 2 20
15 15 12
3 4 2
1 3 14
5 6 7
21 22 12
6 11 17
11 13 1
2 5 5
21 1 5
11 13 6
0 4 11
12 13 8
5 6 2
19 20 18
15 15 9
17 18 16
4 5 6
11 12 15
19 18 8
4 5 15
23 1 5
4 7 3
5 5 2
7 9 9
1 1 11
13 15 11
1 6 3
9 12 6
0 2 6
8 11 10
6 7 12
20 21 12
10 13 13
5 6 5
23 23 6
8 11 15
12 14 11
16 19 4
2 4 3
9 11 14
20 22 7
0 2 3
9 11 9
5 7 16
19 21 19
9 11 19
16 16 2
9 11 17
14 16 1
4 8 4
6 7 16
0 2 19
14 17 7
14 16 2
0 2 14
12 13 18
2 3 15
10 11 16
2 3 16
4 5 10
4 7 11
5 7 19
12 14 16
1 4 7
13 16 16
19 20 3
21 23 5
4 6 1
9 12 7
8 10 6
3 5 15
1 3 10
3 4 7
14 15 17
0 2 16
12 15 12
4 6 4
8 11 15
11 13 9
10 11 8
23 1 9
2 2 19
12 14 3
6 9 13
14 17 11
10 11 16
8 10 11
5 5 10
18 20 3
16 18 10
2 4 14
4 6 8
20 21 13
6 9 5
7 9 2
11 12 13
2 3 15
2 5 6
22 0 14
20 23 13
16 17 16
2 3 7
4 6 7
14 15 1
23 0 19
7 10 9
9 10 4
21 1 19
6 7 4
3 5 1
9 12 2
0 2 1
10 12 1
18 20 13
4 7 9
18 20 9
19 22 5
12 15 4
21 1 7
3 4 9
7 7 18
7 8 13
14 16 1
2 5 18
21 0 2
9 11 20
0 2 15
22 23 14
22 1 6
9 10 18
12 14 15
14 18 8
14 16 10
21 23 7
15 18 3
14 16 9
13 16 8
22 22 16
13 16 5
15 17 13
8 12 14
2 4 14
21 22 10
13 16 7
14 15 15
11 14 4
16 16 4
14 16 1
7 9 13
22 0 2
21 22 5
2 4 3
14 17 18
14 16 19
0 1 6
15 16 4
21 0 11
3 5 12
0 2 9
4 8 20
3 3 2
22 1 18
4 8 17
7 11 10
16 17 2
21 22 13
9 11 5
18 19 4
9 10 12
4 7 12
8 9 17
23 1 9
10 14 12
19 21 19
10 14 8
23 2 7
16 17 11
2 4 6
0 1 12
5 5 10
2 2 3
12 15 2
0 1 12
8 9 8
14 16 8
5 6 7
8 9 9
22 22 11
17 20 12
14 17 17
18 21 7
20 22 5
4 6 16
6 10 6
22 0 11
0 1 9
8 10 6
0 3 7
20 22 14
11 14 20
17 18 10
20 21 11
3 5 20
4 6 1
13 14 11
0 2 3
23 0 7
5 8 19
2 5 15
20 23 3
2 3 15
0 1 11
19 20 4
8 10 10
4 5 3
7 10 3
15 16 15
1 3 19
20 23 17
3 6 7
1 2 19
23 0 12
14 16 7
7 9 12
22 0 14
14 16 13
22 1 10
3 5 2
5 7 17
1 4 10
6 8 16
22 1 7
16 18 12
10 12 8
13 15 9
20 22 7
21 21 18
10 11 1
2 3 14
19 20 1
15 16 19
22 1 20
14 17 10
12 15 6
0 2 3
20 22 5
19 22 15
18 21 6
14 15 4
14 17 18
0 2 10
16 16 1
6 9 12
8 11 15
0 2 15
0 1 7
21 22 20
15 16 9
0 2 1
6 10 7
12 15 2
18 22 17
12 11 2
1 3 3
22 0 19
16 17 3
9 11 2
22 23 1
9 11 16
4 7 9
10 11 1
20 21 6
14 17 13
4 5 12
16 18 19
5 6 11
5 6 13
8 11 5
19 20 3
7 11 16
7 8 11
6 8 7
18 21 6
23 2 6
13 16 8
4 7 8
12 13 3
12 13 5
1 2 1
8 11 13
9 12 3
2 4 19
23 2 20
17 20 4
6 6 14
10 12 14
3 4 3
14 16 15
23 1 15
21 1 7
10 12 13
1 3 19
5 6 7
18 19 12
16 17 3
5 6 14
3 6 14
7 9 2
18 21 7
17 21 15
3 4 6
1 2 19
8 7 13
5 8 14
6 9 14
9 12 14
6 9 17
3 6 2
20 22 20
16 18 11
18 20 4
2 3 2
7 9 20
2 5 17
20 22 8
1 4 14
11 14 17
14 17 5
23 1 9
17 20 16
11 12 8
0 3 13
13 14 1
19 19 5
6 8 13
6 8 15
17 21 18
14 16 15
6 7 18
4 5 3
10 11 16
22 23 13
18 22 7
22 2 10
12 15 2
6 6 4
3 7 3
10 12 4
21 23 11
10 12 15
15 18 12
21 23 16
10 12 13
19 21 5
9 11 16
21 23 10
4 6 19
12 14 1
19 22 4
0 2 18
13 17 1
2 3 15
20 22 12
0 2 20
9 11 12
11 14 2
4 6 13
2 6 13
12 15 12
6 9 20
8 9 2
8 10 4
8 12 19
5 7 6
10 12 20
22 0 1
9 9 14
7 8 9
15 18 6
19 21 8
4 5 3
16 19 17
0 1 1
8 8 14
22 0 4
0 1 7
3 2 11
20 22 3
1 2 14
16 19 7
5 8 13
22 0 11
21 23 16
1 4 17
13 14 9
1 3 13
18 19 3
11 12 7
22 1 5
23 0 4
11 12 5
11 12 13
19 21 1
1 1 8
8 9 8
5 6 2
20 22 10
6 7 16
19 21 18
19 23 5
2 4 17
0 1 17
19 22 15
13 14 1
4 6 8
23 0 3
9 12 20
21 23 8
20 22 11
9 11 10
16 17 1
11 12 5
17 18 15
8 10 3
4 5 1
19 22 8
1 2 16
20 21 9
1 4 17
10 13 14
9 12 8
1 4 5
16 18 2
11 12 9
1 2 1
11 13 17
10 12 2
8 9 19
6 8 14
15 16 11
23 4 4
5 8 17
20 21 9
19 20 11
21 23 14
1 3 12
22 0 17
6 9 14
3 7 14
14 14 2
14 19 1
19 21 13
19 21 1
12 14 2
19 21 7
12 15 14
9 11 4
6 9 10
22 1 8
21 0 12
8 10 6
21 0 3
17 21 20
8 9 19
14 16 7
3 6 15
7 10 13
3 6 1
16 18 7
11 13 4
1 4 4
11 11 7
23 1 2
16 17 17
1 3 13
18 19 16
22 1 15
21 23 14
6 7 6
5 10 14
20 22 10
12 14 3
23 1 14
18 20 16
23 1 20
11 12 5
7 9 15
23 2 9
16 18 3
10 11 7
15 17 19
12 13 10
10 12 9
4 6 9
10 11 4
7 10 7
20 22 10
14 16 3
8 11 1
22 0 6
10 13 20
2 4 4
10 12 10
1 2 13
11 12 7
0 3 8
7 10 10
15 18 8
4 7 10
15 18 3
2 4 16
21 23 3
20 22 13
15 19 19
9 9 1
21 22 16
9 10 15
16 19 4
6 7 20
16 17 2
13 15 20
15 17 19
11 13 8
18 21 12
2 3 16
5 7 12
4 6 2
2 4 15
15 17 18
10 11 16
0 2 16
9 11 17
20 0 16
17 18 11
11 12 7
19 20 6
7 9 4
11 14 16
10 12 12
19 21 15
12 15 20
8 9 12
0 2 18
6 8 17
4 7 19
9 11 9
19 22 15
22 0 20
9 11 9
21 23 12
23 0 11
15 15 16
7 9 11
12 14 3
22 1 3
3 5 16
13 15 2
21 23 11
16 19 16
6 8 4
10 11 4
18 20 12
9 12 20
8 11 5
21 22 10
4 7 3
7 10 3
21 22 3
14 16 3
13 15 14
12 16 11
5 7 4
5 9 12
17 22 15
12 15 16
23 1 17
5 8 3
10 11 5
5 7 18
20 22 20
22 2 3
8 10 6
14 15 5
2 3 16
20 21 10
0 3 8
11 14 18
5 7 10
1 3 6
2 4 12
4 7 9
21 22 9
0 2 9
11 13 16
15 16 7
2 5 7
13 15 13
1 3 14
9 10 20
3 4 1
16 19 4
17 19 19
19 19 6
17 20 8
4 4 10
8 10 18
21 23 8
14 15 13
16 18 12
9 10 1
2 3 16
4 5 12
7 8 12
19 22 12
9 12 11
11 14 5
22 0 17
14 16 15
2 4 1
1 2 9
9 11 10
15 16 7
5 6 14
3 6 17
6 8 19
10 13 13
0 0 8
1 2 18
15 17 5
23 0 16
21 0 14
12 13 16
15 16 2
4 7 17
21 0 3
4 7 13
0 2 2
13 16 20
8 10 4
14 15 10
13 17 19
16 16 7
16 19 13
20 23 6
18 20 5
2 4 19
13 17 17
8 8 2
9 10 4
20 22 7
5 8 20
7 10 4
22 0 4
5 6 10
6 7 20
9 9 18
19 21 16
1 3 15
12 14 5
12 14 20
17 19 8
3 5 5
0 1 17
4 7 16
10 12 11
12 13 15
19 21 8
0 4 5
19 22 7
3 5 5
17 20 8
10 11 7
11 13 18
10 12 18
20 22 11
8 9 2
7 9 12
14 16 9
9 10 13
5 7 19
21 22 8
16 17 13
17 19 20
18 20 3
3 5 17
11 15 3
12 14 1
15 17 13
14 14 10
19 20 10
8 8 9
14 18 14
23 2 18
5 6 5
17 20 4
19 21 8
12 12 1
20 21 5
9 11 10
13 15 8
19 20 18
20 22 19
4 5 1
21 0 15
5 7 13
3 5 18
14 14 3
6 8 11
22 22 13
10 10 11
19 20 12
20 1 12
22 23 19
18 19 2
8 11 4
17 20 4
19 23 17
4 5 13
14 16 17
17 17 2
18 19 15
14 17 5
1 3 17
6 9 15
2 4 15
0 2 9
5 7 20
14 18 10
20 22 8
10 12 8
15 17 6
18 20 13
10 12 4
12 15 3
1 3 10
13 16 1
18 19 8
9 11 7
10 12 2
8 10 17
9 12 5
19 21 15
3 5 11
15 19 13
17 19 13
20 21 17
4 6 1
19 21 12
17 18 17
13 13 15
10 12 6
7 8 20
23 1 2
12 13 5
21 1 8
20 21 8
11 12 20
15 17 4
22 1 6
0 1 19
15 17 1
6 8 1
3 4 17
6 9 9
13 14 4
18 0 15
6 7 14
11 11 5
11 14 16
13 15 12
0 1 11
18 21 18
1 5 8
21 23 2
5 5 19
23 1 3
10 12 8
20 23 4
3 7 11
12 14 2
20 21 5
7 9 13
0 3 1
13 15 20
4 6 10
21 22 10
4 5 10
20 23 17
10 11 13
6 10 16
18 21 19
7 8 14
16 19 11
3 3 2
8 10 7
19 21 18
17 18 3
14 16 6
4 6 6
12 14 14
18 21 1
7 9 7
10 11 10
17 18 17
21 23 1
21 23 18
10 12 16
9 11 13
5 7 10
0 3 4
10 12 9
8 10 4
6 8 18
18 20 8
7 9 15
3 5 10
2 2 11
1 1 15
1 2 16
11 14 13
0 2 16
2 4 1
1 3 2
22 0 1
