1000 20
3 7 14 16 20 18 18 4 11 5 10 4 10 9 6 16 11 7 3 16 
1 3 10
22 1 18
0 1 20
9 10 6
2 5 20
8 10 12
20 21 11
4 5 11
15 16 15
12 13 2
11 15 10
10 12 4
0 2 17
11 15 8
11 13 19
19 22 4
19 23 5
6 7 20
1 4 10
10 14 3
15 18 11
4 7 7
18 21 4
9 10 9
23 0 9
2 4 2
16 17 4
20 22 17
6 9 16
1 5 4
10 12 18
14 16 7
7 6 19
23 0 5
0 1 20
8 11 12
21 23 15
1 4 15
9 11 2
2 4 9
11 14 18
23 1 12
17 20 5
12 13 15
16 19 19
12 14 10
7 9 10
12 14 20
21 23 18
10 12 2
16 18 13
15 17 7
1 2 3
5 6 20
10 12 19
21 0 4
2 4 5
16 19 9
13 14 6
3 5 13
3 5 18
0 2 5
23 1 9
17 19 5
15 17 19
18 19 3
16 17 8
17 19 20
11 13 12
18 21 6
15 16 20
20 20 5
11 11 2
17 19 1
20 21 7
23 2 15
12 13 2
3 5 5
2 5 6
19 21 13
22 0 1
8 12 4
12 15 18
8 12 15
10 10 11
21 23 12
23 23 2
21 23 13
8 8 17
6 7 8
9 11 8
9 11 17
21 23 7
2 4 14
21 22 2
8 10 14
20 23 3
7 9 2
15 16 13
20 22 9
3 6 13
13 14 16
18 21 18
8 10 8
18 20 8
17 19 11
10 12 15
1 2 10
22 1 15
15 17 16
15 19 10
9 12 2
4 5 11
20 22 20
1 4 19
16 17 8
23 2 12
2 5 10
21 0 11
13 16 5
15 17 2
16 19 12
14 16 12
5 8 19
15 18 9
22 1 7
18 19 20
7 9 10
5 6 10
16 19 4
14 17 4
11 14 16
11 14 4
19 21 10
0 3 10
22 0 10
11 13 6
5 7 14
18 21 16
1 2 4
15 17 20
0 3 9
16 18 20
22 0 13
17 19 17
4 4 16
9 9 6
22 0 20
1 1 12
13 15 12
12 13 10
17 18 11
10 12 17
13 16 16
13 15 16
4 7 19
8 9 15
19 21 20
19 21 20
8 10 11
23 1 16
15 16 12
19 20 20
16 18 11
1 2 19
1 4 20
14 16 19
20 21 12
8 9 6
5 7 14
21 21 17
6 8 11
23 0 10
12 13 17
12 13 16
5 7 14
7 9 3
5 7 19
6 8 17
11 11 20
13 17 9
15 16 5
9 11 15
8 9 10
7 10 15
7 9 15
5 7 10
4 6 5
20 22 9
5 8 6
6 7 5
4 7 8
3 6 13
17 19 13
16 19 4
13 15 3
2 3 19
10 12 14
5 6 18
11 13 4
18 20 10
18 19 11
15 15 6
12 14 4
20 22 18
10 10 19
0 3 11
19 21 12
4 6 1
9 11 3
16 16 15
21 23 3
19 20 19
13 15 4
5 7 15
2 3 10
11 15 4
14 14 15
18 21 2
21 23 11
4 6 16
21 23 14
6 6 17
17 19 13
1 1 12
1 3 2
22 0 11
12 15 15
20 21 12
22 1 12
20 23 2
20 0 2
1 4 12
3 6 2
19 20 11
20 0 9
15 14 6
4 7 19
11 14 8
13 14 16
17 20 13
16 18 20
1 3 1
7 11 7
21 0 1
11 12 3
22 23 6
16 19 15
3 4 17
23 0 11
9 10 7
21 0 7
9 12 1
12 13 15
22 2 6
12 13 1
5 7 5
16 17 7
2 5 5
13 14 13
16 17 16
19 21 16
21 0 4
19 21 15
23 1 8
13 16 5
23 3 20
22 0 10
21 23 16
2 4 1
5 5 6
6 10 16
9 11 3
5 8 8
20 22 13
22 2 9
21 0 14
1 4 4
1 3 2
7 8 8
14 17 15
11 12 6
11 13 13
11 13 4
4 4 20
3 5 18
22 0 6
16 18 20
23 1 14
5 6 12
13 15 5
17 19 20
7 8 8
10 12 9
16 19 5
18 21 9
4 6 17
20 22 18
14 14 3
7 10 4
12 13 7
4 7 16
4 5 13
1 3 10
7 9 2
6 8 15
2 2 17
4 5 17
17 20 13
17 19 9
15 16 17
15 18 20
3 7 11
16 17 17
23 4 7
12 14 16
10 9 5
19 21 18
16 18 10
2 6 9
8 9 18
10 13 17
20 23 5
10 12 12
14 17 11
4 7 6
19 19 8
12 14 20
1 3 5
15 18 12
14 15 13
0 2 13
8 10 11
1 2 2
8 10 17
5 6 6
5 7 17
14 17 14
3 5 17
17 20 7
16 16 9
11 14 8
21 0 9
23 1 3
9 13 6
20 23 9
14 17 6
0 2 8
12 13 12
3 6 14
0 2 8
3 6 8
7 10 12
7 11 15
1 2 5
13 15 8
6 7 16
12 16 1
16 17 1
4 6 3
16 17 5
8 10 10
20 22 1
0 2 19
12 15 2
23 1 13
5 7 4
17 18 13
23 2 6
9 9 11
3 6 14
14 17 11
17 18 7
8 9 6
5 7 4
1 3 13
22 1 3
6 8 15
10 13 4
5 9 14
22 23 3
10 13 16
23 1 7
15 17 3
3 5 3
8 9 11
2 5 9
21 22 11
3 5 9
0 2 6
12 13 7
10 10 20
17 18 10
18 19 15
16 19 8
13 15 5
5 6 14
11 12 18
20 22 10
5 8 4
19 20 20
20 21 19
13 16 2
17 19 6
23 2 16
18 20 10
16 18 10
17 18 17
16 18 15
23 1 20
3 5 14
13 16 13
19 22 5
19 21 10
21 22 19
18 20 15
10 13 12
22 2 7
23 2 8
6 6 10
7 9 9
8 11 18
11 14 10
1 4 13
22 0 2
17 19 11
6 8 8
22 0 19
5 7 1
21 23 2
18 19 20
10 11 20
19 21 11
2 3 13
9 10 17
19 21 1
19 21 8
0 2 9
20 1 17
4 7 6
11 13 8
21 23 19
0 1 9
16 19 19
16 17 6
12 16 7
15 18 20
18 19 19
11 13 17
14 16 16
13 16 7
19 21 11
22 0 10
7 8 8
4 7 5
20 23 10
14 16 15
2 3 3
16 19 2
18 21 12
20 23 12
8 9 18
19 20 6
21 23 7
6 6 3
21 23 16
2 4 9
0 2 7
7 9 10
10 11 7
0 3 10
4 6 18
5 7 1
3 5 1
8 7 5
9 11 9
14 14 1
19 20 15
0 1 18
11 12 12
4 7 19
6 7 11
6 8 15
20 23 6
14 17 1
0 1 11
14 18 6
22 1 15
12 13 9
12 13 6
23 0 4
15 17 4
5 7 8
8 10 17
11 12 18
23 1 1
18 20 20
3 7 8
11 12 3
14 15 10
9 11 12
9 11 17
12 15 12
6 9 14
9 12 20
18 20 3
17 20 2
12 14 20
6 10 8
18 19 10
19 20 7
17 18 12
3 6 4
5 6 8
17 20 8
7 10 20
6 8 12
10 12 2
5 8 5
22 0 13
19 22 9
18 19 16
18 20 15
12 15 18
0 3 16
23 0 20
5 8 18
22 0 11
16 20 15
20 23 19
14 17 18
16 19 7
14 18 18
7 10 8
2 5 12
13 14 13
12 13 8
23 1 4
12 14 12
7 10 17
11 13 20
14 16 19
21 23 5
3 6 7
14 15 2
17 18 3
2 5 17
8 9 14
0 4 18
11 13 10
1 5 7
5 9 7
7 8 12
20 23 15
12 15 4
0 1 4
21 23 1
2 2 8
18 20 16
0 3 11
17 19 8
13 14 13
9 10 12
11 12 17
2 4 8
1 3 3
5 7 1
20 21 5
8 10 7
0 3 11
9 9 5
9 10 2
10 9 17
1 5 7
21 23 8
1 2 4
17 20 7
0 0 12
14 16 3
21 22 7
22 23 14
19 20 11
14 17 8
16 17 4
18 19 19
21 20 14
12 12 4
0 2 20
6 9 9
9 13 4
15 20 5
17 19 8
10 12 4
0 2 13
13 16 8
16 18 5
12 13 2
0 0 16
20 22 12
7 9 5
15 18 14
11 13 14
18 21 2
23 23 7
10 11 7
7 8 8
8 10 6
4 7 3
4 4 4
4 6 8
4 8 7
10 11 4
15 19 14
23 1 14
8 10 19
5 6 15
8 10 5
10 11 4
17 20 8
4 6 10
19 21 1
1 1 8
17 19 18
22 0 12
1 5 19
20 23 15
9 12 20
9 13 11
21 1 9
12 15 1
7 7 10
10 12 6
6 8 9
3 5 9
4 6 15
23 1 8
15 18 6
9 10 6
19 20 13
9 10 17
19 19 12
20 22 4
6 7 5
16 18 19
21 21 6
22 0 3
0 2 6
15 17 15
23 2 19
16 18 5
21 0 14
1 1 12
12 14 8
15 18 14
21 22 17
0 1 13
16 17 9
23 2 15
9 10 6
23 2 9
10 11 13
15 16 13
6 8 6
12 15 9
16 19 12
3 5 18
16 18 14
22 23 6
0 2 7
10 12 12
4 7 15
10 13 17
13 16 12
11 13 4
7 9 13
2 2 1
21 23 17
20 21 16
12 15 2
3 4 12
8 10 1
19 21 11
15 16 13
0 1 9
7 9 1
5 6 20
2 6 12
3 5 15
5 7 11
18 20 2
14 15 8
17 20 14
18 20 14
3 6 20
3 5 8
7 11 17
10 12 15
0 3 9
11 15 4
8 9 11
15 18 7
7 8 10
3 6 6
22 23 5
20 23 3
4 5 18
18 19 2
19 21 1
1 2 5
18 20 16
23 1 2
8 9 5
12 14 13
22 0 6
12 14 17
5 8 14
16 17 7
11 13 2
0 1 19
8 7 12
10 13 11
19 21 6
9 9 11
5 8 17
13 15 19
21 21 15
4 6 18
20 23 6
16 21 9
21 22 7
0 2 12
0 2 18
18 21 2
0 2 10
4 5 14
3 5 6
4 3 13
0 3 18
16 18 15
22 0 6
0 2 18
7 9 3
18 21 4
9 10 18
13 15 19
0 4 12
17 19 17
12 14 4
22 1 8
12 13 8
19 20 12
7 10 13
7 10 7
5 6 2
6 7 13
23 2 8
14 17 14
11 12 13
10 11 11
22 23 7
19 21 12
3 4 17
3 4 18
21 22 10
16 19 8
9 11 8
16 19 14
20 21 2
2 5 12
15 16 19
18 21 2
12 16 16
0 2 11
3 3 2
20 23 3
8 11 4
18 23 1
13 14 13
21 21 1
13 16 2
11 12 6
3 7 17
15 18 12
5 7 7
8 10 18
14 16 7
12 14 7
18 21 4
11 14 9
23 0 18
8 12 13
0 0 9
21 23 8
22 0 18
7 10 12
19 19 10
3 4 6
0 3 7
2 4 8
0 1 11
4 6 19
16 17 20
18 22 11
19 19 9
23 1 16
23 0 3
16 18 12
2 5 7
12 13 2
22 1 1
19 21 7
17 19 16
16 18 10
7 8 3
5 6 11
4 7 9
8 9 7
7 9 2
17 19 11
13 14 15
5 6 19
12 11 9
22 1 7
7 7 5
15 17 1
8 10 5
7 9 3
12 13 9
7 9 5
11 13 16
5 7 17
1 3 6
18 22 5
23 1 14
18 19 17
2 4 6
22 2 19
3 4 6
12 12 18
10 13 1
20 21 11
15 18 20
13 15 10
10 13 3
2 2 18
9 10 3
20 0 17
19 21 10
9 10 5
23 2 16
12 13 15
12 13 5
14 16 10
6 10 20
3 5 12
17 17 14
3 5 18
17 18 2
14 15 11
22 1 9
11 15 9
12 13 15
13 14 18
1 3 9
5 5 4
17 20 18
22 23 11
14 19 1
20 21 13
5 7 19
2 5 20
3 5 10
14 17 19
20 21 5
23 0 12
17 19 19
19 20 14
20 23 14
22 1 15
10 13 7
7 10 14
3 5 20
20 23 14
8 10 6
8 10 9
21 21 17
11 14 8
18 21 15
19 19 20
4 7 12
19 21 15
23 0 3
11 15 12
1 4 16
21 0 15
1 3 2
4 6 9
8 8 15
7 9 5
23 0 1
2 5 14
14 17 18
17 18 7
12 15 6
23 1 10
5 7 3
5 7 14
20 23 17
16 17 3
14 14 17
21 23 15
21 0 8
14 17 14
13 16 9
8 10 7
11 13 19
10 11 4
20 22 12
6 9 3
3 4 6
11 11 19
1 2 9
16 18 2
2 3 10
5 7 18
1 3 12
5 8 11
2 5 20
20 20 17
3 4 15
12 14 7
15 17 5
22 2 19
12 14 9
23 0 13
4 5 18
3 7 14
12 13 11
10 10 17
0 2 20
11 13 5
5 6 17
21 23 10
4 6 12
11 14 8
11 13 18
20 21 12
19 21 8
17 19 9
0 2 9
13 13 12
21 23 9
4 7 15
22 0 8
10 12 10
11 14 11
16 19 20
8 11 16
16 18 1
22 23 13
10 12 11
22 2 6
20 23 11
10 11 9
6 7 19
10 11 11
10 14 13
11 13 8
0 2 5
6 9 15
9 13 14
19 21 9
6 6 1
19 21 15
8 10 8
16 18 6
16 20 10
21 1 16
23 0 9
3 4 11
15 17 13
1 3 12
12 14 10
17 18 7
17 18 1
15 17 20
7 8 19
17 20 13
18 19 3
0 0 13
5 8 7
16 19 12
11 14 20
14 16 8
2 5 11
22 0 10
10 10 18
21 21 7
16 18 1
3 4 11
