1070 20
11 19 1 20 8 20 19 19 19 9 4 7 6 1 20 12 13 13 2 2 
6 6 16
1 3 3
21 22 6
19 20 14
12 14 5
20 23 12
13 13 7
2 4 13
18 19 12
14 15 10
4 7 13
15 15 4
21 21 3
3 5 18
13 14 6
21 0 10
20 23 8
9 12 20
10 12 16
7 7 16
19 21 9
0 1 18
4 8 16
9 12 8
0 3 13
14 14 10
18 19 7
2 4 12
3 4 13
8 10 20
7 10 18
16 20 10
17 21 13
9 12 3
21 22 8
10 13 1
16 20 13
14 14 20
17 18 6
3 5 12
4 5 4
3 6 5
6 8 4
22 0 4
7 10 14
7 9 17
3 6 18
19 22 20
2 3 5
23 2 16
1 3 6
3 6 14
0 2 12
3 5 15
5 7 2
8 11 14
6 8 11
15 16 5
17 17 19
0 1 4
22 1 19
3 4 2
3 5 6
14 18 6
1 2 1
0 3 11
19 23 17
13 14 11
16 18 19
2 3 2
15 16 13
23 23 17
21 21 1
11 12 20
10 13 11
11 11 7
14 15 14
9 12 11
14 15 16
19 22 10
5 5 16
8 10 14
19 20 16
8 10 6
8 9 14
18 23 20
23 23 14
15 18 8
10 13 6
14 16 18
22 3 17
22 22 10
20 22 12
10 12 18
11 13 16
8 11 5
19 21 7
3 4 9
5 7 9
9 13 11
1 3 17
16 18 16
1 4 15
8 9 18
8 10 20
0 1 10
5 7 12
14 17 14
20 21 12
0 2 4
6 8 17
11 12 15
8 9 13
12 15 12
7 9 11
0 3 15
0 1 18
22 23 11
11 12 14
15 17 19
0 2 20
5 8 7
1 3 15
20 23 15
17 19 20
21 22 3
17 20 12
15 18 13
13 16 6
4 5 3
11 12 6
4 6 20
3 7 18
10 13 3
13 13 15
17 19 3
7 9 11
23 3 5
13 15 6
12 12 17
1 3 4
16 18 20
20 22 7
6 7 19
11 13 19
23 0 5
7 9 1
17 19 6
6 9 12
4 7 2
4 6 5
0 3 9
1 2 15
1 5 12
7 10 10
18 19 19
6 8 15
20 21 4
5 7 12
13 14 20
11 13 3
5 7 12
10 12 2
10 12 18
3 3 20
21 22 9
14 16 7
16 20 11
5 8 6
19 21 20
4 5 11
2 5 4
17 16 16
10 13 20
18 20 10
5 6 7
13 16 11
8 10 5
17 19 2
13 16 12
15 16 1
22 22 18
5 7 16
5 6 4
20 22 9
18 19 11
19 21 4
8 8 4
5 7 2
21 0 17
0 4 6
7 8 20
4 7 7
8 10 16
9 10 5
19 21 14
10 12 3
1 3 5
0 2 3
13 16 3
0 0 5
16 19 12
6 7 8
6 9 20
22 0 16
10 12 18
12 14 19
13 15 6
12 12 15
12 15 19
16 17 1
15 16 15
17 18 10
7 9 18
16 20 18
11 11 6
17 20 16
9 12 1
6 9 19
16 17 20
16 17 19
15 16 4
16 18 17
11 14 18
4 5 10
22 23 17
22 0 6
4 5 1
11 15 13
17 20 5
23 1 12
8 10 9
22 22 3
19 21 14
9 11 12
9 11 16
10 12 6
3 4 12
17 18 4
7 10 19
1 1 18
19 20 2
7 10 10
19 21 15
11 12 4
12 14 5
8 11 14
13 14 2
14 17 17
20 21 1
20 21 4
13 15 13
8 11 11
9 12 9
2 4 9
6 9 10
14 15 6
9 11 19
12 13 13
22 1 14
19 21 5
3 5 17
0 2 11
17 19 6
1 3 14
4 7 15
16 17 16
9 8 6
21 22 7
3 6 10
2 3 13
17 19 2
11 13 18
6 9 20
11 14 16
7 9 9
20 20 14
23 1 6
1 3 12
22 23 13
8 10 18
13 14 12
14 16 16
19 21 17
0 3 16
17 18 15
0 4 15
7 8 1
3 5 2
20 22 12
0 3 7
17 20 4
0 3 14
18 19 17
10 10 8
2 3 12
19 22 2
21 23 11
16 20 6
13 14 10
7 9 18
20 22 14
7 9 8
2 5 7
20 22 6
20 22 12
19 20 18
11 12 19
22 23 16
7 9 11
5 6 1
7 11 17
5 8 19
14 15 17
11 12 19
15 15 15
20 21 17
19 20 6
13 15 13
8 11 18
13 15 3
15 16 8
11 12 19
13 16 11
9 10 7
18 21 12
0 1 12
0 3 19
17 17 12
6 8 18
2 4 14
11 14 17
23 1 5
22 0 3
10 12 10
1 3 11
19 20 2
10 12 10
2 4 5
5 6 5
9 13 10
3 3 13
4 6 6
16 17 11
14 17 4
10 14 7
19 21 2
0 2 19
13 14 10
18 20 18
15 18 12
13 16 16
18 21 9
18 21 9
17 18 5
23 1 16
6 7 6
6 9 4
8 10 3
13 14 18
1 3 18
22 22 4
8 10 15
19 20 19
19 20 14
11 13 1
23 2 6
11 15 11
15 15 1
15 17 15
6 7 1
4 7 4
17 19 2
9 13 5
1 2 3
9 10 1
12 16 14
3 4 20
1 3 3
16 18 5
1 2 17
3 5 19
23 0 13
6 8 1
2 4 8
0 3 17
11 12 6
13 15 16
4 7 12
11 12 19
12 13 19
21 22 9
22 23 3
16 19 12
10 12 11
3 5 8
7 10 16
21 22 20
17 20 12
23 1 3
5 8 18
23 0 10
19 21 7
14 17 15
16 18 2
10 12 4
11 15 5
2 6 8
4 6 2
2 3 11
4 6 10
3 5 12
21 23 17
4 6 8
11 13 7
16 19 7
9 12 4
8 10 14
3 7 9
15 15 9
22 23 11
3 4 15
8 11 8
15 17 9
16 18 6
4 8 2
14 17 3
6 8 20
2 5 17
5 8 9
16 18 1
18 20 11
10 13 9
23 0 6
19 20 14
9 12 2
8 10 13
23 0 1
0 4 7
13 17 19
7 9 3
0 0 15
10 13 1
5 7 14
15 16 3
12 15 20
0 4 10
18 21 10
3 7 3
19 21 13
21 23 11
7 9 13
9 10 7
7 8 2
3 6 20
9 12 19
9 11 6
2 4 3
8 11 18
10 12 12
17 18 1
21 23 16
12 14 6
7 7 5
19 23 16
11 13 16
14 16 15
8 9 17
12 14 20
14 15 14
6 7 10
21 22 9
17 20 14
13 15 1
17 20 11
17 18 10
15 17 18
7 9 17
1 5 20
21 23 3
7 9 20
0 3 17
7 11 16
0 1 5
18 19 15
17 20 17
21 23 16
1 3 20
21 23 13
18 20 1
11 13 16
20 0 16
9 11 2
10 12 20
7 9 18
20 22 16
14 17 7
21 21 7
14 15 11
4 8 2
3 3 10
19 22 7
0 3 4
11 13 1
18 19 18
23 2 16
22 0 19
15 18 14
9 9 5
16 18 5
10 11 15
22 22 2
22 22 12
4 6 8
15 18 10
1 5 17
0 2 4
0 4 20
19 23 15
13 16 12
7 8 20
19 20 12
17 17 5
2 5 1
6 10 16
3 6 18
2 4 12
12 14 17
13 14 5
18 19 16
16 18 2
6 8 13
16 18 13
5 5 13
13 14 2
22 1 6
19 21 10
2 3 5
0 2 4
13 14 2
21 23 9
11 14 10
19 22 17
11 13 1
6 9 14
10 15 9
23 1 15
22 1 13
2 5 14
21 22 8
23 1 11
1 4 13
0 2 18
18 21 12
20 23 9
0 2 10
6 9 8
4 6 15
20 23 12
15 19 5
11 10 3
6 8 11
2 5 10
17 20 3
11 11 15
14 15 2
19 19 1
2 3 19
11 14 6
18 20 3
18 21 11
1 3 13
1 2 11
17 18 10
12 12 16
7 10 3
22 0 12
20 20 1
3 4 13
1 1 12
5 6 5
22 1 20
12 14 16
13 17 20
21 0 16
14 17 9
17 20 18
5 8 5
5 8 12
17 20 5
6 8 5
20 22 9
3 6 10
1 4 17
17 18 8
14 17 1
1 3 20
9 11 6
4 5 6
18 18 10
23 2 6
1 3 5
13 15 9
22 23 15
10 13 10
15 18 20
8 9 12
14 16 12
20 0 11
21 22 17
9 11 18
12 13 8
0 3 18
2 3 15
22 1 10
7 9 17
2 5 3
12 15 6
16 18 18
17 18 16
23 0 2
16 18 11
13 14 6
14 15 11
16 16 17
18 19 4
11 13 9
10 12 14
1 4 13
12 15 11
8 10 1
23 0 18
13 14 19
19 21 19
15 17 7
6 8 18
4 6 11
0 3 20
4 5 16
6 9 5
13 14 8
23 2 9
16 18 9
18 20 8
23 1 8
8 10 1
11 12 12
12 14 7
6 9 11
10 12 11
0 2 18
22 1 8
9 12 18
0 2 12
19 22 15
22 23 18
14 16 15
22 0 4
21 22 4
20 21 12
6 9 20
21 22 10
10 12 7
7 9 20
23 1 15
14 13 7
1 4 6
20 21 16
11 13 13
0 0 16
1 4 10
12 15 9
6 8 5
23 23 12
3 5 8
22 0 16
17 18 19
20 22 5
15 17 20
11 13 1
15 17 20
9 12 17
18 20 11
19 21 15
14 17 4
1 5 6
0 3 5
14 17 19
13 14 6
16 18 16
19 19 7
1 2 5
7 10 1
14 16 18
21 22 17
23 0 16
10 13 13
20 21 20
8 10 3
15 16 12
11 13 20
16 18 4
4 7 10
9 10 7
20 21 5
8 10 1
9 11 9
15 17 12
8 10 4
21 22 17
15 18 20
15 17 13
9 13 8
12 16 8
11 13 2
8 10 6
5 5 5
23 1 5
6 8 2
14 16 18
5 7 13
1 2 9
9 12 3
14 17 10
14 17 7
11 13 16
15 19 5
17 19 9
8 9 20
23 1 20
13 14 7
17 20 2
22 0 3
5 8 3
16 18 5
11 13 1
3 5 4
0 3 9
18 20 6
4 7 4
9 12 19
11 12 13
2 4 7
5 8 13
21 21 5
15 17 15
1 3 17
2 5 3
14 16 13
23 23 20
13 16 12
21 21 13
19 20 17
10 12 16
20 22 10
13 17 4
7 10 13
7 8 19
15 15 9
0 2 1
10 13 14
10 11 5
23 2 10
10 11 7
19 22 2
15 16 19
23 1 4
0 1 7
16 19 1
1 2 20
18 21 6
21 0 9
1 4 12
21 22 3
2 3 8
2 4 18
9 10 13
2 5 20
11 12 7
13 14 8
15 17 15
18 20 11
19 22 6
2 6 15
17 18 11
15 17 2
2 5 14
14 16 20
4 7 14
22 0 11
6 9 4
1 3 20
4 7 19
19 21 6
18 20 3
6 8 14
22 23 2
13 14 7
1 5 10
9 11 2
7 9 12
20 23 19
10 13 2
0 1 12
14 16 5
7 9 5
22 1 16
13 15 6
0 3 8
19 22 1
6 8 17
19 21 20
0 2 4
6 7 1
7 9 4
2 3 13
6 9 3
3 4 8
8 10 9
10 12 8
6 10 9
23 0 12
14 15 13
6 8 13
20 21 10
17 18 2
10 13 15
18 20 8
12 15 14
11 14 5
20 22 20
10 11 11
11 14 1
4 8 3
5 6 18
4 6 12
3 4 15
3 4 9
1 3 10
8 12 20
7 9 6
20 21 18
12 13 14
22 23 11
13 16 10
18 21 9
18 20 7
4 6 11
4 6 1
14 15 7
1 3 7
9 10 19
10 13 7
21 23 10
21 23 2
1 2 18
18 20 7
15 17 6
0 2 17
19 21 16
7 10 1
23 2 16
5 7 5
13 15 11
16 19 3
4 5 3
16 18 14
14 15 15
14 16 8
5 9 8
17 21 14
15 17 3
5 7 5
10 13 7
20 22 16
14 17 18
20 22 9
13 13 8
23 1 13
20 0 7
18 21 9
9 10 14
11 13 15
3 7 11
18 20 9
17 19 13
4 7 1
5 7 13
1 4 10
0 1 19
8 10 14
0 2 12
13 16 13
14 15 1
22 0 13
8 11 12
16 17 8
23 23 1
5 8 7
20 23 14
12 15 16
19 21 8
3 3 4
22 1 19
0 3 11
14 15 13
17 19 18
23 0 18
2 5 4
13 15 11
9 10 15
21 22 9
10 13 4
13 15 18
2 4 9
19 21 16
5 6 9
8 10 6
22 1 9
14 17 5
17 19 12
5 7 5
2 4 14
9 11 15
8 10 8
2 3 14
12 12 8
23 1 16
6 8 6
16 19 20
15 15 12
9 11 20
5 9 4
23 2 12
10 12 1
22 1 7
18 19 20
16 18 6
23 2 14
23 23 14
9 11 20
4 7 20
16 19 15
2 5 14
19 22 11
23 1 5
20 0 1
17 20 15
8 10 1
13 16 8
14 17 1
22 1 3
14 15 11
6 8 13
4 5 9
20 21 5
5 7 8
18 20 14
1 1 1
2 5 4
12 16 9
22 23 18
16 18 2
18 22 19
21 23 11
16 17 2
16 17 2
3 5 3
5 7 14
1 3 12
7 8 15
9 10 3
12 14 1
7 8 10
19 21 13
8 10 19
19 22 9
0 1 15
2 3 3
1 2 12
23 1 3
7 9 14
16 18 4
17 21 15
5 6 5
0 3 13
17 19 15
21 1 18
21 21 11
9 11 19
14 15 18
12 14 9
16 18 5
7 9 10
10 12 10
8 11 5
6 7 8
11 13 5
21 23 3
10 12 1
4 7 7
14 18 4
22 23 10
13 15 1
6 9 1
16 19 19
15 19 1
0 3 14
20 22 13
8 9 12
17 18 9
19 23 15
20 22 20
2 3 12
6 9 8
9 11 8
13 14 18
19 21 20
12 16 11
21 22 16
21 22 14
12 13 16
3 3 14
21 23 5
23 3 4
12 15 12
22 0 9
0 2 3
19 22 20
14 17 20
7 10 12
12 13 14
19 21 10
15 17 4
14 16 16
11 13 14
0 2 4
22 0 8
16 18 11
17 21 16
7 9 11
8 9 20
12 14 20
2 6 2
19 20 19
11 13 18
15 16 11
17 19 14
6 8 2
11 14 12
6 9 15
1 3 9
10 11 9
10 14 13
17 19 16
12 14 13
17 20 12
10 11 17
15 16 13
9 10 4
15 16 6
23 1 9
20 20 6
16 16 5
0 3 5
19 20 11
0 2 11
2 4 19
22 21 14
3 6 6
