1010 20
20 6 15 19 1 18 13 15 4 7 11 19 11 8 17 18 9 3 7 10 
6 8 17
1 4 6
0 1 16
3 6 8
21 23 6
8 12 6
7 9 20
14 16 3
5 7 4
22 23 10
4 7 2
22 0 15
16 17 2
4 6 2
12 14 1
19 22 18
17 19 11
17 17 11
22 23 2
1 5 9
18 21 13
23 2 19
3 6 3
8 8 17
13 16 3
19 20 20
16 19 18
23 1 1
18 19 7
2 4 12
15 17 6
18 22 14
15 17 10
1 3 11
12 16 6
6 9 7
4 6 11
10 14 17
20 21 19
18 19 8
9 10 14
7 10 6
16 17 10
6 9 6
21 23 18
12 14 8
1 3 1
20 22 7
2 5 14
18 19 13
23 23 3
16 19 3
0 3 13
1 4 11
4 6 2
9 11 1
7 10 4
9 13 16
15 18 9
8 10 5
15 18 12
23 0 17
6 9 6
3 4 1
16 19 20
15 18 7
14 16 10
16 17 18
10 12 17
2 4 5
14 15 7
14 17 6
17 20 15
17 20 6
20 21 11
2 4 19
18 21 15
23 23 20
6 8 8
14 16 14
2 4 20
8 9 7
0 3 4
15 18 15
1 3 4
21 23 1
11 13 8
14 17 18
7 11 6
14 15 1
13 14 17
2 4 13
1 3 19
8 8 12
16 18 19
10 13 3
2 4 7
3 6 14
6 9 3
6 7 18
3 6 14
13 16 18
6 7 5
8 10 7
18 20 3
3 4 17
0 3 20
12 14 20
12 13 19
8 7 10
18 19 1
5 6 9
4 5 9
20 22 18
11 11 20
8 9 14
12 15 19
18 21 9
15 19 20
12 13 9
10 12 5
19 22 13
15 17 3
22 1 18
12 11 18
2 6 17
14 14 13
5 6 11
3 5 15
0 4 8
4 6 5
2 7 8
20 22 15
23 2 18
4 5 19
15 16 5
2 4 3
7 9 10
5 6 2
7 9 20
11 12 6
7 9 5
15 18 12
16 18 9
11 13 9
16 17 7
7 9 20
22 23 1
15 18 3
6 8 1
11 12 3
22 1 7
5 6 6
16 17 15
16 19 2
23 1 20
14 16 13
4 6 14
0 3 10
15 18 6
15 17 7
13 14 9
17 20 4
15 15 5
5 7 1
6 9 19
12 15 14
23 1 11
5 6 18
13 15 19
9 9 11
4 6 5
21 23 17
14 16 19
10 13 3
13 15 6
5 7 18
1 5 11
15 17 10
20 22 3
23 0 16
4 8 7
2 4 11
21 23 9
22 1 2
13 16 8
7 9 16
6 9 17
3 4 15
11 12 17
16 19 5
23 0 2
12 16 3
10 12 2
21 21 5
16 18 14
9 9 12
18 20 10
7 8 15
3 6 19
8 13 8
23 2 7
23 3 9
12 14 3
18 21 13
22 1 20
0 4 1
10 13 10
18 20 7
17 21 11
1 2 15
14 15 15
1 4 9
11 13 11
3 6 7
16 17 2
4 8 11
5 7 8
7 9 18
9 12 13
19 21 4
7 8 6
9 11 6
22 23 11
12 13 11
13 16 2
10 12 10
2 4 16
16 18 20
18 18 3
22 0 14
5 7 20
5 8 1
12 14 20
7 8 13
18 20 10
11 12 15
3 6 13
3 5 18
6 9 9
5 7 11
1 4 10
11 13 7
7 8 5
21 23 6
8 10 18
15 17 6
12 15 5
7 10 19
16 18 19
22 23 6
19 22 16
14 17 1
1 4 20
17 19 17
14 16 7
19 22 4
0 1 13
5 8 7
2 4 13
0 0 6
10 13 3
14 16 18
10 9 15
5 8 20
15 16 13
3 5 16
3 4 4
11 13 10
8 10 1
22 0 14
1 3 12
16 18 9
0 1 16
23 2 3
17 20 3
16 20 8
14 14 13
8 10 13
18 21 3
18 21 3
9 10 13
2 4 11
19 20 2
15 17 20
8 9 15
9 11 11
3 5 20
17 20 11
1 1 5
15 17 5
6 7 8
8 10 1
19 21 6
16 16 9
6 10 12
4 5 14
1 3 6
19 23 13
20 21 9
12 14 2
21 0 11
10 14 16
12 12 7
21 22 20
23 0 9
19 21 14
18 21 1
17 17 12
5 6 14
13 16 13
6 9 1
22 0 9
13 16 7
11 14 15
17 18 14
5 7 13
2 4 15
4 6 11
15 18 1
2 4 11
7 7 17
17 18 18
1 2 16
9 12 13
8 9 8
19 21 11
8 9 17
2 4 13
20 22 19
8 9 8
9 11 4
12 15 18
9 11 10
13 16 5
15 17 5
2 4 16
9 10 8
12 16 1
6 9 18
17 18 16
8 10 9
10 13 14
13 16 2
9 11 16
10 12 11
8 10 1
10 12 5
15 18 10
16 18 10
11 13 8
20 22 15
19 21 14
9 11 19
15 19 3
5 7 8
18 19 11
2 4 8
12 14 8
8 11 18
18 22 16
21 22 13
18 20 11
0 3 17
14 15 4
16 17 1
8 9 20
14 14 3
12 14 5
12 15 1
6 8 20
11 13 19
17 22 13
2 3 20
4 7 12
2 3 16
23 2 1
1 3 15
3 6 4
12 15 20
5 7 3
5 7 14
19 21 8
19 23 12
7 11 17
11 12 2
20 22 18
16 21 2
4 7 20
9 11 11
0 3 6
7 9 18
10 12 7
5 8 17
14 16 8
19 23 14
3 5 3
16 18 18
3 6 9
7 10 13
21 0 14
6 10 9
9 13 5
11 12 15
18 19 17
4 6 4
15 15 18
21 22 3
4 7 18
21 0 14
10 12 15
22 1 14
19 21 7
12 13 10
1 4 17
17 20 2
22 23 11
2 4 12
19 19 8
7 9 8
21 20 11
10 11 12
21 23 12
16 18 4
10 11 19
15 17 17
19 22 14
14 17 2
0 2 7
10 12 6
14 17 10
10 11 5
20 21 3
0 3 15
15 15 4
12 13 1
19 22 14
10 12 8
2 4 10
3 4 6
0 2 12
5 7 8
17 18 15
1 3 11
9 11 20
23 2 9
11 13 19
13 14 5
12 14 10
10 10 15
13 16 11
13 16 20
10 11 6
0 3 2
5 8 18
18 20 11
4 7 16
5 8 8
1 3 8
12 13 3
3 7 16
5 7 1
20 21 3
1 4 20
2 3 17
15 16 13
22 0 14
4 6 15
10 12 8
6 7 17
21 0 20
18 19 10
4 7 13
15 17 12
0 2 19
1 3 15
4 6 20
12 14 13
11 13 3
11 12 15
13 16 16
2 4 10
16 17 10
7 11 5
3 4 17
6 8 1
15 20 6
7 11 20
12 12 11
9 11 3
2 5 11
8 12 9
17 20 13
14 16 12
18 20 9
0 3 19
12 14 11
20 23 13
19 21 7
16 19 5
9 12 13
10 12 12
5 9 10
0 1 4
0 3 13
9 9 16
15 18 5
6 7 14
13 15 20
5 7 14
17 19 6
20 23 15
23 2 11
13 16 7
20 21 16
19 21 11
16 18 12
7 8 16
11 15 16
10 12 1
18 19 14
22 23 18
20 21 20
10 12 18
4 6 14
23 0 4
8 11 2
2 4 7
10 14 16
3 4 5
20 20 13
5 7 15
8 10 9
5 7 6
4 7 18
6 6 6
14 17 8
8 11 16
7 10 15
17 19 18
19 20 7
1 4 15
22 0 4
0 3 14
3 6 16
13 15 6
10 13 6
21 1 1
7 8 1
12 14 1
21 22 4
7 9 8
14 17 16
5 6 6
19 19 10
10 12 20
14 16 9
22 1 3
3 4 11
21 23 3
13 17 1
16 18 14
16 19 6
20 23 8
0 2 13
14 15 15
9 10 13
17 18 3
12 15 9
3 6 8
8 9 6
4 7 18
3 5 6
10 14 18
19 21 15
11 12 2
7 7 14
19 20 10
11 14 2
12 13 16
0 2 13
14 15 11
13 15 15
16 17 2
5 8 8
15 17 6
23 1 3
10 11 4
22 23 3
5 6 3
18 20 14
14 14 1
9 9 4
8 11 16
10 13 14
20 21 15
15 16 17
2 3 7
1 4 8
3 6 4
12 13 7
14 16 19
13 14 19
21 0 9
20 20 2
11 11 10
19 20 10
15 18 15
2 3 12
9 10 9
4 7 18
17 20 4
15 17 19
15 17 3
5 7 2
13 15 12
20 21 17
9 12 11
6 9 6
2 3 12
18 18 6
10 12 11
20 21 19
21 23 20
8 10 20
0 2 13
18 20 18
19 21 8
16 16 5
5 7 4
21 23 11
12 13 7
4 7 14
15 18 6
9 9 20
22 1 1
20 22 6
21 23 19
2 5 4
23 2 13
21 23 1
9 11 16
3 4 13
3 6 15
11 14 4
10 12 5
0 3 3
18 20 10
9 10 17
2 5 8
7 9 11
14 17 17
23 23 2
23 2 17
3 4 6
0 1 14
9 11 15
9 9 2
8 10 5
13 15 16
21 22 3
6 8 12
16 17 11
12 14 17
7 12 1
16 19 1
11 12 8
22 23 18
3 4 19
10 12 11
23 1 8
12 14 7
2 4 5
17 17 8
11 13 9
2 3 3
23 1 15
8 9 9
14 14 1
20 23 4
13 17 8
12 12 17
12 16 9
7 9 17
16 18 1
19 20 9
1 3 1
19 21 17
1 4 11
9 13 12
14 17 9
11 11 19
14 18 3
19 22 13
8 10 20
1 1 17
14 15 19
12 15 20
0 2 1
7 8 17
11 13 3
17 18 19
20 23 1
14 17 18
17 19 16
7 10 1
5 8 18
13 15 2
10 12 3
1 5 19
11 14 17
1 4 6
9 11 9
23 2 16
15 16 1
5 7 19
16 18 3
17 18 18
13 14 1
1 2 7
15 18 11
10 13 20
1 2 1
19 21 3
1 2 6
7 9 1
21 0 12
14 17 6
16 19 11
2 4 13
18 20 12
3 4 12
9 12 12
15 17 5
6 8 6
1 3 10
21 23 4
2 4 12
17 19 10
14 17 18
4 5 14
23 23 19
4 5 18
10 13 11
13 16 18
4 4 3
14 15 12
12 14 12
16 18 14
17 19 16
0 2 19
7 10 11
6 9 1
12 16 20
2 5 10
3 5 17
15 17 3
14 15 20
3 5 18
16 18 9
22 0 14
8 9 8
14 16 12
22 0 14
19 21 4
7 8 13
17 19 14
22 0 16
12 16 8
17 19 7
8 11 12
4 4 12
23 1 15
14 16 8
1 2 14
10 12 7
10 13 5
0 2 3
3 5 8
16 18 11
15 17 6
19 20 14
11 13 16
12 13 18
9 11 3
3 5 17
1 2 19
9 12 7
10 12 2
14 16 11
4 7 18
2 3 11
15 17 1
1 1 8
3 6 1
6 8 20
15 18 15
8 11 3
16 19 14
16 18 20
3 3 14
23 1 15
16 20 20
21 21 17
14 16 5
10 11 18
13 13 9
0 3 9
2 4 6
2 4 16
11 11 17
1 4 17
7 10 2
1 2 6
11 13 14
22 1 15
22 23 6
0 3 11
5 6 3
5 8 12
0 4 18
23 1 14
0 1 1
14 15 18
1 4 13
17 19 1
12 15 14
23 0 18
2 3 10
3 6 1
12 14 15
17 18 3
9 11 16
16 17 1
20 21 9
3 5 17
15 18 15
3 4 10
15 16 15
4 6 13
18 20 8
16 18 20
11 14 6
4 6 15
12 14 20
2 3 17
19 20 5
10 13 14
21 0 15
22 1 20
22 0 20
0 3 13
10 13 4
23 1 8
23 3 4
22 23 12
1 4 3
0 2 4
1 1 3
5 8 19
0 3 18
10 10 12
7 7 6
11 14 8
22 23 15
9 10 11
14 17 8
21 22 5
9 8 6
1 3 17
10 13 16
23 1 8
9 12 18
4 6 12
13 16 10
5 6 1
5 6 10
17 20 16
20 20 18
3 5 2
2 5 11
13 13 7
4 7 15
0 2 20
5 6 19
13 17 13
19 20 8
18 18 4
3 5 6
3 5 17
16 16 15
22 23 10
22 0 3
17 17 10
16 18 9
22 0 6
21 23 14
16 19 19
14 16 19
18 21 8
11 12 15
17 19 12
6 9 13
16 18 2
12 13 3
5 5 5
19 18 7
1 3 13
7 9 15
12 14 5
4 6 2
6 9 9
9 10 2
15 17 16
12 13 11
0 3 8
10 13 15
5 6 12
4 5 20
19 21 4
22 0 10
4 6 6
17 18 4
18 18 17
15 18 11
12 14 3
13 15 8
8 10 9
5 6 4
5 8 2
4 8 2
6 9 15
4 6 20
2 3 16
14 15 14
15 18 10
19 21 5
9 12 5
3 7 16
9 11 5
17 21 19
11 11 5
16 19 16
5 7 20
12 14 13
20 22 13
18 20 13
9 11 13
19 22 14
23 1 15
18 21 14
10 12 4
13 16 16
16 18 8
1 3 9
11 13 8
21 23 12
13 15 14
18 20 3
3 5 15
1 3 12
19 20 20
6 7 17
13 16 17
19 22 14
6 9 4
0 1 15
0 2 2
0 2 8
21 0 17
11 14 14
11 13 5
5 7 9
17 20 19
23 1 18
0 2 14
6 8 2
10 10 3
18 21 5
23 2 3
12 15 8
21 0 20
7 11 12
19 20 7
8 10 11
14 15 20
10 11 17
0 1 2
5 6 18
6 7 8
4 6 4
18 20 17
19 22 2
4 8 11
9 10 13
18 20 6
0 1 4
12 13 11
15 17 16
19 22 9
19 20 8
0 2 18
21 2 8
11 11 20
11 12 9
18 19 2
16 17 16
15 19 7
19 20 14
9 11 8
