1080 20
15 13 13 7 10 13 16 5 6 1 12 16 10 9 5 13 2 11 4 2 
9 13 16
12 12 16
14 16 2
18 19 6
22 0 3
3 5 12
2 5 6
9 12 18
23 3 6
8 11 9
17 19 8
12 13 13
22 1 9
20 23 19
2 4 16
10 13 5
23 1 16
8 10 2
21 22 7
4 8 19
11 12 19
19 20 3
1 3 17
23 1 15
17 21 19
17 20 12
21 23 15
16 18 20
13 16 3
11 13 10
17 19 7
21 23 2
14 15 4
16 17 12
4 6 14
7 10 6
12 14 12
2 4 13
8 10 16
17 18 3
19 22 17
17 18 16
5 7 1
20 0 14
15 18 7
1 3 6
16 18 3
8 11 16
4 6 11
22 0 8
4 6 1
4 6 12
5 5 8
4 6 10
1 3 3
15 16 14
17 18 16
18 20 19
11 13 18
10 12 13
14 17 4
18 20 6
8 11 7
13 15 16
10 11 11
9 11 7
21 21 9
17 20 5
21 22 8
18 21 5
21 22 2
6 9 6
21 23 17
16 17 16
18 19 20
9 12 12
10 12 9
3 4 20
10 11 14
5 6 1
16 17 15
11 13 3
2 6 3
21 23 4
8 10 9
22 22 6
9 10 10
13 15 2
21 22 3
4 5 1
0 1 12
7 8 7
7 9 3
7 9 13
23 2 13
6 7 14
10 13 14
13 14 10
6 9 5
20 22 1
12 14 2
1 2 13
1 3 11
19 21 10
20 22 14
21 22 16
2 6 2
9 11 20
6 6 20
4 6 4
12 15 18
0 2 12
20 23 8
13 15 2
19 22 6
0 2 5
20 20 12
23 1 15
11 13 15
21 22 17
22 0 14
0 1 8
9 10 17
20 22 18
21 0 7
14 16 11
17 20 9
10 13 10
3 5 11
11 13 20
7 9 2
11 13 12
16 18 5
4 6 12
15 17 13
6 8 6
4 6 20
12 14 20
22 23 1
22 2 1
23 2 17
12 13 3
4 6 4
13 14 19
5 7 17
4 7 17
3 5 17
22 2 19
10 13 10
21 0 1
18 20 10
12 14 9
14 15 2
3 5 17
9 10 14
16 19 5
13 16 18
23 23 2
13 16 7
1 4 10
9 12 7
20 21 13
1 4 2
1 3 12
5 6 11
23 1 8
9 12 14
20 22 3
17 17 5
17 22 12
8 11 14
15 17 18
16 18 17
6 9 9
0 2 20
5 6 4
13 17 1
6 11 20
15 16 7
2 3 4
23 2 16
7 8 20
3 7 8
5 5 14
21 0 19
8 10 1
2 3 16
18 20 8
13 15 8
17 18 20
4 6 10
5 5 10
17 18 5
7 11 13
20 22 5
5 7 7
20 20 8
18 20 8
9 11 20
14 16 7
6 8 15
23 1 17
12 15 14
20 23 4
3 6 8
2 4 16
10 12 17
6 8 10
11 13 20
20 22 18
12 13 17
5 7 16
15 18 1
3 6 12
11 13 2
18 19 4
21 23 3
2 5 11
2 5 7
15 16 6
22 23 2
17 20 17
18 17 13
11 13 20
5 7 9
8 10 5
18 18 18
1 4 5
11 13 1
21 22 2
9 10 13
17 18 14
17 20 5
17 19 18
12 13 16
7 10 3
2 4 13
5 5 19
17 19 12
1 4 4
21 0 19
4 5 18
2 2 10
7 9 6
4 5 8
16 18 6
9 12 4
22 1 1
14 16 20
20 23 14
22 23 3
20 20 3
19 20 4
4 6 5
13 15 8
1 1 11
5 6 4
14 16 1
20 22 4
3 4 11
15 18 12
18 20 18
5 6 11
23 1 2
22 23 16
3 5 2
21 23 19
21 21 6
20 23 16
14 16 20
22 23 14
7 8 16
0 2 18
11 12 15
23 2 5
12 14 18
8 10 12
8 9 7
5 8 5
11 13 12
10 12 15
15 16 11
2 4 6
11 11 15
0 0 13
15 17 12
22 1 4
5 7 16
11 14 1
13 14 1
17 18 6
11 13 6
8 8 1
3 4 12
0 2 5
13 15 20
1 5 6
15 19 10
8 11 20
0 2 2
12 14 2
7 10 8
23 3 16
3 4 3
19 20 13
15 17 3
7 8 15
9 12 3
18 20 8
0 2 15
6 9 11
13 17 13
8 9 20
10 12 9
13 15 9
10 12 8
13 14 13
16 18 2
21 22 20
12 15 4
17 18 15
4 7 16
6 7 16
17 18 1
9 12 16
4 7 12
13 16 5
7 9 4
12 15 4
4 6 10
4 5 19
19 19 2
7 8 13
21 23 4
17 19 20
0 3 17
16 20 19
3 4 4
9 13 13
22 1 15
3 3 10
11 14 10
20 23 15
14 16 20
3 7 8
1 1 10
5 6 6
3 7 1
22 0 15
16 17 16
16 15 13
21 22 1
11 12 11
9 12 7
22 0 2
7 8 3
4 6 2
23 1 16
14 15 2
11 12 5
16 17 2
0 3 1
0 2 13
21 23 12
5 7 11
0 3 15
11 13 8
20 23 9
8 11 14
21 22 17
14 15 18
1 3 3
18 20 16
2 5 14
11 14 14
11 13 14
17 19 10
14 16 17
3 6 18
23 1 20
9 11 16
18 20 9
1 4 16
22 0 3
5 5 15
14 16 13
9 10 11
10 14 20
12 14 12
16 17 9
20 23 18
2 6 14
12 13 5
16 19 12
12 14 16
1 4 11
14 14 8
0 4 11
17 20 15
7 7 13
23 0 9
18 20 17
0 1 17
12 15 20
18 21 10
17 19 1
20 21 13
10 13 2
9 11 1
7 9 3
19 21 3
2 4 17
3 5 9
17 18 10
6 9 14
19 23 6
9 10 11
16 19 19
18 18 2
14 16 3
23 1 13
18 21 17
2 4 3
4 7 7
0 4 17
7 8 3
16 19 14
23 1 11
6 7 10
21 23 6
18 20 17
15 15 14
17 21 6
20 22 19
2 3 7
2 3 5
21 22 11
14 16 5
11 13 5
19 20 16
21 0 5
19 21 15
20 21 2
13 15 8
4 5 6
4 5 10
15 15 13
20 22 4
5 8 6
23 3 3
8 10 20
16 19 3
5 7 19
21 23 3
8 9 17
8 11 11
2 3 3
8 12 14
23 2 7
22 0 3
15 18 11
16 19 9
22 1 19
8 9 16
16 19 19
18 19 5
12 14 1
23 0 3
4 8 10
17 19 12
23 1 8
22 2 7
0 1 6
16 17 16
2 4 18
7 10 6
15 16 4
1 4 17
15 16 5
10 13 2
23 3 11
23 0 10
18 19 14
21 23 14
0 2 16
20 21 11
19 22 12
0 1 11
20 0 19
11 13 11
20 0 4
20 22 13
16 19 6
8 11 17
8 10 15
6 7 10
8 10 12
20 21 15
4 6 9
18 19 2
5 8 14
10 13 15
14 18 18
22 1 6
20 23 15
17 19 18
9 10 5
4 5 8
11 11 5
7 9 16
2 3 13
2 3 5
18 21 2
0 1 1
2 3 7
7 8 3
23 1 9
4 6 11
2 4 1
4 6 18
8 10 3
3 4 14
21 23 18
1 4 14
10 12 2
4 6 20
8 10 1
7 10 18
14 15 6
14 16 19
10 12 14
8 12 11
2 4 16
5 8 1
15 17 8
3 5 12
3 4 14
5 7 14
14 16 5
14 15 16
12 15 17
18 20 11
13 13 2
18 21 14
5 7 20
6 9 5
2 5 13
4 6 7
11 11 9
15 18 17
21 0 10
20 21 4
0 2 6
15 17 18
11 12 14
3 6 7
15 16 1
15 15 17
8 10 16
22 0 6
4 8 13
22 1 17
3 4 8
10 13 9
9 11 18
11 12 3
3 3 13
5 8 8
23 2 19
0 3 16
19 21 8
0 0 13
16 18 20
20 22 8
22 1 16
22 23 8
13 17 10
4 7 5
4 7 13
18 20 16
21 23 13
15 17 17
7 9 12
17 19 7
3 5 9
0 1 17
18 21 13
16 19 8
19 21 8
23 2 18
13 15 15
1 2 10
3 4 18
23 0 2
5 7 10
23 2 13
6 8 16
20 22 19
5 7 11
6 8 6
14 16 5
23 1 9
17 17 13
4 6 20
14 15 17
19 22 6
13 15 5
5 8 5
17 20 18
9 10 2
9 10 9
18 21 1
18 20 20
3 5 15
8 11 17
7 10 17
17 19 8
19 22 5
14 16 1
7 9 11
3 7 2
3 4 19
17 20 11
14 16 19
0 2 5
12 14 9
14 16 2
7 8 19
20 22 18
21 23 7
0 1 9
4 6 17
12 13 20
7 12 17
10 11 20
7 9 14
13 14 16
7 9 11
7 9 18
12 15 1
22 0 11
4 5 14
18 20 20
20 22 16
9 11 11
17 18 17
15 17 1
22 22 3
6 8 2
23 2 10
5 8 5
3 5 19
1 3 14
16 18 1
4 5 15
10 13 4
12 12 16
6 9 10
16 17 15
16 17 7
8 12 20
9 12 9
6 7 1
19 19 12
1 2 16
18 21 6
23 4 3
10 11 1
3 4 8
22 0 4
1 3 8
9 11 5
22 0 4
5 8 9
14 15 1
4 7 2
3 4 4
1 4 10
17 19 18
19 19 15
16 16 4
22 0 19
22 2 10
13 15 18
18 20 4
8 12 14
15 18 16
20 23 14
4 5 20
22 23 6
5 8 4
23 2 19
5 8 8
23 1 2
12 14 8
11 14 9
18 21 19
22 1 3
7 7 14
13 15 20
21 0 4
13 16 3
23 2 11
18 21 16
20 23 15
1 4 10
7 9 9
9 10 6
23 0 7
11 14 10
12 14 14
11 12 14
20 22 14
12 14 11
8 8 8
8 10 19
5 7 7
1 2 18
11 12 9
3 5 19
5 8 14
5 8 20
9 11 8
17 18 18
3 7 9
20 22 7
4 6 16
17 19 2
7 9 14
10 11 6
12 15 17
1 1 10
5 7 20
5 7 15
19 20 17
6 7 6
4 6 1
8 10 13
6 8 6
14 15 3
9 9 1
2 4 13
21 0 10
17 17 2
14 15 6
4 7 18
6 10 11
2 4 17
5 7 14
22 0 20
22 23 8
2 5 11
3 5 4
16 19 14
11 13 16
12 15 11
7 9 18
23 0 15
22 1 15
14 16 6
1 3 14
20 23 12
17 20 9
14 18 5
18 20 9
19 21 19
8 11 1
3 5 20
15 16 19
7 10 1
16 16 3
1 2 4
16 18 16
22 0 9
23 0 5
18 19 6
19 19 6
16 18 4
14 15 6
18 21 18
7 9 14
11 15 15
4 7 18
0 3 9
10 12 12
20 23 11
10 10 20
16 18 15
13 13 2
23 1 15
1 1 16
22 23 19
19 22 8
10 12 18
0 2 13
7 9 8
14 17 4
18 19 10
0 2 2
10 12 11
23 1 16
10 11 13
8 9 6
6 7 5
0 2 2
6 7 20
18 21 15
21 23 10
16 18 19
12 14 1
18 20 8
16 18 14
13 15 13
0 2 6
4 6 1
8 10 17
5 7 15
2 4 14
21 23 9
4 5 20
9 11 9
1 3 3
18 19 14
10 13 3
13 13 1
8 9 13
21 23 9
8 9 15
7 7 17
13 15 2
21 23 15
5 8 14
13 13 4
7 9 19
8 11 17
14 16 4
4 6 17
18 20 11
3 6 13
1 2 2
13 14 12
22 0 13
1 2 13
0 3 19
21 22 12
14 16 7
7 10 19
5 7 3
4 6 9
5 6 2
14 15 10
1 3 16
10 12 2
20 23 9
1 3 16
6 7 7
13 14 20
13 15 12
0 2 10
12 12 17
20 22 6
4 7 8
16 17 20
11 13 3
20 21 3
0 2 17
5 7 2
19 22 10
2 4 6
1 3 3
12 13 18
6 8 18
11 12 5
20 22 6
13 14 19
18 20 4
22 23 3
17 20 4
18 19 15
11 14 11
17 20 2
13 15 12
9 11 11
16 18 9
22 23 2
14 17 12
23 23 10
7 8 2
11 12 8
11 13 12
12 13 18
5 8 12
3 5 6
22 0 11
13 13 12
9 12 10
5 7 5
19 21 10
22 1 3
19 22 3
3 5 1
12 14 20
6 6 6
21 23 11
6 9 6
0 3 13
16 19 9
8 10 18
1 4 3
18 21 10
15 19 2
19 21 10
14 15 14
12 14 16
18 19 3
4 5 4
0 0 3
15 17 17
19 21 19
10 10 12
8 10 7
4 7 5
17 20 14
22 0 18
17 20 17
12 14 20
5 6 3
18 20 4
22 22 20
14 14 1
4 7 6
20 22 20
3 4 9
14 15 13
12 15 4
5 7 2
19 20 8
14 16 9
19 22 8
21 23 11
7 8 11
13 16 12
7 9 7
11 13 2
1 2 18
22 0 19
19 20 20
23 23 3
9 11 14
11 14 11
11 11 3
16 19 5
12 14 9
0 3 16
16 17 1
14 16 5
5 9 10
11 12 2
23 2 5
4 6 13
16 17 2
15 18 12
20 23 13
13 16 9
1 2 19
4 6 20
10 12 14
0 2 16
13 14 18
14 15 5
8 11 12
23 2 20
21 23 9
11 13 13
19 22 7
23 1 12
5 7 16
13 17 16
2 3 14
18 22 5
18 21 5
6 9 16
20 22 11
16 18 4
16 18 2
6 8 15
22 1 8
20 21 16
6 8 1
3 4 19
17 18 7
10 13 14
0 2 14
12 15 7
0 1 17
7 10 9
22 0 19
23 22 15
14 17 13
1 2 17
0 1 2
22 23 17
23 2 15
20 20 1
3 5 4
3 5 8
9 11 11
8 11 18
14 15 8
23 0 8
0 2 14
12 15 20
2 3 17
15 16 14
4 5 10
9 9 7
7 10 6
8 10 14
4 7 14
3 3 6
14 15 6
16 16 7
16 18 18
21 23 4
10 13 19
15 17 2
18 20 4
4 6 15
0 1 10
8 10 17
15 18 6
14 17 5
8 9 11
9 13 19
12 15 8
17 18 1
22 1 14
3 4 3
21 0 13
0 3 2
15 18 8
18 20 13
7 7 8
18 20 19
15 17 15
10 12 14
13 15 4
11 14 12
1 4 7
3 5 7
14 15 16
19 20 17
1 3 18
22 0 11
12 15 2
10 13 15
13 16 1
17 20 7
9 12 18
0 3 13
12 14 5
4 6 10
8 8 4
19 22 7
1 3 1
6 6 8
12 12 6
1 5 20
2 3 19
1 2 1
2 4 16
3 6 1
16 19 5
22 0 13
8 10 15
19 20 20
21 0 11
9 8 10
16 18 17
18 21 4
