1190 20
8 3 3 2 9 9 8 11 16 14 20 9 7 19 8 13 4 11 15 15 
9 10 16
0 3 3
19 22 17
23 2 19
16 17 7
15 16 12
7 11 13
18 19 13
17 21 8
11 12 19
2 5 19
14 13 20
18 22 14
17 19 13
9 11 8
5 7 2
11 12 15
10 12 10
14 15 8
22 1 3
0 3 16
19 22 5
7 8 7
19 21 12
4 7 20
6 9 20
9 11 20
22 23 6
9 11 20
1 3 12
2 5 7
21 23 13
12 13 20
6 8 13
4 5 10
12 13 17
7 9 5
19 22 20
10 11 9
11 11 13
16 19 7
2 4 10
6 7 6
20 23 12
1 3 1
19 21 9
21 22 20
20 22 15
10 14 1
7 9 20
12 16 16
13 16 10
6 7 9
15 16 10
1 4 9
2 4 8
20 21 11
10 12 3
1 2 4
7 9 17
7 9 8
4 4 17
3 5 16
1 4 7
23 1 11
18 20 2
1 4 17
22 0 19
22 0 6
11 13 11
2 4 4
17 19 7
16 18 2
8 11 5
7 10 14
2 3 2
1 2 7
18 19 4
3 6 12
20 23 12
11 14 11
3 4 20
15 18 5
16 18 13
15 18 14
23 1 7
19 22 4
18 19 13
3 3 6
20 22 13
7 8 10
9 10 3
19 22 4
5 7 10
18 19 12
23 0 18
1 3 10
5 7 4
4 7 12
4 7 11
8 10 8
14 15 10
14 16 6
12 14 10
21 0 11
15 17 8
2 3 8
15 15 5
8 10 10
16 21 9
12 13 12
7 8 2
21 1 4
10 11 14
15 17 4
7 9 18
17 17 16
14 15 17
0 1 10
21 0 14
5 7 3
19 21 17
12 13 20
12 15 2
11 13 15
18 20 14
5 9 18
3 5 4
8 10 4
3 4 17
0 3 7
1 2 18
17 19 9
6 7 1
23 1 13
18 20 12
3 5 15
17 18 19
21 22 19
15 16 16
11 13 6
17 18 12
10 12 13
8 11 10
17 20 14
4 5 11
12 12 16
17 17 2
8 9 3
22 23 14
5 8 18
19 22 14
5 7 6
5 6 7
8 9 11
9 13 16
8 11 3
17 19 7
20 21 14
16 17 9
21 22 2
13 16 7
19 20 1
0 1 3
22 0 20
19 21 20
15 18 16
22 22 1
23 0 5
10 11 12
0 3 9
6 9 9
20 21 13
18 20 11
10 12 14
8 10 9
11 13 20
18 21 15
11 14 7
17 20 10
20 0 1
15 15 14
0 3 5
7 9 13
17 19 14
3 5 8
16 18 10
2 6 2
4 6 7
19 22 14
9 11 19
18 21 3
7 11 7
1 4 9
1 3 7
6 8 6
21 23 11
23 1 16
21 1 1
16 18 19
15 15 10
12 13 2
23 1 13
4 6 15
1 3 8
23 1 14
14 16 11
6 9 7
5 6 10
14 15 16
18 20 16
14 15 18
16 18 9
11 14 5
19 21 12
2 4 14
4 5 18
8 10 2
8 9 16
9 13 9
9 12 20
5 7 13
2 5 10
2 3 20
22 0 18
16 18 5
8 9 2
6 8 3
7 9 11
3 4 16
23 3 12
16 18 7
13 15 16
14 15 18
10 11 2
14 15 9
7 8 11
19 21 4
20 21 11
9 11 18
5 9 15
4 6 17
20 23 13
19 21 10
23 1 3
16 17 8
22 23 9
15 17 6
11 17 1
6 6 9
8 11 3
1 4 4
14 16 19
8 10 19
12 15 1
7 9 10
14 15 4
22 1 11
2 5 1
12 15 8
14 16 2
7 9 1
10 11 14
15 16 6
3 6 4
13 14 15
1 4 18
6 9 3
7 9 13
15 16 4
20 23 12
21 22 18
5 7 12
4 6 17
4 6 5
23 1 18
18 20 17
17 19 17
0 4 20
7 9 16
19 22 10
10 13 19
17 17 3
6 9 18
19 21 8
23 23 10
13 14 1
21 23 3
5 7 4
3 4 1
5 6 15
8 9 6
10 12 17
6 9 11
9 8 6
13 16 2
14 16 7
23 23 2
18 19 11
10 12 3
11 10 19
11 16 11
16 19 4
6 11 19
20 22 3
14 16 6
2 6 17
11 15 6
19 20 14
18 19 13
9 12 7
12 13 16
3 4 10
15 18 4
16 16 7
8 8 8
6 6 5
8 9 16
5 7 3
21 0 4
18 20 6
16 19 2
13 15 10
18 19 14
19 21 3
2 6 9
9 12 2
10 13 7
23 2 13
0 2 2
1 4 12
19 20 5
6 7 4
14 15 4
3 5 4
3 4 18
8 11 11
21 23 5
9 9 20
0 1 12
23 1 7
14 15 3
23 1 20
21 0 10
1 1 15
16 18 6
17 20 2
1 4 9
4 5 4
0 3 20
17 18 15
0 3 19
14 15 7
11 13 5
18 19 12
8 10 4
6 9 19
11 12 15
15 17 1
2 5 11
21 23 13
13 15 11
19 20 6
9 11 11
18 19 7
8 11 20
23 23 3
4 6 7
7 6 10
14 15 6
12 14 9
19 22 17
0 1 16
12 15 10
15 15 9
3 5 18
15 18 7
7 7 6
11 13 20
17 21 15
5 7 20
12 13 8
16 18 16
2 5 17
8 11 6
1 4 18
7 10 12
18 19 12
3 5 19
9 10 14
0 4 12
12 16 7
13 15 17
13 16 14
21 23 19
22 23 3
2 4 5
8 10 1
12 15 10
17 19 3
0 2 16
9 12 17
18 18 11
3 5 3
7 7 10
10 10 8
18 19 5
16 17 19
14 16 3
9 10 17
8 10 15
21 23 20
19 22 17
17 20 10
17 22 8
6 8 15
16 15 17
4 7 4
16 20 16
22 2 13
1 2 15
8 8 20
0 1 13
11 14 3
20 22 4
18 20 15
7 9 16
16 19 17
7 7 5
2 3 13
9 11 11
19 19 14
15 17 11
23 0 4
6 7 6
21 22 6
14 17 7
14 16 16
12 14 6
16 18 12
0 3 4
8 11 4
19 22 8
19 22 20
17 18 4
17 19 11
8 11 11
3 4 15
11 13 17
17 17 12
9 11 14
10 9 16
10 13 14
15 17 8
22 1 8
13 14 1
15 16 16
2 4 15
5 6 19
7 9 1
5 7 5
13 14 4
9 11 3
11 14 19
21 23 17
4 6 20
20 22 19
11 14 16
10 11 6
19 23 9
16 16 9
12 14 8
19 21 7
6 9 15
10 10 4
16 17 2
15 18 2
6 7 18
4 5 8
12 13 4
11 11 10
23 2 9
10 11 17
10 11 6
10 13 5
1 5 12
2 5 14
9 10 2
12 13 19
18 21 13
14 18 5
9 11 1
22 2 20
17 21 18
17 19 11
1 3 19
10 14 17
2 4 6
17 19 18
1 2 16
7 9 18
1 4 1
13 15 9
5 6 18
7 9 2
10 11 17
5 7 14
23 2 10
2 2 6
17 20 10
10 13 1
13 15 8
8 11 3
23 2 1
10 13 3
5 7 4
23 2 3
6 7 15
19 22 1
4 7 19
20 22 1
1 3 16
6 8 10
8 10 7
11 15 18
15 17 4
10 14 9
9 13 14
12 13 11
13 16 12
6 7 5
20 23 20
17 19 17
8 9 5
18 20 18
20 22 18
16 18 12
15 17 11
5 7 17
11 13 13
19 22 8
22 0 16
16 20 10
0 3 12
2 4 13
7 9 12
11 11 2
8 12 16
21 23 11
15 16 2
10 14 17
1 6 1
7 10 12
6 7 20
17 19 17
20 22 5
6 9 7
22 1 6
21 23 15
12 12 15
19 22 19
4 6 3
3 4 18
18 19 15
21 22 9
21 0 17
0 1 15
16 19 6
6 6 4
16 17 12
22 0 9
18 21 14
13 14 20
8 9 6
13 15 16
9 11 14
21 23 4
22 23 15
13 14 18
3 5 4
12 14 10
19 22 7
20 22 20
23 0 15
5 5 1
13 16 18
4 5 17
18 20 1
15 19 4
5 8 18
2 4 6
5 8 1
1 3 1
7 10 7
3 5 16
21 0 11
9 11 17
4 6 9
5 6 14
14 15 5
4 7 6
2 4 1
6 7 2
22 2 12
17 18 4
9 9 16
0 2 15
0 1 12
7 7 2
8 10 20
9 10 6
1 3 15
1 2 12
10 11 8
8 11 15
19 20 9
0 1 10
0 2 5
9 11 20
1 4 2
7 9 11
14 16 14
10 12 15
1 3 6
23 1 11
12 14 7
9 11 17
23 0 8
15 18 18
6 8 3
23 1 18
16 18 12
22 0 14
0 4 16
13 14 8
1 4 10
3 4 17
0 2 1
12 16 7
7 9 8
23 2 18
12 13 20
15 18 1
9 13 10
9 11 3
20 23 19
10 12 2
3 5 20
11 12 6
10 13 6
4 6 13
17 18 17
18 20 5
2 2 8
22 22 8
4 8 17
6 8 7
18 21 6
23 1 9
14 16 2
5 7 2
14 16 4
18 20 17
6 9 4
15 16 20
20 22 20
16 18 6
14 12 15
16 18 13
23 0 20
21 1 8
0 3 7
14 14 3
22 23 15
14 16 15
9 11 9
5 5 16
8 9 15
4 8 9
2 3 10
22 0 2
5 5 15
9 11 13
16 20 16
9 10 10
22 22 4
16 18 11
13 16 17
16 20 11
16 17 8
1 2 4
5 7 10
18 20 9
4 7 13
4 6 18
22 1 11
3 5 15
13 14 12
3 4 5
9 10 17
23 0 18
14 16 10
22 0 9
17 18 17
3 5 18
6 7 4
4 5 11
5 8 17
6 8 7
12 13 15
16 19 10
5 7 10
20 23 20
0 1 15
2 3 4
14 15 5
5 8 6
15 18 7
11 12 6
2 3 10
10 11 2
6 9 5
0 3 13
10 12 9
23 1 14
12 15 20
9 11 3
9 10 10
11 15 7
23 1 20
6 7 9
14 15 13
22 1 16
12 16 7
9 12 13
18 20 8
19 22 2
4 6 16
1 4 5
17 19 15
8 10 20
19 21 12
15 17 16
3 6 16
6 7 12
13 15 16
22 0 17
6 8 18
3 3 17
4 6 9
23 2 12
16 18 11
2 4 7
23 0 8
0 3 10
16 18 9
9 12 5
4 5 20
5 7 2
0 2 11
4 5 1
22 23 6
8 9 8
1 1 14
10 12 17
2 4 1
13 15 17
12 13 5
1 2 11
14 17 9
8 8 4
4 6 16
14 16 19
8 10 19
21 22 15
10 12 18
19 20 12
3 5 11
19 20 9
0 1 15
19 22 17
0 2 14
8 10 2
21 21 4
5 6 11
12 12 1
23 1 10
19 19 11
13 14 3
11 11 17
15 17 13
21 22 17
18 19 17
20 23 18
7 9 18
4 8 1
4 6 18
15 17 5
12 15 8
12 14 7
12 16 11
15 18 4
19 21 12
9 11 12
2 5 17
5 4 13
5 7 17
5 5 8
1 4 8
10 12 19
0 4 14
3 3 10
22 1 9
12 15 16
12 14 14
10 11 3
23 1 2
3 5 20
14 16 14
4 5 6
6 7 17
4 6 1
23 1 18
15 18 7
18 21 7
11 13 7
17 18 6
12 13 8
22 1 4
2 3 18
20 22 5
12 15 3
16 18 4
22 23 12
20 21 2
22 22 5
9 11 17
1 2 7
5 7 8
23 2 16
14 16 13
11 13 12
15 16 18
13 15 13
11 13 10
18 22 3
10 12 5
7 10 2
20 23 6
16 18 6
10 13 8
11 13 10
21 0 8
22 1 12
1 3 8
17 19 10
11 13 15
9 10 15
17 20 6
19 21 9
4 5 14
1 2 6
18 19 19
9 11 16
5 8 4
15 16 19
21 22 1
15 17 17
18 22 16
9 10 3
1 2 5
3 3 4
22 23 7
20 21 6
12 14 19
5 6 18
12 15 6
14 15 15
21 23 1
12 16 12
20 22 5
3 3 13
11 13 16
15 19 1
19 23 9
16 18 20
9 12 10
16 20 17
4 7 13
19 20 17
18 20 9
14 15 8
17 17 9
12 14 8
18 19 8
12 13 1
8 11 17
2 6 17
8 9 11
6 8 19
0 1 15
20 22 10
8 10 17
14 15 3
15 16 1
23 1 4
23 2 3
19 21 19
20 23 1
14 17 19
9 11 13
23 0 16
3 6 3
16 19 5
5 8 16
16 19 4
4 6 3
23 1 16
12 14 14
20 22 5
19 21 9
20 22 1
16 17 10
19 22 5
23 1 15
19 22 11
1 3 9
0 3 3
0 3 5
3 6 9
12 16 5
8 11 8
14 17 13
2 2 10
7 11 3
21 23 10
2 3 13
10 12 5
17 19 5
13 15 8
12 15 8
23 2 3
18 21 14
19 21 9
3 4 20
17 17 11
11 15 6
8 10 7
13 15 3
12 13 4
15 15 10
13 16 10
5 7 13
8 11 20
7 8 7
10 12 14
19 21 9
17 18 8
17 19 8
16 17 13
7 11 18
17 19 8
0 1 11
9 11 6
11 12 10
11 13 14
10 12 11
9 10 20
20 21 8
9 11 2
10 12 8
21 0 9
8 10 10
19 19 19
20 23 2
5 5 14
16 19 6
9 8 11
13 15 12
21 0 5
11 13 18
13 13 6
3 6 4
22 0 14
18 20 20
23 2 17
19 21 2
15 16 5
11 11 2
9 13 8
12 14 13
21 23 1
3 5 3
3 6 8
18 19 11
18 20 1
20 21 17
16 18 2
23 2 12
9 9 14
16 20 18
1 4 15
17 17 13
17 18 16
22 0 8
2 5 18
21 23 12
5 6 14
22 23 20
9 11 10
6 7 17
14 17 3
14 15 10
9 11 14
17 17 6
15 17 1
14 17 15
9 12 17
2 3 15
7 9 17
7 10 6
22 1 14
21 1 16
20 22 8
9 11 16
4 6 11
7 8 13
18 19 18
13 15 9
19 23 18
1 3 18
17 18 20
19 21 2
21 0 8
15 16 16
10 13 15
4 6 11
6 9 4
0 3 7
14 17 13
0 0 15
1 3 4
19 21 6
0 0 14
18 21 18
8 10 2
6 9 2
7 8 18
10 12 1
13 14 15
15 16 12
3 5 19
16 18 3
1 2 14
21 22 6
12 16 16
13 13 19
22 23 14
18 21 3
18 20 11
13 15 1
5 6 16
22 23 14
6 9 10
12 14 11
2 2 14
12 14 13
17 20 8
1 4 18
23 2 11
23 2 10
21 22 6
15 18 14
18 20 11
12 15 12
2 4 10
17 21 18
0 2 3
16 17 14
5 7 17
20 23 5
7 9 7
23 0 18
4 5 2
19 20 13
8 9 1
14 17 11
18 20 2
13 15 10
1 4 11
2 2 16
3 4 1
9 10 5
15 17 6
21 0 11
3 6 5
2 5 14
20 20 14
14 15 20
20 21 8
15 16 12
22 21 5
10 13 7
14 16 10
1 4 6
3 4 17
15 15 6
7 10 20
3 3 9
11 13 11
1 2 17
8 11 11
8 11 4
8 9 18
22 1 9
12 15 4
0 2 15
4 6 16
9 12 15
1 5 7
16 17 1
9 10 7
1 0 19
16 19 1
14 16 10
22 23 18
16 19 6
14 17 14
13 15 11
13 16 11
7 8 4
14 16 10
18 19 4
4 6 6
0 2 15
4 4 3
0 2 2
6 9 16
7 10 15
2 3 20
8 11 20
17 20 18
18 20 10
11 11 1
8 10 6
11 13 18
2 4 14
15 17 17
16 17 1
3 6 16
21 2 20
4 6 9
11 12 3
16 20 14
4 6 1
9 10 5
4 7 1
2 6 10
10 11 1
8 11 17
9 12 10
14 17 14
13 15 11
8 9 2
1 2 20
3 6 8
16 17 15
10 12 5
0 1 3
13 16 2
17 19 19
9 11 15
10 12 1
21 23 10
13 15 19
22 22 3
15 17 14
2 4 4
18 21 18
4 7 16
15 18 18
19 21 2
13 15 17
8 10 14
15 15 3
9 10 6
23 1 14
19 21 2
11 13 8
16 16 16
