1140 20
8 10 10 17 7 20 17 1 6 17 5 9 4 7 7 11 16 4 5 12 
14 16 15
7 9 7
14 17 5
2 3 7
11 13 19
18 20 2
0 1 9
14 16 7
2 4 19
0 1 3
12 16 14
10 12 3
11 14 5
16 19 7
8 9 2
14 16 19
14 17 13
12 15 18
16 16 3
8 11 17
6 10 16
14 17 19
12 14 14
12 13 19
6 7 11
15 18 2
18 21 20
1 2 1
19 21 5
1 2 12
14 16 3
3 4 20
10 12 18
13 16 5
21 23 14
15 17 10
20 22 6
17 20 10
23 2 20
9 12 2
16 19 18
10 12 4
7 9 20
18 20 16
1 2 7
7 9 8
21 23 4
21 0 14
1 3 16
13 17 1
21 23 7
12 14 1
22 1 6
9 10 4
16 18 20
2 3 13
4 6 1
7 9 14
1 3 20
15 17 16
23 0 2
6 9 12
15 18 6
7 8 12
16 19 8
17 18 4
14 16 3
16 18 3
4 6 17
4 6 18
6 9 18
7 10 20
20 21 1
13 15 7
2 3 7
12 15 13
1 2 13
1 4 4
1 3 20
17 19 8
9 11 13
20 23 14
10 11 20
17 18 19
12 13 10
0 1 16
23 2 11
6 8 4
17 18 20
9 11 1
7 8 13
9 10 17
6 7 7
22 23 13
21 22 10
19 21 7
20 22 17
0 2 2
22 1 16
7 11 18
17 20 2
3 5 5
14 17 7
21 21 16
18 22 6
21 22 2
23 0 14
15 18 10
13 16 13
10 13 14
23 1 3
12 14 2
14 16 6
9 10 12
9 11 20
17 20 4
13 14 8
21 23 4
8 11 1
1 5 8
21 1 7
7 9 18
17 20 6
21 23 8
13 16 2
16 17 13
12 15 7
22 23 10
15 18 18
9 13 13
11 14 1
18 21 1
12 13 14
21 0 14
15 16 11
23 22 4
10 12 13
3 4 16
18 22 10
16 19 20
15 17 5
2 2 20
19 21 14
22 1 3
15 17 9
19 22 5
1 4 15
5 8 10
2 4 18
15 16 16
11 13 9
2 5 3
10 12 13
9 13 1
15 16 13
3 4 7
1 3 15
15 19 5
13 15 7
1 5 10
2 4 1
21 21 9
10 12 17
0 2 15
2 5 5
11 14 10
14 18 4
23 0 13
5 9 4
3 4 19
22 0 19
23 1 14
20 21 4
22 0 2
4 6 18
1 2 8
3 5 5
11 13 20
21 23 5
14 15 5
11 14 1
4 7 14
11 13 17
15 16 6
11 13 14
11 12 17
6 8 16
21 23 12
9 9 10
18 20 17
11 13 6
3 5 5
1 2 18
18 21 1
19 22 6
11 12 18
16 17 15
5 8 16
6 9 12
23 1 19
15 18 15
12 15 2
2 3 12
17 20 15
5 7 18
18 21 7
22 1 1
14 16 19
0 1 18
23 1 13
5 7 10
11 13 6
18 19 17
13 14 2
21 23 6
19 20 2
16 18 12
18 21 13
12 15 7
4 6 2
22 0 11
19 20 10
19 18 3
9 11 4
7 9 5
1 2 13
12 14 10
16 18 12
5 6 7
7 9 10
16 18 5
7 9 5
14 16 7
11 13 10
15 17 9
17 20 3
16 18 17
1 2 13
22 1 12
1 5 1
19 21 18
9 13 18
17 18 17
23 23 11
20 20 4
2 1 6
17 18 10
18 21 12
19 21 19
8 9 1
2 4 11
13 14 5
7 10 13
15 18 7
13 15 12
9 11 5
1 3 2
2 3 1
18 21 14
15 16 4
22 22 3
21 1 17
16 19 20
21 0 14
20 21 2
18 18 14
0 1 10
8 9 6
11 13 14
19 21 11
1 5 3
7 8 17
12 15 3
14 17 12
12 12 4
11 13 2
23 1 6
1 2 4
3 6 3
21 22 16
22 0 13
9 10 20
21 0 18
11 11 16
22 1 10
7 7 19
13 15 10
11 12 20
8 9 4
17 18 16
8 10 15
1 2 1
6 9 3
20 21 7
3 5 17
7 9 14
5 5 13
5 7 17
12 15 9
10 11 7
10 11 12
6 7 10
10 12 1
19 21 10
15 16 12
1 3 14
9 12 10
1 5 3
0 2 8
9 13 3
19 21 3
9 10 10
8 11 14
1 4 4
19 20 4
6 7 17
11 15 11
2 5 6
17 18 14
0 2 19
2 5 14
21 23 16
10 11 14
19 20 8
5 7 20
8 10 10
10 14 16
2 3 18
0 2 18
6 7 9
2 3 20
3 5 8
10 9 18
23 2 13
7 9 10
15 16 13
0 4 6
1 5 12
22 1 12
22 0 7
0 1 7
4 8 2
13 15 8
22 0 19
19 22 3
6 7 4
21 0 11
7 9 17
5 8 18
19 22 6
15 16 8
21 1 15
8 8 14
10 14 7
8 11 20
9 10 14
18 22 20
20 23 4
22 23 11
16 20 19
6 9 8
22 0 14
18 22 6
0 3 12
20 21 2
10 11 15
11 14 1
6 8 9
13 16 1
20 22 15
16 19 13
19 22 13
2 4 16
19 21 9
12 14 5
21 23 5
15 17 10
5 8 2
15 17 10
7 9 15
20 23 8
13 14 20
21 22 4
6 10 4
14 16 11
4 8 3
22 23 11
2 3 17
13 16 10
5 8 14
18 21 15
4 8 20
2 3 17
4 7 12
20 21 18
12 14 14
13 16 17
13 14 11
9 10 4
22 0 4
15 16 20
8 9 14
5 8 10
6 8 18
18 20 17
11 13 2
1 1 15
2 3 11
20 21 16
18 20 13
4 4 20
16 16 6
17 20 14
21 1 4
9 11 19
21 0 2
4 6 2
2 4 17
11 13 12
5 8 3
0 2 3
19 22 18
11 15 3
16 19 9
10 13 12
11 13 20
13 14 16
14 15 5
22 1 7
1 4 13
8 10 13
5 8 11
15 18 2
17 17 17
14 16 7
13 17 6
17 19 13
22 1 5
16 16 1
22 0 4
17 19 13
19 18 4
21 0 19
10 13 9
4 8 20
16 18 8
23 2 13
5 6 20
0 3 19
16 20 19
7 10 12
21 22 2
9 13 9
23 23 11
14 16 12
11 13 2
11 12 10
0 1 3
0 1 16
21 22 2
20 22 18
6 9 7
8 10 3
22 0 6
7 8 12
23 1 8
11 12 10
17 19 5
17 19 11
5 9 18
22 0 6
0 2 10
12 14 20
20 22 3
13 17 20
4 6 8
8 10 1
22 0 13
7 8 5
3 4 6
11 11 5
22 22 15
2 5 4
12 15 18
1 2 12
9 12 15
14 17 19
7 10 2
3 5 8
5 7 16
23 0 14
20 22 1
19 22 7
0 2 8
15 17 7
14 15 16
11 13 17
15 18 6
16 18 6
2 4 20
4 7 13
11 13 5
3 4 7
10 12 14
12 14 5
7 11 16
4 6 14
4 7 9
18 21 18
14 16 1
22 1 6
18 20 14
7 9 9
16 17 4
21 22 20
20 23 5
8 9 15
10 12 12
10 14 13
20 21 20
4 5 4
1 3 16
6 8 1
17 20 5
17 20 19
21 23 19
22 0 5
20 1 19
7 9 9
4 7 11
4 6 13
0 3 12
13 14 3
2 2 13
17 19 13
18 20 13
21 0 15
5 7 12
11 13 4
20 23 2
10 11 11
14 17 4
11 12 9
4 7 12
15 18 13
23 1 12
18 20 9
17 20 12
21 2 2
6 8 18
14 16 5
12 14 12
8 11 16
9 12 11
10 11 2
12 16 6
14 17 19
19 21 11
16 18 2
21 0 8
6 6 15
9 11 13
5 6 17
4 6 19
6 8 14
7 10 17
0 1 7
10 13 5
5 6 5
4 7 13
2 1 5
10 13 11
21 23 13
21 23 2
15 17 18
15 18 5
2 4 9
22 0 20
21 22 4
18 20 1
21 23 3
21 23 4
7 9 1
5 7 5
0 0 17
17 18 13
3 4 18
17 20 16
14 15 17
10 11 13
21 22 16
4 5 16
1 2 10
17 18 6
22 23 13
17 20 12
1 2 8
17 17 3
21 23 19
0 2 17
5 6 9
2 2 3
9 12 8
3 5 4
21 23 11
3 5 6
6 7 4
1 3 19
11 14 2
17 18 5
17 17 19
13 14 9
15 17 4
9 11 10
2 7 19
13 15 14
1 1 6
4 5 8
15 18 18
9 10 19
23 2 19
21 0 11
2 5 8
7 7 10
15 19 20
9 9 4
11 12 4
22 0 1
12 14 15
19 21 5
20 23 12
16 18 18
4 7 6
6 8 1
2 3 7
8 9 5
7 10 2
11 13 10
11 13 8
10 13 11
0 1 11
19 19 19
15 18 13
1 3 9
7 8 20
13 14 1
10 13 19
19 21 7
8 9 9
15 17 9
19 20 3
22 1 7
6 8 10
14 17 14
8 11 3
5 7 9
22 1 5
21 21 18
14 16 11
4 7 14
7 9 17
15 17 3
1 4 20
16 19 17
6 10 6
15 17 6
14 17 20
12 13 19
22 23 4
1 3 2
7 10 17
3 5 11
1 3 2
22 22 15
11 13 6
9 10 13
3 6 6
9 13 17
8 10 6
10 12 15
3 6 20
16 20 10
20 22 13
15 18 9
23 2 10
13 15 20
4 6 13
0 1 15
4 7 1
15 17 18
0 2 1
18 19 4
12 12 17
20 22 20
17 21 2
13 14 2
20 21 1
8 9 19
2 5 1
11 12 3
15 17 4
23 2 9
12 13 12
9 11 19
0 2 3
9 11 1
13 15 4
0 3 16
10 13 12
12 16 1
22 0 16
23 2 19
15 17 4
0 0 1
1 4 1
22 1 7
16 18 4
6 9 4
10 12 3
6 7 14
1 3 17
19 20 16
22 23 13
22 0 3
21 23 12
20 22 10
10 13 4
7 9 8
8 10 1
0 1 15
5 7 7
7 7 14
1 4 9
21 0 19
6 10 8
8 10 11
6 8 8
19 21 2
1 4 1
16 19 10
21 22 4
19 21 3
1 2 6
13 15 4
9 10 10
14 16 3
12 14 1
17 19 15
20 23 4
13 17 19
0 1 3
7 11 18
23 3 4
0 1 19
18 21 5
6 8 14
7 9 10
23 0 1
8 11 12
8 11 9
13 16 1
21 22 13
10 11 11
10 12 10
12 14 2
3 7 13
9 11 9
23 0 19
9 10 13
6 7 15
3 4 2
1 4 19
18 20 3
19 20 19
19 20 16
16 20 18
15 17 1
18 21 11
11 14 6
10 13 17
0 2 5
2 3 20
16 17 8
23 0 9
16 19 7
16 17 9
15 18 15
12 14 19
12 15 1
13 16 19
7 8 19
10 12 18
23 2 12
5 7 12
13 15 18
13 14 8
19 20 4
1 4 2
7 7 7
11 12 1
23 1 19
0 2 2
13 14 5
23 1 11
14 17 1
13 15 20
22 0 9
2 5 20
2 5 20
4 7 11
6 6 7
3 5 14
18 20 16
9 10 6
17 19 4
6 7 8
4 3 13
23 1 12
5 8 18
22 1 3
5 7 11
8 10 18
4 6 6
19 21 19
9 13 3
9 11 16
10 10 6
5 7 11
18 22 16
4 7 8
3 5 15
1 3 12
7 10 20
11 13 14
4 6 18
4 5 17
4 5 18
4 4 2
8 11 6
1 3 4
20 23 7
19 21 12
9 10 14
0 2 9
6 9 6
15 16 11
15 16 19
9 10 5
1 3 14
10 13 16
4 6 14
5 7 18
14 17 8
13 14 17
14 16 14
22 22 9
10 13 4
13 15 17
19 20 19
17 19 11
23 23 15
5 7 2
9 11 11
9 10 15
6 9 20
16 18 18
15 18 13
9 9 1
6 8 14
19 22 10
15 15 14
6 6 2
10 12 2
0 3 12
18 19 13
5 7 17
20 22 12
14 14 2
4 7 3
18 22 7
13 14 19
9 10 15
8 11 1
6 9 11
4 6 16
12 14 2
7 8 4
6 8 2
22 22 7
11 12 10
1 4 8
7 9 9
11 14 12
23 0 17
23 1 10
13 14 7
20 20 18
15 18 1
1 2 13
12 14 8
0 0 4
13 16 14
19 22 16
15 17 5
6 7 18
7 11 14
22 23 5
5 8 8
13 16 13
22 0 3
23 23 15
10 13 20
8 11 2
2 1 5
2 5 2
11 12 2
15 15 17
23 2 3
7 9 9
5 6 18
21 23 5
22 23 15
15 17 9
10 12 12
8 10 5
8 9 15
14 14 5
16 19 14
5 7 17
12 13 12
13 16 2
20 22 7
22 22 8
14 13 13
11 12 6
0 3 6
20 23 14
7 9 2
0 1 13
1 3 1
13 15 2
2 4 13
15 16 18
0 2 16
19 20 4
16 16 7
4 4 14
14 17 5
12 15 17
13 15 7
0 2 3
21 0 6
18 19 7
17 19 18
3 3 16
6 7 10
16 20 2
21 22 15
18 19 11
21 21 16
18 20 3
23 1 6
14 17 11
7 9 15
11 13 9
20 23 2
15 16 4
2 5 17
13 17 17
2 4 9
11 13 19
10 12 13
21 0 17
19 20 13
21 0 14
16 17 13
19 22 19
7 10 17
20 23 19
17 19 16
16 19 9
17 18 18
2 4 2
6 6 9
12 13 20
8 10 8
23 1 10
1 3 20
15 15 5
10 13 1
22 0 8
17 19 14
16 17 9
15 17 6
22 0 8
6 10 4
9 12 19
15 17 6
20 21 4
17 20 7
10 11 15
10 11 6
20 23 9
14 16 11
22 0 7
0 3 3
10 12 3
5 6 1
5 6 14
7 10 1
18 20 17
23 0 20
22 1 13
23 23 7
6 8 17
21 22 16
7 10 14
18 21 2
4 5 7
1 3 1
11 12 20
1 3 10
18 19 5
5 6 1
23 1 4
10 11 17
15 17 1
3 4 4
3 4 16
22 21 12
16 17 13
23 0 8
0 1 5
2 4 9
19 21 7
1 3 7
3 5 11
15 17 18
12 14 3
10 14 1
10 12 10
2 4 20
11 14 17
3 3 7
11 15 19
6 8 17
9 12 4
14 18 16
7 8 16
3 6 19
2 4 7
22 1 6
17 18 7
3 5 2
22 0 4
7 9 20
13 16 12
17 18 1
21 0 16
18 19 2
16 18 17
5 7 19
23 2 8
3 4 14
5 7 6
17 20 18
23 1 13
9 9 11
3 5 2
12 12 19
3 3 14
16 18 12
19 21 18
2 5 3
9 10 10
0 1 3
17 17 18
0 4 12
3 4 20
8 9 2
12 15 14
19 22 14
12 13 2
5 10 12
9 10 16
5 5 14
19 20 16
8 11 6
0 1 9
15 16 12
2 5 4
1 3 10
23 23 10
17 19 20
17 19 13
7 10 1
6 9 2
6 9 4
20 22 8
0 1 12
21 23 3
5 8 14
21 23 4
15 18 8
7 11 12
14 17 12
10 11 5
23 1 10
11 14 18
22 0 9
3 4 3
21 22 20
1 2 6
7 8 16
10 13 15
15 18 16
16 19 8
11 13 7
23 0 16
16 17 7
21 1 11
12 15 8
15 16 9
3 6 11
13 16 18
6 9 14
23 2 2
2 4 9
3 5 9
11 11 12
7 9 14
12 14 16
9 11 10
22 0 18
5 5 16
18 21 14
9 13 2
13 14 17
2 3 18
3 5 20
