1110 20
15 3 18 17 2 3 7 18 17 2 13 5 4 10 1 2 16 19 3 9 
13 15 10
5 6 6
21 23 14
5 8 17
16 18 10
16 16 12
3 7 13
5 8 15
7 10 3
17 19 19
18 22 5
1 3 13
17 20 2
20 0 8
13 14 3
5 7 16
6 7 9
22 0 2
22 23 9
21 0 9
16 18 11
18 19 19
8 11 5
20 21 4
4 6 18
7 9 5
17 20 14
17 20 3
0 3 11
15 16 18
8 7 5
6 8 19
7 9 14
10 11 7
15 17 3
9 12 4
13 14 6
0 1 7
21 23 11
23 0 8
16 18 10
9 11 5
23 2 5
10 13 18
23 0 5
10 10 11
0 2 20
16 18 9
0 3 2
20 22 3
19 20 5
12 12 12
11 13 4
17 19 4
11 13 14
12 12 15
10 13 8
12 14 13
7 8 15
8 10 5
20 22 17
12 13 9
23 1 4
10 12 18
9 12 11
14 15 18
18 20 11
22 0 2
10 12 7
21 0 13
18 18 8
9 12 8
21 22 9
18 21 19
10 12 3
4 5 19
0 3 3
16 19 2
14 17 20
6 7 7
18 21 15
4 5 14
22 0 3
15 16 1
13 16 19
9 10 10
3 5 2
0 1 18
20 23 1
15 18 1
11 12 5
11 12 10
0 2 6
1 2 6
12 13 15
11 11 3
0 3 17
22 0 8
16 17 5
21 23 16
16 18 6
3 5 4
16 17 5
22 0 2
17 19 1
2 4 18
15 16 20
4 6 1
4 6 13
11 12 7
12 14 4
23 1 9
12 13 3
11 12 2
15 18 8
2 4 1
9 11 14
7 9 12
15 17 19
16 19 8
1 2 17
7 9 17
13 16 12
14 15 16
7 10 11
1 3 11
11 13 6
8 8 20
8 10 3
6 8 5
17 20 10
6 7 9
15 17 13
20 21 3
9 12 15
8 12 15
17 19 15
11 15 2
6 8 11
23 1 17
0 3 7
12 14 10
20 21 16
22 0 11
19 21 18
18 21 10
17 20 13
18 20 1
23 2 9
3 6 5
4 7 8
22 0 11
11 13 8
0 1 3
20 21 17
19 20 10
23 3 14
18 19 7
6 8 18
16 18 17
11 10 13
14 16 5
10 10 13
20 22 8
11 15 3
21 22 17
11 12 15
9 10 10
6 8 18
17 19 1
6 8 9
3 7 7
17 18 19
1 2 11
5 10 10
10 13 6
19 20 19
22 1 19
8 11 16
19 20 5
16 19 3
17 19 2
21 0 3
16 17 9
3 3 11
9 11 4
18 20 11
10 12 3
12 14 17
4 7 20
11 13 11
16 18 10
23 0 12
17 19 7
22 1 14
21 23 7
0 2 16
7 9 9
7 9 18
7 9 20
22 2 6
17 19 18
9 10 20
20 20 7
23 1 15
2 4 8
17 20 18
19 21 5
16 18 12
21 22 8
0 2 15
20 22 9
7 8 8
14 15 13
14 16 16
2 3 5
10 12 5
22 23 9
22 1 19
16 18 13
1 2 15
23 1 1
19 18 7
20 23 18
11 13 3
13 14 4
19 22 20
10 13 4
4 7 20
9 10 8
4 6 11
8 10 5
20 23 2
10 12 17
19 19 11
23 2 11
13 16 1
18 18 4
2 4 18
9 11 7
9 11 14
3 5 20
2 5 4
3 5 5
22 0 12
6 7 20
19 21 17
0 2 5
18 19 13
14 15 20
16 16 10
19 21 5
4 6 7
0 4 6
12 16 17
9 10 4
17 19 3
17 19 13
13 15 14
23 2 1
0 1 17
1 5 5
7 10 14
23 0 8
6 7 13
9 12 15
23 1 12
23 2 18
7 10 19
9 11 8
23 1 16
14 17 4
5 9 17
12 14 15
23 23 7
16 20 10
10 13 14
2 5 8
23 1 5
3 4 13
15 18 8
14 16 18
18 19 19
20 22 1
9 11 10
9 11 15
11 12 5
8 10 9
18 20 18
3 5 18
5 8 8
3 6 8
6 8 18
22 0 1
19 21 9
2 6 19
2 3 14
5 8 3
11 16 7
13 14 7
4 4 8
7 9 1
19 21 20
23 23 15
4 5 4
21 22 15
19 21 6
22 1 8
14 16 19
9 11 9
18 20 6
12 14 17
6 8 5
21 0 9
15 16 13
16 18 4
0 1 4
6 7 6
15 19 18
13 16 13
10 15 16
9 12 3
14 14 2
9 9 11
15 15 9
3 5 19
9 12 1
20 21 18
2 4 9
18 19 18
16 17 7
21 23 6
7 10 6
18 19 2
14 16 1
3 6 5
7 9 19
6 9 8
12 15 16
11 12 11
7 9 10
21 0 1
14 15 2
23 0 7
10 13 1
21 0 2
14 16 7
13 16 13
14 17 20
16 19 16
22 0 6
7 10 17
21 21 12
2 4 15
2 2 15
23 1 16
10 11 12
18 22 13
14 17 5
19 20 10
15 17 1
11 13 19
9 10 8
1 2 15
12 14 3
7 11 16
16 18 5
13 16 12
12 13 17
10 13 13
7 9 12
6 7 3
20 21 11
2 5 8
14 17 12
18 19 5
13 17 3
21 0 14
10 13 3
2 5 1
8 9 15
10 12 5
1 6 10
12 14 16
13 16 18
19 22 6
4 6 12
10 13 18
10 12 14
23 2 2
20 23 18
22 23 5
22 0 1
22 2 17
17 19 13
21 22 9
12 14 8
6 10 20
0 3 5
23 2 13
20 23 15
12 15 6
12 15 5
5 7 7
13 15 12
5 8 11
11 14 12
17 21 19
11 14 7
13 14 3
14 15 12
3 5 6
7 9 8
9 10 13
14 15 8
6 7 7
4 8 6
0 0 20
19 22 20
0 3 7
18 21 9
6 9 7
3 5 15
19 20 19
6 11 13
17 19 14
5 6 11
19 22 10
21 22 17
23 0 5
18 19 13
0 2 9
13 15 6
21 22 3
4 5 10
19 23 19
10 14 5
17 21 6
9 12 2
2 3 15
10 12 18
12 14 13
10 14 13
8 12 19
9 10 8
11 12 20
14 16 8
5 6 14
0 2 19
16 19 4
6 8 2
23 2 2
15 16 9
13 16 8
0 2 4
16 16 17
0 1 3
16 19 2
12 15 19
16 19 13
8 10 3
0 2 3
6 9 2
12 15 15
20 21 13
5 6 17
5 8 14
17 19 12
7 8 16
3 7 14
12 12 6
15 17 13
10 13 5
5 8 19
17 19 1
13 15 17
21 23 12
9 12 10
18 19 16
16 17 3
9 11 17
15 19 7
21 23 10
4 6 13
7 7 13
17 21 7
14 15 8
9 11 12
15 18 8
4 5 12
10 11 18
2 3 8
4 7 19
10 12 10
9 13 18
23 1 15
2 3 14
17 20 14
16 17 1
0 1 15
3 5 8
15 16 1
19 20 15
2 4 20
13 17 17
9 10 10
23 0 6
14 17 6
23 0 11
19 21 7
2 2 2
6 8 8
18 20 17
1 4 16
3 6 13
19 20 6
6 10 2
1 3 16
5 7 16
8 11 10
3 4 7
15 19 19
4 6 7
21 0 12
16 16 12
8 11 10
14 16 15
3 6 20
11 13 5
16 17 13
5 6 7
22 22 12
1 4 16
18 19 3
15 17 20
5 7 9
22 1 9
10 12 13
7 8 14
2 4 7
17 18 14
6 8 19
12 14 18
5 7 4
21 1 16
13 15 4
11 12 2
15 16 13
7 9 19
0 2 1
6 8 7
1 5 5
18 21 8
9 11 1
6 9 12
14 16 3
0 1 17
18 19 12
7 9 20
3 5 19
18 19 3
21 22 14
22 0 5
8 10 10
17 20 10
20 21 7
3 6 5
5 7 17
1 2 6
7 8 13
15 17 15
9 10 13
8 9 15
7 10 18
21 21 1
16 18 6
13 16 19
10 11 16
13 16 3
20 22 20
10 12 11
9 13 14
16 18 1
17 18 6
2 4 9
7 9 2
13 13 17
10 13 20
13 15 18
19 23 14
4 6 17
1 4 14
2 3 13
20 20 17
15 16 4
10 12 17
9 12 13
11 14 13
4 8 11
17 20 6
6 9 6
19 21 5
1 2 2
4 7 1
23 0 3
7 9 12
11 12 13
18 21 2
5 7 10
23 1 17
10 11 4
3 5 10
0 2 12
11 14 5
19 21 15
12 14 1
20 23 6
17 20 11
19 22 14
8 9 5
21 0 3
19 22 3
5 6 19
9 10 20
20 22 14
12 15 18
23 1 12
23 1 16
13 15 13
7 10 1
1 3 1
23 1 5
3 4 10
13 15 8
21 21 18
13 15 3
18 21 7
9 13 9
23 2 18
14 15 6
1 5 12
19 21 4
17 20 8
21 0 11
6 8 19
4 5 20
13 14 2
3 6 19
22 1 9
11 14 2
14 17 14
8 9 5
10 10 14
3 5 20
0 3 2
21 21 15
8 12 3
5 7 11
23 0 11
12 14 15
8 10 3
8 11 16
10 13 5
23 1 8
12 14 14
5 7 8
11 14 5
2 5 3
2 5 10
17 18 12
21 0 9
5 8 7
16 19 11
18 20 6
2 5 19
6 7 13
13 15 14
1 2 7
11 11 13
17 20 18
7 9 15
5 8 13
4 6 20
6 7 12
8 9 6
8 8 18
8 11 11
12 16 1
1 2 20
10 12 18
10 11 5
6 9 14
2 3 2
7 11 10
1 0 8
10 12 16
0 3 11
0 1 19
2 3 15
8 10 12
19 21 3
20 0 2
7 9 19
7 10 10
2 3 18
3 5 17
15 17 13
4 6 12
16 18 15
20 22 12
7 8 5
5 6 13
16 20 15
17 20 5
16 16 6
10 13 4
22 22 13
20 22 12
7 9 7
5 7 20
8 9 2
20 22 6
23 3 8
9 10 18
11 13 17
9 9 4
2 6 9
2 5 4
2 1 1
11 12 17
8 11 5
6 9 4
10 12 2
8 11 16
14 17 9
3 3 1
3 4 18
14 17 10
15 18 6
16 18 4
5 8 9
19 21 1
17 20 14
10 11 5
12 14 11
20 22 15
20 22 6
16 17 6
3 4 13
15 17 4
5 7 5
11 13 15
3 8 2
6 8 5
20 21 10
5 8 14
2 5 5
1 4 16
9 11 5
1 2 4
8 10 11
10 11 6
4 5 12
2 2 19
23 2 14
12 13 9
9 12 17
11 13 9
9 11 1
15 18 6
1 4 5
17 19 12
9 11 3
17 19 10
3 6 4
17 17 10
3 5 5
2 2 9
20 22 1
3 5 5
18 20 10
0 2 10
15 17 5
14 16 7
20 21 9
20 22 18
23 0 7
14 14 10
9 10 18
3 7 17
16 16 17
16 18 2
15 17 15
9 10 18
11 14 14
5 8 16
6 9 8
18 19 15
1 3 16
16 18 6
15 18 14
9 11 18
10 11 1
10 10 1
18 19 3
5 8 17
1 3 8
4 3 5
0 3 15
15 17 20
21 23 1
4 5 7
5 8 7
4 5 7
0 4 2
19 21 16
6 9 20
5 7 15
7 8 7
7 8 9
1 3 13
19 23 19
1 3 10
3 5 8
8 10 19
10 12 4
18 19 4
22 23 13
20 21 1
22 23 13
16 17 20
22 0 14
6 9 2
6 8 6
14 15 1
0 1 15
6 10 10
7 8 14
14 15 16
3 6 5
13 14 2
21 0 8
1 3 14
12 11 16
5 7 7
16 18 4
2 4 2
14 16 4
21 23 9
7 9 6
15 16 1
1 4 13
3 5 3
11 14 13
13 13 20
2 4 18
20 22 5
0 1 19
9 11 11
18 21 18
16 18 3
16 18 9
2 5 6
9 11 8
5 7 15
16 18 20
9 12 14
19 19 18
23 1 11
11 14 8
21 1 1
21 23 16
6 9 13
8 11 13
14 15 16
13 14 3
17 22 8
2 3 18
23 1 11
9 12 15
7 10 7
8 11 1
23 3 7
10 12 11
22 0 9
0 1 1
10 14 5
12 13 6
18 21 8
21 22 5
5 7 20
22 1 9
23 1 4
21 22 1
20 20 18
11 12 12
5 6 2
22 1 3
16 18 3
22 21 8
14 15 3
23 1 13
21 23 14
13 14 18
8 11 16
11 13 19
10 11 9
13 15 5
16 20 19
17 19 18
2 5 13
14 19 20
4 7 14
2 4 5
8 11 19
23 23 3
2 4 13
22 23 5
18 20 10
13 16 6
13 15 9
16 19 12
21 23 9
12 15 20
19 22 17
18 19 8
11 13 17
10 12 2
22 0 19
16 17 9
2 5 19
8 10 13
9 12 11
15 19 16
1 3 7
23 2 10
19 21 1
11 13 19
9 12 4
7 10 6
22 0 12
5 7 10
20 21 9
3 5 2
3 4 17
8 9 6
2 4 11
9 11 18
22 1 9
1 1 5
4 7 1
13 15 2
22 1 5
8 12 4
19 22 11
23 0 18
11 13 20
21 23 17
8 11 13
16 19 6
19 20 10
6 9 20
21 22 14
2 4 17
9 12 20
5 8 4
13 14 12
13 14 15
23 1 2
23 1 16
10 13 13
16 18 13
11 12 4
2 5 1
12 16 11
12 14 6
0 2 9
17 19 3
17 19 4
4 5 7
3 5 2
1 4 10
16 17 6
20 20 17
4 5 4
10 12 20
8 8 19
15 17 16
8 11 3
10 14 4
12 15 1
0 2 4
20 22 5
16 20 1
18 20 9
2 5 18
15 15 12
2 5 15
15 16 18
20 21 11
19 21 15
5 7 13
20 23 11
4 5 1
15 17 5
13 13 2
14 15 3
21 0 10
11 11 12
0 1 14
16 18 4
16 17 5
23 0 18
14 17 14
0 2 12
11 13 10
2 4 6
1 3 8
10 12 5
5 8 20
21 23 14
8 11 13
14 15 17
11 12 3
3 7 6
22 23 20
21 23 19
17 20 5
13 14 9
20 20 20
21 22 13
20 22 12
13 16 16
0 3 13
8 9 3
22 1 13
6 7 19
12 14 16
4 6 20
18 20 19
7 11 12
20 21 11
14 17 4
15 16 13
5 6 10
9 12 4
16 19 8
15 17 3
10 12 1
7 9 20
5 8 17
22 0 9
18 19 3
9 11 19
23 2 9
1 4 1
6 7 9
8 12 19
16 18 8
22 23 15
8 11 5
8 10 3
23 0 10
22 23 13
0 2 16
6 9 10
20 21 9
9 11 12
21 0 4
4 6 4
12 15 13
13 15 7
7 8 19
7 9 12
13 15 5
15 18 16
4 7 3
19 19 9
17 18 7
15 17 12
23 1 10
16 18 5
17 20 9
17 18 15
8 9 7
22 1 7
9 11 9
3 3 20
9 11 5
4 7 16
7 9 2
6 8 12
4 6 11
2 5 14
23 23 16
9 11 17
11 14 13
18 20 20
13 16 11
15 17 16
14 16 19
7 9 18
14 16 9
7 8 12
0 2 14
13 14 14
20 23 2
14 16 18
16 17 11
15 18 8
