1270 20
11 4 2 7 1 18 12 4 19 10 18 1 2 5 11 6 3 17 9 20 
7 9 2
22 1 15
15 16 18
2 5 18
0 2 15
23 0 5
1 1 12
21 23 17
21 23 18
5 7 9
3 4 3
21 23 14
14 16 14
16 19 3
4 5 9
1 2 6
22 0 3
5 8 6
1 2 2
0 4 4
16 18 10
10 13 1
17 18 14
16 18 13
0 3 6
14 17 6
17 19 5
17 19 14
6 7 14
3 4 7
1 3 16
20 0 4
6 7 10
6 7 3
15 17 17
7 8 11
19 19 11
12 13 7
7 8 20
15 17 3
16 20 3
12 14 6
1 3 12
23 2 13
15 17 13
5 7 16
8 9 13
7 9 12
8 10 17
17 19 8
1 4 4
20 0 20
21 23 12
7 10 20
19 21 2
11 13 6
8 10 18
2 6 14
6 8 6
6 9 9
21 21 20
13 15 3
14 17 1
9 11 18
1 3 4
8 10 9
11 13 18
19 20 14
9 11 18
3 5 5
1 4 2
23 0 11
4 6 13
19 21 16
17 19 16
8 10 15
16 19 14
21 0 10
12 14 4
19 22 11
15 16 11
14 16 9
12 15 9
23 2 7
2 3 18
6 7 15
0 1 19
3 5 2
23 2 11
4 5 10
23 1 20
3 6 9
1 5 14
3 4 11
15 18 6
2 5 9
20 21 8
13 15 2
16 18 11
17 19 10
22 23 20
7 10 2
15 18 5
21 23 17
15 15 10
1 2 19
6 9 11
22 22 9
7 10 4
17 18 12
7 10 2
12 15 16
6 9 14
23 0 12
17 19 3
9 10 13
2 3 19
22 0 1
19 22 11
19 20 3
1 3 13
18 20 8
20 23 11
0 3 17
18 20 8
10 11 6
0 3 5
9 11 17
1 3 17
15 17 15
15 17 17
6 7 7
3 7 11
8 9 16
7 10 16
2 3 10
12 14 15
18 20 14
7 10 6
19 21 17
10 12 10
5 7 12
19 21 8
18 21 10
20 23 6
3 4 14
19 20 17
14 14 9
4 6 15
8 10 8
17 21 9
5 8 9
9 11 18
7 9 6
19 19 4
10 12 9
2 3 19
23 23 15
5 6 6
1 4 18
5 7 13
14 15 14
12 14 19
8 10 17
17 19 6
18 19 4
11 12 16
2 4 20
22 22 3
2 3 14
19 21 11
13 15 19
14 14 5
5 7 13
0 2 4
1 2 2
3 5 20
18 20 2
20 23 4
13 15 14
20 23 3
8 11 1
18 21 2
19 22 9
8 11 15
6 5 9
17 19 3
11 12 4
5 7 5
4 6 4
17 20 5
8 10 12
12 14 19
0 2 4
5 7 7
1 3 8
14 16 10
5 7 15
0 1 14
11 12 14
5 7 3
6 7 14
23 3 11
20 22 20
16 18 17
5 8 12
23 0 13
11 14 1
21 22 3
21 23 9
15 17 10
18 20 8
20 23 6
5 7 20
18 20 8
12 14 19
0 1 11
12 14 9
19 21 18
4 6 17
22 1 1
20 0 8
12 14 14
4 6 2
8 9 12
7 9 18
3 5 19
1 4 5
22 1 5
7 8 5
20 21 10
10 14 7
21 23 17
13 14 11
2 6 18
7 8 13
4 4 14
0 2 6
11 13 6
15 17 7
23 1 2
17 19 11
19 21 5
16 19 2
6 7 2
8 10 2
12 12 17
5 8 20
13 16 14
17 20 2
8 10 5
18 20 4
7 8 15
8 10 1
6 7 18
0 1 9
14 17 6
20 23 5
8 9 9
3 4 20
6 8 11
6 9 20
5 7 15
5 8 4
21 0 1
0 1 14
20 23 14
15 18 8
5 6 12
16 18 13
10 12 16
9 12 19
22 0 14
2 4 14
17 18 11
13 15 16
20 21 14
12 14 15
19 20 13
16 16 1
15 17 20
11 13 5
19 21 20
10 12 3
11 14 2
7 10 7
2 4 11
7 9 9
14 18 16
11 14 6
14 14 6
9 11 1
5 7 18
23 3 14
1 3 8
20 22 19
5 5 16
20 22 15
6 9 7
1 1 19
9 11 18
18 19 17
1 3 6
8 9 19
15 17 9
13 15 6
17 19 4
15 16 4
8 10 17
22 0 4
10 11 11
2 4 15
6 8 7
12 13 3
14 14 13
5 7 19
7 8 2
14 16 17
20 23 11
9 10 20
21 0 15
3 6 11
2 4 8
7 10 5
23 1 9
17 19 18
10 11 2
4 7 9
16 19 5
19 20 15
15 18 11
23 1 1
7 11 18
0 0 3
14 17 5
3 6 19
18 19 16
23 1 14
20 23 17
12 14 6
16 18 8
2 6 18
7 8 1
19 22 4
0 1 17
20 21 2
6 6 15
16 17 6
17 20 20
6 5 14
23 1 3
20 21 13
19 20 20
22 1 18
18 20 13
16 18 5
2 4 13
22 0 17
19 21 12
17 19 2
21 23 15
23 1 12
5 8 4
7 9 14
20 21 9
4 5 6
7 8 5
10 13 6
6 9 18
1 4 3
19 22 5
10 10 3
0 1 4
23 0 9
7 10 8
22 1 7
19 23 5
4 7 4
18 21 6
8 9 2
2 4 7
5 8 14
15 16 8
10 12 20
15 17 8
0 3 10
2 4 20
5 8 4
9 14 19
23 0 13
3 3 2
1 2 12
2 4 20
8 10 16
12 15 18
16 18 2
22 1 11
12 12 17
11 12 13
2 4 16
14 15 17
12 14 3
12 15 20
23 2 9
15 16 17
23 1 9
4 5 19
8 10 7
0 2 4
3 6 1
22 1 8
18 20 20
22 22 8
1 3 19
2 4 15
20 23 9
17 18 12
4 7 14
9 12 14
15 14 18
20 23 5
10 12 17
19 22 18
5 7 15
5 7 7
6 8 9
5 8 16
19 22 18
17 19 19
15 17 19
17 19 2
3 5 20
16 16 19
21 23 9
20 23 6
16 18 17
3 4 19
8 10 7
6 7 10
18 20 6
16 17 7
10 13 11
2 5 13
23 1 3
7 7 20
11 13 3
1 1 12
13 17 19
7 10 8
8 10 15
7 10 5
7 10 6
0 2 1
11 14 16
6 8 7
22 23 9
1 3 12
17 19 1
1 3 20
7 10 10
5 6 19
12 13 6
0 3 16
7 10 13
14 16 20
4 5 14
17 21 16
9 12 18
13 16 3
0 2 16
14 17 14
18 21 4
18 20 10
22 23 7
13 15 10
8 10 9
13 16 18
2 5 8
3 6 9
20 21 12
3 5 19
0 2 12
7 7 9
11 14 8
20 23 18
4 6 9
2 3 5
13 15 7
6 9 1
12 13 3
19 19 18
1 4 13
23 2 11
18 21 10
19 20 17
11 14 10
5 8 9
23 2 12
15 18 11
17 20 18
3 5 19
10 13 20
1 3 7
11 15 11
20 22 17
1 4 4
13 16 13
5 9 12
11 13 5
15 18 15
8 9 5
21 1 7
4 7 2
8 11 19
14 16 6
22 0 19
21 0 5
1 4 16
14 17 8
10 13 13
12 15 3
19 22 1
22 23 7
13 15 19
3 5 18
21 22 18
5 7 19
12 13 5
22 23 3
19 21 6
0 1 7
18 20 16
17 19 4
4 5 8
18 20 18
23 0 20
12 15 19
12 14 1
8 9 3
13 15 20
1 3 14
4 5 14
14 16 14
16 17 16
10 11 15
8 11 19
10 13 20
1 4 19
4 5 8
14 16 11
3 3 5
20 0 11
21 22 19
6 9 13
2 2 10
0 1 4
9 11 18
18 20 5
18 22 6
13 16 2
23 0 11
12 14 12
5 7 3
8 10 13
17 19 12
14 16 8
8 10 17
2 4 18
10 11 8
2 4 4
11 14 19
17 21 6
16 17 9
4 7 2
19 20 2
11 12 13
3 4 16
11 13 10
12 15 10
13 14 8
12 14 2
23 0 15
7 8 16
9 11 13
4 6 15
12 13 16
11 13 11
19 21 18
14 18 2
22 0 11
20 20 12
22 0 13
17 18 1
2 3 7
23 1 13
4 5 19
10 11 6
11 12 13
20 22 2
3 5 3
4 6 19
12 13 10
12 12 16
12 14 14
0 0 17
8 9 5
11 11 18
6 8 16
13 14 1
23 0 14
10 13 7
22 0 10
9 11 19
11 14 4
3 5 5
10 12 15
23 2 19
16 18 2
9 9 12
16 18 9
11 13 1
18 20 6
3 4 4
17 20 1
11 12 20
2 4 18
11 12 8
10 11 11
16 19 7
13 15 6
18 21 7
1 3 20
1 4 3
5 7 9
6 7 15
21 1 3
5 7 2
10 13 20
16 19 1
17 18 13
15 17 6
16 15 6
11 12 14
15 18 4
16 18 11
23 0 9
18 20 10
22 1 2
5 9 6
15 16 10
10 12 4
3 5 11
23 2 15
12 14 16
10 13 3
23 1 13
3 5 1
21 22 16
16 18 10
15 17 6
6 6 10
5 6 6
7 9 5
22 2 10
18 19 11
5 8 20
21 0 13
6 7 8
1 2 13
5 6 9
9 11 6
21 22 6
7 9 12
10 11 7
12 14 2
23 2 3
4 6 15
23 23 6
23 0 7
14 17 3
14 16 18
22 0 12
12 14 15
20 21 12
23 1 20
9 12 3
6 8 6
4 7 20
9 10 15
16 18 11
6 7 3
14 15 9
20 22 5
23 1 18
13 14 19
3 5 2
6 6 16
20 21 1
2 5 20
8 9 5
22 23 12
0 2 11
6 9 19
8 10 16
12 13 5
11 14 19
17 20 15
7 8 1
2 4 19
4 5 17
2 3 3
18 22 16
7 8 16
8 10 20
1 2 9
10 11 4
19 22 19
23 0 7
1 4 14
20 22 14
14 17 3
13 15 19
11 14 2
5 7 6
10 13 7
20 22 15
21 23 16
23 0 18
13 14 2
11 14 12
19 22 7
16 20 13
7 10 12
3 7 2
9 13 4
11 13 18
19 20 3
21 0 14
18 18 8
10 12 12
0 3 8
18 19 4
2 3 9
2 3 5
2 5 4
2 4 5
10 12 17
5 9 12
14 16 2
15 19 1
3 4 5
0 2 6
3 4 12
21 23 6
0 2 18
11 12 11
10 13 2
6 9 8
15 16 11
10 12 3
21 0 6
5 7 2
22 0 6
1 3 5
1 4 11
1 4 10
12 13 17
6 7 11
21 22 13
7 8 14
13 15 17
1 3 12
6 7 9
23 1 3
20 23 4
3 4 5
19 22 19
17 18 7
15 16 6
16 18 3
18 21 8
21 23 19
23 0 11
18 19 5
11 14 7
19 22 9
18 20 7
1 3 2
11 14 13
10 11 1
17 18 17
14 17 9
22 1 7
19 20 14
18 21 20
17 20 8
5 8 15
3 6 15
8 10 12
8 10 18
12 15 3
8 12 19
6 8 3
17 18 16
21 22 9
17 19 18
8 9 10
20 22 17
16 18 4
6 8 3
19 22 16
21 0 13
7 7 17
23 1 8
3 5 10
3 4 8
6 9 10
5 6 14
20 20 11
10 13 2
7 9 2
17 19 18
22 2 13
5 6 1
20 23 13
4 6 2
0 3 3
8 10 12
11 13 6
22 2 1
1 4 18
10 12 13
22 1 15
5 6 7
18 20 6
12 15 6
15 17 6
13 14 14
10 13 18
5 7 6
23 3 10
8 11 11
6 6 15
0 3 3
17 19 11
18 19 7
23 2 12
14 18 3
15 16 18
15 17 8
19 22 10
4 7 6
15 18 18
6 6 14
17 18 1
9 11 6
1 2 5
22 1 6
8 10 3
21 23 18
0 1 5
8 11 7
11 13 13
13 15 3
7 11 7
3 5 14
12 15 11
12 15 1
21 23 3
17 21 14
13 16 9
15 17 19
23 1 9
7 9 19
11 15 6
21 22 8
8 10 3
5 9 8
15 17 10
0 1 13
0 2 15
21 0 20
11 13 10
23 3 10
7 9 13
9 11 4
11 12 1
18 22 13
2 6 16
12 15 3
22 0 7
22 0 2
9 10 9
8 11 13
0 2 19
12 15 19
10 12 3
18 20 12
19 22 12
0 4 13
21 22 6
12 14 20
17 20 6
2 3 5
7 8 13
10 12 9
11 12 7
10 12 1
10 12 17
4 5 16
6 8 6
18 20 8
17 18 7
11 14 8
21 23 4
9 13 3
22 1 4
2 6 12
3 5 20
4 4 14
9 12 4
6 7 1
8 9 17
2 4 9
22 0 17
2 4 3
21 1 16
19 23 10
7 8 7
18 21 2
1 2 12
22 1 2
7 9 8
0 3 19
18 19 1
11 14 9
10 11 1
15 18 2
10 13 10
0 3 18
3 5 12
14 17 20
2 3 17
2 5 6
16 18 6
11 13 15
18 20 13
22 1 10
2 4 7
10 14 1
20 22 15
7 9 20
13 16 16
11 13 20
0 0 12
16 16 13
13 15 16
9 10 18
13 14 13
3 4 3
13 15 10
17 19 11
15 16 13
7 9 9
22 0 16
22 1 20
13 14 16
14 17 10
19 22 7
22 0 15
20 21 7
4 7 3
2 4 8
2 3 3
2 4 18
20 21 1
8 9 10
10 12 15
3 4 18
6 5 18
22 0 15
5 7 9
1 3 3
17 21 11
12 15 19
7 9 11
19 20 20
16 17 19
17 20 20
21 0 13
19 21 15
9 10 7
23 1 18
22 23 9
12 15 13
16 17 14
19 21 3
7 8 2
14 17 1
23 0 14
17 19 19
22 23 11
10 13 6
11 12 1
15 16 4
17 18 1
17 19 6
9 13 13
2 5 15
18 21 5
16 18 18
23 0 1
15 17 16
16 17 6
0 3 19
13 16 7
18 19 1
16 18 18
3 5 20
10 11 9
6 9 1
3 4 12
21 22 19
15 18 13
5 6 17
21 23 2
5 8 9
19 20 15
3 6 7
14 16 16
5 8 3
15 16 12
6 6 5
11 12 5
22 3 7
1 2 9
5 7 16
22 1 15
18 20 7
4 5 16
11 11 8
15 18 20
21 0 14
22 2 7
3 6 19
5 8 14
10 9 17
5 8 13
0 2 9
17 18 15
12 15 8
5 8 20
18 20 2
8 10 2
6 7 3
7 8 4
5 7 18
20 23 19
7 9 9
1 3 9
5 7 18
20 21 1
1 3 10
20 20 13
13 16 7
12 13 4
23 2 13
15 17 5
14 16 20
8 10 10
6 9 12
22 0 11
11 12 7
2 3 9
2 3 5
1 3 13
20 23 9
1 0 4
16 18 14
21 0 15
5 6 5
14 17 9
3 5 19
15 18 8
7 9 17
11 15 13
11 14 12
18 19 7
17 18 7
10 12 18
23 3 12
2 3 4
6 7 14
13 16 20
3 5 10
0 1 9
18 18 10
1 5 13
3 4 14
10 10 3
8 9 18
5 8 9
12 14 19
15 18 3
16 19 3
10 12 5
8 9 8
8 7 5
2 5 3
15 18 10
19 20 11
18 21 12
16 17 12
8 11 15
3 4 13
15 17 1
4 8 15
7 9 6
17 19 13
22 1 18
16 17 16
21 22 19
13 16 4
1 2 2
3 3 12
23 2 19
15 16 16
23 0 16
12 16 20
11 13 13
12 14 9
18 19 5
16 19 12
6 7 12
5 8 12
5 6 11
1 3 20
1 1 2
16 18 5
13 15 10
21 0 12
1 3 3
18 19 15
4 6 15
13 12 16
8 10 6
22 1 20
8 9 17
19 22 17
2 3 13
20 22 10
6 8 10
6 8 19
0 1 7
19 21 13
12 14 4
16 18 3
16 21 5
8 10 20
8 8 7
3 4 8
1 4 12
8 10 12
23 0 18
18 19 11
7 10 9
20 22 12
19 21 8
13 15 11
14 14 18
10 10 20
1 4 15
16 18 12
13 13 7
13 15 5
2 3 14
1 3 18
20 22 20
15 17 9
15 16 11
14 16 2
4 5 4
21 23 20
14 16 12
3 5 5
11 14 13
17 20 3
21 23 6
22 1 5
3 6 19
21 23 14
20 0 20
7 8 11
14 17 2
22 3 3
2 4 6
23 0 8
12 13 14
1 3 10
2 4 15
12 15 18
22 1 3
21 22 13
8 11 13
20 22 11
14 15 18
21 22 20
3 3 11
15 19 6
16 18 17
22 0 8
5 8 2
17 18 8
12 14 13
10 10 9
5 8 11
22 0 14
17 20 20
21 23 4
4 5 4
4 5 5
8 7 16
4 5 16
4 7 18
13 14 4
21 23 2
17 18 14
9 13 8
9 11 5
22 23 2
4 7 9
10 13 5
3 3 18
4 5 2
23 2 2
7 10 18
18 20 10
23 0 5
14 17 1
20 22 1
7 8 9
11 12 9
17 17 17
11 12 8
19 20 16
14 18 16
15 16 14
12 14 18
10 13 12
13 16 5
8 10 11
4 7 12
17 17 7
22 22 18
6 8 8
20 22 4
13 15 4
1 3 6
16 18 1
18 22 17
7 9 16
17 22 5
20 22 7
0 4 19
16 19 13
1 3 7
1 4 20
16 17 13
18 18 8
15 16 2
