1290 20
20 16 19 17 7 14 4 18 20 6 18 17 18 20 19 3 4 7 5 12 
9 12 7
2 5 10
3 5 2
6 8 12
1 3 14
7 8 13
18 19 8
20 21 5
10 12 19
7 10 20
17 19 9
13 15 19
13 18 18
6 9 20
13 16 15
22 1 9
23 0 14
22 1 13
23 1 3
13 15 11
13 14 3
4 7 1
2 4 10
4 8 14
22 0 18
9 11 4
19 21 10
17 18 5
8 8 7
23 1 9
23 1 14
10 11 18
16 18 14
23 1 16
14 15 19
14 16 12
0 1 20
23 2 7
1 3 3
21 23 8
14 15 16
9 13 7
17 20 2
14 15 3
15 17 1
18 21 2
6 7 12
3 3 8
4 6 18
3 6 16
11 13 4
15 18 6
17 19 18
9 11 7
8 9 3
17 17 10
2 2 11
22 1 8
5 7 9
2 4 19
10 13 13
10 10 13
13 15 2
1 3 9
6 6 14
2 3 11
3 5 5
2 5 16
18 20 12
19 21 10
5 8 20
1 3 4
3 6 1
19 18 20
2 2 12
12 14 5
5 6 15
15 16 16
22 23 15
2 4 7
22 23 15
9 11 9
11 13 20
14 14 16
7 8 11
6 9 10
7 9 14
6 5 7
23 2 5
20 21 19
6 8 2
10 10 1
14 17 1
7 9 6
16 18 14
13 15 2
19 20 10
17 19 10
15 16 11
14 15 13
11 13 6
22 2 10
5 6 17
19 22 11
18 19 16
20 23 13
9 11 17
19 21 5
13 13 9
6 9 6
20 22 3
19 22 1
13 17 18
9 13 12
6 9 17
2 5 19
8 10 2
7 10 13
8 10 11
21 23 20
5 7 11
4 5 8
2 4 14
22 23 15
13 14 20
17 19 4
8 9 13
0 0 8
19 21 10
7 10 15
10 12 3
0 2 11
18 22 3
9 11 17
20 22 4
5 7 6
14 15 2
21 22 18
6 7 15
1 3 3
22 23 18
15 16 5
10 12 11
23 23 8
8 9 9
17 19 10
14 18 9
0 2 10
14 17 6
19 21 19
17 20 7
6 8 10
19 22 20
18 19 15
8 9 17
19 19 15
21 1 8
17 18 17
13 16 6
2 5 13
1 3 12
8 8 19
5 7 10
6 8 2
17 19 13
10 12 17
6 9 6
17 19 3
8 11 13
0 1 19
11 14 17
20 22 19
17 20 11
2 3 9
17 18 6
8 11 2
14 17 12
21 21 2
3 5 18
22 23 1
0 3 10
10 12 9
21 1 18
23 2 13
6 7 5
10 11 13
13 13 13
15 17 5
20 21 11
17 18 10
23 1 13
2 4 4
2 4 16
9 10 15
8 11 16
13 14 15
22 1 8
16 19 19
9 12 11
16 18 16
3 6 17
23 0 3
7 9 7
19 20 11
5 7 16
21 22 6
3 6 2
9 11 10
19 22 1
3 5 16
18 17 6
5 7 16
17 18 13
21 23 20
17 20 12
3 3 6
0 1 13
11 13 12
2 3 20
6 8 13
16 19 14
19 20 18
2 4 20
8 11 19
3 5 13
19 22 7
15 17 5
14 16 18
13 15 12
17 20 14
4 6 6
15 17 7
22 21 9
5 8 18
4 4 1
21 22 2
0 2 12
6 10 18
14 16 5
6 8 8
17 19 4
16 17 17
3 5 5
23 1 20
10 13 7
21 22 13
2 4 3
21 23 20
18 19 2
20 22 1
12 14 13
12 14 8
18 19 12
10 12 3
14 16 16
14 16 11
21 21 6
10 10 6
19 20 8
7 10 18
12 14 14
7 11 4
21 22 2
13 17 17
14 16 7
1 3 20
4 7 8
22 0 19
19 19 9
12 14 1
16 18 9
8 10 16
8 10 20
5 7 8
17 20 19
18 19 10
0 2 4
22 0 6
7 10 1
9 10 8
21 22 5
19 21 3
22 0 18
8 11 14
22 0 5
2 4 9
7 9 19
1 1 18
5 8 2
11 12 20
6 8 19
17 19 11
2 4 5
12 13 5
22 23 15
7 9 8
7 10 11
0 1 18
4 6 9
17 21 3
10 14 10
0 2 6
12 13 7
16 18 1
22 22 7
20 22 13
5 7 8
9 10 6
0 2 6
12 14 6
23 23 11
3 5 1
19 19 9
7 10 1
11 13 12
7 9 14
11 15 2
21 21 14
21 22 10
19 20 4
13 15 7
2 3 8
13 17 7
22 0 12
16 19 20
7 9 13
6 8 8
11 13 14
12 13 2
9 12 17
6 7 8
9 11 6
4 5 19
4 5 4
3 3 6
3 6 9
14 16 2
20 22 9
6 6 2
20 23 7
8 9 7
6 8 14
12 13 19
0 1 14
8 10 20
22 0 6
13 14 3
4 5 16
14 15 20
21 22 12
0 3 16
5 8 13
3 5 12
19 22 18
23 23 13
22 1 14
20 21 6
5 6 3
6 8 10
13 15 5
17 21 12
10 12 10
10 11 13
19 0 18
7 9 1
17 20 1
23 3 14
14 18 17
8 10 2
21 23 7
20 22 2
22 1 16
3 3 12
21 23 14
18 20 5
20 21 18
2 2 9
4 7 13
3 5 9
21 22 8
15 17 5
5 7 8
23 0 3
21 21 3
23 1 1
3 5 17
14 15 18
12 14 4
17 19 20
4 5 17
18 19 1
4 6 8
5 8 5
23 3 15
15 18 12
1 4 8
2 3 10
23 1 6
0 2 14
0 1 20
5 6 1
14 17 13
16 18 18
22 23 8
18 18 12
18 20 6
23 1 14
12 12 3
12 14 3
8 8 16
10 12 5
19 21 2
3 4 4
22 1 10
15 16 3
15 18 2
11 12 15
20 22 20
21 0 18
8 11 15
8 12 8
13 14 1
20 23 5
0 1 11
5 7 14
8 10 7
4 5 4
14 17 16
12 14 8
3 4 7
1 3 5
23 23 9
15 17 14
21 23 1
12 12 8
3 6 18
4 5 3
12 13 18
19 21 11
5 10 6
2 4 19
2 4 8
15 18 12
23 0 12
6 8 18
5 9 14
2 3 19
19 21 18
4 5 14
16 19 9
17 19 5
20 23 20
21 23 18
0 1 13
7 9 17
6 7 10
4 8 6
10 11 15
10 10 13
5 9 8
21 23 16
7 10 11
11 14 13
5 5 1
16 18 17
1 4 16
22 0 13
12 12 6
22 0 17
22 0 1
23 1 19
1 4 7
16 17 5
12 12 4
23 1 16
5 8 3
12 14 17
4 4 15
15 17 3
14 17 4
12 14 8
2 4 13
1 2 20
15 17 2
10 13 8
4 7 11
11 14 17
7 10 6
13 15 4
10 12 6
21 0 14
21 23 9
4 7 8
8 9 17
18 20 8
21 0 14
18 20 10
23 2 1
4 6 2
22 0 12
8 12 16
20 21 13
7 10 11
14 17 20
6 9 9
21 20 11
20 23 11
16 19 12
12 16 7
16 19 2
13 15 14
13 18 3
7 9 16
8 9 14
4 5 12
19 22 7
18 19 7
17 21 16
8 10 9
2 3 7
17 19 5
10 13 12
5 6 4
19 21 16
3 4 14
9 12 16
7 9 15
14 14 14
3 6 16
0 1 10
2 4 7
12 12 11
0 1 17
5 9 9
6 9 19
22 0 20
21 0 13
17 19 13
17 19 16
23 0 9
13 15 20
19 21 14
9 10 6
6 6 16
7 10 14
16 16 11
11 13 3
3 4 9
15 17 5
14 16 8
22 2 6
1 4 18
13 15 6
23 2 14
14 15 8
8 10 12
9 9 13
2 3 19
15 17 9
19 22 5
12 14 5
10 12 11
11 11 6
13 17 11
7 10 17
6 7 17
21 22 3
12 15 17
17 20 10
10 12 13
0 1 10
9 11 2
21 22 7
8 10 19
4 5 15
23 1 20
5 6 1
6 8 15
9 11 5
16 18 15
23 1 5
7 9 8
7 8 7
21 20 11
3 5 15
11 13 16
0 1 20
6 7 14
10 11 7
23 1 5
16 19 1
8 9 3
1 2 5
16 18 14
17 19 16
6 7 9
0 2 11
19 21 10
19 22 17
21 0 2
3 3 19
3 3 13
20 21 17
12 12 20
5 6 18
8 10 17
22 1 20
2 3 20
9 13 18
3 4 3
12 14 16
6 7 18
13 18 17
16 15 16
20 22 10
14 16 18
8 11 18
1 2 7
7 9 6
11 13 17
15 19 10
8 10 4
13 16 10
23 23 17
11 14 3
14 18 9
14 17 13
4 6 5
2 3 14
20 21 15
20 23 2
21 23 19
18 18 6
0 1 20
23 0 3
17 19 2
12 16 2
18 21 16
20 22 19
11 14 17
1 3 6
11 14 7
2 3 2
12 14 9
6 7 12
22 0 20
12 15 3
3 5 14
18 21 14
11 13 14
2 4 19
11 14 17
12 14 20
11 14 4
12 13 2
4 6 2
18 19 18
10 13 6
6 8 17
6 9 16
21 23 12
13 16 7
6 8 12
11 13 18
19 19 16
8 12 9
0 2 5
19 21 6
16 17 7
21 22 3
7 10 13
19 20 19
11 13 2
9 12 4
10 11 20
2 3 1
6 8 15
9 12 3
20 23 1
19 22 7
1 3 8
8 11 9
12 13 6
16 18 17
9 10 11
18 19 10
10 12 16
11 13 6
12 13 19
8 9 6
23 2 7
9 10 3
17 17 2
18 18 14
2 4 19
22 0 6
7 9 18
8 12 20
10 12 19
12 13 15
10 11 5
22 23 11
11 12 3
8 10 12
21 0 13
21 22 12
20 21 2
16 19 11
14 17 9
23 1 12
9 10 11
18 19 2
23 2 1
5 9 1
10 13 9
4 5 4
21 0 4
23 2 15
17 20 19
14 17 12
7 9 1
7 10 2
11 13 17
15 17 5
1 3 17
8 11 9
7 9 3
18 20 14
14 15 7
14 15 18
15 17 9
13 16 17
5 7 13
13 16 15
21 23 7
1 4 3
8 11 3
4 4 5
8 11 2
0 3 16
22 23 9
10 11 3
13 16 19
3 5 2
1 4 6
7 7 1
3 5 7
5 7 7
13 17 9
22 23 16
20 21 3
9 10 13
16 17 14
15 17 16
20 23 5
21 0 8
2 5 11
13 15 14
13 13 2
7 7 12
16 17 16
11 11 17
22 0 16
21 23 11
16 18 3
23 23 7
10 11 16
17 18 7
12 13 1
4 7 20
15 18 5
17 19 8
20 22 19
9 10 15
6 11 19
10 10 15
11 13 1
11 13 4
21 0 5
3 6 17
9 11 16
19 21 7
14 16 4
16 19 9
17 19 5
14 16 14
17 19 7
5 6 18
23 1 12
4 4 19
7 8 13
12 15 12
6 8 11
16 19 7
5 5 16
11 16 16
18 21 13
18 19 17
14 16 17
18 20 14
8 8 2
8 11 8
11 13 10
2 4 1
1 2 18
3 5 4
2 2 12
19 22 1
13 13 10
21 22 13
16 17 20
23 2 1
15 18 1
15 15 1
16 17 15
11 11 4
17 19 8
2 4 12
17 18 13
4 5 20
18 19 11
21 23 10
19 21 1
12 13 10
18 18 13
15 16 3
1 4 15
16 16 14
12 15 15
1 4 5
16 16 2
17 19 19
3 5 20
5 6 1
3 5 3
0 1 7
10 13 16
13 14 7
21 0 2
16 18 1
14 15 10
1 4 11
1 2 2
21 23 15
23 1 13
14 16 3
14 16 9
8 11 7
19 22 15
2 2 16
11 15 12
13 14 14
15 16 7
1 3 9
10 12 1
2 4 20
19 22 4
6 7 6
15 18 5
9 13 5
7 10 5
12 14 2
14 15 18
14 17 2
17 18 8
8 11 5
6 9 8
14 16 12
21 0 20
6 6 13
19 21 11
11 12 12
5 8 8
16 18 17
15 18 10
12 15 16
3 6 6
10 13 1
23 0 4
9 11 8
23 0 5
4 4 2
14 16 19
7 9 12
10 12 4
15 18 8
15 15 12
11 12 1
6 10 1
23 0 13
21 23 11
19 22 9
22 0 19
11 15 6
9 11 18
11 14 10
20 21 3
19 21 3
18 20 20
18 18 15
4 7 9
15 17 16
16 18 6
3 6 13
2 5 15
19 21 3
20 23 2
2 2 5
7 8 5
6 9 15
10 12 5
6 7 13
12 14 4
13 15 5
12 14 18
1 5 7
12 13 1
9 10 1
15 18 20
16 19 6
19 20 14
8 9 14
21 23 8
23 1 10
23 2 10
5 6 14
6 7 20
1 3 5
9 11 6
23 0 17
3 4 19
17 19 15
12 16 14
4 6 12
18 19 14
20 22 9
2 4 8
21 23 16
17 19 8
8 9 6
13 14 7
22 0 16
18 20 14
10 14 17
9 11 10
2 5 15
13 15 19
1 4 5
1 2 19
4 6 4
20 21 4
6 8 6
3 6 6
22 23 9
18 19 3
12 16 17
14 16 8
19 21 3
0 2 16
15 16 1
3 5 4
15 17 13
2 3 9
17 19 16
22 0 9
14 17 15
7 8 3
2 4 17
17 20 17
2 4 15
5 6 2
10 11 13
0 0 3
2 4 6
4 5 3
22 0 16
14 15 17
7 8 6
15 16 14
2 3 18
8 11 2
20 21 13
14 17 13
22 22 2
5 8 8
10 12 14
23 1 4
22 23 9
21 23 9
1 5 14
10 12 4
4 8 20
13 15 17
6 8 7
23 2 11
10 12 18
0 3 11
18 21 13
5 6 6
17 19 16
11 12 4
11 14 19
14 16 14
8 10 14
6 9 19
6 9 12
9 11 17
11 13 7
0 3 1
11 13 16
1 4 16
20 22 15
15 17 19
13 15 16
12 13 4
1 4 4
9 9 18
15 16 3
5 8 10
1 1 9
15 17 12
20 22 3
12 14 12
8 7 18
14 16 5
9 12 20
22 1 1
8 10 17
16 17 9
19 20 19
18 18 1
12 14 6
18 20 5
0 2 19
0 1 2
20 23 9
9 12 1
1 3 8
3 6 19
15 16 20
21 22 7
3 5 17
17 20 8
18 22 20
0 2 18
18 20 17
17 21 13
10 12 10
22 0 17
13 16 11
14 16 3
19 21 8
17 20 7
9 10 9
5 6 4
17 20 14
6 8 16
8 10 1
1 3 17
4 6 6
22 0 12
2 4 9
19 20 13
11 11 14
23 3 11
13 15 14
19 21 12
14 16 12
13 15 17
2 4 14
15 18 18
4 8 3
22 1 3
1 2 9
7 9 11
4 6 7
20 23 20
1 4 10
0 2 18
22 23 1
19 21 10
9 12 12
3 5 17
11 13 5
7 9 20
15 17 18
14 16 15
15 16 10
13 14 14
7 9 4
10 14 13
2 4 11
14 16 19
0 3 1
2 4 6
10 13 7
12 13 9
12 14 11
2 5 14
9 11 19
23 1 20
19 20 10
4 5 19
13 14 19
0 3 12
1 2 18
20 22 11
8 11 16
18 20 20
10 13 4
11 13 11
11 15 13
17 21 12
2 4 3
0 2 7
5 6 13
14 17 18
13 15 17
21 21 11
21 21 7
16 19 8
9 11 12
19 22 20
5 8 17
18 21 10
18 19 7
23 1 16
20 22 11
16 19 14
3 6 3
4 6 15
17 18 9
7 10 2
2 5 13
20 22 9
11 12 5
21 23 6
4 4 10
23 0 6
1 3 7
4 5 10
8 10 1
15 17 14
10 11 15
9 10 1
5 7 2
17 19 8
15 16 19
1 2 15
0 1 18
16 18 13
2 6 5
21 0 15
8 10 17
4 6 15
22 0 16
16 19 2
18 20 2
23 2 14
8 8 10
19 21 13
11 13 13
11 13 10
14 17 7
22 0 9
5 7 6
6 7 11
17 20 6
16 18 19
0 3 9
20 21 6
22 23 9
5 7 12
1 3 10
19 21 9
1 5 5
2 5 5
23 1 3
23 1 20
3 6 13
5 6 10
12 14 15
18 20 4
11 12 2
19 20 8
3 6 18
7 8 2
3 6 2
6 10 5
18 19 1
8 10 5
2 5 15
18 20 9
1 3 15
18 19 19
15 18 20
6 8 7
9 11 12
18 19 4
19 22 14
10 11 17
10 11 18
13 13 15
1 1 15
12 14 16
22 23 11
0 4 1
20 21 13
9 11 6
1 2 1
5 9 12
20 22 17
16 17 19
23 1 8
12 15 17
9 10 4
22 2 11
7 8 11
16 19 19
3 4 3
1 1 6
18 18 3
23 2 8
20 23 3
5 8 13
13 16 1
4 6 1
6 9 8
20 22 18
14 16 4
23 2 7
5 6 3
7 9 7
9 12 15
4 6 16
19 21 17
9 9 3
8 9 17
7 11 2
5 7 16
8 10 20
21 22 4
12 14 17
15 17 11
23 1 3
4 6 3
22 0 8
20 22 14
21 23 12
12 14 12
8 9 18
17 20 15
12 14 5
19 21 8
3 5 19
2 3 5
6 8 8
9 11 13
8 9 4
17 21 9
22 23 3
16 19 5
21 23 5
20 23 4
18 20 8
5 8 14
12 13 10
17 20 12
9 12 17
5 8 5
11 13 19
20 23 3
4 7 20
18 19 7
17 18 15
10 11 2
9 12 8
10 13 17
3 5 20
20 21 15
8 10 1
6 9 4
10 10 9
4 5 19
21 21 19
0 2 11
1 4 11
16 17 14
12 14 14
8 12 14
