1220 20
19 7 6 10 12 1 17 7 9 1 15 4 18 10 11 14 13 18 17 8 
22 2 20
13 15 16
16 17 9
11 12 16
13 14 13
17 19 19
1 3 9
5 7 16
20 22 7
1 2 11
2 4 16
12 12 19
20 21 12
7 7 10
6 8 8
11 13 3
12 13 1
16 18 1
10 10 11
6 6 19
18 19 17
15 18 10
8 11 14
21 0 5
17 20 1
12 14 15
11 12 17
20 21 12
10 12 10
13 16 19
9 12 13
4 6 7
19 22 3
18 21 13
9 10 3
7 10 20
13 14 14
17 17 20
4 4 8
3 5 4
10 11 6
6 8 11
16 19 11
19 20 20
17 19 17
8 9 3
4 6 4
13 14 18
3 4 17
6 7 15
13 14 6
10 14 17
9 11 7
15 16 11
13 15 15
15 17 3
1 3 2
22 23 6
8 10 4
1 3 13
7 10 8
21 1 6
20 22 6
9 10 7
10 12 3
10 12 12
3 7 7
16 19 10
15 17 14
2 4 16
12 15 13
23 2 2
22 23 17
22 0 6
15 15 12
11 14 14
15 19 10
19 21 14
15 18 13
16 19 3
2 2 10
23 1 1
5 8 13
6 9 7
8 11 13
15 18 3
6 6 14
0 1 7
22 1 9
1 3 12
0 0 7
1 4 9
0 3 6
13 14 15
1 3 6
2 4 14
6 8 1
16 17 18
18 20 15
13 15 12
14 14 18
4 5 12
11 13 5
19 21 12
1 2 15
7 8 5
23 0 13
19 21 17
16 20 8
18 19 7
3 4 11
3 4 7
18 20 7
3 5 5
13 15 6
4 9 4
23 23 11
11 13 14
12 14 10
4 5 18
4 6 19
17 19 12
4 5 18
8 9 7
8 9 2
3 5 12
14 15 9
19 23 4
18 20 8
11 11 20
20 21 9
12 12 8
11 13 9
13 15 14
15 19 9
23 1 12
19 20 11
7 11 14
1 3 11
8 10 6
16 18 13
21 22 7
8 11 4
13 15 20
18 21 18
12 13 13
2 3 19
2 4 1
23 0 15
8 10 17
21 0 4
7 8 12
6 6 9
4 6 4
22 0 12
0 2 20
1 2 14
12 14 11
1 3 13
23 1 5
4 7 19
22 0 8
22 23 3
3 6 12
5 8 1
7 9 7
4 4 10
4 6 4
16 19 9
7 9 13
14 17 14
23 2 13
6 7 3
19 22 14
5 5 1
16 18 5
1 2 9
13 15 8
14 17 18
16 17 2
2 5 15
18 19 19
19 20 2
15 18 12
11 12 15
22 23 14
3 7 20
8 11 1
6 7 12
7 9 18
2 3 4
17 20 17
4 7 16
16 20 15
13 15 19
4 6 5
6 8 16
10 11 15
0 2 17
7 9 18
7 9 16
10 13 9
4 7 16
11 12 5
18 21 6
13 14 13
20 23 16
10 13 18
4 4 13
23 1 9
2 3 17
8 11 12
0 1 14
0 3 7
1 1 18
13 14 1
8 11 6
10 15 4
19 19 7
12 14 5
20 20 19
23 2 16
18 20 3
20 23 12
19 21 17
11 14 17
14 15 18
22 0 8
18 21 12
20 0 14
10 11 3
20 20 6
4 4 9
15 16 12
13 15 6
18 18 11
19 21 4
9 11 15
10 12 20
17 18 17
17 18 7
21 23 9
9 11 16
16 18 7
16 18 14
8 11 7
14 14 19
9 12 7
17 20 3
16 17 17
1 3 16
5 6 2
19 22 5
11 13 13
12 13 13
8 10 19
7 11 3
14 16 17
8 8 12
1 4 1
18 19 16
18 20 3
20 23 6
4 3 5
22 1 9
3 3 2
14 15 9
15 17 15
16 16 3
8 10 16
15 18 20
8 10 6
12 12 2
1 2 8
0 3 9
1 2 20
16 19 4
15 18 9
10 14 9
14 14 18
7 9 17
14 15 11
9 11 13
1 3 17
0 1 8
6 9 9
23 3 7
20 22 15
2 3 12
17 19 3
7 10 4
6 7 5
11 12 8
1 4 16
0 1 19
23 2 15
15 17 16
9 10 13
15 15 11
7 7 15
4 5 1
5 8 17
4 7 8
20 22 8
20 21 20
23 0 11
15 17 17
21 0 3
21 0 13
18 21 20
4 6 1
15 17 10
2 2 9
22 3 8
8 11 17
14 17 5
2 3 7
2 4 18
10 11 9
19 20 15
13 16 3
1 4 7
13 16 17
5 10 14
6 6 18
11 13 14
5 7 16
8 10 16
8 10 1
15 18 3
20 19 8
12 14 8
4 6 15
10 12 17
22 0 20
5 7 5
13 15 2
1 5 10
1 3 14
0 1 10
6 7 13
2 2 5
22 1 2
23 1 3
7 10 17
17 20 17
19 19 5
15 16 10
10 11 10
22 0 6
5 6 10
0 3 7
9 11 8
17 19 11
19 21 1
4 6 6
21 23 4
17 16 18
13 14 15
10 12 14
5 5 3
2 5 15
13 14 1
9 10 1
5 8 3
22 1 10
6 9 14
20 22 8
23 3 15
21 0 2
19 21 4
7 8 6
2 5 6
18 19 1
9 12 14
15 16 3
23 0 10
18 21 16
21 0 8
21 23 5
20 22 6
12 13 7
3 5 16
9 13 10
8 8 15
18 19 3
7 8 20
17 22 5
4 7 7
11 15 6
4 5 19
7 10 9
22 0 14
8 8 9
11 12 6
11 12 14
15 17 3
19 21 19
14 16 5
18 20 1
3 5 9
22 0 2
0 1 19
6 7 19
18 20 12
6 8 10
0 0 13
14 17 19
4 7 2
11 13 11
8 9 20
0 2 10
22 22 14
20 0 15
15 16 2
18 20 4
6 8 1
15 16 6
19 20 5
4 7 20
20 20 14
3 5 20
21 0 10
7 7 10
19 20 2
5 6 16
16 19 19
21 23 19
4 3 11
11 13 8
4 5 5
0 1 6
2 3 11
0 1 20
18 20 3
21 0 13
0 2 8
19 21 19
22 2 17
10 12 20
11 12 4
14 17 7
8 10 16
5 6 5
12 14 17
4 6 14
7 10 17
2 1 20
8 11 1
20 22 3
18 21 19
15 18 2
5 7 20
7 10 12
3 5 7
8 10 10
6 9 9
2 5 12
15 17 9
12 13 19
8 10 10
2 2 4
21 23 18
8 11 16
0 3 6
17 17 11
18 19 19
9 11 8
11 12 14
4 5 8
3 5 11
7 9 16
16 18 8
13 15 17
4 6 11
17 20 8
6 9 17
13 17 2
6 10 2
4 4 14
21 21 11
11 13 10
22 1 11
17 17 18
4 4 2
12 13 10
19 21 13
21 22 3
20 22 12
8 10 16
3 5 14
22 22 10
17 17 7
12 15 10
7 9 2
11 14 1
1 3 2
23 1 14
13 16 19
14 17 13
21 23 20
17 19 18
7 9 4
18 21 4
17 19 5
16 17 4
3 4 2
21 23 20
0 2 11
6 10 3
18 20 13
22 1 5
23 1 8
5 7 14
10 10 16
11 14 13
13 16 20
21 23 11
21 22 2
8 11 17
1 4 2
20 21 1
9 10 5
17 18 18
18 20 5
21 1 8
14 17 1
5 7 16
20 22 10
2 5 17
3 5 17
3 6 18
3 6 9
19 21 9
10 11 14
22 1 13
20 0 12
20 21 15
21 23 6
16 19 15
18 20 8
1 3 3
23 1 5
7 10 1
2 4 4
2 4 15
10 12 5
3 5 17
10 13 9
9 11 19
11 15 3
9 11 12
16 17 19
16 16 1
10 10 5
11 12 6
15 17 3
7 7 6
0 3 19
1 3 8
19 20 11
0 2 4
16 18 17
22 0 13
16 17 7
4 5 16
17 19 8
15 16 20
6 9 5
7 10 6
14 17 8
16 19 8
11 12 20
20 21 16
17 18 19
15 18 1
17 19 1
0 2 16
5 5 19
23 0 19
22 0 6
6 8 12
2 4 2
5 7 6
11 12 10
21 23 5
2 5 19
4 4 7
7 10 18
11 12 14
12 14 7
22 23 11
5 7 8
17 20 10
23 1 4
14 16 12
6 7 2
12 14 17
18 20 19
7 10 8
5 6 14
2 3 14
3 5 6
6 7 16
12 14 19
9 9 4
15 17 16
18 21 13
11 10 9
3 3 13
9 11 6
18 21 2
17 19 15
23 0 10
9 10 12
19 20 18
6 8 6
17 19 11
23 0 13
1 4 4
13 14 14
17 20 10
17 19 17
16 19 13
15 18 14
11 13 16
5 7 11
12 13 11
5 7 2
3 5 20
14 17 18
15 17 3
12 13 16
0 1 20
6 8 9
17 19 19
20 22 3
12 16 1
4 5 17
11 12 3
21 23 13
3 4 5
13 16 17
8 10 14
19 20 19
20 22 4
10 11 5
12 15 4
4 6 5
9 9 1
10 12 6
10 12 7
13 15 2
19 20 19
18 19 20
16 19 19
0 2 7
8 11 6
12 13 2
16 18 13
20 21 10
5 8 10
7 8 1
6 8 6
3 6 6
19 22 16
5 7 6
5 8 13
10 13 13
7 9 15
8 9 15
1 3 3
17 19 18
16 19 2
6 8 6
21 0 1
1 2 4
12 15 7
1 4 13
21 21 18
15 16 20
10 11 1
11 13 2
10 9 3
2 4 12
14 15 3
1 2 8
13 15 3
12 12 7
11 12 8
11 13 11
10 13 17
9 10 16
19 22 16
17 18 20
2 6 1
1 4 17
2 5 11
2 5 6
19 21 10
1 1 16
2 5 17
22 23 8
2 3 10
3 3 6
5 6 17
4 6 6
3 6 17
21 23 20
20 22 10
0 1 14
19 22 3
16 20 9
3 5 6
4 6 9
2 4 17
20 21 13
18 22 15
20 22 6
13 15 8
17 19 2
13 15 13
2 5 19
5 8 8
13 16 4
15 17 20
17 20 6
16 16 16
20 21 15
0 3 5
16 19 11
1 4 11
23 23 5
18 21 17
11 12 19
11 13 11
13 17 15
14 15 13
22 23 6
20 21 9
15 16 16
22 23 9
20 22 9
15 18 3
22 23 1
15 17 15
9 12 12
18 20 15
6 6 12
23 0 9
4 5 3
4 9 6
11 13 18
8 11 9
1 4 16
4 8 2
16 18 19
15 17 7
12 13 1
11 13 12
20 1 5
18 20 19
19 21 10
15 16 20
23 4 4
5 5 18
1 4 7
17 19 18
17 20 10
21 23 20
19 23 13
5 7 3
9 11 13
8 10 18
13 15 6
8 10 12
18 19 12
13 16 15
16 18 14
20 23 19
14 15 9
17 18 19
1 3 16
9 11 10
2 5 16
17 20 1
9 12 19
10 12 2
13 15 7
4 5 17
8 7 7
13 13 5
2 4 6
14 18 2
16 19 12
2 3 17
10 11 17
10 13 16
15 16 12
13 14 1
14 17 15
17 20 16
1 3 1
8 10 13
23 0 6
15 17 9
11 13 15
19 21 16
20 21 6
17 19 18
14 17 5
23 0 8
11 13 19
10 13 19
16 18 18
3 4 17
15 18 3
8 11 7
2 6 5
7 9 14
1 2 11
5 7 10
9 10 5
3 4 17
5 8 15
18 18 16
15 19 20
17 18 13
2 4 13
22 0 17
4 5 17
4 6 1
14 14 13
12 14 1
13 16 12
8 11 18
0 2 1
17 19 15
13 13 5
17 19 20
21 23 2
0 3 13
12 13 5
12 13 10
12 15 11
7 9 4
13 15 14
16 18 19
13 16 10
10 10 7
13 16 7
12 13 11
7 10 6
11 15 4
16 17 12
2 3 7
18 19 10
21 1 7
15 17 14
0 0 2
21 21 5
18 20 20
17 20 2
18 20 7
1 2 2
5 7 3
16 16 17
14 17 13
10 13 5
10 12 12
7 9 20
14 15 16
13 14 1
1 2 6
10 10 13
22 23 2
0 1 8
15 19 5
14 15 3
19 20 14
5 8 20
16 18 15
10 12 12
21 22 13
19 22 18
6 10 12
5 5 3
8 9 20
8 9 18
6 9 8
15 18 4
11 12 8
4 5 3
4 5 20
5 8 11
3 6 15
18 18 11
15 18 12
15 17 16
0 2 20
18 21 8
6 8 2
8 11 20
3 5 10
17 18 20
16 18 13
7 10 8
4 4 16
3 2 14
20 22 5
18 18 9
14 17 9
5 7 4
11 15 14
17 19 17
4 6 11
1 3 6
16 17 4
19 19 20
12 14 7
1 2 12
12 14 10
1 4 4
11 13 13
10 12 18
9 11 11
6 9 19
2 4 5
4 8 10
19 22 9
7 10 13
2 4 6
4 5 20
12 14 6
12 13 19
5 8 17
1 2 1
5 7 5
12 14 16
11 13 6
1 3 7
10 13 14
20 22 13
1 4 20
0 1 9
23 0 11
19 23 2
4 7 7
11 12 10
13 15 12
6 9 14
18 21 15
17 17 16
15 14 18
2 5 2
12 14 6
20 21 16
13 15 4
5 6 20
23 23 4
22 1 9
16 17 12
23 0 11
3 5 7
13 15 4
15 18 15
13 15 15
16 20 14
0 0 10
0 0 2
4 5 3
5 5 6
16 18 16
17 18 2
20 23 16
5 6 17
17 19 9
17 19 10
22 0 18
9 11 13
6 7 5
2 2 9
7 10 10
13 16 5
22 1 2
1 1 3
22 1 18
0 2 5
7 9 15
15 19 8
13 14 7
15 18 8
1 1 3
1 4 4
13 13 11
6 9 11
0 3 10
19 20 1
15 18 20
6 8 11
16 17 17
14 17 11
6 7 19
5 8 1
8 9 17
4 4 12
6 8 1
19 20 14
4 6 11
4 6 6
3 4 14
5 6 3
11 13 8
10 13 14
16 17 20
11 14 11
13 14 20
13 13 8
3 6 19
11 13 17
3 3 8
10 13 14
18 20 20
18 19 3
9 14 6
18 21 7
0 1 9
18 20 7
23 0 5
8 10 15
6 7 8
14 15 15
8 10 17
19 21 9
9 12 2
11 11 12
3 4 10
2 2 4
5 6 7
11 12 9
18 20 15
8 11 13
23 2 12
8 11 6
15 18 1
22 23 7
17 18 1
10 13 9
18 21 10
11 13 11
21 23 3
10 14 2
13 16 20
7 9 2
1 5 10
21 1 14
1 3 19
11 14 12
5 7 5
15 15 2
22 0 11
11 12 5
4 5 15
18 22 1
16 17 17
9 9 16
20 22 3
6 10 7
15 16 3
8 10 1
18 19 2
11 13 1
4 6 16
16 15 6
22 23 7
23 1 8
7 9 10
6 7 8
22 22 7
10 12 3
8 10 20
1 4 10
11 13 19
19 21 17
8 9 8
3 5 13
14 17 20
23 1 18
18 21 2
17 21 2
9 11 3
6 8 18
1 3 4
1 2 3
5 7 13
15 17 18
2 4 12
20 1 1
16 20 2
20 23 17
4 6 19
21 21 4
20 20 13
20 0 15
0 2 11
13 16 3
5 7 1
2 4 2
10 12 1
1 2 6
20 23 16
13 15 11
0 1 16
18 20 13
16 18 10
12 14 5
5 5 10
13 14 1
7 9 18
10 11 2
13 14 10
8 10 5
18 21 12
8 11 4
7 7 15
10 11 15
2 3 12
10 13 20
18 20 2
8 8 11
15 18 5
4 6 15
4 7 20
6 8 19
13 15 14
9 11 1
1 1 12
8 10 19
5 6 12
22 1 4
22 0 6
22 2 5
19 20 16
1 3 15
18 19 1
14 14 2
18 20 10
18 20 7
14 17 13
0 2 6
5 7 6
21 0 19
14 16 17
6 8 4
10 10 15
20 22 10
6 7 7
14 15 3
19 21 9
12 14 11
7 9 10
10 11 5
6 8 14
18 18 12
17 21 12
23 2 5
2 4 9
5 7 1
8 11 5
5 8 13
10 13 18
16 18 8
1 2 15
11 12 9
19 19 20
5 7 14
2 4 7
22 1 12
4 5 6
15 17 5
2 5 14
5 6 17
6 8 13
12 13 7
23 1 9
12 14 18
9 11 12
23 1 8
8 9 13
12 14 1
0 0 19
8 10 19
22 0 15
1 2 17
22 0 15
6 7 6
6 6 3
14 15 10
23 2 2
9 12 3
5 8 16
12 12 8
6 8 7
16 18 19
18 18 3
15 18 20
23 1 19
7 8 7
13 14 10
3 5 3
23 2 11
18 22 6
2 4 20
13 17 5
10 11 6
22 2 6
12 15 13
5 5 4
19 21 13
12 15 10
