1240 20
17 14 13 5 10 19 16 13 3 5 16 19 3 2 11 13 18 17 7 17 
17 20 11
9 10 14
2 4 18
21 23 11
6 8 4
5 8 15
16 18 13
13 15 11
18 21 11
9 9 2
17 19 6
14 17 6
11 13 19
8 13 12
12 14 18
8 8 12
1 3 19
20 23 20
7 10 8
9 11 5
23 0 8
23 2 11
19 21 4
9 10 14
16 17 6
0 1 1
17 17 1
5 7 18
4 7 14
7 10 7
3 5 17
20 22 14
11 14 15
7 10 3
13 14 7
20 23 18
9 11 9
3 5 8
23 1 20
3 5 2
21 22 6
21 23 20
22 0 18
4 5 13
21 23 8
9 12 3
11 13 15
18 21 17
18 19 14
15 17 16
3 4 12
5 7 10
19 21 12
23 1 4
4 6 11
19 20 16
17 21 19
8 8 1
6 10 1
20 23 4
14 14 9
17 18 9
9 10 2
3 4 13
12 14 5
4 7 2
13 14 17
5 6 12
21 23 2
0 2 5
18 20 14
5 7 12
2 3 13
7 9 13
11 13 20
21 22 17
6 8 1
9 10 4
15 17 3
21 23 19
22 0 14
6 8 18
4 5 2
17 18 9
0 0 17
23 1 18
6 9 2
11 13 2
6 8 15
23 1 1
10 14 7
6 8 19
16 19 10
17 19 10
5 7 7
9 9 4
21 21 15
18 19 8
1 3 7
22 23 15
1 3 8
9 12 1
7 10 9
11 14 9
9 12 6
12 13 17
23 3 18
23 1 10
17 20 15
11 14 19
4 8 9
3 6 11
13 15 17
7 8 9
11 15 20
11 13 1
20 20 9
9 9 17
21 23 1
5 7 15
19 21 15
13 15 12
6 7 2
21 22 15
7 9 4
1 3 9
12 14 9
6 8 5
2 3 14
18 20 7
3 4 14
16 18 20
21 0 18
18 21 13
21 22 9
7 10 16
19 22 3
2 5 8
16 16 2
18 20 3
16 19 4
15 16 11
15 16 6
11 11 17
1 5 20
21 23 5
12 16 2
6 8 19
15 17 6
3 5 16
18 20 12
3 6 17
16 19 11
16 19 6
13 14 17
6 6 6
1 3 2
5 7 20
2 4 4
15 15 17
12 15 18
3 5 9
22 1 2
14 17 11
13 16 15
7 10 17
7 7 5
18 20 8
19 21 2
8 12 16
13 16 8
11 14 7
4 7 13
5 6 3
6 7 3
20 22 16
14 17 3
2 4 18
10 12 8
22 0 12
0 1 10
9 9 7
1 4 13
18 19 7
18 19 14
19 20 5
8 10 5
8 12 2
10 11 14
21 23 17
9 10 18
18 19 15
17 19 5
21 22 19
6 9 12
7 10 6
7 9 7
1 4 11
19 21 11
2 4 9
19 19 7
15 17 10
2 3 17
14 16 8
19 20 19
12 11 15
8 10 12
7 8 1
19 22 11
0 1 1
5 6 13
23 2 15
16 16 9
16 17 7
11 13 16
20 20 17
23 2 12
2 4 11
14 15 2
0 3 10
13 14 15
8 11 7
17 18 5
5 7 10
19 20 2
5 7 20
5 8 4
19 20 3
11 15 20
14 16 5
10 12 6
3 6 3
21 0 1
9 11 13
16 17 1
16 18 17
17 19 7
14 17 1
17 18 1
15 17 9
12 13 8
14 14 16
13 16 18
15 17 16
0 3 13
17 18 6
11 14 20
18 21 12
11 11 18
5 7 19
1 2 12
10 11 10
4 5 12
4 7 5
3 5 20
15 17 4
10 14 2
19 23 6
10 12 9
17 19 13
21 23 9
7 8 10
7 10 19
23 23 6
6 9 17
4 5 4
20 22 6
10 11 11
23 2 11
20 22 1
5 7 9
16 18 5
18 18 13
5 7 14
14 18 20
10 11 17
4 6 16
14 15 15
2 5 2
6 8 9
14 16 1
11 12 19
22 23 9
14 16 16
14 16 6
17 19 6
11 13 11
4 4 18
1 3 1
20 22 7
3 3 12
13 15 16
12 15 14
4 7 15
12 14 3
23 1 3
19 21 8
19 21 15
0 1 20
10 13 16
11 13 8
3 6 8
23 2 7
5 8 4
20 20 1
14 16 14
4 6 14
21 22 20
6 7 10
2 4 20
13 15 1
21 23 11
3 6 3
6 8 14
12 13 8
5 7 6
6 8 5
22 23 10
16 18 5
3 5 14
13 15 3
20 18 19
4 7 5
19 21 9
7 9 6
17 18 6
13 17 16
22 1 10
8 10 1
6 10 3
0 1 14
16 17 3
23 0 7
15 17 9
10 13 15
17 17 3
0 0 5
3 4 19
3 7 3
5 9 19
2 4 4
20 0 6
9 10 18
1 2 11
22 23 16
7 9 14
23 1 10
8 9 18
12 13 20
5 7 16
4 6 18
19 19 6
7 10 10
23 1 11
11 12 5
14 16 19
21 0 11
21 23 2
19 23 18
10 11 16
1 4 11
23 1 4
14 17 20
16 18 7
9 11 8
4 6 9
13 15 9
1 3 1
4 6 4
10 11 6
21 0 3
22 23 10
7 8 14
0 3 20
23 2 4
20 23 6
15 15 17
8 10 18
7 8 5
21 23 15
13 15 5
10 13 8
14 16 17
5 7 9
10 13 16
10 12 7
10 12 14
3 6 11
10 12 20
1 2 4
3 2 10
8 9 15
8 9 2
1 3 6
13 14 1
7 10 1
12 14 5
17 19 3
4 5 10
18 19 19
5 7 1
5 8 5
14 17 8
22 23 17
16 16 19
19 22 16
7 8 18
11 14 20
4 5 3
11 12 4
18 21 18
7 11 1
7 8 18
11 13 17
11 13 3
22 0 4
5 7 12
22 23 4
23 1 2
2 4 7
10 11 9
17 19 11
17 19 17
6 7 12
0 1 19
8 10 5
2 3 15
18 22 8
16 18 8
6 6 6
16 17 7
5 5 11
5 8 13
11 13 15
11 13 6
13 15 13
9 12 12
0 1 20
6 8 17
7 9 17
10 11 3
5 7 16
5 7 9
0 3 13
1 3 3
23 1 12
23 2 11
14 17 19
7 8 16
7 9 1
6 9 8
5 5 3
3 6 18
12 14 11
4 6 1
20 23 2
20 23 1
15 18 19
11 12 15
21 22 5
23 1 14
11 14 16
17 20 5
11 13 10
8 9 10
3 5 12
6 10 14
14 17 14
22 0 10
3 5 14
18 21 14
0 3 17
20 20 14
17 19 19
8 11 3
11 13 17
20 20 10
16 18 18
8 10 4
5 8 9
17 18 17
17 19 18
14 17 13
16 18 14
12 13 8
11 13 12
14 16 17
0 2 7
17 19 5
16 18 6
9 11 2
5 7 4
10 11 1
20 22 12
22 1 16
19 21 3
1 2 13
10 13 2
15 18 11
7 9 1
9 11 19
13 13 7
19 21 4
14 17 13
12 14 12
20 21 4
17 19 18
23 1 9
9 10 16
18 22 11
6 8 6
22 23 12
17 20 10
18 20 5
19 21 18
5 8 12
23 0 18
13 15 6
8 10 8
9 11 8
6 7 10
18 22 1
22 2 12
10 11 12
2 4 18
12 14 15
17 19 4
5 4 19
1 4 11
9 12 18
5 8 2
5 7 15
22 23 13
12 15 17
14 18 7
7 9 3
6 8 16
14 17 12
3 5 18
4 6 11
10 13 13
3 5 2
22 23 13
12 12 5
20 22 20
14 15 18
13 16 8
19 23 7
5 8 17
19 20 5
18 20 14
21 23 3
11 13 12
4 4 2
13 15 4
12 15 16
13 15 16
5 8 7
12 15 12
14 16 7
7 9 3
2 4 4
21 0 2
15 18 13
0 2 17
16 18 15
12 13 13
11 13 15
8 9 15
12 15 19
13 13 4
10 12 1
16 19 8
21 0 10
15 17 5
1 2 20
5 6 1
7 11 4
6 8 4
1 2 8
19 21 4
14 16 15
3 6 3
15 17 4
20 22 16
14 15 17
14 17 2
5 7 9
12 15 6
18 22 5
10 13 5
17 20 18
15 17 13
7 9 20
7 11 13
1 2 11
12 13 3
11 13 19
4 7 14
13 13 6
8 12 5
10 12 3
22 2 15
23 0 16
13 14 12
23 0 5
9 11 15
3 4 12
20 23 11
4 6 14
18 22 12
7 11 11
20 22 17
10 12 7
11 12 3
13 14 6
6 7 13
9 10 12
16 18 18
8 10 18
8 8 10
6 9 1
9 13 5
5 8 6
1 2 8
21 0 8
22 0 1
10 12 18
23 2 8
4 8 19
13 14 6
20 22 5
3 7 2
23 2 8
8 10 9
8 9 4
20 23 13
8 11 16
21 21 14
12 14 11
8 10 3
2 3 5
1 3 19
22 23 10
20 22 8
23 1 1
22 23 20
20 23 4
22 0 11
13 14 9
0 1 4
12 14 3
22 23 11
10 14 18
11 14 1
15 17 13
3 5 7
17 19 13
8 10 1
21 0 14
22 22 19
9 11 9
11 13 16
18 18 2
23 2 5
0 2 3
5 7 19
12 14 18
12 14 17
9 11 1
21 23 14
14 17 15
0 4 1
21 22 19
14 14 11
18 21 9
7 9 7
17 20 5
14 18 20
23 0 13
4 6 9
12 14 16
14 16 13
21 23 15
8 10 13
21 23 3
15 18 3
17 19 12
22 20 5
17 19 20
4 6 7
8 10 3
19 21 13
19 22 17
12 14 1
10 12 15
4 5 20
15 16 1
21 23 9
18 19 16
12 12 14
12 15 8
16 19 19
19 21 11
7 9 18
4 5 12
4 6 6
20 22 11
7 9 6
8 11 16
12 14 18
23 0 3
13 16 13
17 19 15
0 2 18
12 16 17
20 21 11
16 18 11
9 11 16
9 10 17
23 2 6
13 14 18
7 9 16
17 17 6
20 21 19
20 22 14
2 4 14
15 16 4
15 17 13
2 2 12
5 6 6
11 13 3
4 6 7
8 11 14
20 23 10
7 9 8
1 3 8
11 14 16
19 21 16
2 4 3
15 18 16
2 5 6
10 13 10
2 5 20
20 21 8
15 17 19
9 11 4
17 19 4
21 22 14
17 20 9
2 5 16
15 16 15
5 6 10
0 3 1
9 10 19
6 10 10
12 14 6
8 10 15
21 21 10
9 12 16
10 10 19
22 1 7
4 5 10
18 20 13
2 4 14
14 16 13
0 1 19
12 14 15
7 11 18
18 19 13
16 17 19
19 20 2
8 9 3
3 5 18
11 14 11
17 20 10
11 14 1
4 5 19
4 6 6
6 7 9
18 21 18
14 18 19
3 4 4
5 7 16
7 8 1
17 21 17
12 16 7
7 9 12
8 10 1
23 2 18
17 19 20
16 19 16
16 18 6
6 8 18
17 19 4
6 8 10
13 15 3
3 6 12
13 15 18
9 11 5
0 2 15
5 6 10
0 3 16
17 21 6
18 20 17
0 2 19
7 8 17
22 0 10
7 8 4
5 7 9
23 0 10
15 17 4
14 17 1
14 15 12
7 11 14
10 11 7
20 0 11
2 2 4
20 0 11
6 9 16
16 17 8
8 9 1
21 23 18
8 9 14
4 5 12
8 8 18
21 0 14
9 12 18
1 2 12
19 21 2
13 16 13
8 10 7
14 15 2
12 14 12
6 8 17
11 15 1
12 15 8
22 1 14
19 20 2
17 20 10
2 4 19
19 22 8
13 15 16
9 11 4
21 23 7
10 12 15
1 4 2
16 17 14
3 6 15
9 11 5
10 14 10
18 19 5
17 19 20
5 7 11
6 8 8
14 17 20
15 17 15
17 17 14
5 8 3
4 6 3
11 12 4
2 4 14
3 4 3
23 3 10
15 16 2
11 13 3
23 3 10
22 0 5
9 13 19
1 1 18
17 19 5
1 3 17
9 12 12
11 12 3
10 12 20
9 10 19
2 4 12
12 14 7
4 6 11
5 7 5
0 1 4
3 3 11
23 1 1
17 20 13
19 20 6
11 13 8
10 11 3
4 5 6
5 8 17
12 16 18
12 14 9
21 23 15
20 22 16
20 20 19
17 20 7
11 13 2
16 17 13
13 15 13
17 19 8
14 16 13
15 17 3
19 20 16
17 20 5
12 13 19
8 11 5
1 2 8
9 11 3
18 18 11
4 7 3
10 12 5
2 5 12
20 21 7
16 19 5
4 6 15
18 21 19
10 11 17
15 16 9
21 22 4
14 17 2
16 18 3
17 18 3
14 15 13
7 8 11
16 18 17
12 14 1
7 10 9
4 5 5
0 2 12
5 8 7
17 20 1
19 21 11
20 21 3
7 9 11
0 2 3
18 20 20
20 22 12
21 0 14
5 6 18
5 5 15
8 12 6
17 19 16
21 23 19
2 2 14
8 11 10
18 21 8
14 17 6
19 22 20
13 14 16
5 7 5
3 5 10
21 1 15
8 10 1
19 22 18
6 8 15
19 21 16
16 18 8
17 19 12
22 0 12
12 14 14
0 2 9
8 9 14
11 13 5
20 22 4
7 8 10
8 10 4
9 11 5
20 23 9
16 18 3
21 1 12
6 8 2
23 0 1
19 23 11
6 10 3
19 21 16
6 6 4
8 10 17
20 20 20
2 3 10
22 23 13
9 10 6
17 20 5
15 18 8
0 1 9
0 4 12
23 23 2
13 14 5
16 18 8
0 2 20
10 10 14
1 3 14
8 10 3
14 15 19
3 4 3
5 6 3
23 2 10
19 22 16
20 22 16
9 11 4
21 23 14
4 6 18
0 1 4
19 20 14
14 17 1
18 19 9
3 5 5
20 23 19
18 20 13
18 21 7
2 3 12
10 12 2
11 14 6
8 10 10
22 1 17
19 21 18
5 8 19
18 20 2
10 11 1
3 5 17
9 12 12
21 22 13
19 22 14
14 16 10
18 19 20
18 20 2
2 4 10
18 20 18
22 0 7
20 21 13
11 13 11
13 16 1
16 18 4
15 14 1
18 21 15
15 18 6
13 15 11
21 0 3
23 1 15
7 10 6
2 4 2
5 7 4
16 19 2
18 20 10
6 8 3
8 11 4
6 9 16
9 10 14
21 21 12
16 18 1
1 2 2
1 4 5
10 13 7
17 18 2
17 19 14
0 4 1
13 15 12
10 10 17
5 6 19
17 20 5
17 20 17
21 1 3
19 21 4
21 23 19
6 10 11
16 18 6
4 5 13
3 6 12
20 22 8
14 15 10
8 10 9
18 20 20
12 16 10
15 16 6
13 17 5
11 12 10
14 17 4
7 11 9
18 21 4
0 2 12
0 1 3
16 18 18
5 8 12
22 2 12
11 14 2
16 18 5
3 7 17
21 21 15
19 23 1
23 1 17
4 5 6
14 15 8
22 0 15
1 3 12
18 20 10
21 23 18
12 14 10
12 14 6
2 5 5
3 5 3
11 13 11
2 6 5
7 11 16
23 1 10
13 14 17
10 13 11
16 18 5
10 11 7
19 20 16
4 6 13
8 10 12
17 18 13
9 14 16
23 2 14
8 10 14
8 12 14
7 10 6
18 21 12
0 2 1
16 18 18
17 20 18
1 4 4
0 3 1
15 17 9
13 14 13
6 6 8
13 15 8
5 8 9
10 12 15
1 3 19
8 10 9
20 21 16
4 7 15
9 10 4
16 18 3
14 16 16
13 14 1
12 13 16
13 16 13
18 22 18
20 21 12
19 22 11
0 1 18
20 0 14
22 0 1
21 23 14
10 14 12
21 23 9
13 15 10
21 0 17
15 15 17
1 3 5
19 21 18
0 2 10
16 17 7
22 0 11
5 8 1
0 1 14
5 8 13
4 8 13
0 1 15
10 14 17
10 11 13
0 2 11
13 16 5
17 19 9
18 21 3
4 7 14
10 12 18
16 17 9
15 17 12
19 22 1
8 9 15
3 7 18
21 23 5
4 6 18
19 20 13
3 5 6
23 3 17
2 4 15
12 13 8
22 23 2
10 13 5
3 5 1
13 16 6
4 6 14
14 15 1
21 23 19
14 15 1
17 19 11
20 20 14
21 23 2
9 13 9
20 21 2
19 20 2
7 8 1
10 13 7
14 16 12
20 21 13
19 22 4
0 3 8
8 11 2
3 5 10
7 7 19
2 4 18
13 16 1
20 23 20
0 3 12
13 14 4
21 23 3
19 21 4
17 19 15
11 15 6
6 9 4
13 15 6
13 14 13
0 3 8
1 4 19
20 21 10
17 20 15
11 12 2
1 2 3
21 23 9
17 18 5
5 7 17
1 4 4
3 5 19
8 9 7
12 14 17
22 0 3
0 3 11
7 9 19
15 17 5
6 8 2
16 19 1
7 11 11
18 20 1
19 19 6
15 16 2
2 3 16
6 8 20
19 23 15
