1250 20
6 3 20 15 17 11 5 18 18 5 13 11 9 16 19 16 6 17 4 10 
14 16 7
1 3 20
7 9 20
4 8 16
0 2 7
9 11 18
11 12 3
9 12 13
13 15 15
9 12 5
8 12 2
14 15 3
1 3 7
22 0 19
15 17 8
8 8 5
23 2 18
10 11 1
6 7 13
22 3 20
0 3 14
19 20 7
10 13 7
4 5 8
7 8 16
23 2 1
18 21 5
2 4 14
20 21 4
23 1 15
1 3 5
5 6 5
11 13 5
13 14 6
17 19 1
4 7 12
8 8 11
10 12 2
3 5 6
11 13 7
15 16 14
9 11 13
20 22 6
12 16 3
1 5 5
11 14 4
5 6 11
22 0 20
9 11 3
6 9 7
6 9 2
14 18 2
1 5 12
14 16 1
6 9 20
13 15 7
3 6 12
0 2 12
23 1 18
5 7 6
0 1 3
16 17 5
19 22 6
23 0 14
17 20 18
17 20 15
7 8 7
4 7 8
17 19 8
19 21 18
14 16 12
1 4 3
16 17 9
5 8 5
21 1 16
11 13 16
7 10 9
5 7 3
1 4 20
5 7 20
5 5 2
7 9 1
4 7 6
11 13 2
18 19 8
5 8 3
23 4 12
1 3 13
0 1 9
12 14 15
9 10 7
3 3 18
7 8 8
21 0 15
21 23 9
22 0 3
11 12 4
16 20 3
10 13 1
2 3 13
19 22 20
9 10 9
5 7 16
8 10 14
19 21 17
4 3 14
17 20 10
1 4 3
19 20 10
18 20 10
3 5 15
7 7 5
21 0 2
5 8 4
22 1 2
21 22 3
13 15 5
3 5 13
11 14 6
14 18 9
4 7 12
1 3 1
13 16 17
3 4 13
6 8 5
6 9 10
11 12 4
14 16 4
13 15 17
2 3 7
17 20 2
2 4 5
8 10 17
1 3 9
21 23 7
7 8 2
11 14 11
22 23 16
19 22 2
4 6 5
22 0 7
10 13 17
2 4 7
19 21 20
19 22 5
4 6 13
14 17 1
22 23 15
0 2 8
8 10 20
21 22 20
2 4 10
13 16 3
13 16 5
4 7 20
23 1 18
6 11 13
11 13 13
10 11 8
6 7 2
23 3 15
7 7 10
23 2 4
5 7 3
8 9 3
9 12 6
23 3 1
17 19 7
12 13 9
0 3 8
9 10 8
15 18 6
11 13 6
18 19 6
3 6 15
3 7 14
9 11 9
7 8 2
3 6 4
14 15 10
1 3 2
12 14 14
22 0 19
15 17 19
5 6 3
21 22 3
15 17 15
6 8 16
18 19 8
4 7 5
22 0 1
20 22 3
16 17 10
4 3 16
8 8 2
1 2 12
19 23 10
17 19 12
0 1 2
14 17 16
6 8 12
17 19 16
2 5 20
8 11 5
21 23 4
22 0 10
3 4 7
7 8 11
20 22 2
13 14 12
23 0 8
23 0 20
6 6 6
6 8 3
8 10 18
9 12 11
15 17 10
1 3 1
5 7 14
22 0 18
6 8 18
3 5 9
6 9 6
4 6 15
6 9 18
11 13 2
1 2 16
11 13 16
10 11 5
17 18 17
11 13 6
13 15 14
19 21 18
17 20 11
15 16 20
15 18 20
13 14 16
16 19 10
17 20 6
7 9 14
0 2 20
20 22 5
3 5 7
22 23 5
12 15 15
0 2 7
15 16 6
8 9 11
2 3 13
3 6 19
11 10 16
0 2 6
5 7 9
6 7 19
2 4 3
11 13 6
15 15 16
20 22 2
23 3 17
2 4 18
5 7 5
13 15 11
16 18 4
20 23 10
16 19 3
17 20 10
0 2 11
5 7 16
13 15 10
12 14 12
10 13 18
4 7 5
21 23 12
12 13 18
18 20 17
8 8 8
17 19 6
16 18 3
3 6 20
6 9 2
3 4 20
8 9 11
13 15 7
7 8 16
16 17 1
6 6 13
3 5 4
12 14 6
23 0 4
7 8 4
14 16 13
9 12 5
0 2 3
5 6 20
4 6 18
13 15 1
15 18 9
8 10 6
2 5 11
21 0 11
11 12 20
1 2 16
2 3 18
22 1 4
23 0 10
2 4 17
18 21 8
6 8 1
9 9 3
23 1 8
4 5 4
11 13 5
14 16 2
15 18 1
11 14 7
6 9 5
21 23 11
14 16 13
8 10 14
6 6 15
13 17 14
4 6 2
8 11 10
7 8 8
1 2 12
0 1 1
19 20 10
18 20 17
9 11 8
2 4 14
5 8 10
5 7 16
22 0 8
8 9 14
15 17 15
6 8 3
7 9 7
14 15 4
3 6 14
20 21 8
8 10 6
8 9 7
23 2 12
21 23 7
18 19 14
18 18 2
5 7 3
8 10 16
4 8 6
1 3 11
11 12 1
4 5 7
12 13 3
16 17 1
15 17 1
9 11 1
16 20 19
17 19 2
8 11 19
5 8 10
23 2 18
16 18 9
2 5 14
23 0 15
14 17 4
16 18 5
1 1 1
8 9 13
15 15 11
5 7 4
13 15 10
5 7 9
11 13 14
14 15 3
7 11 6
21 22 16
12 15 15
2 4 10
18 20 15
9 13 7
4 6 8
5 8 1
23 0 2
12 14 2
11 11 11
17 18 6
15 14 18
9 12 8
11 14 11
8 10 15
22 0 11
3 6 9
7 9 15
21 22 20
14 16 10
0 0 13
6 9 4
4 5 10
18 20 5
6 7 10
6 8 10
5 9 7
23 1 18
7 7 13
4 5 18
9 12 1
23 1 10
21 0 1
8 9 1
20 23 19
2 5 16
15 17 10
0 3 6
2 5 10
2 5 10
15 19 1
16 16 11
19 20 13
6 8 6
14 15 14
10 11 12
5 5 14
9 8 14
13 15 7
0 1 6
13 15 18
6 8 14
1 2 19
7 9 19
21 23 16
3 4 11
15 17 4
22 0 3
0 1 10
20 20 4
11 13 17
7 8 19
15 18 5
23 0 20
17 19 14
9 11 18
11 13 16
17 18 18
2 4 18
0 3 8
12 16 2
10 12 2
14 18 14
21 0 20
2 4 12
1 4 14
22 0 8
21 23 3
5 7 10
20 21 20
11 14 10
3 5 14
23 0 16
4 5 17
8 10 19
20 21 19
14 16 19
4 5 3
21 0 3
23 23 8
13 17 5
20 21 1
21 22 4
4 6 4
9 11 14
13 14 1
5 7 20
2 3 18
21 22 19
20 20 18
9 11 4
6 11 4
22 1 16
22 0 9
16 18 6
14 16 11
6 9 8
5 7 11
10 12 10
0 2 2
16 18 3
9 10 3
21 0 18
12 14 19
20 22 3
4 7 12
19 23 7
11 13 15
4 6 2
14 16 5
11 15 17
13 14 12
5 7 12
16 19 5
13 16 11
10 13 1
22 0 8
16 17 16
8 10 17
10 11 7
18 21 18
22 0 17
1 3 18
0 2 5
21 23 8
2 4 20
11 13 8
8 11 15
12 16 18
8 9 15
14 17 10
2 5 18
18 21 5
1 4 10
0 1 14
0 3 2
0 2 15
17 18 17
3 7 8
21 22 14
14 18 20
4 7 2
17 19 18
4 6 17
1 4 12
12 14 16
14 16 6
22 1 20
10 12 19
15 15 19
2 4 9
20 23 16
16 18 14
21 22 11
0 1 3
16 20 13
13 16 19
4 6 6
1 2 1
1 2 11
1 3 16
8 9 12
5 6 19
12 12 19
7 9 7
23 2 5
22 1 3
20 22 16
21 22 1
3 2 3
22 1 6
10 12 13
6 7 19
5 7 17
5 7 2
6 9 18
20 22 11
17 18 20
6 8 2
6 7 9
6 6 19
18 19 9
9 10 12
8 10 16
15 17 14
13 17 18
22 23 17
12 15 18
2 4 5
7 9 6
20 23 4
3 5 12
19 22 3
17 19 12
22 23 17
18 21 6
4 6 13
15 16 2
13 15 4
1 4 13
4 6 13
1 2 8
4 5 1
4 6 16
5 7 13
21 23 2
18 20 18
15 17 13
11 14 5
16 20 9
4 6 9
10 12 6
20 23 13
23 23 20
21 23 15
12 14 7
21 0 17
21 23 17
8 12 17
16 17 8
23 2 7
17 19 16
14 19 12
2 2 3
17 19 9
14 15 6
5 7 16
18 22 1
5 6 17
2 4 2
11 12 15
13 16 2
12 15 9
8 10 1
8 11 3
8 12 14
18 21 16
21 23 6
3 6 3
13 15 8
21 23 3
11 12 15
22 0 9
19 21 8
8 10 4
5 6 14
22 2 15
2 5 14
14 17 19
18 19 3
16 19 2
1 3 16
13 15 6
20 23 8
15 17 13
5 7 16
4 6 2
11 13 5
15 19 3
9 12 1
1 2 14
15 18 20
23 1 5
19 20 20
12 13 13
6 8 13
22 1 16
0 1 9
0 3 8
15 18 18
6 9 11
16 19 8
1 2 5
7 10 15
9 11 14
1 3 13
0 1 7
12 14 5
22 23 2
19 21 18
18 20 2
1 3 12
13 15 20
19 22 19
4 7 20
17 19 11
17 18 8
20 21 8
20 22 12
23 23 6
2 4 6
11 12 16
18 20 14
23 1 19
21 0 11
1 4 16
1 3 13
8 9 14
3 7 7
17 20 14
23 0 8
17 18 19
8 10 18
11 15 1
6 9 1
1 3 9
13 13 20
5 5 7
12 14 14
0 2 1
4 6 5
9 12 10
22 23 10
6 7 16
10 12 13
21 21 18
5 4 18
4 7 10
19 20 13
20 22 8
22 22 1
5 9 8
21 1 20
21 22 10
17 19 20
3 6 11
3 6 4
5 6 12
22 2 17
15 18 6
11 13 12
15 16 7
9 10 13
4 6 6
7 9 14
3 6 18
0 0 4
8 11 10
8 11 15
22 0 15
17 19 9
21 22 3
7 9 13
9 11 5
1 3 9
11 15 6
4 5 18
9 12 7
21 23 5
4 6 20
11 13 11
22 0 9
5 7 4
2 4 6
0 1 4
21 23 2
9 12 13
13 12 17
6 8 18
13 15 16
14 17 7
23 0 8
19 23 19
9 14 7
0 1 16
4 5 1
16 18 13
16 17 20
18 18 6
9 12 20
4 8 16
0 3 18
18 18 11
6 8 1
2 3 4
12 14 15
8 9 8
18 19 8
6 9 4
11 14 6
16 17 5
12 14 14
0 0 3
14 17 17
17 20 12
0 3 5
14 15 13
13 14 12
18 19 6
1 2 6
2 4 4
20 22 1
20 21 16
22 0 16
15 17 8
16 18 9
10 11 15
1 3 18
20 22 3
9 12 12
12 14 17
4 6 13
2 3 15
12 14 1
6 7 5
5 8 16
8 11 19
1 3 13
6 8 18
3 3 4
0 1 4
1 5 10
5 6 10
19 20 19
22 0 4
19 20 3
22 1 10
17 20 14
3 5 4
20 23 17
22 1 19
10 12 7
13 16 3
7 10 11
11 13 8
10 12 12
13 15 3
14 16 20
12 13 17
18 20 14
23 0 20
14 16 20
17 21 4
19 22 14
13 16 10
9 13 17
0 3 19
10 11 6
20 22 19
20 23 1
20 22 11
17 21 14
14 16 12
5 8 10
14 15 6
18 18 9
9 12 8
2 5 16
8 11 2
20 23 16
2 4 1
15 17 2
10 13 12
9 11 14
10 13 13
10 10 11
0 2 9
16 19 18
20 22 19
0 2 8
10 13 12
6 7 6
1 3 14
6 7 20
12 14 20
8 12 5
18 21 16
0 2 6
1 1 2
16 18 15
2 5 16
9 11 18
14 15 14
17 19 18
4 5 2
14 15 6
11 13 2
11 12 13
22 0 6
19 20 2
23 2 16
2 2 20
15 18 13
5 5 6
6 7 1
13 14 10
8 10 16
3 4 12
12 14 18
19 21 20
7 10 8
13 15 1
16 15 19
7 9 9
20 22 9
12 14 11
9 11 1
0 2 1
8 10 17
6 9 10
10 12 11
1 3 15
11 13 10
8 10 6
23 0 11
16 18 16
5 5 13
2 5 18
15 16 13
14 16 15
22 0 5
21 21 12
1 3 1
17 19 19
22 1 16
22 0 16
14 17 14
0 1 20
10 11 7
18 21 7
15 17 1
23 0 15
15 17 16
2 3 10
22 1 10
23 3 4
0 -1 2
3 6 13
3 5 3
10 14 12
11 15 2
5 5 13
17 19 18
6 7 5
3 5 15
10 13 12
18 22 12
1 2 13
7 8 19
7 11 10
10 12 3
2 6 16
7 8 15
16 18 4
1 4 5
8 10 6
20 22 18
17 17 3
21 1 18
4 6 2
14 16 1
18 19 2
1 5 4
16 17 18
16 19 20
7 10 7
4 6 13
5 7 4
8 12 19
0 3 12
3 3 5
15 18 12
12 14 4
9 13 14
2 3 18
4 6 8
0 1 20
4 7 12
4 6 2
0 2 20
19 21 1
13 14 20
8 10 11
11 13 20
8 10 2
8 9 4
3 4 10
23 0 3
19 23 11
17 19 10
12 15 7
20 23 14
21 22 9
18 20 19
16 18 15
12 14 7
11 12 7
7 8 18
23 1 3
14 17 1
16 18 16
19 20 12
2 2 6
9 12 3
17 19 18
20 21 2
0 2 6
9 11 14
23 1 16
16 19 10
23 1 6
2 2 9
12 13 8
0 1 17
18 19 19
18 21 8
4 8 12
3 4 17
2 3 11
22 1 8
0 1 6
14 16 16
21 23 4
0 3 19
11 13 11
22 1 3
23 1 17
17 20 18
11 12 1
12 13 13
2 2 3
4 7 9
8 9 9
7 9 4
16 17 13
2 4 10
2 5 11
4 5 18
23 23 15
21 22 12
19 20 17
17 18 1
5 7 8
19 23 16
7 10 12
1 2 8
0 3 17
21 23 18
9 10 3
22 23 18
5 9 15
4 5 19
20 22 2
12 15 10
1 3 2
15 19 2
16 18 10
23 0 2
20 22 17
4 7 9
15 17 2
9 12 3
23 1 10
9 10 15
10 12 8
5 7 5
5 8 2
19 21 3
23 1 5
2 3 13
11 13 15
10 11 16
23 0 14
10 11 11
18 21 17
16 19 6
15 19 4
2 5 6
11 12 7
4 5 10
21 22 20
20 23 18
8 10 13
8 10 12
12 13 7
8 11 16
5 8 9
2 5 10
15 18 6
22 1 3
17 18 17
21 23 3
11 13 7
12 14 3
6 10 11
18 19 20
22 1 11
22 1 20
9 12 9
14 17 11
14 16 17
23 1 3
14 15 13
14 15 6
21 22 6
19 20 18
17 19 5
1 2 18
12 13 18
10 12 12
4 6 20
6 8 12
5 8 7
22 23 17
7 8 12
7 8 5
13 14 3
9 11 11
17 19 17
21 22 11
8 12 14
23 2 2
13 15 7
17 20 10
8 9 16
9 11 1
8 11 7
11 13 1
21 21 14
17 18 11
2 4 9
23 2 6
9 12 18
7 11 19
6 7 18
21 22 19
13 14 19
11 12 13
23 23 18
5 7 20
9 11 14
16 19 19
16 19 3
9 11 11
3 6 3
19 21 4
6 10 2
3 6 15
5 7 5
11 12 3
14 17 17
2 3 17
0 2 7
13 15 6
21 0 3
9 13 13
9 10 3
11 13 8
6 8 13
1 4 20
1 4 6
7 9 12
11 14 1
0 2 4
15 17 19
14 16 12
7 9 7
4 6 2
8 11 3
11 13 11
16 17 3
17 19 10
12 14 6
17 18 9
16 18 8
18 18 8
21 21 18
16 18 2
4 7 8
15 16 7
18 19 6
17 20 8
22 23 2
10 13 17
5 7 1
1 2 2
12 12 5
8 11 6
10 13 9
21 23 20
20 22 1
2 3 13
15 18 11
9 11 17
19 21 19
9 10 3
6 8 13
2 4 15
15 18 7
6 7 19
2 4 3
4 5 16
14 15 14
1 1 3
6 8 14
3 6 19
1 3 3
12 15 2
23 1 1
8 10 19
22 22 10
12 15 8
9 12 20
2 3 8
17 18 4
10 13 3
22 0 19
11 12 3
23 0 18
15 16 3
13 17 8
14 16 5
22 0 18
13 14 9
12 15 2
16 19 5
8 11 6
13 16 4
5 4 8
15 17 5
0 4 13
18 21 8
22 0 4
15 17 12
12 16 9
4 4 8
12 14 8
8 10 9
8 9 14
7 9 18
1 4 6
10 12 11
4 7 18
0 1 12
20 22 7
1 3 5
18 20 5
15 17 3
4 5 20
14 17 14
8 11 7
22 0 14
18 21 12
21 0 11
17 18 5
17 18 14
7 11 19
18 18 2
0 3 9
13 15 16
13 14 16
8 11 19
2 4 2
22 23 7
4 5 1
10 13 5
1 5 16
15 17 4
23 1 14
16 18 9
19 0 3
22 22 17
4 8 1
7 9 17
2 4 16
