1230 20
4 18 11 14 1 1 10 16 14 16 13 20 20 18 18 13 11 10 1 10 
10 11 19
13 17 11
15 16 13
13 15 3
15 17 4
20 23 12
3 6 1
4 5 9
5 8 1
9 12 9
14 18 5
15 19 1
20 21 18
0 1 19
4 6 13
22 2 14
17 18 5
7 10 19
20 21 14
6 8 14
10 13 4
4 4 2
1 2 7
21 0 9
19 20 3
6 8 18
4 5 20
6 7 15
14 15 1
0 1 13
22 2 4
20 23 8
22 0 17
1 4 8
19 19 14
4 5 15
23 23 2
13 16 8
5 9 9
12 14 2
3 4 3
5 7 2
8 7 9
19 21 11
5 8 2
15 17 14
17 21 3
23 0 10
13 16 16
17 20 9
18 21 3
8 9 13
8 10 15
10 12 14
5 7 9
5 8 2
5 6 11
5 8 2
9 9 17
14 17 16
13 16 9
14 16 3
10 13 14
12 13 1
4 5 11
17 20 17
4 5 3
14 16 6
3 5 10
4 6 1
14 16 3
1 2 15
10 12 14
2 4 16
21 23 8
3 5 16
16 18 15
16 19 15
6 8 15
13 16 13
3 5 5
0 1 11
16 16 15
18 18 8
23 2 10
5 8 7
13 16 10
23 2 6
7 8 13
22 2 12
4 7 12
18 21 4
6 7 4
11 13 13
17 20 8
20 21 3
17 19 4
3 5 1
3 6 18
0 1 7
20 22 15
1 4 2
9 11 19
23 1 6
17 20 20
22 1 1
5 8 15
11 13 9
2 6 3
4 6 12
5 7 17
23 23 2
12 14 15
4 5 16
12 12 4
2 4 8
4 7 10
8 10 8
11 12 18
23 2 13
9 10 2
18 20 16
11 12 6
22 0 16
1 2 3
9 9 16
22 23 7
15 17 16
21 22 15
12 14 15
1 2 8
10 12 3
16 19 14
4 8 19
5 5 1
23 1 19
23 0 12
6 7 14
13 15 16
17 19 10
7 9 10
17 20 10
15 19 15
12 15 12
8 12 3
16 18 6
23 1 6
8 9 4
22 23 17
23 1 13
10 11 20
10 12 1
23 2 10
16 17 20
22 1 15
23 0 15
3 6 6
20 23 7
23 1 5
22 0 10
13 15 6
16 18 20
20 22 19
19 22 4
1 3 3
13 15 9
20 0 16
16 18 17
22 23 10
0 2 17
19 21 8
11 13 10
11 14 17
2 2 11
16 18 19
6 8 15
20 22 10
7 9 4
14 17 12
2 4 4
17 18 15
0 3 4
19 20 6
14 17 2
5 8 14
11 12 12
0 1 4
5 6 20
11 13 4
12 14 10
22 23 6
18 20 16
8 11 11
7 9 10
22 1 20
3 6 13
16 18 8
3 4 6
15 19 8
18 21 6
5 6 10
4 6 6
19 21 3
18 21 11
3 5 5
5 7 20
20 21 12
23 23 15
9 13 15
23 1 1
4 6 12
19 21 1
17 19 7
21 22 12
17 21 3
22 0 12
10 12 9
0 2 2
17 20 5
15 17 12
22 0 16
1 3 3
20 19 2
0 2 6
16 17 11
13 15 13
21 2 5
22 0 9
5 8 4
11 15 9
15 16 10
21 0 16
5 7 16
12 14 14
5 8 7
7 8 12
10 11 19
22 0 16
14 15 4
9 10 13
16 16 6
21 23 18
10 11 6
11 12 1
11 14 1
1 4 18
17 20 20
17 19 5
18 21 5
4 6 7
2 5 6
1 3 13
7 9 1
3 3 16
0 2 17
2 5 4
22 23 6
21 23 1
4 7 3
1 3 13
10 13 8
11 14 1
12 14 15
20 0 19
4 7 18
21 22 16
20 21 9
16 17 16
6 7 3
18 21 2
20 23 1
15 15 19
12 13 16
21 23 16
0 2 10
8 11 17
18 18 14
14 16 18
14 17 5
22 22 19
16 16 2
5 8 20
21 23 1
18 20 1
2 4 7
12 14 18
2 4 15
4 5 3
18 20 14
18 20 14
23 1 1
19 21 19
17 20 2
16 19 1
11 12 20
23 3 11
16 19 16
17 20 11
21 21 13
10 13 2
14 17 4
22 1 9
1 2 15
19 22 2
11 14 16
12 14 16
5 6 3
14 16 11
4 5 1
2 5 2
22 0 8
0 2 5
19 20 3
4 6 14
9 10 11
18 21 2
13 13 19
16 19 2
16 18 13
14 17 2
9 9 20
11 11 6
0 2 8
22 23 17
6 7 17
10 12 7
10 12 15
1 2 15
0 2 4
23 2 18
7 9 11
22 0 11
6 9 14
9 12 1
10 11 1
22 23 11
21 23 16
14 17 1
10 11 4
13 14 15
8 12 19
19 21 12
10 12 14
11 14 3
2 5 2
7 8 17
0 1 9
3 5 5
14 17 9
5 8 2
21 0 9
8 10 3
4 7 12
0 3 16
13 15 2
23 0 2
18 19 6
23 23 20
10 12 18
6 8 18
22 0 2
5 6 2
13 15 17
13 15 13
23 3 18
13 15 16
22 0 1
11 14 6
19 22 16
5 8 20
19 21 6
9 10 12
11 13 12
16 20 17
13 17 6
12 14 3
19 21 12
18 19 18
3 5 20
15 18 8
6 8 2
23 22 7
11 13 9
2 4 17
15 18 10
5 4 4
20 22 10
5 7 3
18 19 8
23 1 10
20 23 11
17 20 5
19 21 2
16 17 2
6 9 17
1 4 16
4 4 11
5 8 8
17 21 2
16 19 15
12 14 11
7 11 2
14 16 16
1 4 17
1 1 7
21 1 15
0 2 2
6 8 14
1 2 5
20 21 6
22 23 12
17 18 9
8 9 7
9 12 8
16 18 11
1 3 8
14 16 20
5 7 3
7 8 3
5 8 2
7 8 15
0 3 13
0 2 1
3 6 3
20 0 6
12 12 13
10 12 17
17 19 10
22 23 4
18 20 20
3 5 1
4 7 5
10 12 5
21 23 11
17 20 5
13 15 18
13 14 17
17 19 4
7 8 19
12 14 12
14 16 13
8 9 15
18 20 11
8 10 15
21 0 2
16 17 11
18 21 19
7 11 12
16 17 17
11 14 12
6 8 13
13 16 15
3 5 20
20 22 5
9 9 13
20 22 16
6 7 11
2 4 1
17 18 9
12 13 12
2 5 13
11 14 1
2 6 5
23 0 14
18 20 14
14 16 2
6 7 20
15 15 4
17 18 8
2 4 8
5 6 11
11 14 3
18 20 3
14 14 6
6 7 11
12 16 14
8 10 13
21 23 7
12 13 10
3 7 17
2 3 16
1 3 15
22 2 2
19 21 7
14 15 5
18 20 10
10 10 8
19 20 12
16 16 15
8 10 6
23 1 9
4 7 18
22 2 15
10 12 19
9 11 13
17 20 18
4 4 19
2 5 7
6 8 17
8 10 10
14 16 10
2 3 11
18 19 9
7 10 4
3 4 5
15 19 12
3 5 15
4 7 6
12 12 17
23 1 12
8 11 12
23 23 9
5 8 18
15 17 13
23 1 2
15 18 19
18 18 19
7 8 7
9 10 19
5 6 15
21 22 8
5 9 10
5 7 19
3 6 5
19 21 2
0 3 15
0 3 5
7 9 1
12 13 2
22 0 10
21 21 3
19 20 20
6 8 20
22 0 19
22 0 20
6 8 13
14 16 1
5 7 13
2 4 17
11 12 5
8 11 10
22 2 20
0 2 20
13 15 18
6 8 16
4 4 9
10 13 4
7 9 11
12 14 8
12 13 5
16 21 13
2 3 3
18 19 1
0 2 20
11 15 18
14 16 15
7 10 19
13 15 1
17 18 11
1 4 3
14 17 12
17 18 7
14 16 11
3 5 10
5 6 4
22 22 16
10 12 9
4 5 10
4 5 13
0 3 19
22 1 12
1 1 1
10 11 9
10 12 4
15 16 15
11 14 20
7 9 4
12 15 10
8 11 10
13 14 13
21 23 20
0 3 18
21 23 15
23 1 1
19 22 1
2 5 3
21 23 8
20 23 17
16 18 15
6 8 5
14 15 16
18 18 5
19 21 13
23 2 1
9 12 8
18 22 3
16 18 18
6 9 15
16 17 18
13 14 3
20 21 14
5 6 8
13 13 12
18 19 2
18 21 20
8 11 12
6 7 14
22 22 10
18 19 10
22 0 6
20 23 4
7 9 9
3 3 11
4 6 16
7 9 10
6 8 8
18 19 19
16 18 13
4 6 18
4 5 19
14 16 5
5 8 10
7 10 1
18 21 6
9 10 20
9 13 10
7 9 8
9 10 9
12 14 20
3 5 10
22 0 17
11 13 15
13 16 10
17 16 19
1 2 8
7 10 5
4 6 6
6 8 11
21 23 11
22 1 7
12 13 12
14 16 16
9 12 15
4 6 5
15 17 10
16 18 7
20 20 4
7 8 13
14 15 8
5 8 19
5 7 5
23 3 20
0 1 13
22 0 2
13 16 12
18 18 10
7 9 18
15 17 15
4 4 1
18 21 10
3 2 11
17 19 5
19 20 6
14 16 10
16 17 2
16 19 17
23 1 20
2 5 19
12 16 12
5 7 16
2 5 3
22 23 15
18 20 1
13 14 5
1 4 9
23 0 13
1 3 11
18 20 5
11 13 6
23 3 10
22 0 11
7 9 6
6 7 15
3 5 5
4 6 8
8 11 17
18 21 19
22 2 13
1 4 14
17 17 14
3 5 2
16 19 14
0 3 18
1 3 10
13 14 6
4 5 12
23 0 17
1 2 1
2 5 12
11 13 13
19 23 13
10 12 2
6 8 17
10 13 19
20 22 20
0 2 18
9 9 19
15 17 9
7 9 10
14 16 3
7 8 17
8 11 13
10 13 12
9 11 12
20 20 6
9 11 17
13 13 12
22 0 13
2 4 6
20 0 14
10 12 12
17 19 15
9 11 5
10 11 20
14 16 19
9 10 2
21 0 17
17 20 14
7 8 11
4 5 3
7 9 6
22 0 3
9 12 12
6 10 15
16 18 3
7 9 17
6 8 18
17 17 17
9 12 4
2 3 19
11 15 17
4 3 14
11 12 5
3 5 3
7 10 8
1 4 12
7 9 1
11 13 17
11 15 1
0 3 5
10 13 7
1 3 19
11 14 7
6 8 20
13 15 1
11 13 9
9 11 18
16 18 6
2 5 3
2 4 7
7 8 8
1 3 18
23 0 19
20 22 6
6 6 10
12 14 12
12 14 6
7 10 5
19 19 13
10 12 7
22 1 12
18 19 12
18 19 1
4 6 14
15 17 14
12 15 14
20 0 5
13 15 19
2 3 17
18 21 7
1 3 7
8 11 19
22 1 10
5 8 12
13 14 5
14 18 8
17 20 15
1 2 1
14 15 13
15 18 20
13 15 14
15 18 19
12 13 9
18 20 20
7 10 16
11 13 18
11 13 12
3 6 4
14 15 11
19 19 15
10 12 11
12 14 20
15 17 5
0 2 18
16 18 2
10 12 10
22 0 18
13 16 8
15 18 11
16 18 13
16 16 4
8 9 3
19 20 19
18 21 16
11 13 19
15 17 1
21 22 13
14 17 19
11 14 19
4 6 5
0 0 12
15 17 14
10 10 15
3 6 6
4 6 17
0 1 13
13 15 5
21 0 20
17 19 5
6 8 4
15 17 17
17 19 14
7 10 14
8 10 8
6 7 17
12 13 17
0 1 5
9 12 2
0 3 15
14 17 7
1 3 5
23 0 2
4 6 17
15 18 4
2 5 1
10 13 18
1 3 12
14 16 17
12 14 7
5 7 2
18 20 8
8 9 17
9 10 3
19 1 11
21 0 14
10 13 17
0 2 19
12 13 14
6 8 1
2 6 10
11 13 11
0 2 17
6 8 12
20 23 19
7 8 9
5 6 1
5 9 11
2 4 9
5 8 1
4 7 4
18 20 6
9 13 12
11 12 20
20 22 20
23 0 6
6 7 18
7 8 8
17 19 17
22 0 18
15 15 8
19 20 13
20 23 17
21 23 4
23 1 15
13 16 5
11 12 5
21 0 6
2 4 20
0 3 15
2 5 2
15 18 11
15 18 17
18 19 14
8 9 13
1 3 1
23 0 15
17 20 9
13 16 10
13 16 18
11 15 10
18 17 6
16 18 14
12 14 6
12 14 13
7 10 8
8 9 9
4 5 16
16 18 18
0 2 1
19 20 4
8 10 16
4 6 15
23 1 2
12 14 15
15 16 20
2 4 2
23 1 8
18 21 3
19 22 3
15 17 7
0 2 12
20 20 18
4 6 11
10 12 1
2 4 4
2 5 20
22 22 5
12 14 17
13 15 19
2 5 1
19 20 10
8 10 3
4 6 11
16 19 11
20 21 12
17 20 10
23 0 3
14 16 11
8 12 13
0 1 10
20 23 13
14 17 2
1 4 11
6 7 6
16 18 13
4 7 11
1 2 14
16 18 12
4 6 12
0 2 6
12 13 13
12 13 7
1 4 8
5 5 14
22 1 19
22 1 10
3 3 13
5 7 1
1 3 14
16 19 15
22 23 9
17 19 10
16 17 13
16 17 3
15 18 16
18 20 9
8 11 20
10 10 8
3 5 4
17 19 9
16 18 8
19 22 10
15 18 10
9 13 15
4 6 7
3 3 11
14 16 9
5 6 1
23 2 9
7 9 10
9 11 9
14 16 8
14 18 8
21 21 9
17 19 6
22 23 1
10 12 1
11 14 14
17 17 8
19 21 16
17 20 6
15 17 14
1 5 9
10 12 15
9 13 14
17 19 7
18 19 19
6 8 5
21 23 15
1 3 13
1 2 9
2 3 10
0 1 4
23 2 19
18 20 19
17 20 1
16 18 4
2 5 7
4 5 12
21 23 8
19 0 10
23 0 10
1 3 1
17 19 17
18 20 16
8 10 1
7 9 20
20 20 15
9 11 10
23 1 8
20 21 11
9 12 9
20 21 3
23 0 15
0 2 6
20 20 19
8 10 17
2 3 19
3 5 14
9 11 4
19 21 6
5 7 3
16 18 17
9 10 10
8 10 2
4 8 1
3 5 3
2 4 3
22 0 10
9 11 12
20 22 11
10 12 3
10 12 13
20 21 2
7 10 20
0 4 14
3 5 2
18 20 8
20 21 10
15 18 11
15 18 17
2 7 5
17 19 13
17 19 19
12 14 14
8 9 11
4 7 12
4 5 20
18 20 15
14 14 18
15 17 8
9 12 19
2 3 17
18 18 12
12 15 14
10 12 7
0 2 3
9 11 3
10 12 13
12 13 5
6 8 1
8 11 2
4 7 10
12 13 9
11 13 4
9 12 13
5 6 16
0 1 1
6 6 19
0 2 12
6 7 4
17 20 17
10 11 15
5 6 14
14 15 15
4 6 9
11 16 4
0 3 7
23 2 18
19 22 20
19 20 14
13 15 11
6 10 2
20 23 20
3 5 11
1 3 3
19 21 10
23 23 17
17 18 8
0 4 6
5 7 4
4 5 18
21 0 19
22 1 4
15 17 12
6 9 11
4 7 6
8 8 4
1 4 16
13 15 7
19 22 14
2 4 7
5 7 17
12 12 17
22 0 16
6 8 9
1 2 6
7 7 2
11 14 13
23 2 10
20 22 9
2 4 15
13 16 10
22 23 20
19 19 1
19 22 9
7 9 19
12 15 20
5 7 17
15 18 18
16 18 5
3 7 12
10 11 14
13 15 17
17 19 8
8 10 19
5 9 8
9 9 6
14 17 9
6 9 10
11 14 12
14 14 18
4 6 16
12 14 15
1 4 5
8 9 2
22 0 17
23 2 4
16 17 11
21 22 14
15 15 11
18 20 6
4 7 9
14 15 8
14 18 4
16 18 3
8 11 5
18 20 14
18 21 11
10 14 1
20 20 16
20 22 1
1 3 6
8 10 17
18 18 15
8 11 9
20 20 19
6 7 11
21 0 9
23 0 4
16 18 9
9 11 13
12 12 16
19 21 10
13 16 7
22 0 13
1 2 15
10 11 2
12 14 12
20 0 20
14 16 13
4 6 5
8 11 15
20 23 1
14 17 11
5 6 13
3 6 7
8 9 19
18 21 13
3 6 19
2 4 7
10 11 10
19 20 16
3 3 13
1 2 17
8 11 19
2 4 18
7 10 13
14 15 12
18 19 4
19 21 7
16 17 15
11 14 9
10 11 17
3 6 3
15 16 2
1 3 8
20 22 2
19 21 19
5 8 11
9 11 8
2 4 16
15 18 20
14 16 4
11 12 8
21 23 15
0 2 6
21 22 13
8 11 8
20 23 7
10 11 18
5 7 3
4 6 1
10 13 3
5 6 12
5 6 5
23 2 1
22 1 20
17 19 20
17 19 15
