1390 20
18 1 4 19 2 3 19 13 7 6 5 4 14 13 18 17 18 16 9 19 
6 8 16
15 17 17
22 0 3
14 17 17
5 6 19
23 2 19
11 13 7
15 18 15
17 20 13
15 15 17
17 20 13
3 6 10
10 9 16
16 17 2
10 10 15
10 12 11
23 2 13
7 9 10
15 17 1
13 16 9
6 9 17
13 15 6
16 18 12
21 23 17
1 3 15
3 3 14
18 22 10
2 3 2
3 5 4
7 9 4
7 9 19
2 3 11
9 11 19
15 17 14
21 23 6
18 19 2
8 10 11
9 12 10
12 13 5
22 1 3
1 4 7
14 17 3
10 12 5
0 3 4
13 16 11
18 21 16
11 12 6
22 0 9
21 1 10
10 12 3
10 14 12
15 16 10
21 23 12
16 18 18
10 11 12
14 14 7
13 13 4
16 18 10
3 5 2
16 17 7
19 20 1
8 10 2
9 11 1
2 4 13
0 2 1
7 10 13
5 8 19
6 7 15
4 6 16
13 14 5
8 11 13
13 14 10
9 12 8
12 15 1
10 13 19
22 1 5
1 2 8
18 19 5
23 1 2
18 21 7
8 11 8
6 8 2
6 9 8
23 2 10
3 4 14
15 17 4
0 2 12
6 10 5
0 3 19
20 23 4
17 18 20
18 19 12
22 1 6
15 15 8
19 19 9
23 1 15
13 15 10
11 13 9
9 12 6
20 23 11
6 6 18
2 6 4
16 18 6
21 0 14
21 22 13
0 2 17
21 20 13
19 21 12
14 15 6
17 19 19
21 22 19
18 20 18
22 23 1
11 13 5
17 18 11
21 0 12
17 19 1
14 16 3
21 21 6
23 1 7
6 8 18
13 17 17
2 4 4
12 14 16
18 19 8
1 3 16
23 3 14
3 5 9
22 0 2
8 10 6
14 16 2
8 12 15
8 9 13
17 17 13
4 5 7
19 22 3
19 23 19
22 1 13
2 5 1
20 23 3
19 22 11
2 5 20
8 10 15
22 0 7
12 14 15
17 20 9
2 5 8
12 15 6
15 14 9
1 3 18
0 4 5
11 13 15
5 5 10
11 12 12
11 14 17
17 18 16
22 1 4
0 2 19
10 12 3
20 23 9
21 23 10
20 22 12
4 6 18
1 5 3
4 6 1
21 22 18
0 2 9
8 11 2
8 9 18
15 17 20
17 18 12
19 22 19
3 6 9
21 0 2
6 9 17
5 6 3
18 20 5
15 17 6
20 23 10
6 6 8
7 9 5
23 1 20
23 2 3
19 20 7
2 4 10
19 22 16
2 4 20
18 21 2
7 8 4
2 4 2
21 22 14
23 1 19
10 14 5
19 22 20
0 1 20
23 1 2
19 19 12
2 4 4
7 9 16
16 19 17
9 11 1
7 10 19
2 3 20
16 18 10
16 19 3
16 18 17
7 8 3
13 12 17
20 23 15
0 1 4
13 17 17
14 15 17
16 17 18
12 14 1
5 7 11
5 8 16
20 23 16
17 19 10
15 18 1
12 16 4
15 17 5
15 17 17
6 9 9
4 6 3
19 21 9
11 12 11
2 4 8
5 7 13
14 16 14
5 8 14
10 13 6
21 0 11
10 13 15
11 12 1
7 8 5
17 20 8
6 8 19
14 17 17
9 10 15
9 9 10
1 5 1
16 18 10
21 1 9
22 2 18
16 17 10
5 5 4
22 1 12
20 0 19
10 12 15
7 9 19
23 2 17
20 22 16
19 21 9
5 7 20
0 1 3
5 6 20
4 5 10
0 4 5
3 4 2
13 14 10
7 9 17
15 19 15
23 0 10
7 10 9
14 15 9
19 22 17
15 16 16
11 14 18
23 2 20
0 3 6
3 7 3
2 4 14
1 4 12
2 5 6
4 4 2
3 5 15
23 1 18
15 18 2
20 21 5
7 10 5
13 16 13
9 11 14
3 5 4
13 14 19
7 11 4
10 12 17
13 14 12
8 11 20
21 23 19
6 7 15
17 20 4
18 21 19
13 15 12
2 4 20
14 14 1
6 8 1
13 14 8
21 23 4
15 17 12
10 12 16
9 13 17
3 6 13
23 3 15
7 8 12
22 23 2
16 18 19
5 7 18
2 3 5
18 20 13
1 4 17
5 8 16
22 0 8
10 12 2
10 11 17
10 13 8
9 11 6
10 11 10
22 0 4
1 5 13
8 11 1
22 22 13
5 7 1
16 19 19
0 2 1
11 15 16
3 6 15
5 7 8
18 20 3
15 15 9
3 6 15
1 3 19
4 6 7
23 1 18
10 14 19
22 1 20
7 10 3
17 18 16
17 18 20
11 13 5
6 8 12
7 8 1
1 4 16
22 1 8
14 17 17
9 10 7
23 1 10
6 8 7
16 17 1
2 4 1
12 12 10
15 18 15
3 6 3
13 15 8
12 14 16
16 17 18
8 10 14
1 3 19
15 17 6
10 14 14
12 12 7
23 1 18
6 10 2
20 22 1
20 23 2
11 15 14
10 14 16
17 18 3
13 14 6
15 17 4
21 23 11
20 22 3
0 1 7
20 22 17
9 10 12
18 21 16
10 12 16
19 20 10
13 16 2
21 2 4
20 22 14
14 16 17
12 13 3
23 0 1
7 10 17
10 13 18
17 19 12
8 11 13
11 13 4
23 4 9
8 10 7
0 4 10
3 4 17
2 5 4
11 11 12
22 0 8
2 4 1
1 4 11
5 5 16
0 1 14
16 18 17
6 10 7
20 21 18
2 3 1
18 20 5
15 17 11
23 1 13
10 12 13
0 1 4
20 23 11
4 8 12
0 2 2
0 3 9
12 13 12
2 4 13
10 12 15
20 22 20
14 16 14
3 6 7
20 22 19
13 15 16
0 2 13
9 10 11
5 8 6
17 20 7
16 17 20
23 2 4
9 9 14
0 3 9
1 2 6
17 20 8
3 6 1
21 0 7
16 19 13
1 1 18
5 8 3
11 12 3
6 8 7
15 18 1
15 17 12
13 15 3
8 11 11
13 14 15
20 22 7
7 9 11
19 22 9
21 0 20
20 23 7
23 1 20
4 7 10
17 22 1
21 0 19
7 10 20
6 6 6
19 23 6
13 15 8
10 11 17
2 3 8
5 7 18
19 22 17
15 16 5
23 1 14
17 19 3
2 4 13
0 3 12
9 11 20
16 18 13
16 18 5
23 0 1
23 2 6
10 13 17
7 9 14
4 7 20
1 4 13
14 16 9
21 22 14
4 5 15
22 23 17
16 18 5
3 4 15
19 21 2
3 4 4
13 16 5
20 23 8
4 7 20
18 21 13
19 21 16
13 16 19
20 23 1
10 12 2
19 20 19
5 5 18
13 14 7
23 1 13
2 5 9
1 3 6
13 16 2
20 22 17
11 14 4
4 6 9
2 5 15
0 1 1
6 6 7
17 19 3
14 16 15
14 16 6
5 7 16
22 2 19
12 14 15
6 8 2
23 1 19
5 6 5
5 8 5
2 3 3
15 17 13
18 21 14
4 6 15
16 18 18
11 13 15
9 12 12
10 13 5
13 14 19
2 4 12
20 21 5
5 7 15
17 19 8
7 8 10
1 3 3
19 21 4
1 4 13
20 0 19
21 22 15
17 18 7
7 7 9
0 2 9
17 19 8
21 23 13
2 3 19
23 1 8
9 11 6
2 4 11
21 22 19
21 23 1
22 0 1
21 0 3
3 5 19
16 19 13
19 20 10
0 3 5
10 11 3
21 0 11
15 17 7
13 14 16
23 0 9
15 20 13
10 12 17
23 2 10
7 9 13
22 0 1
19 21 4
14 15 5
0 4 13
5 7 2
7 10 11
10 12 5
11 14 15
20 22 16
22 22 2
10 13 12
1 4 16
22 22 8
12 15 2
14 16 4
6 8 1
21 0 11
10 10 2
15 17 15
21 22 18
15 18 4
1 4 7
16 18 11
14 14 1
9 10 4
13 14 18
4 6 13
10 12 2
2 5 15
0 2 5
1 3 11
5 7 14
3 4 5
19 20 9
7 9 14
15 17 13
4 7 5
5 8 13
22 1 6
15 16 18
8 11 19
16 20 4
17 19 1
19 20 12
22 0 18
21 0 6
10 12 19
5 8 16
18 18 6
9 13 2
3 5 6
14 17 12
18 20 6
12 14 17
4 6 10
20 21 7
13 15 8
9 10 10
12 13 16
21 22 17
18 19 12
16 19 8
22 1 13
9 11 2
13 15 15
4 6 13
7 10 5
4 5 14
5 7 10
14 17 7
0 2 16
23 2 8
12 15 2
1 3 2
14 16 1
22 0 8
18 20 7
11 14 2
10 14 13
14 17 15
10 12 16
16 17 1
1 3 16
8 9 20
20 22 17
10 13 9
18 21 2
5 8 1
12 13 20
15 17 3
19 22 15
18 20 9
3 5 10
3 2 15
2 4 6
13 14 20
1 5 1
20 21 19
3 6 12
10 12 11
20 23 18
21 23 16
19 20 3
3 6 1
20 20 6
14 17 4
12 15 7
23 3 6
21 2 7
10 14 8
9 12 17
17 19 5
0 1 12
22 0 15
8 11 8
0 3 2
2 2 12
11 12 5
0 2 6
17 18 19
10 12 12
4 6 19
6 8 7
5 7 9
12 14 17
20 23 19
12 15 19
7 8 17
7 9 13
0 3 8
23 0 4
21 0 4
13 14 6
7 9 16
16 18 19
4 4 14
13 15 15
22 0 4
4 6 14
15 17 17
1 2 3
10 10 11
17 17 1
19 21 16
20 23 12
12 13 19
23 2 2
9 12 7
10 12 11
15 17 4
11 14 17
12 13 5
14 18 11
6 8 1
16 19 10
23 2 16
2 5 7
4 5 14
5 7 20
21 0 6
8 11 9
22 1 1
11 13 7
9 10 5
4 6 20
22 1 10
11 13 20
4 6 2
15 17 12
6 9 13
14 18 15
1 2 13
7 8 2
19 22 7
19 21 12
4 6 8
2 5 20
1 2 2
0 2 15
8 10 16
6 8 13
10 12 15
18 21 8
23 0 7
21 0 20
18 20 3
3 5 16
12 15 14
17 18 20
6 9 7
5 6 2
21 23 4
15 16 14
10 11 7
8 9 15
13 13 19
2 4 2
9 10 1
11 13 16
17 19 10
3 5 7
4 6 2
3 5 16
15 17 10
21 0 17
18 22 18
1 4 7
13 16 12
11 12 19
11 14 17
11 13 18
9 10 9
10 13 7
3 4 13
16 18 8
5 8 1
12 17 11
1 3 2
10 13 15
22 23 11
9 10 17
6 9 10
16 18 20
9 11 10
3 5 20
3 4 17
9 12 5
9 12 15
21 23 16
0 4 12
19 21 11
17 18 2
12 12 10
11 10 17
10 12 10
3 6 9
7 10 7
3 4 19
5 6 6
9 11 8
2 4 18
21 1 18
22 1 13
23 1 17
5 6 9
19 22 16
4 5 7
8 10 3
22 23 14
12 15 20
2 3 12
18 20 13
18 21 20
2 4 2
4 5 1
3 5 3
7 8 3
21 0 15
12 14 5
13 16 2
3 5 19
13 13 18
14 16 16
20 22 17
4 5 6
21 0 4
1 5 2
6 9 2
15 16 18
2 4 9
6 8 16
0 3 3
22 0 17
2 5 11
22 0 14
18 20 2
9 11 19
16 19 5
17 19 1
19 23 20
16 19 9
16 19 5
17 20 14
22 1 2
22 0 4
17 18 6
22 23 8
9 9 6
11 12 2
12 15 16
14 16 10
15 17 18
14 16 2
0 3 7
0 2 20
19 22 15
18 19 16
5 6 16
12 14 2
11 12 14
3 6 11
2 4 4
9 10 2
5 7 5
23 2 5
6 7 10
0 2 17
2 6 9
2 2 10
10 12 19
8 10 12
22 0 11
4 6 10
17 20 11
7 9 14
11 13 7
3 6 12
2 4 1
9 12 3
22 23 11
9 11 17
16 19 4
12 14 15
8 9 11
14 16 1
17 19 8
18 20 1
13 16 10
6 8 12
12 15 20
15 18 9
14 16 4
15 15 8
2 3 9
12 14 8
5 8 10
4 6 6
12 15 2
21 0 19
0 2 8
23 2 10
18 20 1
0 1 16
19 21 11
23 1 16
16 19 20
18 19 2
5 5 10
5 6 20
21 22 7
19 20 5
16 18 1
6 9 16
20 0 3
7 10 14
21 22 1
13 16 14
16 19 14
16 17 12
8 11 4
11 15 13
3 4 12
7 10 12
17 19 12
4 6 10
11 13 1
1 2 4
13 15 19
10 11 9
6 8 6
21 21 10
18 22 20
10 12 16
7 10 5
16 17 4
17 20 17
5 6 15
10 13 13
7 8 12
11 12 8
16 16 3
18 21 8
6 9 20
18 19 9
10 11 13
17 20 16
8 10 18
23 2 16
20 22 9
15 18 18
19 20 3
14 14 3
8 9 1
0 2 1
13 15 11
21 22 10
2 5 20
10 13 1
16 17 4
17 20 13
18 21 20
23 0 6
8 10 11
18 20 16
17 20 18
21 0 2
3 5 12
11 13 16
8 9 16
20 23 11
11 14 6
14 17 1
21 1 17
10 12 12
15 17 2
21 0 19
0 1 18
1 2 17
19 22 7
21 23 16
4 6 3
5 9 9
22 0 5
2 4 2
22 0 10
22 0 10
19 19 6
23 2 6
1 1 20
9 11 5
13 15 7
4 7 19
17 19 16
21 23 5
10 13 12
18 19 9
8 10 6
11 12 7
4 4 14
5 6 16
5 7 4
1 1 10
20 23 3
11 14 19
4 8 19
3 5 17
16 19 19
15 15 5
23 1 2
20 0 15
15 17 19
23 1 20
13 16 15
19 22 9
20 22 3
20 22 9
5 7 14
9 12 3
14 16 6
11 13 8
18 19 2
5 7 13
15 18 16
15 17 11
18 22 13
1 1 19
10 12 6
6 9 13
5 7 2
1 3 4
2 4 3
15 17 19
16 18 4
20 21 4
7 10 1
9 11 17
23 3 15
18 21 6
16 18 6
11 12 13
18 21 13
16 18 18
11 14 14
0 3 5
18 20 9
19 23 4
17 18 4
22 23 11
4 7 15
6 9 1
21 23 17
5 7 10
5 9 15
20 22 17
4 6 5
17 18 12
21 22 8
23 2 15
15 17 10
12 15 1
9 10 19
17 22 13
19 22 5
9 11 12
1 3 17
13 16 4
9 11 12
11 14 14
14 16 8
8 11 13
18 22 9
7 8 11
2 5 11
20 21 12
3 4 8
0 2 9
20 22 17
17 19 9
17 20 3
2 5 16
7 6 9
11 13 2
18 19 2
20 21 10
13 14 17
18 20 20
14 15 6
19 21 7
15 18 10
2 4 10
7 7 1
12 15 13
12 15 11
18 18 17
14 17 20
7 10 9
2 5 15
1 2 18
20 20 19
1 3 15
5 8 15
9 9 4
23 1 6
9 11 12
21 22 14
14 15 7
9 11 14
9 11 5
13 17 13
18 21 11
15 16 9
15 17 12
18 20 6
12 13 8
23 1 20
17 19 8
19 22 20
18 20 10
20 22 4
12 14 16
7 9 4
6 8 20
15 17 7
17 20 3
15 17 16
2 3 9
19 23 11
2 4 15
22 23 1
15 16 7
17 20 10
18 20 7
11 14 5
21 23 5
9 12 4
4 6 1
22 0 16
4 6 1
18 20 1
10 11 9
9 11 9
2 4 6
23 2 10
21 0 13
9 12 15
7 10 12
15 19 4
23 1 13
4 5 9
3 2 20
23 1 2
5 7 17
19 22 5
13 15 8
11 13 5
11 13 9
7 10 10
20 21 19
0 3 16
7 8 1
6 8 1
8 10 13
15 17 15
20 20 8
3 6 16
2 5 3
18 22 2
6 8 14
21 0 16
23 0 4
4 6 15
13 15 9
14 15 12
11 15 1
23 1 19
14 17 6
20 22 20
17 20 17
20 22 14
19 20 2
20 21 19
5 8 12
13 15 4
11 12 15
23 0 20
20 21 18
21 23 4
2 2 11
23 2 14
1 4 19
15 17 3
22 23 1
13 16 9
3 5 7
11 14 16
22 23 14
15 19 5
19 22 8
14 16 14
18 20 15
0 1 10
20 22 12
5 8 2
10 12 7
21 23 6
6 9 9
8 10 14
7 10 19
7 9 11
1 4 9
12 16 14
8 10 18
9 9 4
4 6 19
12 13 1
3 6 6
15 17 8
10 11 9
4 7 2
12 13 20
11 14 4
5 7 7
23 1 10
3 5 10
17 17 15
21 23 13
6 8 11
17 20 8
8 8 18
11 13 20
16 19 11
13 13 9
11 13 14
14 15 12
5 8 2
21 23 14
4 5 14
15 19 18
18 18 16
6 7 5
11 12 1
2 4 20
19 21 3
12 15 9
7 9 17
9 11 20
17 19 8
6 8 10
7 8 2
19 19 15
3 6 18
13 15 19
23 2 1
8 9 4
20 22 5
3 5 6
18 19 10
17 19 1
3 4 15
15 16 12
21 22 16
19 21 4
6 8 2
13 14 12
5 7 17
9 12 2
2 3 6
7 10 5
23 1 7
6 9 2
5 7 1
6 7 17
5 7 16
0 1 6
18 19 19
17 19 9
7 9 20
20 22 19
0 3 16
0 4 13
6 8 8
4 7 17
17 18 6
10 12 12
0 2 2
11 12 7
13 15 6
5 6 4
2 4 5
6 7 20
13 14 18
18 17 8
9 12 1
22 0 17
20 22 1
20 21 12
17 19 5
17 18 10
14 16 18
21 22 19
22 1 7
17 19 15
1 4 8
12 14 3
12 13 17
17 19 11
9 11 15
20 22 8
16 19 20
12 12 11
9 9 9
4 6 6
5 6 5
1 3 10
12 12 9
15 16 17
8 10 1
23 2 11
12 15 20
3 4 2
4 6 11
8 11 3
4 7 11
15 16 4
8 12 5
11 14 8
15 17 6
16 18 17
19 20 16
13 14 14
11 14 3
9 10 11
22 1 3
17 18 5
1 5 4
19 22 9
15 18 6
19 20 18
13 14 12
18 21 5
2 2 20
4 6 19
0 2 2
3 5 1
1 3 1
19 21 6
14 15 6
6 7 6
5 8 20
4 7 13
2 4 12
12 15 18
22 0 5
0 5 1
23 0 6
12 15 14
10 14 4
6 8 4
20 22 4
8 10 11
14 15 19
23 1 18
18 21 1
19 21 6
20 23 19
14 16 20
17 19 15
17 18 8
10 14 14
8 10 12
14 15 20
18 22 18
5 9 11
17 20 5
5 8 12
15 15 17
10 12 12
1 3 8
3 6 20
13 18 10
8 6 3
23 2 20
21 23 9
16 17 4
23 1 2
22 23 17
12 15 10
19 21 10
0 2 15
20 22 16
13 16 5
13 15 12
23 3 15
