1340 20
19 17 17 5 4 5 19 11 18 3 18 15 10 14 7 11 15 2 14 20 
5 7 19
4 6 11
17 20 12
6 8 10
2 3 19
6 8 17
17 19 6
23 2 4
4 5 18
18 22 6
12 16 17
15 17 7
19 20 14
21 23 14
0 2 6
23 2 8
2 4 11
3 7 15
15 19 15
6 8 12
14 15 15
2 1 19
8 11 20
11 12 20
16 20 14
22 1 2
8 10 1
18 20 17
5 7 20
16 17 15
15 17 11
16 19 19
14 15 3
21 22 16
14 16 19
16 18 17
13 14 3
14 16 15
9 11 2
1 2 9
12 14 13
6 8 19
18 19 1
12 14 14
21 0 1
0 3 17
11 13 1
16 16 8
6 10 8
5 7 17
19 21 15
5 6 8
21 22 5
8 10 7
17 19 1
17 19 18
9 11 9
14 14 15
2 5 14
12 15 15
0 2 7
5 9 12
9 10 12
8 9 1
9 10 17
14 15 20
3 5 6
10 12 4
17 20 16
9 11 4
12 15 11
17 20 5
17 18 18
9 11 13
14 18 16
9 12 20
23 23 5
16 18 15
1 4 15
21 21 18
17 18 17
19 20 10
7 8 16
3 5 3
23 2 19
19 20 14
9 9 12
0 2 15
8 10 5
4 7 15
9 12 3
0 2 14
14 17 9
17 19 20
21 22 4
2 3 7
4 3 18
8 10 2
19 21 3
11 15 20
9 13 20
19 19 9
11 13 4
9 10 7
5 6 8
13 16 17
0 3 13
16 18 9
22 0 7
15 18 5
15 16 12
14 16 19
9 11 16
21 0 16
17 20 9
17 19 7
2 4 8
1 3 10
9 12 17
8 12 16
11 15 18
22 23 6
12 14 8
9 11 13
6 9 19
1 1 11
12 13 19
17 19 10
8 10 3
16 20 20
12 13 17
22 2 9
12 14 20
16 18 20
4 7 14
15 17 18
13 16 17
18 19 18
23 1 12
22 0 10
22 0 8
18 20 15
10 11 8
17 18 3
23 1 16
15 16 16
7 9 11
17 19 13
14 17 17
0 3 4
21 21 17
21 21 18
3 5 16
11 13 19
0 2 7
1 3 6
22 23 18
3 4 11
7 9 8
14 15 19
0 3 11
9 10 2
7 11 7
18 19 17
5 8 6
1 3 10
9 10 16
13 14 13
9 11 15
4 5 13
15 18 5
7 8 13
23 0 13
16 19 15
20 21 17
19 22 4
5 9 10
2 5 20
12 13 13
6 9 1
23 1 16
20 23 4
19 18 20
5 9 7
1 4 17
14 16 5
17 20 16
3 4 15
6 9 5
8 10 7
21 22 15
12 16 3
10 13 8
10 12 1
18 22 16
1 3 5
6 8 15
4 6 20
10 11 17
17 17 17
6 11 5
3 6 17
23 1 8
13 14 9
22 1 2
5 8 19
23 2 2
12 12 8
21 23 11
3 5 5
6 8 16
22 0 13
7 9 12
9 13 17
23 1 7
18 19 15
16 17 18
8 10 19
12 16 14
4 6 19
15 16 20
20 23 8
7 8 15
9 12 17
20 22 11
3 4 16
7 10 10
19 20 5
11 15 1
20 22 4
4 5 16
16 17 18
14 16 17
5 8 17
1 1 1
2 5 12
18 20 16
4 5 15
15 16 13
7 9 9
4 6 3
18 20 10
4 7 15
17 20 9
10 12 10
19 21 5
5 8 16
8 9 5
19 20 5
16 17 5
1 3 6
6 9 17
16 18 10
14 18 6
3 5 4
3 5 5
13 15 13
10 12 1
14 16 17
8 10 18
19 23 12
23 2 18
0 2 5
8 11 10
23 2 7
14 15 15
20 21 8
17 19 8
14 15 13
16 17 6
19 22 16
22 0 18
7 6 10
22 0 7
16 19 5
9 10 17
17 18 19
21 0 20
10 11 8
5 6 16
6 9 3
18 20 12
4 6 3
14 16 13
9 12 4
5 8 15
10 14 20
4 7 18
1 3 17
23 1 6
14 17 12
9 10 5
13 15 13
16 19 13
18 20 9
4 6 4
0 1 8
1 1 1
23 2 6
17 20 17
7 8 7
11 14 18
21 0 17
0 3 16
22 23 2
7 7 18
0 3 7
21 23 5
10 12 8
3 4 4
0 1 15
1 2 5
7 8 5
12 14 7
18 22 2
16 18 6
22 23 9
6 7 8
23 0 10
2 3 14
1 2 1
2 4 2
9 10 16
10 12 13
15 18 9
2 5 16
7 10 11
23 0 6
3 5 15
14 16 6
16 18 11
5 8 3
15 17 6
23 1 1
3 6 18
3 5 5
11 12 12
22 0 5
22 0 2
14 16 4
18 20 8
13 14 2
12 14 14
4 5 3
10 12 7
20 23 14
17 19 16
9 11 7
3 6 13
3 5 17
0 1 7
11 13 12
22 23 11
8 11 5
20 23 17
5 7 6
11 13 19
23 2 12
16 17 13
0 0 1
22 1 13
5 7 17
5 8 11
1 1 1
12 14 18
15 18 9
22 23 16
20 23 6
9 9 8
8 10 12
21 23 20
9 11 14
21 0 4
8 10 11
23 1 7
19 22 8
19 21 1
1 3 8
4 5 3
4 5 12
11 11 1
7 9 5
11 10 12
0 2 20
10 12 15
6 10 14
19 20 9
1 4 10
11 12 20
11 13 13
7 8 10
22 23 6
0 1 6
18 21 10
12 14 2
22 0 9
19 21 4
1 1 1
6 7 11
0 2 3
21 23 4
19 20 16
3 6 4
20 22 7
13 15 8
11 12 13
21 0 3
18 20 5
18 21 12
1 3 12
17 17 14
14 16 3
21 21 2
14 18 1
13 15 20
13 14 17
23 0 9
21 0 3
21 0 3
17 17 12
9 14 1
1 3 17
22 23 10
1 4 16
17 21 17
0 3 15
2 3 6
17 19 14
4 7 18
21 0 1
11 13 6
0 2 9
10 12 8
7 10 17
4 5 10
6 5 18
22 23 3
9 10 15
5 8 17
17 19 2
17 19 17
9 11 17
1 4 12
12 13 8
11 12 14
12 14 11
5 7 17
7 8 5
21 0 1
14 16 2
0 1 10
2 4 16
15 19 20
0 2 7
2 4 12
17 18 20
12 16 14
21 22 20
1 3 1
2 3 11
4 5 18
9 11 6
18 19 19
2 4 7
9 10 6
10 13 11
21 22 13
15 17 12
20 22 1
21 22 6
2 4 5
17 19 14
5 7 5
12 14 20
4 7 7
13 15 14
3 4 20
21 0 18
1 4 11
15 17 3
6 8 1
5 7 9
0 2 19
5 8 17
16 17 2
7 9 17
18 20 17
11 12 20
8 10 4
8 11 4
12 14 13
5 8 14
15 16 8
15 18 9
23 1 17
22 23 14
10 12 19
22 23 13
10 12 10
14 15 11
5 6 3
8 10 8
1 2 17
10 11 2
21 23 10
14 16 16
16 18 20
3 6 20
0 2 2
3 4 6
20 21 18
12 13 14
4 7 12
19 22 18
11 12 14
6 7 3
15 17 17
14 16 3
14 14 20
1 3 16
5 8 15
22 23 18
21 21 13
20 0 8
8 11 16
9 12 16
6 9 4
19 22 12
18 19 8
8 9 4
17 19 18
6 8 7
7 11 2
13 17 16
11 11 5
6 8 9
22 0 7
21 22 18
7 9 15
7 7 17
8 10 18
8 11 18
4 6 6
8 10 12
1 3 13
5 8 14
6 8 16
11 14 20
16 17 5
22 23 19
20 22 8
5 9 13
6 7 3
9 12 8
10 11 15
12 12 11
4 7 2
20 21 7
22 22 12
22 0 3
10 13 7
5 7 12
2 4 15
22 23 11
23 1 8
20 21 8
9 10 18
10 12 12
5 9 11
17 20 18
21 23 5
21 0 11
5 7 3
16 18 9
0 3 10
12 13 10
8 10 6
8 11 10
17 18 3
4 7 8
14 18 13
14 15 19
21 22 15
14 16 13
23 0 3
17 18 20
20 22 20
16 17 16
7 9 1
15 18 17
18 19 14
11 14 16
16 19 14
3 4 6
10 13 6
14 16 12
20 22 1
17 17 14
2 3 1
3 5 12
16 18 10
20 23 6
7 11 20
19 20 14
2 5 5
15 17 4
23 3 7
10 12 12
21 22 18
12 14 8
22 0 6
20 22 17
12 16 9
1 2 6
13 14 7
7 9 19
11 14 10
20 23 17
2 6 6
20 21 10
1 3 13
11 12 15
2 3 6
18 21 3
11 12 5
20 22 2
14 16 10
9 11 13
18 21 7
16 17 14
12 15 8
17 20 11
9 10 11
8 11 4
11 14 15
17 18 1
15 16 18
17 21 15
4 5 8
14 15 4
18 21 12
1 3 5
23 2 10
6 6 3
6 9 17
0 2 16
13 16 15
0 1 15
16 17 17
2 3 2
11 13 18
22 0 13
12 15 10
1 3 6
8 10 15
19 22 8
19 20 2
6 8 15
2 5 20
3 5 9
16 18 16
7 8 11
7 9 9
18 18 7
21 22 12
14 15 7
11 13 14
15 17 14
23 0 12
10 12 13
7 9 8
22 23 6
3 4 12
23 23 12
18 20 2
20 23 18
18 21 5
17 18 2
12 14 12
6 9 6
5 6 16
22 1 6
1 3 10
11 13 16
11 15 15
14 16 7
18 20 18
0 4 17
13 15 13
9 11 3
21 22 9
22 1 10
3 6 8
20 21 13
2 4 3
13 14 14
19 21 17
10 12 14
17 19 14
23 3 9
16 18 3
13 16 11
18 20 16
12 15 5
17 20 11
4 6 14
3 4 16
7 9 3
5 7 7
3 6 4
12 14 18
18 20 17
21 0 14
7 9 11
3 5 18
0 2 7
15 14 14
9 10 9
23 5 16
21 23 18
19 22 7
18 20 5
6 8 5
12 15 8
0 3 14
7 8 17
4 6 3
1 3 3
19 23 3
0 1 20
2 4 11
2 3 6
1 5 20
4 6 11
20 22 6
5 7 1
12 15 15
23 23 10
20 23 10
19 20 14
20 22 17
11 14 1
4 5 12
10 13 14
18 20 3
4 8 2
1 4 4
20 22 8
10 13 4
18 20 16
22 0 4
1 2 3
10 12 4
21 21 20
12 15 16
23 22 14
22 23 10
13 15 2
0 2 14
23 0 14
6 7 8
12 14 19
12 14 13
6 9 13
23 2 5
3 3 16
10 10 16
2 4 3
8 10 7
3 5 19
2 5 18
7 9 10
3 6 20
12 13 10
16 18 10
21 0 6
21 23 1
1 3 16
15 15 11
13 15 19
3 5 20
19 21 12
10 13 2
7 9 7
1 2 7
2 4 9
11 13 3
18 20 10
11 13 11
15 17 6
9 11 16
7 8 16
2 5 13
22 0 20
11 14 3
15 17 1
19 20 7
19 18 19
16 19 10
6 7 17
8 10 16
18 20 2
3 6 3
5 6 19
15 15 19
11 14 2
10 11 13
21 23 14
4 3 8
2 6 17
14 15 18
13 15 4
18 20 13
1 4 7
18 19 18
10 10 12
23 1 20
15 16 7
14 17 6
15 17 3
17 19 2
4 6 9
3 5 6
14 18 16
17 22 17
7 9 16
2 2 15
9 10 11
2 2 15
15 19 7
3 5 4
16 17 10
3 6 2
20 22 6
10 12 20
9 12 3
2 4 7
9 10 7
21 22 19
20 21 14
22 0 10
17 17 4
17 20 6
9 11 13
14 16 8
10 11 5
2 5 6
5 6 17
17 20 13
14 18 2
23 23 19
23 1 4
1 1 16
1 3 11
22 1 1
0 2 7
20 21 14
0 2 9
11 13 10
15 17 1
23 1 15
15 16 15
7 10 20
22 0 20
19 22 18
16 18 13
22 0 2
23 3 19
8 12 8
12 13 3
0 3 18
18 19 5
4 6 1
1 3 3
8 10 12
6 9 4
10 11 6
3 2 18
20 21 3
13 14 15
22 0 5
7 8 16
2 5 6
17 18 4
21 23 5
1 4 1
21 23 4
6 8 18
3 5 1
21 0 3
1 3 2
23 1 8
15 17 13
16 16 20
1 4 1
9 11 7
20 21 12
18 20 11
19 22 6
22 23 18
11 12 19
14 16 4
4 9 5
19 22 2
15 17 5
7 10 1
17 18 12
16 18 7
19 20 8
23 23 13
8 10 16
11 15 3
9 12 5
1 3 4
11 12 5
22 22 10
12 14 5
3 5 19
14 17 10
8 12 12
21 0 15
15 16 2
4 5 5
23 1 5
1 3 16
4 7 12
22 1 3
16 16 4
22 0 3
8 8 1
16 19 6
2 3 4
13 13 8
17 19 13
4 8 11
16 17 2
22 1 20
17 18 7
1 3 8
6 8 18
13 16 5
9 10 16
2 3 9
5 8 18
22 1 3
23 23 5
8 10 1
15 17 17
20 20 4
3 6 11
7 8 20
5 6 18
16 18 15
3 5 20
9 12 19
5 6 11
20 22 18
8 11 1
19 0 20
15 17 11
12 14 4
2 5 2
2 5 10
11 15 4
20 22 9
19 22 9
14 16 19
4 5 1
9 12 13
11 12 2
20 22 2
8 11 18
23 1 1
7 10 19
21 22 11
15 18 13
4 7 19
22 0 7
9 9 5
14 15 8
21 0 14
14 15 1
22 0 20
13 16 10
3 6 16
14 16 2
18 20 17
7 9 1
4 6 2
10 13 19
5 8 12
15 17 18
0 3 5
7 9 12
11 13 13
18 20 19
11 12 14
21 0 1
22 23 18
23 23 19
1 3 2
12 15 13
10 12 2
4 6 6
10 12 3
12 14 7
0 2 6
16 18 18
22 2 3
10 13 7
11 14 16
11 10 13
10 12 17
5 9 20
22 0 10
0 3 19
18 20 12
1 4 14
22 22 2
17 20 10
4 8 2
5 8 4
21 23 10
22 2 17
22 0 8
9 11 10
9 14 1
13 13 19
9 12 2
0 3 4
11 12 12
23 1 17
4 7 9
20 22 11
16 19 8
18 21 8
16 19 8
14 15 15
3 5 5
5 7 1
8 9 7
1 2 9
20 22 20
4 6 4
12 16 15
15 17 17
14 16 20
11 14 3
21 23 20
0 4 19
15 17 18
22 23 14
19 21 15
20 0 9
17 19 6
16 18 8
22 0 12
0 0 14
18 20 7
21 23 7
17 17 20
10 11 15
4 4 2
22 0 9
21 21 11
22 22 7
18 21 19
21 23 15
0 2 13
5 6 1
4 6 1
3 6 14
3 3 9
23 1 20
6 8 2
10 15 10
21 22 9
23 0 16
4 6 10
4 8 15
17 19 4
18 22 18
5 7 14
2 4 12
10 12 18
0 2 15
20 20 16
20 23 20
19 21 7
12 14 8
1 3 17
13 14 2
15 17 7
15 17 15
15 18 13
21 22 5
18 18 1
8 11 10
7 8 12
23 0 10
5 8 16
4 6 20
5 7 13
12 14 11
6 7 11
16 19 7
14 14 9
4 6 6
23 0 9
12 12 9
5 6 14
10 12 9
10 11 19
7 9 14
19 20 3
19 22 15
3 5 15
11 15 17
12 14 3
16 18 20
17 20 11
21 23 12
17 18 1
22 23 14
8 10 2
22 23 11
0 3 13
5 7 10
17 19 16
17 20 7
7 9 19
21 23 5
15 16 18
13 15 2
21 0 3
19 22 11
13 14 20
8 10 3
11 13 11
8 11 9
22 0 11
3 7 12
23 0 4
0 2 20
10 13 9
5 7 6
0 1 12
15 18 1
18 20 14
4 6 19
9 11 17
15 15 13
23 0 10
18 19 4
5 7 15
21 22 10
17 20 3
21 23 1
13 16 9
15 18 9
21 22 1
18 20 8
2 4 2
12 15 4
6 7 10
1 2 17
13 15 9
18 20 19
14 15 5
2 5 7
9 11 2
0 1 16
7 9 9
10 13 11
16 18 7
12 15 15
6 7 10
21 23 15
15 17 11
20 23 16
17 20 2
7 8 1
19 22 8
17 19 16
17 18 19
0 3 15
11 12 11
19 21 18
10 11 8
0 2 3
16 17 7
3 6 5
19 21 19
2 3 13
2 5 1
16 19 2
7 8 3
11 13 1
17 18 16
13 16 17
10 11 13
2 5 17
22 23 16
22 0 12
12 16 20
19 23 10
11 13 18
21 0 16
21 0 7
1 3 1
0 1 3
18 20 2
5 6 12
16 19 13
1 3 3
13 14 1
18 20 16
16 17 19
4 7 5
10 13 12
20 22 9
18 20 19
6 6 17
7 9 5
23 0 11
12 13 15
11 13 6
17 20 13
14 16 13
9 11 11
8 10 5
2 5 13
4 7 17
22 0 1
17 19 19
7 10 12
4 6 16
23 2 16
0 3 19
19 21 14
19 21 7
1 4 15
12 14 6
2 4 6
16 20 17
19 20 7
22 1 3
4 5 5
15 16 8
17 19 9
2 3 14
21 22 20
19 22 10
17 18 15
10 12 5
11 11 18
15 16 1
23 1 10
10 11 16
12 13 20
7 11 15
17 20 8
11 12 17
1 3 9
9 12 1
6 7 9
4 7 3
11 13 2
13 15 3
1 3 16
0 3 9
12 15 15
1 3 12
8 10 8
23 1 19
0 1 12
18 21 20
3 6 20
11 13 19
6 9 2
19 22 17
13 17 9
5 7 16
21 23 14
0 0 8
10 12 17
20 0 1
8 8 4
9 11 18
13 14 3
17 20 18
6 7 10
0 3 17
7 8 10
21 22 16
2 6 4
12 14 16
17 18 4
8 8 17
0 1 16
14 15 8
1 3 8
20 0 14
13 14 19
20 22 20
10 12 20
11 13 13
19 22 6
6 7 16
22 0 12
15 17 13
8 9 2
1 4 13
8 10 14
3 5 19
16 18 6
12 13 16
1 5 5
1 5 11
14 17 14
17 19 20
8 9 18
10 11 14
21 0 8
8 10 20
6 9 18
14 15 4
2 5 15
10 12 19
0 4 11
5 8 13
13 15 10
11 12 18
22 23 1
3 4 6
22 1 15
18 20 5
11 14 10
16 19 1
3 5 9
