1370 20
17 6 4 3 11 20 6 14 8 19 5 20 7 10 12 5 7 5 11 13 
17 17 12
8 10 6
0 2 17
3 5 2
9 10 17
13 15 7
2 5 1
5 7 18
10 12 17
6 7 15
0 1 11
9 12 5
14 14 19
9 12 13
9 12 13
11 12 14
10 11 13
21 22 19
20 23 12
6 8 16
15 16 7
22 23 16
22 23 2
20 22 15
23 0 9
3 5 3
0 2 16
20 21 12
7 10 5
4 5 15
13 15 15
7 9 5
19 21 12
8 9 2
2 4 8
9 11 14
23 1 8
18 19 9
22 0 18
19 20 2
22 1 3
4 6 16
21 22 15
21 23 18
18 22 7
14 17 6
12 13 10
21 22 17
7 10 8
22 22 13
7 10 2
15 17 4
12 14 9
8 9 16
11 14 4
16 17 4
11 14 10
21 23 15
21 23 10
10 11 20
19 21 17
15 16 13
16 19 19
23 0 5
5 8 18
20 22 20
16 19 12
23 1 12
18 18 19
4 6 2
18 20 13
16 18 14
18 21 9
5 7 18
6 9 20
0 3 14
10 13 16
17 19 8
23 0 11
23 3 14
18 21 11
17 19 4
4 6 3
17 19 19
14 16 16
18 20 10
14 17 17
19 21 2
11 13 19
13 14 9
12 13 19
21 0 9
0 1 10
13 16 1
3 6 13
23 0 16
1 3 12
9 13 4
8 12 9
8 10 7
20 21 15
14 16 3
20 22 2
4 6 17
4 5 19
7 8 1
19 22 18
4 7 11
3 6 7
7 9 10
19 20 17
16 18 3
21 23 2
14 16 9
21 22 18
16 18 3
12 14 13
13 16 20
12 13 3
13 17 18
14 14 4
18 21 7
20 21 7
14 17 10
7 8 16
9 12 5
21 0 11
14 16 15
17 19 6
20 22 14
19 20 10
4 4 4
9 14 1
17 20 3
3 3 17
12 15 18
13 16 12
14 17 11
3 5 19
19 22 12
5 7 5
19 21 16
9 11 5
20 21 19
19 21 19
5 7 2
10 13 13
4 5 1
2 5 11
16 19 8
14 17 15
19 20 12
0 3 12
2 4 6
22 0 12
10 12 16
10 12 8
14 17 10
14 17 2
17 19 16
9 9 13
10 10 9
19 22 20
4 5 19
21 21 8
20 22 1
13 14 16
22 0 10
16 17 12
21 0 2
22 23 9
7 9 5
19 22 9
1 3 8
18 19 16
15 18 12
10 11 5
9 12 17
3 4 8
14 16 9
20 23 2
18 19 19
1 4 7
4 7 1
2 6 18
2 4 3
14 15 4
23 1 5
23 2 3
15 17 11
19 20 16
2 5 10
5 7 12
0 2 16
9 10 13
19 23 16
22 1 16
2 4 8
0 3 1
5 5 14
14 18 8
18 20 9
20 22 16
8 9 5
6 8 12
0 0 13
19 21 6
2 6 19
0 3 9
15 17 6
6 6 13
13 15 10
23 2 17
10 13 9
20 22 3
9 13 17
5 7 12
2 3 10
21 22 5
19 21 3
16 16 20
8 10 10
4 6 15
3 5 11
19 23 15
1 4 6
4 6 4
14 16 4
3 5 20
15 17 10
19 19 4
4 5 15
7 7 16
10 12 2
23 1 9
4 6 9
18 19 9
5 6 7
1 4 20
21 23 7
3 6 6
18 20 13
15 17 5
16 18 9
5 7 6
17 19 16
8 9 17
16 18 3
16 18 19
6 6 10
10 14 10
14 15 13
19 22 13
7 9 17
1 4 20
3 5 1
10 13 9
6 8 7
5 5 5
16 19 17
8 10 7
9 13 13
4 7 15
9 9 7
10 12 11
22 0 13
23 0 1
21 22 8
11 14 13
12 15 12
9 11 9
9 10 5
0 3 2
8 11 7
20 23 12
0 1 16
3 4 10
0 0 5
16 17 15
21 23 4
21 23 10
1 3 20
23 0 11
16 19 14
10 12 12
19 21 15
12 15 3
23 0 9
13 16 15
13 17 20
12 14 14
11 12 6
23 1 7
21 22 14
13 14 19
14 18 15
12 14 1
21 23 2
11 14 10
11 13 1
1 3 3
1 3 9
12 15 15
23 1 17
3 4 13
6 8 7
7 9 7
12 15 16
10 13 18
17 18 15
0 3 6
19 21 12
21 23 1
8 9 16
20 21 5
14 17 19
3 5 2
12 15 1
19 21 18
21 23 8
18 20 10
0 4 7
22 1 17
21 0 4
2 4 9
9 11 20
20 23 19
16 17 10
17 18 2
14 13 18
0 3 20
1 2 15
14 16 5
2 5 1
22 0 15
15 17 20
11 12 1
19 21 8
17 20 1
10 13 12
23 1 10
3 5 17
0 2 4
9 12 12
12 14 16
13 15 18
5 6 15
11 13 12
9 11 14
18 22 13
14 15 20
20 22 8
2 5 7
8 11 6
16 19 10
22 0 13
10 14 11
12 14 7
16 18 9
1 2 18
20 21 14
7 7 3
21 22 20
7 9 13
9 12 4
13 15 3
23 0 17
10 11 11
20 23 11
17 19 6
18 21 16
4 5 1
5 5 12
11 12 12
5 8 6
16 17 20
19 22 4
3 5 8
18 20 2
17 17 18
20 22 1
17 19 8
2 5 13
21 23 19
12 15 11
14 17 9
11 13 9
2 4 2
2 3 5
7 9 7
15 17 17
9 13 9
0 4 4
20 22 16
6 8 3
14 16 14
23 2 2
9 10 18
5 6 15
21 1 8
23 1 19
13 17 12
16 18 8
20 23 2
5 6 5
17 17 10
9 11 11
21 22 5
5 8 16
5 5 2
21 22 3
9 13 4
22 0 3
22 0 8
6 9 9
11 14 1
12 14 13
22 23 8
20 21 19
6 8 5
13 15 16
11 13 3
23 2 16
9 11 17
19 20 13
18 20 12
22 23 17
21 23 19
2 3 20
16 19 15
15 16 11
2 4 12
21 22 2
10 12 14
15 17 16
23 1 5
8 10 7
2 5 7
15 16 16
2 4 18
19 19 14
17 20 17
8 10 16
18 20 6
21 23 20
9 11 11
1 2 20
0 2 16
11 11 14
19 21 11
7 10 9
18 18 2
22 1 19
21 22 9
6 10 2
18 20 13
4 7 14
5 5 16
8 11 19
9 12 11
21 23 3
2 5 12
9 10 20
21 20 4
18 21 18
7 9 6
10 13 14
0 0 15
12 15 12
13 14 3
0 0 12
21 22 13
20 22 13
21 23 8
21 0 6
4 5 7
5 7 8
15 17 12
5 7 18
16 18 13
9 12 8
2 2 1
1 3 13
2 5 11
6 8 9
7 8 13
7 9 7
13 16 17
10 11 10
12 14 5
4 5 14
21 1 19
19 20 2
7 10 6
5 6 10
19 21 10
0 2 5
22 0 2
18 20 4
7 8 18
3 4 8
7 9 6
18 20 4
5 6 2
15 17 13
12 16 5
23 0 15
9 9 9
19 20 11
16 18 6
5 6 5
7 9 7
15 16 1
13 16 1
6 8 12
21 22 4
23 0 17
1 3 18
21 0 4
2 4 14
15 17 17
9 11 2
16 18 3
8 12 14
7 9 18
1 4 3
20 0 16
17 18 15
10 11 12
0 3 1
23 2 19
21 23 3
19 21 17
18 20 2
2 3 13
20 22 11
2 5 8
6 8 6
15 18 3
3 6 2
2 5 14
11 12 8
9 12 17
5 10 3
18 19 9
9 11 12
7 11 16
5 8 18
21 0 3
15 16 6
11 15 11
19 20 6
10 12 2
16 17 4
18 18 14
19 20 4
22 2 10
0 2 14
18 20 13
1 4 11
11 14 11
9 11 4
5 9 15
15 18 5
22 0 5
5 5 13
23 1 4
9 10 20
18 20 2
15 17 7
15 16 6
19 20 8
18 23 7
16 18 9
22 23 2
17 19 8
15 19 12
21 22 15
18 21 14
14 17 8
4 6 16
14 17 9
21 22 19
21 21 7
9 10 6
19 21 3
6 7 4
3 6 19
20 23 6
9 10 3
11 12 16
16 20 11
17 20 7
17 20 19
4 7 15
5 8 4
4 7 11
17 18 4
5 8 17
14 15 1
13 15 13
12 14 18
22 0 13
18 20 10
21 0 2
6 7 19
4 5 6
5 5 2
1 3 8
1 4 20
5 6 8
1 3 19
16 17 12
5 8 6
1 2 6
0 3 7
5 5 17
1 2 5
8 10 1
2 5 2
4 7 6
17 19 17
12 15 17
17 20 7
14 17 4
17 18 6
19 22 13
3 5 2
10 13 16
6 8 9
10 13 4
18 20 20
19 21 11
11 12 7
7 9 18
10 13 17
15 17 8
14 15 14
1 5 2
3 6 11
2 4 4
16 17 6
3 5 16
2 4 15
4 6 11
8 10 13
3 5 7
5 8 3
14 16 2
13 15 3
0 4 19
13 15 20
13 15 20
17 17 4
9 10 2
15 18 9
1 3 7
21 0 5
11 14 5
23 23 7
17 19 20
14 16 7
12 16 10
1 3 8
4 7 17
3 5 9
16 17 10
1 3 17
5 8 19
7 9 16
5 4 14
2 4 13
3 5 15
14 16 2
2 5 6
19 21 12
23 0 16
14 14 13
14 16 6
20 23 1
18 21 15
6 7 4
11 13 7
5 7 10
0 3 9
13 16 14
10 12 9
20 22 9
10 12 2
13 15 18
21 0 3
4 7 10
14 15 18
20 19 18
13 15 9
0 3 7
22 0 6
8 11 10
3 6 18
21 1 8
18 21 20
1 4 6
9 10 1
3 6 8
9 10 2
8 11 5
4 6 19
8 11 3
13 14 20
0 1 9
15 16 5
18 19 1
23 2 14
22 0 4
1 4 8
11 12 4
3 4 16
5 7 8
18 21 9
20 22 18
7 9 3
21 0 20
13 15 7
6 9 4
5 7 20
20 23 19
14 16 13
22 0 9
3 4 3
1 4 13
11 13 6
16 18 16
22 23 3
8 11 9
7 8 15
5 8 18
19 22 6
17 18 18
23 0 7
3 5 12
12 14 3
9 11 3
0 2 12
4 6 6
6 8 10
1 4 15
11 13 9
3 4 17
19 22 9
1 4 19
14 16 2
9 11 12
0 2 11
6 10 14
1 2 11
17 18 11
6 9 16
22 1 13
18 21 18
3 6 1
23 1 20
18 20 11
5 8 15
18 21 1
19 21 9
23 1 4
9 12 13
19 22 15
11 15 18
18 20 13
15 18 2
0 2 7
3 5 4
9 12 13
11 12 11
21 23 18
4 5 18
5 7 20
13 15 14
12 13 19
15 16 18
14 15 16
18 20 2
10 12 16
22 1 16
4 7 4
21 0 7
21 23 12
9 10 4
22 1 19
0 2 9
15 18 6
0 3 1
3 5 18
9 10 19
4 5 6
7 9 15
22 0 20
16 20 17
23 1 13
2 4 11
10 15 3
21 23 1
19 22 18
1 3 1
20 22 17
23 0 18
19 21 3
2 4 19
7 8 6
19 21 17
6 9 9
1 3 14
4 5 7
18 20 9
0 2 6
4 7 18
16 18 2
23 1 2
12 14 10
8 10 5
7 11 14
17 20 18
23 2 4
4 8 9
18 20 8
4 6 17
18 20 4
12 16 3
13 14 4
1 4 2
11 12 15
11 14 1
2 4 16
4 5 12
17 17 11
19 22 7
23 2 7
8 9 6
1 2 16
18 18 3
14 16 13
9 11 2
18 19 5
23 0 2
18 20 19
1 3 9
8 9 9
1 2 8
9 9 12
18 19 18
21 23 19
4 6 14
4 5 13
6 8 2
18 20 4
3 6 3
4 4 19
20 22 13
19 20 2
17 18 19
20 21 20
0 2 17
6 7 7
14 17 4
9 10 5
22 0 19
18 21 15
13 15 9
15 18 9
4 7 10
20 22 5
18 20 3
17 20 10
9 9 12
16 19 8
12 13 9
16 17 14
9 10 9
4 6 8
14 15 4
16 19 14
0 2 4
11 14 6
3 3 4
12 12 12
8 11 6
13 15 8
9 10 2
14 17 16
17 17 12
1 4 18
11 15 11
0 2 20
23 2 15
14 15 4
17 18 5
15 16 2
0 0 2
6 6 11
22 23 11
20 21 7
4 7 19
10 12 1
17 20 4
8 10 13
4 6 9
23 1 18
17 18 12
8 10 10
3 6 15
19 20 8
7 8 15
15 18 12
8 11 6
2 3 15
19 18 16
9 11 8
9 10 5
0 3 2
14 17 6
22 22 11
5 7 3
9 10 13
17 19 16
4 6 19
22 0 3
8 11 1
2 5 1
6 8 1
5 5 9
10 12 16
17 18 1
19 22 11
19 23 16
0 2 8
1 2 2
6 6 8
19 21 1
19 19 6
19 22 5
18 19 5
23 1 15
22 0 10
20 22 12
18 21 19
5 7 10
5 9 12
3 5 2
11 12 12
18 20 6
2 5 1
3 6 3
21 23 17
8 10 9
7 9 19
12 15 3
3 4 11
12 15 2
7 8 9
9 13 11
22 2 1
0 2 10
18 19 11
12 15 15
18 19 1
16 20 9
15 16 7
22 23 5
6 7 1
23 1 7
11 13 10
7 9 12
0 1 20
22 23 8
9 10 8
1 3 4
11 13 6
8 10 3
1 2 20
5 8 8
6 10 12
18 20 20
2 4 1
11 14 14
12 15 15
20 23 2
6 8 3
10 11 18
13 15 10
14 17 14
21 21 17
14 16 20
10 11 1
11 14 11
19 22 1
16 20 19
17 20 20
0 1 3
15 16 7
15 19 9
1 3 7
7 7 9
10 12 7
12 15 20
13 16 15
18 19 1
19 22 19
15 16 20
5 7 16
11 14 3
14 15 7
13 16 8
7 8 13
0 1 10
20 0 18
19 21 19
21 23 3
16 17 9
5 8 14
5 7 18
5 6 11
1 5 3
23 1 17
12 16 6
23 0 12
9 11 11
14 17 11
6 9 19
22 0 9
3 4 9
8 10 5
23 1 8
8 9 2
11 13 15
13 16 11
7 9 3
11 13 7
13 15 10
17 19 15
0 2 3
14 15 18
13 16 15
3 4 1
11 14 7
1 2 14
12 13 20
3 4 8
10 12 12
18 20 14
6 6 17
21 23 2
6 8 14
17 18 2
19 22 4
14 17 9
9 10 11
17 21 9
19 19 15
19 21 16
14 17 19
18 21 12
15 17 4
18 20 9
0 1 6
14 15 18
10 10 2
18 19 13
19 20 18
0 2 6
20 22 3
6 6 5
19 20 9
13 14 2
3 6 9
0 2 15
23 0 18
19 20 5
18 19 20
7 10 3
22 0 13
15 16 16
1 2 17
8 9 16
6 8 2
20 22 15
9 10 1
10 11 9
21 23 10
15 17 2
22 0 13
17 20 11
3 4 17
2 5 7
14 15 14
4 6 12
4 4 7
14 16 14
21 23 17
12 15 10
3 4 7
23 1 4
12 14 16
3 4 2
21 22 7
4 6 13
5 6 13
14 16 8
4 9 7
17 19 15
6 9 2
23 2 7
17 19 6
4 5 20
5 7 17
23 0 12
11 14 17
5 8 2
5 8 3
7 9 15
15 16 1
18 20 13
13 13 10
11 10 10
2 3 20
14 17 2
15 18 15
13 14 3
0 3 4
19 20 17
5 7 11
2 4 10
21 23 10
13 16 13
15 17 2
22 2 6
1 3 5
3 4 12
14 14 8
0 1 15
21 0 1
22 1 10
11 12 10
17 21 8
8 11 19
8 11 15
12 13 11
21 23 15
4 6 3
15 17 13
15 18 9
11 12 1
21 22 9
21 0 6
22 1 13
6 8 7
11 15 6
19 21 8
5 5 4
5 8 11
7 7 18
5 9 20
11 13 17
3 5 13
7 10 10
2 3 4
7 10 10
13 18 20
17 19 18
21 22 15
19 20 17
10 13 5
23 2 6
5 6 19
11 11 16
16 17 11
12 14 12
8 9 10
13 15 7
8 9 12
19 19 5
19 21 19
18 19 7
11 13 20
20 22 8
15 19 5
22 1 7
15 19 6
17 18 14
3 6 14
23 1 14
6 7 1
7 9 7
19 20 7
4 6 12
0 2 9
3 3 8
8 8 16
21 0 4
10 10 20
15 17 12
1 1 4
23 23 12
21 22 20
17 19 6
13 15 7
14 15 11
5 7 20
6 8 20
4 9 17
20 0 15
22 23 4
1 3 13
23 0 5
22 0 3
1 3 9
20 21 11
8 9 16
9 11 19
14 16 11
5 8 19
5 7 18
20 23 15
5 9 14
3 3 19
8 10 2
0 2 10
15 19 10
8 10 4
8 10 4
0 3 15
15 18 17
4 5 17
1 3 1
11 14 3
19 20 7
11 14 20
6 8 19
9 11 9
3 5 8
0 2 18
20 22 3
10 11 20
15 18 20
6 9 3
12 14 15
4 5 19
12 14 3
3 5 5
1 0 4
21 21 20
11 15 17
17 19 17
14 15 15
3 4 20
7 9 20
23 0 16
7 9 12
3 5 15
10 10 12
12 15 7
1 4 18
12 16 2
21 21 20
4 6 19
13 15 11
10 13 5
17 19 20
16 17 19
0 1 6
5 6 11
17 19 14
19 0 2
17 20 17
1 4 20
5 7 20
20 21 4
9 13 13
0 1 19
8 10 3
14 17 18
0 2 14
4 7 14
14 16 16
7 9 19
18 21 15
20 21 19
11 13 8
16 19 1
23 1 10
10 11 15
4 6 10
14 18 3
22 23 2
17 19 3
11 13 17
15 17 20
0 1 9
7 11 3
23 1 15
11 11 3
14 17 14
16 18 17
4 5 14
18 21 8
15 18 13
16 17 20
16 18 1
16 19 7
13 14 11
18 22 15
14 14 18
8 12 15
17 19 5
6 8 10
16 19 19
7 10 6
9 11 1
16 19 19
19 20 19
22 0 13
15 16 14
16 18 12
1 3 14
21 23 8
18 21 10
3 5 9
0 3 17
3 5 3
20 21 14
6 8 17
16 18 12
10 13 7
2 3 13
17 19 15
11 13 9
15 18 2
6 7 5
15 18 3
1 2 11
22 22 20
20 22 10
18 21 8
16 17 15
10 12 7
5 8 9
7 10 7
17 21 12
3 3 7
22 0 5
19 21 5
9 11 19
2 3 7
15 16 13
10 11 19
19 21 20
9 10 9
15 17 16
7 9 18
10 13 15
4 5 12
14 17 7
23 0 19
2 5 3
7 9 3
21 21 18
13 14 4
21 22 19
21 1 19
21 0 12
