1320 20
2 4 17 6 7 3 11 1 7 13 9 15 8 11 17 20 17 7 11 6 
9 10 6
20 22 7
21 0 10
21 0 19
2 2 5
8 12 12
2 4 15
13 15 13
5 7 1
0 0 17
6 8 7
2 5 9
6 8 1
21 23 1
22 1 7
0 2 18
3 4 10
8 9 6
12 14 2
9 10 2
22 23 10
4 6 8
4 8 4
6 7 5
8 9 16
3 6 3
17 20 15
2 5 15
17 19 13
12 13 1
1 2 5
0 2 11
6 8 17
9 13 3
23 23 18
16 18 15
19 21 6
5 7 6
9 11 19
6 7 10
7 10 16
0 2 12
10 13 16
21 0 20
22 0 9
23 2 2
13 17 6
19 21 10
2 4 10
6 7 4
8 11 8
11 15 19
18 20 20
3 6 5
12 12 5
1 3 11
23 1 3
4 6 9
10 10 7
19 21 8
17 19 8
17 17 16
6 8 5
4 5 18
22 23 1
9 10 11
22 0 13
5 7 11
22 1 7
14 16 2
19 20 18
11 13 11
9 11 16
9 12 19
9 13 15
11 12 14
2 4 16
14 17 9
12 12 9
6 8 5
0 3 20
19 21 8
6 9 19
15 17 14
14 16 1
9 11 12
3 4 3
6 9 10
1 3 16
2 4 3
14 15 5
20 21 15
16 19 7
21 22 2
5 6 1
7 9 18
3 4 1
9 13 2
18 19 19
1 2 13
23 1 16
11 14 7
5 5 3
12 15 7
18 19 9
5 8 14
13 13 6
3 6 20
1 2 7
17 20 18
9 10 5
21 23 11
13 14 11
5 8 9
13 14 1
17 17 10
5 6 20
9 11 4
23 2 9
13 17 20
17 18 17
22 0 6
1 3 11
1 3 19
15 17 19
12 13 12
4 7 16
6 9 4
4 7 5
9 11 4
5 7 12
14 14 2
14 17 7
10 12 13
9 10 17
12 13 12
20 23 10
1 3 7
21 23 3
5 7 8
14 15 13
16 19 5
9 11 3
2 4 19
10 13 17
11 12 8
8 9 9
2 4 13
21 0 19
23 0 7
16 17 17
8 8 12
0 4 1
10 13 15
2 6 12
11 13 4
7 10 19
6 7 14
11 12 9
12 14 1
5 7 14
13 14 19
13 17 20
23 2 1
11 14 3
3 5 15
20 23 13
1 2 13
4 7 4
19 22 9
21 23 2
16 19 3
1 4 20
3 7 10
14 16 16
18 20 17
0 1 19
2 5 16
21 0 17
4 6 5
16 18 19
19 20 2
10 11 2
12 14 18
12 14 8
16 18 14
20 22 13
19 22 8
8 10 1
9 12 13
0 3 13
18 20 2
20 21 13
3 5 2
13 15 16
0 3 18
17 19 8
6 8 10
21 1 12
3 4 5
4 5 7
8 11 14
19 21 11
3 5 14
0 3 2
0 5 10
6 9 1
10 10 19
21 23 18
22 23 16
19 21 15
19 19 4
10 13 9
14 17 6
11 14 18
23 1 19
22 0 9
22 0 6
6 9 12
13 15 20
15 18 15
4 8 18
21 0 4
20 21 8
4 8 10
8 11 19
17 21 17
18 18 5
4 7 5
11 13 16
21 22 17
15 17 13
21 23 13
20 21 13
23 0 19
2 6 14
1 4 8
0 3 12
3 6 11
16 17 19
10 11 5
19 22 6
19 21 4
22 0 18
2 6 19
7 10 15
6 8 6
7 9 7
2 4 11
1 3 6
21 22 9
20 22 15
12 14 13
19 20 19
18 21 10
9 12 14
13 14 20
3 6 13
9 12 9
23 1 3
0 1 2
5 8 14
16 18 10
11 16 13
22 2 14
16 16 1
21 0 16
10 13 1
5 7 8
4 5 16
5 7 6
18 21 9
23 0 13
16 19 10
0 1 16
3 5 6
18 20 14
7 9 11
13 15 7
22 1 15
18 21 4
15 16 4
2 4 18
8 12 13
0 2 4
11 14 14
6 8 15
3 5 18
0 1 10
23 1 12
23 0 15
20 0 10
13 17 17
15 18 9
3 5 2
18 20 15
4 5 15
14 16 14
11 12 1
4 5 11
13 16 17
1 2 16
11 13 19
16 19 20
9 11 14
20 21 1
6 10 1
23 1 16
15 17 17
0 4 20
3 3 15
8 11 8
8 8 19
11 12 8
0 3 9
23 1 17
17 18 1
18 19 7
17 20 3
12 14 16
2 5 17
8 9 8
6 8 18
8 10 18
23 23 1
2 4 5
2 5 10
9 11 1
4 6 6
20 23 7
0 1 13
6 9 1
19 22 2
2 4 8
2 5 2
1 3 18
3 4 16
23 3 13
12 14 7
17 19 2
5 7 19
23 2 3
18 20 3
6 9 4
13 16 5
3 5 13
19 21 12
16 18 1
5 8 2
0 4 12
12 16 16
23 0 10
3 6 13
15 17 6
4 6 8
11 14 5
7 10 1
6 9 5
5 7 20
16 18 16
14 15 7
23 1 5
14 17 15
17 20 17
5 8 13
14 15 7
14 16 1
23 2 17
9 11 10
4 4 12
14 15 4
11 12 4
22 23 2
1 2 16
16 18 5
0 3 18
4 6 6
0 1 5
2 1 16
13 16 2
10 11 9
23 2 18
6 8 7
12 15 9
2 3 12
23 0 3
2 5 1
5 6 19
2 4 17
21 0 13
10 10 3
23 0 18
9 12 16
13 15 14
14 16 15
19 22 7
1 3 7
8 12 1
8 10 20
3 4 3
5 7 4
16 18 3
7 9 6
17 20 5
14 18 10
10 13 17
22 1 11
7 10 8
7 10 13
9 12 17
9 12 16
7 6 15
4 7 9
10 12 14
0 2 7
20 23 13
10 11 1
11 12 2
7 9 20
13 14 12
2 4 1
20 22 6
6 8 18
10 12 11
5 6 16
0 2 16
21 23 18
5 8 7
15 17 8
20 23 12
9 11 17
15 19 19
21 23 19
2 5 18
15 16 12
6 9 20
9 10 12
1 4 2
21 22 10
2 4 20
16 18 6
19 21 6
4 7 13
23 23 11
2 4 8
13 16 20
10 11 9
20 21 17
6 8 7
16 20 17
3 5 7
17 20 8
21 21 1
15 16 1
20 23 9
23 1 20
14 17 17
21 0 13
2 2 8
10 14 4
13 15 5
12 15 17
16 18 8
20 23 17
10 11 3
12 15 14
9 11 17
17 18 20
12 13 17
13 14 1
2 4 12
15 15 16
8 11 8
8 11 9
3 5 11
11 14 13
18 21 9
5 9 20
13 15 4
16 18 13
12 15 2
9 10 3
7 7 6
23 23 10
23 2 2
9 12 15
8 9 5
9 12 2
15 19 5
23 2 15
13 14 2
2 3 3
15 18 10
6 8 14
14 17 14
20 0 8
5 7 13
23 1 16
1 2 19
18 21 13
17 19 13
23 1 15
19 21 3
4 5 17
21 23 15
5 6 11
22 1 19
14 18 18
5 6 18
13 14 3
19 20 13
3 4 13
1 4 1
22 1 7
20 23 14
0 2 8
17 19 8
0 3 2
13 15 7
20 22 6
23 1 18
5 6 8
7 8 19
2 4 1
8 11 16
14 17 15
17 17 1
4 6 11
2 3 2
17 19 4
9 10 12
3 4 4
9 11 12
3 6 19
0 1 3
21 23 13
1 3 8
3 5 7
23 23 11
2 3 19
17 18 3
2 4 11
7 10 1
17 19 3
15 17 11
11 13 1
0 1 10
22 0 6
2 2 8
11 14 14
20 23 17
17 20 1
20 22 10
20 23 2
18 19 1
8 11 6
5 7 9
17 20 19
10 13 2
4 5 18
2 5 19
12 15 8
21 0 20
6 7 18
3 4 13
17 18 18
16 18 8
12 14 12
22 1 19
1 2 7
18 20 20
8 10 9
9 13 8
17 19 1
21 0 11
3 6 17
17 18 7
3 5 20
10 11 2
6 7 19
1 3 13
22 23 2
19 21 10
4 4 11
6 6 10
22 1 3
5 7 2
19 23 5
16 19 6
18 20 2
14 15 4
7 10 9
16 18 20
21 22 10
6 6 6
12 16 4
19 20 3
15 17 17
0 1 7
4 4 13
0 1 16
0 2 17
10 10 14
21 23 5
17 18 17
18 20 10
7 7 1
19 22 7
17 18 1
22 0 18
0 2 3
10 12 4
20 21 19
19 22 8
19 21 3
13 16 2
23 0 2
6 8 12
16 17 6
20 0 18
3 5 7
12 14 15
6 7 8
12 14 8
16 17 11
21 23 5
13 14 14
6 7 8
15 17 16
18 20 12
7 8 6
11 13 5
23 2 7
11 13 13
17 20 2
11 14 18
4 7 5
11 14 2
20 23 4
11 12 7
12 12 5
9 10 4
13 15 5
10 13 14
18 20 6
19 22 5
18 21 12
0 3 10
0 1 15
18 18 3
22 23 4
2 4 19
13 14 1
2 5 4
2 4 15
14 15 1
22 23 14
23 1 20
1 3 7
0 1 16
3 6 7
20 21 14
15 17 14
17 19 1
10 12 14
0 0 19
23 23 9
14 16 6
1 2 4
9 11 12
8 7 11
13 16 18
12 14 3
20 21 18
22 0 17
0 2 19
11 13 10
13 15 6
23 0 12
20 22 2
1 3 16
13 16 10
0 2 12
7 9 11
20 23 19
2 6 1
14 16 17
3 5 15
5 8 4
9 11 19
19 23 9
21 23 17
6 8 14
9 10 3
21 0 18
14 16 7
0 3 10
23 3 18
6 8 5
12 15 8
13 16 20
13 14 3
23 2 13
9 12 20
8 9 1
8 10 20
17 18 5
3 5 4
9 13 6
7 10 2
14 17 17
1 3 1
2 4 14
6 8 20
22 23 19
2 3 12
6 7 10
5 6 4
14 15 11
8 11 10
21 0 7
10 10 3
4 4 8
16 19 19
9 11 20
10 11 16
12 14 6
9 11 11
8 9 13
23 1 8
10 12 10
20 22 8
1 2 10
0 3 9
1 4 7
5 7 3
9 10 16
20 23 12
23 1 1
4 6 18
4 6 10
1 4 10
21 22 7
14 14 16
15 16 1
1 3 1
2 5 15
15 17 20
14 16 18
17 20 18
12 12 3
4 6 8
6 8 1
6 8 6
14 16 16
0 2 7
22 22 16
10 10 9
14 16 3
5 6 11
18 19 4
21 22 6
15 19 6
12 17 14
3 6 6
3 4 7
0 3 4
11 12 3
15 17 20
15 16 10
23 0 15
21 23 11
19 23 17
17 19 3
16 16 8
15 17 8
10 10 1
23 1 7
23 0 14
6 7 13
8 10 17
19 20 9
3 6 6
4 6 6
23 0 18
20 22 1
19 21 7
9 12 16
17 18 7
19 20 20
15 18 13
20 0 3
14 18 6
17 19 5
16 19 3
10 11 2
1 3 15
20 21 15
7 8 2
3 5 3
22 1 2
10 12 10
20 19 20
6 8 7
22 23 18
20 23 11
20 21 15
17 20 15
12 16 13
12 13 5
16 18 20
11 13 14
16 17 20
19 21 1
21 21 2
4 6 10
17 18 7
20 21 13
11 14 1
3 3 7
9 11 11
2 4 4
3 6 20
18 21 8
2 2 11
17 19 13
1 4 20
8 10 17
10 13 15
22 1 14
2 5 4
14 16 6
0 3 5
11 13 14
3 6 13
7 9 12
6 7 13
8 11 10
23 0 12
12 14 12
12 13 16
1 3 18
22 0 2
13 15 3
10 13 1
21 20 16
11 12 11
18 20 7
14 15 15
16 18 16
20 22 2
3 5 12
3 6 7
1 2 16
4 6 14
3 5 13
22 2 9
5 6 18
0 0 7
1 3 17
6 8 14
1 1 10
14 16 13
7 8 18
12 14 1
18 21 13
9 10 11
20 20 9
19 22 2
0 3 15
10 12 15
16 18 13
14 16 20
17 18 6
0 0 14
11 15 18
0 2 16
19 21 3
23 3 16
0 1 13
12 13 14
23 2 18
3 4 15
4 6 11
22 23 16
3 5 3
5 8 18
0 4 1
5 9 18
3 5 12
1 1 13
2 4 19
2 3 9
21 22 13
1 2 17
4 6 12
6 8 15
3 6 11
14 15 15
1 2 16
12 13 4
7 12 20
14 16 2
14 15 8
20 22 4
5 8 16
23 0 2
9 12 19
6 8 6
0 2 19
20 23 9
4 5 12
12 15 16
3 5 7
2 3 5
0 2 4
10 11 20
19 20 13
18 20 16
16 16 13
0 3 14
15 18 11
9 12 7
17 19 8
10 10 6
5 5 18
15 18 5
14 13 16
15 17 3
1 3 5
11 15 7
17 20 8
8 9 14
19 22 9
23 1 8
0 2 16
1 4 11
15 19 3
1 4 13
18 19 12
20 23 12
2 7 1
15 18 11
18 18 14
2 4 14
20 23 10
8 9 4
21 0 16
17 17 19
21 22 4
8 9 8
14 16 13
19 22 7
4 8 20
10 12 15
17 19 11
16 19 17
16 18 2
18 19 15
3 6 19
23 23 12
16 17 6
14 17 2
5 8 10
18 20 6
23 2 8
18 21 13
12 14 10
7 10 8
1 3 19
0 2 4
21 0 13
1 3 5
14 17 9
0 1 13
19 21 18
11 12 5
23 0 18
23 1 5
18 18 2
20 22 1
2 3 17
19 21 15
1 2 17
13 17 4
19 20 4
10 13 14
20 23 10
16 17 3
22 0 3
15 18 19
6 9 2
0 1 9
22 0 20
22 23 9
23 2 15
23 0 7
15 17 1
19 21 4
4 7 13
8 11 20
16 18 13
18 20 10
0 1 15
5 6 10
15 17 18
2 4 8
16 18 9
13 14 20
16 19 15
14 17 14
18 19 20
10 14 6
10 12 2
4 6 17
22 23 2
18 22 4
15 15 15
15 19 3
15 18 9
8 11 17
0 1 14
17 19 11
20 0 16
23 1 18
9 13 1
1 3 14
17 20 14
7 9 14
4 5 14
10 10 15
11 13 10
21 22 4
13 14 6
21 23 3
0 2 20
19 21 8
13 15 18
20 21 19
10 11 9
18 20 2
12 13 15
17 19 1
0 0 19
23 2 17
16 17 6
11 13 14
18 20 7
23 0 14
19 22 18
15 19 11
9 10 8
11 12 18
10 13 20
18 20 11
10 12 10
22 1 5
7 10 15
16 18 12
5 9 2
2 4 7
9 12 2
10 12 4
22 1 13
19 21 14
3 3 17
6 8 17
23 0 5
12 13 16
19 22 20
9 10 14
1 2 20
14 14 2
8 8 20
20 22 1
15 17 3
16 18 5
12 13 6
12 13 3
2 5 18
1 1 11
15 18 7
11 12 14
23 2 13
11 12 6
8 11 3
12 14 4
0 3 13
10 15 6
6 9 5
14 16 13
21 23 17
17 20 10
5 8 4
7 9 8
13 14 7
23 1 16
22 0 8
7 10 20
23 1 6
17 19 10
18 21 13
8 10 3
7 9 12
1 2 16
0 1 13
7 9 2
12 15 4
12 12 17
3 4 12
18 23 13
13 16 15
15 16 18
23 1 1
17 19 1
16 20 6
18 22 5
12 14 11
1 4 11
12 11 9
20 23 19
8 9 9
16 18 12
14 16 1
9 9 18
12 14 19
13 14 1
3 5 15
14 17 9
13 14 4
10 12 16
0 2 13
5 7 10
20 22 18
4 6 20
23 3 11
14 16 17
21 22 16
20 22 5
15 17 10
17 18 3
0 2 7
10 11 6
9 10 5
18 20 5
6 8 3
16 18 4
14 17 16
18 21 3
7 8 3
6 8 10
23 23 2
4 7 7
4 5 5
8 11 1
23 23 14
18 20 6
7 10 5
9 11 20
3 6 17
12 13 10
8 12 13
4 4 13
9 11 6
6 8 20
8 9 18
21 22 11
0 2 15
8 8 7
10 15 5
14 14 1
2 4 13
22 1 20
4 5 15
10 11 17
12 14 12
23 1 17
1 2 2
7 11 1
17 18 10
2 4 14
18 21 16
19 22 8
22 23 17
13 14 13
17 20 11
15 15 19
0 2 19
7 10 17
9 10 19
20 22 13
16 19 11
3 3 7
21 23 18
12 12 14
0 1 12
7 9 14
16 19 19
17 18 5
3 6 1
5 7 16
14 16 9
7 10 17
8 11 6
21 0 14
12 10 16
7 11 2
16 19 20
14 18 5
16 17 6
12 13 15
11 12 9
11 14 1
6 7 6
4 6 9
16 18 5
9 12 11
18 20 9
6 9 1
8 10 13
0 1 7
21 22 3
3 4 8
12 15 18
2 4 7
5 5 12
19 20 12
3 5 11
23 0 3
14 18 3
6 6 15
2 3 6
21 0 13
8 10 20
17 18 16
6 7 2
1 2 17
12 14 8
6 7 4
20 20 1
21 23 4
13 15 6
20 21 13
21 22 6
23 0 16
4 7 4
9 12 7
21 23 12
4 6 19
2 4 17
18 22 19
7 10 5
13 14 15
13 14 5
12 13 4
11 14 14
8 10 2
1 4 1
3 6 14
2 4 15
6 9 4
11 12 11
22 22 9
21 0 13
0 2 18
22 22 19
14 14 7
23 2 16
23 23 12
19 22 2
7 9 7
7 9 12
2 3 3
8 9 5
17 20 13
2 3 4
16 18 7
12 14 17
5 6 19
12 12 15
18 20 18
5 5 18
9 11 17
0 1 20
20 22 5
21 22 10
17 19 19
22 0 20
13 15 8
21 1 9
21 22 3
0 2 17
12 14 1
12 13 5
13 16 11
17 20 11
1 4 10
18 21 2
5 7 16
19 21 11
12 14 2
9 12 8
3 6 8
1 4 7
21 22 17
23 1 19
5 7 16
14 17 17
8 11 5
9 13 4
0 1 3
8 9 4
12 14 1
3 4 18
5 7 11
22 23 2
16 17 13
17 17 18
4 5 17
20 21 12
