1400 20
5 9 8 19 14 14 17 4 12 3 11 13 9 5 14 11 10 17 1 9 
22 0 9
23 1 6
17 19 8
8 8 10
16 19 20
12 13 6
23 1 7
0 3 5
18 20 2
23 1 6
5 6 5
19 22 1
22 23 12
15 16 11
23 1 20
3 5 19
15 18 10
4 6 7
20 1 12
13 15 15
5 9 15
15 17 2
11 13 13
2 4 13
1 4 11
6 9 1
13 15 12
9 12 14
14 15 9
20 0 10
17 20 5
1 3 11
14 17 8
7 11 5
23 1 10
5 8 13
23 2 3
23 1 9
2 4 10
15 18 8
6 8 10
4 7 17
5 7 20
14 18 15
1 5 3
18 19 9
14 16 14
1 2 7
4 4 2
17 19 18
1 2 14
19 21 6
11 15 4
22 22 14
3 3 20
6 8 9
21 23 11
7 9 8
12 13 14
5 7 15
23 0 17
10 12 13
23 1 19
9 11 11
21 21 9
7 10 14
6 8 12
10 13 19
5 7 12
5 8 4
17 19 19
6 8 7
6 10 16
4 5 2
3 4 1
7 10 4
22 1 3
9 9 18
6 10 8
3 4 9
20 22 10
20 22 4
7 7 4
7 9 4
10 13 12
17 19 11
15 16 7
4 5 12
2 5 20
8 10 3
10 11 7
6 10 7
17 18 3
19 23 9
23 1 15
16 18 6
20 21 18
11 13 5
4 5 13
11 14 2
12 14 16
2 4 5
20 22 3
21 1 13
5 7 10
8 10 14
14 15 5
9 12 20
3 5 6
23 1 7
19 20 18
7 9 7
20 21 3
12 12 3
23 1 2
21 22 15
5 5 5
0 2 2
15 17 1
11 12 7
2 4 2
4 8 13
3 6 15
22 22 3
14 15 12
0 2 20
4 7 20
23 2 10
22 0 13
9 12 5
23 0 16
14 16 4
20 22 9
15 16 10
11 11 17
10 12 3
3 5 2
11 12 19
16 19 14
10 13 7
22 1 5
19 22 3
19 20 14
11 14 5
5 7 14
16 19 1
19 20 3
14 16 17
7 9 10
16 18 10
0 1 11
4 5 16
7 8 13
9 11 8
19 22 19
0 2 3
9 11 19
4 6 1
23 2 6
13 16 9
17 20 4
23 2 1
7 8 11
22 23 14
19 21 20
23 1 8
16 19 5
7 9 18
19 21 2
4 5 7
11 12 8
11 13 19
4 6 19
12 14 4
13 16 3
11 13 13
0 2 20
23 1 1
10 12 2
10 11 18
23 1 15
8 9 16
5 7 2
5 7 16
20 22 16
16 18 19
6 8 2
22 0 9
11 11 13
21 0 10
23 0 6
22 0 1
20 22 20
5 7 10
9 11 1
9 10 9
10 13 1
5 8 1
23 0 10
11 12 17
3 5 3
11 13 10
23 0 8
6 9 17
16 19 6
9 10 1
7 10 19
2 4 14
7 9 18
3 6 14
19 20 20
0 2 7
18 22 6
6 8 12
1 2 17
0 4 11
0 3 6
5 8 8
14 17 4
19 20 15
22 1 4
10 12 5
16 18 18
21 1 5
7 8 6
13 15 20
23 1 16
15 16 3
21 23 7
12 13 6
22 21 12
18 20 9
8 10 20
19 22 10
16 16 7
4 6 11
10 13 11
7 9 20
23 0 12
7 10 14
1 5 2
19 22 18
8 7 10
14 14 17
13 14 15
5 7 5
17 20 15
8 9 2
4 8 9
22 21 2
16 16 12
3 4 7
9 14 13
1 4 13
4 6 9
3 5 19
16 19 5
12 15 11
2 3 9
19 20 19
19 21 14
20 20 11
19 20 8
10 12 14
19 21 20
17 19 8
1 3 8
7 11 11
13 15 13
22 23 13
16 18 19
10 11 19
18 18 12
16 19 12
21 21 12
14 16 13
3 5 16
19 21 2
23 1 16
17 19 6
5 8 3
21 21 20
16 16 15
7 8 14
9 12 3
7 9 12
9 12 6
2 3 6
7 8 20
11 12 16
18 21 15
11 13 9
12 15 1
13 15 3
19 20 15
19 21 3
8 11 8
1 3 12
12 15 14
19 20 7
9 10 14
2 4 10
13 14 5
10 14 4
13 13 8
12 14 8
19 22 18
16 19 19
19 19 6
12 15 15
8 9 16
21 22 3
17 18 16
12 13 17
4 6 9
8 10 14
10 12 19
22 23 8
2 5 5
8 10 14
3 5 10
1 3 1
6 8 6
17 19 8
6 8 8
15 16 9
1 3 20
21 1 8
19 20 5
2 3 3
12 12 5
6 7 10
11 14 9
8 11 12
7 10 10
20 0 20
2 4 10
7 9 8
13 16 20
19 19 17
3 4 20
5 6 19
20 20 11
20 22 10
3 7 19
17 20 7
1 3 20
3 6 15
4 6 1
3 6 15
20 21 11
20 21 16
4 8 11
10 14 16
5 6 5
12 15 19
9 12 6
23 0 1
2 3 12
8 10 13
14 15 11
15 17 19
7 9 6
0 2 18
20 23 7
0 3 15
17 19 5
7 8 17
13 15 8
4 7 11
1 3 5
18 19 16
5 7 9
4 7 8
3 6 18
10 12 19
16 16 15
0 2 20
2 5 19
23 2 14
18 19 17
5 8 19
10 12 5
5 8 3
13 14 15
3 3 19
14 16 4
3 5 5
0 2 13
18 19 16
21 23 9
21 22 1
11 13 10
0 3 16
5 6 19
1 4 6
20 22 7
19 21 14
10 13 20
20 22 1
5 6 13
14 16 9
14 16 17
18 20 2
8 9 6
11 14 6
13 15 9
3 5 20
22 0 19
19 22 12
1 2 17
5 6 8
2 5 11
23 3 6
6 10 5
8 10 2
2 5 3
5 5 6
21 22 4
21 1 14
21 22 15
23 2 8
19 21 17
18 21 3
3 6 20
18 22 4
19 21 2
23 2 13
6 7 4
15 19 11
14 17 8
17 23 20
22 1 17
12 15 8
21 23 9
2 4 4
14 15 8
22 0 20
5 7 17
9 12 4
5 6 2
20 21 8
0 4 17
13 14 16
20 22 13
12 14 15
1 4 14
0 3 1
7 8 16
14 16 12
16 18 19
8 11 3
20 21 18
14 16 1
13 16 6
2 3 16
3 5 1
23 0 8
23 2 6
3 4 17
22 22 2
4 6 9
13 14 5
2 4 7
22 0 20
23 1 10
18 21 16
23 1 18
3 5 3
10 11 17
12 14 19
2 5 1
1 1 13
8 9 18
4 5 14
10 10 14
19 20 15
19 21 10
2 3 6
23 23 12
4 5 6
7 8 16
4 5 8
20 20 17
1 1 12
9 10 4
17 20 7
23 1 7
21 0 13
6 9 17
6 8 1
0 1 4
11 12 18
12 14 7
15 18 1
11 10 14
4 7 9
22 0 13
10 9 12
7 9 14
23 2 1
13 16 8
5 7 18
14 16 7
12 16 9
19 21 6
14 18 20
21 21 14
15 19 17
12 16 17
14 16 18
14 16 11
2 4 9
12 14 7
17 19 2
20 23 19
23 0 12
22 1 9
10 13 19
14 16 14
21 22 6
15 17 5
6 8 11
16 17 12
18 18 3
16 16 4
20 22 3
2 4 11
11 11 9
9 8 4
21 0 11
5 7 4
11 11 16
12 12 11
22 23 6
2 4 12
22 0 12
3 5 19
12 14 7
10 12 8
18 20 20
12 13 4
15 18 10
15 19 2
12 13 20
4 6 10
2 5 16
9 10 19
5 8 5
14 17 13
18 21 18
12 14 8
1 4 13
18 19 11
13 15 6
3 7 18
5 7 13
11 12 10
19 20 1
18 20 8
10 14 7
12 14 12
21 23 6
6 9 4
2 3 16
10 12 9
12 12 1
6 8 18
19 21 6
23 2 3
6 7 5
21 21 11
10 11 8
4 6 17
21 1 7
16 18 11
9 11 14
15 15 16
2 3 9
10 12 19
15 19 4
16 17 4
23 1 15
9 10 1
13 14 16
16 17 15
2 3 10
23 1 9
3 7 7
5 6 2
2 3 17
8 8 16
21 21 17
20 23 17
5 5 15
7 11 13
9 9 12
12 14 16
14 15 20
14 15 3
0 1 18
23 3 7
22 0 1
13 15 12
6 7 8
7 10 20
7 10 7
2 5 7
12 14 3
19 21 12
11 14 8
14 16 12
13 15 13
9 9 14
15 18 1
12 12 18
13 17 14
15 18 11
12 13 7
19 22 11
20 22 1
2 5 15
19 21 5
2 4 20
23 2 11
1 3 15
22 0 4
0 2 2
13 17 17
9 12 7
18 21 12
13 14 12
14 14 15
9 11 9
0 5 1
0 3 14
18 21 5
7 10 17
13 14 10
4 7 3
10 12 9
15 17 9
21 23 17
1 4 11
4 7 4
8 9 15
0 2 18
8 11 8
5 7 15
23 4 6
16 19 2
13 15 20
16 18 17
5 5 8
5 6 18
22 23 10
7 9 20
21 22 20
3 5 16
16 17 7
9 11 9
17 18 2
14 16 14
12 13 11
10 14 9
2 3 19
12 13 5
17 18 12
15 16 14
3 4 13
12 13 9
21 0 8
15 17 9
6 8 19
12 15 15
16 17 20
10 12 7
23 1 4
13 16 1
17 19 8
5 5 17
5 7 12
14 16 10
18 20 13
23 2 9
7 8 16
16 19 10
20 0 12
22 0 18
18 20 5
5 7 20
4 6 7
22 2 6
6 7 19
8 12 11
1 3 18
0 2 16
23 2 1
2 4 16
6 7 15
7 11 15
13 16 10
0 2 2
21 0 9
19 22 5
22 2 14
0 0 2
17 19 2
15 15 11
0 3 2
17 20 7
3 3 14
21 23 9
7 9 18
9 10 20
0 3 13
16 19 6
14 17 11
19 20 13
15 17 20
7 10 17
4 6 14
19 21 19
16 18 12
23 1 13
1 3 16
14 17 20
13 12 18
3 6 2
6 9 7
7 8 2
17 21 20
20 22 1
3 6 16
20 23 20
12 13 13
22 23 18
3 6 2
6 9 7
12 15 19
12 15 17
5 7 11
3 4 3
10 13 1
10 12 15
21 21 6
22 0 10
7 7 1
21 0 20
19 22 13
4 5 18
10 11 9
9 12 15
11 13 5
7 10 18
16 17 11
19 22 1
2 4 3
18 19 3
0 3 9
17 20 7
1 3 6
17 20 16
18 19 17
19 21 3
23 23 20
6 8 20
21 0 7
1 3 6
7 9 13
8 8 10
20 23 19
3 4 17
14 15 2
7 9 19
19 22 7
12 13 3
6 7 14
18 20 9
20 20 9
18 20 7
12 15 12
10 11 14
2 6 17
21 23 16
7 9 7
21 0 13
6 9 18
7 8 3
18 21 16
7 10 15
19 19 16
18 20 11
5 9 12
2 4 3
12 14 11
14 16 19
18 21 10
7 8 9
1 2 7
15 17 3
2 5 7
22 2 20
17 21 14
4 7 13
6 7 9
0 3 13
17 18 2
9 12 16
2 4 19
9 12 7
16 17 20
8 11 19
4 7 14
6 6 14
12 13 6
23 1 1
20 21 4
18 19 2
14 15 8
11 15 2
9 13 11
21 22 16
23 1 13
9 10 20
23 1 12
5 8 12
15 17 15
18 20 5
14 18 7
15 16 17
23 2 10
10 12 14
6 8 17
19 22 7
6 7 8
6 8 18
12 14 19
15 17 11
16 16 1
9 10 13
13 15 1
20 22 1
18 19 18
9 13 13
3 5 15
1 5 9
7 10 20
0 2 6
16 17 9
21 22 11
3 6 11
5 9 13
0 2 18
23 0 8
18 19 11
23 23 11
20 21 18
5 8 8
16 18 17
5 7 15
16 17 1
7 9 20
10 13 13
11 15 5
6 8 12
17 20 7
9 11 19
12 15 7
16 22 7
9 11 19
23 1 10
22 22 16
9 11 20
8 10 7
14 16 15
16 18 8
2 3 20
5 7 17
18 23 1
17 18 3
13 14 1
14 15 10
9 10 11
2 3 1
1 1 20
1 2 1
7 9 12
19 20 14
11 12 8
2 4 7
15 16 1
13 17 17
13 16 16
18 20 9
7 8 17
0 2 18
2 5 16
1 1 11
19 21 12
23 23 11
0 4 17
21 22 4
2 3 18
3 5 17
22 0 19
11 11 5
20 22 8
6 8 7
23 2 16
15 16 2
13 17 15
9 13 3
5 7 12
13 17 12
8 10 5
16 18 13
18 19 1
21 23 15
3 4 16
15 16 1
20 23 3
14 17 6
12 14 2
3 5 6
9 11 16
10 13 4
19 21 18
18 21 8
10 11 11
5 8 19
8 10 8
6 6 20
21 22 1
17 19 3
4 4 2
9 12 2
14 17 13
19 21 8
2 4 6
13 16 7
9 10 9
23 0 3
1 1 16
6 8 6
2 5 5
1 4 3
2 5 10
15 18 9
16 17 19
17 20 9
1 3 2
18 20 2
22 1 9
15 18 10
2 4 8
6 6 8
17 18 13
18 21 6
3 4 11
7 9 20
17 18 13
8 10 10
17 18 9
8 9 8
6 7 12
21 22 4
7 6 5
11 14 18
2 4 5
5 7 12
14 15 9
16 17 13
11 14 18
9 13 20
6 8 5
21 1 10
0 0 11
9 10 4
5 7 8
5 6 8
15 16 12
1 3 14
11 12 17
22 0 15
7 10 15
1 2 14
9 12 16
3 5 15
0 2 4
13 16 1
2 4 7
6 9 1
19 20 13
7 9 20
23 2 5
20 22 4
14 16 17
22 23 1
9 12 2
22 0 12
7 10 11
14 17 2
0 2 14
22 0 10
17 19 13
11 13 16
1 3 19
22 0 17
17 19 7
17 19 4
5 6 13
13 14 15
13 15 11
17 19 11
17 19 11
19 20 6
7 9 4
12 14 17
11 12 1
14 14 14
3 5 6
17 17 12
22 1 20
21 23 17
9 9 9
0 2 20
23 1 18
16 17 4
17 19 12
11 14 5
22 0 14
1 2 6
11 12 10
4 5 12
15 17 9
3 5 10
10 11 19
17 19 20
19 22 1
14 15 13
4 7 3
0 1 16
17 19 15
14 16 17
14 18 9
6 9 18
10 12 7
0 3 19
2 5 4
16 20 2
7 9 13
3 5 19
3 5 17
0 1 10
2 5 9
10 14 5
4 6 10
9 10 5
13 15 2
19 21 10
23 0 4
23 0 6
22 2 15
17 18 6
23 2 3
6 8 14
18 20 11
18 20 10
6 9 7
1 3 8
21 0 17
22 0 16
23 2 7
19 23 20
8 11 19
15 18 3
19 20 15
4 4 19
0 3 9
16 17 12
17 20 14
15 18 5
5 7 6
17 17 12
4 5 13
23 1 10
1 3 8
12 14 13
23 0 10
16 17 1
11 14 1
6 7 16
8 11 19
15 17 16
17 19 19
23 1 8
5 6 17
22 23 3
2 3 7
8 10 1
21 22 11
20 20 20
22 1 10
1 4 13
11 13 7
20 21 4
14 16 9
2 5 14
3 5 16
6 7 5
8 8 10
9 11 20
23 2 14
21 21 20
20 23 20
10 13 2
22 0 1
16 18 16
5 7 20
19 21 7
11 13 16
20 21 5
19 20 9
21 0 1
8 9 18
3 5 5
7 7 4
21 21 12
9 10 19
7 8 4
0 2 19
3 5 2
16 20 16
5 5 10
19 21 10
6 8 2
7 9 7
13 15 11
0 2 19
9 13 9
12 14 15
10 12 1
1 1 12
17 18 16
22 0 18
19 23 5
21 22 6
6 8 17
10 13 3
22 0 7
18 18 9
21 21 6
16 20 1
11 15 11
1 5 1
17 18 3
11 13 19
5 8 15
18 19 15
15 17 20
4 6 13
3 6 1
9 13 12
4 5 16
22 23 10
16 16 2
15 17 12
23 1 16
21 22 15
0 2 20
22 1 7
13 16 9
11 14 7
16 19 3
18 20 11
2 6 7
2 3 18
16 18 17
8 11 6
6 9 5
7 8 1
11 14 2
8 11 10
21 22 3
17 17 16
15 17 5
18 20 16
8 9 5
17 18 16
11 14 8
15 18 4
9 11 19
6 8 1
8 9 5
22 1 12
0 3 7
2 5 15
13 15 15
13 14 12
14 17 12
3 3 12
3 4 9
13 14 17
1 3 11
13 17 10
15 17 19
12 12 9
14 15 8
13 17 2
16 18 17
14 17 11
8 10 12
22 23 14
12 15 9
15 18 8
18 20 11
1 1 19
11 12 19
13 16 1
19 23 1
23 3 13
23 1 20
13 15 2
17 18 1
8 9 3
4 7 5
5 8 19
20 0 12
18 20 12
11 12 19
0 1 19
11 14 14
21 23 1
21 23 5
11 13 9
20 23 14
21 23 18
10 13 13
3 5 14
18 20 15
21 23 19
2 5 11
4 5 3
17 17 3
12 14 12
0 4 11
8 10 12
7 8 14
2 6 14
7 9 15
4 8 10
3 5 15
1 2 17
13 13 4
18 20 2
4 6 16
4 8 9
15 19 6
1 5 7
7 11 6
7 8 18
12 14 15
21 23 13
23 2 14
12 15 9
22 0 6
19 21 10
9 10 4
5 6 17
9 11 6
16 17 15
6 9 9
8 10 7
3 5 20
6 8 10
15 18 13
16 16 5
12 13 1
9 10 14
19 20 13
10 10 1
11 14 7
1 4 7
23 2 6
18 20 1
8 10 9
2 4 3
20 22 20
3 3 18
6 8 6
4 6 10
2 5 2
15 16 19
0 2 1
19 22 19
16 17 9
20 20 6
10 11 1
20 22 9
4 7 4
23 1 16
6 10 19
12 14 9
2 4 20
7 9 13
21 22 1
0 3 14
3 5 9
4 6 2
14 17 9
14 15 17
10 12 13
13 17 19
20 22 20
20 0 11
3 5 11
5 7 9
7 9 20
11 13 12
11 12 12
2 5 8
1 2 6
7 9 5
13 14 20
2 5 18
3 4 18
21 23 10
1 4 8
23 1 13
10 10 5
20 22 8
23 0 13
8 11 2
5 7 11
6 8 1
7 9 20
8 10 11
20 23 16
1 3 15
19 21 11
20 21 7
18 19 8
8 9 10
9 11 13
15 16 1
22 0 12
7 9 5
3 7 15
17 20 6
12 11 16
12 13 19
20 0 11
7 10 4
14 15 15
21 21 15
2 3 17
6 8 16
12 14 3
3 5 14
6 8 8
16 18 14
11 14 8
3 6 20
22 2 1
2 4 16
2 5 18
16 18 11
11 13 7
15 16 1
9 12 7
17 19 14
8 9 8
18 20 8
22 2 1
0 1 13
10 10 13
19 20 6
18 21 12
9 12 9
8 11 19
6 8 10
11 14 15
19 21 7
13 14 5
14 15 14
3 4 7
12 15 20
22 23 4
5 5 14
21 23 12
5 7 4
5 7 13
20 21 17
6 8 14
2 5 2
17 19 10
2 5 16
3 3 3
15 18 5
