1470 20
13 19 17 4 9 8 2 1 17 14 18 6 2 16 20 3 17 13 8 8 
20 21 16
7 10 19
10 12 9
23 0 2
10 12 16
9 12 8
4 6 12
2 5 5
9 11 20
20 22 2
13 15 12
13 15 1
16 19 2
11 13 10
4 6 1
2 5 5
19 22 5
12 15 7
7 8 13
3 4 20
8 9 10
5 6 5
8 9 15
2 2 14
18 22 18
12 14 18
3 5 1
13 13 11
0 3 18
6 9 16
7 6 12
11 13 16
0 2 14
7 7 13
4 6 15
2 3 19
5 6 7
23 0 11
23 23 3
12 14 20
2 5 16
0 4 7
13 14 5
1 2 16
13 15 14
4 5 13
4 6 6
19 19 7
18 20 13
18 19 1
23 2 7
2 4 5
17 19 8
2 3 12
9 12 2
0 1 4
21 22 12
6 8 2
11 13 17
14 15 13
6 9 17
6 10 5
21 22 18
0 3 11
17 19 2
20 22 5
14 16 4
22 1 10
7 10 17
17 19 2
20 22 9
18 19 19
6 8 5
17 18 10
7 9 2
8 10 2
6 6 8
7 9 13
10 12 18
2 6 11
19 21 3
1 4 1
3 5 8
11 13 18
11 13 6
0 2 18
2 5 7
11 12 13
15 15 14
22 0 4
7 9 14
14 18 6
12 13 12
10 12 4
17 20 19
5 8 13
22 0 7
12 14 20
9 12 16
19 22 7
1 4 14
14 17 8
17 19 1
19 21 4
5 6 4
8 11 5
11 14 1
9 10 8
15 17 11
18 19 13
15 18 9
10 13 9
19 22 2
20 23 4
0 3 12
19 23 6
5 6 3
9 12 1
9 10 18
5 8 12
5 5 20
15 16 10
2 4 6
12 14 16
1 3 17
17 19 5
21 22 7
10 12 11
6 7 3
15 18 19
6 8 12
19 21 11
12 12 20
6 7 15
0 1 19
8 11 8
9 12 16
19 22 1
22 1 18
18 20 8
6 9 12
8 12 10
8 7 8
18 21 3
1 4 10
1 3 19
15 17 4
11 12 13
14 18 18
14 15 5
19 23 2
6 6 19
15 18 9
20 23 1
12 15 5
4 6 17
16 20 1
3 4 4
14 17 10
18 21 4
10 14 14
2 3 6
15 17 3
3 5 17
6 8 15
13 17 19
9 12 4
6 7 20
4 4 20
12 14 3
12 15 12
3 7 7
9 11 19
16 19 1
9 12 15
9 10 15
13 15 3
7 9 16
18 21 17
7 8 17
19 22 3
22 0 6
16 16 11
2 3 17
20 22 18
22 0 3
22 23 9
8 11 8
5 8 2
5 7 6
19 21 11
7 9 9
20 22 3
10 11 7
18 19 2
21 22 2
21 0 8
2 3 11
1 4 20
15 18 5
20 22 8
0 0 15
20 21 8
14 16 18
13 16 2
1 4 4
17 18 19
18 20 17
22 0 15
0 0 5
20 22 20
12 15 3
18 19 20
21 23 14
0 4 11
16 18 18
8 11 10
22 0 10
12 14 7
22 23 16
18 19 11
9 10 8
0 2 10
1 3 11
23 2 16
6 7 7
19 21 8
4 5 1
0 2 7
9 9 7
9 13 7
23 0 16
8 9 10
16 17 7
2 6 14
8 10 8
23 1 17
12 13 17
17 18 3
15 15 13
11 10 12
3 4 12
6 7 5
23 0 12
19 22 5
9 11 14
16 19 2
3 5 17
12 15 11
5 7 18
17 18 13
10 11 7
11 11 11
5 5 2
3 6 10
14 16 6
15 18 7
21 0 6
3 3 1
12 14 5
2 3 9
4 7 16
23 0 9
2 6 1
13 13 10
8 10 2
4 7 16
18 21 8
11 13 20
0 2 12
23 2 8
9 11 5
6 8 17
12 13 7
14 15 20
5 8 5
14 17 12
0 1 18
11 13 20
13 15 5
0 3 2
23 1 13
2 4 20
9 12 17
10 13 13
9 12 16
3 4 16
17 18 6
14 17 17
6 10 12
20 21 3
14 15 17
12 14 7
2 4 4
3 6 2
19 21 3
3 6 10
15 18 19
21 22 5
21 0 16
12 13 20
16 17 3
1 3 11
13 14 14
19 22 1
11 12 19
16 17 4
8 9 2
14 16 9
4 7 19
17 18 1
2 2 5
13 13 12
15 18 2
0 4 20
19 21 18
0 2 3
11 13 8
12 13 16
18 20 15
16 18 10
7 9 11
18 19 10
5 8 7
2 7 11
16 18 15
12 12 1
6 8 19
10 13 13
9 11 10
7 10 1
9 10 20
19 20 5
5 7 2
15 17 17
10 13 7
1 3 2
2 4 10
14 16 12
19 19 5
14 16 17
3 4 9
12 14 14
14 15 3
23 2 11
10 9 12
13 13 17
8 10 5
23 1 9
21 1 4
11 12 10
12 15 5
4 5 12
20 22 10
14 16 1
1 2 13
15 18 2
18 19 3
8 12 5
9 11 5
2 5 3
2 3 13
17 21 11
23 1 6
0 1 8
1 5 3
6 7 8
17 19 2
12 14 18
12 14 3
22 23 3
18 20 1
7 9 17
10 10 17
16 18 7
13 14 18
21 0 3
9 12 15
1 3 16
9 11 15
19 20 19
17 20 8
17 19 4
11 12 7
7 8 18
13 13 9
9 12 1
17 19 3
14 16 1
8 12 7
1 3 2
4 5 10
6 9 18
22 0 17
23 1 10
4 8 19
0 1 5
22 22 9
0 1 17
8 11 12
16 18 17
2 4 15
17 19 19
22 0 6
4 6 7
23 0 19
23 2 17
2 5 8
7 9 11
18 20 6
4 6 16
23 3 3
8 10 3
17 18 13
8 9 6
6 7 13
17 20 9
19 21 11
18 20 12
4 6 9
10 13 16
18 23 15
8 12 20
15 19 9
19 0 17
14 17 9
11 13 14
19 22 15
5 8 4
22 0 18
5 7 19
2 3 2
5 8 3
11 13 10
21 22 2
13 13 20
5 7 15
10 12 17
2 4 1
11 16 18
15 17 16
20 20 13
2 4 6
1 4 18
3 5 6
7 9 4
1 2 16
15 17 14
11 15 14
19 21 11
22 23 13
4 6 9
6 9 18
16 18 6
6 7 2
16 19 2
1 3 15
16 16 10
5 8 14
21 23 11
0 2 5
4 5 6
6 8 1
18 21 4
22 1 8
8 9 14
13 15 8
17 18 17
5 6 9
18 19 9
8 10 13
21 0 4
6 5 1
3 6 13
13 15 7
10 14 2
0 1 8
18 21 19
3 3 13
16 18 20
2 4 12
12 14 13
11 12 18
5 7 17
8 10 18
2 6 14
16 18 5
9 12 5
15 16 9
15 17 14
17 20 10
23 0 18
2 3 8
14 13 16
22 23 4
2 4 2
7 8 13
6 8 18
18 21 18
21 22 4
2 4 1
21 22 9
5 8 13
15 15 15
3 5 5
7 10 16
22 23 20
10 12 9
5 7 1
1 2 4
7 9 9
5 7 2
21 21 6
0 1 16
10 11 6
18 20 10
9 11 5
15 16 14
11 14 11
17 18 10
14 17 12
7 9 7
16 19 18
14 16 10
13 15 10
5 6 16
8 11 6
0 2 9
3 6 1
22 0 19
11 12 18
2 5 11
6 8 9
5 8 13
6 9 13
6 7 12
22 23 1
23 1 10
14 14 6
20 23 15
6 8 18
19 21 20
11 15 18
4 8 5
13 16 17
8 10 6
2 6 17
19 23 1
3 6 5
13 16 19
17 19 14
13 16 17
12 16 1
9 11 18
5 7 4
12 14 16
20 0 6
6 9 11
14 17 16
4 8 19
14 17 9
1 1 18
5 6 16
3 3 18
23 2 13
9 11 17
2 4 1
17 19 4
20 22 20
5 7 3
6 8 5
22 1 11
10 11 4
12 14 4
12 15 9
19 21 7
11 13 9
6 10 18
22 0 12
22 0 15
16 19 7
4 7 17
4 4 2
20 21 4
7 10 5
20 22 15
1 3 2
8 9 9
13 14 13
0 4 5
16 20 17
10 13 15
11 14 8
1 1 4
11 14 3
0 2 2
21 1 20
19 21 13
0 1 19
7 8 1
15 15 13
13 14 3
1 3 13
23 2 3
15 19 2
4 5 16
7 8 11
0 2 8
7 9 7
15 17 17
10 13 15
22 22 10
3 4 3
7 12 14
10 12 15
23 23 1
22 23 10
9 10 7
9 11 17
15 16 16
2 3 9
14 16 4
6 7 17
2 5 9
3 5 15
1 3 14
17 20 12
16 17 8
23 1 16
16 18 7
19 21 15
7 8 15
22 1 17
13 15 7
22 0 12
2 4 4
10 15 5
14 18 5
21 23 17
21 0 1
19 21 19
11 11 2
4 7 7
14 15 16
21 22 19
13 15 18
2 5 20
5 7 2
14 17 13
21 0 13
18 22 19
15 18 8
7 8 16
4 6 1
22 1 20
16 17 10
18 20 12
4 5 2
13 14 20
3 7 17
21 0 20
9 12 7
0 2 9
18 19 16
23 1 20
10 10 2
22 1 6
3 4 17
9 10 9
10 11 2
2 3 14
10 13 3
11 14 9
17 21 13
0 3 3
10 12 2
0 4 5
23 1 14
5 7 16
0 1 19
0 1 11
1 2 12
21 23 8
16 19 18
12 14 16
10 10 20
23 1 11
15 17 14
2 3 10
0 1 13
1 2 11
4 5 5
17 19 8
19 22 1
0 3 20
4 6 13
0 3 13
22 0 14
12 14 17
15 17 12
0 3 4
13 16 6
14 15 11
18 19 1
12 15 18
16 18 18
17 17 12
4 6 1
6 9 15
23 1 17
1 1 1
5 6 6
15 19 2
0 1 3
20 21 13
10 13 11
15 16 19
15 17 19
12 13 17
23 0 1
20 22 15
13 15 2
1 2 18
7 8 4
3 3 7
0 3 4
7 10 20
13 14 5
14 16 6
8 12 4
7 9 7
11 13 7
15 16 6
17 18 1
10 12 10
8 9 16
13 15 6
17 20 6
6 6 1
3 6 16
2 6 3
2 4 19
23 1 18
4 5 10
11 13 5
13 16 10
6 10 18
23 23 8
22 21 11
11 14 13
14 17 11
8 9 16
18 19 13
5 8 3
17 19 1
10 13 9
21 1 13
16 19 8
3 6 13
15 19 1
15 18 19
18 21 2
3 5 20
20 0 9
9 11 19
7 9 6
7 8 17
9 10 10
6 7 17
9 10 18
5 6 20
23 23 17
17 20 14
3 5 12
14 16 14
15 16 1
0 2 1
13 14 4
15 16 12
21 1 4
11 15 7
8 9 9
5 7 12
20 20 10
10 12 7
17 19 6
11 15 20
19 22 4
18 18 10
18 19 12
1 3 4
22 0 5
21 1 16
2 4 6
5 6 5
14 17 17
20 23 15
10 10 17
5 6 19
0 2 5
14 18 18
20 21 9
4 7 7
3 5 13
0 3 4
22 1 11
18 19 9
20 22 17
23 1 1
0 3 14
15 18 6
10 13 14
16 16 10
10 10 5
3 4 3
16 17 10
10 11 6
5 8 20
21 23 7
23 0 5
16 17 13
23 2 10
7 8 16
6 7 10
12 15 6
13 14 6
23 23 20
8 10 19
23 0 9
11 12 19
1 3 8
10 12 9
8 10 12
12 16 9
11 11 17
13 16 8
20 20 4
11 11 17
14 15 3
17 19 8
10 11 2
12 14 14
1 3 13
20 22 14
19 20 6
12 13 3
3 5 14
9 11 15
2 4 18
19 19 15
16 17 6
8 10 8
5 6 17
22 23 16
2 4 4
4 6 2
1 4 19
22 1 18
8 11 1
15 18 13
7 9 14
1 4 2
10 14 13
1 4 6
10 14 4
21 0 4
20 20 16
18 20 3
10 13 9
4 7 6
21 23 9
3 4 7
23 1 1
22 0 20
1 4 11
17 17 5
10 13 4
7 8 6
7 9 20
12 15 4
15 17 14
19 22 2
23 1 10
9 10 17
1 3 7
9 11 8
19 22 13
6 8 1
6 8 18
12 15 20
7 7 14
22 0 20
12 13 16
15 17 3
8 8 15
20 23 6
12 14 13
21 21 9
8 10 16
16 17 17
12 14 16
16 17 14
0 3 6
6 9 2
17 20 3
17 19 5
7 9 7
14 17 10
18 21 20
19 21 10
23 0 13
2 4 1
2 4 3
0 -1 20
14 16 19
13 15 9
12 16 9
3 5 13
16 18 17
19 22 8
9 10 14
8 10 1
23 23 8
23 1 19
2 4 7
0 2 20
12 13 18
17 20 9
14 17 11
5 5 1
16 18 18
3 4 11
16 18 12
6 8 19
12 13 10
6 9 2
9 12 3
22 22 9
13 15 1
1 2 19
12 13 1
17 19 20
23 2 6
1 3 6
10 12 18
9 9 11
13 16 10
23 1 8
16 17 8
11 15 5
12 15 6
11 13 7
13 15 20
17 18 16
5 4 20
8 11 6
21 0 10
15 16 17
6 7 9
3 6 7
1 4 17
11 12 20
23 1 6
15 17 11
6 6 19
7 8 9
6 9 13
11 14 1
13 14 6
3 5 6
7 8 15
17 20 2
4 6 4
7 9 3
12 13 2
11 15 5
14 16 10
19 21 10
7 11 2
4 6 5
7 9 10
6 8 18
6 9 19
22 0 19
10 10 2
13 16 5
9 12 11
0 3 2
23 1 18
5 7 2
2 3 15
16 18 5
7 9 17
19 21 11
12 15 10
20 21 20
17 20 14
0 4 8
13 14 13
5 8 17
12 15 1
0 4 19
23 0 5
20 22 14
1 5 1
15 18 2
3 3 3
21 23 3
14 16 8
8 10 11
10 12 6
12 12 20
12 14 15
6 7 8
8 9 14
14 16 12
17 21 19
5 6 9
2 3 19
4 6 12
4 9 3
11 12 9
12 15 5
12 15 11
14 16 19
10 13 4
0 2 6
12 14 17
11 12 14
4 5 6
5 5 9
23 0 20
23 0 4
19 20 15
2 5 16
3 5 12
6 9 8
20 22 1
20 23 8
16 17 10
8 12 9
9 11 11
0 1 6
11 14 15
12 11 14
15 18 6
14 15 15
0 2 7
1 3 15
7 9 1
9 13 11
20 21 4
3 4 13
12 14 17
13 14 18
21 22 9
16 18 16
15 15 20
9 11 15
19 22 3
0 5 5
22 2 2
7 7 14
1 3 3
15 18 15
11 14 7
22 23 10
17 19 8
21 22 20
7 9 11
21 23 1
9 10 7
16 17 13
15 17 19
4 7 18
7 8 8
5 7 9
19 21 18
10 13 10
9 10 8
5 7 17
7 9 16
2 5 4
6 7 15
6 7 4
14 14 7
5 8 7
7 8 10
21 22 4
20 22 2
23 23 17
2 3 2
5 7 20
20 23 14
16 17 5
23 1 14
3 4 20
15 18 4
14 17 5
4 7 18
8 10 16
15 16 19
14 17 4
8 10 10
6 8 13
11 12 20
3 5 16
17 19 7
22 23 2
16 18 12
10 12 13
23 2 9
12 14 9
16 18 17
14 16 11
18 20 1
11 11 8
13 15 9
13 14 6
10 12 19
13 15 5
6 7 17
17 18 6
7 9 8
17 19 12
18 21 4
7 8 5
6 10 3
16 17 1
21 23 4
15 17 4
21 23 6
15 18 10
22 23 16
14 14 17
0 2 4
22 3 15
9 12 20
1 4 16
19 22 1
5 6 11
16 18 15
16 20 16
2 5 3
20 22 15
21 0 15
16 19 4
20 23 18
4 6 18
19 19 11
13 15 2
9 12 18
21 23 13
13 16 3
15 16 11
15 17 2
15 17 12
8 10 3
15 17 15
17 19 14
21 23 9
9 11 8
3 5 19
7 10 1
23 2 10
18 20 13
17 18 17
1 2 11
1 3 20
8 10 8
5 7 9
19 20 1
23 0 7
1 4 2
18 21 10
1 4 3
10 13 5
7 9 15
0 4 1
21 22 12
6 10 4
22 23 3
18 21 7
9 11 19
22 0 16
7 9 7
8 9 10
9 10 3
2 5 16
3 6 1
21 0 13
0 5 19
3 5 3
16 19 9
18 19 4
17 20 10
23 2 10
0 2 8
17 18 4
22 0 11
7 10 16
13 14 11
13 16 5
0 3 5
2 3 16
20 22 2
15 17 7
14 15 9
1 4 19
3 6 17
13 16 20
2 4 6
18 20 9
5 7 14
0 1 18
5 8 17
18 19 5
4 5 17
20 23 7
16 20 1
0 3 7
4 7 20
0 1 8
11 12 4
15 17 12
11 13 6
5 6 18
13 14 8
22 1 5
18 19 9
18 22 4
7 9 3
16 18 6
18 20 7
17 18 10
18 21 12
18 20 18
11 14 5
6 8 20
16 20 19
1 2 8
8 9 14
1 5 16
18 19 10
1 4 3
9 11 13
5 7 10
6 9 12
7 10 16
2 4 2
5 7 14
5 7 12
8 9 8
16 18 18
16 17 12
18 20 15
18 21 2
18 20 1
22 0 4
10 13 19
13 14 2
4 6 13
15 17 1
8 9 9
9 10 12
13 14 8
7 9 2
0 1 2
9 11 1
20 21 12
16 19 13
3 6 15
10 14 18
11 12 2
5 8 6
3 4 12
9 12 20
12 14 5
17 17 2
0 3 13
16 18 19
18 22 12
20 22 9
4 4 12
23 1 8
20 21 10
0 1 7
9 11 2
16 18 11
22 1 20
21 22 14
14 17 13
15 18 13
18 18 2
15 17 13
7 9 17
2 6 9
6 7 9
10 11 18
6 7 9
23 0 3
6 8 9
8 9 16
15 16 17
8 9 8
0 2 16
1 3 1
6 9 16
6 9 12
2 3 6
17 20 20
2 4 14
6 7 9
19 20 18
9 12 3
14 14 15
3 5 16
16 17 1
4 7 4
17 18 17
9 10 2
15 18 15
5 7 16
23 1 4
5 8 16
19 19 3
20 22 10
11 12 3
14 16 4
15 16 18
7 10 16
5 7 17
4 7 9
16 18 16
6 8 16
22 0 15
0 1 2
16 18 17
22 23 17
12 14 16
21 23 11
19 20 11
21 22 19
6 8 8
22 1 8
12 14 18
13 15 17
19 21 11
0 1 13
4 8 15
8 10 3
7 9 9
5 6 13
9 12 15
16 16 9
4 6 8
16 17 19
2 3 10
2 3 15
6 10 7
17 20 16
20 21 17
14 15 3
10 12 16
14 17 12
11 11 5
23 2 5
13 15 8
17 19 12
18 20 9
18 21 13
8 9 1
23 1 14
17 20 17
23 2 14
0 2 1
18 18 18
15 18 16
20 21 13
8 9 15
14 15 18
22 23 19
21 0 11
11 13 7
21 23 9
0 2 5
0 2 17
19 21 11
14 15 7
14 17 7
10 12 9
6 7 17
3 5 8
21 23 1
7 10 19
15 16 3
10 13 5
16 18 12
17 20 8
15 17 7
10 14 19
21 21 1
8 10 20
20 22 2
6 6 1
13 15 9
4 7 17
16 17 8
8 10 2
20 22 5
5 7 15
18 20 5
9 12 11
12 13 5
20 22 10
12 14 7
14 15 20
7 7 3
16 20 19
8 9 15
17 20 20
23 3 1
16 17 1
17 20 9
22 0 6
12 16 20
1 2 9
6 10 4
7 9 5
4 6 13
22 0 3
17 20 9
15 16 11
11 14 4
17 18 12
19 21 1
10 13 18
5 6 18
19 23 11
22 2 9
12 14 17
14 15 3
12 15 10
10 13 6
8 11 6
15 17 4
7 8 8
22 23 3
5 7 16
3 5 4
11 14 8
16 17 4
5 8 15
7 10 3
9 9 8
21 23 17
8 10 1
22 0 16
5 7 12
17 19 3
2 5 19
2 4 20
7 9 3
10 11 14
11 12 12
12 15 7
20 22 2
21 23 9
6 8 2
3 5 18
