1430 20
4 1 9 1 6 4 5 16 20 5 16 4 2 16 10 17 12 6 5 12 
7 11 17
17 20 5
5 7 13
17 19 14
9 11 12
15 18 17
12 15 14
9 10 5
23 1 10
5 7 20
17 18 19
5 8 8
22 23 1
6 8 4
20 23 1
15 18 5
0 1 3
15 19 13
9 12 8
5 7 16
17 18 18
15 16 2
13 13 10
16 19 20
6 7 12
3 6 7
10 12 2
14 16 14
20 23 17
6 8 10
0 2 13
12 14 11
22 0 10
22 23 1
0 2 4
6 8 15
11 12 3
7 9 6
4 6 18
23 2 16
12 14 11
7 9 10
16 19 2
17 20 11
4 8 15
3 5 16
18 19 7
6 8 18
22 22 7
14 14 1
0 3 19
6 8 1
23 0 20
5 6 1
5 8 11
22 0 10
23 0 4
4 6 20
11 15 6
15 18 3
15 17 2
10 13 11
20 23 9
12 13 10
17 19 16
4 7 5
4 7 20
22 23 4
2 5 10
20 0 2
13 16 18
2 3 2
7 9 5
21 22 13
14 14 3
14 14 6
6 9 19
18 20 10
13 13 15
19 21 10
4 6 5
19 20 9
19 22 17
7 7 10
16 18 4
16 19 10
15 19 10
19 21 10
6 8 8
8 10 16
1 4 13
14 17 7
1 4 4
8 8 18
23 2 19
6 6 1
16 18 2
3 6 2
10 13 15
12 15 4
23 23 18
20 23 16
7 9 10
14 17 3
8 13 8
0 2 2
18 19 15
3 6 16
9 11 3
14 15 17
4 6 8
3 5 7
0 2 2
12 14 8
4 7 2
12 15 14
13 14 6
21 21 1
15 18 18
17 18 18
5 5 11
18 19 7
10 13 17
1 1 12
14 16 6
5 8 18
4 6 4
21 23 10
2 5 10
8 10 1
1 3 7
4 5 19
12 13 7
23 0 1
6 10 13
7 9 16
17 19 19
3 5 9
8 11 14
20 22 1
3 7 13
11 14 17
14 15 14
11 15 2
16 18 16
17 18 9
16 16 18
17 20 4
13 16 19
9 10 6
7 8 10
12 14 7
16 18 16
18 19 11
3 6 12
10 15 11
19 21 8
13 16 19
4 6 11
21 23 20
10 11 13
9 10 20
20 23 5
19 20 13
15 15 4
11 14 13
3 4 14
9 9 17
22 1 4
1 4 20
1 5 11
0 3 18
20 21 14
11 13 6
19 19 17
20 21 6
21 23 10
12 13 9
22 0 17
11 15 15
5 8 4
9 11 9
14 17 16
19 22 12
15 19 13
22 0 12
17 18 16
21 23 12
6 8 12
4 7 11
17 19 2
7 11 20
23 23 11
15 18 8
16 17 16
7 10 5
21 23 5
23 2 11
3 3 20
20 21 5
7 11 2
9 10 5
6 7 18
1 3 3
1 3 14
4 7 18
5 8 5
13 15 7
5 9 18
0 3 20
1 3 17
21 23 12
17 20 9
7 9 19
9 12 12
7 10 5
4 4 3
16 20 17
21 23 20
7 10 13
9 10 16
12 15 8
18 20 3
23 0 12
23 0 8
21 22 5
14 15 4
16 18 16
20 21 7
6 8 14
1 3 5
17 18 6
10 12 5
15 18 15
3 5 2
10 12 5
23 4 12
2 5 5
12 13 3
9 11 20
4 5 13
13 14 3
3 4 20
3 6 13
9 12 16
15 18 15
5 7 12
3 4 7
0 2 15
17 19 13
8 11 5
15 17 17
10 10 18
21 23 19
8 9 12
4 5 16
23 2 15
4 5 6
10 11 12
19 21 5
10 14 10
2 4 7
18 19 18
20 22 5
18 20 8
8 10 3
22 1 20
20 23 7
7 9 14
23 0 9
17 20 4
6 8 1
1 3 5
1 2 13
4 6 12
11 14 3
5 7 8
19 21 17
21 23 10
22 22 14
12 13 1
10 12 20
11 12 16
21 0 4
13 14 17
8 11 5
14 14 19
10 11 20
2 4 6
3 5 14
19 21 2
21 1 1
7 8 9
19 21 16
6 7 16
11 12 14
1 2 2
11 14 10
0 2 8
1 4 11
10 11 19
20 21 13
2 3 16
5 8 13
0 3 16
12 16 13
4 5 2
4 7 11
19 20 8
3 5 13
3 6 4
9 10 19
16 18 12
6 9 9
11 13 16
10 11 19
16 19 3
22 23 19
2 3 7
12 14 8
4 5 8
3 6 5
0 2 1
14 16 10
14 15 13
3 5 20
16 17 1
13 15 8
15 17 8
22 23 14
13 14 5
12 14 15
5 6 5
14 17 2
0 2 14
22 0 16
2 6 4
23 1 19
4 6 5
15 16 14
5 6 13
3 6 16
19 22 7
23 0 1
16 18 8
15 16 5
10 12 20
15 17 17
0 3 9
8 10 16
18 21 16
2 4 17
18 20 2
3 7 16
7 9 10
18 20 13
10 12 20
0 2 8
0 2 14
14 15 9
15 18 7
16 19 4
10 12 17
14 17 6
3 5 11
9 10 8
18 20 2
14 16 11
8 11 14
15 17 11
9 13 12
15 17 20
18 18 3
11 14 10
16 18 2
9 11 14
7 8 20
17 17 2
13 16 18
19 21 18
17 19 16
13 15 6
20 23 11
16 18 18
15 17 14
0 2 11
19 22 7
12 14 8
23 2 12
1 2 10
1 2 16
13 13 6
21 22 13
21 23 4
16 17 12
22 0 15
16 17 12
12 15 13
21 23 10
7 9 9
0 1 6
8 10 13
5 7 19
5 7 20
22 23 16
18 21 14
23 1 20
4 6 6
10 11 5
23 0 6
22 1 2
6 9 5
1 3 16
12 13 15
22 1 20
2 3 11
0 2 6
19 20 18
0 2 5
15 17 2
23 0 12
6 8 14
13 15 6
3 3 14
9 11 2
12 14 8
20 0 16
16 18 20
0 1 12
7 9 14
10 13 18
0 2 1
1 3 1
10 12 20
15 16 16
12 15 13
13 16 9
22 0 12
14 16 7
7 9 3
1 4 2
17 20 3
11 14 15
4 7 4
9 11 19
17 20 20
20 23 11
11 15 11
2 5 16
2 4 7
21 0 13
23 2 20
3 5 19
16 18 18
8 8 12
7 9 3
13 15 17
12 14 3
17 19 8
22 0 20
0 3 11
9 10 13
2 3 18
14 16 16
7 9 8
20 23 6
19 21 11
20 22 15
18 20 16
22 0 10
17 20 9
22 0 9
22 23 6
3 6 6
0 1 5
10 11 2
12 13 4
9 11 16
21 0 9
6 10 3
14 17 11
14 18 16
12 13 19
21 1 9
3 3 14
11 13 4
6 7 7
8 11 19
10 13 12
19 20 16
5 6 6
10 11 1
5 7 10
13 15 7
21 23 4
23 3 7
0 1 1
8 11 6
15 17 11
14 17 9
18 20 2
2 4 20
8 10 20
3 4 16
17 20 19
2 6 7
11 12 6
0 1 10
15 17 18
21 0 19
13 16 10
12 15 2
0 1 11
10 12 8
18 22 4
18 21 16
7 8 2
3 5 12
18 20 14
3 4 16
14 16 18
15 17 15
14 15 3
22 1 16
19 20 14
8 9 5
2 5 8
13 14 8
6 8 11
16 17 8
8 10 13
3 6 12
0 2 4
13 16 12
14 17 5
19 18 20
17 19 4
4 5 17
13 14 18
6 9 3
11 13 20
18 20 18
13 16 20
20 22 1
17 19 1
9 9 20
9 11 4
18 21 13
8 10 20
12 12 12
23 0 2
12 16 10
15 19 2
18 19 14
23 1 7
16 18 1
0 3 13
15 17 19
11 12 3
12 15 5
11 13 12
20 21 4
22 0 6
13 15 10
14 15 8
0 1 11
10 11 1
19 21 11
17 21 1
5 6 4
14 15 8
12 16 1
5 8 1
10 11 19
23 3 18
11 15 1
17 20 12
5 7 15
13 16 18
15 15 12
3 5 19
1 2 5
19 19 10
9 13 6
11 13 14
2 2 20
15 17 4
8 11 18
8 11 2
22 1 1
1 2 13
20 23 12
22 23 4
9 10 1
7 9 14
2 2 8
11 12 1
3 5 1
20 23 5
19 19 5
22 0 8
17 19 18
9 12 2
12 13 16
15 17 1
10 14 3
18 21 20
17 18 7
6 8 15
0 2 12
9 13 3
15 16 5
16 20 14
0 1 14
8 11 18
0 1 7
21 1 6
20 0 4
20 22 4
19 22 11
10 12 19
18 19 9
23 2 8
6 7 18
11 12 7
0 0 17
21 23 13
7 9 11
6 9 10
23 1 18
13 15 8
17 19 7
18 18 6
12 13 17
14 17 11
5 6 13
2 3 11
2 3 14
13 13 14
22 0 14
10 13 16
7 9 13
16 18 2
12 15 8
15 19 19
22 0 3
22 23 9
22 23 20
10 13 16
10 13 6
5 7 3
13 14 1
0 4 5
12 14 9
12 14 7
2 4 17
0 2 11
18 20 15
17 19 12
2 4 5
18 21 13
12 12 15
4 5 18
10 11 5
3 7 10
4 5 4
16 18 5
19 22 8
14 16 3
10 11 3
20 22 3
13 15 8
4 6 9
23 23 17
23 2 4
16 19 6
23 1 3
11 13 19
9 10 2
6 8 2
4 4 12
18 19 15
22 23 10
17 18 9
4 6 17
8 10 7
22 23 2
1 3 10
0 4 18
14 16 1
22 23 17
23 2 9
0 1 14
2 2 14
22 23 17
8 12 8
12 14 10
20 20 2
22 2 9
20 22 5
7 8 10
0 2 19
22 0 3
22 23 19
9 11 2
7 10 6
4 6 11
2 4 3
8 10 4
9 10 15
2 5 13
2 4 14
16 18 11
13 13 13
12 13 19
18 20 16
17 18 10
15 16 3
22 0 10
22 1 17
12 15 12
4 7 8
15 18 16
19 22 20
12 14 9
16 19 5
15 18 11
5 7 9
11 13 3
11 13 16
0 2 9
16 18 10
16 17 12
23 0 11
11 12 19
17 21 12
15 18 12
10 12 20
8 11 12
13 16 15
13 14 1
18 20 3
3 5 2
23 0 19
19 21 3
2 3 9
19 20 1
22 1 11
15 16 16
10 12 16
11 12 11
17 20 9
1 4 8
9 10 6
17 19 16
4 5 16
11 12 10
21 22 19
17 20 1
15 17 1
23 2 19
3 5 18
18 20 15
3 4 20
7 9 17
14 18 14
2 3 17
15 18 9
18 20 18
17 20 4
2 6 7
19 22 12
1 6 4
5 6 18
16 19 2
5 7 19
10 11 14
13 17 20
17 19 3
0 1 13
12 12 7
22 1 20
13 14 8
8 10 4
18 21 4
15 16 12
7 9 5
0 2 7
1 2 16
15 18 2
14 17 20
10 13 9
12 16 13
0 2 17
8 11 5
8 10 9
11 14 13
23 2 18
16 18 16
23 0 19
10 12 1
18 20 16
22 23 20
9 11 7
3 4 1
5 6 8
10 11 10
12 13 15
7 9 5
19 22 19
10 13 7
17 19 17
4 4 11
22 0 15
0 0 13
2 5 4
11 14 20
15 16 3
13 15 6
6 7 2
6 10 12
6 8 5
5 8 16
6 7 14
11 13 18
17 19 6
23 1 16
18 19 10
8 9 8
21 23 2
19 23 8
3 5 18
6 8 20
20 22 20
16 18 13
11 15 15
19 22 6
1 4 1
21 1 15
17 20 19
8 12 17
11 13 9
9 10 9
19 20 5
4 5 16
5 7 20
1 3 15
3 3 11
2 4 17
15 17 14
3 3 8
15 17 18
0 2 20
17 17 10
11 12 6
6 7 18
22 1 15
1 0 20
18 20 4
3 5 1
11 14 20
14 17 9
15 15 12
6 8 12
17 17 4
14 15 8
10 11 11
16 17 7
22 1 14
17 20 19
8 8 3
12 13 2
0 3 20
19 21 16
16 18 7
7 11 3
15 15 5
3 5 20
9 13 12
6 8 16
3 5 20
3 6 19
18 21 14
5 5 7
15 18 17
6 10 20
5 7 6
13 15 16
17 19 14
19 22 15
6 7 6
3 5 4
2 3 18
21 22 7
16 18 15
8 10 9
14 15 20
16 18 19
17 20 11
15 19 17
11 12 8
2 4 8
13 15 13
10 11 13
17 18 7
1 3 2
0 4 15
4 5 13
16 17 9
21 21 7
0 3 16
21 0 7
8 11 12
6 7 18
11 12 2
19 19 17
6 8 4
6 8 2
8 10 20
17 19 16
23 0 19
15 16 18
13 15 14
11 12 15
17 18 19
16 17 11
11 14 16
6 7 16
13 16 20
23 1 1
13 13 4
19 21 19
5 8 4
17 20 14
7 8 3
11 14 11
16 19 13
3 7 8
10 12 12
21 22 3
2 4 5
11 13 15
11 11 6
12 15 11
23 3 14
6 7 20
11 13 12
13 16 8
8 10 7
23 1 7
7 10 10
10 12 6
23 1 9
21 0 7
1 5 8
3 5 17
14 16 11
15 16 1
16 18 9
0 3 20
4 8 17
19 23 2
0 3 14
15 19 16
9 12 3
5 5 1
23 2 1
11 13 8
14 15 14
2 2 19
14 15 16
17 20 19
23 0 17
14 16 19
19 21 11
2 4 14
18 21 11
18 20 3
17 18 7
2 5 13
17 20 20
18 21 15
1 4 13
15 17 11
18 20 4
13 15 9
18 20 10
14 16 13
17 19 7
12 12 8
5 7 18
11 13 13
2 4 1
10 12 17
7 9 7
21 0 7
4 6 16
4 6 2
5 9 18
17 19 8
12 13 5
1 5 9
16 18 15
0 2 13
7 9 7
2 2 14
21 23 11
14 17 2
5 8 14
10 11 4
4 9 20
14 16 15
17 18 5
0 1 6
10 12 5
8 9 17
18 21 5
0 3 11
18 20 20
17 18 20
17 20 13
10 10 17
23 0 16
18 20 12
18 20 7
6 8 11
15 16 4
19 20 13
22 23 15
20 0 5
2 5 7
19 20 10
11 13 3
18 19 11
8 11 10
23 1 2
0 1 20
2 3 3
1 4 13
15 17 6
23 2 4
7 9 1
3 5 5
14 17 9
0 1 3
22 0 11
9 11 2
15 18 11
19 21 5
10 12 16
4 6 18
1 3 8
9 11 13
1 1 2
17 19 8
22 22 1
0 0 7
5 6 11
17 19 7
5 8 15
1 3 19
13 16 10
1 3 17
3 7 7
1 3 5
10 10 6
12 15 19
14 15 13
4 7 12
12 14 6
21 23 19
8 12 13
3 5 5
0 3 4
7 8 4
6 8 6
1 2 4
20 22 2
10 11 7
21 23 6
4 7 8
15 18 16
17 18 11
18 20 19
21 20 20
2 3 16
15 17 14
5 7 19
23 2 19
2 2 13
13 15 13
5 7 10
12 14 20
18 22 16
9 11 8
23 23 2
2 5 6
22 0 16
6 5 10
7 7 12
23 1 13
16 17 16
20 22 10
15 16 5
3 5 14
17 19 16
18 21 9
9 12 11
12 14 10
13 15 6
5 6 17
13 15 20
0 2 7
4 5 20
7 9 8
6 8 7
7 10 5
20 20 12
4 6 4
14 17 1
15 16 10
16 19 12
23 1 17
3 4 4
12 13 7
16 20 1
15 18 6
2 3 2
10 12 6
12 12 4
15 16 6
20 23 18
22 0 14
13 13 4
14 17 6
0 3 2
20 23 10
0 1 12
9 9 16
20 21 15
22 1 14
17 18 18
10 11 14
14 18 6
6 6 8
16 18 12
3 8 4
21 22 4
8 10 3
19 20 3
4 6 4
7 10 6
9 11 10
8 8 17
5 7 15
1 4 5
13 14 8
1 3 14
1 4 16
10 12 13
6 9 18
16 17 16
11 13 11
18 22 10
12 15 17
3 5 10
16 17 10
9 12 4
2 5 8
2 4 8
14 17 11
20 23 19
2 3 9
12 13 14
17 19 19
12 15 14
22 0 17
17 18 17
1 3 8
6 8 20
0 2 17
20 21 2
7 10 1
23 23 16
20 21 4
17 21 8
22 0 1
13 15 3
5 7 8
1 3 3
1 1 11
18 21 16
13 15 11
17 19 15
11 11 12
16 19 1
8 9 12
12 14 8
0 3 10
18 21 16
3 5 9
16 18 3
18 20 1
14 16 14
5 5 9
7 10 1
8 12 13
2 4 13
14 15 9
2 4 20
19 22 19
19 21 2
8 11 12
13 15 19
6 6 18
4 5 20
2 3 7
7 9 5
3 4 5
12 14 9
21 23 2
7 7 11
15 17 10
0 2 12
16 17 6
14 17 12
13 17 10
0 2 8
13 14 2
23 1 14
16 17 3
6 9 15
15 18 2
0 1 18
6 8 13
4 5 16
2 4 14
20 23 9
18 20 17
0 0 20
13 16 19
13 13 5
18 21 20
23 2 20
11 13 6
14 15 7
0 -1 12
12 14 16
3 5 18
8 10 20
7 10 2
0 3 17
1 4 15
19 22 3
17 18 17
6 6 8
5 7 7
23 2 14
9 11 12
20 23 1
20 20 14
4 5 9
21 0 3
9 12 8
2 4 9
5 8 4
10 11 14
1 4 15
11 11 13
3 4 8
22 0 6
7 8 14
14 15 11
6 8 10
1 2 12
10 12 9
12 13 18
2 4 1
7 9 18
2 4 4
20 23 18
9 12 17
9 13 3
8 11 13
17 18 17
6 7 1
21 23 9
1 2 5
13 15 17
13 16 16
15 17 3
15 16 3
19 21 12
10 13 17
5 7 20
17 21 17
17 20 18
15 18 8
7 8 12
14 17 18
1 2 16
12 14 6
12 16 15
20 23 12
17 18 3
20 23 5
12 14 19
4 8 11
21 22 3
12 13 1
10 12 12
18 21 8
10 13 1
1 3 2
15 17 11
4 5 10
17 19 11
10 12 1
10 13 6
1 2 17
0 1 10
8 11 20
7 7 17
18 22 13
16 17 11
8 10 7
16 17 15
18 20 10
20 23 11
13 16 8
19 19 2
8 11 11
17 18 6
9 12 17
10 12 17
15 15 3
8 11 18
12 13 8
21 23 8
6 8 13
0 2 18
17 17 5
21 22 14
21 0 13
16 19 15
5 8 6
23 0 16
15 17 4
3 5 17
1 2 13
16 17 13
1 2 15
0 2 7
7 9 2
7 8 1
10 13 5
4 5 8
14 17 9
21 0 1
22 0 13
16 18 16
1 4 10
18 21 14
19 20 14
10 10 6
21 1 6
7 11 3
22 23 8
21 23 8
17 20 1
11 15 19
1 2 13
17 19 1
13 14 6
11 13 17
5 5 5
16 19 5
3 4 3
23 2 1
4 7 13
21 22 12
19 20 9
9 11 20
6 9 10
21 23 18
13 15 7
13 16 16
3 4 6
12 13 17
0 2 6
4 5 5
16 16 2
13 12 2
0 3 17
20 22 2
0 2 8
9 11 8
2 5 10
23 0 16
6 7 6
11 13 17
1 2 6
5 7 2
7 9 2
17 21 15
21 23 17
8 12 9
17 20 15
18 20 15
11 13 10
14 17 8
22 1 9
8 10 17
2 4 20
1 2 1
19 22 6
4 5 12
12 16 18
7 9 8
7 7 13
7 8 18
11 13 2
6 8 10
12 14 6
12 14 19
14 16 4
13 16 5
17 19 11
19 22 17
4 6 12
