1490 20
17 10 2 13 7 11 3 3 7 6 18 9 9 12 19 20 6 11 9 8 
11 13 12
5 8 1
22 1 17
18 21 10
12 14 6
16 17 11
0 0 6
8 10 18
16 19 1
9 12 10
4 6 9
1 2 20
0 2 5
20 22 12
9 10 12
13 15 4
5 6 7
0 2 15
8 11 20
0 1 4
23 2 7
1 3 15
16 16 3
1 3 16
20 22 20
16 18 8
21 21 4
21 2 8
22 0 5
17 19 16
15 16 20
19 22 18
21 22 3
6 9 2
12 13 16
5 7 10
16 17 5
12 12 17
21 23 14
12 13 10
3 4 7
17 19 10
17 19 4
4 6 5
15 17 20
13 17 3
18 20 7
13 14 10
22 1 12
9 10 5
21 0 1
12 14 6
12 14 14
7 10 3
12 15 15
10 13 1
13 15 4
21 0 2
1 3 5
18 20 10
11 13 4
15 18 10
8 9 1
9 13 7
7 7 14
18 21 5
7 8 14
10 12 12
4 5 12
22 0 16
7 10 20
12 15 9
21 23 3
0 3 14
13 15 8
0 2 8
6 9 19
9 11 13
6 8 9
9 12 2
2 5 9
9 12 16
23 1 7
21 21 9
16 16 16
1 2 7
14 15 1
2 4 13
19 22 11
21 23 11
4 7 20
18 21 5
16 19 11
13 16 6
0 2 12
0 3 4
6 9 13
21 23 9
0 2 16
18 20 15
10 11 1
12 15 20
19 21 17
8 10 7
22 23 14
14 16 4
19 20 2
22 23 1
9 12 13
3 4 11
9 10 9
2 4 8
14 15 18
15 15 14
2 2 1
13 17 15
2 4 4
23 1 13
19 19 15
23 23 18
0 2 14
4 6 4
14 18 14
17 20 16
16 17 12
14 16 19
1 4 6
15 17 18
8 10 3
10 13 19
0 3 3
3 6 13
13 14 6
23 1 15
9 11 9
14 16 19
21 22 14
13 16 1
3 4 4
4 7 3
19 20 17
4 6 18
23 1 7
19 21 4
13 16 20
9 10 12
7 9 8
2 2 14
3 3 7
18 20 15
18 20 12
12 15 12
15 18 20
0 2 12
20 22 11
10 14 9
22 0 7
14 16 15
13 18 12
11 12 13
5 6 3
6 8 3
14 15 10
7 10 4
21 22 15
4 7 9
7 10 19
18 20 14
21 1 12
0 2 7
9 10 17
23 2 3
23 0 17
9 10 14
3 5 16
7 10 9
5 9 3
9 9 7
12 14 16
15 16 15
13 14 15
20 22 11
8 9 12
18 19 10
17 18 11
15 16 8
21 23 18
20 23 10
20 21 1
8 10 9
13 15 13
16 16 3
21 22 5
5 7 19
16 17 10
19 23 9
12 14 16
17 19 5
1 4 17
1 4 16
1 3 18
0 4 9
8 10 19
16 19 3
1 3 9
11 13 20
21 22 6
17 20 17
6 10 15
3 5 1
7 10 11
0 1 18
3 6 3
4 7 8
16 19 15
1 3 15
7 9 16
15 18 11
5 7 17
10 13 9
15 18 10
9 10 16
1 2 1
20 21 13
19 22 20
5 6 6
3 5 11
5 7 1
7 8 8
13 14 20
4 6 4
22 1 13
19 21 14
11 13 7
21 22 12
13 15 8
22 0 17
15 19 2
13 15 8
0 3 20
9 11 11
3 5 3
13 16 10
3 5 10
13 16 8
12 16 6
17 18 5
13 16 20
3 5 6
13 14 14
1 3 11
5 6 15
3 6 9
7 8 9
11 13 20
22 1 14
22 0 4
14 16 2
8 13 3
20 19 8
18 21 17
19 21 8
11 14 7
3 5 10
3 5 18
2 3 13
21 0 3
2 4 11
16 18 18
3 5 18
4 7 13
3 6 10
15 17 7
2 3 15
7 9 20
10 12 11
10 11 12
0 2 14
10 13 19
23 1 8
10 11 1
10 12 16
16 18 14
16 18 1
9 13 12
5 6 4
20 21 13
5 8 18
21 0 9
15 17 14
3 5 16
16 19 7
21 2 17
8 8 15
0 2 3
7 9 18
6 8 14
16 17 11
0 2 12
7 7 5
17 18 4
5 7 9
15 17 1
18 20 20
19 19 19
18 20 6
0 1 7
6 8 2
16 19 9
22 1 10
8 10 16
9 10 11
5 8 11
16 18 8
21 23 19
2 4 6
5 7 2
23 1 18
22 1 4
9 9 8
18 19 9
12 14 1
18 22 16
3 5 8
14 17 7
8 10 19
3 5 18
4 7 2
9 11 20
9 10 9
0 3 19
0 2 4
18 20 19
16 17 19
19 22 3
11 13 16
11 12 8
11 13 3
15 18 4
8 11 8
1 4 7
19 20 16
20 21 20
0 3 13
4 7 11
3 5 1
10 12 16
22 1 6
20 23 15
11 12 20
16 17 10
3 6 10
3 4 9
7 8 1
7 11 2
22 1 9
10 12 12
19 22 18
15 16 2
16 20 4
12 12 13
16 18 13
1 4 13
16 19 18
10 13 9
10 13 8
8 9 19
12 14 13
5 6 19
3 4 3
0 2 8
22 23 14
19 21 3
6 8 2
21 23 16
16 19 10
20 22 2
22 2 9
6 8 16
7 9 19
7 9 5
13 16 5
23 1 3
9 10 8
3 4 7
1 3 4
22 0 7
5 8 16
23 3 11
2 3 3
17 19 12
0 2 16
10 14 7
23 1 19
15 17 5
5 7 11
12 15 6
0 1 3
23 1 4
5 7 4
13 16 13
2 3 1
6 10 4
3 5 5
0 3 19
22 23 2
6 7 18
3 4 4
20 21 12
3 3 7
15 19 3
6 7 6
19 20 16
13 15 20
0 3 12
16 18 3
16 19 9
9 11 19
2 4 17
2 5 3
20 22 12
5 8 9
7 9 12
15 17 2
18 22 20
14 16 15
0 0 5
6 10 4
20 20 17
22 23 7
3 4 13
0 1 1
2 5 8
21 23 12
8 9 16
12 14 11
23 0 14
11 14 14
4 7 1
3 4 13
12 14 9
6 9 13
23 0 2
21 23 19
5 8 8
17 21 4
6 9 6
6 9 15
7 11 8
11 13 18
2 4 3
23 1 5
7 7 3
3 5 8
2 3 11
2 4 6
15 18 19
9 11 18
12 16 7
8 10 20
21 0 7
3 6 6
5 6 12
16 19 12
7 10 10
17 19 3
5 6 3
14 16 4
4 7 13
9 12 11
9 11 9
19 21 1
15 17 15
11 14 8
10 14 5
12 15 13
3 6 20
9 11 15
11 14 13
2 4 18
21 22 14
5 7 5
2 3 17
3 5 13
4 6 20
0 1 20
3 5 19
17 19 5
10 11 12
21 22 18
9 10 11
22 1 18
21 23 6
10 11 11
22 23 13
21 22 4
17 16 3
9 12 5
10 13 14
16 19 6
15 18 18
3 5 16
9 12 4
20 22 10
22 0 14
2 5 11
13 15 16
8 9 20
11 13 17
17 19 8
12 13 18
20 22 10
20 22 1
13 15 17
15 16 7
14 17 17
12 13 8
1 3 18
23 2 18
23 1 2
11 12 16
14 17 9
9 10 12
19 21 11
22 0 14
12 12 13
17 19 4
0 1 2
18 21 15
7 11 2
7 9 16
14 17 16
4 4 14
12 12 17
13 15 16
2 4 2
16 18 16
7 10 4
20 21 12
7 8 12
7 9 18
20 23 15
12 13 3
0 1 13
13 15 11
14 16 20
13 15 13
10 12 12
15 16 15
8 11 4
17 19 1
14 15 5
16 19 4
21 21 12
3 4 6
9 11 3
13 15 7
14 16 1
21 0 7
15 16 9
23 1 2
12 14 18
15 16 12
17 18 15
21 23 13
10 12 15
22 23 12
3 5 10
18 20 9
23 0 11
2 3 8
18 20 9
11 11 7
16 20 4
1 3 13
23 0 2
13 17 1
4 7 6
22 23 2
16 18 14
17 19 15
21 1 12
17 18 4
4 6 11
16 20 9
12 13 15
23 23 4
19 22 13
21 0 16
21 22 3
14 15 20
13 13 16
9 12 7
0 1 7
22 23 14
9 13 6
18 19 19
16 18 20
11 14 18
22 2 16
18 21 5
7 8 4
23 0 20
14 16 20
22 0 13
14 17 9
13 15 16
5 7 2
17 19 3
1 2 10
3 5 12
20 0 9
7 8 14
8 10 7
15 17 18
8 10 3
15 17 15
5 7 10
18 21 16
1 3 16
22 0 15
20 21 8
7 8 14
0 3 15
14 17 9
16 19 7
0 2 6
5 7 8
13 15 8
14 14 20
14 16 17
9 12 7
2 5 18
3 5 4
20 23 18
16 16 6
11 13 13
21 22 1
2 5 5
11 13 11
15 16 2
23 2 9
14 16 17
16 19 18
14 16 14
22 1 16
2 4 20
11 15 17
12 14 20
6 8 7
10 12 7
19 22 10
0 2 3
11 13 15
13 15 15
6 7 7
13 15 19
19 22 18
18 21 18
4 6 16
13 15 2
16 18 6
19 20 19
0 2 16
10 11 3
23 2 7
12 14 15
12 15 18
23 1 14
16 19 10
20 23 9
6 9 8
7 10 15
6 9 12
19 21 4
3 4 14
22 1 19
19 22 7
1 2 17
6 6 6
14 15 4
15 16 3
13 14 18
12 14 5
0 1 13
0 1 3
2 3 16
6 7 4
2 4 11
8 10 5
15 17 4
21 0 7
12 13 5
6 9 5
19 20 16
11 12 12
9 11 19
1 3 8
1 3 1
21 22 8
23 0 5
1 4 7
8 8 15
4 6 1
22 0 11
5 6 6
2 3 17
11 14 20
23 3 7
2 4 17
13 13 5
15 16 7
10 12 10
19 21 4
11 12 15
5 8 1
1 4 6
22 23 15
13 16 6
21 23 9
23 1 15
2 7 9
23 0 11
13 15 1
16 19 18
2 5 20
2 6 4
0 1 7
4 7 1
0 2 9
20 22 19
11 14 19
21 23 11
14 15 10
5 7 20
22 1 14
11 13 9
20 23 17
5 8 14
11 13 15
15 17 5
18 18 8
14 15 18
19 23 7
15 17 16
5 8 3
5 7 7
15 16 12
6 7 20
9 11 20
12 13 20
7 10 6
17 20 9
6 6 4
6 4 8
6 10 2
20 21 3
8 10 1
1 6 3
15 18 11
19 19 2
1 4 8
19 20 15
3 5 5
0 2 17
20 0 17
22 23 16
12 16 6
20 0 19
16 18 18
2 4 2
18 20 5
20 21 13
4 8 12
9 12 4
22 0 10
20 22 14
17 19 14
17 18 20
21 1 4
5 8 7
16 18 13
13 16 14
19 19 15
7 10 19
15 19 14
18 19 15
22 0 15
21 22 2
19 21 19
22 0 2
17 19 12
5 6 16
2 5 4
19 22 9
8 9 16
1 1 18
23 23 1
6 6 20
6 9 5
23 2 10
14 15 10
16 18 16
19 19 14
7 9 5
2 6 8
23 0 3
7 8 3
0 0 2
6 8 13
0 3 9
21 22 13
1 5 6
12 14 17
9 12 13
23 1 12
22 23 13
19 22 14
11 13 7
19 21 3
4 5 2
15 18 7
15 16 18
22 1 20
9 10 5
9 11 9
17 18 12
7 10 14
3 4 15
22 1 17
14 17 17
17 20 4
11 12 7
21 22 8
4 7 16
6 7 5
15 17 13
13 15 16
1 4 3
5 7 9
8 9 14
19 22 9
19 21 8
23 1 1
17 20 18
20 21 8
1 4 11
21 1 9
23 0 8
9 11 19
8 9 13
3 4 10
9 11 1
10 13 18
9 9 10
19 21 16
16 18 4
10 13 9
17 18 9
4 6 7
1 4 13
10 12 6
5 4 20
16 18 1
10 11 1
22 0 20
21 0 16
8 8 15
22 1 2
23 0 20
1 2 15
7 8 5
1 3 13
7 9 18
4 4 8
19 21 12
23 1 10
17 18 18
17 19 11
2 6 18
6 8 13
21 0 5
15 17 2
15 17 4
14 15 5
21 22 19
9 12 5
10 12 8
6 9 14
12 13 17
6 9 6
21 23 20
18 20 8
18 18 10
22 23 16
8 10 13
10 12 13
9 10 12
3 6 2
10 12 19
8 10 12
20 22 17
4 7 15
11 14 5
20 22 18
0 1 19
10 12 19
23 2 3
3 4 16
6 7 1
3 6 20
13 15 18
18 20 13
18 20 9
8 12 4
10 11 10
15 17 18
23 0 3
19 21 17
3 5 7
1 4 11
8 9 2
10 12 20
21 0 2
4 5 12
9 12 3
17 21 18
13 15 19
9 11 19
23 2 3
18 21 13
2 4 8
20 22 5
17 18 15
7 8 14
17 19 10
17 19 12
14 16 15
2 5 6
8 11 20
2 3 2
9 11 18
20 23 4
15 18 11
7 7 9
16 18 16
19 21 15
1 3 19
12 15 5
23 2 16
22 23 2
12 14 3
10 12 7
22 23 20
0 2 6
13 16 13
14 17 11
4 7 9
9 10 13
23 1 6
16 18 20
13 14 12
15 18 9
16 19 13
18 21 2
19 22 18
17 19 5
17 21 17
9 10 18
7 8 1
11 12 12
17 20 18
9 11 7
12 15 20
4 6 1
11 13 17
17 19 13
10 12 3
10 11 15
10 11 9
2 4 14
14 16 20
9 10 2
13 14 13
4 7 12
10 13 10
18 20 8
10 11 5
0 1 10
21 23 10
8 10 14
16 19 17
11 14 10
20 21 15
18 21 3
18 20 6
1 4 4
4 6 9
17 20 19
20 21 4
9 10 11
23 1 10
22 23 6
22 0 15
5 5 17
3 5 7
13 14 1
10 13 12
5 6 2
1 3 11
2 6 10
12 15 14
17 20 13
20 23 5
22 1 8
14 14 12
16 16 1
6 7 2
12 15 18
1 2 12
17 19 11
4 6 17
3 6 16
5 6 15
18 21 6
10 13 20
15 16 18
7 11 3
4 3 1
3 6 17
11 14 1
7 9 14
11 12 7
10 12 13
0 1 3
12 14 1
19 20 10
4 5 9
9 12 15
3 3 10
14 18 9
20 23 6
5 9 9
12 13 16
7 10 10
5 8 3
5 4 11
17 20 4
23 2 16
4 6 2
13 15 3
23 0 11
11 12 10
18 17 10
19 22 3
16 18 13
15 17 14
20 21 4
11 14 3
18 18 18
6 9 11
12 16 16
5 8 3
3 5 5
21 0 18
15 17 10
14 16 2
22 1 10
4 6 5
19 21 7
23 0 7
21 23 5
18 19 4
22 1 18
19 23 14
10 12 13
14 13 15
11 14 18
8 9 13
19 21 3
23 2 13
18 20 11
22 22 6
14 17 6
6 7 1
21 0 11
17 18 4
12 14 4
10 13 17
16 19 16
23 1 20
18 20 18
0 2 15
6 9 10
5 6 8
20 22 10
5 6 19
19 22 10
7 10 15
7 10 6
23 4 16
22 0 3
9 11 4
5 6 7
0 1 17
7 10 20
13 14 17
14 18 8
18 20 5
7 10 7
1 1 9
7 9 10
14 15 12
10 12 14
21 0 2
13 13 3
16 17 11
21 0 13
0 2 2
0 2 16
8 12 1
7 9 15
12 13 12
4 10 18
18 19 7
1 2 12
11 13 4
20 20 8
7 8 9
13 16 15
3 7 18
14 16 8
15 17 13
20 22 2
19 22 4
23 2 14
19 22 13
2 4 16
17 19 18
5 7 16
16 20 16
20 23 11
12 15 14
3 2 13
22 0 15
1 3 5
6 9 7
22 0 17
15 16 2
1 4 8
6 9 7
16 19 3
6 6 16
2 4 6
4 4 17
22 23 19
13 15 12
9 10 11
0 1 9
15 17 10
22 1 17
18 22 5
17 20 17
18 20 15
8 11 5
17 20 10
0 3 9
11 14 18
0 2 9
20 23 1
7 8 9
18 19 7
5 4 7
19 21 4
1 2 11
19 20 12
4 5 3
0 1 12
6 10 4
21 22 12
14 16 2
17 21 5
5 10 13
16 16 19
23 1 20
7 10 19
0 1 10
5 8 16
21 23 6
3 5 1
3 5 11
12 14 12
13 15 17
0 1 15
2 4 18
16 16 18
12 15 17
11 13 10
12 13 16
6 8 9
22 2 19
7 10 6
2 3 5
22 0 10
10 13 11
6 8 2
2 4 10
19 23 12
22 1 20
14 17 3
16 19 10
7 9 8
1 2 20
22 0 14
23 3 6
20 22 16
3 4 1
4 6 18
8 9 16
20 21 6
4 6 14
13 17 3
0 3 17
10 11 17
11 14 11
2 3 7
21 23 4
19 20 16
23 2 10
7 8 12
13 15 13
19 22 19
6 8 18
9 12 8
20 22 9
9 12 9
23 0 1
12 14 9
10 12 20
7 9 3
15 17 1
7 10 8
18 22 9
19 22 6
1 3 12
20 21 4
21 0 18
4 5 18
12 13 14
12 14 18
20 21 1
4 6 15
18 20 2
4 7 18
4 6 20
14 16 8
20 22 1
15 17 3
7 10 1
8 10 11
19 21 3
14 15 3
19 21 5
0 3 8
12 13 2
1 4 8
0 1 14
23 23 6
4 6 6
3 5 2
2 4 17
9 12 8
18 21 10
13 13 4
6 8 12
22 1 1
5 6 17
23 1 6
12 15 1
14 15 13
2 4 5
14 16 7
0 1 20
17 19 8
13 15 20
3 4 12
2 4 2
2 4 3
20 22 2
10 12 13
21 21 2
0 4 13
9 10 3
23 3 13
3 4 2
8 9 17
15 17 5
19 20 6
14 15 9
8 10 4
16 19 6
16 17 11
3 6 19
14 15 6
7 9 4
4 5 4
4 6 5
19 22 10
17 18 3
20 20 16
8 11 1
6 9 5
15 17 4
2 4 18
11 13 10
14 17 15
9 10 4
23 0 4
0 1 7
10 12 19
9 11 11
7 8 2
0 3 9
12 13 13
20 22 14
7 8 19
1 2 5
19 21 5
1 2 2
6 10 19
3 4 5
11 13 11
7 10 20
5 7 6
0 2 9
7 9 6
18 21 20
6 7 16
4 7 16
18 20 9
5 7 15
2 4 7
7 8 10
5 6 1
14 15 2
16 19 10
12 13 3
0 1 15
23 1 18
3 6 18
6 6 1
10 12 6
14 16 5
23 1 12
0 1 20
6 8 14
12 13 18
3 5 18
17 19 2
7 9 14
13 13 4
1 4 3
19 22 10
10 10 1
4 7 20
4 6 12
3 6 19
8 9 5
2 3 16
23 1 9
1 3 1
0 1 2
21 23 15
2 4 2
19 23 17
23 0 7
23 23 15
21 23 3
4 4 17
23 3 12
1 1 15
20 22 2
9 12 12
2 3 1
16 18 3
0 1 16
13 15 9
3 5 3
22 0 15
8 10 9
1 3 18
7 9 19
14 16 14
20 22 7
5 7 11
18 20 17
14 16 19
23 23 8
23 1 2
4 7 15
19 21 2
16 16 5
21 22 3
9 10 2
14 16 8
23 3 17
4 5 9
21 22 11
14 17 9
2 5 17
15 16 20
11 13 8
13 16 9
16 17 6
23 1 20
4 6 20
15 16 19
12 14 3
18 19 12
6 9 11
11 14 17
12 13 11
11 12 4
4 5 5
6 10 15
13 17 6
22 23 17
17 20 17
2 3 14
9 11 9
5 9 14
16 18 12
11 14 14
22 0 4
2 5 20
13 15 17
1 4 1
15 20 2
20 23 10
12 15 6
13 16 9
13 13 19
18 20 17
15 15 8
15 18 3
10 12 10
13 17 10
16 18 12
17 18 5
17 20 15
5 6 10
2 5 16
15 17 9
19 22 12
12 14 1
6 8 7
16 19 11
10 10 3
8 10 19
22 22 15
14 16 2
4 6 4
4 4 3
8 9 14
23 0 7
7 9 9
0 1 12
15 18 12
10 12 13
11 14 7
15 18 4
22 0 2
12 15 11
20 22 14
6 9 5
3 4 13
8 11 2
23 2 14
18 21 3
10 12 18
0 0 4
7 9 12
14 16 13
15 18 6
23 1 2
5 8 2
4 6 4
8 12 15
23 3 2
3 5 9
