1530 20
7 10 4 10 19 13 10 8 13 10 18 7 14 1 20 13 11 1 4 8 
17 19 12
11 12 7
0 2 3
11 13 2
7 9 5
13 14 16
0 0 2
8 11 4
9 10 13
4 7 5
1 4 16
0 1 20
1 1 17
0 1 6
15 19 12
8 10 8
12 15 15
2 6 14
19 21 16
9 11 6
17 20 9
13 16 3
10 12 12
1 3 11
3 7 12
16 18 16
0 2 4
7 8 18
11 15 17
10 12 19
9 12 5
9 11 6
10 11 6
13 15 3
5 8 7
8 10 14
9 11 15
11 12 18
21 23 16
19 22 12
14 17 2
15 14 2
16 17 19
19 19 19
5 6 4
16 16 14
10 10 9
7 7 9
18 19 10
6 8 20
4 6 6
2 3 10
18 20 10
12 14 2
16 18 5
22 0 13
20 22 17
15 17 13
10 12 5
7 8 2
13 14 17
22 22 7
9 10 12
11 11 1
1 4 3
6 7 4
10 12 1
20 22 5
9 12 13
19 22 1
10 14 13
5 8 3
15 16 6
6 8 18
18 20 4
16 18 13
17 18 1
8 10 1
9 10 11
23 2 9
12 14 3
5 6 2
11 12 14
0 2 19
5 8 13
2 4 13
9 11 15
20 22 9
22 23 10
13 15 4
15 18 19
19 21 12
9 11 9
19 21 14
6 8 1
20 22 12
15 18 4
23 23 4
14 16 9
23 2 3
18 20 20
3 6 17
12 15 13
22 23 9
16 18 20
22 1 19
11 13 12
10 12 11
16 18 15
17 17 1
22 1 8
22 23 16
4 7 14
1 3 16
17 20 2
16 19 9
22 0 18
7 9 8
0 3 14
12 14 9
22 0 7
17 18 16
1 4 15
23 1 12
8 12 19
13 16 20
9 11 1
16 17 19
12 15 4
13 14 5
10 9 7
2 6 9
13 15 11
9 12 10
2 4 15
8 11 15
4 4 15
5 7 4
8 10 7
5 7 19
18 21 2
12 14 18
5 6 7
13 15 4
23 0 11
1 3 10
5 8 13
10 12 14
3 4 13
14 15 15
14 16 16
12 13 4
5 8 7
14 17 12
17 19 14
0 0 20
5 6 14
22 23 5
21 1 7
13 15 5
22 0 2
23 0 10
3 4 13
18 19 20
15 16 10
10 12 11
7 11 10
16 18 18
1 3 6
6 8 4
6 7 20
2 3 1
16 18 2
23 2 13
23 2 3
17 19 9
21 22 2
1 3 5
11 12 6
4 7 1
21 23 2
4 8 18
15 17 10
23 0 12
10 12 3
21 23 9
8 11 8
3 4 18
9 12 17
7 8 2
10 12 5
11 14 20
21 1 7
14 17 7
10 13 17
5 5 11
17 19 15
21 23 7
6 8 15
23 0 11
19 23 5
8 10 9
11 14 8
15 17 8
20 21 1
6 9 4
4 6 9
17 19 2
22 2 13
20 21 3
19 20 14
19 22 7
19 23 3
11 13 7
13 14 2
0 2 19
16 17 15
22 0 7
3 6 4
8 10 15
6 7 15
22 23 5
10 9 10
10 11 13
13 17 18
23 0 6
4 5 6
22 23 12
10 11 10
10 12 6
23 0 4
20 21 18
1 4 19
2 2 3
22 2 5
9 11 11
12 14 1
6 10 10
13 16 11
16 19 6
23 23 15
6 10 9
22 0 17
8 11 15
18 19 3
17 19 6
19 19 8
19 22 5
4 8 6
22 1 6
14 15 16
22 1 18
7 9 2
9 11 19
6 8 17
18 21 17
13 14 6
17 18 10
9 10 4
21 23 6
22 1 14
0 4 9
11 13 4
18 22 14
15 17 18
21 23 14
14 17 14
17 19 15
19 20 8
2 4 12
7 9 13
16 19 8
14 17 13
8 11 2
23 2 11
6 8 18
20 22 5
0 1 12
6 6 1
22 1 4
10 12 12
13 15 2
5 6 8
1 4 8
17 19 6
8 10 7
12 13 5
0 1 1
12 15 16
21 22 3
22 1 15
21 21 17
7 9 7
8 9 11
14 16 16
16 18 17
5 7 13
3 6 2
18 21 4
10 12 4
17 19 20
0 3 15
14 16 3
21 0 9
2 4 20
6 8 9
12 14 1
5 7 13
11 14 15
0 4 12
13 14 7
23 1 1
15 17 17
4 7 1
12 14 2
17 18 6
12 15 16
6 9 3
8 10 18
10 11 11
6 8 13
14 17 11
18 20 18
13 15 7
4 5 20
1 2 2
7 7 1
3 5 7
19 20 2
1 2 15
1 4 10
9 11 1
11 13 4
16 19 6
19 21 14
7 10 6
8 8 9
18 20 9
4 5 7
11 15 13
6 9 12
2 4 13
0 3 18
6 8 14
1 4 16
14 16 17
5 8 14
13 16 19
18 20 15
0 2 20
21 1 16
10 12 8
6 8 1
18 20 11
1 5 3
6 8 2
10 11 12
21 22 1
2 5 4
19 22 7
9 12 18
15 16 16
7 8 1
12 15 9
12 13 11
19 22 1
13 16 12
0 0 12
6 6 15
11 13 20
7 10 13
3 6 2
2 2 18
23 1 14
23 0 7
23 1 16
12 14 16
4 7 19
5 7 3
10 13 4
2 5 5
2 3 8
6 8 3
10 12 17
7 10 19
21 22 20
23 2 4
16 18 11
22 1 2
10 12 12
20 20 1
23 0 16
3 3 2
7 8 11
3 4 3
19 19 17
9 12 17
18 20 4
2 4 5
19 22 1
16 18 2
9 10 3
6 6 11
15 18 17
22 1 3
22 22 15
17 20 15
19 21 13
7 9 12
4 5 5
14 15 6
9 11 14
4 7 8
14 16 15
9 10 5
3 5 18
21 23 6
15 17 15
2 4 20
20 21 2
0 2 17
14 19 6
1 3 7
2 4 13
6 10 17
0 3 11
8 9 11
7 9 3
9 13 20
13 16 20
23 1 6
5 7 1
23 2 8
23 0 9
3 6 16
2 4 2
0 3 9
5 7 12
11 13 6
9 11 20
10 11 10
4 5 5
21 0 13
9 11 12
11 13 11
0 3 7
2 4 11
8 9 5
22 0 8
14 15 3
16 17 18
4 5 6
14 16 19
0 4 16
0 4 13
21 23 9
4 7 20
5 7 2
16 18 18
15 17 7
11 15 16
0 1 4
1 4 3
1 4 3
19 19 8
16 20 13
22 1 11
7 10 19
8 10 1
23 3 4
14 17 11
6 9 16
20 22 20
11 14 14
2 5 6
3 6 14
2 4 16
11 13 10
8 11 17
4 8 9
2 4 13
7 10 10
22 23 5
17 17 3
12 15 14
7 8 7
15 18 1
21 23 11
11 12 1
15 17 4
6 6 20
6 6 1
2 5 10
17 18 11
9 11 4
3 6 8
7 10 5
22 0 3
4 5 6
11 14 16
13 16 4
21 22 10
11 14 17
12 14 11
9 9 2
6 9 10
6 8 8
14 16 20
6 7 4
17 19 14
16 18 9
13 15 15
8 11 7
9 11 6
13 17 10
4 5 6
17 18 2
20 22 3
13 15 13
5 8 7
18 20 15
21 23 11
2 4 7
0 2 11
16 18 4
18 21 16
10 11 12
0 1 4
5 6 4
0 2 7
16 19 2
5 8 5
17 20 20
9 11 7
6 7 2
17 19 1
1 1 6
5 7 17
20 22 9
4 6 18
10 13 15
9 10 17
1 3 10
2 4 5
18 19 14
15 17 15
18 20 6
16 18 11
12 16 16
15 18 5
2 3 6
18 20 1
19 22 17
14 15 19
1 1 2
20 0 10
21 0 11
10 13 17
19 21 1
4 7 8
16 17 9
15 18 15
13 16 19
15 16 11
1 3 4
20 22 19
4 5 2
13 14 5
7 9 6
17 20 8
0 4 13
6 7 16
15 17 19
1 4 16
12 15 13
22 1 16
18 19 7
8 10 17
20 22 14
12 14 6
2 3 4
11 13 3
11 14 14
8 9 11
23 0 9
22 0 17
6 8 13
13 16 4
9 10 19
16 19 16
16 18 14
3 4 3
9 10 10
1 3 19
1 4 3
8 10 5
4 6 12
18 20 4
5 7 16
8 10 8
17 18 11
5 8 14
3 5 1
11 13 7
9 11 16
16 16 12
18 19 2
6 7 6
2 4 16
19 23 9
20 22 3
4 6 19
22 0 9
15 17 3
6 7 10
22 1 16
9 9 10
17 19 7
8 11 20
17 20 12
14 15 15
1 2 11
16 17 4
15 17 2
4 6 8
21 0 17
6 9 9
17 19 5
5 8 14
13 14 9
16 19 20
10 11 17
18 18 12
17 22 19
1 1 19
15 15 18
21 22 12
16 19 8
15 17 20
21 22 14
19 22 17
6 7 19
8 10 4
1 3 16
19 21 8
0 1 17
6 8 14
21 22 15
8 10 4
7 8 1
11 13 17
13 16 12
17 19 20
5 7 20
18 21 1
0 1 19
19 19 8
18 21 10
1 3 19
8 9 11
9 12 16
10 13 13
0 3 7
10 12 20
7 10 10
0 3 11
22 1 13
1 3 20
20 0 4
2 4 17
3 5 10
23 2 8
6 8 8
18 18 16
19 21 19
8 9 17
8 10 17
16 17 6
7 9 10
18 21 8
6 7 17
13 15 7
14 14 14
22 1 4
0 4 15
13 15 20
16 20 15
15 17 17
18 19 20
7 10 11
1 4 11
18 20 3
4 6 2
9 13 2
3 5 7
1 2 13
4 5 14
5 7 12
8 10 1
3 5 3
1 2 12
17 18 8
8 12 1
18 18 2
23 0 18
21 0 8
0 2 12
14 16 2
21 22 19
0 2 12
17 19 11
10 9 20
7 7 18
4 4 15
18 20 1
4 6 9
10 12 20
17 19 9
1 3 18
10 12 7
14 15 10
8 9 10
16 17 7
19 22 12
21 22 6
22 0 15
11 12 12
12 13 14
17 20 9
7 10 13
10 11 18
19 21 5
14 16 8
18 21 15
22 2 13
6 8 10
2 5 12
12 15 8
14 17 12
21 23 3
9 11 5
16 17 11
9 12 20
16 18 12
12 16 16
22 23 6
14 14 20
15 19 5
21 0 2
2 5 16
7 8 10
13 15 7
13 16 10
20 21 15
19 19 11
13 15 5
12 14 13
8 9 5
22 1 13
19 21 8
13 16 19
16 17 19
17 19 15
1 3 6
23 0 17
6 7 7
22 2 8
2 3 9
14 17 16
0 4 2
13 15 20
5 6 11
1 4 4
8 10 16
19 22 5
15 17 5
10 12 13
11 13 12
8 9 10
15 16 2
13 14 5
12 15 20
20 22 8
6 9 9
17 18 2
20 23 8
4 7 18
16 17 9
8 10 16
9 10 3
5 7 6
19 22 8
13 14 3
0 2 8
4 8 10
18 20 7
4 6 19
5 7 13
20 21 10
7 10 10
6 8 4
20 21 10
9 12 3
15 16 13
15 16 11
10 11 17
22 0 15
6 8 20
2 3 8
6 6 20
17 20 3
19 21 9
6 9 4
13 16 15
20 22 9
12 16 12
20 19 6
19 21 12
9 12 9
10 12 7
2 4 2
12 13 9
22 0 10
17 19 13
17 18 19
12 13 16
5 7 13
6 8 6
6 8 19
21 22 2
13 15 18
23 2 1
4 5 17
15 17 8
17 18 15
11 11 1
21 23 4
23 2 20
14 17 15
13 16 5
12 13 9
4 5 16
12 14 15
19 21 4
5 6 20
1 3 15
23 2 18
15 19 19
11 13 11
13 15 6
16 18 4
3 4 7
17 20 14
5 6 10
2 3 9
19 21 17
10 13 18
23 0 17
19 22 11
10 11 18
14 16 5
0 2 8
3 4 19
5 7 18
21 1 9
21 1 20
9 11 14
2 3 20
20 21 1
22 1 14
16 16 7
6 8 20
16 18 15
18 17 12
15 17 9
16 16 18
2 5 18
19 22 1
14 17 9
10 13 14
8 10 16
7 9 13
6 8 12
20 1 19
9 11 17
9 11 20
11 14 17
1 2 17
15 15 2
21 23 19
11 13 1
15 18 5
1 3 15
6 8 12
18 20 16
3 5 9
8 11 4
18 20 3
6 8 10
22 0 9
7 9 3
13 14 14
8 10 16
0 2 9
3 5 20
10 14 10
9 11 11
16 17 6
10 12 19
18 19 9
8 11 5
19 21 11
2 4 6
18 22 13
4 6 11
12 12 3
13 15 18
14 17 18
11 12 1
10 11 15
20 22 17
16 18 15
9 9 4
18 21 14
13 17 4
9 10 2
22 0 20
20 21 13
23 3 4
3 6 19
1 3 12
18 19 18
15 19 18
12 14 4
20 22 18
2 4 7
17 19 1
10 12 2
16 19 15
1 4 1
0 1 15
7 7 4
3 6 15
7 9 5
6 9 19
16 18 13
4 6 12
4 4 9
15 17 5
0 1 12
22 23 19
22 0 12
20 20 5
13 15 10
3 7 19
17 20 20
20 21 12
0 3 12
13 13 15
6 6 17
22 1 11
17 20 18
7 7 20
8 10 3
23 2 9
17 19 17
6 9 11
2 4 5
0 2 16
14 16 1
6 8 18
16 19 9
23 2 14
14 16 16
9 11 13
7 9 18
5 7 5
12 14 7
16 16 6
0 2 10
10 11 11
1 3 11
15 15 12
16 18 19
1 3 14
21 23 4
21 23 2
1 1 17
15 17 18
13 16 18
10 13 6
10 10 4
0 2 3
23 0 11
9 12 3
16 18 13
10 12 7
6 8 9
1 3 2
2 4 14
4 4 2
20 0 8
10 11 19
8 11 4
20 23 9
18 19 2
18 19 3
11 13 11
20 21 13
12 15 20
4 5 20
9 12 9
17 20 10
1 4 4
22 1 8
22 0 20
9 11 10
10 13 1
18 19 11
10 12 13
11 13 4
4 4 14
2 4 8
10 11 1
21 22 7
11 14 7
10 11 19
11 13 7
19 23 13
2 5 13
14 17 11
23 1 6
0 2 6
18 21 4
15 18 2
21 23 14
19 22 3
11 12 2
23 1 15
18 18 2
0 2 14
6 9 8
11 14 3
10 11 14
2 5 19
14 15 11
8 10 6
4 6 7
5 8 6
4 6 19
6 8 9
1 1 19
15 17 11
15 19 5
21 0 11
10 13 12
1 2 1
14 15 6
21 22 16
6 7 14
17 19 12
1 3 15
7 9 15
19 22 13
22 1 4
21 0 15
12 14 15
18 19 19
4 5 10
7 9 12
5 8 10
8 10 6
12 14 6
15 18 2
15 17 9
21 23 7
2 3 7
11 13 11
15 17 7
5 8 13
4 4 1
21 23 19
15 17 3
17 20 12
12 14 12
17 19 9
12 16 12
1 4 1
4 6 13
0 2 2
16 19 13
15 18 1
2 5 7
14 16 2
8 10 4
16 18 18
17 19 13
12 15 8
2 4 6
23 0 11
2 3 9
17 19 20
3 4 5
18 22 17
9 11 13
14 17 19
6 11 19
8 11 14
18 20 18
11 13 3
6 8 10
10 12 1
21 0 8
4 6 6
0 0 20
16 18 20
10 12 7
6 9 17
8 10 1
9 11 16
1 5 11
21 1 7
17 19 1
3 5 1
7 8 16
15 18 11
7 8 10
2 3 3
0 2 12
9 12 11
20 23 4
17 19 10
2 5 8
1 1 1
15 15 5
22 0 17
0 3 15
2 5 11
10 14 2
18 20 8
12 14 8
3 5 12
15 15 8
23 1 5
3 4 4
0 3 5
19 22 7
18 21 6
21 22 16
9 11 16
17 19 9
12 12 11
22 0 13
7 9 9
9 11 4
20 22 4
16 18 16
20 21 9
13 15 7
17 19 15
11 12 11
12 15 17
7 9 16
7 8 12
0 1 18
19 22 19
6 9 18
4 7 6
18 19 16
17 18 3
11 14 5
21 20 18
2 4 11
14 17 8
11 13 19
10 12 6
9 12 4
2 3 11
18 20 6
10 12 17
16 18 5
22 0 17
10 12 7
6 8 8
10 14 14
8 11 12
9 12 11
11 12 3
13 16 9
13 16 14
10 13 10
14 17 1
16 17 6
4 4 3
0 2 7
0 1 10
22 1 17
18 20 3
17 17 12
7 11 9
1 4 3
5 5 8
17 19 7
15 16 16
0 1 8
3 6 9
23 2 8
18 19 4
18 19 20
15 18 17
21 23 1
23 1 7
8 11 16
14 19 18
18 22 18
5 7 2
22 0 9
9 10 18
0 4 15
11 11 18
7 11 3
7 9 19
13 16 12
13 16 11
8 10 13
4 5 12
7 11 8
2 4 1
7 9 1
18 19 1
20 21 8
16 18 15
15 18 7
2 3 10
3 6 9
15 18 3
12 13 13
9 11 18
23 1 18
14 16 1
20 22 9
15 18 8
20 22 6
4 5 8
18 20 8
2 3 20
19 22 10
21 22 7
19 21 3
1 4 3
4 5 8
20 22 7
15 18 4
8 10 13
21 0 9
23 1 11
7 9 2
5 6 13
7 8 13
20 22 2
5 5 9
22 2 20
14 15 2
4 6 12
11 12 5
14 15 8
21 22 13
17 19 5
18 22 20
18 21 14
2 4 14
8 9 3
23 0 13
21 22 10
14 17 14
19 21 7
1 2 5
15 16 4
18 20 1
10 11 13
4 6 8
7 8 16
6 6 13
6 9 15
22 0 19
1 3 12
18 19 2
10 14 9
18 19 5
15 19 3
19 22 10
22 0 5
8 10 17
10 12 15
15 18 9
14 16 16
19 21 15
4 8 5
12 13 18
19 21 19
6 7 5
1 3 14
4 7 12
0 1 13
0 0 6
21 23 5
4 5 3
9 11 9
23 1 15
0 2 10
9 12 11
0 2 3
19 21 19
23 1 19
22 1 4
22 0 4
19 21 12
15 16 3
3 4 17
7 8 15
15 17 13
18 19 19
18 19 15
21 0 11
13 17 4
10 13 6
3 5 20
19 22 8
13 15 15
14 14 10
3 6 2
23 1 11
18 20 16
6 8 16
18 22 7
3 5 2
6 8 14
1 5 5
14 16 16
7 8 8
4 7 6
12 14 16
1 3 11
19 22 15
4 6 9
2 5 18
22 22 12
23 23 3
20 22 17
13 16 18
16 18 20
0 2 4
18 18 7
12 14 13
5 7 13
4 7 15
2 6 12
3 2 7
7 8 3
9 10 14
18 19 17
16 17 19
0 2 12
19 18 8
18 20 12
12 13 5
7 9 18
23 0 8
11 14 11
20 21 13
13 15 15
8 11 7
8 9 8
1 2 12
6 7 15
8 11 18
17 19 18
22 1 5
9 12 6
5 7 2
6 9 9
18 20 8
1 4 5
11 12 16
16 19 15
10 12 9
5 6 5
19 22 20
2 3 5
9 9 16
1 4 3
11 13 10
7 8 16
23 1 1
5 8 14
12 14 4
6 7 11
11 12 3
2 6 12
10 13 7
15 17 20
6 9 9
15 17 1
7 8 16
4 5 12
13 16 7
2 3 12
0 4 9
17 19 12
23 0 4
2 3 11
8 11 14
18 20 14
6 6 11
6 7 5
9 12 6
1 3 15
23 2 17
11 14 10
22 0 7
22 1 15
16 19 6
14 16 18
23 0 5
18 19 17
15 17 8
21 23 18
18 20 18
17 18 16
9 12 17
18 20 11
5 8 15
8 11 18
16 18 9
11 13 15
0 2 18
22 0 1
3 5 20
15 18 17
21 0 1
13 15 18
17 22 1
9 12 7
4 7 16
23 1 9
15 16 6
15 17 8
1 4 13
14 16 18
11 13 9
1 3 10
9 12 15
20 23 6
12 13 12
1 3 5
4 7 9
2 3 8
6 9 2
16 17 15
7 8 19
0 4 19
8 11 5
16 18 6
8 11 15
4 5 7
16 21 12
3 6 4
19 20 18
9 12 17
1 3 12
18 20 14
16 18 16
11 12 1
14 17 16
7 10 12
2 3 6
13 15 4
7 9 13
5 7 14
3 7 8
18 21 5
14 17 9
22 1 13
0 2 11
12 16 19
16 18 5
19 22 15
12 15 7
15 18 4
22 1 20
10 11 18
3 7 2
6 8 16
15 17 7
9 13 19
19 21 14
18 22 1
6 11 1
11 13 18
16 19 13
6 7 1
17 18 1
9 10 4
6 8 20
21 0 14
16 18 14
2 6 8
5 7 9
22 2 6
9 10 16
7 8 17
11 14 7
19 20 17
4 6 9
10 12 8
5 6 6
22 1 4
1 4 1
23 0 4
1 2 3
8 8 12
1 4 1
10 12 15
11 13 7
17 20 13
12 13 8
22 0 12
20 21 16
7 7 6
19 20 6
