150 20
11 7 9 7 20 8 2 7 12 17 10 13 1 16 16 10 19 7 5 17 
13 12 7
23 1 5
14 17 2
16 17 4
3 6 19
0 2 14
19 22 1
13 13 16
13 15 5
0 3 11
3 5 10
6 8 3
7 11 12
10 12 16
20 22 3
13 13 9
9 11 1
1 1 6
0 3 11
1 4 3
22 0 8
9 11 18
2 3 10
7 8 12
19 21 19
19 22 19
19 22 5
10 13 15
13 17 8
8 9 20
12 14 12
5 8 6
2 4 11
15 16 12
19 20 3
14 17 14
18 20 9
0 1 7
17 19 14
6 7 13
15 18 2
10 11 9
7 8 6
13 15 9
22 23 4
22 0 8
22 0 1
6 8 2
1 3 14
18 20 17
8 11 7
4 8 17
11 13 15
3 5 8
21 22 3
19 21 1
8 10 20
12 13 18
10 11 11
16 18 18
10 11 6
0 3 10
9 11 6
0 2 12
6 8 9
15 17 4
19 20 7
8 9 4
10 12 5
16 18 6
9 10 5
1 3 7
16 18 7
23 1 2
18 20 10
11 13 9
16 18 8
22 1 8
13 14 11
23 1 16
8 10 8
10 14 17
2 5 14
7 8 12
15 16 13
9 11 1
7 9 16
14 16 5
3 6 10
15 18 10
15 17 18
10 10 18
8 9 4
10 13 3
3 3 18
23 2 5
8 10 15
1 4 2
6 10 19
21 0 19
18 20 4
1 3 7
20 23 13
4 6 20
4 7 15
1 2 9
20 22 2
1 3 20
3 6 7
6 9 9
2 4 1
8 8 19
6 9 1
11 13 12
11 15 9
3 6 14
21 22 5
18 19 11
17 19 12
15 16 10
7 10 17
21 23 3
13 16 4
3 5 1
10 11 9
21 22 3
2 6 9
9 11 4
6 9 15
1 4 11
6 7 1
6 8 11
4 6 17
3 4 9
19 21 16
0 0 5
9 10 4
20 22 9
7 8 20
10 12 14
5 7 11
22 0 10
14 16 19
17 21 6
5 7 12
5 6 3
7 10 15
9 11 10
20 22 18
9 11 14
