1550 20
13 4 6 13 16 4 6 12 1 4 4 17 3 6 16 16 6 17 10 16 
3 5 2
15 18 19
8 10 4
22 23 1
1 3 7
12 14 11
13 17 8
12 12 15
4 7 5
5 7 15
23 1 19
7 11 2
14 16 17
11 13 19
14 17 6
1 3 5
19 20 11
19 21 9
11 15 10
15 19 11
16 19 5
2 4 10
7 10 15
14 17 6
19 21 7
20 22 7
6 7 5
10 13 6
23 1 19
20 22 15
14 16 11
12 14 5
13 16 12
14 17 15
3 4 6
0 1 7
14 16 3
13 15 5
22 0 14
18 21 3
20 22 12
8 10 16
21 0 2
9 10 20
1 4 16
10 12 17
19 20 17
23 1 4
9 9 12
16 18 15
2 5 6
22 0 8
19 19 10
14 16 10
2 3 3
1 4 4
16 17 17
5 7 14
2 3 3
3 4 16
14 17 3
5 7 12
3 5 15
16 17 15
1 4 2
20 23 9
7 9 2
9 11 10
18 21 13
3 5 14
8 10 15
2 4 10
8 6 8
7 10 7
0 4 15
17 19 4
7 7 11
13 17 4
7 8 12
5 8 15
16 15 20
20 22 14
0 2 4
6 8 6
4 5 14
4 6 6
6 8 20
22 0 3
21 23 4
1 3 12
0 5 18
16 18 20
15 17 18
11 12 5
8 8 3
15 17 12
14 17 12
17 21 18
16 17 14
23 2 8
22 1 17
19 21 2
4 6 11
5 8 19
7 9 3
18 20 15
17 18 13
13 17 2
5 6 8
9 10 18
3 3 19
11 12 9
15 17 20
20 22 20
23 1 13
6 9 2
2 5 8
16 19 7
8 9 9
5 6 17
20 21 14
19 19 8
5 7 2
2 4 15
23 1 19
0 1 6
1 2 20
17 18 3
22 0 7
13 15 1
7 9 19
2 5 12
4 4 18
16 19 5
9 10 5
16 18 14
18 19 11
8 9 16
1 1 8
23 2 8
18 20 5
13 15 15
21 21 10
6 7 4
12 15 12
9 11 13
18 19 16
14 17 5
19 23 20
0 2 19
12 13 3
8 11 8
20 23 17
3 5 17
11 14 5
16 17 6
8 11 16
10 12 18
7 9 14
11 14 14
6 7 20
11 13 3
3 4 7
22 2 12
8 12 19
6 7 8
10 13 8
12 13 10
21 0 6
3 5 15
7 9 9
9 11 4
2 5 6
12 14 17
21 0 11
5 7 9
18 21 4
12 13 14
23 2 3
12 14 10
3 4 4
23 1 12
19 21 5
21 22 19
8 9 8
21 1 15
9 10 5
6 7 6
2 4 17
15 18 11
19 21 10
6 8 1
18 18 20
21 22 11
13 17 3
1 3 9
11 15 20
15 17 18
2 3 12
23 1 16
14 15 8
13 15 12
20 21 2
4 7 1
12 13 5
1 2 14
20 0 4
17 18 18
18 19 13
6 8 17
7 8 5
20 22 19
22 1 7
6 6 3
8 10 15
11 13 20
8 10 5
11 12 18
18 19 19
10 14 11
21 0 13
16 18 13
17 19 5
4 6 15
18 21 12
15 14 4
12 15 8
6 8 9
16 20 9
3 6 4
10 12 18
16 17 19
21 21 16
15 17 11
3 6 1
10 12 3
0 3 18
6 9 8
10 13 2
15 17 8
17 19 7
2 2 12
16 17 13
14 17 5
9 12 1
3 5 6
0 1 14
5 8 8
4 6 16
16 19 20
14 15 5
0 5 17
23 1 8
15 16 17
19 22 3
8 10 9
10 13 14
3 5 5
18 19 1
5 8 12
8 8 19
5 8 19
14 16 1
15 17 18
7 8 3
8 10 14
5 8 10
17 18 2
19 21 5
18 21 14
23 1 17
1 3 14
11 12 9
3 5 11
8 9 20
15 18 15
15 19 6
5 6 2
15 16 20
6 7 12
14 16 13
16 17 2
17 20 1
6 9 9
17 17 11
22 1 11
6 7 18
2 4 7
14 17 5
0 2 12
3 4 11
7 9 10
20 22 12
21 23 11
4 4 2
5 6 6
8 10 20
16 18 3
0 4 12
9 10 13
9 13 4
12 13 3
14 17 18
10 12 5
12 16 8
1 1 10
19 21 20
21 0 13
17 19 4
19 21 19
13 15 20
7 10 4
22 1 19
6 8 20
8 11 14
20 19 3
4 5 16
17 19 14
9 9 9
20 23 7
22 23 8
23 23 3
12 14 19
5 7 4
2 3 2
14 18 13
19 21 3
0 4 13
11 10 8
23 3 1
20 22 14
15 18 10
12 14 6
16 18 3
2 5 9
5 4 17
16 17 18
19 21 8
8 9 14
5 6 2
3 7 8
20 23 14
2 3 6
15 18 5
12 14 18
0 3 8
6 5 6
15 17 9
17 21 17
21 23 19
4 7 20
14 20 15
20 21 18
13 16 18
21 23 4
5 7 15
9 11 2
0 3 9
23 0 6
19 21 1
6 8 10
22 0 10
13 16 10
20 23 9
16 17 15
14 16 15
17 21 15
2 3 7
23 1 18
21 23 18
14 17 15
10 14 7
15 18 9
7 9 15
17 19 15
12 15 15
23 2 1
14 16 14
9 11 10
21 0 4
20 0 15
19 22 9
2 3 12
21 22 14
1 4 12
6 9 15
0 2 7
8 9 13
16 18 20
3 5 4
3 5 18
10 10 11
8 10 2
16 18 4
22 22 17
11 12 1
22 22 6
9 11 17
1 3 4
2 4 5
15 18 6
9 11 18
8 10 15
0 1 14
19 20 8
14 17 1
21 22 18
11 13 8
16 18 19
3 5 19
3 6 13
18 20 19
11 13 17
20 21 15
17 18 11
19 22 7
1 2 16
21 0 7
6 5 15
0 2 19
13 16 4
3 5 5
21 23 19
16 17 18
6 8 7
6 7 8
10 12 18
5 7 14
15 17 7
8 10 15
21 22 8
5 7 6
12 13 4
12 13 11
7 10 19
12 14 17
6 8 9
8 9 20
2 3 10
0 0 15
0 2 1
12 16 17
22 0 17
21 0 12
22 23 8
19 22 18
15 17 12
16 19 7
19 20 19
0 1 20
10 13 18
4 6 4
19 21 20
8 9 6
6 8 11
9 9 11
10 11 8
6 9 14
13 15 7
8 9 10
7 8 17
3 4 12
12 13 20
23 1 15
19 20 4
4 6 17
17 19 2
14 16 11
14 16 1
9 10 2
5 8 2
17 19 8
8 8 8
22 1 10
6 9 19
0 3 9
3 4 16
9 11 13
9 11 1
3 6 17
13 14 4
5 7 13
15 17 14
22 23 17
21 23 8
0 2 7
16 18 18
7 8 14
13 17 7
11 13 11
16 19 8
14 14 20
1 2 17
6 8 1
12 14 1
8 11 2
6 7 19
5 7 10
0 4 17
19 21 8
11 12 12
12 16 9
14 17 9
6 8 1
3 4 10
18 19 3
1 5 8
19 22 1
19 19 10
4 5 2
15 15 16
21 22 12
0 3 12
9 12 5
18 19 13
17 18 9
21 0 5
11 14 3
19 22 10
0 3 2
5 7 20
2 5 2
20 21 14
19 21 7
18 21 6
4 7 7
15 18 5
12 14 17
13 14 17
1 2 11
12 13 7
22 0 16
13 18 12
5 6 7
22 23 12
8 10 7
3 5 18
12 14 7
12 13 19
21 0 1
22 0 12
22 23 11
12 13 4
19 17 10
2 4 2
4 8 10
4 6 14
12 14 7
7 10 2
21 22 14
17 19 16
4 7 4
20 22 14
14 16 16
11 11 18
13 15 16
11 13 4
13 16 7
2 4 17
13 14 17
23 1 2
19 19 19
22 22 5
0 2 20
3 5 7
4 6 3
22 0 19
10 12 20
20 23 9
0 2 18
10 12 8
17 20 12
5 7 14
9 12 14
9 10 7
5 7 14
19 21 11
21 23 2
5 5 6
11 14 19
14 16 14
23 23 11
21 22 17
14 17 11
23 2 1
21 23 1
23 23 10
13 15 19
5 6 20
2 3 15
19 20 18
2 3 2
3 6 9
2 5 10
11 12 16
18 20 16
19 22 8
10 11 11
6 7 3
21 0 18
16 19 13
14 16 9
14 17 14
21 23 11
22 2 11
16 18 8
0 1 10
18 19 7
16 17 18
11 14 12
19 21 13
4 5 3
22 1 11
2 5 9
2 3 14
11 13 20
17 20 13
8 10 5
22 1 13
16 17 8
13 15 6
5 8 6
16 19 2
8 9 1
18 18 8
11 13 12
21 23 6
6 8 12
5 7 4
21 22 2
6 7 8
16 18 18
10 12 19
2 4 4
22 1 14
14 14 4
14 16 5
5 8 11
15 16 6
10 11 15
8 9 20
16 18 13
4 5 19
20 23 4
20 20 19
7 9 19
14 16 6
17 17 11
3 6 17
10 13 16
16 18 14
21 0 14
5 5 13
20 21 1
9 10 4
6 6 13
4 6 16
19 21 10
3 6 12
5 8 7
5 9 13
0 3 10
8 9 17
11 14 16
16 17 8
11 12 13
18 21 3
10 12 1
18 20 12
8 10 20
10 11 13
16 17 8
0 2 6
11 13 20
20 23 20
1 3 11
9 12 15
10 13 20
17 19 11
6 9 10
23 1 12
8 10 20
6 12 9
0 4 4
9 10 7
13 14 6
6 8 10
14 16 12
11 12 3
23 1 12
13 15 16
15 15 19
7 10 3
5 8 10
22 0 13
14 17 15
14 16 5
7 9 16
17 20 15
14 16 8
0 1 20
13 15 17
21 23 10
7 8 3
11 14 6
9 11 8
8 12 3
4 5 11
5 7 18
4 7 2
13 14 2
8 6 15
1 2 10
5 8 9
8 11 11
9 11 5
6 7 11
17 20 11
14 17 20
0 2 9
19 22 5
17 17 17
17 20 7
15 18 11
17 20 10
16 16 13
13 17 17
0 1 12
10 12 5
16 18 15
23 0 3
22 23 3
2 4 7
2 4 10
11 13 5
9 11 4
14 17 13
12 14 10
2 4 20
0 4 7
9 12 19
0 1 8
7 8 19
0 1 4
20 22 1
16 19 16
17 18 18
1 3 7
3 6 19
18 20 6
14 16 3
0 2 16
13 16 4
23 1 12
1 4 16
12 16 4
19 20 5
3 5 13
20 23 7
14 14 10
6 8 6
4 6 3
6 8 11
5 7 1
21 23 9
13 15 2
21 0 16
15 17 5
8 9 18
0 2 19
4 6 9
9 13 6
17 19 15
8 12 19
19 22 16
23 2 7
15 17 9
12 13 9
12 14 19
17 22 6
0 3 17
21 22 13
18 19 3
3 4 11
13 14 9
8 11 15
17 18 8
13 15 8
7 10 2
18 19 4
21 0 2
7 10 13
1 3 5
18 19 14
11 14 13
16 20 7
7 9 16
12 14 15
5 7 14
10 11 3
16 18 20
8 11 20
11 14 17
3 6 2
9 12 15
20 0 16
17 20 14
8 11 9
12 14 10
22 0 9
17 18 16
13 14 1
15 17 15
3 5 18
8 10 17
11 13 14
0 1 18
3 6 2
7 8 19
21 23 4
10 11 13
4 6 16
0 1 4
1 2 3
9 12 13
18 21 14
20 21 19
18 21 4
3 5 13
22 22 12
22 0 20
22 23 1
9 12 6
11 12 12
14 15 6
3 8 4
16 19 7
3 6 3
5 9 9
2 4 12
16 18 13
8 10 19
22 23 8
15 18 19
13 14 4
19 20 10
9 11 2
13 16 16
17 20 1
21 1 9
20 21 2
13 16 17
19 22 2
16 17 3
16 20 14
19 21 13
15 17 2
13 14 7
18 19 7
12 15 17
18 21 12
3 4 15
3 6 5
2 4 13
2 4 20
0 1 5
15 18 16
11 13 16
4 6 11
10 14 7
14 14 2
12 13 11
0 2 19
3 5 12
7 9 13
12 14 9
13 14 5
23 1 4
3 4 12
8 11 4
6 9 8
21 22 19
8 9 15
19 21 15
9 12 2
22 1 19
23 2 14
1 5 9
5 8 15
21 23 10
21 22 9
10 12 12
10 11 17
2 4 4
14 16 6
0 5 12
12 13 9
4 5 20
11 13 11
0 2 11
23 1 2
10 12 18
17 18 4
10 11 19
12 12 5
19 22 17
10 11 4
12 14 7
7 8 18
23 1 3
7 10 18
20 21 16
22 22 5
19 20 16
6 7 2
16 17 14
8 9 12
1 3 12
13 15 16
23 1 10
14 16 3
8 11 16
12 14 10
6 8 10
5 9 10
12 14 4
16 19 7
15 18 9
15 17 17
0 2 11
4 8 18
19 22 18
15 18 2
8 10 16
10 12 7
17 20 17
11 15 8
2 5 7
6 7 8
8 11 14
11 12 18
19 20 18
1 4 17
1 3 20
6 7 20
16 18 11
2 5 18
1 4 1
3 4 16
4 6 20
16 18 2
23 0 13
8 10 12
10 12 13
22 1 12
18 19 7
9 11 4
8 9 10
16 18 10
20 22 14
12 15 18
4 7 7
9 11 4
2 5 14
16 18 4
21 1 14
19 20 2
18 20 20
2 3 16
21 0 20
5 7 13
0 2 3
17 19 15
19 20 18
3 6 14
8 12 2
18 21 3
22 23 17
14 16 14
8 11 1
8 10 4
11 12 15
9 11 18
23 2 8
20 21 13
8 10 20
18 21 14
13 15 17
15 17 17
17 19 2
12 14 10
21 22 8
3 4 20
18 22 17
23 1 1
5 6 20
9 11 4
6 7 16
14 15 13
10 11 9
3 4 13
20 22 15
20 23 6
1 4 14
6 8 13
1 4 17
3 4 7
10 11 12
6 8 15
9 9 19
19 20 2
19 21 14
14 15 2
20 23 1
7 8 2
11 11 3
17 17 11
13 14 3
2 4 11
0 2 12
7 9 2
11 13 7
7 10 19
5 5 9
1 3 16
17 19 1
19 22 1
17 18 4
8 12 18
2 5 14
0 2 9
5 7 3
10 14 4
2 5 7
17 19 4
8 9 19
19 23 10
12 13 18
10 11 13
9 11 11
18 19 3
15 17 10
16 19 18
6 8 14
17 19 6
2 4 2
16 20 7
0 0 3
19 21 6
3 4 11
22 23 3
17 19 20
9 11 17
6 9 9
4 7 9
2 3 10
12 15 17
4 5 3
18 21 9
3 6 4
11 12 10
14 17 19
12 15 4
6 8 18
5 5 8
20 22 12
7 7 3
18 18 4
21 20 15
20 23 6
5 7 16
10 12 13
13 16 11
6 7 16
20 22 6
19 20 18
4 4 7
21 23 9
0 2 4
1 5 6
9 10 5
10 12 11
22 0 12
11 13 5
3 5 10
12 14 20
22 2 14
12 13 1
4 7 1
10 12 4
20 22 15
21 2 15
3 6 17
19 20 12
10 14 5
21 23 16
15 17 7
10 11 6
21 23 12
18 19 18
13 14 13
14 16 9
7 8 12
8 11 15
18 18 13
5 7 20
16 18 11
11 12 8
0 2 19
5 7 5
4 7 17
13 16 1
17 19 16
18 20 18
20 21 12
23 1 17
22 2 5
21 22 10
8 10 1
22 0 2
21 23 15
11 12 2
12 14 4
12 14 20
7 9 1
16 17 2
3 4 17
8 11 17
12 13 8
19 22 5
0 2 20
13 15 9
0 1 2
12 14 10
3 3 4
1 2 20
20 23 20
6 8 20
12 13 15
13 15 12
10 11 3
6 9 14
14 16 4
10 12 7
23 0 10
12 14 16
3 4 7
0 2 3
21 23 4
10 13 2
2 6 5
19 21 7
5 5 3
3 6 13
9 11 6
7 10 18
17 20 17
19 20 2
14 16 19
1 2 15
14 17 18
17 19 16
4 4 20
14 16 9
19 20 10
2 5 9
12 15 1
15 17 1
3 4 18
16 19 13
10 14 1
16 19 16
22 1 1
8 11 4
22 23 20
11 14 6
0 2 9
1 3 7
20 21 19
0 0 8
23 2 2
2 3 9
20 20 18
20 21 14
6 10 19
17 19 4
4 6 15
3 5 14
5 7 8
0 3 7
5 8 18
15 17 16
1 2 9
3 5 11
13 15 17
0 3 9
2 3 19
18 21 14
5 7 13
0 3 5
12 12 12
12 14 6
11 11 7
21 0 9
2 6 19
17 19 11
22 23 1
2 3 11
17 20 6
10 12 2
18 20 20
16 18 9
7 10 9
19 20 9
21 0 5
1 3 9
10 12 8
11 13 15
15 17 13
9 11 5
12 13 14
4 7 9
6 9 5
12 14 19
20 22 16
16 18 13
4 5 9
8 10 9
0 1 6
23 1 4
3 5 1
15 15 3
20 0 8
13 16 9
3 5 6
1 3 13
8 9 20
17 19 17
1 5 10
2 3 11
21 23 3
0 3 1
10 13 6
1 3 18
21 0 19
23 1 18
1 4 15
11 12 2
8 12 5
18 18 17
20 22 6
14 14 12
13 15 8
5 7 12
6 9 1
5 7 13
19 20 13
1 3 11
5 6 4
4 6 19
3 7 20
23 1 4
16 18 17
19 21 10
11 12 1
5 7 19
5 9 16
18 21 3
6 8 12
2 3 18
14 16 6
21 22 9
8 10 16
22 1 8
0 1 16
13 15 9
7 9 7
3 5 6
3 5 7
19 21 16
5 6 12
23 23 9
1 3 9
5 6 17
20 20 2
12 14 19
8 10 17
0 3 1
6 9 4
2 4 1
21 22 2
8 10 17
21 23 12
5 8 4
0 2 13
9 10 16
1 2 2
1 3 20
7 10 19
11 13 14
2 5 10
20 21 10
14 17 3
12 16 18
7 10 13
5 5 8
4 8 7
2 5 18
20 21 19
0 3 5
21 0 20
2 6 12
6 8 2
8 10 10
14 15 12
13 15 17
17 20 2
1 2 19
5 7 7
6 8 16
23 0 20
0 1 7
16 19 3
9 11 5
11 13 19
21 0 16
21 0 12
21 23 1
18 20 14
19 20 11
17 22 10
21 21 19
17 17 13
3 5 19
19 20 14
1 2 3
14 18 2
5 9 20
15 17 16
17 18 17
11 13 3
11 14 12
9 12 2
4 5 9
20 23 12
3 6 18
13 13 20
15 17 9
16 18 1
15 16 15
23 1 1
14 15 13
11 13 13
23 0 6
16 19 14
13 16 7
11 13 9
11 13 19
23 0 18
16 18 17
5 5 20
23 2 8
2 5 5
20 23 8
0 2 3
17 19 1
12 15 17
16 16 12
12 14 19
10 13 12
17 20 18
19 21 16
13 15 4
22 23 3
23 23 18
20 0 17
8 9 7
1 3 11
6 7 17
6 7 17
20 23 15
14 16 6
21 23 12
17 21 3
20 19 6
14 17 17
18 22 12
23 1 10
21 0 1
0 3 13
10 11 7
7 9 13
10 13 10
22 1 19
2 6 20
2 4 8
23 2 5
0 2 7
23 1 17
5 6 12
8 8 3
7 8 3
3 6 3
20 21 7
9 11 6
22 2 3
5 8 14
23 0 13
3 5 5
4 5 18
16 18 12
20 22 14
19 20 20
8 9 9
4 7 7
7 9 20
11 13 10
14 16 18
12 14 20
14 15 12
1 4 8
0 2 6
10 10 11
18 21 12
11 13 11
12 16 18
22 23 2
8 11 4
18 19 8
17 19 18
16 18 9
3 5 2
19 21 9
20 23 17
7 8 17
21 22 3
22 0 16
3 8 16
8 10 16
16 18 2
18 19 1
3 5 9
17 20 19
19 21 12
0 1 14
23 1 10
13 15 13
4 5 7
16 19 8
2 6 4
7 11 20
23 1 19
12 12 14
11 10 5
23 2 16
1 2 12
3 5 19
6 8 14
16 16 7
0 1 2
17 17 1
11 13 7
23 0 19
4 6 13
12 13 6
11 14 13
5 6 2
19 22 8
4 6 13
8 10 17
13 15 14
4 8 8
6 8 3
6 7 18
23 0 7
22 0 17
6 9 2
6 9 6
13 13 18
13 15 1
5 8 8
19 19 19
7 9 15
16 18 18
15 16 12
21 23 5
18 20 1
21 0 9
4 5 19
6 8 17
14 16 15
6 10 7
12 13 16
2 3 7
16 18 19
12 15 8
8 9 15
13 15 10
3 5 7
10 11 3
4 8 17
0 3 7
20 21 19
1 3 2
8 9 6
21 23 8
2 4 20
2 5 20
3 7 11
16 17 5
22 0 3
20 23 13
17 20 20
13 15 7
8 11 15
6 8 4
6 8 5
20 22 11
2 4 6
9 11 6
20 22 1
11 13 11
12 14 11
22 0 14
2 5 19
16 18 8
4 6 13
9 13 16
15 17 17
18 20 14
22 1 7
13 16 8
19 21 10
10 12 12
14 16 4
4 8 10
15 16 2
17 19 10
10 14 2
20 23 16
10 11 4
21 0 5
9 11 9
23 0 13
4 5 15
8 9 14
0 3 15
18 21 11
9 10 15
6 7 6
