1570 20
18 20 11 16 4 1 4 13 17 14 3 9 18 6 20 3 3 11 14 11 
7 9 18
22 23 16
0 2 9
20 21 5
2 4 3
18 20 5
7 9 3
6 9 3
6 9 6
22 23 5
16 18 14
6 8 1
20 22 11
15 17 15
9 12 16
2 3 3
13 15 10
7 9 10
21 22 1
15 15 8
0 1 5
0 -1 6
12 12 12
15 18 3
9 12 8
17 19 6
11 12 1
8 10 14
2 3 10
6 7 7
16 18 3
12 17 4
2 6 3
9 10 9
23 1 4
23 3 1
11 13 18
2 2 5
21 22 18
1 5 7
3 6 13
19 20 6
10 12 15
4 6 10
17 19 20
15 17 7
10 12 20
13 17 7
19 21 12
15 17 6
21 0 1
11 14 5
16 18 12
18 20 11
11 14 13
15 18 11
11 13 12
11 14 9
8 10 13
23 0 7
3 4 2
18 21 17
0 3 4
10 10 5
11 12 8
1 2 17
6 9 16
18 20 20
0 3 20
11 13 15
18 19 20
6 8 11
7 11 3
12 13 13
20 23 20
4 7 20
9 12 20
4 6 19
21 0 10
1 3 6
4 9 12
6 9 19
22 23 10
23 2 2
0 0 12
16 17 6
23 2 2
2 4 17
22 22 4
2 4 6
15 16 6
8 9 1
16 17 6
15 17 1
16 17 9
12 14 13
0 2 13
8 8 7
16 19 11
22 0 19
17 20 9
21 0 11
15 16 13
16 19 5
0 2 17
4 5 15
17 19 20
12 16 12
13 15 19
6 7 12
19 22 7
15 17 14
11 13 12
18 19 19
21 0 9
2 2 3
17 20 12
13 15 16
11 13 19
13 14 16
2 4 15
6 8 2
14 16 9
16 19 5
21 22 18
13 15 4
20 23 8
10 11 4
3 4 13
16 17 16
3 4 14
19 20 5
4 7 17
17 18 17
8 10 19
20 22 2
2 5 1
19 21 11
23 2 9
18 19 18
9 11 17
1 4 18
21 23 2
8 10 12
16 18 6
22 23 3
18 20 3
12 12 11
3 7 15
8 7 1
2 5 12
3 5 14
15 14 13
18 20 13
14 15 16
2 4 9
22 0 13
4 5 1
1 3 17
11 13 14
14 18 9
20 22 1
18 20 2
7 9 17
6 8 8
11 13 16
2 6 6
3 4 1
8 11 15
16 17 6
5 5 5
17 17 19
21 22 8
2 4 9
17 18 7
10 13 7
8 11 10
13 17 6
4 8 20
21 23 18
11 14 6
13 16 9
7 11 12
20 20 10
21 23 14
14 16 5
18 19 20
20 21 10
6 9 13
8 9 16
22 1 11
14 17 7
10 13 19
9 10 15
13 14 15
7 10 14
18 21 4
19 21 8
15 18 2
3 5 3
1 3 3
11 14 13
9 10 12
13 14 16
10 12 1
7 10 3
8 10 3
10 12 20
5 8 12
0 3 18
1 3 16
9 11 3
2 7 3
8 11 15
14 17 8
6 8 15
19 20 13
9 11 8
6 8 9
15 19 7
6 8 14
15 19 18
0 1 13
0 2 6
4 6 16
0 1 13
7 8 8
17 20 18
9 9 19
16 18 19
12 13 7
0 2 18
2 5 5
0 0 4
21 23 2
23 23 7
3 6 8
0 2 15
21 23 4
3 6 3
3 6 19
20 22 5
21 23 2
9 13 2
20 23 16
0 1 10
16 19 18
14 17 13
22 0 8
16 21 6
22 0 6
3 4 13
0 3 6
18 20 14
20 21 7
22 1 9
1 4 10
20 22 1
9 11 4
3 5 12
18 19 10
22 0 13
16 16 14
12 14 2
17 19 3
0 2 17
3 6 1
15 18 15
19 19 9
18 20 9
4 4 15
7 8 10
18 20 15
18 21 3
12 14 18
6 8 6
1 4 3
12 13 3
4 6 3
13 15 6
22 0 3
8 10 7
18 21 19
17 21 9
18 18 16
4 6 3
15 17 8
10 11 15
6 9 20
1 2 15
11 13 12
7 9 16
9 11 2
15 17 17
2 4 19
0 4 6
5 9 7
22 0 16
5 9 4
15 18 13
13 14 4
14 17 18
19 22 20
3 4 6
4 6 6
15 15 9
3 5 13
12 14 16
3 4 16
6 6 14
16 17 15
10 12 9
8 10 18
3 5 7
0 3 13
4 7 12
9 10 20
0 2 3
9 11 2
22 23 18
9 12 17
17 20 8
11 13 19
10 12 17
4 6 1
8 10 18
4 5 5
15 18 4
19 22 9
0 2 5
10 11 9
5 7 17
8 9 18
0 2 7
9 13 2
20 0 3
21 23 19
20 23 11
6 9 17
7 12 17
19 21 9
4 6 12
13 14 10
3 7 18
22 2 12
2 4 3
11 14 3
11 14 11
11 13 18
4 6 6
19 20 19
23 1 16
22 2 10
17 17 11
21 22 18
18 21 6
11 12 20
12 14 9
18 20 20
1 2 10
5 8 19
3 6 8
21 0 7
1 5 11
6 11 15
22 1 6
11 13 16
0 2 4
9 11 17
3 5 12
19 19 12
19 20 2
6 9 15
4 7 4
8 8 17
3 5 3
13 13 3
18 19 8
20 22 11
18 21 7
18 20 20
1 4 4
19 21 5
5 9 16
4 7 20
7 10 20
13 14 3
13 15 19
2 5 11
1 2 5
11 12 3
18 20 12
15 18 14
0 1 16
21 22 19
20 22 20
0 2 9
19 21 11
17 18 3
0 2 4
9 12 1
11 12 6
23 1 2
9 9 2
3 6 16
8 11 15
6 8 12
16 18 6
0 0 7
10 14 2
9 10 18
17 20 12
20 22 3
20 21 4
13 17 8
21 22 1
4 7 5
12 12 14
6 9 10
7 7 10
16 19 5
13 14 9
3 5 19
7 10 2
1 3 5
0 3 6
22 23 2
16 17 10
6 8 13
19 23 18
16 19 8
18 20 18
23 3 14
20 21 11
2 4 17
6 9 16
1 3 11
15 20 15
18 21 17
12 13 4
0 2 20
8 9 5
0 1 1
12 13 11
19 22 8
9 11 4
19 21 10
2 3 19
11 11 20
9 12 6
11 14 14
4 6 4
0 1 18
22 0 16
8 11 9
3 6 7
1 5 18
5 7 13
1 1 11
17 18 3
21 0 14
18 21 20
3 5 16
0 1 2
19 23 11
12 15 5
13 15 10
18 20 7
11 14 2
1 5 8
18 19 13
13 14 13
0 0 14
1 2 1
13 13 8
10 12 10
5 6 6
23 1 10
15 17 8
5 7 19
13 15 20
21 1 10
8 9 12
7 8 14
3 6 11
18 18 1
9 11 12
9 12 4
14 15 2
18 20 6
0 3 8
17 18 19
11 12 18
6 9 2
6 10 13
5 5 14
0 2 4
12 14 16
6 9 5
14 17 3
16 19 10
20 22 3
15 17 10
4 6 13
19 20 1
9 12 2
3 6 3
5 6 12
4 5 12
1 0 11
12 14 11
23 1 16
23 2 19
18 21 16
14 16 16
15 16 4
10 13 18
18 21 3
8 13 16
1 2 15
9 11 11
14 16 20
1 2 18
7 10 12
23 0 5
20 0 8
15 16 12
17 19 3
17 19 2
20 22 8
4 5 20
8 9 17
21 0 2
3 4 19
18 23 9
0 4 9
9 10 11
1 1 7
0 1 15
22 0 5
13 14 10
20 22 11
12 15 11
17 19 11
6 6 16
4 7 15
23 0 11
10 11 16
7 8 2
5 5 16
19 21 4
19 20 5
15 16 6
20 22 3
19 20 15
1 2 20
2 5 1
14 16 20
11 12 11
6 7 3
21 22 19
23 1 7
19 20 13
9 11 20
9 11 16
22 2 15
22 1 2
20 22 8
5 7 13
7 10 8
3 6 17
9 10 17
0 1 15
7 9 8
13 15 20
18 21 2
4 4 17
23 1 2
0 3 15
7 9 2
23 1 8
10 13 11
13 14 11
10 13 6
1 3 19
6 10 5
10 12 15
21 23 15
19 23 5
22 0 17
23 1 10
15 17 3
6 8 6
23 0 14
12 14 4
14 17 4
7 9 10
14 14 15
1 4 13
21 0 17
10 11 10
6 8 12
20 23 20
13 13 6
18 20 11
5 8 20
5 7 7
9 10 2
18 19 8
10 11 18
22 0 18
16 18 15
23 0 8
21 23 1
2 4 9
12 15 2
18 22 4
10 11 20
0 1 10
17 19 7
10 13 15
22 2 19
17 17 19
9 12 20
22 23 4
5 6 10
4 5 3
20 22 3
20 21 6
18 19 15
6 8 12
0 2 12
2 4 9
14 17 8
18 21 4
21 23 5
21 23 5
18 20 1
3 4 3
18 20 14
20 0 18
17 18 2
3 5 5
3 5 4
20 22 14
15 18 6
3 3 15
8 12 14
23 0 13
12 14 2
23 1 13
8 11 13
1 4 14
3 2 18
1 5 4
1 5 13
22 0 2
12 16 3
18 20 14
20 22 18
6 9 18
3 8 4
11 15 7
18 20 10
10 11 20
20 20 14
3 5 20
2 4 7
14 16 2
21 0 3
18 20 5
18 19 14
10 14 12
23 0 16
5 8 2
14 16 16
0 1 9
4 7 15
21 1 16
21 1 18
0 2 7
8 10 4
8 10 5
0 3 17
7 9 20
18 20 18
8 9 3
11 14 15
21 23 3
6 8 10
9 11 16
6 8 11
21 23 14
6 8 8
1 3 17
4 8 10
4 6 15
10 12 1
1 3 19
17 19 2
11 13 15
6 8 7
20 23 9
22 23 9
21 23 2
11 13 18
8 9 11
19 21 9
6 7 10
7 10 2
8 10 18
15 14 15
10 12 12
11 13 9
2 4 9
4 6 5
7 8 3
8 10 10
21 22 5
18 20 1
8 10 7
22 22 17
22 0 16
23 0 18
3 6 11
22 1 15
5 8 19
15 17 1
12 13 15
7 8 4
21 20 16
0 3 2
14 15 8
8 10 19
4 7 16
6 7 3
1 0 10
20 22 1
3 5 11
9 13 4
19 22 12
7 8 9
9 11 13
10 12 11
18 19 9
18 20 10
6 7 15
23 0 14
12 13 16
5 7 19
15 16 5
17 18 1
8 11 4
12 11 11
16 19 15
18 21 18
5 8 14
3 5 8
4 7 17
20 23 1
7 8 3
15 17 19
3 5 7
17 19 5
9 11 11
5 7 18
1 3 5
6 9 20
7 9 18
20 22 4
17 19 17
15 18 16
3 5 4
5 5 13
0 2 2
6 8 6
3 4 2
21 23 3
11 13 5
15 17 11
10 11 14
8 10 4
10 11 19
15 17 6
22 22 11
5 5 14
10 12 10
16 19 14
15 16 18
17 18 7
1 3 4
5 8 2
3 6 15
15 16 8
2 3 13
3 4 11
10 14 7
5 7 20
19 20 9
17 20 5
21 0 20
2 4 13
11 15 10
11 13 18
1 3 2
4 5 20
4 7 18
11 12 19
1 3 14
12 12 10
20 23 2
2 4 9
7 8 20
8 11 7
22 23 18
2 6 10
4 7 12
18 19 20
5 9 6
23 1 16
6 9 19
11 12 6
11 14 9
18 21 20
6 10 15
9 11 19
15 15 13
21 21 18
7 7 10
21 0 16
8 10 11
3 6 15
9 12 6
8 9 19
5 7 3
21 23 5
11 13 5
23 0 17
18 21 5
2 6 18
10 13 19
3 7 18
17 17 19
8 10 10
17 18 20
17 20 1
5 8 2
22 23 18
9 12 4
0 3 1
21 1 19
7 10 17
19 21 20
4 6 1
20 0 20
2 4 12
11 13 9
15 16 1
17 19 4
13 16 8
1 2 5
10 14 8
8 11 15
23 0 18
1 2 8
11 15 13
14 15 11
8 9 7
10 11 20
11 13 18
10 13 5
21 0 10
0 4 3
11 13 11
10 13 20
2 4 10
20 22 2
10 11 18
3 4 6
3 2 7
3 5 11
19 20 13
17 19 1
7 9 3
3 6 4
19 20 16
16 19 13
10 12 5
5 9 16
19 22 18
7 7 3
5 6 19
0 5 9
8 9 5
23 2 11
15 16 7
0 1 16
4 6 1
20 23 4
1 4 16
13 14 16
14 15 7
4 4 1
18 19 16
6 5 7
16 17 16
20 21 5
10 13 20
3 5 8
13 13 4
13 14 1
8 10 7
14 16 14
10 13 5
15 18 7
21 22 9
1 3 13
18 21 1
2 5 14
21 0 6
11 14 2
16 20 14
1 4 5
5 7 19
17 20 4
9 10 8
15 16 9
6 7 20
11 15 2
14 15 7
10 13 9
21 23 7
22 22 9
4 6 5
12 15 16
3 5 1
4 5 6
14 15 2
13 14 3
8 8 9
20 19 1
1 2 9
18 21 6
18 18 1
5 6 3
16 17 5
18 19 9
19 20 11
7 11 8
6 8 19
16 16 17
2 4 11
13 17 16
18 18 19
10 11 2
20 22 14
6 8 1
4 6 7
11 14 18
3 4 7
5 7 2
13 14 12
19 20 15
1 3 15
1 3 5
0 2 16
19 21 8
10 11 17
17 18 4
10 12 9
3 5 18
18 20 17
0 0 20
1 3 11
1 0 1
19 20 13
16 19 18
1 3 6
1 4 1
9 11 8
8 12 11
1 4 11
22 23 15
15 15 19
3 5 12
9 11 13
3 6 15
12 14 17
1 4 1
2 5 18
12 12 7
5 8 14
1 2 4
12 15 7
21 23 20
19 22 5
5 8 11
16 18 4
2 5 20
12 14 17
4 4 11
12 13 16
1 4 11
16 17 16
14 17 12
20 22 6
4 6 2
12 15 15
22 23 6
9 13 14
8 9 9
5 8 18
1 3 10
15 17 10
11 14 12
0 2 13
9 11 17
5 5 16
13 15 10
16 17 8
14 16 13
23 3 13
21 22 20
11 13 14
10 10 1
20 20 19
12 15 3
17 19 9
19 19 4
0 2 19
11 12 3
7 9 19
17 21 17
22 23 11
19 22 14
5 7 16
5 8 1
7 10 17
19 22 6
15 17 7
20 0 7
13 16 10
22 23 10
23 2 13
11 13 9
21 23 6
0 2 12
9 12 7
22 1 7
19 21 3
5 8 8
18 21 2
12 14 3
6 8 20
8 10 9
23 2 12
18 19 1
17 20 7
11 12 20
1 3 4
3 7 1
19 20 11
19 22 2
18 19 5
23 1 20
23 0 2
11 14 2
6 8 17
7 9 12
21 0 8
0 2 12
3 6 9
12 14 3
8 7 9
10 12 9
9 13 8
23 0 2
2 4 19
0 0 11
5 8 9
20 23 19
18 20 6
2 5 2
21 22 7
2 3 6
21 1 9
2 2 6
9 11 13
2 3 15
2 3 17
8 10 2
17 18 10
19 21 20
7 10 11
17 19 1
22 0 15
18 21 9
0 2 18
17 19 15
13 16 15
12 13 2
10 11 17
17 19 10
9 10 14
6 9 20
13 15 13
20 22 5
19 20 9
2 5 19
6 7 16
12 15 16
18 20 8
5 7 9
19 21 16
22 1 5
4 5 10
0 2 9
19 22 17
13 13 3
13 16 10
14 17 14
10 11 9
18 21 13
2 4 10
2 4 10
3 6 20
22 0 8
10 13 11
9 9 10
15 17 1
16 18 17
22 1 1
4 5 12
10 10 14
14 15 12
13 16 12
15 18 14
1 3 1
19 20 6
18 20 20
10 12 16
0 2 3
17 21 7
11 13 6
11 12 9
6 10 2
7 9 7
20 21 10
20 23 7
20 22 10
22 0 9
18 20 1
22 0 18
15 17 8
18 20 7
3 6 16
10 11 1
14 18 19
17 20 18
18 19 20
3 5 5
12 15 13
5 8 16
16 18 12
15 16 1
13 14 6
2 4 5
11 13 15
3 5 11
12 16 6
1 3 5
19 22 9
5 7 20
21 0 3
18 19 13
8 10 16
11 13 5
22 1 10
20 23 15
10 12 18
9 9 7
15 18 1
1 3 20
14 16 7
4 6 10
13 15 5
7 10 16
17 18 15
9 11 9
21 0 10
9 12 1
20 20 19
16 17 1
16 18 10
20 0 12
14 17 2
14 16 17
7 10 7
9 11 20
13 13 5
23 1 4
3 3 5
12 14 15
5 8 5
3 6 6
23 23 14
10 11 10
7 9 20
21 23 13
18 20 8
9 11 13
4 7 16
0 1 5
8 8 15
14 15 4
17 20 16
8 9 17
12 13 16
9 11 11
2 4 7
20 22 13
19 20 2
16 17 14
0 1 18
18 20 10
10 12 14
9 9 14
6 6 3
3 5 2
18 19 20
4 5 19
0 1 10
8 8 7
4 4 5
15 16 5
23 1 17
5 6 17
2 3 20
9 13 1
1 3 6
0 1 7
21 0 12
0 1 15
12 13 18
6 8 9
6 7 9
5 8 11
19 21 6
18 19 12
6 7 3
6 8 14
7 8 16
12 12 12
6 9 6
16 18 18
22 1 12
3 5 3
0 2 7
3 6 11
7 9 1
9 10 12
23 0 12
17 18 4
19 20 11
15 16 13
0 1 13
7 10 4
9 10 8
16 19 16
2 4 15
20 22 17
10 12 13
12 14 8
10 14 7
12 15 18
20 23 6
19 22 3
11 12 20
18 20 4
13 16 8
10 10 12
21 23 17
6 9 10
21 22 13
3 7 6
12 15 9
18 19 6
6 6 1
23 1 13
23 4 9
14 13 5
10 11 14
17 19 12
1 3 20
17 17 14
19 21 18
17 19 1
13 15 14
0 2 16
11 13 2
16 16 16
23 23 18
13 16 3
8 11 5
23 0 13
10 13 11
9 12 8
17 18 20
7 9 7
3 4 15
13 17 17
10 11 16
5 8 7
13 15 8
14 16 5
15 17 18
5 6 13
2 5 17
23 2 19
8 10 9
14 18 14
19 21 5
23 1 6
19 20 6
22 0 13
23 0 1
18 19 4
2 4 18
9 11 3
9 12 17
13 15 12
12 15 10
23 0 18
10 12 8
4 7 5
8 10 8
18 20 14
8 10 8
12 12 14
4 6 2
6 7 15
10 12 9
19 22 11
0 1 5
11 12 1
18 21 15
7 9 17
1 4 3
9 11 11
7 9 20
21 23 17
11 15 15
14 16 8
2 4 12
21 22 13
22 0 17
2 5 8
2 3 14
13 14 1
12 14 6
21 22 9
14 16 19
11 13 3
21 22 9
13 15 3
7 8 6
12 15 18
8 12 20
4 6 10
0 3 5
18 20 11
11 10 9
15 17 20
4 7 6
8 11 18
7 9 8
5 5 11
19 21 12
10 13 19
3 3 20
2 3 15
3 5 7
19 20 14
20 22 6
12 15 4
18 19 16
5 6 16
18 19 1
16 17 12
7 9 9
10 15 1
1 1 4
3 6 15
23 1 17
1 3 16
22 1 8
5 7 19
22 1 16
19 19 1
8 11 14
0 3 17
22 0 15
5 9 11
22 1 2
0 0 4
17 20 19
7 9 19
20 20 14
23 3 19
8 8 5
22 23 20
5 5 5
12 12 9
12 13 12
3 4 12
17 20 8
6 9 18
16 17 10
0 2 8
21 22 16
8 10 3
8 8 10
18 21 12
2 3 14
19 21 9
16 19 4
4 5 4
16 19 4
23 1 16
4 7 19
17 19 11
5 7 17
3 5 16
10 10 1
10 12 6
6 9 10
4 7 5
16 19 17
10 13 15
16 18 5
16 18 1
22 0 2
20 23 15
19 22 7
16 19 14
7 11 4
8 10 8
9 11 3
1 4 2
7 8 1
2 2 15
22 0 2
1 3 5
16 16 8
9 12 19
16 17 15
16 19 1
18 22 12
11 13 13
5 5 16
11 14 4
2 3 1
11 14 16
4 6 9
12 15 3
9 11 4
0 2 8
3 5 1
13 13 1
22 0 6
12 13 11
14 18 2
14 14 11
3 4 12
15 16 4
18 19 16
9 12 3
2 4 20
1 3 11
6 9 14
9 10 14
16 18 8
2 6 3
4 6 16
23 2 14
12 15 11
0 1 16
17 18 16
16 18 5
1 4 6
7 10 13
19 18 13
10 13 20
17 18 17
21 0 18
21 22 6
20 22 14
22 23 9
22 23 12
15 16 4
22 0 6
8 10 2
5 7 18
20 22 14
1 1 1
7 9 11
11 12 13
4 7 3
10 14 7
23 2 4
10 13 11
4 7 14
9 10 9
23 3 8
8 9 18
8 9 12
20 22 11
8 8 11
23 1 13
22 23 18
16 18 10
17 16 1
13 17 4
1 4 3
22 0 10
2 4 15
5 7 2
0 1 18
22 0 18
10 14 14
12 13 18
10 12 9
4 6 10
14 17 7
18 20 11
11 15 9
1 4 12
6 7 19
3 7 20
22 23 3
14 17 3
2 2 10
23 2 7
8 10 5
11 12 13
7 10 17
3 5 11
9 12 17
3 5 8
15 18 12
13 14 13
2 4 8
13 13 17
9 10 14
20 23 15
0 0 4
15 15 16
18 21 15
6 10 12
7 9 13
22 2 11
13 14 14
5 7 10
10 11 11
20 23 10
7 9 17
16 19 6
23 1 17
12 15 4
23 2 20
