1520 20
3 11 17 4 15 15 20 17 16 11 20 7 2 13 1 4 5 13 8 13 
18 19 11
14 15 4
21 23 5
11 13 1
0 2 8
6 7 11
8 10 19
15 18 10
18 21 17
16 17 15
0 2 10
6 9 5
8 8 3
10 13 17
14 14 13
12 16 2
8 10 1
9 12 7
15 17 18
5 6 18
22 0 10
2 4 12
17 18 18
3 5 11
19 19 10
20 22 1
16 19 15
20 23 14
1 3 2
0 2 9
12 14 4
14 16 3
21 21 3
12 13 13
12 15 3
17 19 12
19 22 4
14 16 9
16 18 10
22 0 18
1 4 16
12 15 13
16 17 11
12 15 2
10 13 6
4 6 12
4 6 15
10 11 3
13 16 7
7 9 15
10 11 15
4 4 14
2 5 16
1 2 3
3 4 7
3 4 20
6 9 9
2 5 10
16 18 10
15 18 7
21 0 4
14 17 18
2 2 17
7 8 4
22 0 14
8 9 5
17 20 11
22 23 17
1 4 6
3 6 18
1 2 1
9 12 8
16 19 10
15 17 19
7 9 9
10 10 8
2 5 16
8 10 14
22 2 20
5 6 6
9 10 7
8 9 15
6 9 15
0 3 8
18 20 15
13 14 15
8 10 9
10 12 2
11 14 19
15 17 16
4 5 13
16 20 12
3 5 13
7 11 19
16 18 18
3 5 9
10 14 9
10 11 1
14 16 11
21 0 3
3 5 17
15 17 16
7 8 1
23 1 17
10 12 13
6 7 17
5 6 18
4 4 5
3 5 10
7 9 12
11 13 13
22 0 13
18 19 5
4 3 13
10 12 13
22 23 14
1 3 6
0 3 7
14 14 6
1 3 17
8 11 14
4 4 18
2 4 18
3 7 12
16 17 14
11 12 11
1 2 1
22 23 4
7 7 12
12 17 9
18 21 15
22 0 19
9 10 11
10 12 13
2 3 2
4 4 20
7 9 12
14 16 6
3 5 17
18 19 4
18 21 8
21 23 14
8 9 13
12 14 2
16 18 5
12 13 18
2 5 13
3 5 5
7 9 4
7 10 3
2 5 15
1 3 15
3 5 5
13 13 3
2 3 2
23 1 17
21 0 19
6 8 19
13 15 5
19 20 8
4 5 3
21 21 16
8 9 16
10 11 15
11 13 5
12 15 13
15 18 3
19 22 8
0 0 14
7 8 1
7 7 9
6 8 10
1 4 16
22 22 3
5 7 4
20 22 14
8 8 17
20 21 6
4 6 11
10 11 10
21 23 2
17 18 7
3 5 8
14 15 11
5 7 16
11 14 12
4 8 14
19 20 2
10 13 14
23 0 3
23 1 11
9 12 5
0 2 18
0 3 3
16 17 4
19 21 13
5 7 6
10 12 5
13 15 1
5 8 6
2 2 20
11 12 10
20 20 15
15 20 10
19 21 13
9 12 6
1 5 20
14 15 5
19 19 12
2 4 11
19 19 3
1 2 13
21 23 10
14 16 14
21 0 9
9 10 8
15 18 4
20 23 5
7 8 20
5 8 10
17 18 10
9 10 4
0 0 11
0 4 5
4 7 12
19 21 1
19 21 8
15 17 10
1 3 14
19 22 13
16 19 12
20 22 8
22 0 15
19 20 13
7 9 19
15 15 1
6 7 16
23 1 8
7 11 20
20 22 17
11 13 13
4 6 7
1 2 5
15 17 11
7 9 9
2 3 17
8 10 19
13 14 2
22 0 10
15 17 14
8 12 3
11 12 12
22 23 2
5 5 14
10 12 1
19 21 6
6 8 9
8 8 6
11 13 12
15 18 11
2 5 7
12 16 9
5 8 12
20 19 12
8 11 10
5 8 7
14 15 12
19 19 18
18 19 17
20 22 15
0 3 18
14 16 7
15 18 4
18 19 5
21 0 4
22 22 3
13 16 4
3 4 17
2 4 17
21 0 1
13 15 2
21 0 7
10 13 10
18 20 1
16 17 9
21 0 9
23 2 7
21 23 9
23 2 3
6 8 3
4 5 11
13 13 19
4 6 6
21 1 12
7 9 8
5 7 16
13 16 16
12 12 13
16 18 9
4 6 15
0 2 16
2 4 20
11 14 6
4 6 20
5 6 19
7 9 10
18 21 2
1 2 3
21 23 6
16 18 5
5 7 18
2 5 14
1 1 4
7 8 11
1 2 10
5 8 14
21 23 10
19 21 6
21 22 8
5 9 7
1 2 17
10 14 3
21 23 8
15 16 17
2 2 14
1 2 9
8 11 20
1 4 16
23 1 4
13 13 4
23 1 12
11 12 15
1 4 8
14 15 14
5 8 12
9 10 5
11 13 12
16 18 16
1 2 19
4 5 16
3 5 2
9 11 8
6 10 3
20 19 6
20 21 3
7 9 15
4 4 9
13 17 4
17 18 18
21 22 10
13 14 13
9 11 13
22 3 11
18 19 5
23 1 19
2 3 9
12 13 15
0 3 19
16 17 16
11 13 1
4 6 7
7 10 20
7 11 13
13 15 20
4 7 7
23 1 7
18 20 8
21 23 17
0 2 16
14 16 4
14 19 15
6 8 5
11 12 20
15 17 18
23 1 8
19 21 19
18 21 17
18 18 1
17 20 18
5 5 5
23 1 10
11 14 18
0 2 10
15 17 19
7 9 5
2 3 10
13 16 17
10 15 9
4 7 16
6 8 5
20 22 2
21 23 8
21 21 7
13 15 20
20 22 11
13 15 17
17 18 2
3 4 10
20 0 7
6 7 17
19 21 18
10 13 6
23 1 19
5 7 19
1 3 8
23 1 5
4 5 8
15 17 12
14 15 18
5 5 20
10 10 15
7 9 15
0 2 7
23 1 14
1 2 18
17 21 16
12 14 6
20 22 4
1 1 7
2 3 20
23 1 8
3 7 13
0 4 10
22 1 12
21 23 20
23 1 18
15 18 13
19 21 14
11 13 20
15 19 10
5 9 5
17 19 2
10 12 11
10 12 16
1 4 18
17 19 8
22 0 2
20 22 1
14 16 7
21 22 20
14 15 8
0 3 5
2 4 10
4 5 18
17 19 14
22 23 16
15 18 6
4 6 8
3 4 2
15 16 6
18 19 7
6 9 17
4 4 18
2 5 10
23 1 15
5 8 9
0 3 13
12 15 17
15 17 5
20 22 6
16 17 12
10 12 7
17 20 9
6 8 13
19 21 17
21 22 1
20 22 18
8 10 15
9 12 2
20 21 19
18 21 13
0 1 9
8 12 7
23 0 2
15 16 2
11 14 14
12 13 13
21 23 18
3 6 6
3 6 8
19 22 7
1 2 16
0 3 1
8 10 6
2 5 18
1 2 16
2 4 19
6 9 14
2 4 2
11 14 10
10 13 1
9 12 18
5 7 11
4 7 10
20 0 6
2 4 10
16 17 9
11 14 14
2 5 7
2 3 16
13 14 18
2 4 10
2 4 9
22 0 6
14 17 11
13 15 18
1 2 10
23 2 3
13 15 18
2 4 2
12 14 18
4 5 19
18 20 11
20 1 14
0 1 8
12 12 4
2 5 19
6 9 16
1 2 14
9 11 7
11 15 2
17 19 18
16 19 2
4 6 9
5 7 13
9 10 2
14 15 8
5 9 5
18 20 16
10 13 10
15 18 6
15 19 6
7 7 16
4 5 2
8 10 7
15 17 14
21 21 16
17 19 5
16 17 12
7 8 12
16 19 3
2 5 5
5 7 10
8 10 9
10 12 4
5 8 15
15 16 11
5 8 13
3 4 19
7 10 4
13 16 19
17 19 20
5 9 18
12 15 3
20 23 5
17 20 9
22 0 19
12 14 10
20 22 15
13 16 3
2 4 10
0 1 17
1 4 11
13 14 19
7 10 11
7 10 4
22 23 1
3 4 13
1 3 13
23 0 18
1 2 3
2 4 12
12 15 7
14 16 15
12 15 18
20 23 4
23 23 20
0 1 5
19 22 11
14 16 3
22 0 8
0 1 20
12 15 20
18 21 16
16 18 11
2 4 9
8 8 16
13 15 4
2 5 16
11 13 1
9 11 7
20 21 6
11 14 1
16 16 7
13 14 19
22 23 6
17 19 15
1 3 15
3 7 16
17 18 18
3 6 11
10 13 9
9 13 14
12 15 4
16 17 17
13 16 16
12 15 16
3 3 2
6 8 3
0 3 1
17 20 6
6 9 6
2 7 13
19 21 14
3 5 16
14 17 6
21 21 10
10 12 1
8 11 16
7 10 14
9 11 13
17 20 10
5 6 9
18 19 18
10 12 10
17 18 6
22 0 1
9 12 20
9 10 4
5 7 1
2 5 9
14 15 19
10 12 5
8 12 17
3 6 17
9 11 13
14 17 14
7 9 1
13 15 12
16 17 5
23 1 6
9 12 18
3 4 11
23 1 19
23 2 7
13 14 5
5 7 6
11 13 11
18 20 16
22 23 8
2 6 5
8 11 2
21 22 18
6 8 2
11 13 10
20 23 11
8 10 9
21 22 8
8 8 8
22 23 18
1 2 17
16 18 12
22 23 4
9 11 12
7 9 7
15 19 4
19 21 7
2 4 2
21 0 17
12 16 9
12 13 14
15 19 4
12 15 6
11 14 16
18 19 19
0 1 16
3 6 4
19 20 17
10 12 13
15 18 17
5 7 18
0 3 20
21 1 19
23 23 17
1 3 12
23 3 18
14 16 3
5 7 19
20 23 9
8 10 16
12 15 19
21 1 7
20 21 14
5 7 15
13 15 5
21 0 16
10 12 8
8 10 14
16 18 20
22 0 13
11 14 6
15 17 16
12 14 8
8 10 16
23 1 14
0 1 9
16 18 8
1 2 4
15 18 1
18 18 9
7 9 12
21 23 8
2 2 8
7 8 11
23 0 3
5 6 9
14 15 7
15 18 11
21 23 14
11 13 19
22 1 2
18 19 9
13 15 14
20 0 13
10 12 16
14 17 12
9 10 13
9 12 20
21 23 15
6 7 20
4 6 14
5 8 1
16 18 19
8 9 11
0 2 10
2 4 7
0 2 12
5 7 10
8 10 13
6 9 7
8 10 20
21 1 16
18 19 15
20 21 11
22 0 3
16 18 11
8 10 12
7 10 5
1 3 3
23 1 6
22 0 4
9 12 19
1 3 13
16 18 18
20 21 4
19 20 12
12 15 6
21 0 4
7 11 2
0 1 10
14 16 1
12 16 5
6 6 12
1 3 2
4 5 8
16 18 15
11 11 17
17 20 14
14 16 19
20 1 20
13 16 10
9 11 10
23 0 3
14 18 4
15 16 2
20 22 19
13 14 12
12 13 18
5 8 20
16 18 16
1 1 19
19 23 2
18 21 5
15 16 12
8 10 2
3 5 18
18 21 3
9 14 14
23 2 13
21 23 10
2 6 11
19 21 1
16 19 10
8 10 20
15 16 3
23 1 16
5 5 18
10 12 5
13 16 12
6 8 14
5 6 20
2 4 4
16 16 1
7 8 15
15 16 11
1 3 14
19 21 5
13 15 12
4 5 20
19 23 8
16 17 11
22 23 12
3 8 7
13 17 12
10 13 9
18 20 5
23 1 1
4 7 13
22 23 20
18 20 5
21 23 12
11 12 1
15 17 8
2 6 1
19 22 17
6 8 4
15 18 17
19 20 17
7 10 10
18 19 10
18 20 14
7 10 19
9 11 6
8 11 17
23 23 17
21 22 2
15 18 15
20 21 20
18 21 12
21 23 14
15 17 13
15 15 8
22 0 15
6 7 7
7 10 6
2 5 4
22 22 10
14 16 2
15 18 15
21 0 12
2 3 6
18 20 12
8 10 18
5 6 8
23 1 10
23 0 18
22 1 3
19 21 3
23 23 17
1 2 18
22 23 16
13 16 3
21 0 2
12 14 16
19 20 8
6 8 5
5 8 18
15 17 16
15 18 1
2 4 5
23 2 3
16 17 2
9 11 19
10 11 9
10 14 8
8 11 14
20 22 7
0 2 5
11 13 11
1 2 8
17 18 14
0 2 9
21 22 13
8 9 8
9 11 8
5 7 15
17 19 1
8 7 1
7 9 11
8 11 12
15 17 1
2 4 1
0 2 20
3 4 18
22 23 9
2 5 9
20 22 6
19 21 1
22 23 8
23 0 6
18 19 1
9 11 20
0 0 19
14 16 15
17 20 1
10 13 4
22 0 6
18 18 20
22 1 14
13 16 1
3 6 9
6 6 20
17 20 19
11 13 15
22 0 16
16 19 2
5 6 16
2 3 19
5 6 16
8 9 17
6 6 17
11 13 16
16 19 15
19 20 15
21 23 18
21 22 13
0 1 12
12 14 2
2 3 20
13 16 8
20 21 8
3 5 7
20 22 16
11 12 4
1 3 12
17 18 7
8 8 19
13 15 20
5 7 14
18 21 14
19 20 13
10 13 5
5 7 4
10 13 15
22 1 2
17 19 11
9 10 10
9 10 4
13 14 11
13 16 17
6 8 1
0 0 12
17 19 1
16 18 18
22 0 18
17 17 5
21 23 17
22 0 9
17 20 7
3 6 10
5 7 3
23 2 18
2 5 17
0 2 10
6 8 16
20 23 17
23 1 9
5 8 14
20 22 12
11 13 8
19 20 12
23 3 18
22 0 3
6 8 2
11 13 14
0 1 13
6 7 20
10 13 9
7 9 8
0 2 5
4 5 19
19 20 15
6 8 7
2 5 13
13 15 15
18 19 8
21 0 16
17 19 8
4 6 3
10 12 16
13 16 9
17 18 9
10 10 5
16 18 7
19 21 11
17 18 9
4 6 11
5 8 17
23 1 3
17 20 16
18 21 14
12 15 15
2 4 18
8 10 2
5 5 20
11 12 4
21 0 8
10 12 6
16 18 19
7 8 10
2 5 20
4 6 19
13 14 19
23 0 20
22 0 3
6 10 8
18 20 1
13 14 5
5 7 11
1 5 11
12 14 19
22 0 20
9 11 14
22 23 18
18 21 7
12 14 10
22 0 9
2 4 2
6 8 16
16 17 16
20 22 15
19 21 4
14 16 13
17 19 19
18 20 10
1 3 6
11 13 3
17 19 9
2 4 13
21 0 6
4 7 1
17 19 8
7 9 7
5 8 20
6 9 11
18 19 12
8 10 4
10 13 8
0 3 8
6 6 15
3 3 2
13 15 17
1 4 17
7 9 14
18 18 4
8 7 8
9 11 11
21 21 17
8 10 20
15 16 20
15 15 6
3 4 8
4 6 5
16 18 13
3 4 17
10 12 19
12 14 11
19 20 17
23 1 13
8 9 13
7 9 1
20 0 4
0 4 20
20 22 12
17 20 17
13 15 13
14 16 14
3 6 3
10 12 4
17 20 18
12 15 20
11 13 9
23 23 19
13 15 14
3 6 12
19 22 8
4 6 14
2 4 16
4 5 9
8 10 9
15 16 4
5 7 15
1 3 17
1 1 11
18 20 11
20 22 11
5 8 1
20 22 15
23 1 19
20 21 8
20 22 20
10 13 6
19 22 1
8 9 13
18 21 2
15 17 19
2 3 8
16 18 20
6 9 11
3 6 2
1 2 20
22 23 5
6 9 7
22 22 8
7 9 10
5 6 2
0 3 7
9 11 10
0 2 16
12 14 5
22 1 14
0 2 3
21 1 2
7 8 16
17 21 5
11 13 15
4 7 13
2 3 16
3 6 10
6 8 8
15 18 5
9 11 16
18 19 20
17 19 2
21 0 1
14 16 11
21 20 2
6 8 8
6 9 6
3 6 6
14 16 14
17 20 1
6 9 11
13 15 14
11 13 20
3 4 9
22 0 10
12 14 18
14 16 19
16 16 8
18 21 14
19 21 12
0 3 3
15 17 11
17 20 1
3 5 12
19 21 14
6 7 1
9 11 4
5 7 12
14 15 1
13 16 8
8 12 17
13 15 19
23 1 19
6 8 6
20 22 1
14 15 15
22 0 18
18 19 18
18 18 7
0 3 2
11 14 11
18 19 16
16 19 2
7 9 3
18 20 5
9 11 2
10 13 4
21 23 7
0 2 14
3 3 8
14 15 4
22 23 13
7 8 9
14 16 3
15 17 20
1 2 3
0 2 11
23 2 8
14 15 4
18 21 20
23 2 3
21 0 6
18 20 10
18 17 6
18 20 11
19 20 9
21 23 8
14 16 13
19 21 1
4 7 14
2 2 13
6 6 9
6 7 3
1 2 4
16 17 2
7 9 8
22 0 4
15 18 11
19 21 15
19 21 12
3 5 12
13 14 1
15 17 12
17 21 17
21 22 5
20 22 4
8 10 19
10 14 19
8 8 7
14 17 8
3 4 13
7 8 20
4 8 9
9 10 14
7 7 10
16 17 11
21 21 3
12 14 6
8 11 20
22 0 18
7 7 14
4 5 1
21 23 5
2 3 18
17 18 16
8 10 19
7 8 3
4 5 14
5 9 15
18 21 8
16 17 4
11 12 2
21 23 4
7 8 14
6 9 16
14 16 2
9 11 19
14 16 6
4 6 11
6 8 6
1 2 3
0 2 11
2 5 17
18 20 8
0 2 13
6 7 6
16 19 7
15 17 20
9 11 18
16 19 20
5 5 15
20 23 4
20 23 13
17 19 18
16 20 17
6 9 1
11 14 1
23 1 10
14 15 20
14 15 12
0 2 17
17 20 9
0 3 17
0 2 1
0 4 20
15 17 9
10 11 12
9 12 6
11 13 9
23 1 17
14 17 10
17 20 13
3 5 8
19 21 8
15 18 20
0 2 19
17 19 1
4 7 3
16 18 20
15 15 13
20 21 18
7 9 19
16 18 20
19 23 14
6 9 2
12 15 15
20 21 7
15 18 6
3 7 16
8 10 2
11 12 10
11 14 13
1 2 18
15 17 6
22 23 14
14 16 10
23 2 13
22 0 12
15 18 16
5 9 10
16 19 16
15 18 20
6 8 3
20 21 4
5 4 17
0 2 2
17 19 20
11 12 16
20 0 1
17 18 15
10 11 7
22 0 6
3 6 12
7 10 12
13 14 3
3 6 14
2 5 16
12 13 18
16 18 16
3 4 11
19 20 9
16 20 13
6 8 2
18 18 11
15 17 6
3 4 11
14 17 17
21 23 7
9 10 9
6 9 5
22 1 13
2 5 9
18 19 8
18 19 20
13 16 19
13 16 15
15 18 1
0 3 10
3 6 12
8 10 20
17 19 4
0 3 7
6 8 7
13 14 20
22 23 12
8 10 7
6 7 1
1 1 18
10 11 1
1 4 8
7 9 12
9 12 8
0 1 3
14 16 19
2 4 9
10 10 20
8 10 8
4 5 2
10 13 4
10 11 12
18 19 7
8 10 5
12 14 17
10 12 17
14 16 11
19 20 15
20 22 2
15 17 9
7 11 7
19 21 17
15 18 2
20 22 18
21 0 9
14 15 6
2 3 6
6 8 14
13 15 1
11 12 19
18 21 19
14 17 5
4 7 3
19 21 16
18 20 20
12 15 17
18 20 9
19 22 4
21 0 9
10 12 8
17 18 15
3 6 15
4 5 5
11 14 13
22 0 3
7 9 13
0 2 18
14 17 11
1 5 7
16 18 6
12 16 11
8 11 8
1 3 5
17 19 5
19 20 15
23 0 11
22 1 13
16 18 7
13 15 4
9 10 11
18 20 5
15 16 3
23 2 2
9 10 5
17 20 20
11 12 4
5 6 10
9 10 10
19 20 3
11 13 12
9 12 4
21 22 16
14 18 3
23 1 14
22 22 16
1 1 4
21 0 6
9 12 10
21 23 13
5 9 8
0 2 9
10 12 20
7 10 3
22 23 10
14 18 10
18 21 3
15 16 11
6 9 19
18 20 11
4 6 19
13 15 17
10 13 10
17 19 16
6 8 5
22 1 7
11 13 11
3 4 10
21 22 12
8 10 6
12 14 19
18 20 18
3 5 3
6 8 1
5 7 8
15 16 18
17 19 10
16 18 11
20 21 13
11 14 2
4 7 7
19 21 12
19 21 10
5 8 9
2 3 6
7 9 10
22 23 10
15 17 7
8 11 16
21 0 13
17 19 13
16 18 6
17 20 13
1 5 5
16 19 6
20 23 19
1 5 13
4 7 3
10 11 10
3 4 5
13 14 20
13 14 3
23 0 15
21 23 20
8 10 7
7 8 18
15 18 6
4 7 10
20 21 3
6 8 12
19 22 2
14 14 4
6 7 6
1 3 16
14 14 7
18 20 6
6 8 17
8 11 18
9 12 10
21 23 2
4 7 17
5 6 4
7 9 1
3 5 14
20 21 4
20 22 19
6 9 2
1 4 7
10 12 17
4 6 8
8 11 2
