1660 20
8 5 2 10 11 19 20 8 9 9 4 8 7 12 20 8 18 11 8 2 
10 14 9
16 19 10
6 7 7
22 0 10
22 0 14
14 14 7
15 18 5
13 16 1
12 14 2
10 13 3
15 15 18
20 23 18
2 5 7
18 22 9
20 22 16
4 5 16
5 6 3
15 19 19
18 20 16
22 0 8
8 10 13
15 17 15
16 17 16
11 15 4
21 0 9
21 22 19
12 16 5
4 7 8
1 2 5
10 13 13
4 5 15
6 8 4
2 4 19
22 2 10
20 0 13
6 9 5
17 19 8
0 4 14
16 18 9
11 13 12
20 23 9
2 5 17
1 2 4
11 15 15
6 7 18
0 2 9
15 18 11
8 8 12
22 0 11
6 9 11
17 18 11
11 14 11
0 3 3
19 21 15
10 11 12
21 1 8
6 7 9
0 2 4
17 20 5
9 12 2
14 16 13
2 3 1
22 1 6
5 8 12
6 9 19
23 23 15
15 18 3
17 19 3
20 23 13
10 12 2
10 13 10
5 5 7
7 10 10
2 6 13
0 1 5
18 19 6
10 10 14
13 15 5
5 7 18
1 4 11
12 15 4
19 20 11
11 14 5
12 15 10
12 15 3
12 17 4
13 15 6
22 0 17
22 1 16
14 16 9
14 15 3
8 10 16
3 5 4
18 20 17
5 6 12
7 8 11
4 5 10
0 2 3
20 20 13
10 13 9
2 3 9
9 12 15
17 20 8
2 3 4
22 0 15
13 15 8
12 15 20
21 22 2
16 18 18
4 4 11
4 5 18
9 11 16
16 18 4
0 1 4
13 15 5
5 7 2
2 5 19
3 5 6
0 2 3
0 0 17
7 8 6
0 1 3
8 11 14
14 18 19
22 1 17
15 17 4
17 19 18
10 14 15
23 2 2
2 3 1
21 22 9
3 5 7
19 21 6
14 15 5
1 2 5
21 0 7
18 19 8
20 0 7
14 17 19
13 15 8
1 3 19
20 22 19
10 11 18
3 6 12
2 4 16
0 -1 5
13 14 5
23 23 7
18 20 1
2 5 17
3 4 10
10 11 11
15 17 20
3 5 18
20 23 20
6 9 16
14 16 13
13 15 10
8 8 9
8 10 4
3 5 11
16 17 20
13 14 4
15 18 8
3 6 17
18 21 19
16 19 12
21 22 1
9 11 1
14 18 14
20 23 19
19 21 7
5 9 1
8 10 3
13 14 10
1 4 20
22 0 11
0 3 6
9 11 11
1 2 4
19 22 7
10 12 13
13 15 5
11 12 12
0 2 5
18 19 1
13 16 15
12 13 2
23 2 6
8 10 17
21 22 3
0 2 9
8 9 11
17 20 2
8 12 10
5 8 9
20 23 10
1 3 10
23 1 6
11 14 9
19 22 6
14 16 20
2 4 4
14 16 19
21 22 16
23 23 12
18 21 4
2 5 17
20 23 20
17 18 7
21 22 1
22 22 4
17 20 8
6 6 15
13 15 5
14 17 4
8 10 10
13 15 6
11 12 19
1 3 4
23 1 16
13 15 2
12 15 15
2 4 7
14 15 16
7 9 5
5 8 7
2 4 13
17 20 9
16 19 7
21 22 16
9 11 9
10 13 4
6 9 11
17 18 2
10 12 19
20 20 20
20 21 15
15 17 7
20 21 9
19 22 8
14 18 5
12 13 10
4 7 14
23 0 20
5 6 14
20 21 15
12 14 9
18 20 19
14 15 18
4 7 20
9 11 2
17 18 13
3 6 2
18 21 6
20 22 4
18 19 15
21 22 13
13 14 4
4 5 15
1 2 10
22 0 1
5 7 17
12 14 19
5 6 11
18 21 3
10 14 3
2 3 3
13 16 12
4 6 11
7 9 5
14 17 4
19 21 20
5 6 13
8 10 19
18 19 2
1 2 20
18 20 4
0 2 4
18 20 9
3 4 12
5 8 4
7 7 9
15 17 14
17 20 11
13 16 11
11 14 4
9 10 3
17 20 3
9 11 16
11 15 10
0 3 6
3 4 5
0 2 12
20 0 6
12 13 7
10 13 9
15 17 3
18 20 10
19 22 10
13 16 4
19 20 2
20 22 10
21 23 8
15 16 19
18 21 8
14 16 4
21 23 7
19 21 20
5 10 4
12 14 19
2 4 20
11 13 20
16 17 18
4 3 2
22 0 11
16 18 20
11 13 20
19 21 6
3 4 18
10 14 5
17 19 13
3 5 16
11 12 6
22 23 5
9 13 16
15 17 7
8 11 5
9 11 2
17 18 18
5 6 14
8 10 14
0 1 6
11 14 15
15 16 1
8 11 6
5 7 2
0 4 18
10 12 13
21 22 9
14 16 4
19 23 6
19 20 2
17 20 10
22 23 15
2 5 17
0 3 15
11 12 8
20 22 6
15 17 7
6 8 13
2 6 14
14 17 2
6 9 16
16 18 11
3 4 6
7 8 12
19 21 19
7 9 5
19 21 8
4 8 5
15 18 16
18 19 19
4 8 5
23 2 11
15 18 6
11 14 11
17 19 20
19 22 1
0 2 9
9 11 7
2 3 14
19 19 10
2 2 10
4 6 2
17 19 17
9 11 11
7 9 8
15 16 12
0 2 11
6 8 18
6 8 6
18 21 18
11 13 16
23 1 11
13 16 20
12 14 13
22 1 8
21 23 7
18 19 1
0 2 20
0 2 18
2 6 3
11 14 8
0 2 19
10 11 16
12 15 3
18 21 19
15 16 17
14 16 17
7 9 12
11 14 13
15 16 1
1 2 2
21 23 9
22 22 1
4 8 19
17 19 10
3 3 17
18 21 4
7 10 10
6 7 8
9 10 4
23 1 1
4 4 17
8 10 2
16 19 7
20 22 8
1 3 9
6 8 9
6 8 15
18 20 4
1 3 16
12 13 17
11 14 5
7 9 1
9 11 16
16 18 19
9 12 10
4 6 20
18 21 7
11 12 8
11 13 9
8 10 13
5 6 16
9 11 12
7 9 1
3 4 20
4 8 17
5 6 10
18 22 15
22 23 4
5 7 1
17 18 3
21 1 14
1 2 4
20 21 16
6 8 6
21 23 6
21 22 18
22 0 20
1 4 18
22 0 7
20 21 9
6 8 18
1 2 16
23 1 8
18 21 17
3 6 3
13 16 10
16 19 2
6 7 12
20 21 17
10 11 18
7 9 3
3 4 4
18 20 12
17 19 16
16 18 5
18 20 14
18 21 15
5 7 11
2 2 2
16 17 1
6 8 17
19 20 10
7 9 3
2 4 4
7 9 12
3 5 7
23 1 19
17 21 17
19 21 15
6 8 7
15 16 15
12 13 8
19 21 16
22 1 7
20 23 1
18 21 3
2 4 1
0 1 17
15 17 11
18 20 15
1 5 1
1 2 7
3 5 1
11 13 2
3 5 9
12 14 19
6 8 15
10 13 3
9 11 16
13 15 5
15 17 6
12 14 19
15 16 16
9 12 14
19 20 12
11 13 10
21 23 5
19 20 18
21 23 19
6 9 8
4 7 3
8 11 14
2 4 16
6 7 5
9 10 17
0 2 12
1 4 15
19 22 2
18 21 2
11 14 6
5 7 12
19 21 13
5 7 11
15 17 8
18 20 14
0 1 20
17 18 19
12 14 4
8 11 2
11 11 8
23 2 2
1 5 10
3 3 19
22 23 13
20 21 7
5 9 20
10 11 17
21 0 3
18 18 9
15 18 2
11 14 11
21 22 10
8 10 5
21 1 13
23 0 17
10 12 4
5 6 14
16 20 11
21 0 12
14 17 19
9 12 9
5 6 18
13 15 19
17 20 10
21 23 1
9 11 16
12 14 3
10 12 18
12 15 15
17 18 1
7 9 3
17 18 18
11 15 10
18 20 14
11 12 19
1 1 15
7 8 19
19 19 16
14 16 12
3 3 8
20 22 14
9 8 1
9 10 18
8 10 10
2 4 7
19 22 19
23 2 12
5 8 20
15 16 19
13 16 20
8 11 7
19 22 14
18 21 1
6 10 11
0 2 2
4 7 12
23 2 10
8 12 17
11 11 17
2 7 19
13 15 1
16 17 2
23 1 10
7 9 8
14 16 15
16 19 4
21 22 15
21 22 14
2 3 19
3 4 14
4 6 9
22 0 7
2 4 9
23 23 5
11 14 13
8 9 12
22 0 9
18 19 6
2 4 19
21 22 13
5 8 13
2 2 12
22 23 15
16 17 2
3 5 13
19 22 15
14 15 3
8 12 7
19 20 2
0 3 4
10 13 13
2 4 1
2 3 7
0 1 7
7 9 3
9 12 1
22 2 5
19 21 9
3 5 3
22 0 18
22 0 18
17 20 18
7 9 7
17 20 11
20 22 15
15 17 4
0 3 10
12 14 9
11 14 4
9 11 7
7 8 6
1 2 5
9 10 18
23 3 16
1 3 20
0 2 15
20 20 13
20 23 15
2 3 7
9 11 3
5 7 5
22 1 6
20 23 10
1 2 16
15 17 10
16 18 9
3 3 4
13 15 7
22 2 10
23 23 8
5 7 18
23 0 3
8 10 16
22 1 3
11 12 18
7 9 10
6 8 9
2 4 9
15 18 4
17 20 14
12 13 8
22 0 9
20 21 17
3 5 16
4 8 18
17 20 18
7 10 18
18 20 19
12 13 8
3 4 12
20 22 11
7 9 12
10 13 3
13 15 15
14 16 20
13 16 13
12 14 11
4 6 14
2 4 11
16 17 19
14 16 9
0 4 2
16 18 4
17 20 7
10 11 13
10 13 15
14 16 11
4 6 4
0 1 9
2 5 12
11 14 11
7 9 6
5 7 3
6 7 13
6 7 8
18 20 8
2 4 4
15 17 11
20 22 7
1 2 16
13 15 2
23 1 19
16 18 5
5 8 1
3 5 5
3 5 3
18 20 4
12 13 11
8 11 13
22 0 7
22 23 12
11 12 10
0 2 16
4 6 13
19 21 9
18 22 17
22 23 4
7 8 19
14 17 12
12 14 10
9 10 13
15 18 16
4 8 12
2 3 16
16 18 14
22 1 2
17 19 16
9 11 12
19 21 14
21 23 2
1 2 9
4 5 10
4 5 19
14 17 20
23 1 12
19 20 9
21 23 13
14 17 3
6 7 15
14 17 16
18 20 10
11 12 9
7 9 8
14 16 1
1 2 8
10 12 20
5 6 6
3 6 3
15 19 4
16 17 18
10 13 4
18 21 2
6 6 9
3 5 5
19 23 14
23 3 15
20 23 18
7 10 3
1 3 15
0 0 10
10 12 20
0 1 3
6 9 2
20 23 13
6 10 8
10 11 20
15 16 13
19 22 10
0 1 18
4 6 18
13 14 17
10 13 3
10 13 20
4 6 13
23 3 5
7 8 12
20 21 14
16 18 5
23 0 3
8 9 13
22 0 13
15 17 5
18 19 13
2 3 6
7 9 13
10 12 13
12 14 14
6 6 20
12 15 12
7 8 20
22 22 7
0 3 15
4 7 11
3 4 4
10 12 13
18 18 14
15 17 4
1 3 4
10 12 18
18 19 3
17 21 2
23 1 20
21 23 12
20 23 9
13 16 18
19 20 9
0 1 4
19 21 19
9 12 9
8 10 5
22 1 12
22 0 14
12 12 11
7 11 20
23 3 2
7 7 20
22 0 16
17 21 16
13 16 10
22 23 9
22 0 12
6 8 19
0 4 5
10 11 8
7 8 18
22 23 9
11 11 10
0 0 17
12 14 19
7 10 5
16 19 6
4 7 1
17 19 3
23 1 11
18 22 14
5 6 16
21 22 3
21 0 3
22 1 17
19 22 7
13 14 6
11 13 12
8 9 19
8 10 5
13 14 3
14 15 19
20 22 8
22 23 12
2 3 6
13 14 13
15 17 4
21 0 12
9 10 2
6 8 18
13 15 7
8 10 17
17 21 6
12 15 7
5 8 5
21 22 5
17 18 3
15 17 19
7 9 2
20 20 10
0 2 13
4 6 19
2 4 3
3 4 3
9 11 11
22 1 1
16 20 7
11 16 5
9 12 1
3 6 5
11 15 19
22 0 18
19 22 12
18 20 2
13 15 3
15 17 4
20 23 10
8 9 5
11 12 9
4 6 9
16 19 20
12 14 8
8 10 1
8 11 11
9 12 6
18 19 8
18 18 15
18 20 18
18 19 15
9 11 11
5 7 17
19 20 3
12 15 11
20 21 3
10 12 1
9 10 11
22 23 15
5 7 15
0 1 17
17 19 5
20 22 20
5 7 6
23 23 18
5 8 9
5 7 12
18 20 2
19 19 2
2 5 20
16 19 15
23 0 5
22 0 19
17 19 11
20 21 18
7 8 8
0 2 11
4 5 10
16 19 3
16 18 5
17 18 10
12 14 7
21 23 5
10 11 19
15 17 20
13 16 20
23 1 16
16 20 15
4 5 16
19 22 4
20 0 4
18 21 7
7 11 16
13 15 7
4 7 2
15 17 11
15 17 10
2 5 18
9 12 18
15 15 7
0 2 1
9 12 18
17 20 19
5 8 5
5 8 5
17 19 8
0 3 8
14 16 9
14 16 19
9 9 11
11 12 6
9 10 12
9 10 1
19 21 11
12 15 1
1 4 20
14 15 12
15 18 20
2 4 8
1 2 15
16 18 16
19 0 18
22 23 11
17 19 14
11 13 1
22 0 13
3 6 15
0 0 9
20 22 11
9 11 13
8 10 20
8 9 6
23 1 7
16 19 18
6 7 10
1 2 10
9 13 18
4 6 3
10 12 6
12 15 19
3 7 4
22 0 5
21 22 19
2 5 5
5 5 4
1 2 1
2 4 6
7 11 17
10 12 17
21 21 7
19 20 17
13 16 8
9 11 5
20 20 4
8 10 3
10 15 10
5 7 12
22 23 9
15 18 3
20 22 9
0 3 19
13 13 5
17 18 20
3 5 17
20 23 1
1 4 10
0 2 11
0 2 16
22 1 14
8 8 10
6 7 4
0 3 5
20 22 9
23 0 2
18 21 10
23 2 11
17 20 9
2 5 5
20 23 14
10 11 12
8 12 9
11 13 20
14 15 15
6 8 5
17 19 17
2 3 2
13 14 5
3 6 20
19 21 4
8 9 11
22 23 18
15 20 6
17 20 14
3 6 2
9 13 10
14 17 19
8 9 19
9 13 7
13 13 7
5 7 2
0 2 3
7 8 8
3 5 16
15 17 10
20 0 20
12 13 14
4 5 20
21 1 7
10 12 10
16 18 20
20 0 17
8 10 14
16 19 2
8 9 15
18 19 9
17 20 13
13 14 5
8 9 20
18 19 12
15 17 19
21 1 19
18 22 4
20 0 17
15 17 17
7 8 7
0 3 13
7 8 1
20 22 7
2 4 8
18 20 18
23 2 2
22 22 14
2 2 2
23 2 8
12 16 9
21 0 19
0 2 16
19 22 15
9 10 18
0 2 7
21 23 5
7 9 4
4 6 9
23 0 4
12 12 6
8 10 8
4 7 18
21 0 11
18 20 17
19 21 10
11 13 18
6 7 6
2 2 8
13 15 20
11 13 7
6 9 20
3 4 18
2 5 15
7 10 3
13 14 17
13 16 2
5 7 12
23 1 1
17 19 9
20 21 8
12 14 16
10 11 2
2 4 6
16 19 18
6 8 6
2 4 2
2 5 8
12 14 13
10 12 8
8 10 5
3 3 1
1 3 12
14 16 5
12 13 5
14 17 17
11 14 18
3 5 10
12 15 17
14 16 7
8 12 5
12 14 3
18 19 9
22 1 14
20 23 6
13 15 13
7 9 3
11 13 17
2 3 9
5 5 7
3 6 3
21 20 9
20 0 2
7 8 13
3 7 14
13 16 12
17 19 14
14 14 7
15 17 5
3 6 12
1 5 8
2 5 16
1 3 13
12 15 7
4 6 9
8 8 3
12 14 2
5 6 9
8 10 12
18 20 9
3 6 2
22 2 5
3 7 10
22 23 20
13 14 12
20 21 10
5 9 12
20 22 19
18 20 2
13 14 7
10 12 8
18 19 19
13 12 6
12 12 13
7 9 6
18 21 1
18 21 7
19 20 10
8 11 1
5 5 12
9 11 14
13 14 17
20 22 18
21 23 12
9 10 3
12 14 15
10 13 18
17 17 19
8 9 19
13 14 4
9 10 3
20 21 15
2 4 5
13 15 5
3 5 8
13 16 19
11 13 18
5 6 6
4 5 7
0 1 8
10 12 11
14 17 17
18 19 17
21 0 3
11 14 18
7 9 14
0 3 15
15 17 19
11 12 9
17 20 1
6 8 19
15 15 7
21 21 3
6 8 11
14 16 13
9 10 8
4 8 2
11 13 19
12 14 4
0 2 18
14 17 14
7 10 14
18 21 16
6 8 8
14 17 20
19 19 1
1 3 5
17 20 2
22 1 12
20 21 4
17 19 10
0 2 19
18 21 5
8 10 7
8 11 4
19 22 2
6 7 5
16 19 13
8 10 10
12 14 17
0 2 18
2 5 20
21 22 4
19 22 17
12 15 19
15 18 3
10 12 2
12 12 18
1 1 5
4 6 15
10 12 15
12 13 16
10 12 19
19 21 7
11 14 17
16 19 19
4 6 18
5 8 14
6 7 8
6 8 19
14 15 2
15 15 11
21 22 9
8 10 10
22 2 15
16 18 9
19 23 13
23 2 18
7 9 10
12 15 13
16 18 2
2 5 20
16 17 15
3 5 10
11 12 9
17 18 14
8 8 11
23 0 6
3 4 7
2 4 20
0 1 14
1 3 13
14 17 7
1 3 20
20 22 11
19 23 11
14 14 14
15 18 20
8 9 13
10 10 6
22 0 13
17 19 6
12 12 3
13 15 5
5 7 5
2 5 14
20 21 17
10 12 12
6 9 3
16 17 12
2 5 6
9 12 5
23 2 1
12 14 2
4 7 6
2 4 12
9 10 2
11 12 2
6 7 4
10 12 3
8 9 11
18 19 11
11 11 13
11 13 12
9 12 5
3 5 15
2 5 20
18 20 8
22 0 13
18 21 5
12 14 4
12 12 16
5 8 8
16 19 1
13 13 14
16 19 13
12 13 11
19 22 1
5 6 3
9 11 11
4 7 1
13 13 15
19 22 15
15 17 19
23 2 17
10 10 7
19 21 7
1 4 8
11 13 10
11 12 19
16 17 19
21 23 19
0 3 13
7 8 11
0 2 3
15 17 16
0 2 12
2 3 9
20 22 13
14 16 19
0 2 2
7 8 3
10 12 12
13 15 9
2 4 18
23 2 10
10 13 6
8 10 15
4 5 14
3 5 17
2 3 16
0 2 7
12 16 7
4 6 8
2 6 20
22 1 3
5 8 1
10 12 1
22 2 4
4 7 1
2 5 8
21 23 13
4 7 19
16 18 5
5 6 17
8 10 17
1 2 15
5 8 2
20 0 4
1 3 1
11 13 3
10 14 20
10 13 15
5 7 6
2 5 17
9 10 13
2 4 4
12 15 19
3 6 3
16 18 10
19 22 7
15 18 3
4 5 4
10 12 13
23 1 9
21 22 2
3 6 10
11 12 2
18 18 9
14 16 4
0 4 11
19 21 16
19 22 19
10 12 18
21 23 14
8 11 15
0 1 16
4 6 12
17 18 11
7 8 11
17 19 11
0 0 3
18 20 1
3 6 18
6 7 5
6 6 3
16 18 13
4 7 5
16 17 20
10 13 15
18 19 14
0 0 14
8 10 15
8 10 10
13 15 11
0 4 8
7 10 15
0 3 14
16 19 10
7 9 1
11 13 20
3 4 4
14 17 4
13 14 6
18 20 18
11 12 2
22 2 13
6 7 14
19 21 10
6 6 20
15 18 9
3 5 11
9 12 3
1 4 18
1 2 7
19 19 12
20 22 9
4 7 5
14 15 6
10 13 16
8 13 5
6 8 15
19 22 12
17 19 1
19 20 16
17 19 9
7 8 20
5 5 12
21 23 11
6 10 6
11 13 10
17 19 6
23 1 7
13 16 4
18 21 7
14 16 10
17 18 3
13 17 11
1 4 20
19 21 20
0 3 19
0 1 7
22 0 2
9 11 2
19 19 14
0 1 6
16 17 8
20 21 14
10 12 17
15 18 9
12 15 10
8 9 6
2 3 5
1 2 2
18 21 11
19 20 2
12 15 17
18 21 16
2 5 3
9 11 11
20 21 11
22 1 2
22 0 15
12 13 6
4 7 17
5 8 15
16 17 8
14 16 2
4 7 7
7 10 18
0 1 6
16 18 8
22 0 8
2 6 19
22 23 8
0 3 9
7 8 18
21 22 16
14 16 14
1 3 4
19 21 6
2 2 11
13 13 5
4 6 13
15 17 5
22 0 16
16 20 13
1 3 16
23 2 16
16 18 17
1 3 4
21 22 11
16 19 7
7 11 2
2 5 5
5 9 9
12 15 2
20 0 4
2 3 4
20 21 12
16 19 15
4 7 9
20 21 11
20 0 12
9 10 17
6 9 15
15 18 14
4 5 1
10 12 12
12 12 12
18 20 17
3 4 20
13 14 4
11 14 4
17 17 20
13 14 18
9 10 16
16 18 10
11 13 6
7 10 12
2 4 7
10 12 15
7 9 2
21 22 12
23 0 11
22 0 6
2 3 17
17 19 14
7 8 3
8 10 5
2 6 20
19 23 14
17 18 14
21 21 2
11 14 11
21 1 8
7 8 11
4 9 3
17 20 20
13 14 9
2 2 8
5 7 12
23 23 12
11 13 19
4 6 3
19 21 16
8 10 9
12 14 15
22 1 15
4 7 2
16 19 19
18 20 11
20 22 15
15 17 17
8 10 15
4 5 4
11 13 13
0 4 15
4 4 19
3 5 13
3 5 17
6 7 6
13 16 19
12 14 19
6 8 16
12 14 18
14 16 13
12 14 8
7 8 17
4 5 7
22 23 16
23 2 3
16 19 3
7 8 6
12 14 8
11 12 3
7 8 11
15 18 3
21 23 14
11 14 16
1 4 3
19 22 1
16 18 9
1 3 19
3 4 16
3 5 15
3 4 2
21 0 11
10 10 4
3 4 12
20 21 20
14 17 18
23 2 5
5 6 2
21 22 18
13 16 6
2 5 4
6 8 9
10 12 4
13 15 16
18 19 16
20 23 9
20 23 8
21 0 9
11 14 16
2 4 10
14 17 13
5 7 18
5 6 6
15 18 11
6 7 10
12 14 11
2 4 18
7 10 18
11 12 4
9 11 15
5 6 15
14 16 1
5 6 15
16 18 17
