160 20
8 4 11 4 19 18 1 6 16 16 7 13 16 15 20 16 15 19 16 14 
11 13 2
23 0 5
4 6 12
10 12 8
16 18 9
16 17 6
0 4 18
18 20 14
9 12 2
2 4 6
3 5 19
1 3 19
9 10 11
16 18 10
3 4 5
20 0 9
19 21 14
22 1 7
3 4 4
10 12 10
14 16 16
13 17 16
10 12 16
20 22 9
21 0 12
0 2 9
8 11 14
6 6 6
5 6 18
22 23 14
6 6 19
21 1 15
10 11 12
3 5 13
11 13 6
5 8 3
10 11 16
16 19 18
21 23 14
7 9 12
3 5 3
18 19 13
20 0 15
15 18 14
8 10 4
14 16 9
18 21 12
11 15 17
0 1 12
4 5 9
8 11 15
20 21 6
13 14 14
1 4 14
19 21 15
11 12 18
18 21 2
16 19 14
10 11 13
23 2 15
2 3 1
9 9 19
11 16 5
15 16 10
11 13 2
17 20 3
5 6 6
20 0 14
16 20 4
12 15 9
13 14 3
15 17 10
20 23 20
0 1 14
22 0 18
1 3 2
3 7 9
11 13 3
21 23 13
11 13 6
12 14 1
0 2 4
17 21 18
9 11 3
12 14 3
9 11 14
18 21 20
19 22 20
13 15 11
20 22 16
8 8 6
23 2 6
22 1 18
15 16 2
1 2 16
20 21 4
2 5 12
7 10 2
6 8 10
6 7 4
0 2 7
2 2 5
0 2 11
0 2 6
21 0 15
5 7 19
8 9 10
5 7 16
8 10 2
11 13 19
2 3 10
21 0 16
17 20 11
3 4 3
2 5 4
14 16 17
22 23 9
17 22 12
5 7 8
4 8 9
9 10 4
12 15 16
10 12 18
22 0 2
6 8 18
11 12 9
7 9 6
20 22 15
3 4 18
2 5 14
19 21 17
11 13 3
22 23 2
5 8 20
7 9 18
18 20 18
23 0 10
0 0 10
6 7 6
21 0 8
8 9 16
13 15 2
12 14 2
8 9 15
5 6 17
1 5 12
3 5 19
1 4 9
17 20 4
19 20 10
4 9 13
15 16 13
5 8 20
14 17 20
6 8 6
18 20 7
23 0 15
18 19 12
19 20 3
13 16 12
