1780 20
7 9 5 12 12 6 13 16 17 11 3 6 13 11 18 5 1 2 10 10 
12 15 10
22 23 3
11 13 16
17 18 12
12 13 15
21 0 9
12 15 16
0 2 15
19 20 6
20 20 18
6 9 15
13 15 3
8 9 2
0 0 6
11 14 5
9 12 1
5 6 17
4 5 15
17 20 8
13 14 8
9 12 5
21 22 16
10 13 13
1 2 17
7 9 12
23 0 14
9 10 3
6 7 15
8 11 9
22 1 14
1 4 13
3 6 8
4 4 3
16 19 4
19 22 18
19 21 19
21 23 8
0 0 11
17 20 17
6 6 16
20 21 5
9 12 6
12 12 12
21 23 2
18 19 19
6 7 9
4 6 6
13 14 10
12 13 16
11 13 14
18 20 13
11 13 7
17 18 16
13 13 3
5 10 8
0 3 8
12 14 6
1 2 3
9 11 9
7 10 5
3 3 2
20 20 1
6 9 2
17 18 7
4 5 8
21 23 5
0 2 5
0 2 1
8 11 6
17 19 3
9 11 8
2 4 2
0 1 12
22 1 5
7 9 8
19 20 19
17 19 3
16 18 7
21 23 5
6 10 16
14 14 6
22 0 7
13 14 13
21 21 13
10 10 18
1 2 18
21 22 19
18 20 14
1 3 3
10 10 14
23 1 13
11 12 11
3 4 20
16 17 16
6 7 3
15 17 19
8 9 14
16 17 5
12 14 7
19 20 5
22 0 7
8 11 2
4 6 6
4 7 18
23 0 8
16 17 17
2 4 14
23 0 9
4 7 5
5 8 19
20 19 17
11 12 11
13 15 11
10 12 10
9 11 19
13 15 15
8 10 13
18 22 1
20 22 2
8 11 11
16 19 5
8 11 13
12 16 18
20 23 17
8 11 12
1 3 13
5 5 12
22 1 9
2 4 13
15 17 2
5 7 10
2 4 11
22 2 4
19 20 20
1 3 7
1 4 2
3 5 17
4 5 17
12 13 13
15 16 5
15 17 13
8 11 13
4 5 7
0 3 15
14 16 8
2 3 1
20 22 11
17 18 7
15 18 19
16 17 13
0 3 9
15 17 3
15 19 3
3 5 10
1 3 12
22 1 1
10 12 7
23 2 15
20 22 8
14 15 4
6 7 6
21 22 14
11 16 15
13 17 6
11 11 19
0 2 19
3 5 4
17 20 19
16 18 9
10 12 17
7 9 9
5 7 9
14 14 17
14 18 4
4 6 10
5 7 13
14 17 20
8 12 19
3 3 16
16 19 13
14 17 7
14 16 12
14 17 8
18 19 14
15 17 10
3 5 8
11 14 2
15 18 14
9 10 9
14 15 6
20 23 10
18 20 12
12 14 10
18 19 1
16 15 2
14 16 2
18 18 12
5 7 11
6 9 14
9 11 8
20 22 12
20 22 2
1 4 8
0 3 12
15 17 5
9 9 19
17 20 16
4 7 8
18 19 7
6 11 3
17 17 20
18 20 4
17 19 6
1 5 5
4 7 10
7 7 2
14 16 17
4 4 14
2 5 2
14 16 7
17 19 16
20 23 8
2 5 9
17 19 20
14 16 5
2 3 6
17 18 13
2 5 7
21 0 16
20 21 12
8 13 16
20 21 6
16 19 19
5 6 5
22 0 11
10 11 11
16 19 7
2 4 17
9 12 16
16 18 12
10 11 15
0 3 20
20 22 11
20 22 5
20 0 6
16 17 2
13 16 8
15 17 11
19 23 7
14 16 2
22 22 8
12 15 3
18 20 3
13 15 4
5 6 15
4 6 20
5 5 15
6 9 12
15 17 20
10 11 20
10 11 14
23 2 6
18 19 8
4 6 5
18 19 5
20 22 14
22 1 3
21 23 2
19 19 8
12 14 6
17 19 2
21 1 5
13 15 19
23 2 1
23 0 5
4 6 13
8 11 3
10 12 14
4 7 17
12 14 18
6 9 7
10 13 9
20 22 8
10 14 13
14 16 1
11 11 9
10 11 5
23 1 14
3 5 14
10 10 15
10 11 13
7 10 19
14 17 10
21 23 18
16 21 3
11 12 17
15 18 12
2 4 16
19 21 5
15 15 15
5 5 17
4 6 6
19 21 16
23 1 9
18 20 8
23 2 10
19 21 2
19 20 14
11 14 16
22 23 3
5 8 1
6 7 10
17 20 4
10 11 15
0 2 16
23 1 1
17 19 6
23 1 1
2 5 14
18 21 5
14 18 15
21 23 13
5 7 20
22 1 14
16 17 2
0 2 5
22 23 20
20 20 10
2 4 18
7 11 5
18 21 8
18 20 14
22 0 14
2 4 17
3 5 12
4 6 3
16 17 15
20 0 2
18 20 18
10 13 16
5 9 8
14 16 11
18 20 4
7 9 4
12 16 1
17 20 1
7 9 10
0 1 15
18 19 5
8 9 7
13 13 14
13 16 6
2 4 16
3 6 6
10 12 14
14 15 7
11 13 7
23 1 7
9 12 18
23 0 12
17 18 9
19 22 4
19 23 1
1 3 14
17 20 11
22 0 8
6 8 13
7 10 11
0 0 1
5 8 14
16 19 20
10 12 17
13 14 20
6 8 4
18 22 9
1 3 8
0 2 20
0 2 12
17 19 5
1 2 2
20 21 5
4 6 11
10 14 2
5 7 11
11 14 11
6 8 20
21 22 18
4 7 4
17 18 7
19 20 15
16 17 8
22 1 9
13 15 15
20 21 5
22 0 20
9 11 2
16 19 11
20 22 10
21 22 9
10 11 6
17 19 17
14 16 19
18 21 10
10 13 18
1 4 2
13 15 16
22 22 8
18 20 2
0 3 20
12 15 9
20 0 3
20 23 16
13 15 19
12 14 1
21 23 5
20 23 16
17 19 4
16 18 2
13 16 9
7 7 9
4 8 5
8 12 16
5 6 13
3 5 20
6 8 10
18 20 10
19 20 20
3 5 5
14 17 13
12 13 20
6 8 17
2 5 6
8 9 20
3 4 10
9 12 6
14 18 13
2 4 15
22 2 14
4 6 17
9 10 17
4 5 7
18 19 1
14 17 5
23 2 7
11 12 8
9 11 5
11 12 17
18 19 15
6 8 6
9 11 7
2 4 3
9 11 20
17 19 6
22 1 7
10 13 20
13 13 10
2 5 1
2 2 5
14 16 9
7 10 1
3 6 1
20 21 13
17 19 3
15 18 13
22 0 2
7 7 7
8 9 1
1 4 4
0 2 4
22 1 2
1 2 8
16 18 1
2 5 6
6 9 6
14 16 10
18 20 6
19 22 7
4 7 16
6 7 3
12 17 9
15 17 20
7 6 20
13 13 18
6 7 9
4 6 11
6 9 2
11 15 18
7 8 13
6 8 19
7 10 18
6 7 17
15 17 19
10 11 15
20 21 8
5 7 1
13 16 20
6 8 4
6 10 7
11 12 5
1 5 9
22 0 20
6 9 20
6 8 16
22 1 13
6 8 14
8 10 4
23 0 6
12 14 14
9 12 8
16 17 15
7 9 2
15 17 3
4 5 12
4 5 18
1 1 16
5 7 10
2 3 17
5 6 5
10 11 8
7 8 20
8 10 5
20 20 3
0 3 11
22 23 10
16 18 18
12 13 2
6 7 17
16 19 18
21 23 6
14 17 17
6 7 17
23 4 12
16 18 11
17 18 6
1 3 14
13 15 8
6 9 19
1 4 17
23 2 8
15 16 15
0 2 1
14 17 5
4 7 12
6 10 8
23 0 15
11 13 19
7 11 5
14 14 17
10 12 12
20 22 3
12 13 13
9 11 15
15 17 16
14 16 14
9 12 6
9 12 11
17 18 8
18 22 16
1 5 11
15 20 3
0 2 16
15 17 7
7 10 9
21 23 15
5 6 1
6 7 1
12 13 8
3 4 3
18 21 2
18 19 20
13 15 19
20 22 5
4 6 2
15 17 19
3 5 20
11 12 14
7 8 5
5 7 13
19 20 5
0 1 2
17 18 20
11 13 3
20 21 16
11 13 3
2 5 1
9 10 8
18 21 16
11 13 10
7 8 3
17 21 6
13 15 11
13 16 6
14 17 14
18 21 7
14 17 2
3 6 9
13 14 3
1 3 15
15 16 1
3 5 15
3 5 9
3 5 12
2 3 3
7 9 4
3 5 18
13 14 9
10 13 11
13 15 6
9 12 5
13 14 3
19 22 2
17 18 20
9 12 11
13 15 17
17 18 19
11 14 14
9 11 1
2 4 3
8 10 17
15 16 9
14 15 7
10 12 7
11 11 6
8 9 2
17 20 17
2 5 11
12 15 19
13 14 11
9 11 8
5 8 1
22 23 1
9 13 5
1 2 20
5 7 17
16 18 16
9 11 15
8 10 11
16 18 12
19 21 5
7 8 7
9 12 10
14 16 13
17 19 5
14 16 6
1 4 19
14 17 7
9 10 6
9 12 20
9 11 13
20 18 1
14 18 19
13 15 19
1 3 6
10 11 17
2 5 2
4 5 16
8 11 17
9 12 20
14 16 11
3 4 3
9 12 12
14 14 11
2 3 8
9 11 6
12 15 8
1 2 16
23 1 17
9 12 7
18 19 19
17 17 18
20 22 9
20 22 1
7 8 4
23 1 8
9 11 12
14 16 10
19 20 18
8 9 8
4 6 12
7 10 4
3 6 19
16 19 12
2 4 16
15 17 4
6 9 20
3 3 2
0 1 9
17 18 13
10 13 1
2 3 17
2 6 11
18 20 8
23 1 3
13 15 16
6 8 15
10 10 3
6 7 1
20 21 2
14 16 4
23 2 5
17 19 4
2 3 8
12 14 20
7 10 17
14 15 2
6 8 15
4 6 20
19 20 1
23 2 15
11 14 6
21 22 17
22 1 18
11 13 11
18 20 5
6 8 4
13 14 13
4 7 5
9 12 12
10 13 17
22 22 15
11 13 5
7 10 17
10 11 4
11 13 16
3 5 14
18 20 17
3 5 9
20 22 5
2 3 11
3 5 18
8 10 14
17 18 16
14 17 20
19 21 14
15 16 11
3 4 12
11 15 7
12 15 12
15 17 1
10 12 13
7 10 5
13 14 11
6 9 6
8 11 16
17 19 8
22 0 8
20 23 11
23 1 7
10 13 14
12 16 19
0 1 3
11 13 1
23 1 18
22 0 9
23 1 10
12 13 15
3 5 9
18 21 2
23 3 20
19 20 8
8 11 15
5 7 15
8 11 14
20 22 9
18 21 1
9 10 15
6 7 5
16 18 17
11 14 18
0 5 7
14 17 3
3 5 16
0 3 5
23 1 11
16 18 7
4 6 7
7 11 7
5 10 16
19 21 17
20 21 4
19 22 19
14 16 2
10 10 19
4 6 11
22 1 18
22 0 12
19 22 14
2 3 15
13 15 3
1 2 19
16 19 9
15 18 17
6 10 10
12 12 16
4 7 10
9 9 8
0 2 6
21 20 3
4 5 14
23 1 20
7 9 17
15 15 8
14 16 18
23 23 9
10 12 19
8 10 14
23 23 2
23 1 12
18 19 16
10 13 6
15 17 8
10 13 1
11 13 9
6 10 12
16 18 10
10 13 12
15 18 10
13 13 3
0 2 7
10 12 10
8 10 20
1 4 8
18 19 11
4 6 10
14 16 18
12 15 17
16 17 20
20 21 19
22 23 6
6 8 10
15 17 2
18 20 7
21 23 14
23 2 2
15 18 7
4 6 17
4 4 16
0 3 20
0 3 7
10 11 8
2 3 19
18 18 17
1 2 7
7 8 1
6 8 4
8 9 4
0 3 6
3 6 5
0 2 10
5 8 8
1 2 20
12 15 19
5 8 3
23 2 6
22 0 3
14 16 8
23 0 16
7 9 3
14 16 4
3 6 20
20 21 17
15 18 7
5 8 20
15 16 15
21 23 13
1 4 16
22 0 13
8 9 2
0 3 9
3 4 18
8 11 9
19 22 12
4 4 6
0 3 2
3 5 12
10 11 9
9 10 17
10 11 18
14 16 4
4 5 1
0 4 1
9 11 13
11 14 1
0 3 15
8 8 13
4 6 1
4 7 10
22 0 8
23 23 15
15 18 6
21 23 18
15 17 12
20 0 8
6 8 15
15 17 14
12 14 19
23 3 3
5 8 3
23 1 7
10 11 4
13 16 14
14 18 9
19 22 2
20 23 12
2 5 20
23 0 2
0 1 10
19 21 16
19 0 12
9 12 17
21 23 3
9 11 15
4 6 17
6 10 9
11 13 13
18 19 19
23 1 14
0 2 17
7 9 13
16 19 10
5 8 3
17 18 17
12 15 18
8 9 6
19 21 10
11 11 16
14 16 8
11 14 10
2 4 13
12 13 1
20 22 9
9 9 3
7 8 8
21 2 14
16 16 11
13 17 14
15 19 1
2 5 19
1 5 19
10 11 1
15 15 11
1 3 14
4 5 15
5 7 7
23 2 1
3 4 16
23 23 19
6 8 12
14 17 15
11 14 7
19 19 16
17 20 13
0 2 8
19 21 14
23 1 3
19 21 3
0 3 17
13 14 19
20 0 18
20 22 13
13 15 13
21 0 12
7 8 12
3 6 14
21 23 17
18 21 5
9 12 11
11 12 7
13 17 16
12 14 19
1 5 18
23 1 1
0 5 18
13 14 12
7 7 6
7 8 11
3 5 3
18 20 5
3 6 4
20 20 11
4 7 20
1 1 16
22 0 19
22 0 16
7 10 1
13 14 6
13 15 9
5 8 15
0 3 18
18 20 4
18 20 19
6 10 20
4 6 7
3 6 11
0 3 13
14 17 15
8 9 7
12 16 8
1 2 7
17 18 17
0 2 10
20 22 17
2 4 15
22 0 6
12 13 4
8 10 12
15 16 4
18 17 15
17 19 11
22 0 10
4 5 1
14 16 9
20 23 6
15 17 7
13 15 14
23 2 19
1 1 8
22 0 2
13 16 4
14 18 11
15 17 5
12 14 2
21 23 20
7 9 20
18 20 18
13 16 9
11 15 3
5 9 6
1 3 12
21 23 16
4 7 3
8 11 2
23 2 5
5 6 18
15 16 4
4 5 14
13 14 15
15 15 14
23 0 4
11 12 12
10 10 6
19 21 14
10 12 10
10 13 4
8 10 4
22 0 1
10 12 9
20 23 6
6 7 18
12 14 10
6 7 18
19 20 15
2 4 11
13 14 16
4 8 19
1 4 13
5 6 2
17 19 6
18 20 15
17 18 8
15 17 19
15 16 5
21 22 19
3 5 10
3 4 13
15 18 5
10 13 4
20 23 7
15 15 16
17 19 11
22 23 14
21 0 10
15 17 18
7 9 11
4 6 6
7 9 7
18 20 14
6 8 20
1 2 1
3 6 11
22 0 11
15 17 17
8 10 4
7 10 4
21 22 10
15 16 4
2 4 16
11 13 17
10 12 9
0 1 17
22 1 1
14 16 19
16 17 10
19 22 17
10 11 14
2 3 4
1 4 14
10 11 7
0 1 9
23 4 19
10 13 2
16 17 12
7 9 18
20 21 11
8 10 17
5 8 16
17 19 6
21 23 2
0 2 17
3 4 18
7 7 4
16 18 19
8 10 8
14 17 16
14 15 8
5 5 3
14 16 13
12 15 4
9 11 5
8 10 16
3 6 15
5 7 16
20 22 16
10 13 15
9 10 14
18 20 5
15 16 8
16 19 13
21 23 17
2 3 4
6 7 19
2 3 3
19 22 11
3 5 1
6 8 5
19 20 7
16 16 1
10 12 6
12 13 9
8 12 7
11 11 15
4 5 17
12 16 15
23 1 17
20 23 4
3 3 3
9 12 14
8 11 9
11 15 15
18 19 17
4 7 11
6 8 8
5 7 5
23 1 18
21 0 7
12 14 10
15 17 8
19 20 19
18 20 19
18 19 8
9 13 20
21 23 7
2 5 11
8 11 1
13 15 7
12 11 13
4 6 7
2 3 7
7 9 1
12 14 11
15 18 6
9 10 4
13 15 12
16 18 12
22 23 5
17 19 7
11 12 19
19 21 14
9 12 17
2 3 11
7 9 13
20 23 20
17 19 17
7 10 13
4 5 1
10 12 2
3 6 9
8 9 7
10 12 13
14 17 15
21 22 17
12 14 19
22 0 14
21 23 18
4 6 7
23 3 14
5 6 3
6 7 15
20 0 14
0 2 10
21 1 2
16 17 19
9 11 9
16 18 15
16 17 13
0 2 5
15 17 11
16 18 15
3 4 4
23 0 17
20 22 17
20 22 15
18 18 14
18 18 20
19 23 3
16 18 2
7 10 11
12 14 1
18 21 11
3 3 10
1 4 2
18 20 16
22 22 9
1 2 12
3 4 7
22 23 5
0 1 18
1 2 5
9 12 17
21 22 4
13 15 2
9 11 10
19 22 7
11 13 5
0 2 7
6 7 14
22 0 12
22 1 20
12 13 7
15 17 13
9 12 16
3 6 3
23 2 1
16 18 2
6 8 7
5 7 17
3 5 19
2 5 2
3 6 6
20 21 9
9 10 11
1 3 19
5 6 20
7 9 2
12 14 15
19 21 19
17 19 12
17 20 20
2 2 17
10 14 14
0 3 1
13 16 11
6 8 10
6 7 11
13 12 18
17 20 2
8 10 6
15 15 7
23 2 6
9 10 16
6 7 13
7 9 10
8 12 1
7 8 13
8 10 6
8 10 14
8 10 8
3 5 10
3 5 20
14 17 8
17 20 3
20 22 9
22 0 4
4 5 11
5 8 11
1 2 18
18 20 16
4 6 17
9 11 4
19 21 11
2 4 17
5 7 18
12 14 6
14 16 2
3 4 7
5 8 14
12 14 8
0 2 8
7 9 19
5 6 19
16 16 20
2 4 14
22 2 18
4 6 4
19 21 19
0 0 5
15 17 15
22 0 1
10 14 3
21 22 7
13 14 5
23 2 20
4 5 10
11 14 15
19 23 5
5 7 4
17 18 5
15 17 19
19 20 18
22 23 20
16 17 18
1 2 4
12 13 17
11 12 11
23 0 16
6 8 3
1 5 1
2 4 20
18 20 2
9 12 3
5 8 18
6 8 17
22 0 19
17 20 16
6 8 9
20 22 10
22 0 7
9 10 14
18 20 8
23 2 3
5 5 1
10 9 8
7 8 6
20 21 2
22 0 15
11 12 12
13 14 5
15 17 6
21 0 11
15 19 17
10 12 14
17 20 9
4 5 8
6 7 13
5 6 2
19 20 6
23 0 8
8 11 8
22 1 16
19 22 2
8 9 10
6 8 15
23 1 17
8 10 6
18 22 9
22 1 2
23 0 16
1 2 14
6 6 7
10 12 15
12 17 2
21 23 8
2 3 15
11 14 10
21 23 14
6 7 14
21 23 20
20 0 5
1 2 10
0 2 10
15 17 4
1 3 2
6 9 9
0 2 16
7 6 9
19 19 15
20 21 9
11 14 17
14 16 2
3 5 19
3 6 4
17 17 14
16 18 16
20 22 1
23 3 8
14 17 6
14 16 20
23 1 9
18 19 16
12 14 10
9 10 12
7 11 8
16 17 16
16 17 9
21 23 13
21 23 17
20 22 7
14 16 4
4 5 20
8 10 8
5 7 13
23 2 19
23 1 15
11 14 18
9 11 6
13 15 20
4 7 14
5 9 4
7 11 9
9 11 17
2 3 14
16 19 15
1 3 11
17 19 20
15 17 15
16 17 1
18 20 6
1 2 6
14 17 4
8 10 11
10 11 10
13 15 16
4 7 16
19 21 19
17 20 1
2 5 15
4 6 5
16 17 20
10 12 6
21 23 3
16 19 11
19 21 5
20 22 16
19 19 15
18 19 15
7 9 11
6 8 4
23 2 20
21 22 6
12 15 6
5 6 3
0 2 11
16 19 20
2 6 9
5 8 17
16 16 2
14 18 19
11 14 1
2 4 11
12 13 12
18 19 11
23 1 20
22 0 13
4 5 7
16 18 13
8 10 3
20 22 3
17 18 12
1 3 3
15 17 4
2 3 15
6 7 5
16 20 14
2 5 14
7 9 18
23 0 9
9 11 14
6 8 3
11 13 11
8 11 5
3 6 11
23 3 14
5 7 19
16 20 4
5 8 6
17 19 9
3 4 10
18 21 13
19 22 10
17 19 1
12 14 13
11 14 15
12 15 4
13 14 8
21 23 13
0 1 10
11 13 15
13 15 20
15 17 4
6 8 5
1 3 19
23 1 17
10 14 17
9 10 2
7 9 4
8 10 4
3 3 19
3 5 10
8 9 19
6 9 14
15 17 16
23 0 12
22 0 10
17 18 5
0 1 10
17 19 20
17 19 16
5 7 20
21 22 1
10 13 10
4 6 13
8 9 20
14 18 6
18 20 18
11 12 20
0 1 2
17 19 18
23 1 15
3 6 13
6 6 18
17 19 20
0 2 4
18 20 20
15 17 5
17 18 11
14 17 3
5 8 10
20 0 1
7 9 14
9 13 16
0 1 17
13 17 20
11 12 3
23 2 4
1 3 13
2 4 15
21 23 20
15 17 7
16 19 4
6 6 11
23 1 3
16 19 19
7 10 14
14 15 9
7 10 1
18 19 10
20 23 13
19 22 3
7 9 8
20 22 4
9 13 17
14 17 14
14 17 7
6 8 7
12 13 2
8 10 5
23 2 2
7 10 8
0 3 16
16 18 11
22 22 9
4 7 13
22 0 17
1 3 12
18 20 1
19 22 5
22 0 14
1 2 3
5 8 9
21 22 15
9 11 20
18 20 7
9 12 15
11 12 18
1 4 17
21 23 2
22 1 16
15 19 14
2 4 3
18 19 10
8 10 11
13 15 7
12 13 1
23 1 5
2 5 14
4 7 10
4 7 19
0 1 20
14 16 14
20 22 9
15 18 8
14 16 18
12 13 19
4 6 6
0 3 12
15 19 14
2 3 8
9 11 1
2 4 14
8 10 14
11 13 6
5 6 15
23 23 13
18 20 11
4 5 18
23 2 1
19 21 20
1 2 11
17 19 20
13 16 15
15 16 9
19 22 9
7 9 3
23 3 16
15 16 14
9 10 12
2 4 15
11 13 20
2 5 8
1 4 2
8 10 19
4 6 12
12 13 9
4 6 12
14 15 4
12 12 11
21 0 4
16 19 5
11 14 6
12 15 9
19 20 3
2 2 5
4 6 8
4 7 8
9 10 15
3 4 4
7 10 4
11 13 13
10 13 13
21 22 16
2 3 20
14 17 20
1 4 19
23 1 9
19 22 8
8 11 5
0 1 9
19 20 3
6 9 4
21 0 20
14 16 19
0 3 1
11 14 12
21 1 8
17 18 8
1 3 12
2 2 19
4 5 15
16 17 15
13 15 4
1 4 12
13 16 4
7 10 3
7 9 15
5 6 9
7 8 12
18 21 12
1 3 11
8 11 15
21 21 18
22 1 5
5 7 20
1 3 8
18 19 18
6 7 15
12 14 8
5 8 13
8 10 15
9 11 16
7 8 5
13 15 18
5 7 6
13 15 13
2 3 11
1 3 19
6 7 13
11 12 2
21 23 19
1 3 1
4 5 16
16 18 8
14 17 18
22 1 12
10 13 20
23 0 17
23 3 18
9 11 5
3 5 5
7 8 16
6 6 8
7 9 12
21 22 18
22 1 10
14 15 3
10 12 20
1 6 6
12 14 16
18 19 20
3 6 1
9 12 13
1 2 14
18 18 9
5 5 14
23 2 2
22 3 4
9 11 11
19 22 13
11 12 20
3 5 12
6 8 16
5 7 11
19 20 5
12 14 4
7 10 3
17 19 10
17 18 8
1 3 13
13 15 13
14 18 11
13 13 7
9 9 6
21 0 19
6 8 5
5 6 4
9 10 2
13 16 16
6 6 7
22 0 18
7 8 9
18 22 11
17 18 18
6 8 18
4 7 11
20 21 15
14 16 20
16 18 3
5 7 12
2 4 15
6 7 6
4 4 8
22 0 6
7 7 19
15 15 10
6 7 2
8 10 9
20 21 20
17 19 7
6 8 16
14 17 9
4 6 3
7 9 9
21 22 8
21 22 6
14 15 7
3 5 19
21 22 13
2 3 3
6 7 14
3 7 10
3 4 7
