1790 20
9 13 19 7 5 9 8 19 2 1 8 16 13 13 5 12 9 19 1 19 
6 8 9
4 5 16
1 4 14
2 3 16
8 11 7
9 10 20
9 12 10
20 21 8
19 22 13
19 19 11
18 19 14
18 20 16
13 15 20
22 23 7
18 19 7
13 15 2
6 7 17
6 9 8
15 18 2
11 13 19
8 9 4
5 7 20
11 12 1
8 9 7
5 5 6
4 9 20
10 11 10
12 12 5
3 5 9
18 22 17
6 7 6
10 11 13
11 11 16
23 3 10
20 21 5
5 7 17
0 3 6
7 11 17
0 3 20
18 21 19
2 4 9
23 1 14
8 9 8
6 10 13
19 22 15
10 14 9
5 5 8
9 11 15
13 16 16
18 20 17
10 13 12
0 3 14
13 14 15
8 10 14
14 17 7
10 12 13
7 9 5
3 4 15
21 0 3
22 0 8
2 4 2
20 22 8
19 21 12
1 2 11
20 22 9
8 12 19
15 16 18
8 10 18
0 3 16
4 6 8
2 3 19
2 3 11
20 20 15
11 13 8
8 11 20
18 20 19
10 13 2
10 11 3
19 21 12
1 2 10
9 12 19
1 2 4
9 11 4
20 22 9
20 22 8
19 23 18
15 16 5
0 4 7
8 9 10
3 4 19
7 9 20
2 5 16
6 8 14
10 10 4
2 5 15
13 15 1
10 14 1
12 13 15
10 12 2
11 13 20
16 16 5
6 8 20
14 17 8
17 16 17
11 14 9
13 15 2
7 8 6
3 4 13
12 12 6
12 13 8
3 3 12
1 2 17
22 23 2
12 13 15
8 10 2
12 12 16
9 10 13
9 11 16
21 23 2
8 8 11
23 1 11
13 15 3
6 8 2
11 13 18
12 15 3
11 13 10
9 12 2
7 9 15
5 7 18
9 10 15
4 6 17
2 5 5
7 10 18
9 12 4
22 0 3
20 22 3
6 8 13
23 3 20
0 1 3
3 7 12
21 22 16
14 16 20
21 22 7
0 1 1
15 17 8
3 4 19
23 2 13
19 21 9
18 20 7
7 9 13
5 7 14
4 7 11
22 23 15
15 17 14
0 2 11
12 14 12
20 21 20
11 13 10
4 5 7
2 4 18
22 1 5
10 12 8
2 3 4
21 23 14
7 8 20
8 12 12
10 12 14
1 5 20
19 22 2
8 8 3
11 13 4
4 9 19
10 11 19
22 23 19
3 5 14
5 5 18
9 11 12
7 8 16
5 7 16
0 3 12
10 13 13
23 0 10
6 8 11
11 13 17
18 19 20
2 5 4
13 15 8
5 7 4
7 8 19
5 7 6
21 23 15
7 9 7
19 21 16
5 6 15
0 2 1
4 6 20
9 12 5
22 0 20
9 10 20
17 20 3
18 20 13
22 23 6
11 15 1
0 2 5
14 14 8
0 2 20
13 14 7
7 9 5
9 11 18
19 21 19
10 13 15
0 1 4
7 8 8
19 21 9
15 17 13
3 4 19
14 15 11
5 6 1
14 17 1
0 -1 11
9 9 15
22 0 14
6 7 15
5 7 5
1 3 8
7 9 5
16 22 17
11 10 13
14 15 8
10 13 19
10 12 17
16 17 7
1 3 20
12 14 14
5 7 12
23 3 5
19 22 15
23 2 20
19 20 11
18 19 10
18 20 16
3 4 10
9 10 16
17 18 20
19 19 8
14 16 19
9 10 20
22 1 11
0 0 3
22 0 3
21 0 19
14 15 3
23 0 14
2 3 4
8 8 6
7 9 2
10 11 3
20 22 7
8 11 10
1 2 12
8 10 11
22 23 20
23 2 11
16 18 16
17 19 4
7 8 20
1 2 1
17 18 11
1 2 18
3 7 12
13 15 13
16 20 19
2 5 13
23 2 18
8 10 8
2 4 17
1 2 4
12 14 1
9 11 9
16 19 3
23 0 12
11 12 11
16 16 3
7 9 15
6 9 10
1 2 8
13 16 9
17 20 1
10 11 2
1 3 7
22 23 14
6 7 5
0 4 1
12 13 11
9 10 11
20 23 1
9 12 1
10 14 10
9 11 18
6 8 9
1 3 1
15 16 6
12 13 19
10 11 12
19 20 17
20 22 7
7 10 19
1 3 10
16 20 13
6 8 4
12 13 20
5 8 9
20 22 15
17 20 15
11 12 18
14 16 12
1 2 14
2 5 17
7 10 10
7 9 9
8 11 7
12 14 16
4 5 16
4 5 5
17 18 20
3 5 14
0 1 4
11 12 16
14 17 17
20 23 8
16 18 17
0 2 7
1 4 20
4 5 11
11 13 3
18 20 11
14 16 18
18 19 17
11 12 3
6 7 5
21 0 20
22 0 14
4 6 3
11 11 5
18 21 6
22 1 12
22 0 9
20 22 16
9 11 4
0 2 15
14 17 19
22 1 13
1 1 17
19 21 10
13 15 3
16 19 18
4 6 19
9 10 8
10 10 5
11 15 3
19 20 20
13 15 16
11 13 11
3 4 1
15 17 4
12 15 4
10 13 10
21 0 2
13 15 16
10 11 11
11 13 3
19 20 17
1 5 14
22 0 10
14 15 12
4 8 19
10 12 2
8 10 2
3 6 3
14 17 1
12 15 14
15 17 12
3 3 16
1 4 20
21 23 1
20 21 14
5 7 5
17 18 5
14 18 15
12 16 17
21 23 1
18 21 3
8 9 8
8 8 12
3 4 20
15 18 8
17 18 13
1 3 1
18 22 4
19 21 9
4 5 12
0 1 17
5 7 16
19 22 20
8 10 16
2 3 6
9 11 1
5 8 16
15 16 6
12 15 12
12 15 17
12 15 10
5 6 12
7 9 14
5 6 20
0 2 12
16 18 4
19 21 2
3 5 17
14 17 20
14 16 19
16 18 20
20 23 9
7 9 12
2 6 2
22 0 20
10 12 4
11 12 11
21 21 16
19 21 15
3 6 3
18 20 4
13 14 16
16 18 19
12 13 19
20 21 2
16 19 16
7 8 13
1 3 17
19 22 8
16 19 10
7 8 13
1 3 12
14 17 12
16 18 13
4 7 14
8 11 9
13 14 19
9 11 20
13 15 14
14 17 2
1 4 17
1 5 20
14 16 14
15 16 11
20 22 15
20 21 19
18 18 17
11 13 18
17 18 3
0 2 14
5 7 8
6 8 20
6 8 19
7 8 12
21 22 17
15 18 17
5 7 17
10 13 18
15 19 15
11 13 4
7 9 5
14 15 12
9 11 1
1 2 6
22 0 2
11 15 11
17 18 19
15 17 12
10 12 10
22 1 11
15 18 16
17 20 16
19 20 10
9 10 9
11 13 3
16 18 5
7 9 16
19 21 5
7 8 2
4 6 18
8 10 5
5 9 15
5 6 15
9 12 18
9 12 18
19 23 3
2 5 18
6 10 10
6 8 4
23 1 6
9 12 1
14 16 7
17 19 8
3 7 16
20 22 12
11 12 18
10 13 8
21 0 12
10 14 9
16 18 9
7 9 20
13 14 20
14 16 1
6 9 12
6 6 13
14 17 10
2 4 17
17 18 3
17 18 9
2 3 11
21 0 18
6 9 5
14 15 15
5 8 15
3 6 18
23 1 12
9 13 6
0 2 9
16 17 12
9 11 6
8 11 6
14 16 15
5 8 5
14 16 1
0 3 2
5 6 8
23 1 4
15 18 10
4 5 18
22 0 8
19 21 15
8 10 11
5 7 15
20 22 5
17 17 20
18 18 1
16 19 9
16 17 5
1 3 14
15 18 16
2 5 10
13 15 8
4 6 17
7 12 2
22 22 8
21 1 17
19 22 16
1 4 8
11 14 19
5 7 7
0 2 20
3 4 8
12 15 5
2 3 15
9 10 14
17 19 15
5 7 1
20 22 1
12 13 9
16 20 7
13 14 15
18 20 19
11 12 20
18 22 16
23 2 14
10 13 13
0 3 1
11 13 20
18 20 13
8 10 5
22 23 10
15 16 14
0 2 1
4 6 7
6 9 5
18 21 3
7 10 6
17 19 16
21 0 18
10 10 1
0 3 20
1 2 11
7 8 6
7 7 9
0 1 18
3 6 20
11 14 1
5 6 14
14 17 9
21 23 5
7 7 20
5 7 13
4 7 8
8 9 15
16 18 7
6 9 17
9 10 13
0 2 10
6 8 16
11 11 20
5 7 10
20 21 6
10 12 8
22 23 16
16 16 9
1 4 9
22 0 6
1 3 8
15 18 11
20 23 16
13 16 7
0 2 2
6 8 19
7 11 19
11 12 10
15 16 15
14 16 18
13 14 4
13 16 1
22 23 16
11 13 7
16 16 1
11 13 11
13 17 8
17 19 6
10 12 18
16 18 8
4 7 1
14 16 9
8 9 2
13 16 14
11 11 6
12 13 12
15 16 18
12 14 14
17 19 8
22 23 6
0 2 15
1 2 6
23 23 19
23 2 18
19 22 10
16 17 12
11 13 3
22 0 15
10 10 3
12 13 12
22 0 15
9 13 16
9 11 1
8 12 9
2 3 12
18 18 19
10 13 9
10 12 17
18 22 4
23 0 1
11 12 3
9 10 2
12 13 8
5 8 2
22 1 16
21 0 19
3 4 11
20 21 17
14 18 9
22 22 12
16 17 17
8 10 9
2 4 7
18 20 1
13 15 19
7 8 8
10 14 10
21 22 12
11 14 13
5 7 17
9 12 3
4 5 2
16 18 14
22 1 7
15 16 19
9 11 10
2 3 13
3 5 4
11 14 16
3 6 10
11 14 10
0 4 15
14 16 4
19 20 14
18 21 17
12 15 7
7 9 19
3 6 2
9 10 5
6 9 8
1 4 8
16 18 18
14 14 16
17 19 20
18 21 11
5 7 7
13 16 17
23 1 8
18 21 19
7 9 19
15 18 18
2 2 2
21 23 15
16 17 4
16 17 16
3 5 17
15 17 19
20 21 5
17 18 18
23 1 14
7 8 6
7 9 17
19 22 3
8 11 4
2 5 18
23 2 8
19 21 12
3 3 4
10 12 15
9 12 7
3 6 8
5 7 13
14 15 9
4 7 12
20 23 1
11 13 20
23 2 8
6 8 3
3 3 8
4 7 15
1 1 9
14 14 2
0 2 4
22 0 14
4 8 10
21 22 14
20 20 7
3 5 1
15 14 20
14 16 2
6 7 20
23 2 20
8 9 17
11 13 17
22 2 19
22 1 11
6 7 3
18 20 2
8 8 3
8 10 18
16 17 14
8 10 1
21 22 17
12 14 15
12 16 8
2 3 18
23 0 2
0 4 17
20 21 19
8 10 6
16 18 5
1 4 10
9 11 14
19 22 6
11 13 15
11 14 1
3 5 11
21 23 6
11 13 15
0 3 10
7 9 16
19 21 7
13 14 19
18 20 10
0 2 8
11 15 2
7 8 3
3 4 1
14 16 18
12 14 1
23 1 9
16 17 3
7 9 12
5 7 6
7 9 11
5 9 5
1 2 13
22 0 5
13 15 1
18 18 12
7 7 16
16 18 3
9 12 9
19 22 6
9 10 7
7 10 10
6 8 15
14 17 13
9 10 20
6 7 3
19 20 3
2 3 3
8 10 6
6 8 13
13 15 10
12 13 5
15 19 8
3 6 6
2 4 15
2 4 3
12 14 2
14 14 4
1 2 13
16 19 20
15 17 16
11 11 2
19 20 10
11 14 12
12 14 8
2 3 8
16 18 20
19 20 11
6 8 13
21 0 6
20 23 10
22 0 2
5 7 9
23 3 12
16 19 14
21 22 10
22 1 2
14 16 9
0 1 10
14 16 4
2 6 13
19 20 17
7 8 10
21 23 2
17 19 3
21 0 17
4 4 10
19 20 4
18 19 1
6 11 18
22 23 7
5 7 3
14 17 7
18 19 7
22 0 20
16 19 16
22 1 3
5 7 15
16 19 13
16 18 17
5 7 10
9 12 2
1 2 3
21 23 18
21 0 11
10 13 19
15 16 20
8 10 8
21 23 9
23 0 9
22 0 14
12 13 17
2 6 13
6 8 19
13 16 17
13 15 16
1 4 19
23 23 13
18 20 2
17 19 10
3 6 19
9 12 1
4 5 6
10 12 3
20 23 3
13 14 19
20 21 16
23 23 8
2 4 13
6 8 7
5 7 17
5 8 19
15 17 18
0 3 18
13 15 1
19 22 19
15 17 18
7 7 4
16 19 2
20 22 15
22 1 17
8 9 8
18 19 7
9 11 7
3 6 17
20 21 8
3 5 2
17 20 20
14 17 6
17 19 3
20 23 5
15 17 6
11 14 1
4 6 5
20 21 10
4 5 11
18 19 20
18 21 1
15 18 19
12 15 14
21 0 1
18 21 10
6 7 16
16 19 7
14 14 17
0 2 9
17 18 6
3 6 14
5 8 8
10 13 11
21 0 6
9 11 17
17 19 5
18 19 7
17 20 11
12 15 14
9 11 1
9 10 4
20 23 8
0 3 8
16 19 9
13 16 6
5 8 15
5 6 11
3 6 9
1 2 13
9 12 5
18 18 2
1 3 13
7 9 9
10 12 17
3 3 4
1 4 4
0 4 14
6 9 13
23 2 10
17 19 8
21 23 15
18 21 1
4 6 4
4 7 4
21 0 11
6 9 9
6 8 2
10 12 18
4 8 8
8 9 1
0 2 3
12 14 2
2 1 9
18 22 14
0 1 7
1 3 13
13 15 2
11 13 11
18 20 16
13 15 5
18 22 12
2 3 15
20 20 5
8 10 16
21 22 1
19 20 19
9 14 7
14 17 6
14 16 2
16 18 9
3 5 10
18 20 17
20 0 5
10 12 5
5 6 13
1 3 3
8 11 16
13 14 20
3 4 6
2 4 18
21 1 11
23 0 14
6 9 17
18 21 20
13 17 18
13 16 15
4 6 19
4 7 20
1 5 14
11 12 12
15 18 8
11 13 11
2 5 10
6 8 3
11 13 17
23 3 17
21 22 6
7 10 11
17 20 3
12 14 9
6 9 17
11 14 18
20 22 13
20 23 13
11 14 15
7 9 13
15 17 15
4 6 3
13 15 1
15 17 13
16 16 18
9 11 8
0 4 1
22 23 6
16 17 6
18 19 18
20 22 11
16 16 11
9 10 20
6 9 14
11 12 2
22 1 9
15 17 16
23 2 3
8 11 16
12 15 11
19 21 4
20 22 16
19 21 8
10 9 7
3 5 13
3 5 1
8 9 18
17 18 6
21 22 8
20 21 8
14 17 17
1 2 8
8 9 16
16 18 9
14 15 19
12 13 1
7 10 10
3 4 10
0 1 1
23 23 2
22 23 6
6 6 4
11 13 19
11 13 11
1 3 6
15 15 12
16 18 8
8 8 14
1 2 10
21 23 17
22 0 4
21 0 8
5 8 10
3 5 1
18 21 15
21 0 3
5 8 3
10 12 5
10 14 7
3 5 15
19 21 20
8 9 11
17 21 3
0 1 20
15 16 19
22 0 18
3 6 5
16 18 12
18 18 6
17 19 6
11 13 19
13 15 17
17 19 1
3 5 18
15 17 3
5 8 7
12 13 15
10 13 14
8 9 20
1 2 2
16 18 10
8 10 1
17 20 4
13 15 9
0 1 7
22 22 14
15 16 3
9 11 7
9 9 10
6 7 16
21 22 11
21 0 10
7 9 10
7 9 6
20 22 10
12 14 18
15 17 9
12 13 13
19 21 7
1 2 14
12 14 9
8 12 15
7 7 6
10 14 20
1 3 12
5 8 12
19 21 19
2 3 20
17 20 15
2 4 8
6 7 17
12 14 4
20 22 17
1 2 17
9 12 14
13 17 6
1 5 11
13 15 12
0 1 5
11 12 20
10 13 13
17 18 15
13 15 11
11 14 2
7 9 6
8 10 15
15 18 11
9 10 1
23 1 2
10 12 10
9 10 13
17 20 15
16 19 8
18 18 8
7 8 20
22 0 9
0 1 11
11 13 8
16 20 5
22 2 17
17 18 20
3 7 2
14 18 12
19 21 15
17 21 12
8 11 13
3 4 7
22 23 6
8 10 15
9 13 1
1 3 16
1 4 4
21 22 6
17 19 16
17 21 10
4 5 9
6 10 15
3 5 15
2 5 12
14 15 17
3 7 9
1 3 9
11 12 14
18 21 11
2 5 20
5 7 4
0 2 12
13 15 10
18 19 17
5 7 2
19 22 2
15 17 6
23 0 10
17 19 3
7 11 5
3 6 12
15 17 18
19 19 15
2 5 13
17 18 2
10 11 1
15 15 18
6 7 7
12 13 18
7 10 1
16 17 10
20 22 7
14 15 3
8 11 11
18 22 4
4 6 5
13 14 1
19 21 2
3 4 11
10 12 5
4 5 7
13 16 7
0 3 11
0 3 9
7 9 14
15 17 14
22 23 16
19 21 5
9 13 18
15 17 9
5 9 4
19 22 8
4 5 9
5 6 10
5 8 6
20 23 15
20 21 10
12 13 12
16 19 15
12 14 10
10 11 12
22 0 9
7 10 3
19 22 20
16 17 11
17 19 6
1 3 4
21 0 4
6 7 13
12 16 16
22 2 19
1 2 20
13 13 16
13 17 2
21 23 12
8 11 9
10 11 17
19 19 14
11 13 3
20 22 10
0 4 19
17 19 16
11 13 14
10 12 14
22 23 14
12 13 2
3 6 16
13 16 6
15 16 2
1 4 17
23 0 7
6 8 1
20 22 10
18 20 16
22 1 13
17 19 8
10 12 3
8 9 10
17 19 7
7 9 4
4 4 3
23 1 16
0 3 16
14 15 18
22 1 11
3 5 19
20 0 12
12 15 1
18 21 11
8 10 13
3 7 8
22 23 18
1 4 17
17 20 10
0 3 13
5 6 2
17 19 5
7 9 10
2 5 9
1 3 3
4 6 16
5 7 15
12 14 13
7 9 9
1 2 12
16 17 14
13 15 13
14 15 12
9 12 20
21 23 6
3 5 10
19 18 7
11 16 14
17 19 10
19 22 13
0 2 20
10 13 13
0 2 7
23 23 2
10 11 3
1 4 4
9 11 20
8 11 19
4 7 17
19 20 12
15 17 9
7 9 15
16 19 6
0 2 3
22 23 19
4 4 13
22 0 9
3 5 19
11 13 10
0 3 4
14 14 11
19 22 5
21 0 14
17 20 10
8 10 16
20 22 14
19 20 8
11 12 19
14 16 14
13 17 3
12 14 9
14 16 6
17 19 2
22 0 20
18 18 9
23 1 19
0 0 4
7 8 9
10 12 3
7 9 5
21 0 17
2 5 10
0 3 3
7 11 17
22 0 2
16 18 4
2 4 15
20 22 11
8 11 4
0 2 11
5 8 20
19 22 1
4 7 9
9 10 5
16 20 13
2 5 17
19 20 8
4 7 7
7 8 3
11 12 15
12 14 11
11 13 2
11 12 4
7 10 19
20 22 19
18 20 19
2 3 10
0 1 14
2 3 2
16 17 5
14 15 11
3 5 6
3 4 10
1 3 7
16 18 2
22 0 8
11 13 18
8 10 12
13 15 6
9 12 15
1 2 4
2 4 2
1 3 17
10 13 19
10 11 17
0 3 11
2 3 14
6 7 7
14 18 16
15 16 1
10 12 8
3 6 18
12 13 2
5 9 2
2 3 11
10 13 17
21 23 13
6 8 9
8 10 3
10 12 1
18 21 14
18 20 14
20 23 18
6 9 2
22 23 20
13 16 8
19 21 11
14 15 3
0 0 13
8 9 13
5 7 3
8 9 2
0 4 8
5 8 9
19 20 15
20 21 8
0 4 14
15 17 17
11 12 9
20 21 3
5 7 4
11 15 20
16 17 9
6 7 2
13 16 2
3 6 20
1 2 17
5 7 17
8 11 13
2 5 15
7 10 19
13 14 13
5 6 5
21 0 18
3 4 18
19 21 6
20 22 6
17 18 1
2 3 4
11 13 3
16 18 6
7 10 10
1 2 3
1 4 17
12 15 4
7 10 9
6 7 20
4 7 12
14 17 12
12 13 18
18 21 7
22 0 5
18 20 3
14 16 12
21 23 2
20 23 12
3 4 5
9 11 18
23 0 14
12 15 20
8 8 3
17 19 5
10 11 13
11 13 5
15 16 13
14 17 2
12 14 19
13 15 11
14 16 3
9 10 6
0 3 16
14 18 16
4 6 7
23 0 9
23 1 2
18 21 7
23 0 9
6 8 20
8 8 17
2 4 8
2 5 5
2 5 20
7 9 19
6 8 5
19 19 13
12 15 18
19 22 4
13 12 12
9 10 15
21 23 12
0 2 15
17 18 13
9 11 13
12 14 15
12 15 6
22 23 16
14 16 16
2 3 6
21 22 9
11 14 15
20 22 10
21 0 3
19 22 16
13 14 16
8 11 17
1 1 16
11 15 16
12 13 11
7 8 9
7 9 5
15 18 9
9 11 12
5 7 1
9 12 8
21 1 5
8 11 13
22 1 14
20 22 11
11 13 8
9 9 14
13 16 16
2 4 15
16 18 7
14 16 1
17 20 7
11 14 19
21 22 10
15 16 8
12 14 10
18 21 1
4 8 17
8 9 5
21 22 8
1 3 1
5 5 2
7 9 19
7 9 14
4 5 5
1 6 11
2 3 12
23 0 12
6 8 7
11 14 15
13 14 20
21 0 11
22 0 1
16 20 2
2 5 1
10 13 20
13 16 18
17 19 1
15 16 2
17 19 9
10 12 8
8 10 13
15 17 16
12 15 9
6 8 19
22 0 9
6 8 14
15 16 3
14 15 5
15 14 17
9 10 15
15 18 10
1 4 9
19 20 19
16 18 5
9 11 20
7 9 15
20 21 7
14 15 18
0 1 17
3 6 8
21 1 8
21 23 5
8 11 8
20 22 9
10 12 3
19 21 4
3 5 14
6 9 6
12 16 17
15 18 1
1 2 10
18 21 12
0 1 6
13 15 2
15 17 3
10 12 17
1 3 16
1 2 8
8 10 5
21 22 7
15 17 8
22 23 12
19 21 20
13 14 3
15 18 13
12 15 16
21 23 19
9 11 7
13 15 14
22 1 3
20 21 9
23 1 12
14 18 1
0 2 5
19 22 20
8 10 17
7 10 3
7 8 13
6 10 3
17 19 15
10 13 8
13 16 17
6 6 2
9 10 17
18 19 11
8 11 5
5 8 1
16 17 16
5 8 12
8 9 13
15 16 16
0 2 17
3 4 12
7 10 14
5 8 11
10 12 10
23 3 18
21 0 14
13 16 9
0 2 7
5 7 15
13 16 9
21 21 16
8 11 3
21 22 7
4 5 5
11 13 18
11 12 8
14 16 20
14 15 7
20 21 18
10 14 19
19 22 16
7 8 3
6 8 14
6 9 8
8 10 13
10 12 6
4 7 18
14 17 17
15 15 5
17 19 14
5 8 14
9 10 2
6 7 15
14 15 6
18 20 18
16 18 3
0 2 5
15 18 16
3 4 2
16 16 17
16 17 10
14 15 9
0 1 7
14 15 6
0 3 5
18 19 5
18 20 17
21 22 19
13 15 20
16 19 15
15 17 12
15 16 10
14 16 2
14 17 13
18 20 11
10 12 20
8 12 8
17 18 11
8 10 16
0 2 4
8 10 4
12 15 20
7 8 18
16 18 6
13 16 13
17 17 6
16 17 6
15 17 7
9 12 6
20 22 19
2 5 12
20 22 19
23 2 8
17 19 14
21 22 18
11 13 9
18 19 2
11 14 13
23 1 1
12 12 4
13 16 9
17 19 5
22 0 14
5 7 14
16 19 6
22 23 4
18 21 7
10 12 20
6 9 9
17 19 15
0 1 10
4 6 17
1 1 20
3 6 13
19 20 3
10 12 16
21 23 19
23 0 20
5 8 19
18 19 8
13 15 2
9 12 8
6 7 19
12 13 11
3 5 14
7 9 14
14 16 2
23 2 18
15 18 18
12 12 3
23 23 17
12 14 8
19 22 17
6 9 3
21 23 4
7 9 19
23 23 15
19 21 6
3 4 2
12 14 9
11 14 15
9 10 19
5 6 17
6 10 17
18 21 16
19 20 19
16 18 1
3 4 9
3 5 8
5 5 9
9 10 4
18 20 5
8 10 17
8 12 13
22 23 14
15 16 12
19 20 7
11 13 6
3 4 10
