170 20
10 3 20 6 19 8 13 8 2 11 14 3 1 16 5 5 17 1 18 4 
2 6 12
21 0 7
4 7 13
9 10 10
2 4 20
16 15 11
5 7 16
22 1 11
2 3 5
3 5 18
5 7 8
20 22 1
3 5 6
23 2 8
9 11 7
11 13 17
16 18 4
14 15 7
6 7 12
19 20 2
5 7 20
13 16 8
14 15 14
18 20 12
1 2 11
11 13 10
10 11 13
9 11 3
22 23 9
22 0 3
11 14 17
19 21 11
10 11 6
2 5 16
16 20 15
11 15 8
14 17 6
8 10 10
3 5 18
23 1 7
6 8 4
11 13 9
11 13 10
20 22 11
19 21 11
23 1 18
9 10 8
11 15 14
6 7 8
19 21 15
21 0 15
4 5 19
2 5 16
4 7 18
15 17 19
10 12 18
1 3 3
3 5 10
20 22 11
10 11 5
7 7 1
14 18 5
14 16 9
17 19 9
18 19 19
13 15 2
4 4 4
6 9 14
13 15 1
13 15 20
20 22 2
11 11 15
0 2 2
8 8 19
8 9 13
13 14 12
10 13 14
20 22 3
11 12 19
16 18 4
12 14 6
17 19 18
8 10 11
12 14 1
12 14 9
21 22 1
9 11 7
0 2 20
3 6 14
5 7 8
7 7 14
1 2 10
17 19 11
3 4 1
23 1 14
0 3 4
15 16 14
2 3 15
15 17 3
13 15 16
8 10 1
17 17 20
22 0 1
19 22 9
21 0 20
15 19 2
12 15 4
22 22 12
2 2 4
0 1 19
4 7 16
6 8 7
1 4 12
4 5 7
22 1 17
5 7 9
18 20 14
2 5 11
23 0 14
6 9 2
13 15 13
13 18 12
20 20 16
16 17 15
13 15 19
5 6 3
9 11 16
6 7 12
17 19 8
17 19 6
17 17 15
14 15 14
17 19 14
12 15 3
16 19 9
12 13 10
22 1 10
20 21 4
9 11 3
9 12 18
7 9 7
1 4 19
11 12 7
5 6 12
7 9 18
8 9 8
17 20 2
16 18 12
20 22 7
8 12 16
12 15 4
16 18 7
1 4 13
18 19 9
12 13 19
4 6 10
2 4 1
8 9 18
10 12 14
0 2 11
21 23 14
4 9 3
0 1 9
7 8 7
8 10 13
14 14 10
5 8 13
7 12 18
21 23 12
16 17 19
