1760 20
20 1 13 14 16 11 15 1 18 13 5 11 11 5 12 17 17 4 12 12 
21 0 12
22 22 12
15 18 9
15 18 1
12 13 4
1 1 6
5 8 15
19 19 7
2 3 7
20 21 4
14 16 18
15 16 6
21 22 10
0 2 7
21 0 13
20 21 2
9 12 12
15 17 1
21 23 7
10 10 4
6 9 15
13 14 12
15 19 16
6 7 20
10 11 6
15 19 6
3 6 11
8 10 4
7 8 19
16 19 3
22 1 20
20 21 17
6 8 19
7 9 13
5 7 8
19 23 10
17 18 17
4 7 1
23 22 2
2 4 20
10 13 2
3 4 12
6 7 19
13 16 1
6 7 1
12 15 12
10 10 10
13 16 7
8 11 4
9 11 3
13 15 1
6 8 19
20 22 19
18 20 12
18 22 7
18 21 5
19 22 9
18 20 20
1 3 10
2 3 11
16 18 13
7 9 4
4 7 14
9 10 4
6 10 16
7 8 20
17 20 6
8 11 9
22 0 20
20 23 19
20 0 18
11 14 10
20 22 15
10 13 14
16 19 8
5 8 10
12 14 12
14 15 15
23 1 15
22 2 5
2 5 10
5 7 10
2 4 13
22 0 14
13 13 10
13 16 12
22 0 7
15 17 20
13 16 13
21 23 19
23 0 11
8 9 18
16 20 20
23 2 10
0 3 17
10 13 12
16 17 18
1 2 14
4 5 2
19 20 16
1 4 19
20 22 4
1 1 6
15 16 2
15 17 3
10 11 1
15 18 11
21 23 19
22 1 11
9 11 13
23 2 9
3 3 14
1 3 17
14 17 3
5 7 17
13 15 17
22 2 12
4 6 15
10 12 13
14 15 16
14 15 16
2 3 13
7 9 1
20 22 15
14 17 7
3 4 11
13 14 12
3 4 16
20 22 5
13 15 18
14 15 19
9 10 13
11 14 14
6 10 5
12 15 5
14 17 11
15 17 13
14 16 12
22 1 19
19 22 1
17 18 9
23 0 9
18 19 20
23 0 1
2 4 4
11 13 13
17 20 20
2 4 13
11 13 1
17 20 17
8 9 11
3 6 3
17 20 15
18 20 3
22 0 16
1 2 11
6 7 1
7 9 2
21 22 14
0 2 16
1 4 20
18 20 1
20 0 8
5 7 12
22 0 20
16 17 19
21 0 1
19 21 5
7 10 3
22 1 12
0 5 5
10 11 13
23 1 14
21 23 2
2 3 7
8 10 6
15 16 12
15 17 16
14 17 1
16 17 6
13 15 18
20 21 12
1 1 20
2 3 8
2 3 20
8 12 7
6 7 5
9 14 13
23 23 6
3 6 11
0 1 12
23 1 5
22 0 11
4 5 17
19 21 13
21 0 5
17 21 18
22 22 17
22 0 17
1 3 19
0 3 1
20 22 19
14 16 20
2 6 17
8 10 1
22 1 17
15 16 5
7 8 20
6 8 9
20 22 18
4 6 14
3 5 2
17 19 20
0 3 20
14 16 4
21 22 6
7 8 19
20 22 20
2 3 13
0 0 6
15 17 17
7 11 17
19 22 5
15 16 6
11 13 13
15 17 6
11 14 11
7 10 5
15 16 6
13 16 15
0 4 4
14 16 17
12 11 2
20 22 1
6 8 16
1 4 13
0 2 6
11 11 11
16 17 10
11 13 4
8 10 9
0 0 18
3 5 14
2 6 10
3 6 18
20 22 11
10 12 5
23 1 3
14 16 15
23 2 18
8 10 14
18 21 12
22 23 2
7 9 14
14 17 15
11 12 20
20 22 18
16 18 9
14 17 11
1 2 17
1 4 1
21 23 2
18 20 10
17 19 11
4 7 13
4 6 19
5 8 12
8 11 12
6 7 7
16 17 9
23 0 11
0 3 6
5 7 6
22 22 13
5 5 6
5 7 10
6 9 9
17 20 10
17 20 1
3 4 6
23 1 6
19 21 19
19 20 19
20 22 13
21 22 6
12 13 7
21 1 15
0 1 14
16 18 7
9 12 2
23 0 7
7 10 6
14 16 17
22 1 14
23 0 3
9 11 16
3 5 10
3 5 8
13 16 16
14 16 16
3 6 18
11 14 18
2 4 4
17 19 10
4 8 17
0 2 8
7 9 19
12 15 9
18 20 4
13 17 6
7 9 14
10 13 4
2 5 19
8 9 2
10 12 20
10 10 4
3 5 13
17 19 15
16 17 9
17 18 3
8 10 16
22 22 2
1 2 4
14 16 3
9 12 12
1 2 17
9 10 12
16 18 19
3 5 14
18 20 12
6 8 14
2 3 5
10 12 5
19 21 1
10 12 6
1 2 5
14 13 8
9 11 10
9 10 3
12 14 5
0 2 15
22 0 20
15 17 7
21 1 16
19 21 1
16 18 7
20 23 9
10 11 5
6 9 13
12 14 6
23 1 2
9 12 13
15 18 12
15 18 20
21 23 13
8 8 2
10 11 4
11 11 3
3 5 9
14 16 12
22 0 12
3 7 17
16 15 12
19 22 5
6 8 1
7 8 16
11 11 19
8 10 3
7 9 12
22 23 6
21 0 1
0 2 19
21 23 14
3 4 5
5 7 13
1 4 4
5 7 16
17 19 11
22 1 8
21 22 7
2 4 19
16 20 5
3 5 16
11 13 5
23 2 11
8 10 8
0 3 10
5 9 2
1 4 16
22 0 9
17 18 17
13 17 19
17 18 12
23 23 18
23 1 16
17 18 20
2 5 8
11 13 6
12 14 5
20 23 3
3 5 18
3 6 11
12 14 3
6 6 8
14 15 13
21 0 18
3 4 12
15 16 11
22 2 12
9 13 14
4 6 14
17 19 11
7 9 15
14 18 13
8 9 15
1 1 8
18 22 1
6 8 7
23 1 8
2 4 20
8 11 14
4 6 15
20 21 2
20 22 6
6 9 13
19 22 1
0 3 5
1 3 14
19 21 7
9 12 1
19 22 9
6 9 19
2 1 2
18 19 15
21 22 19
16 19 4
7 7 3
6 9 1
7 9 1
0 3 18
3 5 15
22 22 12
8 11 1
12 16 2
1 4 15
10 12 2
1 2 11
19 21 18
1 3 9
12 13 4
6 9 2
17 18 11
2 3 8
16 17 9
23 0 8
19 21 2
5 8 20
0 3 9
19 20 16
9 11 12
19 22 6
1 3 15
16 15 18
16 17 1
7 9 2
10 13 18
18 20 2
1 1 18
6 8 12
14 17 15
7 9 10
14 15 2
16 17 2
16 19 19
16 16 18
7 9 13
11 12 16
1 3 18
7 8 4
5 7 7
6 10 7
6 7 5
8 9 1
8 10 16
12 14 13
20 21 18
17 20 8
3 7 19
15 17 20
15 18 12
7 8 14
21 0 2
4 6 5
0 3 10
19 23 15
16 18 5
13 17 15
1 2 10
6 6 14
9 10 7
15 16 14
20 19 15
10 10 15
5 7 7
2 5 14
23 2 5
21 0 2
5 7 17
21 23 1
11 13 7
8 11 15
19 22 3
12 15 17
18 19 6
17 20 2
15 19 15
11 13 6
20 20 13
20 22 12
9 11 4
19 20 19
6 9 13
23 1 9
5 8 12
10 12 10
19 22 19
19 21 1
4 7 10
6 8 16
9 11 6
15 17 3
2 4 7
4 6 10
1 3 16
2 4 6
8 11 6
23 1 2
4 6 5
21 0 18
23 1 7
20 22 4
23 0 9
21 1 16
14 16 13
11 13 10
11 12 1
20 22 1
19 22 16
12 14 7
14 14 7
5 8 8
16 19 3
18 20 20
18 18 11
20 23 20
20 23 12
21 23 18
11 14 10
13 14 8
22 0 16
0 3 10
4 5 5
7 10 12
8 9 11
15 17 11
18 20 18
4 5 18
18 17 5
10 11 3
3 5 14
23 1 8
2 5 19
8 12 1
21 23 8
10 13 6
10 15 6
12 14 5
6 7 16
12 15 4
21 23 5
3 4 10
19 21 14
4 5 18
13 15 5
14 15 19
21 22 16
21 22 9
6 9 3
2 4 19
14 15 17
2 6 20
3 4 7
5 7 6
19 21 9
8 10 4
4 4 17
1 3 9
16 18 8
11 12 4
13 17 15
12 14 3
11 13 14
9 12 20
4 6 16
19 21 2
4 7 20
22 1 14
22 23 12
0 2 18
7 9 11
23 3 4
13 14 16
11 13 15
20 21 14
20 22 6
9 11 5
20 20 7
21 0 18
0 1 3
23 1 12
3 5 15
6 10 19
7 10 16
16 17 8
17 19 4
3 8 19
15 17 2
23 1 7
21 23 19
1 1 12
18 23 6
14 16 11
10 10 18
9 10 8
3 4 8
13 13 1
10 12 11
16 19 6
8 10 18
6 8 9
19 22 8
8 9 19
8 11 20
2 5 6
19 22 5
17 19 7
18 19 17
4 7 13
13 15 6
7 7 2
14 16 20
10 12 7
11 13 2
5 8 10
21 0 6
18 20 7
17 19 6
2 3 3
23 2 20
20 23 3
18 20 13
6 8 15
16 19 18
7 7 10
0 4 16
21 21 17
18 20 3
23 1 5
13 14 10
2 4 14
11 14 17
21 23 16
22 0 13
7 9 17
10 13 14
6 8 15
9 11 15
14 17 17
20 23 14
22 0 12
19 20 3
11 15 6
20 0 3
17 18 2
10 12 2
3 4 18
0 1 9
16 18 4
1 3 1
4 5 1
8 11 5
23 2 14
6 9 7
15 17 20
2 2 15
9 10 5
16 18 17
5 7 8
7 9 4
18 18 18
0 1 4
5 6 5
20 22 20
5 7 16
19 19 4
4 6 11
13 16 7
8 11 18
4 6 1
23 1 7
22 23 10
4 6 7
10 11 11
3 3 9
16 18 16
18 21 17
2 4 15
20 21 11
10 10 9
23 0 5
18 19 16
0 2 15
22 0 15
15 16 2
7 8 4
7 8 6
20 22 19
18 18 19
20 21 3
3 4 17
11 14 9
19 20 1
20 22 11
22 22 19
12 15 10
12 16 11
8 9 16
20 23 20
2 3 5
4 6 4
3 5 20
18 19 1
5 9 20
15 17 19
2 3 8
5 6 7
22 22 17
20 22 16
9 9 13
11 13 2
23 1 5
21 22 18
22 23 13
9 11 19
21 23 14
11 11 4
18 20 15
23 2 16
16 17 7
4 7 15
10 12 9
12 16 5
5 7 1
19 23 5
4 5 18
20 21 13
8 9 2
4 7 8
6 6 20
18 20 4
4 6 10
1 2 12
23 23 5
3 6 12
20 0 18
8 10 15
16 18 2
9 10 16
6 9 8
3 6 1
22 0 20
0 2 5
13 16 15
22 22 7
19 20 10
22 0 12
20 23 15
8 11 4
1 4 13
22 22 18
8 11 20
16 17 15
8 10 6
11 14 7
0 3 12
21 23 15
16 18 6
19 22 8
6 8 14
13 15 5
5 8 3
13 16 20
5 9 1
15 17 11
4 5 8
13 16 18
18 20 15
18 17 10
1 4 1
15 17 20
20 21 10
1 3 1
14 16 10
16 17 2
13 15 8
21 22 4
22 2 1
9 11 15
21 0 1
6 8 1
6 8 18
16 18 9
2 3 7
4 6 11
21 23 7
20 23 7
12 12 2
1 4 19
4 8 16
15 18 8
8 10 8
0 2 15
5 5 1
17 18 18
1 3 9
16 16 20
10 10 7
18 20 17
7 9 2
8 10 15
22 0 18
10 10 9
13 15 4
14 15 13
6 8 18
10 12 10
13 15 12
18 20 11
22 0 19
18 19 1
21 22 19
3 4 11
17 20 1
12 13 13
4 7 11
14 19 3
5 6 1
4 7 1
9 11 13
11 13 4
14 16 16
21 0 10
4 7 13
23 0 11
21 22 12
8 10 20
22 23 4
21 0 7
17 20 4
21 22 9
9 11 4
19 21 7
14 16 3
19 23 7
10 12 17
5 5 1
3 5 19
20 23 6
22 23 10
10 11 3
10 12 8
19 21 10
18 22 12
18 22 4
5 6 19
2 5 14
19 22 5
16 19 17
16 18 12
0 2 8
17 17 20
2 3 2
10 13 16
18 20 9
21 23 6
22 23 20
7 10 11
12 13 4
14 17 1
8 9 6
11 13 8
11 13 1
6 8 3
13 14 4
20 22 13
18 20 8
20 22 8
13 15 10
9 11 17
5 7 7
3 6 10
11 14 10
23 1 8
9 11 10
22 0 9
18 20 6
8 10 6
3 5 8
10 13 19
4 3 14
11 13 15
9 10 14
1 4 19
3 6 15
8 10 1
21 23 2
23 0 1
4 7 13
8 9 11
10 11 10
10 10 15
18 22 18
11 13 11
16 19 5
22 0 17
2 5 3
11 12 13
14 17 18
14 14 8
17 18 7
21 22 1
8 9 14
7 10 17
22 23 6
14 16 6
2 3 6
5 6 4
15 18 1
1 4 11
3 4 15
0 0 9
9 8 15
19 21 2
6 8 5
20 23 3
23 1 15
4 5 20
10 13 16
6 8 1
11 14 5
20 21 2
20 22 20
5 5 1
14 16 9
12 14 3
18 22 1
12 15 3
14 16 14
21 0 11
21 23 9
7 8 7
19 20 18
16 17 4
22 23 18
1 2 18
9 10 7
22 0 3
14 17 17
20 22 4
15 18 2
3 3 18
0 0 3
5 7 19
15 16 17
13 15 10
23 23 11
13 15 8
2 3 15
5 7 4
14 15 12
18 21 15
10 12 6
23 2 5
14 15 6
7 10 7
13 15 12
6 8 6
6 7 17
7 11 18
22 0 16
1 3 11
9 10 11
20 22 11
15 16 16
20 22 11
4 7 13
14 17 19
16 18 20
17 19 9
5 7 10
19 22 6
12 14 17
18 20 2
22 1 10
0 1 3
9 9 6
14 16 18
21 23 7
16 19 10
15 15 19
22 0 19
9 10 1
0 2 5
6 8 4
6 8 17
0 2 2
16 19 11
17 20 18
0 0 18
19 22 1
23 0 2
13 15 20
4 6 8
12 15 10
7 8 3
14 15 13
6 8 1
6 8 5
15 15 10
14 14 9
12 13 15
15 17 16
17 19 18
18 21 20
16 17 11
1 4 7
13 15 2
10 12 3
7 11 1
1 5 5
5 8 5
10 12 12
14 15 15
12 14 14
23 0 15
4 7 12
22 1 16
22 23 18
2 4 4
16 18 6
10 13 14
14 14 17
12 12 11
11 13 12
6 8 1
21 1 19
3 6 12
10 11 16
10 13 9
7 7 15
3 5 20
16 18 1
21 22 3
21 22 16
6 10 2
10 12 18
6 8 8
1 3 12
3 5 1
19 20 7
3 5 8
1 5 16
15 18 4
19 19 9
15 14 8
11 14 11
21 23 4
17 20 11
3 4 19
3 6 11
12 13 6
6 8 15
11 13 15
0 4 3
9 10 14
17 20 7
0 1 15
2 4 14
14 17 6
18 21 3
0 4 6
21 22 14
4 5 13
12 13 4
14 17 7
8 10 14
4 6 5
5 7 2
5 9 20
13 14 2
9 12 9
17 19 2
10 12 4
20 21 12
20 21 7
20 23 20
14 14 17
18 19 12
2 5 19
7 9 4
2 5 16
1 4 12
16 19 14
2 4 6
22 23 5
16 18 9
0 2 13
1 3 11
1 2 19
21 0 7
19 20 2
14 16 12
23 0 13
4 6 5
17 18 8
16 18 6
23 3 2
12 14 5
22 0 18
6 7 15
20 22 1
20 22 11
14 18 8
0 4 2
20 22 18
18 20 15
12 15 3
10 11 10
2 4 15
12 14 18
15 17 7
6 7 12
14 15 5
15 16 11
4 6 19
17 18 1
21 23 17
20 22 12
14 17 16
20 22 15
3 3 2
4 6 4
17 19 6
12 13 17
21 22 3
10 11 1
10 14 9
8 9 11
2 5 19
17 20 2
7 9 5
8 9 5
19 21 11
14 16 9
13 16 1
7 8 5
20 23 14
5 8 13
21 21 10
20 22 14
12 14 7
5 6 8
8 10 6
4 6 15
16 18 17
9 9 9
11 12 8
4 6 4
18 20 8
16 18 10
3 5 5
4 7 19
18 18 19
19 20 4
18 19 7
23 23 15
16 17 15
10 12 1
8 10 5
6 9 19
16 17 11
12 14 14
11 12 14
19 20 1
7 10 10
18 21 13
18 21 10
4 7 18
9 12 3
21 0 1
1 2 1
6 7 16
12 14 13
0 2 19
18 19 8
14 17 2
9 11 4
0 3 12
16 20 3
7 9 2
11 15 19
9 10 1
4 7 18
23 1 11
6 7 16
14 16 18
3 5 13
2 5 11
2 3 3
10 11 8
16 17 11
21 22 13
4 6 11
14 16 15
13 15 4
12 14 9
5 6 5
12 12 2
8 12 4
10 13 19
6 6 20
21 0 20
1 3 11
18 21 19
5 6 2
13 14 1
16 17 13
15 18 7
4 7 18
1 2 20
16 19 14
9 9 3
18 20 9
19 23 1
8 11 19
18 18 12
11 13 13
10 12 7
10 14 16
4 5 12
1 4 19
21 23 6
2 6 19
1 4 4
9 13 1
7 10 3
13 15 12
22 1 14
20 0 10
15 17 16
10 12 10
11 13 2
16 19 12
9 11 6
0 3 1
15 17 3
5 7 20
11 13 14
7 8 18
23 1 19
22 0 6
14 16 16
14 14 1
21 0 20
18 20 1
0 5 7
14 19 14
18 20 8
8 9 11
11 13 9
7 9 5
8 11 5
7 8 2
8 9 13
2 4 18
12 14 13
9 11 5
6 8 6
9 10 4
2 4 13
6 8 2
5 7 9
8 10 14
10 11 14
19 21 3
8 9 10
14 15 12
17 19 8
12 14 14
14 17 19
20 22 7
21 0 13
1 1 14
6 7 18
6 8 10
16 20 6
3 5 18
12 15 8
19 21 6
3 5 20
11 13 15
9 12 2
19 20 14
3 6 3
21 21 15
3 4 15
7 9 10
7 10 16
14 16 18
14 16 18
23 1 17
0 3 13
12 12 19
12 13 5
12 13 15
5 6 9
12 13 1
19 20 19
12 14 15
4 5 9
6 6 6
6 7 12
7 9 1
9 12 11
5 7 16
5 7 20
2 4 1
4 6 13
9 12 9
21 23 6
14 15 14
22 0 10
18 20 16
0 3 3
13 15 12
13 14 8
13 16 11
19 21 18
19 21 4
10 13 16
18 20 11
7 10 6
13 16 12
2 4 9
3 4 6
12 14 18
1 1 8
2 5 15
2 6 6
12 12 6
13 14 20
21 22 18
10 14 17
10 12 18
1 3 16
23 1 13
12 16 12
18 21 3
20 22 4
17 20 20
4 6 19
10 15 8
20 20 19
7 8 17
10 13 11
22 1 17
14 15 14
15 16 1
17 21 20
20 21 15
13 15 18
6 11 13
6 9 2
13 17 5
12 13 9
0 3 15
21 23 13
11 12 11
19 20 19
14 17 12
10 12 2
0 1 14
14 15 10
13 15 20
6 9 10
23 2 14
19 21 19
17 20 12
21 22 16
11 13 1
22 0 12
23 1 8
6 7 9
10 13 2
20 22 4
10 11 15
1 2 9
9 10 5
19 21 12
18 21 8
12 13 14
16 19 9
10 12 1
22 23 3
18 21 14
0 0 19
22 23 20
7 8 18
19 21 2
15 16 12
11 14 6
13 15 16
9 9 4
8 12 20
14 17 9
4 5 12
12 15 18
19 21 16
5 7 18
14 16 16
21 22 17
14 15 18
9 11 18
23 0 3
23 1 15
17 20 20
3 5 15
21 23 1
22 1 13
3 3 15
18 19 20
7 10 18
1 2 7
22 1 10
19 21 13
5 6 8
0 3 10
6 8 17
9 10 19
22 0 3
22 0 17
1 3 13
20 22 15
21 20 18
6 8 9
12 13 8
15 18 18
12 16 13
12 13 3
21 20 19
19 23 8
6 9 15
18 20 20
9 10 2
18 20 16
20 23 9
20 22 9
8 10 5
8 9 10
14 16 18
4 5 9
13 15 8
0 1 4
5 7 7
19 21 17
15 19 16
11 14 6
23 3 3
15 16 19
3 5 20
3 5 2
23 22 17
11 12 2
17 21 11
2 3 2
1 4 11
14 17 15
13 14 13
8 10 5
18 19 4
15 15 19
5 8 6
2 4 10
12 14 7
10 12 8
21 0 2
20 23 8
6 9 5
2 4 5
2 2 5
6 8 20
14 17 11
13 15 19
4 7 14
2 5 1
15 19 2
9 11 5
1 2 6
7 8 18
20 21 19
17 19 3
11 13 13
8 11 2
23 1 16
6 7 9
8 9 14
21 0 15
2 6 20
17 20 11
22 0 19
0 1 16
2 3 18
8 9 16
7 8 16
17 20 1
10 12 16
2 4 7
11 14 6
19 23 11
21 0 20
6 7 4
17 20 2
9 12 19
22 23 11
2 4 7
10 12 14
22 0 13
16 18 12
6 8 9
3 6 6
9 12 17
19 20 8
9 11 8
8 9 20
14 17 1
19 22 12
10 14 3
7 8 3
19 22 2
2 5 10
19 22 15
13 15 1
23 1 12
2 3 10
2 4 9
10 11 5
0 2 5
12 12 5
8 9 10
19 21 16
22 0 9
2 2 1
6 8 9
10 11 12
14 17 4
21 22 18
14 16 19
11 14 7
12 15 17
2 3 3
6 9 16
2 4 11
10 12 4
1 4 13
20 22 19
1 3 1
15 16 10
23 1 13
13 14 1
14 15 4
19 20 13
12 12 18
4 7 10
11 13 17
21 23 2
9 11 20
21 0 10
21 22 18
11 14 11
23 1 14
2 5 12
21 22 13
3 5 6
1 2 12
0 3 19
20 22 4
17 17 13
8 12 5
5 7 18
8 11 7
9 9 8
15 16 18
15 16 20
14 17 11
1 3 18
1 2 5
4 5 1
22 1 1
8 10 14
20 22 1
9 12 15
14 15 10
3 6 11
11 14 17
16 20 2
13 15 18
19 19 16
13 16 10
12 12 5
3 6 2
13 16 2
22 1 5
4 7 2
10 11 15
16 17 6
18 20 12
20 21 19
5 6 17
21 23 18
7 10 9
11 15 1
3 6 17
14 15 8
22 2 6
5 6 14
7 8 3
8 11 2
2 5 13
1 4 3
12 13 10
16 15 3
11 13 5
21 23 11
10 11 10
19 22 11
6 7 7
22 0 9
23 1 5
16 19 13
17 17 3
23 2 5
19 22 9
21 0 16
4 6 19
2 4 19
1 1 3
22 1 17
2 5 5
13 14 9
22 0 2
5 6 14
15 17 18
13 14 4
12 14 11
22 0 13
14 16 1
8 9 18
1 4 17
22 23 5
14 16 2
6 9 15
14 16 16
14 15 2
17 20 2
10 13 10
9 12 19
14 17 9
2 2 13
14 16 10
21 23 13
16 17 6
10 12 2
19 20 2
8 11 5
6 8 5
16 18 12
16 18 7
23 3 17
5 8 6
21 22 13
19 23 11
14 18 20
3 4 4
0 2 8
11 12 10
9 12 14
16 18 11
10 11 5
5 7 16
17 19 8
17 18 7
8 10 2
8 11 19
8 10 3
8 9 11
8 9 19
5 6 20
7 9 7
8 10 18
13 14 6
14 16 15
5 7 16
22 0 12
22 1 12
7 10 7
22 0 2
1 3 18
13 16 14
2 5 17
22 1 10
1 2 13
3 4 18
21 1 9
20 0 3
20 23 5
22 1 9
10 14 15
20 21 2
22 23 17
11 12 2
1 2 8
3 7 20
2 3 9
22 1 15
12 15 19
17 18 14
15 17 6
21 22 13
1 3 20
22 23 11
21 23 14
17 20 2
2 5 11
10 13 13
18 23 4
2 3 5
20 21 20
15 17 4
10 12 18
14 17 18
