1730 20
2 8 17 1 6 17 17 6 20 12 7 18 8 1 16 19 1 11 19 17 
15 19 1
20 0 17
17 20 14
3 5 7
8 10 3
1 3 19
22 0 3
3 6 5
20 22 3
23 0 1
20 22 14
1 3 20
17 21 6
4 5 7
2 3 20
0 2 1
16 19 20
8 10 5
10 12 17
16 16 18
23 2 8
11 13 4
12 15 1
8 9 7
7 10 10
19 20 15
20 23 9
15 17 14
3 3 10
20 21 12
5 6 3
4 6 20
12 13 1
21 23 6
4 6 1
20 23 8
5 6 6
4 7 16
17 20 7
6 8 15
13 14 10
0 1 18
22 0 6
4 6 13
5 7 19
13 14 19
9 12 2
19 20 14
5 5 12
8 11 17
23 0 12
23 1 19
22 23 1
3 5 8
0 2 3
22 0 2
13 15 10
18 20 12
2 5 5
20 22 10
10 12 15
7 9 2
7 10 20
19 21 3
2 2 9
10 12 1
12 14 3
1 3 6
22 2 13
10 12 12
11 12 15
9 12 13
2 4 20
14 16 4
12 15 19
3 4 1
4 7 3
3 6 16
4 6 15
21 23 8
19 21 8
0 3 1
13 16 17
21 22 7
1 4 8
19 20 18
12 14 7
12 14 9
0 3 1
6 9 17
9 10 5
14 16 6
22 1 7
0 1 2
0 0 13
9 11 6
5 6 15
10 12 13
21 0 2
21 0 1
10 13 13
11 14 14
21 22 14
15 20 13
1 3 12
17 18 13
15 18 16
15 17 11
16 19 13
8 11 11
8 10 17
9 11 14
21 0 18
4 7 4
3 4 20
5 5 4
9 11 13
16 17 13
5 7 11
14 18 16
1 5 17
18 20 20
13 15 1
15 16 3
1 3 9
0 0 13
16 18 11
16 21 2
5 8 10
10 13 3
14 16 10
22 1 8
11 13 9
14 16 13
18 19 1
20 22 8
23 1 10
1 2 4
0 2 10
17 20 10
14 17 16
1 3 3
11 13 20
15 18 16
17 18 13
12 14 7
16 17 16
4 7 13
21 1 7
16 16 11
23 1 17
6 6 1
11 12 5
5 7 3
1 4 14
3 4 9
22 23 7
13 13 3
11 14 14
19 20 12
15 17 2
17 18 2
3 6 10
0 3 2
19 21 6
18 20 8
11 13 7
10 12 4
9 9 11
20 20 13
0 4 2
3 4 18
22 1 2
3 5 18
17 20 12
22 22 14
5 5 18
16 16 16
14 15 9
10 11 14
21 2 4
10 13 11
1 3 17
10 12 17
11 14 7
5 7 18
16 18 1
19 21 9
9 11 14
17 18 12
6 7 4
20 21 17
18 21 5
5 7 7
23 23 13
9 9 8
7 10 17
17 20 4
5 7 14
14 16 15
10 12 9
15 18 4
18 19 19
4 4 1
21 0 6
14 18 20
2 4 6
15 17 14
12 15 6
2 4 1
22 0 3
11 13 3
20 22 13
7 9 12
21 23 11
1 2 15
16 19 16
1 3 20
6 6 8
7 10 13
12 13 4
16 16 13
23 0 4
14 16 16
15 15 16
8 8 3
16 18 17
13 16 11
4 6 18
6 8 7
4 4 16
12 15 3
19 21 3
1 3 3
11 13 14
19 21 16
10 13 10
8 9 1
12 15 4
6 8 5
18 20 11
22 0 4
21 23 11
6 8 17
22 23 11
20 23 9
11 13 18
6 8 10
20 22 20
15 17 15
8 13 6
9 12 16
20 23 6
9 11 20
17 19 9
20 0 15
0 2 10
10 12 9
18 22 11
17 19 18
2 5 4
17 19 5
19 20 14
15 16 17
8 10 19
1 3 9
22 23 3
12 13 2
23 3 3
21 1 1
9 12 9
3 6 15
0 1 2
23 23 20
3 5 5
22 0 10
3 5 20
13 15 13
8 10 8
17 18 4
18 19 5
13 14 14
22 0 17
4 5 5
15 17 20
3 6 7
17 18 18
14 15 3
4 7 5
19 21 9
19 20 16
0 2 2
22 0 19
6 8 1
17 20 10
1 2 12
3 6 17
7 9 15
10 13 1
21 0 3
2 3 12
6 8 2
1 4 17
3 5 17
22 0 18
8 10 8
17 18 20
4 5 12
14 15 5
4 7 4
20 21 13
5 7 13
8 10 7
4 5 9
20 22 17
3 5 11
23 0 13
16 17 5
23 0 7
18 21 13
5 6 15
19 22 17
19 21 13
15 15 13
6 9 15
10 11 5
19 22 10
20 21 10
22 23 12
1 3 12
21 22 8
14 16 18
2 4 8
14 17 19
17 21 8
6 8 7
0 3 18
10 12 8
6 10 18
6 8 19
13 14 9
1 2 8
18 20 15
11 13 20
4 6 12
12 15 18
9 8 15
2 4 1
11 14 7
3 5 13
19 0 20
9 11 1
2 4 15
9 11 20
5 7 12
9 12 13
15 18 1
10 13 5
17 19 14
9 11 13
23 1 19
7 8 10
4 6 2
20 23 9
16 17 3
3 4 15
4 6 16
2 3 14
7 8 5
7 10 8
4 4 16
18 20 12
2 4 10
4 7 13
7 8 14
11 13 6
1 3 5
15 19 16
22 0 5
6 7 7
11 13 8
19 20 15
23 1 6
18 22 1
12 13 15
23 0 20
16 19 9
6 6 1
11 15 5
2 4 10
2 4 10
23 2 17
5 6 9
6 7 18
8 11 7
19 21 2
17 19 15
15 17 18
12 14 5
11 14 9
11 12 17
22 0 10
17 18 14
16 19 16
2 5 17
20 23 4
19 21 8
8 10 17
13 16 12
8 11 3
6 9 15
18 19 12
1 4 6
12 14 20
3 5 15
19 21 17
14 16 10
3 6 17
19 20 2
21 23 8
19 22 11
22 1 4
20 22 2
11 14 7
4 5 15
18 19 13
6 8 3
12 14 17
7 10 4
8 8 4
11 12 6
1 5 9
6 8 9
13 14 18
18 19 6
0 2 11
5 6 1
15 17 13
0 2 13
5 7 8
17 18 19
1 3 12
17 20 10
19 20 16
16 18 8
23 1 2
7 9 14
1 4 15
0 1 5
12 16 7
12 13 14
4 7 6
7 10 6
16 20 12
13 14 14
14 18 13
20 22 13
8 9 19
14 17 9
1 4 19
7 9 13
4 5 20
10 11 18
22 23 10
8 10 4
12 14 4
18 20 9
5 7 3
23 2 12
11 12 14
16 18 19
5 7 14
10 13 1
16 20 8
8 12 3
9 10 20
8 10 16
19 21 10
18 20 9
4 6 1
3 4 10
20 22 11
8 10 16
19 21 16
1 3 3
2 5 20
3 5 15
19 21 14
21 0 11
6 8 1
5 4 17
17 19 15
6 7 10
5 7 18
0 2 1
4 5 6
22 1 8
3 6 13
15 17 20
1 3 17
15 17 5
8 10 17
11 13 17
17 19 12
8 10 2
14 16 5
14 16 1
12 14 10
12 15 5
7 9 13
5 7 20
10 12 1
22 2 2
14 14 7
13 13 9
14 18 12
19 21 5
2 5 19
14 16 3
16 19 20
7 10 18
6 9 11
0 2 15
8 9 17
10 11 5
4 6 1
16 16 14
9 12 8
23 0 7
13 15 6
10 13 4
20 0 3
21 20 16
15 19 1
13 15 15
20 23 11
14 16 12
4 5 17
8 10 2
9 9 4
19 20 7
0 1 4
11 14 17
9 10 11
16 19 9
3 5 3
19 21 18
3 5 5
11 13 5
13 13 4
4 5 2
11 13 16
20 21 13
3 4 19
16 18 4
8 10 10
10 12 9
16 17 20
2 6 19
14 17 11
19 22 18
22 23 4
0 1 19
9 10 10
16 17 9
4 5 18
19 21 16
20 21 6
0 1 6
2 3 10
13 16 1
16 18 8
18 18 17
14 16 13
12 15 5
16 17 20
14 16 17
1 3 1
13 14 12
7 8 9
11 12 11
1 2 19
16 18 1
5 8 7
3 5 18
12 12 4
7 10 15
12 16 16
4 6 13
10 9 11
4 5 20
20 20 2
6 8 18
20 23 3
10 11 12
1 1 6
15 18 10
21 23 7
2 5 6
23 0 11
5 8 4
12 15 14
18 20 16
19 21 15
14 15 4
8 10 3
22 23 7
4 7 12
19 22 7
1 4 4
16 18 5
15 17 9
4 7 4
0 2 15
0 0 7
0 2 2
17 19 18
11 13 11
21 23 5
7 9 9
14 17 4
5 6 8
19 21 2
23 0 1
16 20 12
7 11 4
10 12 18
7 10 6
7 10 14
8 12 10
15 16 14
0 3 5
17 19 7
11 12 1
23 1 15
10 10 19
7 10 19
15 15 12
6 9 19
12 13 15
17 19 20
17 18 17
9 10 9
6 8 3
1 4 19
12 14 20
23 0 8
1 3 19
9 11 3
21 0 11
13 15 10
9 11 20
16 18 17
15 17 9
22 0 3
4 5 6
5 9 18
7 11 12
22 0 3
0 0 11
16 18 11
18 22 5
12 14 8
10 12 19
23 1 18
20 23 12
13 15 9
20 21 12
0 2 11
13 13 16
11 12 20
9 11 19
20 22 20
13 14 15
15 18 20
20 20 17
5 8 14
19 20 17
0 2 5
17 19 11
12 15 9
6 9 16
14 15 2
13 15 16
17 21 12
18 21 8
21 23 4
11 13 13
22 1 4
11 13 18
12 14 20
2 5 7
8 10 15
11 13 3
3 6 10
7 8 2
20 22 18
17 19 13
4 5 1
16 17 8
6 7 5
12 12 3
7 10 2
22 0 6
4 6 17
12 15 10
5 6 20
4 6 3
22 0 4
20 22 12
12 13 11
8 11 18
8 8 6
2 4 15
22 0 14
4 4 3
19 21 20
18 20 5
8 11 2
7 7 15
13 15 19
18 19 10
3 5 5
13 15 19
10 13 12
0 0 20
3 5 1
14 15 15
0 1 14
4 7 5
5 6 3
9 11 17
23 0 18
14 17 6
6 9 3
0 1 12
15 18 4
0 2 17
6 9 6
21 23 1
14 16 13
9 11 16
17 19 4
1 3 16
22 1 12
23 2 11
10 12 10
0 2 12
2 4 13
18 19 17
6 9 11
16 18 15
9 9 5
11 12 11
13 15 11
11 12 13
17 17 16
7 9 6
20 23 10
22 0 18
0 4 9
17 19 16
5 6 9
4 7 14
4 5 16
6 7 3
14 17 5
18 20 6
4 7 18
4 5 2
13 15 20
8 10 16
0 3 1
4 6 17
23 0 8
18 19 2
2 3 14
0 2 13
12 14 18
21 0 13
1 3 9
5 7 10
4 5 6
9 12 18
23 1 2
13 16 4
18 21 17
20 22 14
5 7 20
5 7 10
19 20 8
7 11 20
16 18 5
11 14 4
7 10 6
22 1 19
3 4 8
18 19 11
13 16 9
13 17 7
10 10 11
11 13 14
22 23 19
8 9 17
1 4 3
22 22 19
22 23 13
18 20 18
1 4 8
19 21 13
22 0 11
20 22 18
6 10 13
19 21 13
14 16 15
1 3 16
11 15 16
7 7 9
17 20 1
9 11 2
11 13 5
1 5 1
5 7 10
7 11 17
14 16 16
3 3 3
6 9 17
17 19 14
7 8 19
13 15 12
12 15 6
10 12 14
7 9 16
20 22 2
4 8 20
5 7 7
7 10 19
3 4 3
6 7 19
5 7 5
17 20 16
4 6 2
15 16 1
20 21 2
22 0 1
17 21 14
21 23 8
2 4 11
15 18 2
20 23 18
1 4 16
1 5 12
4 5 15
21 23 6
3 7 7
13 16 14
4 7 16
8 10 11
19 21 3
12 15 18
22 0 1
23 1 15
14 17 5
4 6 18
17 21 13
16 17 7
22 2 3
15 17 13
23 2 2
21 22 10
8 9 13
14 16 16
7 8 10
5 8 18
21 23 20
13 15 13
9 10 15
12 15 16
2 4 10
10 12 8
0 4 13
23 0 12
21 23 17
22 23 4
4 6 1
11 15 12
22 22 7
14 16 17
2 3 19
16 17 17
17 19 5
16 19 20
14 17 4
6 7 9
4 6 5
4 6 13
1 1 1
3 5 19
10 13 18
1 2 4
10 11 1
19 21 12
12 15 10
18 19 13
21 1 16
7 9 5
11 13 10
3 3 1
2 5 11
13 15 1
9 12 11
14 15 4
16 19 10
22 23 4
22 23 19
1 3 18
13 13 8
20 21 3
19 21 9
22 1 19
3 4 3
0 -1 1
22 0 11
9 11 13
3 5 19
0 -1 16
19 22 15
14 15 4
14 15 5
19 23 3
9 12 8
18 19 19
15 16 7
9 11 4
22 0 20
21 22 3
15 18 12
11 13 7
5 7 9
8 10 11
4 7 15
0 1 16
10 12 8
7 7 18
11 14 18
14 15 19
5 8 6
16 19 13
4 6 20
14 16 11
7 9 19
19 22 14
6 8 17
17 19 18
2 5 5
16 18 11
2 5 13
10 11 9
15 19 7
16 18 7
16 17 2
14 16 11
0 3 20
19 23 17
15 16 13
3 6 12
17 16 1
23 2 17
16 18 3
16 18 11
12 14 6
20 20 16
19 20 18
23 3 6
8 9 1
15 17 20
17 20 6
4 6 8
4 6 17
16 18 8
13 14 18
13 16 8
18 20 5
20 21 4
7 9 18
0 2 2
2 4 6
11 13 9
18 18 4
2 4 4
9 10 19
11 13 11
21 0 4
6 11 20
17 19 16
11 12 18
8 9 12
11 13 7
19 23 7
3 7 15
21 22 2
23 2 13
17 20 7
5 5 11
1 3 2
13 14 16
10 12 4
2 5 1
19 20 16
21 2 5
0 0 8
21 22 5
20 22 10
17 19 4
4 6 4
19 21 17
4 6 3
12 13 3
20 22 14
19 21 8
10 12 6
20 21 3
11 12 14
8 10 20
7 8 1
9 12 14
16 18 13
22 0 13
8 12 2
10 11 12
0 1 10
17 18 2
17 19 17
4 8 15
16 18 9
8 10 11
14 15 2
11 12 9
8 11 16
10 13 19
10 12 10
15 18 10
16 18 1
9 10 12
9 11 1
18 19 2
16 18 3
15 18 13
4 7 9
3 5 12
1 4 15
2 3 9
22 0 8
22 1 20
23 2 3
18 20 15
10 11 6
10 13 2
15 16 13
22 1 11
14 15 14
4 8 9
7 12 8
23 1 20
4 6 10
20 23 18
20 21 17
14 16 4
13 14 6
9 11 18
14 17 16
5 9 13
5 7 12
1 1 6
16 17 6
11 13 11
1 3 4
15 16 20
12 15 5
5 7 7
12 14 14
22 0 18
9 10 2
21 23 18
13 14 15
8 9 5
1 5 2
4 5 8
21 23 12
3 6 6
8 10 2
7 9 13
1 3 9
15 17 3
5 8 3
2 4 3
17 20 4
4 7 6
2 6 14
1 2 5
8 10 3
1 3 9
4 7 5
12 15 9
3 5 18
14 15 10
0 3 12
23 2 15
22 23 15
23 2 12
2 3 19
18 21 2
6 10 6
20 20 7
3 5 13
0 2 15
12 14 8
2 3 14
11 12 14
23 0 4
16 19 19
9 12 15
1 3 5
0 1 4
18 20 4
7 6 3
22 0 7
18 21 2
0 2 13
21 23 9
18 18 6
4 6 3
11 12 15
2 2 9
15 18 19
20 21 8
9 10 1
11 13 20
6 8 9
15 17 20
21 23 9
5 6 18
16 18 17
2 5 6
10 12 6
12 14 17
23 0 18
4 5 3
18 20 15
3 5 2
10 12 4
20 20 12
15 18 8
16 17 10
1 2 4
9 12 10
5 6 9
16 17 12
14 16 2
12 14 4
6 9 15
5 7 19
13 16 3
6 7 18
6 7 2
1 2 13
23 2 9
8 12 17
8 7 19
10 14 14
13 16 15
21 23 15
23 23 9
17 20 4
9 12 12
8 11 18
8 10 8
7 9 10
14 15 5
1 2 4
5 4 17
14 16 4
23 2 19
10 12 1
11 11 15
1 3 1
14 15 19
4 5 8
3 5 15
23 1 20
2 4 15
17 18 13
14 16 3
11 13 14
13 15 12
23 0 14
9 10 4
0 1 18
5 7 19
14 17 11
10 10 17
2 6 9
8 11 14
4 4 4
6 10 5
21 23 2
7 8 3
3 5 17
5 5 8
17 18 15
19 19 19
21 0 2
19 21 20
15 17 7
19 20 3
0 2 18
1 2 14
18 19 14
22 0 6
17 19 15
10 13 20
5 8 3
15 17 18
10 13 9
0 0 11
18 21 12
7 7 20
0 1 20
9 12 18
20 21 12
10 12 2
9 12 18
14 16 14
9 11 20
19 21 16
1 4 14
13 14 4
12 15 16
3 5 2
4 6 5
21 23 9
2 3 14
4 6 2
4 6 16
17 17 19
3 4 9
8 10 7
13 15 13
4 4 11
0 2 20
4 5 4
4 7 1
7 9 15
12 14 1
11 13 6
1 4 6
18 19 15
1 3 3
23 4 7
9 12 19
16 18 10
20 22 5
19 20 9
2 4 17
20 23 14
18 20 10
2 3 14
4 5 9
21 23 16
23 1 18
5 8 7
2 4 5
13 15 9
8 9 17
18 20 8
1 3 16
8 9 7
13 15 10
17 19 1
1 4 5
17 19 7
17 17 1
20 22 6
11 13 5
7 10 12
7 9 4
12 13 14
20 0 6
19 22 16
16 18 2
10 12 3
0 3 15
8 11 13
11 13 9
19 22 5
9 12 4
14 16 1
3 4 14
18 21 17
4 7 1
5 5 17
9 11 8
11 13 6
16 19 12
16 19 12
11 13 2
6 7 3
17 19 15
11 14 1
15 18 2
23 0 18
23 1 3
8 10 5
3 5 4
12 12 16
17 20 9
15 17 11
11 12 12
0 2 19
16 19 7
9 12 17
22 0 13
22 23 8
20 22 16
5 8 1
1 2 17
4 6 12
5 5 4
16 19 12
18 21 1
18 21 4
0 2 18
21 22 18
0 2 1
5 8 9
20 21 7
5 6 3
21 1 11
18 19 15
15 16 15
18 19 4
21 0 19
4 7 1
22 2 18
13 15 2
9 12 20
21 23 2
0 2 13
7 8 5
14 16 20
12 13 16
8 9 3
5 6 1
8 9 17
1 3 10
20 1 16
7 9 4
20 22 16
2 6 15
18 19 8
7 9 19
9 11 17
14 16 2
18 21 10
10 12 12
17 19 6
2 4 18
15 16 9
1 2 12
14 16 3
16 18 9
8 10 2
16 18 17
23 1 3
2 3 10
5 6 4
17 18 1
15 18 12
15 18 16
20 22 20
21 23 11
18 21 19
11 12 3
13 15 8
2 3 7
13 15 17
20 20 4
3 5 7
20 21 19
7 8 14
12 14 10
18 19 13
22 0 7
17 18 12
10 13 7
23 0 7
9 12 3
1 3 7
21 23 14
11 13 4
1 1 15
8 10 14
15 15 6
2 4 14
11 14 8
4 7 11
23 0 8
16 19 16
3 6 14
22 22 5
15 17 1
5 8 14
11 12 7
3 5 20
5 6 8
3 6 15
1 4 4
9 11 4
0 4 6
18 21 10
20 20 5
6 7 6
6 8 6
18 19 2
4 6 13
12 13 8
8 10 9
7 10 6
3 5 5
14 15 6
12 13 2
20 22 3
23 0 16
18 20 10
8 9 12
18 20 11
5 6 16
10 10 10
16 18 15
21 23 9
1 4 8
22 1 7
1 3 6
21 1 1
21 0 5
0 2 2
17 19 16
23 2 12
6 6 15
8 10 15
11 13 15
6 7 13
2 4 20
8 10 17
23 0 13
4 5 1
3 4 8
11 12 5
19 23 11
14 16 18
14 16 10
8 8 17
16 17 15
3 5 2
1 4 10
23 4 17
18 19 3
4 6 5
13 16 9
0 3 12
23 0 11
20 21 7
9 11 19
19 21 4
7 8 16
14 16 3
13 15 11
15 20 19
7 10 13
10 12 12
22 0 4
18 20 2
5 9 14
6 7 10
17 19 19
7 8 14
13 15 14
0 2 2
13 15 10
8 10 13
3 4 5
3 5 3
7 9 8
15 18 15
19 21 19
8 10 12
0 2 6
19 21 4
8 10 4
21 22 14
2 4 15
10 12 16
9 12 14
2 3 1
20 20 2
9 11 10
13 15 16
17 20 13
21 0 17
8 10 13
2 4 15
20 23 19
18 19 3
1 1 6
23 1 6
20 22 14
17 19 15
3 5 15
11 13 18
1 1 4
7 10 3
23 1 9
10 11 6
2 2 15
20 21 5
3 5 7
6 7 2
0 2 8
6 7 14
11 14 14
16 18 16
21 21 2
11 12 11
21 0 10
8 10 10
6 10 18
9 11 7
1 3 6
9 11 17
8 11 11
17 19 15
16 18 9
2 4 8
19 21 2
12 13 2
4 6 4
17 19 18
15 15 4
22 0 4
6 8 9
1 3 9
7 9 17
14 16 6
10 12 3
5 5 1
2 5 15
22 1 14
6 8 3
6 9 13
12 14 17
2 6 16
21 0 1
4 6 8
11 13 17
3 5 20
8 9 17
21 0 4
16 17 13
4 6 16
5 9 11
18 20 20
12 14 15
10 13 14
10 13 9
16 18 16
17 18 16
13 14 17
5 7 16
22 1 19
20 21 4
22 0 8
19 22 18
17 20 2
13 15 14
7 8 10
13 15 7
13 16 14
4 6 20
8 9 9
17 17 4
18 21 16
22 23 16
2 2 16
10 11 12
14 15 2
10 11 13
4 5 12
20 23 4
3 4 2
9 11 1
8 11 1
9 10 13
20 23 4
10 12 9
9 11 3
5 8 13
3 6 20
22 23 13
23 1 10
12 15 2
6 7 15
3 5 1
21 23 19
3 5 6
2 6 8
17 17 13
8 10 20
17 18 11
16 17 6
16 21 13
16 18 5
15 18 6
17 20 3
21 23 19
20 22 5
18 21 10
1 3 16
6 8 9
11 15 9
23 1 18
17 20 4
11 14 9
6 8 9
20 22 9
10 13 3
23 2 18
15 17 6
6 9 14
21 23 6
17 21 8
22 0 3
18 22 18
6 6 14
10 14 4
0 1 1
15 17 19
8 11 7
22 1 1
13 15 13
8 11 16
18 17 8
1 2 17
14 17 2
20 22 5
0 2 14
2 5 4
12 15 16
21 23 9
20 22 10
3 4 2
4 9 18
2 3 8
9 12 19
20 23 13
11 13 14
22 1 4
20 22 16
15 17 16
3 5 3
14 15 2
23 1 14
1 4 17
14 16 7
22 1 6
13 16 13
3 4 7
2 4 20
7 10 18
4 6 2
1 2 10
18 19 16
23 1 18
5 8 13
3 6 6
1 4 18
5 6 8
7 9 17
4 8 13
9 10 4
21 22 14
22 23 11
9 10 17
13 15 2
8 11 8
6 8 1
20 21 5
6 6 8
11 12 12
10 11 4
7 11 1
2 5 13
7 10 19
6 8 19
6 9 20
14 15 3
13 16 16
10 11 11
19 21 13
10 13 9
19 21 11
23 1 2
17 21 12
11 13 19
9 13 6
8 9 20
14 16 5
13 14 2
1 3 9
1 2 12
18 20 19
19 20 16
2 5 1
20 22 1
2 5 18
15 16 14
3 5 1
16 18 13
21 23 3
20 21 3
0 2 1
