180 20
2 7 1 18 12 16 14 15 13 15 9 19 17 20 18 19 4 5 4 7 
19 21 20
22 1 7
20 20 15
21 0 1
16 19 15
6 8 20
18 20 14
21 21 11
15 16 5
20 21 1
15 17 15
23 1 19
12 13 17
19 21 7
23 2 4
6 9 17
16 18 11
21 22 10
9 12 9
1 1 15
11 12 13
9 10 3
1 2 13
15 18 3
12 16 8
20 23 10
20 21 14
1 3 7
3 4 5
3 4 13
6 6 7
0 3 14
22 0 7
14 18 7
14 18 9
16 18 3
6 7 2
13 13 14
14 17 8
21 23 11
20 22 18
9 11 20
20 22 19
4 6 1
4 6 8
3 4 3
3 4 2
20 21 12
0 1 11
16 19 5
17 21 19
13 14 13
1 3 17
12 13 15
7 9 3
12 14 4
6 9 12
11 12 18
11 13 4
8 11 3
20 22 2
2 3 19
3 3 12
11 13 6
22 1 19
10 12 3
10 12 13
13 15 2
4 7 12
1 3 10
6 9 13
9 10 14
5 5 10
6 9 16
1 4 8
19 21 18
4 6 12
3 4 17
22 0 4
1 2 8
14 17 5
3 4 5
15 17 5
13 15 14
18 18 9
7 9 17
21 0 2
8 9 5
3 5 2
17 18 14
6 6 13
15 18 1
8 10 5
16 17 20
3 4 1
2 5 14
14 17 6
13 17 2
3 5 6
18 18 12
11 13 1
3 4 4
16 19 6
2 5 7
4 7 12
15 17 5
9 11 17
18 20 7
12 14 2
11 14 7
16 17 3
17 20 18
12 12 7
15 16 9
21 22 3
4 5 7
15 18 11
21 22 15
7 8 13
11 12 7
14 15 5
17 18 2
22 0 8
21 0 3
14 16 14
23 1 7
17 19 4
14 17 3
2 4 11
6 8 11
5 6 5
15 17 16
3 4 4
14 15 12
21 23 6
16 19 2
5 6 11
17 19 11
0 3 9
5 9 7
22 0 11
17 20 19
2 4 15
18 21 9
8 9 3
7 8 19
6 8 5
11 11 19
17 17 16
6 9 17
5 8 6
20 22 12
18 19 2
2 3 9
4 5 17
7 8 17
14 15 12
2 5 13
6 8 18
1 3 2
14 17 7
9 11 19
0 2 9
21 22 10
19 20 3
16 19 13
5 6 8
14 16 1
13 16 8
16 19 6
7 9 12
10 12 12
21 0 12
0 2 7
5 6 14
12 13 2
4 6 4
11 15 10
1 3 7
8 10 7
