1920 20
14 20 19 10 2 16 15 19 8 14 11 9 13 4 6 1 19 20 8 12 
21 22 14
10 11 1
7 10 19
20 21 13
3 6 1
16 18 13
6 9 14
21 21 15
11 13 8
3 5 6
3 7 20
8 9 17
4 5 12
12 15 20
4 5 1
4 6 16
1 2 15
11 14 4
12 12 20
21 22 10
16 20 4
15 16 6
14 16 16
18 21 16
13 13 10
11 12 12
6 8 16
20 0 7
5 7 2
4 6 11
15 16 8
17 20 18
21 23 11
21 0 3
18 18 10
10 13 15
18 19 5
19 21 10
1 3 11
12 14 12
20 21 4
18 19 6
4 5 20
8 10 5
11 13 13
19 22 1
13 16 16
3 5 18
5 5 5
0 2 14
3 6 9
0 2 13
6 8 10
22 23 9
3 6 10
9 11 17
20 21 16
9 11 15
2 5 4
8 10 6
9 12 18
4 7 5
0 4 15
16 19 20
9 11 3
7 9 1
0 2 6
17 19 16
5 8 13
18 19 17
7 9 19
13 14 4
14 14 5
0 1 13
16 18 1
2 4 8
17 20 10
4 8 3
6 6 7
0 4 18
20 22 17
3 4 18
22 0 20
13 14 13
9 9 7
14 17 4
19 20 8
19 22 7
15 16 3
11 13 16
4 8 1
9 11 20
16 19 4
13 15 15
20 0 3
12 13 9
22 2 11
14 14 2
15 17 6
19 20 11
21 23 16
6 6 5
8 10 19
16 19 8
22 0 2
3 5 13
6 7 16
9 10 7
23 3 13
23 0 6
23 3 15
1 2 12
0 0 4
2 2 12
8 10 3
5 7 6
23 0 9
8 11 20
4 5 8
13 14 3
8 12 18
10 11 12
12 13 1
16 20 9
19 20 5
19 20 16
13 14 11
15 16 15
20 23 13
13 15 2
19 23 19
19 22 12
1 3 20
7 10 5
19 21 11
14 17 6
9 13 16
21 23 14
12 14 6
10 12 19
18 20 10
20 22 16
15 19 19
17 19 11
16 19 3
13 14 8
14 16 7
20 22 15
1 5 6
20 22 1
21 0 17
6 8 16
19 20 4
1 4 1
16 18 17
1 5 3
18 20 5
14 16 11
7 9 2
22 23 19
9 10 12
21 23 18
5 8 19
0 1 12
14 18 16
15 18 13
23 0 13
5 7 6
8 11 8
5 8 19
7 7 2
2 4 4
3 5 6
14 17 19
9 12 2
3 5 16
23 0 15
15 17 5
23 1 9
18 21 9
10 13 11
12 14 9
21 23 14
13 17 16
13 16 12
12 15 17
3 5 14
23 1 17
15 18 2
0 2 5
10 13 1
1 3 18
2 4 9
21 23 8
12 15 3
13 14 13
17 19 19
7 9 9
13 15 18
21 23 5
0 2 19
8 11 17
21 22 4
22 0 2
16 19 6
4 7 16
22 23 9
1 6 13
1 2 1
2 6 8
20 22 10
12 13 9
10 11 11
14 19 9
15 18 13
7 9 5
9 13 14
10 12 17
4 6 5
9 12 2
9 10 19
6 10 19
23 1 19
3 6 10
14 16 4
2 3 9
6 9 16
1 5 19
18 19 20
0 3 1
22 0 18
2 3 8
0 2 15
1 3 16
12 14 1
16 19 11
15 14 8
20 23 18
20 22 3
3 6 9
14 15 7
14 16 1
8 9 11
11 14 2
21 23 17
8 10 16
2 5 2
22 23 13
6 7 16
20 23 7
5 5 7
21 22 2
4 8 5
7 9 8
3 6 14
6 7 3
0 3 2
2 5 1
5 7 18
14 15 4
4 6 11
17 18 3
19 23 2
4 6 5
11 12 13
13 14 20
14 17 11
17 19 7
2 3 1
21 1 1
10 12 8
22 0 4
6 7 6
17 18 20
19 20 5
0 2 19
14 16 19
9 11 4
10 14 14
7 10 14
12 13 17
7 8 15
7 10 14
10 13 20
21 1 11
14 18 17
6 7 9
23 1 10
0 3 18
2 3 8
4 6 4
1 4 9
10 10 13
4 4 2
14 16 20
13 16 9
20 23 5
18 22 6
22 0 16
0 2 9
2 4 10
9 10 4
13 17 19
10 12 14
13 14 4
18 19 1
1 3 11
13 14 18
13 14 5
11 14 2
19 20 5
23 0 15
15 16 19
10 12 9
1 5 18
17 18 4
21 22 6
0 3 1
2 4 14
4 6 7
1 0 4
18 21 6
5 5 4
23 2 15
3 5 15
11 12 1
12 15 1
19 21 11
12 13 3
3 5 13
3 5 10
17 17 14
12 15 6
10 14 15
17 17 19
22 23 8
11 12 5
17 17 8
10 13 17
17 18 18
1 3 1
2 4 17
15 17 13
4 6 12
1 3 1
3 4 20
14 16 16
11 13 12
15 17 12
9 10 13
11 11 7
5 7 3
5 8 11
15 17 15
1 3 10
12 15 19
3 5 15
11 14 11
7 10 1
1 3 20
1 3 10
7 10 7
10 11 1
14 17 2
0 2 7
1 2 8
17 20 11
6 5 13
8 11 10
7 9 14
21 1 12
22 0 10
11 11 15
10 13 2
20 22 8
11 13 17
8 10 5
13 14 20
16 19 11
0 4 2
21 22 1
3 4 18
9 11 1
11 13 11
12 13 2
5 7 8
8 11 1
10 11 3
3 5 5
0 2 5
4 7 15
0 2 6
12 13 17
12 14 1
9 13 8
8 12 9
19 22 7
19 20 5
19 21 10
16 19 14
4 5 14
4 6 16
12 15 2
16 17 4
11 13 2
9 12 12
11 13 17
3 7 10
21 23 14
5 9 2
8 10 12
22 2 8
4 4 19
16 17 4
15 16 1
15 15 4
6 8 12
14 15 13
16 18 18
16 18 9
12 15 1
6 7 13
23 2 1
9 9 9
5 6 17
0 1 18
13 15 19
9 10 10
18 20 11
12 15 5
8 8 6
0 1 20
2 5 14
21 22 6
18 20 4
16 19 2
14 15 1
15 17 5
23 3 6
18 18 18
16 19 2
1 4 15
6 8 2
9 12 16
22 1 6
2 4 2
5 7 14
7 10 20
1 3 13
22 0 11
1 4 19
6 8 20
16 18 10
9 13 3
20 22 20
23 2 17
13 15 1
15 16 4
14 18 13
23 1 10
10 11 17
15 16 15
17 18 12
12 14 1
2 3 7
21 0 3
15 16 11
22 23 11
20 22 6
19 20 18
22 23 1
8 10 7
13 16 10
12 15 19
14 17 6
18 21 20
7 7 4
14 18 19
16 17 3
4 6 16
17 19 1
6 8 19
14 17 18
21 23 14
4 6 10
3 5 8
21 1 8
12 12 18
0 1 3
15 16 8
0 2 10
7 8 6
1 2 7
14 15 18
2 4 19
4 5 8
14 16 8
5 6 20
1 5 8
11 12 18
12 14 20
3 5 3
9 10 9
9 13 7
20 22 5
6 8 1
1 5 9
2 4 17
16 19 18
20 22 16
15 15 2
10 11 13
15 16 3
9 10 15
15 17 15
23 2 7
2 4 3
23 1 13
2 4 13
21 23 11
6 10 13
1 4 13
18 20 6
7 11 4
7 8 17
3 4 18
14 16 17
9 10 3
18 20 9
16 18 7
10 12 13
21 23 6
12 14 2
16 18 15
12 14 18
23 23 13
9 11 19
12 13 7
19 22 6
17 19 17
8 11 12
2 6 19
9 12 4
0 1 18
18 21 8
0 1 10
3 6 9
23 1 18
15 19 11
23 2 18
15 17 3
8 10 15
21 22 13
14 18 8
8 10 11
6 6 10
2 4 18
0 0 12
17 21 10
11 15 13
20 21 11
14 16 7
16 19 11
22 23 19
3 5 10
21 1 15
20 22 10
2 4 8
3 5 5
3 5 16
19 21 10
3 5 10
15 16 13
12 16 11
0 3 7
15 18 2
1 2 5
12 14 6
18 19 5
4 5 3
3 3 6
20 22 7
4 5 2
1 3 5
18 19 10
21 0 9
0 2 11
6 7 6
14 16 9
7 8 14
19 22 17
15 18 6
3 6 18
0 2 10
4 8 19
20 22 14
10 11 14
14 16 12
12 13 8
11 12 6
13 15 2
15 17 20
9 9 19
19 20 5
8 9 8
17 18 14
19 21 3
12 15 9
0 1 19
2 4 9
10 12 15
11 13 4
18 20 6
15 16 10
7 9 6
14 17 20
14 16 5
23 2 10
19 21 1
16 18 20
3 5 4
17 18 20
10 13 12
0 3 9
20 22 20
2 3 20
14 16 18
17 20 17
2 5 20
5 7 1
14 17 20
14 16 10
1 3 18
14 16 19
2 6 14
23 1 6
21 22 9
7 9 10
8 11 14
0 3 1
7 9 10
9 10 4
4 6 13
5 7 17
10 12 20
0 0 10
7 9 6
3 6 14
14 16 8
4 7 12
17 21 1
11 12 20
3 6 14
0 3 2
22 23 16
11 13 17
21 23 16
10 13 20
4 6 14
7 10 18
6 9 17
16 19 12
6 9 8
3 4 6
23 0 5
13 16 5
4 5 9
10 13 13
8 9 15
22 0 7
18 19 9
7 9 12
0 3 13
4 7 12
12 13 3
11 12 8
21 0 12
9 11 3
16 19 17
21 1 2
1 3 20
1 4 8
4 6 8
10 12 8
5 8 8
23 1 19
7 10 4
3 5 18
0 2 12
16 17 5
21 1 12
1 2 18
14 16 8
10 14 5
6 7 18
14 17 18
4 6 9
15 17 3
0 2 3
16 17 2
1 3 17
10 12 3
10 10 18
6 7 3
13 15 17
9 10 8
8 9 20
23 1 1
23 3 9
9 11 19
0 1 16
1 2 2
5 7 8
7 10 12
17 18 15
13 17 14
10 13 17
8 11 9
7 9 20
11 14 13
20 21 17
4 5 9
22 0 1
20 21 8
19 20 2
11 13 5
2 5 17
19 23 20
10 12 5
15 17 10
10 13 19
0 2 12
7 8 8
0 4 4
7 8 9
10 12 8
23 0 13
17 18 2
15 16 2
11 15 2
5 6 3
11 13 9
10 11 11
22 0 3
6 8 6
8 7 20
16 18 10
10 11 3
16 19 2
20 22 14
16 18 18
23 1 1
21 22 3
22 22 10
0 1 18
18 21 10
20 23 20
13 14 9
3 5 2
16 16 18
20 22 6
12 15 13
9 12 2
7 8 6
20 23 18
15 17 11
4 7 11
10 11 1
15 18 19
4 8 8
21 23 2
16 21 19
12 14 19
23 0 7
9 12 1
22 0 7
20 22 3
19 21 12
0 1 17
22 21 1
4 7 12
6 9 19
20 22 16
22 1 4
14 15 19
11 13 20
18 19 6
20 23 20
4 6 1
6 9 13
3 5 17
1 3 12
5 7 8
21 0 16
22 1 9
20 0 9
23 0 2
21 1 10
14 15 3
19 22 20
15 15 2
21 0 6
20 22 12
6 10 8
14 16 2
21 23 14
18 19 1
2 2 8
22 23 8
0 2 9
5 7 20
12 15 10
1 3 5
7 10 19
2 5 20
16 19 16
23 23 13
21 23 19
18 21 10
20 22 12
2 5 9
7 8 6
14 15 20
16 18 7
17 19 5
18 22 11
22 0 6
5 7 5
1 4 13
0 2 5
9 10 14
17 18 17
16 17 12
16 20 20
13 15 16
9 12 10
6 9 8
19 21 5
6 8 19
9 12 5
0 2 20
20 0 4
10 15 2
6 7 8
3 4 16
12 13 8
13 13 3
8 11 6
20 21 4
11 13 18
0 2 4
8 10 10
10 11 19
5 7 3
15 17 16
9 10 9
14 14 13
10 13 3
16 20 3
15 18 7
6 10 13
8 9 14
14 16 20
11 12 19
17 20 12
16 19 8
6 8 14
12 13 17
9 13 4
16 18 19
16 16 13
6 8 17
1 2 18
23 2 6
8 10 9
2 3 9
20 23 14
22 0 9
3 5 10
2 3 6
19 20 7
21 22 20
21 23 18
13 14 8
23 3 15
0 2 16
2 4 14
10 12 17
3 5 12
1 3 12
6 9 14
10 12 19
22 0 12
21 23 3
3 5 4
5 8 5
5 6 9
22 0 15
20 23 12
1 3 4
20 22 7
21 23 16
7 9 8
22 1 8
22 23 4
6 9 15
20 21 7
14 17 15
13 15 19
14 16 19
19 22 17
1 1 2
21 23 9
19 20 11
18 22 10
22 0 14
15 17 2
8 12 4
6 9 20
15 17 3
10 13 1
7 9 13
12 15 5
9 10 10
17 17 10
5 8 17
5 5 10
20 23 20
12 14 16
4 7 13
10 11 11
4 6 17
8 8 15
4 5 8
11 13 13
9 10 2
0 3 14
2 6 19
16 19 4
2 4 1
0 4 20
21 1 17
1 2 9
4 6 6
17 19 3
1 3 10
20 22 7
16 19 13
20 22 16
13 15 19
4 5 17
4 8 2
18 19 3
1 1 6
17 17 8
16 18 20
22 0 1
23 1 14
6 10 19
17 17 9
6 7 11
15 17 13
16 19 1
13 14 8
11 11 19
2 5 5
15 16 1
8 9 8
8 10 10
20 20 12
22 1 6
22 23 1
18 19 9
21 22 9
21 0 10
12 12 5
10 13 2
15 14 17
7 8 11
9 11 9
22 0 9
16 17 10
2 3 18
11 14 18
15 17 10
9 9 13
1 2 3
3 6 3
23 0 7
1 4 4
5 9 14
6 9 18
15 17 5
2 2 3
18 20 20
20 0 20
9 11 3
22 23 19
3 4 12
15 16 1
23 3 14
3 5 17
1 4 1
16 18 12
5 7 1
1 2 12
0 1 3
1 4 20
6 9 11
11 13 2
2 4 6
1 3 19
23 1 11
0 3 19
9 12 13
18 20 10
23 2 16
3 6 13
10 12 10
0 1 14
12 14 12
20 21 8
23 2 20
21 23 6
21 23 3
7 9 10
19 21 2
8 11 20
0 3 3
22 2 10
0 1 1
2 6 20
0 1 5
7 8 12
11 13 7
21 23 10
20 22 7
0 2 3
13 15 3
5 7 1
8 10 1
8 11 18
7 10 16
2 4 1
12 14 11
4 7 11
9 12 14
14 17 8
20 23 3
4 6 13
1 2 14
8 8 17
14 16 3
15 17 13
19 22 19
7 9 5
0 2 12
17 21 10
15 17 18
22 0 3
14 17 13
19 21 7
3 6 17
6 8 16
16 19 20
16 20 14
2 5 13
9 11 5
11 13 4
23 2 2
20 21 13
10 11 2
19 21 14
3 5 13
14 15 4
18 20 17
11 15 20
2 5 2
16 19 12
18 20 17
1 4 19
17 18 16
5 7 11
0 2 12
22 0 11
9 11 8
11 14 5
1 3 16
10 14 17
7 8 4
20 23 16
18 18 4
3 4 18
18 20 11
13 15 6
0 3 20
0 2 2
0 2 5
18 18 1
17 19 12
0 2 13
14 16 8
16 18 15
12 13 9
21 23 4
9 11 11
23 1 9
20 23 13
12 15 17
8 11 11
6 9 16
10 11 6
16 18 3
4 8 20
9 11 13
0 0 17
8 11 6
9 12 11
11 12 18
20 23 7
9 12 14
21 22 11
23 3 5
5 8 9
13 14 2
22 0 19
5 6 14
3 6 11
12 14 5
21 23 7
10 14 4
3 5 10
17 20 15
13 15 16
16 17 11
15 17 16
4 5 10
23 1 17
0 1 3
17 20 7
0 0 16
11 15 19
13 16 5
22 0 6
21 0 2
18 21 12
20 0 20
22 1 15
11 13 17
22 0 13
1 5 12
5 8 5
23 2 13
21 20 3
19 22 3
8 10 7
2 2 8
0 1 11
4 6 8
10 12 1
0 2 12
23 1 5
13 13 2
20 23 4
0 0 3
15 18 4
23 1 2
11 14 4
1 2 5
9 10 19
1 3 6
6 9 15
1 2 2
19 21 10
4 5 18
15 17 20
14 16 18
21 0 8
17 18 8
11 15 1
21 22 15
7 10 10
23 1 2
17 19 18
18 20 10
10 12 8
22 0 16
8 9 13
11 13 19
20 23 6
14 16 2
6 7 10
6 8 10
11 12 17
15 16 12
16 18 14
6 8 13
4 5 16
15 17 16
8 9 15
3 4 19
21 23 5
5 6 11
13 15 17
12 14 10
2 3 9
2 6 2
20 23 2
17 19 8
7 8 13
15 16 19
5 8 19
18 21 3
17 19 9
11 13 12
11 11 11
0 3 7
19 22 2
6 8 3
8 9 7
5 6 4
6 8 16
9 12 14
1 3 10
17 18 1
2 3 1
0 1 17
18 20 4
9 13 10
10 11 20
19 21 11
5 8 15
2 4 5
18 19 18
15 16 9
16 19 9
23 2 20
15 18 17
18 20 14
19 20 9
1 2 5
15 17 1
15 16 4
7 8 16
3 4 16
10 12 1
18 21 6
19 22 11
18 19 8
2 5 17
13 14 12
5 6 12
10 14 10
18 20 15
13 17 3
1 6 19
10 13 5
2 2 6
9 10 10
6 6 8
20 22 13
5 6 11
10 11 1
10 12 1
3 5 19
21 1 10
5 7 8
19 20 17
9 11 10
7 7 14
5 8 16
6 9 11
12 13 20
18 20 11
0 3 20
19 19 3
12 14 14
20 21 3
9 11 7
16 17 6
3 4 19
18 21 10
21 23 18
8 10 4
19 21 20
8 10 15
0 4 12
22 0 20
17 20 15
2 4 5
5 9 2
10 13 15
0 2 13
18 22 15
20 0 10
18 20 10
15 15 1
17 18 3
8 9 2
15 17 16
19 19 16
21 23 7
13 16 16
2 3 2
2 5 12
23 1 2
11 13 10
17 18 15
3 7 20
23 2 16
7 10 7
10 12 10
8 11 15
18 20 7
21 23 7
5 5 4
8 8 3
4 6 13
20 23 2
14 18 19
13 14 1
7 10 20
5 9 8
7 9 10
14 16 6
3 5 5
14 15 14
20 21 17
12 12 3
13 14 5
10 14 6
12 13 10
11 12 20
2 4 9
18 20 20
18 21 6
10 12 1
0 1 8
4 6 5
0 3 4
0 2 18
2 4 4
19 21 4
23 2 6
4 6 17
14 15 13
11 13 18
3 4 3
7 10 16
1 4 12
1 3 19
6 6 8
16 19 17
20 23 6
1 3 17
11 14 18
13 15 20
0 2 3
3 4 13
1 2 3
14 19 4
15 18 5
12 13 10
23 0 1
12 13 8
12 13 5
23 1 15
20 23 3
17 21 5
18 19 13
18 21 7
20 21 13
21 22 20
17 18 20
19 23 15
11 15 19
22 22 9
21 21 9
23 1 18
4 5 7
2 5 6
6 7 19
17 21 17
11 13 14
0 3 11
1 2 15
10 12 8
6 8 11
10 11 12
6 7 5
5 6 13
8 11 18
6 6 12
7 8 9
3 6 13
23 0 8
15 15 13
23 23 14
23 1 10
18 17 6
10 12 2
7 9 14
20 22 10
2 5 17
19 20 13
23 1 17
18 20 3
8 9 6
12 14 8
19 21 12
22 23 3
5 7 8
16 18 2
22 0 19
7 10 8
11 14 18
5 8 17
1 3 12
1 3 15
15 15 9
1 4 16
19 21 6
6 9 13
6 8 3
1 3 10
13 16 14
14 15 4
22 23 12
2 5 9
18 20 12
22 23 19
5 7 16
5 6 11
23 0 6
21 22 8
11 12 6
12 13 13
11 13 10
10 11 19
6 7 12
11 13 12
6 7 8
3 6 10
1 3 3
10 11 3
16 19 2
23 2 3
18 19 14
7 10 19
2 5 7
13 15 3
1 2 9
22 0 2
4 7 20
22 0 16
12 14 12
12 13 10
6 7 6
15 18 14
4 7 10
4 4 1
5 7 12
9 11 9
18 20 4
21 23 13
16 19 2
21 0 3
6 9 2
19 21 19
13 16 6
18 20 11
9 11 5
21 23 10
12 15 5
4 5 19
1 3 9
4 7 3
14 16 20
17 21 9
13 15 4
23 3 1
3 4 2
22 23 12
19 20 7
13 16 19
10 12 2
11 11 8
0 2 11
1 2 14
1 3 10
21 22 10
16 16 8
7 8 20
4 8 8
17 17 9
2 4 7
1 3 12
7 10 6
9 13 4
8 9 20
11 13 2
7 9 3
21 21 1
20 22 19
0 2 14
3 4 4
2 4 9
7 8 3
15 17 9
23 23 19
6 7 8
23 0 8
7 9 14
9 13 10
2 5 17
15 17 3
17 20 19
2 3 19
5 8 20
23 2 1
17 19 18
16 18 13
13 15 8
6 9 16
13 16 1
19 22 18
4 5 16
0 2 9
0 2 8
19 19 4
9 13 17
20 22 15
13 15 15
13 16 4
21 1 9
12 14 16
20 22 4
9 11 8
9 12 19
13 15 4
5 4 2
18 21 7
14 17 12
9 11 15
10 12 12
22 0 3
9 10 13
1 4 1
4 8 20
20 21 18
0 2 9
0 2 16
10 11 17
11 12 10
14 16 8
13 16 6
6 8 1
21 0 15
11 13 3
0 4 12
18 22 16
23 0 1
16 18 12
1 4 20
20 22 16
9 9 10
10 12 20
16 19 5
11 14 6
23 3 20
12 14 14
19 21 9
19 20 18
5 7 20
3 4 7
5 8 6
1 1 6
4 8 8
4 6 12
9 10 10
16 20 15
22 0 11
18 19 14
9 11 15
23 1 9
2 5 2
12 15 5
18 21 8
15 17 20
10 11 4
8 9 8
12 13 19
10 13 12
14 15 17
13 13 19
16 18 7
17 16 6
2 6 11
23 1 3
1 3 7
8 12 7
17 20 6
0 2 12
12 14 14
22 2 1
15 17 14
4 5 5
10 14 13
0 3 4
14 15 5
8 9 16
11 13 9
8 10 5
14 16 10
10 10 19
11 11 18
22 1 20
17 17 8
6 8 19
8 10 18
8 9 10
19 21 15
9 12 2
22 0 17
0 2 14
19 21 14
23 1 17
8 13 13
18 21 4
3 5 2
2 3 3
13 15 2
19 21 4
9 12 9
5 8 2
15 19 13
3 5 7
16 16 17
6 7 1
9 13 4
6 7 5
16 16 15
23 23 7
20 22 3
4 6 19
1 2 13
5 6 4
0 2 8
23 1 19
11 13 17
11 13 12
19 20 3
2 6 16
17 20 20
12 14 5
12 14 19
15 16 14
11 13 3
10 14 16
4 7 14
1 3 20
4 6 5
10 11 20
7 8 5
3 4 10
22 1 7
14 13 14
2 3 14
5 8 3
8 9 20
12 13 10
14 16 15
3 4 19
19 22 16
1 3 13
16 18 13
5 6 3
22 0 7
2 5 2
17 19 4
13 17 11
3 5 12
2 5 1
17 18 10
4 7 1
22 23 19
9 10 19
12 12 12
22 1 14
0 1 13
0 3 18
12 15 16
14 16 10
17 19 4
18 21 15
19 21 12
4 8 14
15 15 8
18 20 12
20 21 2
18 20 15
9 11 5
0 2 4
14 17 16
3 5 10
20 22 5
6 9 11
7 8 2
18 20 13
22 0 15
2 3 1
5 5 15
23 1 1
10 10 13
19 21 5
22 0 13
10 14 11
3 3 16
2 5 16
3 7 17
21 21 19
14 18 6
22 1 12
22 0 7
9 12 11
10 13 14
3 5 18
22 0 20
3 4 5
8 11 12
13 15 17
3 4 1
14 16 19
23 2 20
18 21 7
2 7 1
5 8 12
3 5 11
8 12 4
2 4 19
17 18 3
5 6 18
5 7 13
0 2 16
10 11 7
18 20 11
12 13 5
19 21 9
22 2 16
4 7 4
12 15 9
1 4 17
13 13 7
12 15 17
4 5 6
19 22 17
12 15 11
20 23 13
20 22 1
9 10 5
8 9 12
4 7 3
21 23 5
23 1 20
19 21 19
18 21 18
4 6 19
9 12 8
17 18 12
21 1 19
6 8 15
2 3 19
7 9 6
13 16 1
0 1 9
0 1 9
4 6 8
2 3 11
23 2 1
0 2 8
16 19 2
20 23 10
10 13 15
5 4 11
3 5 9
6 8 3
14 16 6
20 21 4
20 21 1
11 13 2
3 5 13
4 7 10
16 16 2
9 10 7
21 22 3
8 8 17
0 2 20
3 5 19
8 11 9
9 10 11
14 14 9
13 15 13
13 14 7
12 13 19
4 6 7
18 20 7
18 19 18
19 23 1
8 10 10
10 13 9
8 9 4
7 8 1
18 20 4
9 10 9
21 0 14
15 16 2
14 15 3
12 15 1
3 6 10
3 6 17
19 22 16
17 18 13
2 6 16
8 10 15
11 13 17
21 22 14
20 22 20
9 12 17
8 11 15
2 4 16
4 6 17
3 6 13
17 20 18
22 2 16
16 18 13
18 20 7
21 23 11
14 17 18
5 6 2
6 9 16
10 9 1
21 23 1
8 9 14
5 6 6
12 14 3
20 22 7
21 0 14
13 15 10
20 23 8
17 18 13
2 4 16
10 13 7
21 0 3
19 20 9
2 3 9
13 14 19
9 10 14
19 20 8
7 10 14
8 11 12
6 8 12
0 1 2
19 21 1
21 22 18
10 11 20
4 5 1
22 1 12
5 7 3
2 3 2
16 17 20
22 0 12
3 5 3
8 9 2
4 5 12
11 11 3
23 2 13
0 -1 5
11 14 3
7 8 12
22 0 9
7 10 17
9 10 4
4 5 5
13 14 10
14 17 9
7 8 20
0 1 19
17 18 17
9 12 12
19 21 3
18 21 15
10 12 3
7 10 16
22 2 4
3 4 18
19 22 15
14 16 11
14 15 19
2 3 1
16 19 3
17 19 14
19 21 14
2 4 9
15 15 12
5 8 13
1 3 11
10 14 12
15 16 7
17 19 5
14 15 16
22 23 12
14 16 18
3 5 12
21 23 11
13 14 18
18 22 16
1 3 7
1 4 7
12 15 1
10 12 1
