190 20
19 2 5 20 6 10 17 3 2 11 15 8 2 19 17 16 19 5 9 15 
6 6 19
16 19 4
6 8 12
16 18 12
12 14 4
20 22 11
7 9 11
0 2 15
12 14 6
17 20 14
16 19 15
2 4 20
18 21 15
6 7 1
21 0 12
4 5 5
15 19 13
12 14 14
23 2 7
11 15 9
7 9 18
9 12 9
1 3 17
13 14 9
10 11 19
19 21 10
15 16 10
13 16 20
11 11 6
8 8 3
21 23 12
14 15 10
1 3 10
0 1 12
4 7 19
3 6 20
8 12 19
13 14 9
13 17 12
17 16 3
0 1 9
5 9 18
5 6 2
14 16 13
20 21 7
3 5 18
0 1 6
13 14 8
5 6 12
5 8 20
22 0 16
9 10 2
1 3 8
13 18 8
4 7 18
8 11 12
3 6 9
4 7 9
2 4 15
10 12 1
9 12 18
11 13 18
1 2 13
6 9 2
23 1 14
10 12 10
3 6 17
6 7 2
5 7 14
0 1 4
6 7 14
22 1 7
19 21 6
20 22 17
1 2 7
20 21 7
4 6 10
18 20 3
10 14 14
5 6 6
8 10 11
12 13 3
15 16 4
7 8 5
23 0 14
3 6 16
18 20 15
1 3 4
7 9 9
11 11 14
6 9 5
10 11 3
20 22 14
0 2 9
3 6 17
13 15 15
10 13 13
10 10 15
8 10 5
16 17 12
2 4 2
2 5 1
19 19 13
8 11 18
6 7 7
5 8 17
13 15 7
18 21 4
9 11 18
22 2 15
11 12 17
13 16 13
20 21 14
16 17 1
17 18 11
6 10 18
21 22 7
20 23 8
20 23 9
7 8 9
15 16 17
14 17 18
7 9 17
17 17 18
16 17 13
21 23 14
20 22 6
13 16 11
12 13 4
5 6 18
7 9 9
4 7 10
22 23 16
20 22 5
22 1 15
20 21 8
2 4 4
8 10 15
22 22 16
17 20 10
6 8 19
23 1 6
23 1 15
8 10 19
8 10 15
3 5 1
23 1 20
2 3 8
17 20 12
18 20 10
0 1 3
20 0 5
15 17 10
1 3 19
0 2 11
22 23 3
1 3 10
20 21 2
21 23 7
15 17 19
16 17 12
2 6 13
1 2 19
9 11 13
10 11 1
5 9 12
15 16 10
0 1 9
14 16 14
5 7 10
5 6 18
18 21 4
17 17 18
10 13 15
23 2 19
14 15 7
3 6 5
2 3 6
3 4 3
22 0 5
17 19 13
17 20 19
23 3 11
21 21 14
6 7 1
18 21 12
22 0 14
9 13 7
2 3 13
8 8 14
