1960 20
1 14 17 4 3 10 1 15 10 4 10 14 17 4 14 20 7 9 3 11 
18 22 15
18 19 4
1 4 8
5 7 14
12 13 2
8 10 8
23 1 9
8 11 15
17 19 18
1 2 8
22 1 5
13 15 12
13 14 12
2 2 13
6 8 18
7 8 4
6 9 18
10 12 7
16 18 11
3 3 8
1 2 17
2 5 8
10 12 5
5 9 11
19 22 2
17 20 12
4 6 7
16 19 8
19 21 20
8 12 20
10 11 20
10 12 1
16 19 1
5 7 12
7 9 6
8 11 1
2 2 13
5 7 8
4 7 3
7 8 16
10 11 1
11 13 19
9 10 12
21 23 12
4 7 17
23 2 11
13 15 18
12 15 14
14 16 7
8 10 4
8 11 3
4 8 17
12 14 1
3 4 4
2 2 9
3 6 17
15 18 5
17 18 17
9 12 6
9 12 5
0 1 16
16 20 1
0 2 9
22 1 6
3 5 14
1 4 4
9 11 15
22 1 15
16 19 16
12 13 5
1 4 16
7 9 6
20 21 12
13 16 14
7 10 12
3 3 18
1 1 14
5 8 7
2 5 7
1 4 19
12 15 12
6 9 14
19 21 9
17 18 1
21 0 14
18 20 4
9 10 15
9 10 1
14 17 11
21 0 8
19 23 11
0 1 13
18 20 9
15 18 3
4 6 19
10 13 5
1 3 8
9 10 7
1 5 19
4 6 16
3 6 11
17 19 17
5 8 20
15 16 1
4 6 17
19 22 11
18 20 11
15 17 19
10 13 17
14 16 10
12 14 4
11 13 4
14 14 11
15 17 17
10 11 9
3 4 10
1 3 3
11 12 14
3 5 20
4 4 12
19 22 8
20 22 16
3 5 13
11 11 19
19 22 7
21 22 12
3 6 1
2 4 11
21 23 18
20 23 8
17 21 17
19 21 3
9 9 16
15 16 16
21 23 7
20 22 1
11 13 7
2 5 5
10 11 5
20 22 6
3 5 11
13 14 12
20 21 18
4 6 8
23 0 13
18 19 19
3 5 14
18 20 6
19 21 6
13 16 9
10 12 17
12 13 19
22 23 13
21 2 18
13 14 1
20 20 14
14 17 20
0 2 2
19 20 17
0 3 12
23 23 15
13 15 8
3 5 17
10 11 7
5 6 13
12 13 10
5 8 2
22 0 14
19 20 8
20 22 18
4 7 10
18 21 14
2 4 4
9 12 15
16 17 7
10 11 15
17 20 12
0 1 20
11 12 3
2 3 3
15 17 10
11 15 5
19 22 10
9 13 17
1 3 16
22 2 10
3 6 5
23 1 5
13 15 18
7 10 3
15 15 3
20 22 5
5 5 10
20 21 2
6 6 16
0 1 12
13 15 7
15 16 15
4 4 9
9 10 20
19 21 11
21 22 18
19 20 19
23 1 19
19 23 17
7 9 16
13 17 1
1 3 19
16 19 3
5 7 19
7 8 14
16 18 13
23 1 11
3 6 19
22 1 10
0 2 3
13 16 19
20 22 13
5 6 14
8 10 5
5 6 8
5 7 13
17 20 12
1 3 18
14 18 16
7 10 3
12 15 8
2 3 11
14 15 17
0 2 16
7 11 9
21 22 18
22 3 2
20 22 15
16 19 6
2 6 13
19 21 13
11 14 16
14 16 6
23 0 7
17 20 2
14 16 19
14 18 10
9 12 14
9 12 9
8 10 13
1 3 11
10 12 2
11 12 16
15 17 19
17 19 14
11 12 16
22 0 9
0 2 1
11 14 11
20 22 20
17 18 13
9 11 10
9 11 3
10 10 8
21 23 8
17 18 12
15 16 13
10 12 15
1 3 17
10 12 3
7 8 1
20 21 16
12 13 3
1 4 6
7 9 7
13 17 20
23 0 12
4 6 1
6 8 1
3 4 6
13 15 4
22 0 20
19 21 1
14 17 16
7 9 7
19 20 5
12 12 16
11 14 2
11 11 12
4 7 1
5 7 19
16 18 2
6 7 12
12 15 2
5 8 16
14 16 13
21 22 17
15 17 1
10 11 5
9 11 20
15 15 18
9 10 5
12 15 10
19 22 20
12 15 1
14 16 19
14 17 2
4 6 8
2 3 8
19 21 17
19 21 5
17 20 11
11 15 8
18 20 14
1 3 7
11 14 5
13 16 15
11 12 5
16 18 20
13 15 13
3 7 4
9 13 11
19 20 7
14 16 4
16 18 4
18 20 17
10 13 10
21 0 13
0 3 5
19 20 13
17 18 4
12 15 12
1 2 7
1 4 18
0 2 16
12 15 12
4 6 3
20 21 12
10 11 9
5 7 11
14 15 18
2 4 10
0 2 7
5 7 10
2 4 19
4 6 7
22 0 2
2 5 17
17 18 8
1 4 6
20 22 8
11 14 1
1 1 15
6 9 2
14 16 1
1 3 20
22 23 7
14 13 16
15 17 11
11 13 15
3 6 7
11 11 11
8 11 19
11 13 6
10 10 20
12 14 11
21 22 5
17 20 12
6 9 3
12 14 12
12 14 18
12 14 15
7 10 4
0 1 7
3 4 18
1 4 12
4 5 7
14 16 20
1 2 14
14 16 8
6 8 11
11 14 10
14 17 12
22 22 2
19 19 20
2 3 15
22 0 18
21 0 16
6 7 8
22 3 10
8 9 7
1 3 7
23 2 9
20 23 17
15 15 15
1 4 7
5 9 20
10 11 3
6 9 15
12 14 19
19 22 1
12 14 11
17 18 2
12 14 12
23 1 13
5 7 7
9 11 11
8 11 11
23 2 13
21 22 17
7 8 10
4 6 4
3 6 6
6 7 13
5 8 4
8 10 4
17 19 5
18 20 2
9 11 13
21 23 4
19 21 5
23 1 2
5 6 16
10 12 9
12 14 5
15 18 19
0 1 8
17 19 16
10 11 5
16 18 3
10 11 7
18 21 13
20 22 6
14 15 2
13 14 6
20 21 5
1 4 18
19 21 4
6 10 5
9 10 9
7 7 14
10 12 18
0 1 20
21 23 13
6 8 2
12 14 7
2 3 2
13 15 13
15 17 13
17 19 3
17 19 5
19 20 16
1 3 1
3 5 6
9 11 20
6 9 7
23 3 16
8 8 17
11 13 18
15 18 7
12 16 10
20 21 7
18 21 10
13 14 8
10 11 8
23 2 7
16 17 13
0 2 3
5 7 17
3 5 8
15 17 15
14 18 5
10 13 2
9 12 10
14 15 3
17 20 18
15 18 19
14 15 3
20 22 9
11 14 10
20 21 9
17 19 10
8 10 16
3 4 20
9 11 18
13 16 1
9 11 6
17 19 16
7 10 7
10 11 9
0 1 2
10 12 5
2 4 16
14 18 6
19 21 3
16 17 18
1 3 16
20 21 18
5 7 12
12 14 9
8 10 5
22 0 5
18 18 1
1 5 4
16 18 19
13 12 16
19 22 18
3 5 20
12 15 13
21 0 15
17 19 2
1 2 8
2 5 11
6 8 10
21 0 19
10 13 4
11 12 9
23 1 1
3 4 5
5 7 13
5 6 18
20 22 6
6 7 5
0 1 12
13 15 20
20 0 6
20 22 18
17 18 15
15 16 15
8 9 18
21 20 11
21 0 10
23 23 13
10 12 11
5 7 19
5 9 3
4 6 18
2 4 3
16 20 16
17 20 3
22 23 16
12 14 2
13 15 10
18 21 16
1 4 13
13 16 8
3 4 18
9 10 7
14 18 13
5 8 11
6 7 15
0 3 15
10 11 7
10 12 9
21 23 15
16 18 1
16 17 15
23 0 9
0 2 20
19 21 1
4 5 14
18 19 3
10 12 11
6 9 16
11 13 1
1 3 1
8 11 2
14 16 4
7 8 5
9 11 18
15 17 19
3 6 15
17 20 12
4 7 12
8 11 1
16 18 2
12 16 2
12 14 20
16 17 19
10 11 15
13 16 8
18 18 3
9 12 5
7 8 11
4 6 1
4 5 17
10 10 11
14 17 12
21 1 8
8 11 17
3 3 10
22 23 6
21 23 19
13 14 2
17 17 17
0 2 3
21 0 9
17 19 20
12 15 1
1 1 1
4 7 16
13 14 2
6 11 17
17 19 10
8 11 14
16 15 11
14 16 18
0 0 18
15 17 14
14 18 6
10 12 1
18 22 20
20 22 20
11 14 3
7 8 11
8 9 17
21 23 14
19 23 14
5 6 4
16 18 20
13 15 10
11 13 1
14 16 8
20 21 18
8 10 5
6 8 19
2 5 15
7 8 7
18 20 1
14 16 14
8 9 11
10 13 11
21 0 12
21 23 6
8 11 1
11 13 4
19 21 12
21 1 20
12 12 18
3 6 2
10 12 20
17 18 16
14 15 11
3 5 6
8 10 20
16 16 12
15 17 4
14 15 1
1 3 12
13 16 9
18 21 12
2 3 16
7 10 12
8 11 19
10 14 11
11 12 12
5 7 12
10 11 8
10 12 7
23 1 19
22 23 13
16 19 19
21 23 3
13 16 15
22 22 15
11 13 15
9 12 8
21 22 11
0 4 11
17 20 20
10 12 14
3 7 9
4 6 1
17 19 9
2 6 16
17 18 13
8 9 18
8 10 6
22 1 18
14 17 19
21 0 13
14 16 18
8 11 11
12 14 3
16 17 8
23 2 16
20 22 4
10 11 12
16 19 11
10 12 15
5 7 8
16 19 9
10 10 17
7 8 19
15 17 1
2 3 13
2 3 17
8 11 17
14 15 7
2 5 2
17 20 13
14 16 13
2 4 13
5 7 5
10 11 15
2 4 3
3 6 12
17 18 13
14 15 8
22 23 10
1 2 9
6 8 18
10 11 14
13 16 12
8 11 1
21 22 17
5 7 11
12 14 16
4 6 20
6 7 4
16 18 12
19 21 9
4 7 16
15 17 5
17 20 19
21 23 4
7 9 18
9 10 1
22 1 8
0 4 17
0 2 17
16 18 1
17 20 4
15 16 4
17 19 19
16 16 3
17 19 6
21 0 1
5 6 9
22 0 15
8 10 16
9 10 12
1 2 15
9 10 3
5 6 18
14 15 8
13 15 8
14 17 3
6 7 3
0 1 5
4 6 4
8 11 15
5 8 20
22 23 3
19 21 16
8 9 13
22 0 4
16 19 16
5 8 9
15 16 6
19 22 14
11 12 4
13 14 10
16 19 2
6 7 7
7 9 2
11 13 8
9 10 11
1 2 18
22 23 2
8 11 7
1 4 5
18 19 20
7 10 8
9 12 20
7 7 20
7 7 10
18 21 4
16 18 18
3 5 1
14 16 18
15 17 16
22 0 7
6 9 19
7 8 3
18 21 10
3 7 1
2 2 7
14 14 13
8 11 9
1 3 3
12 15 19
14 15 6
19 23 17
19 22 5
9 12 5
16 20 18
16 18 6
17 19 16
1 5 18
16 20 7
21 23 1
23 0 7
2 4 18
0 4 2
7 10 14
13 16 14
15 16 3
11 13 13
14 18 6
14 16 16
9 12 13
6 7 10
12 15 2
6 7 7
10 12 10
7 8 8
22 0 19
8 10 5
2 3 6
20 22 7
15 17 9
7 9 8
23 0 2
10 12 1
1 2 13
5 8 15
10 12 11
15 17 9
2 5 4
2 4 7
5 8 17
3 5 12
21 22 12
12 13 4
20 21 13
7 10 16
9 11 19
21 23 11
15 16 13
0 1 18
15 16 13
4 6 17
5 5 3
7 11 2
4 6 10
11 12 14
20 23 13
0 3 9
3 3 5
2 4 3
5 6 9
2 5 10
16 19 13
10 11 13
2 4 6
14 17 2
22 2 10
21 0 7
22 0 13
8 10 1
17 19 16
7 8 4
17 19 15
0 2 14
8 10 13
10 13 6
8 10 2
12 14 2
4 5 11
20 22 1
5 9 20
5 8 11
0 3 3
7 9 14
3 5 4
10 11 20
14 16 1
22 0 12
8 10 8
14 16 14
5 7 10
0 5 12
19 21 1
20 22 9
0 2 14
10 13 7
2 5 3
16 16 14
9 11 11
6 9 8
8 9 8
11 13 10
22 2 11
11 14 12
0 2 4
16 20 1
18 20 4
21 23 8
14 17 9
2 4 16
11 13 9
7 7 1
8 11 13
22 0 9
6 8 4
18 18 19
7 8 10
11 13 6
7 9 14
17 19 6
14 17 5
1 3 3
3 3 15
6 8 17
0 2 1
1 5 14
17 18 9
19 23 6
7 11 18
19 20 2
6 9 2
5 7 14
2 4 8
23 1 11
0 2 5
21 23 11
10 12 9
5 5 12
14 17 4
6 7 5
12 14 7
8 9 16
6 9 7
18 20 10
16 16 19
20 22 17
3 5 11
21 23 19
7 9 19
9 9 5
5 8 4
18 20 19
11 15 11
18 20 17
2 1 5
8 10 3
16 19 8
2 3 2
2 5 19
18 20 6
0 4 14
16 18 4
14 15 8
21 23 15
7 7 16
23 3 16
11 13 12
15 17 6
6 8 10
23 1 8
1 3 2
15 18 5
17 18 4
11 12 12
6 7 17
6 10 5
6 8 8
10 12 12
15 17 13
21 0 14
23 0 15
17 20 5
21 23 15
13 16 19
5 7 17
10 12 18
16 16 1
6 8 10
19 21 2
13 15 9
5 7 15
17 20 10
9 10 5
4 5 12
7 10 11
21 0 10
21 22 14
4 6 4
19 20 8
19 20 1
19 19 6
0 2 17
23 0 17
21 23 7
17 19 5
14 17 7
3 5 4
14 15 3
16 18 20
7 9 3
7 9 2
1 3 11
2 3 15
5 7 20
4 6 4
20 22 20
16 19 15
20 21 7
8 10 14
2 4 13
22 23 15
2 2 5
5 7 3
3 6 18
16 18 14
13 14 18
18 21 7
12 14 18
19 20 14
13 15 3
17 20 20
18 21 16
17 20 8
22 1 12
4 5 14
11 12 18
5 7 2
7 9 11
4 6 13
3 3 6
14 17 11
1 3 17
23 1 11
21 22 13
21 22 12
13 16 7
19 23 10
10 12 5
13 15 16
9 10 17
6 10 4
13 16 20
1 2 3
19 22 10
21 23 10
5 9 1
1 4 2
21 23 2
18 19 7
7 11 2
5 6 17
1 3 1
19 20 12
6 9 1
20 23 12
15 17 6
15 18 17
21 0 10
11 13 17
13 14 15
13 15 6
7 8 11
4 7 18
14 15 9
7 9 3
22 2 20
14 17 12
17 20 16
14 17 15
11 14 11
11 12 9
8 10 12
3 6 3
9 11 7
22 0 7
19 21 15
12 14 18
16 19 14
1 3 4
13 15 2
22 1 13
9 10 15
20 22 8
8 9 18
11 12 13
19 20 1
21 23 18
18 19 9
15 16 20
13 15 19
19 21 3
3 6 11
5 8 9
8 10 17
14 16 18
8 10 10
11 12 11
8 10 20
0 2 4
9 11 2
0 2 11
22 0 17
4 6 1
9 12 8
0 3 12
11 13 5
4 6 1
5 7 10
13 16 18
14 17 3
9 11 6
11 12 15
4 5 10
5 6 7
18 20 3
21 23 12
9 12 16
17 19 5
11 13 20
20 21 18
20 0 10
10 10 12
2 3 8
1 3 1
19 20 19
10 12 14
23 1 2
17 18 17
4 7 3
4 6 1
23 2 3
0 3 8
4 5 4
18 21 17
6 6 13
16 18 19
13 13 15
19 21 20
17 18 16
19 0 15
21 23 18
12 13 17
6 7 19
18 21 3
4 6 9
21 22 14
7 9 18
17 19 19
21 23 18
5 7 8
15 17 10
21 0 8
9 11 12
5 8 8
13 16 4
16 18 19
7 8 15
9 10 16
11 13 15
17 18 20
13 17 16
7 10 6
11 15 2
14 18 13
4 6 4
20 22 13
19 21 7
21 0 13
8 9 4
20 22 16
14 16 9
21 23 11
10 11 1
6 9 15
9 11 19
16 18 6
17 20 7
16 20 19
20 23 19
14 16 19
5 7 7
13 14 8
21 23 5
4 4 5
9 12 12
20 22 1
14 18 2
14 15 1
9 12 15
3 6 2
18 19 10
20 21 20
3 2 13
12 14 7
0 1 1
13 16 16
9 11 3
19 21 19
20 22 10
15 16 11
5 8 11
16 19 9
8 11 5
0 1 19
5 7 9
5 7 12
17 20 19
13 14 16
19 20 16
14 16 8
13 15 3
14 17 14
6 8 14
2 3 4
1 3 14
8 11 8
9 11 2
15 18 9
23 0 15
15 17 15
1 3 8
21 23 2
4 6 3
13 14 11
3 4 20
19 20 3
11 13 7
10 12 13
5 7 20
18 20 1
7 8 16
21 23 1
22 0 15
18 19 5
2 4 17
7 8 9
23 2 10
9 10 2
6 7 7
10 13 15
5 9 3
15 17 13
18 20 2
2 5 3
17 19 14
9 11 8
17 20 14
7 9 5
12 14 7
7 10 7
3 4 9
8 11 2
20 22 14
12 15 16
2 4 15
20 23 20
4 7 7
23 2 14
15 19 6
4 7 19
17 20 5
12 17 11
4 7 10
17 20 10
14 17 12
13 15 1
8 12 6
12 14 3
2 4 10
15 17 18
18 19 7
22 1 19
15 17 5
21 0 7
17 18 5
13 15 8
22 0 10
4 5 2
5 7 10
21 23 15
1 4 17
10 13 17
1 5 4
7 10 5
20 22 18
23 1 19
22 0 6
8 10 11
19 20 8
21 23 8
0 3 14
17 18 9
9 12 4
21 23 14
20 22 13
23 2 5
15 18 9
3 4 5
1 2 15
4 7 18
7 7 7
22 0 13
16 18 1
9 12 20
5 7 8
7 8 12
6 8 17
21 23 8
5 7 18
22 0 2
4 8 18
11 14 2
10 14 6
13 15 2
15 18 5
1 2 13
23 1 12
9 13 9
0 3 10
7 9 6
6 7 4
7 7 15
0 2 16
2 5 18
0 1 2
5 6 4
21 22 1
12 14 10
5 6 6
5 8 8
17 18 13
14 16 5
3 5 20
9 11 16
18 21 14
11 11 10
14 14 10
17 20 18
0 2 7
10 10 13
18 20 16
2 4 12
4 5 1
4 5 8
22 0 12
13 14 10
16 16 10
10 11 3
19 21 18
18 19 14
13 15 1
7 11 10
5 6 9
6 10 13
4 6 4
16 18 17
21 1 4
4 5 5
17 20 17
10 13 10
17 18 7
20 23 10
5 7 2
21 23 10
11 11 14
4 6 11
6 8 3
1 3 16
22 1 15
12 12 20
14 17 7
16 17 20
3 5 2
2 4 18
2 4 13
11 12 11
10 12 9
3 6 7
5 7 16
5 6 9
19 21 6
17 20 2
8 10 17
22 21 15
22 23 20
18 21 17
3 6 9
5 7 12
0 1 15
11 12 5
11 13 20
10 12 20
0 2 8
8 11 8
13 15 4
5 4 11
12 15 11
10 11 17
3 5 5
22 0 5
1 4 8
20 22 15
0 3 2
13 14 3
12 14 18
17 19 10
20 20 16
23 1 18
10 13 11
22 23 7
5 6 3
16 18 13
17 18 10
20 23 17
6 9 19
10 11 2
1 2 15
0 3 6
20 23 11
3 3 18
20 22 7
2 3 9
22 23 14
4 6 13
20 22 20
23 1 10
5 7 12
5 7 4
8 10 15
5 8 3
23 2 17
20 21 13
14 17 15
14 16 20
4 7 4
22 23 5
3 5 13
13 15 13
14 17 5
11 16 14
2 4 11
3 3 12
21 22 10
21 23 5
13 16 17
5 8 16
18 20 3
9 11 5
23 22 5
17 20 16
18 20 20
5 7 17
5 6 4
13 14 11
19 21 17
19 21 19
17 18 19
10 12 6
14 16 10
19 22 2
8 10 5
18 20 19
17 19 12
10 11 10
9 10 12
6 7 8
3 5 4
7 9 19
11 12 18
18 21 11
1 3 16
19 21 7
9 11 14
5 7 18
0 2 18
2 5 10
18 18 19
17 20 2
15 18 6
6 6 18
16 18 1
20 22 11
5 7 9
20 21 15
0 1 19
13 17 13
7 11 19
23 1 2
22 2 7
19 21 12
19 21 9
11 13 13
23 1 15
1 3 8
4 7 13
19 21 12
16 19 16
13 15 8
5 7 13
14 17 16
17 20 12
0 1 5
4 5 17
10 10 11
21 23 11
8 12 16
3 5 14
15 16 12
12 14 7
2 5 14
13 14 12
1 2 15
6 8 16
2 3 6
5 7 10
19 20 12
22 22 18
23 1 3
15 17 6
18 20 20
11 14 7
9 12 17
6 7 6
4 7 19
3 3 11
18 20 3
19 23 1
19 22 4
11 14 7
22 23 18
3 5 16
1 3 1
1 3 5
6 9 13
15 16 3
21 22 19
20 0 14
16 19 13
18 19 11
8 11 4
14 16 18
17 18 2
8 10 4
16 17 20
9 12 20
12 14 12
18 21 8
1 3 18
18 20 1
10 9 2
12 13 14
3 5 16
21 23 17
1 3 7
20 22 2
23 1 19
23 3 18
8 10 19
11 13 10
18 19 8
15 17 13
16 18 10
7 9 4
17 21 2
4 5 11
5 7 10
13 14 20
16 18 8
9 12 4
9 10 18
20 22 9
13 16 9
2 3 2
19 22 15
6 10 10
13 14 11
13 15 14
14 16 8
23 2 15
8 12 2
6 7 6
2 3 13
19 0 9
17 20 5
4 7 1
1 3 18
14 17 9
0 1 17
19 21 7
20 22 13
20 22 6
20 22 4
6 8 18
4 6 10
19 23 4
1 3 7
3 3 11
4 6 4
10 12 7
22 0 10
4 7 15
15 17 7
19 20 13
12 14 16
8 10 2
22 1 9
17 18 18
10 12 5
14 17 1
6 9 4
5 7 11
2 3 18
6 10 14
0 3 18
18 19 9
19 20 8
4 5 13
19 20 2
20 22 8
0 3 16
1 3 10
1 4 17
19 21 20
17 18 15
8 8 13
2 3 8
22 23 17
1 1 19
13 16 15
17 19 1
15 18 17
7 9 2
17 19 8
4 7 14
6 9 10
18 18 13
12 14 3
15 17 5
21 22 8
13 18 5
20 0 20
7 11 8
5 9 18
13 15 18
4 6 5
5 7 15
4 7 13
14 16 19
1 4 7
10 14 11
3 7 16
12 12 12
0 4 8
21 1 2
3 6 11
9 11 13
20 20 6
15 17 17
6 5 2
21 0 13
7 10 2
12 15 1
4 4 11
20 23 18
0 3 12
21 0 14
8 11 15
14 15 7
21 0 6
10 12 7
19 22 4
0 2 4
20 22 10
11 12 1
13 15 13
2 2 7
18 20 11
9 10 13
23 2 8
11 13 14
16 19 13
4 7 19
22 1 3
12 14 12
14 17 14
18 19 13
16 17 19
2 4 8
7 9 4
7 10 10
13 14 3
11 12 18
19 20 8
10 10 12
14 16 3
22 23 20
13 15 19
2 2 11
19 22 14
9 12 7
0 3 19
8 12 3
19 21 20
8 11 14
23 0 7
16 18 19
10 12 5
6 8 10
14 16 13
14 16 12
12 13 16
11 13 20
4 5 8
21 23 5
22 23 5
0 2 4
22 1 12
1 3 5
1 4 19
18 20 15
0 1 1
20 21 6
5 7 1
0 0 15
23 1 1
17 20 4
6 7 15
20 22 14
13 15 6
18 18 20
11 13 17
2 5 15
6 8 4
4 6 18
14 16 14
8 9 1
10 13 20
7 9 2
7 9 9
5 7 3
23 0 2
1 3 18
0 1 6
15 16 16
18 20 4
13 15 15
5 6 9
0 2 19
11 14 17
23 0 18
16 20 5
11 13 10
6 9 12
10 12 2
6 7 2
16 18 10
17 19 19
16 19 4
17 18 13
22 23 7
23 23 4
9 9 15
21 23 8
17 18 18
13 16 7
3 5 20
0 3 6
18 19 14
4 8 11
18 20 13
13 13 15
8 9 3
1 2 4
12 14 20
12 15 17
16 16 7
0 1 3
12 14 11
0 1 1
1 3 6
18 21 7
2 4 2
18 19 4
3 5 17
13 17 19
1 2 15
10 12 20
14 15 20
21 0 1
13 14 8
5 6 11
22 23 8
22 0 15
10 12 2
1 2 14
6 8 19
23 23 10
19 21 11
2 3 18
14 15 10
9 10 7
5 8 1
1 3 19
4 8 4
17 21 17
17 19 14
6 8 10
11 13 2
16 18 6
14 15 12
20 22 5
9 10 15
10 12 14
2 5 12
6 10 16
9 12 5
17 18 18
16 17 8
3 4 11
9 12 12
19 22 19
1 3 19
3 6 19
5 7 2
3 4 15
18 19 14
4 8 13
12 15 1
22 0 7
6 9 5
18 20 6
2 6 5
19 21 19
19 19 1
7 10 3
1 3 16
0 3 20
0 3 12
20 21 20
22 0 5
15 19 13
4 7 7
13 14 12
9 11 12
9 11 3
7 10 16
15 17 19
5 8 4
6 7 20
9 12 13
6 7 13
21 0 15
12 13 4
9 11 18
20 20 19
5 8 1
14 19 13
22 0 18
9 12 15
14 16 19
22 2 6
13 14 13
11 12 2
19 22 19
23 3 8
7 8 12
14 17 4
13 18 8
21 0 19
8 10 5
23 0 10
13 17 10
8 9 18
4 4 10
2 4 2
5 8 19
3 4 7
15 17 6
2 3 4
8 9 6
4 5 18
9 8 7
8 11 10
3 6 3
18 19 1
0 1 20
6 9 12
10 13 12
21 0 8
8 10 16
6 9 20
2 3 3
20 22 5
6 8 8
11 12 15
4 6 5
10 11 5
18 20 15
2 3 13
2 4 2
12 15 6
22 23 15
12 15 6
13 15 16
5 8 7
3 4 8
7 8 4
21 23 4
12 15 3
17 19 5
17 19 9
21 22 1
18 20 1
16 17 3
14 13 8
17 20 14
16 19 12
16 18 15
6 8 9
6 8 20
5 6 18
0 0 14
21 23 16
10 14 5
5 7 18
9 10 11
6 9 2
22 1 9
10 12 10
9 11 3
5 7 9
15 15 20
6 9 6
17 20 17
3 5 19
16 20 8
5 7 3
2 3 9
0 3 19
0 3 7
10 11 10
15 18 11
4 4 11
7 10 6
20 22 9
18 20 17
1 3 14
3 6 10
22 0 15
7 10 6
12 15 10
21 22 10
12 14 4
10 11 2
15 17 17
20 22 3
17 18 20
11 13 7
18 20 4
17 21 4
18 20 4
20 22 20
4 5 8
