2060 20
12 10 2 13 1 9 11 14 4 2 5 3 1 18 8 9 11 11 1 9 
8 11 17
0 2 20
4 6 18
17 19 14
7 8 10
14 16 7
19 20 11
17 18 10
10 13 9
1 3 9
6 9 10
23 2 3
22 1 14
16 18 2
11 14 18
14 16 20
3 6 3
1 4 20
21 0 11
21 0 17
16 17 15
13 16 15
6 8 15
22 23 8
10 13 13
2 6 11
15 17 14
22 0 15
1 4 7
20 21 3
15 18 17
18 19 20
22 1 10
7 8 15
23 2 19
11 12 6
18 21 7
20 23 9
19 23 7
14 16 16
14 16 9
6 7 2
0 3 20
2 3 10
0 3 8
16 17 10
11 13 9
18 20 10
8 10 20
18 20 10
21 23 10
11 13 3
8 11 17
8 10 3
13 14 7
22 0 18
0 2 19
15 17 3
7 8 5
23 0 16
13 17 11
20 21 15
10 12 10
4 6 19
12 15 18
6 7 19
14 16 10
12 15 19
0 3 6
12 13 4
19 21 2
12 15 10
13 15 5
11 13 12
17 20 6
15 16 5
16 20 2
8 10 5
10 14 5
8 10 19
18 20 17
4 7 9
17 19 17
15 16 3
22 21 16
16 18 14
18 18 13
4 7 19
4 6 1
9 10 15
13 15 6
16 18 13
0 2 14
16 17 6
8 10 18
10 13 19
22 0 9
22 0 16
14 14 1
17 20 3
13 15 10
14 17 7
5 8 10
7 9 10
11 14 14
8 9 11
9 13 16
16 18 7
8 11 10
9 10 8
4 6 7
13 15 9
4 7 2
17 19 3
11 13 18
21 22 14
7 7 5
6 7 2
23 1 15
13 16 19
18 22 19
10 13 12
6 9 19
5 8 17
10 11 6
18 19 3
0 2 20
19 22 2
15 17 2
11 13 20
20 23 7
19 22 8
3 7 5
1 3 14
10 12 9
11 13 5
10 12 15
11 13 1
0 2 20
18 21 12
13 17 4
14 15 7
6 9 14
3 5 9
2 5 8
15 18 20
22 1 6
22 0 11
21 23 20
4 7 19
15 17 10
16 20 4
13 16 8
1 4 8
15 16 12
17 19 8
9 10 13
22 1 16
1 4 20
6 5 18
16 18 18
6 9 14
21 22 4
8 10 16
16 19 17
4 6 9
9 14 9
6 9 12
19 21 10
7 9 9
23 2 12
22 0 3
12 16 9
1 2 13
8 11 19
18 18 8
3 5 18
22 23 12
12 13 10
15 17 12
19 20 7
6 7 19
16 18 11
10 13 4
7 9 16
14 18 20
9 10 15
12 13 14
23 23 9
22 0 12
10 13 15
7 9 15
5 8 2
19 22 20
15 16 1
18 19 3
6 7 8
22 0 13
17 18 3
23 1 13
10 13 13
1 3 3
3 5 20
9 12 4
0 2 19
21 0 3
20 23 3
3 4 1
17 19 15
11 14 7
9 12 13
4 7 8
19 22 17
14 18 3
12 13 8
0 2 18
8 11 3
13 12 7
1 4 7
16 17 19
15 16 2
8 11 18
1 4 2
6 10 14
10 11 8
13 15 9
10 11 3
1 5 10
10 11 1
20 21 4
2 4 8
21 23 8
4 7 1
8 10 1
18 21 6
17 18 5
1 4 20
23 0 20
20 21 17
0 2 2
15 18 14
20 22 13
8 10 7
22 0 9
11 16 13
3 6 11
21 22 11
17 19 19
19 22 7
2 5 14
19 21 5
9 11 4
2 4 19
12 14 6
0 2 12
2 4 3
12 12 18
2 4 3
11 11 10
4 5 18
11 14 5
16 19 19
10 13 19
8 9 10
13 15 15
20 23 13
16 17 5
16 17 11
18 19 6
8 10 17
17 19 12
0 1 17
17 20 2
1 2 15
6 7 12
12 13 7
15 18 2
17 19 4
3 5 3
8 10 13
12 13 4
5 7 8
8 11 3
10 12 18
6 8 1
14 17 11
21 0 14
11 13 17
21 23 12
13 16 18
5 8 10
17 20 20
6 8 17
21 22 12
4 6 13
4 7 1
17 19 14
16 18 1
12 12 16
21 22 6
17 20 9
11 13 4
14 13 2
0 2 2
6 7 9
18 21 12
13 16 9
22 0 14
20 21 19
23 1 19
8 10 16
8 9 4
22 1 16
10 12 1
11 12 3
11 14 7
7 7 11
5 6 12
7 8 1
14 16 13
3 5 14
1 3 6
19 20 20
10 11 8
5 6 18
8 9 8
18 20 10
20 23 9
10 13 9
23 0 17
7 9 19
9 12 15
22 0 13
15 18 12
7 8 16
3 5 19
12 13 18
23 1 17
21 22 7
4 6 1
22 1 14
22 0 10
23 0 1
5 8 5
4 6 20
22 23 17
14 17 5
18 21 1
22 0 5
10 14 9
0 2 1
8 10 17
7 10 9
19 19 8
18 18 15
17 20 15
0 2 18
15 17 6
1 4 7
21 23 8
19 20 2
19 21 3
7 6 19
20 23 4
15 17 19
11 12 3
13 16 15
4 5 12
7 9 8
1 5 14
22 23 2
1 1 1
14 17 1
19 22 4
14 16 1
6 8 16
22 22 10
3 4 1
18 20 5
4 7 3
12 14 19
10 13 18
17 19 17
2 5 6
20 22 4
5 6 5
21 0 19
22 2 5
5 7 13
5 6 19
11 11 11
16 17 13
2 3 16
9 11 14
9 10 17
1 2 6
21 22 13
20 22 13
14 16 14
3 4 19
1 3 18
14 16 10
12 13 4
12 14 10
15 16 14
6 9 1
12 14 20
10 11 16
7 10 13
9 11 13
20 22 6
19 21 11
16 21 5
1 2 9
14 16 12
10 11 11
16 17 15
5 8 3
2 4 12
6 8 12
23 1 4
2 3 1
21 1 9
22 1 13
16 18 5
3 5 2
7 10 11
17 20 4
9 10 10
6 7 9
0 3 18
22 0 7
17 19 2
19 20 18
4 6 20
14 16 2
11 13 3
22 1 19
16 19 16
14 16 15
20 22 8
22 0 13
1 2 3
2 4 14
2 3 7
18 19 11
0 3 10
11 11 3
3 5 1
1 4 4
15 17 16
1 3 1
22 23 18
3 3 4
7 7 20
9 9 8
12 15 20
7 8 18
6 8 16
1 3 9
14 16 2
20 21 2
9 11 12
22 1 19
16 19 5
11 13 8
5 6 14
15 15 12
3 4 12
21 21 16
15 16 2
10 12 9
7 9 6
1 3 4
9 10 17
7 9 10
15 18 17
1 4 6
17 18 2
5 9 1
13 12 17
0 0 11
23 1 17
2 4 3
21 23 19
14 16 17
23 2 9
2 3 20
11 13 17
22 23 5
15 19 2
14 17 6
5 8 1
6 7 16
0 3 14
4 5 4
21 23 10
2 4 7
15 17 4
15 15 10
9 11 11
7 9 8
1 5 13
23 3 6
20 22 10
23 3 17
5 8 3
8 9 13
5 8 18
3 7 12
6 8 10
12 13 2
5 8 15
7 9 3
10 12 14
11 12 19
11 12 9
6 8 3
22 0 18
15 17 15
11 14 10
1 2 15
3 4 12
21 23 20
0 4 8
3 5 7
4 5 2
4 4 12
9 11 19
17 18 16
3 7 13
16 20 15
11 12 8
8 10 13
14 17 6
15 15 13
22 23 4
16 18 20
23 0 4
19 21 7
21 22 14
22 0 16
10 12 14
22 1 20
21 22 11
11 13 5
5 6 4
17 20 16
19 20 4
1 2 8
8 9 9
5 7 16
16 18 10
15 16 12
21 1 7
3 6 3
4 5 14
0 1 17
16 19 7
7 9 16
22 0 6
8 11 12
5 6 6
1 2 1
23 2 5
16 19 4
10 12 16
8 11 10
18 20 15
20 21 19
16 18 6
8 11 8
9 12 6
8 11 11
19 21 2
19 21 8
16 18 12
0 1 4
12 13 20
22 0 9
0 2 15
18 19 4
8 9 19
13 14 4
7 9 1
19 21 16
18 21 19
20 21 9
8 11 14
5 7 2
5 7 4
9 12 16
17 19 9
20 22 12
20 23 16
13 16 17
6 8 9
23 23 7
7 10 6
9 11 8
5 7 17
18 21 11
23 2 18
13 16 2
14 16 8
3 5 16
9 12 13
6 7 6
14 15 8
5 8 3
4 5 2
7 10 20
9 11 12
18 19 1
22 23 5
10 11 15
17 19 10
17 19 16
1 2 11
23 2 17
1 2 5
8 11 4
13 13 19
4 5 14
7 11 20
21 23 8
21 23 5
10 12 2
19 22 6
1 4 18
21 21 6
10 11 10
21 0 11
17 20 7
16 19 17
14 15 5
0 3 4
13 16 12
2 4 2
23 2 17
19 19 19
19 20 4
11 13 19
22 0 14
7 10 3
8 10 2
13 15 13
5 8 11
5 5 12
11 13 19
19 21 17
16 19 6
8 10 4
0 4 11
1 3 19
10 12 20
3 6 8
1 2 15
13 15 5
15 16 19
23 0 7
20 22 11
22 1 2
12 12 8
7 10 6
23 2 6
7 9 16
10 12 12
4 7 6
12 15 16
13 14 3
0 2 18
6 10 20
19 21 13
7 8 5
6 9 13
2 2 9
19 19 13
12 13 13
0 2 19
14 13 12
9 9 16
8 11 2
2 5 17
14 16 6
3 5 19
5 6 13
18 21 15
16 17 6
9 13 8
21 21 4
17 18 14
7 10 8
9 8 1
2 3 15
6 7 14
23 3 10
7 9 17
16 19 18
18 19 19
2 4 6
11 13 5
16 16 18
12 14 15
10 13 7
18 20 10
5 7 19
14 16 12
19 22 16
20 20 9
16 18 10
19 20 20
21 22 15
15 17 10
15 17 1
6 7 15
6 8 8
14 17 20
11 13 2
1 5 18
20 21 20
17 19 6
14 14 20
18 19 5
1 3 13
6 10 13
2 3 12
17 18 5
4 5 19
1 3 2
19 22 12
20 22 10
15 18 1
7 10 13
23 1 20
20 21 17
23 2 18
22 23 1
3 6 19
8 10 15
12 16 14
8 11 12
16 17 20
11 16 9
7 8 11
12 13 16
7 9 9
13 14 17
10 12 4
7 9 15
0 0 10
17 18 1
3 6 1
10 12 13
18 19 9
16 18 9
8 8 10
0 1 13
15 16 17
23 2 15
22 0 5
7 8 10
16 18 12
23 1 8
14 17 15
1 2 13
22 1 14
11 14 5
14 16 18
7 9 6
19 21 17
0 3 3
14 16 16
8 9 5
21 21 6
7 8 14
20 23 2
22 1 8
13 15 5
5 8 14
12 13 4
22 23 9
6 8 8
13 14 7
8 10 10
23 2 15
4 5 5
23 1 5
10 13 18
6 8 12
1 4 12
10 10 15
11 12 4
4 6 8
19 22 4
7 9 2
19 21 17
4 5 14
13 14 4
7 9 3
4 4 11
7 8 11
18 21 11
11 14 13
21 23 20
22 1 5
18 20 19
1 3 16
23 1 10
19 20 12
8 9 12
9 12 2
18 21 13
22 1 2
10 12 9
20 22 18
9 11 10
10 11 14
3 5 4
13 15 9
5 5 11
15 18 4
21 1 16
16 18 7
6 8 13
4 6 13
17 19 2
13 15 1
16 20 13
23 0 8
10 12 5
17 20 5
1 2 1
12 12 10
2 3 12
12 14 8
5 6 17
0 3 13
14 16 7
3 6 3
7 10 19
20 22 18
21 22 11
16 19 19
8 11 10
4 6 16
0 1 8
4 7 5
10 12 14
10 12 1
21 23 8
19 20 3
0 3 7
21 23 1
22 23 7
22 23 16
10 12 18
21 0 20
12 17 12
19 22 15
9 11 12
1 3 14
9 10 11
11 14 16
7 9 19
2 4 18
11 12 17
1 4 19
13 17 12
3 5 7
23 2 13
18 19 12
2 4 3
4 5 15
3 5 9
14 15 1
21 21 5
8 11 10
1 3 18
23 2 19
20 22 3
1 2 3
10 12 11
22 1 10
4 6 20
3 5 8
20 21 10
20 20 11
13 14 15
23 1 15
17 18 12
18 20 19
17 20 14
18 20 13
23 2 9
22 23 14
1 1 10
9 12 4
0 2 17
19 21 1
7 10 19
10 13 8
21 22 12
9 11 17
7 10 19
2 5 6
2 6 17
17 19 1
5 6 14
13 14 12
15 17 15
0 4 3
12 13 8
3 5 9
2 3 5
2 2 8
16 19 7
0 2 1
7 9 9
15 17 5
16 19 8
18 19 14
5 6 3
12 14 19
9 10 3
15 17 8
20 21 13
3 4 19
9 11 8
16 17 1
8 10 19
10 13 15
8 10 16
16 18 6
22 23 15
20 21 16
22 0 7
3 4 3
17 19 5
13 15 4
10 13 18
23 0 17
5 7 1
20 23 12
9 12 20
12 13 6
4 6 9
7 9 9
19 23 1
15 17 20
23 2 5
13 15 5
21 0 17
23 3 8
23 23 3
2 3 13
8 10 16
4 7 8
15 17 12
4 6 8
18 20 9
8 10 15
0 3 9
12 15 20
16 17 12
3 6 18
1 2 17
15 17 15
8 11 9
16 19 5
15 16 10
1 4 15
15 18 4
21 23 19
0 1 19
6 8 8
14 17 17
2 4 15
14 17 17
12 15 8
8 11 3
14 17 1
3 4 6
8 10 6
1 5 18
0 2 11
17 19 11
20 20 9
12 14 16
1 4 9
23 1 14
0 3 18
22 0 1
20 22 12
8 10 17
18 20 7
5 7 2
16 17 7
23 0 1
11 15 4
10 12 1
2 1 18
18 20 4
4 7 1
6 7 14
7 10 6
1 3 8
10 11 9
7 10 9
15 17 3
17 17 18
10 12 3
15 18 16
8 9 11
15 14 13
7 10 15
9 11 20
6 8 8
7 10 19
15 19 5
11 13 19
18 20 16
4 8 2
21 23 13
3 4 17
16 18 14
22 0 11
14 17 14
8 10 17
12 14 6
21 22 16
13 15 1
3 5 14
6 10 7
0 3 2
7 9 12
15 18 16
20 20 20
3 6 8
13 13 17
1 4 10
17 18 11
1 2 9
10 11 5
7 8 20
21 2 20
1 3 16
7 10 11
19 21 19
3 6 2
13 14 17
8 9 15
15 16 12
8 9 13
12 16 16
20 21 2
15 17 4
11 13 11
8 11 9
1 1 9
15 17 6
0 2 1
5 8 10
4 8 13
6 7 18
1 3 20
17 17 17
17 19 18
17 21 14
23 1 11
6 7 11
3 4 18
1 3 14
5 9 13
6 8 1
20 23 4
14 15 13
0 1 5
23 0 20
21 22 17
4 6 9
16 16 7
22 23 3
2 4 8
3 6 8
9 11 8
14 16 1
11 13 7
20 22 3
2 3 6
1 4 17
4 6 18
4 5 15
11 13 17
0 1 3
7 9 1
14 17 8
18 20 8
16 17 17
0 4 19
16 19 15
20 23 6
21 0 14
23 22 5
11 13 12
23 2 16
2 5 19
22 0 9
19 20 17
5 6 4
13 14 7
3 4 5
21 23 20
19 20 12
3 6 13
20 23 20
12 14 3
22 0 9
9 12 8
22 0 4
5 6 12
10 12 1
3 5 12
15 17 1
13 14 13
0 2 5
7 10 3
22 23 6
21 0 9
4 6 6
1 2 9
13 15 17
21 22 1
23 0 20
9 13 14
1 3 14
4 5 15
11 14 19
16 19 2
4 5 6
7 10 13
4 6 17
21 0 11
17 20 14
5 8 9
23 1 17
3 5 10
4 6 14
14 17 17
11 11 17
1 4 12
14 17 9
23 2 3
13 16 15
21 21 20
0 2 16
17 17 2
10 12 1
9 10 2
20 20 7
21 23 15
2 5 7
4 6 6
21 22 2
4 7 20
19 20 1
7 8 17
5 7 5
18 20 6
16 19 19
17 19 1
21 0 19
20 21 2
13 16 6
3 4 12
3 3 6
14 16 20
12 13 18
4 6 19
22 0 13
15 17 2
5 7 12
12 14 18
12 14 12
15 18 19
6 7 5
23 1 9
22 23 11
16 19 9
22 0 12
2 5 9
18 19 12
1 4 2
17 20 6
10 11 17
7 10 18
14 16 7
23 0 14
12 13 7
10 11 12
21 0 8
9 12 13
1 3 14
15 17 16
18 20 18
16 18 14
4 5 17
19 21 1
10 14 10
7 9 16
2 5 17
17 20 11
16 18 3
14 15 2
23 2 14
8 9 20
14 16 17
18 20 20
13 16 8
16 18 9
23 3 6
0 0 13
16 17 11
20 22 7
19 22 9
16 17 13
10 11 16
6 8 4
10 13 8
7 11 6
8 9 18
0 3 12
1 2 9
23 0 7
17 20 10
12 12 9
17 19 8
2 5 16
4 5 17
10 14 20
5 8 20
17 19 12
3 5 3
11 15 6
10 13 13
6 8 14
21 1 11
6 8 4
14 17 4
16 19 14
23 1 3
5 9 2
21 0 13
2 4 1
18 19 19
6 8 12
18 20 5
7 10 18
10 13 16
10 12 17
3 4 15
23 1 9
21 0 19
23 1 3
11 13 7
15 18 5
8 9 19
5 7 17
1 3 7
23 1 12
17 21 14
20 21 3
23 1 18
13 15 2
3 4 8
13 15 20
13 16 12
4 5 12
11 14 5
10 12 7
14 14 4
13 16 16
10 13 10
1 2 7
21 22 5
2 6 13
9 10 2
11 13 2
14 17 10
23 0 19
16 17 17
13 15 16
19 21 11
7 9 16
14 16 2
23 2 4
4 6 6
16 19 10
3 4 13
17 19 17
22 0 8
2 4 13
5 7 8
15 18 13
0 3 11
22 0 14
5 8 14
8 10 19
16 19 5
21 0 2
5 7 16
9 11 2
23 3 3
6 9 16
22 23 13
6 7 12
23 2 5
12 13 4
14 15 8
15 17 19
1 3 10
9 10 15
22 0 16
16 18 20
5 5 17
21 0 3
13 16 16
5 8 5
11 14 17
14 16 13
22 0 1
1 4 18
1 2 6
20 21 4
14 16 6
10 13 9
20 23 19
2 4 9
9 12 15
11 11 7
20 21 14
10 11 3
13 15 10
3 7 17
20 22 1
5 9 9
19 19 15
14 15 20
3 6 5
10 10 8
14 17 5
8 10 13
14 17 10
19 19 7
7 10 12
18 20 10
19 21 8
12 14 6
2 4 14
9 11 6
6 8 18
10 14 5
9 10 14
0 3 18
8 11 8
11 13 15
15 17 1
1 4 17
4 5 16
15 17 14
9 12 19
8 10 3
7 8 17
2 4 4
17 19 13
17 19 16
6 7 18
0 2 20
4 5 20
23 1 1
8 10 6
15 18 10
22 1 4
17 21 12
13 15 20
12 14 5
20 23 15
0 2 3
5 7 10
17 19 7
1 2 6
17 19 8
5 6 17
10 12 18
16 20 16
13 17 13
7 8 9
2 5 8
8 10 19
23 1 8
5 6 4
21 22 2
16 17 4
7 8 11
6 8 1
11 15 3
16 18 5
14 16 19
5 7 3
10 13 6
4 6 3
13 17 11
18 19 4
12 14 16
1 4 8
17 20 15
7 9 2
0 2 16
23 4 19
4 5 17
3 7 15
6 9 20
7 9 20
0 2 3
17 17 16
8 11 6
3 4 16
22 0 15
22 22 13
4 6 13
18 19 2
9 10 5
7 11 8
2 3 5
0 2 8
7 9 12
5 10 19
1 3 7
9 11 5
21 22 17
7 8 20
14 16 13
16 18 1
21 23 8
10 11 2
2 5 3
20 23 13
22 0 16
2 5 20
11 14 3
23 1 1
18 20 14
23 2 15
9 10 10
21 22 13
8 11 10
5 8 6
4 8 20
20 22 1
14 16 1
20 0 14
23 3 9
20 21 14
22 2 4
9 12 7
4 6 2
17 20 18
13 14 15
22 1 12
22 0 12
3 5 19
21 0 4
1 4 7
4 5 17
2 6 17
13 15 18
17 19 6
7 10 1
5 6 17
17 20 15
14 16 12
16 18 9
21 1 13
6 9 1
16 16 9
9 10 5
16 18 3
2 3 5
12 14 2
9 11 3
5 8 10
15 16 16
12 14 7
5 6 16
14 16 4
14 16 11
11 12 7
3 5 20
1 2 3
10 12 2
6 6 8
22 1 15
20 0 2
1 2 15
10 12 16
0 1 15
11 13 9
7 7 17
9 11 15
5 5 20
0 3 14
3 4 10
20 22 15
0 3 8
23 2 7
12 15 10
14 15 8
19 20 20
11 12 17
16 17 1
14 18 14
12 13 20
1 6 18
19 23 13
11 13 12
19 20 7
5 7 9
9 12 8
22 1 7
12 14 16
13 12 1
11 12 20
19 19 5
7 9 5
15 15 17
20 22 8
14 17 14
21 1 15
23 4 7
12 14 13
2 5 19
0 4 6
11 14 9
3 7 19
1 5 13
9 11 9
5 6 19
11 11 14
8 11 20
10 11 9
1 2 4
20 21 5
13 14 11
5 8 2
3 5 7
19 22 14
17 18 4
11 12 18
23 0 3
8 9 1
12 13 6
22 1 1
18 20 7
15 17 10
5 7 16
7 9 13
3 4 7
19 22 14
3 6 13
20 22 6
0 1 12
11 12 7
4 7 2
8 11 16
15 17 11
13 15 18
20 23 16
7 8 13
20 22 8
6 7 10
13 14 11
4 7 11
11 13 16
0 3 11
13 15 8
16 18 9
18 20 16
19 21 3
13 14 19
5 6 10
12 13 16
11 14 11
20 0 9
15 15 7
11 11 13
13 15 1
9 12 7
5 7 8
7 8 13
21 22 13
22 1 3
7 7 13
17 20 15
18 21 18
4 5 4
20 23 8
16 18 2
11 12 7
21 23 11
14 15 4
22 1 1
21 22 10
18 21 1
21 22 11
16 19 16
11 12 9
9 9 1
1 2 16
3 6 15
22 0 11
14 16 11
20 0 20
6 8 9
7 10 12
19 20 7
20 20 6
22 1 2
19 22 8
14 17 10
17 18 8
8 8 17
0 3 18
20 22 19
18 22 19
19 23 10
0 2 14
5 7 18
2 5 5
19 21 4
2 4 6
18 21 7
19 21 10
12 14 2
12 15 9
2 3 3
20 22 13
13 15 20
12 15 20
12 15 12
19 19 4
4 6 11
13 15 6
11 14 15
10 12 5
8 8 14
4 6 20
19 20 4
19 22 16
8 9 2
18 19 13
22 1 16
12 16 8
21 23 3
3 5 13
21 22 3
0 3 12
20 20 6
2 3 3
13 14 7
6 8 9
23 21 2
11 13 16
6 9 17
15 17 16
5 8 13
23 1 1
12 13 6
5 7 14
16 18 5
11 13 4
16 19 8
16 18 17
6 8 1
21 23 10
10 12 12
7 9 12
5 9 19
6 9 16
12 16 2
9 11 7
15 17 20
9 12 15
6 5 17
3 7 5
18 21 17
11 12 12
23 1 10
11 13 4
3 6 10
1 4 15
0 3 12
3 4 4
3 5 13
8 11 10
10 12 19
8 9 16
1 3 17
19 21 19
23 1 14
12 15 13
19 21 3
18 20 7
3 4 9
3 6 8
13 15 16
2 4 17
21 22 10
14 17 2
17 18 1
5 7 7
5 6 1
11 12 4
5 8 18
12 14 6
21 0 1
12 15 16
23 1 1
16 18 20
4 7 4
16 18 2
5 7 13
19 20 14
21 22 9
19 21 7
16 17 8
12 14 19
0 3 6
2 4 12
0 2 19
3 5 3
0 2 13
23 0 6
4 6 10
14 16 16
3 5 8
16 15 8
18 20 7
9 11 7
8 10 3
20 0 11
11 13 2
21 0 12
18 19 9
0 2 20
10 11 5
9 12 12
2 4 10
22 0 18
14 15 9
16 17 12
8 10 12
2 5 16
17 20 9
15 17 11
2 3 17
13 14 10
3 5 19
2 5 14
7 8 13
17 20 8
15 17 6
14 14 16
1 2 2
14 15 13
0 2 7
20 21 12
13 15 18
14 18 14
8 10 13
3 6 1
0 2 11
5 7 2
14 16 5
5 8 10
0 2 11
13 15 12
16 17 13
3 5 15
18 21 16
13 15 4
5 9 9
14 17 2
6 7 7
6 9 1
10 13 16
11 15 7
16 18 9
16 18 13
13 16 10
23 2 16
9 12 20
5 8 8
13 16 17
10 11 14
18 22 8
15 18 14
10 10 6
4 5 17
17 19 1
18 19 16
1 5 7
15 16 5
3 4 8
15 15 1
7 8 5
18 22 16
1 3 8
2 3 4
8 11 6
6 7 8
19 22 12
21 22 17
12 14 16
2 4 5
11 14 18
16 18 9
7 7 18
20 0 16
9 11 12
6 9 16
10 12 13
10 12 2
3 6 13
8 10 17
2 5 11
5 8 2
8 11 11
11 12 20
21 22 15
1 3 4
17 21 7
4 5 6
8 10 1
16 18 15
1 5 19
20 23 10
21 21 6
15 17 8
7 9 17
11 12 12
21 22 17
0 3 7
14 17 20
22 3 8
9 11 11
5 6 5
15 16 7
21 0 3
20 22 3
1 3 10
14 18 17
4 6 13
2 5 16
21 21 1
0 3 3
17 19 15
8 9 9
13 15 6
5 6 2
21 22 20
17 20 18
23 0 16
22 2 9
13 14 16
4 7 13
18 20 1
14 16 13
1 5 20
4 6 7
6 7 3
13 14 20
1 2 14
19 22 16
2 4 10
22 23 2
11 10 7
1 2 11
21 0 5
0 2 4
11 13 6
6 8 8
1 5 2
0 1 9
11 13 2
20 22 15
15 16 20
21 0 1
18 20 20
5 7 19
15 17 13
19 22 12
7 8 10
7 8 13
2 2 4
16 20 10
9 10 15
2 4 15
12 17 2
23 0 1
13 15 8
5 7 3
18 19 1
6 9 10
6 6 16
20 22 19
22 0 6
10 10 20
19 22 3
23 1 12
16 16 6
7 9 2
7 8 6
17 19 13
0 2 14
2 2 7
9 12 6
9 12 1
11 14 5
13 15 17
10 12 9
4 6 18
8 10 10
10 12 15
14 17 15
22 1 18
17 20 12
10 13 14
2 5 10
2 6 6
19 21 12
18 20 1
13 13 4
0 2 6
16 20 17
3 6 6
0 2 8
17 20 14
19 20 20
3 8 10
6 7 13
9 11 17
2 3 13
0 2 18
16 20 14
9 10 7
10 13 18
8 10 6
8 8 3
6 7 18
12 14 3
12 13 4
15 16 2
16 16 5
1 2 8
0 3 18
6 8 17
11 13 11
3 6 2
0 2 1
12 15 13
5 8 11
3 3 13
10 11 14
14 15 9
14 16 20
14 16 13
10 12 19
11 14 10
0 4 15
19 21 13
22 0 6
0 2 5
0 2 3
10 12 17
9 12 20
4 4 2
8 12 20
10 12 4
20 21 10
20 22 12
10 13 6
12 15 19
8 8 11
23 0 1
1 2 3
20 21 3
12 15 17
7 8 2
0 3 20
23 1 11
15 15 4
16 19 18
6 8 3
1 3 6
15 19 3
15 15 19
19 20 17
14 17 7
10 12 17
16 17 8
4 6 12
1 3 5
7 10 11
11 14 1
21 23 10
1 4 17
7 9 20
10 10 16
8 9 6
20 22 14
11 13 13
7 10 16
4 5 13
2 6 3
1 1 18
4 7 19
13 15 6
11 13 5
8 11 14
0 2 9
21 23 13
9 11 9
22 1 17
4 7 17
22 2 5
13 16 17
8 9 8
2 4 16
11 13 15
18 19 6
7 11 9
0 2 9
19 22 2
7 9 12
6 7 6
13 14 15
7 9 6
14 15 10
20 22 5
18 20 13
20 0 5
5 6 14
20 21 8
5 6 4
21 22 3
0 0 15
13 16 3
0 2 12
9 11 3
3 4 8
