200 20
3 8 4 9 6 19 14 20 20 7 15 4 4 14 3 17 10 1 20 4 
23 2 1
15 18 17
17 19 14
16 18 16
17 19 2
1 3 2
20 22 5
11 12 4
6 8 2
12 15 13
0 3 3
20 22 11
15 16 12
19 20 3
16 17 18
18 20 3
4 9 6
12 15 13
9 11 8
12 15 14
16 19 17
18 18 1
18 19 17
5 7 7
8 10 20
1 3 14
21 23 6
14 18 2
18 21 4
17 20 13
5 9 16
9 11 13
14 16 6
17 16 19
19 22 20
23 1 19
10 12 18
6 7 19
11 15 8
17 19 2
7 9 4
1 4 4
17 19 14
14 16 4
2 4 2
11 14 14
9 9 9
18 19 17
5 7 7
15 17 4
23 1 12
5 6 13
23 2 20
16 20 13
3 5 3
11 12 7
10 11 5
6 8 5
12 14 3
23 3 20
9 10 7
19 21 9
12 13 18
7 8 5
12 15 4
19 21 19
21 22 20
1 2 19
11 14 2
19 20 20
16 18 17
6 8 19
22 2 18
19 23 6
7 8 20
11 12 14
0 3 4
17 19 14
18 18 1
23 2 17
11 13 7
12 14 18
13 14 16
4 7 4
0 1 16
2 5 1
15 17 8
19 20 18
19 23 13
0 2 11
2 5 19
11 14 5
14 16 2
5 5 13
19 21 19
16 19 1
23 2 15
3 5 3
2 4 3
16 18 6
9 9 2
15 18 7
3 4 3
23 1 2
9 11 6
21 22 3
1 2 17
21 1 12
14 15 9
22 1 6
10 12 6
5 7 19
17 19 5
8 10 11
3 6 17
18 21 16
12 14 10
7 10 12
13 15 10
13 14 5
22 0 7
11 14 5
23 1 18
11 12 10
5 8 8
12 13 5
15 18 3
2 3 11
4 7 15
12 14 16
14 16 13
15 18 17
6 6 4
7 9 1
19 20 19
10 12 14
10 12 15
2 6 2
6 9 2
7 7 4
15 18 1
23 1 12
10 11 8
6 8 8
5 7 8
20 21 6
13 16 3
19 20 3
7 10 20
0 2 6
20 23 11
2 3 3
14 17 2
18 19 9
1 4 6
5 8 11
15 18 15
2 3 8
0 2 9
23 1 10
2 4 3
11 13 5
1 2 4
23 0 13
10 10 5
18 18 3
10 14 20
5 8 9
15 17 6
1 4 5
3 5 20
6 8 1
22 1 20
4 7 7
8 11 11
5 7 1
13 15 16
4 6 15
17 20 16
19 21 1
13 14 16
19 22 20
9 11 15
15 19 8
2 3 12
6 9 3
11 13 17
14 17 15
9 10 17
0 2 19
2 3 17
21 23 6
2 5 8
14 18 5
3 4 7
18 18 4
2 4 5
10 12 10
4 5 11
19 22 19
