2000 20
1 1 8 13 14 5 13 13 7 16 17 2 4 6 7 17 19 3 10 12 
19 20 10
5 7 9
3 6 16
15 19 3
18 21 9
10 12 2
13 15 16
6 7 2
15 16 11
10 11 16
7 10 20
17 20 9
8 10 19
21 22 10
12 14 13
16 17 18
23 0 11
2 4 20
18 20 11
12 14 20
23 2 20
12 14 18
9 12 3
23 1 5
14 16 16
17 18 9
0 3 5
14 16 16
22 0 2
17 18 14
10 10 4
6 7 14
6 9 15
14 16 5
14 16 16
8 9 8
11 12 18
10 12 12
11 14 2
16 17 14
20 21 1
10 14 19
18 20 6
20 22 8
10 11 14
20 21 5
5 6 12
12 15 18
21 23 15
1 4 19
2 3 9
12 15 19
3 3 8
3 4 8
7 9 20
15 18 18
16 20 11
4 7 14
8 10 3
11 11 3
4 6 19
13 15 3
18 21 16
16 19 5
4 5 12
2 4 1
4 7 1
12 13 13
17 19 14
13 14 7
17 19 10
5 6 8
5 5 2
12 13 15
2 5 10
3 6 11
12 13 13
10 13 5
2 5 5
5 6 18
8 10 2
0 1 15
14 16 13
8 9 4
20 22 8
0 3 5
14 18 8
20 23 12
6 8 18
23 0 7
7 7 4
3 6 17
2 4 9
0 1 16
15 17 17
11 13 14
19 20 9
4 6 7
9 10 18
12 15 19
23 1 1
7 9 14
6 8 5
18 20 5
17 19 4
19 21 6
8 9 5
14 19 20
5 9 3
3 5 10
9 12 16
22 1 11
9 9 5
0 1 12
15 14 13
2 3 8
1 1 4
2 4 6
2 3 6
17 21 16
19 0 8
18 18 13
16 19 1
6 10 1
18 22 5
13 16 20
23 0 10
17 19 10
20 23 15
3 6 13
5 6 14
0 1 11
5 8 7
5 7 3
3 4 13
3 5 16
9 11 2
7 7 8
23 1 7
16 18 7
4 6 20
19 21 1
0 3 10
19 21 16
16 20 6
16 18 17
18 20 5
18 18 19
12 14 3
2 4 2
12 12 2
0 4 15
8 9 14
22 2 5
7 10 17
7 8 6
7 8 17
9 12 4
15 18 11
22 0 20
9 9 8
2 5 14
10 11 10
12 13 13
8 9 13
1 3 9
12 14 3
17 20 3
18 21 1
21 0 4
8 9 14
19 20 8
1 3 5
10 10 16
6 8 17
2 6 16
9 12 5
19 22 4
5 8 6
3 6 19
17 17 14
15 17 15
7 10 20
17 19 6
12 14 16
18 20 13
15 17 3
11 11 11
10 13 14
7 10 4
15 17 18
14 18 8
9 12 20
5 8 10
17 19 5
17 19 19
15 16 6
2 4 16
22 23 14
14 16 16
11 13 8
9 12 14
19 21 5
11 13 16
4 5 1
14 17 19
22 1 20
23 2 9
17 18 14
17 20 3
15 17 15
20 21 7
15 16 13
6 8 17
12 13 9
5 6 2
21 23 13
10 12 19
13 14 11
6 8 18
22 0 5
15 17 8
17 19 4
20 23 16
1 3 20
18 20 9
3 4 8
9 12 4
10 11 11
10 11 13
17 17 4
16 19 7
22 23 19
21 0 13
11 12 6
2 4 19
18 21 9
22 23 14
19 21 7
14 15 5
21 1 2
18 19 4
21 22 10
6 10 20
1 4 16
23 2 12
19 20 5
6 8 6
10 12 20
5 7 2
1 4 3
0 2 1
3 4 8
17 19 15
11 14 7
1 3 13
5 7 14
18 19 4
17 18 3
23 1 2
11 10 4
10 13 11
14 15 2
19 21 10
7 9 4
2 5 10
9 12 10
4 6 2
15 17 11
20 22 1
12 13 18
3 4 15
10 11 5
13 15 4
0 2 5
2 3 3
16 17 1
18 19 15
22 1 7
5 6 7
7 8 18
7 9 20
15 16 12
14 17 5
19 21 15
12 14 14
12 13 1
14 14 7
11 14 9
20 23 14
0 2 2
11 13 13
13 18 3
12 13 20
3 5 20
18 21 18
9 12 18
11 15 2
16 19 2
22 2 9
17 18 2
17 20 16
0 0 7
11 13 1
9 11 12
11 12 13
0 2 19
22 1 4
18 20 16
21 1 7
0 1 11
17 18 15
18 19 9
12 13 8
7 9 2
21 23 1
4 6 17
8 10 14
21 23 6
12 15 20
18 22 12
11 13 19
20 22 15
17 20 16
5 8 4
2 4 12
3 6 7
11 14 1
4 6 15
16 18 5
9 9 7
0 1 10
23 2 7
20 0 16
0 1 19
21 1 17
23 2 4
14 15 16
15 17 9
11 13 1
13 15 11
0 1 18
8 10 8
16 17 13
6 7 16
4 8 6
17 20 4
0 3 11
4 7 12
7 10 3
18 20 19
17 22 1
4 6 7
6 8 7
3 6 12
19 22 18
4 7 13
1 2 14
2 6 11
0 3 8
7 10 4
10 11 20
5 8 15
5 8 13
23 1 17
3 4 14
0 4 4
23 0 4
5 7 20
9 12 15
14 16 9
8 11 15
1 4 3
4 7 8
21 0 11
18 19 5
15 16 6
20 23 12
5 9 5
9 11 10
9 11 14
12 14 4
9 13 16
23 1 17
13 16 9
8 10 13
10 13 3
12 13 1
21 0 9
3 6 4
18 19 16
2 5 18
7 8 12
14 17 13
6 7 20
8 9 2
13 16 1
19 21 12
16 18 20
19 21 1
3 7 11
22 0 12
6 9 18
0 0 2
8 10 17
22 1 16
9 13 17
20 21 13
20 19 11
22 0 5
8 10 9
8 10 9
16 19 14
8 10 18
14 15 6
1 2 10
6 8 13
17 19 1
4 7 10
12 14 5
7 8 3
23 23 1
2 5 11
7 9 13
22 2 7
8 11 20
18 20 7
23 1 17
15 17 17
21 23 5
1 3 9
18 19 14
11 14 11
2 4 10
23 1 19
2 4 1
21 23 7
17 18 5
19 20 6
22 23 14
1 4 2
2 3 1
14 16 6
0 0 3
15 15 14
10 11 20
9 12 9
12 14 9
11 14 12
4 5 13
20 23 1
17 19 17
11 13 11
21 0 20
9 12 15
22 23 11
8 11 12
13 16 3
12 13 1
20 23 19
14 18 10
3 5 5
3 6 4
10 11 18
8 11 12
7 11 20
14 14 3
5 8 16
18 21 13
8 10 13
10 12 15
10 12 14
5 7 18
13 16 15
5 7 6
9 11 14
11 15 3
11 13 5
6 9 3
15 19 20
7 8 19
23 2 19
15 17 4
23 1 1
8 10 5
22 0 14
5 7 7
8 10 17
10 11 15
20 21 12
2 2 11
21 23 1
7 10 4
2 4 16
0 3 17
12 13 11
8 10 5
7 9 12
4 7 1
5 6 7
8 10 6
17 19 9
9 12 8
11 12 4
16 18 2
21 22 17
20 22 9
23 2 7
17 18 1
2 3 15
19 23 1
8 12 9
17 18 11
2 4 3
12 15 10
8 10 12
11 13 15
18 20 3
12 14 7
22 23 11
22 23 10
2 4 20
23 2 15
2 3 16
0 0 11
12 11 17
9 12 8
23 1 1
18 19 17
13 16 7
22 23 11
3 5 10
18 21 13
21 0 14
12 15 3
7 7 7
19 21 12
1 3 12
15 16 12
18 22 13
23 1 7
19 22 4
16 19 5
11 13 9
3 5 1
7 9 19
20 21 18
8 10 15
4 6 5
8 10 17
10 12 9
20 21 1
18 21 10
12 15 15
8 9 12
11 14 8
10 11 4
21 22 6
12 13 3
3 4 5
20 22 15
13 16 4
6 8 9
0 3 14
18 21 9
18 19 5
20 22 18
11 14 18
22 2 13
21 23 18
22 23 2
17 18 12
20 20 4
12 13 12
0 2 1
1 3 13
19 21 2
18 19 7
8 11 16
16 18 9
15 18 12
9 12 13
11 14 14
2 4 6
2 3 3
15 18 14
20 20 1
0 2 6
4 7 6
11 13 3
19 21 19
5 6 7
7 9 6
21 23 5
0 2 8
2 5 9
5 7 6
17 19 13
7 7 7
2 4 3
0 1 4
13 15 20
8 11 6
10 12 9
22 0 15
10 12 4
8 11 18
2 4 5
21 0 8
18 19 19
8 9 13
14 19 13
10 12 4
16 17 6
0 3 9
17 19 14
0 1 3
14 15 1
6 7 6
13 16 6
18 22 1
20 22 5
17 20 10
9 10 4
15 18 5
15 17 11
4 6 17
18 20 19
6 9 17
20 22 2
12 14 18
12 11 1
16 19 13
23 1 3
1 3 7
22 1 9
2 3 6
17 19 5
5 7 10
14 15 6
21 23 12
19 23 17
23 1 8
0 2 15
1 5 19
15 18 5
11 13 3
20 22 10
22 1 7
20 22 20
22 0 19
10 13 10
14 15 12
6 9 19
10 10 10
20 22 5
21 22 7
9 11 20
11 14 14
21 22 3
11 14 5
13 15 6
17 19 7
16 17 10
8 10 8
16 17 3
8 11 9
16 17 17
10 14 4
7 8 16
12 14 10
18 21 1
23 1 1
18 18 12
0 2 13
15 18 8
18 21 14
2 4 4
6 9 19
18 21 13
7 10 3
1 2 3
1 2 20
0 2 3
16 19 17
7 9 18
3 5 11
1 2 11
0 2 15
21 0 1
18 21 20
3 5 5
4 6 17
21 0 2
23 0 8
22 23 2
10 12 15
17 18 8
4 6 2
12 15 19
22 1 4
1 3 14
2 4 10
13 16 3
0 2 3
8 8 18
10 13 7
18 20 1
11 13 14
1 4 4
16 18 16
15 17 12
19 22 19
15 17 13
21 0 5
16 18 18
12 15 14
20 21 12
2 5 17
6 7 19
18 19 11
23 0 3
9 12 17
18 21 18
18 19 6
14 15 20
20 23 5
11 13 9
21 22 11
23 0 18
22 23 17
20 23 14
14 16 2
21 0 20
18 22 12
18 22 1
10 12 10
8 10 13
16 18 17
5 7 6
0 2 19
5 4 20
10 11 18
5 6 2
7 9 13
14 15 12
2 2 16
11 12 20
0 0 9
0 2 14
9 10 10
15 17 19
2 4 15
13 15 20
18 20 2
22 23 7
7 10 19
1 2 10
6 7 5
0 0 18
8 10 8
22 1 17
9 11 4
12 13 11
7 10 20
2 3 4
7 8 11
2 6 2
23 2 7
20 22 12
3 5 1
18 19 7
22 1 7
21 22 2
6 8 13
1 4 18
7 10 17
4 7 10
5 8 10
2 4 4
15 17 8
2 4 13
10 12 4
7 8 18
22 0 4
7 9 20
11 12 3
9 12 19
3 5 13
14 16 2
20 23 3
3 4 5
8 10 11
1 3 3
16 18 20
18 18 11
9 11 17
5 8 8
17 18 2
8 11 17
17 21 20
1 2 16
19 21 6
12 14 14
11 13 8
14 16 12
11 14 7
11 13 11
7 8 12
9 12 7
3 7 19
19 21 15
21 0 4
5 6 6
6 8 6
1 2 13
17 20 10
15 18 3
17 18 9
4 6 19
19 21 14
4 4 15
21 2 5
9 12 9
23 0 11
5 6 3
15 17 6
14 17 11
7 9 12
14 16 2
23 2 17
13 13 20
12 14 3
1 2 11
14 16 5
8 9 5
7 8 20
11 11 15
21 23 10
21 0 4
23 0 19
10 12 9
2 3 7
2 3 16
17 19 5
23 1 16
7 9 16
0 3 7
11 12 2
0 2 6
23 3 12
13 14 19
13 16 7
5 6 8
12 14 19
16 18 20
13 14 12
13 15 1
10 10 20
9 10 20
4 6 18
13 15 19
2 2 16
11 14 17
1 3 14
6 8 7
12 16 9
15 19 20
13 15 17
5 6 16
8 10 20
15 18 18
3 5 18
19 20 3
13 14 14
14 16 17
19 20 7
16 18 9
6 8 17
2 3 14
15 16 7
0 2 9
12 16 2
17 19 17
18 20 17
0 3 9
15 19 4
10 11 11
2 4 4
9 11 2
1 3 14
6 7 8
7 10 11
8 9 10
12 13 19
12 14 6
4 6 6
10 11 20
22 23 6
19 21 18
8 11 7
15 16 4
11 13 3
6 9 1
2 4 16
12 14 1
14 16 3
0 3 2
4 6 17
8 10 11
15 19 2
9 11 9
21 23 18
7 8 19
6 8 10
2 6 16
7 9 1
1 5 17
21 22 1
6 11 5
12 14 12
9 12 16
7 10 19
8 11 19
18 19 9
2 3 16
22 0 9
5 8 14
11 13 9
4 4 20
17 19 13
2 5 4
20 22 8
0 2 13
9 10 17
21 23 4
9 10 10
11 12 20
10 11 6
19 21 18
10 12 3
5 4 15
19 21 19
19 20 4
6 9 18
11 13 12
7 8 3
14 15 10
0 2 3
16 19 1
5 7 12
14 16 4
3 3 1
14 16 8
9 10 19
21 22 12
13 16 14
9 11 15
21 23 4
5 7 2
3 5 10
3 5 4
4 6 11
7 9 14
13 14 19
4 5 16
1 3 20
0 1 4
8 11 3
13 15 20
19 21 14
18 21 6
3 6 16
4 4 1
21 22 20
20 21 10
4 5 3
4 8 14
20 23 17
0 2 18
2 5 11
18 19 16
15 16 12
2 4 6
0 2 3
23 2 16
21 22 16
1 3 10
15 18 5
22 1 12
18 22 6
11 12 5
3 4 2
2 4 10
16 20 6
5 6 4
8 9 16
4 6 15
5 6 5
12 14 5
8 8 9
9 12 18
1 5 7
11 16 1
3 5 1
18 19 7
3 7 10
19 21 4
2 5 18
1 4 9
19 22 17
2 4 14
19 20 16
20 21 11
7 9 17
16 18 17
16 17 3
22 0 3
1 2 2
3 3 2
22 1 8
20 23 15
23 1 16
21 23 8
5 9 20
12 16 12
21 0 4
9 12 16
23 1 10
13 15 12
3 3 1
13 15 7
4 5 2
10 12 8
12 15 3
7 9 20
16 18 4
9 10 20
7 8 2
17 20 15
7 10 19
23 0 13
17 19 20
11 11 10
6 7 16
23 23 9
5 7 11
20 22 15
2 4 3
19 20 17
10 13 10
21 1 6
9 10 11
5 8 16
12 13 17
23 1 3
8 10 17
21 0 17
8 12 9
20 21 1
4 4 5
12 14 15
10 12 9
7 10 2
16 17 16
21 0 4
2 5 1
13 14 15
6 8 20
18 21 2
16 18 11
7 8 7
1 2 4
9 9 8
21 22 20
0 3 7
17 20 16
23 3 17
21 23 14
14 16 3
23 1 17
17 19 11
4 6 1
13 15 20
9 11 2
14 17 16
23 1 3
2 3 3
20 21 12
18 20 14
14 14 1
0 2 20
16 19 20
1 3 18
1 4 10
8 10 1
23 0 7
12 14 19
21 23 16
1 3 2
15 17 2
11 12 9
21 0 14
7 9 1
13 15 6
9 11 15
21 22 7
10 13 10
12 14 6
14 16 14
14 16 14
1 5 4
4 7 1
23 0 3
16 17 10
4 5 16
4 6 16
12 15 11
11 14 16
5 6 4
5 7 15
22 1 10
23 0 1
20 22 16
20 0 6
20 22 7
4 5 12
2 4 20
1 4 5
1 4 14
18 20 3
7 7 8
18 19 11
20 22 19
9 11 17
16 18 18
22 0 7
5 7 17
12 14 1
15 16 19
0 1 9
15 17 20
15 17 3
2 5 8
23 0 1
23 2 8
3 6 5
14 15 6
5 8 12
12 15 17
18 20 2
5 8 15
16 18 4
8 10 4
22 23 1
17 21 20
11 11 2
3 4 3
21 22 13
22 0 16
23 0 16
13 15 19
10 11 15
8 9 13
22 1 4
17 20 17
8 9 19
4 7 19
11 13 6
11 13 18
11 13 14
13 14 1
7 10 6
5 6 19
6 8 7
12 13 4
16 17 8
3 4 19
19 20 5
5 7 10
13 15 10
2 5 18
7 9 10
3 4 20
23 1 4
21 0 9
18 20 7
18 20 16
12 13 2
19 21 11
16 18 1
9 9 4
12 16 10
20 22 6
7 9 14
23 2 13
22 1 4
8 10 6
20 22 6
0 2 7
18 19 18
21 0 2
2 4 19
12 13 13
2 4 12
16 18 9
2 5 3
17 22 6
13 17 13
19 22 5
4 8 12
6 8 6
10 13 17
18 20 4
3 5 6
15 16 20
11 12 4
22 0 20
20 22 9
5 5 16
10 11 10
23 1 17
8 11 5
13 16 1
3 6 1
23 1 8
8 9 9
9 10 19
6 8 2
8 10 11
12 15 5
10 11 1
0 3 1
14 16 7
2 2 17
0 3 7
9 11 10
20 0 9
16 19 5
3 5 8
12 13 18
11 13 10
6 5 14
8 10 9
10 11 1
5 7 8
5 8 3
8 10 7
3 4 3
23 0 9
22 22 6
19 22 9
5 7 13
14 16 18
5 9 17
5 9 3
16 18 4
7 7 4
22 0 19
13 14 9
9 10 14
3 6 4
5 6 2
6 8 7
22 0 1
14 15 15
1 1 12
12 14 2
23 2 18
10 13 6
8 12 9
1 3 16
0 3 10
1 2 8
3 7 1
2 3 2
12 14 20
7 9 4
4 5 3
8 10 19
2 3 13
3 6 15
19 21 5
19 19 14
8 10 16
22 1 5
11 13 1
19 21 3
12 12 19
9 12 17
10 12 1
6 8 7
16 19 6
8 11 15
20 22 9
9 10 2
20 22 10
11 14 4
4 3 12
21 0 19
6 8 12
11 12 19
4 6 19
9 10 8
3 5 3
13 14 16
23 0 15
22 23 20
18 20 17
3 4 19
0 3 5
10 12 11
23 0 12
18 20 14
22 2 5
4 5 14
21 23 12
12 14 13
0 3 6
7 10 9
14 16 16
13 15 9
2 5 15
17 20 18
11 13 19
1 4 20
13 15 20
12 13 1
22 23 10
5 7 19
23 2 17
14 15 16
10 12 20
19 22 5
13 14 19
16 18 16
13 15 13
12 15 7
0 2 4
14 15 3
23 23 9
10 13 4
22 22 11
12 15 14
21 1 14
6 7 20
21 23 5
0 1 11
2 5 11
16 18 15
22 23 9
13 14 2
12 13 1
14 15 11
15 16 16
3 6 17
5 5 3
16 19 19
21 22 19
15 17 11
14 16 10
23 1 11
15 16 6
22 0 14
15 16 13
5 5 19
19 20 18
2 2 7
8 11 7
8 9 7
14 18 7
5 8 14
14 17 8
3 4 11
1 0 2
0 2 14
6 9 18
18 20 9
5 7 14
9 12 17
20 23 2
5 6 9
15 17 1
9 11 2
13 15 17
13 15 1
12 16 16
7 7 16
8 10 2
5 10 3
10 13 3
0 2 14
12 15 1
12 12 14
8 9 16
13 15 7
17 17 8
2 4 12
15 16 9
23 0 4
7 8 18
22 1 14
17 18 3
17 20 12
2 4 13
5 7 18
9 12 18
9 12 13
22 1 9
10 12 6
20 21 1
10 11 20
2 4 5
14 16 9
8 11 2
2 5 6
23 2 14
12 14 7
19 22 1
2 4 18
1 3 12
4 8 9
5 7 9
5 8 18
11 13 13
18 19 14
23 1 8
0 1 11
10 11 13
13 15 3
12 15 13
17 21 1
7 11 9
15 20 9
4 6 3
9 10 6
2 3 8
1 4 6
9 11 6
15 17 1
23 1 7
8 9 14
4 5 1
1 3 10
17 19 7
5 7 20
19 21 11
22 23 4
8 10 13
15 17 8
3 5 18
5 7 18
21 23 1
0 1 3
17 22 18
13 14 13
14 16 3
9 10 19
10 12 20
5 6 7
0 2 18
8 11 19
9 11 16
5 7 1
15 16 1
4 7 8
12 16 18
10 12 13
22 22 13
0 3 13
3 5 13
1 4 14
2 3 15
9 9 16
7 9 3
11 12 8
20 0 13
21 23 16
11 13 14
20 22 14
3 6 18
17 20 12
8 10 13
9 10 4
15 19 13
0 3 3
0 1 8
9 11 18
10 14 19
2 5 17
2 4 7
3 6 12
3 5 20
4 5 20
22 0 18
19 19 9
20 23 9
14 16 12
19 20 18
7 9 9
5 7 5
10 12 10
14 16 1
22 23 1
4 6 11
22 2 18
8 9 3
20 22 9
23 0 13
4 5 13
3 5 12
23 1 15
14 16 14
12 12 16
19 20 7
19 20 10
12 14 1
10 12 8
9 12 2
20 21 6
15 17 5
7 8 13
2 4 9
20 21 5
23 1 12
2 5 16
18 20 3
5 8 15
8 8 12
1 4 2
13 14 12
5 8 10
4 6 2
12 14 5
16 18 16
10 12 19
19 21 13
17 18 8
18 20 6
4 5 11
9 10 10
6 8 20
0 2 7
4 4 3
4 5 20
11 13 5
5 7 6
10 13 7
6 6 13
20 23 13
21 0 4
17 18 16
19 21 19
7 10 2
17 19 1
7 9 8
8 10 1
1 4 16
12 15 7
8 10 2
23 0 1
4 8 5
8 10 12
12 14 7
19 22 18
8 10 14
4 7 9
10 12 11
22 23 4
8 11 18
19 21 1
1 5 9
23 3 5
12 12 1
16 18 10
22 2 5
2 3 15
21 0 17
14 16 19
21 23 19
7 8 9
12 13 14
0 1 6
23 1 6
9 12 12
20 23 1
4 6 16
19 21 12
6 6 1
19 22 3
1 1 17
18 20 4
5 7 14
18 20 14
17 19 15
23 0 3
8 10 10
3 4 14
10 14 1
15 19 2
11 14 3
16 17 6
22 0 18
20 0 13
8 11 11
22 2 1
9 12 14
13 16 13
2 6 3
13 14 18
14 17 1
13 16 7
17 20 14
1 3 7
3 4 4
20 22 6
1 2 1
14 16 12
5 7 11
13 15 16
7 8 17
4 7 8
14 16 16
22 22 20
10 13 15
12 16 16
21 23 13
18 19 5
8 9 19
18 20 3
0 3 14
14 18 7
15 16 1
11 12 15
0 1 11
3 5 9
17 19 6
21 23 8
20 21 3
11 12 13
17 19 1
22 23 14
11 14 20
20 22 9
8 10 7
18 20 12
15 17 17
16 18 14
0 2 13
11 14 16
0 4 4
18 21 11
7 10 14
5 8 13
18 20 14
13 16 9
21 1 4
10 12 1
14 15 10
22 23 20
21 0 13
7 8 10
23 1 2
7 9 1
11 12 20
0 1 10
5 7 7
4 6 2
10 12 11
23 0 1
1 2 12
7 10 20
2 5 16
18 18 7
10 12 1
8 11 4
13 13 17
21 22 17
13 15 15
11 14 3
1 3 10
16 19 14
16 19 11
13 15 4
7 7 17
3 5 6
2 3 11
13 13 5
5 8 9
10 10 6
23 0 5
3 5 10
21 22 15
14 16 6
1 3 15
16 18 17
21 22 12
17 18 15
5 7 13
11 14 10
13 15 16
20 21 2
6 8 6
20 22 5
2 5 19
16 18 12
21 23 6
20 23 6
14 15 13
8 10 20
19 20 16
19 20 1
9 11 4
13 15 13
14 16 8
22 0 9
22 23 14
6 9 17
13 16 1
11 11 20
12 14 17
17 18 4
4 7 16
12 14 7
22 0 2
16 19 4
12 14 15
8 11 7
6 7 16
6 9 4
0 3 5
10 12 14
9 10 4
15 18 17
12 13 14
10 11 17
7 8 1
11 13 6
9 11 4
12 13 1
3 5 11
20 23 14
18 22 18
13 18 18
5 7 8
1 3 2
8 11 11
1 4 4
1 3 3
7 10 7
2 4 2
15 17 7
9 10 12
20 21 13
19 20 6
12 13 17
23 1 5
23 1 2
8 11 9
9 11 6
3 5 5
10 13 18
19 20 15
6 7 19
2 3 18
23 0 6
2 3 6
0 2 6
9 10 17
7 8 13
10 13 6
23 23 18
13 15 16
8 10 8
15 16 11
4 6 13
21 23 11
15 18 5
23 3 16
21 22 17
5 7 11
1 4 16
13 16 16
21 0 4
15 16 6
2 3 9
13 15 9
9 12 11
12 14 4
19 19 16
1 3 19
0 1 17
22 0 14
19 22 20
10 12 19
2 3 12
17 19 20
12 15 3
4 6 9
20 23 14
19 20 9
18 20 2
11 14 7
16 20 10
8 12 4
13 14 13
14 15 14
17 20 5
10 11 5
9 10 6
19 21 2
12 13 20
22 0 18
19 22 9
21 22 12
12 13 6
21 0 16
17 19 3
16 17 3
5 6 12
12 15 3
19 18 3
10 12 20
2 4 20
3 6 19
11 12 11
20 21 14
9 11 3
22 0 10
1 3 1
23 2 18
15 16 19
17 20 5
1 1 3
1 2 13
4 6 13
11 13 12
22 2 3
19 20 4
17 20 18
9 11 7
19 20 3
5 9 4
22 22 13
7 8 12
8 11 6
4 6 14
23 1 11
0 2 5
10 13 7
22 23 13
17 19 1
18 19 18
7 7 3
15 18 19
0 2 3
3 5 20
3 6 12
12 12 14
4 6 14
12 13 15
13 17 14
13 16 15
3 5 18
15 17 16
3 5 4
9 11 18
6 9 8
17 20 2
20 22 17
19 20 10
6 10 19
9 12 2
21 23 15
6 9 12
13 16 15
2 7 2
16 18 20
21 1 20
16 18 19
15 17 14
13 15 5
14 15 5
11 13 10
11 13 1
16 17 5
21 0 19
14 16 7
20 22 11
11 13 12
10 11 9
9 11 13
6 9 10
13 15 7
8 9 4
23 3 11
15 18 18
15 18 16
21 22 13
18 19 12
6 7 5
10 11 17
17 20 7
15 16 14
14 16 18
3 5 8
9 12 5
1 4 12
13 16 17
13 14 7
4 6 19
13 17 15
5 6 6
23 1 7
16 17 15
1 4 6
2 3 4
21 22 14
15 17 18
7 8 14
21 0 19
16 18 2
4 6 8
19 21 8
18 21 12
6 9 12
21 0 6
10 11 18
0 1 13
13 15 10
6 7 11
17 19 3
7 11 6
22 0 14
17 16 10
0 2 4
6 9 12
20 23 3
9 12 9
11 13 4
4 7 9
14 17 1
16 18 6
11 12 16
0 3 11
21 22 4
16 18 3
2 5 15
0 1 12
9 12 10
11 13 4
18 20 17
7 10 16
1 2 19
11 11 5
3 3 19
14 16 6
0 3 2
12 15 6
22 0 13
14 14 15
10 14 4
4 5 20
9 11 10
3 4 1
22 1 19
6 8 13
10 10 15
6 7 7
10 12 15
7 8 7
2 5 18
17 19 9
17 19 8
23 2 19
13 15 7
0 3 8
19 21 4
18 21 14
18 20 18
9 12 16
21 23 7
6 9 16
20 0 4
14 16 10
3 6 14
4 5 10
22 0 4
15 16 16
11 13 13
6 7 5
6 7 20
7 9 19
3 3 2
9 10 16
19 19 20
22 1 12
2 4 17
9 12 5
14 15 12
