2190 20
19 14 18 3 9 17 17 7 13 14 7 10 10 13 17 3 4 9 19 20 
1 4 5
0 4 18
10 11 2
3 4 6
10 10 2
13 15 18
7 10 14
5 8 15
18 20 15
21 22 2
20 23 4
10 13 19
14 16 14
15 16 11
15 19 3
12 15 11
22 0 18
16 17 14
6 8 18
3 5 9
21 22 17
13 15 1
5 8 15
0 -2 16
18 18 16
10 12 6
16 18 6
4 7 9
2 5 15
13 17 5
1 3 20
2 4 14
9 11 17
17 19 9
1 3 17
1 3 7
12 12 8
18 19 11
1 2 18
6 7 6
9 11 17
16 20 1
23 1 16
6 6 17
22 1 12
15 15 2
9 11 5
23 0 18
13 16 15
23 1 10
9 9 20
2 4 4
12 15 9
18 20 8
11 13 7
8 10 12
19 20 11
8 10 5
16 17 18
13 14 16
10 13 11
8 9 2
20 22 18
12 15 14
14 15 16
2 3 2
18 20 4
23 0 20
10 10 19
12 13 2
8 8 7
1 4 7
11 12 1
16 19 1
0 2 1
5 7 17
14 16 6
14 15 2
1 3 8
14 15 12
13 15 15
4 6 6
2 3 11
23 1 7
6 7 19
4 4 14
10 12 13
15 17 11
12 14 19
14 16 1
7 8 15
14 16 15
17 19 5
8 11 16
17 21 20
14 16 20
16 18 19
4 6 2
8 10 7
15 18 9
21 1 11
14 15 14
9 11 9
14 17 13
14 18 20
14 15 4
16 17 7
3 4 13
1 2 2
0 2 17
2 2 11
7 9 2
0 1 15
14 17 17
4 5 3
10 13 6
3 6 13
16 18 9
20 23 3
17 19 6
17 20 9
17 20 10
20 22 7
19 23 3
21 0 8
19 22 10
16 17 1
12 13 2
20 21 7
4 6 1
2 3 4
18 20 1
16 18 3
6 7 14
20 23 6
10 11 11
20 0 2
1 2 13
23 2 1
13 16 8
13 15 15
15 17 15
14 17 8
19 21 19
1 3 13
23 2 10
4 8 16
12 13 4
4 7 3
18 21 3
19 23 18
18 21 3
18 19 5
20 21 4
18 21 1
12 13 18
9 11 14
18 22 16
18 21 19
4 7 19
4 8 13
16 20 7
18 19 20
2 4 20
8 9 19
2 2 1
4 5 10
1 2 2
9 11 5
7 10 10
8 9 9
4 6 4
16 17 4
0 3 13
10 11 17
19 21 12
8 11 7
4 9 19
20 22 19
2 6 10
2 2 10
21 23 20
12 15 3
11 14 2
12 13 14
16 18 17
23 2 18
19 21 15
5 7 20
1 3 19
14 17 10
21 23 9
2 4 16
11 12 8
6 7 2
16 19 12
19 20 17
16 19 14
23 1 5
15 17 2
7 10 3
13 15 6
9 11 13
17 19 5
0 3 4
0 1 18
20 23 15
19 19 20
20 23 7
2 4 18
3 6 12
23 1 12
10 9 20
18 19 13
15 16 3
20 23 4
12 16 17
22 0 13
8 10 17
10 13 10
13 15 16
12 14 2
14 16 6
20 22 7
18 20 20
11 13 18
14 17 4
21 23 1
6 7 3
16 19 19
2 4 8
15 18 13
0 3 8
0 3 3
9 11 17
12 15 11
4 7 6
23 23 4
1 3 3
7 8 11
22 1 13
4 6 11
7 8 8
22 0 5
4 4 10
3 6 3
3 3 4
20 22 12
17 17 3
5 8 20
16 16 12
18 21 12
19 21 11
1 3 19
0 3 10
8 11 11
3 6 20
3 3 5
10 12 11
7 12 7
14 17 15
6 8 3
18 22 7
11 12 19
12 13 9
19 20 16
21 22 1
15 18 20
20 22 19
2 4 10
1 2 4
3 5 7
15 16 3
19 22 19
4 8 8
12 13 13
4 6 9
6 9 15
12 14 19
1 4 7
6 8 15
15 19 3
6 10 13
6 9 11
4 6 18
19 18 15
8 10 18
5 6 6
7 10 3
15 18 7
0 1 19
8 9 15
5 8 10
6 7 7
5 7 13
3 4 18
20 21 20
15 16 20
6 8 10
1 2 16
20 21 20
5 7 19
5 7 19
6 8 10
10 12 11
0 2 9
8 10 14
14 16 3
7 11 15
21 23 20
22 0 2
21 0 20
20 21 8
18 18 1
13 15 19
14 17 1
14 16 10
17 19 18
13 16 1
12 14 14
7 10 17
21 22 14
3 7 18
21 23 18
18 20 11
8 13 14
6 6 14
23 23 13
2 4 11
19 20 4
9 13 8
23 3 4
17 20 5
12 13 4
11 13 10
20 0 3
9 9 16
3 5 9
10 11 7
17 18 12
7 8 8
17 20 18
10 13 18
22 1 4
11 12 3
16 18 17
15 17 3
17 18 18
21 23 17
19 20 3
21 22 7
12 13 1
1 2 8
4 7 10
8 10 8
14 15 12
3 6 20
3 6 5
1 4 20
19 20 16
15 17 15
8 10 17
3 4 18
17 18 18
16 18 8
17 18 1
18 20 15
13 15 13
0 1 8
6 8 16
4 6 20
4 6 7
1 3 1
12 14 10
18 21 8
9 10 3
8 8 11
0 0 20
16 19 9
5 6 18
7 9 8
16 17 6
10 12 7
6 7 17
14 16 4
5 6 7
2 6 4
4 6 14
20 0 7
12 15 5
4 4 1
5 8 19
8 10 17
16 17 3
0 2 5
14 16 6
20 21 19
8 10 7
22 0 12
18 20 12
11 15 15
16 16 11
21 0 10
8 8 16
3 5 7
22 0 18
22 0 10
3 3 8
5 8 19
23 0 9
9 12 4
4 8 10
15 18 18
1 1 5
6 10 12
0 3 6
3 5 3
7 10 3
19 19 8
19 21 10
16 18 6
18 21 11
2 5 20
10 11 15
7 9 17
5 6 19
1 0 14
6 8 9
12 14 10
16 18 19
9 10 10
21 23 16
20 21 15
15 17 11
17 20 2
10 12 16
3 5 12
1 3 18
11 12 5
1 4 7
18 21 6
11 13 7
17 19 11
19 21 7
12 15 20
19 21 2
11 14 6
16 19 9
8 11 7
1 4 16
19 21 16
17 22 12
14 17 20
23 1 17
13 16 20
15 16 8
3 5 8
7 8 12
9 12 5
8 10 2
9 13 2
21 0 8
8 11 10
13 15 17
14 15 20
10 11 19
3 5 6
23 23 10
8 9 2
19 20 9
10 10 11
0 1 7
16 18 9
14 16 14
21 1 19
4 7 4
17 17 7
16 17 13
15 18 17
8 10 7
21 22 14
21 22 5
23 1 17
22 1 16
1 2 12
13 15 17
1 3 8
19 20 13
7 10 14
8 12 4
5 6 12
1 4 20
14 17 7
19 20 10
10 12 13
17 20 6
12 13 14
21 21 19
23 1 2
21 0 2
20 21 20
21 23 12
20 22 1
11 12 12
6 9 12
7 10 15
7 10 19
0 1 8
17 18 3
5 6 10
15 17 10
8 10 4
8 9 15
14 17 4
3 6 19
22 23 1
1 3 19
17 21 2
7 8 16
5 7 18
20 23 10
13 14 15
7 10 1
15 16 8
13 15 17
16 18 20
15 18 11
14 14 6
18 20 20
20 21 17
14 15 6
13 15 7
6 8 5
7 7 10
15 16 17
11 13 7
14 16 2
7 8 8
18 21 4
13 15 1
3 4 5
1 4 20
21 20 11
0 2 20
11 13 11
13 15 12
20 22 17
3 5 20
17 20 6
14 15 8
11 13 13
6 8 6
12 12 6
12 12 6
14 15 7
10 11 12
10 12 8
6 8 4
22 22 13
8 10 19
21 23 11
13 17 7
14 16 17
4 6 11
0 3 4
3 6 9
17 19 2
8 11 9
12 14 13
14 14 15
3 6 12
17 19 12
11 15 20
10 13 16
20 0 16
23 0 16
3 5 4
10 13 1
12 15 17
13 16 13
1 2 15
2 4 3
0 1 10
17 18 6
9 11 14
21 23 1
16 18 9
11 13 18
13 15 9
0 1 18
2 2 13
10 12 12
7 10 15
20 23 10
3 6 4
14 16 14
7 8 5
3 4 15
8 12 2
23 0 10
6 8 1
6 7 17
23 0 9
0 1 15
3 8 4
15 16 3
4 7 19
8 9 18
3 4 4
0 1 19
21 0 3
11 12 1
0 2 18
4 7 16
16 17 16
3 5 13
9 10 20
11 13 18
13 15 15
3 6 14
23 0 7
17 19 4
23 1 2
7 7 1
14 15 13
7 9 20
7 7 7
7 10 15
22 1 19
6 7 2
4 6 3
12 14 4
18 20 4
0 2 8
6 8 9
9 10 18
4 5 12
13 14 7
16 16 12
8 11 5
14 14 15
12 13 5
15 16 20
17 19 11
12 15 20
1 3 1
13 15 3
12 14 6
10 11 15
16 18 7
12 15 15
23 23 10
2 6 18
8 9 6
5 5 14
10 13 2
19 21 6
15 18 13
9 10 8
12 15 7
6 9 8
6 9 18
13 17 7
22 2 18
5 7 13
2 3 13
17 18 17
0 1 7
14 17 3
13 15 4
15 14 3
21 0 11
22 0 15
10 13 3
19 21 3
17 21 1
13 15 5
12 14 10
3 7 14
14 18 11
15 17 4
14 16 4
8 9 7
4 7 2
0 1 14
4 5 7
18 20 11
4 6 13
3 5 19
22 22 3
22 1 17
20 22 9
4 8 5
21 23 11
6 6 11
5 8 13
21 22 9
15 16 16
18 20 8
20 21 18
12 13 14
22 1 15
18 19 8
0 3 19
6 8 19
13 15 5
5 7 5
18 21 18
21 23 5
22 23 2
2 3 7
21 22 1
7 9 14
5 8 14
10 11 2
13 17 20
2 2 16
22 23 1
15 15 6
11 13 15
15 14 18
23 0 1
13 15 15
2 4 10
23 23 6
13 13 15
18 20 8
8 10 9
18 21 15
2 3 1
6 8 6
20 23 18
8 9 15
5 8 15
12 15 16
18 20 2
22 2 11
1 3 15
0 2 7
18 21 3
18 20 20
1 2 18
18 17 13
22 0 19
22 22 7
0 1 15
14 18 6
13 16 19
1 3 7
1 4 3
19 21 8
17 16 15
9 11 13
15 19 17
0 1 15
10 13 15
12 16 20
2 2 17
17 17 14
2 3 5
12 15 18
15 17 7
3 2 15
5 8 3
17 18 20
3 4 17
22 0 18
13 16 12
5 5 14
4 6 14
13 16 13
4 4 7
18 21 14
1 3 10
12 15 13
5 9 9
18 20 14
19 23 14
18 20 15
19 21 9
20 23 19
16 18 13
8 10 19
6 8 1
0 3 4
22 1 10
4 8 12
5 5 18
9 10 17
17 20 10
7 9 10
3 4 15
8 8 13
7 10 3
6 8 8
19 22 1
0 2 12
11 13 19
18 19 5
20 23 2
15 16 7
4 7 16
12 14 11
11 14 14
22 23 17
16 19 12
12 15 16
9 11 8
0 2 6
1 3 1
17 18 4
10 12 13
14 17 6
5 7 7
7 8 15
14 17 6
10 12 13
18 18 18
20 22 2
16 19 16
4 6 3
0 2 7
23 1 18
3 5 19
19 20 11
15 15 2
6 7 4
18 20 20
6 9 14
3 4 6
9 12 12
3 4 8
13 17 5
4 8 8
10 11 2
10 13 6
21 0 12
19 22 10
8 11 12
17 19 14
18 20 11
4 6 11
20 22 4
18 19 17
9 11 17
9 10 8
13 17 1
9 10 3
1 3 6
17 18 5
10 12 10
1 1 8
14 15 20
15 17 17
11 12 20
16 17 15
8 12 2
0 4 9
16 18 11
23 1 14
11 13 12
1 1 15
11 12 4
1 2 15
21 0 15
12 14 20
8 10 2
8 10 10
20 21 15
0 4 7
3 6 10
18 21 19
13 14 12
19 22 9
14 15 4
9 10 1
11 12 10
19 20 10
11 13 17
11 13 12
9 11 12
18 20 10
13 16 11
16 16 7
11 14 9
1 4 12
5 7 8
4 5 18
11 12 13
3 4 17
1 5 14
15 18 5
6 9 16
13 16 4
2 5 8
19 19 14
22 23 8
0 2 3
23 1 9
1 2 2
13 16 10
3 5 19
22 1 16
2 5 17
15 18 12
8 10 19
0 2 9
5 7 7
9 12 6
18 21 4
7 9 13
21 1 5
23 1 2
22 23 20
12 14 12
18 19 1
19 21 2
0 3 3
21 23 19
5 7 13
2 4 4
12 12 8
0 1 4
19 21 6
10 11 12
3 6 9
8 10 15
7 9 2
22 0 10
16 20 11
22 0 20
4 6 19
1 6 16
13 16 17
17 18 13
14 15 14
9 11 7
11 12 11
15 16 14
5 7 18
9 12 8
3 6 13
9 12 18
8 9 19
15 17 16
12 14 10
18 21 10
15 18 6
5 7 8
0 1 19
18 19 7
9 12 11
20 21 12
1 2 4
6 9 8
11 13 14
13 17 1
9 10 18
8 10 3
9 11 10
23 1 13
14 16 11
15 17 9
9 11 6
13 15 4
10 11 6
4 5 5
4 7 9
23 2 5
22 23 2
12 14 4
16 18 6
13 15 19
6 9 18
9 12 15
17 21 15
16 19 15
9 10 12
23 1 14
14 17 9
11 14 17
3 5 11
13 15 16
11 14 19
12 12 11
4 6 1
23 1 4
11 11 1
7 9 12
3 6 6
15 18 2
18 21 14
0 2 5
21 23 12
17 19 5
10 12 5
11 11 10
22 23 5
10 12 8
3 3 13
15 17 19
22 1 15
16 18 9
17 19 8
2 4 20
11 14 15
22 0 16
6 8 15
12 13 14
16 17 19
12 14 19
9 12 2
0 2 15
3 5 15
18 18 1
6 9 4
16 19 16
10 11 9
19 21 13
11 14 19
21 22 7
0 3 3
15 15 19
23 0 5
13 16 17
8 11 10
5 8 2
19 21 10
12 13 15
11 13 11
12 14 11
16 16 18
2 4 16
16 20 7
3 5 9
14 16 15
17 18 11
10 13 19
10 10 4
5 7 11
13 15 3
5 6 6
13 17 15
20 21 19
9 12 9
13 16 11
8 11 11
14 15 10
2 5 17
13 15 5
0 2 4
17 20 20
17 20 2
6 8 20
10 10 1
9 12 19
6 8 19
18 19 17
4 6 14
23 1 8
23 3 17
10 11 7
17 18 11
7 9 8
6 6 20
0 1 13
10 12 17
17 18 2
19 22 19
3 4 1
8 12 7
21 22 5
7 9 11
23 3 16
5 7 11
10 12 17
5 6 6
11 13 20
18 22 7
2 4 5
15 17 4
22 0 5
4 5 3
3 7 19
1 3 6
22 1 12
0 0 6
18 20 12
16 18 18
21 21 12
12 14 20
12 12 17
19 22 15
9 12 2
7 9 2
14 14 19
20 21 12
23 1 7
5 6 5
12 14 9
7 10 4
10 11 1
10 12 6
7 10 13
16 18 14
3 6 7
14 17 18
11 13 12
5 7 8
23 0 3
8 12 16
1 2 9
14 15 10
20 23 17
6 8 7
1 3 10
8 10 3
20 21 12
15 18 11
0 3 15
13 17 2
23 1 19
9 10 15
21 23 7
21 23 5
19 21 1
1 3 13
2 5 5
10 11 19
0 2 14
18 21 13
5 6 2
23 2 7
20 21 18
3 4 4
18 21 2
10 12 19
10 10 9
20 20 8
1 1 18
7 8 4
12 13 8
15 16 14
7 9 14
14 17 14
17 19 19
1 2 4
21 1 1
9 10 6
1 3 8
3 6 16
18 21 15
11 13 18
13 15 10
13 16 3
21 23 18
6 7 17
14 17 11
14 17 11
10 13 16
0 1 3
7 8 5
15 16 8
9 11 4
13 17 4
7 9 1
8 10 3
11 10 9
18 21 7
0 2 3
2 3 20
8 9 1
14 17 16
2 2 10
1 4 20
6 8 7
20 22 8
17 19 18
12 14 1
23 2 1
4 6 13
9 9 17
1 2 4
17 20 7
6 7 15
6 6 19
14 16 5
6 8 13
4 6 8
10 11 6
23 1 3
0 0 6
2 2 14
22 23 16
18 20 5
23 1 2
9 11 2
12 14 17
23 1 12
20 22 18
13 13 9
7 10 16
1 4 7
11 13 9
12 16 9
0 2 3
17 20 8
8 10 18
9 10 3
7 8 17
13 14 18
21 23 15
9 11 13
2 5 1
17 20 13
6 8 10
12 13 8
22 23 17
18 18 19
3 4 16
13 14 4
9 10 2
5 8 18
0 3 12
9 10 18
0 2 3
10 11 15
6 10 2
21 23 14
13 14 17
3 5 16
6 8 5
10 10 15
6 9 16
0 1 19
16 19 17
22 1 20
7 10 20
9 10 4
12 14 16
20 23 4
0 2 15
17 19 2
4 7 3
21 23 9
15 17 6
6 9 3
0 0 4
17 18 16
7 5 1
9 11 6
6 9 19
2 3 5
23 0 6
13 14 17
8 12 5
0 1 3
9 11 11
23 3 9
21 0 9
8 10 16
23 0 2
22 0 4
17 18 18
12 13 18
23 1 7
2 5 12
9 10 13
12 12 17
1 4 4
15 17 1
9 11 7
9 12 2
7 9 5
8 11 3
6 10 1
4 6 13
12 13 12
17 18 8
5 8 14
10 13 10
2 4 7
10 13 3
11 14 12
2 5 13
2 4 12
4 6 17
5 7 5
14 15 17
3 5 19
12 12 10
1 3 13
14 16 11
2 5 16
20 21 7
20 22 8
0 3 11
7 9 9
0 1 19
12 14 12
0 2 20
13 14 12
20 23 17
3 5 11
23 2 17
2 4 17
9 12 12
23 3 12
0 4 2
23 23 6
0 3 8
8 9 11
3 7 3
7 8 20
1 3 8
23 1 19
5 8 16
23 2 11
1 4 12
16 18 7
1 3 16
9 10 13
0 2 17
5 8 6
15 16 6
15 17 9
23 1 17
3 6 2
8 11 11
10 14 1
11 15 4
19 21 7
14 15 14
19 20 1
19 21 10
11 15 11
21 23 3
23 2 13
14 17 7
3 5 11
16 18 14
0 3 6
18 22 19
17 19 13
8 11 6
23 1 14
7 8 8
6 8 1
17 20 8
8 11 19
17 19 10
7 8 14
19 23 16
12 15 15
7 9 4
3 6 3
18 20 4
9 11 14
18 22 8
17 19 19
18 20 18
2 4 2
4 5 9
14 15 15
12 14 20
0 4 3
14 15 14
3 6 5
5 7 12
20 21 8
18 20 4
8 10 1
2 4 3
2 4 12
6 8 10
17 19 16
11 12 18
0 3 6
1 6 16
8 11 15
7 8 7
2 3 16
9 14 8
16 17 11
20 22 14
9 9 7
6 8 19
20 21 20
13 13 6
6 6 9
17 19 3
12 14 9
7 10 14
2 4 5
20 21 9
10 12 1
7 10 4
11 11 13
6 7 4
4 5 15
23 1 16
6 9 11
7 9 12
17 19 16
13 16 16
12 15 9
19 21 7
0 2 16
6 7 16
21 23 19
12 14 12
17 18 2
6 7 11
14 14 18
13 14 15
8 10 11
0 2 15
15 16 8
2 4 7
17 18 16
8 10 12
22 1 17
3 5 7
13 14 3
11 13 7
3 4 8
19 20 5
3 4 19
10 11 12
19 21 3
13 15 14
0 2 20
12 13 5
14 16 2
11 13 19
7 10 16
14 18 20
4 8 14
17 18 6
10 12 7
11 13 6
1 5 2
12 13 18
10 12 15
6 8 18
21 22 20
13 14 12
7 9 10
5 6 12
21 0 18
0 3 6
9 12 16
1 2 12
10 12 19
18 21 13
9 11 15
11 14 2
9 10 11
21 23 7
21 23 4
22 1 4
19 19 10
3 6 13
16 17 19
20 20 10
23 1 2
13 15 12
1 5 9
5 7 19
23 2 19
21 23 2
3 4 15
13 13 7
4 6 20
11 14 4
0 2 14
3 4 2
17 18 12
11 13 19
21 22 7
13 15 19
8 9 20
12 14 20
15 16 1
3 4 19
12 13 3
12 12 1
16 19 17
3 6 19
14 17 5
21 0 18
3 4 2
2 3 17
15 16 15
5 8 10
7 9 13
18 19 4
10 15 10
4 6 11
23 2 9
6 8 17
14 16 19
15 16 12
6 8 4
22 1 18
15 18 12
2 3 11
14 17 11
14 16 8
17 19 10
16 15 3
1 4 3
3 6 8
17 20 10
0 2 2
0 2 13
6 7 7
13 13 1
17 20 5
3 6 8
10 14 6
13 13 6
22 1 14
9 11 1
17 21 20
3 6 10
11 13 18
4 7 7
6 8 5
7 11 16
22 0 5
21 22 3
8 11 16
8 10 20
21 23 10
5 8 10
14 16 10
15 18 19
1 2 13
17 17 6
0 1 7
21 23 11
22 23 6
21 1 20
16 19 19
12 14 18
16 18 14
8 9 15
6 8 16
19 20 20
20 22 4
17 18 17
17 18 15
10 11 5
14 16 1
20 21 14
2 5 20
9 11 17
18 19 4
10 11 6
13 13 7
1 4 6
1 4 14
22 1 8
7 11 20
5 7 8
7 9 9
11 14 16
12 13 1
6 8 19
9 10 15
5 7 7
9 9 7
19 21 10
8 9 14
1 4 18
2 4 12
8 10 11
8 10 20
17 19 16
3 5 7
19 22 15
9 10 18
9 12 20
4 7 3
23 1 11
3 4 3
7 11 18
13 16 13
23 2 15
17 20 14
20 23 7
4 8 2
0 3 6
18 19 3
12 13 18
13 14 4
5 6 7
11 13 13
17 19 6
16 19 15
22 0 5
22 23 7
7 8 12
21 0 7
3 6 8
18 21 2
2 2 6
15 18 18
10 12 12
3 7 5
7 10 1
5 7 13
3 6 20
4 6 15
0 2 9
16 17 4
0 1 14
16 19 8
3 6 19
3 6 2
19 22 10
1 4 10
10 12 1
4 4 15
18 21 17
18 20 2
9 11 2
15 17 9
23 0 2
13 15 16
10 12 1
23 1 5
14 16 14
3 4 19
16 18 20
22 23 5
8 11 5
5 8 6
15 18 10
22 23 13
15 15 6
17 20 4
7 8 14
10 13 11
20 0 4
11 14 3
22 0 6
8 10 6
7 9 14
9 10 18
9 12 14
18 20 12
20 23 20
15 16 1
16 19 1
8 8 4
22 23 17
2 4 18
9 11 20
2 6 3
10 13 5
18 20 4
1 3 11
0 1 15
23 23 12
2 3 3
23 1 19
7 9 13
5 9 19
16 17 12
10 11 15
22 23 6
15 16 9
13 14 3
14 16 7
0 2 18
5 7 9
12 14 16
4 6 3
23 2 3
14 19 2
9 11 5
5 8 3
14 15 14
12 14 1
2 4 1
6 9 17
2 4 6
6 7 6
14 16 16
3 4 20
17 21 11
12 14 19
20 22 15
1 3 6
2 6 6
6 9 12
9 11 15
17 19 18
14 17 6
7 7 9
2 5 16
2 3 12
1 3 12
1 3 14
17 18 18
9 11 6
18 18 17
15 15 6
16 18 15
1 2 6
23 1 12
15 17 9
17 19 6
18 19 4
3 4 7
16 17 8
19 20 4
19 22 8
3 4 9
12 15 15
8 9 12
19 20 8
23 2 13
5 6 12
3 5 12
2 6 9
5 7 2
1 4 9
14 17 11
3 6 18
11 13 13
10 12 6
12 14 14
22 22 7
17 21 4
6 7 15
1 4 5
22 0 6
22 0 17
8 11 13
15 18 5
19 20 4
17 19 16
23 1 11
5 8 10
17 19 14
0 2 15
16 16 9
3 7 9
3 4 16
20 22 19
1 4 14
2 4 16
6 8 8
20 22 18
2 4 7
0 1 6
16 18 2
1 2 15
21 21 2
18 18 4
7 10 16
20 22 13
18 21 5
10 13 11
14 19 10
22 1 13
1 0 3
11 13 15
10 12 8
16 17 18
18 21 4
19 19 7
3 6 9
16 18 5
3 6 3
16 18 5
22 1 11
6 6 16
0 2 1
3 5 19
18 20 18
7 9 18
16 18 10
9 12 3
12 14 16
12 15 10
2 6 5
1 4 16
2 3 2
7 9 14
8 12 14
22 0 12
16 19 17
0 2 18
5 5 6
8 11 2
11 15 14
11 14 13
1 2 4
17 19 9
4 4 12
4 6 3
19 21 9
4 6 9
13 15 7
13 15 9
18 20 15
5 7 10
9 10 6
7 9 9
23 0 9
11 11 4
5 7 7
5 5 13
15 18 8
21 22 13
21 23 12
8 10 20
1 2 15
3 6 18
11 14 7
4 7 14
4 6 11
9 11 18
2 3 1
16 17 2
10 12 19
20 23 15
4 6 4
10 12 14
8 10 20
16 19 2
18 20 13
18 18 13
4 5 18
12 13 1
20 22 14
21 23 13
18 21 4
4 5 15
2 4 18
3 6 18
9 11 5
9 11 6
21 23 15
10 12 18
0 2 20
11 14 16
20 0 19
19 20 14
16 18 15
13 14 6
6 9 6
0 2 18
15 17 15
6 8 9
15 20 15
12 15 7
20 22 11
23 1 11
5 9 12
18 20 19
11 13 4
21 1 20
3 4 3
19 19 16
7 10 4
9 13 1
5 7 7
5 6 8
0 1 7
3 4 6
4 7 5
16 16 15
12 14 15
0 1 19
13 15 19
8 10 3
15 17 7
15 17 20
9 10 1
19 21 15
6 9 4
6 10 10
0 1 6
20 22 14
0 1 9
22 0 12
21 23 14
5 8 4
3 5 13
10 10 3
7 8 16
6 6 7
4 6 9
12 15 14
1 3 13
9 10 12
10 13 2
18 21 13
1 1 1
14 16 13
22 23 17
5 6 2
18 21 8
13 14 2
0 2 9
23 1 8
10 13 19
13 15 6
23 1 18
14 15 8
12 15 8
9 12 3
5 8 18
3 4 11
0 3 17
13 16 18
3 4 20
13 15 16
14 16 5
5 7 14
20 22 18
19 19 4
22 0 13
4 8 12
0 1 19
20 22 13
9 10 4
12 14 17
21 22 16
22 23 4
23 1 4
8 11 10
1 3 20
5 8 5
23 2 20
12 15 16
4 8 17
17 22 5
2 5 19
9 12 11
8 11 18
1 4 13
15 17 4
22 23 20
17 17 9
0 1 13
10 14 19
13 17 1
9 11 9
4 7 15
10 12 11
5 8 12
2 4 4
2 3 7
3 6 19
21 0 7
7 9 7
13 16 3
2 4 19
1 4 8
12 12 8
15 18 6
20 22 11
5 10 12
0 4 16
6 10 4
7 9 16
5 6 17
23 23 17
7 9 10
19 21 11
12 14 4
7 8 17
12 15 9
13 16 16
21 23 15
1 2 6
21 22 4
22 22 16
17 19 16
23 0 12
10 12 7
3 5 7
18 20 5
3 6 15
8 11 5
14 16 9
16 17 18
5 8 6
14 16 10
14 18 19
15 15 19
1 4 20
6 7 2
0 2 20
12 14 20
6 8 8
13 15 20
12 15 12
16 18 16
9 11 20
12 15 4
11 12 19
17 22 20
14 16 20
18 20 15
10 11 7
8 11 18
22 1 19
1 2 19
16 19 4
3 5 19
13 15 11
16 20 13
9 11 15
21 1 5
6 7 19
0 5 11
14 16 17
13 16 5
4 5 3
21 23 20
8 9 18
22 23 8
17 19 1
9 10 10
14 14 17
20 22 12
20 22 13
7 10 12
12 15 9
12 14 12
6 6 17
10 11 19
15 18 2
17 18 5
12 13 17
5 7 9
1 4 5
14 15 4
12 15 14
0 1 15
3 6 1
10 12 18
6 8 5
11 12 5
14 15 7
10 13 4
8 10 7
16 18 2
10 11 10
23 0 14
6 9 12
23 1 16
7 11 13
3 5 17
6 7 6
16 19 20
6 7 20
13 17 19
20 21 19
15 17 19
17 19 7
22 23 2
3 4 14
15 17 1
16 17 6
23 1 20
14 16 1
0 3 10
22 23 17
19 20 9
3 6 5
6 8 7
18 18 18
11 11 1
12 14 7
17 18 19
21 23 17
10 13 12
20 23 13
6 8 2
11 13 6
22 0 20
6 8 12
21 1 4
7 10 20
19 21 18
7 8 3
23 2 20
3 4 10
18 20 6
7 9 11
14 16 19
18 20 10
19 20 13
22 0 10
8 10 8
1 2 14
21 22 13
17 19 14
5 8 11
20 22 13
16 19 7
20 23 20
18 19 14
19 21 17
16 17 17
19 23 4
8 10 3
23 2 4
9 11 3
9 12 3
13 14 10
20 22 8
2 4 19
4 5 15
5 7 18
23 1 11
17 19 14
13 14 11
15 16 2
10 11 15
11 14 12
22 1 5
19 20 7
16 17 20
6 8 11
11 15 2
10 12 5
5 9 2
5 6 7
7 8 18
14 16 10
4 5 15
17 19 5
21 23 4
21 0 1
16 17 20
7 8 2
23 2 5
3 6 13
4 6 8
4 8 8
5 6 11
4 5 19
13 16 11
7 9 17
2 3 5
20 22 9
6 9 4
16 17 4
22 2 12
6 8 13
6 9 16
0 4 20
5 7 4
2 4 10
0 2 2
7 9 10
21 0 11
19 23 10
18 21 10
7 10 4
14 15 11
0 3 9
21 0 16
1 2 10
7 7 19
8 9 5
5 9 16
23 1 18
18 18 12
5 5 13
11 11 13
20 22 4
21 0 3
19 21 11
12 14 13
19 20 3
16 17 14
23 0 20
2 4 9
5 7 16
2 6 7
