2100 20
13 1 4 14 15 15 2 19 2 20 13 5 20 10 1 13 13 15 3 7 
2 5 20
7 9 14
3 5 18
11 14 2
7 9 8
20 22 11
15 18 12
1 3 18
21 23 18
13 15 17
13 16 15
3 5 10
12 14 3
6 8 7
23 1 15
9 12 18
2 4 3
16 17 18
1 3 17
6 8 13
11 14 16
16 18 12
21 21 10
18 21 13
11 14 5
7 10 8
12 14 1
9 11 7
19 21 20
7 8 17
11 12 8
10 11 19
8 10 5
10 12 13
18 21 17
10 12 1
2 5 6
16 17 2
11 11 14
0 2 19
11 14 10
1 0 10
19 21 14
18 21 5
1 3 3
17 19 8
16 20 14
11 13 2
11 11 4
13 16 14
3 6 7
4 7 17
0 2 6
6 8 11
1 1 19
11 13 2
17 20 20
17 18 18
6 9 7
19 22 15
9 12 8
4 6 1
8 8 14
15 17 9
1 4 17
7 9 19
5 7 15
6 8 11
5 6 14
4 5 4
23 0 17
18 20 10
2 4 1
16 17 12
20 22 20
20 23 17
21 23 13
20 22 7
16 19 11
23 0 3
20 23 14
2 4 14
14 15 2
5 5 8
2 5 20
2 4 16
2 5 7
6 8 2
0 2 15
12 14 10
5 5 19
10 13 9
23 0 7
6 9 9
18 20 11
15 17 14
6 9 19
7 10 13
21 21 3
5 7 18
7 9 4
1 3 2
17 21 11
11 11 16
16 17 18
2 4 2
2 6 12
2 5 15
13 15 19
20 20 9
19 22 13
0 1 14
1 3 16
15 17 17
5 7 5
4 7 2
5 7 18
9 12 2
21 22 10
20 21 7
18 17 6
8 9 1
13 17 16
11 12 15
14 15 10
22 0 3
16 19 9
19 20 7
19 22 19
18 20 2
8 10 8
9 11 8
10 13 6
21 23 6
14 15 2
13 14 17
20 21 4
19 0 18
16 18 10
14 17 12
2 6 10
3 4 14
1 3 18
15 19 19
12 15 12
14 18 19
15 17 15
10 14 10
19 20 18
14 17 19
9 11 18
23 23 11
15 17 4
8 11 16
0 2 14
20 23 11
4 5 1
11 12 7
9 10 10
14 17 6
2 1 4
21 1 10
21 1 6
14 16 8
2 5 13
16 18 7
1 3 11
16 19 18
20 23 20
15 20 10
3 3 5
19 22 12
6 8 15
11 14 16
22 23 10
1 3 8
12 15 12
15 18 9
11 12 3
2 4 12
23 23 11
9 11 6
20 20 1
13 16 11
19 23 10
15 16 13
6 7 8
0 2 12
3 4 20
12 15 3
8 10 8
7 9 16
16 18 15
7 9 17
2 4 4
21 23 16
19 19 18
3 6 16
19 21 5
10 13 14
6 6 2
8 10 17
20 21 2
23 23 18
17 19 5
20 23 12
1 3 10
0 2 7
1 3 14
13 14 7
21 22 2
9 11 4
9 12 9
22 2 7
19 20 4
6 8 19
0 3 20
20 22 3
13 15 9
19 20 18
4 6 16
21 23 6
12 14 9
21 22 11
6 6 11
2 5 15
14 15 16
13 18 9
11 15 20
11 13 18
9 12 12
2 5 15
21 1 1
21 23 13
2 2 6
0 3 2
23 2 12
14 17 8
1 2 19
22 1 6
15 15 14
2 5 10
4 7 14
12 12 9
9 13 7
15 16 5
2 5 13
15 17 11
5 8 20
8 11 11
17 18 13
16 17 5
20 20 13
20 23 6
8 9 2
5 7 16
10 13 10
2 4 18
7 9 13
1 2 19
17 18 3
14 17 16
21 23 9
8 11 17
3 6 12
3 5 13
9 12 12
0 1 5
23 0 5
18 18 8
11 12 7
14 15 14
13 14 3
10 13 4
1 4 3
1 3 18
11 13 18
4 5 9
4 6 18
14 16 4
13 14 2
5 6 15
17 19 15
0 3 12
7 7 5
18 19 10
0 2 8
9 10 6
10 10 20
2 4 8
16 19 13
2 3 20
20 23 6
0 2 17
14 15 12
6 8 14
0 2 16
16 19 19
0 3 20
18 21 2
20 21 12
17 18 8
5 6 19
4 7 12
20 21 18
23 1 16
21 0 6
14 16 12
11 14 7
21 23 11
2 4 11
10 13 8
9 11 9
7 11 11
13 16 15
21 0 2
10 13 20
23 1 8
23 1 7
10 13 12
9 12 1
22 0 18
15 19 12
12 15 8
6 8 12
14 15 1
22 0 7
17 21 16
10 13 20
12 14 11
0 0 1
7 8 10
23 2 15
15 16 4
19 21 16
20 22 7
5 6 15
10 13 17
15 16 17
15 16 5
18 20 19
0 3 18
4 8 3
6 7 4
3 5 11
1 2 1
15 18 12
21 23 17
23 1 7
18 20 16
1 3 14
1 4 1
1 3 2
10 13 3
10 12 6
7 8 5
6 8 13
11 13 4
22 1 14
23 1 4
2 4 9
7 10 9
20 22 17
9 12 13
4 7 2
9 10 20
15 15 7
21 0 16
1 2 12
13 14 9
8 12 15
22 1 20
10 13 10
22 2 7
3 6 4
16 19 3
7 9 8
20 22 11
19 21 15
10 12 10
19 21 10
1 2 10
9 12 13
6 8 15
7 7 13
0 0 4
3 6 20
21 23 19
23 0 5
18 21 19
2 5 5
4 8 14
17 20 11
0 2 4
6 11 1
18 19 19
18 19 10
15 15 12
3 5 3
22 0 1
9 12 17
17 19 20
16 17 17
4 5 10
15 18 18
1 3 13
19 21 16
17 18 6
13 14 19
10 14 13
10 13 20
0 1 19
3 5 19
2 4 15
8 10 17
12 15 10
4 5 14
18 19 7
7 10 20
6 7 14
13 15 1
5 7 11
9 10 9
19 21 14
21 23 4
22 0 1
19 22 19
8 10 18
22 23 15
6 7 14
1 4 15
23 1 5
14 15 10
5 8 17
17 19 6
10 11 8
17 18 9
5 7 3
7 9 17
7 8 1
7 9 11
23 1 15
8 10 15
7 8 17
18 21 16
1 0 14
17 21 5
13 13 16
15 16 17
23 2 4
23 0 12
19 22 3
5 8 10
22 23 1
5 6 5
11 13 6
19 22 12
8 10 10
12 14 12
19 21 13
3 7 5
19 20 3
18 19 11
11 12 18
18 19 2
1 2 13
21 0 11
17 17 12
20 22 4
12 15 14
9 12 17
18 22 7
4 7 2
18 20 14
22 0 7
15 17 12
20 23 9
1 4 15
14 15 20
12 14 15
10 13 6
9 11 10
6 7 3
5 7 19
18 19 12
6 9 11
6 8 8
21 22 6
13 15 13
15 16 14
23 1 18
17 19 7
23 1 4
2 4 16
3 5 18
15 17 15
10 12 1
12 12 6
10 11 15
0 2 18
10 10 3
12 14 14
14 15 11
9 11 18
4 7 14
2 6 13
18 21 16
23 3 2
2 5 2
9 10 4
16 19 4
5 7 5
10 12 13
0 2 20
3 4 14
13 15 14
5 5 7
14 17 7
5 6 10
23 1 16
6 10 16
20 22 10
18 18 14
13 17 17
13 17 8
10 13 3
9 12 2
16 18 15
10 13 11
23 2 14
23 0 12
4 8 5
13 16 5
8 10 1
7 9 5
8 9 8
14 16 3
19 21 7
19 22 1
13 15 7
9 13 18
15 15 4
12 13 7
22 0 10
6 9 10
13 15 8
5 6 7
23 2 14
20 23 20
6 8 10
13 14 11
10 12 7
16 17 2
7 9 16
6 8 15
20 22 13
6 8 12
22 1 6
3 5 15
0 0 4
0 1 20
11 12 8
22 0 14
11 12 10
2 3 11
22 0 3
1 3 13
16 19 14
13 16 15
0 2 17
14 15 12
21 23 1
16 18 1
23 0 18
15 17 7
7 10 14
15 17 13
13 16 8
6 9 9
14 16 1
4 7 12
20 21 14
5 8 7
9 10 7
13 16 9
3 5 6
4 7 4
8 11 17
11 13 7
13 16 14
7 8 13
12 14 14
17 19 13
8 12 8
13 14 8
8 9 18
8 9 9
23 1 15
2 6 8
8 9 3
10 11 16
22 23 14
14 17 19
2 3 9
13 15 8
14 16 10
16 18 10
17 18 4
12 14 9
21 21 18
18 21 8
16 17 3
4 6 9
9 11 18
22 0 16
11 13 13
7 9 17
13 14 6
13 14 20
18 18 18
23 1 7
11 12 19
18 20 10
0 2 15
9 10 15
17 19 1
11 14 17
9 11 1
12 14 2
1 4 17
20 22 15
7 9 15
9 9 12
3 8 2
23 0 1
16 18 17
22 22 5
9 11 7
9 11 4
8 10 17
13 15 19
15 18 20
10 10 16
16 18 5
6 10 2
13 16 11
6 8 6
17 20 17
8 10 2
0 2 14
12 15 5
6 7 12
4 6 6
13 16 3
9 12 1
14 15 19
21 0 2
12 12 10
6 9 9
17 17 11
6 9 13
16 17 14
10 13 19
6 7 14
15 18 15
10 11 11
1 3 8
14 15 11
15 16 6
6 8 11
18 21 19
19 22 14
2 5 8
2 3 3
22 22 12
12 15 4
8 10 9
4 7 20
21 1 17
9 12 13
21 23 2
8 10 15
20 22 10
9 10 8
22 0 1
10 13 1
5 8 8
3 5 2
20 0 16
13 14 15
1 4 13
3 5 8
17 20 6
1 2 12
12 14 9
13 16 17
15 16 2
0 2 8
18 18 6
16 18 18
4 7 14
18 20 17
14 19 16
0 1 12
8 9 14
5 9 1
13 15 5
6 9 19
14 16 10
14 16 16
23 2 8
21 0 18
0 1 15
17 20 11
3 8 19
22 22 8
0 2 1
8 10 11
7 7 18
7 8 18
11 11 1
21 0 1
20 23 14
15 17 5
7 6 11
8 10 16
22 1 3
6 7 8
19 21 3
23 1 17
12 15 19
0 4 2
7 9 8
11 12 10
10 12 6
6 8 5
7 9 16
23 1 9
1 5 4
4 5 2
9 11 15
1 4 5
16 16 12
9 9 1
12 12 5
23 2 20
13 14 3
4 4 11
12 16 2
4 6 1
17 20 5
2 3 11
20 22 8
6 6 15
20 22 2
4 6 18
4 7 6
17 19 4
4 8 15
13 16 6
1 3 9
22 0 2
20 22 9
14 18 16
12 13 2
9 13 10
16 18 6
6 11 14
23 0 7
23 1 16
21 0 15
9 9 4
6 8 10
8 10 7
4 5 18
16 19 3
0 4 10
14 18 1
0 5 3
2 6 16
16 17 14
17 19 8
8 10 1
9 11 13
14 15 7
15 16 4
10 12 10
21 22 8
2 5 19
9 11 15
13 14 11
14 17 19
17 19 10
3 4 8
9 11 7
7 11 9
5 8 4
5 8 2
2 3 12
15 17 20
8 11 2
20 22 7
13 16 5
15 17 9
12 15 1
2 5 19
22 0 3
17 18 17
19 20 14
16 18 7
4 7 9
0 3 16
23 23 17
10 12 1
10 13 12
17 19 8
3 6 3
10 13 18
4 6 10
7 11 17
5 6 17
22 0 9
16 18 9
3 6 4
21 1 1
3 6 4
21 22 12
14 15 14
6 8 6
16 18 5
3 4 13
6 9 12
1 3 9
2 4 5
16 17 19
1 3 20
16 17 8
0 1 10
15 14 9
15 18 5
4 7 8
2 5 8
11 14 2
4 7 8
18 20 7
2 3 6
5 6 1
7 9 18
0 3 7
3 4 7
12 14 14
7 8 3
1 2 14
22 23 4
0 2 6
18 21 12
13 16 8
20 20 3
23 1 20
8 9 9
9 10 18
8 11 11
6 9 19
7 9 15
1 5 17
8 10 20
14 17 2
5 7 2
15 16 18
16 18 3
7 9 1
22 2 4
22 23 4
5 8 12
4 6 2
18 18 19
10 12 6
16 19 1
3 2 11
22 23 17
17 19 4
9 11 3
14 14 11
0 3 20
1 3 10
9 11 5
1 3 18
14 17 13
19 23 13
16 17 1
4 6 1
16 16 10
20 23 3
21 22 8
4 6 13
13 15 14
6 8 2
23 3 13
16 17 3
12 16 18
1 4 12
2 3 4
5 6 12
15 18 6
10 10 11
13 16 4
4 6 5
9 11 10
16 18 19
19 21 8
0 3 19
15 16 11
2 4 2
1 4 18
11 14 12
19 19 4
0 1 10
2 4 2
10 10 16
3 5 8
10 10 1
10 11 4
20 21 10
3 7 11
9 11 9
15 19 10
22 22 3
11 12 3
20 22 12
1 3 14
3 4 19
18 19 10
23 0 6
6 9 18
12 14 6
7 10 10
8 10 10
21 1 18
15 17 13
7 9 18
14 16 17
13 15 4
20 22 19
8 10 8
23 2 19
16 18 17
15 18 14
11 14 19
9 11 9
19 21 15
21 23 11
9 11 2
0 2 7
19 19 4
15 17 11
5 8 16
1 1 1
13 16 14
0 1 4
11 11 11
17 21 14
12 15 17
12 16 5
19 20 17
13 15 18
4 5 9
8 11 3
10 13 4
17 19 9
23 1 8
22 1 15
8 10 16
17 18 5
16 18 11
14 15 16
3 4 14
2 4 5
16 18 11
15 18 20
5 6 1
3 4 14
9 11 10
21 23 14
13 16 5
13 16 13
14 17 12
20 20 7
1 3 10
15 17 13
3 5 5
22 0 9
2 4 12
0 3 18
13 15 12
19 22 6
6 7 5
11 15 4
18 21 6
16 17 17
10 13 16
10 13 8
11 11 20
12 14 3
6 7 13
17 20 20
5 8 20
21 22 5
7 8 10
16 19 2
5 6 8
18 20 6
3 4 1
21 22 17
16 18 10
16 17 6
0 1 6
11 13 3
15 18 19
16 19 10
14 16 15
3 5 5
15 19 10
2 4 19
21 22 5
3 6 18
2 4 16
4 6 16
6 8 12
22 22 10
1 3 10
17 20 7
6 9 10
20 22 6
8 10 2
5 7 11
13 15 11
0 1 3
15 16 5
4 5 5
3 3 9
5 6 7
8 9 5
9 13 20
9 11 8
23 23 10
15 18 19
23 1 15
2 6 10
8 9 16
15 17 16
10 12 6
19 21 18
9 12 3
18 21 9
21 22 16
12 14 1
23 1 10
3 5 1
4 5 16
4 8 6
18 20 7
21 0 4
18 19 8
18 20 8
9 11 9
9 12 5
4 8 8
8 9 5
10 13 8
8 9 10
12 13 13
14 15 19
22 23 11
12 13 15
8 9 10
11 13 18
20 22 18
3 5 10
1 4 10
16 18 5
16 19 1
22 23 10
5 7 16
20 23 5
12 12 19
14 16 4
23 2 19
9 12 20
16 17 7
17 19 16
16 18 5
18 23 10
19 21 18
20 22 19
22 23 14
14 15 8
8 10 13
5 6 11
6 7 7
17 20 5
1 3 19
6 8 17
3 6 7
16 17 17
6 8 18
20 21 11
5 7 17
3 4 6
1 4 7
5 6 9
1 2 2
2 4 2
17 19 15
2 2 19
16 18 3
17 20 10
6 9 19
22 0 20
23 1 6
1 3 4
18 20 17
12 12 1
9 11 17
5 8 3
8 11 1
20 22 18
7 8 4
8 10 4
21 23 10
3 5 20
12 15 1
20 23 5
8 9 4
14 17 16
4 6 9
18 19 13
13 15 2
5 7 4
15 16 20
7 11 1
23 1 20
10 13 14
2 5 8
6 7 4
18 21 5
18 20 20
7 8 17
10 13 6
7 9 9
15 18 4
18 20 13
23 3 20
3 7 4
5 6 10
8 10 18
17 19 14
18 19 15
21 1 3
14 15 11
17 19 11
0 2 6
12 16 17
9 10 13
0 0 20
10 12 18
1 4 19
5 8 2
6 6 14
20 23 9
7 9 10
9 12 10
15 16 6
19 21 7
1 3 15
20 21 19
6 8 5
14 17 7
22 21 12
15 17 12
20 21 12
20 21 4
0 2 20
17 20 9
4 6 16
1 2 13
15 17 11
13 15 9
6 7 3
3 4 3
2 3 19
0 1 4
3 7 10
23 1 19
21 22 5
0 3 17
22 0 7
2 5 8
14 16 4
21 22 7
4 6 19
9 10 8
21 22 9
1 1 3
11 15 11
20 21 17
1 4 20
19 20 11
15 18 4
6 7 18
0 2 5
1 3 13
15 18 6
12 14 15
23 1 18
10 12 19
11 14 18
9 11 15
17 20 6
5 7 11
5 5 9
12 14 1
22 1 2
12 16 2
10 12 6
8 11 8
17 19 15
11 13 8
3 6 14
16 19 17
8 11 7
11 13 11
17 18 13
22 0 6
1 4 6
19 20 8
14 17 20
13 16 1
19 22 17
5 7 15
10 12 15
17 20 6
11 14 3
23 0 11
9 12 12
0 3 11
5 7 7
12 14 1
18 18 12
18 20 17
5 7 9
6 8 10
11 15 5
22 1 17
17 19 17
17 18 20
1 4 4
0 1 8
18 20 15
11 14 14
1 2 13
3 4 20
2 3 10
6 7 5
21 21 1
3 3 11
12 15 1
18 21 8
9 11 16
11 13 13
14 15 7
7 7 3
3 6 5
17 18 20
7 10 6
7 9 16
9 12 9
23 1 4
4 5 14
16 18 9
12 13 18
4 6 20
18 19 2
18 20 18
23 2 15
15 18 5
16 18 2
17 20 3
20 23 12
1 2 1
21 21 2
20 20 8
13 15 10
3 3 6
8 10 11
6 8 14
13 16 20
23 2 14
6 9 5
9 11 8
5 7 7
16 19 6
21 0 8
4 5 14
13 16 4
10 12 12
11 13 7
12 13 20
4 8 6
6 7 15
19 20 9
18 20 6
20 21 2
2 6 10
3 5 15
16 18 12
21 0 17
1 4 17
15 17 2
15 17 6
8 11 12
21 23 1
13 16 5
22 1 2
2 3 7
19 21 4
4 6 20
11 13 17
2 4 5
21 21 12
2 3 10
8 11 6
9 11 6
7 10 20
4 7 15
14 16 7
5 8 20
0 3 8
4 6 11
19 23 10
6 8 1
7 7 11
20 21 12
8 8 3
21 1 1
5 7 12
21 21 14
13 15 17
16 19 11
8 10 20
15 18 1
21 23 14
6 8 9
1 3 4
18 20 14
1 3 3
19 22 18
12 13 15
15 18 1
5 7 2
4 5 14
9 12 4
12 13 1
23 1 3
0 3 3
19 20 13
8 10 10
17 20 9
19 20 19
0 1 12
7 10 1
12 13 2
7 8 13
1 2 11
20 21 2
9 11 20
20 22 2
5 6 6
17 18 15
20 21 17
11 13 9
7 8 6
3 6 19
13 15 1
7 9 15
12 13 4
17 15 14
12 14 17
21 1 14
14 17 12
5 9 16
17 19 5
21 23 19
21 23 5
14 16 3
3 7 4
9 10 9
7 9 11
13 15 14
11 12 20
10 12 1
0 0 11
19 22 14
18 21 10
5 7 14
14 14 18
8 9 4
20 21 4
5 6 9
1 4 3
18 22 18
1 3 15
22 23 12
8 11 16
23 1 19
20 21 9
17 18 16
3 5 14
22 0 13
20 22 16
17 19 11
18 19 6
4 6 7
11 13 20
15 18 12
18 20 10
5 8 16
8 9 6
7 8 3
0 3 13
21 23 7
13 16 14
3 5 13
2 4 7
13 14 20
23 1 2
12 15 9
5 6 18
0 2 10
0 2 14
9 12 20
6 9 15
8 9 20
11 13 12
16 19 16
7 9 6
16 16 3
2 2 4
8 10 20
2 3 9
2 6 13
12 15 5
0 3 18
5 8 13
9 12 1
21 1 18
2 2 14
17 22 11
12 14 20
23 3 18
14 15 20
4 8 5
12 14 15
14 16 16
20 21 13
8 9 4
13 16 16
14 15 9
8 9 19
18 20 16
12 13 20
16 17 1
23 1 20
2 4 4
20 22 5
19 20 2
13 16 10
5 7 20
9 12 2
7 9 16
1 4 9
22 23 16
21 22 20
10 14 7
13 15 15
20 23 8
22 23 14
16 18 14
6 8 14
7 10 12
19 21 19
6 8 12
3 5 6
14 17 1
21 0 17
19 20 18
3 6 12
10 12 3
22 0 14
7 9 16
4 6 18
3 4 4
0 3 4
2 3 8
14 17 16
14 16 4
23 0 16
7 11 2
4 4 1
23 0 11
18 21 1
17 20 16
3 6 18
8 10 2
14 16 17
20 23 3
12 15 4
6 8 4
21 22 17
11 12 10
10 13 5
10 11 15
15 17 6
21 0 12
13 15 18
15 15 5
3 5 14
13 13 15
1 4 13
6 8 1
18 21 9
10 12 19
18 21 12
5 7 12
5 7 7
8 11 10
16 18 4
8 10 9
12 14 14
23 2 12
4 6 2
19 22 12
20 21 7
0 4 7
3 5 8
7 9 5
10 12 10
23 1 5
17 18 15
12 14 8
19 22 15
22 23 16
20 21 14
11 14 4
3 5 6
11 12 17
15 17 16
6 8 13
20 21 16
17 19 3
0 1 7
15 16 18
8 9 7
17 19 20
13 17 3
2 3 6
23 0 4
12 15 4
11 12 20
23 2 16
15 16 14
14 16 18
16 16 20
9 13 16
14 17 19
14 16 11
11 12 13
10 12 18
11 14 11
0 2 5
12 12 15
13 15 20
6 8 20
16 16 1
18 20 15
15 17 18
15 18 16
0 2 7
12 14 6
5 8 19
2 2 10
20 22 18
21 23 3
5 9 20
8 12 9
2 3 5
23 1 7
14 16 6
12 15 4
18 21 8
4 6 12
9 10 10
12 13 19
0 2 19
1 0 16
5 7 14
3 6 20
21 23 7
1 3 20
18 19 16
18 20 3
11 14 14
18 20 11
3 5 2
11 13 13
1 2 17
5 7 20
15 18 12
19 22 17
13 15 19
16 18 5
3 6 2
0 3 15
22 23 20
23 0 11
3 6 17
11 13 11
20 22 1
1 1 19
22 1 3
5 8 16
13 14 16
15 18 2
21 22 13
16 18 18
17 19 16
20 21 18
7 7 11
20 20 14
22 1 9
2 3 14
13 14 9
1 3 15
13 17 7
23 2 5
17 18 10
5 6 16
5 7 1
4 6 1
13 15 5
15 18 14
5 7 3
0 1 2
11 13 3
20 22 1
11 12 8
22 23 8
1 3 18
0 1 14
6 7 11
9 11 20
2 4 17
3 6 13
4 5 13
18 22 3
13 15 8
12 14 16
1 3 6
15 17 12
0 0 4
12 14 4
18 19 16
15 15 19
0 0 13
3 5 18
4 5 4
2 3 8
9 12 15
23 0 20
21 2 12
12 13 7
16 16 17
3 6 18
14 16 19
7 7 17
11 13 11
20 21 4
16 18 18
15 17 1
15 17 15
7 10 16
13 17 2
6 8 19
1 3 9
13 16 18
15 18 4
20 20 4
18 20 6
9 12 6
21 22 14
8 10 2
17 18 9
10 12 9
3 6 4
22 0 2
2 5 20
20 23 7
2 2 14
8 11 3
3 7 13
1 3 1
16 18 13
13 15 2
2 6 4
13 15 13
20 20 14
6 7 18
3 4 9
1 2 19
9 12 13
13 16 20
8 11 12
14 16 5
6 8 8
9 11 19
21 0 12
6 7 19
7 8 3
7 11 18
5 8 14
20 22 12
0 2 2
21 22 15
5 6 10
3 5 13
5 6 3
19 21 16
18 22 5
15 16 18
9 10 18
16 20 6
8 8 1
19 21 18
8 11 5
10 11 9
8 9 17
21 0 13
2 3 6
8 9 4
19 21 12
16 20 1
18 21 19
12 16 8
17 18 19
17 19 16
10 11 1
8 11 13
11 12 18
6 9 8
6 8 8
19 23 17
12 14 16
19 22 7
8 9 7
12 13 12
21 23 13
3 4 15
23 23 2
22 0 6
19 21 18
9 10 15
8 11 10
12 13 7
11 14 6
23 1 7
18 21 1
2 4 1
6 8 9
7 9 4
4 6 8
11 14 19
6 8 5
5 8 1
20 23 6
10 12 20
13 13 16
14 16 11
1 5 18
15 17 10
2 5 10
22 0 7
15 17 5
15 16 4
12 14 12
19 22 14
21 23 16
22 1 20
16 19 13
19 20 4
8 11 12
16 18 10
20 22 1
17 20 5
22 0 12
15 17 2
14 15 1
17 18 8
4 6 15
23 4 5
17 18 19
23 0 11
18 20 5
4 5 5
14 15 20
20 22 4
13 14 7
15 16 4
16 18 8
19 20 6
10 12 19
17 19 12
2 3 15
8 10 2
16 17 4
16 19 5
16 17 8
4 7 17
5 6 16
7 7 18
21 2 18
16 17 6
22 1 19
9 12 12
14 15 19
15 18 13
4 5 13
21 23 11
4 7 2
18 18 7
4 5 17
14 14 15
23 1 4
12 14 15
3 5 4
18 19 5
0 2 12
22 23 10
3 5 10
15 16 5
4 5 14
23 23 11
6 8 13
11 13 7
19 23 10
1 1 4
8 10 3
14 14 20
20 21 10
13 15 5
19 22 6
1 3 14
15 17 15
10 13 12
5 7 17
11 15 4
4 6 6
9 10 3
18 18 1
18 21 8
11 11 19
0 2 20
15 17 6
1 3 4
2 3 17
16 19 3
14 16 2
3 6 11
19 22 14
9 10 2
13 14 5
7 8 20
0 2 9
10 13 9
7 10 4
1 5 16
20 22 9
7 7 8
1 2 15
4 7 1
12 15 19
3 7 16
20 21 15
3 4 2
6 7 4
22 1 5
6 9 6
21 22 11
3 4 20
13 13 16
14 18 12
9 11 12
7 9 18
11 11 12
1 5 1
14 17 13
15 18 18
7 9 9
18 19 8
7 8 6
5 8 19
4 6 17
3 6 17
8 10 10
12 14 11
11 12 15
18 20 8
14 16 14
2 5 11
17 18 15
0 3 8
11 12 18
23 2 8
15 17 17
6 7 1
6 7 9
1 3 20
3 3 20
6 10 3
20 1 13
1 3 7
13 16 8
0 2 11
1 4 18
13 13 2
1 4 2
13 16 3
19 23 19
3 4 18
8 9 20
16 17 7
23 2 18
16 17 12
1 2 19
13 16 19
6 7 18
19 22 3
6 8 2
16 18 8
1 4 11
11 13 10
4 5 1
17 20 1
9 9 15
8 11 12
21 23 6
10 11 11
2 5 12
17 21 6
10 13 4
9 11 3
3 5 2
11 14 10
3 6 11
6 9 17
12 12 19
7 7 12
2 5 17
0 2 6
0 2 16
12 15 5
18 17 2
18 20 7
17 18 8
9 10 20
1 2 11
7 8 2
19 22 13
19 20 9
10 11 5
4 6 15
19 21 14
20 22 2
20 20 16
17 19 19
16 20 3
4 7 6
6 8 17
2 5 17
15 18 16
1 4 17
19 21 14
19 23 13
13 17 16
13 13 11
5 7 6
19 20 9
3 7 17
18 19 16
3 5 5
13 16 17
9 10 5
22 1 9
4 5 17
1 1 13
15 17 17
16 19 19
2 4 17
13 17 13
14 17 9
13 16 16
15 18 2
1 2 19
8 11 18
4 6 16
12 13 2
17 20 1
21 23 20
5 9 19
2 5 6
11 11 12
3 6 11
17 20 20
18 18 3
19 19 7
9 10 17
5 7 5
6 7 19
20 22 8
12 14 15
6 7 1
8 9 11
15 18 20
21 23 15
8 9 11
4 8 13
3 6 16
8 10 4
3 5 1
6 8 10
23 1 12
15 16 13
23 1 1
9 10 12
19 21 12
22 2 7
7 10 16
17 21 2
15 15 10
6 8 2
22 2 3
1 3 14
17 18 13
18 19 2
17 18 14
16 19 8
8 11 3
18 22 5
16 19 19
17 19 10
23 2 1
23 23 18
2 3 19
12 14 16
19 23 19
14 16 3
11 13 16
11 10 10
3 5 16
4 7 3
5 7 5
19 22 3
9 11 3
11 13 19
1 5 2
2 3 14
15 18 8
8 10 3
22 23 17
10 12 1
13 15 10
16 18 12
14 15 18
4 5 20
3 4 2
13 16 3
8 10 7
20 21 6
5 7 19
10 13 9
8 10 13
19 23 4
15 19 1
6 8 4
9 10 5
1 4 9
19 20 7
9 10 8
13 15 1
16 20 1
20 0 4
1 4 18
