220 20
15 1 3 7 3 6 9 10 8 9 7 12 8 14 5 6 7 6 12 11 
1 1 6
18 19 5
0 3 8
12 15 6
23 0 3
18 20 19
9 11 6
6 8 4
17 18 8
6 6 1
17 18 11
4 6 17
21 1 19
8 10 13
9 11 3
7 9 9
3 5 2
19 21 10
9 10 5
21 23 11
11 13 9
2 3 7
19 21 7
18 20 5
2 3 5
0 2 12
17 17 18
19 22 2
1 3 7
0 1 15
20 23 17
11 16 12
23 0 5
7 9 3
9 11 18
14 15 17
23 1 19
9 11 13
8 8 18
5 9 2
6 8 18
15 17 13
18 20 16
2 4 6
12 15 12
16 18 10
1 2 1
18 20 3
20 23 1
14 17 2
15 19 19
3 6 19
18 21 16
19 20 19
3 4 20
12 13 3
12 13 20
19 20 11
11 13 2
7 8 18
15 17 10
14 18 18
3 3 17
7 7 4
20 22 9
16 17 1
0 1 5
21 23 4
15 16 15
23 2 2
15 17 15
3 6 17
15 18 19
9 11 10
11 13 15
9 11 18
18 20 4
21 2 10
20 22 4
16 18 20
21 22 5
17 20 9
2 6 12
1 3 5
11 13 20
8 8 8
15 17 16
9 11 13
2 4 8
15 17 1
23 2 4
22 0 5
2 4 14
22 23 19
1 1 8
23 3 4
18 20 2
15 17 6
3 5 8
19 0 20
1 4 15
5 9 5
16 18 15
6 8 12
14 14 12
13 16 18
19 20 17
14 15 7
11 14 5
20 0 19
9 11 5
15 16 4
23 1 17
7 7 5
8 12 10
2 5 17
2 4 1
22 2 12
23 23 2
12 15 19
10 11 12
17 19 19
2 2 3
13 15 3
9 9 10
8 11 9
18 19 16
20 23 6
11 12 12
3 4 2
8 10 4
8 9 5
6 7 15
12 15 19
20 22 4
2 4 2
18 19 14
23 1 5
2 5 2
5 5 11
12 14 8
4 5 10
16 18 5
9 11 16
18 19 6
22 1 12
18 20 7
6 7 2
6 8 10
16 18 3
15 19 18
11 13 6
21 23 14
22 0 7
8 11 1
11 16 20
23 2 19
14 16 6
3 4 2
0 4 2
4 5 17
1 2 19
1 4 12
6 9 7
18 20 14
11 14 10
10 11 19
18 20 4
17 18 15
16 19 11
22 0 20
23 1 4
18 20 15
17 18 10
6 9 19
14 15 8
12 15 8
9 12 17
9 12 14
4 5 18
22 0 6
17 19 1
12 14 14
14 17 20
22 0 20
13 17 10
7 10 13
15 18 4
22 1 7
4 5 5
20 22 2
1 4 17
12 15 5
14 16 16
22 23 13
23 0 16
8 10 2
3 4 8
7 8 13
18 21 19
9 10 6
17 20 10
23 0 5
12 13 1
2 4 4
22 1 20
18 21 7
7 9 18
1 5 19
0 1 17
0 1 10
18 20 10
14 18 8
23 1 6
6 7 5
0 2 19
4 5 10
4 6 12
9 11 11
3 6 13
