2230 20
5 2 2 13 17 5 12 6 2 1 11 13 9 20 3 13 19 2 18 4 
2 4 9
4 7 14
22 1 11
16 17 15
10 12 5
16 18 14
1 1 19
11 12 19
9 11 14
3 4 20
11 14 5
7 10 11
18 21 7
21 22 18
14 17 7
19 22 14
11 12 11
8 10 1
19 20 5
16 17 12
6 9 18
8 12 6
8 10 18
5 7 14
16 16 3
15 17 14
23 2 16
19 21 15
10 12 8
7 9 9
15 17 16
23 0 15
0 1 7
13 14 11
21 22 10
4 6 1
11 15 14
17 20 19
2 5 2
3 5 19
12 13 15
22 0 2
11 11 9
7 9 7
19 22 1
9 11 4
4 5 10
21 22 15
15 17 9
23 1 1
22 1 9
0 2 17
7 8 11
18 20 12
1 3 10
4 6 7
6 8 1
8 10 12
18 19 5
13 15 17
3 4 10
23 0 13
0 2 13
15 17 15
13 15 10
23 2 20
2 3 14
10 14 19
9 11 6
22 2 1
18 21 15
17 21 20
17 20 16
9 11 7
17 20 11
11 13 19
3 6 19
15 18 5
3 3 19
11 16 15
10 11 12
4 4 10
4 6 10
12 15 5
9 11 3
22 0 17
3 4 11
8 12 15
20 23 5
6 7 7
18 21 13
22 1 7
3 4 16
23 1 8
5 7 16
5 6 19
6 7 16
10 11 19
18 20 10
10 13 18
3 4 14
12 15 15
0 2 11
20 23 20
11 12 5
21 0 4
1 2 19
2 3 6
2 6 20
5 7 2
8 9 7
8 9 14
9 10 11
19 20 9
19 21 6
4 6 6
11 15 19
1 4 19
23 1 6
3 3 6
21 1 1
21 23 18
5 7 3
1 4 16
17 20 9
23 0 15
19 20 13
15 18 15
9 11 15
2 4 4
14 15 15
18 21 8
12 14 20
1 3 16
3 7 19
8 9 5
13 14 20
16 19 3
21 0 5
14 16 7
9 11 13
17 18 18
17 18 4
8 9 18
15 16 8
2 4 16
8 11 17
4 7 16
11 12 8
10 13 18
16 18 11
20 22 9
21 0 16
16 19 12
5 8 6
18 21 16
6 8 6
0 0 13
5 8 13
13 14 11
1 1 6
12 14 20
20 23 18
9 11 11
19 20 18
16 19 5
19 23 13
19 21 13
7 10 14
13 14 14
0 3 15
11 12 19
6 6 9
20 23 8
9 11 7
13 16 15
15 18 4
0 3 2
19 20 3
22 0 4
6 9 16
10 13 4
18 21 15
21 23 9
22 1 8
6 9 14
2 3 1
16 17 13
17 18 12
3 8 15
8 8 12
7 9 2
1 4 7
8 10 16
13 14 1
4 7 3
7 10 3
7 10 19
9 10 17
3 6 4
6 8 19
13 15 9
8 10 11
23 2 14
0 2 7
17 18 20
21 0 5
12 15 18
2 5 17
13 15 1
2 5 6
13 16 20
11 13 15
23 1 11
13 15 11
17 19 13
16 18 6
2 4 19
5 7 4
18 18 2
15 18 18
1 4 16
17 18 16
4 6 12
1 4 20
20 21 3
15 18 1
19 21 6
6 9 18
2 4 1
0 3 9
15 17 6
6 7 3
20 22 1
20 22 16
12 15 15
8 9 12
2 5 1
10 13 14
14 15 3
5 7 10
16 17 10
0 1 2
3 5 12
13 14 2
23 2 9
14 15 10
22 23 10
7 8 12
20 23 17
9 11 9
19 21 13
6 9 19
17 18 11
12 14 19
10 10 8
11 13 20
22 2 3
4 5 8
4 6 12
16 19 11
1 2 9
1 3 14
23 3 13
3 7 2
7 9 15
5 6 20
15 17 2
6 8 7
16 17 20
4 6 2
7 9 17
7 9 5
7 10 13
23 1 3
0 3 2
1 3 20
1 4 11
20 22 8
23 2 7
22 0 10
0 1 3
6 7 4
13 14 16
22 1 19
13 15 10
4 7 12
13 14 4
13 14 16
1 3 13
23 0 5
23 1 19
10 13 11
19 21 6
23 2 16
4 5 17
4 8 7
22 23 12
3 5 4
23 1 14
7 10 12
10 10 8
1 3 16
8 9 4
23 1 9
8 10 3
14 16 7
6 8 11
6 7 1
8 9 15
0 -1 19
10 12 19
5 8 18
20 23 16
20 22 4
10 13 18
8 11 8
1 4 14
7 10 9
2 4 3
10 12 18
3 6 1
6 7 9
0 1 18
15 17 8
2 3 2
3 5 8
21 23 14
1 3 19
15 18 15
5 8 9
10 12 18
16 19 19
14 16 12
23 1 18
21 23 18
20 22 4
16 18 14
4 7 2
6 7 5
16 17 4
2 4 11
21 21 17
22 1 4
1 3 15
14 17 8
15 16 10
18 21 4
22 1 5
18 20 2
14 17 9
19 21 19
7 9 13
22 23 2
18 20 15
15 18 12
18 21 17
23 1 11
6 7 8
8 11 4
0 3 17
5 6 12
6 7 4
0 1 17
2 6 13
11 14 4
12 15 16
16 17 4
5 8 11
6 9 2
6 7 14
14 17 1
16 18 19
23 3 2
16 17 16
3 7 16
4 8 2
19 22 2
18 20 8
7 10 10
11 13 16
0 3 7
8 9 20
4 7 19
19 23 3
12 14 4
13 14 3
13 17 8
4 6 2
6 8 20
0 3 20
19 21 11
20 22 20
13 15 3
2 4 11
3 5 2
12 14 20
9 11 9
15 18 20
4 4 12
4 6 11
1 2 19
23 0 2
21 21 16
6 9 5
17 19 5
14 16 8
23 0 5
2 3 20
9 11 17
7 11 15
14 16 2
18 19 2
12 13 8
11 13 5
9 11 11
7 10 17
10 13 12
8 9 6
2 5 7
22 1 7
14 14 4
14 17 3
7 10 13
7 11 1
4 5 16
13 14 1
21 22 20
16 21 13
7 9 9
0 2 19
11 14 5
21 22 7
19 22 5
6 9 8
16 16 16
9 11 11
21 0 12
11 12 12
9 10 11
22 0 16
12 14 15
11 13 9
15 17 4
7 9 20
1 4 5
18 21 13
15 18 14
7 10 20
18 21 12
16 19 8
7 9 15
18 19 16
22 23 5
4 6 10
23 0 17
19 21 1
13 16 2
14 16 18
2 6 8
9 10 4
0 2 15
10 13 20
4 6 14
16 20 18
20 22 15
11 13 19
6 7 8
2 5 10
19 21 6
15 17 3
15 17 17
0 3 2
14 15 11
6 9 20
21 0 8
15 17 10
13 14 6
2 4 20
19 22 7
12 14 10
10 12 11
21 22 11
0 2 1
6 7 13
10 12 12
6 6 16
13 15 13
23 1 20
1 4 18
18 20 9
2 4 16
9 10 13
14 15 8
17 20 14
13 15 5
7 8 9
14 16 20
10 13 14
11 13 5
22 1 3
21 23 14
0 2 15
6 8 7
1 2 7
11 13 9
23 0 2
8 9 14
9 11 13
0 2 14
4 6 8
9 11 18
3 5 15
19 21 12
8 10 13
21 23 14
23 2 18
1 4 1
9 11 6
7 8 11
13 15 10
20 23 9
14 16 3
17 20 9
20 22 15
23 1 10
18 21 13
13 14 8
21 1 12
1 3 5
13 16 13
17 21 1
14 15 12
11 13 12
0 2 19
23 2 6
3 5 16
16 18 19
9 10 17
17 20 16
21 0 6
10 13 2
4 7 14
16 16 15
9 12 7
21 23 13
1 3 20
0 2 8
19 22 3
16 18 12
2 4 7
23 1 18
8 11 3
9 11 15
4 5 4
0 1 17
21 23 3
19 21 11
23 23 15
16 19 14
22 22 6
8 12 4
16 19 4
19 19 2
17 18 9
15 18 12
3 4 16
18 21 8
10 11 15
22 23 16
14 16 6
10 11 5
21 0 9
9 11 18
10 12 5
23 2 9
7 8 16
0 3 4
16 17 17
4 7 15
4 6 19
17 20 14
8 11 3
0 3 4
10 12 16
0 2 8
15 18 7
22 1 16
5 7 12
0 5 4
22 1 16
20 22 14
22 0 10
23 2 11
11 12 11
1 3 2
7 8 12
11 13 8
7 8 12
6 9 18
14 16 8
16 17 5
18 20 18
11 14 19
4 4 8
21 23 11
18 19 18
19 22 2
1 3 16
2 2 4
5 7 10
15 18 17
20 21 1
17 20 5
4 6 2
21 23 13
13 15 3
15 16 14
3 5 15
6 6 17
9 11 2
10 13 13
11 11 5
7 7 17
5 7 19
23 0 19
5 6 12
18 20 16
12 15 17
15 17 3
17 19 10
9 10 10
5 7 13
22 0 17
4 7 15
6 9 10
14 18 8
14 16 15
22 22 12
16 17 11
16 19 6
0 2 10
0 2 20
11 12 1
14 17 14
7 8 5
17 19 7
16 20 11
5 7 17
17 18 1
8 10 15
15 17 13
7 10 7
23 0 16
12 15 14
22 0 11
8 10 16
18 20 20
12 15 14
19 22 8
6 7 2
0 3 1
5 8 9
5 7 6
3 5 18
2 4 15
21 22 17
11 13 15
20 21 17
22 0 6
8 11 19
3 4 17
18 21 8
21 22 6
7 9 20
4 7 19
6 8 7
0 2 6
13 15 14
8 11 12
0 1 19
5 5 20
2 4 2
20 21 19
13 15 3
21 0 4
0 2 2
3 6 9
10 11 8
11 13 7
9 12 13
9 11 6
6 9 18
1 4 15
14 16 10
18 20 16
4 7 17
2 3 12
17 18 7
7 9 3
11 15 18
4 7 12
22 23 1
5 7 19
14 16 12
20 21 7
13 17 8
23 1 4
17 18 16
0 3 11
12 15 16
14 16 7
4 6 4
4 6 16
22 0 11
2 5 10
19 21 3
10 11 20
8 8 7
0 1 20
6 7 18
0 3 13
8 10 3
2 4 13
10 12 20
5 6 3
11 12 10
11 12 6
18 20 1
15 17 7
18 21 18
11 14 14
23 2 8
3 4 13
1 2 12
1 3 9
6 7 3
15 16 18
12 15 16
10 11 19
15 17 3
5 9 14
20 22 16
20 23 17
0 3 10
1 2 15
3 5 12
4 6 12
20 21 3
14 16 9
21 23 1
15 15 17
15 16 15
14 18 14
18 20 19
20 23 1
13 16 20
4 6 3
20 22 1
5 6 8
13 15 8
2 5 18
23 4 2
3 5 11
8 9 16
18 22 1
14 16 6
20 22 10
9 13 2
18 20 11
17 17 15
1 4 17
1 4 9
7 11 6
13 16 10
11 14 20
21 0 16
6 8 19
22 22 6
11 11 7
18 21 9
23 1 9
5 8 1
17 19 20
6 6 5
0 2 18
12 14 5
10 12 9
1 3 11
22 0 2
17 21 18
10 13 11
10 12 7
1 3 10
1 4 5
14 16 12
2 5 2
10 12 14
20 22 9
21 23 1
0 1 1
10 12 16
11 12 11
1 1 8
3 5 20
12 13 8
3 5 20
18 21 7
17 19 17
15 16 15
15 17 19
13 15 20
23 2 16
5 7 20
12 12 5
13 17 12
0 1 8
9 12 1
10 13 1
10 12 15
19 22 1
8 9 11
5 8 9
2 4 6
17 20 16
10 11 10
14 15 14
21 21 9
6 9 7
14 17 2
8 9 1
12 14 18
10 12 14
18 21 10
10 12 13
20 22 18
13 16 11
8 12 11
18 19 18
3 6 4
7 9 9
20 23 12
12 13 14
3 6 18
22 0 6
1 2 11
19 21 5
22 0 8
1 3 10
22 0 7
23 3 6
19 23 6
11 13 19
17 18 4
2 4 18
21 23 15
5 7 11
10 12 17
23 2 10
5 8 15
21 22 11
3 6 7
23 2 12
3 4 17
4 5 15
20 21 8
18 21 3
8 9 6
7 8 12
20 23 11
0 1 14
20 0 18
9 11 20
8 9 11
10 12 20
11 14 3
12 13 8
9 12 5
17 20 10
4 8 15
12 16 13
20 21 6
3 3 2
14 16 9
22 2 3
16 18 13
1 4 17
10 11 5
0 1 17
11 14 13
15 17 4
7 9 4
8 9 15
12 16 2
23 23 9
15 16 6
1 4 5
6 7 9
6 7 7
12 14 19
1 2 10
20 21 8
12 14 13
15 17 8
1 5 6
11 12 9
7 9 1
10 12 17
9 11 15
8 12 1
8 10 11
19 20 1
9 12 17
12 15 16
2 3 8
4 6 13
1 3 9
13 15 11
7 9 17
4 7 5
19 22 18
20 21 10
22 23 4
0 3 2
7 11 7
1 3 6
2 4 12
5 6 7
20 0 20
18 20 16
11 14 11
3 5 14
16 18 6
2 5 18
23 2 6
2 2 10
17 20 13
19 21 10
23 0 7
20 21 8
1 3 6
13 16 1
16 17 19
6 8 8
12 14 15
7 9 3
20 23 5
6 9 15
1 3 2
13 13 11
16 19 10
2 6 9
22 2 3
3 5 1
14 17 12
16 19 8
0 2 8
0 3 18
19 20 14
4 6 8
17 17 4
14 15 9
2 2 18
5 7 7
19 22 11
19 22 6
3 3 2
7 9 15
3 5 10
20 22 19
22 2 12
12 16 7
12 13 8
10 11 19
17 19 9
21 20 9
8 9 9
5 7 10
15 19 14
8 10 5
13 14 12
7 11 20
18 19 4
22 23 7
9 12 17
5 7 20
8 9 6
3 6 9
0 3 12
2 3 7
18 21 10
18 19 4
2 5 20
13 17 13
14 15 2
7 7 2
8 9 16
14 15 6
19 21 17
21 2 16
18 20 15
3 3 12
5 6 1
14 15 6
2 4 13
8 10 7
2 4 1
19 19 8
21 22 14
15 17 5
16 18 11
0 3 7
15 16 4
17 18 15
3 4 13
7 10 13
4 6 1
6 8 10
21 23 15
11 13 9
3 4 19
13 14 7
22 0 9
16 17 20
3 5 7
7 8 16
11 12 12
4 7 10
17 18 9
10 13 11
7 8 7
19 20 10
14 17 1
23 1 16
14 17 12
6 9 1
16 17 14
6 7 20
18 20 3
8 10 7
0 3 12
14 16 13
6 8 10
4 4 5
11 9 4
11 12 3
22 1 19
17 19 11
8 8 3
10 13 17
21 1 7
11 14 6
4 7 1
3 4 12
9 11 16
19 23 12
4 6 15
16 18 3
9 10 20
1 3 17
9 12 15
22 0 10
10 13 10
16 18 13
17 19 17
5 8 3
11 13 9
16 18 7
12 13 17
2 4 20
20 22 18
5 6 9
19 21 2
22 0 5
17 18 12
16 19 13
13 16 16
15 18 16
7 6 20
5 8 19
12 13 12
16 19 6
12 15 3
20 22 2
12 13 12
0 3 16
20 21 8
11 14 16
7 8 12
20 22 13
4 8 20
7 10 16
23 23 10
1 4 1
11 13 17
21 23 1
8 10 16
4 6 15
3 6 15
4 6 8
21 0 17
13 15 7
16 17 7
21 0 20
9 13 20
8 11 11
12 13 17
14 17 15
15 15 3
23 2 12
1 2 19
0 3 7
18 21 5
21 22 4
0 2 2
10 13 5
16 21 12
5 7 16
3 6 12
15 17 10
22 1 2
2 4 20
0 1 7
20 22 10
10 10 15
18 21 11
6 7 15
5 7 4
20 23 13
22 23 15
1 2 2
15 17 9
4 6 9
10 12 14
17 18 11
22 21 3
21 23 5
22 0 2
11 13 17
11 12 15
20 21 2
9 12 5
3 4 2
7 8 10
7 9 6
15 17 18
0 1 3
19 22 20
19 20 3
11 12 13
15 18 6
4 6 19
21 23 2
7 9 3
14 16 1
3 5 7
19 22 20
1 3 9
21 0 18
8 8 11
19 21 18
6 6 19
19 21 12
8 10 4
4 7 6
1 2 14
13 15 1
11 13 9
19 22 7
17 18 8
23 0 9
22 0 17
9 10 6
5 8 10
12 13 3
23 2 18
23 23 5
1 4 8
18 20 11
21 23 16
19 22 18
5 8 7
1 3 14
1 3 16
16 17 16
2 5 6
9 11 2
10 13 6
0 1 5
17 19 18
22 1 4
5 7 5
2 2 5
16 17 1
16 19 20
1 2 18
10 12 16
5 5 5
16 18 16
15 18 2
5 8 2
18 19 20
21 0 2
21 0 20
10 11 7
1 3 11
12 14 17
7 11 19
3 4 20
14 16 18
19 21 15
5 8 2
5 6 12
0 3 5
14 17 4
1 3 18
0 3 17
22 0 13
9 10 19
10 11 17
14 15 11
4 5 11
11 14 17
7 10 7
1 3 10
12 13 7
7 10 12
2 4 10
5 7 4
22 23 15
16 18 9
5 7 18
20 20 4
20 22 20
16 18 20
0 2 2
17 20 9
1 4 10
22 0 2
2 4 1
18 19 20
2 5 19
2 3 7
14 15 10
2 4 12
16 18 17
7 9 4
17 20 15
15 17 18
22 1 6
12 14 8
9 10 19
20 22 1
15 17 12
8 9 12
3 6 18
4 5 6
9 13 6
10 11 5
7 8 10
16 18 9
15 17 17
22 0 2
23 2 13
9 11 15
16 19 7
16 18 2
12 15 9
21 23 6
0 1 11
8 10 6
9 10 14
13 14 5
6 9 10
21 21 12
2 3 4
19 21 19
14 17 15
12 16 5
15 17 3
5 8 6
9 12 20
15 18 19
13 15 3
10 12 8
18 19 16
21 23 2
6 7 2
1 3 14
17 18 5
21 23 11
4 7 19
11 15 6
17 20 20
13 15 3
14 15 1
14 16 8
7 10 10
18 19 6
11 11 7
13 16 7
5 7 13
2 5 14
1 3 7
18 19 15
9 12 3
1 2 5
7 10 10
10 13 18
18 20 20
16 17 8
23 2 16
8 10 3
19 21 11
11 14 9
14 16 12
7 8 10
4 6 4
13 15 1
1 4 19
7 10 20
11 13 16
20 20 18
13 14 5
16 17 19
1 2 16
4 6 9
20 23 15
19 22 4
7 9 16
20 21 2
5 7 20
6 11 6
22 0 12
10 13 20
18 19 10
13 15 4
12 15 5
8 11 6
7 8 4
18 21 15
4 6 7
0 1 8
17 17 16
10 13 3
19 20 18
16 18 18
17 17 11
11 12 3
17 19 16
1 4 5
21 23 17
21 23 11
5 6 11
11 15 20
17 21 20
13 15 16
12 13 14
11 13 5
23 1 18
22 22 18
2 5 6
10 13 2
10 11 10
21 22 12
22 0 15
11 12 3
10 13 4
12 14 14
6 6 14
21 22 2
3 4 15
19 21 11
21 0 3
16 18 13
13 15 14
15 18 4
20 22 18
7 8 6
22 23 17
8 8 10
17 19 16
20 20 12
10 11 18
4 7 9
12 14 5
5 8 14
23 2 9
18 21 3
13 17 3
9 13 17
17 19 6
23 1 2
23 1 17
17 20 6
13 15 5
14 15 2
18 18 8
11 13 3
3 4 10
14 17 19
16 17 6
8 10 9
12 13 19
17 19 19
17 16 17
22 0 20
16 19 3
21 23 10
11 13 20
8 9 17
1 3 19
12 14 19
1 4 12
16 17 20
23 2 10
8 12 10
10 13 8
4 6 16
18 19 18
19 20 10
0 2 17
7 9 2
13 14 18
12 15 5
7 10 4
22 1 15
15 16 14
13 14 19
14 17 1
18 21 6
16 17 12
1 3 1
13 17 17
5 7 11
9 11 1
2 4 4
3 6 20
17 18 4
17 20 3
13 15 20
12 14 10
23 2 20
1 4 2
16 19 13
14 18 14
9 10 2
22 23 17
11 16 17
6 6 12
2 4 5
7 10 14
9 12 19
14 17 11
1 3 11
8 9 6
15 17 16
8 10 1
2 4 17
12 13 2
3 7 10
7 10 13
0 4 8
17 19 3
23 1 14
18 18 10
17 19 19
20 23 9
12 12 2
21 23 12
8 10 5
23 1 12
3 4 15
14 15 1
11 13 6
14 16 16
0 2 14
6 8 13
16 18 18
13 14 13
1 3 3
7 8 13
14 15 13
5 7 14
8 10 19
13 15 13
14 14 16
0 1 9
9 13 18
9 12 2
1 3 7
0 2 20
14 17 13
1 2 3
1 4 6
7 8 3
13 15 5
10 11 6
21 21 9
2 4 5
20 0 7
16 17 13
12 15 2
3 4 5
12 14 3
15 18 15
1 3 17
2 3 16
15 17 20
9 12 20
9 9 11
6 7 8
20 23 19
6 6 14
9 11 9
15 19 3
22 23 15
19 22 18
3 4 3
18 21 1
1 2 17
19 0 15
18 21 17
16 18 8
23 0 20
1 3 14
1 3 19
14 15 19
1 1 2
11 15 1
18 20 16
17 21 11
1 3 11
9 10 9
20 21 15
13 15 17
23 1 17
13 15 14
17 18 19
6 8 16
21 21 19
2 4 3
8 10 20
13 15 18
23 0 12
20 21 3
20 22 4
12 15 16
8 9 16
20 21 12
1 3 15
21 0 20
18 21 12
4 7 4
8 12 19
8 11 20
13 16 5
22 0 15
17 20 6
5 7 11
14 17 15
20 22 17
1 3 5
17 21 16
20 22 5
15 15 10
12 15 13
20 22 12
7 10 19
17 19 16
3 6 15
9 12 13
16 18 11
23 2 11
0 2 10
0 3 6
20 23 20
13 15 18
23 2 4
21 22 18
8 9 18
18 18 5
19 21 11
0 3 15
3 6 12
16 19 7
4 6 7
11 12 19
4 6 18
11 14 6
0 1 2
2 3 18
18 20 5
0 3 2
21 0 1
4 7 6
2 4 11
8 11 12
2 3 19
16 18 5
0 2 20
9 11 13
21 23 6
10 13 4
21 0 6
16 19 18
15 17 19
22 0 4
3 7 6
16 17 10
6 7 20
11 14 7
5 7 5
0 2 4
6 8 6
15 17 7
3 4 16
0 1 20
2 5 7
0 3 20
22 2 2
5 7 11
8 11 2
7 10 4
20 21 4
21 1 15
17 18 18
22 1 17
3 5 16
7 9 3
13 15 13
23 1 4
23 0 7
12 14 18
11 13 7
11 13 15
8 10 9
1 2 12
16 19 12
12 15 4
13 13 14
1 3 16
18 21 2
22 0 15
20 22 6
15 17 1
14 16 4
5 5 2
20 23 18
20 22 3
16 18 20
4 8 6
22 0 13
18 18 19
18 21 7
3 5 9
14 17 5
3 4 11
22 22 1
19 22 2
10 12 11
8 9 15
22 1 17
23 1 17
9 12 19
10 11 17
16 16 2
19 19 20
11 14 16
4 6 17
15 17 20
17 18 16
14 17 19
15 18 10
16 19 20
13 15 7
14 17 1
15 16 3
4 5 12
13 15 18
12 14 16
22 23 18
7 9 11
11 13 9
21 23 19
12 13 2
10 12 18
2 4 9
4 5 11
10 11 4
8 8 9
23 1 11
21 23 8
8 10 6
3 5 12
8 8 8
11 12 11
4 6 11
13 13 2
15 17 17
18 20 20
1 2 7
4 7 18
4 8 3
16 17 5
13 15 2
11 13 9
2 3 11
16 19 11
18 19 15
21 23 15
4 8 17
23 0 7
2 5 18
18 20 9
20 22 19
14 16 14
8 10 5
2 3 17
3 6 10
16 21 15
4 7 5
20 0 5
17 20 17
20 22 2
14 17 10
2 3 4
9 11 8
17 18 8
16 18 1
17 19 11
11 13 19
5 6 8
12 14 3
5 7 14
22 2 14
7 7 2
15 17 19
14 15 19
19 21 5
7 10 16
1 3 7
13 16 19
3 6 10
10 13 3
4 5 19
8 9 4
9 12 10
10 12 6
12 14 10
20 20 6
13 16 18
9 11 6
20 0 18
17 20 10
18 19 12
8 10 19
17 20 16
10 11 13
20 23 12
22 23 13
10 13 19
1 4 4
0 2 18
16 18 17
15 18 20
22 23 3
21 23 1
5 5 15
13 15 17
14 15 9
18 19 4
2 4 18
14 18 13
10 11 2
15 17 16
11 13 6
2 4 3
9 11 12
13 15 10
7 10 20
0 2 10
7 9 12
12 12 11
8 11 1
9 11 13
6 10 16
22 1 6
18 20 14
18 20 7
21 23 18
8 10 18
23 2 10
4 7 13
15 17 9
9 9 20
21 23 17
18 20 20
14 15 19
1 2 4
15 16 18
14 15 3
15 17 16
1 4 8
18 20 7
16 17 10
11 14 1
12 14 18
15 17 18
12 13 14
4 6 3
2 4 3
8 9 13
21 22 16
15 16 14
20 22 18
17 21 13
6 8 14
16 20 4
14 15 6
21 0 20
9 13 2
20 22 20
14 15 5
18 20 2
8 11 4
17 19 5
6 9 8
6 6 9
10 12 15
9 13 18
22 1 4
12 13 14
15 18 1
5 8 17
3 5 19
5 8 19
16 17 10
16 17 5
7 8 17
14 16 11
3 6 4
3 7 1
17 19 3
0 1 18
23 0 8
1 3 4
5 7 14
15 18 7
0 2 9
20 21 3
6 7 16
9 12 8
17 19 17
11 13 9
19 21 14
19 21 15
12 14 18
16 19 4
21 23 18
16 17 14
12 12 17
21 23 19
23 0 6
16 15 6
10 13 20
14 15 19
7 10 6
3 5 1
9 11 5
4 7 20
2 2 1
10 13 16
23 1 14
9 10 7
3 3 10
6 7 2
13 14 8
4 6 6
12 16 15
4 7 5
12 14 15
14 17 17
9 12 13
10 12 12
18 18 1
9 12 4
14 17 12
3 4 12
12 12 19
1 3 9
17 18 3
23 0 7
8 11 3
11 14 20
20 23 11
17 20 19
1 2 15
20 23 4
15 15 8
23 0 19
1 3 11
23 0 19
5 7 8
23 1 18
1 1 11
8 11 13
21 0 6
10 11 3
9 11 8
13 17 11
3 6 12
19 22 20
23 2 18
9 9 1
18 21 13
23 0 20
22 1 15
10 13 3
10 11 13
20 22 8
13 15 9
17 18 1
1 2 4
3 5 16
20 23 1
8 11 5
7 8 1
21 0 17
13 15 11
0 3 14
20 0 19
22 1 19
8 10 20
10 12 2
14 17 4
14 15 16
10 11 14
16 18 3
11 12 13
12 14 17
8 11 12
23 2 15
15 18 9
10 11 11
2 4 7
0 3 13
6 8 18
2 5 12
0 2 4
18 20 8
17 20 7
22 0 3
22 22 9
12 13 11
23 3 12
0 2 7
11 14 19
23 1 18
16 18 8
22 23 9
15 17 10
17 18 19
11 14 15
7 8 17
0 2 9
8 10 16
16 18 6
0 1 8
15 16 13
7 11 6
22 0 11
20 21 9
10 12 16
9 10 13
1 3 11
1 3 15
21 0 12
5 9 6
17 18 7
16 19 15
20 22 17
19 22 10
13 15 4
0 1 19
10 12 15
16 18 17
15 17 11
7 9 9
4 5 5
5 5 8
11 14 19
15 18 8
15 17 13
2 5 16
9 10 1
2 4 8
10 11 11
10 13 7
3 6 10
6 8 2
0 4 2
18 19 9
13 18 15
16 17 7
1 3 4
17 19 7
7 10 6
4 5 1
22 22 18
19 22 14
15 17 20
1 2 7
22 22 5
17 19 13
21 21 10
16 16 13
4 7 7
13 16 7
18 21 14
2 4 10
9 12 1
23 2 20
10 12 2
12 14 15
12 12 7
6 8 19
1 2 12
23 1 11
18 20 6
22 23 14
0 3 19
0 1 8
15 15 1
6 8 17
22 22 5
1 3 18
0 1 15
5 5 4
4 6 1
14 14 3
20 1 6
15 17 7
0 1 2
15 17 12
8 9 11
15 16 16
18 21 16
10 13 11
8 11 4
1 3 14
20 23 7
22 23 7
15 16 1
4 7 17
22 0 3
9 10 8
2 5 13
20 21 6
6 8 16
21 23 12
16 18 17
21 23 18
0 1 1
15 16 16
16 16 16
1 3 4
8 11 2
1 3 9
13 15 10
0 3 11
0 2 8
10 14 6
12 16 9
16 18 12
11 13 10
22 0 5
11 12 9
8 9 1
23 3 1
6 8 20
6 6 4
11 14 4
7 8 16
12 13 11
9 11 17
20 21 3
18 20 17
3 2 10
11 12 1
5 8 14
15 17 18
16 20 5
22 1 13
9 11 3
15 18 17
0 2 16
19 21 20
5 7 3
5 8 1
17 19 7
23 0 7
15 19 11
15 17 14
19 19 2
17 18 5
5 7 9
5 7 8
8 9 6
14 14 3
6 7 1
5 6 8
18 20 1
19 20 5
1 4 17
4 5 6
0 0 6
17 19 1
14 17 18
20 22 11
6 8 12
11 10 4
23 1 4
20 20 13
18 20 3
7 8 18
17 19 9
12 13 10
7 8 16
14 15 16
18 20 11
3 4 20
15 17 3
18 20 12
14 16 13
4 6 3
11 14 4
22 0 11
6 9 1
19 21 1
20 22 2
21 22 12
19 20 19
19 20 12
0 3 13
14 17 11
16 19 10
14 16 1
15 17 19
8 10 9
17 19 7
21 0 13
18 20 19
11 13 20
7 8 3
6 6 6
12 14 12
12 15 20
21 22 20
16 17 19
7 9 4
3 7 9
5 7 6
9 11 6
7 8 11
15 18 18
10 12 5
15 17 19
4 6 9
2 4 1
14 16 7
6 8 19
15 17 11
3 5 16
14 15 15
3 4 4
10 11 7
4 5 9
12 14 18
15 17 1
15 17 20
13 16 14
17 18 8
20 21 8
19 21 6
4 5 10
13 14 14
18 18 4
13 14 18
0 2 1
6 10 2
23 2 17
10 13 11
14 16 7
3 5 16
2 4 19
7 10 3
13 15 18
11 12 8
18 20 19
20 21 17
12 14 13
11 13 17
0 1 9
18 20 6
13 15 10
9 11 16
16 19 12
6 9 14
3 6 14
10 11 13
3 7 5
14 15 19
0 1 14
15 17 2
10 12 10
11 15 15
11 13 20
10 11 2
23 0 11
21 21 12
19 20 4
22 0 17
20 21 16
14 16 7
5 7 1
16 18 16
7 9 12
20 23 13
11 14 4
