2440 20
7 6 17 14 11 19 8 4 13 19 12 2 9 14 2 4 14 15 12 2 
4 5 17
16 19 2
17 19 2
23 2 19
12 15 2
2 4 4
9 12 19
5 8 18
22 1 5
0 0 13
6 9 7
23 23 7
0 4 11
17 17 20
15 17 12
21 0 15
16 17 14
4 7 12
3 6 9
8 9 16
12 14 20
1 4 4
0 3 2
23 2 8
17 18 18
20 20 10
14 15 15
9 10 16
2 6 19
11 14 13
3 5 16
21 22 6
18 20 13
20 22 9
14 17 18
12 14 17
17 19 6
6 9 13
9 11 6
2 4 2
13 16 9
11 12 12
17 17 17
17 19 4
3 5 16
8 11 20
11 12 13
22 1 7
15 18 19
14 15 20
15 18 6
23 1 14
11 12 17
4 5 4
12 14 16
12 13 4
22 0 12
23 1 15
3 6 1
5 5 11
15 16 14
17 19 12
6 7 5
18 21 2
17 22 5
7 10 10
7 10 13
20 23 3
9 12 1
0 3 10
14 16 6
19 21 2
13 14 20
17 20 15
21 22 14
11 13 11
23 1 11
19 21 10
23 0 19
16 18 20
23 23 18
0 1 16
16 17 20
20 22 8
4 4 16
0 2 5
23 1 6
23 1 11
17 19 10
21 22 8
11 12 5
3 4 20
17 20 5
6 6 16
20 22 20
0 1 8
4 6 18
5 7 19
17 18 13
10 13 12
22 2 20
14 15 10
5 7 3
3 5 7
8 12 6
10 13 16
12 15 10
17 21 11
4 7 20
5 7 8
1 4 17
15 17 18
15 16 4
21 23 13
15 17 3
5 8 14
19 19 7
23 1 20
20 21 1
15 16 13
10 11 14
9 12 4
0 1 14
13 15 5
16 16 1
16 19 3
5 8 19
2 4 3
4 5 7
16 18 15
15 16 15
17 18 15
5 6 16
23 1 1
1 5 18
5 9 16
23 1 1
19 20 10
6 9 8
11 13 11
8 10 9
21 23 16
3 4 16
0 2 12
6 7 13
17 21 14
14 17 6
12 13 18
13 13 17
2 5 10
21 22 7
7 10 7
4 8 10
10 12 10
14 17 17
18 20 1
21 23 9
3 5 2
23 0 14
4 8 9
9 11 3
3 5 9
12 15 20
5 7 13
10 12 14
10 13 3
13 16 6
16 20 14
4 6 16
7 10 15
4 5 2
0 0 10
20 22 19
19 21 20
3 5 5
22 23 14
12 15 19
0 3 6
20 23 2
12 15 9
17 18 6
1 1 12
20 21 11
17 19 2
9 12 2
18 21 14
23 4 7
13 17 1
7 8 4
21 22 1
1 3 14
12 16 6
0 2 14
5 6 16
17 19 11
8 11 11
13 15 6
1 3 4
10 13 1
10 12 3
7 10 19
20 23 7
17 19 9
23 0 6
1 3 7
0 2 15
13 16 6
23 23 1
15 16 16
21 23 10
5 8 16
9 11 11
5 6 13
7 8 9
19 21 19
15 16 17
23 0 7
3 4 16
18 20 16
12 16 10
0 1 1
5 6 6
13 16 16
15 16 19
19 21 6
21 23 3
10 12 15
10 12 14
19 19 12
5 5 5
6 8 1
17 21 4
9 12 4
19 0 20
20 22 16
7 9 19
0 3 2
5 7 5
4 5 15
23 1 19
0 1 20
8 9 3
11 13 19
17 18 1
2 3 8
23 1 5
11 12 7
22 1 15
13 16 10
23 1 6
6 8 14
17 20 18
17 19 20
19 20 10
14 18 15
22 0 12
17 21 16
16 18 18
8 11 10
1 4 12
15 19 18
18 21 9
19 22 14
21 0 3
12 14 20
7 10 20
0 2 5
11 12 15
7 9 9
13 17 18
15 17 15
8 10 10
17 17 2
6 7 18
10 13 9
20 22 14
14 17 2
9 11 3
7 10 4
23 3 20
6 8 5
17 18 11
3 6 2
20 22 4
7 9 20
23 0 14
13 15 5
12 13 8
13 14 17
3 5 11
3 5 18
2 4 14
11 13 15
1 3 5
10 10 5
10 11 14
22 1 16
0 2 14
16 17 16
2 4 1
11 13 2
22 1 4
19 21 15
9 11 3
19 22 17
14 15 5
20 23 11
20 21 11
1 2 8
16 19 18
21 0 13
17 19 17
15 16 3
11 13 13
9 11 11
20 23 15
17 20 11
15 19 12
0 1 1
14 17 12
0 2 3
13 14 4
13 14 9
14 16 8
19 21 2
22 2 11
23 0 11
5 7 11
22 22 5
8 8 8
23 2 13
18 21 18
5 7 7
1 3 1
13 16 5
12 14 3
3 5 3
13 16 16
2 3 14
14 17 18
11 14 18
23 2 5
19 19 20
9 12 12
19 22 19
10 13 14
5 9 5
20 22 1
15 17 7
21 22 4
11 12 6
23 0 20
20 22 16
9 12 5
20 21 1
10 12 2
8 10 5
3 4 4
4 6 5
2 3 4
0 2 4
19 18 17
6 8 12
22 0 3
8 12 17
10 14 2
8 10 10
15 15 11
5 6 11
4 5 18
2 5 2
22 0 2
7 10 18
17 18 20
21 22 4
20 21 15
17 20 18
13 15 17
11 13 2
0 2 11
13 15 8
2 5 6
16 19 10
7 10 17
23 3 16
21 22 18
7 9 7
23 3 15
12 15 16
9 8 11
1 2 4
20 22 11
18 21 20
18 19 6
5 7 6
10 12 14
6 9 10
14 15 8
12 14 19
21 23 19
23 0 3
2 5 11
1 3 6
18 20 10
18 20 15
19 20 9
10 12 10
17 18 13
20 21 16
13 15 4
2 3 3
12 14 6
14 15 18
4 6 4
2 3 3
19 19 9
18 21 7
3 5 9
4 5 16
12 14 3
12 15 19
9 12 1
16 19 9
18 23 20
9 12 5
10 11 1
8 8 15
2 3 16
13 15 12
14 16 5
16 17 10
7 9 8
8 9 5
1 2 7
5 8 12
14 17 4
18 20 8
10 13 14
7 10 10
1 3 6
8 11 15
19 21 17
5 7 9
3 5 14
6 9 13
16 17 12
19 21 19
15 16 12
9 12 18
20 23 13
7 10 17
5 8 8
6 6 7
0 2 4
14 17 16
21 0 9
23 1 15
20 22 14
20 23 10
5 8 14
17 19 20
5 8 5
6 8 16
14 16 3
20 22 16
0 3 18
11 13 14
20 20 2
2 3 17
15 16 15
19 23 18
8 9 14
5 7 9
16 17 5
4 5 9
12 15 7
20 23 4
13 16 13
3 4 3
22 1 12
9 10 17
0 1 1
13 15 6
6 11 18
21 22 15
5 8 14
6 9 20
5 7 4
20 22 4
14 16 13
16 17 13
6 8 4
17 17 9
9 12 11
23 1 6
6 9 19
7 9 9
19 22 12
11 13 6
11 13 19
20 0 13
7 7 18
17 19 16
2 4 2
22 1 9
22 23 20
3 4 19
4 8 10
15 18 2
5 9 19
0 0 1
1 2 14
17 19 18
0 2 6
8 8 2
14 15 3
1 2 11
5 7 9
16 19 9
13 15 3
11 11 18
1 3 15
2 5 9
8 10 16
23 0 19
11 14 20
2 4 11
21 21 15
2 4 14
9 9 20
13 15 14
22 1 20
5 6 8
6 7 6
15 17 10
20 19 18
23 2 8
19 21 11
3 4 4
2 3 18
23 1 10
2 5 4
18 20 3
14 15 18
20 22 12
0 3 10
19 21 19
21 21 15
2 5 18
12 15 7
3 6 11
9 12 18
0 4 17
1 2 18
0 0 3
20 21 3
4 6 16
21 0 20
22 1 11
13 14 6
2 5 2
5 8 4
1 4 15
11 13 19
0 -1 12
19 23 1
1 2 7
8 11 4
5 7 1
6 9 10
1 1 13
13 15 6
1 3 12
0 2 20
5 7 12
9 12 13
7 10 14
23 1 12
3 3 11
23 1 12
15 18 13
15 15 13
2 4 2
21 0 5
16 18 17
17 19 14
17 20 19
4 5 14
22 1 18
1 3 10
22 0 9
15 18 19
14 15 4
7 11 5
21 23 19
21 23 19
10 12 7
8 10 1
20 22 6
0 0 5
19 21 4
8 9 19
23 1 11
2 5 12
7 8 3
1 2 8
9 11 2
12 15 1
20 21 9
17 20 6
5 7 8
7 9 5
17 20 5
18 22 16
0 0 17
0 2 17
2 3 7
21 22 12
17 19 4
4 5 4
4 6 5
18 19 17
17 18 12
5 6 3
12 14 1
2 2 8
20 0 3
6 7 18
12 13 16
21 22 12
11 14 1
6 8 20
22 0 18
4 7 16
5 8 15
2 3 5
7 10 20
3 6 12
22 0 6
17 20 14
5 5 7
9 12 17
6 9 3
2 2 16
17 20 6
1 3 10
11 14 17
22 0 20
23 2 7
19 21 15
11 11 19
5 6 17
21 21 11
20 23 8
17 19 1
3 5 8
23 1 10
4 6 2
2 4 10
2 4 10
4 7 18
8 10 12
5 6 11
10 12 9
13 16 5
1 5 16
12 15 1
17 18 9
17 17 13
13 16 18
3 6 17
21 22 7
18 21 13
7 10 16
16 18 19
2 3 15
10 15 20
10 13 5
5 5 10
6 7 17
12 14 5
6 8 16
18 20 11
14 16 7
6 7 15
22 0 10
23 0 3
7 10 5
11 12 6
19 20 4
5 7 18
20 23 16
18 19 16
8 11 5
14 15 9
14 15 15
20 21 18
3 5 18
23 1 17
12 15 20
15 17 8
23 0 18
3 5 13
11 14 8
15 16 16
3 5 11
18 19 20
1 4 8
2 6 11
22 23 15
22 0 4
20 0 6
6 9 12
6 8 14
22 0 17
19 20 5
9 11 10
0 3 3
16 17 4
1 3 18
18 21 1
17 20 3
4 4 19
10 13 20
3 5 6
20 21 12
9 11 4
19 22 12
2 4 11
22 23 3
21 23 19
22 23 9
22 0 14
7 10 3
7 7 20
11 13 6
2 5 7
3 3 12
4 7 7
23 0 10
17 20 19
5 7 1
4 5 11
23 0 1
20 22 3
10 12 9
5 8 19
10 12 7
18 22 15
4 6 16
20 0 10
20 22 10
19 22 12
1 3 3
7 9 15
8 8 3
4 6 18
10 13 11
13 12 5
13 15 12
23 0 20
8 13 9
0 2 18
19 21 5
3 7 19
9 11 9
17 20 20
7 7 9
15 18 2
13 16 8
20 21 8
11 12 18
6 9 17
0 2 15
20 22 5
18 21 11
0 1 10
7 8 17
3 3 20
13 14 8
1 5 16
13 16 4
12 14 10
14 16 11
0 2 2
13 15 16
23 1 14
22 23 11
4 6 4
11 13 5
12 14 17
2 3 17
7 9 9
11 15 19
16 18 12
7 9 1
4 5 2
9 11 12
18 20 4
20 21 12
2 5 5
0 3 5
2 4 13
18 20 14
7 9 14
9 11 11
17 19 1
23 2 7
7 9 6
1 1 3
6 9 3
6 7 1
15 16 13
3 3 17
22 1 2
18 20 1
13 16 9
13 15 16
20 20 16
10 12 2
23 2 4
4 4 3
11 14 18
14 16 19
5 6 3
3 4 5
22 4 3
21 21 10
17 18 16
5 8 20
2 4 5
16 18 6
18 19 9
19 21 14
18 20 18
22 23 20
9 10 18
15 16 6
19 19 20
18 21 18
20 22 3
23 1 14
3 4 7
0 3 6
8 10 7
13 14 2
7 9 17
2 4 1
17 19 7
18 22 2
3 5 8
9 10 20
18 19 8
14 15 1
5 8 3
1 3 17
21 23 2
13 17 13
11 11 10
7 8 6
7 10 14
7 8 11
3 5 18
4 6 19
18 18 8
3 5 4
2 5 15
20 23 6
5 5 12
17 20 19
23 1 15
0 2 6
4 8 4
5 8 2
15 15 9
3 3 5
11 14 16
7 9 8
20 21 9
15 17 2
7 10 16
7 8 8
15 18 1
10 14 13
22 23 13
11 13 9
20 22 5
14 16 12
7 8 3
6 7 3
18 20 5
10 12 19
21 1 17
12 13 7
18 20 7
20 22 12
15 18 5
14 17 17
14 15 16
12 14 10
14 17 5
0 2 18
12 16 17
18 22 14
15 16 11
14 14 7
22 22 14
21 0 13
15 16 9
22 22 9
2 3 8
16 17 5
0 1 15
10 11 10
4 6 13
0 2 19
17 19 1
11 14 13
1 4 5
5 7 12
13 13 16
14 15 13
5 7 9
6 7 4
3 5 9
22 1 10
17 18 13
22 23 19
1 2 20
5 7 10
17 18 16
9 13 17
10 12 4
0 2 14
8 8 7
11 12 12
20 20 8
3 5 13
23 23 17
4 6 5
20 22 20
5 8 18
19 20 19
16 20 14
13 16 19
21 22 11
1 2 8
11 13 11
1 1 5
1 2 14
11 12 4
11 14 10
4 4 8
5 7 5
9 10 12
9 13 1
4 6 19
11 12 3
6 10 16
3 5 8
16 20 8
10 14 1
17 20 15
15 18 16
9 12 19
3 6 19
2 6 16
1 1 5
11 12 18
9 12 9
22 0 13
23 2 14
15 19 13
11 12 18
9 10 3
17 18 14
5 7 9
10 11 9
22 23 16
18 20 8
12 15 14
15 18 2
10 10 6
23 3 17
17 18 9
2 4 6
0 1 11
2 4 11
2 4 5
2 4 19
7 8 1
1 3 9
13 14 6
14 17 9
21 21 13
14 16 20
19 20 15
20 22 17
7 7 13
18 22 8
2 3 3
7 11 12
3 6 5
9 10 11
5 6 12
19 21 5
18 19 9
22 1 3
16 19 13
12 17 4
16 18 8
5 6 11
2 5 20
20 21 7
7 10 3
8 11 14
17 19 11
0 1 15
17 18 9
16 19 16
5 7 2
0 2 8
16 18 11
14 15 1
5 7 14
12 13 17
9 11 1
18 19 19
12 14 6
5 7 10
23 2 18
19 21 15
5 6 14
20 23 11
9 10 5
20 22 7
0 2 18
7 9 8
8 10 13
6 7 2
4 6 8
13 15 13
18 20 18
16 18 9
14 16 14
15 17 19
16 17 18
13 14 9
9 12 4
1 3 15
7 8 2
9 11 6
1 2 10
8 8 2
15 17 4
16 17 3
10 12 10
5 7 3
22 1 17
5 6 8
11 11 1
20 23 18
14 17 4
3 3 16
20 23 7
1 4 11
12 15 4
18 20 5
0 3 4
1 4 12
9 11 7
9 10 11
23 1 12
18 19 19
16 19 9
2 3 16
0 1 13
8 9 3
3 4 20
17 20 13
19 22 1
19 21 13
1 3 2
8 9 19
5 9 5
17 20 7
16 17 8
13 15 3
2 3 1
16 18 6
20 22 9
5 7 10
19 23 18
19 21 9
9 10 2
18 19 14
20 0 16
0 2 15
18 22 1
18 19 20
1 2 17
16 19 5
3 4 13
18 21 13
15 16 6
13 14 5
23 2 12
22 0 17
23 1 5
16 18 17
4 5 17
5 6 10
23 2 5
2 4 4
10 11 7
10 13 4
17 20 8
11 14 14
22 23 18
4 7 13
3 6 1
0 2 2
9 11 2
7 8 4
19 22 8
8 9 12
23 2 7
21 23 20
2 5 1
20 22 20
19 22 10
23 1 12
3 4 16
6 6 5
0 1 15
15 17 20
4 7 6
10 12 14
7 7 13
13 16 13
2 3 11
19 23 20
13 16 9
1 4 7
17 19 3
14 17 5
18 20 18
20 23 13
1 5 6
14 17 6
6 9 7
7 11 15
5 8 12
19 22 17
17 18 16
8 10 7
23 0 1
3 5 1
15 16 18
16 18 3
20 22 17
19 19 13
6 8 20
20 22 12
3 7 16
3 5 12
3 3 7
8 11 13
17 21 19
6 8 1
9 10 19
12 12 16
9 12 15
2 5 11
11 10 17
5 6 11
18 20 18
12 12 20
11 13 19
3 6 8
18 20 7
6 8 15
3 5 15
22 23 14
8 10 4
15 18 7
7 9 11
23 0 7
15 18 13
14 15 15
23 0 6
5 8 16
23 2 19
6 6 11
2 6 14
2 5 8
12 15 20
22 0 2
0 3 12
20 20 19
0 2 16
4 6 18
3 5 11
19 22 1
15 16 14
7 9 10
17 18 1
20 21 13
6 7 4
2 1 9
13 14 15
16 16 12
10 12 1
10 12 14
15 16 7
9 9 3
23 3 12
8 12 5
16 19 11
2 5 7
9 13 16
16 18 11
22 22 6
13 15 8
8 10 20
14 16 18
14 19 19
2 4 3
3 3 15
22 1 10
11 13 14
5 6 7
17 20 1
15 17 13
17 19 7
0 2 11
8 9 6
5 8 11
17 19 7
22 0 12
14 17 20
19 22 4
22 23 20
3 4 17
9 12 6
14 16 3
2 3 4
9 12 11
10 14 13
20 0 12
2 4 9
19 20 11
15 17 8
15 16 1
17 19 13
21 1 13
18 19 3
13 15 7
23 0 17
14 16 20
3 5 19
23 1 2
14 15 2
17 20 10
23 1 8
12 15 18
13 17 19
3 6 12
12 12 6
2 4 8
17 18 1
19 21 17
10 13 11
0 2 7
3 7 18
16 16 8
15 17 12
1 2 4
13 16 17
12 11 13
5 7 5
5 6 4
3 5 17
18 21 18
3 6 7
12 14 20
16 19 13
1 3 9
13 17 12
22 1 14
5 6 12
4 4 7
11 15 13
6 9 5
0 1 3
11 14 20
14 18 4
12 15 7
23 2 2
15 16 11
21 23 12
1 4 2
18 20 19
11 13 10
22 0 9
21 0 12
19 20 1
16 18 5
5 6 8
22 23 17
10 12 3
7 10 4
20 21 5
3 4 7
10 12 1
22 0 5
2 4 19
18 18 2
4 7 7
2 6 19
11 14 20
2 6 5
11 12 2
19 21 20
15 17 13
18 22 1
13 14 19
6 9 15
23 1 3
10 12 4
11 12 16
15 16 17
0 1 16
3 5 20
2 4 20
17 18 4
0 1 15
19 22 14
5 6 18
16 18 13
18 20 14
1 2 1
0 2 9
23 2 16
14 17 3
5 8 17
10 12 4
14 17 8
22 0 12
10 11 18
16 18 15
13 16 1
9 9 5
1 5 13
6 8 8
12 14 14
23 1 10
21 0 6
10 12 2
6 8 4
20 23 18
12 14 9
20 21 9
9 11 16
11 13 1
3 6 8
4 6 6
3 4 9
20 22 3
11 12 20
8 11 18
1 3 15
5 6 3
11 13 7
13 15 1
12 13 3
3 5 3
0 3 6
16 17 15
23 2 9
2 3 17
7 10 11
12 16 17
6 7 1
10 12 3
15 16 11
16 18 16
9 10 15
22 0 11
3 4 16
2 3 16
6 8 17
0 2 13
10 12 1
21 23 8
20 21 3
23 2 19
11 14 17
8 12 11
15 18 10
20 20 3
20 23 16
0 2 20
16 20 4
0 2 2
11 14 5
8 9 2
8 11 1
16 17 11
12 13 1
6 8 10
10 12 17
7 9 13
16 17 20
0 0 10
8 11 13
20 22 6
6 8 15
2 4 6
6 6 11
16 19 13
14 17 14
2 4 1
14 18 16
5 8 20
8 10 14
1 2 11
8 11 10
17 19 16
17 20 7
23 1 17
13 14 8
19 21 16
8 8 12
5 6 6
16 18 7
21 0 12
5 7 7
22 2 11
2 3 10
14 16 12
9 9 10
0 3 16
0 1 1
0 2 12
23 0 19
18 21 20
9 13 20
16 18 7
15 16 17
2 3 17
6 8 4
3 4 6
2 3 5
13 14 7
9 10 13
8 10 11
21 23 13
10 13 14
4 5 2
19 23 2
17 18 4
7 11 17
2 3 12
17 19 6
23 0 11
2 4 2
3 3 8
20 21 12
21 22 16
17 20 20
6 8 14
18 20 8
7 9 10
5 6 6
16 19 20
8 12 18
1 2 11
13 14 7
16 18 2
10 13 18
20 22 1
3 5 13
14 17 7
2 2 19
0 1 5
2 5 11
6 8 6
3 5 8
10 12 5
7 10 17
1 4 20
21 22 16
1 4 11
14 15 10
19 19 18
0 1 4
2 6 10
16 19 9
1 3 14
15 16 9
21 0 16
13 14 18
3 5 4
23 2 4
11 14 5
17 18 11
13 16 16
21 22 7
16 18 7
8 11 7
3 6 9
17 18 14
18 21 13
20 23 11
22 0 11
0 2 16
23 0 14
4 4 11
20 22 14
15 18 17
8 10 12
22 0 7
2 5 18
4 6 16
18 20 9
1 1 18
10 11 12
5 7 13
6 7 13
2 4 7
0 2 14
6 9 1
5 4 20
19 20 3
18 19 11
1 2 4
13 15 16
7 9 7
14 15 12
16 18 2
9 12 18
19 22 2
22 0 4
10 11 8
20 22 2
5 8 5
16 20 13
5 6 11
9 11 8
0 3 15
4 6 12
22 1 16
12 13 8
2 4 15
15 16 7
13 15 7
2 2 1
10 11 12
3 6 14
22 0 16
16 18 2
5 7 10
18 20 18
22 0 1
4 5 19
8 9 9
20 0 8
1 1 11
8 9 19
13 16 8
0 4 17
6 10 8
10 12 19
3 5 13
4 7 4
14 15 10
2 4 8
6 8 1
20 22 5
16 17 10
15 17 11
21 23 4
3 7 4
4 5 18
16 18 8
8 9 20
13 15 1
14 17 1
17 17 13
20 23 3
0 3 13
3 3 19
3 5 12
0 4 18
16 19 5
15 18 18
20 21 16
21 22 5
9 12 11
17 20 11
8 11 7
10 14 17
8 11 2
12 12 2
18 20 17
8 12 1
5 8 14
13 14 8
12 15 3
9 10 10
2 2 19
11 14 10
11 14 3
9 10 15
22 23 5
20 23 6
9 12 4
5 7 15
7 9 19
22 23 12
22 0 11
17 19 7
20 23 19
21 23 14
5 9 15
22 0 5
21 22 5
2 3 9
6 10 8
11 14 3
20 22 17
16 18 2
23 2 6
13 15 12
8 9 14
22 1 17
9 10 3
19 22 14
15 17 13
4 5 8
21 22 3
19 23 12
15 17 13
21 23 1
20 0 4
18 20 2
5 6 17
23 3 16
23 2 9
14 18 1
10 12 12
14 15 5
15 18 6
2 4 4
19 21 16
6 8 15
4 7 10
1 4 15
11 13 17
13 15 1
5 7 4
11 14 10
3 6 2
13 14 15
13 16 9
6 8 19
18 20 15
11 14 10
13 15 4
10 13 13
19 21 10
20 21 13
4 8 2
22 0 13
0 2 16
10 13 15
8 9 8
14 16 15
3 4 11
7 9 6
17 19 7
5 8 12
6 6 12
23 1 17
18 20 9
9 10 14
4 6 6
4 6 17
21 22 12
21 23 4
20 21 11
14 17 3
3 5 17
4 6 13
11 11 11
0 2 20
0 2 19
6 9 12
21 22 1
20 22 4
21 23 8
19 21 18
0 1 16
23 2 19
9 11 8
8 11 17
2 4 7
9 11 4
18 20 9
1 2 18
12 15 1
11 14 16
0 2 9
23 1 3
8 11 1
5 8 1
3 4 9
21 23 13
7 9 7
12 14 19
15 16 1
3 5 20
18 18 14
6 7 8
18 20 3
17 19 6
0 3 2
6 10 4
10 13 3
15 16 1
11 13 20
14 17 17
13 15 16
10 13 18
17 20 4
11 13 9
16 17 14
12 13 10
14 16 7
20 22 2
3 5 9
14 15 8
3 5 10
4 5 10
6 7 9
8 11 17
3 6 16
10 12 17
5 7 9
6 9 2
8 11 8
20 22 6
8 11 7
8 9 13
22 0 18
13 16 7
14 16 11
7 9 13
8 11 19
0 4 17
6 7 19
18 21 14
11 14 18
1 3 16
8 7 16
19 22 5
13 13 4
6 9 13
21 23 14
11 13 12
19 20 12
5 7 18
21 0 20
13 13 12
9 11 15
2 4 16
3 6 9
20 21 18
5 8 16
15 16 20
13 16 4
2 2 6
4 5 7
16 17 20
12 12 17
3 7 2
15 17 2
22 1 15
4 6 9
18 22 19
6 9 2
21 22 7
7 9 3
19 23 13
0 2 10
18 19 17
4 6 2
17 17 18
12 14 16
12 13 13
9 13 19
5 7 15
6 8 19
0 3 11
15 18 18
23 2 11
13 16 7
0 2 12
22 1 8
6 9 11
19 21 15
15 17 14
14 15 6
14 15 13
4 7 19
14 17 9
16 19 5
6 9 15
23 2 3
20 22 11
18 19 19
18 18 13
7 8 17
1 3 20
22 0 12
2 3 20
19 21 3
1 2 3
10 12 18
8 9 15
19 20 10
7 10 11
18 19 4
17 19 5
18 20 18
23 2 15
0 1 4
1 2 9
11 12 8
0 2 13
12 15 10
0 2 18
10 13 3
8 11 15
4 5 10
6 8 14
14 17 3
19 23 15
6 8 9
9 12 1
3 6 12
19 21 6
11 13 14
10 12 3
3 4 4
20 23 15
2 5 13
6 7 11
23 2 9
5 8 20
14 15 4
12 15 17
0 2 14
5 6 15
23 0 6
9 13 9
1 3 19
15 16 1
6 7 10
17 19 8
22 2 11
22 1 11
18 21 6
13 15 20
11 12 4
7 9 2
4 6 6
10 11 6
13 16 14
9 11 15
19 21 10
0 2 13
0 3 20
8 9 13
1 5 9
4 6 13
21 22 16
16 19 11
19 20 13
14 17 3
17 18 4
18 20 9
11 12 15
8 11 20
15 19 10
14 16 10
22 0 15
14 15 16
22 23 13
6 8 9
22 2 13
4 4 13
4 7 18
14 17 14
2 3 9
4 5 12
19 21 18
1 2 11
0 2 9
22 0 3
1 3 13
17 20 13
15 17 12
10 11 1
9 9 18
6 7 12
23 0 7
3 4 8
14 13 1
9 12 3
21 0 13
2 3 4
16 19 13
7 9 17
12 15 18
21 22 3
2 3 19
12 14 18
18 21 8
1 0 10
21 22 6
9 11 4
1 3 18
9 11 8
9 12 18
10 14 7
18 19 4
19 20 9
23 2 14
12 15 18
3 4 2
0 2 12
6 8 13
19 21 1
18 19 5
2 4 20
15 17 18
17 20 4
0 2 4
8 11 5
8 8 20
21 22 13
3 5 20
3 4 8
5 6 6
16 18 3
14 16 4
3 4 2
11 13 2
21 23 20
8 9 5
0 2 2
16 19 2
0 4 15
6 8 1
3 5 14
6 9 7
22 0 9
16 20 12
3 6 3
4 7 17
14 16 2
13 14 16
7 10 18
18 19 19
10 14 20
15 15 15
1 4 7
20 23 20
23 1 15
20 23 2
10 13 1
16 17 8
21 0 12
9 11 16
8 10 11
1 4 10
4 7 12
3 5 5
4 7 8
1 3 3
0 0 6
1 3 5
15 16 4
18 18 15
17 20 8
3 5 12
23 0 16
11 14 15
4 6 2
5 5 1
2 3 4
4 7 13
10 11 6
23 0 3
4 8 2
5 8 13
2 4 1
14 16 17
6 8 15
7 7 18
10 12 17
0 3 16
10 11 1
17 19 16
21 0 18
5 6 5
8 9 17
20 22 4
21 23 11
23 1 8
19 22 19
1 4 10
16 18 3
23 2 19
3 5 6
17 22 9
13 16 2
7 9 18
15 16 4
16 19 17
5 6 10
15 17 9
16 16 2
0 1 11
0 2 12
16 19 2
20 22 3
22 22 7
4 6 1
1 2 13
8 10 4
7 9 6
20 23 11
7 9 8
1 3 9
19 22 7
17 19 4
3 6 10
5 8 9
4 6 19
18 21 17
4 7 8
0 3 17
1 4 10
18 21 3
20 23 14
8 10 6
13 15 6
15 18 14
8 11 3
15 18 19
11 13 20
22 0 17
20 22 20
20 22 7
22 1 14
14 15 13
15 17 16
1 3 13
23 1 12
16 18 9
5 7 7
7 8 11
23 1 6
18 21 5
6 7 7
9 13 1
12 16 19
18 20 10
1 4 17
11 13 13
9 10 19
15 17 7
13 14 20
22 1 3
1 1 5
2 4 5
3 5 13
19 22 14
22 0 9
16 18 7
2 5 10
5 6 14
18 21 17
0 4 13
3 8 3
6 8 3
9 11 15
22 0 20
11 13 12
21 23 4
5 8 14
9 12 8
1 2 13
21 22 3
5 8 8
11 12 3
21 22 6
4 8 11
3 5 18
17 18 20
22 0 10
22 2 4
16 19 9
17 19 11
20 21 7
12 15 1
6 7 15
21 23 4
7 8 1
3 5 20
23 1 18
23 2 11
11 13 15
15 18 12
0 3 9
7 9 4
23 5 8
4 8 10
6 8 5
3 5 4
17 21 9
9 12 3
17 19 13
7 10 15
7 9 8
23 2 19
19 19 17
1 5 19
1 3 12
5 5 6
18 19 17
16 18 17
17 18 18
2 4 17
21 22 12
14 17 12
17 20 2
7 8 5
2 5 8
20 22 5
19 20 13
6 8 18
3 6 10
2 5 3
15 18 8
21 0 4
23 0 8
13 16 2
20 22 12
7 8 17
19 22 14
23 2 8
1 5 12
19 22 16
2 4 3
18 19 6
18 19 5
17 20 14
11 13 20
15 17 4
2 4 1
17 21 10
15 18 6
10 13 8
14 17 5
11 15 18
0 0 4
4 7 2
12 14 9
13 14 1
12 15 6
18 20 18
1 3 12
0 1 20
9 10 15
23 2 3
22 23 12
18 20 1
11 14 14
13 17 1
14 16 8
9 11 3
3 4 8
3 4 15
1 3 6
22 1 7
12 12 1
10 11 7
9 10 13
10 12 19
21 22 13
19 20 6
18 20 15
12 11 19
21 22 5
0 3 5
3 7 15
10 12 17
11 12 5
1 5 3
13 17 4
7 9 2
11 13 2
9 10 16
2 3 18
22 1 17
12 14 7
5 6 7
21 23 3
0 1 13
0 3 7
12 15 15
4 4 12
2 4 11
23 2 16
9 11 11
15 17 14
19 20 1
11 13 20
12 16 13
21 0 4
15 17 15
1 3 5
23 0 5
12 14 16
19 22 17
21 22 11
10 13 6
1 5 10
7 8 15
11 13 11
17 18 2
1 4 5
19 20 16
15 16 11
5 6 15
14 15 9
12 15 2
23 23 14
0 3 9
15 17 12
23 2 19
11 14 8
6 9 9
0 2 3
9 11 5
17 19 20
8 11 6
11 14 16
6 6 17
15 16 14
11 13 19
2 4 7
20 22 7
9 12 1
6 7 14
22 23 5
10 11 8
7 10 5
3 7 18
10 12 11
18 18 5
15 14 7
15 17 13
7 9 6
13 14 13
20 22 16
16 17 12
19 21 10
6 9 6
18 22 10
5 8 10
1 2 8
18 20 16
23 0 16
16 17 11
14 15 12
16 17 17
0 1 18
21 0 1
18 19 2
7 10 15
13 14 10
7 9 3
9 11 4
0 1 20
17 21 6
1 4 1
7 8 12
12 14 2
7 9 16
4 5 2
21 0 18
23 23 2
13 14 14
12 13 19
21 0 6
11 11 1
3 5 5
5 7 2
14 17 6
12 15 12
7 9 1
0 1 4
14 15 17
16 18 17
7 9 8
18 20 9
23 0 8
19 20 11
21 22 18
3 4 1
19 21 6
13 14 9
1 2 1
6 8 14
22 0 11
4 5 7
2 5 18
0 2 6
6 8 20
13 15 8
22 1 5
11 13 7
17 20 8
20 23 9
3 5 1
3 5 15
12 13 20
19 20 15
7 8 19
11 13 19
8 9 16
1 1 2
23 0 3
8 9 15
16 17 6
2 5 8
10 12 13
20 22 3
22 23 14
14 17 13
13 14 17
19 22 1
18 19 4
20 21 20
10 11 2
5 6 10
23 2 3
8 9 16
7 10 18
23 0 8
11 13 1
21 23 12
17 18 9
7 11 15
12 13 13
12 15 9
22 23 11
13 16 12
8 11 13
7 8 13
1 2 1
8 9 2
15 16 14
22 1 1
0 0 8
1 2 19
9 13 19
19 21 1
18 20 19
21 21 7
1 3 19
23 2 11
5 7 9
16 18 13
17 20 3
8 11 11
3 5 19
7 9 19
17 19 12
21 1 2
1 2 17
4 6 4
2 5 5
8 10 11
18 20 12
10 10 17
11 14 6
0 1 17
1 3 8
5 6 13
17 17 2
0 4 12
4 5 6
21 0 12
12 13 13
20 23 9
21 0 16
11 14 16
0 1 2
13 15 5
1 4 12
14 16 8
9 11 5
0 2 11
19 20 1
16 20 11
19 22 14
10 12 7
15 17 6
20 21 19
14 15 3
17 18 12
13 14 4
3 5 9
23 2 6
9 10 18
23 3 10
22 1 19
18 21 19
22 0 5
7 9 14
18 22 5
9 11 17
18 21 15
5 6 16
