2520 20
1 12 15 17 19 8 17 10 16 9 14 6 14 1 19 19 14 11 12 10 
9 12 1
20 21 18
14 16 10
1 4 1
4 6 15
10 12 17
23 2 14
17 20 12
2 4 8
14 16 9
2 4 3
8 12 2
19 21 2
17 18 13
9 11 3
8 10 7
12 14 7
0 2 5
7 9 17
23 0 6
1 3 16
20 21 11
12 15 11
1 2 8
8 12 2
13 14 10
18 18 4
18 18 3
2 5 1
7 10 9
12 16 12
16 18 18
11 13 13
15 17 17
23 2 10
23 1 5
21 23 19
12 11 20
23 0 5
9 12 3
3 6 7
3 5 13
13 15 17
4 6 8
20 21 17
13 13 16
12 14 4
0 2 15
0 2 2
8 9 15
20 20 9
18 19 6
13 14 3
17 19 4
15 17 6
15 18 13
0 2 8
23 2 11
20 23 13
20 22 20
11 13 5
16 18 20
2 4 11
9 9 7
0 2 6
15 17 20
5 7 8
21 0 6
10 12 19
23 1 18
5 8 3
2 3 15
7 8 17
18 20 16
18 20 3
7 8 17
10 12 11
18 20 18
6 9 16
6 8 3
14 16 6
12 14 4
8 9 5
5 7 1
16 16 14
12 13 5
22 1 10
9 10 17
7 9 17
16 19 16
9 11 2
20 0 13
17 19 18
6 8 5
8 9 6
21 1 13
21 23 20
5 8 12
1 4 18
5 7 17
16 17 11
5 7 2
16 19 19
6 9 1
21 1 10
12 14 1
6 8 4
19 20 15
14 16 14
15 17 2
11 11 11
4 4 2
2 6 11
18 19 19
20 22 1
19 22 19
16 17 15
18 21 12
17 20 7
19 20 2
10 13 3
6 7 14
9 11 11
7 11 15
0 1 20
4 4 2
6 7 13
20 23 11
16 18 16
6 7 2
9 11 18
4 6 10
15 18 5
10 13 17
13 15 3
19 20 18
21 23 18
19 23 19
7 8 7
17 19 5
4 7 4
23 1 8
2 3 12
14 15 16
5 7 12
5 6 5
0 1 12
21 23 5
5 7 10
1 3 16
16 18 15
21 23 16
9 12 13
21 2 20
18 21 4
3 7 17
9 11 1
4 6 4
1 2 2
17 18 2
21 1 2
16 19 2
1 3 1
18 19 2
10 12 13
20 22 1
23 0 17
13 15 5
20 23 19
2 3 3
13 14 5
10 10 8
10 14 12
3 6 6
13 16 20
13 16 18
13 15 6
15 18 9
14 18 3
6 10 4
7 8 6
8 10 20
15 17 20
1 6 11
21 22 7
0 1 3
15 16 18
2 4 10
5 8 6
20 22 5
2 4 13
18 19 6
0 2 14
6 7 14
6 9 2
20 20 7
22 0 11
23 1 9
20 22 18
7 8 8
16 19 11
0 1 4
17 18 14
1 5 11
0 1 15
6 10 7
13 14 9
16 18 19
12 14 15
20 21 13
20 23 20
5 6 5
15 19 13
15 17 14
6 8 4
5 6 11
23 0 9
20 22 12
17 19 19
2 4 2
15 17 13
2 4 13
21 23 17
3 4 18
2 5 12
11 14 19
13 13 2
9 12 18
23 1 19
11 13 15
6 8 12
14 15 4
16 17 8
18 20 6
18 19 15
19 20 6
1 2 11
9 9 10
19 20 15
13 15 15
4 8 12
14 14 2
8 9 11
18 19 4
6 9 1
23 23 16
9 12 2
4 6 2
15 18 19
19 18 6
14 16 9
8 11 13
12 14 20
2 4 13
18 18 5
7 9 9
13 14 1
17 19 7
16 19 17
23 2 2
23 1 17
5 5 2
17 19 17
13 16 17
19 21 14
13 16 4
6 9 5
17 20 10
17 18 13
4 6 1
12 14 4
10 11 1
1 2 20
18 18 7
22 1 19
17 19 8
15 18 7
23 0 15
9 11 16
10 14 8
17 19 6
16 19 16
4 6 13
10 12 13
7 10 20
23 1 5
5 8 14
0 0 6
2 5 7
8 11 1
8 12 11
19 19 8
6 9 4
2 4 17
7 10 14
13 15 10
11 13 10
13 15 10
0 1 12
14 16 12
8 11 17
15 17 20
15 16 5
16 17 3
12 13 16
11 16 11
18 23 5
5 7 15
21 0 15
2 4 4
16 18 9
1 4 4
12 13 12
18 21 17
11 13 19
4 6 20
20 23 2
18 18 14
14 15 9
13 15 17
18 19 7
3 3 18
16 17 16
4 8 7
14 15 8
5 6 9
22 1 12
3 4 1
7 10 2
0 3 4
3 7 15
9 12 9
15 17 7
17 19 19
21 22 2
17 20 1
5 7 11
4 5 11
22 0 9
21 0 19
9 13 1
5 7 20
21 23 2
20 22 3
9 10 7
11 11 17
12 14 15
11 13 8
10 13 9
20 22 1
9 11 2
21 0 3
9 12 17
18 19 4
1 2 1
6 7 8
10 12 16
8 11 1
6 9 18
2 2 8
10 13 11
16 18 8
11 13 5
19 20 16
12 16 2
22 0 3
10 12 19
22 0 7
6 8 16
23 1 15
6 8 2
9 11 14
1 4 6
2 3 7
18 19 16
21 22 3
2 5 8
13 16 6
9 12 9
0 2 20
18 20 12
9 9 5
20 23 2
16 18 13
19 21 13
13 14 15
21 22 12
11 13 14
5 8 8
3 4 10
10 13 7
12 14 5
0 1 14
16 19 13
8 12 15
1 3 10
21 23 15
16 17 4
19 19 11
20 23 14
5 7 1
2 4 5
17 19 17
9 10 8
9 12 9
22 23 18
3 6 1
0 3 6
12 14 6
13 16 8
14 14 14
6 8 9
7 9 7
18 19 2
16 18 14
2 4 10
0 3 7
13 15 6
16 19 10
7 9 8
8 11 6
8 11 18
12 13 1
16 18 9
16 20 20
20 22 8
12 15 19
0 3 19
16 19 8
6 6 5
17 20 3
4 8 17
2 2 16
4 7 10
22 1 5
2 5 8
17 18 17
8 11 11
7 8 14
14 16 2
12 14 6
6 8 1
10 12 11
9 13 17
22 23 12
5 8 11
11 13 16
22 22 9
12 14 12
10 12 1
10 12 10
12 18 14
15 16 11
14 15 12
11 13 6
4 6 12
0 1 8
13 14 5
14 17 4
15 18 3
19 21 12
21 0 6
22 0 17
4 5 1
0 3 12
8 10 4
10 14 16
5 7 7
3 6 20
20 23 15
5 7 12
20 21 2
7 9 11
9 10 7
11 11 14
10 12 12
21 22 8
7 11 1
20 0 20
12 14 7
16 17 11
18 21 4
3 3 20
13 15 9
20 23 8
21 0 4
3 5 2
1 6 5
1 3 16
9 11 15
19 19 14
20 23 20
1 4 2
16 19 8
23 2 19
4 6 1
0 3 8
19 20 13
18 22 8
10 13 17
2 2 18
20 22 14
17 19 1
8 10 9
12 15 6
7 7 20
16 18 6
7 10 18
7 9 4
10 10 4
13 15 8
6 9 14
4 6 20
0 2 14
2 2 18
22 2 2
3 5 3
7 11 10
4 6 8
7 11 6
10 12 12
7 9 1
19 22 18
13 16 7
10 13 11
5 7 18
23 0 10
7 9 1
9 10 12
6 8 2
23 1 12
8 10 15
17 18 10
0 2 4
7 9 12
23 1 2
20 0 18
9 11 3
5 7 18
1 5 6
1 4 3
2 4 9
14 17 18
1 2 3
0 4 4
17 18 1
21 22 14
17 19 5
4 7 6
11 14 5
3 4 12
3 6 14
21 0 9
5 5 14
9 11 7
23 3 9
9 11 16
13 15 17
10 11 16
10 12 6
18 21 15
0 3 9
2 3 3
21 0 3
8 8 7
12 14 19
1 0 7
20 22 13
19 20 11
0 2 14
23 2 8
14 17 13
18 21 17
23 1 9
10 11 9
1 2 5
21 23 16
18 20 19
23 3 6
10 11 6
16 17 13
12 14 18
14 15 14
20 21 7
0 1 8
10 13 3
13 14 11
0 2 2
19 21 15
6 7 8
20 22 20
2 4 12
12 13 17
18 20 14
8 10 11
18 21 8
4 6 6
16 18 11
12 13 16
17 18 13
1 3 20
15 16 15
22 23 1
18 19 12
4 7 16
0 2 4
16 19 7
9 12 3
16 19 13
8 10 12
17 19 18
10 13 9
18 21 6
1 1 10
18 19 6
7 10 5
19 20 20
15 16 20
8 10 11
12 14 6
4 7 20
6 8 1
20 21 16
9 12 2
7 9 13
20 23 8
16 15 3
23 0 20
12 14 4
3 4 2
13 15 12
19 21 1
2 5 7
15 16 11
2 5 16
22 23 7
20 22 6
19 20 2
18 19 12
15 18 9
13 15 5
15 19 13
8 11 11
15 17 7
3 5 17
9 11 14
13 15 15
17 19 20
20 22 11
13 17 12
12 13 11
10 11 13
8 9 9
19 21 13
20 21 13
10 11 4
18 21 13
6 10 10
10 11 6
0 2 10
1 4 1
11 15 20
16 19 14
10 12 14
2 4 9
17 18 10
11 12 7
3 4 12
6 7 20
7 10 9
13 13 1
15 19 13
16 19 9
6 9 9
12 15 16
2 7 2
16 20 15
15 17 12
21 0 1
3 4 1
18 21 1
2 3 18
1 2 11
4 5 3
2 4 12
5 6 1
0 0 18
7 9 9
14 17 5
3 5 2
2 4 11
0 1 3
21 21 18
14 14 3
23 3 2
22 23 20
8 10 10
13 15 13
8 10 17
2 3 10
13 16 15
19 22 6
2 4 3
4 6 9
15 16 14
10 12 20
3 6 5
7 9 13
11 12 14
14 17 12
6 9 18
20 21 13
13 15 3
9 11 13
18 20 1
3 5 15
17 19 11
13 12 20
2 5 18
1 2 20
14 16 1
0 2 11
19 22 5
14 16 18
17 20 1
11 13 19
4 6 6
5 6 20
15 19 13
4 9 19
18 23 11
9 11 14
18 19 10
3 7 20
17 19 13
16 18 17
16 18 11
1 4 17
15 17 13
15 20 8
18 20 15
3 6 13
2 3 15
19 19 5
18 19 12
12 14 4
16 16 7
16 18 20
17 19 6
23 1 4
18 21 11
9 12 1
4 7 8
3 5 19
15 16 11
3 5 2
15 18 15
13 17 16
5 6 15
23 0 16
0 2 9
0 2 6
12 15 10
22 0 7
4 7 11
17 19 15
13 15 1
10 14 5
2 4 6
4 6 5
21 0 5
22 0 16
1 2 19
22 2 10
1 4 4
2 3 20
10 12 6
10 11 6
5 6 13
7 11 14
8 9 12
22 23 15
13 14 10
8 10 7
20 22 13
5 7 15
20 0 20
21 23 19
18 21 7
14 16 1
21 22 1
16 19 19
15 19 18
6 6 1
10 12 10
8 9 12
16 18 5
16 17 4
10 11 14
23 1 19
22 1 14
19 20 9
21 23 16
15 17 1
3 5 12
20 0 20
2 4 12
1 3 8
18 19 13
20 22 8
2 5 7
0 1 4
22 0 13
17 18 10
2 5 19
16 20 19
6 8 12
22 0 12
21 23 16
15 17 1
14 16 15
19 22 3
15 16 12
10 13 14
23 2 18
20 0 7
16 18 14
3 5 6
13 14 6
6 10 17
13 17 18
5 7 8
0 2 18
12 12 7
23 1 18
15 15 13
6 7 7
23 2 7
2 4 14
19 20 18
4 5 18
8 10 4
14 17 18
3 5 15
10 12 7
7 10 17
9 12 2
9 10 6
16 18 8
3 5 19
21 22 6
13 15 10
5 6 9
8 10 16
9 11 7
7 8 17
5 6 2
22 0 20
12 14 12
13 15 15
20 20 4
2 3 8
23 0 9
9 11 1
4 6 14
2 4 8
9 10 5
2 5 3
15 17 16
2 5 13
8 10 20
21 23 14
21 23 19
12 14 2
23 1 7
16 20 4
4 7 14
15 16 1
17 18 5
3 3 1
6 8 10
21 0 16
23 1 8
13 16 13
18 21 3
6 9 12
21 0 8
16 17 4
18 20 14
23 1 19
15 20 13
17 19 4
21 23 8
17 19 18
17 17 12
9 11 17
14 17 8
13 14 11
2 4 11
23 2 19
7 9 11
22 0 17
11 14 20
23 1 11
10 13 8
4 5 16
8 9 9
14 16 11
1 3 7
8 10 19
5 5 15
20 23 2
2 3 13
12 14 20
0 2 2
8 10 19
14 18 12
20 21 9
14 16 15
8 10 9
21 0 9
13 15 6
16 20 8
0 3 1
5 8 17
16 18 10
17 20 19
16 18 1
12 16 9
6 6 3
22 0 10
0 3 6
5 6 1
21 0 10
17 19 15
20 22 17
3 4 20
5 6 13
3 4 8
15 16 18
12 12 10
2 4 5
4 6 20
12 13 2
9 11 15
15 18 15
0 1 1
18 21 4
14 16 4
15 17 4
8 10 3
12 16 18
20 21 10
21 23 20
10 12 7
15 16 18
5 6 6
3 4 4
3 4 11
11 12 17
20 21 14
9 12 4
12 14 8
8 10 5
6 8 10
10 13 20
23 2 12
19 20 13
19 21 19
12 14 2
19 21 16
4 4 8
21 23 8
15 17 3
19 21 12
18 19 13
2 3 9
6 8 14
18 19 18
22 23 2
13 18 16
5 8 17
0 3 7
0 3 14
3 5 2
16 16 14
21 22 11
6 7 7
17 17 5
17 20 20
11 13 14
17 20 11
7 8 6
11 14 8
18 19 3
9 10 10
23 2 14
8 9 11
20 20 19
1 3 6
5 8 5
12 14 8
17 18 19
18 20 17
21 23 3
1 3 11
9 13 8
18 19 1
20 21 5
12 14 17
6 7 17
11 14 2
14 15 18
20 23 14
22 1 15
16 17 9
1 3 14
15 17 7
8 10 18
20 22 6
3 7 3
4 7 10
6 7 2
23 2 5
10 11 6
22 23 5
22 0 15
21 23 3
5 6 18
14 16 9
9 9 14
18 21 16
0 2 6
9 11 17
20 21 8
16 18 18
6 8 6
2 4 12
8 10 16
18 21 5
7 10 4
13 15 5
6 8 14
0 2 3
16 18 6
19 19 18
10 11 1
1 4 15
17 19 1
10 9 6
6 10 8
14 16 3
15 17 6
12 12 18
1 2 2
17 18 9
16 18 6
22 0 8
22 0 3
20 19 14
23 1 12
14 16 16
17 19 8
23 0 5
6 10 20
19 20 9
20 0 8
11 12 5
6 8 15
14 16 15
2 4 18
21 23 18
8 10 20
12 13 20
1 3 8
22 0 20
17 20 1
19 19 3
10 11 6
11 13 19
11 13 5
11 13 4
22 0 12
6 8 20
5 6 10
17 20 4
19 22 9
4 6 7
15 16 20
15 16 16
16 18 1
10 9 17
21 0 2
9 12 8
20 23 9
19 22 17
3 3 18
0 0 8
4 6 7
3 3 9
9 10 10
13 14 19
16 18 2
11 13 7
17 19 6
22 1 1
15 17 9
0 1 11
6 10 4
2 3 10
19 20 7
10 11 9
18 19 1
6 6 5
17 19 13
6 8 17
12 13 2
20 21 15
1 1 19
13 17 18
3 5 2
16 18 16
19 22 6
1 3 15
12 15 5
8 11 6
2 4 17
9 11 11
4 6 4
18 19 13
4 8 18
11 14 16
17 18 9
20 20 5
22 23 12
14 16 13
22 0 14
5 6 8
5 5 5
7 9 19
0 3 20
0 2 14
23 1 8
17 19 13
7 10 12
14 16 8
17 19 17
2 2 17
21 0 20
21 1 8
8 10 3
2 5 9
10 12 6
1 3 3
20 22 7
10 12 16
13 15 18
7 8 14
22 1 14
3 3 14
8 10 3
3 5 16
18 20 9
6 9 14
4 6 11
22 23 4
4 5 14
4 5 10
17 17 14
7 10 10
18 17 10
13 16 12
1 3 13
1 3 20
19 23 13
13 17 19
22 1 5
12 13 17
8 10 9
20 22 14
9 11 12
9 11 5
3 5 15
15 18 14
22 0 8
0 4 16
7 8 6
14 17 13
12 13 9
11 15 9
11 12 10
19 19 16
8 11 18
14 16 4
5 8 17
16 18 17
18 21 6
10 11 8
0 2 6
23 1 11
8 10 4
12 14 3
10 12 1
19 22 11
0 2 13
23 0 18
9 12 12
12 15 9
3 6 18
3 6 15
13 15 6
12 15 11
8 12 19
7 9 14
11 13 10
11 12 5
15 18 3
17 19 10
12 14 5
19 20 2
6 7 12
21 23 17
8 10 2
12 14 10
4 7 16
6 9 7
17 21 20
21 2 20
3 7 1
21 23 18
14 16 16
19 22 16
4 6 14
16 17 6
18 21 7
7 9 1
14 15 14
15 18 15
10 13 18
16 21 10
10 10 8
11 12 16
16 20 3
11 12 14
12 11 5
2 4 2
18 19 7
21 0 15
23 1 4
17 18 2
20 21 8
1 2 10
13 14 17
14 18 15
14 16 16
10 13 6
8 9 14
4 6 17
5 6 4
0 2 6
21 22 19
7 9 12
19 21 2
23 1 2
17 20 18
22 1 11
15 17 13
18 19 11
14 16 4
2 6 5
19 22 1
7 8 1
6 7 18
11 14 7
11 13 5
23 0 17
17 21 4
21 23 13
11 13 9
2 4 5
22 0 17
21 23 8
11 13 6
18 20 15
1 2 6
20 23 16
19 20 17
8 9 9
9 11 3
8 12 6
23 0 9
5 8 9
0 2 8
23 0 4
1 3 6
21 23 3
23 0 8
13 14 3
14 14 7
9 9 1
19 20 2
4 6 13
14 16 8
10 11 18
17 21 9
10 11 6
9 9 6
15 17 16
5 7 20
5 7 9
10 10 13
19 20 10
4 6 9
21 22 20
20 23 6
15 17 4
21 23 14
17 19 1
22 0 9
16 17 16
18 19 13
13 14 8
14 16 4
22 2 7
1 2 10
2 4 5
2 4 19
20 22 19
13 17 3
7 7 5
19 23 12
3 5 5
11 15 15
0 2 8
2 4 1
6 8 8
3 5 10
3 6 16
22 23 3
3 5 13
21 23 20
15 16 12
15 16 17
8 10 8
4 5 9
7 11 6
17 20 12
13 15 4
5 7 12
3 4 5
3 5 13
6 7 16
9 10 20
9 10 14
22 0 17
5 7 11
5 7 9
19 21 12
3 3 2
8 9 12
10 13 19
0 2 17
7 8 2
10 11 9
3 6 6
4 6 4
1 1 8
15 18 7
6 9 3
14 18 17
14 16 14
14 15 15
9 10 16
1 4 2
12 12 5
21 21 9
21 22 1
15 19 20
18 17 19
0 2 19
23 1 2
22 1 2
11 12 12
18 19 2
12 14 12
4 7 1
0 3 16
7 10 18
11 14 2
16 18 20
23 1 13
4 7 11
2 4 4
7 8 12
19 19 10
0 3 17
11 13 14
11 13 2
23 0 4
8 8 14
1 4 19
12 13 15
1 2 5
8 9 8
10 12 3
10 11 15
19 22 1
12 14 4
16 20 12
9 10 8
10 12 2
2 3 5
15 16 8
20 0 20
23 23 15
20 21 7
3 5 13
14 16 13
5 7 6
21 23 20
16 18 20
3 4 15
17 18 19
9 11 17
20 22 16
15 18 1
14 15 9
7 9 14
14 15 14
1 2 14
1 5 2
6 9 18
16 18 17
20 21 15
3 6 3
22 0 14
3 4 20
4 7 17
0 3 16
8 10 9
5 7 17
23 1 9
21 22 9
17 17 11
9 11 20
23 2 12
19 22 20
18 19 20
9 12 8
19 23 6
18 21 12
4 6 6
9 11 13
13 16 17
19 21 6
13 16 10
17 19 3
0 2 13
0 1 20
23 2 16
14 16 6
15 17 17
18 21 20
19 0 9
16 18 4
8 10 14
18 20 11
18 20 2
18 21 2
7 10 13
17 20 1
5 7 16
2 5 6
5 8 3
18 20 16
0 0 5
6 10 11
16 17 13
13 14 1
21 23 2
17 20 12
13 14 13
22 23 7
21 0 14
13 16 10
23 2 11
21 23 8
20 22 12
23 2 2
3 6 9
13 15 10
15 18 6
23 1 13
18 19 11
22 2 2
18 20 5
14 15 13
7 8 13
19 20 19
16 19 4
18 20 13
4 6 20
21 0 15
11 14 1
9 10 5
18 20 20
4 7 9
22 3 5
9 9 2
3 6 18
5 8 10
2 6 15
16 19 19
23 0 16
19 19 12
10 12 15
23 2 16
16 17 12
3 5 13
20 20 16
8 10 8
22 0 5
18 20 15
3 5 10
10 12 16
23 2 20
6 9 10
13 16 16
19 20 18
22 0 2
8 8 10
1 3 13
19 22 16
18 20 11
3 6 11
12 14 12
7 9 8
2 4 13
14 16 4
9 11 2
15 16 14
8 10 3
20 21 11
8 10 11
13 16 4
20 23 1
8 9 1
22 1 9
16 18 5
12 14 10
6 9 8
1 4 2
10 10 2
4 7 18
15 18 4
16 16 18
3 6 9
1 4 14
21 0 11
17 17 8
4 5 2
2 5 1
19 20 20
8 11 12
17 17 8
8 10 9
14 15 1
14 15 8
17 20 8
13 13 2
21 0 11
0 1 5
2 5 4
5 8 9
6 9 8
22 23 6
13 14 2
16 19 13
11 11 10
19 20 3
18 20 17
17 18 12
5 8 16
11 13 7
21 22 9
4 6 2
1 5 20
7 10 4
12 13 16
16 18 16
15 18 8
6 8 18
18 20 6
5 7 12
15 16 16
5 8 4
12 13 9
18 20 6
17 19 15
22 1 19
8 12 13
3 6 15
20 22 4
3 5 10
17 20 15
1 2 16
8 11 18
22 0 12
7 9 16
2 5 6
17 18 10
5 6 15
22 0 7
16 16 15
3 5 4
6 8 1
11 14 15
6 8 7
7 8 5
16 17 14
11 14 10
6 8 10
7 10 18
12 15 14
13 14 8
20 22 16
23 0 19
11 12 15
16 17 20
20 22 16
4 5 8
6 9 15
8 10 19
1 3 18
4 6 14
11 14 11
14 15 20
8 10 15
11 10 16
18 19 16
0 1 14
4 5 18
21 22 4
4 8 14
4 4 19
8 12 11
16 17 19
21 0 9
22 1 13
15 18 9
5 7 7
0 3 14
9 12 10
3 5 8
8 10 20
17 19 19
17 18 12
1 4 9
12 13 18
16 19 9
22 0 19
5 7 5
2 3 11
14 15 13
20 23 5
3 5 14
2 4 4
6 10 15
14 16 12
16 19 19
4 6 1
5 6 7
20 23 18
6 7 19
8 9 19
0 1 10
7 9 17
2 2 17
9 10 11
6 8 17
11 13 12
10 11 10
1 4 18
3 7 12
10 12 17
14 15 7
9 12 11
1 4 9
1 2 18
10 12 19
10 12 17
2 3 20
8 12 16
4 7 17
18 19 14
5 7 14
8 11 20
15 17 12
23 0 4
19 19 17
6 7 19
5 7 16
13 16 8
7 10 1
20 23 9
0 4 19
3 5 1
23 23 5
3 5 12
0 3 4
4 6 3
3 4 3
14 17 9
16 18 6
16 17 2
22 1 7
18 21 20
15 18 17
3 6 7
9 12 19
20 22 11
1 3 9
22 0 11
14 14 12
15 17 18
11 12 4
6 7 10
11 13 19
8 11 16
1 5 14
3 5 14
14 17 7
11 13 11
10 13 17
4 6 18
16 19 10
17 20 5
2 4 3
19 20 11
18 21 17
0 1 20
13 17 14
3 5 11
5 6 7
4 8 12
12 15 5
14 16 2
9 9 11
13 17 20
18 19 18
2 4 16
5 7 14
14 15 15
10 13 1
1 3 10
20 22 3
12 14 9
10 13 1
12 13 12
2 3 20
7 9 17
0 2 18
3 7 11
7 9 17
18 19 10
5 9 9
5 7 7
3 5 2
4 8 19
10 12 8
23 1 18
17 20 14
11 12 16
8 11 15
23 1 15
21 0 11
16 18 11
16 17 6
8 12 13
2 4 10
20 0 7
19 19 4
20 23 11
10 12 7
12 13 6
9 12 1
20 22 8
4 6 14
15 18 15
19 20 12
13 14 1
0 2 8
6 9 10
21 23 8
9 12 12
5 7 14
20 23 17
15 17 8
20 21 8
10 13 6
7 9 14
19 21 6
6 7 14
5 8 2
1 3 5
7 10 20
3 3 1
13 15 18
12 14 18
17 20 5
22 23 20
18 19 20
0 2 6
16 18 7
7 9 14
23 1 18
0 1 15
1 3 14
7 9 6
14 14 8
21 22 7
21 0 15
14 17 16
4 5 1
14 17 20
2 4 8
20 23 19
4 6 14
2 4 9
23 2 3
22 0 5
22 23 3
20 21 4
1 1 15
19 21 9
5 4 14
20 22 8
8 10 13
10 12 12
8 11 6
20 0 14
18 20 4
12 15 12
23 3 2
16 18 5
19 20 8
19 19 20
10 12 20
6 7 5
17 19 12
17 19 5
9 12 2
2 2 17
1 3 14
12 14 7
6 7 18
2 4 9
11 14 15
3 4 18
12 14 14
14 15 4
1 4 9
12 13 9
2 2 15
14 17 15
1 3 9
9 11 15
19 20 2
8 10 7
9 11 19
4 5 1
16 16 12
16 18 17
18 19 2
8 9 2
17 19 1
13 17 9
16 17 19
4 4 19
7 8 11
16 19 7
17 20 3
1 5 16
10 12 6
0 2 3
16 18 5
6 9 2
16 17 10
7 7 1
5 6 10
2 2 20
13 14 19
18 20 6
15 16 4
11 14 4
9 11 12
11 13 15
10 11 8
3 4 6
5 7 13
19 20 6
1 3 12
1 1 4
15 16 2
21 23 9
8 12 6
5 7 17
3 4 20
6 8 8
7 9 14
13 14 1
17 17 4
20 22 3
0 4 6
6 8 10
18 19 12
3 5 18
5 7 10
22 0 16
15 16 7
15 18 3
5 6 1
0 1 10
5 5 13
8 10 16
17 18 1
22 0 11
13 15 15
0 -1 11
19 21 11
23 0 11
11 13 4
6 7 19
5 8 7
12 14 9
4 5 9
15 18 20
10 12 9
7 9 3
20 21 3
16 18 8
7 9 15
22 0 19
3 6 2
22 1 6
16 19 5
3 5 3
17 19 14
12 16 11
19 21 13
11 13 2
23 0 9
21 23 8
10 11 15
7 9 10
3 5 7
14 16 8
11 14 18
7 9 19
9 10 9
17 21 12
3 4 15
3 6 14
23 2 13
18 18 2
4 7 20
13 15 11
3 4 7
19 22 20
8 9 14
18 21 18
20 23 8
7 11 8
19 21 19
6 8 2
4 6 9
14 18 1
19 19 18
4 5 12
13 14 2
11 13 12
19 20 2
12 15 11
1 4 1
23 1 8
3 6 16
21 0 6
7 8 20
6 9 4
12 13 6
23 1 12
15 17 4
9 10 12
20 21 5
16 19 5
22 0 18
13 15 6
15 16 15
11 13 4
19 22 8
5 6 12
5 7 18
15 19 17
3 5 17
19 21 18
23 1 7
17 19 10
3 6 12
4 8 2
13 14 19
23 0 17
14 16 17
1 3 12
4 8 16
23 0 17
3 5 11
22 23 7
18 20 7
0 3 12
8 9 11
23 1 1
8 11 7
22 23 16
3 5 10
13 15 20
3 5 3
19 22 16
13 14 3
8 11 9
23 0 15
9 12 6
11 13 15
18 22 13
13 14 17
18 20 11
10 11 8
3 4 16
20 0 4
20 21 3
10 11 15
12 13 8
1 3 14
21 22 4
9 11 3
3 4 11
21 0 1
23 1 15
5 7 14
3 5 8
19 20 19
7 9 15
16 18 7
23 2 6
21 0 6
23 1 4
1 3 9
19 22 8
0 2 1
4 7 15
22 22 4
5 6 10
21 21 16
11 14 4
23 1 3
10 13 1
4 7 20
16 18 20
9 11 9
19 22 6
13 16 3
19 21 20
7 11 5
21 23 12
13 18 13
23 1 1
21 1 10
22 2 19
4 6 15
21 0 9
14 16 12
20 22 10
16 18 2
6 9 12
3 6 7
16 18 6
12 13 4
17 19 11
10 12 18
13 15 13
8 9 3
17 19 12
7 10 3
9 11 20
8 10 17
4 6 4
8 10 17
18 21 16
12 15 19
23 1 7
8 10 10
6 8 17
18 22 10
19 22 19
14 15 16
17 18 8
7 8 12
13 13 18
17 21 10
18 19 3
20 23 10
14 15 4
3 4 4
9 10 1
19 20 13
7 8 3
8 10 10
4 5 19
7 9 15
21 0 15
1 3 3
7 10 16
7 9 1
12 13 7
3 4 4
9 11 14
0 4 11
11 12 7
14 16 3
19 21 4
3 5 4
10 12 2
3 5 17
2 4 9
6 8 10
21 21 8
15 17 12
11 13 1
7 9 3
3 7 1
11 12 17
2 6 6
16 20 1
19 21 5
0 3 15
1 2 16
12 14 5
21 23 18
16 20 17
2 4 3
11 13 18
23 0 14
14 16 5
23 3 13
1 2 14
8 10 18
18 20 1
14 17 1
12 14 14
19 23 7
23 1 1
17 19 1
5 9 7
10 14 11
21 22 15
15 17 4
16 16 4
10 15 18
11 13 16
17 19 6
6 9 17
19 22 12
23 1 13
22 21 5
14 17 11
0 1 14
15 18 2
4 6 15
13 15 19
6 6 7
19 22 18
16 18 2
19 20 5
11 13 5
16 17 17
22 1 16
4 5 6
16 19 16
13 14 14
19 21 11
10 13 12
17 21 5
0 1 2
1 2 18
18 20 3
16 19 8
8 11 17
15 17 10
8 8 1
5 6 2
9 10 1
22 0 16
17 20 20
5 9 9
11 15 13
11 13 9
22 23 14
5 7 16
20 22 18
6 7 9
8 10 9
19 21 2
13 14 9
0 3 15
5 6 5
3 5 7
18 18 19
12 14 3
8 9 1
0 1 13
8 9 6
0 1 11
12 14 4
11 14 9
15 17 15
9 10 5
11 12 12
10 11 12
17 18 3
23 0 11
23 3 11
18 20 7
6 9 1
17 19 16
3 6 13
5 9 7
14 15 7
20 21 16
18 21 16
23 2 15
15 17 10
22 23 15
12 13 20
21 23 1
9 11 3
3 4 19
19 20 17
23 2 8
1 3 7
5 6 9
21 23 5
8 11 2
21 23 4
12 13 10
20 22 4
9 11 1
4 6 18
20 0 16
19 20 2
23 2 18
6 6 12
19 23 20
17 19 2
4 4 18
15 17 8
6 8 13
8 10 1
12 14 1
19 22 14
15 17 5
14 15 15
13 15 14
2 4 3
0 1 11
21 23 2
8 9 7
6 8 18
8 9 4
2 3 12
17 21 18
9 11 1
19 21 1
11 12 20
3 3 8
2 3 1
22 0 8
15 16 16
12 13 12
17 18 11
13 18 13
13 15 1
7 9 10
21 22 13
6 7 4
1 3 19
16 17 12
12 16 15
5 8 3
10 11 16
14 16 19
22 1 16
7 9 4
12 15 15
0 2 3
3 6 9
18 19 16
1 4 4
3 5 8
2 3 2
17 18 18
7 10 8
10 12 19
3 6 10
15 19 20
20 23 12
5 7 1
18 19 2
19 20 18
21 23 4
12 12 12
4 7 5
5 8 19
14 15 10
2 3 10
22 0 4
7 11 11
18 19 10
21 23 9
13 15 1
6 8 16
2 5 17
11 13 8
23 2 17
13 15 19
13 14 15
20 22 6
13 13 13
17 18 2
8 10 18
17 18 20
0 3 16
2 5 19
10 14 3
23 1 18
16 18 2
4 5 5
0 2 4
8 9 14
11 11 13
9 9 20
14 16 10
5 8 20
11 14 3
10 12 19
9 10 13
1 3 2
23 0 5
15 17 11
9 11 2
12 14 19
6 7 9
7 10 16
19 21 20
1 3 2
15 17 6
17 18 7
7 10 6
11 15 12
23 2 4
2 5 8
4 7 20
19 23 1
3 6 12
0 1 10
12 14 17
22 23 8
16 18 18
16 19 10
19 20 8
0 3 12
19 22 3
15 18 16
23 2 5
13 17 1
15 18 19
18 20 2
1 3 10
13 14 12
18 20 8
4 6 2
10 13 19
17 21 6
12 13 8
11 14 1
13 14 2
7 10 5
17 20 16
3 3 6
11 13 10
1 4 16
8 8 15
16 18 12
16 18 9
22 23 3
15 17 9
0 1 4
1 4 6
0 2 7
1 4 19
4 5 20
22 23 8
12 12 16
1 2 20
17 18 12
1 3 11
9 11 6
20 22 12
4 4 12
2 4 17
11 13 12
8 10 14
1 4 14
13 16 8
21 23 13
7 10 3
19 21 6
3 6 18
18 20 18
17 19 7
21 23 11
12 15 1
22 0 19
4 7 9
16 17 10
12 15 5
8 10 11
15 17 11
8 11 18
17 19 1
10 12 9
22 1 5
5 8 6
18 21 20
21 0 8
15 18 12
5 8 11
15 15 19
8 9 14
13 16 15
14 16 2
5 7 20
3 6 18
16 18 12
17 20 2
13 16 15
15 17 18
1 4 9
12 14 20
5 8 13
0 3 20
17 18 15
14 17 19
0 3 9
15 15 1
18 19 6
6 8 1
23 23 12
13 16 19
12 14 20
20 22 4
7 9 20
14 18 12
9 10 19
19 22 2
20 22 17
23 1 9
10 12 9
15 17 10
12 14 14
18 22 16
13 15 7
21 21 18
3 4 7
12 13 5
21 23 8
9 12 6
3 5 18
14 15 19
16 18 7
18 21 6
20 22 1
12 15 14
21 23 2
20 23 2
10 12 11
13 17 14
16 19 1
4 6 6
18 19 20
10 11 2
0 2 6
13 17 5
6 9 18
20 22 15
14 16 16
9 10 11
14 17 19
11 13 18
8 10 18
22 0 6
14 17 9
16 18 13
5 7 15
3 5 18
20 0 9
5 8 19
19 21 15
13 13 1
23 0 4
14 16 4
20 23 12
