2610 20
13 10 15 8 5 12 20 7 10 8 6 18 2 12 1 14 2 5 3 13 
1 3 6
14 17 13
16 19 7
18 21 2
1 4 11
16 16 12
17 18 5
21 0 15
17 19 1
22 1 20
13 16 9
9 14 4
21 0 2
6 9 18
13 17 15
20 21 18
19 21 2
13 14 11
21 0 6
6 8 10
18 20 19
5 5 7
12 13 17
4 5 8
16 19 20
7 9 13
15 17 9
8 9 14
20 22 9
7 8 1
18 22 3
23 2 20
10 11 8
0 2 13
11 14 20
2 2 6
2 4 10
9 11 6
9 11 17
16 19 10
4 5 11
14 17 14
13 14 20
4 7 11
23 1 5
0 2 9
14 15 18
4 7 5
11 14 3
20 22 15
8 9 13
11 14 8
20 0 12
3 5 15
0 2 7
15 16 16
18 19 3
19 22 6
13 13 4
8 10 3
1 2 10
9 11 9
14 15 4
5 8 18
5 7 19
7 8 3
5 7 2
22 0 15
9 11 13
11 14 14
20 22 8
6 7 20
3 6 5
11 12 7
2 5 18
9 11 14
4 5 20
21 22 9
1 3 19
3 3 5
11 12 15
3 4 19
8 10 10
9 11 17
14 16 19
2 5 7
11 12 19
20 23 19
17 20 7
7 8 6
19 22 3
3 4 13
23 2 2
21 23 18
19 22 13
22 23 12
6 7 15
14 15 15
13 15 13
13 15 9
12 15 9
6 8 10
10 12 16
23 1 16
20 21 20
8 11 10
5 7 7
8 10 20
15 16 4
4 3 4
13 15 12
3 4 14
20 23 6
9 10 17
15 18 6
11 13 14
23 3 3
2 5 4
11 13 8
10 11 8
20 0 5
4 5 10
7 10 3
14 18 8
13 13 5
17 19 9
12 15 7
6 9 19
22 0 6
8 11 4
11 13 7
14 17 11
8 7 12
8 12 13
15 18 1
14 17 11
20 0 4
13 16 4
17 20 14
20 22 12
23 2 7
20 22 11
9 11 2
4 7 4
0 2 14
4 5 4
18 20 14
12 13 16
11 13 19
13 17 7
9 10 5
9 13 16
0 1 20
19 22 5
12 11 2
4 6 18
5 6 15
18 20 10
15 18 18
1 2 4
20 22 15
19 23 19
2 3 14
0 0 4
3 5 20
4 5 8
3 5 2
4 6 20
4 4 10
0 2 12
9 11 4
7 9 7
11 13 18
3 4 1
1 2 11
22 0 17
3 4 13
19 21 6
15 16 15
16 16 6
10 13 14
3 5 3
14 15 1
2 5 12
3 4 8
10 13 5
0 2 18
21 23 5
15 17 16
3 5 19
16 18 19
14 14 15
18 20 4
23 3 1
5 5 18
13 15 17
7 9 7
9 12 5
5 10 10
2 3 5
8 9 14
7 10 16
4 6 19
23 2 8
14 15 3
22 0 11
16 19 14
8 10 5
10 12 19
4 7 17
9 12 20
18 21 17
2 3 3
4 6 8
21 22 12
21 22 16
13 15 1
19 23 10
4 6 20
1 5 5
14 17 17
12 16 6
2 4 9
12 15 18
15 18 7
17 17 20
18 21 4
9 13 15
10 12 20
19 22 18
15 17 11
19 19 9
12 14 15
13 14 2
13 17 3
11 13 20
14 17 9
21 23 7
5 8 14
14 15 10
14 14 7
22 0 11
9 12 20
20 21 6
7 10 12
13 15 16
7 9 7
20 21 8
21 1 17
11 12 18
17 19 12
3 5 19
11 15 8
10 10 17
14 17 2
11 13 3
12 14 9
17 20 4
23 2 6
1 1 14
15 17 19
18 20 14
21 0 9
8 10 14
16 18 20
10 11 4
2 3 9
20 22 2
17 18 15
22 1 20
8 10 6
13 15 1
13 16 4
21 1 15
16 16 11
21 0 8
9 11 12
23 0 11
18 19 8
14 16 4
0 3 17
23 3 16
21 22 18
18 22 12
1 3 4
15 17 5
14 16 17
20 22 16
17 18 16
13 15 15
22 0 13
14 15 1
3 4 13
21 23 15
9 11 4
23 3 2
10 12 1
10 11 19
7 8 20
14 17 12
17 19 19
17 20 11
4 7 9
1 1 20
1 1 12
13 16 8
8 12 16
20 23 8
8 9 4
4 7 17
7 8 14
8 10 6
0 2 19
19 21 14
3 5 5
23 2 7
6 8 12
23 0 1
3 4 18
5 6 11
11 13 16
5 6 4
15 16 5
4 6 13
1 2 5
12 15 16
10 12 14
23 0 9
10 14 19
11 13 1
22 23 16
3 5 1
14 15 10
3 5 12
15 17 1
20 22 13
6 8 14
19 20 2
6 7 6
11 10 3
4 7 13
9 11 11
5 6 12
6 8 8
10 11 1
5 7 4
19 20 14
12 15 16
2 2 11
13 15 5
0 2 17
10 14 5
6 8 13
20 21 9
7 9 2
15 17 18
4 8 12
4 6 7
4 6 9
1 3 16
4 7 8
21 21 20
10 12 5
14 14 8
2 4 6
9 12 10
21 22 5
15 17 19
23 2 9
5 7 5
19 20 3
23 23 11
18 20 17
7 8 4
10 12 8
23 0 11
3 6 18
0 2 8
11 14 13
13 14 18
11 12 1
22 23 18
10 12 8
13 15 5
5 7 11
14 15 10
15 16 15
4 7 8
4 6 11
9 11 3
18 20 15
5 7 18
19 21 3
11 13 19
1 3 7
15 17 5
1 3 12
10 13 15
16 18 13
12 14 2
17 20 11
0 2 15
19 22 20
2 3 1
23 0 10
17 20 8
0 3 1
11 13 12
11 13 19
10 13 20
17 19 19
17 19 14
19 21 4
4 7 10
12 15 16
16 18 3
9 9 1
0 2 16
2 2 13
19 20 8
8 9 6
11 13 5
9 11 18
15 17 4
8 10 6
5 6 17
11 12 19
12 14 6
19 20 20
19 19 18
8 11 19
19 20 2
1 3 18
14 15 3
0 2 10
11 14 14
4 7 11
2 4 17
9 11 1
4 4 5
23 0 7
8 9 8
5 5 13
23 4 20
19 21 3
16 18 10
6 8 18
9 11 10
20 23 14
22 0 2
3 3 4
14 16 14
6 9 5
11 14 8
10 12 14
13 15 20
9 9 6
7 10 19
21 22 9
23 3 5
0 4 6
12 11 17
12 14 1
4 7 12
20 23 6
22 23 15
23 0 17
20 23 2
21 22 18
2 3 18
21 2 19
12 14 6
5 9 18
1 3 12
12 15 18
12 14 2
22 0 20
18 19 18
4 6 5
21 22 10
7 8 20
23 3 1
3 5 17
12 14 17
9 10 2
5 7 3
5 5 3
8 13 6
13 15 16
13 16 14
8 10 15
19 23 12
17 18 19
8 10 10
1 2 14
17 21 13
9 9 12
22 23 13
0 3 16
3 6 4
20 22 13
18 19 8
21 23 15
12 13 20
19 20 6
2 3 7
13 16 7
3 5 7
1 2 14
21 23 5
10 13 11
15 16 16
0 1 5
0 2 1
2 4 17
17 20 16
8 10 1
16 19 6
2 3 3
15 17 3
6 8 6
3 6 15
10 13 3
16 18 17
4 6 19
21 0 11
3 5 16
11 13 16
19 21 18
15 17 15
22 0 9
14 17 16
18 19 13
0 1 1
23 23 17
8 10 6
15 16 18
10 13 16
18 18 11
16 18 4
1 2 6
15 16 20
15 17 16
13 16 2
23 2 11
13 17 13
13 15 13
8 10 12
8 9 17
2 4 19
0 2 12
16 18 12
19 22 12
19 20 3
13 16 18
15 17 19
15 17 11
19 21 20
17 19 10
8 10 10
20 23 13
5 8 12
16 19 14
14 17 11
0 2 20
11 11 18
16 18 13
3 5 10
10 12 17
12 13 12
20 23 19
21 22 12
6 10 16
13 16 13
23 1 8
4 6 10
13 16 17
23 0 8
17 19 11
17 17 4
6 7 16
5 6 10
15 17 9
0 4 6
7 9 9
5 6 5
3 5 1
21 22 14
20 20 11
19 19 5
19 21 20
13 15 7
19 21 20
20 22 20
23 3 9
20 23 5
6 10 9
5 7 12
20 23 1
6 7 8
19 21 10
18 21 5
20 20 20
4 6 17
10 12 6
20 0 11
8 10 14
23 1 6
16 18 13
6 6 19
21 23 4
18 21 2
17 17 14
2 3 14
17 18 19
17 18 19
8 11 7
9 10 19
1 3 7
16 17 4
3 4 16
19 20 2
18 21 4
1 4 8
12 12 12
2 2 15
6 6 18
8 10 8
15 18 17
0 3 18
22 0 7
7 9 3
14 17 6
18 19 1
18 20 16
11 12 12
16 17 12
18 21 5
6 8 1
18 20 12
2 5 2
14 16 16
8 10 11
1 2 17
8 10 2
3 6 20
19 22 12
11 13 1
4 5 6
7 9 5
22 23 20
7 11 8
7 9 8
21 23 17
0 1 12
15 18 15
22 23 17
22 0 14
8 11 15
15 17 14
4 8 9
3 5 18
20 22 2
18 22 20
10 12 9
9 10 3
1 4 7
19 21 10
7 9 14
5 7 14
19 21 19
10 13 10
11 12 14
8 10 8
16 18 7
15 17 2
20 0 16
0 4 14
19 20 7
20 21 3
0 4 12
6 8 7
4 6 1
6 8 6
17 20 10
3 7 19
21 23 16
2 5 6
1 5 17
17 19 11
8 10 12
10 12 13
21 23 15
4 5 18
1 1 18
19 20 6
12 13 8
22 1 11
23 1 15
2 4 15
3 6 10
2 3 15
12 13 3
8 11 15
3 4 5
20 21 13
7 6 5
21 23 11
7 10 19
9 10 3
17 20 4
0 2 1
12 14 4
4 7 8
11 13 12
21 23 13
8 9 19
3 8 5
13 13 1
2 4 9
17 17 16
5 7 4
1 3 17
23 0 13
1 4 7
14 16 10
20 23 5
12 14 18
5 7 4
10 12 19
1 3 11
21 0 6
13 16 7
12 14 2
19 21 14
21 22 10
21 23 16
0 2 19
11 12 20
11 13 14
6 8 1
11 12 19
10 12 14
5 8 17
19 21 16
10 10 12
7 8 10
13 15 3
3 6 1
13 14 4
1 2 6
21 0 9
14 15 6
19 20 20
9 12 16
22 0 8
16 18 6
15 17 7
0 1 9
19 20 4
9 10 10
9 9 8
7 9 2
0 3 12
7 9 4
21 23 12
10 12 18
11 14 14
18 19 2
16 17 4
21 21 13
3 5 7
0 3 8
3 6 3
10 13 14
8 10 11
7 8 1
12 13 6
15 17 9
15 16 1
11 12 11
11 12 18
11 14 16
12 14 12
22 2 9
4 6 20
0 0 12
8 10 9
2 3 15
5 6 11
1 3 8
11 13 7
19 23 18
7 10 13
22 23 7
15 18 17
20 23 3
22 22 5
9 11 15
12 15 7
7 8 19
16 19 2
23 0 10
23 1 9
18 21 4
22 23 3
23 23 8
0 1 13
6 8 17
9 11 19
3 4 17
17 19 17
1 2 11
19 21 2
12 15 5
19 21 1
22 1 6
0 2 14
17 19 11
3 5 9
12 13 18
18 20 20
2 4 13
12 13 6
23 0 2
22 1 5
9 10 18
1 3 1
7 10 18
19 22 18
3 5 17
2 4 19
3 5 14
1 2 20
16 18 15
22 23 13
17 19 9
18 19 2
23 1 19
3 5 11
22 0 15
16 18 9
22 1 9
15 17 4
11 14 4
14 15 2
12 16 16
12 13 2
4 4 14
0 3 17
4 6 7
18 21 8
2 4 3
0 2 18
23 0 13
19 20 16
22 23 7
2 5 18
5 7 8
15 16 9
9 11 7
21 0 11
23 2 8
23 23 18
0 1 6
1 4 1
14 17 1
22 1 9
16 16 17
0 1 18
15 17 18
4 4 13
10 11 1
3 5 19
7 10 19
5 8 16
0 3 15
1 1 4
11 14 5
16 17 17
3 5 15
9 13 4
14 15 9
15 17 6
22 22 2
5 7 13
22 22 5
11 12 19
23 1 1
8 9 2
23 2 15
21 23 13
2 6 3
11 14 20
14 16 6
2 4 2
19 20 2
15 18 2
4 6 10
8 9 4
14 14 14
12 13 16
17 20 2
6 7 3
15 18 1
11 11 4
1 3 14
6 9 19
17 19 11
2 5 17
11 13 13
7 10 18
4 7 9
12 14 4
21 22 5
15 19 1
9 10 7
19 21 2
15 17 18
8 8 8
17 19 19
11 14 6
9 10 15
4 5 2
22 1 14
12 13 16
3 4 5
12 15 20
18 19 13
19 22 2
17 18 16
21 23 5
2 6 3
19 20 11
12 13 2
21 1 3
16 17 9
23 0 15
9 14 3
16 20 4
0 0 20
12 14 19
22 20 10
19 22 16
12 15 5
14 18 11
12 15 11
0 2 13
20 21 9
4 4 4
4 5 16
3 6 8
2 5 17
6 8 18
13 13 17
15 19 2
8 9 4
16 18 4
19 20 9
3 7 14
21 23 7
7 9 3
7 8 15
5 8 11
1 4 4
17 19 20
16 18 3
14 18 17
0 2 2
21 22 16
0 5 16
2 3 9
20 22 12
19 20 19
5 7 7
6 7 17
14 16 7
20 21 2
17 18 15
20 22 1
11 15 8
16 18 17
2 4 13
23 2 10
1 4 15
16 19 14
20 23 5
16 17 8
8 10 14
14 17 15
21 0 15
18 20 8
0 2 8
11 13 8
16 19 8
1 2 19
8 11 3
3 6 16
17 21 5
11 12 20
22 1 15
21 23 12
16 18 13
22 0 12
7 8 15
3 4 13
7 9 15
17 18 10
20 22 14
6 9 4
14 16 17
14 15 14
15 17 19
1 1 15
13 15 14
6 8 7
20 0 5
16 19 13
23 23 9
23 1 8
4 7 5
7 10 15
2 3 6
18 19 18
14 17 18
14 17 2
0 1 11
8 11 10
5 5 17
8 9 4
8 10 10
13 14 14
12 14 4
2 4 11
14 16 5
18 21 11
23 2 19
21 22 9
4 6 4
12 14 19
15 17 2
17 20 17
0 1 3
9 10 4
17 19 3
21 22 4
8 9 6
0 2 13
23 1 11
13 16 3
16 21 2
3 4 2
16 17 4
4 6 15
13 14 14
23 2 4
7 9 16
3 6 6
8 10 12
14 16 10
21 22 6
0 3 8
0 2 1
0 1 6
2 3 11
14 14 17
8 11 10
2 5 9
13 14 2
17 17 12
21 23 15
21 0 16
6 9 16
21 1 5
23 2 7
19 21 5
22 1 13
15 17 11
22 23 17
21 0 4
23 3 20
23 0 8
5 8 9
12 15 14
13 15 13
22 23 5
15 17 17
17 19 4
3 4 4
9 11 12
7 8 19
20 23 19
2 5 17
18 20 7
11 14 4
19 22 4
5 5 3
19 20 10
2 3 14
15 17 3
13 16 13
13 16 2
20 20 13
2 4 10
11 13 5
13 15 2
4 8 14
18 19 6
16 16 17
16 18 17
22 0 17
15 18 20
4 6 7
12 13 17
9 12 7
4 6 13
15 18 8
10 13 17
17 19 6
12 14 4
17 20 20
12 13 3
14 15 18
19 22 9
15 16 15
11 13 8
10 13 19
16 17 1
8 10 19
14 17 10
18 20 13
17 20 11
9 10 6
0 0 4
22 23 8
16 17 9
15 17 18
7 10 9
11 12 3
16 19 14
8 11 2
15 15 14
7 9 9
23 0 2
5 7 16
18 20 17
6 8 11
18 20 1
22 1 11
0 2 7
18 21 9
10 11 13
20 23 2
7 8 15
23 2 15
13 15 6
19 20 15
0 2 15
16 18 1
4 5 1
6 10 13
21 22 12
20 22 1
17 19 14
22 1 1
6 8 5
0 2 20
2 4 15
0 3 20
15 17 3
16 15 13
8 9 15
11 13 18
1 4 12
20 23 2
5 5 17
6 8 13
12 15 17
7 9 7
6 8 1
6 7 5
20 23 8
2 6 10
7 8 1
23 1 10
5 7 20
5 8 2
19 22 13
1 2 4
15 16 18
19 20 13
12 13 20
20 23 16
5 8 6
8 11 7
20 22 3
12 15 1
4 7 1
7 9 8
4 6 9
20 23 12
10 11 15
20 22 9
21 23 14
17 21 10
8 10 17
18 19 1
13 15 5
7 11 11
0 1 11
22 21 3
13 14 6
13 16 19
19 21 13
4 6 17
18 18 3
7 9 20
13 15 1
3 6 1
20 22 4
10 12 16
9 13 2
12 16 20
1 2 11
15 17 7
17 18 5
10 11 18
17 21 3
5 7 13
1 2 17
6 7 8
14 17 15
16 17 11
2 3 13
5 7 15
6 9 16
9 12 12
7 10 15
22 0 19
3 4 11
1 2 13
2 5 1
23 0 14
13 15 14
5 7 17
12 16 2
12 14 20
23 1 13
13 15 14
5 7 7
22 1 14
12 14 2
23 2 17
12 15 15
23 1 7
23 1 4
19 21 4
9 12 1
19 21 12
7 8 19
11 15 19
11 14 16
16 17 9
5 8 9
15 17 20
0 1 3
15 16 11
2 4 14
21 0 17
23 2 11
8 10 15
12 14 7
17 19 9
11 14 9
21 23 9
9 11 4
13 15 18
5 7 2
0 1 13
6 9 10
16 18 17
15 18 2
22 22 9
21 2 9
20 20 17
17 18 6
5 9 3
23 0 13
15 18 20
3 4 4
7 8 9
19 22 18
17 18 12
22 22 15
6 7 7
9 11 10
17 20 15
16 19 15
18 21 3
3 5 16
4 6 14
21 23 4
13 15 10
9 12 3
15 17 4
2 5 13
1 5 15
11 14 1
12 14 12
13 15 16
14 17 1
6 8 3
7 8 10
11 14 17
14 17 11
7 9 5
7 8 18
11 13 4
2 2 2
12 14 20
13 16 14
12 13 12
22 0 3
1 3 14
14 16 2
4 7 8
5 7 4
10 14 3
23 1 4
14 16 2
20 22 20
5 6 1
6 6 17
6 7 3
16 18 11
14 15 3
6 8 18
11 14 6
19 20 7
19 20 8
9 9 11
3 6 6
13 16 9
16 18 17
18 21 6
0 2 3
11 14 9
9 10 11
8 10 13
22 1 5
5 8 12
6 9 3
20 23 1
8 10 13
19 21 5
8 11 5
18 20 3
7 8 10
19 21 15
17 20 17
0 4 5
12 14 13
12 15 12
9 11 13
13 16 11
23 1 12
9 10 9
0 3 20
14 16 12
20 21 15
13 16 2
13 13 5
2 4 13
7 9 1
6 10 19
3 6 1
4 4 2
4 7 12
3 6 15
23 0 19
5 7 14
11 14 11
17 18 16
3 4 14
13 16 15
20 21 3
3 5 5
18 17 11
14 16 10
15 18 17
5 7 19
1 1 5
6 9 10
19 21 20
2 3 1
8 11 13
14 16 2
5 9 10
16 18 10
0 2 1
3 6 15
8 10 19
11 13 13
21 0 1
14 17 5
15 16 6
1 4 11
18 20 18
11 12 20
1 5 7
2 4 11
3 3 4
5 8 16
6 8 16
1 2 19
17 19 18
22 0 1
21 21 2
10 13 7
6 7 4
12 15 4
20 23 1
12 14 12
3 7 1
8 10 20
12 14 6
21 23 9
4 6 19
19 21 16
15 15 6
3 7 10
4 5 11
12 14 12
5 8 4
3 5 19
14 16 13
23 1 7
1 3 7
8 8 13
19 20 3
22 3 17
3 7 18
22 22 13
6 9 4
11 12 13
9 13 3
5 6 19
5 9 13
15 18 20
0 2 7
18 20 8
11 14 8
22 23 11
0 1 7
18 20 5
15 15 19
13 15 17
22 22 9
5 5 1
12 14 1
9 10 14
18 19 15
0 3 20
9 12 11
12 16 3
2 5 9
10 11 13
22 23 2
9 12 19
1 5 16
18 21 10
6 7 8
15 17 10
4 6 6
22 23 11
3 6 3
22 22 15
21 21 8
9 11 12
19 22 9
12 14 18
21 23 12
13 17 19
23 0 15
5 6 16
5 6 1
10 13 17
17 18 16
18 21 5
14 16 16
5 7 4
6 7 19
15 16 4
21 23 8
20 23 16
4 3 18
2 5 13
20 21 4
1 4 4
10 13 19
17 19 12
6 6 9
2 4 16
5 7 15
11 14 6
21 23 13
16 19 9
9 12 2
14 16 10
12 12 4
15 17 19
6 6 6
22 23 8
3 5 2
1 2 20
16 19 18
10 14 14
19 21 2
1 3 8
22 0 2
6 8 10
23 3 12
16 17 18
15 15 1
14 16 11
0 3 10
17 20 18
10 11 6
5 7 6
18 19 1
8 10 3
22 0 3
16 17 12
2 4 18
19 22 14
23 23 15
11 12 5
1 3 16
20 22 9
1 2 3
15 17 8
3 5 13
7 9 5
20 20 14
21 23 18
12 13 19
1 3 14
7 8 3
19 21 1
7 11 1
3 4 6
9 9 14
13 15 15
17 18 13
21 0 5
21 23 4
10 13 9
14 15 17
17 18 20
21 22 9
1 3 16
22 2 1
16 17 15
8 8 19
14 16 13
4 7 5
17 19 6
17 19 3
12 14 13
23 1 9
21 23 9
14 17 10
16 18 20
4 5 13
14 17 16
6 8 2
2 3 2
13 14 7
2 4 1
9 11 3
15 18 9
11 13 15
12 14 15
3 4 1
10 11 11
10 11 17
3 5 3
22 0 18
0 3 4
6 8 19
10 12 2
21 22 5
16 21 3
19 21 8
16 18 19
6 9 19
10 12 13
17 19 10
1 4 2
5 7 16
10 12 2
17 18 8
0 3 8
8 10 3
18 19 19
8 9 18
9 12 20
8 10 20
17 19 1
10 12 7
23 0 15
22 23 15
9 12 14
14 17 1
13 14 15
19 21 4
9 11 14
11 14 12
7 9 8
12 15 19
7 9 9
0 2 1
2 3 20
12 13 1
13 16 11
18 20 1
3 4 4
2 6 14
17 18 12
18 21 5
2 6 8
6 9 12
12 15 10
11 13 17
7 8 20
13 16 13
18 22 11
15 16 18
12 14 7
4 5 19
0 2 9
22 0 1
3 4 7
7 9 20
13 16 3
10 10 18
20 0 4
22 1 10
9 10 15
7 9 6
16 17 10
18 20 20
10 11 12
4 5 6
9 11 1
6 7 7
9 11 17
2 4 12
3 4 11
1 3 14
4 7 11
16 18 2
16 18 2
2 4 12
13 16 11
8 9 2
22 0 9
0 1 14
4 6 16
11 12 13
21 23 20
7 9 17
3 5 3
11 12 18
19 20 16
17 20 13
21 0 9
21 1 6
16 19 2
4 6 7
16 18 18
15 18 17
5 8 11
9 10 2
22 0 20
18 21 7
22 23 4
11 12 16
22 1 7
5 6 19
21 0 3
8 11 4
13 14 7
15 17 3
19 20 18
12 13 19
4 6 3
21 23 8
7 9 13
19 20 10
11 14 3
0 1 5
10 11 18
21 1 16
3 6 16
8 11 10
23 0 13
3 6 9
15 16 6
6 7 9
10 13 15
6 8 20
10 13 17
8 11 1
2 5 13
3 7 12
4 8 19
15 17 9
7 7 7
23 0 12
0 3 20
3 5 13
3 5 19
15 17 15
20 22 5
4 6 10
19 19 18
16 17 16
16 16 2
22 1 18
16 17 20
18 20 20
16 20 18
1 3 16
8 10 10
1 4 1
2 3 14
5 7 2
12 13 5
9 12 15
5 8 6
5 8 19
11 13 1
6 7 1
6 8 15
18 21 10
10 11 19
19 21 1
9 9 3
9 11 12
11 12 15
7 10 5
14 17 3
22 0 18
22 23 2
9 12 13
9 9 6
16 18 14
18 21 10
9 12 9
7 7 14
19 21 3
18 19 1
19 19 14
19 21 9
0 2 4
12 14 6
14 16 20
10 12 10
18 21 8
11 11 16
17 18 8
9 10 8
7 9 10
15 16 8
12 15 8
7 8 11
3 5 14
16 18 17
1 3 20
5 7 12
14 16 14
15 17 13
4 5 12
5 8 6
3 4 10
15 17 18
7 10 19
20 21 4
19 20 11
23 1 1
14 16 12
14 15 3
2 5 12
16 17 15
22 0 8
23 1 3
14 16 2
12 12 12
0 0 20
8 11 9
14 16 14
19 22 3
8 13 6
11 12 13
7 9 8
20 21 1
3 5 19
13 12 2
23 1 7
5 6 19
4 5 4
5 7 8
20 22 8
0 1 15
19 21 16
15 17 9
7 9 20
15 18 2
9 13 6
15 16 7
15 16 6
23 2 1
14 17 9
13 16 19
2 4 7
1 5 3
18 21 20
4 8 12
18 20 20
5 8 2
20 21 20
13 17 2
9 12 16
20 22 4
23 0 6
7 7 13
20 21 3
20 22 13
7 10 7
16 18 11
3 5 6
15 18 7
4 6 4
5 7 11
9 10 15
13 15 12
16 16 7
22 1 2
16 18 1
8 9 3
8 9 2
13 15 17
4 4 9
21 23 15
11 14 9
20 20 7
2 3 6
17 19 10
23 1 3
6 8 17
8 10 16
3 5 9
4 7 20
10 11 11
16 16 14
18 21 6
3 5 20
14 16 10
0 1 19
10 11 20
3 6 19
13 15 2
7 7 5
4 5 9
15 17 13
9 10 15
20 23 20
11 14 1
21 22 5
0 2 5
11 14 12
19 21 14
13 13 7
9 11 4
10 12 13
12 16 20
1 4 19
4 6 1
6 6 12
0 1 4
13 16 15
12 13 4
11 13 13
9 12 5
19 22 13
7 9 14
1 3 9
9 12 10
12 14 13
9 12 12
21 22 17
2 4 16
22 23 3
15 18 8
12 15 5
14 16 18
2 4 10
21 0 18
19 20 9
0 2 19
21 23 3
10 11 8
22 0 8
1 1 4
20 22 11
14 17 10
0 3 10
19 22 11
15 17 8
19 22 3
8 11 10
1 3 18
17 18 16
19 20 11
4 4 12
13 15 15
2 4 18
1 3 12
16 19 7
1 3 8
7 10 18
11 12 4
2 6 12
1 4 15
11 14 19
14 16 5
22 0 1
21 22 10
6 7 15
18 20 10
15 17 12
4 5 16
1 4 15
8 9 19
6 9 13
2 4 15
9 9 4
14 15 13
22 0 16
13 16 9
10 12 10
14 15 18
19 20 18
23 3 3
23 0 19
9 9 18
0 3 19
23 1 9
23 2 9
5 9 4
12 14 20
9 9 9
20 23 17
18 20 3
13 15 18
21 23 5
11 13 4
4 5 1
0 1 9
23 2 1
1 5 16
3 5 4
12 14 1
15 16 5
19 20 15
6 10 5
3 5 20
21 1 18
16 19 8
9 11 11
22 1 2
12 15 3
6 8 3
2 5 9
17 20 2
23 1 17
22 23 7
9 11 17
7 8 8
16 19 7
13 15 20
7 9 9
2 4 8
15 15 11
21 23 13
10 11 7
8 9 1
17 21 8
23 1 1
23 23 15
23 1 4
3 5 10
13 16 10
20 21 20
19 20 2
15 16 6
10 12 4
9 11 14
16 18 12
7 11 2
10 14 6
14 16 18
0 2 10
16 17 15
8 8 11
6 7 12
17 17 2
1 3 19
0 0 15
22 23 15
20 21 17
13 15 4
18 19 17
16 18 10
22 1 2
16 17 4
16 18 7
7 8 11
2 3 14
15 16 11
11 13 4
10 10 1
7 10 1
14 14 13
17 18 16
15 16 1
2 2 13
23 23 14
21 23 11
1 4 19
9 10 7
16 18 5
14 17 15
19 21 8
16 18 2
12 14 19
3 4 2
4 6 13
1 3 16
13 16 15
19 20 5
6 10 4
23 3 1
19 20 2
19 20 15
11 13 17
22 0 17
7 8 19
1 3 15
4 8 11
13 15 18
12 15 3
10 11 20
12 16 15
8 10 10
2 4 14
21 0 1
9 11 19
14 16 10
20 22 16
2 4 15
15 17 11
20 23 13
20 23 5
14 18 5
11 12 8
17 20 3
18 20 17
0 2 6
8 9 16
17 22 4
20 22 3
12 14 10
16 20 12
14 14 14
9 12 5
9 10 12
22 23 20
8 8 7
9 10 20
16 18 7
11 13 15
5 7 4
9 11 4
22 1 13
9 10 7
14 15 8
9 10 1
7 9 14
23 1 8
13 15 19
0 1 10
13 16 10
3 7 9
18 19 2
6 7 4
15 19 14
5 7 5
3 3 11
10 11 17
13 15 6
20 23 5
7 10 2
21 23 12
9 12 8
19 20 17
17 19 16
2 3 8
17 18 9
12 14 1
14 16 10
18 20 6
15 17 20
0 2 14
1 3 18
6 8 9
15 16 3
22 1 17
14 16 17
17 18 1
15 16 10
18 18 6
15 18 16
13 15 8
19 22 20
21 22 9
2 3 13
6 6 15
21 23 7
15 16 10
12 11 3
19 20 9
4 6 6
5 8 9
6 8 19
19 20 5
18 20 4
14 18 7
19 21 15
6 8 11
5 5 7
10 13 11
22 0 19
12 14 15
8 10 19
5 6 5
6 7 19
12 14 11
1 3 17
3 6 18
13 16 17
3 3 1
11 14 19
11 13 8
0 1 16
7 8 5
13 15 1
2 5 4
3 6 11
5 8 8
23 1 13
19 21 9
11 12 18
14 17 17
23 1 8
15 17 7
6 8 9
5 5 14
7 7 9
22 0 20
4 6 19
22 0 13
6 8 19
1 3 4
19 20 7
20 22 10
12 13 1
17 19 10
10 13 8
7 8 20
15 17 3
23 1 20
23 1 20
5 7 20
3 6 5
2 3 16
9 9 13
11 12 4
12 16 3
3 3 2
22 0 17
11 13 6
10 12 9
23 0 7
3 6 11
11 13 15
8 11 12
14 19 5
15 18 16
3 3 10
2 4 7
2 3 17
6 6 12
5 6 2
19 21 13
5 7 20
7 8 20
19 22 7
6 8 18
16 18 19
1 3 2
13 16 20
2 4 17
22 1 15
14 14 1
7 8 7
3 5 8
19 22 14
15 17 14
22 1 12
12 13 4
18 19 6
23 1 19
13 16 7
15 16 10
12 14 10
22 0 9
0 2 3
9 12 7
13 16 18
22 0 11
4 6 7
1 3 8
6 9 10
15 17 20
23 3 14
18 18 3
21 22 13
4 6 8
1 3 10
14 18 13
18 19 13
10 11 16
3 6 16
2 4 14
12 14 5
8 11 17
16 17 17
7 10 2
12 15 17
7 10 12
13 14 10
4 7 14
8 10 6
4 4 4
4 7 2
5 7 9
2 3 20
8 7 5
14 15 13
7 9 15
6 7 9
17 19 19
23 2 4
18 19 13
13 15 13
13 15 12
21 0 18
22 23 16
11 15 18
18 20 20
6 6 5
4 6 14
1 2 3
19 21 2
9 12 9
0 1 10
5 6 14
19 21 19
6 8 8
5 7 7
15 18 8
7 7 11
0 3 19
14 17 6
17 19 7
13 14 3
17 17 12
5 6 15
4 6 3
21 23 16
13 14 5
4 7 6
6 9 5
1 3 11
15 16 2
0 1 9
20 22 9
0 3 18
9 9 15
21 23 6
1 3 2
2 3 12
23 1 7
23 3 20
15 18 16
21 0 16
17 20 1
23 1 17
11 13 17
7 10 19
21 23 20
2 4 19
17 18 11
10 13 4
6 8 16
12 14 12
1 2 13
0 2 3
0 2 17
9 11 18
7 8 9
0 2 9
10 11 18
14 14 8
11 13 10
11 12 6
9 12 19
9 11 19
12 12 4
12 15 13
19 20 8
13 15 4
3 6 9
16 20 10
10 11 9
3 5 1
9 13 2
22 0 10
3 5 9
17 20 8
9 12 9
14 16 20
11 13 13
10 13 10
10 11 3
10 13 1
8 9 1
3 5 18
2 5 7
3 5 10
13 16 19
12 15 5
13 12 6
11 12 15
7 7 5
16 18 18
23 2 7
9 10 1
13 16 6
16 18 3
14 15 18
11 14 7
7 9 4
1 3 18
1 3 8
14 16 12
8 9 12
0 2 2
9 11 16
19 20 9
11 14 18
12 16 5
2 2 8
18 21 1
11 14 14
22 1 2
14 19 19
4 6 3
4 5 20
1 3 12
0 3 19
5 7 1
19 19 20
4 4 11
6 9 19
4 6 16
17 18 9
1 3 9
4 7 5
3 4 17
14 16 16
16 18 1
12 15 14
11 13 11
1 2 9
16 18 7
19 21 16
3 5 16
2 4 6
7 8 1
4 7 9
19 20 6
3 5 17
12 13 3
9 11 4
9 11 5
6 9 3
13 15 9
2 6 1
6 7 7
12 13 7
17 19 3
14 15 6
16 18 18
18 21 19
16 18 9
10 12 1
18 20 9
11 13 5
15 17 17
9 11 17
23 0 11
4 7 16
5 8 13
21 23 18
6 8 18
9 12 3
13 15 5
4 7 9
12 15 1
7 8 20
16 19 4
4 6 18
23 0 17
8 8 3
9 11 8
10 11 1
19 20 19
14 17 10
13 16 18
2 4 11
8 10 8
19 21 7
3 5 10
13 15 6
12 15 14
23 1 20
6 8 8
23 2 12
13 15 18
8 10 10
19 20 6
17 19 17
18 20 11
6 9 5
12 13 5
15 16 15
19 20 19
10 11 19
5 6 8
9 11 15
17 18 16
19 22 9
23 1 20
6 8 3
15 18 20
21 22 14
14 17 12
15 15 8
18 21 5
6 7 20
6 9 1
9 12 2
9 10 4
11 15 10
14 16 15
17 19 2
15 17 3
22 0 7
15 17 4
16 20 4
21 22 6
17 20 5
7 10 7
19 21 14
20 21 10
14 15 1
13 13 6
12 14 9
3 5 10
0 1 16
21 22 12
11 13 5
19 21 19
7 10 5
19 22 2
3 5 19
22 22 20
6 7 9
10 12 7
8 12 1
6 7 17
23 1 6
13 14 2
21 1 8
18 21 15
8 10 1
15 18 18
13 16 19
15 17 16
17 18 3
11 12 12
18 21 20
9 11 17
5 6 2
21 22 18
12 15 11
21 22 4
22 0 5
0 2 4
19 22 11
14 16 3
6 8 6
11 12 7
9 10 10
11 13 4
11 14 8
19 20 9
17 20 15
19 21 13
17 18 16
22 0 12
13 15 11
18 19 6
2 2 17
12 13 20
3 5 18
3 7 15
16 19 15
6 8 12
9 11 14
23 0 16
13 14 7
1 4 6
15 19 2
10 12 10
21 23 12
16 18 3
7 9 16
17 20 9
6 9 19
2 4 14
15 15 10
13 13 16
12 14 1
20 23 1
20 20 7
11 12 2
20 22 11
13 16 11
6 8 20
0 2 14
8 10 12
11 13 7
20 21 6
15 16 5
14 16 10
16 18 4
7 9 3
17 19 2
16 18 4
10 12 5
22 1 14
5 6 16
14 15 2
16 17 10
4 6 16
20 23 2
3 4 13
2 5 7
6 9 3
8 9 11
22 0 2
20 22 11
3 5 16
12 14 6
15 17 12
17 18 17
8 12 2
12 13 3
20 21 11
17 19 10
0 1 10
11 13 19
18 19 13
5 7 4
20 21 11
18 21 6
