260 20
1 19 8 7 8 4 4 14 7 1 15 4 2 2 4 19 2 11 13 8 
0 1 14
20 23 13
9 10 7
1 4 20
7 9 20
8 10 3
22 1 9
19 21 11
8 10 13
9 8 6
1 3 15
15 17 2
3 3 5
16 19 17
16 18 16
12 11 6
22 22 19
18 19 9
15 18 18
12 12 7
19 20 10
17 21 11
7 8 9
18 20 13
13 14 9
21 23 15
14 17 16
1 3 5
21 22 19
7 7 6
3 5 10
12 15 7
11 13 6
23 1 10
1 3 9
0 2 15
21 22 18
0 3 13
18 20 11
8 10 8
23 0 9
19 19 15
14 17 1
18 18 7
22 0 13
22 2 20
4 5 5
20 22 15
15 19 4
3 5 17
20 21 12
9 12 7
4 6 12
5 6 9
16 17 5
2 3 20
20 22 5
0 2 3
20 23 9
20 22 12
3 6 2
3 4 7
4 7 10
10 11 7
16 18 7
3 6 12
9 11 20
17 18 20
8 10 11
15 17 4
10 10 5
16 19 6
15 16 12
2 6 7
2 4 17
7 8 7
4 6 14
10 11 16
5 6 19
21 22 18
10 12 11
0 3 18
2 3 16
14 16 9
15 17 9
19 22 10
23 0 12
16 17 19
13 14 5
19 22 5
21 21 12
18 18 20
15 17 4
2 4 18
5 7 2
2 4 4
0 0 7
0 3 3
10 13 14
5 6 20
17 19 6
23 0 17
18 20 12
16 18 11
16 16 12
0 3 12
23 1 5
0 2 5
20 22 10
17 17 19
1 2 3
12 13 13
19 21 8
20 23 2
3 4 6
0 1 2
10 13 16
10 12 2
18 21 1
3 4 3
16 18 2
6 8 5
11 14 19
0 2 12
6 6 1
6 6 11
15 17 6
18 20 14
2 5 11
7 9 9
3 5 17
3 6 3
20 22 16
2 5 8
14 15 8
11 15 17
11 13 1
0 1 15
7 9 8
23 2 16
23 1 4
3 4 2
1 3 13
8 9 13
18 21 17
12 16 3
15 15 3
5 7 17
23 1 4
0 1 14
4 6 12
14 17 3
7 8 9
17 18 8
6 9 11
16 18 8
23 1 15
21 22 4
1 2 17
18 19 2
6 8 2
18 20 6
11 13 7
15 16 10
18 19 11
17 19 11
14 14 2
14 16 3
4 4 8
13 15 1
3 5 1
17 19 11
19 20 17
18 19 6
12 16 18
4 6 8
11 13 15
4 8 10
19 22 10
17 19 7
20 23 15
0 3 17
14 18 11
14 16 18
1 5 13
0 2 10
21 23 1
19 21 2
5 6 7
0 1 13
23 1 3
17 20 13
23 2 20
3 5 17
4 5 12
13 14 2
0 2 19
21 0 4
23 0 1
13 15 13
20 20 11
13 13 16
2 4 8
13 16 15
2 4 12
22 2 2
4 7 13
2 4 20
23 3 17
22 1 9
12 12 3
12 15 19
12 14 15
7 9 12
4 6 6
5 6 19
18 20 19
9 12 16
13 15 16
20 22 20
15 17 8
23 1 14
15 18 8
11 13 17
5 9 10
21 23 11
19 21 18
2 5 8
14 17 2
0 3 16
5 6 16
18 20 19
3 5 1
3 4 6
14 15 18
9 11 20
22 0 4
1 5 6
14 17 13
11 14 13
10 13 2
1 4 19
2 4 2
8 11 4
5 6 9
7 9 7
12 14 4
12 15 18
7 12 14
18 20 8
17 20 6
23 1 3
17 18 20
3 5 13
8 9 17
13 15 9
2 3 6
0 4 1
5 8 20
13 16 19
