2640 20
10 8 2 1 7 9 5 19 12 10 10 11 9 15 4 8 12 18 20 14 
13 15 14
8 10 5
10 12 3
19 20 1
5 8 10
12 14 3
17 19 1
22 0 9
20 21 7
5 7 3
1 2 13
5 5 6
5 8 11
3 4 12
21 21 4
11 13 7
16 16 4
0 3 14
3 6 18
21 22 9
19 22 12
13 15 19
15 17 10
9 11 9
21 23 3
6 8 20
1 4 12
8 10 12
13 16 6
11 13 12
20 22 18
22 2 1
21 22 18
18 21 13
14 17 17
9 12 20
17 22 12
18 20 14
23 0 19
21 23 13
10 13 20
0 3 4
9 11 9
19 20 6
11 13 8
7 9 10
23 1 12
7 8 6
18 19 10
6 9 12
15 17 19
19 21 11
0 1 2
10 13 5
4 5 3
18 21 12
17 21 6
15 17 6
23 2 12
8 11 17
19 21 16
16 20 16
1 4 8
20 22 10
8 11 3
16 18 13
2 2 7
6 8 9
4 5 11
13 14 1
23 1 4
3 6 8
18 19 8
2 4 2
19 22 4
15 17 13
1 3 2
19 23 9
8 12 18
14 16 1
0 2 7
16 18 5
9 10 4
10 12 14
12 15 4
8 13 8
19 20 13
16 19 15
13 15 11
10 11 17
7 9 4
2 4 18
14 18 10
18 20 16
14 17 4
19 20 17
15 17 9
18 18 14
19 23 13
2 4 7
21 0 16
20 21 10
5 7 4
5 6 10
11 14 11
11 15 1
6 9 15
18 19 10
12 14 20
7 10 16
8 10 9
0 2 3
23 1 18
23 0 8
8 12 17
9 12 7
12 14 7
21 1 14
16 19 9
8 11 15
3 5 6
16 19 17
0 2 19
20 23 15
14 16 15
13 16 5
19 20 12
6 8 20
1 3 11
11 13 13
18 21 14
16 20 20
6 9 11
18 20 5
0 2 1
1 4 8
0 2 9
2 4 6
18 23 3
9 11 17
1 2 15
18 20 10
9 11 10
2 4 10
23 3 17
11 13 8
13 13 3
9 10 14
22 0 12
8 11 13
3 3 3
4 6 3
3 5 16
23 1 11
4 6 11
19 21 7
18 21 15
2 4 14
14 16 1
3 7 10
12 14 17
16 19 17
21 23 10
9 12 4
12 14 14
19 21 13
17 21 10
22 23 12
8 9 1
9 11 18
22 1 15
8 11 11
7 10 12
14 15 15
12 12 12
22 1 19
4 7 5
0 1 19
21 23 18
22 23 13
0 2 13
17 18 4
11 13 14
15 17 13
23 1 11
8 9 14
14 14 8
7 10 10
9 13 5
4 5 19
4 6 7
7 9 9
16 18 10
21 22 13
4 6 11
5 7 2
11 12 11
15 17 16
10 11 10
12 14 19
19 21 19
14 17 5
6 10 5
1 5 14
20 22 20
0 0 18
9 9 14
14 16 17
14 16 19
16 18 1
5 9 15
17 17 5
19 18 6
6 9 10
8 12 15
18 20 11
16 18 18
15 17 5
8 10 16
5 7 20
12 14 7
14 15 19
6 7 9
17 19 9
11 14 3
18 21 14
1 3 19
7 10 4
6 6 11
5 4 2
18 19 20
0 2 8
23 1 17
21 23 8
15 17 2
3 4 4
21 23 12
21 22 5
5 7 18
10 12 9
22 22 2
9 9 17
15 19 1
9 11 1
10 12 2
3 6 3
20 23 2
5 7 18
16 17 3
5 7 14
8 12 10
11 13 12
22 23 14
13 14 9
13 14 16
8 11 8
14 16 17
13 15 15
1 2 11
20 22 19
17 19 5
5 7 7
5 7 8
21 0 12
20 23 10
2 4 19
13 15 8
20 22 13
23 2 4
4 6 5
1 3 11
9 11 5
16 18 8
18 23 10
12 13 18
15 19 11
5 5 6
12 14 17
18 20 11
6 6 3
3 5 12
7 8 6
6 7 17
9 10 1
22 0 4
0 3 4
1 5 13
8 9 3
17 18 4
22 1 7
9 12 4
4 7 5
16 18 1
19 20 16
0 1 4
17 19 20
5 6 8
18 20 18
8 11 10
21 23 19
9 11 6
2 4 3
10 11 9
15 15 19
22 0 17
4 5 1
11 14 13
3 5 3
16 18 4
8 9 14
3 4 12
19 20 11
4 5 13
11 13 3
11 13 18
6 8 12
16 17 4
22 1 11
4 6 4
0 3 17
0 2 5
2 2 14
21 0 5
12 16 10
18 19 2
0 2 20
4 5 3
23 1 3
21 22 4
15 18 14
15 16 12
12 15 16
8 9 20
8 10 17
4 6 15
6 8 8
1 4 7
19 21 9
0 1 12
19 20 8
14 16 7
8 9 18
23 2 3
0 3 10
17 18 3
1 4 15
21 23 6
15 15 5
8 11 2
9 12 14
8 11 4
19 19 7
20 20 12
12 14 15
1 4 5
7 7 14
18 23 9
3 5 20
16 19 4
21 0 18
17 19 13
6 6 16
7 10 19
20 21 15
3 4 6
8 10 16
19 22 3
14 17 8
15 16 4
18 20 14
11 13 9
10 11 1
4 5 8
9 10 13
13 15 14
13 16 11
8 11 6
19 23 1
10 13 18
7 9 2
15 19 19
12 16 19
3 7 10
13 15 7
23 0 2
7 9 16
5 7 7
23 1 8
10 13 11
21 23 20
14 17 8
4 6 3
20 21 19
5 7 16
7 9 10
1 4 2
14 16 18
22 23 4
19 20 19
18 20 20
0 3 18
4 4 4
0 4 3
0 3 4
11 13 13
7 7 12
14 15 18
1 3 6
10 11 8
3 3 7
20 23 15
18 21 7
16 18 7
15 17 20
1 2 7
3 5 16
20 23 4
16 20 14
12 15 10
14 15 15
12 13 5
11 12 19
22 0 18
13 15 12
14 16 7
2 4 14
20 22 16
22 23 5
14 16 5
11 12 12
20 23 20
18 20 17
2 5 12
0 2 5
21 0 12
15 17 7
2 4 17
5 8 5
19 22 16
8 9 8
22 23 13
4 7 1
7 9 13
23 1 4
21 23 11
14 15 16
22 1 16
17 19 7
3 5 12
23 0 13
16 18 20
7 9 10
6 8 2
7 9 18
19 21 11
7 9 20
5 9 6
3 4 18
0 3 2
5 5 4
21 23 8
4 7 16
2 4 16
4 6 8
15 16 14
15 18 6
21 0 19
22 0 14
19 21 2
8 11 15
16 17 12
15 18 18
21 22 4
12 14 12
5 7 11
7 9 20
23 1 8
16 19 10
4 7 10
15 17 4
23 2 19
18 20 19
19 21 6
15 17 1
10 12 19
15 15 2
23 1 11
3 5 13
11 11 2
23 1 8
14 16 6
5 7 1
22 1 18
0 1 7
8 11 10
15 18 11
2 4 9
0 2 5
23 23 17
2 5 4
17 20 3
13 15 9
2 5 15
22 2 17
22 1 5
19 20 15
15 17 7
13 14 15
15 18 10
2 5 3
8 11 2
14 15 4
7 10 12
21 0 14
2 5 18
9 11 1
17 18 17
5 9 2
8 10 18
11 13 18
21 22 20
8 9 5
15 18 16
6 9 10
18 19 16
16 17 1
3 6 2
2 5 2
15 17 2
5 8 10
10 12 6
18 20 14
21 22 1
17 18 9
0 2 8
13 14 8
6 8 12
11 12 2
19 21 17
23 0 2
13 15 9
9 10 18
8 9 16
7 9 10
14 16 16
15 20 15
21 23 14
5 7 5
20 0 9
20 0 14
17 20 15
21 23 13
17 18 2
1 3 19
9 12 8
13 16 2
22 2 1
5 9 2
5 8 5
19 19 9
12 13 5
20 23 13
22 1 20
23 0 14
9 11 13
7 10 4
3 3 6
16 15 6
23 1 15
7 8 2
9 13 8
14 14 17
15 16 13
19 20 6
0 3 20
11 11 7
1 3 1
0 3 13
8 10 19
17 17 9
21 1 18
21 23 11
0 2 19
4 7 12
6 8 16
16 19 10
20 23 9
10 11 15
3 5 13
11 13 17
22 23 13
15 17 16
5 8 14
7 9 9
17 18 8
0 2 9
4 7 20
3 6 19
11 13 17
9 10 11
21 0 1
15 17 8
1 4 18
10 12 12
9 12 9
12 14 12
4 5 16
17 19 10
10 12 12
10 11 9
15 17 17
5 6 19
10 15 6
23 1 14
7 9 13
1 2 5
8 10 13
6 7 19
22 2 11
21 22 1
3 5 14
23 2 5
19 21 17
20 21 20
15 19 5
7 8 5
4 6 8
16 17 14
18 18 5
18 20 5
13 17 4
22 1 9
17 20 12
5 6 20
12 15 3
8 10 8
15 16 11
21 23 1
8 9 10
8 10 2
23 1 12
3 3 14
0 2 7
9 10 7
12 14 8
5 6 10
4 4 2
10 12 9
18 22 18
16 20 5
23 0 1
22 0 3
5 6 1
11 12 12
19 20 12
6 7 18
9 12 10
3 4 18
17 19 15
9 11 4
5 7 14
3 3 4
2 4 17
4 6 17
9 11 14
20 21 15
19 21 1
20 21 12
4 8 15
18 20 12
17 17 10
16 18 3
11 13 9
16 19 7
9 10 11
9 11 7
8 9 1
12 14 13
21 22 2
12 13 20
4 4 14
22 0 19
0 4 7
16 18 2
1 2 2
4 7 20
14 15 6
2 4 20
18 19 7
3 5 8
14 17 6
23 1 1
12 14 14
2 4 13
8 9 11
7 10 13
3 5 4
18 20 15
8 11 20
8 11 4
7 10 1
6 9 18
21 0 2
9 12 5
17 18 2
6 8 5
4 6 15
7 11 16
23 1 3
17 19 6
4 7 11
20 23 18
15 17 8
0 2 13
4 6 19
15 16 2
11 14 8
2 5 6
22 1 1
13 15 10
17 21 14
19 19 15
9 13 5
14 16 9
7 11 8
22 23 13
19 22 12
7 8 1
6 10 10
20 22 1
17 18 10
23 2 5
13 15 10
6 8 17
4 6 4
21 23 10
6 10 4
21 0 4
9 9 16
6 10 19
3 4 19
10 13 18
19 20 19
23 1 3
7 10 19
20 23 12
6 7 13
9 10 11
3 6 3
5 6 14
22 23 4
1 2 12
8 10 9
3 5 18
0 1 14
6 7 17
23 1 18
20 22 17
3 6 9
7 7 11
11 13 3
10 12 14
14 14 15
2 2 8
8 10 4
10 11 20
13 14 6
11 13 3
8 9 7
3 3 1
23 3 10
22 2 19
18 21 5
12 14 6
21 22 5
15 17 20
9 12 2
5 8 13
0 1 18
22 1 18
9 11 4
7 8 9
3 5 19
20 23 11
17 20 8
7 10 19
2 2 17
23 1 1
1 2 12
21 22 7
21 23 16
21 0 1
22 23 12
5 7 3
17 19 1
0 0 14
13 15 13
0 1 2
17 20 18
0 3 9
0 2 3
23 2 11
19 23 9
10 11 9
16 18 12
4 6 10
20 23 3
5 7 3
23 0 7
20 21 12
20 23 2
18 19 16
4 5 1
4 8 10
17 18 7
5 8 15
14 17 12
1 3 12
1 4 16
11 11 8
11 14 13
7 8 11
19 22 17
3 4 6
16 19 17
15 18 1
20 22 5
18 18 14
7 10 19
20 21 11
8 11 10
10 11 2
16 18 5
14 16 13
1 3 8
0 2 9
10 13 6
8 9 10
20 21 14
7 9 11
20 23 13
18 20 12
21 22 9
6 8 5
6 6 17
18 19 15
4 5 1
18 20 19
13 14 18
11 13 16
20 21 9
13 15 9
2 4 20
1 2 1
13 13 7
14 16 13
1 4 20
19 21 5
17 18 8
16 17 6
15 17 10
0 2 9
8 9 14
3 5 8
0 4 13
22 2 15
13 15 2
23 0 12
14 18 14
12 13 18
6 8 5
11 11 8
17 20 15
9 11 5
5 7 8
1 1 18
16 17 4
12 14 4
22 0 19
22 2 19
1 1 20
2 6 11
17 20 6
1 4 16
20 0 17
17 19 19
12 13 4
20 22 17
9 9 1
6 8 4
21 22 15
2 3 14
15 16 17
11 12 9
0 2 5
7 10 19
1 3 10
19 20 14
6 10 2
20 23 5
19 18 9
17 19 11
9 12 14
3 6 9
23 3 15
0 1 13
21 21 18
12 12 1
21 23 16
12 15 13
1 3 12
23 2 7
11 13 18
15 18 14
5 8 10
14 17 20
8 10 11
4 6 2
20 21 20
9 12 7
0 5 20
21 22 5
16 18 9
17 17 11
21 0 6
23 2 20
5 8 15
4 7 1
7 9 10
4 6 2
11 12 14
12 13 9
9 11 18
0 2 3
11 14 17
22 23 14
19 21 11
18 21 12
12 15 6
0 2 12
23 1 20
3 6 4
18 22 5
15 16 10
16 17 6
0 2 16
13 15 8
0 1 6
8 11 16
4 6 15
19 21 9
5 7 17
10 13 6
22 23 3
20 21 19
11 15 9
6 7 18
18 20 10
15 16 12
23 23 19
5 7 10
0 2 3
22 23 14
22 23 1
11 12 4
1 5 20
19 21 14
2 3 20
18 21 4
21 0 4
0 3 7
3 7 1
2 4 14
21 0 1
18 18 6
0 2 12
17 17 20
21 23 16
11 13 14
5 8 13
18 18 18
14 16 20
10 10 17
1 3 4
18 20 12
5 8 8
7 8 8
4 6 1
5 6 6
18 21 2
16 18 2
17 20 2
17 19 7
2 3 2
15 17 1
4 8 15
17 19 20
16 16 12
4 5 20
11 13 2
10 14 16
19 20 20
0 3 17
0 1 16
6 8 12
6 8 7
7 10 18
7 7 18
2 5 8
19 20 12
4 6 12
13 16 12
19 22 7
12 15 12
4 7 12
0 4 4
15 16 16
18 19 1
14 16 1
22 1 9
7 10 5
10 12 11
22 23 18
13 14 10
10 11 5
9 11 1
11 14 18
16 18 6
19 21 9
19 22 7
18 20 20
23 1 17
3 5 10
15 17 2
4 6 1
6 8 13
21 1 15
5 8 7
10 12 2
6 9 15
4 6 9
19 22 14
4 5 1
20 22 8
0 3 15
3 7 20
10 12 16
14 16 13
7 8 14
2 1 12
16 20 20
12 13 11
6 8 20
11 12 16
1 4 10
6 8 6
19 22 11
14 16 12
1 3 15
20 22 19
2 4 9
12 13 20
19 21 6
3 3 2
11 15 19
5 8 19
6 8 4
7 9 4
20 0 8
2 4 20
23 0 9
11 13 19
18 21 5
3 5 13
8 9 6
23 1 20
3 4 8
14 15 16
11 14 6
13 14 14
14 15 10
11 14 10
19 21 6
4 9 15
17 18 19
16 17 3
13 15 13
4 7 17
15 17 20
17 20 16
4 6 5
12 12 13
10 10 7
8 9 2
8 11 6
0 1 10
16 19 6
2 4 1
22 2 20
11 13 1
17 20 19
20 23 7
12 14 12
11 12 6
22 2 13
18 19 2
8 10 9
21 0 19
22 1 2
6 7 20
10 13 20
21 23 6
23 0 19
6 10 5
11 13 1
15 18 6
10 12 10
11 14 10
18 21 14
0 1 17
3 5 16
6 7 15
19 20 14
13 14 18
9 12 1
23 0 5
0 3 18
6 7 6
19 22 20
18 18 4
8 12 2
17 21 10
19 23 5
3 5 19
18 19 10
16 16 3
7 10 7
5 7 7
1 3 15
3 3 17
23 1 19
5 7 18
19 20 9
13 15 12
13 15 18
10 13 10
10 12 14
4 6 8
16 17 19
18 20 11
2 2 8
19 22 20
13 16 20
20 23 3
11 12 7
14 15 17
21 22 19
7 8 13
4 5 18
11 12 1
10 13 17
0 2 2
18 21 10
4 7 19
13 16 17
21 2 13
22 1 11
13 15 13
16 18 1
20 22 8
9 11 5
21 23 3
9 9 20
23 1 12
0 1 20
7 9 14
9 11 8
14 15 3
3 5 7
8 10 2
6 9 18
11 13 7
0 3 5
8 10 19
4 6 12
3 6 5
14 16 15
5 6 6
15 17 4
21 23 7
19 21 5
8 11 3
4 5 7
19 21 20
3 5 19
3 5 20
23 3 9
20 23 20
9 10 4
2 4 11
16 18 12
7 9 9
7 10 8
22 0 1
18 20 13
10 13 9
20 22 7
16 18 17
20 21 15
2 4 13
15 17 13
9 11 4
20 20 13
4 7 20
10 14 16
14 18 10
15 17 11
0 3 2
9 11 14
8 10 1
8 10 18
17 19 8
17 17 10
14 16 6
23 2 8
8 12 8
3 5 6
20 21 19
13 16 10
11 13 18
2 4 10
9 12 1
7 7 1
17 20 2
18 22 14
15 18 2
23 1 1
14 16 11
8 11 2
17 20 9
6 8 13
0 1 4
17 20 14
23 0 14
8 9 14
20 20 12
18 18 5
12 13 17
15 18 14
21 23 19
23 23 9
21 0 10
7 8 12
16 17 8
21 22 1
18 21 6
2 4 9
13 17 4
15 17 7
6 8 20
7 9 8
0 1 3
10 11 11
3 6 17
8 11 6
7 8 4
17 20 14
19 22 6
1 2 15
19 20 8
11 13 9
17 20 8
12 14 9
11 12 1
20 23 13
10 12 16
21 22 5
20 22 5
1 2 12
14 18 19
4 5 17
0 2 9
3 6 13
4 5 13
15 16 19
22 0 5
4 7 1
14 16 10
19 20 17
8 11 4
14 17 12
10 12 17
13 14 11
21 0 19
17 19 4
7 8 15
14 16 8
4 6 20
3 2 6
16 17 19
17 18 3
5 7 17
8 10 19
21 21 15
5 8 8
2 2 17
11 13 20
3 5 7
21 22 19
20 22 9
23 1 4
11 14 12
2 4 5
6 9 18
0 3 18
21 21 7
17 17 11
14 15 7
0 1 20
8 10 11
11 14 13
7 8 5
1 3 1
20 23 12
14 16 18
22 1 20
14 17 20
16 18 9
16 17 18
1 6 18
22 1 18
5 8 16
9 11 9
10 11 3
0 3 16
7 11 13
18 20 18
21 23 19
13 15 9
23 1 15
1 2 4
19 20 18
21 0 5
23 2 8
11 14 3
22 1 14
12 15 15
21 22 13
16 19 6
2 5 11
10 11 20
15 17 9
18 20 17
23 0 18
18 19 11
12 14 11
2 4 1
8 11 5
23 0 14
15 18 4
18 20 14
19 22 5
4 4 4
15 19 6
18 20 14
14 16 14
7 9 2
15 16 7
3 5 18
9 12 15
10 12 7
8 8 4
4 6 4
9 11 17
8 10 9
21 22 10
7 8 17
7 10 2
8 10 17
13 14 11
6 6 6
2 4 1
4 5 8
15 16 12
23 2 19
23 2 9
22 1 15
18 18 17
22 1 7
4 5 14
21 22 12
6 6 20
14 14 2
5 6 10
4 7 7
4 6 14
7 8 15
18 20 16
11 14 2
3 5 10
22 23 19
10 11 12
21 23 5
14 16 15
17 20 19
7 10 13
10 11 8
7 8 10
19 20 6
7 8 8
19 21 3
12 15 19
23 1 19
12 15 1
12 14 11
11 14 3
18 22 19
15 17 13
9 11 8
18 18 12
2 4 11
0 1 1
1 3 4
21 0 8
22 23 11
4 7 13
2 3 18
14 16 11
17 20 17
5 6 18
8 11 18
16 17 14
0 3 2
12 15 10
3 5 4
11 13 16
4 6 5
4 7 15
10 11 3
13 16 5
2 5 17
17 18 19
3 6 13
1 2 12
0 1 5
21 22 5
5 8 11
9 12 16
23 2 8
0 2 7
4 6 20
21 0 20
7 9 8
17 19 6
15 16 20
7 8 9
8 10 1
16 19 3
12 13 6
1 4 17
16 17 1
4 6 10
13 13 1
3 6 15
0 1 10
20 20 4
5 8 12
2 4 11
18 23 3
6 7 19
18 22 3
20 23 14
7 10 20
6 9 16
21 0 5
9 12 13
13 14 20
21 23 1
1 3 7
10 14 2
1 3 18
3 5 19
18 21 9
20 23 16
4 5 18
13 16 16
16 17 4
6 7 8
23 23 20
21 0 3
14 16 6
11 13 20
2 3 15
9 12 3
1 4 1
22 1 14
9 11 19
3 5 14
19 19 19
7 8 10
3 5 2
3 6 13
3 6 1
3 6 17
9 9 15
23 1 5
19 22 9
17 21 2
14 16 5
11 13 11
8 9 18
20 23 16
11 13 16
7 9 8
15 18 4
8 11 20
0 1 20
12 15 8
23 0 6
13 14 18
15 16 7
3 5 3
13 16 14
15 19 9
15 18 3
0 2 4
10 10 6
17 17 10
15 16 14
22 1 19
7 9 3
13 15 14
16 18 17
17 19 4
22 1 19
21 20 12
9 11 8
23 0 4
7 10 17
21 22 7
10 12 14
4 7 11
18 21 19
8 10 1
2 5 10
21 1 14
14 18 3
16 19 8
7 8 14
17 19 5
3 5 12
19 22 2
9 10 10
7 9 13
18 19 18
6 7 3
15 15 1
23 1 3
8 8 15
20 21 4
12 14 5
19 21 2
6 9 16
4 7 9
4 5 14
2 4 14
1 2 9
7 8 8
14 16 6
21 22 13
23 0 1
19 19 20
16 19 2
10 13 8
2 5 9
18 20 18
6 8 10
16 17 9
2 5 12
11 14 4
12 15 3
12 15 8
10 12 4
10 13 4
22 0 8
20 21 1
11 13 11
4 5 12
20 22 11
1 4 13
16 17 7
22 1 8
2 4 6
11 12 6
8 9 11
11 14 15
23 1 2
16 17 20
1 3 6
19 22 14
13 14 13
8 11 2
7 10 8
6 9 13
9 12 13
8 10 12
14 16 16
19 21 17
5 6 15
10 13 4
9 12 16
6 9 11
15 15 5
5 6 1
8 10 17
8 9 2
15 17 10
6 7 3
4 5 4
0 2 14
12 13 2
10 12 8
23 2 2
5 7 2
2 4 2
2 6 7
9 12 19
18 21 6
18 21 11
9 11 16
12 13 17
9 12 11
23 2 1
22 0 1
0 1 1
0 1 3
9 11 10
3 4 17
23 2 13
16 18 14
7 11 10
10 12 14
15 17 9
15 16 9
20 23 10
18 21 7
12 12 5
17 19 20
15 18 18
19 21 11
6 8 10
2 4 6
17 21 19
20 21 10
20 21 13
14 16 8
16 19 3
13 17 3
11 14 5
23 1 2
8 11 18
8 10 12
12 17 12
0 2 6
10 14 8
23 1 16
8 11 1
3 2 16
7 8 14
10 14 4
11 12 9
15 17 16
14 15 17
3 5 4
23 2 15
18 20 7
1 4 4
0 1 6
17 18 4
9 11 20
15 16 6
12 14 19
16 19 2
9 12 2
8 8 8
0 0 19
12 16 16
6 8 8
11 13 20
9 10 2
3 4 13
0 1 8
0 2 7
13 13 13
0 2 7
5 7 2
18 19 15
9 8 8
20 22 19
7 10 14
17 18 16
6 8 15
20 0 6
18 18 11
21 22 4
6 8 9
16 18 10
17 20 5
7 7 17
1 3 12
4 5 1
23 1 5
18 19 15
4 6 9
0 2 2
11 12 17
13 16 9
4 6 12
0 2 19
21 23 13
3 5 12
19 20 14
19 19 3
22 0 11
5 7 13
6 10 17
12 14 9
10 12 16
16 16 19
5 6 1
21 23 2
0 2 9
4 6 19
7 9 9
2 4 8
0 4 7
15 16 2
12 14 2
10 11 14
5 6 1
20 22 3
16 18 10
4 5 2
16 16 11
13 15 5
2 5 8
0 2 19
13 16 12
0 1 11
18 20 1
5 9 12
1 3 20
12 14 7
4 5 1
22 0 18
22 23 19
8 10 20
12 15 7
3 4 6
23 3 13
10 12 16
23 1 12
0 2 7
11 13 5
1 3 8
17 19 5
12 14 13
13 16 10
23 2 14
1 3 18
18 20 9
12 15 1
6 8 11
11 11 16
5 7 9
21 22 8
10 13 19
2 3 12
16 18 10
7 9 14
10 12 16
16 18 7
0 1 11
18 22 17
22 23 9
15 16 6
6 9 14
8 11 12
4 6 11
7 10 1
14 18 5
6 8 4
4 5 1
16 17 8
21 0 16
5 6 5
9 10 4
19 23 19
17 20 9
14 15 4
18 22 11
7 9 13
21 22 9
2 5 4
21 0 7
23 0 16
1 6 20
18 21 4
18 20 14
11 14 16
3 6 5
2 2 3
17 20 9
10 13 1
5 6 11
6 6 10
14 17 12
15 15 1
20 21 2
2 4 7
2 3 10
2 6 8
7 9 6
23 2 12
13 15 7
8 12 19
5 6 17
19 21 11
22 0 14
18 20 6
5 8 2
14 17 14
1 2 16
8 10 1
15 16 8
9 14 10
15 15 4
6 9 18
11 13 15
2 3 3
3 4 14
6 10 3
18 18 12
22 23 6
7 8 14
19 22 6
18 21 15
13 13 15
7 10 18
5 8 10
15 16 20
21 0 7
23 1 8
14 15 17
2 3 15
15 16 11
23 0 6
7 8 17
9 12 11
14 16 11
11 13 1
20 22 1
2 3 9
5 7 18
6 7 1
9 11 13
13 14 18
10 12 14
23 23 18
17 19 5
22 22 5
6 9 4
20 23 3
12 15 17
13 15 18
13 15 6
22 0 12
8 10 3
16 19 20
5 4 1
6 8 8
17 20 1
9 12 15
1 4 17
17 21 9
6 8 16
19 21 20
4 7 18
21 22 6
10 12 20
19 20 20
8 9 1
21 22 6
5 9 15
13 14 20
23 0 6
23 0 16
9 14 11
6 8 15
22 2 20
18 21 16
11 12 5
22 0 16
2 4 20
2 5 3
7 10 1
13 14 8
1 3 7
6 7 3
3 6 12
19 21 4
16 19 8
14 16 5
19 22 14
23 1 1
17 19 6
20 21 8
15 17 3
11 13 18
5 7 14
1 3 8
18 20 17
19 21 7
21 0 13
17 20 5
7 9 20
23 2 12
19 21 10
23 23 4
16 18 12
18 19 4
8 11 17
22 23 11
9 11 3
6 9 8
14 16 3
6 8 14
4 7 5
21 23 17
20 23 10
10 11 6
16 19 9
15 18 6
14 14 1
8 10 18
6 6 14
5 6 5
9 9 17
2 5 6
14 17 17
1 3 8
2 4 8
6 7 18
9 10 1
16 18 12
19 21 1
22 0 7
10 11 8
21 23 5
4 6 18
22 23 8
23 1 16
7 9 19
14 17 2
21 1 6
22 0 19
12 15 12
14 17 6
22 0 18
0 2 18
7 9 19
19 20 7
23 1 10
10 15 6
13 14 19
15 16 3
6 7 2
4 6 6
17 18 12
0 2 17
15 16 11
23 1 7
14 16 2
22 22 5
15 16 14
22 2 7
18 23 17
8 9 15
7 10 10
4 6 10
2 2 14
13 15 6
17 17 6
4 6 13
12 14 3
22 1 9
20 23 12
15 15 3
10 12 3
1 3 14
7 7 6
18 22 19
18 19 19
21 22 17
15 17 3
6 8 3
0 3 19
2 4 12
21 1 17
4 7 19
3 6 1
4 8 1
16 18 15
5 7 15
10 12 14
0 1 15
1 1 13
1 2 15
8 10 18
20 22 15
9 11 17
23 4 15
15 18 16
21 22 18
0 1 4
15 17 15
6 7 4
8 9 17
7 8 12
19 21 6
12 14 6
6 8 10
14 14 3
7 10 16
20 23 9
17 19 10
8 9 3
0 0 11
2 5 3
22 2 12
7 8 3
22 0 7
16 17 10
6 9 9
14 16 8
5 6 20
19 23 15
11 13 13
20 22 3
4 6 13
16 18 19
20 22 12
3 7 2
14 15 18
2 4 14
0 2 17
15 17 9
21 0 11
4 6 9
8 11 18
8 11 4
0 2 8
18 22 5
7 10 10
17 20 18
22 1 18
20 22 16
22 1 11
5 8 19
23 1 18
17 19 18
6 8 19
0 1 12
19 21 14
11 11 8
3 4 9
16 18 13
17 19 5
1 2 17
21 23 3
14 17 9
5 6 10
10 11 8
1 3 2
11 12 3
19 22 14
2 5 13
8 9 6
21 23 18
6 8 4
17 19 1
22 1 20
17 19 20
1 2 16
22 1 11
9 11 10
22 0 10
3 4 19
6 7 7
3 5 3
22 0 14
1 3 15
22 1 4
1 2 10
21 0 20
17 18 11
14 17 14
20 21 4
5 8 4
3 5 8
18 18 5
13 17 17
10 11 20
23 0 15
4 6 15
14 17 4
15 19 15
22 0 16
11 13 16
11 12 2
5 7 10
0 1 17
22 1 3
9 11 5
5 8 15
15 17 5
8 9 8
10 12 14
16 19 20
13 15 15
0 1 2
23 1 16
9 12 17
14 16 8
7 9 16
7 9 7
11 13 20
1 3 7
8 10 16
7 9 20
11 12 20
6 9 17
11 13 14
23 1 8
8 11 10
4 7 6
4 6 8
18 22 7
2 5 4
0 3 7
7 9 2
2 3 6
19 22 7
0 4 15
6 8 6
12 14 19
19 20 8
23 2 4
22 0 4
10 11 11
13 16 2
19 23 7
19 21 15
0 3 17
11 12 13
6 10 14
14 16 20
2 3 16
0 3 13
11 13 6
21 23 9
5 7 14
7 9 12
5 7 16
10 10 3
7 8 17
8 11 19
16 15 19
10 13 4
8 11 16
0 3 16
22 1 12
6 8 19
23 2 2
7 9 14
16 18 8
17 17 20
2 5 2
19 21 16
8 10 3
16 19 7
17 20 10
17 18 4
13 14 20
3 5 11
12 14 17
1 4 14
6 7 15
23 1 15
6 8 10
10 11 9
20 22 8
18 20 1
1 2 11
11 13 12
10 11 1
2 4 15
11 13 9
4 6 1
2 3 18
14 15 6
23 2 10
6 9 17
10 12 14
12 14 12
20 21 12
16 18 12
21 23 12
2 4 4
8 10 8
11 13 9
11 14 16
8 11 4
11 13 7
10 12 12
11 13 13
5 6 17
16 18 2
17 18 12
9 13 6
21 22 14
16 17 12
6 8 1
8 10 19
14 14 15
15 18 14
2 3 10
5 8 20
14 16 6
13 14 1
3 6 12
22 0 1
18 19 8
9 11 8
8 10 9
4 6 15
19 21 9
10 11 15
17 19 1
5 5 12
16 16 3
11 13 16
10 13 1
9 13 20
20 20 13
13 15 15
17 20 6
12 15 16
2 3 20
21 22 4
11 12 1
16 19 3
4 5 7
16 17 17
17 19 1
21 1 20
11 14 2
2 5 12
2 6 2
22 22 20
6 8 16
22 1 9
7 8 20
9 12 9
10 12 16
2 4 18
16 17 10
3 5 7
19 21 18
9 12 1
20 22 4
11 16 15
23 0 16
17 18 6
7 8 10
2 4 17
16 17 2
17 17 7
5 5 15
10 12 12
2 2 15
13 14 11
13 16 17
9 12 3
13 16 6
11 12 12
15 18 5
20 22 18
18 20 18
11 11 18
2 4 4
13 15 8
1 2 4
15 15 10
11 13 13
12 13 17
17 18 20
22 1 6
0 2 1
22 0 11
19 22 1
10 11 15
14 16 18
9 10 10
12 15 19
6 8 8
4 7 15
21 23 14
22 0 9
16 18 10
16 16 1
18 21 4
10 13 7
8 11 20
19 22 16
3 5 7
16 18 7
0 2 1
11 13 12
10 12 2
11 12 6
1 3 14
22 0 19
22 1 5
12 15 1
19 22 7
5 6 4
15 17 11
23 3 6
5 7 12
18 21 9
8 10 19
22 0 8
14 17 19
10 11 6
2 5 18
15 17 13
15 18 3
0 2 2
22 23 20
16 19 4
23 1 4
5 7 11
15 18 4
13 15 15
18 20 10
7 10 9
10 11 12
19 21 13
11 13 13
4 7 11
14 15 5
18 21 4
9 11 15
2 3 2
18 20 3
12 14 12
9 11 18
21 23 13
23 0 15
1 5 2
4 5 10
12 14 10
14 15 4
5 5 3
3 6 20
23 2 10
16 19 2
15 16 3
14 14 8
10 11 20
20 21 5
20 23 10
7 10 2
16 18 5
16 19 16
14 16 8
11 12 2
21 22 8
20 22 7
8 10 13
20 23 5
17 18 18
1 3 17
14 17 16
13 14 18
2 3 16
11 12 16
9 11 17
13 15 17
15 16 5
17 19 19
2 4 16
9 12 20
5 6 3
13 16 8
17 21 6
23 0 12
14 17 5
9 11 14
20 22 20
4 9 12
20 0 2
14 15 9
18 19 11
8 8 9
20 21 17
22 0 9
2 6 4
15 17 5
13 14 2
11 13 16
4 7 19
22 0 14
13 16 3
1 1 19
9 13 2
4 6 4
7 10 5
1 3 4
10 12 17
17 19 16
12 13 1
21 21 4
2 5 4
13 13 18
13 14 17
15 17 18
8 10 17
22 23 16
5 7 8
23 1 8
13 15 11
5 6 8
5 9 16
17 19 19
13 13 14
7 8 18
2 4 8
22 1 8
15 17 14
21 23 17
17 21 4
13 15 17
11 12 6
17 19 8
19 21 7
3 4 16
1 2 15
21 23 14
2 4 7
1 3 3
9 13 11
17 18 16
22 0 5
0 2 17
14 17 1
7 9 14
22 23 19
13 15 6
22 1 2
23 1 13
17 19 7
17 19 12
6 8 5
10 13 5
6 6 5
10 13 12
15 18 14
11 13 1
4 5 20
1 3 15
2 4 5
21 22 8
23 2 7
4 5 17
19 21 6
23 3 2
10 11 12
2 2 2
7 8 7
20 22 20
23 0 6
9 11 7
14 15 10
9 11 1
7 8 20
15 16 12
12 15 18
2 4 20
23 1 15
16 18 12
6 7 3
12 12 2
10 12 11
19 20 9
19 21 8
1 4 8
12 14 18
23 1 20
4 6 19
5 7 20
15 16 1
21 20 15
17 20 5
6 7 3
1 3 17
2 4 13
14 17 20
0 1 14
1 2 6
7 11 5
20 22 5
18 20 11
23 2 16
8 11 2
22 22 20
8 10 16
14 17 10
9 10 2
16 18 14
20 22 6
0 2 4
1 3 5
15 17 1
13 15 13
9 11 1
12 13 20
1 4 4
13 14 16
22 0 3
2 5 9
3 5 2
3 4 4
1 4 2
14 15 2
5 6 17
19 20 13
22 0 5
4 6 19
4 6 18
18 20 13
9 11 19
21 23 15
17 18 8
18 19 19
2 6 4
21 23 10
1 3 5
19 19 4
7 9 18
20 21 19
3 6 20
13 15 10
6 9 11
21 21 19
11 14 7
2 4 18
19 22 3
1 4 20
2 3 17
21 22 19
15 17 13
18 20 8
2 4 10
6 7 12
3 5 6
7 7 3
4 7 5
10 14 14
6 8 20
9 12 1
1 3 20
8 8 13
19 21 14
15 17 3
3 4 4
10 13 5
6 7 3
19 22 11
13 16 18
16 17 14
14 16 11
10 12 17
12 15 12
3 5 11
0 0 16
8 9 1
12 14 12
1 3 3
18 21 15
16 18 6
1 3 17
15 16 3
4 6 13
3 4 20
3 4 7
7 9 20
7 9 15
21 23 5
19 21 13
13 16 1
20 21 4
12 12 6
22 1 15
4 8 12
10 13 3
22 23 7
17 18 7
6 10 16
6 7 2
19 22 3
4 5 13
19 22 11
4 5 1
1 5 19
9 10 20
14 16 12
7 10 9
16 18 12
16 17 3
20 23 11
17 18 3
11 15 3
16 16 8
1 4 12
1 2 20
22 1 12
9 11 13
8 10 20
