270 20
20 15 13 7 10 14 1 19 19 17 8 20 11 5 3 19 13 18 16 18 
8 10 18
19 21 7
18 20 19
23 2 5
16 18 17
18 22 12
4 6 18
23 0 19
19 20 15
9 11 15
1 2 1
19 22 1
7 10 11
4 5 7
8 11 12
19 22 9
15 14 15
15 15 15
18 20 13
16 19 17
17 20 14
17 17 17
13 16 1
17 20 19
21 1 12
18 21 20
7 9 19
4 5 19
16 18 13
1 3 18
20 22 2
16 18 15
2 2 10
3 4 2
16 19 18
6 9 12
5 6 17
4 6 9
0 1 9
12 15 5
4 7 7
19 21 7
1 3 18
8 11 4
9 10 13
0 1 7
20 21 17
0 2 20
11 13 13
5 7 1
6 8 17
15 19 9
12 13 14
21 21 17
13 16 1
7 9 15
22 23 1
21 0 18
22 23 3
2 4 17
17 19 15
14 17 7
12 14 5
2 5 15
21 0 15
0 2 13
3 5 15
13 16 9
9 9 5
13 15 9
0 2 9
3 5 15
8 10 10
6 9 16
23 1 14
4 4 19
15 16 12
22 0 1
0 2 9
0 3 13
20 0 1
12 14 10
21 23 13
23 1 5
16 19 7
0 3 13
1 2 17
21 23 3
5 8 6
22 2 13
16 17 4
11 12 6
2 4 19
10 13 2
0 3 3
18 21 14
3 5 12
12 14 13
20 23 5
15 18 4
2 4 5
19 20 7
13 15 13
7 9 8
4 5 6
3 5 9
8 10 7
13 16 9
7 10 4
5 7 3
2 4 12
3 6 19
21 0 20
16 17 6
4 6 13
8 11 1
1 3 11
13 15 19
4 6 14
13 17 4
2 5 18
21 23 7
20 22 13
5 6 11
23 22 12
18 22 2
0 3 10
8 9 18
8 10 15
13 16 15
7 8 15
13 15 2
21 1 2
11 13 8
0 2 10
7 9 8
16 19 14
7 11 9
6 7 1
5 6 14
18 21 13
5 6 7
18 20 4
2 2 8
10 12 18
9 12 10
19 22 3
7 8 11
14 17 12
6 9 12
0 1 7
8 11 10
22 0 7
16 18 18
18 20 12
14 17 18
1 3 14
4 6 14
21 23 16
11 13 14
21 23 10
4 7 10
14 14 19
18 20 11
2 3 9
9 12 3
21 23 14
1 4 10
16 19 2
16 17 14
2 3 14
22 0 15
6 7 18
0 2 18
17 21 5
7 7 6
12 13 4
6 10 3
15 16 16
10 10 5
16 18 10
5 4 16
22 23 1
10 11 7
15 18 8
23 1 15
23 23 11
13 15 12
21 0 7
7 9 16
23 2 9
16 19 14
18 20 1
21 0 9
7 9 2
17 19 8
4 6 2
11 12 9
3 7 20
11 13 16
16 16 14
18 21 10
17 20 13
22 0 17
6 7 11
2 4 9
13 15 19
7 6 17
4 7 3
11 11 15
13 16 1
1 2 3
13 13 17
5 7 12
9 11 6
17 19 18
19 21 18
2 5 20
16 18 18
22 1 3
21 23 11
12 16 12
2 5 16
11 11 1
20 22 6
9 10 4
5 5 15
21 23 9
9 11 2
15 16 1
1 2 17
22 23 4
0 3 13
9 12 10
20 22 13
8 9 15
23 1 16
21 0 2
11 12 18
4 4 15
1 3 10
19 20 20
18 20 18
12 15 19
11 14 1
4 7 8
5 9 18
4 6 12
18 20 1
18 19 10
16 20 10
13 16 16
23 1 19
7 10 4
19 21 2
22 23 16
21 23 6
10 13 17
20 22 9
12 15 11
0 3 3
1 3 17
22 0 16
21 22 17
0 1 18
0 2 16
3 6 15
22 1 8
8 10 12
6 7 3
