280 20
3 8 14 16 15 2 5 13 8 6 17 13 20 14 19 9 11 6 16 7 
21 22 11
5 6 7
13 15 11
2 5 8
13 15 17
15 18 15
12 12 7
9 10 20
12 14 18
20 23 20
5 8 6
6 7 15
23 2 20
3 5 9
21 0 7
6 9 1
22 1 15
11 12 10
1 4 6
6 8 11
0 0 5
10 13 16
21 23 11
6 7 5
4 8 11
9 10 12
1 4 7
1 3 8
4 6 15
12 14 2
19 21 2
8 11 1
23 1 2
19 20 15
9 10 10
8 9 13
13 16 8
1 3 12
1 3 5
18 18 14
12 14 18
23 2 2
13 16 2
17 20 20
21 22 2
15 17 2
23 1 18
15 17 11
12 16 13
4 6 16
8 11 20
7 8 19
7 9 17
12 13 17
22 0 5
0 4 12
15 16 14
23 1 8
0 1 4
10 14 5
21 23 3
20 21 17
16 18 8
11 13 18
6 7 8
11 13 12
14 14 1
23 1 4
8 9 20
4 6 7
7 10 19
19 21 19
10 13 6
14 16 7
14 16 16
14 16 19
14 16 4
15 17 7
15 17 18
18 22 1
14 17 19
13 16 9
6 9 5
8 9 13
10 13 7
19 20 19
19 20 9
11 14 7
19 21 17
19 20 2
12 13 13
12 13 15
12 15 17
6 7 18
0 3 10
9 11 16
1 4 5
4 5 20
23 0 2
3 5 4
9 10 1
18 18 16
1 3 7
7 9 19
14 16 12
10 13 16
0 1 13
8 10 20
23 1 1
11 12 18
10 11 7
13 16 7
1 4 17
14 15 13
21 23 9
0 2 1
7 9 15
20 21 7
16 18 17
17 20 6
8 9 19
20 23 6
6 8 15
19 21 2
18 19 8
22 23 9
9 11 5
5 6 1
5 5 17
2 4 20
8 10 16
8 10 19
13 13 15
8 10 9
2 5 18
11 12 11
14 16 18
20 22 10
4 5 7
3 5 19
22 1 14
6 8 18
8 11 2
13 16 13
23 22 12
20 22 4
17 18 10
6 7 17
9 10 8
0 2 12
18 20 5
1 2 10
2 4 10
6 9 13
12 15 18
20 20 19
2 4 2
9 11 10
15 17 8
9 10 19
7 9 9
12 13 20
9 12 18
11 13 8
8 8 12
15 16 6
12 15 6
10 13 20
7 9 6
14 17 17
11 13 16
14 16 10
15 16 4
10 11 6
23 0 14
7 9 1
12 16 7
3 5 7
6 8 10
16 17 19
0 4 9
5 6 3
9 10 18
20 22 6
10 12 7
11 12 18
18 21 1
8 10 6
22 0 20
6 9 1
22 1 9
4 6 15
20 21 20
7 9 1
5 7 13
15 17 18
12 16 8
8 8 6
9 11 16
3 5 9
18 20 19
21 22 10
1 4 12
18 21 14
22 0 9
21 23 1
18 21 1
1 3 3
1 4 12
16 17 3
13 15 9
10 13 16
5 6 16
15 17 17
4 6 13
4 5 18
2 4 8
14 18 5
19 23 20
10 11 16
1 1 1
5 7 7
18 20 10
3 4 8
1 4 14
16 19 4
19 22 18
17 19 13
20 23 11
14 18 17
9 11 20
0 1 20
5 5 5
1 3 12
8 9 14
14 18 14
7 9 11
12 13 20
11 14 19
5 9 8
21 23 10
4 6 18
21 23 13
2 4 2
15 17 16
12 13 10
15 16 1
19 20 13
2 2 18
8 10 11
22 23 4
4 6 17
22 23 7
16 16 9
8 12 10
4 5 8
1 3 10
4 7 6
20 22 12
8 10 15
9 10 7
0 1 13
21 22 16
11 11 15
11 12 1
17 17 2
21 23 6
4 6 13
14 17 19
12 13 12
10 12 13
2 4 19
11 11 20
4 7 20
15 16 19
8 10 14
20 0 20
14 18 12
12 14 16
9 10 15
