3030 20
8 7 12 5 13 20 16 16 7 11 16 16 2 3 13 4 10 5 19 19 
3 5 3
8 9 11
15 17 3
17 19 20
7 10 7
17 21 11
23 0 16
16 17 6
2 3 18
14 16 10
12 13 2
9 12 18
9 12 15
15 15 6
16 18 3
3 5 3
18 21 16
0 2 4
15 18 5
23 2 19
12 14 18
9 10 3
14 18 3
23 2 11
22 23 19
11 15 6
8 10 1
3 5 11
5 8 11
4 7 12
11 14 9
0 3 6
17 20 1
9 14 8
17 19 10
5 7 10
13 14 16
2 3 15
16 18 5
17 17 10
1 3 9
11 13 15
21 22 8
11 13 9
22 23 20
4 6 16
21 23 20
3 6 14
8 11 4
2 4 11
23 1 12
22 1 14
2 5 10
1 2 13
6 8 12
12 14 10
14 14 1
10 12 19
20 21 13
23 2 5
21 22 20
2 4 13
21 22 14
22 0 17
7 10 20
17 19 20
0 2 5
10 10 4
10 12 13
22 23 16
7 9 12
10 12 7
9 13 17
12 13 7
3 3 19
13 14 3
15 16 20
23 2 7
13 14 6
21 23 17
6 7 10
13 16 17
14 16 15
16 17 10
9 11 20
6 7 8
17 19 3
5 7 9
18 21 9
10 12 19
23 1 6
16 18 13
19 21 10
22 23 3
19 21 7
8 9 2
1 3 6
15 17 18
22 1 5
19 23 13
10 13 15
15 17 9
10 11 4
11 13 18
15 20 9
9 11 2
5 8 6
7 10 12
5 7 13
17 18 10
0 2 1
6 9 4
1 2 3
18 19 10
17 18 10
4 6 12
21 0 13
4 6 4
21 0 9
9 9 4
12 15 3
9 13 18
13 17 10
21 23 17
14 15 17
14 18 1
20 22 17
21 23 11
12 14 14
3 7 9
17 22 15
14 16 9
22 0 17
2 4 7
15 17 4
7 10 19
16 17 19
22 0 17
2 4 11
11 13 17
6 7 11
18 18 12
17 18 9
19 21 12
22 22 15
18 19 13
19 20 16
19 23 10
19 18 9
7 10 18
20 21 14
8 10 11
19 21 18
18 20 12
10 12 14
18 19 20
19 20 4
7 8 4
11 12 16
10 13 2
6 8 5
12 13 12
15 17 9
4 8 14
4 8 9
16 19 2
4 4 14
13 15 8
0 3 14
18 19 4
9 10 20
0 1 3
22 0 17
17 19 8
13 17 13
18 21 13
18 21 14
9 11 12
6 9 18
18 19 19
18 20 6
19 19 15
22 1 11
22 0 15
10 12 18
20 21 18
0 2 6
23 1 6
17 18 10
3 6 14
8 10 2
6 9 5
14 17 7
18 21 15
19 22 13
22 0 7
5 8 19
22 2 8
3 5 2
4 4 20
4 7 7
12 15 9
23 3 11
23 23 15
6 7 2
15 14 1
8 10 7
20 22 9
0 0 19
4 7 6
8 9 19
5 7 6
19 19 17
1 2 4
23 0 10
6 7 5
21 21 9
21 23 13
10 11 8
0 1 17
3 5 2
13 15 20
4 7 18
19 21 4
22 0 9
6 7 15
1 2 16
4 7 13
12 13 6
17 18 5
4 7 9
17 19 12
20 21 8
2 5 20
1 3 15
10 13 1
1 3 4
18 22 12
17 17 20
19 21 16
0 2 9
7 12 15
16 17 2
22 1 17
23 3 8
18 19 8
20 22 20
16 18 3
10 13 5
19 21 5
15 16 8
10 12 4
4 6 6
0 2 9
1 3 9
22 1 17
21 23 3
19 20 19
4 5 17
0 1 8
23 0 2
13 15 6
5 8 19
5 7 20
19 21 16
22 0 9
13 14 14
1 2 9
5 7 8
15 16 2
22 0 8
7 10 1
3 5 18
8 10 17
13 13 18
23 1 15
7 10 4
6 8 2
3 7 18
2 3 3
17 20 2
6 8 4
3 3 6
4 5 7
9 9 9
22 0 10
23 1 19
12 13 4
19 21 17
14 15 15
1 4 20
20 21 11
13 16 15
22 0 4
13 16 14
22 1 9
6 6 1
20 23 16
20 20 11
19 21 17
14 16 3
9 10 2
14 15 14
20 21 17
2 4 17
11 14 20
8 10 16
23 1 15
11 13 7
10 13 3
1 3 14
17 19 14
7 9 17
15 16 3
22 0 20
15 18 13
5 9 19
0 3 20
17 19 8
13 17 1
21 22 3
8 8 5
6 8 18
16 18 7
13 16 18
15 17 7
8 10 18
4 5 3
0 2 2
8 10 19
9 10 16
18 20 1
19 19 10
3 5 8
7 9 4
10 12 4
21 23 14
18 19 18
12 13 9
23 2 13
23 3 9
16 19 5
11 11 4
7 9 16
22 0 19
13 16 6
3 5 8
20 23 12
7 8 1
18 20 14
19 21 2
3 3 6
9 12 5
22 0 11
22 1 6
4 7 7
20 22 16
6 10 9
15 18 7
21 22 20
14 18 7
10 12 5
16 16 6
18 21 13
20 21 3
2 5 11
13 15 4
4 6 8
15 16 10
14 16 5
11 13 1
5 7 2
6 8 1
15 15 14
18 20 10
10 12 18
9 10 12
10 12 4
22 0 19
14 15 5
23 1 15
16 17 18
21 22 14
21 23 7
20 21 17
1 3 8
17 20 13
21 0 1
0 2 18
4 5 6
10 13 5
19 21 2
23 2 11
7 9 9
16 19 9
20 21 6
19 20 20
1 3 10
14 17 17
2 5 3
18 20 18
9 11 5
8 10 2
11 12 6
13 15 2
19 22 15
15 17 17
11 12 10
21 0 9
4 8 12
14 15 3
10 11 11
12 14 9
1 2 15
10 12 20
3 5 5
3 6 14
6 8 6
3 5 20
2 4 13
21 23 4
13 15 20
18 20 20
7 8 4
10 11 17
14 16 5
20 22 19
23 2 3
10 12 9
21 22 9
17 20 14
15 17 12
7 8 11
16 18 8
15 17 13
20 23 2
4 7 14
8 10 15
8 10 13
4 7 2
6 9 16
21 22 12
16 17 13
17 18 7
6 9 5
15 18 11
1 4 20
13 17 2
5 7 20
8 10 13
10 13 19
20 20 15
19 19 8
21 23 14
2 4 6
7 8 19
21 23 11
1 5 12
11 14 17
11 14 1
11 12 7
9 11 6
10 13 5
19 22 18
8 9 19
1 2 4
14 16 20
11 12 11
11 14 9
22 1 13
19 20 16
13 13 14
4 8 18
13 15 1
23 1 2
4 7 13
17 22 16
23 0 16
18 21 6
21 22 1
12 14 11
9 11 8
3 6 6
14 16 16
18 21 9
16 18 12
0 2 2
17 20 20
5 7 7
2 2 11
3 7 2
10 14 5
0 3 6
3 5 11
5 8 13
0 2 8
23 2 11
23 1 16
20 22 16
23 2 6
17 19 11
7 10 13
10 11 7
12 14 3
21 23 16
13 15 8
20 22 8
1 3 7
1 3 19
19 20 19
22 0 4
6 8 18
4 6 19
7 8 7
6 8 3
5 7 18
20 20 10
18 19 18
23 0 17
12 14 14
14 16 2
15 17 3
21 1 20
4 5 6
2 4 2
13 17 19
7 11 14
1 3 8
2 5 14
19 20 13
10 13 4
8 10 12
13 14 11
22 0 11
6 7 17
21 23 13
12 14 2
6 8 18
9 12 11
1 4 9
1 4 2
18 20 19
6 6 4
16 19 16
16 18 20
5 7 9
14 15 10
2 5 19
21 21 15
6 8 11
19 22 17
2 4 18
12 14 19
4 5 16
19 22 14
5 7 3
1 3 2
5 7 11
3 7 15
13 16 10
3 5 9
6 8 5
8 9 7
7 9 8
8 11 14
12 14 3
22 0 14
8 9 16
23 0 6
2 3 18
16 18 9
11 13 3
15 18 8
2 4 9
0 5 20
19 22 11
0 4 16
19 23 13
20 21 4
11 13 2
20 23 12
7 9 2
2 3 17
5 8 18
12 15 2
3 6 8
9 11 16
16 18 15
22 1 14
20 22 16
2 5 11
16 18 9
22 0 6
20 23 15
12 14 9
6 10 5
2 3 16
12 14 13
2 3 20
22 0 19
23 23 14
8 10 12
8 9 19
22 0 9
0 3 3
12 14 15
9 12 13
14 17 19
0 3 5
21 23 13
17 20 17
21 23 4
1 3 11
20 22 16
6 7 13
14 16 11
17 19 14
4 7 6
23 0 1
13 16 6
10 11 13
21 1 7
7 9 9
6 8 19
7 8 10
21 23 9
15 18 11
2 6 1
19 22 19
2 6 6
9 10 6
9 10 11
1 3 10
14 16 7
20 22 12
5 6 18
22 0 15
5 7 5
10 13 17
12 15 6
22 22 2
0 2 9
19 21 20
17 19 9
13 17 18
17 18 20
17 19 10
4 5 13
20 20 16
11 13 15
13 15 4
21 22 19
11 13 3
2 5 20
14 16 4
11 12 9
1 3 5
10 13 8
8 12 4
5 7 18
21 22 1
0 1 9
19 23 15
16 17 16
10 12 1
23 0 11
10 12 19
11 13 2
11 13 16
7 9 17
17 19 19
4 7 11
7 10 6
13 16 2
12 17 5
8 9 6
23 1 1
7 10 14
22 1 4
18 19 4
7 10 4
9 10 4
14 17 17
9 10 12
17 19 11
17 19 3
21 23 11
4 6 7
11 12 15
20 22 11
9 10 15
6 7 13
19 21 11
1 2 6
8 9 9
7 9 18
8 9 10
20 1 17
9 10 12
8 11 12
18 21 9
7 8 11
9 11 2
3 5 17
21 23 13
6 8 14
10 12 1
8 11 6
19 19 3
5 8 7
5 6 10
15 16 4
1 3 5
22 0 2
10 14 13
20 22 12
4 7 2
23 1 6
7 9 7
0 3 13
12 15 1
3 6 14
4 8 8
14 18 5
16 19 17
18 20 19
14 16 9
16 18 19
3 5 18
12 13 18
7 11 19
21 1 9
22 0 17
3 7 19
14 15 2
18 20 13
19 20 12
2 4 14
13 12 20
5 6 17
16 18 12
23 23 6
7 10 11
23 1 13
9 11 19
12 12 17
8 10 1
1 2 14
5 6 19
0 2 12
0 2 14
13 14 7
22 1 8
11 13 10
2 2 1
20 21 20
4 5 9
15 18 6
19 21 14
8 10 5
12 13 13
0 2 16
10 11 9
0 3 8
15 18 16
10 11 14
14 16 14
18 20 20
17 19 1
0 3 2
19 20 5
11 15 3
1 5 8
7 8 1
7 11 13
3 6 8
12 13 11
3 3 11
9 12 11
6 7 16
2 6 17
21 22 11
2 3 4
20 22 18
18 20 11
14 16 1
5 5 17
9 10 18
7 11 4
5 8 7
0 2 1
11 15 8
23 0 2
0 1 5
17 18 13
0 3 10
1 2 16
20 23 1
6 10 6
13 15 17
2 4 14
17 18 18
0 0 19
21 23 15
6 9 17
0 2 12
22 23 6
18 19 18
10 13 3
13 18 18
16 18 11
0 1 4
6 8 20
6 11 18
7 10 19
4 6 10
15 16 15
20 23 5
10 11 8
17 20 5
11 12 19
16 17 3
6 8 20
0 1 11
22 0 20
20 22 2
5 4 12
22 0 15
10 13 18
4 5 8
4 7 4
19 21 20
2 4 16
6 9 1
20 21 7
10 13 19
22 0 9
4 6 10
23 3 11
10 14 14
7 10 12
21 0 16
5 7 15
10 12 18
19 22 2
22 1 16
8 9 11
0 3 10
7 10 14
18 21 17
12 15 3
8 11 15
2 4 15
19 21 15
20 21 1
15 17 7
0 4 10
5 6 4
11 12 8
7 9 8
17 20 15
8 10 15
19 20 17
12 13 20
9 12 2
2 5 2
6 8 4
18 21 15
19 20 6
16 16 9
15 16 7
18 21 18
17 18 4
4 6 9
12 13 4
17 19 19
4 7 1
5 7 17
20 23 7
23 3 1
8 11 3
14 16 5
16 19 1
16 17 14
23 1 7
18 20 5
4 6 8
21 23 14
10 12 14
13 16 11
19 21 13
4 6 20
13 17 17
21 22 12
18 21 15
17 19 11
9 11 14
12 15 17
11 12 9
21 20 18
3 3 7
13 15 17
18 22 4
6 9 18
18 20 18
2 5 12
13 15 20
9 10 3
10 12 18
14 17 7
20 23 17
7 10 15
18 20 15
22 3 17
0 2 4
3 5 10
22 23 17
2 4 7
8 10 1
11 12 19
0 2 19
9 11 1
9 13 7
22 1 18
19 21 16
16 18 12
6 8 3
19 21 4
12 14 12
14 17 15
9 12 7
4 7 16
15 18 4
13 16 20
7 9 5
16 19 13
3 5 19
9 12 5
4 7 12
5 6 4
21 0 20
10 12 19
2 4 17
1 4 8
7 9 12
11 14 7
6 9 18
22 0 7
7 10 14
15 16 10
11 12 19
6 7 10
21 0 18
20 22 1
5 7 14
13 15 3
8 9 4
3 5 8
8 9 14
13 15 7
1 3 2
21 0 3
19 20 15
19 21 4
3 4 2
18 18 6
2 4 4
4 7 3
4 5 5
19 23 13
18 18 6
13 13 13
4 6 4
10 14 6
17 19 20
8 8 2
3 5 13
7 10 19
20 21 20
4 6 12
4 6 9
16 19 15
15 17 4
1 2 1
6 8 13
18 20 10
5 7 17
13 15 3
8 9 1
1 4 11
17 21 4
15 16 6
7 9 18
9 12 15
1 5 1
20 22 5
11 12 20
2 3 14
22 1 5
10 12 20
4 7 16
17 19 12
13 16 16
8 11 4
22 1 18
23 1 16
3 5 14
0 1 7
17 20 12
0 4 19
17 19 12
19 20 15
14 16 2
22 0 13
20 21 15
10 14 9
0 4 15
15 18 13
5 7 20
5 7 3
12 13 11
5 8 1
16 19 6
12 14 8
11 13 11
0 3 4
7 9 4
15 14 12
11 14 14
14 17 8
11 13 6
0 2 17
23 1 1
12 15 9
0 2 15
3 4 4
9 11 8
17 18 12
18 20 18
6 7 20
11 12 10
16 20 10
5 5 14
3 3 2
5 8 16
1 3 13
18 20 2
9 12 5
8 10 2
2 4 6
4 8 6
9 11 12
4 6 18
0 2 16
23 2 7
14 17 6
0 2 8
10 11 11
17 20 9
10 10 12
2 4 18
11 13 13
23 0 5
16 19 18
16 16 18
14 16 4
17 17 13
15 16 10
16 18 15
8 12 2
1 2 3
6 7 6
22 22 20
23 2 20
10 12 10
8 9 18
22 0 14
9 12 11
12 13 11
19 20 8
6 7 19
16 19 6
17 19 5
11 13 5
3 5 6
22 23 19
23 2 18
14 14 10
21 20 3
7 9 19
15 18 1
8 11 14
10 11 16
15 18 18
10 11 1
17 19 8
4 5 18
16 17 20
14 17 6
15 15 7
18 20 14
20 22 16
14 16 1
23 1 3
16 19 17
8 9 10
12 14 10
17 19 19
13 15 17
17 21 18
19 21 19
0 4 12
11 15 7
12 14 4
5 7 20
16 18 15
17 19 13
18 20 4
7 9 14
20 0 11
12 15 4
14 16 7
7 9 12
22 1 9
14 16 20
12 14 9
10 12 3
0 3 10
4 6 15
20 21 8
2 5 2
1 3 12
17 19 4
3 3 9
16 17 16
12 15 13
6 8 4
20 21 12
5 9 20
8 10 13
10 12 11
6 8 19
15 16 19
0 2 18
19 20 14
8 11 19
21 22 9
22 23 7
6 10 9
16 18 20
12 13 4
8 8 2
6 8 7
13 13 14
10 14 4
8 12 13
17 19 18
6 8 6
13 16 3
18 22 10
0 2 15
23 0 12
9 11 9
11 15 20
6 7 4
8 12 3
12 14 13
15 16 4
11 13 8
18 22 17
20 22 5
12 14 11
11 13 15
3 4 5
14 16 3
17 19 6
14 16 1
2 3 17
15 14 3
1 3 5
1 4 13
6 7 14
13 15 4
22 23 9
18 20 11
12 15 20
17 19 5
6 10 9
6 8 9
5 7 17
19 20 11
3 6 5
1 1 5
7 10 17
1 4 20
13 16 2
0 1 6
6 9 13
9 11 1
22 0 14
9 10 8
22 23 15
2 5 7
21 22 13
2 5 9
0 1 17
6 7 5
22 22 1
22 0 12
14 17 15
15 16 5
16 19 4
12 15 4
15 19 18
20 22 3
17 19 1
17 18 6
23 1 15
7 8 4
18 22 14
1 3 11
21 0 7
22 0 17
7 10 16
23 0 7
14 16 10
14 17 15
7 10 3
14 17 2
7 10 2
2 4 1
3 4 2
19 20 5
4 6 4
16 17 17
4 7 12
10 11 12
6 9 2
10 13 13
23 1 11
18 21 17
5 8 15
1 5 18
15 17 6
16 17 1
8 10 2
15 18 8
12 17 11
6 8 13
8 12 19
15 16 19
4 6 5
18 19 17
3 4 12
9 10 14
20 0 3
17 18 9
20 22 8
0 3 8
20 20 15
21 21 14
18 20 5
17 19 2
8 9 15
7 9 12
21 0 18
9 12 2
12 12 5
22 0 17
17 17 3
16 18 15
0 1 15
13 14 1
9 13 8
19 20 15
23 0 4
20 21 10
14 16 3
18 19 9
0 2 13
0 3 16
0 2 5
11 13 8
23 1 8
14 17 1
12 13 17
7 8 16
4 5 8
21 0 1
13 16 13
8 11 11
6 9 9
13 14 9
11 11 4
5 7 12
11 14 16
18 20 5
12 14 8
19 22 15
15 15 14
8 10 17
16 20 3
23 0 12
7 9 19
16 18 18
9 12 4
16 17 8
2 3 9
15 18 6
16 19 2
21 22 14
14 16 14
13 18 1
5 7 6
18 21 13
21 23 19
21 0 13
20 22 10
13 14 10
1 4 18
19 20 15
16 18 7
23 3 17
3 5 8
13 16 3
6 7 6
21 23 15
7 9 3
15 17 17
1 3 2
4 6 9
5 8 4
13 17 9
6 8 20
21 23 16
5 7 19
2 4 20
21 0 3
15 17 16
19 21 12
14 17 19
11 11 8
7 9 12
11 12 14
2 4 16
23 2 9
6 8 8
16 17 4
8 9 7
0 3 7
9 10 5
15 18 10
22 23 5
5 6 19
3 5 8
14 16 16
17 19 5
19 22 3
17 19 14
15 17 1
16 18 9
17 20 5
1 3 15
0 3 17
22 23 17
11 11 3
0 2 7
8 11 6
3 4 11
13 16 18
21 1 3
1 4 7
11 13 7
21 22 5
3 4 7
17 19 4
4 6 13
22 1 6
3 5 19
9 12 1
22 1 2
23 3 1
4 7 12
22 23 14
2 4 3
1 4 11
13 14 16
7 7 10
1 3 5
17 19 4
17 17 11
11 12 9
14 14 4
14 17 8
17 20 9
13 15 10
3 5 12
14 15 19
14 16 10
3 5 3
8 10 7
4 5 2
0 1 6
11 14 4
11 12 15
3 6 18
5 7 17
13 15 16
19 22 8
18 19 3
21 23 11
22 0 15
13 14 7
7 8 13
16 20 11
17 19 9
18 19 15
15 17 1
5 7 5
4 4 20
11 13 18
14 14 16
11 14 2
3 3 18
5 7 19
1 2 11
6 7 14
13 16 7
11 13 1
17 19 4
21 0 16
8 10 14
13 14 10
2 4 2
8 9 1
14 16 16
13 15 5
9 11 6
6 7 20
12 15 18
8 9 12
15 16 16
10 13 2
18 19 10
2 4 1
17 19 12
21 23 8
7 10 19
8 11 13
15 17 10
18 20 3
13 14 8
14 17 2
17 18 4
19 19 10
12 15 11
17 18 15
22 1 5
7 9 16
3 5 12
22 0 16
7 8 20
11 11 15
11 11 10
21 23 9
11 13 8
22 23 3
17 19 11
7 10 13
8 10 18
19 22 11
11 12 9
13 15 15
9 11 14
4 7 1
7 10 12
8 10 10
16 18 7
20 20 7
13 15 8
7 7 1
0 3 17
9 10 3
4 8 7
10 12 8
23 1 18
1 3 17
23 3 9
7 9 20
15 18 7
3 5 16
1 3 4
2 3 3
1 3 18
6 8 5
21 23 18
12 14 18
10 13 6
20 22 20
10 11 16
20 21 9
19 20 7
10 12 5
8 9 10
10 13 11
15 18 14
22 22 18
14 15 16
22 23 5
22 1 17
1 3 10
2 3 1
18 20 12
8 8 20
19 21 1
13 14 18
13 14 7
20 20 18
17 20 17
14 17 5
20 21 1
9 10 16
20 22 19
17 20 9
1 2 6
20 23 3
16 18 20
1 3 6
23 1 2
18 21 14
15 16 19
17 20 18
11 12 9
15 18 6
19 21 19
21 1 5
8 10 2
18 21 3
18 20 9
15 17 12
5 8 6
22 23 18
5 6 13
9 11 2
10 12 17
3 5 17
14 16 7
12 14 19
17 21 7
10 11 18
21 0 16
3 4 13
1 5 18
11 11 16
2 3 15
18 20 20
16 18 8
18 19 4
9 11 3
19 20 14
18 20 16
1 2 4
19 19 16
18 19 9
19 20 19
12 14 6
12 14 8
18 21 17
21 23 15
15 16 17
19 22 9
4 7 16
0 3 14
19 19 19
17 20 2
8 8 14
18 19 13
11 12 9
12 14 2
20 22 11
7 9 16
2 4 2
20 23 11
17 19 17
18 20 11
4 6 4
10 13 11
6 8 13
3 5 10
23 0 19
22 2 20
7 9 12
22 1 2
7 7 9
7 10 8
6 8 18
2 5 5
21 22 7
1 3 20
11 13 3
8 12 2
14 15 7
13 14 19
21 22 14
23 1 15
16 20 13
3 4 19
14 16 7
11 13 15
18 19 15
11 12 10
1 3 1
10 14 2
21 0 15
16 16 17
16 18 1
4 6 11
23 0 7
12 13 16
12 13 2
9 12 14
2 5 9
1 3 5
5 6 3
17 19 5
10 11 14
0 1 17
15 18 5
19 21 10
3 6 14
4 7 9
12 14 11
23 1 2
19 21 3
17 19 17
16 19 6
7 9 5
9 12 13
7 9 7
22 0 17
10 11 3
13 16 10
5 6 17
23 23 15
0 2 15
16 20 3
8 10 4
9 11 1
13 16 12
20 20 1
19 22 9
22 0 14
20 20 4
12 14 14
21 1 18
17 21 11
9 11 2
8 11 2
2 2 1
23 0 5
11 14 6
6 7 3
8 9 3
20 22 20
0 1 18
16 18 18
6 8 19
19 21 13
11 13 10
16 19 13
14 14 8
18 21 2
19 20 14
12 13 15
20 0 6
10 13 8
8 11 11
3 5 15
5 7 18
5 6 17
16 17 11
0 3 10
13 15 8
5 7 4
9 10 20
17 21 5
6 8 12
2 4 8
7 10 19
17 19 16
22 23 3
16 17 7
19 21 14
19 21 20
17 18 5
13 17 12
13 15 5
5 10 10
2 3 15
8 9 11
18 20 1
10 11 11
9 11 4
1 1 12
13 16 6
1 3 16
2 6 4
16 18 19
8 12 20
16 18 19
4 5 13
23 1 3
9 11 3
19 21 20
15 15 5
18 20 19
15 18 2
3 5 8
10 11 14
22 1 11
22 23 15
14 15 18
20 21 14
7 8 6
4 4 14
15 16 3
20 22 15
12 15 16
10 11 16
18 19 2
22 1 4
21 23 11
19 21 8
21 0 5
11 12 12
11 12 18
11 13 7
5 8 20
6 7 9
14 17 6
1 3 1
23 2 9
23 2 5
17 18 5
20 21 16
2 4 10
4 7 12
21 23 3
20 22 11
20 22 14
11 12 4
2 5 4
12 14 6
8 9 16
13 16 11
16 17 6
8 11 11
16 17 4
10 11 16
5 6 18
0 1 11
3 5 9
1 4 12
18 23 13
20 22 3
10 12 8
3 7 4
1 4 12
0 2 1
11 11 18
0 2 7
11 13 3
13 14 14
16 16 3
19 21 10
12 13 3
7 9 2
14 17 8
8 10 17
2 4 10
14 15 9
6 7 9
12 16 12
0 1 2
1 2 13
19 21 9
16 19 6
3 5 6
13 14 17
15 18 8
21 1 8
21 23 5
8 9 5
6 6 11
19 20 9
12 14 6
7 10 11
19 22 3
3 5 9
3 5 2
16 19 4
3 7 9
13 14 9
14 15 3
7 9 4
18 19 8
12 14 6
3 5 17
5 8 15
13 15 5
17 18 12
9 11 19
6 8 12
18 20 12
14 15 19
7 7 12
9 11 14
23 0 6
19 21 18
4 4 8
23 0 15
23 1 7
0 2 20
18 21 15
0 1 10
14 15 15
21 23 16
13 14 20
13 14 11
23 1 16
5 8 3
7 8 7
3 5 5
12 14 13
11 12 4
8 11 8
2 4 10
10 13 4
8 11 8
21 22 7
11 11 12
21 23 19
2 5 7
1 2 8
15 17 19
17 20 1
2 4 5
0 4 13
9 12 6
20 20 2
17 22 14
22 0 18
14 16 11
0 3 20
7 8 19
23 0 6
5 7 3
9 11 18
5 7 4
3 6 7
0 2 10
4 7 1
19 20 6
10 13 14
5 8 17
1 3 18
22 0 14
8 11 20
17 19 12
8 10 2
21 21 7
15 17 10
7 7 17
1 2 1
21 0 15
7 9 10
0 1 13
4 6 3
21 22 6
2 5 12
20 22 1
9 10 17
3 6 4
10 12 16
2 5 6
13 15 5
10 13 10
15 17 13
8 8 7
8 10 6
23 1 7
2 5 7
1 2 17
2 5 8
15 18 19
5 9 1
11 14 18
16 17 17
14 15 8
5 7 15
19 21 14
2 4 7
13 15 13
15 19 13
12 15 15
5 6 18
12 14 13
17 19 5
3 4 18
17 19 13
4 7 6
23 23 6
14 16 7
14 16 14
10 12 6
17 17 1
4 5 18
3 4 5
20 23 16
6 7 14
15 17 9
22 23 7
21 23 18
16 18 18
8 11 16
6 11 15
21 21 1
6 8 20
6 8 1
20 22 14
6 9 20
11 12 13
12 15 10
12 13 9
22 23 1
14 16 7
0 1 8
0 2 18
2 2 19
10 13 18
11 13 15
7 8 5
20 21 14
0 2 3
19 20 5
3 6 8
9 12 8
4 4 13
6 10 17
13 17 6
2 3 1
5 8 7
23 2 16
3 3 12
4 7 6
16 19 1
10 12 19
16 18 3
6 9 7
14 13 4
2 5 18
5 9 2
2 4 5
22 0 19
5 6 2
10 13 17
4 7 13
13 14 2
4 6 9
10 10 9
6 7 1
3 4 3
2 5 3
21 1 5
23 0 6
11 11 4
21 0 4
2 6 5
5 7 2
12 14 8
13 16 13
17 20 6
11 12 1
14 17 17
3 5 5
4 7 12
12 12 2
9 11 3
17 20 9
11 13 15
21 23 20
6 9 2
0 -1 18
14 17 17
10 12 6
13 14 5
1 3 6
4 6 17
20 22 5
7 11 15
2 3 6
4 6 14
14 16 5
2 5 7
19 21 16
17 19 11
1 4 12
14 15 15
8 11 2
22 0 13
15 17 18
22 0 19
14 15 7
11 13 12
23 2 4
6 8 7
9 11 3
5 8 8
13 16 9
2 4 17
7 7 16
15 19 12
8 11 19
19 21 10
9 14 10
17 20 7
16 16 13
4 8 13
8 10 12
16 19 18
4 6 17
8 10 5
3 6 9
4 7 11
23 0 3
8 11 6
22 2 18
1 3 19
3 3 7
13 14 13
18 18 13
4 7 11
0 2 3
12 15 11
22 2 4
12 14 16
2 3 11
10 12 20
9 11 3
5 7 19
16 17 2
0 2 16
14 16 15
16 16 15
9 10 13
2 3 3
0 2 8
5 6 14
9 13 9
18 21 19
20 21 4
7 8 3
10 12 11
15 16 1
14 16 9
2 4 6
16 18 3
23 1 20
12 16 20
22 22 15
20 22 5
20 0 3
7 9 5
19 22 17
5 6 11
19 20 17
7 9 14
1 4 2
2 4 18
14 18 16
8 8 4
22 0 3
0 3 3
2 6 15
8 11 10
8 10 16
14 16 13
13 16 1
6 7 13
18 21 5
22 23 6
23 4 1
3 6 1
15 17 4
0 4 15
22 0 15
13 15 2
2 4 16
10 12 10
4 7 2
11 11 17
17 18 12
7 8 4
1 3 16
19 23 20
23 2 16
2 5 6
5 8 18
13 15 16
12 14 5
21 22 3
2 4 18
11 12 5
1 3 6
6 8 14
1 2 10
9 13 14
14 18 1
11 11 18
5 7 1
22 1 14
16 17 9
2 5 1
20 21 11
4 5 9
1 4 19
23 2 13
1 3 3
7 8 16
18 19 1
9 12 20
13 15 11
4 7 16
23 0 4
18 21 13
17 18 9
6 7 7
18 21 20
15 17 6
6 8 2
16 19 13
15 17 11
18 20 1
21 22 8
12 15 11
15 18 14
7 9 9
12 16 16
2 4 11
22 23 9
18 19 5
13 16 5
13 15 15
0 2 14
11 13 2
22 0 14
13 15 5
2 4 1
20 0 1
7 10 5
23 23 11
15 18 14
14 17 10
0 2 15
2 5 7
4 6 3
13 15 18
20 21 19
2 5 6
2 2 11
12 14 11
23 1 10
15 18 18
3 3 13
14 16 20
17 19 2
12 14 12
19 20 3
1 3 18
20 21 13
19 21 14
12 14 15
1 2 18
8 10 18
16 20 5
6 8 6
7 9 7
23 1 3
20 23 2
4 7 16
2 4 17
0 3 8
9 10 19
17 16 3
16 17 3
3 4 18
1 4 17
2 4 8
2 3 7
9 13 2
19 22 15
14 16 18
12 15 10
23 23 2
10 12 1
21 0 17
10 10 5
1 3 6
5 6 9
23 0 2
5 6 6
2 4 4
13 16 20
9 12 7
16 19 18
22 1 1
6 8 20
8 10 15
10 11 12
20 21 5
5 6 15
2 5 3
21 0 19
12 14 8
15 17 15
7 10 9
20 21 2
17 18 20
21 22 6
10 12 5
9 11 10
12 12 14
22 1 4
22 1 19
16 18 8
3 5 1
0 0 10
3 6 14
19 22 1
19 19 8
14 14 11
23 3 4
3 4 20
23 1 9
11 12 7
15 18 3
6 8 13
16 18 12
7 8 1
16 18 18
21 0 9
23 1 3
8 10 5
2 3 11
22 0 16
15 18 19
15 17 13
9 10 7
3 5 8
8 10 19
13 14 11
21 23 11
5 5 3
21 23 15
0 1 8
4 8 20
3 6 12
21 23 20
7 8 17
14 16 14
2 5 10
18 18 1
7 9 3
6 8 8
11 14 7
13 14 7
18 19 17
10 12 14
9 12 2
3 3 18
23 2 3
23 1 20
12 13 9
15 17 18
22 0 13
5 8 4
0 3 10
8 11 14
22 1 4
3 6 18
9 12 17
11 14 9
8 9 8
11 15 15
12 14 11
7 8 4
7 10 20
5 6 15
22 23 5
11 13 9
13 16 14
4 6 12
20 21 13
19 23 11
18 20 18
2 3 9
0 1 16
16 17 17
2 4 7
21 0 4
4 5 16
9 11 12
8 10 19
3 6 14
9 10 4
2 4 7
19 21 3
14 17 16
5 8 4
1 6 14
4 7 14
20 0 11
1 6 7
8 11 16
11 13 5
0 1 1
20 20 6
11 14 18
12 15 11
15 17 13
9 10 18
5 6 1
12 14 9
7 9 10
5 7 9
18 21 15
8 9 2
9 10 2
1 3 15
10 11 11
10 12 13
13 14 5
16 19 12
19 20 19
13 15 15
15 16 4
1 3 1
13 15 19
11 13 12
23 0 15
10 12 10
13 15 14
11 12 18
8 12 18
11 13 1
10 13 17
19 20 17
23 3 18
17 19 20
5 8 19
19 19 15
15 16 1
8 10 6
0 2 17
4 5 1
23 1 10
14 15 19
6 8 2
4 6 4
8 10 5
2 4 11
19 22 6
11 14 5
3 6 15
17 18 18
15 16 10
0 1 3
10 11 10
3 5 10
6 7 9
9 10 18
12 13 6
22 23 3
2 2 7
13 13 16
20 0 20
11 13 14
10 13 6
17 19 15
8 11 13
5 9 17
6 7 2
11 14 18
13 15 19
15 17 17
3 7 5
15 17 13
19 21 17
17 20 11
20 21 14
16 18 18
2 2 1
17 20 4
12 13 14
18 20 11
23 2 5
3 5 9
9 11 10
0 3 5
19 22 9
12 15 13
3 5 20
14 16 9
5 7 11
1 3 4
20 23 7
17 18 11
16 18 1
15 17 18
18 19 19
23 0 4
19 22 8
3 4 3
10 12 4
3 4 10
15 17 20
14 16 4
17 20 12
6 9 2
19 22 11
14 15 15
18 23 4
20 21 15
23 2 18
8 10 3
9 13 12
22 1 5
21 0 4
2 5 18
13 14 6
9 12 5
10 13 16
10 13 14
23 1 13
13 14 15
20 22 14
13 17 1
12 14 15
11 12 19
12 14 2
13 17 17
3 6 7
18 20 8
2 5 5
22 0 15
16 16 3
3 4 12
3 6 12
0 2 17
3 6 14
8 10 14
19 20 1
10 11 11
18 19 7
11 12 14
8 10 13
19 20 3
11 13 1
8 11 13
22 22 13
1 2 19
9 10 20
0 3 13
4 5 5
0 3 7
17 19 8
21 23 17
12 13 4
6 8 15
14 14 13
9 10 8
16 18 3
1 3 16
6 9 12
11 13 19
1 4 18
4 6 20
8 10 15
11 14 18
16 19 11
23 3 19
21 23 13
18 21 12
7 9 3
16 16 17
7 10 12
23 0 4
9 10 13
11 11 5
3 5 11
8 13 10
16 18 10
21 23 7
21 0 5
18 19 1
23 0 5
23 1 13
16 18 16
9 11 19
16 18 8
15 18 3
23 0 18
0 2 18
16 19 12
4 6 12
9 10 4
0 4 13
3 3 11
16 19 7
5 7 16
12 12 12
4 7 11
21 22 2
5 7 9
1 3 19
17 19 13
11 13 6
15 16 15
9 12 9
1 2 3
16 19 8
23 3 11
16 18 2
10 12 6
3 6 6
23 1 9
17 20 13
13 15 19
10 12 7
5 8 16
12 16 15
16 17 8
1 4 4
4 6 17
3 5 13
4 5 8
22 0 7
9 12 14
7 11 10
8 9 10
7 9 10
20 22 2
6 8 11
2 3 20
2 3 9
0 3 19
9 12 10
7 8 2
10 12 20
7 9 2
15 17 4
11 15 8
11 14 12
20 21 8
0 3 13
22 23 7
11 12 1
0 1 19
11 12 10
10 12 18
9 12 4
19 21 6
16 20 9
13 15 1
20 22 8
18 21 10
9 11 1
2 4 6
11 13 15
10 13 14
1 3 14
21 0 19
0 1 7
3 6 13
18 21 13
9 8 10
3 5 19
14 16 1
23 1 9
9 12 10
5 6 5
10 11 8
4 4 16
3 4 15
20 22 6
4 7 15
0 2 2
4 7 15
4 6 6
7 9 4
20 23 15
17 19 4
8 10 3
8 11 8
1 2 10
15 17 20
11 14 10
21 23 4
12 13 8
6 6 2
12 15 14
3 5 3
3 4 6
4 5 15
21 1 8
17 20 4
3 4 11
6 9 14
5 7 1
21 21 4
21 23 15
1 3 14
14 17 19
13 15 13
16 19 1
18 20 18
14 16 9
0 1 9
11 13 7
15 17 12
0 2 11
8 11 7
4 6 3
1 4 14
19 20 13
9 14 5
2 4 20
23 0 7
14 17 11
8 10 19
3 5 3
2 3 15
4 6 6
16 18 17
19 22 15
3 4 2
13 15 6
22 0 7
20 21 7
4 4 7
20 23 20
21 22 4
14 14 5
11 13 18
17 19 12
14 16 14
0 3 6
17 20 14
11 12 3
23 1 1
4 8 18
15 18 5
13 13 15
7 8 5
19 21 19
17 19 9
14 17 2
19 20 7
3 5 12
12 15 9
0 2 18
23 0 10
2 6 4
17 17 10
20 22 8
11 10 4
11 13 3
4 5 2
4 6 10
7 9 18
23 1 11
0 2 19
4 5 1
17 19 10
21 23 16
10 13 14
17 18 2
3 4 6
8 9 11
18 20 4
1 2 13
22 1 14
10 12 1
13 15 5
21 23 9
16 18 2
16 19 12
17 19 12
3 6 11
14 15 11
8 9 7
19 21 19
19 22 16
11 12 13
15 16 12
20 21 5
14 16 3
17 20 20
20 22 13
14 17 2
12 15 6
19 21 18
7 8 2
2 5 17
1 4 4
1 1 13
16 19 9
3 4 17
16 18 19
10 10 3
8 10 10
12 12 5
1 4 8
14 16 2
22 1 3
13 17 3
10 13 13
11 12 10
2 5 16
4 5 3
20 22 11
9 11 7
18 20 17
0 1 17
18 19 9
6 8 18
10 11 6
18 19 18
13 15 1
12 14 14
1 3 6
15 18 6
1 2 12
5 7 1
0 3 12
17 18 10
3 4 5
17 19 1
10 12 12
21 23 19
18 21 3
20 21 1
15 17 14
18 21 2
18 20 19
21 0 8
21 21 18
11 11 14
7 10 1
19 21 1
23 1 10
23 1 17
23 1 19
0 4 16
7 8 9
22 1 5
1 2 6
6 10 14
1 3 19
18 20 11
15 16 7
19 21 2
22 23 7
16 20 19
16 19 13
8 9 14
15 16 14
18 20 8
0 2 4
19 21 19
6 8 7
9 11 16
10 13 1
1 4 8
16 17 16
4 6 9
1 3 3
6 8 4
23 1 5
0 3 11
19 19 11
0 2 18
5 6 9
11 14 7
7 9 1
9 10 9
7 8 14
7 12 10
17 19 16
14 15 10
19 21 20
13 16 5
2 4 14
5 6 19
18 22 19
4 7 5
19 19 16
19 22 6
21 1 7
21 22 8
9 11 15
18 21 19
13 14 9
7 8 19
13 16 14
13 14 13
9 12 4
17 20 19
23 0 19
0 3 19
3 6 1
0 3 5
7 7 4
4 6 20
8 8 13
17 19 12
2 4 12
22 22 9
18 21 10
23 1 8
18 18 20
5 6 20
19 22 13
0 3 12
15 17 12
8 9 8
20 23 17
5 6 2
22 1 17
14 15 12
15 18 17
12 13 19
0 2 19
14 12 10
21 0 11
3 6 20
6 8 1
13 14 11
7 9 11
3 4 19
2 4 12
2 4 19
11 12 2
17 19 10
21 0 15
21 23 20
10 11 8
2 3 14
5 7 1
17 18 10
11 14 4
11 14 10
5 6 19
22 0 6
16 18 15
20 20 8
5 7 18
21 23 16
11 14 3
2 3 20
17 19 11
20 0 3
17 20 10
20 22 10
17 18 1
17 20 17
13 15 17
7 9 2
0 2 11
17 19 6
0 1 13
17 19 19
12 15 5
12 14 2
17 18 7
1 2 16
12 14 11
12 14 5
11 14 5
13 15 9
20 22 11
18 19 8
9 12 3
13 14 13
21 21 10
5 6 14
0 0 10
16 17 20
7 10 8
20 0 3
22 23 15
8 10 2
3 6 8
11 13 6
13 16 5
22 23 13
1 3 20
21 23 13
18 20 14
21 23 5
9 10 18
8 11 11
0 3 13
11 12 5
10 13 8
11 12 18
9 11 16
22 0 5
7 10 9
19 20 18
8 11 1
14 17 13
16 18 5
13 15 4
7 11 7
0 3 6
1 5 15
15 17 3
21 22 13
18 19 17
23 2 17
4 6 19
17 17 6
0 3 18
2 4 20
19 20 3
18 19 12
6 6 13
14 15 18
22 23 11
0 3 17
3 6 11
1 4 15
22 1 2
6 8 1
10 13 4
7 10 1
22 22 3
20 22 2
5 9 17
21 23 9
17 19 15
2 5 20
9 13 6
8 9 5
0 2 8
0 1 8
23 0 4
23 1 10
15 17 3
1 4 10
20 21 11
5 8 9
13 16 18
7 9 3
4 6 10
23 0 7
1 1 2
14 15 16
9 12 6
15 16 12
19 19 9
16 17 16
16 18 9
19 21 6
13 16 7
20 22 1
5 8 12
15 16 11
7 10 12
3 6 18
22 0 11
10 9 16
5 7 8
17 17 8
0 3 13
22 23 10
17 21 4
12 14 19
1 2 19
21 23 8
6 6 8
20 22 17
21 23 19
0 0 9
4 6 20
7 10 3
3 4 6
5 6 3
11 12 17
9 11 10
18 20 20
0 2 20
13 15 4
11 13 19
17 19 16
13 14 14
17 19 10
8 10 9
13 14 8
15 16 13
23 0 19
0 2 16
19 21 15
2 4 3
5 5 15
11 13 10
4 6 3
23 1 7
18 19 10
18 20 15
8 9 4
7 8 16
6 8 10
23 1 13
15 17 18
9 12 3
9 12 12
22 1 3
7 9 20
