3050 20
17 16 17 6 6 3 2 12 10 6 9 6 5 3 6 19 4 20 6 3 
15 19 5
20 22 2
23 1 17
2 3 18
8 12 4
14 16 2
14 16 9
23 3 18
1 2 16
11 12 1
23 2 20
11 16 10
2 4 2
23 1 8
1 3 16
12 15 1
12 13 13
8 11 3
12 14 16
0 1 13
13 13 11
14 16 15
2 3 20
20 22 14
2 3 7
10 11 17
18 19 17
16 18 9
20 22 3
10 13 20
17 19 12
17 19 18
15 17 20
7 7 4
10 13 20
3 6 5
5 7 3
13 15 1
23 1 8
6 9 8
20 21 16
16 17 20
15 18 14
2 5 18
3 6 6
9 10 11
7 9 17
12 16 2
15 16 20
22 23 17
5 6 12
8 12 10
4 5 6
4 6 14
11 13 14
20 22 14
16 20 20
15 18 8
13 15 15
1 4 9
6 8 11
3 5 4
14 16 8
2 3 6
22 0 7
22 23 13
4 5 17
8 8 6
21 0 16
13 16 9
2 5 13
23 2 12
6 9 10
22 23 5
18 20 1
13 16 17
1 3 20
0 1 9
2 3 6
8 9 20
22 0 10
21 23 13
12 13 19
4 6 10
7 10 6
10 13 16
4 7 3
19 20 17
18 19 12
0 0 11
23 0 11
0 2 17
6 6 15
15 18 9
16 18 17
11 14 15
21 23 18
5 6 20
9 11 5
5 7 19
17 21 16
11 14 14
10 10 16
11 14 15
19 20 9
6 8 15
13 13 3
12 13 8
9 10 13
10 12 9
17 18 19
22 0 16
9 10 20
22 23 6
22 22 19
9 10 20
13 16 11
12 14 10
6 9 7
19 21 11
22 23 4
6 10 19
10 12 14
15 17 16
10 12 6
13 15 5
9 12 3
4 5 14
23 1 20
18 21 1
2 4 13
22 0 7
20 23 2
18 18 9
23 1 4
23 1 12
12 15 7
4 6 3
1 3 17
5 7 2
13 16 4
16 18 13
18 19 16
11 15 16
22 1 3
11 13 14
19 21 12
21 22 17
5 7 13
11 11 1
3 4 8
20 23 14
3 6 5
2 4 14
20 21 7
16 17 2
7 10 12
12 13 16
15 17 6
21 0 4
3 6 17
16 19 7
13 15 14
18 20 10
8 10 9
15 17 4
1 3 15
14 17 15
4 7 9
6 8 19
14 17 19
16 19 8
13 15 5
21 0 9
22 23 2
14 16 11
1 4 9
9 10 7
6 8 11
0 3 15
22 0 16
8 10 5
15 17 19
8 10 9
7 9 3
6 8 10
14 17 14
20 22 6
0 2 5
16 18 11
16 18 9
4 5 2
2 4 15
4 4 1
16 18 10
16 17 11
5 10 15
17 18 3
1 4 5
19 20 20
10 13 17
18 20 4
14 14 10
7 9 17
4 5 6
3 7 10
15 17 20
10 12 17
20 21 7
18 20 6
3 4 6
8 12 18
23 1 3
22 1 12
20 21 2
16 17 7
14 17 5
10 11 7
20 21 11
18 21 18
23 0 14
1 1 10
15 16 4
23 0 20
2 4 17
11 15 11
9 11 16
21 23 4
1 2 8
22 1 4
22 1 13
7 10 4
22 23 19
11 13 9
20 21 5
11 13 19
18 20 1
23 2 5
14 16 16
3 5 14
3 5 9
10 11 1
9 11 7
5 6 18
14 16 2
14 16 10
23 1 8
13 15 13
18 20 10
13 15 7
3 5 20
17 18 5
11 13 7
3 5 14
0 2 6
21 0 15
19 22 8
9 10 10
1 1 3
23 1 20
8 9 4
15 16 10
8 10 9
1 3 10
12 12 17
10 13 1
11 13 6
3 6 11
5 7 4
16 18 8
3 6 8
15 18 5
23 1 14
7 10 16
6 9 8
15 17 9
19 22 17
1 2 3
20 0 10
1 2 20
23 2 14
20 23 3
1 2 16
18 22 19
22 1 4
19 20 2
15 18 12
10 12 6
11 14 4
2 3 5
15 18 4
7 7 19
15 18 17
4 6 20
14 16 1
15 18 16
21 1 10
16 18 8
0 1 4
11 13 7
14 15 4
22 1 1
9 12 2
9 10 8
1 3 4
22 23 15
14 14 4
12 14 14
5 8 4
20 0 1
8 10 18
9 9 18
8 10 12
14 16 10
18 22 14
9 10 7
8 10 18
23 2 4
1 3 13
23 2 6
19 20 13
22 1 2
4 6 1
17 18 3
20 22 12
10 12 16
18 20 13
5 8 18
10 10 5
9 11 15
21 23 13
13 15 20
2 5 8
11 13 13
13 15 20
15 18 9
16 17 4
12 13 11
3 4 13
7 9 17
18 21 13
21 23 13
18 20 13
12 16 10
0 3 7
23 0 19
7 10 13
20 22 20
20 22 6
5 5 9
14 16 15
14 17 17
6 7 15
20 22 6
13 14 18
3 6 2
2 3 13
7 8 3
22 2 7
6 6 12
6 7 7
8 9 15
14 17 3
15 17 8
15 17 20
9 11 4
6 8 11
9 10 19
1 1 13
6 9 10
12 15 5
6 8 16
23 3 19
19 20 10
9 11 16
20 22 18
17 19 19
4 7 19
20 22 19
9 12 18
20 23 13
17 19 16
23 2 15
21 0 8
17 18 7
7 8 2
22 0 14
19 22 5
18 20 8
20 23 6
12 14 6
2 3 10
7 10 7
23 2 10
15 16 6
9 11 15
13 16 7
6 8 2
21 23 20
16 19 8
20 22 8
5 9 10
4 5 11
6 10 4
22 1 6
3 6 18
14 19 6
4 6 15
2 3 6
7 9 2
9 10 17
6 8 10
12 16 5
15 16 7
1 4 11
19 21 20
23 23 20
3 6 13
8 10 16
5 7 1
1 4 8
23 2 7
17 16 13
15 18 10
17 17 15
17 20 2
18 22 5
9 11 20
23 2 20
19 21 19
20 22 6
3 6 10
9 12 13
18 20 1
4 7 5
8 10 15
21 22 7
16 19 6
11 13 6
17 19 4
16 17 14
2 5 16
7 9 12
6 8 8
4 8 18
21 1 4
6 11 16
14 16 3
20 21 16
14 16 15
12 14 11
13 16 10
3 5 17
0 1 6
2 4 4
0 2 16
5 6 7
4 6 12
1 2 20
0 2 3
3 5 16
11 12 4
16 18 2
21 23 11
14 16 19
17 18 15
14 15 7
14 15 17
2 5 11
1 5 2
10 11 4
13 16 12
12 15 16
1 1 9
7 8 14
0 2 20
16 20 10
2 3 11
22 23 17
7 10 8
16 19 2
18 20 2
21 22 4
0 1 15
12 13 19
2 4 16
15 17 4
2 4 4
0 0 18
2 2 10
3 5 10
19 21 18
14 18 14
2 5 17
7 9 15
1 1 8
10 12 18
21 22 18
15 17 1
10 10 13
19 21 12
11 14 15
23 1 18
22 22 3
7 9 10
15 18 2
21 23 5
15 17 20
12 14 10
5 7 11
12 15 4
3 4 17
3 7 6
5 8 2
20 22 10
20 22 3
12 14 4
10 14 8
15 17 1
9 11 7
11 15 11
6 6 5
20 22 2
20 21 20
23 3 15
6 11 18
14 15 15
23 1 15
21 1 7
14 15 19
8 10 12
21 23 1
10 13 11
6 8 2
9 11 13
4 5 3
19 21 4
14 16 19
18 20 6
0 2 6
4 5 18
11 12 17
17 19 6
10 11 18
1 4 4
6 7 1
12 15 15
4 6 3
8 10 12
15 17 8
21 22 1
19 20 6
21 23 18
22 0 3
2 6 7
5 6 11
9 11 19
20 22 3
18 21 6
19 22 17
5 7 8
1 2 11
5 8 3
14 16 20
16 18 11
21 23 14
19 21 11
1 5 20
12 13 8
10 11 9
2 5 12
15 18 20
9 10 3
23 1 10
18 21 7
2 5 3
19 22 20
12 16 6
12 13 20
17 21 15
21 23 12
19 21 17
1 4 14
2 4 5
15 17 19
1 3 3
7 11 11
22 22 19
8 12 7
8 8 14
0 3 10
1 4 1
16 19 2
23 2 9
12 14 10
22 22 9
5 6 17
5 7 11
14 16 4
0 0 2
8 11 19
21 0 20
19 22 10
1 3 10
10 12 13
8 9 18
13 16 19
21 22 16
18 20 17
0 2 18
12 13 2
11 14 11
3 5 18
16 18 20
21 0 17
14 17 15
1 3 10
23 22 10
11 12 9
6 9 17
1 4 7
16 17 13
1 1 8
15 16 5
19 21 5
12 13 11
17 18 8
8 11 19
15 18 4
7 9 2
14 13 12
23 2 2
7 9 3
2 3 4
21 22 14
15 17 8
5 7 7
7 8 14
6 9 2
3 4 18
3 4 1
8 11 5
5 7 13
19 22 5
4 7 11
17 20 15
18 20 19
2 5 5
9 12 7
16 19 3
1 4 15
3 5 12
6 7 20
20 22 9
6 9 17
19 21 5
16 19 17
5 7 7
8 12 8
1 3 17
9 12 6
23 0 8
17 19 5
10 14 10
4 4 17
20 23 13
15 17 18
11 14 13
6 7 13
15 18 15
1 3 18
11 13 7
1 3 15
13 17 10
7 10 14
8 10 9
11 14 19
20 23 2
22 1 3
21 0 9
7 9 4
1 2 15
15 17 10
13 14 10
1 3 10
8 10 12
1 4 9
0 2 15
11 13 11
8 10 15
19 21 16
6 7 14
13 14 15
12 13 19
10 12 3
0 2 2
18 22 11
16 18 1
5 7 3
10 13 5
4 8 17
6 8 2
5 7 13
0 2 16
2 5 20
1 4 6
18 20 15
13 14 7
20 22 17
19 21 5
11 13 14
1 1 16
14 15 18
3 6 18
19 22 19
19 22 12
17 19 19
21 23 3
10 13 19
5 7 19
23 0 17
1 2 15
22 21 11
17 18 9
20 21 8
20 20 9
10 13 5
4 5 18
2 5 19
19 22 5
19 21 8
8 9 16
11 12 16
21 0 16
7 11 9
15 17 2
22 1 3
22 1 11
5 7 5
17 20 2
18 19 18
2 4 16
3 6 20
8 10 11
11 12 3
22 0 5
18 19 5
10 12 6
18 22 12
21 0 12
23 3 18
12 13 3
7 8 1
7 11 8
0 2 16
18 20 16
2 5 7
0 4 8
1 3 2
3 6 18
12 15 9
11 15 5
7 8 18
20 20 2
7 8 18
13 16 12
4 8 14
10 15 16
18 21 18
1 3 1
12 15 9
13 14 18
1 3 19
15 16 15
23 2 12
22 22 15
4 6 9
7 9 12
6 10 20
23 2 10
12 13 7
12 13 20
22 0 20
12 14 15
6 8 4
15 18 5
17 20 16
20 23 8
9 11 3
8 10 19
10 12 18
14 18 6
4 7 19
12 15 6
17 17 6
22 0 9
6 6 18
11 12 1
17 18 16
9 10 16
10 11 10
22 0 17
22 23 7
22 0 11
16 19 14
5 8 19
19 20 12
21 23 10
5 7 3
20 22 1
3 6 4
16 18 16
23 2 19
16 17 5
15 19 10
6 8 16
9 12 10
7 10 4
13 15 6
16 17 1
0 2 19
18 22 15
20 23 16
16 18 7
1 3 1
23 2 20
0 1 7
0 2 19
17 18 13
5 7 6
9 11 9
18 21 1
18 19 8
9 12 15
4 6 7
11 13 16
9 12 14
10 11 4
3 6 9
16 19 14
4 5 16
8 9 20
9 11 17
12 13 19
22 2 13
15 16 9
20 21 6
21 23 8
6 7 1
4 4 14
18 18 12
10 11 16
14 16 8
0 4 10
13 15 16
10 13 1
19 21 6
20 22 9
11 15 20
10 12 5
0 1 11
3 6 1
3 5 6
15 17 4
21 0 6
1 3 5
17 20 10
21 0 19
18 20 3
23 0 20
18 20 1
2 3 6
14 16 17
4 8 20
4 6 20
21 23 13
23 0 17
18 20 18
17 20 18
15 17 14
23 1 13
22 1 15
13 17 5
10 10 5
18 20 5
5 8 9
2 4 10
23 2 20
15 18 2
15 17 10
13 15 2
23 3 16
22 1 11
6 8 2
2 4 5
18 19 12
3 6 17
22 23 16
2 3 15
8 12 16
21 1 19
4 6 16
5 6 2
21 21 4
22 23 14
10 12 15
13 14 18
15 16 1
9 12 2
13 15 6
1 4 13
13 15 3
21 22 1
8 12 14
16 17 7
3 5 11
14 16 6
21 23 11
9 11 3
19 19 14
3 3 13
14 16 2
23 0 12
1 4 11
7 8 16
3 5 15
12 15 5
22 23 2
10 11 16
15 19 12
5 9 19
17 19 12
22 0 8
14 16 13
19 20 4
7 8 10
9 12 9
2 4 5
4 5 5
15 16 17
13 15 3
11 14 5
18 20 19
11 13 18
15 18 10
21 23 2
19 20 6
16 19 2
20 23 1
2 5 15
8 9 4
4 8 19
22 1 13
15 16 11
14 16 16
3 5 5
3 5 10
1 3 17
7 9 6
20 22 2
19 21 8
20 21 1
20 0 3
15 17 11
22 0 17
21 23 11
10 13 20
21 23 18
5 6 12
10 13 9
16 18 2
14 15 16
19 21 5
13 16 15
9 13 3
20 0 14
6 8 10
14 16 19
1 2 18
0 -1 14
7 8 12
20 23 10
14 15 3
15 16 4
4 6 17
4 7 9
13 16 17
3 5 13
0 3 2
1 4 7
21 23 8
12 14 2
3 3 14
23 1 10
18 21 2
9 11 2
10 12 4
16 18 20
10 11 10
7 9 12
13 15 20
18 21 5
11 13 9
15 17 20
7 9 1
15 17 12
10 12 6
12 13 11
17 19 13
9 11 17
10 11 13
16 20 18
5 6 11
5 6 14
9 11 18
17 20 3
19 20 3
0 2 13
8 12 4
3 5 18
5 8 16
19 20 9
19 21 16
23 0 7
14 17 2
15 16 18
21 23 5
20 22 7
22 1 8
22 23 13
9 11 1
13 16 12
11 13 1
8 12 16
15 18 10
12 15 17
5 7 14
3 6 6
8 10 20
8 11 8
19 20 9
2 4 10
8 10 12
21 21 14
5 7 17
9 9 3
13 16 16
1 3 5
23 1 7
2 2 20
10 12 7
9 12 19
11 13 5
2 5 13
5 7 1
23 23 13
7 9 13
12 13 17
20 21 5
0 3 1
17 20 5
9 12 7
12 13 16
15 17 10
2 2 7
10 11 4
17 18 14
12 14 8
10 12 7
15 18 11
6 7 20
21 23 8
20 0 1
6 9 4
2 3 15
19 22 4
5 6 13
19 21 7
16 19 11
9 9 17
14 15 18
11 14 12
9 11 14
10 13 10
1 3 4
18 20 19
11 14 10
22 2 18
19 19 11
13 15 8
21 22 7
11 13 5
0 3 10
11 13 8
23 2 18
12 15 7
23 2 10
3 6 14
16 18 19
16 19 9
21 1 8
14 16 3
18 20 15
5 6 19
6 8 19
7 9 9
1 5 9
7 8 9
5 7 17
23 0 18
19 20 5
7 8 5
8 11 7
0 2 15
16 17 5
12 15 10
23 3 12
0 1 10
21 0 1
11 13 11
1 3 13
23 1 14
5 7 13
12 15 9
21 23 7
4 6 12
15 17 5
9 11 6
3 5 19
1 3 9
22 1 1
12 14 16
21 0 14
3 5 1
15 15 4
9 11 16
1 2 3
20 0 10
16 16 12
15 16 20
2 2 3
20 23 6
4 5 8
23 0 5
20 20 14
17 18 13
1 4 9
17 20 12
5 6 10
19 0 4
8 10 8
18 21 14
7 10 1
1 3 17
12 16 14
8 11 4
9 10 14
23 2 20
3 5 14
6 10 18
12 13 10
7 9 2
8 10 7
8 10 4
23 1 10
0 2 5
2 4 16
6 8 18
15 15 1
1 4 9
4 6 5
12 13 6
4 8 19
14 16 15
6 9 18
18 18 13
11 13 20
15 16 3
12 12 6
20 22 12
12 14 17
8 10 10
9 12 15
11 15 6
7 9 9
7 9 4
19 21 19
3 3 11
14 16 2
1 3 18
2 5 7
17 19 15
7 9 19
13 16 2
19 21 12
14 17 14
1 2 1
14 16 10
11 14 12
16 17 1
6 7 15
23 3 1
9 11 14
12 14 2
10 12 9
2 4 19
2 4 14
5 8 5
21 22 8
16 17 17
4 6 10
5 8 9
0 3 1
21 22 16
0 1 17
12 15 4
14 17 5
22 1 7
17 19 12
6 7 19
20 23 18
6 7 3
22 22 6
15 16 12
12 14 12
3 6 15
7 7 9
14 17 14
12 13 6
17 19 9
3 5 17
21 23 17
11 13 2
12 15 15
6 7 10
14 16 14
11 14 2
9 10 8
19 20 9
13 15 10
21 0 6
4 7 7
7 9 2
2 6 12
23 1 17
9 11 6
23 2 15
22 0 18
11 12 8
10 12 10
0 3 4
11 12 11
3 3 20
12 13 15
10 12 4
15 18 9
15 16 5
13 15 9
23 2 9
13 16 18
18 18 11
6 8 1
22 23 9
22 0 3
1 3 5
8 11 15
22 0 3
11 13 16
22 0 17
2 2 17
16 19 18
20 21 19
12 14 9
2 3 13
21 23 15
7 8 16
2 7 7
19 22 2
14 16 13
21 23 6
12 14 3
21 23 1
6 8 15
7 7 6
22 0 2
4 6 15
21 22 5
3 6 4
16 19 4
4 6 6
16 17 8
18 21 3
17 18 11
19 21 16
21 21 2
17 18 16
18 20 17
5 7 5
13 15 4
17 20 20
12 15 5
10 13 2
23 0 18
14 17 19
18 19 13
19 21 2
21 0 8
13 15 13
5 8 18
6 9 11
20 21 5
20 23 7
8 10 2
0 5 7
11 15 9
17 18 17
8 10 11
8 9 8
8 12 20
14 15 13
9 9 1
14 17 13
8 10 2
5 9 15
6 6 7
23 0 10
9 12 19
19 22 15
20 21 18
20 23 5
15 18 5
7 11 6
8 9 3
16 19 6
22 1 17
1 4 2
16 18 6
12 15 20
10 12 12
11 12 3
2 4 12
17 21 17
12 13 2
9 12 3
10 12 18
13 15 18
3 5 8
17 18 11
21 23 8
15 18 13
19 22 8
2 2 14
1 4 5
7 10 6
22 22 15
4 6 13
11 12 12
9 10 3
12 12 7
17 18 5
16 18 9
10 11 20
2 3 16
19 22 16
11 13 7
16 19 14
0 2 20
13 16 9
11 12 10
1 4 18
5 7 3
17 18 3
15 17 13
23 1 20
0 0 13
3 5 13
19 23 7
20 21 19
10 11 14
5 8 7
21 21 12
11 14 8
13 14 13
16 19 9
4 6 17
15 15 7
17 17 15
0 4 10
14 15 14
13 16 14
1 2 2
5 8 19
15 18 9
5 7 1
18 21 16
8 11 3
20 21 11
4 8 15
23 2 9
15 15 17
4 6 19
9 10 6
23 0 7
16 19 11
21 23 4
20 22 10
7 7 7
23 1 7
22 0 11
9 11 7
17 19 9
10 12 17
14 17 6
0 2 12
22 21 5
19 20 10
8 9 12
10 14 10
5 8 4
15 17 15
3 6 6
11 13 15
5 6 17
16 19 3
8 11 11
20 22 10
3 4 1
22 23 13
16 18 1
2 4 14
23 23 10
2 3 17
23 1 14
3 5 1
2 3 1
22 23 16
6 7 3
23 2 20
1 3 16
23 2 15
19 20 5
18 20 13
2 4 7
10 12 2
6 8 2
12 14 15
2 4 9
9 11 5
13 13 11
13 14 9
12 15 18
14 18 12
4 7 17
23 0 3
0 3 2
0 1 14
2 4 5
1 5 11
22 23 15
17 19 7
2 3 20
7 8 15
15 18 9
16 18 13
8 10 11
3 4 17
11 14 3
12 15 8
3 5 6
17 20 3
3 6 4
4 6 4
22 23 17
22 23 18
20 22 7
19 22 8
7 8 16
8 9 3
22 2 12
2 3 6
23 1 5
8 8 17
9 12 3
12 14 1
5 5 20
2 2 15
4 5 12
2 3 7
17 20 18
7 9 6
7 6 17
12 15 2
9 10 11
3 5 12
8 10 11
12 14 12
23 1 17
18 19 18
5 8 2
10 12 12
12 13 7
19 21 15
0 1 6
20 0 16
9 11 10
5 6 16
22 0 16
15 16 9
3 5 1
8 10 18
16 19 14
3 4 16
8 13 13
1 1 20
2 4 1
2 4 15
2 4 20
7 8 10
4 7 11
18 19 2
16 18 14
16 19 10
17 18 19
13 14 7
19 22 11
19 21 19
6 6 15
13 14 5
2 3 18
21 23 3
12 14 10
18 20 4
17 18 6
22 23 2
12 14 3
16 16 12
17 18 13
14 17 5
22 1 14
7 6 3
10 13 15
9 8 13
6 7 8
7 8 10
6 9 4
8 8 20
14 15 12
21 22 8
20 21 13
1 3 8
9 12 1
8 11 2
11 13 2
8 11 17
15 19 18
5 7 6
4 7 14
21 0 1
1 4 11
2 4 13
5 5 3
3 5 7
20 22 1
7 7 7
16 18 13
10 11 15
16 17 19
8 11 1
10 11 4
17 18 9
17 20 13
20 22 5
2 4 7
21 23 20
22 0 13
22 1 11
13 17 7
19 20 4
13 16 1
22 21 8
20 22 7
21 22 19
2 5 8
3 5 4
15 18 5
9 12 17
18 20 10
3 5 13
5 6 12
22 1 20
12 14 14
5 8 15
6 8 8
8 9 10
10 12 9
19 21 4
22 1 2
3 5 1
23 1 6
14 16 16
2 4 19
2 2 8
14 16 6
14 16 18
23 1 3
11 14 17
16 17 12
6 7 11
19 21 7
5 7 14
15 17 13
19 22 15
14 16 14
6 7 17
8 9 11
23 1 15
12 14 7
8 10 3
10 12 13
10 12 4
2 4 6
6 9 1
14 16 8
17 18 3
23 23 14
6 8 13
17 19 9
16 20 5
2 5 17
19 22 10
7 10 2
9 11 6
16 18 6
9 9 1
13 13 18
0 3 19
4 6 8
19 20 4
19 18 17
2 7 10
0 2 1
16 18 5
14 15 5
5 5 19
9 12 13
9 11 2
6 8 16
21 1 12
4 7 14
16 18 3
1 3 3
16 18 6
4 5 1
18 21 16
15 18 20
19 22 6
18 19 12
18 20 20
20 22 8
13 14 2
0 4 12
13 14 18
1 4 19
14 15 11
18 20 14
8 10 9
23 1 4
13 15 7
4 5 12
4 7 15
15 17 4
22 23 1
8 10 5
0 2 14
6 10 19
12 15 10
4 6 4
14 16 12
11 13 14
5 6 11
10 12 16
11 12 9
7 9 20
22 23 5
19 21 19
11 10 11
8 9 4
22 0 17
9 10 8
16 19 17
12 13 1
12 12 12
7 10 11
14 17 20
12 16 5
12 14 19
17 18 1
13 15 6
12 15 9
14 16 5
9 12 13
5 8 5
22 1 8
16 19 11
16 18 5
5 8 13
20 22 18
13 15 5
7 10 17
16 16 17
5 8 19
12 13 19
12 14 15
10 11 17
6 7 8
0 2 17
18 20 5
13 15 16
3 4 18
19 22 6
11 12 6
8 12 4
3 4 8
11 13 17
22 22 18
12 16 5
12 15 1
11 12 3
10 13 9
6 9 2
21 0 6
0 4 20
20 23 5
19 20 13
21 22 19
4 6 11
19 21 14
5 8 1
4 6 1
12 12 3
21 23 18
13 17 3
9 9 20
4 5 8
3 6 7
16 18 16
22 0 14
11 13 10
3 7 10
18 20 15
10 11 3
17 19 20
3 5 12
10 11 20
21 23 13
7 8 7
11 12 4
17 20 8
22 1 18
22 23 18
9 11 14
14 16 19
18 20 1
11 14 8
14 15 12
4 5 6
4 6 6
7 9 10
21 23 8
19 20 10
20 23 18
0 3 16
2 5 3
14 16 15
13 15 14
4 6 13
6 7 9
17 19 9
19 21 2
19 21 13
13 15 8
4 6 20
22 0 1
3 5 11
13 16 15
2 6 7
14 15 4
23 2 15
0 0 5
14 16 18
19 21 12
2 4 10
13 14 20
7 10 11
23 1 5
22 1 15
14 14 7
21 23 3
19 20 2
16 16 3
7 9 13
5 7 6
23 3 3
8 9 11
5 7 16
2 5 5
22 23 15
9 11 8
0 1 16
7 10 12
15 16 9
0 2 7
15 17 7
20 22 6
4 8 7
23 1 18
17 20 17
1 1 9
0 1 1
17 19 8
4 6 7
18 19 17
20 22 1
3 6 8
18 21 18
18 20 20
17 19 15
23 2 20
18 21 8
4 6 8
15 18 10
4 5 7
14 16 16
21 23 11
15 16 9
5 7 13
20 21 3
16 19 12
23 2 17
17 20 6
1 2 16
9 11 7
22 2 13
1 2 12
21 0 18
4 6 17
11 13 19
5 8 14
15 16 4
4 7 5
9 10 18
0 5 11
18 22 3
23 0 19
22 1 10
1 2 19
4 5 9
14 17 20
19 21 12
6 9 8
15 18 16
20 21 3
9 11 4
8 11 18
22 1 18
8 10 2
2 3 19
8 9 2
20 22 16
19 21 4
21 23 6
5 7 4
19 20 5
19 21 6
23 2 9
6 9 1
22 0 9
9 12 10
8 10 10
0 3 13
20 23 7
6 9 15
17 19 14
15 19 11
19 21 1
16 19 12
9 12 14
21 23 7
3 5 1
0 2 13
16 19 9
18 21 16
12 13 19
15 18 13
23 1 20
1 3 19
11 12 14
4 8 12
6 8 3
9 11 11
23 1 16
3 4 10
8 10 20
18 20 11
7 9 10
7 11 18
10 11 17
9 10 2
19 20 9
0 3 3
10 11 17
4 8 18
10 12 8
1 2 1
19 22 4
0 1 18
12 14 7
9 10 18
13 15 11
5 7 5
0 2 6
0 1 11
18 21 15
20 23 2
20 22 20
13 17 7
2 3 7
1 5 11
7 8 2
11 14 1
9 11 7
11 12 9
10 12 17
10 12 3
11 13 4
10 11 15
11 12 6
15 18 17
2 4 12
17 19 8
5 6 20
8 9 7
11 13 4
21 23 1
15 16 5
8 8 11
5 7 10
23 0 16
21 0 14
4 4 15
2 5 11
15 17 15
13 16 13
1 4 4
9 13 5
10 12 18
16 18 9
11 12 11
21 0 7
15 16 14
10 11 20
6 8 7
23 23 13
14 15 11
10 11 5
12 13 2
23 1 13
13 14 18
19 21 20
17 20 12
21 22 18
8 10 4
12 14 9
21 0 8
22 1 18
16 16 16
10 12 7
17 21 19
12 16 5
18 21 12
18 19 19
23 23 1
16 18 12
6 5 3
2 5 15
12 11 18
14 15 11
12 15 17
22 22 9
22 1 9
17 20 16
7 9 4
17 20 16
6 8 1
18 21 5
11 13 16
10 12 16
14 19 16
6 5 10
22 2 17
2 4 13
22 23 1
8 10 11
7 10 15
16 18 4
11 13 3
23 23 11
3 6 12
2 2 10
21 23 3
17 19 6
13 15 13
13 15 5
2 3 5
21 22 2
8 11 16
22 0 7
16 18 18
9 12 5
18 20 1
19 20 2
18 22 18
22 0 8
23 2 7
6 8 13
13 14 9
4 4 10
17 19 5
0 3 11
9 10 5
13 14 13
19 21 1
9 10 16
6 10 12
1 4 18
3 4 3
11 13 1
12 13 17
2 4 2
4 8 6
13 16 2
9 12 11
17 19 10
21 22 8
14 15 11
11 13 6
3 4 13
16 20 18
1 3 18
18 22 13
16 18 15
2 4 6
20 22 8
23 1 15
11 15 2
11 12 12
11 13 17
22 1 14
20 0 5
21 0 20
11 14 18
7 7 18
14 15 12
10 11 2
16 20 11
4 5 4
17 17 20
21 23 20
11 13 20
0 2 8
3 5 3
21 23 7
6 8 12
1 2 2
3 4 3
1 4 4
21 0 3
2 3 13
17 19 20
13 15 18
1 2 4
1 4 14
4 5 17
7 11 2
0 2 8
16 18 7
22 1 20
14 16 8
22 2 1
7 8 15
14 15 13
11 13 6
11 13 18
22 2 9
16 20 2
10 10 16
7 8 9
3 6 4
17 18 15
23 1 9
1 6 13
1 4 8
13 16 7
4 7 7
3 4 9
22 1 1
15 18 1
8 10 6
18 22 10
12 14 2
12 14 17
20 23 16
7 8 16
16 17 15
0 3 19
0 2 10
0 2 5
4 6 8
7 9 20
12 14 4
5 7 5
21 0 4
3 6 17
22 0 16
15 19 10
14 16 19
10 13 20
7 9 20
13 15 11
12 14 2
23 1 14
11 12 7
7 10 19
8 8 15
8 9 10
2 4 17
16 16 8
1 2 1
4 6 9
22 0 1
10 14 20
0 2 10
5 8 18
23 1 14
8 9 6
0 1 6
6 10 20
1 4 3
1 1 15
11 13 12
11 13 20
3 7 11
19 22 5
19 21 5
6 7 8
8 11 6
2 4 14
19 22 7
2 3 18
12 12 14
4 7 4
1 4 2
18 19 3
18 19 17
5 8 4
18 19 3
23 1 5
11 13 10
20 22 14
7 9 4
0 0 2
23 0 6
21 0 12
20 23 16
17 19 17
22 0 6
12 14 5
0 2 5
10 14 8
7 9 3
22 23 6
20 22 2
16 20 9
10 11 15
20 22 10
21 23 6
9 12 7
4 6 8
12 13 2
9 12 13
17 20 13
0 1 15
11 14 6
10 11 14
15 16 11
19 21 12
3 2 10
23 23 4
13 16 17
8 10 7
11 14 2
21 0 5
10 12 7
22 0 10
6 7 5
8 10 16
10 12 6
4 6 20
18 21 5
4 7 5
6 7 7
13 16 14
18 21 11
6 8 2
18 22 10
21 23 12
5 6 1
12 15 7
13 15 14
5 6 3
5 7 12
17 20 2
10 11 6
17 20 12
14 14 10
6 7 9
12 14 13
13 14 15
22 1 17
14 17 13
3 5 5
18 18 19
9 12 14
23 1 19
12 14 2
0 1 10
4 7 7
18 20 8
19 20 8
13 15 2
15 17 16
7 9 12
19 20 7
15 16 16
16 19 15
5 8 13
16 18 6
3 5 11
5 6 9
4 6 17
9 12 2
19 22 11
6 8 6
15 17 11
9 12 13
10 14 1
4 5 18
19 22 13
5 7 19
16 17 3
2 4 8
19 20 6
8 14 10
4 7 20
20 23 20
1 1 3
17 19 20
10 11 7
8 9 5
17 19 14
8 10 19
2 5 3
12 13 4
4 6 15
14 17 10
16 17 6
6 9 15
1 3 13
13 15 2
16 18 18
10 15 12
17 19 4
23 0 20
7 10 18
13 15 7
8 11 16
22 23 2
2 3 8
11 12 18
2 3 1
16 16 6
10 12 3
9 11 12
18 21 2
12 15 10
20 22 8
1 1 3
1 4 20
9 12 20
12 15 4
5 6 2
22 23 5
5 6 17
3 5 8
5 7 8
18 20 14
0 2 5
20 22 20
9 11 17
19 21 1
1 2 18
16 18 19
16 19 12
1 3 7
5 8 5
4 9 17
11 12 3
2 4 12
20 22 19
22 23 16
3 5 4
13 14 7
2 4 10
23 0 18
5 6 15
18 21 16
3 5 6
16 16 19
6 10 19
11 14 9
18 19 13
12 15 8
22 22 16
6 9 12
23 1 11
0 2 13
20 23 19
6 8 18
15 17 17
3 3 19
18 21 10
6 8 5
11 13 17
15 17 20
1 3 20
9 11 16
1 3 19
17 19 12
17 19 12
11 12 12
17 19 9
2 3 10
14 16 11
8 10 8
6 8 14
1 2 10
9 11 12
6 8 7
0 -1 3
7 8 5
18 20 20
17 20 5
19 20 15
16 18 11
4 7 2
9 13 14
23 2 15
2 3 16
3 6 12
19 23 11
21 1 16
23 1 1
15 15 19
17 19 6
4 4 13
15 17 7
12 15 5
15 17 16
9 10 19
16 19 8
22 23 14
18 20 2
12 14 19
5 8 6
15 16 16
23 2 9
11 12 14
19 21 19
11 14 7
23 0 18
10 13 12
11 14 4
3 5 8
10 13 6
23 0 17
15 18 5
2 3 6
23 1 19
19 22 17
8 10 11
2 5 15
9 11 9
6 7 17
14 16 7
11 14 11
4 8 11
17 20 10
20 22 20
7 8 2
0 3 5
23 1 8
6 8 3
4 6 18
20 23 13
22 23 14
11 11 7
15 17 9
14 15 3
5 6 19
10 13 9
10 11 11
6 7 6
12 14 16
13 13 5
21 1 6
3 7 19
17 19 15
3 4 7
4 7 16
3 6 16
6 8 7
4 5 16
20 23 4
6 8 2
19 21 15
4 5 14
13 15 15
12 15 15
12 15 18
19 23 12
1 4 20
13 15 20
13 15 14
6 8 8
7 9 11
0 2 4
12 13 13
8 10 19
21 23 7
8 10 5
9 11 8
3 5 9
18 18 3
23 2 17
23 23 20
4 6 3
15 17 10
1 3 8
20 21 18
19 21 15
8 11 17
2 6 11
5 7 4
22 0 8
2 4 12
22 2 18
5 8 15
22 23 11
20 22 10
23 1 16
11 13 7
10 12 2
7 11 14
7 11 15
18 19 13
9 12 20
17 19 13
22 1 8
18 19 5
9 12 1
3 4 12
10 12 19
0 4 8
18 19 19
15 16 9
3 6 16
5 8 14
21 0 9
22 0 8
13 14 17
10 11 4
12 14 18
22 2 14
1 3 20
0 2 7
3 6 12
21 23 3
3 5 18
18 19 5
16 18 15
9 12 13
20 20 20
19 21 18
2 5 1
14 18 16
20 22 2
21 1 11
16 16 18
18 20 8
22 1 6
19 20 5
9 11 17
9 9 12
16 19 1
5 6 10
18 21 1
5 8 20
15 17 20
13 13 15
3 6 17
16 19 5
12 15 6
10 12 12
1 3 9
11 14 7
12 16 12
22 22 6
2 5 15
21 23 12
5 7 4
14 16 9
3 5 19
12 13 10
8 11 13
21 22 2
3 4 19
3 5 9
23 0 13
21 23 3
11 12 16
4 7 6
23 0 7
2 4 2
8 11 17
13 15 1
3 6 12
9 11 9
11 15 13
10 12 1
5 8 5
12 14 10
15 18 14
14 14 20
15 17 8
9 12 15
12 13 4
4 5 4
13 15 2
21 22 19
15 16 10
18 21 6
7 10 15
16 17 6
18 20 12
18 19 3
8 10 4
18 19 5
4 6 14
13 15 18
18 21 2
9 12 2
20 22 9
12 13 7
22 1 18
8 11 3
8 9 4
15 18 9
8 10 5
23 0 17
16 19 19
2 4 14
16 18 6
2 6 16
15 19 12
7 10 1
11 13 11
15 17 12
10 12 20
10 11 13
2 4 7
4 5 16
23 1 15
22 0 5
3 6 11
0 1 12
3 6 2
14 16 16
0 1 5
18 19 12
14 18 2
0 2 15
2 3 14
8 9 12
8 10 16
4 5 16
1 4 13
9 12 4
6 7 15
2 5 13
12 14 18
7 12 7
0 2 10
13 14 14
4 8 1
6 7 1
4 4 13
19 20 15
14 16 7
5 7 8
0 2 18
19 21 19
18 18 1
5 7 13
19 20 7
9 12 14
13 15 10
13 13 6
11 13 18
21 21 14
21 0 5
14 15 8
12 13 7
1 5 19
19 20 7
2 3 15
6 9 9
15 16 4
16 18 8
13 15 4
17 18 3
23 2 19
4 7 20
22 0 18
20 22 11
23 0 11
8 11 12
3 6 20
14 16 20
8 10 12
0 1 5
11 11 6
0 1 17
7 8 9
16 19 15
23 2 17
0 3 1
11 12 14
15 19 13
20 22 20
19 21 3
5 6 20
3 5 5
19 19 2
18 19 14
12 14 16
16 18 3
20 21 2
12 16 12
23 2 9
7 8 5
2 5 9
14 17 15
8 9 7
19 21 4
17 18 19
7 10 14
6 8 20
23 1 4
14 17 11
5 7 20
14 17 18
22 0 16
23 1 17
2 6 2
8 9 15
3 5 15
19 20 15
9 12 11
6 6 6
16 17 16
14 17 6
19 20 5
15 17 12
12 13 12
9 10 4
21 21 8
12 13 2
12 15 8
23 23 5
21 23 1
12 14 14
20 22 17
8 9 14
17 18 19
5 7 14
0 2 9
4 6 9
5 8 5
2 5 12
20 21 10
7 9 18
18 20 16
14 18 5
1 4 14
5 5 5
2 3 12
16 16 7
22 0 9
21 0 20
23 2 11
16 18 16
4 6 16
7 11 7
14 16 16
22 0 14
17 19 5
23 0 12
15 17 3
13 14 12
10 12 18
1 3 2
2 6 19
14 16 20
2 4 10
19 21 17
8 11 13
20 21 15
19 23 12
15 17 1
23 1 16
14 17 3
4 5 9
20 22 4
17 19 13
23 2 17
16 18 1
14 15 5
14 16 16
14 17 13
21 22 19
17 19 19
21 0 8
9 11 9
1 4 15
3 3 10
9 12 15
21 22 18
4 6 9
12 15 14
21 23 2
20 21 9
20 23 9
21 0 6
13 16 14
15 17 20
18 22 19
12 17 14
8 9 1
19 22 5
9 11 7
19 21 6
10 12 6
20 21 7
2 5 12
20 22 3
4 6 17
8 10 17
11 14 7
0 1 13
9 9 11
12 14 11
21 23 8
17 20 13
7 10 2
11 13 1
0 4 20
6 9 4
15 17 9
0 0 15
9 12 16
12 14 7
9 11 6
18 20 20
23 1 1
1 4 19
2 3 10
19 21 10
22 0 11
21 23 10
5 10 1
9 10 13
7 10 18
0 1 9
1 2 8
9 12 14
17 21 2
4 6 10
23 1 11
14 17 14
17 19 12
16 17 7
22 1 1
4 7 5
3 7 13
8 9 10
1 1 13
17 19 17
20 23 4
0 2 10
3 4 2
21 0 12
15 17 16
18 20 15
7 8 16
16 18 13
4 6 17
15 18 5
18 19 7
0 2 7
14 14 18
18 20 2
15 17 15
12 15 3
13 16 12
23 1 20
8 12 17
14 16 3
19 22 19
19 20 19
5 9 13
6 9 2
22 0 10
8 13 1
15 17 6
10 12 9
17 19 13
14 15 6
18 20 6
13 17 14
5 7 15
11 13 8
16 18 18
12 13 18
16 19 13
10 12 13
3 5 12
13 13 16
9 9 3
9 11 16
2 3 10
7 8 4
12 14 1
11 13 9
3 5 16
4 6 14
0 2 11
9 12 13
20 23 20
14 15 19
12 14 6
1 3 17
21 23 19
12 14 12
22 1 16
12 14 17
7 10 16
9 12 11
13 14 13
5 7 7
19 20 9
5 8 6
11 12 10
4 8 12
13 14 12
22 23 4
3 6 8
13 16 1
0 2 6
9 10 5
8 10 10
5 8 9
23 0 19
13 15 14
20 22 1
9 11 15
4 6 9
20 22 17
18 20 10
10 12 2
0 2 7
15 17 20
3 4 4
17 20 10
1 2 2
22 0 4
19 20 9
23 0 6
11 13 1
6 7 10
8 11 15
4 7 18
23 0 13
15 16 18
13 16 13
19 22 10
22 0 17
22 1 8
11 14 3
17 20 9
10 14 4
4 7 8
15 16 13
16 19 16
6 9 6
0 4 1
20 22 13
18 21 11
7 11 4
2 4 1
21 23 19
3 4 13
17 20 11
2 3 20
12 15 1
19 22 1
0 3 3
2 4 14
21 0 6
14 17 9
9 11 19
18 17 5
4 6 16
20 22 12
2 4 15
15 16 19
7 9 12
14 15 5
20 22 6
4 6 10
7 10 7
23 22 7
0 1 3
10 13 2
9 11 9
15 18 6
14 17 15
22 0 2
2 3 7
8 9 17
4 6 20
2 4 9
0 2 13
13 14 2
21 0 20
20 21 14
22 22 3
22 0 8
10 11 6
0 2 7
16 20 3
18 17 10
9 11 15
21 1 8
5 8 11
20 21 13
9 9 16
15 17 1
5 9 20
8 11 5
6 9 17
10 12 13
14 15 11
20 22 16
6 8 1
19 21 3
16 18 5
16 19 9
0 2 19
21 23 18
16 19 12
19 22 19
19 22 12
6 6 7
2 5 10
8 11 5
16 18 7
19 21 18
16 18 14
15 18 15
18 21 8
6 7 14
13 15 3
20 20 10
5 8 13
10 12 18
11 13 6
22 0 1
6 9 18
16 17 16
9 10 11
8 13 17
16 19 11
6 7 12
23 0 16
15 17 12
23 0 6
22 0 7
8 9 15
22 0 14
17 20 10
11 13 6
0 2 2
16 19 5
20 20 4
0 5 1
1 4 18
1 3 15
8 10 19
1 2 11
19 20 20
18 20 17
14 16 12
2 4 14
8 12 13
22 0 9
6 8 5
2 3 1
13 17 5
9 11 10
5 7 16
3 7 13
5 6 16
14 17 20
17 20 13
9 9 6
9 13 11
12 14 9
15 16 14
19 21 2
4 6 19
