310 20
14 20 12 19 5 3 10 13 3 2 10 20 6 12 19 7 12 5 7 5 
10 12 20
10 11 4
4 7 15
9 10 2
2 4 19
7 11 14
11 14 6
12 14 9
11 13 12
21 22 18
14 17 13
4 6 7
14 17 10
3 5 7
9 10 5
7 8 3
13 13 3
19 20 15
3 4 7
15 17 8
21 22 16
21 0 4
5 6 6
14 17 10
22 0 7
15 18 3
9 11 8
4 6 6
11 13 19
17 19 12
14 15 8
9 11 12
3 4 3
2 4 18
5 7 10
4 5 8
18 19 13
15 17 17
1 3 8
15 18 6
15 18 18
20 22 6
16 17 11
11 13 9
12 14 3
1 3 11
6 9 10
6 8 6
7 10 5
14 16 16
15 17 9
7 10 17
8 10 5
8 8 5
12 13 10
6 8 1
9 10 9
8 12 14
18 19 9
18 20 7
17 20 10
2 4 12
14 16 4
23 1 12
11 12 16
9 9 6
21 0 2
3 5 1
16 18 10
2 4 3
19 20 4
1 4 8
4 5 13
21 23 9
14 16 13
7 9 5
18 19 13
0 4 14
7 9 17
22 22 10
6 10 9
6 9 2
22 23 20
16 17 6
1 3 6
23 1 3
7 8 15
0 2 14
10 12 10
6 8 20
10 13 19
12 15 2
2 6 15
14 15 18
23 1 16
19 21 15
5 5 18
3 4 14
7 10 7
20 23 5
2 4 13
4 6 13
19 20 3
4 6 14
10 12 13
23 0 6
11 13 6
8 10 11
2 3 13
12 13 13
4 4 10
3 4 17
2 3 4
12 14 5
11 14 3
0 4 8
22 21 17
6 6 1
0 3 18
20 21 19
18 20 19
14 18 13
1 4 9
9 12 15
10 11 14
2 5 9
20 22 12
2 4 20
1 2 2
3 4 3
17 18 15
5 8 17
5 7 4
7 10 4
0 2 9
15 18 1
10 10 7
22 23 17
23 1 1
15 17 11
19 20 4
0 3 18
9 12 8
16 17 2
13 16 8
4 5 18
3 6 15
23 1 5
18 19 20
22 0 12
18 20 4
7 9 2
11 13 20
11 14 8
13 16 20
6 8 18
3 6 1
1 2 18
22 0 9
4 5 8
16 19 18
10 13 16
4 6 3
17 17 1
9 11 17
17 19 9
18 21 4
19 20 14
15 16 10
20 23 16
6 7 7
5 6 7
10 13 18
0 3 8
10 13 2
5 8 5
16 17 11
0 2 13
9 11 4
10 14 19
22 2 19
22 0 17
0 2 7
11 14 18
12 13 5
3 4 3
21 23 16
13 15 5
6 8 5
6 8 19
19 22 5
1 3 12
15 17 5
9 12 17
17 20 1
4 6 17
15 18 16
9 10 9
21 20 18
22 0 3
7 11 15
8 9 7
18 20 1
10 12 18
10 13 6
18 20 7
21 22 4
2 4 17
1 2 18
15 18 1
16 18 19
20 23 7
16 19 18
19 20 15
1 3 19
7 10 20
23 1 1
15 18 10
21 23 11
3 6 1
15 16 14
21 22 11
16 18 5
13 14 2
6 8 7
20 21 12
5 7 10
13 17 13
7 8 8
13 16 4
4 6 12
12 13 9
8 11 3
12 11 8
2 4 19
9 12 8
12 13 11
4 7 11
6 9 13
15 17 9
7 9 20
3 5 14
18 22 14
22 0 5
17 17 8
3 4 8
22 0 10
1 3 20
2 5 11
17 19 11
23 23 19
18 22 2
21 0 17
8 11 14
19 19 16
11 14 3
12 15 8
5 7 8
7 8 18
6 7 16
11 14 11
12 14 1
14 16 3
3 5 15
2 2 1
14 16 20
9 10 5
9 10 12
15 18 9
14 16 15
22 1 2
21 1 15
22 0 13
2 4 20
16 17 12
22 22 18
7 9 2
8 12 19
5 5 16
3 3 20
8 11 19
9 12 5
11 11 9
5 7 14
15 17 15
15 18 4
13 16 7
18 20 19
17 20 8
2 4 13
6 8 20
9 11 1
14 17 4
15 16 14
3 3 16
23 0 10
23 2 15
2 4 5
22 0 4
12 14 4
15 16 11
3 3 8
1 3 15
19 22 6
3 5 12
21 22 14
1 3 3
7 10 12
3 5 15
12 15 4
