340 20
10 18 8 17 18 14 6 11 11 8 18 6 16 11 19 11 19 9 13 10 
21 22 13
11 11 12
9 9 16
20 23 6
1 2 4
4 7 16
16 18 20
16 20 12
11 12 5
4 6 13
8 9 11
20 21 11
13 15 14
17 20 9
17 20 15
1 2 19
11 13 5
17 19 4
23 0 4
20 23 4
16 18 5
7 9 20
21 23 16
20 23 6
23 3 15
15 17 6
6 7 2
2 4 11
7 10 19
23 2 15
4 7 4
6 6 4
12 15 14
13 15 6
7 8 1
22 0 16
10 11 14
10 11 6
15 18 19
20 19 7
6 10 4
8 12 14
19 21 8
2 4 2
1 3 10
19 21 10
9 11 1
5 9 20
7 11 14
6 6 4
2 5 12
7 10 7
21 22 4
19 23 2
17 19 8
12 13 11
23 1 9
0 -2 9
13 15 20
18 21 7
20 22 13
13 12 3
17 20 13
21 22 9
23 2 6
18 20 6
8 8 15
7 9 2
13 18 11
9 13 19
1 5 14
14 16 9
14 18 14
13 15 15
16 18 10
11 10 11
20 21 16
18 21 7
3 7 3
1 3 20
17 21 19
13 14 14
21 23 13
20 0 14
15 19 1
1 3 19
0 3 7
22 0 17
8 10 18
23 1 16
6 8 2
22 23 7
21 23 4
20 23 11
5 7 4
5 9 12
14 16 11
15 16 6
23 1 2
13 16 5
16 19 8
0 3 15
13 14 15
12 14 12
6 6 2
6 10 5
1 2 3
16 17 3
15 18 3
8 8 15
17 20 18
14 16 14
6 9 14
19 21 3
7 11 9
7 7 12
18 20 10
7 11 15
1 3 7
16 18 18
7 9 3
15 18 4
11 13 5
8 9 1
2 5 16
13 15 20
22 0 18
8 9 1
15 17 13
21 22 2
16 17 9
2 3 11
17 19 4
4 5 4
12 14 9
10 10 8
23 1 10
7 9 8
18 19 3
18 20 5
20 22 17
9 10 14
22 23 9
16 18 14
2 4 13
22 23 14
0 3 5
5 6 15
9 10 6
12 14 12
17 18 20
2 5 2
1 4 2
21 23 20
3 4 4
13 16 10
21 22 19
4 7 12
11 13 16
15 17 4
7 9 8
2 3 17
18 20 13
19 21 5
0 1 17
23 1 15
8 10 17
4 6 17
2 4 2
22 23 2
0 3 4
5 8 5
1 2 4
8 9 11
5 7 4
0 3 8
23 0 17
4 5 4
11 10 6
22 23 2
9 11 3
4 8 14
23 2 18
19 21 5
23 3 6
6 7 11
4 8 8
22 1 12
11 12 19
7 8 12
18 20 10
5 7 20
18 18 6
0 1 9
16 18 17
6 9 19
12 15 19
4 6 19
21 0 4
23 1 5
16 16 19
6 8 6
15 16 12
17 18 16
11 13 2
22 0 9
20 21 14
8 11 9
12 16 8
17 21 11
4 6 5
7 10 3
11 14 8
22 0 18
5 7 7
10 12 7
11 14 20
17 19 18
20 23 4
22 2 1
23 23 4
11 11 5
13 15 10
19 22 14
18 20 17
4 6 10
15 15 4
17 18 17
11 12 1
21 23 14
22 1 12
8 11 18
9 11 5
14 17 13
16 19 1
2 4 14
19 18 19
12 13 3
13 16 15
16 16 19
1 3 19
1 3 4
21 0 19
16 17 2
10 12 13
22 1 1
17 19 13
3 5 11
12 15 4
20 21 12
10 16 16
3 4 19
18 21 20
5 9 10
13 15 8
14 18 7
4 6 7
10 13 5
20 23 6
19 22 13
10 11 11
9 11 6
5 6 11
4 6 6
19 21 1
4 6 18
20 22 5
3 5 2
5 7 1
15 17 11
5 6 2
17 20 15
20 21 3
9 10 20
19 22 12
11 14 6
6 8 18
3 6 5
11 11 19
5 7 10
5 7 7
14 15 11
4 6 17
19 21 18
9 12 6
5 9 4
21 23 12
14 15 7
0 1 6
17 17 11
10 11 7
4 5 10
19 21 6
7 9 7
9 12 5
20 22 3
2 4 13
15 17 14
9 10 1
10 12 16
0 3 6
19 21 10
13 15 18
6 9 12
6 8 11
3 5 5
8 9 16
17 21 4
13 15 11
6 9 1
8 10 20
19 21 7
12 14 11
2 4 14
21 22 4
5 8 4
23 1 3
22 1 5
8 8 16
6 8 20
7 9 10
13 16 15
12 13 15
0 2 18
19 21 13
22 23 7
7 10 19
6 7 7
12 14 18
10 12 7
18 20 3
23 2 7
12 15 14
22 0 17
12 15 11
6 6 5
22 1 18
10 10 3
5 7 15
9 12 16
