350 20
9 18 12 12 9 19 20 19 16 9 3 20 12 20 19 10 18 12 13 9 
2 6 15
23 0 6
2 5 9
16 18 17
4 7 1
8 12 19
16 18 13
7 9 3
17 19 15
5 7 20
3 8 13
3 5 10
18 19 7
18 19 4
6 10 9
7 10 11
11 13 17
4 5 16
9 11 3
22 23 16
20 22 8
0 2 20
22 1 3
8 9 19
4 7 7
15 17 1
9 11 2
14 15 5
23 1 7
5 8 20
18 19 14
11 15 2
22 0 20
21 23 19
6 8 19
3 4 3
12 14 13
13 16 2
20 23 7
10 12 2
21 22 15
2 4 8
20 22 12
23 1 1
10 13 19
17 19 3
23 1 14
18 21 9
2 6 20
8 10 5
13 15 19
8 10 17
9 11 13
6 8 12
12 14 14
19 23 15
0 2 2
19 22 14
23 2 18
2 4 1
3 5 11
2 4 6
20 21 1
10 11 18
3 6 20
20 22 13
22 0 4
12 15 7
5 6 12
6 8 4
12 15 16
20 22 5
12 14 17
10 12 5
18 21 13
15 18 17
4 7 19
3 4 1
12 14 10
5 8 3
19 20 3
15 18 13
12 14 20
6 8 18
14 17 3
17 18 16
1 3 17
23 23 20
10 12 15
19 20 1
3 6 6
21 23 5
14 15 9
12 14 12
15 18 8
9 11 6
10 11 15
16 18 1
12 14 10
12 15 11
9 11 6
14 16 17
19 20 7
2 2 4
7 9 10
2 4 18
3 4 13
16 17 9
1 4 14
19 20 7
17 19 4
1 2 19
7 8 19
0 2 19
20 21 19
6 7 14
20 22 7
14 17 19
0 3 19
6 8 5
1 4 18
23 1 10
7 9 2
19 21 1
12 14 7
17 20 1
12 14 2
19 22 9
7 10 14
12 14 3
15 17 12
19 20 7
1 2 19
17 19 16
17 19 3
9 12 19
13 14 18
0 0 20
19 21 11
15 18 2
10 11 13
6 6 1
22 1 14
6 8 16
3 5 16
2 2 11
11 15 12
20 21 14
22 0 16
1 4 3
18 22 18
10 13 8
22 1 7
10 13 1
16 19 17
0 1 3
1 3 6
20 23 11
19 21 7
5 8 3
2 3 19
21 23 17
15 17 8
20 23 18
19 21 12
11 14 16
9 13 14
3 7 9
20 23 2
15 17 8
21 23 5
1 2 18
1 3 14
15 16 11
12 14 4
12 14 2
22 2 8
20 22 19
20 23 3
11 11 19
0 2 17
8 12 16
14 15 19
21 21 14
7 8 3
12 14 3
8 11 20
3 7 16
7 10 7
10 13 6
10 10 11
13 15 8
19 21 9
16 16 19
9 10 10
4 5 6
9 10 19
8 10 17
23 2 11
13 15 3
15 18 8
17 19 9
21 22 6
19 22 7
0 3 3
14 16 15
7 9 16
7 8 17
4 6 18
3 6 6
10 12 14
10 11 19
23 3 18
14 16 10
19 22 17
7 10 12
0 1 13
8 10 7
16 19 3
1 3 7
21 23 6
3 6 13
23 0 10
16 16 18
11 13 4
23 1 9
7 9 9
2 4 18
7 11 13
19 20 15
3 6 9
22 23 2
17 20 20
22 0 5
23 2 19
9 12 15
21 22 20
15 17 4
4 6 8
18 19 10
9 10 15
11 13 18
4 8 15
14 15 16
6 9 1
5 8 10
6 8 13
9 12 7
22 1 8
15 17 17
3 4 6
4 5 1
21 1 15
21 22 15
2 5 16
19 22 15
3 6 7
22 23 8
2 5 15
4 5 8
23 1 4
23 0 15
2 5 3
9 10 12
1 1 16
3 6 6
14 16 16
21 0 19
5 8 7
6 9 18
16 17 9
4 6 18
8 11 7
14 16 9
17 20 7
1 3 15
14 15 1
13 15 19
14 15 13
9 8 13
8 12 3
18 19 4
14 16 19
2 5 20
6 10 19
7 9 8
17 19 14
23 0 3
8 12 7
7 10 3
18 20 10
18 20 13
2 3 13
0 1 5
0 3 18
18 19 11
5 4 15
21 23 10
3 3 17
1 3 9
12 14 8
20 21 6
0 2 17
23 1 18
10 12 1
22 23 13
3 4 5
11 13 15
10 10 11
5 8 17
10 13 11
22 23 10
16 17 16
3 4 16
5 6 9
14 16 2
1 3 17
13 13 8
23 1 5
6 9 6
17 19 18
9 10 16
6 7 13
15 17 12
21 0 19
9 12 2
20 21 13
18 20 18
16 19 1
1 3 1
9 12 1
7 8 15
23 1 11
2 5 14
3 5 10
11 13 4
12 14 16
1 2 20
3 5 7
2 2 18
7 9 3
10 12 20
6 9 9
9 10 10
5 6 13
17 18 18
13 15 4
7 10 7
14 19 14
4 7 19
