360 20
7 7 12 18 11 14 20 10 17 6 11 7 8 1 1 15 7 12 6 5 
7 10 4
13 14 19
4 5 17
4 7 4
4 6 6
11 13 1
15 15 3
19 22 18
2 3 16
14 16 9
18 20 3
6 7 15
14 15 12
9 13 13
19 22 7
14 17 11
7 10 6
0 2 9
4 7 17
13 15 9
15 17 18
22 23 6
9 11 13
23 1 11
12 14 10
12 13 13
20 23 16
14 16 1
14 14 9
23 0 16
12 14 14
9 11 10
4 6 13
16 19 18
18 20 14
6 8 19
8 10 11
11 13 19
0 2 4
13 15 5
19 21 20
18 21 18
11 13 9
0 2 17
11 14 8
15 15 9
5 7 8
2 6 17
22 22 5
8 8 19
14 13 15
13 14 8
23 3 19
17 21 13
9 10 6
10 13 15
22 0 2
15 15 11
2 4 7
14 16 10
3 7 16
8 9 12
7 8 10
13 14 10
19 21 6
23 1 18
13 17 16
0 2 10
14 15 7
6 9 5
12 14 18
8 9 12
18 21 20
10 12 1
22 23 16
22 1 12
10 12 12
16 19 20
14 15 3
7 9 19
1 2 20
1 3 8
12 13 5
5 6 13
8 9 2
2 4 4
5 7 6
2 5 9
7 9 3
2 3 2
9 10 9
18 21 15
16 18 19
12 14 18
20 22 9
4 6 9
21 23 20
7 9 14
3 4 14
19 22 14
7 8 3
17 21 12
13 15 4
18 19 14
9 11 5
15 16 16
16 18 10
16 17 16
23 1 6
8 10 20
9 12 16
9 11 6
21 23 10
2 3 7
13 13 1
15 15 17
2 4 9
14 16 1
8 8 13
23 3 3
19 19 8
3 4 5
7 10 19
18 20 2
6 9 13
16 17 9
7 8 3
13 15 12
14 14 18
3 5 12
19 22 8
18 22 2
7 9 19
13 15 19
9 11 9
1 4 5
5 6 1
5 7 15
2 4 19
2 4 20
6 8 3
21 0 11
11 11 19
10 11 7
10 11 2
3 4 3
21 0 18
6 8 16
0 3 20
3 6 15
14 16 5
5 7 4
16 18 10
5 6 18
8 10 2
17 17 2
5 8 19
12 14 15
5 7 7
0 1 9
17 20 3
8 10 5
17 21 11
8 10 14
6 8 16
21 23 16
17 19 3
5 7 1
17 18 14
5 5 16
18 20 8
12 14 7
13 15 11
0 3 13
8 10 20
21 22 17
6 10 14
4 6 4
14 15 2
18 20 17
2 1 19
11 13 5
16 20 5
14 14 3
20 20 11
10 13 15
5 7 17
4 6 4
18 19 7
5 8 11
0 1 1
13 16 9
3 5 11
21 0 1
2 5 5
13 14 5
10 13 18
13 16 5
13 18 15
13 15 19
14 16 12
13 16 8
4 6 15
16 18 9
7 10 18
22 0 5
16 20 4
0 3 12
3 4 3
14 17 18
23 0 17
21 22 8
8 12 18
1 3 12
9 10 1
12 15 16
12 15 18
9 10 7
4 8 1
1 3 11
6 8 14
8 12 19
2 5 2
4 6 14
1 3 13
12 14 1
7 9 12
7 9 12
9 12 5
8 9 11
7 9 20
22 0 15
12 13 6
8 11 15
8 9 10
7 11 14
5 7 5
5 8 17
12 14 3
6 6 12
6 8 9
16 19 12
19 20 16
1 5 17
3 7 11
1 4 5
6 8 4
17 19 11
15 16 9
18 19 11
21 22 1
12 16 18
2 3 14
0 2 7
6 7 2
8 11 13
21 23 19
19 21 3
12 14 5
5 7 19
21 23 10
21 0 1
13 15 7
6 9 2
21 23 18
3 3 14
22 0 13
9 12 5
5 8 4
8 12 17
11 14 1
21 0 1
21 22 14
16 18 15
13 15 4
15 17 1
14 16 7
12 14 17
14 16 11
1 2 13
0 1 19
6 6 9
14 16 3
7 9 4
7 10 13
0 4 4
10 12 8
3 6 9
6 7 20
15 17 10
20 0 18
10 13 10
19 22 2
5 8 18
21 23 4
23 2 10
19 21 18
19 21 2
11 13 9
13 14 17
13 14 11
23 23 13
13 16 10
15 17 8
6 9 1
10 13 8
5 6 9
16 17 7
3 6 13
4 7 14
15 17 12
0 3 20
9 12 6
15 18 3
21 22 19
16 19 4
4 7 18
4 6 12
22 23 15
17 19 5
23 1 3
6 5 3
6 8 3
7 8 18
11 14 7
2 3 20
21 0 11
18 20 11
1 3 13
11 12 2
15 17 9
8 10 13
17 20 12
10 11 6
12 14 9
6 7 9
7 8 16
18 19 13
0 2 13
3 3 15
4 7 20
20 22 6
11 13 20
14 16 4
8 10 10
2 5 4
10 13 12
21 23 11
19 20 13
4 5 4
7 8 12
12 13 3
3 7 16
13 13 6
7 8 15
7 9 11
22 0 4
5 8 2
5 7 15
6 7 5
