3770 20
9 1 17 8 5 15 13 18 5 8 2 6 4 5 1 18 17 16 10 2 
12 15 7
16 17 3
22 23 19
4 7 6
9 10 19
17 20 17
10 12 16
20 0 17
0 1 2
9 11 7
4 5 18
13 18 7
18 20 2
10 13 19
18 20 13
18 19 17
17 19 10
5 7 12
16 17 7
18 18 3
12 15 4
14 16 16
16 17 11
11 12 2
5 7 11
6 8 20
5 8 3
16 18 7
15 16 11
6 8 7
12 13 10
9 10 2
17 19 16
22 2 16
15 16 15
23 1 11
5 6 17
11 11 9
15 17 5
15 18 12
18 21 17
5 7 11
20 23 1
13 15 4
4 4 13
4 6 14
2 2 13
9 11 7
17 19 3
23 2 17
20 21 2
20 21 20
7 10 9
18 19 15
7 9 10
17 20 8
8 8 3
13 17 16
8 10 13
19 22 8
9 12 20
1 2 17
14 15 5
9 12 3
10 11 5
9 9 3
19 22 9
19 21 11
12 14 16
11 14 19
4 6 7
0 3 2
2 5 11
11 14 9
15 18 17
4 4 10
23 2 7
2 5 3
22 23 1
4 6 17
21 0 1
13 15 12
5 7 10
18 19 10
11 12 18
12 14 3
22 0 16
22 0 17
23 0 14
19 22 10
5 6 9
13 15 18
17 19 5
16 19 1
13 17 4
11 14 10
8 8 19
19 21 10
12 14 18
12 14 2
8 10 9
19 22 15
12 14 11
3 5 6
12 14 13
1 3 10
4 7 16
5 5 2
8 11 14
14 15 13
20 0 2
10 11 16
5 7 14
0 1 4
0 2 2
1 4 14
19 21 7
8 8 19
7 9 14
16 16 2
4 7 18
9 11 4
6 9 3
20 22 3
4 6 3
10 12 9
20 22 18
18 20 18
9 10 4
11 12 10
18 21 12
2 5 20
17 19 10
20 22 10
19 20 4
10 13 17
16 18 15
16 21 15
23 1 20
1 3 12
21 23 18
10 12 2
5 8 7
3 3 7
17 19 17
14 17 11
6 7 15
12 16 15
14 14 7
18 20 10
11 12 6
16 19 3
3 7 12
18 19 14
0 1 3
8 10 16
21 0 9
2 3 5
10 12 17
6 8 11
19 23 7
16 19 17
3 5 18
9 10 15
6 8 13
20 23 19
0 2 20
20 21 10
15 17 19
15 17 11
8 10 17
0 2 17
0 1 11
3 5 5
9 11 19
5 8 7
7 10 9
15 16 10
0 2 14
1 4 18
15 17 5
18 20 15
23 23 19
11 13 14
0 3 4
2 3 13
23 2 8
0 2 14
19 22 2
13 16 1
12 14 13
23 1 19
2 6 2
2 3 12
1 4 17
23 2 18
15 17 10
9 11 10
7 9 2
22 0 2
23 1 9
6 10 4
9 11 20
14 14 14
12 15 17
7 10 18
13 13 8
1 3 9
1 4 13
22 23 19
19 23 17
10 14 8
22 1 1
3 4 20
21 21 13
1 5 4
13 15 20
5 9 7
19 19 2
10 12 10
9 10 5
6 7 8
2 3 19
23 1 5
18 22 6
20 22 1
13 15 7
15 18 3
8 10 20
14 15 3
13 14 12
11 15 5
3 6 7
2 5 13
16 18 11
14 15 1
2 3 18
10 14 9
9 10 9
6 8 15
12 14 17
23 23 3
6 7 19
4 6 17
0 2 20
19 20 13
22 1 16
6 7 18
19 21 7
17 20 8
0 3 20
15 17 18
23 1 18
17 19 9
5 8 17
3 4 3
5 7 19
13 14 20
22 1 18
15 17 6
0 2 2
14 17 7
0 1 2
6 8 16
23 1 8
16 18 2
17 19 20
20 0 11
1 3 4
23 1 19
10 13 17
14 15 14
22 23 14
11 12 2
18 20 10
13 14 3
3 5 4
20 22 4
9 12 16
21 0 1
14 18 6
19 21 10
3 5 8
22 1 3
15 18 4
3 5 4
3 5 6
19 21 5
17 17 7
5 6 13
16 19 1
20 23 6
5 8 17
20 22 8
17 21 3
1 2 19
1 2 3
21 22 7
4 5 7
6 10 17
10 14 16
20 22 17
12 13 6
15 17 16
5 8 2
22 23 1
8 10 15
6 7 20
18 21 6
12 16 2
21 23 19
7 10 10
2 4 1
21 23 14
16 18 3
19 21 17
4 7 5
22 23 12
18 19 16
22 0 10
7 8 9
4 7 7
3 5 17
22 1 5
6 8 20
2 3 9
16 19 16
15 18 11
5 7 10
21 21 6
11 13 20
20 22 5
14 17 15
10 11 12
17 20 13
5 8 1
6 7 12
18 21 4
21 21 12
10 10 3
3 4 18
20 21 8
14 15 10
17 20 13
5 7 9
23 1 15
4 7 6
22 23 7
2 4 13
14 18 4
15 16 5
14 17 6
15 17 7
9 11 2
2 4 19
16 18 16
17 20 5
8 11 18
2 2 10
17 20 16
9 12 9
1 4 11
4 6 17
0 2 10
2 5 7
6 7 8
13 16 2
2 4 3
11 16 18
21 21 9
17 19 13
6 8 15
2 4 3
22 23 16
20 20 12
16 17 1
16 19 8
10 12 6
15 17 5
1 2 18
9 11 11
5 8 13
22 23 17
7 9 1
18 20 14
5 7 5
20 0 6
1 3 15
1 4 1
0 3 9
22 0 9
10 11 4
16 19 20
23 0 13
8 10 15
16 19 19
17 20 3
17 19 17
18 20 1
10 12 15
22 1 2
19 21 5
7 8 14
0 1 2
15 17 2
19 20 17
23 3 6
18 18 17
0 2 15
4 6 3
11 13 19
17 19 13
22 0 14
14 15 7
13 16 7
14 16 10
9 13 2
10 11 9
1 4 13
5 9 2
16 18 16
2 6 3
10 11 2
15 16 4
3 5 15
14 16 5
14 15 4
20 20 2
4 5 4
23 2 2
13 14 12
14 15 11
5 7 7
21 23 17
11 13 13
19 20 20
7 9 12
11 12 1
17 19 4
23 2 12
5 8 2
9 9 14
0 1 8
19 22 7
23 23 10
2 4 19
8 12 18
0 3 9
7 8 2
21 1 2
14 16 12
7 10 6
11 13 11
23 0 18
0 3 15
13 13 10
5 5 12
12 12 1
15 17 14
22 1 20
0 1 14
19 22 2
6 8 14
14 17 3
19 23 9
10 14 19
10 14 4
16 17 14
19 20 10
14 16 7
15 15 8
12 14 4
12 13 10
4 4 5
17 21 17
15 18 13
7 10 13
0 4 11
21 22 5
15 18 15
13 15 1
17 20 13
22 0 7
17 18 10
18 19 16
9 9 4
20 23 6
5 7 16
9 12 16
23 3 12
14 16 3
5 6 16
15 17 19
6 7 11
20 22 10
8 11 3
10 10 13
5 8 10
7 10 12
10 12 13
7 9 13
20 23 1
15 16 10
4 7 11
6 5 7
11 13 19
16 17 11
12 13 17
10 11 2
18 19 9
23 3 15
16 19 16
11 14 9
2 5 19
15 17 3
1 4 20
2 1 2
3 4 14
23 0 14
2 6 13
12 15 13
4 5 8
3 5 1
20 22 17
14 17 2
0 4 3
12 15 8
11 15 16
16 17 13
0 1 13
1 2 5
15 15 4
4 5 3
3 7 19
3 4 13
4 6 14
18 19 7
13 14 7
13 15 7
22 0 5
11 13 7
1 1 9
11 14 2
15 17 13
0 2 6
22 23 13
13 15 2
13 15 13
8 8 15
5 7 20
2 4 8
0 2 2
6 7 8
11 10 1
11 12 2
18 21 15
10 11 1
17 18 16
3 4 12
9 12 14
14 16 12
1 3 12
15 18 8
18 18 2
18 20 9
5 7 4
3 5 15
9 12 3
8 10 2
18 20 3
0 0 18
13 13 9
23 1 17
14 15 1
13 14 4
12 13 12
10 13 13
4 6 3
0 1 14
12 13 18
7 9 5
16 18 19
5 6 3
16 20 7
15 18 7
22 22 20
19 20 17
1 2 6
15 16 8
16 18 10
8 10 5
6 7 8
4 3 1
11 13 10
2 5 19
8 11 17
0 2 3
13 13 18
4 8 6
16 17 15
10 11 11
10 13 4
19 20 13
3 5 16
11 14 4
11 13 16
1 1 7
3 5 12
22 0 3
14 15 19
10 11 11
2 4 8
10 12 20
14 15 13
11 12 19
5 5 15
6 8 4
20 22 7
8 10 7
0 2 13
20 22 7
23 1 4
10 11 3
15 17 12
18 22 12
13 15 2
23 2 4
12 13 3
4 7 11
13 17 1
11 12 4
19 20 6
4 6 12
20 22 4
4 6 2
21 23 12
17 19 18
17 20 6
13 16 10
13 15 9
0 2 5
19 22 13
6 8 15
11 11 10
7 11 6
12 14 8
13 16 17
12 12 10
21 0 11
0 1 20
2 4 3
11 14 6
20 0 12
11 14 3
15 15 11
4 6 14
3 4 1
11 13 18
17 19 12
7 9 7
6 9 18
17 19 5
17 20 20
23 1 5
14 18 16
4 5 18
4 6 8
22 23 7
23 1 10
18 18 10
11 12 6
17 21 19
20 20 20
4 7 2
18 22 18
4 7 7
20 22 19
20 23 2
11 14 12
9 13 11
6 7 13
13 14 8
14 16 2
1 2 7
17 19 9
4 7 4
4 6 6
20 22 15
2 3 4
12 13 6
17 18 1
1 2 20
22 1 9
15 15 5
0 3 4
16 18 14
1 3 4
0 3 3
1 4 17
17 19 17
10 12 7
7 8 20
9 11 2
8 11 20
6 9 15
6 8 6
19 0 5
14 17 16
22 0 20
1 4 5
3 4 20
0 1 18
3 6 1
6 7 15
4 5 6
3 3 20
21 0 4
8 10 11
5 5 8
19 21 15
11 15 7
6 10 10
13 16 19
14 17 9
9 12 19
10 11 2
6 10 3
5 8 9
1 3 17
1 3 7
22 0 15
21 23 19
4 7 13
14 14 14
19 21 1
7 9 1
21 1 19
8 10 11
11 14 9
4 7 12
5 8 7
0 3 8
1 4 14
1 3 18
16 16 13
23 1 15
21 22 3
11 11 13
1 4 19
10 13 11
13 13 18
22 1 18
7 7 2
4 7 2
4 5 6
23 2 7
19 23 15
22 23 10
23 0 18
23 0 6
22 23 1
14 17 15
2 4 3
1 5 4
21 0 3
11 14 15
19 20 1
14 14 9
14 19 17
3 5 10
22 22 18
4 4 8
21 22 8
21 23 13
15 16 3
21 0 5
2 4 20
10 11 2
7 10 13
22 1 20
11 13 14
11 13 19
22 1 10
13 15 13
15 16 18
0 1 18
17 18 19
9 10 16
23 1 15
5 7 10
16 18 15
2 3 10
14 17 12
5 7 14
4 5 9
11 13 4
6 7 2
1 3 1
10 14 10
4 6 17
6 11 17
0 2 8
14 14 17
19 22 6
16 19 8
22 23 11
1 3 8
6 7 7
14 15 15
17 19 10
7 8 4
14 16 5
3 5 16
11 14 3
21 22 16
6 8 6
5 7 20
22 23 13
11 14 13
13 15 15
17 20 8
12 14 7
20 22 1
7 9 11
17 19 15
21 23 5
1 3 14
13 14 3
15 18 1
19 20 18
2 5 9
23 0 18
10 10 16
3 5 6
9 11 18
12 14 11
22 1 10
10 12 9
0 1 2
18 18 3
0 2 15
13 16 16
10 13 12
8 12 14
21 22 6
22 0 18
14 15 14
21 1 14
10 13 16
9 12 9
7 10 8
11 12 2
6 7 7
10 12 10
6 7 6
21 23 13
4 5 8
5 7 11
13 15 3
13 16 12
7 10 11
10 12 17
14 15 5
1 4 12
0 2 15
3 5 9
16 19 2
2 3 11
14 16 1
4 5 16
2 2 1
4 7 8
17 18 15
11 13 15
2 5 9
14 18 11
0 2 17
12 14 8
0 4 1
20 19 9
12 17 5
23 0 13
6 8 2
21 0 2
19 20 18
12 14 7
21 23 5
14 16 10
13 16 2
5 9 9
16 17 12
16 16 2
23 0 6
13 16 11
1 4 1
21 0 14
19 20 4
2 5 9
12 15 6
14 18 2
14 15 11
22 23 1
16 18 15
6 10 10
19 21 2
4 6 2
21 23 4
19 21 3
20 21 20
14 17 5
19 22 15
3 6 12
5 7 1
3 4 15
22 0 12
3 6 15
13 14 9
8 11 18
18 20 12
3 5 3
5 8 16
13 14 13
19 22 6
19 21 9
0 3 7
0 1 1
3 6 15
11 11 9
15 18 19
23 1 11
20 22 18
22 23 12
14 15 9
11 13 16
19 19 18
4 5 10
16 19 14
19 21 2
18 20 2
14 16 17
3 6 7
12 15 5
6 8 17
20 22 5
1 2 1
4 5 16
21 22 8
14 17 14
15 16 7
8 9 8
17 20 17
7 10 7
20 22 11
4 6 11
5 5 15
14 17 12
14 15 13
9 10 13
18 20 16
0 3 6
22 2 19
7 8 15
9 11 14
11 13 4
9 12 4
13 14 3
17 21 7
17 19 2
22 0 10
20 21 19
12 12 5
18 19 9
19 22 16
16 19 5
21 23 1
18 21 11
5 6 1
1 4 7
5 7 13
20 0 9
0 -1 9
0 2 8
17 19 4
5 8 14
13 15 1
0 2 4
12 15 9
21 21 1
20 21 13
22 23 20
16 19 1
2 4 18
22 0 9
9 12 14
11 12 19
3 6 11
7 8 9
1 2 5
19 21 2
6 10 11
21 22 15
6 10 8
18 19 18
18 20 15
3 5 11
5 7 2
14 16 2
6 9 10
4 5 13
9 10 5
21 23 10
1 4 19
6 9 4
8 11 1
14 17 11
14 16 16
5 6 2
15 17 19
9 12 4
6 9 11
12 16 13
16 18 15
12 15 14
14 16 2
16 19 20
9 12 6
20 0 17
9 10 9
18 21 13
3 7 5
19 20 8
6 7 16
9 9 8
4 3 8
8 12 15
8 9 3
4 7 10
3 4 17
6 8 6
15 15 14
16 18 6
13 15 9
1 3 7
5 5 15
17 19 20
5 8 15
15 17 8
6 8 18
12 14 5
9 10 12
6 8 18
7 8 2
7 9 6
18 19 4
12 13 11
12 13 5
20 22 2
20 21 3
6 7 2
15 18 3
17 20 18
21 23 16
18 22 19
23 0 5
3 5 20
15 16 3
19 21 20
1 4 8
2 5 13
16 17 12
1 5 2
8 10 4
17 18 8
9 11 9
5 5 6
10 13 18
22 0 17
6 8 15
13 13 17
21 22 20
11 14 9
15 19 4
22 23 20
1 2 9
8 10 9
20 0 5
6 7 7
8 12 5
3 6 6
20 23 15
20 22 19
19 21 5
20 21 18
14 17 6
19 22 9
22 0 13
17 20 4
23 2 8
16 18 1
16 18 3
7 9 11
7 9 13
10 12 11
2 3 3
14 16 13
8 9 8
17 20 17
21 23 7
21 22 19
13 16 2
6 10 1
11 14 13
1 4 3
17 19 8
9 9 14
10 11 11
7 9 1
18 21 12
11 12 19
22 0 18
16 16 18
13 16 20
11 12 15
21 23 1
21 1 20
18 20 9
11 12 9
6 9 3
23 23 18
1 2 1
18 19 15
12 14 9
7 9 11
21 23 16
9 10 10
5 8 20
7 8 16
21 23 15
18 21 18
17 18 12
17 19 17
6 9 1
13 14 10
21 23 8
15 18 2
12 16 4
7 8 18
5 5 5
11 12 9
8 9 16
18 20 3
18 22 10
19 21 5
19 21 11
10 10 8
7 7 4
5 9 17
4 6 13
15 17 16
11 13 13
6 10 4
22 0 4
8 11 17
16 19 3
8 11 10
2 5 19
3 5 11
16 18 6
22 23 11
22 0 14
1 3 3
22 0 3
8 9 17
21 0 13
4 7 8
19 22 8
11 14 3
2 6 20
6 8 10
14 16 18
11 14 11
10 12 10
20 21 4
10 10 5
4 5 18
23 1 15
17 18 3
6 6 20
14 15 8
11 14 15
5 8 3
1 4 17
9 11 4
8 10 7
9 11 17
15 18 14
23 1 5
4 6 13
22 0 1
21 22 5
19 22 16
23 1 16
23 1 20
1 4 1
6 9 1
2 4 13
22 1 16
18 20 4
16 18 11
9 11 15
12 14 14
9 11 6
10 12 5
23 0 5
8 11 1
18 19 11
18 20 12
14 12 14
13 17 7
1 2 15
6 8 9
17 19 5
4 5 11
23 23 15
0 1 17
20 21 11
9 11 2
12 15 4
20 23 1
16 18 5
5 6 17
7 8 6
21 22 11
14 15 3
16 19 5
22 22 11
7 8 14
0 3 8
18 21 4
12 13 16
21 22 2
18 19 4
0 3 12
6 7 10
18 19 5
22 23 20
14 14 3
1 4 13
6 7 6
1 2 1
11 13 19
17 21 19
22 22 17
9 11 20
18 20 2
21 23 17
18 22 18
8 10 8
18 18 1
21 0 2
1 5 14
17 21 2
6 9 8
3 4 6
6 9 3
9 12 15
22 23 3
14 15 20
19 21 1
22 1 6
19 21 2
3 5 4
19 20 18
0 1 6
20 22 18
3 5 2
15 16 11
7 9 4
3 6 13
18 18 9
5 8 16
15 18 6
8 12 19
9 10 18
12 13 18
12 14 20
6 8 17
14 16 6
14 16 8
12 17 19
0 1 17
1 3 3
22 23 17
14 17 14
17 19 14
7 8 10
22 23 7
22 0 2
5 8 16
13 16 17
14 19 14
17 18 18
20 21 7
21 23 14
16 18 2
8 10 15
20 21 18
3 5 13
13 14 5
16 20 16
19 21 17
18 21 9
4 5 18
4 6 8
2 5 3
17 18 8
15 18 8
8 10 14
7 9 3
6 10 20
16 17 20
6 8 12
8 10 3
18 21 5
3 4 3
0 3 17
1 1 15
23 1 9
1 3 10
0 2 3
22 1 6
7 8 8
1 3 14
20 22 13
0 0 9
17 19 20
3 4 12
23 1 15
17 20 2
16 18 20
14 16 15
20 22 15
21 23 6
3 7 18
20 21 2
20 21 11
11 14 14
13 14 11
21 21 8
0 2 12
17 19 16
11 12 3
4 7 9
17 19 14
7 8 14
0 2 7
6 8 4
14 17 7
8 9 15
2 4 6
13 13 5
3 6 4
18 21 16
21 0 5
3 5 2
10 12 17
7 10 1
18 18 18
23 0 5
18 20 5
11 16 3
12 16 6
0 4 13
8 10 2
9 10 13
0 4 14
6 8 7
11 12 14
16 19 1
2 4 12
12 11 5
20 23 14
7 8 19
4 5 15
15 17 6
1 4 13
2 5 15
10 12 14
15 16 11
1 3 1
20 23 16
3 5 7
9 12 3
3 7 11
5 8 11
9 10 10
21 23 4
6 9 1
14 15 14
1 3 18
15 19 16
0 1 12
21 23 3
14 17 17
1 5 10
1 1 11
7 10 13
17 19 2
21 23 18
17 19 7
4 5 15
18 18 10
21 23 17
18 19 4
4 6 2
20 21 13
1 4 17
9 12 14
3 6 15
13 16 4
7 9 6
10 10 4
3 5 10
20 22 9
1 5 1
8 9 12
19 20 2
14 17 1
14 16 17
16 16 19
11 11 18
3 4 12
18 21 4
12 12 20
2 5 11
7 9 1
16 18 18
20 22 1
6 7 4
11 14 14
9 10 4
2 4 3
1 2 5
19 20 19
14 16 18
20 22 9
4 7 1
17 18 16
13 16 15
20 21 2
3 6 9
20 22 1
13 15 7
3 5 17
22 22 20
13 15 17
3 4 15
6 6 2
18 22 14
6 8 2
22 0 15
9 12 12
7 11 14
10 11 20
2 4 19
3 4 9
22 1 8
16 18 13
4 5 9
15 18 20
9 12 1
15 16 7
20 21 11
9 12 12
16 18 19
16 18 3
9 10 13
11 14 20
0 0 13
6 7 20
7 10 10
13 16 11
20 1 15
20 21 1
21 1 2
3 5 7
14 16 11
5 6 20
17 19 20
3 5 20
11 14 7
10 12 14
14 16 13
5 7 17
22 1 7
21 23 15
5 6 9
5 7 12
9 11 4
8 10 7
15 15 10
23 2 10
22 0 2
14 14 10
4 6 4
1 3 13
20 22 7
11 13 16
6 9 3
19 22 7
21 0 9
12 15 4
5 6 20
12 15 7
5 8 20
10 13 5
1 3 13
21 23 1
12 13 16
7 9 18
3 4 15
16 17 11
17 19 13
22 2 5
18 20 5
7 8 3
23 1 10
20 23 3
22 23 6
20 21 9
4 7 18
14 16 3
18 19 16
9 11 11
7 11 8
20 22 2
18 18 11
4 7 16
11 15 18
0 2 12
16 17 9
21 22 6
4 6 13
7 11 7
7 9 7
4 6 9
17 17 16
22 1 8
12 16 2
1 2 3
23 1 5
9 13 13
11 13 5
2 5 2
4 7 18
13 16 5
12 14 18
14 15 4
12 15 17
14 16 11
12 14 3
0 4 19
4 6 9
5 8 1
3 5 11
4 4 2
8 10 18
19 22 4
16 17 9
13 16 14
17 21 7
5 9 15
10 11 15
0 1 11
9 12 5
10 12 11
7 10 16
8 10 20
4 6 8
16 17 6
3 7 16
19 22 15
8 8 10
9 11 18
0 1 8
14 15 9
9 9 16
20 22 18
20 21 13
2 5 9
13 14 7
19 19 8
14 15 6
3 3 4
14 15 10
3 4 6
3 4 3
3 6 9
16 18 19
14 18 1
11 12 10
5 6 14
17 19 19
15 17 3
3 5 17
14 15 19
8 10 10
15 16 11
7 10 5
8 8 7
14 15 14
18 21 19
6 6 18
6 9 2
16 19 19
23 1 14
14 15 12
17 17 6
10 13 11
1 1 10
11 13 17
3 5 11
0 1 4
15 16 4
21 3 7
14 15 8
11 14 16
16 19 19
4 6 19
20 21 12
20 23 17
15 17 9
17 16 19
13 13 10
8 9 7
4 6 2
7 9 5
14 16 19
9 11 15
0 0 6
11 13 7
15 16 17
19 19 4
15 16 17
1 4 16
2 5 6
5 8 2
7 9 16
13 14 5
12 13 13
2 4 18
10 11 19
22 0 13
16 18 4
3 4 7
0 3 11
5 5 14
5 7 12
8 10 20
23 0 4
3 5 6
14 15 7
4 7 12
15 16 11
0 4 11
12 16 3
16 17 12
9 12 16
23 2 11
0 2 19
21 23 9
9 10 18
11 13 11
11 14 11
22 0 20
23 2 6
21 0 19
2 5 20
19 20 14
23 1 18
21 23 5
6 8 7
10 12 16
21 23 4
13 16 9
5 6 14
0 2 3
19 22 6
14 18 16
11 13 14
11 14 11
18 21 14
3 6 18
6 8 11
3 6 11
6 7 12
8 8 15
20 23 20
15 17 11
6 7 3
23 1 8
10 13 18
15 17 16
17 18 1
0 0 12
3 6 8
4 5 11
15 16 17
20 22 10
5 7 10
21 22 15
5 6 12
4 6 17
23 1 3
10 13 2
5 7 2
1 4 11
10 11 20
14 18 17
18 21 8
1 4 11
19 20 1
11 15 8
18 20 16
6 7 4
2 4 16
20 21 15
10 13 13
6 9 19
23 23 18
5 7 2
23 23 19
7 8 2
7 9 6
20 20 6
15 16 11
22 23 2
8 8 9
12 14 8
8 11 12
14 17 13
18 19 9
20 21 12
13 15 14
21 0 4
10 12 11
5 6 14
23 23 20
22 23 8
14 16 12
10 13 4
5 6 15
6 9 5
4 6 14
14 16 18
16 19 5
5 8 1
10 12 3
8 11 11
23 0 12
3 5 12
13 14 20
22 1 19
15 16 7
21 0 5
18 20 6
9 11 14
22 0 20
17 21 9
12 13 15
8 9 8
18 19 8
2 4 3
17 19 12
21 23 18
13 18 12
13 15 11
6 7 2
0 0 4
10 11 10
3 5 18
3 4 6
22 0 16
4 7 14
12 15 3
10 11 9
11 12 16
7 8 17
9 11 12
14 17 3
7 8 17
15 17 16
8 11 2
7 8 20
3 5 7
12 15 7
0 2 1
15 16 3
1 2 14
14 14 10
10 12 20
5 5 4
9 12 7
13 17 5
14 15 16
12 15 12
4 6 14
10 13 5
5 7 16
1 3 6
1 3 8
23 0 3
22 1 5
10 13 7
19 22 10
12 14 18
4 6 10
5 7 9
0 2 14
3 6 2
9 10 19
20 23 9
0 2 14
11 15 14
3 4 5
14 17 2
23 1 10
4 6 4
9 12 15
5 7 10
21 0 6
15 16 3
10 13 2
9 10 10
3 4 8
13 14 7
7 9 11
8 10 7
7 8 16
8 10 2
18 20 4
1 5 19
0 3 4
22 23 10
20 21 12
8 10 18
18 20 4
20 23 20
19 22 18
15 16 7
19 20 5
18 19 5
8 9 13
20 1 15
1 4 11
14 15 20
19 21 11
5 8 17
9 11 2
1 4 9
15 15 13
20 22 8
15 18 19
1 3 10
11 13 4
1 4 12
20 21 2
13 14 11
16 17 13
13 14 2
9 13 19
8 10 3
3 5 17
4 5 1
0 2 2
23 1 10
16 19 17
15 17 7
5 6 6
21 0 3
16 15 20
9 11 7
0 1 4
23 1 11
0 1 13
4 6 12
0 2 17
12 14 18
7 6 6
7 8 9
16 16 17
17 20 20
15 17 8
5 7 11
18 22 7
13 14 9
21 22 17
21 0 18
13 14 15
19 21 16
0 2 8
16 18 2
20 22 2
0 3 11
1 2 9
4 6 5
20 23 7
4 7 8
19 20 16
17 18 6
11 13 17
13 15 5
7 11 6
3 4 7
15 16 8
14 15 4
5 6 13
2 3 5
14 15 4
15 17 9
2 4 6
17 18 1
18 20 5
1 4 2
8 10 5
16 20 5
10 11 3
19 23 2
5 7 4
7 10 14
15 16 16
11 13 3
17 19 7
15 16 16
7 8 16
16 16 16
6 8 4
6 8 7
14 16 20
11 12 12
20 22 3
4 7 17
0 4 1
20 22 10
6 8 19
5 5 2
19 22 19
8 10 9
18 20 17
22 23 19
7 6 5
22 2 8
1 3 3
22 23 3
19 21 13
14 17 6
6 7 14
0 1 4
3 7 5
23 1 5
1 3 2
23 1 5
3 5 6
3 6 6
23 0 15
12 14 18
19 20 4
19 21 16
5 5 6
12 14 13
8 9 3
20 21 9
18 20 16
6 8 14
3 6 16
20 20 15
6 6 4
20 21 7
23 0 18
7 9 3
13 15 16
10 12 7
14 16 14
18 18 7
21 22 10
6 8 1
6 8 6
17 19 4
5 8 10
11 14 16
13 15 17
5 9 17
20 22 15
4 5 17
5 6 20
5 6 11
22 0 17
7 8 1
2 3 15
11 12 13
14 17 20
15 18 11
10 11 4
20 21 16
8 10 11
17 18 2
11 13 15
7 10 18
0 2 15
19 22 3
22 0 5
15 18 6
9 11 1
17 18 13
20 21 16
8 9 9
19 22 7
2 3 19
17 19 11
14 14 15
23 2 10
16 18 19
21 22 17
8 8 9
6 8 17
18 21 10
19 19 7
22 0 9
5 7 18
21 22 13
5 7 14
11 13 7
5 7 11
4 7 12
7 9 15
12 14 16
18 19 16
15 16 11
21 0 2
3 6 19
3 4 17
15 16 8
10 11 3
15 16 2
1 3 10
7 9 19
15 16 5
5 6 7
8 8 19
9 12 6
17 19 12
19 19 7
10 12 2
5 7 4
17 19 20
9 10 20
12 14 11
6 8 5
16 17 8
19 22 18
5 7 19
20 20 2
20 21 12
7 9 8
2 2 4
14 16 17
6 8 7
15 18 12
10 11 19
9 11 19
5 6 17
6 9 3
21 0 11
4 6 12
0 3 7
2 4 20
2 4 18
9 10 2
17 18 5
5 7 9
21 0 17
1 3 6
6 8 19
13 15 11
20 20 3
13 16 6
10 11 15
14 16 12
13 17 4
15 16 17
7 8 10
19 21 20
11 14 5
6 9 12
15 15 20
4 6 11
5 6 15
5 8 7
22 0 5
16 18 12
2 5 1
9 11 4
8 11 17
1 2 19
5 8 13
11 13 17
14 15 8
0 2 19
20 23 17
2 5 2
1 2 20
9 12 1
12 14 6
8 9 11
18 21 9
10 13 7
0 2 12
14 14 15
3 6 17
19 19 19
19 22 3
11 13 19
3 4 19
1 3 5
15 18 20
9 10 13
17 22 15
7 10 8
9 10 3
21 23 1
23 2 9
9 12 5
2 5 17
8 10 15
8 11 16
19 22 4
7 9 18
13 15 11
6 9 16
18 20 14
23 1 20
21 21 18
19 21 19
22 1 8
14 16 4
1 4 8
23 1 11
20 22 15
17 18 17
18 19 4
1 1 4
13 13 15
6 8 11
23 2 5
14 14 5
5 7 20
13 14 18
1 2 19
15 17 16
12 14 8
10 11 18
12 14 14
12 13 8
16 19 14
7 9 3
8 10 17
8 10 4
10 12 19
21 23 19
12 14 2
11 13 1
11 15 8
17 18 10
18 19 13
9 11 7
8 11 8
7 7 8
12 14 14
16 18 17
7 8 5
15 18 7
7 8 20
12 14 20
17 19 10
13 15 10
7 10 1
12 15 17
11 12 19
21 1 3
19 23 7
9 10 2
15 17 9
5 8 8
19 21 12
1 2 17
5 7 18
20 22 12
18 20 9
16 19 19
22 1 7
21 0 9
14 16 14
6 7 9
18 19 19
23 23 18
20 22 20
14 15 2
13 15 5
0 1 4
21 23 20
23 1 14
12 14 13
7 8 3
17 17 4
13 15 16
15 18 7
12 13 3
11 15 19
2 4 7
6 8 2
18 18 14
2 5 16
13 15 19
9 12 10
19 21 10
9 11 15
19 20 1
9 12 13
9 11 1
2 6 10
4 4 9
3 4 19
14 16 16
2 5 14
16 19 7
14 15 5
13 15 2
0 0 17
16 19 1
7 9 18
13 14 16
20 22 9
11 12 3
4 7 16
15 18 8
19 20 15
15 18 13
12 15 15
1 4 8
6 9 13
1 4 20
22 0 19
9 12 18
4 6 13
12 14 10
15 17 17
16 16 8
14 16 15
13 15 7
21 23 3
13 14 11
5 7 17
7 10 17
8 11 1
22 1 17
11 13 9
18 19 11
15 17 4
12 15 1
11 12 10
14 16 19
14 16 4
17 18 17
2 2 3
19 22 7
23 0 6
7 9 5
22 1 9
15 17 2
4 7 5
18 21 10
16 18 20
9 10 4
10 12 6
12 14 10
2 4 10
2 3 8
14 17 2
20 21 4
10 13 10
0 4 14
21 23 8
12 15 17
2 4 17
2 2 16
6 10 16
11 14 20
1 4 4
5 7 13
11 12 5
3 7 7
18 20 13
0 3 14
9 10 8
23 0 14
12 14 7
7 10 2
8 10 16
22 0 14
6 8 12
17 20 7
10 12 18
19 21 19
20 21 6
11 14 15
21 23 5
20 22 17
2 4 8
14 16 3
17 20 13
11 13 19
23 3 7
0 2 4
19 22 2
20 23 9
21 0 4
14 17 18
6 7 17
14 17 9
18 18 13
15 17 17
8 11 20
18 21 13
7 9 4
16 19 15
13 15 5
7 10 3
16 17 18
3 5 16
2 2 20
5 5 3
13 15 1
21 22 19
17 20 10
23 2 1
5 7 12
23 1 10
14 15 1
18 20 14
6 8 9
8 10 10
18 21 19
21 22 7
4 6 7
1 4 5
22 23 11
5 5 9
16 17 12
5 6 4
12 15 7
11 12 13
7 6 4
8 10 11
16 18 15
11 15 3
22 2 6
5 8 11
7 9 20
7 9 7
20 0 17
12 13 10
20 21 18
4 6 16
22 1 13
19 21 10
7 8 8
2 4 18
4 6 4
11 12 15
19 20 3
3 5 17
4 5 6
4 8 13
9 10 8
13 16 12
11 14 3
15 18 17
20 23 17
23 3 10
14 14 7
7 10 4
14 15 9
15 17 20
9 11 3
9 12 7
15 16 3
19 21 16
0 2 4
0 3 9
19 20 18
19 21 10
22 22 19
0 3 9
19 22 18
22 0 13
15 16 2
7 9 12
16 18 17
5 8 16
5 7 16
14 15 14
13 14 19
20 23 20
20 22 6
16 18 1
1 3 14
6 9 5
1 2 17
6 5 15
9 11 7
9 11 1
14 16 12
8 10 7
19 21 5
15 16 2
20 20 7
10 11 16
9 11 9
12 14 20
18 21 5
1 4 15
3 4 10
3 4 9
23 0 14
19 20 20
4 5 5
11 13 2
2 5 14
21 0 3
8 9 5
5 8 5
23 2 9
18 20 2
16 16 2
8 12 15
11 13 3
15 15 7
4 4 6
2 3 2
18 20 13
20 22 17
19 22 10
18 17 17
10 11 3
12 15 4
10 13 18
22 22 2
1 3 1
2 5 8
13 18 6
4 7 16
11 13 6
1 3 20
19 22 1
8 11 9
23 1 20
21 23 6
0 1 6
0 2 3
21 23 1
0 2 5
5 6 15
22 0 5
20 20 7
13 16 5
2 6 11
2 5 20
9 14 9
23 1 7
22 23 9
20 21 20
23 1 11
4 6 15
2 3 11
5 7 1
11 12 10
3 6 3
14 16 9
10 11 11
3 5 12
21 23 2
13 14 9
4 5 9
4 7 10
2 3 5
7 8 15
19 21 7
0 4 16
4 6 8
18 19 13
4 5 9
2 5 9
2 5 8
3 4 19
9 10 17
22 21 16
22 23 18
21 0 3
23 0 10
3 5 7
14 15 5
2 4 19
18 19 1
5 7 5
6 8 14
13 16 12
11 13 13
14 17 13
16 16 18
18 18 10
3 4 2
17 19 2
9 11 9
13 14 16
23 1 13
2 5 10
7 8 11
7 10 15
6 8 2
17 18 7
6 7 11
12 14 16
7 6 15
10 13 18
19 21 13
7 8 9
3 4 18
23 0 17
21 23 7
7 7 14
15 17 20
3 4 3
22 1 14
23 0 6
5 7 2
20 21 5
5 7 2
22 0 10
20 0 15
9 11 1
18 22 14
2 2 2
4 5 1
23 0 15
12 14 20
10 12 20
4 7 1
0 3 17
8 10 16
11 14 20
7 10 3
0 2 15
2 4 11
16 19 7
10 13 2
0 2 1
14 16 12
17 19 10
3 5 12
4 5 2
1 3 16
17 18 13
3 5 8
2 5 18
21 23 8
12 14 8
4 6 3
10 12 17
13 16 14
8 10 2
18 20 2
22 22 14
20 23 5
23 0 3
6 9 17
20 23 13
8 11 10
6 7 9
3 6 5
10 12 19
0 0 20
8 10 6
9 9 2
6 8 20
3 5 15
11 11 12
0 3 16
12 14 17
6 10 8
21 0 11
9 12 18
1 4 18
6 9 9
23 1 14
19 22 18
9 12 11
7 10 1
8 10 11
16 16 10
7 9 12
7 8 9
13 14 19
8 12 5
4 7 6
4 6 9
13 14 16
21 22 17
9 10 19
20 22 5
16 17 7
20 22 2
9 12 19
23 1 15
3 4 14
7 10 9
23 3 6
5 7 7
18 21 18
9 10 19
9 10 9
2 5 17
14 17 1
14 16 18
11 13 3
6 9 13
21 23 18
10 11 19
11 13 2
20 23 14
12 13 5
4 7 10
7 9 17
8 11 14
23 0 10
10 13 4
12 16 20
23 0 13
17 17 15
21 23 10
5 6 13
4 9 3
9 11 11
21 22 14
1 3 14
12 15 13
3 2 4
22 0 1
11 12 10
7 8 1
13 16 14
20 23 2
15 16 13
0 2 20
16 19 7
12 14 17
14 16 4
18 21 12
13 15 19
11 14 10
21 23 12
22 20 20
3 6 12
0 1 20
8 10 15
15 17 11
10 12 13
13 14 19
19 21 10
22 22 18
5 8 12
12 14 8
18 22 11
22 22 1
17 19 20
6 9 9
11 14 10
5 6 2
20 23 10
11 13 17
17 18 7
7 8 20
0 1 11
14 16 6
19 22 13
14 15 3
7 11 11
22 1 14
10 12 13
17 19 8
6 7 16
7 10 17
15 16 17
2 5 19
0 2 8
1 1 8
11 13 9
11 11 19
2 3 13
5 9 6
14 16 2
2 5 11
20 23 18
19 21 9
23 2 4
4 7 5
17 19 20
21 22 17
17 19 4
12 16 2
21 1 19
3 5 3
4 6 18
15 16 20
12 16 12
19 20 19
5 8 5
19 21 17
15 18 16
9 10 4
20 21 10
8 10 3
14 17 2
1 3 9
8 11 9
13 14 19
8 9 10
0 3 16
7 9 6
13 14 5
15 18 11
6 7 7
3 5 12
23 1 3
8 11 8
15 16 1
17 19 3
11 13 13
16 18 14
10 14 13
12 15 17
19 21 8
11 15 12
21 0 16
11 14 16
23 1 13
23 2 12
6 9 17
5 6 18
15 19 15
1 2 16
1 3 13
17 19 4
21 0 7
19 20 10
13 14 15
7 9 1
11 15 2
15 17 1
10 14 17
10 12 15
18 20 6
13 14 15
11 13 7
0 3 5
2 4 7
21 0 16
23 2 13
16 18 7
0 2 3
4 6 1
12 14 4
2 3 5
12 13 16
17 20 12
8 10 6
10 13 15
16 17 4
13 15 7
22 0 19
16 17 7
2 4 17
18 20 5
21 0 18
5 8 18
4 4 17
4 5 13
10 10 3
0 1 15
21 23 15
12 15 1
22 0 7
0 3 5
15 18 8
13 17 16
7 10 10
23 0 13
14 15 10
16 18 7
21 23 2
9 12 1
18 19 19
1 4 15
0 1 10
7 8 7
0 1 1
22 1 11
8 9 1
12 17 13
1 3 4
8 11 7
12 12 5
5 7 10
17 19 5
5 7 1
8 9 7
4 5 8
13 15 6
16 17 20
10 13 4
22 2 18
9 11 13
23 1 12
16 18 18
10 13 11
0 1 20
0 1 8
14 16 7
13 15 5
8 9 16
6 9 8
18 21 8
15 16 10
12 15 18
20 21 18
14 16 19
6 7 10
13 16 11
6 9 16
1 3 4
4 6 2
13 16 12
11 12 4
23 1 5
21 0 13
19 21 16
1 1 4
4 6 5
16 17 4
8 11 18
1 2 16
17 18 8
22 23 10
18 21 14
12 14 8
3 6 6
18 19 1
18 21 5
17 21 14
20 22 16
9 11 19
19 20 8
17 19 20
19 23 12
5 9 10
16 18 14
8 11 10
3 4 4
4 6 10
0 3 19
1 2 7
0 1 6
23 0 9
23 1 10
14 17 17
18 22 20
23 1 1
20 20 13
5 7 5
9 11 13
20 21 19
20 21 4
0 2 20
13 13 16
10 11 15
14 17 11
17 19 12
3 6 13
16 19 13
22 1 15
20 21 1
22 0 10
13 15 17
11 13 12
19 22 12
13 14 19
22 1 1
2 5 19
3 6 2
5 6 18
13 14 19
5 6 10
0 4 19
21 23 16
3 6 15
7 10 18
10 11 11
2 4 13
2 3 1
12 14 12
10 12 19
7 7 17
2 4 16
18 20 12
0 1 16
22 22 7
11 12 5
2 3 14
9 10 8
21 23 3
11 14 8
20 0 19
13 15 2
14 17 10
16 18 9
7 10 7
12 15 8
5 7 10
16 18 16
2 4 13
18 20 10
13 16 19
1 4 4
6 9 1
21 21 7
13 15 1
9 11 2
5 9 13
21 22 1
19 23 8
5 7 17
22 0 1
23 0 8
2 4 2
16 17 15
12 12 15
1 3 3
23 1 18
17 19 7
5 6 14
8 11 11
8 11 18
11 14 17
23 1 7
23 1 5
11 13 6
5 6 11
5 7 10
7 7 11
17 21 11
14 17 5
18 19 6
19 20 6
4 7 5
8 9 2
5 9 14
21 23 19
21 23 11
22 22 4
22 1 3
18 18 6
11 13 10
11 14 6
2 3 7
2 2 10
17 19 7
4 6 12
7 11 5
8 10 9
13 14 11
9 12 14
8 9 13
2 5 16
12 15 19
20 23 13
20 21 2
17 19 15
9 12 4
18 20 9
21 23 4
14 17 16
11 14 9
12 14 19
16 19 5
13 16 7
0 2 18
13 14 10
0 2 20
18 20 15
11 13 15
3 4 15
8 10 18
14 16 1
6 7 15
14 16 12
2 2 6
5 7 9
22 0 16
20 23 12
3 4 9
14 15 1
9 13 9
21 21 19
4 5 19
10 12 11
15 19 15
15 18 11
8 9 15
16 18 7
20 0 9
16 17 8
21 23 12
22 23 9
8 9 13
2 5 4
21 0 1
12 15 19
6 9 4
20 22 15
13 14 5
14 17 16
15 17 15
19 20 7
18 20 11
18 21 18
23 1 5
15 18 19
10 10 13
13 14 2
6 8 17
19 22 19
20 21 7
1 2 16
3 6 11
16 17 20
3 4 1
3 5 19
18 19 14
13 14 4
7 7 4
12 14 13
20 22 14
6 8 15
5 5 7
18 20 13
15 16 18
16 19 6
10 12 7
0 2 20
23 1 12
2 4 14
6 9 11
6 8 12
14 15 8
20 21 7
3 5 4
23 3 15
23 0 12
2 4 6
14 15 4
20 0 4
14 15 4
15 15 18
3 5 17
0 1 15
14 16 20
2 5 18
20 22 19
14 17 17
9 11 16
10 12 20
14 16 11
10 12 15
6 10 17
10 11 8
20 22 5
20 0 20
12 13 18
0 1 12
5 7 6
17 18 19
21 23 2
3 5 11
7 8 4
14 18 6
6 9 16
19 22 8
3 5 2
15 16 18
14 15 16
10 11 19
15 18 13
5 7 7
7 10 20
10 12 17
0 2 2
8 11 10
5 7 13
14 17 11
8 11 4
0 4 15
8 10 3
16 17 1
5 7 5
1 4 18
10 12 18
9 10 5
6 9 15
14 17 7
11 14 4
12 13 5
0 2 19
4 6 7
6 9 14
3 6 14
5 7 18
16 19 1
21 0 7
19 23 20
6 7 18
11 11 10
15 16 14
12 16 17
15 18 18
13 17 14
19 21 12
2 5 15
2 4 18
10 11 5
6 8 15
23 0 12
19 23 4
15 17 11
12 14 16
12 15 17
9 12 3
13 15 13
19 21 14
8 10 4
7 8 1
14 18 7
9 12 17
1 4 6
7 10 9
2 5 4
0 3 20
1 3 3
21 0 18
7 9 12
15 17 1
2 2 4
11 13 1
13 16 7
10 14 6
8 10 10
14 16 8
10 12 8
14 16 10
17 19 19
13 17 4
0 4 7
23 3 13
22 23 17
9 13 8
0 2 4
15 17 13
6 9 16
17 19 19
21 23 12
19 20 5
1 4 14
4 7 17
20 22 15
4 6 11
3 5 3
0 2 1
19 22 8
10 12 4
16 18 12
0 2 13
14 17 15
22 2 9
14 19 19
3 5 11
23 0 19
21 23 1
10 12 9
5 6 16
0 1 12
6 8 10
19 20 19
18 20 3
16 18 8
8 9 14
14 17 14
9 10 15
18 21 5
3 5 20
10 12 7
13 14 7
8 10 9
0 0 6
18 19 10
0 3 5
7 10 9
22 23 15
5 7 11
20 22 15
8 11 20
9 10 14
8 9 16
15 18 18
5 7 9
4 5 8
13 15 8
5 8 14
2 4 12
21 23 17
2 4 1
3 4 18
16 17 6
12 15 20
15 18 4
3 6 20
0 1 14
9 10 10
19 19 4
8 9 11
20 21 8
9 9 16
1 3 10
14 16 12
5 8 10
13 16 8
20 23 5
3 7 12
12 15 18
10 11 19
21 1 5
19 21 4
15 18 20
21 23 14
3 4 1
22 1 9
12 13 4
1 3 19
18 17 6
16 19 13
11 11 3
8 11 19
21 21 8
16 15 7
13 14 14
5 6 7
7 8 16
12 13 3
3 5 15
5 7 20
16 18 19
13 16 18
15 17 14
6 7 3
20 22 16
20 22 16
18 21 12
22 0 4
21 1 6
18 20 9
11 12 13
21 0 10
1 3 18
9 12 11
6 8 17
11 12 18
11 15 12
23 0 16
15 19 19
0 0 16
19 21 4
17 19 10
7 11 5
18 20 3
3 5 4
15 18 18
5 6 20
13 15 16
20 23 5
21 0 8
4 8 4
7 8 11
3 4 11
3 4 2
16 18 12
22 23 10
8 11 6
17 20 13
23 23 15
4 4 20
0 4 16
22 0 10
11 14 5
1 2 10
18 22 2
18 20 9
17 19 18
21 22 20
21 22 18
10 11 1
23 0 18
11 13 14
15 17 4
6 9 10
20 23 2
1 2 19
13 15 10
21 22 17
19 19 4
16 18 18
1 3 15
13 15 18
23 1 12
19 21 18
8 12 15
21 23 3
22 2 16
11 14 1
7 10 5
20 23 10
15 17 14
0 2 19
12 14 5
3 5 8
16 17 1
12 13 13
9 10 5
11 15 3
4 5 18
13 17 18
1 3 8
17 16 9
16 17 18
2 4 7
9 10 12
15 16 6
2 5 11
19 21 9
13 15 8
17 18 8
2 3 10
16 19 15
19 21 7
13 14 18
8 9 8
21 23 2
1 2 4
3 5 11
22 1 16
20 23 7
4 7 10
20 22 17
0 0 6
14 16 20
7 8 18
17 19 12
10 13 20
13 16 19
11 12 16
19 22 12
23 2 18
10 12 9
7 9 6
20 22 4
6 9 7
16 19 16
1 3 5
19 21 11
6 8 17
16 17 6
22 0 13
19 22 7
8 10 1
8 11 11
22 0 12
10 12 8
7 9 1
4 6 7
1 2 14
10 13 15
20 22 19
21 0 2
9 11 3
19 22 11
20 22 11
19 23 13
22 0 7
12 14 20
11 14 8
20 22 10
20 21 5
16 17 3
3 6 2
21 23 7
1 3 18
11 15 15
21 23 1
6 10 2
23 3 8
9 11 12
17 18 20
10 11 14
4 6 3
23 1 13
16 18 1
4 6 1
14 17 13
17 17 17
21 0 19
0 3 10
21 22 11
1 4 8
6 7 3
5 8 11
2 3 11
2 5 20
23 2 1
21 23 16
9 13 14
22 2 7
16 17 10
18 22 14
16 16 14
22 23 6
15 18 9
3 5 8
3 4 19
18 18 8
4 6 2
20 20 9
15 16 15
12 14 18
20 22 13
14 16 10
21 22 17
0 2 3
19 20 2
14 17 9
9 10 17
10 14 11
0 3 12
7 9 17
5 8 10
17 20 17
13 16 8
5 6 10
1 2 8
21 23 19
23 23 5
10 12 16
18 21 18
14 15 8
16 18 9
15 18 1
7 9 19
21 0 4
23 2 10
21 23 20
11 13 14
19 19 16
7 9 15
15 17 15
5 5 16
14 17 5
3 4 17
20 21 10
1 2 6
14 15 2
1 4 19
15 18 10
10 12 15
0 2 11
19 0 10
19 20 5
16 19 4
6 7 7
13 15 19
9 11 14
3 3 1
7 8 1
9 12 16
20 20 12
7 9 14
20 21 12
9 11 15
10 11 2
12 16 4
6 7 10
18 20 5
23 2 13
23 2 13
21 23 18
1 4 7
19 20 12
21 0 17
19 21 15
7 8 14
17 21 14
10 12 20
22 0 11
18 20 4
14 16 5
18 20 11
1 4 19
1 2 19
19 21 11
22 0 5
1 2 10
3 4 19
3 5 13
10 12 13
0 1 5
17 20 6
1 2 9
7 9 6
0 0 18
15 18 15
13 15 2
6 8 4
21 23 19
15 16 19
12 14 11
12 14 2
14 17 7
21 23 6
0 2 8
19 20 16
7 9 15
13 15 16
10 12 7
14 15 19
7 10 3
0 2 2
15 17 19
12 14 8
3 5 7
16 19 13
5 5 20
16 18 1
16 19 12
22 0 1
2 3 1
17 20 16
3 5 5
17 20 10
2 3 13
23 2 18
6 10 2
6 9 17
7 9 6
21 22 15
11 12 4
15 18 14
6 9 13
2 3 15
9 11 7
3 6 8
13 15 18
4 7 17
20 21 7
4 7 2
17 18 14
0 3 18
4 6 15
7 10 11
16 18 13
9 11 16
5 7 17
16 18 12
7 8 2
5 8 13
18 22 7
23 1 1
15 17 11
5 8 1
21 0 10
0 2 13
4 6 11
5 8 18
18 19 16
21 22 5
11 14 5
8 10 13
13 17 19
15 17 11
18 20 16
14 15 19
6 8 9
21 0 17
2 3 16
11 16 15
6 9 4
10 12 20
4 6 17
13 15 13
1 1 5
12 15 20
1 4 18
9 12 4
18 19 13
0 1 17
20 21 1
1 4 9
11 11 2
14 16 20
2 3 11
3 5 16
12 13 10
19 21 2
0 3 9
15 18 18
0 3 20
7 10 4
11 13 10
9 11 11
22 0 11
3 5 16
9 10 14
13 15 2
0 1 19
1 1 9
10 11 20
20 22 15
2 2 10
13 15 8
16 19 16
23 0 10
1 4 18
4 6 19
5 7 18
0 2 1
3 5 11
10 12 2
16 20 13
5 8 17
21 0 6
13 15 12
2 4 7
4 6 18
18 20 19
1 2 16
18 21 18
22 0 5
19 20 18
11 11 2
10 12 8
5 6 5
23 1 6
8 12 15
6 8 17
16 17 16
0 3 5
0 2 13
9 11 9
12 13 2
8 9 5
20 21 7
11 13 15
1 3 10
5 7 8
10 13 12
17 19 19
6 7 17
21 0 8
12 14 5
19 20 14
18 20 16
0 3 8
12 16 19
22 23 1
2 2 15
13 15 3
19 20 14
22 23 14
6 9 7
7 12 7
14 16 19
12 14 9
18 19 3
22 0 2
14 16 18
5 8 4
5 7 12
14 14 2
4 4 4
19 21 7
0 1 3
15 17 1
1 3 3
7 7 17
4 6 13
6 7 7
14 15 19
15 17 11
23 1 15
23 1 6
16 18 4
15 16 10
19 19 2
8 11 17
4 7 17
11 12 9
14 16 3
20 0 8
19 20 2
4 8 2
7 8 14
0 3 8
6 9 12
14 17 12
0 3 10
3 5 1
4 6 20
0 3 5
21 23 1
6 8 19
15 17 20
15 16 10
14 17 5
20 21 20
0 1 10
11 14 1
3 3 3
12 14 6
15 16 20
15 18 14
11 14 5
13 15 12
0 2 4
14 16 9
5 8 18
21 23 16
16 19 18
22 23 2
22 0 1
7 8 16
1 4 11
9 11 3
6 8 11
11 14 15
22 0 5
21 0 6
1 1 7
