370 20
3 12 4 17 9 13 2 5 1 16 11 17 8 7 3 14 6 9 11 8 
4 6 10
7 10 13
5 8 11
17 19 4
17 18 11
4 8 16
16 18 1
15 16 5
22 2 20
4 7 8
8 8 10
20 21 15
17 20 3
5 6 10
12 15 19
18 19 19
1 3 1
4 4 3
20 22 12
10 10 6
13 14 11
17 16 16
23 1 20
7 9 10
17 20 18
17 17 18
8 9 15
13 16 17
11 12 4
21 23 3
23 1 13
4 7 16
17 20 7
12 14 12
12 13 1
20 22 20
15 18 4
6 9 4
21 22 17
5 8 5
1 1 1
1 2 2
13 16 12
1 4 5
23 0 4
10 11 7
4 6 2
16 18 8
9 12 16
14 17 7
14 15 12
21 23 6
2 2 1
2 2 9
20 23 20
7 10 2
23 2 5
0 1 8
21 22 14
22 1 20
14 15 9
12 13 15
12 12 14
12 14 7
20 22 11
0 2 14
17 19 15
14 16 15
19 21 9
23 2 6
22 22 3
12 16 1
7 9 9
7 6 9
18 20 3
7 10 2
1 3 18
10 12 11
17 19 15
7 8 13
2 5 6
1 5 6
12 12 19
13 14 1
6 9 7
20 22 6
17 20 6
22 1 5
0 2 12
5 6 7
5 7 9
8 10 12
16 17 14
21 23 5
22 1 12
9 11 15
3 6 18
3 6 19
14 17 19
15 16 3
21 0 19
21 23 2
18 19 14
3 7 10
10 11 17
3 5 2
9 10 17
1 4 1
8 10 1
5 6 16
2 4 2
3 6 10
20 23 6
6 7 4
4 6 6
11 15 17
10 12 13
20 0 17
13 15 19
4 7 4
22 23 9
17 20 20
22 0 3
15 17 13
13 16 15
15 15 14
3 6 20
10 12 10
0 3 8
15 17 4
5 6 5
4 6 4
17 19 3
2 3 10
14 16 17
12 14 7
8 9 14
17 20 19
7 10 11
1 5 1
14 15 7
21 22 14
22 23 4
12 13 2
1 3 20
1 4 19
23 1 6
14 16 14
22 23 6
20 21 5
13 15 10
13 14 1
6 7 2
19 22 16
21 21 20
18 21 2
13 14 15
6 8 9
11 13 15
11 13 14
4 6 20
18 20 12
0 2 12
23 1 3
20 22 12
2 5 11
0 2 13
14 15 19
3 6 16
1 4 7
8 10 12
22 1 17
8 8 14
10 13 5
4 5 3
5 8 13
0 2 3
14 14 7
15 18 12
12 14 17
8 9 2
1 3 4
21 23 9
3 4 9
12 15 20
5 7 10
23 2 19
16 18 18
15 17 8
13 15 18
13 14 4
15 16 6
16 18 9
0 1 9
7 7 3
0 2 17
20 22 2
2 4 19
20 21 11
15 18 18
12 15 15
15 18 20
2 4 1
2 4 19
20 23 2
3 6 15
1 2 4
13 15 2
21 22 4
17 21 16
22 0 7
14 18 19
8 9 20
13 15 15
2 4 8
5 8 5
10 11 18
23 1 11
13 17 20
8 10 2
17 19 2
17 19 2
10 12 20
4 6 2
12 14 20
10 12 3
11 13 5
11 12 8
2 4 3
9 12 5
9 14 11
13 16 18
9 10 15
6 6 15
17 19 8
21 23 15
20 21 20
8 10 17
13 14 12
15 16 13
21 22 16
1 1 19
13 14 20
15 16 17
1 3 13
2 4 9
11 13 15
12 13 12
9 11 12
4 7 11
23 1 12
15 16 12
14 16 14
5 7 20
10 12 3
0 2 3
6 7 19
15 17 15
3 5 1
19 21 2
4 6 13
21 0 18
0 5 10
21 0 5
22 22 13
23 1 15
13 15 17
9 11 13
15 15 3
5 8 15
10 13 12
17 19 9
2 6 16
0 3 10
10 11 8
22 3 12
14 15 5
11 14 12
17 20 11
8 10 6
22 2 8
19 21 9
1 3 4
11 15 4
5 7 10
6 8 17
13 14 7
5 8 14
16 17 9
6 9 16
10 13 1
8 10 17
21 0 16
0 2 5
0 2 10
19 21 16
17 19 16
16 19 2
1 5 8
19 22 5
4 3 9
13 14 18
2 4 10
9 12 18
15 17 12
2 6 9
4 8 18
19 21 17
5 8 6
19 20 11
17 19 2
13 16 9
0 2 6
13 16 16
15 17 8
12 15 5
21 0 16
2 5 15
16 16 11
22 23 12
6 6 15
5 6 12
9 12 12
17 19 17
14 17 7
16 18 7
10 11 11
13 15 1
23 2 18
17 18 4
22 0 14
16 18 10
10 13 2
21 0 8
5 7 2
4 7 8
1 3 4
14 16 12
14 16 7
15 17 11
1 4 4
13 15 5
21 22 8
18 20 18
0 2 10
12 13 18
9 12 4
17 20 20
9 10 11
3 5 4
2 6 4
22 22 14
19 20 9
20 22 4
2 6 16
22 0 14
12 13 11
19 20 20
3 6 5
11 13 17
22 23 17
16 18 2
17 19 6
0 1 19
7 10 9
3 5 9
1 4 12
11 13 8
19 21 19
0 2 11
