380 20
19 19 3 8 18 5 4 11 12 12 5 4 1 10 1 12 10 11 7 2 
14 17 7
3 5 2
1 2 1
23 0 19
17 19 7
5 7 10
6 7 12
21 0 16
19 20 7
2 4 9
0 2 6
8 10 3
7 10 5
5 5 19
17 18 10
13 14 11
12 16 1
0 2 18
17 19 1
23 1 4
4 4 11
8 10 17
10 13 10
0 3 5
16 19 4
9 11 5
4 6 9
5 7 12
7 8 3
10 11 2
20 21 17
5 8 15
10 12 8
6 7 16
19 19 15
2 5 19
7 9 13
0 4 9
17 20 6
13 14 14
10 12 8
21 21 5
4 6 16
21 23 5
18 19 11
4 8 7
3 4 11
14 15 6
4 6 2
4 7 1
15 17 9
16 18 5
13 15 16
6 9 6
18 20 20
9 12 2
21 0 18
21 23 19
6 6 4
20 23 7
14 17 3
9 12 13
15 18 19
9 11 2
11 13 20
16 16 10
13 15 12
22 22 4
20 22 14
19 20 10
12 15 6
2 5 9
16 18 2
15 18 7
4 5 14
9 10 15
7 7 15
23 0 13
17 18 19
13 15 20
2 5 16
3 3 11
0 2 10
21 23 9
10 11 15
13 16 18
10 13 20
11 13 6
18 18 16
0 2 10
2 3 15
18 19 7
22 0 17
6 7 3
4 7 6
1 3 19
13 14 16
2 5 20
6 9 11
9 10 4
11 13 5
16 20 13
13 15 6
3 5 8
9 14 10
8 10 5
13 15 6
11 12 9
1 4 17
14 14 14
0 4 12
22 0 12
4 6 9
15 17 9
13 15 9
0 2 15
20 21 5
7 9 10
19 20 17
0 2 8
14 18 9
1 3 2
9 10 8
22 23 16
14 16 4
17 20 5
9 12 12
10 12 19
13 14 7
2 3 18
8 10 18
11 12 2
20 22 16
18 20 7
17 18 20
14 15 20
16 19 13
5 8 10
2 3 19
19 20 4
21 23 19
7 8 3
13 14 13
18 21 20
18 20 10
6 7 3
11 14 20
22 23 11
0 1 12
9 12 20
12 14 5
8 12 11
18 20 10
2 4 18
15 16 6
2 3 10
0 1 7
4 5 12
21 23 19
6 7 7
22 23 15
4 5 8
10 12 5
7 9 12
11 11 19
10 12 16
23 0 13
11 13 20
5 8 15
3 4 7
20 22 14
8 8 2
22 0 5
6 6 1
8 8 16
2 3 11
10 13 8
0 2 1
11 14 1
0 1 13
16 20 2
12 12 10
14 16 8
13 16 8
0 1 3
17 18 5
8 10 17
13 16 9
6 8 14
8 11 3
17 17 9
4 5 3
17 18 3
3 6 20
0 2 20
19 20 13
17 20 7
23 1 4
12 15 6
17 19 4
20 0 12
6 9 17
23 1 4
11 13 6
8 11 18
9 11 2
1 2 12
0 3 11
13 16 9
4 6 3
8 9 9
9 11 6
16 17 7
13 14 10
3 5 5
8 9 12
10 12 19
18 21 14
17 18 15
20 22 2
19 22 6
2 6 12
16 19 5
9 11 18
17 19 12
5 6 17
22 23 20
18 19 15
20 22 14
7 7 14
14 16 13
15 17 12
23 2 16
20 22 11
19 22 20
8 10 4
2 3 7
22 0 12
3 5 2
4 8 6
0 2 12
0 2 12
2 3 5
0 2 4
8 10 6
19 20 18
22 23 8
20 0 8
13 16 5
7 8 10
19 23 17
5 7 19
14 15 6
5 7 8
12 14 19
22 23 2
4 6 16
17 20 9
13 15 19
20 23 9
7 8 13
13 16 18
12 12 7
21 23 15
9 11 16
22 23 13
17 20 15
2 6 13
2 6 19
12 13 7
6 7 20
14 15 8
7 10 10
20 21 20
6 10 1
21 0 18
15 18 10
11 12 17
0 3 13
7 9 11
22 23 15
19 20 6
14 16 17
11 14 13
3 4 20
5 8 5
13 15 17
12 14 15
15 17 12
2 3 14
5 6 20
9 10 8
23 0 2
11 14 11
9 11 3
19 21 6
17 19 6
18 18 6
20 22 6
14 15 13
13 15 6
3 6 14
3 6 13
21 0 1
19 20 3
0 0 15
8 11 1
9 11 19
16 18 20
18 18 9
21 23 17
11 13 18
11 13 15
3 5 13
15 18 14
19 21 18
22 0 20
23 1 15
16 18 19
1 4 1
15 17 14
7 9 5
9 12 14
10 13 13
4 6 6
18 19 9
0 3 4
7 9 13
7 9 1
16 18 10
17 19 17
0 1 1
6 7 15
18 21 16
20 22 10
17 19 7
2 5 3
17 21 7
13 16 5
8 10 19
19 19 11
20 20 12
16 18 12
0 1 11
4 8 19
3 4 12
8 10 20
22 0 14
9 11 10
1 3 11
1 3 2
23 2 12
7 11 11
18 20 3
16 18 7
9 11 10
16 18 17
2 3 3
4 4 18
19 23 8
19 21 7
17 20 4
23 1 1
0 2 18
13 14 10
21 0 9
13 13 15
9 9 2
5 8 16
12 14 6
14 16 17
12 13 17
2 4 2
13 15 4
6 7 15
1 3 10
17 18 12
6 8 8
21 23 14
18 18 5
