400 20
6 9 19 14 4 1 12 12 14 14 15 12 3 12 9 8 19 1 18 18 
3 7 16
18 22 16
14 19 3
5 6 16
6 7 17
7 10 19
3 5 11
20 23 10
3 4 10
12 14 2
22 1 4
9 11 18
1 2 12
6 9 5
15 17 8
4 5 1
2 5 8
14 16 19
8 8 12
9 10 2
4 6 17
5 8 20
0 2 7
0 2 6
3 5 14
9 10 13
17 17 10
14 15 9
23 0 1
7 9 5
14 16 7
8 12 4
15 16 1
19 22 19
18 19 14
8 9 9
16 17 7
9 11 11
4 6 17
22 0 7
5 7 12
4 6 11
6 8 17
23 0 15
1 4 14
20 23 17
19 20 8
20 21 12
11 13 18
8 10 18
16 18 14
5 7 13
13 15 4
12 13 13
20 22 18
16 18 13
20 21 15
10 11 19
9 12 19
14 14 1
17 21 5
11 15 13
21 22 5
19 22 17
17 20 8
17 18 3
7 10 1
10 14 20
7 9 13
11 13 2
0 2 14
5 7 18
8 7 4
6 8 4
22 22 2
23 1 12
18 18 14
21 1 12
21 23 4
7 8 18
2 5 15
14 18 17
9 10 15
9 11 12
5 8 17
1 2 7
11 11 1
8 12 10
11 12 13
12 15 3
9 11 19
13 16 5
20 22 20
11 11 3
23 2 15
3 5 18
5 7 12
14 17 8
5 7 16
19 19 4
23 1 6
17 20 13
11 13 11
13 15 19
8 11 10
15 18 17
11 13 18
7 10 7
3 5 19
23 2 9
17 19 7
14 14 4
6 8 20
13 13 2
21 23 18
4 6 10
11 14 10
17 19 1
12 15 4
5 8 5
19 20 17
17 20 20
5 8 15
6 8 2
5 7 5
20 23 3
15 18 17
9 14 10
20 21 12
12 12 9
12 14 12
16 20 20
12 13 5
3 4 12
21 2 10
23 0 4
16 19 16
10 14 12
7 9 9
6 8 16
3 5 14
13 15 6
3 6 5
15 15 4
13 16 13
1 3 13
21 22 2
13 16 9
10 11 11
5 6 12
12 12 13
0 4 15
8 10 10
21 21 20
7 10 7
22 1 14
10 11 11
17 19 15
16 18 5
8 8 1
21 0 14
13 17 3
16 18 3
12 14 4
17 19 1
14 15 6
5 6 19
10 14 8
11 12 18
11 12 5
0 4 2
12 14 11
17 19 10
17 20 7
9 12 8
21 22 3
7 9 17
2 4 13
10 12 12
17 17 7
16 17 3
14 17 13
20 20 3
3 5 9
19 22 16
13 16 13
7 10 16
22 23 4
11 12 12
18 20 15
15 16 3
22 1 2
13 12 17
13 13 8
9 10 12
5 6 4
12 16 4
18 20 14
15 17 5
1 3 7
22 2 16
12 14 15
21 22 6
3 7 12
2 3 6
19 21 19
5 5 15
20 22 3
2 3 12
4 7 9
15 16 17
10 12 7
19 22 11
1 4 8
16 17 17
7 11 9
7 10 12
6 8 3
4 5 4
14 17 14
17 18 13
4 6 10
15 17 16
5 8 1
5 9 14
18 20 15
8 11 5
23 1 6
2 3 8
13 16 18
7 10 13
1 3 15
2 3 17
21 0 2
12 15 6
1 4 15
20 0 5
21 23 1
12 13 1
16 19 10
6 8 8
22 0 9
17 20 20
18 20 16
1 2 16
4 6 14
21 22 3
18 20 17
1 2 9
0 2 12
20 23 13
6 9 10
2 3 20
18 20 3
0 2 5
3 5 2
14 17 20
1 2 6
15 16 16
21 23 16
9 11 15
9 11 4
20 22 20
23 4 2
20 23 6
6 7 18
1 2 20
8 6 3
22 22 20
22 0 15
4 5 13
19 19 11
9 13 9
13 14 16
21 23 13
10 11 18
15 17 3
2 3 10
5 7 2
14 15 12
2 3 12
8 11 5
20 23 15
5 5 10
12 14 3
1 4 20
10 13 9
20 23 13
23 1 14
6 9 19
6 10 10
12 12 6
8 10 2
14 16 1
15 16 13
4 7 1
2 5 7
17 21 15
6 7 11
11 13 11
19 18 15
12 13 20
19 22 14
5 7 16
0 3 10
5 7 9
16 19 12
4 7 20
1 2 4
20 21 13
5 6 3
5 6 18
0 3 4
5 8 2
6 10 15
4 6 13
23 3 10
13 15 3
12 14 20
10 11 8
14 16 16
6 7 15
11 14 12
7 11 19
21 23 17
3 6 3
12 15 15
18 19 2
12 12 2
18 20 3
16 17 9
8 9 4
9 10 6
9 10 20
21 0 2
5 6 15
3 5 8
14 16 3
19 21 3
13 15 8
22 1 13
7 10 14
19 19 13
17 19 8
4 6 18
1 2 17
7 9 12
12 13 8
23 2 19
12 14 19
18 20 8
8 10 16
22 0 16
1 4 18
8 9 3
20 22 9
7 8 15
2 4 2
6 6 5
11 13 4
3 6 9
2 5 6
3 6 19
10 13 20
18 20 9
14 15 6
13 15 11
1 3 1
7 8 20
10 13 14
7 9 12
18 20 16
10 11 15
23 1 17
12 14 10
7 11 3
14 15 15
23 3 5
1 2 6
9 12 6
16 17 6
4 7 6
16 19 10
16 18 2
3 4 9
5 6 3
6 6 18
17 18 18
15 17 3
22 0 13
12 14 6
6 8 10
2 3 3
10 12 12
8 11 2
15 17 17
10 13 15
17 19 16
21 0 10
22 22 4
