430 20
13 1 9 10 1 15 4 6 14 12 5 20 7 13 16 12 2 14 9 2 
15 17 5
7 10 7
19 20 1
9 10 20
9 10 6
5 6 4
3 7 11
22 1 19
7 10 20
4 5 13
13 15 20
14 14 10
17 18 17
1 3 10
21 0 20
1 2 12
10 12 16
8 10 12
1 2 15
15 19 3
20 21 16
7 9 19
12 13 15
11 14 19
22 0 17
6 8 7
2 2 16
15 17 8
19 21 13
14 16 14
22 22 14
18 20 13
11 14 16
0 3 2
11 13 16
17 19 16
1 2 20
19 21 5
9 12 6
14 16 5
5 7 5
15 17 1
2 4 12
17 21 17
8 11 12
12 15 7
0 2 19
0 4 19
17 18 12
14 16 11
12 13 18
5 7 18
12 13 12
9 10 19
3 7 14
3 5 19
19 21 12
15 18 12
9 9 14
6 8 3
20 20 2
11 11 20
19 19 15
21 0 18
23 1 19
0 0 5
5 7 20
11 14 12
11 12 13
2 4 2
18 20 14
12 13 8
17 19 5
0 2 19
4 5 1
9 12 19
9 11 12
13 14 2
21 23 7
3 6 11
18 22 7
3 6 6
23 0 2
19 21 17
5 8 14
9 12 18
7 8 15
6 7 11
4 6 20
20 23 5
23 1 14
17 19 18
16 18 14
13 16 7
1 2 19
11 14 15
0 2 7
15 18 18
9 12 17
12 14 11
4 4 3
23 2 5
15 15 20
23 0 14
23 1 11
5 7 18
6 8 8
16 19 13
11 13 10
7 9 9
16 20 3
7 7 11
16 20 2
0 2 3
12 13 12
4 5 7
7 8 20
1 3 6
1 2 11
14 18 7
12 13 15
16 17 6
6 9 12
2 2 10
6 9 15
3 4 13
16 18 17
2 3 11
10 10 20
14 16 10
0 1 17
14 15 4
17 20 20
22 23 7
14 15 8
5 5 18
19 23 20
11 14 15
6 9 16
22 23 2
10 10 6
19 20 11
16 18 9
2 5 13
11 12 17
6 8 13
9 10 11
15 16 19
5 8 13
19 22 11
10 12 17
16 17 17
3 5 19
13 14 4
3 5 10
8 10 18
16 18 6
3 4 7
3 4 17
22 1 6
6 8 19
9 11 3
11 11 20
21 0 2
15 18 14
23 1 3
13 15 20
0 2 5
14 16 2
7 10 11
14 15 2
3 4 2
19 20 17
23 0 19
9 10 9
6 8 4
12 15 9
5 9 10
23 0 17
18 20 13
16 17 19
14 15 18
3 6 8
0 3 15
18 20 4
4 6 7
23 23 18
0 1 17
18 20 6
12 13 19
18 19 18
11 13 3
15 20 16
9 11 10
13 14 3
19 20 9
23 2 13
3 3 16
2 2 1
18 21 1
4 6 8
8 12 5
14 16 1
6 8 2
5 6 1
1 2 2
10 13 20
8 9 8
2 4 15
2 4 14
22 0 10
5 6 16
5 7 4
2 4 7
19 20 15
17 18 16
9 12 14
0 2 4
9 11 5
0 3 17
4 6 4
13 17 8
23 23 20
7 10 11
16 19 2
8 9 20
16 18 12
20 21 18
5 8 10
16 17 6
1 3 10
15 18 19
14 16 19
9 9 13
7 9 19
14 16 7
23 2 14
9 11 11
8 9 8
22 21 3
15 18 18
2 3 18
4 4 7
19 22 7
3 4 12
20 23 2
4 6 19
10 13 2
0 2 6
16 18 3
0 2 8
3 5 8
13 14 18
6 8 5
22 0 9
16 16 5
14 14 15
22 0 7
19 21 4
7 10 17
8 12 6
12 13 10
0 2 3
14 18 8
11 15 9
23 1 13
20 22 6
19 22 14
4 5 19
6 8 4
10 12 8
20 21 16
7 10 2
15 18 9
20 23 12
12 15 5
3 5 4
1 4 16
21 23 19
16 18 3
23 0 6
6 8 18
10 12 16
14 16 7
23 1 13
18 20 14
19 20 9
23 2 19
13 14 12
13 16 17
21 23 12
23 0 20
5 8 12
11 13 11
20 23 2
7 9 9
11 14 16
0 1 13
7 9 16
0 4 20
20 23 7
7 10 4
4 6 9
9 11 19
15 19 7
0 2 16
21 22 9
13 15 8
10 12 14
5 7 7
3 2 3
9 11 18
9 10 16
1 4 14
8 9 1
9 12 7
11 12 10
23 2 11
9 12 3
3 5 10
5 7 2
6 8 11
3 5 6
13 15 20
8 8 15
9 12 6
20 20 11
16 17 5
6 7 2
11 12 3
17 20 16
5 6 10
5 6 17
17 19 18
7 8 19
20 22 6
15 17 12
3 4 5
16 17 11
19 22 14
18 18 20
17 18 1
15 16 8
18 19 13
4 4 15
20 23 20
15 18 8
5 6 3
23 3 16
14 18 15
23 0 8
0 1 9
7 9 12
10 11 5
11 14 12
10 12 12
10 12 18
19 20 8
21 0 7
5 5 6
22 0 13
4 7 3
3 4 4
6 8 20
7 8 13
0 3 9
19 20 11
10 12 3
11 13 6
1 4 18
21 0 19
15 20 8
17 18 4
23 2 3
1 3 20
10 13 6
12 13 19
15 17 11
2 5 11
16 19 12
18 21 17
6 9 20
20 21 19
18 20 17
19 21 17
14 16 15
6 8 11
7 8 7
17 20 5
1 4 14
13 16 17
21 0 11
18 21 16
21 0 18
13 15 7
22 1 15
2 4 14
4 8 10
8 12 5
12 13 15
16 18 11
2 3 11
0 2 4
9 11 9
9 10 2
20 21 15
2 4 14
14 15 20
17 18 2
2 4 3
17 18 5
4 8 5
18 20 13
6 8 19
14 17 9
20 21 8
13 13 19
22 23 14
5 9 11
1 0 16
10 12 12
11 14 14
1 3 7
4 7 5
20 23 16
23 0 14
15 17 12
23 2 4
20 21 15
11 12 18
