450 20
10 19 4 16 12 14 13 8 7 4 17 2 8 1 3 12 3 2 7 20 
21 22 13
12 15 7
2 5 19
13 13 10
12 14 3
0 2 17
3 4 11
11 12 11
8 11 4
22 23 14
3 7 19
23 2 2
10 13 12
9 8 2
23 2 19
16 16 13
3 6 12
23 0 12
8 9 17
7 9 14
6 8 2
6 8 17
12 14 14
3 6 8
5 8 18
12 15 13
18 21 1
22 23 3
2 3 11
20 22 18
9 10 20
14 17 9
0 3 13
15 17 1
21 23 7
0 1 11
18 21 11
21 23 8
16 17 19
17 19 3
12 13 10
9 13 5
22 22 14
2 5 19
3 6 14
11 13 9
8 10 19
23 1 6
18 21 1
18 20 6
19 21 12
1 2 4
10 11 11
13 14 6
16 18 7
15 17 11
20 22 14
7 9 7
0 2 12
21 0 5
16 19 15
11 13 18
20 21 8
5 6 19
22 0 5
21 2 17
0 2 15
15 18 4
19 21 3
8 12 14
5 8 19
10 11 13
6 7 15
2 3 12
23 2 3
0 2 10
1 3 7
9 12 7
4 6 6
4 7 8
13 15 15
17 18 12
22 0 14
21 23 20
23 1 8
5 7 8
6 9 13
4 8 6
18 19 2
13 14 19
12 14 9
23 1 9
15 17 7
15 16 3
2 4 7
17 21 2
4 6 7
2 4 10
22 0 4
10 12 17
11 12 18
18 20 2
0 3 2
9 11 1
11 12 1
3 5 20
21 1 20
1 5 5
20 21 7
19 23 11
8 8 20
22 0 6
19 19 17
8 11 5
23 1 9
14 16 3
2 6 20
20 22 16
12 14 13
2 4 1
4 6 13
1 3 5
3 5 7
12 14 12
20 21 12
5 6 13
8 11 4
18 20 16
8 11 19
16 18 12
1 3 15
15 17 12
18 18 5
7 10 17
21 23 3
15 18 15
16 17 14
9 13 20
13 15 7
16 19 9
5 8 17
5 10 5
4 7 20
14 16 11
2 4 3
18 21 14
20 23 2
14 15 19
8 11 10
8 10 5
17 19 4
17 18 16
8 11 6
8 9 1
14 15 16
17 19 3
19 19 13
12 13 13
23 1 7
10 12 10
1 2 3
14 16 17
3 6 8
18 20 12
7 11 16
23 0 18
14 15 2
8 11 16
5 8 12
0 3 10
18 21 20
18 19 19
3 4 4
10 11 19
12 14 2
0 4 1
9 13 12
15 18 10
10 11 12
12 15 7
1 3 17
12 13 11
2 5 15
12 14 6
16 18 17
14 15 5
1 4 13
23 23 4
5 7 17
1 4 13
9 12 8
22 0 7
7 10 14
12 14 9
0 3 5
2 5 10
2 5 2
3 7 15
0 3 15
2 4 18
20 23 10
8 10 11
15 18 14
2 3 14
7 10 19
17 20 10
15 19 5
3 4 7
10 13 11
13 14 10
21 22 16
7 8 1
2 3 17
23 0 20
9 11 18
4 6 1
13 15 5
4 5 2
22 23 10
1 3 7
1 3 20
17 19 15
3 3 15
13 15 16
21 23 9
20 22 19
22 22 5
23 2 13
15 17 6
11 13 11
16 17 13
5 8 2
6 8 1
22 0 11
12 14 13
5 7 17
12 15 16
0 2 10
8 10 13
19 19 4
13 13 5
4 6 17
5 7 15
17 18 7
18 20 1
19 22 12
7 9 14
2 4 15
11 13 15
21 23 2
21 22 3
14 17 19
16 19 19
16 18 19
13 17 10
9 10 5
2 5 8
23 2 14
20 23 5
21 0 10
19 23 2
21 22 15
0 3 18
20 22 8
4 6 7
10 12 19
21 22 14
15 17 7
22 1 19
5 7 5
18 19 1
17 20 4
13 14 2
12 12 4
18 19 5
21 1 1
2 6 20
23 1 6
11 14 2
4 6 2
8 11 7
10 12 20
5 6 8
14 16 14
6 7 3
21 23 16
15 17 10
19 22 15
16 18 12
14 17 19
0 2 16
21 23 9
7 10 17
11 13 4
19 21 2
5 6 5
22 0 6
5 7 20
12 15 6
11 13 10
15 16 9
21 21 15
6 10 17
6 8 12
8 10 19
23 1 3
17 20 6
17 20 8
11 13 6
3 5 8
1 3 13
22 0 19
23 3 12
11 11 15
0 3 11
10 11 19
16 17 15
19 21 7
17 19 3
10 12 1
16 18 16
16 19 4
7 7 19
23 3 4
9 11 16
20 21 6
17 18 18
1 2 18
6 5 3
2 4 17
7 9 20
2 4 16
21 22 6
22 0 8
15 15 19
15 18 13
0 3 17
20 23 8
21 22 5
5 5 7
12 14 16
4 6 4
2 4 3
20 0 15
3 5 16
22 23 4
20 23 20
4 6 11
0 0 18
5 8 5
21 23 12
12 15 3
3 5 6
18 21 19
10 14 14
1 3 1
10 10 14
4 6 5
11 13 19
22 0 2
9 9 15
12 14 8
4 5 8
17 21 18
16 19 16
13 15 16
21 23 6
21 1 10
20 22 19
5 6 14
5 7 18
1 4 2
21 23 15
12 13 3
7 9 18
6 8 14
9 12 19
12 14 5
11 14 18
13 15 20
14 16 8
20 23 13
22 0 15
10 12 3
12 13 12
12 14 3
11 14 5
6 9 7
6 9 4
10 11 5
0 1 3
18 21 14
20 23 2
13 14 7
18 20 1
23 0 3
10 10 6
18 19 1
0 1 15
11 11 3
14 16 14
7 11 15
12 13 18
23 1 1
8 9 1
15 17 20
8 10 11
16 20 10
4 7 17
9 10 20
21 21 18
21 22 20
21 22 18
14 16 20
8 9 8
0 3 18
21 0 11
7 9 3
13 16 9
9 12 4
19 22 14
14 17 18
6 8 5
10 12 3
18 20 7
23 1 8
21 0 13
8 10 12
1 3 5
13 17 3
22 0 16
12 14 19
16 18 15
12 14 8
19 21 9
16 17 7
0 3 2
14 16 7
7 10 4
12 14 10
21 0 5
3 5 2
1 3 4
21 22 7
1 3 17
12 15 14
10 12 1
17 17 8
12 12 16
4 6 2
