460 20
16 9 12 16 10 19 2 9 17 16 17 15 10 7 9 15 4 2 15 2 
13 16 8
10 13 10
13 15 3
1 2 18
15 16 1
20 22 14
20 23 3
23 23 8
22 0 18
1 3 2
1 2 6
8 10 18
16 18 18
18 18 2
16 18 4
22 2 8
8 10 9
19 20 20
7 9 5
9 10 13
18 19 14
17 20 7
0 0 11
2 3 6
12 14 16
22 23 11
20 23 4
6 9 19
8 8 13
14 17 2
21 22 13
19 21 5
19 20 14
11 13 12
10 12 14
7 8 7
15 17 5
17 17 8
0 3 8
21 22 20
0 0 4
5 7 17
2 4 2
13 16 8
13 14 17
14 17 11
2 4 17
2 3 1
15 18 17
22 2 16
17 18 15
7 9 18
0 3 6
19 21 10
2 3 9
9 11 7
16 18 3
10 12 15
9 10 5
20 22 18
15 18 13
7 10 13
16 20 2
7 9 18
12 13 16
3 4 6
2 7 9
22 1 18
17 19 10
17 19 6
1 3 7
21 23 7
13 17 13
11 12 16
18 20 9
12 13 6
14 16 6
19 21 3
5 7 18
11 13 18
3 4 12
22 23 16
4 7 10
8 10 8
3 5 9
11 14 20
17 18 7
11 12 11
9 13 12
15 17 4
21 23 10
1 5 17
16 18 8
11 14 13
8 10 2
2 5 17
1 2 4
13 17 3
0 2 11
7 12 10
22 22 17
7 10 12
17 20 16
17 19 11
22 0 15
2 3 18
6 10 8
4 7 12
16 18 5
1 3 14
18 19 18
23 0 9
13 16 9
8 11 8
8 9 8
10 11 8
5 6 15
11 13 9
6 8 14
1 3 3
3 5 7
16 19 5
13 16 7
11 12 4
3 5 7
4 5 15
9 9 4
4 6 19
20 22 19
11 12 20
13 16 1
3 5 6
10 15 10
10 13 14
18 22 16
5 5 7
2 3 19
18 22 20
6 7 6
15 17 15
5 7 15
16 19 13
16 17 12
6 7 4
13 14 13
14 14 13
9 11 6
2 4 7
17 20 4
19 20 9
2 5 14
6 9 13
15 18 11
16 17 11
18 18 9
22 1 5
18 20 20
0 1 5
9 10 4
10 12 9
14 16 9
11 11 15
10 12 20
8 9 15
1 4 13
9 11 7
2 6 18
11 14 11
1 7 15
21 0 18
17 19 5
20 22 10
17 18 7
3 5 4
3 6 16
9 10 10
23 23 2
16 18 19
7 9 18
12 13 17
18 20 6
17 19 17
0 2 8
18 21 4
6 8 18
9 10 19
10 13 13
13 14 15
23 2 13
13 14 3
9 9 2
8 9 20
19 21 11
9 14 6
0 0 10
4 6 13
0 1 6
11 12 13
10 11 9
8 9 16
18 19 11
23 1 13
22 1 10
5 5 7
9 11 20
3 4 20
20 23 20
8 11 12
13 14 17
5 7 9
23 1 5
20 1 5
7 9 12
5 8 5
10 11 5
15 19 12
21 1 5
15 16 8
9 9 17
14 16 1
3 6 13
3 5 19
2 4 19
14 16 15
9 10 18
9 11 16
18 17 5
18 20 15
22 1 4
3 5 18
22 0 9
8 12 12
1 4 2
1 2 3
12 14 16
21 23 12
13 15 1
7 8 10
19 21 2
6 9 10
12 14 17
19 21 9
23 1 13
17 19 4
4 7 5
18 20 13
7 9 6
23 1 18
22 1 1
23 2 10
19 22 19
7 10 9
10 13 15
12 15 6
16 18 16
13 15 15
12 13 9
21 21 12
9 9 18
23 1 16
22 1 12
21 22 15
18 18 12
15 17 1
22 1 9
19 21 5
9 11 4
8 9 4
10 14 19
12 12 13
8 10 11
15 17 12
6 9 3
13 15 14
15 16 1
18 19 15
22 23 11
19 21 20
23 2 15
11 13 20
21 23 9
23 3 15
22 1 9
9 12 1
2 4 12
12 15 13
17 20 14
21 0 10
7 8 3
10 12 8
23 23 12
2 4 16
22 23 18
3 5 18
9 10 17
23 3 9
15 17 1
3 3 8
2 4 18
0 0 6
11 11 14
9 11 4
17 20 18
10 12 8
1 4 4
8 9 16
0 2 15
0 4 16
11 14 16
11 14 12
23 0 2
18 20 14
10 12 4
18 21 4
18 21 16
14 16 4
13 15 11
6 9 10
18 18 12
5 6 8
14 16 3
5 8 14
19 21 17
5 8 12
19 22 19
15 17 9
21 0 12
14 13 18
4 7 14
0 3 6
1 2 17
3 6 2
18 20 1
16 18 3
4 5 12
19 20 12
9 11 18
3 6 20
9 10 3
7 11 2
18 19 11
11 13 6
8 10 6
11 12 13
3 4 7
0 4 1
7 9 3
15 16 15
20 20 2
12 15 6
0 2 3
22 1 19
13 16 9
21 23 1
8 10 4
3 5 5
3 5 11
6 7 19
20 22 15
4 6 1
22 0 14
16 18 3
23 0 17
8 9 12
11 13 3
0 2 18
17 20 20
23 0 4
19 22 9
14 16 3
5 6 4
22 1 10
6 9 8
8 9 3
1 3 8
7 9 9
5 8 6
11 12 16
22 2 1
2 3 12
12 15 9
0 2 5
5 8 17
1 2 2
5 6 16
8 10 13
20 22 16
17 19 7
4 6 4
21 23 4
2 5 16
20 22 16
19 22 15
0 2 8
10 12 9
5 7 6
15 17 13
16 18 12
18 21 19
8 10 13
22 0 4
21 22 8
9 10 3
23 2 8
10 12 4
4 5 17
20 22 4
15 18 5
17 17 6
19 23 14
8 11 12
17 18 17
20 19 16
17 21 11
3 5 1
15 17 7
4 7 2
21 1 15
5 7 19
21 21 18
18 21 13
20 21 19
17 19 6
22 2 7
15 16 13
5 5 12
21 1 4
3 7 17
18 21 20
8 12 1
2 3 9
11 13 4
14 18 18
18 20 17
14 17 5
1 3 2
21 23 7
10 13 7
17 20 11
10 12 9
7 9 17
10 11 5
9 9 8
7 8 7
12 14 6
6 8 5
1 3 12
15 17 19
17 18 19
17 19 16
0 3 10
8 12 14
2 3 9
17 19 10
21 23 18
18 19 11
14 16 7
1 3 2
2 5 11
21 22 3
