480 20
6 1 5 15 13 2 2 1 12 13 7 9 13 17 12 15 18 5 19 9 
5 8 18
1 3 4
7 8 12
11 12 7
9 11 4
19 23 3
13 16 10
7 9 14
23 0 11
16 20 17
15 17 5
21 22 10
14 15 1
3 4 4
9 12 2
0 0 19
21 0 13
22 23 2
3 4 17
22 1 3
18 18 8
1 3 3
11 11 17
23 23 16
0 3 19
9 9 5
2 5 14
13 15 8
20 21 7
10 12 3
15 17 9
20 22 15
15 19 18
1 4 7
3 4 19
17 18 16
6 9 1
13 16 5
4 6 18
17 19 18
4 5 5
14 15 13
11 11 11
10 12 14
9 11 10
10 11 15
19 20 6
21 1 4
4 7 3
3 7 4
19 20 4
2 3 4
11 14 8
9 10 14
6 9 12
14 17 18
14 17 14
22 22 14
14 16 1
2 4 8
22 23 6
8 10 15
8 12 7
14 17 17
9 10 18
10 10 16
2 2 13
23 3 19
17 19 4
9 11 3
1 3 16
0 2 10
22 1 17
12 15 11
11 14 8
13 13 1
10 12 6
7 9 3
8 10 5
4 5 5
15 17 11
16 17 6
15 17 7
7 9 2
5 7 10
15 18 9
0 1 14
15 17 9
18 20 14
22 0 17
18 19 3
16 18 16
0 2 3
5 6 12
18 19 4
10 11 12
13 15 6
13 15 9
5 7 16
20 22 11
15 16 16
20 21 13
16 19 6
18 19 1
7 7 6
14 17 11
12 14 11
13 15 5
6 10 4
1 4 2
6 9 19
21 23 5
7 9 4
13 14 16
9 11 1
21 23 12
4 5 13
0 2 11
3 4 13
15 18 16
3 5 2
17 18 2
22 22 7
0 1 16
22 0 11
4 5 7
11 14 9
21 23 18
7 11 8
16 17 11
9 11 13
11 15 14
17 19 19
18 18 8
16 18 2
4 7 7
14 14 16
15 17 7
15 16 18
18 20 9
16 16 8
7 10 17
0 2 16
14 17 10
22 1 1
20 23 14
7 8 7
22 1 16
4 6 12
22 0 2
13 16 16
1 4 12
10 10 18
14 16 13
16 18 1
8 10 19
7 9 14
4 4 19
18 20 1
15 18 3
13 14 13
20 22 3
19 21 18
8 8 18
9 11 3
6 6 6
21 23 5
13 14 15
9 13 14
13 15 7
3 5 9
18 19 14
2 4 16
10 11 2
19 22 20
5 6 8
15 19 13
7 8 17
4 7 13
12 16 9
7 9 3
2 2 8
8 8 11
1 2 6
12 15 1
18 22 2
1 3 9
7 9 16
15 17 15
15 17 12
4 7 9
6 8 20
22 0 20
1 4 6
5 7 4
12 13 8
5 7 1
12 14 7
12 15 8
5 7 19
0 2 6
16 18 8
3 5 3
14 14 20
17 20 14
14 16 12
12 13 2
7 9 13
3 6 11
14 15 12
18 20 16
7 8 17
20 21 1
20 0 18
15 19 15
23 0 14
14 15 20
6 9 20
9 11 2
1 2 9
9 13 7
10 13 15
7 8 16
22 23 7
21 23 15
4 5 4
14 15 1
14 17 17
18 21 6
3 5 17
3 7 15
0 1 3
14 14 12
15 17 16
17 18 14
10 10 16
9 11 7
14 14 5
19 21 17
7 12 13
14 16 4
8 11 19
6 7 2
14 16 11
6 6 13
1 4 20
23 2 14
23 0 20
20 23 11
16 18 11
0 2 7
11 12 11
20 22 17
1 2 6
8 8 12
12 14 8
12 15 7
14 18 16
6 8 19
14 17 2
1 1 11
12 14 10
5 6 2
22 23 1
21 23 5
6 9 5
0 1 15
9 12 3
14 17 19
20 22 8
0 3 13
0 3 2
0 1 18
11 11 17
21 23 7
15 17 13
20 23 15
21 23 14
0 2 1
6 6 11
20 20 6
8 10 13
16 19 4
4 5 1
15 17 7
2 3 18
10 15 19
19 21 10
21 0 9
14 18 1
4 7 8
2 3 4
9 11 20
1 3 3
14 15 3
21 23 5
10 12 10
3 5 12
12 12 17
13 14 9
3 5 11
12 14 11
2 4 5
0 3 19
21 23 3
22 22 9
1 3 5
7 9 8
9 11 9
4 5 10
0 2 8
15 17 17
4 6 19
21 23 11
20 22 4
15 17 1
5 6 3
2 4 20
22 1 11
23 0 5
9 12 16
5 7 9
19 21 8
1 4 17
21 21 12
18 19 19
23 0 15
6 6 13
7 9 3
3 4 13
14 15 17
22 1 3
15 17 10
22 0 8
13 16 12
23 3 2
6 7 19
5 5 15
19 22 16
10 12 11
20 20 1
17 19 3
7 9 16
23 1 2
3 4 12
7 8 6
0 1 1
17 19 14
8 8 12
12 12 3
20 22 18
19 20 14
11 13 20
12 14 14
21 21 15
1 3 1
21 0 6
2 2 7
9 12 17
4 8 12
8 10 4
8 9 9
4 5 5
0 1 10
5 8 9
4 6 4
22 0 16
4 8 3
19 19 2
19 21 13
20 22 5
16 18 13
18 21 8
5 8 10
5 6 3
2 5 5
13 17 2
8 11 11
22 23 7
19 20 2
19 19 4
1 3 14
12 14 9
4 7 20
2 4 8
13 17 3
6 9 17
15 16 4
14 16 12
20 20 12
2 6 7
8 10 12
15 17 17
4 5 14
11 14 17
0 2 3
21 0 18
18 22 13
2 4 15
14 14 17
8 10 8
12 13 19
3 6 3
11 13 9
4 5 5
0 2 8
5 8 8
7 10 18
17 20 3
0 2 14
4 5 20
11 12 10
13 16 13
23 1 17
11 13 12
14 16 10
3 6 10
20 1 6
15 17 18
1 5 4
21 0 2
11 13 4
9 13 18
14 17 13
19 20 2
14 14 11
22 0 15
1 2 13
14 16 16
0 2 10
5 8 17
21 21 16
13 16 14
19 20 17
4 6 19
0 3 1
23 1 14
13 14 12
1 3 12
16 18 3
9 12 9
2 3 11
23 2 12
1 4 10
17 18 10
11 15 18
16 20 14
7 9 10
3 6 10
19 22 15
0 3 9
10 12 9
22 0 4
23 3 10
12 15 11
12 15 6
0 1 2
14 17 10
3 6 6
6 8 11
2 3 11
2 4 16
12 16 5
23 23 14
17 20 17
19 22 18
2 5 16
15 18 4
21 22 19
3 5 1
11 10 12
11 13 17
11 14 7
6 8 19
23 0 10
22 0 9
2 4 11
5 7 4
3 5 14
17 18 3
