490 20
14 2 16 20 10 5 7 8 2 15 9 16 4 8 13 1 19 14 9 10 
11 12 5
7 10 4
9 12 18
14 17 5
18 19 12
4 5 13
16 18 9
21 1 9
22 22 6
8 11 8
20 21 9
18 19 9
8 10 11
23 1 7
15 17 9
19 21 10
1 4 18
6 7 11
14 16 20
14 15 18
7 7 11
18 19 11
15 17 20
8 11 5
13 15 8
19 20 6
14 17 1
20 23 19
0 0 17
7 10 19
7 8 7
7 10 19
15 17 14
20 23 18
6 8 1
16 20 13
9 12 2
8 10 9
20 22 7
23 3 2
1 4 4
22 23 1
6 9 20
16 17 15
6 9 18
17 19 11
19 22 14
13 16 20
23 2 5
1 3 12
19 22 8
6 7 11
6 8 6
3 6 13
18 19 17
13 14 13
3 5 19
16 19 3
2 3 20
14 15 1
9 11 8
21 22 3
0 2 14
5 8 14
21 23 14
5 7 12
4 5 8
6 8 4
0 4 18
21 22 9
2 3 19
23 1 17
6 7 16
14 15 3
18 19 20
7 10 6
8 9 5
20 21 6
12 14 13
18 20 15
0 1 19
21 23 1
15 16 18
22 23 8
3 5 15
8 10 12
6 8 16
8 10 17
5 6 2
0 1 6
1 3 14
2 4 12
20 22 15
3 6 4
17 18 4
11 13 2
12 16 19
3 5 2
4 7 14
0 3 20
13 13 11
7 8 5
16 19 6
5 9 9
14 17 8
9 11 18
23 4 20
3 6 5
23 3 8
0 3 16
1 3 16
21 23 7
19 21 15
16 18 19
22 23 17
0 2 18
18 19 15
18 20 2
8 10 8
15 18 16
10 15 9
13 15 18
18 19 5
1 4 9
4 5 5
9 11 13
21 1 16
21 0 2
8 9 17
1 3 14
22 1 4
5 7 10
0 4 13
9 9 8
21 0 5
7 8 7
20 0 13
0 3 10
11 12 9
21 0 12
0 3 5
15 17 4
8 11 1
2 5 19
2 3 18
11 13 3
20 0 3
14 18 3
18 20 11
10 13 16
21 23 11
18 20 8
10 13 13
19 22 9
11 14 17
8 10 7
19 19 19
10 11 11
6 9 13
17 17 5
5 7 7
7 9 6
3 7 2
9 10 8
6 6 1
11 13 14
17 19 1
15 17 19
14 15 8
11 13 18
17 20 6
7 10 7
5 7 2
14 17 13
6 7 6
12 15 5
5 7 4
10 11 10
0 1 19
20 23 15
3 5 15
21 23 7
6 8 3
20 21 1
3 5 16
0 3 19
12 14 12
8 9 11
20 22 20
17 22 3
22 0 1
4 5 16
13 15 18
10 12 7
8 10 17
22 22 9
20 21 7
23 2 12
10 11 2
23 1 3
11 13 18
15 16 9
9 11 4
22 0 7
16 16 6
2 4 15
21 22 2
3 6 6
19 20 16
7 10 11
0 3 20
13 14 13
17 19 8
4 6 10
18 19 13
15 15 4
20 22 2
12 13 2
15 18 19
8 11 20
8 11 8
22 1 3
6 7 11
9 10 4
18 19 19
4 6 2
21 0 8
2 4 8
16 18 16
21 23 15
22 1 17
0 3 8
17 18 15
21 21 4
0 1 19
6 6 9
19 21 2
16 18 16
7 10 12
9 11 4
3 6 11
12 14 18
16 16 1
16 17 9
9 11 1
16 18 14
8 9 4
19 20 9
7 10 5
23 2 17
14 16 5
16 17 18
14 18 8
13 15 7
13 15 7
15 18 3
21 22 16
23 0 6
7 9 14
1 4 19
1 3 11
15 18 4
21 21 3
0 3 18
6 8 4
9 12 7
16 18 19
14 17 20
8 10 17
0 1 2
20 22 8
12 14 4
13 16 8
7 10 9
9 12 4
18 21 17
23 1 13
15 18 19
13 18 14
16 18 3
1 5 1
12 12 5
23 2 7
17 19 16
2 4 1
20 22 16
5 8 18
16 19 15
5 8 5
10 10 5
20 23 15
14 16 7
1 3 14
11 13 2
4 5 9
17 17 13
17 21 8
13 14 20
2 2 9
4 6 18
12 13 2
11 14 2
16 17 9
5 8 1
13 15 4
20 20 20
7 9 19
7 8 1
11 11 6
7 10 11
5 6 13
14 17 15
7 9 4
0 1 20
7 7 10
0 1 8
21 0 8
2 6 14
6 8 5
4 8 15
8 9 2
4 5 6
6 8 18
11 13 19
22 21 19
22 1 8
8 8 11
17 20 4
1 3 1
10 11 16
12 13 6
0 2 17
18 21 7
19 23 8
16 16 6
20 22 19
22 0 8
6 7 1
14 15 5
5 8 15
7 7 5
22 22 5
10 11 18
14 16 13
12 13 15
16 18 12
18 20 18
23 1 2
1 4 1
5 7 5
12 14 16
11 13 11
6 8 4
17 18 17
2 5 13
2 5 13
18 18 15
6 9 18
8 11 19
4 6 8
15 17 4
19 21 3
21 23 2
18 21 6
19 20 10
3 3 11
7 8 8
21 22 3
16 18 6
2 4 19
20 22 1
2 4 3
23 1 10
19 21 18
10 10 6
13 15 12
23 2 12
20 21 18
4 5 17
1 3 20
2 4 19
13 16 10
2 4 17
11 14 14
7 10 4
21 23 8
2 3 18
10 13 20
8 11 18
10 12 7
11 12 16
3 5 1
1 3 8
11 12 13
1 2 9
15 18 5
11 13 5
23 2 5
19 21 19
11 13 18
13 15 7
20 22 14
6 9 8
11 13 14
17 16 7
10 13 11
1 2 14
14 15 18
17 20 20
5 8 17
20 23 18
6 8 18
6 8 2
9 11 12
1 4 10
5 5 3
16 19 7
11 13 17
17 20 5
22 2 5
19 21 18
18 20 3
20 21 15
22 0 19
2 5 17
10 11 2
14 17 19
10 11 8
2 5 8
22 0 12
22 2 8
3 5 18
5 6 16
15 18 9
20 22 13
23 0 7
1 5 8
9 11 6
0 2 13
17 19 14
2 4 17
9 11 18
3 5 19
4 5 18
23 1 5
22 1 8
23 1 6
23 1 3
9 11 7
19 22 5
13 16 16
0 2 12
13 16 12
11 11 17
21 22 10
14 16 2
7 9 6
23 0 14
13 15 9
6 8 20
5 8 13
16 19 7
2 3 11
13 16 11
19 22 5
22 23 7
4 7 7
17 18 11
2 3 3
10 11 7
1 2 20
2 6 5
17 19 1
14 16 20
23 3 13
11 14 12
6 9 19
9 11 20
23 23 2
15 17 9
14 17 3
22 0 5
22 23 1
2 5 19
2 3 14
5 8 18
10 13 16
5 7 4
0 2 19
20 21 18
