500 20
10 15 6 20 11 5 10 2 3 4 7 4 16 9 17 16 8 6 18 6 
15 19 3
19 22 19
8 9 7
5 5 20
19 21 1
11 13 7
8 10 6
22 0 1
22 0 7
0 3 4
23 2 13
15 18 11
0 3 11
12 13 1
16 19 16
20 23 9
22 1 14
13 15 20
19 20 7
18 20 17
0 2 1
9 11 3
16 17 11
1 2 12
5 8 18
12 12 8
3 4 8
20 22 16
18 19 13
6 9 17
4 5 1
0 4 2
5 8 9
3 5 17
8 10 12
17 19 13
17 21 10
11 13 18
14 15 6
8 10 7
20 22 10
7 8 5
5 11 7
10 13 19
16 19 20
14 16 18
12 13 20
22 2 7
8 9 20
3 3 17
18 21 3
6 9 2
22 23 13
7 8 1
2 4 18
19 21 7
13 15 3
7 9 2
18 20 2
19 21 7
21 23 15
20 22 12
15 17 5
7 9 13
22 2 1
19 21 13
2 5 17
9 12 2
12 14 11
11 14 3
18 21 17
10 11 11
5 5 5
6 8 13
1 1 20
11 13 20
8 8 1
17 18 18
16 20 17
16 17 10
16 19 17
2 2 15
11 13 4
1 4 5
22 0 4
4 4 1
8 7 2
22 0 9
14 17 3
12 14 1
7 10 2
18 18 5
6 7 2
9 12 9
9 10 9
19 22 8
12 12 19
16 16 18
15 16 10
7 10 9
12 14 4
21 23 4
18 21 6
23 2 8
16 18 4
20 21 10
7 9 14
19 20 7
7 10 15
20 23 19
4 7 15
16 17 10
12 13 6
1 2 7
21 0 17
2 3 1
4 8 3
23 23 3
8 11 3
6 7 7
22 0 18
1 2 13
2 2 18
19 22 9
5 7 3
1 4 14
20 23 8
9 9 2
12 13 6
17 18 8
17 19 20
14 17 18
10 13 4
15 16 13
7 7 6
1 4 12
21 23 20
4 5 15
4 4 12
22 1 10
5 6 19
15 16 6
12 15 19
13 16 8
16 18 15
14 18 11
21 23 3
17 19 6
2 5 6
17 20 11
1 3 10
16 17 15
10 13 10
21 23 15
11 13 13
0 3 10
11 12 12
17 18 10
17 16 2
18 19 6
1 4 19
21 23 5
17 20 3
18 20 15
22 22 12
0 3 18
9 11 11
9 10 4
12 12 7
1 2 5
4 6 13
8 10 14
10 10 2
13 15 19
3 4 1
14 16 2
8 8 12
15 17 9
21 23 13
8 10 14
8 9 8
4 7 17
2 3 6
16 19 20
21 0 11
10 13 2
15 15 16
17 19 13
23 0 13
19 22 13
17 18 1
10 10 16
23 1 4
9 10 4
0 2 19
15 18 4
5 6 4
3 5 10
7 8 19
18 20 2
7 10 3
4 5 4
10 14 20
4 7 19
0 1 5
14 17 20
9 13 7
2 5 1
6 9 9
7 9 3
7 9 8
23 22 20
6 7 1
0 3 2
8 10 12
23 1 9
14 16 5
21 21 11
20 22 16
1 3 20
18 20 16
6 9 19
14 17 12
23 1 11
22 0 4
7 10 12
6 8 17
7 9 19
22 0 9
4 5 16
0 2 9
5 7 11
6 8 18
20 22 18
3 4 4
1 4 5
16 16 3
18 20 12
5 8 8
9 12 3
6 7 10
8 9 17
11 12 5
22 23 20
8 10 5
14 15 9
23 1 14
0 2 7
22 0 4
22 1 11
8 12 6
19 21 11
15 18 2
21 23 7
9 11 4
4 7 15
18 19 7
18 20 16
14 16 10
0 2 1
16 17 14
17 20 5
5 8 19
8 10 18
11 12 16
11 12 11
9 10 10
7 8 7
0 1 7
9 13 7
0 4 1
2 4 6
7 10 13
21 23 11
8 11 8
9 11 2
13 15 12
7 11 19
20 23 14
12 14 2
17 18 9
15 16 14
14 16 1
23 1 3
13 13 12
7 9 7
13 15 20
15 18 8
1 4 12
15 18 12
16 18 18
12 15 2
2 4 4
10 11 5
0 2 10
2 5 15
21 21 2
14 17 5
13 15 11
11 14 2
2 5 18
17 20 5
14 17 7
19 21 17
21 23 6
23 2 20
14 16 11
14 16 8
21 0 7
6 8 17
8 10 18
14 15 8
21 22 11
23 3 3
2 3 1
23 1 4
8 10 4
8 10 4
6 7 8
16 18 11
11 13 14
22 1 8
4 6 13
18 19 15
1 3 8
10 12 18
5 8 2
2 2 14
20 21 17
15 16 18
16 19 14
2 3 19
11 13 6
11 13 12
16 18 9
16 18 17
15 16 14
11 12 1
8 11 4
15 16 5
0 2 10
1 4 6
8 11 2
18 21 11
20 21 7
6 8 18
18 21 1
2 4 19
11 14 10
23 0 15
12 15 13
18 19 16
9 12 2
18 19 8
8 9 10
23 23 6
3 7 12
6 7 5
19 20 6
18 21 7
14 16 15
11 14 4
19 23 9
1 2 11
9 11 18
9 11 19
13 16 19
5 7 13
16 17 8
10 12 19
21 23 17
14 16 19
9 12 7
8 9 10
6 9 16
7 8 8
6 6 6
14 15 17
10 12 16
12 14 4
12 14 19
7 10 19
5 8 5
14 16 18
23 1 8
5 8 15
19 21 17
7 7 18
4 7 3
13 15 12
0 1 13
22 0 18
13 16 1
19 21 14
7 9 16
2 5 13
19 22 8
4 5 10
12 13 5
5 6 15
8 10 17
12 15 9
13 16 10
18 20 10
13 13 20
14 18 19
18 20 8
1 4 12
20 21 20
7 8 7
6 8 4
3 6 4
11 14 7
22 22 1
3 4 3
1 4 12
7 9 15
4 6 1
19 20 17
16 19 12
21 21 4
15 17 15
11 13 16
12 15 15
13 15 12
9 10 6
23 2 8
23 0 5
15 17 3
3 6 9
9 10 9
20 22 10
19 19 6
9 11 1
2 3 11
16 19 18
4 8 3
3 4 16
0 2 4
21 22 7
18 21 1
7 8 12
20 21 15
23 3 9
11 12 8
7 10 11
19 22 13
4 6 11
15 17 8
5 7 6
10 13 15
20 21 20
7 10 2
7 8 15
11 12 20
1 3 15
7 10 5
3 6 10
0 1 12
1 3 7
8 9 11
2 5 19
19 21 6
7 8 12
16 19 10
10 12 8
16 17 3
13 15 5
14 15 17
11 14 3
6 9 18
1 4 10
8 10 7
8 9 4
17 20 19
10 12 1
5 7 7
4 6 5
14 16 19
6 8 6
18 20 11
9 12 19
22 1 15
15 17 10
15 17 16
9 10 13
12 16 12
8 10 15
10 12 18
18 20 17
0 2 6
2 3 2
22 0 20
9 10 4
9 12 19
23 1 12
2 5 18
13 15 11
4 6 19
10 11 18
