510 20
2 20 13 1 17 13 8 1 3 14 8 11 19 8 14 2 13 11 9 19 
1 3 6
4 6 7
2 4 16
15 16 14
13 15 11
18 18 12
14 18 3
9 10 13
3 4 12
3 4 12
12 16 13
7 10 12
6 9 6
11 14 11
16 18 7
21 0 18
11 14 3
4 7 5
17 19 19
1 4 12
3 3 8
9 11 4
15 18 8
21 0 9
8 8 19
3 5 20
2 5 8
13 15 20
1 4 5
1 3 19
5 7 6
0 2 13
5 9 6
10 12 11
18 20 6
23 3 15
4 6 2
19 19 6
11 14 13
16 18 19
23 23 13
8 9 3
3 5 15
1 3 17
3 4 7
5 6 17
21 23 17
15 18 6
1 3 2
8 9 17
18 17 6
6 7 14
0 2 19
19 22 2
4 7 11
23 3 16
12 13 14
17 19 8
2 3 6
11 13 7
4 5 13
3 4 7
0 1 7
12 14 16
9 11 6
17 18 2
15 17 11
14 17 2
14 16 3
0 1 13
18 21 9
9 12 4
2 6 5
5 8 1
2 7 16
3 7 13
16 19 19
6 8 15
8 11 19
11 15 14
1 5 2
4 5 16
17 21 19
15 16 17
20 22 12
17 20 9
9 11 12
1 3 13
19 21 17
19 21 16
14 14 15
14 15 2
13 16 3
14 17 3
14 17 12
7 10 19
12 16 20
2 3 20
0 2 12
5 7 10
14 16 1
7 8 16
12 13 20
19 21 19
10 12 4
2 4 11
10 11 9
11 12 19
17 18 13
14 15 14
7 8 3
15 15 15
5 8 15
21 0 3
22 2 7
2 4 15
12 14 13
23 0 6
13 15 7
4 5 19
9 11 5
10 12 17
3 6 10
16 18 11
4 7 15
8 10 7
13 16 1
23 2 14
13 15 19
21 23 5
6 9 5
4 6 18
23 3 2
9 14 10
8 9 13
12 13 9
17 17 4
1 2 9
16 19 3
14 16 17
10 13 13
3 7 14
0 1 6
8 11 11
18 19 4
7 9 13
3 5 2
11 14 8
23 1 17
0 2 2
1 3 3
15 16 17
6 8 15
19 19 17
13 16 7
14 17 5
23 1 13
0 0 15
21 0 3
16 19 9
18 20 1
20 0 1
21 23 15
3 5 11
21 22 16
1 2 12
1 2 12
11 14 9
13 16 17
12 15 14
3 5 8
10 10 15
11 13 2
16 16 7
11 15 17
6 8 8
16 18 19
0 3 6
23 2 20
8 10 9
13 15 9
9 11 12
14 16 9
11 12 3
20 22 16
19 23 18
17 20 17
22 23 5
6 7 3
15 16 18
23 2 12
15 17 12
0 1 2
17 19 4
4 6 20
4 6 14
17 19 19
14 17 19
12 15 6
10 12 10
22 0 12
5 7 13
19 23 17
6 8 2
18 19 1
17 19 6
21 0 1
4 5 7
21 1 16
17 18 16
8 10 1
13 14 7
13 16 1
6 8 19
7 9 19
6 8 8
14 17 16
8 10 4
12 13 17
15 17 19
23 1 2
9 11 10
13 16 16
1 2 20
15 17 16
13 15 13
22 0 11
6 8 9
7 9 5
12 13 20
18 20 16
2 5 19
20 22 12
4 7 1
12 12 19
17 21 18
23 0 1
14 16 11
6 7 5
17 19 8
7 7 4
8 11 14
19 21 12
8 11 17
1 0 3
10 11 15
13 16 13
10 11 9
14 16 11
13 16 16
21 22 3
22 0 10
13 15 11
15 18 10
2 3 19
23 3 5
19 21 3
14 14 17
22 1 10
17 21 3
19 22 13
1 3 14
20 21 13
20 21 15
20 21 16
8 10 20
4 6 19
10 12 9
9 11 2
8 8 8
14 19 19
4 6 8
10 13 20
17 18 8
10 13 9
8 12 4
9 10 16
7 10 3
0 1 10
8 10 16
23 0 18
7 8 5
17 19 3
3 5 7
5 8 3
20 21 2
16 19 9
10 9 13
3 6 17
19 19 18
18 21 3
5 6 18
5 8 18
16 19 10
2 5 13
6 7 6
13 15 2
7 10 12
8 11 4
11 15 15
17 20 1
22 22 3
7 8 16
10 11 10
8 11 8
14 16 9
8 13 1
8 10 8
2 4 1
0 3 1
2 4 7
9 12 14
16 17 10
0 0 3
12 14 5
13 16 15
19 20 18
23 1 14
16 17 10
3 5 14
8 9 17
12 15 2
0 2 3
7 8 18
8 11 16
13 15 13
0 2 5
11 13 16
5 7 9
17 19 18
18 19 20
15 17 9
21 22 17
8 10 15
0 2 6
16 17 4
13 15 5
18 19 20
8 11 18
3 6 5
6 9 15
17 20 12
0 3 18
6 9 17
15 16 20
16 18 17
17 17 18
5 9 18
8 11 3
18 19 13
17 20 8
17 19 18
1 4 8
21 21 15
22 0 2
5 8 15
23 2 12
20 22 19
22 1 20
2 5 1
19 22 9
8 9 14
5 8 1
10 13 5
14 17 10
12 12 5
6 8 2
14 15 6
4 7 9
9 11 18
18 20 13
13 16 4
23 23 5
13 15 13
18 21 8
8 9 10
17 17 10
0 1 20
15 16 15
14 16 15
1 2 2
18 18 3
18 20 17
7 8 6
20 22 18
5 8 1
1 2 2
12 15 1
23 1 20
0 3 6
1 3 10
20 23 13
13 17 19
20 23 11
3 5 9
20 22 1
1 3 19
22 0 11
7 7 3
11 11 3
18 18 5
8 9 13
22 1 8
1 4 17
0 3 1
5 7 6
15 17 1
0 1 8
2 3 15
11 14 13
16 18 3
13 13 3
19 22 13
22 0 19
18 20 5
1 3 1
5 8 5
10 12 5
19 21 8
6 8 4
0 2 19
23 3 9
20 21 16
23 1 9
3 5 20
15 19 15
4 7 4
5 7 1
18 21 6
5 6 9
12 14 8
19 22 16
14 13 19
22 0 11
4 6 13
19 22 12
11 11 15
1 3 9
6 9 11
18 21 13
18 20 13
5 8 11
2 5 19
10 14 14
19 20 16
19 22 4
23 1 2
3 3 11
12 14 5
2 5 7
22 0 11
16 18 7
23 1 10
18 21 6
9 9 19
19 21 15
20 22 9
5 8 6
22 0 20
14 16 4
16 19 3
10 12 14
1 3 7
0 2 3
7 10 15
20 22 2
19 18 18
19 21 17
6 8 20
18 22 17
19 22 9
15 18 7
12 14 10
22 0 11
16 18 7
8 11 20
23 1 3
4 6 19
4 4 11
17 17 4
3 5 14
5 9 6
9 11 16
4 6 18
5 7 6
20 21 11
23 2 5
11 14 4
10 11 13
14 16 13
16 20 8
23 0 17
16 17 8
23 1 9
13 16 6
0 1 17
19 22 5
1 3 17
2 3 13
9 11 17
16 18 1
16 18 17
12 15 11
8 8 19
22 0 16
15 17 17
8 10 15
19 22 13
23 2 8
22 23 16
