530 20
13 20 7 11 19 7 20 20 14 12 16 17 11 11 5 15 13 2 17 17 
6 7 19
18 19 10
9 11 16
0 1 1
14 18 19
20 0 16
4 8 11
4 5 8
16 17 19
15 17 14
22 1 19
19 22 13
8 9 19
21 22 1
11 13 17
11 13 2
5 6 7
16 19 17
5 7 13
6 9 5
5 10 9
23 3 14
3 5 14
15 20 14
18 20 11
2 4 17
19 23 7
21 23 13
20 20 10
1 0 13
22 1 12
3 4 20
4 8 13
23 1 3
5 8 3
15 17 8
9 13 2
7 9 6
2 6 20
11 12 12
19 19 1
18 21 18
21 0 14
0 1 13
9 10 1
14 14 5
13 14 17
16 17 20
13 17 19
23 1 4
11 12 5
7 9 1
2 4 12
0 2 8
18 19 20
21 23 10
1 2 15
13 14 11
9 12 13
15 20 20
2 3 11
8 12 4
23 1 19
4 6 13
14 16 17
10 13 9
12 14 1
3 4 6
23 0 16
2 5 18
3 5 2
3 4 18
16 20 16
0 4 5
19 22 3
21 23 19
23 0 12
9 10 7
8 10 13
9 11 9
14 15 18
0 1 1
8 11 1
18 19 15
20 22 2
13 14 4
22 1 4
4 9 16
0 3 19
13 15 10
7 9 11
18 20 4
4 4 14
4 6 2
12 14 12
9 12 3
2 3 7
13 15 15
15 17 10
9 9 4
9 11 11
22 23 12
21 0 6
20 21 20
13 15 3
10 12 15
2 4 17
21 0 10
11 13 5
12 16 1
2 3 13
17 18 5
14 16 20
17 18 8
16 18 14
10 11 3
8 10 19
4 7 11
22 0 8
2 4 8
8 9 7
5 7 19
14 15 9
22 23 6
20 21 12
23 1 20
15 16 12
5 7 18
6 8 14
8 10 19
19 20 2
17 18 2
21 23 3
22 0 3
8 10 2
14 14 7
12 15 2
13 15 19
16 18 18
12 15 18
9 11 13
14 17 11
17 21 19
7 10 19
19 21 2
22 23 2
18 20 16
17 19 1
23 1 14
19 22 11
20 22 20
17 19 20
5 8 8
2 3 1
21 23 20
12 15 14
6 9 9
2 4 3
11 13 11
17 18 18
0 1 1
20 21 17
5 6 9
11 15 7
15 16 10
8 10 12
17 18 7
16 17 16
7 8 3
23 0 8
10 13 15
13 15 1
11 15 6
22 1 7
15 16 9
12 14 9
3 4 15
23 3 4
20 22 7
12 14 19
11 12 8
17 20 1
6 7 4
23 3 8
3 6 18
22 1 18
18 20 1
16 16 1
8 12 20
21 22 15
12 13 7
0 3 20
5 7 20
4 9 5
9 10 11
9 10 16
5 6 18
20 23 1
13 15 14
16 17 5
21 1 4
23 23 8
8 10 8
9 11 7
21 0 18
15 15 18
13 15 1
15 16 2
4 7 15
0 3 15
17 19 20
18 20 5
21 23 13
10 11 4
21 22 3
11 14 8
11 14 18
9 10 17
21 0 19
20 23 4
18 19 2
14 16 13
19 21 18
14 15 4
20 23 13
15 17 3
18 20 13
0 3 1
23 1 11
23 1 18
13 14 6
3 4 12
22 0 17
19 22 18
2 4 5
0 2 12
23 1 20
1 1 3
4 7 15
1 2 19
15 19 20
15 16 1
23 22 8
16 18 8
8 9 17
17 18 20
2 4 11
7 9 3
14 17 14
9 12 8
19 20 15
15 15 15
12 14 2
4 6 17
10 12 11
15 17 3
1 3 6
7 9 8
12 13 1
14 15 1
5 9 3
23 0 8
11 14 18
22 0 15
23 1 2
16 19 12
7 9 4
20 21 5
7 9 15
16 18 19
5 8 8
19 21 16
15 20 18
6 9 16
20 23 8
21 23 4
20 21 4
15 18 20
1 3 2
2 4 7
18 19 14
6 7 4
2 3 20
5 6 14
18 21 9
10 10 8
6 9 17
5 6 20
16 20 17
5 5 8
15 19 4
9 12 4
21 23 11
13 16 6
22 1 2
17 19 19
20 20 5
9 12 1
12 14 20
13 14 20
0 1 9
23 2 4
15 17 5
13 15 4
22 0 12
3 5 19
7 11 5
6 7 20
19 19 1
17 19 18
9 11 4
12 14 1
10 12 1
17 17 5
9 11 16
9 10 20
0 4 20
14 15 5
22 0 6
1 4 16
13 15 13
4 7 19
20 21 18
18 21 7
17 19 19
14 14 1
22 2 17
0 3 6
4 7 10
5 5 13
21 23 18
9 12 13
3 6 14
3 5 8
22 1 14
11 15 6
22 23 18
21 0 17
17 19 17
22 2 9
3 5 3
19 21 17
4 8 2
18 20 20
4 6 3
17 18 7
4 3 11
17 18 20
21 23 3
6 7 14
15 17 13
1 3 11
23 1 8
21 0 13
8 12 13
18 20 17
14 17 11
0 2 1
5 7 19
22 1 17
15 15 4
9 12 9
15 17 9
1 4 4
23 3 19
11 13 4
20 21 17
10 11 8
5 8 7
14 17 9
22 0 16
8 9 6
16 18 9
2 3 7
7 10 10
20 22 16
4 8 3
10 12 9
23 0 10
2 4 7
21 22 5
23 1 3
3 5 8
21 23 10
18 21 6
8 10 2
16 18 4
12 14 19
19 20 15
9 12 20
11 13 15
7 9 1
18 19 20
2 4 18
12 13 10
2 4 17
1 3 6
4 7 20
18 20 1
2 4 5
1 2 10
21 22 3
5 6 4
18 20 4
16 20 14
7 10 20
20 23 6
11 13 3
5 7 4
15 16 15
4 5 9
5 8 4
13 16 17
3 4 13
14 16 10
14 16 16
9 9 20
5 7 11
11 11 13
15 19 11
12 14 7
10 12 7
5 7 8
4 7 17
3 4 12
18 22 16
0 1 17
0 2 2
2 4 6
10 12 2
20 21 5
3 5 5
8 10 19
3 4 7
22 23 17
15 17 15
13 15 2
18 21 4
0 1 6
17 19 16
15 18 14
15 17 16
7 10 18
0 5 13
12 15 8
18 20 6
0 0 9
13 13 6
21 0 5
21 0 16
2 4 17
2 5 9
12 14 13
23 1 6
23 2 3
1 4 8
12 14 2
2 4 13
9 10 3
3 5 20
22 22 6
21 22 13
9 12 7
17 19 3
20 22 19
17 19 18
17 20 20
12 15 15
10 14 18
8 10 12
1 3 19
1 3 20
18 21 19
0 2 8
1 3 6
20 23 11
2 3 20
11 12 3
21 23 4
1 2 11
22 23 10
9 10 18
16 18 18
22 1 4
1 3 2
15 16 20
5 7 8
18 19 2
8 9 4
12 15 3
22 23 20
13 15 9
15 18 12
21 0 9
15 17 11
15 15 17
0 1 14
17 18 5
16 17 9
19 22 10
11 11 11
9 10 18
8 10 2
22 1 6
7 11 17
14 19 8
3 6 4
19 22 12
16 18 9
2 6 16
6 8 1
6 8 3
11 14 18
1 3 8
22 0 5
1 5 12
9 12 19
6 8 7
17 19 8
8 8 16
12 15 10
22 23 19
6 8 18
21 22 18
10 11 2
12 15 17
10 11 5
14 16 17
1 3 4
18 20 9
