570 20
4 20 10 11 10 15 13 5 20 5 14 2 2 6 2 19 8 18 5 5 
17 20 10
8 9 5
11 13 10
1 3 8
23 1 14
2 3 20
22 23 6
9 11 19
20 22 12
15 19 15
0 3 17
12 14 18
18 21 1
0 1 12
2 4 20
12 14 1
3 5 10
23 0 2
4 6 3
2 3 19
0 3 18
19 23 7
15 17 7
16 19 1
10 12 20
12 14 5
7 9 15
2 6 13
5 7 15
22 0 2
11 13 12
10 13 12
23 1 17
9 12 5
16 19 12
19 19 17
18 21 19
22 23 15
14 16 15
5 6 6
1 3 15
16 16 15
22 1 12
3 6 20
10 12 18
17 20 20
9 10 1
8 10 11
13 17 6
19 23 19
22 23 10
14 15 7
7 9 14
22 1 7
6 6 19
12 14 18
4 6 17
23 1 10
4 6 8
3 7 15
15 17 4
19 20 6
3 5 20
18 19 7
12 14 7
21 21 15
10 11 8
4 6 16
20 0 19
6 8 12
8 11 5
8 10 10
17 18 7
14 17 11
12 13 19
18 20 15
16 17 18
13 15 20
5 5 13
20 22 20
16 18 3
8 10 18
13 17 8
21 22 20
0 2 1
6 9 18
21 23 1
18 20 13
12 14 16
12 13 14
20 23 13
3 5 5
19 21 6
23 2 15
14 16 4
8 10 2
21 0 4
16 18 16
0 3 11
2 6 13
22 2 15
12 15 10
15 18 17
21 22 16
6 8 17
23 0 7
16 19 1
11 14 13
8 10 10
18 20 13
11 14 19
13 15 16
20 0 8
3 5 17
17 19 9
9 12 2
7 8 1
4 5 12
16 17 5
21 22 20
20 23 11
10 12 2
14 17 16
7 9 18
21 0 9
23 1 1
11 13 10
23 1 11
14 17 10
10 13 10
8 11 8
21 0 16
14 15 20
5 7 14
7 8 5
21 0 8
21 0 18
4 4 8
22 0 15
18 19 10
16 18 3
7 9 12
23 1 15
9 13 6
12 13 13
15 19 10
15 18 8
11 14 1
0 1 6
22 1 18
22 0 2
7 9 4
16 19 20
22 23 6
22 23 16
21 22 13
2 4 20
6 9 13
15 16 12
9 12 14
20 20 18
10 11 3
9 12 10
7 11 19
5 7 8
5 6 18
5 6 7
4 7 3
3 3 13
12 16 19
6 9 14
3 4 1
8 10 4
19 23 10
12 14 6
8 9 4
2 4 1
13 15 8
14 14 14
18 20 15
3 5 10
8 11 2
23 2 20
7 8 6
4 6 18
10 10 15
16 18 5
17 19 6
23 0 5
6 9 17
12 13 2
0 2 14
23 0 15
2 4 11
15 20 13
7 10 12
3 5 7
10 11 12
1 5 7
19 20 7
21 23 5
13 15 2
13 15 2
11 12 11
9 9 18
3 5 1
4 5 6
20 22 5
2 4 4
4 7 6
17 17 12
10 12 12
4 6 13
23 2 15
15 17 7
13 16 9
18 22 10
3 4 1
5 9 6
17 20 13
13 14 14
2 2 9
20 21 8
21 21 10
20 22 19
15 16 5
22 0 16
14 17 1
1 3 5
13 17 6
4 5 8
4 6 14
1 5 14
3 6 9
12 14 1
12 17 7
7 11 18
18 19 5
20 21 10
10 13 7
20 23 16
22 23 13
15 16 14
17 21 20
9 11 8
8 11 18
7 8 1
17 20 18
18 19 1
17 20 9
4 6 10
0 3 4
15 16 13
13 15 16
12 14 5
9 11 19
0 1 2
18 19 1
0 1 11
15 15 1
19 22 5
11 13 16
17 20 16
11 14 10
17 18 10
9 13 12
16 17 4
15 17 3
1 3 12
6 9 12
6 9 11
19 21 16
13 17 14
4 5 15
14 16 18
8 12 19
7 11 18
23 1 8
2 4 1
20 23 13
9 11 18
11 12 12
0 1 17
1 4 3
9 10 18
8 12 2
0 4 20
7 11 15
10 12 17
11 12 18
0 4 19
16 18 17
14 13 18
14 16 3
8 10 6
15 17 16
4 6 5
10 12 10
17 18 13
22 0 16
18 18 7
17 19 20
9 11 11
4 7 15
21 0 6
0 1 12
18 19 10
22 23 1
5 7 10
19 19 18
8 9 14
16 19 9
9 12 16
23 3 15
13 15 7
4 6 13
18 20 7
6 8 20
14 17 13
13 14 18
1 2 7
19 20 19
8 11 6
0 1 4
0 1 19
9 11 20
4 6 9
8 10 12
15 17 9
3 5 20
10 13 2
7 8 8
22 2 7
16 18 2
0 1 7
7 9 10
15 16 18
5 8 13
2 3 9
16 18 10
21 22 12
2 3 7
17 18 6
1 3 20
1 4 11
15 17 16
22 1 11
15 16 14
8 11 5
13 15 11
16 18 11
21 23 6
19 22 19
13 14 8
22 0 18
23 0 19
8 8 15
11 13 14
16 19 19
14 15 15
2 4 9
8 10 8
14 16 16
19 19 3
0 3 18
0 2 3
3 5 17
4 6 10
14 19 5
3 4 7
10 12 11
5 6 15
19 20 13
2 4 1
16 17 12
1 4 20
21 23 3
3 7 4
0 2 18
7 11 20
0 1 11
21 22 17
10 12 3
10 12 12
17 19 12
9 12 2
6 7 16
17 19 1
19 22 12
8 10 5
8 8 5
16 17 15
12 14 5
20 22 10
5 5 16
8 11 16
15 17 8
23 2 4
2 5 20
6 10 9
4 6 3
4 7 18
12 14 10
18 20 3
22 0 1
9 10 11
11 13 11
20 22 1
1 4 10
19 0 6
3 4 18
22 0 8
20 22 16
13 15 20
13 15 13
9 11 7
11 15 10
5 7 10
22 23 20
16 19 11
22 23 8
18 21 16
6 8 11
4 6 5
2 3 19
3 4 16
11 13 5
18 20 18
12 14 13
0 4 9
12 15 5
11 13 5
23 0 4
23 23 1
3 4 8
22 0 15
5 8 12
4 6 2
5 6 13
4 6 18
11 13 13
16 17 10
2 4 11
16 19 19
8 10 11
8 10 6
5 6 7
8 9 2
5 6 13
8 12 1
16 17 16
12 13 11
20 22 7
17 21 2
4 7 6
23 1 18
6 7 20
17 18 8
3 6 10
20 0 16
19 21 20
11 13 2
17 19 2
11 13 19
13 14 17
18 20 14
23 0 11
23 1 14
8 11 6
12 14 4
14 17 3
16 17 15
17 19 10
0 1 15
22 1 2
20 23 8
7 10 6
16 18 8
20 22 13
9 11 1
12 14 1
16 17 19
18 20 12
2 5 14
17 18 14
5 7 1
5 8 11
12 13 4
13 14 10
0 1 11
17 19 15
4 6 8
2 4 18
21 22 13
22 0 5
16 18 7
6 9 5
5 7 8
12 13 9
13 13 17
16 18 2
12 13 18
7 8 6
22 1 6
13 15 5
9 11 5
8 9 13
19 21 14
17 19 10
14 16 14
7 9 15
22 0 20
12 14 6
17 18 6
21 0 4
23 2 4
19 21 10
1 2 10
8 11 19
18 20 7
8 10 11
3 6 17
16 18 18
20 22 12
4 8 4
12 14 3
22 0 17
20 22 11
7 9 7
20 23 17
0 1 9
6 6 20
10 12 5
20 20 11
7 8 2
8 11 15
15 17 18
12 15 5
4 6 6
13 17 4
4 5 4
13 15 16
13 15 12
8 10 19
1 4 6
6 8 12
20 22 8
13 17 2
23 2 1
13 15 19
18 20 16
17 18 2
22 0 13
23 0 4
7 8 4
8 9 15
23 0 6
19 20 17
17 19 17
23 1 17
5 8 18
1 1 4
16 19 1
22 23 14
6 8 19
7 9 16
0 3 2
1 3 20
4 6 20
10 13 11
