580 20
8 13 13 17 8 14 1 10 19 18 14 4 8 8 17 12 18 20 8 7 
7 8 8
7 9 18
23 2 19
7 9 16
8 9 10
7 8 13
21 0 7
18 18 14
7 9 8
14 18 7
6 8 2
23 1 9
18 21 1
11 12 5
9 12 17
7 9 2
18 19 7
4 6 13
12 15 7
12 13 7
1 5 2
7 9 5
12 14 4
17 19 2
17 19 5
3 4 15
13 13 2
18 20 7
23 2 18
2 3 15
10 12 3
16 15 15
0 2 16
6 8 8
5 6 3
14 18 12
22 0 11
9 11 2
0 2 15
1 2 12
0 1 3
3 5 3
5 7 1
16 19 6
22 0 6
23 1 4
9 12 18
6 8 12
0 0 6
9 12 2
7 9 19
13 16 13
1 3 5
19 21 14
11 13 9
5 6 3
1 3 2
18 21 2
3 4 11
17 18 16
23 3 6
12 15 18
23 1 11
12 14 5
18 21 3
21 23 2
9 10 13
12 14 13
9 12 7
22 23 9
22 1 2
22 1 5
19 22 14
20 22 17
9 11 8
11 13 18
19 21 10
17 20 4
14 15 12
22 1 3
17 20 5
19 20 6
1 2 15
14 17 6
8 9 1
22 1 1
12 14 5
2 5 10
21 22 11
18 21 7
12 14 15
22 0 11
23 23 15
23 1 12
10 11 13
4 5 15
4 5 17
19 20 19
10 12 11
12 13 16
16 17 4
8 9 15
4 6 4
23 2 16
20 22 1
2 2 6
8 10 7
10 11 16
2 4 7
0 3 19
0 1 7
1 3 19
22 0 16
1 2 6
17 20 12
1 3 11
8 10 19
17 19 17
23 22 14
15 17 3
13 16 14
17 20 19
22 0 19
12 15 2
2 4 1
7 7 1
7 11 9
3 5 3
21 23 18
0 2 10
7 8 5
8 10 10
0 2 4
8 12 1
15 16 10
8 11 10
6 7 16
5 8 6
21 0 7
1 2 7
17 19 5
15 16 11
11 13 5
10 14 8
11 11 13
23 1 1
19 23 4
20 22 18
17 19 16
23 3 20
19 21 17
22 22 14
7 8 20
21 0 1
19 21 18
5 7 5
21 22 5
21 0 10
22 1 13
0 1 19
11 13 3
21 22 5
19 22 10
20 22 9
7 9 20
7 8 12
1 1 10
5 7 20
17 19 16
7 8 19
8 10 12
1 4 7
22 0 2
21 0 18
2 5 12
19 19 10
13 17 14
0 3 10
20 20 11
16 17 6
12 14 17
11 13 17
12 14 11
23 0 13
11 13 13
21 23 20
12 13 11
10 13 14
21 22 9
8 10 7
11 12 15
5 9 11
21 23 7
8 10 16
0 2 16
10 12 11
6 8 17
5 8 8
17 19 13
14 17 3
0 4 16
11 16 20
20 21 16
2 4 5
17 19 13
22 0 2
20 22 14
1 3 5
14 16 16
12 13 17
8 9 12
11 14 5
15 16 13
0 3 4
23 2 19
2 5 2
23 0 9
22 23 4
11 12 15
5 8 4
12 15 10
22 22 1
17 19 17
19 22 13
14 16 18
22 1 18
23 0 11
16 17 8
2 4 3
9 11 4
0 3 12
7 10 17
15 17 10
2 5 10
6 7 13
0 2 13
9 13 16
8 11 3
17 19 12
6 8 9
19 21 1
10 11 11
7 8 11
21 23 10
11 15 7
15 19 15
14 16 7
21 22 16
9 10 14
15 16 20
17 20 15
17 21 8
16 18 12
12 14 7
20 20 5
13 16 7
1 3 5
3 4 15
18 21 5
16 18 11
2 4 20
20 23 18
23 1 5
21 0 3
18 20 7
21 0 17
12 13 19
19 22 7
0 2 17
1 4 2
13 15 6
16 18 5
15 16 4
0 3 15
15 17 6
2 4 5
13 16 9
23 1 7
7 9 16
21 0 14
0 2 16
2 4 7
3 5 15
8 10 15
3 5 17
2 4 1
17 20 4
0 1 20
2 4 15
8 10 18
20 22 14
4 5 10
16 16 15
4 7 9
10 12 16
9 12 18
5 8 8
12 12 18
3 5 13
6 6 9
11 13 13
17 21 8
7 9 6
2 3 15
2 3 2
9 10 11
4 6 11
0 2 3
5 8 1
23 2 18
2 4 10
5 6 17
4 6 6
20 22 3
6 9 11
22 0 10
15 18 7
19 22 12
23 23 14
19 21 8
0 3 3
20 21 18
22 2 4
16 19 16
3 5 8
9 11 6
13 16 10
3 7 4
20 22 10
14 15 14
2 2 18
4 6 7
13 14 20
14 17 19
19 20 7
14 17 8
15 18 9
14 15 7
22 0 12
9 11 2
21 0 19
12 14 1
16 16 2
23 2 16
15 18 16
22 1 18
7 8 15
19 19 19
14 16 19
15 17 15
2 4 11
20 21 17
19 20 7
20 21 6
18 20 1
12 15 13
6 7 14
7 10 9
17 18 17
5 8 8
20 21 14
4 5 12
8 12 14
1 5 4
2 5 6
22 1 10
15 18 13
9 9 5
21 0 17
16 16 19
10 16 13
7 10 10
13 16 16
18 20 9
22 1 1
5 8 11
2 4 4
4 6 7
23 2 20
2 5 7
11 12 5
11 14 10
4 7 16
19 21 9
11 12 6
4 6 12
3 4 4
6 9 1
1 3 12
3 7 9
1 4 5
20 22 1
19 21 3
20 22 1
6 9 13
11 14 19
20 22 2
22 0 11
11 14 17
12 15 9
19 22 20
17 18 12
3 4 11
11 15 12
7 10 17
18 21 19
5 7 15
0 1 18
11 14 1
21 23 9
0 0 3
23 2 9
8 10 11
5 7 8
5 4 7
17 19 8
4 6 17
2 3 7
18 19 16
10 11 20
0 2 12
22 0 4
9 12 17
1 3 15
7 10 20
22 1 3
23 0 5
16 18 17
13 15 6
15 18 14
8 10 3
10 14 3
1 4 11
17 18 16
20 19 3
13 15 8
18 21 10
20 22 15
2 5 13
16 18 15
21 22 16
12 14 13
17 18 14
17 17 10
4 5 11
2 4 1
2 4 19
11 13 13
9 11 8
19 18 10
22 23 2
14 16 12
3 4 7
20 23 14
16 18 2
17 20 17
3 7 9
5 8 8
4 8 18
13 17 6
21 0 12
15 17 14
4 7 12
4 5 20
17 21 17
16 17 14
20 22 11
0 2 8
19 21 4
1 5 10
7 9 20
11 14 10
12 15 5
20 22 12
3 3 14
12 14 19
22 1 12
11 13 18
10 12 9
4 7 2
14 15 15
2 5 13
13 15 19
15 16 3
12 14 15
19 20 14
0 3 9
8 12 6
23 1 9
1 5 11
12 16 6
16 19 16
19 21 3
19 19 5
0 1 14
11 13 5
21 0 7
5 8 11
20 22 16
18 21 19
4 7 18
13 14 6
22 0 6
21 23 3
13 15 19
2 5 9
4 8 20
17 18 19
9 10 3
2 4 8
17 19 18
8 10 7
3 5 18
22 1 15
0 2 5
7 9 16
1 3 2
20 21 8
6 8 20
17 21 5
22 1 9
7 10 5
0 1 7
14 16 15
3 4 5
23 2 12
11 13 18
6 7 2
21 22 13
23 3 10
11 13 12
22 1 4
10 11 18
17 18 1
20 21 3
20 22 18
14 15 5
14 15 3
3 7 18
13 15 16
23 23 8
16 18 12
12 15 7
0 2 7
11 13 1
15 16 6
18 21 12
18 22 16
8 9 19
17 19 5
1 3 17
20 21 11
12 14 13
16 19 12
1 2 10
15 17 2
5 8 20
9 11 9
2 4 19
18 21 14
4 7 7
2 6 14
10 12 2
18 20 9
6 10 20
17 19 3
18 19 1
2 4 20
18 21 7
0 2 1
21 22 3
1 3 3
23 2 2
17 18 8
21 22 17
18 19 13
2 4 9
21 22 2
7 8 9
22 1 4
