600 20
6 3 17 15 11 2 9 7 1 9 3 7 2 1 18 14 6 14 19 5 
0 2 20
12 15 5
20 23 6
20 23 15
9 10 2
14 15 3
15 19 10
11 14 6
5 8 4
13 16 10
12 15 6
23 1 19
5 7 15
0 2 15
8 12 5
5 7 17
1 4 15
1 4 20
0 2 12
12 15 7
9 12 8
10 12 4
18 20 7
18 20 19
2 4 11
15 17 11
3 5 15
23 2 17
6 10 12
6 8 1
14 15 7
19 22 3
23 1 7
7 10 8
2 2 8
3 7 15
1 2 19
9 11 20
11 12 13
5 7 7
20 22 15
12 13 5
5 7 7
21 23 17
22 1 9
21 0 13
20 22 18
9 11 9
7 9 16
23 1 3
4 5 12
10 11 13
23 0 12
17 19 19
10 10 8
8 10 16
15 16 19
2 5 8
5 7 9
2 4 6
21 22 13
14 16 5
3 4 9
21 22 4
18 20 10
11 13 3
5 7 11
15 17 2
6 8 17
18 21 6
11 11 13
6 10 16
1 3 12
5 7 12
2 4 8
3 6 7
8 9 13
16 18 11
3 7 17
8 12 2
0 2 5
17 19 14
3 4 20
17 20 4
8 11 8
9 13 7
2 4 12
4 6 8
7 10 18
14 17 12
21 23 5
15 17 16
18 20 17
21 0 16
17 19 4
2 5 14
6 10 9
21 0 5
12 15 7
0 2 2
3 4 9
20 20 15
19 21 10
13 16 6
11 13 12
5 8 5
21 22 2
6 10 14
13 13 6
13 15 19
19 21 8
0 3 20
11 11 10
3 6 15
14 15 19
23 2 11
22 0 12
9 9 9
5 7 17
5 6 2
14 15 7
15 17 14
8 9 7
20 21 6
20 22 11
4 7 13
23 1 10
3 5 8
12 15 4
10 13 17
4 5 18
19 22 15
19 21 5
4 5 16
12 13 20
15 19 16
20 22 18
16 19 9
4 6 13
11 12 17
6 9 6
11 11 8
17 20 10
16 18 1
0 2 17
2 4 15
11 13 6
14 16 18
18 22 4
2 3 10
21 23 6
2 2 9
23 1 1
19 21 12
6 7 17
12 16 16
11 13 8
20 22 13
4 7 1
22 23 20
19 20 11
22 1 13
2 4 5
0 3 19
22 23 12
21 0 12
7 11 10
11 13 6
2 4 19
1 3 14
8 10 11
20 23 20
17 19 2
2 4 18
4 7 2
2 4 3
10 12 9
3 5 11
4 8 3
11 14 10
1 2 20
13 14 7
22 23 18
2 3 6
14 18 14
13 15 3
19 22 6
0 1 20
23 2 4
19 22 12
10 10 18
15 18 4
17 19 13
23 1 11
13 16 20
13 15 19
8 10 20
10 13 7
8 10 12
17 18 6
0 2 11
15 18 15
6 10 13
16 19 11
19 21 6
5 8 19
3 7 18
17 21 17
1 3 19
4 7 2
2 4 10
21 0 1
13 15 9
18 19 13
22 0 18
5 8 17
19 23 16
14 16 12
8 10 3
18 21 9
18 18 13
13 14 5
3 5 12
22 0 1
16 18 8
11 14 7
1 4 12
9 10 2
23 2 19
2 6 7
20 19 7
0 3 3
19 21 6
2 5 8
15 16 9
18 19 10
3 5 4
22 0 12
15 18 5
0 0 19
6 7 3
14 15 16
5 9 16
5 9 11
23 2 6
14 17 18
8 11 7
17 19 9
21 23 4
4 6 19
8 10 8
2 5 8
3 5 2
14 17 8
14 15 7
21 0 2
20 22 13
5 7 2
15 18 4
16 18 12
23 0 11
20 20 18
12 15 9
21 23 2
1 4 12
7 8 13
10 11 2
3 6 13
10 13 9
16 18 17
8 10 20
19 19 5
13 16 5
2 5 17
15 16 20
15 18 14
13 15 4
9 10 18
0 1 16
12 14 7
16 17 4
9 11 9
13 14 6
17 19 16
6 5 16
1 3 13
23 0 5
15 17 4
9 11 12
16 18 13
14 14 2
1 4 20
17 18 14
21 21 19
23 2 12
9 11 15
13 16 12
3 6 20
20 0 11
14 18 2
5 6 13
3 5 3
15 17 12
1 3 4
4 5 8
15 17 4
6 10 18
18 21 1
2 5 18
14 15 17
2 4 16
22 1 19
11 15 4
12 16 2
19 21 4
14 16 5
12 13 17
18 20 9
5 6 16
6 7 10
0 2 7
9 10 9
10 11 19
10 13 1
17 19 11
9 13 17
1 2 15
8 13 8
5 6 11
23 0 12
16 18 19
19 21 3
1 4 11
13 14 11
11 13 20
18 20 10
17 19 19
5 8 6
1 4 16
8 11 15
8 11 20
8 8 16
11 13 10
3 5 14
2 3 1
12 15 17
11 12 6
16 17 8
15 16 20
23 1 20
14 18 13
18 20 15
21 0 13
13 16 18
4 8 15
15 19 4
18 19 18
20 23 14
5 7 4
10 11 5
9 11 15
17 21 5
8 10 20
14 16 8
8 11 2
2 4 20
17 19 11
15 16 15
9 12 20
15 18 10
15 17 7
19 22 1
14 15 8
4 6 13
7 8 14
3 4 5
23 1 13
10 14 18
4 6 12
20 21 16
7 8 4
13 16 17
14 18 16
22 1 11
6 8 3
5 7 15
1 4 1
2 4 6
12 14 12
0 2 20
14 14 1
0 0 6
18 20 1
19 21 7
18 22 12
7 8 1
18 20 15
18 19 5
22 3 18
8 9 20
11 15 9
1 2 6
17 20 12
8 10 2
11 13 4
1 2 6
4 6 4
18 19 7
5 8 18
0 2 20
4 5 20
7 10 14
18 20 19
10 11 16
20 22 16
23 23 3
14 16 16
10 13 7
19 21 17
14 16 4
7 10 8
20 21 12
19 20 4
20 20 11
9 10 20
22 0 14
4 5 19
22 0 2
22 0 4
11 13 12
0 2 1
5 6 7
9 11 16
4 5 18
9 11 18
8 10 1
5 7 18
16 18 3
20 23 10
3 5 2
18 20 7
4 6 2
21 23 7
2 4 18
6 7 17
8 11 13
17 21 11
13 14 15
3 5 11
8 9 13
8 10 9
12 15 9
9 12 5
23 1 8
23 1 7
4 5 18
22 0 11
4 6 4
20 22 3
2 3 5
1 3 7
3 3 3
12 13 3
8 11 16
12 15 6
1 5 19
20 22 12
6 7 11
2 5 8
21 22 13
22 1 1
19 21 5
18 21 16
7 8 14
11 14 2
16 18 6
12 15 3
6 9 4
15 17 11
11 14 8
4 6 11
9 11 13
12 16 18
15 18 14
0 3 17
7 11 8
10 13 9
0 3 5
5 9 11
0 3 13
11 13 9
1 1 8
12 13 17
1 3 11
23 0 11
15 20 14
2 4 14
20 0 8
1 2 2
0 1 1
0 3 8
1 2 17
11 15 9
12 14 3
20 21 3
4 5 19
18 22 19
10 11 18
20 21 7
20 22 11
22 23 15
9 11 3
22 0 17
17 18 18
19 20 5
9 11 6
15 18 6
17 18 10
20 23 18
5 5 12
21 23 19
11 12 14
3 7 3
5 8 10
7 9 2
23 1 14
23 2 12
12 16 12
9 13 5
20 22 7
14 17 18
10 11 2
7 9 10
11 13 14
23 23 17
21 23 3
16 17 9
19 22 5
15 18 1
17 17 12
6 9 11
11 11 19
4 5 18
2 3 12
16 17 12
6 7 12
2 4 14
12 14 8
10 13 20
3 5 18
4 4 4
23 23 4
22 23 7
2 4 15
23 2 16
13 14 9
20 21 8
20 21 2
3 4 15
21 0 6
2 3 9
8 10 18
21 23 12
13 14 14
1 3 18
0 1 15
3 5 16
13 16 1
3 5 9
23 1 1
19 21 17
15 16 9
5 8 13
17 20 2
11 14 16
7 8 7
16 18 11
1 3 3
12 15 11
2 5 15
19 21 6
12 14 5
4 6 8
1 3 14
5 8 13
5 7 6
9 13 16
6 7 18
21 23 19
19 21 11
10 13 14
3 5 11
4 6 18
10 12 9
0 -1 12
14 15 4
12 15 4
4 6 15
21 21 4
4 7 16
