620 20
10 12 1 15 7 17 6 14 13 4 18 6 6 19 9 9 12 20 16 13 
2 4 20
9 14 20
1 4 18
17 20 3
2 2 12
21 22 16
7 9 10
1 2 7
1 4 8
4 6 11
15 18 7
18 21 7
7 8 7
21 22 10
9 10 6
20 23 16
12 15 9
21 0 8
15 17 5
14 16 17
14 16 18
14 16 12
13 15 9
14 16 3
12 14 14
19 20 13
23 1 10
6 7 10
17 20 4
3 5 2
14 16 5
20 22 17
23 1 14
6 8 19
10 13 5
5 8 11
22 23 7
23 1 19
14 17 17
8 12 2
17 18 1
19 20 16
7 10 15
6 9 9
20 21 19
18 20 9
23 2 18
1 3 2
3 3 14
15 15 16
10 12 17
3 5 17
14 16 16
20 23 1
13 15 7
3 5 11
16 19 19
15 16 4
17 19 14
11 15 9
8 11 4
20 22 13
16 16 4
4 5 19
9 12 3
16 18 11
7 9 16
15 17 14
0 2 6
14 17 7
7 8 7
23 2 5
23 0 8
17 18 2
19 21 13
13 14 3
1 5 15
2 4 12
15 15 5
8 10 2
17 19 5
8 12 17
20 21 20
5 7 2
15 17 20
1 3 11
16 19 5
18 21 11
5 6 17
16 18 3
6 7 8
1 3 14
11 11 1
17 17 11
0 2 19
8 11 18
19 22 12
1 3 12
23 1 13
17 18 10
23 2 17
10 12 16
10 10 18
22 0 8
6 9 14
22 23 8
20 22 17
11 14 9
3 5 7
4 6 12
1 1 7
9 11 9
20 21 9
6 7 5
16 18 14
6 8 3
23 3 16
9 8 6
13 14 4
13 15 15
20 21 15
22 23 16
11 13 14
5 7 12
6 8 11
18 20 3
7 9 12
6 8 17
11 13 20
4 6 6
10 12 10
22 0 9
23 0 4
5 8 2
0 1 12
7 9 1
20 21 2
17 19 16
11 14 1
21 0 5
22 1 9
12 15 10
9 12 16
6 7 16
23 1 20
2 4 19
11 15 12
2 2 17
15 20 10
23 0 3
5 7 3
23 2 2
16 19 18
2 5 3
5 6 20
20 22 1
22 23 17
19 22 20
14 17 16
17 19 17
12 14 14
23 1 19
10 12 14
6 8 3
2 4 11
13 16 16
11 12 10
14 15 13
6 9 4
10 13 3
22 1 7
12 13 15
15 16 16
16 17 19
19 20 16
7 9 6
16 18 10
18 20 17
18 20 11
17 20 12
18 20 6
4 6 18
15 16 12
17 17 18
11 13 1
15 16 1
20 22 19
10 11 2
7 10 1
1 4 2
4 7 18
8 10 16
11 14 4
6 6 13
0 2 6
8 9 9
21 23 11
22 1 19
5 6 18
18 20 3
17 19 1
5 7 11
16 19 17
23 1 19
22 23 4
7 8 13
16 19 13
11 14 8
15 18 10
5 10 18
0 2 4
12 16 5
8 10 3
10 12 3
6 8 11
12 14 8
21 0 1
11 13 5
19 21 13
12 15 5
21 22 14
1 3 11
3 5 13
3 7 16
17 18 7
10 13 15
1 4 14
2 6 2
8 9 11
16 17 11
10 11 4
9 12 4
0 1 8
4 5 4
16 18 1
19 21 19
1 4 18
12 14 4
20 23 20
16 17 4
20 22 12
17 20 11
22 0 10
12 14 8
16 19 11
10 11 7
22 2 1
22 23 18
16 18 1
5 7 12
18 21 5
3 3 19
13 15 11
10 11 8
1 2 11
7 6 19
20 22 19
18 19 17
19 21 5
16 19 9
23 2 8
17 18 5
23 2 4
23 1 20
6 8 8
17 19 11
15 17 11
1 3 14
9 11 1
5 7 20
13 14 13
16 18 15
3 4 10
0 3 17
0 2 8
11 13 9
13 16 16
15 17 15
18 20 20
2 2 2
23 1 18
23 1 1
3 4 11
14 16 17
8 10 2
0 3 11
10 12 18
0 2 20
19 21 9
14 15 8
15 17 7
9 12 20
8 9 20
14 16 15
12 15 8
13 14 20
1 2 5
19 19 10
9 11 2
1 3 20
11 14 14
7 9 20
8 10 19
19 21 5
0 3 15
23 2 2
13 14 11
4 8 7
23 0 2
7 10 15
14 16 18
0 2 13
2 3 19
2 4 10
18 22 12
13 15 18
2 3 18
8 11 2
17 20 14
19 21 19
12 14 4
16 19 6
22 1 10
21 0 19
3 5 2
12 13 14
1 3 19
14 16 9
3 6 17
22 23 11
23 1 2
17 21 1
17 19 3
8 11 18
8 11 4
21 1 3
3 4 6
1 2 10
2 4 18
21 23 14
21 1 8
7 10 1
9 11 19
16 18 3
6 7 16
18 18 20
0 2 8
13 14 9
23 0 6
11 14 7
2 2 11
16 19 5
19 21 19
21 0 10
1 2 13
23 0 19
3 5 4
9 12 19
4 7 13
4 6 3
7 9 9
6 8 20
16 19 12
1 3 15
8 12 11
23 0 19
5 6 15
1 3 5
4 7 4
7 10 17
12 15 14
4 5 17
16 19 3
3 6 14
15 17 9
17 18 14
14 16 17
9 12 6
21 23 19
10 12 1
10 12 3
20 22 13
12 12 1
8 10 17
14 16 7
12 14 19
16 19 6
11 13 13
21 0 8
4 5 12
19 22 2
17 18 4
12 13 20
2 2 5
14 17 15
15 18 3
22 1 7
2 4 1
20 22 18
15 18 18
18 20 14
11 12 8
16 18 13
12 14 8
5 6 7
14 15 12
5 7 10
2 4 14
8 8 4
10 14 7
9 12 4
1 3 9
16 18 10
14 17 11
11 12 3
18 20 3
16 16 18
7 9 16
16 17 12
19 22 19
20 23 18
11 12 11
23 2 13
4 8 3
13 14 12
5 6 6
18 19 2
14 16 3
10 11 8
11 14 17
18 21 12
3 5 13
11 14 3
6 7 14
11 15 5
8 10 7
21 21 1
10 12 3
13 14 3
16 17 2
6 9 14
14 16 4
17 20 7
9 10 11
1 5 16
12 13 2
19 21 12
13 15 13
19 22 11
2 4 6
12 13 18
12 14 3
18 20 15
13 15 1
0 3 4
16 17 6
7 10 18
20 21 7
14 16 1
2 5 19
17 19 11
2 2 15
8 12 12
8 11 18
6 9 12
8 11 12
1 1 2
1 3 2
13 14 6
1 3 4
2 4 18
10 13 9
13 15 8
17 19 17
20 23 11
17 17 15
6 9 4
20 21 17
20 23 12
11 13 17
17 20 2
11 12 15
7 8 18
15 19 7
16 19 9
22 2 3
21 21 11
0 2 6
8 10 3
14 15 12
18 20 14
19 19 14
18 21 20
1 3 14
2 4 6
21 0 8
23 1 20
7 9 14
11 13 17
8 9 14
7 11 20
21 23 15
1 4 10
14 17 15
12 13 15
4 7 8
13 17 16
12 15 6
17 18 12
13 15 4
8 10 18
6 10 5
11 13 11
15 18 13
2 5 2
17 18 3
21 21 11
0 2 9
3 4 12
1 3 19
20 22 3
15 17 16
16 17 19
12 13 14
23 1 14
13 15 12
23 2 8
9 13 11
0 3 12
20 22 18
11 13 2
1 3 19
3 5 1
8 10 6
3 6 11
6 7 19
11 15 8
1 2 20
22 23 13
11 13 18
23 22 1
21 0 4
18 21 5
17 19 8
8 9 19
23 23 3
21 22 8
16 16 3
0 2 14
11 13 9
20 22 8
10 11 13
8 9 3
3 6 4
14 16 12
5 7 13
16 18 6
10 13 13
15 18 2
2 5 16
23 0 12
20 0 4
1 3 6
9 12 8
2 5 4
16 16 5
1 5 10
4 6 1
9 12 17
1 4 1
20 22 4
6 7 11
5 7 2
18 20 12
20 21 11
16 18 15
23 4 6
2 3 16
2 3 20
23 2 18
22 23 9
1 3 4
1 1 16
14 15 7
14 15 1
22 0 8
16 19 8
7 9 8
7 9 4
2 4 11
12 15 6
14 16 3
16 19 16
10 12 1
3 5 8
10 11 9
2 3 15
14 17 19
8 10 7
9 11 6
3 5 17
23 0 12
20 22 14
16 18 20
18 19 9
0 1 16
14 14 1
21 22 8
9 12 19
5 8 16
19 22 10
20 21 12
18 21 19
12 14 17
21 23 1
3 6 14
8 10 9
19 23 13
5 6 6
14 14 17
