650 20
1 12 4 7 16 10 16 10 6 9 16 7 5 17 20 10 10 3 17 4 
11 12 15
12 13 14
6 8 17
11 13 15
0 2 14
7 10 7
8 9 1
12 14 18
5 6 2
7 10 15
3 3 14
19 21 5
22 1 19
21 0 11
11 15 10
7 10 14
22 23 18
4 6 9
23 1 14
20 0 10
15 19 14
7 11 4
4 7 17
21 23 6
9 11 8
5 6 12
18 21 20
13 17 3
6 8 9
22 0 5
23 1 4
16 17 19
4 5 18
13 17 5
13 16 19
2 4 6
21 23 19
6 7 2
18 22 15
8 9 14
12 14 18
22 2 15
9 9 7
22 0 11
15 15 11
16 18 1
10 12 8
1 2 14
6 9 16
10 12 2
10 9 11
10 12 6
9 12 17
23 23 13
2 5 13
12 17 9
14 15 8
16 19 14
5 8 17
9 12 5
1 2 8
21 23 3
18 20 15
15 18 1
20 20 10
9 12 19
10 12 19
12 13 2
22 1 10
23 0 20
20 21 18
18 21 19
8 9 13
1 3 10
9 8 9
9 12 19
16 19 4
6 8 2
7 9 10
1 3 8
3 4 1
22 0 7
7 9 18
20 0 13
5 7 6
0 3 13
23 1 2
10 13 11
0 2 19
3 4 7
6 7 2
16 19 16
9 13 4
13 14 1
10 12 7
5 7 10
22 1 20
11 12 10
13 14 14
9 11 2
8 11 9
7 8 13
6 7 4
21 0 20
12 16 8
1 4 1
14 17 14
19 21 9
9 11 14
7 10 1
20 23 8
21 23 7
0 3 12
21 23 19
8 10 5
8 12 17
22 1 15
8 9 7
8 10 20
21 22 3
18 21 4
16 17 7
16 18 6
17 18 8
10 11 4
1 3 14
23 2 3
4 6 9
8 11 1
3 4 7
9 11 17
0 2 20
18 20 3
21 23 3
22 0 17
12 13 14
6 5 6
21 0 7
4 5 14
3 5 3
1 3 9
12 14 13
13 16 13
22 0 14
4 6 7
15 15 11
6 8 1
3 4 10
11 13 1
21 23 12
2 2 16
8 9 8
11 11 20
10 12 16
20 22 13
0 2 8
4 5 7
20 23 13
5 7 5
4 6 18
3 5 11
18 20 5
17 19 4
15 16 3
18 19 12
15 16 19
20 21 1
22 21 3
13 15 14
5 7 10
17 20 3
2 6 6
15 17 19
5 7 3
2 2 4
8 10 5
1 6 15
15 18 9
13 15 2
1 4 3
13 15 7
22 0 20
14 16 19
21 1 19
6 9 12
21 23 11
4 7 4
4 6 8
7 8 11
15 16 14
20 22 11
17 19 1
13 15 20
13 16 2
18 21 2
4 5 20
6 9 10
14 14 3
17 19 1
17 20 4
0 3 7
8 10 18
9 14 6
9 11 20
7 9 20
4 6 14
8 10 13
16 18 20
4 7 13
6 8 18
9 10 6
23 0 11
0 1 17
1 5 15
12 14 17
17 20 9
23 0 13
0 0 18
21 23 11
17 18 4
6 7 3
18 19 8
20 22 4
1 2 14
2 4 8
12 14 18
2 2 6
2 5 19
3 5 3
13 14 14
2 4 17
23 2 15
20 21 11
13 17 3
14 15 5
14 17 20
2 5 14
1 5 17
20 22 1
3 3 10
11 12 11
4 7 8
20 23 16
8 10 17
19 20 10
9 10 2
12 13 8
5 10 16
10 10 20
16 19 5
2 3 5
6 8 1
4 6 2
7 10 7
6 7 20
7 10 3
16 18 17
19 21 18
11 14 8
1 3 2
3 5 6
18 21 16
12 14 15
14 16 11
20 22 18
14 16 15
5 8 10
15 18 19
11 12 16
1 3 12
16 19 6
5 6 4
18 20 10
16 18 6
10 12 16
4 5 4
23 3 16
17 18 4
6 6 18
17 20 3
16 19 2
11 14 15
18 20 17
11 11 13
13 16 4
6 7 9
19 23 1
13 15 14
2 4 19
8 10 12
22 1 18
2 6 18
23 1 13
1 4 13
0 2 5
16 17 14
16 19 16
6 7 13
19 21 3
11 12 1
17 20 5
3 6 7
2 4 9
10 14 10
0 3 16
23 3 11
2 6 12
16 17 6
21 22 3
17 19 6
6 7 10
20 22 16
5 6 16
16 19 3
18 19 12
7 10 12
17 19 19
16 17 9
5 8 17
18 20 4
10 11 5
7 9 1
5 8 20
17 19 7
19 20 1
5 8 4
4 5 14
20 22 14
23 1 7
10 11 15
11 13 17
12 14 14
3 6 12
2 3 11
18 20 14
7 8 19
17 18 15
23 1 1
5 8 7
0 1 20
8 9 19
14 17 5
8 10 3
1 4 6
17 20 10
22 0 13
1 4 14
15 16 18
10 14 4
15 17 19
14 16 18
3 5 9
4 7 10
17 20 11
16 16 3
17 19 16
11 13 16
6 8 11
20 22 3
16 16 15
21 23 11
9 11 13
1 5 1
18 18 1
4 6 19
21 22 20
1 3 9
18 22 8
15 17 2
3 5 8
5 7 16
23 0 9
2 3 20
0 2 11
1 3 11
1 3 4
4 4 18
15 18 4
9 12 1
14 16 14
18 20 2
18 21 20
6 6 9
9 12 4
4 6 17
14 17 15
7 8 12
13 17 7
8 11 3
8 10 12
12 13 6
17 19 19
14 17 17
17 19 3
15 17 8
0 1 4
8 10 8
21 23 14
2 3 18
7 8 11
23 3 6
13 16 5
10 12 20
22 0 9
15 16 12
7 9 3
21 23 2
16 18 12
7 10 1
3 5 6
21 22 8
8 10 13
17 19 3
13 15 11
5 7 4
14 15 2
6 7 10
10 12 10
23 2 20
21 23 11
12 15 7
0 2 19
7 10 6
1 1 5
17 20 12
2 3 1
17 19 13
3 4 4
8 10 1
7 7 11
1 3 14
19 21 14
12 14 4
17 18 12
22 0 15
4 5 13
20 20 10
16 18 14
10 12 13
8 10 12
18 21 6
15 17 9
8 10 12
14 17 8
4 4 20
1 4 17
15 17 2
23 2 7
7 8 1
7 8 13
1 3 10
2 3 1
14 16 8
0 4 8
10 12 3
1 4 4
15 19 7
5 6 7
14 16 5
4 6 18
15 17 10
18 20 7
23 0 16
11 13 15
4 7 16
11 13 10
18 21 8
7 8 10
15 18 5
9 12 15
18 20 4
11 14 17
20 21 15
6 9 4
20 20 3
1 3 13
15 16 14
14 14 12
5 7 17
0 2 8
23 1 19
18 22 19
18 19 15
17 20 12
16 17 3
11 13 12
6 7 14
9 10 2
2 4 7
7 9 15
22 23 20
12 14 12
5 6 1
19 21 5
0 4 15
8 9 9
0 1 15
19 18 16
21 23 17
11 12 5
14 15 1
13 16 8
11 14 5
1 3 7
2 5 4
6 7 18
4 5 15
21 23 7
21 23 2
14 16 16
3 6 14
11 12 4
5 7 6
21 23 19
16 19 9
15 16 18
11 13 7
14 15 19
21 0 3
23 0 16
6 9 10
7 8 18
19 20 14
23 1 8
17 19 16
15 15 4
11 12 1
0 3 20
23 1 19
23 1 11
13 16 2
16 18 9
21 23 14
17 20 3
18 19 1
4 7 3
20 21 1
9 12 8
13 17 17
2 3 7
17 20 12
7 10 4
22 22 18
17 17 16
23 0 18
4 5 16
1 4 8
10 12 20
19 23 14
18 19 14
21 23 11
4 6 1
6 6 8
2 4 14
9 11 5
1 3 8
17 20 11
17 18 11
16 18 8
23 0 1
16 18 6
11 14 11
22 23 15
7 9 11
15 17 3
12 13 13
0 3 6
0 1 12
0 1 4
7 9 10
2 4 16
5 8 5
18 21 3
4 6 16
22 23 13
7 9 17
7 10 16
23 0 17
19 21 17
5 6 11
10 11 4
0 3 4
20 20 8
21 21 11
5 8 11
0 2 6
13 13 8
10 11 11
15 17 1
13 16 20
20 21 16
13 15 6
23 1 1
1 4 12
20 22 1
10 13 7
13 13 15
19 21 5
11 12 9
17 21 2
9 12 13
19 22 3
1 3 14
12 14 17
4 7 10
17 19 17
19 21 8
20 20 14
19 20 15
2 5 15
11 12 4
6 7 13
15 18 3
20 22 10
8 9 12
7 9 12
12 14 17
3 6 10
12 16 3
22 22 10
22 23 18
10 13 13
10 13 20
16 19 14
14 16 16
11 14 17
16 19 11
22 23 3
8 9 1
21 0 13
17 18 9
15 18 13
2 3 14
8 11 3
7 10 9
12 14 11
11 12 3
9 10 13
18 21 3
5 8 2
9 10 9
10 12 12
18 21 18
15 18 19
12 15 2
9 12 11
16 16 11
10 12 20
22 23 18
8 9 19
