660 20
7 11 5 9 18 10 5 14 2 4 10 18 1 20 9 4 6 3 13 8 
6 7 10
12 13 10
1 4 4
2 5 14
0 2 1
19 22 14
18 21 18
18 19 10
6 8 4
22 23 8
10 12 15
11 12 18
13 13 10
10 13 2
12 14 12
4 7 6
0 2 13
2 4 17
16 15 2
23 1 5
23 2 11
9 13 13
13 14 15
6 7 12
2 5 2
13 17 9
16 18 2
6 10 12
4 7 15
8 10 18
18 19 6
16 20 20
17 17 1
23 1 7
5 7 20
18 22 9
14 17 1
2 3 3
11 14 9
22 0 4
12 14 12
14 16 20
13 15 3
20 23 18
6 10 9
1 2 6
1 4 12
3 6 13
9 10 20
14 16 9
16 18 20
8 12 14
9 10 1
20 22 20
0 3 8
7 8 17
23 2 3
15 16 20
17 17 11
15 17 10
13 14 6
1 4 10
12 13 5
5 6 1
14 16 13
14 16 6
13 15 19
6 6 19
3 5 13
13 14 11
2 6 15
11 12 4
15 17 12
17 17 2
9 12 19
22 1 6
23 0 7
23 23 11
16 17 9
4 6 7
0 1 5
8 10 9
0 3 13
2 3 2
12 15 17
5 8 3
7 8 20
21 1 17
9 11 11
15 16 6
2 3 6
12 14 12
22 1 20
10 11 16
16 15 14
19 21 10
2 6 8
18 19 17
6 9 1
11 16 1
11 13 3
5 7 8
6 8 4
21 0 12
7 12 6
18 21 1
14 16 4
17 19 15
22 0 16
3 7 4
6 7 6
11 16 19
4 4 17
8 10 9
11 14 5
19 20 10
15 17 8
21 22 11
6 5 5
10 12 18
5 6 3
19 22 6
3 5 17
19 19 19
6 9 9
11 12 11
11 13 12
6 8 3
0 1 20
9 13 17
0 1 18
22 23 15
8 11 17
0 1 19
23 2 12
13 16 19
18 20 9
6 7 7
3 4 7
16 19 19
20 21 5
17 20 12
1 2 19
1 2 2
14 14 2
14 16 6
6 8 9
14 17 11
3 5 15
4 5 20
14 16 9
19 22 5
13 14 18
20 20 16
11 13 1
21 22 12
18 19 14
12 15 16
0 3 7
10 13 8
1 5 8
23 0 2
16 18 2
11 12 2
8 9 17
15 18 6
23 2 8
15 15 3
21 0 12
16 19 20
12 13 3
6 9 6
8 11 15
23 1 10
23 0 17
14 17 6
5 7 7
18 21 9
3 4 12
14 18 9
14 15 12
2 4 20
10 12 13
0 1 2
13 15 4
0 3 8
15 17 18
22 0 13
11 13 9
0 3 19
4 7 7
8 12 5
0 3 9
10 11 11
9 10 14
8 13 14
12 13 1
14 13 7
15 16 16
2 3 9
6 10 14
21 1 20
1 4 3
8 9 5
14 15 8
21 23 18
1 3 18
10 13 13
2 5 1
10 11 6
5 5 8
18 20 20
3 6 16
7 10 6
1 1 8
13 15 9
14 18 8
15 16 16
6 8 16
16 18 20
1 2 6
21 23 13
20 23 4
17 19 11
3 7 5
4 4 17
4 7 15
0 2 9
7 10 13
5 7 8
7 9 19
1 4 19
8 9 4
21 0 7
22 0 8
2 3 4
19 21 15
16 19 20
2 4 20
1 4 12
13 14 7
19 22 14
2 4 18
1 4 18
23 3 7
14 15 15
9 14 7
1 4 11
5 8 11
18 21 19
10 13 13
13 15 8
5 7 12
2 4 10
20 21 12
18 21 9
22 1 1
13 15 9
21 23 8
12 14 20
19 22 20
23 23 10
10 11 20
1 3 13
16 20 20
12 13 3
19 21 11
21 22 5
5 6 15
3 4 8
2 4 20
20 21 1
1 3 10
14 15 17
15 16 15
11 12 1
14 15 9
18 20 2
20 22 18
10 12 2
9 12 12
15 17 10
16 17 18
6 8 4
19 20 7
11 14 6
8 10 3
9 10 9
7 9 12
13 15 5
0 2 20
18 19 14
16 17 20
13 14 4
6 8 8
2 6 3
2 5 3
22 1 2
13 15 17
7 7 12
7 10 1
4 7 3
6 9 13
12 13 3
20 21 7
6 7 2
19 21 11
16 19 20
10 12 20
3 5 3
18 21 17
13 15 9
17 18 4
11 14 3
0 1 10
8 10 11
5 7 2
6 7 7
2 2 12
4 7 5
15 17 20
4 5 15
21 23 15
1 2 11
5 8 7
9 10 1
22 23 15
17 18 20
19 20 13
10 13 20
15 16 15
2 4 13
19 20 16
13 15 1
9 12 13
13 15 10
12 13 7
20 22 9
18 20 6
22 1 16
8 10 12
14 15 6
14 16 11
12 13 8
0 3 15
5 5 12
14 16 9
13 14 2
9 11 13
11 12 14
5 7 11
16 18 1
18 21 19
14 15 15
11 14 18
15 18 10
2 3 8
3 4 2
20 22 6
3 7 19
6 7 1
2 5 6
1 2 10
17 20 5
8 10 11
0 1 20
14 16 6
1 4 12
18 20 18
0 3 16
14 17 12
13 15 8
19 21 13
21 1 8
16 18 4
1 1 18
22 22 7
23 1 17
12 14 20
2 4 13
9 12 12
7 8 3
14 17 5
8 11 18
18 22 6
12 13 4
18 21 9
20 23 11
7 9 16
10 11 5
2 5 9
19 23 20
15 17 7
14 15 18
11 12 7
10 14 15
15 15 15
2 4 12
9 11 8
17 18 20
0 3 5
23 1 13
14 15 12
12 12 12
23 1 14
21 0 6
16 18 10
18 19 19
0 2 1
3 5 10
17 19 16
3 6 4
6 8 1
12 13 19
0 1 1
16 19 20
6 8 19
0 2 15
6 9 6
4 6 19
10 12 1
15 16 15
4 5 17
6 9 9
0 1 20
14 16 4
19 23 8
4 6 17
13 14 18
15 18 15
11 15 5
7 9 17
12 14 4
14 15 16
4 7 3
7 7 4
2 4 11
17 17 3
22 0 15
10 11 16
1 1 8
15 18 10
14 16 17
11 12 11
6 9 8
6 9 18
23 1 15
11 13 19
11 14 14
22 0 20
14 16 6
17 17 3
1 3 13
14 16 15
9 10 18
8 9 17
19 19 18
13 15 10
4 5 20
10 12 9
15 19 8
11 14 18
5 7 1
22 22 19
22 0 10
11 12 19
10 14 6
1 3 17
13 17 17
16 18 16
14 17 6
9 9 13
6 9 11
12 14 15
22 1 5
18 20 4
0 1 16
5 7 19
10 10 5
12 15 7
1 3 13
6 8 14
17 18 19
1 2 9
22 1 2
6 9 19
13 14 10
4 5 8
21 22 11
20 22 5
4 7 4
10 12 17
0 2 20
21 0 3
12 13 3
12 14 17
21 23 2
12 14 8
11 14 5
4 7 9
10 12 13
0 2 14
17 18 13
19 21 5
2 6 15
17 20 3
14 15 11
6 8 15
12 15 10
0 4 13
20 22 17
21 23 12
11 12 5
9 10 6
10 12 11
19 21 5
2 6 18
10 13 13
5 8 6
0 1 4
20 21 12
4 5 6
13 15 1
15 18 19
20 20 17
14 15 1
22 1 3
6 7 16
8 10 13
7 9 8
20 23 5
11 13 11
13 16 13
12 14 12
12 13 14
12 12 13
23 1 2
13 15 20
7 8 20
1 3 5
18 19 11
0 1 17
4 6 1
19 22 10
22 1 10
14 16 9
15 17 8
0 2 16
11 13 7
20 22 3
7 9 3
0 3 12
3 6 18
10 10 13
20 22 10
20 21 7
4 6 6
20 22 12
16 19 11
15 17 13
6 9 20
14 16 8
8 11 14
8 11 18
1 3 3
2 5 8
20 21 9
1 1 15
9 11 11
13 15 9
0 2 11
5 6 20
16 17 11
23 0 9
3 7 15
16 19 10
7 10 19
20 0 1
4 7 17
21 23 2
23 3 14
9 9 10
5 7 4
0 0 9
2 5 19
23 3 6
16 18 8
17 19 6
22 0 19
16 19 17
19 21 13
16 19 15
18 20 16
3 3 20
15 18 17
23 1 18
2 5 7
14 16 17
11 15 4
1 3 9
18 19 16
11 13 18
13 16 1
7 10 2
9 10 9
21 23 6
16 18 5
12 15 7
3 5 2
23 0 9
9 10 13
7 8 17
12 15 5
12 14 18
3 7 9
10 11 5
2 3 4
5 8 12
5 8 3
3 5 2
16 20 12
3 5 19
13 15 18
23 1 15
6 8 2
16 19 19
21 0 11
3 4 20
12 14 16
3 4 2
19 20 20
11 14 15
5 5 9
20 23 20
20 22 8
22 0 16
1 4 8
22 0 4
16 17 8
11 14 10
17 17 20
3 5 19
15 19 7
20 22 9
6 8 16
15 16 7
6 9 11
17 20 4
11 12 19
5 8 16
3 6 7
8 10 1
2 3 4
8 10 3
22 22 6
0 4 9
2 4 9
4 6 18
17 18 5
12 12 13
