680 20
12 17 8 4 16 3 6 10 16 1 15 5 15 12 6 16 14 12 18 12 
18 21 14
14 15 14
21 0 9
0 5 2
23 2 7
18 20 15
16 17 5
2 3 17
0 3 11
8 10 16
6 9 17
14 16 18
3 6 20
9 12 6
21 1 15
16 19 7
0 1 18
21 0 6
0 2 10
4 4 13
10 11 8
14 16 10
8 11 3
3 2 6
7 10 13
0 2 17
3 6 20
11 13 8
7 8 12
23 0 16
9 11 7
19 22 1
10 13 4
10 11 6
1 4 3
3 4 9
4 6 9
21 0 12
15 15 10
12 14 3
15 17 3
19 20 7
16 19 5
22 23 7
2 3 8
17 20 2
9 10 19
13 14 9
23 1 9
5 6 3
5 7 5
12 13 9
19 20 13
20 22 15
2 5 11
19 22 4
4 6 4
7 9 1
10 11 1
14 17 5
17 19 10
15 17 16
12 14 10
21 23 4
20 22 20
22 23 16
7 9 4
2 4 3
10 13 14
19 21 11
18 21 11
17 20 4
18 21 8
12 14 15
14 14 18
10 13 3
12 13 19
18 20 18
10 10 16
1 3 5
21 23 3
7 9 12
11 13 7
3 6 11
14 15 8
20 22 5
18 20 3
23 1 2
8 9 7
11 14 5
15 18 5
7 8 15
11 15 20
8 9 17
1 5 2
18 20 10
19 21 2
21 0 20
14 14 16
23 0 3
7 8 1
18 19 15
12 13 16
19 21 16
3 4 16
15 16 16
4 6 13
12 14 20
11 12 5
7 10 17
18 20 18
14 15 1
10 12 3
12 12 1
4 5 15
13 16 13
22 23 1
22 23 17
5 5 5
5 7 18
15 19 4
12 15 3
3 6 20
5 8 7
23 1 1
19 21 2
10 13 3
3 3 11
2 4 10
8 11 5
23 1 12
12 12 13
20 23 17
16 19 14
2 3 11
11 13 11
14 17 3
21 23 13
10 11 10
4 6 5
13 16 13
6 7 17
12 14 11
19 20 9
3 4 17
1 3 18
20 0 15
8 9 4
15 16 5
4 5 14
11 13 8
16 19 4
2 5 13
12 13 18
13 15 18
13 14 8
7 10 4
12 15 4
2 4 8
16 19 12
23 2 6
22 0 17
16 19 13
12 14 10
2 4 6
14 17 4
19 19 10
3 6 19
4 6 1
15 18 6
19 20 6
1 3 5
9 12 16
6 8 15
0 1 11
2 4 17
9 9 12
9 11 6
0 1 14
23 3 20
7 10 10
18 21 14
12 13 20
4 6 15
4 5 8
12 12 5
6 10 3
5 6 4
18 20 4
8 8 18
23 1 17
7 7 1
6 9 19
5 7 20
3 6 12
9 11 18
22 0 3
8 12 17
3 2 8
12 15 11
9 12 7
10 11 16
2 5 13
14 17 5
1 2 4
3 6 14
14 16 9
22 1 20
21 22 13
12 16 14
17 18 12
6 9 16
5 7 13
23 1 2
19 21 3
4 6 12
22 23 10
22 23 6
15 17 18
19 21 12
9 11 16
15 17 6
11 14 1
22 1 8
17 19 9
5 6 16
0 1 11
15 17 5
12 16 9
23 1 3
9 11 19
5 6 14
8 11 1
21 0 13
3 4 2
4 7 19
1 2 18
19 23 20
13 14 10
14 17 17
0 3 6
5 6 11
6 8 11
7 9 17
13 16 19
22 1 5
14 15 13
8 10 12
5 9 8
17 20 19
11 15 8
8 10 2
6 8 5
1 2 20
10 13 16
7 9 3
21 22 11
5 8 17
12 14 10
3 3 16
6 7 9
8 10 6
18 20 2
9 11 16
3 2 10
2 4 16
12 14 2
14 17 6
17 19 11
10 15 14
23 2 19
6 9 19
3 5 15
14 15 19
7 8 16
11 13 7
17 19 12
15 18 6
4 8 9
13 15 8
4 6 16
23 0 13
11 14 3
6 8 8
11 11 8
21 22 4
11 13 20
22 1 13
18 19 4
18 18 13
22 1 20
7 9 16
1 3 10
4 6 3
15 18 19
7 9 20
4 3 15
9 11 1
7 9 3
19 20 12
23 1 16
0 1 20
18 19 9
20 22 1
12 13 9
23 23 11
17 18 7
15 17 20
2 4 10
1 2 20
22 1 16
20 22 9
9 10 17
17 17 18
18 18 18
21 23 12
2 4 14
16 19 3
17 18 12
19 20 8
8 11 13
10 11 14
13 15 13
7 11 1
7 8 13
7 9 14
20 23 2
11 12 15
11 12 19
15 17 16
2 3 16
0 1 12
11 13 6
19 0 15
8 9 2
15 19 11
17 20 12
9 12 10
4 6 18
5 8 9
19 19 1
21 22 3
18 19 2
18 21 15
9 11 8
13 14 15
15 15 10
3 6 5
3 7 18
7 8 5
0 2 4
15 16 20
15 17 18
10 12 17
4 6 10
19 21 5
14 17 1
19 20 5
19 21 1
3 5 20
19 22 19
2 2 4
11 12 10
8 9 19
3 6 20
9 12 14
3 5 18
18 20 8
11 13 5
14 16 20
12 14 4
19 21 15
8 10 5
9 11 11
7 9 20
2 3 1
20 22 12
15 18 17
15 17 9
9 11 1
14 16 16
9 10 18
0 4 4
3 5 5
9 10 2
0 2 9
15 18 3
9 11 17
11 12 3
21 23 6
23 1 16
2 4 2
0 3 1
6 7 4
20 21 4
12 15 4
2 4 3
10 12 7
8 10 17
16 20 7
5 8 18
13 17 10
21 23 18
12 15 13
18 21 1
12 15 8
15 17 8
18 21 2
15 17 13
21 22 15
10 11 16
15 18 20
1 4 14
0 4 3
7 9 17
12 15 3
12 16 11
1 5 20
18 18 10
0 2 13
16 17 20
2 3 7
1 1 19
14 15 10
2 4 1
18 19 19
14 16 7
5 9 6
19 21 9
13 17 17
10 11 6
4 5 20
6 8 9
4 8 16
4 5 5
20 22 4
2 4 12
11 14 19
1 5 5
20 23 20
9 11 13
12 14 12
0 0 11
13 15 14
10 11 3
17 20 13
8 11 14
14 16 1
17 20 11
7 8 10
18 20 1
23 2 2
13 15 13
21 1 5
8 11 2
8 9 7
6 8 5
2 5 14
17 21 12
17 18 3
1 3 19
6 8 2
5 7 20
6 7 15
4 6 2
20 23 13
5 6 13
15 17 19
18 20 14
21 23 19
21 23 7
6 7 17
19 21 3
6 9 7
13 15 3
23 2 9
10 12 7
10 12 19
6 9 13
18 18 1
3 5 4
17 20 20
22 0 9
20 22 10
23 3 2
8 11 20
12 15 8
10 11 14
15 16 13
20 22 11
11 13 19
2 4 14
13 13 19
10 12 4
16 18 2
1 3 8
21 21 6
5 8 9
17 20 10
20 22 18
4 5 12
4 5 12
3 6 20
20 1 18
6 10 19
20 23 9
3 6 13
8 9 1
10 11 9
0 0 15
4 6 9
10 14 5
11 12 15
5 8 11
7 11 9
9 11 5
15 18 9
16 19 15
4 5 10
20 22 20
5 7 13
13 15 20
11 13 1
4 6 4
5 6 10
6 8 9
19 20 2
9 12 18
17 20 19
20 22 3
15 18 3
4 4 17
1 4 20
15 18 15
1 3 16
13 18 8
5 6 18
23 0 2
14 16 2
21 22 6
9 10 3
9 12 18
18 19 16
10 12 20
23 0 18
20 22 12
12 13 14
23 1 3
11 10 18
9 11 11
23 1 9
14 16 4
17 20 8
19 23 6
10 11 4
18 20 14
0 2 15
9 13 15
12 13 4
5 7 20
11 13 18
7 8 10
10 12 3
9 11 9
12 13 2
2 6 16
3 6 4
18 18 9
5 8 8
1 4 18
3 5 10
18 18 13
21 22 16
22 0 4
22 0 19
5 6 8
20 0 8
11 12 1
11 12 7
16 18 4
18 19 7
15 15 6
0 0 12
18 21 8
15 19 10
12 15 17
12 14 10
4 5 10
2 4 16
1 3 1
2 6 17
4 6 14
21 23 15
14 16 15
10 11 5
13 16 8
4 6 20
1 3 17
14 15 3
22 1 16
1 3 14
4 6 4
22 1 14
21 0 5
10 13 6
5 6 14
11 11 4
9 11 12
15 18 5
2 3 1
21 23 16
19 21 4
4 8 13
18 19 7
21 22 3
16 18 6
17 17 6
16 19 4
12 14 5
22 23 14
11 14 4
19 21 18
13 15 6
14 15 12
2 4 3
5 6 7
12 14 7
0 2 6
4 7 5
10 12 18
14 17 3
3 6 13
11 12 18
0 3 19
9 10 15
20 22 20
22 23 16
8 9 1
17 19 12
18 20 14
13 16 7
22 23 6
23 0 1
17 20 3
16 18 19
21 21 9
10 12 10
1 4 3
16 15 18
9 12 9
23 1 7
2 4 9
2 4 9
19 22 19
2 5 1
10 11 10
11 13 9
12 14 19
21 22 17
17 19 1
15 17 3
3 6 13
9 12 14
14 15 13
17 17 7
19 21 13
10 11 18
21 22 14
2 4 18
16 19 6
14 16 6
11 13 7
22 22 3
14 16 8
6 8 6
3 4 16
12 14 13
13 17 5
20 21 13
2 4 10
