80 20
11 6 15 12 2 7 15 18 6 1 4 17 13 19 12 12 11 14 6 13 
20 23 14
1 4 7
4 7 11
13 13 2
11 11 10
23 23 16
14 16 4
18 20 10
20 23 8
18 21 19
8 10 16
22 0 12
18 21 13
6 8 2
16 18 10
21 1 9
8 8 2
20 22 13
15 18 16
8 10 9
0 2 9
12 13 8
2 4 13
17 20 1
6 8 20
20 0 11
6 7 14
16 18 8
15 16 17
3 5 12
18 21 3
18 21 4
0 2 11
5 9 14
11 12 2
3 6 15
23 0 6
5 5 7
6 8 8
18 21 9
16 17 10
17 20 5
9 12 3
16 19 8
7 9 16
19 21 4
17 20 17
11 13 2
22 0 16
7 9 12
13 14 3
23 1 13
0 3 4
4 6 11
19 22 5
13 13 14
23 1 18
18 19 11
9 11 11
20 0 2
5 6 18
11 14 14
7 9 10
7 8 5
14 16 10
3 6 10
21 22 9
17 19 7
11 13 4
10 14 7
8 9 14
12 15 15
1 3 8
6 8 14
4 6 1
18 21 6
11 14 11
14 16 1
10 13 8
22 0 19
