840 20
5 11 5 20 19 7 19 2 12 14 13 14 17 16 19 12 20 7 16 12 
0 3 7
0 1 1
3 5 18
19 21 1
7 8 5
22 0 12
11 13 2
5 8 19
4 7 14
13 15 1
6 6 11
9 11 11
21 0 17
13 16 12
11 12 9
11 13 13
12 13 18
5 8 12
5 6 11
21 0 16
19 22 10
14 15 5
6 8 2
1 5 14
22 22 15
4 6 17
8 9 9
1 2 10
2 4 16
1 3 19
7 8 15
8 9 13
11 12 9
14 16 8
14 18 14
1 4 17
17 20 2
22 23 11
20 23 2
5 7 8
21 0 7
17 19 14
9 12 15
1 0 20
18 20 12
11 12 18
5 6 19
11 14 14
22 1 5
17 20 11
9 10 15
4 7 15
16 18 6
21 23 8
14 16 14
15 18 14
0 1 9
2 4 8
15 16 7
17 18 12
12 15 14
20 23 4
10 11 13
4 8 19
22 1 19
15 17 6
11 14 4
19 20 14
5 5 9
23 1 4
13 14 14
12 15 2
20 22 13
8 10 19
20 22 15
11 13 13
1 3 18
21 0 4
12 15 1
4 6 5
0 3 17
14 17 12
19 21 15
9 11 12
19 21 5
8 10 11
20 22 10
10 11 16
20 21 3
19 21 12
22 23 10
4 6 10
11 12 12
7 9 6
20 22 5
17 17 10
9 12 10
9 12 17
19 20 6
0 3 11
11 14 6
22 0 12
16 17 3
9 12 18
2 4 1
4 7 8
13 15 10
3 3 20
6 9 18
13 15 17
19 21 9
9 11 11
19 23 7
3 5 12
8 11 20
8 10 16
16 19 13
1 3 19
13 13 4
3 5 2
2 3 4
8 8 5
12 14 20
3 5 9
10 11 14
22 0 14
5 7 19
4 5 18
2 4 13
1 4 19
8 11 15
6 8 14
12 15 4
19 21 15
4 7 4
12 13 5
1 1 8
15 18 9
0 2 5
18 17 16
15 17 7
1 2 1
6 10 12
19 22 20
12 13 11
15 18 10
22 1 10
11 12 17
16 19 9
5 7 20
0 3 17
3 4 4
18 18 3
2 3 18
3 5 18
19 20 14
13 15 3
22 1 8
11 12 20
20 21 20
22 0 2
3 5 9
2 4 10
5 6 16
14 16 7
23 0 1
4 8 18
11 12 11
4 6 18
20 21 19
17 19 17
10 14 11
20 22 14
3 5 7
3 5 20
2 5 1
5 6 4
4 7 6
5 6 19
4 6 19
21 22 1
7 9 3
15 16 13
13 16 13
11 13 15
9 10 7
10 11 8
15 18 20
0 3 13
15 16 5
8 12 20
21 22 9
23 2 9
17 19 7
18 19 7
10 11 13
7 6 17
9 11 19
17 19 1
17 17 12
10 13 6
20 22 15
21 0 3
12 13 3
20 21 8
6 8 12
21 1 8
23 1 12
11 13 14
16 18 19
15 16 4
1 2 18
7 9 18
18 21 15
8 11 4
5 6 16
8 12 5
8 10 18
22 23 12
8 11 5
6 9 12
21 0 10
19 21 5
9 10 5
5 8 14
21 23 14
11 13 13
15 16 3
13 14 10
8 9 4
18 20 8
11 14 18
17 18 13
11 14 18
15 19 7
11 11 7
1 4 20
1 6 16
21 22 6
13 15 10
15 18 8
11 14 12
9 11 17
7 12 8
6 8 1
5 7 16
18 21 20
1 4 4
7 10 7
22 1 11
4 7 12
1 3 6
8 10 19
15 17 18
4 5 7
9 11 17
6 7 2
2 5 5
17 18 15
7 9 19
13 15 20
5 6 18
9 10 8
18 21 14
20 0 3
11 13 2
10 13 13
1 4 2
2 4 9
18 20 10
2 3 5
4 4 14
21 0 7
6 9 14
7 9 2
16 20 15
18 19 8
21 22 3
11 11 5
3 5 12
12 13 15
12 13 20
4 6 7
5 7 3
23 3 3
23 2 6
16 17 8
6 7 20
1 5 19
3 5 16
9 11 5
18 21 8
9 10 10
19 21 4
20 21 12
19 23 18
17 20 4
5 7 17
9 11 8
16 17 13
3 5 13
1 3 3
20 22 14
19 22 18
12 13 2
10 13 20
12 14 2
5 7 17
14 14 11
19 21 8
12 14 16
23 1 7
22 2 12
12 15 4
16 17 4
0 3 2
15 18 2
2 6 18
8 11 3
9 11 9
15 18 7
9 12 19
23 0 5
12 15 14
5 5 10
0 0 7
23 0 6
13 17 1
4 5 4
14 17 8
3 4 20
23 2 8
15 16 2
16 17 10
12 17 18
10 13 14
21 1 16
2 3 1
0 2 15
4 6 1
3 4 9
22 0 5
19 23 8
22 1 18
12 12 13
21 22 19
19 21 6
18 19 5
18 19 17
2 5 8
7 9 2
12 14 16
12 14 16
5 7 10
6 9 15
22 0 3
14 17 5
15 17 2
19 21 13
10 11 17
11 13 1
9 11 10
14 18 20
7 9 11
13 12 13
8 11 13
17 19 11
23 3 5
16 18 13
23 1 6
6 7 3
18 18 12
12 15 6
13 15 18
7 10 12
14 15 19
4 6 20
8 10 12
6 8 20
20 22 13
19 21 18
23 2 6
21 23 4
11 14 8
10 13 4
16 18 1
0 1 13
2 3 18
20 22 19
9 10 1
2 6 1
9 10 13
23 1 14
18 21 19
11 13 14
19 23 13
4 6 14
16 17 15
1 3 17
3 4 4
21 1 1
22 0 13
14 16 9
18 20 16
6 11 6
20 22 13
12 14 18
19 21 9
16 20 11
17 19 12
2 3 15
8 9 12
22 23 11
5 7 5
16 18 7
14 15 16
1 3 12
7 8 6
23 0 7
4 4 5
19 21 10
5 7 2
20 22 16
12 13 10
2 5 19
12 16 10
18 19 13
14 16 4
8 11 2
23 1 10
6 10 5
13 15 5
8 11 11
2 4 19
15 17 15
4 5 12
10 13 2
18 21 16
17 20 9
22 23 16
20 22 10
14 14 19
12 13 3
17 18 11
20 22 8
10 12 3
4 7 10
17 18 8
12 15 1
11 14 12
21 1 17
14 15 14
7 9 12
3 4 3
0 3 6
6 9 12
1 1 6
23 1 10
20 23 9
2 6 4
20 22 17
20 22 6
18 20 16
9 11 17
14 15 2
6 7 14
22 1 3
15 16 9
4 6 16
18 18 3
6 8 9
8 10 12
17 19 4
11 12 3
18 19 9
19 21 16
11 14 15
0 2 10
8 9 18
9 11 20
18 19 3
19 22 1
19 21 18
11 14 10
14 16 7
6 8 13
14 16 15
0 3 13
21 22 20
4 7 18
22 0 20
12 13 3
5 9 14
23 1 10
16 16 1
3 4 7
15 16 2
3 5 1
5 7 18
5 6 19
2 4 20
1 4 11
4 4 9
10 12 20
1 2 5
1 2 18
16 18 9
13 16 6
18 19 14
20 0 5
1 3 14
9 11 17
20 0 18
4 7 10
5 7 2
15 19 4
4 5 10
13 14 10
20 22 14
9 10 4
13 15 2
20 22 5
2 4 13
11 13 17
9 12 14
0 3 4
14 16 18
14 16 17
20 21 16
16 18 12
8 11 3
13 15 5
20 22 7
13 16 1
6 7 4
0 2 19
3 5 1
6 10 1
9 12 14
0 1 8
9 11 15
10 13 6
12 15 14
22 0 13
15 17 9
19 20 12
2 4 2
1 4 5
5 8 2
16 18 4
1 5 1
8 10 19
23 1 1
22 0 10
9 12 9
23 2 7
4 6 13
3 6 17
16 19 20
4 7 17
11 12 12
17 19 5
14 14 11
1 1 4
13 15 15
18 20 8
20 21 4
23 2 5
18 20 10
7 10 3
1 4 2
3 5 5
6 8 3
23 1 18
4 6 12
18 22 11
22 0 12
23 2 13
9 11 17
21 23 17
14 15 10
12 14 14
12 14 4
4 7 11
11 12 11
18 19 8
6 8 14
1 4 20
21 23 10
12 14 4
20 22 16
16 18 17
2 4 12
2 3 15
20 0 9
6 8 5
22 0 15
4 4 12
5 8 10
20 22 7
18 19 16
11 15 3
15 19 18
15 15 1
16 18 10
14 14 15
14 15 15
20 22 18
7 9 4
12 13 9
10 11 1
3 6 11
7 9 20
0 2 10
6 8 1
0 1 6
12 17 10
3 4 20
4 7 2
17 20 2
17 20 8
9 10 2
11 12 16
14 16 2
3 5 1
23 1 18
1 1 10
9 9 8
19 22 3
8 11 17
16 18 7
21 22 19
1 2 17
4 3 11
20 22 2
10 11 12
15 17 7
20 21 2
7 8 15
6 6 20
6 9 6
8 11 14
19 20 1
20 22 2
8 10 9
7 9 14
17 19 15
23 1 7
10 11 19
7 8 13
20 23 14
15 18 9
0 3 3
18 20 2
1 3 3
9 10 4
17 16 18
16 18 4
5 7 19
19 20 16
4 7 18
21 22 4
7 9 17
18 20 1
5 6 1
16 17 3
2 3 6
22 23 1
13 15 15
20 21 1
2 4 8
17 18 9
18 21 13
3 6 20
22 23 5
10 13 13
1 3 14
15 17 7
16 17 6
0 1 2
9 12 9
8 10 10
15 17 12
15 17 11
19 23 17
17 18 12
16 18 4
2 3 19
5 7 2
0 0 5
1 2 11
6 5 16
16 18 14
4 7 20
21 22 15
11 14 7
11 12 1
23 1 19
14 15 9
19 20 16
13 15 4
20 23 16
3 6 15
9 11 11
7 8 12
1 2 16
2 3 14
17 20 9
0 1 16
11 14 17
16 19 12
13 13 6
7 9 3
11 12 5
16 18 17
21 0 17
8 11 11
3 5 18
7 9 16
4 9 14
16 19 15
1 3 5
9 10 9
15 16 2
0 1 12
7 8 19
10 10 7
19 21 8
6 8 16
18 19 8
4 7 3
0 2 5
9 12 15
13 16 12
11 13 12
10 14 6
15 17 16
8 11 14
1 3 5
19 21 8
23 2 9
16 17 9
17 18 4
1 4 6
0 0 8
11 14 9
6 8 7
16 16 17
9 12 17
12 16 16
18 20 3
11 13 18
3 6 1
12 14 6
15 17 15
5 8 17
3 3 3
9 9 9
9 11 18
12 14 16
7 8 1
3 7 17
15 18 1
5 7 8
9 9 20
7 10 6
12 15 13
18 20 20
9 10 10
18 20 20
0 2 15
14 17 8
17 19 12
20 22 20
17 19 2
8 10 14
7 10 3
19 20 19
23 2 5
21 0 8
8 12 13
6 6 9
7 8 19
23 2 3
17 19 8
22 0 1
5 7 17
1 3 19
3 5 9
5 6 4
5 7 2
11 14 8
7 10 17
4 6 2
0 1 14
11 14 14
18 19 17
8 11 14
4 4 3
11 14 9
11 13 7
12 15 16
9 11 16
11 13 1
21 22 18
3 5 14
21 23 8
17 17 15
10 12 3
17 18 17
21 21 3
5 6 2
16 18 13
5 6 8
23 0 6
1 3 1
5 6 10
0 3 11
15 17 11
7 9 3
23 2 6
11 13 8
18 20 19
17 19 6
7 10 8
9 11 16
10 12 11
17 18 17
7 9 15
14 16 11
3 5 15
15 19 10
23 1 5
19 20 3
1 4 2
16 20 11
0 1 20
13 17 5
18 20 4
14 14 2
