850 20
19 2 8 5 20 14 18 19 8 15 1 8 13 13 1 12 8 17 9 15 
1 4 12
19 21 6
10 12 9
22 0 9
4 6 7
6 8 7
6 8 8
11 13 10
15 16 19
2 4 6
9 11 16
6 8 1
8 8 9
18 18 5
15 17 19
13 15 3
1 3 10
10 12 17
16 18 4
3 6 19
16 17 16
7 9 11
15 17 19
10 12 7
23 0 12
14 17 11
6 9 20
19 21 13
23 0 11
16 19 2
22 2 7
6 8 16
4 7 16
22 0 11
22 23 13
19 20 16
23 1 3
5 7 13
2 4 20
7 9 15
2 4 2
21 22 17
22 0 8
21 23 6
3 4 12
11 13 12
1 3 20
2 3 3
10 11 11
0 1 6
22 1 6
6 6 7
1 4 1
9 12 11
3 5 17
2 3 13
2 1 10
9 10 8
15 17 7
6 8 11
23 1 1
16 17 19
8 11 17
17 18 3
6 9 6
7 10 2
22 0 9
11 13 1
9 10 5
16 17 11
6 8 20
7 8 15
21 22 10
3 5 13
10 12 9
9 12 9
21 23 6
20 0 15
13 15 7
3 7 12
7 7 20
22 0 9
8 10 12
18 22 12
4 6 17
19 21 9
19 23 1
0 2 8
5 8 10
0 2 1
23 23 4
11 13 3
23 0 10
15 18 17
18 22 18
11 13 12
9 9 4
12 14 6
2 3 11
2 5 15
14 15 13
11 14 2
14 15 19
8 10 11
8 8 8
2 5 7
20 21 20
1 1 5
4 6 8
19 20 12
3 6 9
0 4 11
14 17 11
4 6 10
20 0 12
5 6 17
11 15 13
21 22 16
11 14 6
23 1 5
3 7 11
4 8 12
4 6 7
1 3 8
21 23 9
10 10 10
17 18 8
23 3 20
4 6 13
6 7 2
9 11 3
12 16 8
5 6 2
8 10 3
18 19 4
17 19 15
2 6 13
21 23 19
6 7 17
4 5 16
20 21 13
0 2 7
16 17 18
5 6 15
11 13 10
6 7 8
2 4 1
22 0 12
2 6 20
18 20 5
1 1 17
10 12 17
15 17 2
14 16 2
6 9 13
4 5 13
18 19 7
20 22 1
16 18 2
7 9 14
19 22 2
15 17 20
1 4 2
16 17 14
21 0 2
12 15 13
13 15 19
5 7 4
20 23 3
15 18 7
21 22 9
1 3 2
12 12 4
20 22 8
7 9 20
19 22 17
5 7 12
7 9 15
7 10 6
13 16 13
23 1 12
8 9 1
0 1 5
6 8 8
0 3 3
3 5 5
8 11 10
4 7 4
8 11 5
5 8 19
20 21 13
5 6 19
12 14 2
8 7 15
6 9 16
5 6 11
7 10 13
10 11 4
7 8 12
16 20 9
17 18 8
8 10 9
9 12 20
20 21 14
2 4 18
6 5 18
0 0 12
15 16 11
6 8 1
18 18 10
19 20 6
14 15 17
7 10 10
16 16 7
6 9 15
15 16 4
17 19 13
2 3 13
13 15 10
18 19 19
11 15 4
23 1 7
17 18 16
17 19 10
4 9 10
7 9 14
18 20 7
11 14 15
7 10 9
10 12 4
18 22 20
7 9 6
16 19 11
8 8 5
20 20 1
15 17 6
20 19 4
12 12 15
12 13 20
9 10 12
3 4 3
0 3 1
8 10 13
2 5 16
14 17 3
11 12 4
2 4 11
7 9 16
23 0 15
17 21 4
4 9 15
7 11 3
8 10 9
8 9 11
19 22 8
16 17 6
10 11 20
8 10 10
17 17 19
14 15 20
13 14 15
12 11 4
3 3 12
12 14 5
18 21 9
2 3 10
5 6 18
1 3 16
10 12 20
2 4 15
18 21 10
13 14 19
14 16 5
23 23 12
3 5 18
21 22 3
19 22 6
10 11 3
7 9 1
11 13 11
12 14 15
16 18 11
8 11 18
3 6 9
12 14 16
0 1 2
15 16 19
18 20 16
12 14 3
4 6 7
10 13 12
22 0 8
9 10 11
14 16 10
4 7 2
1 4 1
12 14 12
17 19 19
19 22 8
17 18 6
12 15 10
2 4 14
0 2 17
18 22 8
6 9 20
19 20 20
3 4 12
6 8 2
9 10 15
2 5 16
9 12 1
8 10 4
4 6 14
9 13 5
10 12 13
13 13 6
20 23 17
3 5 2
5 8 15
12 13 18
1 2 14
13 15 3
6 10 20
2 4 15
5 7 13
23 1 7
0 2 9
17 20 15
16 19 17
6 9 17
6 7 6
17 20 5
1 3 7
3 7 5
17 18 14
23 23 16
15 17 14
4 5 20
16 18 7
23 0 8
0 1 3
3 8 18
1 0 17
0 3 8
15 15 18
7 8 13
14 17 2
5 7 15
7 9 5
6 10 20
1 2 3
12 15 1
20 23 19
12 16 6
23 1 5
19 20 19
1 3 20
3 5 16
20 21 11
12 14 19
14 16 2
15 20 12
11 14 9
16 18 1
23 1 17
20 21 16
2 5 7
1 2 5
5 8 14
14 15 11
21 0 2
0 3 4
13 15 20
10 12 9
1 3 7
7 10 3
12 14 1
11 14 8
7 7 12
15 16 7
2 6 5
5 8 9
2 5 5
18 20 3
11 14 18
16 18 8
18 19 18
23 1 1
10 12 5
3 4 1
9 12 1
2 4 13
1 4 18
7 9 9
13 14 15
8 9 20
6 9 8
6 7 14
5 6 2
23 1 6
10 13 2
10 13 2
5 7 13
21 22 13
3 4 14
0 0 1
22 0 9
3 5 9
21 0 19
10 12 1
10 11 19
8 10 6
12 15 7
7 10 6
19 21 11
2 4 7
15 15 20
13 15 14
22 1 1
17 17 15
4 5 14
15 17 15
14 17 8
13 15 18
18 22 18
7 9 17
2 4 7
2 4 13
6 9 8
5 9 7
1 1 12
3 6 20
3 4 12
13 15 14
7 8 14
13 15 9
9 12 5
1 3 14
19 21 17
11 12 13
20 22 3
2 6 16
7 10 14
7 9 3
19 22 8
11 13 14
10 13 5
12 14 2
1 3 8
4 6 6
1 2 4
10 12 8
23 1 5
1 3 12
22 1 20
10 12 15
23 2 13
8 10 5
17 19 17
8 10 16
16 19 3
23 0 7
15 15 15
9 8 2
2 4 17
7 9 4
17 20 12
20 1 1
5 7 9
17 19 4
6 8 6
6 9 5
12 12 20
0 0 12
11 14 2
8 9 4
23 1 15
13 15 7
1 4 19
2 4 3
11 13 12
0 0 19
16 17 13
22 0 10
18 21 15
0 3 15
21 1 13
12 14 1
22 0 11
14 16 1
11 13 10
15 18 11
18 20 2
15 17 13
3 6 7
22 0 16
2 4 7
16 19 14
1 4 2
23 2 2
3 5 10
4 5 1
4 7 11
13 15 4
22 0 18
4 8 13
0 1 14
8 9 11
13 16 20
18 20 19
5 6 20
10 11 20
7 9 3
16 17 12
5 6 12
13 17 14
5 7 14
22 23 17
0 3 18
2 3 18
11 12 6
7 9 3
15 19 8
8 10 10
20 20 13
14 16 12
7 11 19
15 16 13
7 9 9
2 4 4
1 2 13
19 20 20
18 20 16
13 17 6
14 15 11
5 6 6
7 11 11
14 16 19
14 15 1
15 17 13
21 21 5
2 4 18
6 8 17
5 8 20
4 6 6
5 7 4
7 9 1
23 0 14
1 3 13
10 12 3
11 12 3
5 7 16
4 7 15
9 11 3
8 11 7
8 11 5
18 20 19
11 12 6
23 2 19
21 23 11
23 2 12
17 18 13
0 2 4
6 7 11
11 13 8
17 20 17
23 1 9
17 19 7
1 3 2
15 18 2
23 22 18
15 18 15
3 6 1
0 3 14
4 5 16
16 18 11
0 2 1
12 14 15
23 3 11
7 9 1
2 3 1
1 3 18
6 9 13
14 17 13
8 12 16
23 2 15
15 18 15
18 21 20
13 15 1
3 6 8
12 16 7
21 23 19
11 12 7
11 12 17
10 12 16
9 11 8
12 16 4
13 15 16
10 13 18
1 2 12
12 16 18
10 10 4
21 23 8
7 8 4
1 2 5
16 19 2
20 21 15
1 5 7
10 11 5
15 15 1
8 10 18
5 8 12
4 6 9
23 0 19
8 11 20
5 6 2
11 13 5
14 16 1
3 4 7
13 15 15
15 19 9
13 14 3
0 1 19
9 13 11
14 16 10
2 4 3
16 17 2
21 0 20
2 3 1
4 6 19
21 23 13
21 23 10
14 14 9
9 10 9
8 10 14
9 11 15
0 2 10
2 5 9
4 5 12
18 20 14
18 19 14
20 18 19
3 6 12
18 21 18
18 20 3
13 15 3
17 19 19
10 12 7
5 8 13
6 7 5
13 15 7
9 10 20
18 20 4
6 9 10
20 0 18
0 1 14
6 7 13
6 10 4
18 20 16
18 21 2
2 4 13
4 5 7
2 4 3
14 14 9
7 10 17
17 19 17
20 21 18
21 23 7
17 17 16
9 11 5
22 1 15
16 18 7
18 19 8
14 19 14
7 10 19
4 7 11
1 4 14
16 17 7
13 14 5
6 9 18
5 8 3
17 19 20
12 13 10
8 10 1
5 7 14
5 8 14
16 16 14
3 5 12
16 20 4
21 23 20
18 20 7
8 11 12
2 2 1
19 20 8
18 19 13
12 14 17
3 2 2
20 21 1
14 16 1
19 21 7
18 21 12
6 8 10
19 19 7
15 17 20
6 8 10
16 17 11
15 16 7
2 2 2
13 14 2
23 2 13
10 11 9
11 14 8
12 13 16
5 8 3
22 0 7
17 20 12
1 3 8
8 8 15
1 1 14
12 16 18
7 9 1
8 10 1
7 10 8
15 17 15
20 21 6
22 23 16
23 2 2
19 22 17
15 18 16
23 1 7
7 9 4
7 8 4
1 3 17
12 14 18
14 16 5
19 20 1
22 2 19
0 3 13
9 10 19
8 10 5
7 10 20
12 15 11
15 18 11
14 17 3
22 1 19
9 12 14
23 1 1
19 20 2
6 7 6
15 16 8
23 0 12
7 10 4
20 23 5
1 2 11
15 18 7
4 6 8
17 19 12
21 23 19
21 22 11
21 23 3
20 23 5
16 19 6
18 19 12
2 3 8
12 14 8
5 7 10
2 3 8
9 12 17
23 1 19
23 2 12
0 1 16
12 14 2
2 3 8
18 20 10
8 9 7
11 11 17
4 6 6
23 1 17
13 15 20
19 21 7
11 14 3
4 5 2
4 7 9
10 14 13
12 14 9
9 10 9
16 17 5
6 6 11
17 20 18
18 20 3
14 15 8
9 11 10
0 1 8
2 6 4
7 10 10
14 16 2
6 7 1
8 10 9
21 0 19
1 4 7
20 22 2
13 12 12
22 1 5
18 19 20
19 20 2
5 6 5
23 2 9
0 1 17
20 23 20
14 16 15
23 1 10
16 17 13
19 20 19
3 6 8
3 7 7
10 11 18
23 2 2
3 5 3
17 20 18
19 22 4
10 10 19
3 5 16
22 22 4
5 8 20
6 9 4
4 6 5
2 5 3
12 13 1
19 21 9
9 11 17
5 9 14
23 2 12
10 13 18
20 22 5
10 12 17
19 20 11
10 11 16
9 10 13
7 8 9
17 21 11
6 8 5
4 8 20
10 12 20
8 10 1
10 10 12
19 20 12
20 22 7
13 15 11
17 19 12
22 0 15
