860 20
18 6 18 4 8 17 5 3 2 11 20 8 2 8 15 17 8 9 5 14 
0 2 12
4 5 2
16 18 3
0 3 1
5 7 5
23 1 20
18 20 17
13 14 6
3 5 5
15 17 8
13 15 5
12 13 6
20 22 8
22 0 19
1 2 7
11 14 20
7 8 3
21 20 14
16 18 11
2 4 16
17 22 9
22 0 8
17 18 19
21 23 19
1 3 7
9 10 9
8 11 3
19 21 6
17 20 10
16 20 10
18 20 18
4 4 20
13 15 19
20 21 7
10 13 12
13 16 2
11 12 3
5 8 8
17 18 13
15 16 18
0 3 8
2 4 11
8 10 12
18 20 6
0 1 16
22 22 19
11 13 20
9 10 1
19 22 4
11 13 1
5 6 3
21 23 14
17 18 20
21 23 13
19 20 11
10 13 19
15 16 12
3 4 13
21 23 20
20 1 10
14 15 3
13 14 17
4 7 19
13 15 20
17 19 15
0 4 1
4 6 4
16 18 9
5 8 4
15 18 15
22 22 3
3 7 8
1 2 3
14 14 11
16 17 12
2 6 8
10 11 9
18 21 19
22 0 11
14 15 17
14 16 13
5 7 13
10 12 8
12 14 9
4 6 10
14 16 4
10 13 12
22 0 5
7 10 11
0 2 7
19 21 12
5 8 8
21 23 5
4 5 17
5 6 8
21 22 8
2 4 13
4 8 2
9 13 14
17 18 7
7 10 13
16 18 11
4 7 8
22 23 2
7 8 13
11 12 12
23 0 12
7 9 1
15 17 10
1 4 10
19 22 4
4 4 20
1 4 12
13 14 2
1 2 18
10 12 5
4 8 9
6 8 8
11 13 4
12 14 3
9 11 13
8 10 7
13 14 6
23 2 20
20 21 19
18 19 15
9 10 13
0 1 10
13 15 5
22 2 10
12 14 5
8 10 19
1 5 6
11 13 18
0 3 7
13 15 7
8 11 10
6 7 17
16 17 11
6 6 2
9 10 12
14 16 1
21 23 9
22 1 15
19 22 10
14 16 8
10 12 8
20 23 12
15 16 1
23 2 7
17 20 13
11 14 12
4 7 15
17 20 1
13 16 9
1 4 18
4 7 15
17 19 1
0 1 16
2 3 19
19 21 6
2 5 16
21 23 14
13 17 17
7 9 7
9 10 9
7 9 7
13 13 15
18 20 15
19 20 14
15 17 15
14 15 18
4 6 14
19 19 18
14 15 9
5 7 17
4 7 18
18 20 2
9 10 11
0 2 6
10 13 5
22 1 19
6 10 9
14 17 19
20 20 4
23 2 15
22 1 5
23 2 6
12 13 17
2 3 8
10 12 7
12 13 7
20 20 20
19 21 6
1 1 16
0 2 18
15 14 9
20 22 14
20 20 15
0 3 3
20 23 1
6 7 20
8 10 5
9 12 16
17 19 13
17 20 4
8 9 19
1 4 18
3 7 20
6 8 6
16 18 4
21 22 3
22 23 14
0 1 3
16 18 2
5 7 13
19 20 19
16 18 17
4 7 15
6 8 13
11 11 16
4 7 19
13 16 9
23 2 13
17 19 11
22 1 16
9 11 10
21 23 4
2 3 2
12 14 15
15 15 14
10 14 2
14 17 10
4 6 4
22 4 9
10 11 10
0 2 4
13 15 15
4 6 6
11 12 17
20 22 8
19 21 11
13 15 19
12 14 7
1 3 11
6 8 20
10 12 3
20 21 18
10 10 13
1 2 2
9 9 2
8 10 6
16 17 8
13 15 1
18 18 18
9 11 4
14 18 6
10 10 18
17 18 14
20 23 3
11 15 1
21 0 9
17 18 4
11 12 13
12 13 7
14 17 7
6 9 5
11 13 8
16 18 12
4 5 16
2 3 14
21 22 11
6 10 19
11 12 13
11 12 1
12 14 13
19 21 16
5 8 11
2 4 1
10 12 20
7 8 20
9 12 11
6 7 3
22 0 15
14 16 20
14 17 11
19 22 4
16 19 1
9 11 18
17 19 20
21 1 2
7 10 19
17 21 16
3 4 4
23 1 9
3 4 18
3 5 2
0 -1 8
1 3 14
12 13 2
4 6 7
23 3 17
19 21 16
4 7 16
15 17 4
11 14 8
8 10 16
15 17 2
18 20 18
2 5 13
3 4 8
3 6 2
20 21 4
22 0 18
18 19 17
12 13 8
15 18 15
20 23 8
13 15 9
3 8 9
22 23 8
22 22 18
15 15 20
5 7 20
1 3 10
5 7 4
0 2 8
23 1 19
8 8 1
0 2 3
18 22 19
18 20 6
0 1 16
0 0 19
6 8 3
11 12 10
9 10 10
13 14 18
17 18 18
2 3 18
8 10 4
18 18 16
10 13 19
23 3 14
15 17 13
3 5 9
8 10 13
4 7 17
3 6 8
9 10 8
8 9 6
18 19 11
16 18 10
16 18 18
14 15 6
8 12 13
20 23 12
12 13 7
23 0 19
16 19 16
0 -1 15
1 3 18
14 17 7
21 22 1
9 11 13
3 5 6
18 22 4
5 6 20
22 23 6
15 17 3
22 1 3
13 16 15
8 8 3
15 17 11
3 4 8
6 8 6
17 18 7
20 22 2
21 0 14
19 21 18
18 19 16
0 2 19
5 8 12
13 15 11
18 19 16
10 12 13
0 3 1
19 20 19
17 19 5
18 18 15
1 4 16
15 16 1
16 16 7
12 14 10
23 2 12
15 18 3
10 13 2
23 2 6
14 15 8
0 2 3
2 3 1
22 0 17
18 21 10
10 11 8
19 20 10
11 13 11
22 0 7
18 21 14
2 5 11
16 18 1
5 4 12
17 19 2
22 23 3
5 6 1
8 9 8
19 20 14
6 9 5
7 9 11
14 16 13
3 5 18
7 10 19
6 9 14
5 7 18
10 13 12
4 7 16
18 20 15
1 4 1
0 0 14
15 16 15
22 0 6
19 21 16
19 21 6
4 6 2
19 20 6
23 3 7
15 15 9
0 3 7
14 18 15
11 13 3
15 16 17
7 9 13
22 0 2
8 10 13
21 0 1
12 13 14
16 19 7
17 20 17
12 16 7
4 7 13
3 5 6
6 9 17
14 17 1
8 10 3
21 0 16
19 22 19
16 18 9
0 2 9
4 4 19
12 14 1
16 19 2
5 6 16
8 8 5
10 13 4
16 16 20
14 15 9
8 9 20
0 1 18
11 14 10
13 15 16
2 4 6
6 9 19
2 3 4
7 9 11
19 19 8
5 6 5
8 10 19
13 15 12
13 16 10
22 1 15
4 8 14
18 21 15
10 12 9
11 13 12
6 8 15
14 17 8
12 14 3
2 4 8
22 23 16
18 20 10
3 5 1
1 2 8
6 8 17
1 4 1
20 22 7
1 3 2
4 7 5
7 11 18
0 3 5
8 12 16
8 11 19
3 5 4
12 15 9
16 19 12
6 9 14
16 17 9
4 8 2
0 1 14
15 17 6
16 18 18
19 22 3
8 10 1
2 2 20
5 9 12
0 1 17
2 4 4
11 13 8
1 3 12
13 15 8
15 17 16
17 19 3
4 8 18
13 17 6
18 21 4
23 1 8
5 7 20
9 11 4
5 7 18
21 22 1
4 5 5
13 13 13
20 23 3
1 3 12
17 17 19
15 17 3
12 13 17
10 12 8
20 22 2
6 9 19
14 17 11
14 17 12
12 15 20
7 8 4
20 22 9
16 17 6
6 8 3
5 6 19
6 8 9
12 14 14
3 3 6
13 15 5
1 4 1
6 8 6
6 8 11
2 5 19
18 19 17
23 2 8
4 6 8
22 0 6
15 18 14
15 15 8
20 22 17
22 1 11
2 4 14
19 20 16
9 10 12
19 21 9
1 4 15
20 21 4
8 10 15
8 9 4
0 3 1
5 8 2
4 7 13
19 22 10
1 2 15
12 11 6
14 16 3
15 17 16
17 18 13
6 8 2
9 11 15
14 17 12
18 20 7
22 2 11
12 13 8
3 6 16
14 16 14
5 8 14
10 12 6
16 20 5
13 14 17
23 0 7
8 12 3
14 17 3
12 13 7
19 20 8
12 14 15
7 8 17
2 5 13
12 14 18
23 2 18
22 1 10
20 0 20
22 23 10
4 6 18
3 5 14
8 10 13
19 18 13
5 9 5
5 5 18
20 22 11
7 8 17
2 3 16
15 17 8
4 6 11
10 12 15
5 7 12
17 19 9
9 11 14
3 3 17
3 6 17
5 8 14
5 8 20
8 10 17
8 9 4
7 8 10
3 7 17
8 10 19
18 19 20
17 18 13
3 5 20
5 9 14
18 20 8
0 3 9
15 18 17
0 2 20
18 20 5
6 9 16
15 16 19
14 17 8
9 11 15
0 1 10
13 17 9
12 15 18
14 15 14
15 19 17
17 20 4
0 1 1
3 6 5
0 1 11
19 22 10
2 4 8
16 18 15
20 22 3
5 9 14
6 8 8
21 20 17
6 9 14
15 18 19
17 19 17
12 16 20
23 3 1
8 11 14
11 15 6
1 3 19
2 4 4
20 22 6
13 17 8
7 7 8
9 10 19
22 23 19
21 23 12
5 8 17
9 12 5
20 21 11
12 14 15
8 10 15
15 16 17
22 23 18
19 23 10
4 5 16
22 2 6
4 6 16
4 5 2
8 9 18
13 15 16
16 18 14
14 15 2
13 15 4
7 9 18
22 0 11
13 15 15
21 0 2
9 12 14
5 7 1
4 7 11
23 2 12
22 0 9
2 3 17
10 12 5
1 3 12
21 0 14
7 10 8
19 21 8
14 16 17
14 16 15
5 6 3
5 7 16
18 20 8
23 23 1
8 11 9
8 10 10
6 6 11
1 2 8
17 18 12
15 15 7
11 13 19
3 5 19
7 9 12
2 4 14
14 16 19
14 17 10
14 19 8
8 11 1
7 9 15
18 20 19
6 7 11
17 20 19
20 23 13
13 14 10
2 5 10
22 2 19
3 4 17
8 10 4
22 1 2
23 1 11
11 12 13
10 12 16
9 10 2
19 21 12
11 13 10
2 3 5
15 16 5
15 17 10
20 23 17
10 10 8
15 19 20
1 2 20
17 19 6
23 1 6
6 7 1
20 22 14
12 15 20
14 16 12
18 21 15
17 18 4
19 22 1
18 20 2
1 2 10
15 18 5
10 13 5
21 22 11
0 2 18
21 22 20
2 3 5
2 4 5
22 2 13
20 22 1
10 13 13
9 12 10
14 17 19
17 21 4
11 13 10
10 10 13
13 14 11
9 10 1
23 1 8
6 8 16
22 0 5
10 12 17
12 14 8
10 12 10
14 17 17
22 22 7
19 19 11
23 1 7
12 14 2
5 8 7
4 7 5
7 8 7
11 11 5
17 20 15
5 7 15
12 15 17
9 12 10
14 15 1
12 13 5
9 11 20
22 0 14
7 9 9
6 8 5
15 17 19
16 20 2
11 12 16
9 11 8
4 6 17
14 15 13
12 14 1
7 8 13
10 13 3
0 4 12
8 10 13
12 14 19
15 17 20
13 13 11
11 14 19
22 23 20
1 3 3
2 6 18
6 9 18
6 8 4
9 12 12
12 13 9
2 5 2
14 16 3
17 20 10
15 16 20
7 13 16
1 3 9
10 12 18
4 6 13
4 7 2
4 6 3
14 15 5
16 20 11
10 11 7
2 3 11
21 23 2
16 17 3
8 9 6
9 11 6
4 6 11
18 19 18
6 7 5
11 11 11
4 7 16
15 18 4
21 22 4
23 2 12
22 23 2
13 15 15
18 19 13
5 6 13
21 23 19
16 18 12
23 1 10
12 15 1
4 6 8
11 15 11
6 10 16
