870 20
9 20 13 11 13 15 7 8 1 7 19 11 10 1 20 6 20 7 10 8 
13 15 11
9 11 20
4 6 18
2 2 13
7 9 13
3 5 12
20 23 7
8 9 2
20 22 10
14 18 9
14 16 20
17 19 13
22 2 13
16 17 13
19 20 18
12 15 16
2 4 9
14 15 12
4 7 3
15 16 12
23 1 7
14 17 3
23 0 17
8 11 17
18 19 19
2 4 7
13 16 6
13 17 6
17 19 11
9 11 16
11 11 3
19 21 20
3 6 13
8 12 12
16 18 20
6 8 13
4 5 11
19 20 20
18 18 13
19 20 20
6 8 14
12 13 16
18 21 17
18 20 7
21 0 18
0 1 6
6 7 9
9 11 12
23 2 10
1 3 1
3 5 18
14 17 18
11 14 8
19 21 8
4 6 19
23 0 6
2 5 7
8 11 7
11 15 15
17 18 5
4 4 6
17 21 16
16 18 6
2 4 19
11 14 14
4 6 7
9 10 3
6 9 18
1 4 2
5 7 8
11 13 20
10 12 4
23 2 18
6 9 6
10 11 13
1 1 3
1 4 10
5 6 5
20 21 10
14 16 1
0 1 4
14 16 6
17 20 15
18 21 14
5 6 4
4 5 15
7 9 17
4 5 18
3 5 8
1 2 3
18 20 5
18 20 16
16 18 13
6 8 14
18 20 7
8 9 7
8 8 5
21 23 1
10 12 15
16 19 18
23 2 18
19 20 5
20 22 17
10 12 13
22 23 16
1 5 5
9 11 7
22 23 19
11 12 18
11 12 13
20 22 1
20 23 9
18 21 12
21 0 20
16 18 15
16 19 8
11 12 15
23 2 18
7 10 6
4 4 10
16 19 3
23 3 13
17 16 9
10 12 1
20 22 17
9 12 9
19 21 18
22 22 10
12 13 1
17 18 14
17 17 8
17 20 5
13 14 18
4 4 7
9 13 8
2 3 15
20 22 5
3 7 13
15 17 15
21 0 2
7 9 20
5 6 8
21 23 13
5 7 15
6 9 2
14 17 5
16 16 9
6 9 8
12 17 10
16 17 4
18 20 16
5 6 3
5 7 5
11 13 17
6 9 8
12 15 18
12 15 7
18 20 16
2 4 11
19 21 20
17 18 10
9 10 20
22 23 13
19 21 18
1 1 15
18 21 18
3 4 15
20 21 1
17 20 2
23 0 9
10 12 5
13 16 13
2 2 8
5 6 8
5 7 18
8 11 11
7 9 2
22 2 17
23 3 5
11 12 8
17 18 2
19 21 14
14 16 4
22 1 7
13 14 14
21 23 18
22 2 18
19 21 10
3 6 12
4 5 20
6 7 10
13 16 9
20 21 19
13 15 6
21 22 7
3 5 3
4 7 17
22 23 20
10 12 15
2 2 18
15 14 9
20 21 9
6 8 20
18 21 14
12 15 16
5 6 5
9 11 16
20 21 20
21 21 11
14 15 16
7 10 16
3 6 5
13 15 3
0 2 16
7 9 8
21 23 9
9 12 13
5 6 9
15 17 7
21 22 9
3 5 4
7 8 4
9 12 12
8 10 11
0 3 15
19 20 16
8 9 17
14 16 5
19 19 17
2 6 14
23 2 7
12 15 17
9 12 1
3 5 11
11 15 16
14 17 1
4 6 13
16 18 14
3 6 6
0 0 6
10 13 14
22 23 15
4 6 17
1 3 16
13 16 12
1 6 15
20 22 17
9 12 8
16 17 2
2 4 10
9 13 2
4 4 11
2 4 4
11 14 20
23 23 8
9 11 3
2 5 3
19 20 18
8 8 9
2 5 19
22 1 13
20 22 1
15 18 20
2 6 20
4 7 9
7 8 2
23 1 14
19 22 20
3 4 2
6 10 13
14 16 11
3 3 19
5 5 3
17 19 6
3 5 20
8 11 2
10 13 10
7 10 3
14 15 16
19 23 15
8 10 7
8 10 15
19 20 2
4 6 19
17 17 7
15 17 5
18 18 9
23 2 8
7 9 1
18 20 5
19 21 2
13 15 11
22 0 4
3 4 10
1 2 11
9 12 14
8 9 6
18 19 1
0 3 19
1 3 13
23 0 7
23 1 13
4 6 15
7 8 11
16 18 15
21 23 17
7 10 12
14 13 8
7 7 5
15 17 8
11 13 12
5 8 12
5 7 11
13 15 10
22 1 14
8 9 5
1 2 11
22 1 5
0 2 13
0 2 19
8 10 19
12 13 4
5 7 5
23 2 19
20 23 17
22 22 15
20 22 12
9 10 4
4 5 6
2 3 18
14 16 12
22 0 18
18 20 13
1 3 2
19 21 10
4 6 18
1 2 10
10 11 12
19 22 15
2 4 14
14 18 1
6 7 14
19 20 13
1 2 15
20 23 16
5 7 17
18 20 8
4 6 4
8 10 19
14 16 6
4 7 18
15 17 17
19 21 19
23 2 1
5 7 18
5 8 15
1 3 9
4 5 19
22 0 7
16 20 12
8 10 5
17 20 2
1 3 12
7 9 16
9 12 14
3 6 8
7 8 6
5 7 6
13 16 2
22 0 18
19 20 5
1 2 6
16 17 14
2 4 2
3 4 13
9 13 13
5 5 7
21 0 5
19 21 13
3 6 10
11 13 19
1 3 12
6 7 9
9 10 19
5 7 12
18 18 10
2 5 1
9 10 7
21 0 13
22 1 15
23 2 20
0 3 8
3 5 8
21 0 5
15 16 14
13 14 9
8 10 5
19 22 17
17 19 7
18 18 8
18 19 7
12 14 14
22 1 14
4 5 13
11 14 16
16 17 8
1 3 6
1 2 12
14 17 14
18 19 6
11 12 6
1 3 6
11 14 2
23 2 13
10 14 4
0 2 11
10 11 12
22 1 20
4 5 18
8 9 3
16 18 18
22 23 12
10 14 7
23 1 16
19 22 9
17 19 9
8 9 16
16 16 8
3 4 1
22 1 16
8 9 20
3 5 11
13 16 19
17 19 3
9 10 17
12 14 17
21 0 7
22 0 7
1 3 12
6 6 11
12 15 10
11 14 11
20 22 2
17 20 3
0 2 4
20 21 4
2 4 7
8 10 6
10 13 6
10 13 19
12 13 3
12 13 4
7 8 9
16 18 17
6 9 9
14 18 20
12 13 12
16 18 18
14 15 4
3 6 12
8 9 9
17 17 1
5 6 15
3 5 18
21 1 12
14 16 9
19 21 3
19 21 16
4 5 5
5 6 10
9 11 8
20 23 4
21 23 7
6 8 11
6 9 1
13 16 13
17 18 4
6 8 4
22 0 5
20 22 12
21 0 16
20 22 1
7 8 12
14 14 19
7 8 11
20 19 20
14 16 4
9 10 3
10 12 7
18 20 12
13 13 3
17 18 20
21 0 4
9 11 13
21 23 18
7 9 19
13 17 11
9 11 8
7 10 12
1 3 5
9 11 2
7 10 14
9 10 15
6 10 12
3 5 2
23 0 18
21 22 7
21 21 10
12 14 19
5 9 3
23 0 7
19 21 3
4 5 16
21 23 17
17 19 19
18 20 20
0 1 2
10 11 15
6 9 12
4 7 12
21 21 2
4 5 20
9 11 4
0 2 9
10 12 20
6 8 18
23 1 9
20 22 20
20 23 8
1 3 7
14 17 5
1 4 20
14 15 6
15 17 2
3 5 16
0 2 13
20 22 17
12 14 5
7 10 10
22 0 5
6 8 12
15 15 14
7 8 4
22 1 1
21 23 9
16 18 18
21 0 5
0 1 12
1 2 20
23 2 13
11 12 8
1 3 18
18 21 6
11 12 6
7 9 9
12 14 17
6 9 11
0 3 2
4 5 14
1 2 20
15 18 17
3 3 7
1 5 6
7 8 3
0 3 8
9 11 2
14 18 16
8 11 19
17 20 3
15 17 20
19 20 3
5 6 5
22 0 11
22 0 13
21 23 10
4 7 10
8 11 5
20 21 20
22 0 20
10 12 16
5 9 12
17 19 13
10 10 1
2 3 14
4 6 17
1 4 12
18 20 3
17 19 2
11 14 18
10 12 17
0 2 8
19 23 4
3 6 9
15 18 4
5 7 1
17 18 14
6 8 10
17 19 11
11 13 8
11 13 5
17 18 16
20 22 7
12 14 8
7 9 7
1 5 17
11 13 9
23 1 13
18 20 20
6 9 14
23 23 19
23 1 4
19 23 18
3 5 1
0 2 1
22 23 10
6 8 5
14 16 3
3 5 11
15 16 9
14 15 14
20 0 15
1 3 1
4 6 18
7 9 5
22 22 10
12 14 3
16 17 3
7 9 10
18 19 19
11 14 15
21 23 12
7 10 7
14 17 18
23 1 9
22 23 19
5 5 6
18 21 7
11 13 12
19 21 3
20 19 19
11 13 15
20 21 15
22 23 20
13 16 12
13 16 17
1 3 1
1 2 7
14 16 4
11 14 2
10 12 7
16 18 20
14 18 16
7 10 5
22 0 12
13 15 1
15 18 10
4 5 19
22 0 6
8 11 7
12 12 10
3 5 14
3 4 2
22 0 19
15 18 11
10 12 4
23 1 16
2 3 15
16 17 15
4 7 9
1 2 12
10 13 5
7 10 18
10 13 19
1 3 8
15 18 9
1 2 12
21 0 15
8 10 9
6 9 18
12 15 18
22 23 19
5 8 7
2 3 1
2 3 19
8 11 13
5 8 11
19 22 5
11 13 2
2 5 13
12 14 2
0 2 15
21 1 19
14 16 17
19 20 9
10 15 7
0 1 20
14 17 8
23 0 19
10 12 15
4 5 8
21 23 6
6 11 2
11 15 3
16 18 2
0 0 15
16 18 3
7 9 10
14 16 7
7 9 13
23 4 16
1 3 15
10 11 17
15 19 1
5 8 5
13 16 3
2 2 1
0 3 16
16 17 5
0 2 12
14 15 7
21 0 19
18 20 14
19 21 14
6 7 10
6 7 17
2 4 14
16 18 20
11 12 6
19 21 10
20 22 5
21 22 15
15 17 3
6 9 15
12 15 18
0 1 14
10 14 19
16 18 9
6 7 11
18 20 4
21 22 9
14 15 7
19 21 18
7 9 15
17 18 3
15 18 5
11 13 13
1 4 11
16 18 20
14 16 8
22 1 2
18 19 15
19 21 9
7 9 13
6 10 7
11 13 18
0 2 9
16 18 13
11 13 9
7 10 14
17 19 2
15 16 19
21 23 1
22 23 12
12 14 16
17 17 14
4 4 20
4 4 19
7 10 9
3 5 7
17 16 15
6 9 13
15 15 9
15 17 3
19 20 12
16 18 1
15 17 7
9 10 13
6 9 3
19 20 13
12 14 3
19 21 9
3 5 15
9 12 19
6 7 10
2 3 4
17 19 10
14 17 6
19 21 16
17 19 14
12 14 5
17 17 18
0 4 10
9 10 16
13 15 17
15 18 18
14 16 19
5 6 19
15 18 6
17 18 6
8 8 13
5 8 9
16 18 12
7 9 5
12 13 7
5 6 18
11 15 18
13 15 3
13 16 18
17 18 16
6 8 17
14 17 5
1 4 18
15 16 9
5 7 6
1 3 19
13 14 13
14 17 2
9 12 19
7 10 7
11 11 14
7 10 7
13 15 12
0 1 17
19 20 20
19 21 16
16 17 1
9 12 11
11 14 9
1 3 7
20 21 12
6 8 17
8 10 16
16 17 15
23 2 11
6 8 18
18 19 10
7 8 20
2 4 4
19 20 12
6 8 7
5 7 10
4 6 5
6 9 17
2 4 16
13 15 6
2 5 3
12 15 12
22 1 12
20 22 1
15 18 15
18 20 13
6 9 3
7 8 19
20 22 12
15 18 2
10 13 14
18 20 5
16 18 3
0 4 1
5 6 12
21 22 3
18 20 7
8 8 16
19 23 17
13 17 4
19 22 5
11 13 2
23 2 9
23 22 2
18 18 8
