890 20
15 8 8 3 11 11 20 9 7 5 19 3 3 11 7 2 6 3 8 1 
6 9 6
11 13 4
20 23 18
22 1 17
3 6 4
8 10 10
20 22 13
5 6 1
13 14 2
0 3 2
10 13 4
10 12 16
18 20 4
22 23 2
3 5 18
2 4 12
21 22 5
8 11 10
12 13 18
10 12 12
12 13 12
17 20 4
3 5 6
6 8 18
4 7 12
17 20 16
3 5 20
1 4 16
3 5 5
23 0 18
10 12 11
11 13 6
3 4 11
6 8 12
8 10 17
9 11 10
10 11 14
16 18 13
0 1 3
11 13 20
23 1 8
7 8 14
6 8 10
6 10 5
7 9 13
13 14 18
10 12 1
9 10 11
7 9 14
0 2 10
13 16 19
23 2 18
0 3 11
19 21 7
14 16 13
21 23 18
6 8 19
4 5 15
22 23 8
15 17 15
16 17 7
6 8 16
1 3 8
5 7 3
17 20 11
23 0 11
11 13 12
17 19 18
2 3 19
12 13 7
10 12 12
13 14 18
6 8 18
1 3 12
0 3 11
7 9 1
1 2 10
17 18 10
15 18 20
18 21 15
16 18 4
6 8 6
21 1 1
5 8 14
20 22 11
13 14 15
23 0 7
23 1 3
9 11 8
17 19 19
3 5 1
6 8 17
19 20 17
4 6 7
4 6 11
0 1 3
14 16 14
16 19 14
16 18 9
5 6 9
20 21 9
11 12 15
23 2 11
12 14 15
17 20 13
12 16 8
9 12 15
14 15 1
22 1 6
4 6 5
7 7 15
3 5 4
17 19 10
17 19 20
4 8 2
19 21 1
11 13 10
20 23 2
12 16 15
16 18 1
23 0 9
17 20 3
10 11 4
17 18 9
10 12 9
13 14 13
16 18 7
18 18 16
17 18 17
19 22 17
1 4 8
2 3 20
11 12 11
21 23 1
19 23 17
10 11 7
7 9 12
6 8 19
16 18 10
23 1 12
1 5 11
15 16 7
14 17 20
19 20 1
13 15 3
23 1 20
2 3 12
22 1 13
3 5 4
23 1 8
21 22 6
3 5 6
2 3 10
4 6 11
23 0 19
13 16 10
11 12 20
15 18 15
17 20 11
23 1 15
22 0 14
18 20 20
16 19 5
9 10 18
11 13 15
6 7 9
7 9 13
21 1 10
21 23 1
10 12 17
7 9 3
17 19 18
15 18 7
17 19 4
21 20 2
5 6 19
19 19 10
22 23 17
6 9 18
14 16 8
13 15 1
7 8 6
6 7 12
6 7 17
2 4 19
18 19 11
12 13 10
19 22 4
4 6 10
15 17 19
8 9 8
5 5 4
0 2 12
14 17 18
12 14 2
5 8 7
17 19 15
11 12 7
0 2 13
8 9 10
3 4 2
22 1 12
10 13 16
7 8 4
20 22 19
14 16 7
4 6 12
6 9 18
8 10 9
1 3 2
9 10 8
11 14 4
23 1 7
10 14 9
17 19 6
19 21 8
15 17 20
8 10 7
10 12 8
23 1 16
9 12 7
10 13 16
17 18 13
21 22 6
12 14 5
18 20 3
13 14 8
6 9 16
9 13 6
14 16 1
5 7 11
3 5 7
2 4 4
3 7 2
13 15 16
8 10 9
16 20 2
17 17 1
23 2 18
20 21 3
2 4 10
12 14 15
7 9 3
4 5 15
13 13 14
21 22 17
11 13 9
22 1 8
23 2 2
5 7 6
5 5 17
20 22 14
16 17 14
4 5 20
7 9 7
22 23 11
14 18 4
0 1 12
21 0 2
10 11 17
17 19 11
17 19 12
17 19 14
13 14 13
11 12 3
7 9 10
14 17 18
19 20 10
2 3 3
22 1 8
2 4 6
17 18 1
12 13 17
22 23 1
4 7 10
12 15 14
12 13 12
8 9 13
16 18 1
12 14 15
23 0 11
13 14 11
1 2 2
1 5 12
2 5 9
7 8 13
20 22 15
16 16 7
12 13 1
21 1 7
7 9 12
20 21 18
19 19 15
4 4 15
17 18 7
22 0 12
4 6 15
17 19 10
23 3 19
10 13 3
3 5 19
22 0 15
12 14 19
20 21 15
12 15 15
0 2 18
16 16 8
10 13 14
3 4 17
18 21 17
15 17 20
11 13 8
3 6 17
4 8 17
10 14 17
23 0 9
10 12 16
19 21 11
5 7 14
23 2 17
0 2 5
21 0 4
17 20 7
16 19 8
7 11 6
7 11 12
20 21 8
2 5 18
5 7 3
23 2 3
11 12 1
12 15 14
18 22 3
11 12 12
19 22 4
0 2 4
18 21 18
9 12 1
13 15 10
12 14 13
9 11 12
12 15 12
18 21 15
19 23 18
0 2 15
2 5 2
22 2 9
23 2 7
2 5 1
22 2 13
23 2 20
20 23 17
15 17 1
21 23 13
11 13 17
17 20 2
20 23 12
0 1 7
0 2 6
0 0 15
18 19 3
15 17 17
3 5 1
5 6 7
19 21 11
10 13 20
20 22 5
2 4 2
13 16 19
17 19 19
13 16 5
16 18 11
8 10 12
2 5 5
14 16 5
8 11 12
5 7 12
18 20 3
6 6 14
19 20 1
15 19 8
1 2 13
18 22 1
22 23 19
19 23 11
14 16 12
10 10 17
19 22 7
22 0 1
4 3 9
20 21 11
7 10 6
7 10 10
8 8 14
0 1 7
11 14 1
1 3 1
8 10 14
16 19 17
17 18 6
11 13 2
2 4 12
17 19 11
7 10 1
13 15 7
4 7 20
21 0 10
11 12 2
13 16 5
17 20 4
16 16 7
3 5 12
18 19 13
8 10 12
2 4 4
22 0 11
5 6 13
13 15 7
16 17 14
22 23 20
9 13 1
21 0 2
21 0 16
6 9 11
8 10 11
22 23 13
13 15 14
17 19 10
6 10 3
18 21 6
18 21 5
21 22 13
13 16 12
18 19 10
16 18 15
6 9 12
6 8 16
23 0 4
13 14 15
11 14 19
7 8 14
6 8 7
2 4 16
17 22 6
1 3 18
4 4 19
21 0 14
13 14 7
18 22 6
7 9 6
8 10 19
21 23 1
10 12 11
23 1 19
4 6 20
8 10 18
22 1 12
11 13 19
3 3 6
18 19 8
12 15 9
14 16 20
7 10 19
19 21 14
18 20 11
19 20 9
3 5 11
4 5 17
2 5 16
7 8 13
22 1 8
14 15 14
4 5 4
7 8 8
7 11 11
20 22 14
21 0 20
15 17 9
20 22 18
13 14 14
23 1 13
15 18 14
18 21 6
2 6 18
12 14 15
0 1 11
19 22 8
17 20 1
9 11 14
22 0 2
18 20 12
1 2 8
9 10 3
6 9 9
17 20 19
23 1 1
3 5 15
14 16 7
18 20 6
1 4 15
10 10 18
6 8 17
22 23 14
11 14 18
22 2 10
15 16 17
23 0 16
19 22 6
22 0 6
13 14 13
9 11 10
22 23 20
15 17 17
22 1 9
9 13 8
23 1 15
14 16 4
16 17 6
19 23 7
10 12 4
19 21 16
20 21 10
13 15 5
6 10 12
22 23 3
19 22 17
23 0 20
18 20 12
1 3 6
22 23 2
9 11 12
23 23 9
4 7 8
8 11 7
3 4 11
13 16 9
18 21 11
8 11 15
22 0 20
7 9 11
19 22 15
20 21 6
21 22 6
16 18 10
4 6 7
19 21 19
4 5 7
3 6 6
12 14 10
10 12 19
14 16 9
23 2 8
20 22 15
4 6 7
12 14 3
14 15 10
13 15 9
0 2 13
18 20 10
11 13 15
11 13 9
15 16 17
21 22 19
18 20 4
4 5 20
16 17 6
11 12 18
5 7 9
0 2 18
11 12 17
23 0 3
23 2 13
17 20 15
2 4 11
2 4 11
7 11 13
2 3 17
11 11 19
20 19 8
21 21 18
4 6 3
21 22 20
22 23 19
6 9 5
2 3 20
18 20 1
19 21 1
9 11 3
22 0 20
13 14 1
17 18 12
3 3 19
0 4 4
15 19 8
5 7 8
4 3 20
21 22 17
13 15 4
21 22 13
4 8 5
10 12 16
8 9 19
10 11 2
7 9 15
21 0 10
7 10 7
13 15 10
0 3 15
22 0 15
20 23 1
21 0 9
18 22 7
2 4 12
17 18 17
9 10 4
23 1 9
10 11 7
13 14 12
17 17 15
2 4 3
20 21 10
9 12 15
23 0 13
17 18 19
17 18 20
16 16 3
23 2 14
20 21 7
18 20 13
3 6 15
23 0 11
10 11 6
1 2 19
12 15 18
1 4 6
23 0 12
13 14 7
6 7 10
0 1 4
21 0 11
21 23 18
6 6 16
18 20 4
7 8 13
5 8 4
6 10 19
6 8 4
23 3 10
19 21 12
3 6 4
23 1 1
19 20 19
9 12 10
7 12 5
7 10 16
2 3 11
12 16 19
9 11 11
3 4 7
20 20 5
4 7 3
9 11 14
2 4 11
17 19 7
2 5 8
1 4 8
10 12 12
10 13 5
23 0 17
13 17 11
8 11 1
17 17 5
9 10 19
6 9 3
23 1 17
17 20 11
6 8 12
14 15 16
19 21 19
14 16 6
10 12 12
21 23 4
20 22 11
9 10 1
2 3 17
13 16 2
22 1 2
6 8 20
15 17 1
3 5 17
8 9 18
11 13 17
18 20 10
0 1 12
0 1 1
1 4 17
10 14 13
16 18 13
13 15 5
14 14 5
0 3 20
11 12 20
4 5 4
13 16 11
23 1 2
8 8 12
15 17 1
20 23 13
7 9 7
4 8 9
3 4 9
6 6 1
19 20 4
0 1 7
7 9 17
18 19 7
1 4 14
0 4 8
22 0 16
0 2 19
22 0 12
12 15 1
6 9 4
15 15 13
16 18 11
10 13 1
1 3 14
15 18 18
6 8 18
16 18 5
19 21 17
21 23 20
2 5 8
8 11 5
22 23 9
17 19 2
15 18 19
12 14 14
8 10 18
6 7 18
2 5 4
22 1 3
16 18 8
10 11 7
4 7 15
14 15 15
7 10 6
6 10 5
2 4 13
9 11 10
20 21 4
13 14 16
7 9 20
11 13 14
16 16 10
1 2 15
18 20 15
8 11 2
9 10 5
1 3 10
5 7 12
1 3 18
16 19 9
15 17 11
13 15 14
11 12 4
18 19 11
3 6 8
21 23 14
9 11 12
12 13 16
16 18 7
22 0 3
16 19 3
17 18 17
9 11 11
9 13 20
1 2 8
23 0 15
9 11 8
1 3 2
17 18 11
16 18 19
19 23 3
23 0 14
17 18 8
5 5 5
21 23 13
22 0 14
18 21 11
13 15 20
4 6 14
19 19 8
23 2 10
5 8 1
11 15 20
15 17 8
10 12 9
12 13 6
21 23 14
4 5 20
2 3 4
5 6 16
5 8 1
7 10 14
20 23 16
17 18 18
17 20 13
1 4 14
23 0 17
14 18 9
17 17 8
14 15 6
7 10 5
17 19 15
12 13 11
10 13 15
9 11 10
7 8 5
0 1 3
7 10 15
10 12 6
6 8 17
12 12 4
18 19 20
2 3 20
11 14 2
2 2 5
17 20 19
15 19 19
10 13 17
5 7 20
12 13 4
17 19 10
18 18 9
7 9 7
4 5 19
11 13 2
19 20 18
13 17 3
17 18 9
1 5 1
5 6 9
8 10 12
3 6 18
3 5 17
15 16 11
8 10 16
21 21 17
16 18 3
11 12 13
19 21 7
8 9 13
22 22 2
23 0 8
12 14 13
22 0 12
0 1 19
14 16 12
17 20 15
13 15 4
9 12 1
22 1 5
18 19 15
5 8 18
2 4 6
7 10 6
21 0 17
0 1 18
20 22 5
3 5 15
20 0 1
15 16 12
18 19 5
5 9 14
0 2 2
20 19 20
7 10 17
11 13 12
1 4 10
17 19 19
5 6 10
3 5 10
4 8 17
12 14 4
12 15 19
23 2 5
1 1 18
18 23 7
15 17 4
