90 20
12 12 6 3 15 2 7 10 10 18 1 4 15 13 16 13 11 9 4 5 
16 18 17
14 15 5
14 16 12
2 3 7
19 22 15
14 14 14
2 4 6
7 8 12
5 5 6
21 21 11
23 1 14
6 8 9
3 4 15
14 15 2
10 12 1
13 14 10
8 9 3
22 1 9
11 14 20
16 20 8
10 12 3
12 14 8
11 15 2
20 23 15
3 5 9
3 5 19
16 18 7
15 17 3
11 12 8
17 19 16
3 5 17
7 9 13
5 7 11
15 17 19
13 15 9
14 15 4
15 18 1
6 8 7
3 4 8
8 11 18
1 2 1
17 16 15
20 22 1
5 7 6
3 4 13
17 20 8
21 23 3
9 11 13
6 8 16
7 8 17
22 0 19
11 13 3
2 3 11
4 7 12
1 4 15
5 5 20
8 10 3
11 13 8
5 8 13
11 15 17
7 12 11
22 0 3
7 8 11
22 0 11
8 10 14
12 13 10
15 18 9
4 6 6
13 15 9
5 9 9
12 14 8
0 3 6
20 23 10
6 6 20
10 11 14
19 19 15
8 8 18
14 15 14
13 15 11
10 12 2
2 3 1
23 0 7
21 1 19
2 3 4
12 14 6
1 5 8
18 20 19
4 5 19
5 10 4
16 20 3
