900 20
10 18 5 7 5 16 1 15 9 7 19 15 8 8 19 17 19 8 6 15 
18 21 15
18 19 16
7 10 14
2 6 20
17 19 4
18 19 6
10 13 16
0 2 16
18 21 9
1 3 7
5 6 9
15 16 3
2 4 13
7 10 2
14 16 6
11 10 12
7 9 10
10 12 9
16 17 1
7 9 15
14 16 12
20 23 20
20 22 7
16 17 18
3 5 9
15 16 19
13 14 1
3 4 1
4 6 6
11 13 10
19 23 1
9 11 1
0 3 19
15 16 6
16 18 11
15 17 14
14 14 18
12 14 8
16 18 11
14 15 16
21 23 7
7 9 18
22 0 12
5 8 9
6 8 11
13 13 9
0 3 4
10 12 6
10 12 14
4 7 10
1 2 2
23 0 5
8 10 18
0 -1 6
7 9 4
15 16 5
7 9 6
1 4 9
12 15 17
16 19 2
5 7 10
14 16 12
13 14 4
0 1 14
20 22 20
13 15 14
23 2 6
17 18 5
21 22 15
5 5 16
12 13 15
18 20 8
2 4 20
2 5 8
13 15 14
23 0 12
15 17 12
3 4 13
22 23 19
13 15 4
20 22 15
21 23 13
17 20 16
1 3 12
19 21 19
17 19 12
8 12 18
1 4 6
6 8 14
17 19 6
22 0 14
11 14 9
7 8 4
3 7 15
7 8 17
21 0 20
15 16 9
12 15 15
23 23 11
8 11 16
9 11 7
5 6 18
6 9 9
16 16 10
13 14 9
6 9 14
7 11 10
2 3 3
18 20 18
5 7 6
1 2 18
13 15 18
22 2 12
1 3 8
15 15 19
20 22 13
10 11 3
2 5 4
23 1 10
9 11 9
16 17 4
19 22 1
1 2 3
1 3 17
11 12 15
2 3 3
4 4 10
0 3 7
4 4 16
17 20 11
15 20 11
19 21 7
0 2 1
10 11 8
12 13 1
7 9 9
7 11 17
3 6 1
2 3 13
7 8 20
20 23 3
4 6 7
0 3 8
18 20 6
2 3 8
6 9 20
6 10 9
3 4 16
6 8 18
19 21 10
8 11 16
10 13 1
20 22 10
1 3 16
14 17 12
20 23 8
15 15 2
23 2 13
22 2 2
8 11 11
17 18 15
18 21 16
17 17 20
0 2 5
2 3 7
11 12 1
6 8 10
1 4 10
4 7 4
10 12 17
16 19 7
8 9 7
20 21 1
22 1 18
21 0 16
13 14 17
22 0 12
15 17 8
19 20 11
11 13 2
4 5 20
15 16 17
19 21 10
22 0 2
13 13 4
0 3 4
22 0 11
9 12 20
4 7 14
9 12 10
3 6 7
9 12 19
2 4 17
22 23 9
14 18 12
8 9 8
21 22 12
22 0 10
9 10 6
0 2 16
0 3 12
9 12 20
20 22 13
11 14 15
21 23 19
13 14 4
10 13 10
19 22 16
11 12 18
14 15 9
19 20 9
9 11 20
21 0 8
2 4 14
9 10 1
10 13 19
10 12 13
8 10 8
1 4 19
0 4 12
15 17 5
17 18 7
12 15 5
18 20 11
22 1 10
11 12 17
16 18 14
10 13 5
20 23 15
21 23 6
10 13 9
8 10 6
6 7 18
13 16 5
5 7 5
6 10 13
16 19 2
18 19 14
19 20 10
22 1 13
22 23 18
10 11 18
11 13 7
20 22 10
6 7 3
15 18 9
17 19 14
18 20 19
17 18 20
8 10 18
21 22 15
3 6 17
12 13 3
4 5 13
12 14 7
16 18 2
23 1 8
16 18 11
5 5 13
3 4 3
14 14 2
5 6 15
23 1 3
4 7 7
3 4 2
14 14 4
13 16 16
1 2 4
2 4 16
6 8 14
16 18 17
3 4 19
5 6 12
14 16 7
22 22 15
13 15 7
21 22 17
8 10 6
14 15 10
7 9 14
18 20 11
23 1 6
22 23 18
0 3 10
12 14 11
18 22 6
23 1 8
10 12 6
16 16 18
20 22 2
3 6 15
9 11 15
0 2 19
12 14 4
17 18 17
13 15 15
17 20 16
21 0 11
4 7 4
2 5 5
0 2 7
17 19 1
16 18 17
14 15 12
23 1 16
8 9 9
7 10 14
10 11 1
13 15 17
0 2 8
9 11 16
20 22 9
10 9 4
17 18 13
13 15 20
18 20 1
7 9 1
18 20 6
8 12 18
18 18 17
0 1 13
5 7 15
22 23 8
20 22 11
0 1 1
6 8 15
22 1 16
11 13 8
6 8 13
7 8 13
13 15 18
15 16 18
1 1 15
1 2 14
5 6 1
10 13 13
14 15 9
1 3 16
6 8 4
1 2 10
5 9 9
21 21 2
3 6 4
8 12 4
1 4 18
23 2 15
7 9 5
10 13 20
14 16 9
8 9 16
18 21 18
12 14 17
22 23 1
2 4 19
15 18 5
21 23 13
7 9 15
1 1 9
16 17 1
18 20 4
13 14 1
7 10 10
4 6 10
20 0 17
7 8 18
6 6 8
3 4 12
4 8 13
20 23 13
6 8 3
13 15 17
2 5 17
8 11 3
15 17 16
3 6 4
7 9 10
7 9 17
1 4 14
21 23 20
10 13 1
8 10 13
16 20 17
0 1 8
14 17 2
20 22 12
13 16 3
15 17 20
8 11 15
22 1 11
15 17 20
3 3 19
13 16 4
4 6 18
11 13 3
1 4 1
6 8 11
18 21 2
0 1 8
10 11 18
22 0 5
19 21 9
2 5 14
8 11 15
0 2 5
22 1 19
10 11 5
22 2 19
12 16 2
7 9 12
10 12 20
19 20 1
15 17 2
7 9 18
6 8 8
11 13 20
14 17 11
1 2 1
10 11 6
20 22 12
15 16 17
13 16 8
11 13 11
21 23 8
17 21 17
11 13 16
18 22 15
14 15 20
11 13 8
19 21 10
16 16 1
23 1 5
18 21 11
7 9 9
10 12 14
12 15 11
12 15 8
3 6 13
16 18 17
12 14 1
21 22 7
12 14 18
23 1 15
22 1 3
1 4 17
9 13 5
20 22 9
11 12 16
2 3 15
5 8 8
16 18 15
18 20 10
19 20 19
13 13 4
11 13 2
8 9 20
20 22 2
10 12 8
15 19 1
16 17 9
20 21 2
14 17 5
20 22 1
17 18 10
6 9 13
11 15 5
7 9 7
15 18 9
14 15 11
12 13 10
11 14 16
6 8 7
13 16 1
22 23 2
2 5 11
1 4 3
20 22 5
1 3 20
6 8 20
3 4 9
12 14 4
16 18 20
21 22 3
2 4 7
2 2 3
4 6 14
7 9 16
3 5 14
23 2 20
0 2 1
17 19 10
8 9 16
10 11 7
20 0 16
5 7 4
7 8 6
19 23 6
11 13 1
11 12 12
21 1 20
7 9 3
21 23 8
15 18 20
13 17 16
7 9 4
12 14 19
13 15 17
18 20 15
10 12 6
1 3 16
19 21 9
16 17 18
0 0 13
19 19 8
2 4 18
7 8 16
6 7 18
15 17 15
4 5 13
7 8 6
15 18 5
21 0 18
5 6 6
17 18 19
9 11 19
18 20 14
17 19 20
20 22 6
8 10 7
14 15 16
22 1 9
19 20 10
19 21 1
22 23 20
8 11 17
10 14 13
18 20 12
11 14 6
23 2 18
3 4 1
23 1 7
7 6 6
9 9 14
17 17 10
12 15 16
23 0 10
3 4 12
22 0 10
11 14 7
8 9 1
22 1 6
19 21 14
5 8 13
20 22 10
17 19 7
20 21 20
10 13 14
2 4 5
9 11 3
17 19 20
12 15 9
6 8 9
19 21 13
3 7 17
2 4 1
12 15 3
19 22 19
11 13 9
7 9 17
5 7 16
13 16 11
1 3 16
23 1 20
16 20 12
16 17 2
8 10 15
6 8 15
9 10 4
21 22 15
5 7 18
11 13 1
6 9 12
19 20 1
3 7 1
22 0 9
19 22 18
9 13 12
13 14 17
14 16 7
19 21 10
0 0 12
3 4 19
8 11 6
9 11 1
14 17 8
0 2 18
22 23 5
20 0 17
4 7 9
11 13 16
11 11 4
16 17 17
13 15 6
15 18 19
9 10 6
9 13 18
20 20 19
23 0 12
17 18 5
0 2 18
3 5 8
17 21 7
13 14 2
10 11 12
8 10 8
22 1 12
12 13 8
4 6 18
18 20 14
11 13 8
6 8 9
22 0 8
17 20 5
18 21 11
6 8 16
8 10 10
14 17 13
21 22 12
12 14 15
6 6 11
1 2 1
14 17 19
15 16 15
17 20 11
17 19 6
5 7 10
18 21 14
16 17 3
23 0 7
21 0 19
16 19 3
1 1 11
22 21 15
2 4 16
4 5 2
12 14 8
17 19 20
17 17 12
4 6 11
5 7 8
6 8 17
6 6 8
10 10 6
5 8 3
13 14 1
23 1 16
15 17 12
16 18 6
6 7 20
12 14 10
9 11 20
18 21 18
15 17 18
5 7 4
20 19 11
11 15 12
12 14 17
16 19 15
17 17 5
17 20 11
17 19 6
22 0 20
3 4 8
1 3 13
9 10 12
3 6 8
13 15 12
1 3 9
4 6 9
17 19 9
3 4 2
6 8 7
12 14 9
13 16 15
10 12 3
1 3 19
0 0 13
3 5 6
16 17 19
23 0 2
8 9 7
0 4 11
18 22 13
21 22 17
1 4 8
23 0 7
22 1 16
19 22 2
10 13 2
22 1 12
16 18 5
0 2 15
15 17 4
1 3 15
13 16 13
6 7 13
1 4 5
6 8 19
18 21 1
22 22 4
7 9 13
4 6 8
18 22 6
19 23 20
6 8 10
6 6 16
6 8 14
14 17 11
0 3 5
9 11 15
11 13 19
12 14 7
12 13 12
20 22 15
9 11 17
17 17 4
19 23 1
0 2 13
4 7 5
6 9 12
20 23 12
12 14 1
2 5 3
10 13 11
18 19 18
15 16 19
7 10 14
23 1 13
4 6 17
4 7 11
16 19 13
18 19 3
0 2 16
6 6 10
23 0 19
20 22 12
8 10 5
11 14 10
18 20 3
4 5 14
17 19 12
3 7 7
5 7 20
3 5 1
14 15 19
19 20 8
3 5 18
12 14 4
10 12 12
11 10 13
12 15 12
1 3 7
9 12 9
14 17 7
1 4 2
13 16 9
6 8 12
20 23 17
20 23 10
7 11 8
23 0 3
22 0 9
6 7 20
20 0 10
1 4 8
14 16 2
18 21 16
19 19 2
0 4 14
23 3 19
17 19 10
17 18 4
2 6 11
5 7 2
23 2 19
23 1 19
6 7 2
21 23 20
19 20 19
11 12 15
11 16 14
18 20 2
10 13 17
14 16 5
7 7 2
13 13 1
21 23 18
11 13 12
9 10 9
11 10 20
10 13 12
18 19 13
12 13 2
23 0 19
6 8 15
3 6 10
13 16 2
16 18 5
20 21 1
14 17 11
14 16 14
6 7 14
19 21 8
14 15 6
17 19 8
13 17 20
6 8 9
8 9 3
11 13 11
10 11 20
21 22 7
3 3 18
13 13 17
14 16 20
1 3 12
10 12 13
12 12 8
8 11 19
17 17 2
18 20 1
11 13 5
8 8 6
18 19 10
14 15 3
3 4 5
6 9 7
12 13 11
8 9 19
19 21 6
5 7 18
9 11 19
21 23 16
22 2 17
12 16 13
17 18 11
1 3 11
21 1 11
23 0 12
3 5 2
3 4 4
7 8 4
17 19 11
2 5 5
5 9 20
15 16 18
2 5 4
20 22 12
9 11 14
19 21 17
17 21 9
22 0 18
0 3 7
22 1 18
10 13 19
5 8 19
17 18 6
19 21 15
13 15 11
21 22 7
21 23 1
20 23 8
17 19 19
0 0 5
3 6 18
2 5 18
14 15 16
12 15 7
10 12 12
12 15 13
16 18 5
6 10 19
16 20 20
19 21 15
11 14 11
3 5 18
1 5 11
22 1 14
21 23 11
10 13 14
2 2 19
13 14 14
8 8 2
21 22 6
19 19 20
22 0 14
6 8 1
0 2 15
1 1 9
13 14 17
2 4 16
6 8 1
