930 20
20 16 8 2 15 18 5 14 8 3 4 3 6 4 12 11 10 3 10 14 
2 5 13
22 22 13
10 13 16
2 5 14
2 5 12
19 20 4
6 8 5
9 11 16
21 23 17
21 23 18
11 13 4
11 14 2
15 18 20
1 3 10
8 11 14
4 7 6
11 14 11
8 9 16
1 2 13
19 20 2
8 11 14
2 3 15
17 19 6
18 20 8
10 10 10
21 23 20
13 17 8
20 22 15
2 4 12
6 9 8
19 21 5
18 21 9
21 22 3
21 23 8
10 13 7
3 6 14
20 20 1
1 1 14
0 3 7
12 14 17
5 7 6
13 15 9
16 17 18
23 2 19
9 9 12
16 19 1
22 22 15
11 13 6
23 1 6
20 21 11
12 13 12
14 17 4
13 14 2
2 6 3
19 21 5
4 6 5
9 10 8
14 15 4
2 2 5
19 22 9
14 15 12
6 7 5
6 8 12
15 17 3
6 7 8
4 4 7
4 7 10
23 22 19
3 7 9
19 19 4
23 1 14
2 5 8
15 18 6
10 12 6
5 7 17
18 20 16
5 6 3
1 2 6
18 19 12
14 14 4
17 20 12
19 21 9
10 13 7
16 19 11
13 15 9
0 1 2
16 19 20
20 22 12
15 17 1
8 11 17
10 12 14
3 4 16
18 19 5
14 17 8
16 18 16
18 21 1
3 5 2
0 1 19
6 8 11
7 9 4
2 4 3
12 13 2
12 16 12
8 10 9
22 23 3
0 4 8
17 19 12
21 22 15
9 11 4
16 17 11
11 13 17
4 7 5
8 9 18
17 19 20
6 8 10
6 9 1
22 23 5
15 16 8
17 18 11
3 6 20
2 3 19
2 5 16
7 7 7
9 13 18
13 15 13
10 11 20
1 4 15
19 20 20
3 6 19
8 10 13
7 10 14
5 9 11
10 13 20
0 3 11
22 21 20
23 2 20
5 8 5
11 13 2
23 2 16
22 21 11
18 21 1
13 14 1
2 3 11
9 12 8
19 22 5
23 2 6
11 14 7
20 21 3
10 13 18
12 15 15
10 11 16
0 1 6
12 13 16
1 2 19
22 1 12
10 11 16
17 20 19
13 15 13
2 4 20
20 23 5
17 17 19
19 21 8
14 15 2
16 19 10
18 20 9
5 9 11
1 2 10
21 23 8
6 8 2
3 3 3
1 3 5
11 14 14
2 5 16
20 22 11
6 8 15
8 9 3
14 16 3
21 23 10
7 8 14
12 15 18
13 15 14
19 22 19
8 11 10
15 15 10
19 21 7
4 5 19
1 2 17
12 15 16
18 20 7
21 20 19
11 11 19
19 21 8
20 22 1
0 3 9
8 10 5
10 13 19
1 4 17
8 9 18
1 1 16
15 16 1
10 12 18
14 17 14
7 8 19
3 6 7
17 19 5
0 1 2
16 18 15
22 1 14
15 18 9
5 6 9
6 10 13
12 15 2
19 23 17
2 4 16
1 2 8
2 2 19
18 20 17
1 5 5
4 7 2
15 15 15
3 5 4
21 23 17
23 1 4
1 2 17
16 17 18
1 3 20
18 20 3
13 14 17
6 8 5
12 13 15
19 21 3
9 12 3
5 6 1
15 18 5
15 17 17
1 3 9
13 14 9
20 23 2
17 19 10
3 4 5
16 20 20
14 17 10
20 20 5
7 10 6
9 10 20
3 3 18
8 10 5
2 5 2
17 18 2
9 11 11
3 4 7
8 9 7
7 8 5
17 18 12
9 13 13
16 17 5
9 11 20
8 11 2
4 5 5
20 23 15
1 2 7
16 20 5
6 6 7
10 11 13
18 20 20
1 4 9
18 20 3
10 11 6
20 22 11
8 9 13
3 6 15
0 1 13
18 20 1
10 12 8
4 7 14
23 2 3
15 16 6
7 9 13
8 12 15
23 2 16
0 1 4
21 0 18
19 20 3
9 10 11
22 1 14
9 11 18
4 7 15
17 19 6
3 5 14
9 12 10
11 11 16
6 8 4
18 21 9
1 2 19
4 8 8
8 11 1
12 15 15
7 9 16
3 5 11
3 6 2
2 4 14
19 22 17
21 22 4
8 11 19
8 10 17
21 23 19
8 11 3
10 12 7
9 11 4
7 10 10
21 23 20
18 20 1
8 11 2
5 8 12
11 14 14
20 21 7
19 21 19
5 8 13
18 20 15
12 14 17
23 2 19
6 7 14
17 18 10
1 3 3
13 16 12
8 11 8
2 5 12
13 16 6
4 9 20
0 3 8
16 17 1
23 0 16
8 10 1
8 8 19
16 17 6
1 3 19
16 19 16
21 21 14
22 23 14
3 6 17
15 16 5
18 20 17
21 0 9
1 3 9
15 17 15
12 13 3
7 9 2
3 4 9
7 8 20
4 5 16
11 13 18
2 3 4
9 11 4
19 21 9
2 4 6
19 21 3
19 21 11
21 0 14
10 11 17
8 10 3
22 0 15
12 14 1
1 2 8
7 9 16
4 6 7
7 8 17
10 13 16
12 14 19
15 16 5
7 8 11
19 22 1
14 15 20
5 6 10
12 14 2
4 6 15
1 4 3
17 18 14
11 14 3
1 3 7
12 12 13
8 10 18
5 9 17
1 3 4
20 23 7
2 3 3
20 23 3
22 2 15
14 17 2
23 2 10
16 17 8
23 2 1
9 10 4
21 23 13
21 22 4
6 9 2
10 11 19
20 22 5
6 8 18
15 17 10
6 8 18
12 14 12
11 13 8
11 12 8
4 6 8
5 8 9
12 13 5
9 11 6
2 3 8
21 23 3
18 20 16
1 4 13
17 19 20
10 12 16
20 22 8
16 18 9
0 1 18
2 2 4
13 14 11
14 17 11
4 5 19
12 13 17
22 0 2
2 4 13
8 10 12
8 11 11
21 23 15
17 18 18
1 2 17
3 6 3
0 1 3
12 14 15
11 14 13
18 18 2
6 8 5
6 6 8
8 10 2
12 13 17
14 14 3
12 16 2
18 21 2
15 18 11
7 10 16
16 17 5
8 12 10
15 16 7
12 13 5
1 2 12
9 11 9
23 2 16
13 13 7
17 20 2
21 23 7
15 17 1
4 6 20
12 15 2
2 2 5
18 19 12
4 7 6
17 19 1
3 6 8
22 23 7
8 10 8
0 2 15
1 3 9
7 11 16
2 3 13
6 9 20
0 3 9
6 8 17
17 18 15
8 9 3
6 7 2
17 19 18
19 22 3
13 13 3
9 13 11
6 8 10
23 1 10
5 8 19
6 7 12
22 0 13
17 20 18
17 19 12
5 7 14
14 16 20
5 6 14
8 10 2
8 10 16
15 18 20
23 1 19
17 19 5
17 19 13
8 11 8
7 11 5
0 5 17
2 2 4
6 7 11
21 22 4
1 4 5
1 3 7
14 17 13
2 4 3
4 7 15
19 21 18
17 18 8
1 2 11
8 11 9
1 2 4
14 16 9
0 1 11
4 4 4
3 6 3
17 19 13
10 13 2
7 10 5
14 16 12
1 2 18
11 13 6
19 21 13
9 10 16
9 13 10
12 15 16
4 7 16
8 10 20
1 2 18
9 10 13
9 10 9
9 12 16
10 13 16
2 2 16
8 10 2
19 21 13
1 3 4
2 4 7
13 16 18
8 8 19
3 5 20
14 16 16
22 1 17
20 22 7
7 11 7
22 23 7
8 9 16
22 0 11
23 1 19
21 23 18
1 2 10
10 11 16
14 14 17
0 2 9
8 12 8
6 9 17
21 22 20
21 21 13
8 11 14
0 1 6
4 6 4
6 9 20
19 21 14
15 18 17
12 13 8
20 21 3
15 15 9
7 8 8
8 12 18
20 22 6
18 20 14
18 20 3
12 16 1
8 12 13
10 13 14
8 12 15
8 10 7
2 5 13
22 0 8
15 18 11
18 19 9
21 23 15
8 11 6
17 19 9
21 23 3
20 21 6
2 5 18
7 9 19
20 23 6
7 9 20
6 7 10
9 9 9
13 16 8
0 1 5
6 8 5
3 5 18
20 22 7
1 2 16
18 21 11
3 4 15
10 10 5
16 21 9
11 13 17
21 22 3
0 3 20
0 3 2
11 15 13
15 14 9
17 20 5
11 11 2
14 17 12
5 8 11
11 12 13
15 18 15
7 8 12
21 23 20
4 7 7
16 17 15
13 15 2
10 12 9
16 19 3
14 15 12
20 22 9
0 0 8
23 1 3
0 3 2
18 20 11
2 3 18
23 0 17
11 13 18
12 13 10
1 4 11
11 13 17
16 18 6
22 1 16
1 3 11
2 5 13
3 6 17
4 8 3
8 11 1
8 10 9
7 8 7
23 1 9
2 5 9
7 11 19
7 10 20
0 2 4
4 7 9
5 6 11
7 9 6
3 7 19
2 2 18
3 5 3
4 6 6
13 14 13
6 9 18
5 7 5
13 15 18
10 12 17
4 5 18
16 18 16
4 7 13
14 17 5
13 15 19
10 10 18
17 19 7
21 0 9
10 13 10
18 20 5
11 14 14
7 9 14
16 17 2
7 10 15
4 6 10
18 20 8
3 7 14
9 10 6
15 17 12
18 18 11
2 4 2
15 17 6
0 3 8
2 2 14
19 22 20
13 17 3
6 8 4
18 20 17
8 9 11
11 12 7
17 19 1
1 4 9
2 3 5
7 9 8
21 22 16
11 13 17
1 4 11
17 19 11
23 1 3
9 12 1
8 9 5
3 6 12
10 13 1
16 19 7
11 13 16
6 7 19
8 12 17
20 22 1
21 0 8
20 21 5
1 4 17
22 23 10
16 19 11
22 0 13
10 12 8
18 19 8
22 1 17
6 8 5
5 7 11
14 16 19
22 22 3
13 15 12
19 22 12
11 13 9
14 17 5
2 4 4
22 23 5
12 14 5
3 4 19
14 16 5
13 14 10
16 17 5
17 19 16
23 0 1
16 17 8
8 11 9
20 23 6
4 7 9
1 3 13
18 20 17
3 6 14
11 13 18
18 21 7
17 21 4
11 14 16
13 14 10
1 4 13
14 15 19
10 13 3
22 2 5
4 6 14
22 1 11
15 17 12
6 8 15
2 5 4
9 11 11
23 0 16
13 16 13
14 17 2
7 8 8
3 5 12
12 14 17
3 3 14
3 5 12
20 21 5
23 1 12
16 17 13
8 10 18
3 5 7
17 19 5
7 10 18
2 2 8
1 3 13
0 0 18
17 20 3
7 9 15
10 12 8
21 0 3
5 7 19
22 0 16
20 23 17
5 7 12
23 2 18
1 3 7
5 5 3
1 2 7
8 12 19
4 7 3
10 13 10
22 23 7
2 6 8
19 21 13
14 16 3
22 23 20
19 21 9
16 18 2
14 16 1
23 2 6
19 22 19
13 15 13
9 10 15
2 5 5
13 15 20
18 19 12
17 19 14
23 0 12
9 10 17
0 1 3
8 9 1
9 11 6
10 12 6
8 11 17
5 6 20
3 4 19
8 11 19
6 7 10
14 15 2
10 10 11
7 8 16
6 9 20
16 17 6
2 4 10
13 16 9
8 11 19
23 2 12
10 12 12
18 19 2
18 19 12
4 6 12
17 19 8
6 9 5
6 10 18
20 23 19
4 6 13
6 8 4
12 14 7
6 9 20
12 12 6
16 18 2
23 23 9
4 5 16
13 13 4
11 13 2
10 13 9
23 2 1
7 8 8
12 15 6
0 2 15
16 18 8
10 12 6
16 18 3
19 21 20
9 10 17
16 17 19
8 11 16
12 13 2
9 10 19
19 22 4
16 18 4
17 20 9
1 2 4
17 19 4
2 4 20
21 22 8
17 19 14
13 13 18
16 18 16
19 22 17
4 5 8
3 4 19
5 7 3
18 19 6
5 7 5
1 3 9
7 9 6
9 13 16
23 1 9
1 4 12
19 22 17
13 16 16
21 0 4
9 11 14
22 23 15
0 1 9
12 13 9
14 17 12
19 21 13
13 16 12
0 3 17
13 16 1
14 15 7
10 13 4
7 10 17
21 22 4
17 19 16
11 14 19
12 15 5
16 18 10
1 3 9
4 6 15
21 1 19
15 18 12
5 7 4
16 18 14
15 16 12
23 2 17
9 12 19
20 23 11
10 10 20
18 21 13
17 20 8
15 17 11
10 13 5
20 21 19
15 17 6
12 12 13
18 19 9
5 5 1
16 17 12
23 2 15
3 6 11
18 21 1
3 5 14
23 2 10
18 21 14
13 15 17
5 7 10
10 12 4
17 19 19
10 12 9
6 7 19
5 7 7
5 6 1
18 19 10
18 21 10
