950 20
15 13 2 1 18 16 12 12 4 18 15 14 7 20 14 2 15 9 17 15 
20 22 19
1 2 10
6 8 4
22 22 9
18 20 13
10 13 12
10 9 15
1 2 10
4 6 19
13 15 5
1 4 3
16 20 8
6 8 20
20 23 1
12 14 1
14 16 19
1 3 3
21 0 12
3 5 3
10 13 12
19 22 10
17 19 19
3 7 8
18 19 18
19 21 16
9 11 12
3 4 1
1 4 13
4 5 3
10 14 3
14 15 3
16 18 5
23 3 19
20 20 19
6 8 12
7 8 16
3 5 16
21 0 15
4 6 15
17 18 19
10 11 6
18 21 16
20 21 10
10 11 18
2 5 11
18 22 16
0 2 4
13 14 2
14 17 5
16 18 4
8 10 2
2 4 9
1 5 5
15 17 10
10 11 7
19 21 16
8 10 15
7 10 12
13 15 6
19 21 18
19 20 1
0 0 5
16 17 17
1 3 13
17 20 17
23 3 2
3 5 18
18 20 12
0 2 14
15 16 13
16 18 5
4 6 9
12 14 11
5 7 19
18 20 7
9 10 13
0 2 15
4 6 12
13 15 7
3 3 16
10 11 1
8 10 1
18 20 6
9 11 12
17 17 1
13 15 17
21 23 4
15 16 7
2 4 17
14 14 14
0 4 20
14 18 16
19 22 7
19 20 8
13 16 13
2 2 3
11 12 9
21 0 11
12 14 3
6 8 15
20 22 3
21 0 6
3 5 20
13 12 8
23 0 20
9 10 5
10 10 1
10 13 16
21 1 12
13 15 10
8 11 4
16 18 17
0 2 1
12 15 8
2 4 7
7 7 6
22 0 5
2 1 11
5 5 8
16 20 2
12 15 20
2 3 11
23 1 13
13 17 14
2 4 1
18 19 12
23 3 13
14 17 4
9 13 13
13 15 2
0 4 14
21 1 16
10 13 4
8 9 13
22 1 9
16 19 12
10 13 11
2 3 6
15 17 19
14 16 18
21 23 8
11 13 18
16 18 10
23 0 15
3 6 20
9 11 11
12 14 15
10 13 14
0 2 9
13 15 19
20 21 17
19 21 3
21 22 6
20 22 2
9 11 15
20 23 2
11 13 14
23 1 3
20 21 1
0 2 19
5 7 8
13 15 15
23 1 7
4 6 13
7 8 8
20 21 5
14 16 10
6 8 8
6 6 17
20 23 13
3 6 14
17 19 8
16 16 4
8 10 16
15 18 5
4 5 20
21 0 15
11 14 10
4 7 6
16 18 12
5 7 13
7 9 12
4 4 18
2 4 16
19 20 10
10 13 17
15 16 18
19 21 13
10 14 2
16 18 19
8 11 14
17 18 1
16 18 6
17 19 6
13 16 18
9 8 13
21 21 3
5 6 8
15 20 15
4 7 14
15 17 3
16 18 18
0 1 4
14 16 3
2 5 13
9 11 20
15 18 19
16 17 2
2 5 18
2 3 10
17 17 5
9 13 6
9 13 17
17 20 18
20 21 16
12 13 20
22 1 13
20 21 12
20 21 6
20 22 18
12 14 14
17 19 18
2 4 3
19 18 13
7 10 12
16 16 20
10 12 12
10 10 8
16 17 13
3 4 20
6 5 7
20 20 12
23 0 16
12 14 19
2 6 20
9 12 20
13 15 2
13 14 16
0 3 7
17 19 13
18 21 1
6 8 5
11 14 11
1 3 20
16 17 16
2 4 2
15 17 11
3 5 8
10 12 12
0 3 19
10 12 15
2 0 6
23 3 20
13 15 1
9 13 13
1 4 3
19 22 17
2 5 6
9 12 11
4 7 16
1 3 12
6 8 8
3 3 5
2 5 20
14 17 15
8 11 17
7 10 20
17 18 13
4 7 15
18 21 1
2 3 4
10 12 3
10 11 8
18 17 1
12 13 19
20 0 13
22 1 16
11 15 15
4 5 17
15 17 5
21 22 10
16 16 6
11 13 16
1 2 12
9 10 4
12 13 15
3 6 7
0 3 8
6 10 4
9 10 15
4 7 6
10 13 15
13 13 19
13 14 18
4 8 20
20 21 6
20 21 14
18 20 13
21 22 9
17 18 20
3 5 17
3 5 6
3 4 19
10 13 3
4 5 1
19 21 18
6 8 2
0 3 3
4 5 14
23 2 18
16 17 1
5 6 2
8 12 9
4 6 7
20 23 2
14 17 20
17 20 9
1 4 5
4 7 4
16 17 7
12 14 18
19 20 20
7 11 17
16 19 12
22 0 17
22 0 2
20 22 8
1 4 6
10 12 5
1 5 20
23 1 3
10 13 4
13 15 17
12 15 4
12 14 9
8 10 15
12 14 11
10 13 17
3 5 9
7 9 17
1 5 16
4 6 17
11 13 7
9 12 1
19 23 16
4 5 4
13 14 19
21 23 18
8 9 9
6 8 14
22 0 15
21 22 5
17 20 13
22 1 16
17 19 16
16 19 16
11 13 15
14 17 18
20 22 8
23 1 17
7 7 11
4 4 10
17 19 8
2 3 3
21 23 15
15 19 3
0 1 18
22 1 2
19 21 5
23 1 15
11 14 20
7 8 9
18 20 12
11 12 11
3 6 15
17 18 20
12 14 8
12 15 13
13 15 15
20 22 18
4 5 11
19 20 11
4 6 9
5 8 17
14 17 10
3 5 13
20 23 13
8 10 18
12 13 1
5 8 20
1 3 17
7 10 18
16 19 16
15 17 14
6 9 9
14 15 10
9 12 5
6 8 18
17 19 8
23 1 3
18 21 4
23 2 8
19 20 18
8 10 8
9 10 13
22 1 15
3 5 6
11 12 1
22 23 2
0 1 3
13 14 4
10 10 12
3 4 6
3 4 18
19 23 20
13 14 7
7 10 7
2 3 19
8 10 4
5 7 14
21 22 9
11 13 11
7 8 14
23 2 5
3 5 2
12 16 14
17 18 15
12 15 18
18 19 5
1 3 4
13 16 16
20 22 19
14 17 5
5 7 2
11 13 16
1 2 14
17 20 5
23 2 13
0 3 9
10 11 14
22 0 11
20 23 1
6 7 20
19 20 16
19 21 10
21 23 13
20 23 15
6 9 16
4 5 7
3 5 20
15 18 9
13 15 8
23 0 19
5 8 13
16 17 4
10 12 14
20 23 19
22 0 9
16 18 1
4 7 3
13 16 2
9 11 5
3 5 4
1 4 9
18 20 11
1 2 10
22 0 11
4 6 19
0 4 15
0 1 20
19 20 10
19 21 17
17 19 19
5 7 9
12 15 7
19 23 14
21 23 15
12 14 9
22 0 16
10 12 19
0 2 6
22 23 19
8 9 19
0 2 15
21 23 2
6 7 13
16 19 10
6 7 6
10 12 12
4 6 8
9 11 11
6 8 7
21 0 11
22 1 16
4 4 19
14 16 1
21 0 19
12 14 14
22 22 1
5 7 15
20 22 6
12 15 13
5 6 4
2 4 19
15 16 5
15 17 6
14 16 18
16 17 7
18 19 11
3 5 19
16 18 7
0 1 6
23 1 16
17 18 14
18 20 17
17 19 15
17 18 11
2 4 9
11 13 4
22 1 15
7 9 7
19 21 12
18 20 14
19 20 12
10 11 6
8 8 1
22 0 5
14 16 12
13 15 19
6 9 9
8 9 15
23 0 14
22 0 19
2 3 12
1 2 19
11 12 1
13 17 18
0 2 1
13 15 14
21 22 12
1 4 19
15 18 4
13 15 7
0 1 11
14 17 15
6 10 18
13 15 16
4 6 15
2 4 2
20 22 4
5 8 9
8 9 5
11 13 1
0 4 17
2 2 2
23 0 1
0 1 20
9 12 3
20 22 2
15 16 6
22 0 13
23 2 10
7 9 2
17 18 19
21 23 10
4 6 17
18 20 17
14 17 9
21 23 20
16 18 7
8 9 6
11 14 13
21 0 7
17 19 5
15 16 8
9 11 11
11 13 6
14 15 7
1 3 9
22 0 15
8 9 4
0 2 14
14 17 13
19 21 6
14 16 1
21 23 15
15 18 17
15 17 18
12 15 9
14 16 9
23 1 20
18 22 10
15 20 2
15 17 20
9 11 9
5 7 3
2 3 9
3 5 20
15 17 6
10 13 12
0 2 3
16 16 12
9 10 1
22 0 2
9 11 3
20 22 19
13 15 3
16 16 8
16 18 9
21 21 3
5 8 10
2 5 3
12 14 9
19 21 7
14 17 6
10 13 6
5 8 20
23 2 8
13 15 9
20 23 5
0 2 12
1 5 18
14 15 8
23 1 2
16 17 3
11 12 12
1 4 9
17 19 20
22 0 11
7 9 2
8 11 13
2 4 18
0 2 2
17 21 15
5 7 10
15 17 13
15 16 10
10 12 3
4 7 13
3 6 10
10 11 1
17 18 18
4 7 9
12 13 7
10 14 14
18 19 18
8 10 6
23 0 19
14 18 2
16 18 10
4 6 16
10 13 3
17 19 19
17 18 6
23 0 9
4 7 1
8 9 14
17 19 9
21 22 18
1 3 3
7 10 16
10 12 2
0 3 18
14 16 20
4 7 13
3 5 7
8 10 16
17 21 10
8 10 8
19 20 19
7 8 20
18 20 1
3 3 5
6 8 9
4 6 9
18 21 20
17 19 10
20 22 4
12 13 3
20 21 13
23 1 2
3 4 16
20 22 6
14 15 4
19 19 10
5 7 16
7 10 9
9 12 1
5 8 5
12 14 2
15 16 12
3 5 15
12 15 3
13 16 9
8 11 10
17 19 11
11 12 15
5 7 12
7 10 18
17 19 13
3 5 1
10 11 11
6 7 9
1 2 18
6 9 17
3 4 4
3 6 15
9 12 3
18 20 15
15 18 8
1 3 14
3 6 9
7 11 18
12 14 10
3 3 9
22 1 7
23 0 3
0 1 6
21 1 16
22 1 3
10 12 17
3 7 15
23 1 4
15 16 19
11 12 14
11 12 1
7 8 10
18 19 7
10 12 11
18 20 6
3 4 10
15 18 5
5 6 4
11 12 1
3 4 5
16 21 1
23 3 9
20 21 20
13 15 18
22 0 6
13 15 17
14 16 7
19 20 9
0 3 2
15 18 19
17 19 18
10 12 8
7 10 10
21 0 18
10 11 6
8 11 15
13 14 6
4 6 2
3 6 11
14 17 15
7 9 14
0 2 4
18 20 5
2 3 19
3 7 19
20 20 15
6 7 10
17 19 5
0 3 12
2 5 9
23 2 20
0 2 7
23 2 11
7 9 11
17 16 15
3 6 19
1 3 19
19 21 6
0 4 19
18 20 13
23 1 5
9 13 9
15 16 10
16 16 10
6 8 7
1 2 17
7 9 2
1 4 19
21 23 3
11 12 2
19 21 13
1 4 8
20 22 17
4 6 15
14 16 4
18 21 17
9 11 6
2 4 18
3 4 3
1 3 7
1 4 14
14 16 17
16 18 7
7 11 11
16 18 6
16 17 19
9 13 2
8 9 8
9 12 15
14 17 10
16 17 4
1 4 9
8 10 2
11 12 11
3 4 14
0 3 11
22 23 5
12 13 13
11 16 2
8 11 5
17 18 12
15 16 14
5 7 9
20 19 14
15 16 1
16 18 2
22 1 6
7 11 14
7 9 2
17 19 2
11 13 15
10 11 1
10 12 5
12 13 5
13 15 8
15 16 6
1 2 2
14 14 2
16 17 20
7 9 12
10 14 15
3 5 4
19 20 4
21 23 19
3 4 11
4 4 16
10 12 8
23 23 1
23 0 15
21 0 1
11 14 3
12 14 9
15 18 7
4 6 3
2 5 15
19 20 8
12 15 15
15 17 20
12 14 18
23 0 17
16 18 16
9 9 7
20 22 3
18 19 6
3 5 18
9 12 11
16 18 2
18 21 6
8 9 9
0 0 10
7 10 13
14 14 19
5 7 1
8 9 13
20 21 7
14 15 5
12 14 8
2 3 10
6 7 7
10 12 8
6 8 19
21 22 20
17 19 1
20 22 16
4 5 2
5 7 17
2 4 5
14 15 2
11 13 16
18 19 16
13 16 17
1 4 17
2 4 11
16 18 6
10 13 6
12 13 15
21 0 14
22 0 6
15 19 10
2 4 18
10 13 11
22 2 15
20 21 5
1 4 3
4 5 12
2 5 14
13 16 12
0 3 10
22 1 7
5 8 5
0 2 1
19 22 17
18 19 1
20 21 12
22 0 19
6 9 3
16 19 2
23 2 11
17 20 17
21 2 11
19 21 6
9 12 1
8 11 12
22 1 12
21 0 12
11 13 19
18 21 4
6 9 18
3 5 17
16 19 15
19 22 13
13 15 9
5 7 12
14 17 19
23 3 3
21 22 17
13 15 3
8 11 4
18 21 15
20 23 19
21 0 9
1 4 1
4 8 7
15 16 17
8 8 19
6 8 17
7 9 11
23 22 10
2 4 2
16 19 20
14 17 18
6 7 12
15 18 11
0 3 12
5 7 2
