970 20
4 1 19 13 14 16 18 12 15 17 18 17 12 9 8 4 1 2 13 5 
11 15 8
14 15 13
0 5 18
20 21 16
12 13 18
1 3 8
8 12 6
15 17 12
0 2 7
1 4 4
20 22 7
16 18 19
12 15 10
1 3 12
22 23 1
17 20 1
8 8 5
6 8 10
18 20 8
3 4 18
23 22 10
19 21 18
21 22 14
3 5 3
22 1 5
21 23 7
20 22 15
19 21 14
3 6 3
19 20 18
14 17 18
3 5 13
11 12 10
11 13 20
6 9 13
14 17 2
13 16 4
6 6 13
14 14 6
7 10 10
20 23 13
6 9 16
0 1 7
11 13 11
5 7 13
23 3 10
11 10 5
8 9 14
20 22 17
11 15 15
15 16 16
1 3 9
22 23 14
22 0 2
2 3 13
13 16 9
3 6 12
16 19 20
12 13 2
22 0 12
12 13 4
19 20 19
20 20 16
6 7 16
14 18 3
7 8 8
23 23 16
10 13 13
2 4 6
8 10 8
20 22 20
17 17 11
10 12 8
23 0 9
5 8 5
4 7 2
13 15 9
1 3 9
4 8 20
17 18 2
8 9 1
12 13 3
18 20 7
8 10 12
5 8 13
8 9 4
8 10 8
6 9 6
14 16 11
15 17 7
4 6 7
14 13 10
2 4 15
6 7 15
20 22 3
5 7 7
20 22 19
22 0 8
13 16 1
1 1 1
13 15 3
21 23 3
23 23 9
9 10 3
11 10 17
6 8 18
22 23 9
23 1 12
18 19 3
13 16 12
4 7 8
7 9 16
14 18 2
10 12 3
11 13 6
16 19 12
9 10 15
10 12 5
10 13 10
19 22 10
4 7 8
20 23 8
6 6 11
23 1 17
18 20 14
1 5 11
20 22 1
11 13 7
14 16 4
19 20 19
18 20 3
9 12 12
18 21 14
17 18 10
0 2 11
8 11 18
5 8 15
8 9 12
14 16 12
22 0 7
1 4 12
7 8 14
1 3 17
13 13 10
20 21 2
22 0 20
15 17 7
1 3 20
12 13 17
15 15 4
22 23 8
17 19 20
5 8 13
19 22 9
15 18 9
7 9 20
14 18 15
21 23 16
5 4 17
21 22 1
2 6 10
11 14 17
21 20 8
9 10 11
19 21 5
1 1 13
10 14 1
10 13 13
5 6 17
18 19 16
9 9 10
20 21 1
2 5 15
13 14 19
12 14 1
8 9 3
9 12 11
14 17 12
7 10 12
18 19 4
23 2 9
2 4 3
20 21 2
10 12 2
3 5 9
21 0 8
1 3 15
9 11 3
11 15 2
6 8 8
9 11 9
13 15 17
3 5 13
1 2 3
18 20 20
5 8 15
20 21 13
10 12 20
1 3 2
8 11 10
19 20 1
2 5 16
1 4 2
3 7 3
20 23 5
9 11 6
20 22 19
22 0 16
2 4 2
9 11 6
1 4 1
12 15 1
23 1 1
11 14 20
12 15 12
6 7 15
0 0 12
9 9 18
8 9 2
9 11 15
20 22 7
7 10 14
5 7 3
13 15 6
17 18 16
23 1 15
23 0 12
23 2 2
5 8 20
14 16 9
19 20 8
14 16 6
6 9 3
14 14 3
18 20 6
0 2 2
7 9 2
14 15 9
6 8 16
10 10 7
0 2 4
1 3 2
19 22 17
10 12 17
13 18 12
12 13 1
13 15 10
12 13 16
9 10 9
19 22 1
10 10 3
2 4 12
3 4 13
21 23 6
7 9 13
16 18 8
1 3 1
8 12 14
1 3 5
9 11 18
8 11 5
3 6 9
5 7 11
1 3 13
6 9 8
14 16 12
2 4 20
5 7 3
16 18 12
2 5 1
10 12 5
23 3 3
0 4 17
4 4 8
3 6 4
2 4 4
0 1 6
14 16 5
2 4 19
20 23 15
8 11 19
14 15 6
10 12 9
21 23 2
13 15 17
19 21 12
14 15 6
3 4 9
15 18 10
3 5 3
9 12 17
16 19 12
0 1 5
0 3 1
0 1 3
22 1 13
22 1 5
7 8 11
13 18 16
5 8 2
0 3 12
22 23 4
6 7 6
22 0 11
22 1 1
14 14 15
18 21 3
6 6 5
18 20 19
9 11 12
6 9 8
4 5 9
7 11 4
22 23 16
23 23 3
3 5 14
2 3 14
5 6 12
22 0 10
4 7 4
8 9 17
21 0 8
11 14 13
9 12 11
3 6 10
1 4 15
12 15 3
19 20 4
12 14 12
15 18 6
19 22 13
23 1 15
23 1 11
6 8 18
2 5 3
5 8 2
15 18 6
16 17 14
4 7 17
1 3 13
16 17 10
14 15 16
21 21 4
23 0 19
17 18 17
16 18 9
0 0 6
0 2 20
19 22 17
13 14 16
6 9 5
2 5 2
13 14 9
18 20 12
10 13 20
20 22 1
16 17 14
19 22 17
8 10 15
5 7 17
2 5 17
17 18 10
15 17 18
23 1 5
12 14 4
2 5 8
20 23 19
10 12 6
0 0 12
23 1 16
7 10 12
10 11 19
17 19 10
4 7 8
15 17 20
21 23 1
15 17 11
5 7 11
18 19 1
23 0 17
1 3 6
21 0 9
2 4 4
17 18 4
3 6 20
18 18 5
18 20 14
3 5 13
20 20 18
21 23 8
2 3 13
11 14 13
13 13 12
2 4 9
14 16 6
10 12 14
6 8 10
18 22 17
4 5 2
20 23 8
4 5 12
23 0 4
16 18 11
4 9 14
1 5 16
5 7 11
2 5 12
6 7 14
18 20 13
5 7 5
18 19 14
8 9 4
12 15 15
7 10 9
20 21 18
2 5 2
15 16 6
7 10 18
5 6 1
22 0 15
10 11 4
3 6 17
15 16 15
10 11 17
11 13 20
21 23 10
22 22 15
7 8 10
5 7 13
16 18 19
6 7 3
9 12 6
18 20 17
18 19 1
14 16 15
11 14 7
15 17 4
4 5 7
0 2 11
19 21 11
13 14 2
4 6 16
14 15 12
3 5 20
10 10 18
17 18 5
8 9 5
12 14 18
6 7 3
17 20 11
16 18 15
10 12 12
17 19 9
8 10 9
22 0 16
7 8 9
3 5 5
10 13 5
11 13 10
11 12 4
17 18 7
20 23 11
11 14 2
6 8 15
1 3 20
10 12 18
22 0 17
20 21 20
19 20 13
6 9 9
0 3 4
16 18 4
7 9 4
18 20 9
8 11 20
6 9 13
7 9 1
6 7 13
0 3 15
19 21 14
17 19 7
15 18 5
8 9 7
9 9 3
9 12 20
11 14 7
15 17 2
23 0 10
19 21 17
8 8 3
19 0 20
12 13 12
4 6 3
17 20 13
7 9 18
11 14 16
0 3 9
22 2 11
7 9 14
12 14 11
1 2 18
20 21 17
17 19 17
20 20 10
4 5 14
11 13 13
0 3 5
14 14 1
18 20 4
14 15 20
4 7 10
4 7 1
3 5 3
20 21 15
5 7 10
9 11 8
4 7 3
8 10 6
1 3 20
8 12 1
1 3 1
3 6 4
11 13 15
2 3 18
14 16 3
14 15 17
8 11 11
23 4 5
3 5 1
0 2 3
9 11 4
11 13 3
6 9 5
2 4 4
23 0 19
20 21 16
23 0 2
7 9 10
8 10 13
11 15 20
20 21 17
10 11 9
10 10 6
22 0 7
4 5 18
13 14 11
8 10 20
3 5 14
14 16 11
4 8 20
4 6 2
23 2 8
21 21 13
13 16 8
4 5 19
19 21 14
20 21 14
14 17 18
5 6 11
21 23 2
3 7 18
7 9 1
5 8 6
6 7 8
2 4 9
21 23 20
22 23 15
7 8 6
5 6 15
4 7 17
23 1 12
11 13 4
10 11 11
18 18 14
21 21 17
10 13 5
13 14 8
5 6 18
14 16 13
14 17 12
7 11 1
8 9 17
11 13 12
15 17 12
22 0 9
18 19 19
9 10 15
1 3 3
13 15 11
18 21 2
13 16 18
17 18 18
14 16 6
16 18 11
5 8 18
7 9 4
4 5 7
7 9 8
6 7 16
17 18 17
7 9 14
2 3 13
9 11 7
22 1 7
17 18 5
17 21 14
19 20 7
13 14 6
3 6 20
22 23 16
3 5 9
14 16 8
6 9 14
0 3 17
20 20 1
4 5 2
16 17 9
23 1 14
12 14 16
0 3 13
17 21 1
12 14 10
17 19 12
20 23 12
5 6 1
10 13 6
12 14 15
5 7 17
23 2 20
9 12 14
15 19 9
9 10 7
21 23 16
23 1 15
6 8 10
8 9 20
5 8 10
20 20 3
9 11 5
8 10 12
18 21 4
17 20 17
12 13 13
16 18 20
15 16 11
23 0 6
11 12 3
11 13 8
18 21 12
23 0 12
18 19 5
10 13 1
14 15 16
6 9 4
1 3 14
23 1 17
10 12 18
17 18 10
17 19 12
18 20 5
4 7 12
0 2 8
6 9 7
17 19 13
16 16 11
7 8 2
8 11 11
15 17 3
15 17 7
15 18 9
16 16 4
7 9 16
7 8 1
20 22 20
3 5 8
3 5 3
4 6 14
18 20 6
23 2 8
3 4 13
17 19 15
20 21 15
15 17 20
23 0 19
2 3 12
3 5 15
22 1 17
3 5 12
15 15 13
6 7 12
1 2 10
12 14 6
3 4 4
10 13 7
3 5 20
2 3 11
6 7 7
17 20 2
15 16 12
21 23 11
6 8 11
15 18 18
14 16 3
11 15 13
10 13 5
11 11 1
15 15 7
21 23 11
5 8 12
7 8 16
9 11 16
14 18 5
12 15 20
22 1 16
20 22 11
23 0 5
1 2 20
19 22 1
7 8 16
22 0 16
13 14 1
5 8 8
0 3 20
7 9 14
6 7 11
10 12 1
9 11 16
0 1 7
17 20 3
20 23 18
5 7 7
7 8 2
18 19 1
9 13 5
2 5 15
5 7 4
3 5 11
21 0 10
4 7 10
19 21 8
16 18 3
16 18 12
21 23 7
10 11 3
23 0 2
14 17 17
3 5 15
15 18 9
1 2 14
23 0 7
8 9 4
22 0 18
14 17 8
8 9 6
3 5 9
16 18 10
18 19 1
13 15 5
5 8 18
10 14 1
2 7 1
0 2 15
13 14 19
17 20 6
14 15 6
8 10 12
22 0 16
11 14 2
8 11 6
13 14 16
20 21 14
7 9 19
16 18 20
14 17 9
17 19 3
20 22 13
12 13 8
16 18 18
7 9 7
4 5 12
4 5 2
21 0 11
6 9 16
16 17 10
14 15 7
6 9 9
8 10 18
1 4 3
23 2 19
14 14 7
8 10 5
14 16 11
23 1 17
11 13 1
20 23 18
5 7 9
17 19 17
21 23 2
16 19 12
5 7 8
9 11 8
3 4 2
16 19 11
5 7 13
0 3 17
0 1 10
20 1 15
3 5 3
8 10 9
3 3 6
15 17 17
9 10 9
6 8 18
9 10 15
7 8 12
22 0 11
1 1 6
8 10 11
15 18 5
21 23 10
17 19 1
1 4 15
4 7 2
6 10 17
21 23 6
1 1 5
9 11 18
6 8 12
16 16 14
10 12 16
16 20 13
8 11 16
13 15 6
15 15 10
6 5 19
4 7 3
18 19 17
12 14 7
0 2 12
8 10 1
20 23 8
19 21 20
13 16 14
13 15 7
7 9 3
14 16 13
21 23 6
5 7 11
16 17 10
2 4 16
11 14 5
15 17 13
20 21 4
22 0 2
1 3 17
9 10 5
8 10 3
0 0 9
9 11 15
3 5 14
20 21 3
3 5 4
9 9 16
4 7 14
19 20 1
12 16 20
19 20 20
4 6 6
6 7 5
5 8 1
19 22 2
15 15 15
0 1 4
2 3 16
3 6 13
14 15 12
21 23 5
12 13 10
11 13 5
22 0 14
9 12 5
19 22 20
6 8 17
8 9 10
4 7 15
14 17 3
20 21 19
3 6 19
3 4 20
9 8 8
13 14 13
1 2 11
2 4 1
13 14 4
11 15 3
7 10 4
1 4 4
17 20 8
1 2 12
12 15 7
5 9 3
6 6 12
19 22 9
10 11 4
5 10 8
23 0 5
23 23 13
17 18 2
7 8 10
12 15 18
15 17 5
9 10 2
23 2 8
4 7 5
19 22 19
4 7 13
16 18 11
17 19 2
2 4 5
20 21 4
13 15 9
21 0 7
11 13 14
5 6 6
22 2 15
4 6 13
6 9 2
3 5 20
2 4 18
15 17 3
18 19 17
2 4 13
0 1 1
16 18 5
2 3 20
17 20 1
3 4 10
19 22 6
0 3 8
6 7 20
0 1 3
21 0 4
8 11 3
9 11 6
23 1 12
8 10 9
19 21 20
14 16 11
16 17 17
2 4 8
16 18 14
5 8 7
18 20 9
17 18 2
6 10 18
6 8 4
3 5 19
5 6 5
2 5 8
3 5 11
19 22 12
18 19 12
5 7 15
18 20 12
20 21 4
6 7 6
20 21 6
11 13 17
5 8 10
16 17 20
