980 20
9 19 20 12 1 14 12 14 4 3 14 19 10 19 19 17 7 11 4 16 
12 14 15
13 16 1
19 20 19
11 13 8
1 3 15
15 16 14
2 4 14
8 7 14
5 8 18
7 10 8
1 3 14
2 1 9
4 7 9
8 11 3
5 8 15
23 1 17
23 2 3
15 17 13
2 4 5
16 18 12
19 22 13
3 7 4
16 18 7
3 6 12
1 3 16
22 1 16
23 2 7
17 21 15
12 14 13
18 21 7
21 23 5
9 11 1
20 21 4
7 10 9
17 20 5
13 16 6
12 15 18
3 5 2
19 21 2
15 16 18
8 11 1
9 11 12
14 16 12
7 8 19
6 7 1
20 20 12
9 13 15
23 1 17
1 1 2
10 12 15
0 1 12
17 19 13
2 4 11
6 8 17
4 6 8
17 18 1
0 2 8
10 13 15
1 4 15
18 21 6
12 13 10
15 19 11
11 12 3
21 0 18
12 14 16
10 10 15
8 10 10
6 10 19
0 1 5
22 23 15
3 4 10
10 11 19
4 6 1
5 7 3
0 2 18
9 13 4
11 15 1
14 15 20
19 21 16
17 20 6
1 1 5
15 19 19
8 10 1
14 15 18
7 9 17
21 23 15
9 11 8
19 22 19
4 8 14
4 8 18
8 8 16
1 3 8
13 13 2
6 7 12
23 0 9
1 2 1
15 17 12
19 22 5
8 10 7
5 7 18
10 11 4
8 8 10
9 11 12
7 8 15
15 16 13
19 22 18
17 18 19
23 2 9
21 23 12
23 2 19
15 18 2
12 15 15
13 16 5
9 10 11
7 7 6
21 23 4
22 1 9
22 1 14
1 3 4
12 15 5
13 16 10
7 11 8
5 8 18
21 22 4
0 2 3
6 7 17
23 1 16
21 22 5
11 13 9
3 5 14
10 13 9
17 18 8
4 7 4
10 12 6
1 2 3
22 0 5
10 11 13
9 11 12
7 8 6
1 2 20
14 17 13
22 23 11
7 9 6
3 4 7
9 12 16
20 21 8
19 21 19
18 18 11
18 20 9
3 5 11
13 15 15
18 21 4
10 11 8
2 5 17
20 21 12
19 23 19
8 9 10
5 6 12
13 14 20
20 21 1
8 9 12
22 22 3
16 17 6
0 3 9
19 21 9
8 12 16
7 9 7
2 6 6
3 5 9
10 14 6
3 5 20
11 13 4
17 19 8
20 23 20
16 20 12
0 0 1
1 4 5
19 20 15
15 17 15
3 6 11
9 11 7
3 3 11
12 13 15
17 20 17
23 0 2
3 4 6
13 15 3
5 8 17
23 0 15
5 7 10
18 20 18
4 6 8
8 10 15
8 10 1
11 14 20
17 17 8
1 2 8
1 5 7
17 20 18
18 21 5
12 17 14
22 1 7
10 10 18
17 18 9
19 20 20
18 18 6
14 16 8
21 23 7
14 16 7
0 0 3
18 18 9
3 5 1
4 6 4
12 13 5
14 17 12
18 20 2
10 12 1
21 22 18
2 4 17
15 17 18
17 21 18
0 2 5
9 12 19
13 15 6
0 1 12
5 8 10
1 3 6
4 6 2
5 7 1
22 0 9
3 6 5
0 4 5
15 15 18
3 4 12
18 19 12
9 12 20
0 3 6
0 2 4
22 2 4
15 18 4
18 19 7
5 7 10
13 16 4
2 3 20
11 12 9
13 16 16
17 18 5
14 14 12
23 0 15
0 3 5
13 16 9
0 1 3
0 2 6
16 18 9
19 23 18
9 10 9
17 20 14
6 9 2
3 5 12
19 20 8
17 19 13
16 17 18
11 12 3
14 15 10
2 5 10
8 12 18
1 4 17
14 16 19
10 14 15
20 22 19
14 17 5
13 17 18
8 11 3
5 6 3
15 16 11
21 23 8
7 9 11
14 16 15
22 0 18
13 18 2
12 15 9
1 4 6
13 14 16
5 7 10
22 0 6
19 21 18
9 10 2
1 3 7
19 21 3
19 20 14
18 20 5
2 5 19
8 9 5
10 12 12
1 5 11
18 20 15
7 9 16
9 11 14
4 6 6
15 17 6
8 10 16
7 8 12
22 1 9
20 22 6
20 21 15
16 20 17
6 8 7
2 5 8
13 16 4
10 12 10
0 4 15
9 10 19
16 19 12
4 7 3
19 23 4
0 1 3
6 7 7
7 9 10
13 14 13
19 22 3
19 20 5
17 17 2
2 4 18
6 8 8
8 10 4
9 10 19
21 23 2
7 9 19
11 13 2
15 18 6
23 2 12
6 7 9
0 2 14
5 8 18
21 22 6
22 0 14
6 4 12
10 12 17
0 2 14
12 14 5
21 23 19
16 18 18
19 20 20
22 0 13
12 13 3
12 14 4
8 8 3
19 22 14
8 9 7
1 2 6
19 19 7
4 6 9
5 9 16
18 17 17
5 7 8
4 6 3
9 11 6
7 9 3
9 10 19
11 12 2
1 3 16
7 10 9
23 1 14
20 23 13
21 22 15
19 21 15
18 20 11
12 14 6
4 5 6
4 6 18
15 17 8
7 8 9
23 0 9
9 11 16
15 17 16
23 1 8
14 14 9
15 18 11
15 19 6
0 1 8
22 23 19
21 1 1
21 23 20
0 0 8
17 18 12
13 15 8
8 11 16
22 22 7
3 6 3
6 7 15
10 12 18
17 20 3
18 20 11
9 10 13
13 15 10
2 2 13
3 4 17
7 9 1
18 22 14
20 0 15
17 19 12
21 22 11
15 18 7
16 18 8
3 5 17
20 21 14
14 16 20
14 16 15
12 13 6
11 13 2
0 3 1
6 7 20
15 19 19
4 5 14
6 10 14
1 3 7
22 23 12
17 18 2
20 21 16
16 21 16
4 7 10
12 13 7
6 9 11
14 16 16
3 5 3
6 8 13
6 10 12
1 3 13
7 10 16
10 12 7
7 10 1
13 15 1
2 4 16
21 22 5
20 23 15
2 5 15
19 21 20
3 4 16
8 10 18
12 14 1
17 20 5
23 1 19
8 10 19
6 7 19
18 19 3
23 0 8
10 11 18
22 23 11
16 18 12
8 10 19
7 11 4
23 23 3
12 15 1
13 16 12
0 3 3
17 19 19
1 3 14
3 3 1
2 4 6
11 13 8
23 2 5
1 4 3
8 9 10
18 20 9
16 17 11
6 9 20
6 10 3
10 12 18
4 6 7
7 10 5
14 18 11
8 8 20
11 13 15
8 10 15
0 3 11
19 21 3
1 3 1
13 15 11
3 6 7
15 18 13
2 6 8
16 18 2
0 2 19
21 23 15
3 5 7
11 12 4
16 18 1
9 12 10
15 17 20
15 16 7
23 1 11
1 3 16
0 2 1
23 2 18
9 12 14
4 6 17
8 10 5
13 16 6
8 11 18
21 22 14
13 15 8
0 2 4
21 23 7
7 10 12
0 1 19
3 6 5
23 1 3
6 9 18
8 11 11
9 12 8
21 22 1
16 17 17
0 3 14
8 10 3
10 15 6
14 17 7
6 8 13
6 9 17
2 3 16
18 22 17
23 2 8
21 22 2
16 18 12
15 18 15
19 17 16
1 4 13
16 18 2
21 22 13
16 17 20
21 22 3
7 10 18
3 6 2
9 10 14
12 15 4
20 23 20
20 23 14
22 1 7
3 5 1
0 2 4
7 9 16
2 4 18
0 1 5
0 1 17
15 17 16
1 1 12
1 3 14
20 23 20
4 6 20
9 10 11
16 16 18
20 22 19
4 7 9
5 6 17
20 23 15
17 21 7
23 0 20
3 5 13
18 19 11
20 22 7
19 19 13
20 22 10
19 20 9
8 10 18
1 2 20
9 15 8
19 20 17
9 13 16
6 9 3
13 14 12
1 3 15
0 1 2
6 6 17
14 17 7
9 9 18
21 0 15
1 3 16
9 11 8
2 4 7
1 3 8
10 12 16
20 23 9
5 7 17
23 0 16
18 21 17
15 16 11
9 11 5
14 17 5
8 11 6
13 15 2
0 0 5
19 21 5
6 8 11
13 17 17
13 14 17
18 21 13
20 23 2
13 15 11
20 23 15
0 2 20
13 14 16
14 16 8
15 16 5
8 11 1
0 2 2
18 21 14
1 3 15
1 2 1
21 23 5
23 1 8
17 20 5
9 10 7
19 20 12
7 10 7
22 23 8
23 3 11
13 14 20
1 3 7
20 0 6
14 14 17
19 22 4
1 3 8
20 22 14
13 15 19
2 4 13
12 14 3
12 14 17
3 6 11
8 10 8
22 23 2
11 13 13
10 12 16
12 14 8
11 13 7
3 4 2
15 20 9
3 5 20
18 21 1
17 18 11
19 20 7
15 18 3
4 7 14
11 13 1
23 2 17
13 14 18
11 13 19
23 2 16
5 6 11
5 9 11
11 15 1
1 3 9
15 18 8
16 19 18
2 5 13
21 1 17
12 15 16
10 11 9
19 21 3
21 22 9
13 15 14
10 12 11
16 19 13
9 12 12
15 18 13
21 21 10
13 13 9
11 13 15
11 12 17
11 12 2
13 16 17
5 8 18
4 7 4
2 4 10
20 22 7
8 10 14
9 11 10
5 7 10
23 1 5
5 7 7
6 9 14
19 21 17
12 14 11
21 0 8
6 6 6
21 22 6
16 16 14
15 16 20
7 10 11
17 20 20
10 12 11
23 0 3
23 1 6
6 10 11
6 9 2
15 18 15
18 20 20
17 17 14
14 17 5
3 4 13
6 9 10
18 21 17
0 3 7
13 15 17
21 0 1
5 9 16
23 1 13
11 13 6
7 7 14
7 10 2
17 18 18
18 19 11
9 11 4
1 2 11
0 1 10
5 7 10
4 4 5
0 1 13
20 22 14
0 2 3
14 15 17
2 4 11
8 10 6
16 19 3
6 9 13
16 18 8
20 21 9
0 1 7
3 5 3
12 13 18
3 6 4
0 1 15
15 18 20
6 9 12
5 7 6
3 5 4
5 8 18
7 9 5
12 13 17
6 9 2
13 15 13
5 7 9
10 12 10
17 22 4
20 23 11
18 19 3
12 14 3
8 10 17
22 0 5
1 3 7
0 0 20
4 5 10
22 2 15
23 0 10
6 7 16
3 5 9
7 10 3
1 3 15
22 1 11
1 2 10
11 12 18
4 5 18
16 18 1
21 23 3
4 5 18
11 13 19
4 8 20
12 14 13
16 18 16
7 8 13
22 23 16
0 3 6
8 11 8
5 8 15
9 12 20
17 18 8
12 13 11
1 3 16
16 19 18
20 23 2
12 15 20
19 20 17
3 6 20
6 8 18
11 13 10
17 16 18
9 10 5
6 7 17
7 10 11
20 21 15
19 22 10
20 23 10
1 3 11
23 0 11
21 22 7
7 8 12
17 18 6
13 16 16
3 5 20
7 9 12
7 9 15
11 10 5
0 1 11
16 17 10
0 2 13
19 21 15
6 8 2
19 22 16
6 9 20
14 13 13
16 16 11
18 20 18
3 6 8
10 12 4
17 21 10
10 12 8
21 23 5
21 0 5
14 15 18
14 18 1
20 23 10
20 23 9
14 16 9
13 15 20
1 4 15
11 15 10
6 8 10
11 14 17
0 3 20
17 20 13
11 13 20
10 12 16
11 12 16
6 8 2
19 22 16
3 5 13
15 16 8
14 16 16
19 20 3
9 12 9
19 22 3
7 10 14
10 11 16
6 8 10
11 11 9
11 15 11
13 15 8
6 7 18
21 0 19
0 3 10
23 0 2
16 19 3
13 15 12
20 0 15
17 17 17
9 11 9
23 2 3
20 22 3
23 23 9
1 4 20
7 10 12
7 10 7
5 6 8
2 2 15
14 16 10
7 9 6
7 9 9
4 8 9
1 3 14
6 9 14
10 12 2
12 14 12
4 7 9
17 18 18
19 22 13
23 1 10
1 5 2
16 18 7
18 21 11
18 20 18
10 12 20
0 1 4
21 22 13
4 5 5
12 12 13
9 10 6
21 23 3
4 4 17
19 21 14
23 0 14
22 1 4
13 16 3
2 3 3
3 7 2
14 16 8
2 3 20
12 14 1
5 8 15
7 8 3
20 0 14
14 17 11
10 12 10
9 12 17
18 22 5
16 19 5
15 16 12
10 13 6
19 19 8
20 19 18
9 12 11
23 3 12
9 10 4
10 13 11
14 17 13
19 19 8
16 17 6
14 15 2
11 14 3
8 9 19
23 1 15
10 11 4
9 12 19
3 4 19
10 13 6
6 7 18
18 19 9
22 1 1
5 7 14
19 21 10
5 6 19
10 13 7
23 2 7
19 22 5
13 15 20
12 13 11
9 11 1
3 5 8
9 10 3
7 8 19
11 13 5
11 13 14
21 23 2
1 4 4
19 20 18
10 13 6
14 16 11
3 6 1
14 16 15
3 5 3
6 8 19
15 15 14
22 23 10
1 3 15
7 11 3
12 16 7
3 5 19
3 3 19
22 23 7
2 5 1
7 9 1
3 4 7
21 22 11
20 20 1
6 8 10
17 21 20
8 10 8
14 16 5
5 6 7
15 17 8
10 13 12
21 22 1
12 16 3
17 19 11
12 14 8
9 11 6
7 7 5
13 18 3
13 17 3
20 21 5
18 19 20
20 22 1
11 12 13
