990 20
18 13 6 5 12 16 15 8 9 1 18 20 9 10 16 18 11 4 17 13 
16 18 4
22 1 2
5 7 12
6 8 13
12 14 17
18 20 6
18 20 11
1 3 10
18 20 13
17 18 11
1 3 1
23 3 12
18 20 19
14 15 3
8 10 7
4 7 19
14 16 6
23 1 9
4 5 12
5 6 1
6 8 15
21 0 12
22 0 9
15 18 7
21 23 19
19 20 11
9 10 1
22 23 8
7 11 9
6 8 5
12 13 19
15 18 20
5 8 14
13 15 3
20 0 18
7 10 12
16 19 11
10 12 11
8 11 7
15 16 12
16 18 17
22 1 16
13 16 11
9 12 8
15 18 8
14 16 15
6 8 7
4 7 10
23 23 14
9 12 2
10 14 6
22 23 9
23 1 15
16 18 1
15 17 11
14 17 5
16 18 15
5 7 17
3 6 2
15 17 18
19 21 6
22 0 19
16 16 15
16 19 1
15 16 12
5 8 11
3 4 10
16 18 5
17 20 7
0 1 5
17 19 10
14 14 7
13 15 14
23 0 19
2 5 1
15 15 4
3 3 16
18 20 14
11 13 16
5 6 4
16 18 4
8 10 11
14 17 5
11 13 16
9 11 10
19 21 2
12 14 3
7 9 2
4 6 8
13 14 4
3 4 1
0 2 13
3 4 13
5 9 12
17 18 18
17 20 1
22 0 10
5 7 4
5 5 8
23 0 9
14 16 20
20 21 8
23 1 5
8 10 2
7 8 13
14 16 10
18 21 9
22 0 6
18 19 4
22 0 17
15 18 18
18 20 12
16 19 13
4 6 12
8 9 8
6 8 18
12 15 3
10 13 11
21 0 14
16 18 9
3 4 14
21 23 14
15 17 20
9 11 7
1 5 18
20 21 5
23 0 20
20 0 17
13 16 7
19 21 6
5 8 12
0 3 11
6 9 13
0 2 10
5 8 4
16 17 16
15 17 14
17 21 3
13 15 5
11 12 10
16 18 3
22 23 13
8 10 15
17 17 10
13 14 17
9 14 18
14 17 6
11 12 7
20 23 20
15 17 9
21 23 15
14 16 6
8 10 15
14 17 17
5 6 19
14 16 2
2 5 8
17 19 5
23 0 8
15 16 12
0 3 7
17 17 15
18 19 13
1 2 17
4 6 2
4 6 11
17 19 5
0 1 1
20 21 14
19 20 17
15 18 2
6 8 1
11 12 18
0 2 3
16 17 14
20 23 3
12 13 17
5 9 18
12 14 4
3 5 2
0 1 17
8 9 16
8 12 11
18 21 2
12 12 10
20 22 3
6 8 12
4 7 7
16 17 15
22 0 19
15 16 12
1 3 14
10 11 12
12 15 16
14 16 19
4 4 7
14 16 11
17 20 10
12 14 9
12 12 12
8 8 4
3 2 9
23 0 4
8 10 7
5 6 12
12 15 7
7 11 18
3 6 19
13 15 15
2 3 19
10 14 18
17 18 8
5 7 8
7 10 13
23 1 8
21 23 7
23 1 8
3 4 3
21 0 11
21 22 14
3 4 8
2 4 15
17 19 4
22 0 1
3 5 5
8 9 16
13 13 9
4 6 13
20 0 4
0 2 17
5 8 1
16 18 5
3 5 11
17 19 19
15 15 2
1 2 5
10 13 9
13 15 19
16 18 17
17 19 18
14 17 6
3 5 16
18 20 4
14 16 13
13 16 10
23 1 17
9 11 2
0 3 18
7 9 5
15 18 6
21 0 18
15 17 6
12 14 6
12 15 11
11 15 13
7 7 7
6 7 8
7 10 15
12 11 1
16 18 5
15 16 8
15 17 14
3 7 17
22 1 11
18 19 17
1 5 11
18 17 11
0 0 2
12 14 20
21 1 20
14 15 6
16 18 16
11 14 10
18 18 5
11 13 5
21 0 17
23 1 4
15 18 5
6 9 4
15 18 2
13 15 14
15 18 17
5 7 20
23 0 12
6 7 14
6 7 13
21 23 17
14 17 11
1 1 1
5 10 1
21 23 12
6 9 11
19 0 20
4 6 8
23 2 1
12 16 14
23 1 11
9 10 7
2 4 7
1 1 14
17 19 15
19 21 18
4 6 20
5 8 10
8 9 13
20 23 14
8 11 13
4 6 13
1 3 15
0 2 12
9 10 18
22 0 5
18 22 1
5 8 17
9 12 13
12 14 2
15 15 20
14 14 20
16 20 15
8 9 2
20 23 13
18 19 17
10 11 13
12 14 9
13 15 15
19 19 7
23 0 15
18 20 7
11 12 7
20 23 3
0 5 11
16 18 15
16 18 11
13 14 9
23 22 17
13 15 17
20 22 4
14 17 18
6 8 10
13 15 19
12 12 7
20 22 2
9 10 7
23 0 3
10 12 9
15 16 4
0 2 10
5 6 5
21 0 3
2 5 5
14 16 19
15 15 7
6 8 3
4 7 13
4 4 11
16 18 10
20 21 15
12 14 1
9 10 8
16 17 1
22 23 8
4 6 2
17 18 12
17 22 7
13 15 10
17 19 1
19 21 15
15 18 8
2 4 11
2 2 14
21 23 10
20 23 1
21 0 2
1 3 20
19 21 11
15 18 20
0 0 1
19 20 19
2 5 7
8 11 8
3 6 2
10 14 6
6 9 1
0 3 7
2 6 8
4 6 19
3 5 1
7 10 15
3 6 15
11 13 5
21 0 15
4 5 3
23 1 4
13 14 6
15 18 13
10 12 13
22 2 18
1 3 15
7 8 19
19 22 5
15 15 5
4 8 12
20 23 6
11 13 2
2 5 19
19 21 15
10 12 10
23 3 8
14 16 17
9 10 9
17 20 7
12 14 19
14 15 6
0 4 18
4 5 16
7 11 16
3 4 19
21 23 18
10 11 20
14 15 12
1 2 14
6 8 17
21 22 2
16 19 17
20 22 9
13 16 12
9 12 3
17 20 15
5 8 20
15 17 6
17 20 2
10 11 13
17 20 10
15 18 1
12 13 3
1 3 7
6 6 11
5 5 14
3 7 16
11 12 15
8 11 11
0 3 1
3 5 8
10 12 18
13 15 14
14 17 5
1 2 8
10 12 16
8 9 16
1 5 17
8 11 17
18 19 10
14 16 14
3 4 2
3 6 17
7 10 19
23 0 19
13 12 16
5 9 14
13 15 20
1 2 16
0 1 10
23 23 16
0 2 9
0 2 10
0 2 6
2 4 9
13 14 20
11 14 1
8 10 19
0 1 1
9 11 8
0 3 10
11 13 11
22 0 7
12 15 4
17 17 10
18 21 10
15 16 13
4 6 6
10 13 14
16 19 5
10 13 1
19 22 4
12 14 1
23 3 11
22 2 15
21 0 12
3 5 19
20 23 6
18 19 4
14 15 20
10 11 6
4 7 12
13 14 20
8 8 2
1 4 20
14 14 18
0 0 12
3 6 10
3 4 3
9 10 12
19 21 7
16 17 2
22 1 6
21 22 18
6 9 9
2 4 19
23 1 20
5 8 20
19 21 13
21 23 2
5 5 1
15 16 9
22 2 4
3 5 11
11 14 1
10 12 6
20 23 9
6 8 2
22 0 10
5 7 17
1 2 8
12 14 1
8 10 10
3 5 8
15 17 5
12 12 10
16 18 9
12 15 9
18 20 7
8 11 9
21 22 12
10 13 19
3 4 18
14 17 16
20 23 14
7 9 12
22 1 15
12 13 1
5 8 2
7 10 18
11 11 2
9 10 1
10 12 10
7 8 3
4 6 12
15 16 2
0 3 2
9 10 1
23 2 5
5 7 4
4 4 9
19 19 14
1 3 6
18 19 14
4 9 4
7 9 14
5 8 6
1 1 9
3 5 11
0 2 7
6 8 3
13 15 4
18 20 10
8 9 3
8 10 13
9 11 2
8 11 6
14 17 11
8 9 19
16 17 1
22 23 5
6 8 11
13 14 6
19 21 1
4 5 5
16 18 20
12 15 4
15 18 7
12 15 20
2 6 11
5 8 16
12 15 18
17 17 10
11 13 20
18 20 20
22 22 8
7 11 7
14 15 10
2 2 6
4 6 20
20 20 10
13 16 5
3 4 12
1 4 10
18 19 17
5 8 9
12 15 13
7 8 1
20 0 19
11 14 5
20 22 2
17 17 2
2 5 18
19 19 17
1 4 3
0 2 14
9 11 15
3 4 3
11 11 12
16 20 9
13 17 8
19 21 2
10 12 13
8 10 12
7 9 19
8 10 9
20 21 20
8 9 11
16 17 10
10 11 11
11 12 18
20 22 5
20 21 18
12 13 5
14 17 5
0 2 10
10 11 5
20 20 6
1 3 1
20 22 13
1 3 17
17 20 3
6 8 12
20 22 4
14 16 11
11 14 17
14 17 18
15 18 15
12 15 17
7 10 19
2 4 8
21 23 7
7 8 11
17 20 2
12 14 20
10 12 5
1 4 5
3 6 14
16 18 18
23 1 5
15 15 17
2 3 17
13 15 19
4 7 20
6 8 20
17 21 2
20 23 3
14 17 12
6 8 3
21 22 16
14 16 1
14 16 2
8 9 12
0 2 13
22 1 5
2 3 17
8 11 7
9 10 2
20 23 2
6 9 11
2 4 18
3 6 9
5 7 2
19 22 13
1 3 5
5 5 20
4 7 16
16 19 15
4 8 2
22 0 5
23 0 2
4 8 12
16 20 18
11 13 18
15 17 16
8 11 4
0 1 7
21 22 5
0 4 17
13 15 13
19 20 18
7 8 8
6 9 4
6 8 3
7 9 20
9 11 12
8 9 9
15 18 20
9 11 5
3 7 2
21 23 18
2 5 8
13 14 5
22 2 1
6 9 16
4 5 1
18 21 10
4 7 11
21 23 20
13 14 12
21 23 15
15 17 1
9 13 11
3 5 18
2 2 12
9 10 19
13 15 20
6 6 19
16 17 11
6 10 7
4 6 3
6 8 15
3 5 3
23 1 18
13 14 3
1 2 18
0 1 5
3 5 5
13 13 16
8 11 20
9 10 3
10 11 15
18 20 11
16 18 2
6 8 17
11 14 19
21 0 9
3 4 10
23 2 12
4 7 20
22 1 19
11 12 13
7 9 1
11 12 14
10 9 6
20 23 3
10 11 12
16 17 10
0 2 16
12 15 12
3 4 7
16 18 13
1 3 14
20 22 7
16 20 11
10 13 13
21 23 10
4 3 10
14 16 13
13 16 19
3 5 19
14 16 8
18 21 19
20 0 15
15 15 11
16 17 8
6 8 6
1 2 9
22 1 17
22 1 10
21 0 10
17 18 2
18 20 9
4 7 18
6 9 2
14 17 13
1 3 11
16 16 1
9 13 12
20 20 18
14 16 6
15 17 6
16 17 11
16 17 14
23 1 17
0 3 7
0 1 16
5 5 11
3 4 20
4 7 10
11 14 2
6 8 12
3 4 16
20 22 20
14 16 17
6 9 7
8 10 19
9 11 13
17 19 1
3 6 1
0 1 14
12 14 6
9 11 16
19 21 11
1 2 12
13 15 16
6 9 6
9 11 18
22 3 9
13 16 7
19 22 9
6 8 8
15 18 3
12 13 6
3 5 5
5 6 12
8 10 13
2 4 17
18 19 19
18 21 11
9 11 19
21 23 13
5 6 19
12 14 8
13 13 3
6 7 13
1 3 1
23 0 17
11 13 2
11 13 18
4 7 19
22 0 2
2 4 13
15 16 5
1 3 6
9 9 19
4 7 2
0 2 13
2 6 8
13 15 14
20 21 7
4 7 8
4 5 4
13 16 15
11 13 16
15 17 6
19 23 2
14 16 19
2 4 10
20 22 4
5 7 11
6 7 17
16 18 5
19 21 3
6 8 5
0 2 12
2 6 20
5 7 6
8 10 7
17 19 1
0 2 8
18 21 16
17 20 11
3 5 1
2 4 20
0 2 2
7 10 10
13 14 7
8 11 17
5 6 12
11 12 10
3 5 18
11 13 18
9 12 12
23 1 18
7 8 16
1 2 15
10 12 2
12 12 16
17 20 15
12 15 1
18 19 12
10 13 6
7 8 11
20 21 5
10 10 8
12 15 8
3 5 1
10 12 3
10 12 1
0 1 1
18 19 5
22 0 12
5 7 1
8 11 14
22 23 17
16 17 6
16 18 3
5 6 10
23 1 20
7 8 8
22 23 10
18 21 16
12 14 20
15 17 15
14 17 11
9 11 2
23 0 1
17 18 10
13 13 18
18 21 10
19 22 16
8 8 11
8 10 11
13 16 2
20 0 18
22 23 7
16 19 13
15 18 3
16 17 14
19 20 15
21 22 3
14 17 14
7 9 18
15 15 19
23 1 2
14 16 1
2 3 6
20 22 6
19 23 18
1 3 15
11 13 6
2 4 11
14 16 15
3 6 20
20 23 12
16 18 16
19 22 17
6 9 17
12 14 4
18 19 18
0 3 3
18 22 16
10 12 9
0 2 13
12 12 5
7 11 17
21 0 1
14 16 6
1 2 6
4 7 19
9 11 5
22 23 9
16 16 5
3 5 11
12 14 13
14 16 10
18 19 7
16 18 14
22 0 5
14 16 18
1 3 17
18 21 20
9 12 9
17 19 2
5 7 19
9 12 13
3 5 5
18 19 9
6 9 2
18 20 4
20 21 16
5 8 6
5 7 18
11 13 17
18 20 18
15 17 12
4 5 13
5 7 18
13 13 2
9 11 17
22 0 6
12 14 9
22 1 1
20 22 4
7 11 20
15 17 2
14 16 17
