140 5
3 5 1 2 3 
15 18 1
3 5 5
21 23 3
15 18 4
3 5 4
21 23 4
18 21 1
8 13 2
18 20 2
19 22 5
23 1 1
12 14 2
2 2 3
22 1 5
21 0 2
17 19 4
10 11 5
12 14 1
7 9 4
18 19 5
22 0 3
10 12 2
14 15 3
7 9 5
22 23 5
20 22 2
18 19 1
5 7 2
15 18 2
4 6 1
16 19 4
16 20 1
1 1 5
8 11 2
4 7 2
2 4 2
6 9 5
6 8 5
3 7 4
14 16 4
8 12 3
21 23 4
11 14 5
18 20 5
10 12 2
12 15 5
15 17 5
20 22 3
5 7 5
2 5 4
13 14 4
16 17 2
1 4 3
21 23 5
23 2 4
8 8 2
23 1 2
8 10 1
8 9 2
16 19 1
5 6 5
8 9 4
20 22 5
13 15 3
0 2 1
12 14 5
3 4 4
0 1 5
1 2 3
5 6 4
14 16 2
14 15 1
7 9 3
6 7 3
5 7 1
23 1 2
19 22 1
5 7 3
5 6 5
3 6 3
4 6 2
22 1 1
12 13 1
14 16 1
15 18 2
21 0 2
6 7 3
11 12 4
19 20 4
0 2 3
1 5 2
20 1 1
17 18 5
5 8 3
7 9 4
7 8 5
20 21 4
9 11 2
19 22 3
12 14 1
20 22 3
22 23 3
8 11 3
9 12 3
23 1 3
11 13 1
7 10 4
14 15 5
2 6 5
3 4 1
7 8 3
0 3 5
0 1 4
16 17 4
20 23 5
6 7 5
18 20 3
5 9 3
12 13 5
11 13 3
14 15 1
10 12 1
12 16 2
23 1 5
21 23 3
12 13 2
23 1 3
13 16 2
10 11 2
8 9 1
4 8 4
22 1 4
11 12 5
16 19 4
23 1 2
12 13 4
15 17 1
15 17 4
6 10 4
12 15 1
