170 5
5 1 3 5 4 
0 2 3
11 13 5
16 17 1
15 17 2
7 8 4
17 19 5
1 4 5
8 10 3
12 13 1
0 1 5
17 20 1
17 21 5
10 12 3
4 7 2
23 2 3
14 16 1
15 18 2
0 2 5
15 18 5
12 14 5
13 17 5
16 17 5
14 16 2
10 12 1
2 4 4
12 14 3
20 20 3
21 23 1
23 2 5
1 4 4
10 12 3
21 23 3
11 13 2
15 17 5
5 8 4
12 14 2
0 3 2
14 15 4
4 6 5
16 19 1
11 12 3
12 15 1
14 17 1
11 13 5
9 11 4
3 5 3
21 1 4
10 11 5
0 1 4
2 3 3
4 5 2
5 7 3
16 20 3
9 11 5
19 21 1
6 9 2
23 2 4
3 5 3
19 21 5
0 1 2
22 0 1
13 17 5
19 19 5
23 2 1
4 6 2
21 23 2
16 18 5
11 13 5
15 17 1
5 7 3
11 11 2
18 21 2
7 8 3
12 15 4
20 21 2
0 1 3
21 22 1
3 5 3
10 11 3
14 15 4
0 3 2
9 12 2
8 12 1
18 19 2
3 6 1
16 19 3
23 23 2
11 13 5
19 20 2
19 19 5
1 4 5
4 7 4
8 9 4
4 6 1
17 17 3
14 16 1
14 16 3
13 15 5
7 7 4
23 1 5
15 18 2
13 14 5
6 8 1
17 18 1
5 4 1
15 17 5
0 3 5
17 19 1
17 19 3
18 18 3
17 18 5
18 20 1
13 16 4
8 9 4
6 8 4
12 13 5
22 1 1
12 15 3
4 6 5
5 4 2
21 22 1
10 12 3
17 18 1
12 13 5
13 16 4
4 6 2
14 14 5
17 18 5
10 13 5
12 13 1
5 8 1
0 3 1
12 14 3
15 16 1
19 20 4
22 1 1
6 7 5
14 14 1
7 9 3
23 0 4
7 11 5
21 23 1
4 5 5
12 12 5
1 2 3
4 5 5
3 5 4
1 4 1
19 21 2
14 15 3
23 1 4
15 17 5
3 4 2
15 17 4
4 6 3
16 19 2
10 13 1
22 0 2
3 4 3
18 20 1
1 4 5
2 4 3
7 8 5
17 18 2
13 16 5
6 9 2
14 16 3
9 10 5
3 4 1
8 10 5
