290 5
1 2 3 2 1 
16 18 5
11 13 2
22 0 1
4 7 4
1 5 3
17 19 2
5 6 4
10 11 2
10 12 3
1 3 3
11 12 2
5 6 5
1 5 4
23 3 5
11 14 4
5 7 1
14 16 4
18 22 4
12 16 1
12 13 2
14 17 2
7 10 3
13 15 1
9 10 3
22 0 4
7 8 2
1 3 1
9 11 4
21 23 1
14 18 4
2 4 1
13 16 1
21 23 1
8 10 2
8 13 3
8 10 5
11 13 1
18 21 1
13 14 4
4 8 2
9 10 5
0 1 3
23 1 3
10 12 2
10 14 5
0 4 5
13 15 5
8 10 4
17 20 1
9 11 4
8 11 1
17 19 2
16 18 5
22 0 1
1 3 2
14 16 3
13 16 1
5 8 2
10 11 1
12 15 2
19 22 3
14 17 5
1 3 3
6 9 5
7 10 5
0 3 5
17 18 1
16 20 2
10 13 3
20 23 4
17 19 4
1 4 2
16 18 4
16 19 1
4 8 4
17 18 2
1 4 1
5 9 5
5 7 4
4 8 1
4 7 4
16 19 1
23 23 2
5 6 2
4 6 2
4 7 4
19 20 2
10 11 3
9 11 5
6 9 1
18 21 4
14 16 3
9 12 4
3 6 5
14 16 3
12 13 1
8 9 4
2 4 4
10 12 2
22 0 2
20 23 3
6 9 1
18 19 3
17 20 4
3 5 1
23 0 3
18 19 1
17 18 1
2 5 3
15 18 4
21 0 4
7 9 3
20 21 4
12 14 4
8 13 2
17 19 4
0 4 4
9 11 2
0 2 3
11 12 1
0 3 5
8 9 1
15 16 2
10 13 2
2 3 1
14 16 2
8 11 2
12 15 3
13 15 3
22 0 3
4 5 1
0 4 3
19 22 3
3 4 5
19 23 1
23 0 2
20 20 3
4 8 5
7 8 4
9 11 5
20 23 2
12 16 5
23 1 5
15 16 5
23 3 4
19 21 4
13 16 3
19 21 3
1 4 3
7 9 5
5 6 1
8 9 5
15 15 2
10 10 5
9 11 1
7 9 5
12 14 5
3 5 3
7 8 1
6 9 5
15 19 4
5 8 5
0 2 5
16 17 5
16 18 4
13 15 1
9 11 4
13 15 2
10 13 2
9 11 5
21 22 4
16 18 4
4 5 1
19 23 5
15 17 2
16 18 5
1 3 3
1 2 1
10 11 3
8 11 5
23 2 2
11 11 2
23 1 1
16 19 3
5 7 4
6 9 4
19 22 4
9 10 5
15 18 1
3 5 1
17 20 2
4 6 5
18 20 1
23 0 1
4 7 2
13 15 1
0 2 4
19 20 3
9 11 1
9 11 4
2 4 2
20 23 3
11 12 2
4 6 2
5 8 1
8 8 5
5 8 1
0 3 4
14 16 4
8 10 4
18 19 4
4 6 3
21 21 3
17 20 1
18 20 2
3 5 4
13 15 2
22 0 3
3 6 5
21 22 2
21 0 4
11 14 1
18 20 3
13 15 4
18 18 5
9 12 2
11 12 5
7 9 1
1 3 3
2 3 2
13 14 1
16 20 3
14 15 5
3 4 3
16 18 4
1 4 2
14 16 2
9 11 2
10 12 3
6 7 5
18 19 3
23 23 1
21 22 1
10 11 4
20 22 2
10 10 1
20 22 2
19 23 4
19 22 1
6 8 2
14 17 5
11 13 5
20 19 1
5 7 1
22 0 4
18 20 3
19 21 5
21 23 3
20 22 1
5 9 2
1 2 3
13 17 5
4 6 5
12 12 4
7 10 4
10 14 3
7 10 2
10 12 2
3 5 2
22 0 5
0 -1 3
4 6 5
13 16 3
19 22 2
20 21 2
21 22 1
15 17 5
2 5 1
7 8 2
23 0 4
10 11 1
18 21 1
12 11 3
15 16 4
5 6 4
16 16 2
18 20 4
5 7 3
2 5 4
1 3 1
