340 5
3 5 3 4 2 
1 2 4
16 20 4
14 17 5
12 15 2
8 10 1
7 9 3
7 9 3
23 1 5
6 9 5
20 22 1
12 15 3
23 23 1
15 18 1
4 5 5
19 21 1
20 23 4
17 19 3
13 15 5
4 6 4
10 10 2
14 18 3
2 5 1
2 3 3
11 13 3
5 6 2
16 18 1
22 1 1
1 2 2
16 18 4
23 1 5
3 4 4
9 10 2
17 19 3
2 5 3
9 10 2
19 20 5
3 4 1
21 23 1
7 8 3
2 3 2
20 21 5
6 9 1
16 18 5
19 20 2
13 15 4
10 12 2
13 13 3
18 18 2
9 12 5
18 20 5
1 4 3
3 6 3
3 5 4
5 5 3
11 13 3
7 8 2
21 0 4
21 0 5
11 14 1
17 20 4
11 14 2
17 18 3
5 9 2
14 15 3
7 10 3
2 2 1
5 6 1
19 22 2
6 7 2
23 2 2
7 7 4
15 17 1
18 19 1
9 11 4
3 6 5
23 2 5
17 18 5
3 5 5
9 11 1
7 8 2
3 6 2
16 17 5
3 5 4
23 0 2
18 22 5
12 13 1
1 4 3
18 20 3
19 20 3
15 17 4
12 13 1
4 6 3
13 13 2
14 14 3
14 17 4
15 18 3
0 1 5
11 12 3
9 11 2
19 22 2
0 2 4
5 6 4
17 20 3
9 12 4
1 3 2
8 10 2
0 3 3
5 7 4
19 21 5
4 7 4
5 7 1
3 4 1
15 16 3
23 2 5
4 6 3
14 14 5
12 14 4
11 14 3
5 7 2
18 21 2
12 13 1
17 19 1
10 13 1
7 10 2
10 12 4
15 14 2
9 12 3
0 0 3
22 23 1
16 18 1
2 4 3
6 6 2
2 5 2
11 13 4
4 5 5
20 20 4
16 19 3
20 22 5
18 19 4
5 8 3
13 14 4
10 10 1
16 17 1
19 21 5
19 21 4
1 4 3
6 8 5
10 13 3
23 1 4
5 6 5
13 16 3
3 4 1
7 11 3
8 10 1
4 4 3
20 23 5
21 0 4
7 8 5
17 19 5
7 8 1
6 8 1
6 8 2
8 11 4
6 7 1
6 8 2
11 13 2
7 8 5
15 16 2
3 5 3
6 8 5
17 18 4
13 16 3
2 5 2
23 3 3
22 0 4
19 21 1
2 6 1
12 14 4
18 21 2
15 18 4
23 22 5
0 2 2
13 16 5
14 17 1
9 12 3
4 5 5
23 1 3
7 9 3
10 12 4
22 0 2
5 7 5
9 11 2
23 1 1
9 13 2
6 8 5
19 20 2
18 21 4
16 18 3
7 8 1
12 14 3
19 21 5
10 13 4
3 7 3
18 19 1
21 22 1
7 8 5
14 15 1
8 9 2
20 21 4
4 7 5
10 12 2
3 2 1
4 6 2
21 22 5
4 4 1
13 15 5
2 4 1
21 22 4
6 8 5
13 16 2
0 3 1
13 16 2
8 10 1
11 13 3
1 5 3
10 12 1
0 3 5
8 10 3
6 9 1
1 4 1
7 10 2
10 13 4
3 5 2
9 11 2
6 8 5
15 18 4
5 7 4
22 0 4
13 16 4
18 19 5
2 5 5
3 5 2
4 8 2
23 1 4
0 4 1
20 22 1
8 9 5
13 17 3
15 17 5
6 8 1
10 11 2
3 5 5
4 5 3
2 5 3
16 18 2
13 13 5
15 17 4
16 18 3
22 0 2
6 7 1
1 3 2
2 3 4
7 7 4
6 8 1
17 19 4
8 9 4
13 15 1
20 22 4
7 10 4
9 12 4
18 19 1
23 0 3
7 9 1
14 17 1
17 18 4
11 13 1
21 23 5
9 9 4
1 2 1
9 12 1
1 2 2
14 16 5
8 10 1
16 17 1
9 11 3
19 22 3
17 18 1
3 8 3
10 11 5
9 12 3
15 16 3
18 21 1
2 2 4
12 14 2
19 20 1
8 10 3
18 21 1
16 18 4
3 6 1
6 8 3
20 22 5
12 15 4
18 21 3
10 13 2
12 13 1
18 22 5
16 19 2
3 5 3
14 15 2
1 3 3
6 8 5
5 7 5
19 20 5
13 16 2
7 9 5
12 13 3
12 13 2
0 2 5
20 21 3
7 8 5
13 14 4
1 3 1
21 22 4
0 4 3
6 9 1
15 15 4
3 4 2
7 8 3
7 9 3
5 8 5
14 16 4
9 8 2
4 6 4
18 18 4
2 5 3
16 18 2
8 10 2
5 9 5
3 5 3
5 6 4
