450 5
3 2 2 5 1 
23 0 2
21 23 3
20 22 4
1 2 3
5 7 3
10 13 4
2 5 4
23 1 3
6 8 3
21 23 5
11 13 5
9 12 2
5 7 2
14 17 3
21 23 4
23 1 5
19 23 3
12 14 1
16 18 4
5 6 1
1 3 2
12 15 2
14 15 4
14 14 4
16 17 5
1 4 4
18 19 1
8 10 3
11 12 1
21 22 1
5 8 1
22 1 5
8 12 5
12 14 5
1 1 3
20 21 5
12 13 3
0 1 3
2 3 4
5 7 5
19 21 5
9 11 2
3 6 2
15 17 4
15 18 2
19 21 5
1 4 1
15 19 3
2 3 2
4 7 3
13 14 4
12 12 5
4 5 3
0 2 1
4 5 5
2 2 3
16 18 2
3 7 3
13 15 2
23 0 3
14 15 5
14 17 5
16 17 2
19 20 4
17 18 1
14 14 3
17 18 1
11 13 4
18 20 4
4 6 1
13 15 4
10 10 2
2 2 1
9 11 1
7 10 3
19 23 4
4 9 4
20 22 3
13 16 2
6 9 3
8 10 1
6 9 4
21 0 1
16 17 4
22 0 1
8 10 3
16 18 3
5 6 1
12 15 1
9 13 5
14 16 5
6 10 3
16 17 4
13 15 4
2 3 2
20 0 3
14 15 1
0 2 5
19 20 2
14 16 5
17 20 3
4 7 4
13 13 4
2 5 4
2 7 5
8 10 4
3 4 4
5 8 3
11 13 4
11 12 1
17 20 2
7 10 5
5 9 5
3 5 4
12 15 4
18 20 5
7 10 4
21 21 2
22 0 3
1 3 1
18 19 3
20 23 3
11 13 5
0 2 5
20 21 2
17 18 3
22 1 3
13 14 1
9 12 1
20 22 3
13 14 3
11 13 2
11 12 3
19 20 4
5 7 4
16 18 4
19 20 2
20 22 5
1 3 5
4 5 2
2 6 4
1 3 3
8 11 3
20 23 4
2 4 1
13 16 4
20 21 2
13 16 5
20 21 2
1 2 2
20 0 1
9 11 5
0 2 1
14 16 5
1 3 4
0 3 1
1 2 1
23 1 3
19 22 5
4 4 1
12 16 1
12 14 3
14 14 2
4 6 5
7 10 5
21 22 2
8 9 1
8 9 3
13 14 1
18 21 5
7 8 1
6 7 1
18 19 1
11 12 5
0 0 5
1 3 2
8 12 5
5 6 2
18 17 1
16 17 2
7 8 4
0 4 5
11 11 1
9 11 4
8 10 2
3 3 4
7 8 3
20 21 4
4 5 1
21 22 3
4 6 2
9 12 5
17 19 3
6 7 3
13 14 1
23 0 3
14 15 1
13 17 5
6 8 5
8 11 3
18 20 5
1 3 1
11 11 3
21 0 4
7 9 2
4 5 1
3 6 5
18 20 5
16 20 5
20 21 5
6 8 1
2 4 5
16 17 5
20 22 5
15 15 2
16 18 3
0 2 2
17 20 4
15 15 4
5 8 4
2 3 3
11 14 5
17 17 5
12 13 5
9 14 1
7 9 4
12 14 5
22 1 4
13 14 4
23 0 3
5 8 1
21 0 4
11 12 5
7 8 3
3 4 1
19 21 5
0 2 2
0 3 3
7 9 1
7 9 2
17 19 4
11 14 1
10 9 3
6 9 3
3 3 1
9 12 5
9 13 4
6 6 4
2 3 3
6 8 5
2 3 4
21 0 3
13 15 3
14 17 4
16 17 3
20 21 5
9 9 1
6 10 5
1 2 3
19 22 4
13 15 3
16 19 1
1 2 3
10 13 2
20 0 3
10 12 2
9 10 2
18 20 2
9 11 1
18 20 2
9 10 1
14 16 2
8 8 5
6 6 1
4 5 2
21 1 2
10 13 4
8 11 5
18 19 3
2 5 2
15 17 4
6 7 3
3 5 4
12 13 1
11 13 1
18 20 5
22 22 5
1 4 1
18 20 3
23 2 1
11 13 3
21 22 4
22 23 2
5 7 5
21 23 1
15 15 1
13 15 2
14 17 4
16 17 4
13 15 3
17 19 5
10 11 5
15 17 4
4 5 2
8 10 1
1 4 1
12 13 2
9 12 2
7 8 1
5 7 3
0 2 5
12 15 5
23 1 4
14 18 2
14 16 4
15 17 4
15 17 2
4 7 5
7 11 5
15 18 3
23 0 2
17 18 5
2 4 1
16 18 3
8 11 5
14 16 3
19 21 4
17 20 3
23 0 5
16 17 3
19 20 2
13 16 3
16 19 4
12 14 1
12 15 2
0 3 4
17 18 3
11 13 4
11 15 4
3 4 3
0 2 5
0 1 2
19 20 3
23 2 4
22 23 2
21 22 5
9 11 3
6 8 2
0 2 1
23 0 5
4 4 4
18 20 2
11 14 2
11 13 4
17 19 2
6 6 2
22 1 1
13 15 5
14 14 2
8 10 4
8 9 2
15 19 4
22 22 5
12 14 3
13 14 2
18 20 4
0 1 3
10 12 2
13 14 5
10 12 1
6 9 2
20 21 2
14 17 4
22 23 2
11 15 2
10 15 5
16 18 3
7 10 5
1 4 2
16 20 5
17 17 1
5 8 5
14 17 5
11 13 5
16 18 1
9 9 4
11 12 2
8 10 2
23 2 1
19 19 1
2 3 5
17 19 1
21 23 2
23 1 3
18 20 5
12 13 2
11 12 3
6 7 3
14 18 4
20 21 5
19 22 5
1 4 4
22 23 2
17 19 1
10 12 5
0 2 5
16 17 1
2 3 2
17 16 2
23 3 3
7 9 5
16 16 2
19 20 1
0 2 5
17 19 5
0 4 3
5 8 3
23 1 3
8 9 2
15 18 1
2 4 5
5 6 5
13 14 4
11 15 4
15 18 5
12 13 1
13 16 3
11 12 5
13 14 3
18 19 4
6 7 2
9 9 1
4 6 5
21 23 1
23 0 4
22 0 1
17 21 3
19 21 1
11 13 2
6 6 2
12 14 1
23 1 4
11 13 4
6 9 4
20 21 2
3 6 3
5 7 5
21 0 5
20 21 1
22 1 4
