460 5
2 2 3 3 1 
2 4 5
3 5 4
23 3 2
23 1 5
0 2 2
3 4 1
8 12 1
9 11 1
0 1 1
1 3 4
21 23 2
9 10 4
6 7 4
9 10 1
12 13 2
22 0 5
2 4 4
3 5 5
20 22 2
18 20 1
0 1 3
6 8 3
3 7 5
2 3 5
9 12 4
22 23 5
1 4 3
20 23 1
6 8 2
22 0 2
11 12 2
9 11 4
16 16 1
20 23 5
22 0 1
23 23 5
1 2 5
22 1 1
9 10 4
6 7 1
11 13 4
16 19 2
22 1 3
15 17 4
0 2 4
3 4 4
17 20 2
8 12 4
1 3 4
12 13 2
22 23 3
7 10 4
23 2 3
22 23 5
6 7 4
12 13 5
18 20 1
1 3 5
13 15 3
4 4 4
16 18 1
23 1 3
21 23 1
18 19 3
10 11 2
2 4 5
17 18 1
23 1 2
18 19 4
23 1 5
2 5 4
1 2 3
14 16 2
2 6 5
18 20 2
21 23 4
16 16 3
6 6 5
8 9 1
21 23 2
5 8 4
13 15 3
3 4 2
14 15 5
23 1 4
4 7 1
19 22 4
20 22 5
14 18 4
2 5 5
4 5 3
9 12 2
9 12 5
22 0 1
23 3 1
14 16 1
9 10 2
2 1 3
10 12 3
16 17 2
6 9 2
10 13 3
9 11 5
11 13 4
23 23 4
3 6 3
3 7 2
10 13 3
2 3 2
19 23 2
13 15 5
23 3 2
20 22 4
3 4 4
12 15 1
22 23 4
6 9 5
23 23 2
5 9 2
14 14 4
9 12 1
2 4 4
12 16 3
21 22 4
5 9 5
3 6 3
17 18 1
0 2 3
18 21 3
15 18 3
16 16 2
2 6 3
19 20 1
6 7 2
12 13 2
16 18 5
22 0 3
19 20 4
2 3 2
16 18 3
11 12 1
19 21 4
13 16 2
19 21 4
13 15 5
0 3 5
19 22 2
9 11 3
13 15 5
23 1 3
5 8 2
21 22 1
2 4 4
13 16 2
3 5 5
4 5 4
23 2 3
15 17 2
22 2 3
6 6 1
3 5 3
13 16 3
22 0 5
10 13 2
10 13 3
15 17 1
8 11 2
7 7 4
3 4 5
0 3 5
8 9 4
9 10 5
14 16 5
23 0 2
21 0 5
16 19 1
2 4 2
6 9 2
7 9 4
7 9 3
13 16 3
22 22 4
6 9 2
18 20 5
17 19 5
2 4 3
21 22 1
23 1 1
14 14 2
4 7 5
14 15 4
18 20 1
1 0 3
21 23 4
6 7 2
21 23 3
10 12 2
7 10 2
6 9 2
5 7 3
8 10 5
22 23 2
6 8 3
20 22 2
4 8 3
20 21 5
23 2 3
9 11 2
0 2 1
18 21 4
7 9 1
12 14 4
13 17 3
17 17 4
19 21 5
2 4 5
21 22 4
6 8 4
10 12 1
19 22 2
12 14 2
18 19 1
7 10 5
14 16 3
8 11 2
0 2 3
20 23 5
3 6 1
7 8 1
18 20 3
20 21 5
4 6 2
12 15 2
13 14 3
14 15 4
4 7 1
23 2 4
13 15 2
22 2 5
16 16 2
9 11 3
19 21 3
22 0 1
19 19 2
13 17 4
5 7 3
21 22 4
4 6 5
21 0 2
2 4 1
19 22 2
18 22 4
12 15 4
12 14 2
0 2 3
11 14 2
14 16 5
7 10 1
2 5 4
5 7 1
16 16 4
20 22 1
5 8 5
13 16 4
0 3 5
21 22 3
0 2 5
5 6 1
17 19 1
3 6 5
17 20 4
22 2 4
3 4 4
3 3 4
2 6 1
3 5 2
14 15 2
21 23 2
18 21 1
8 9 1
23 1 4
10 12 2
11 13 5
15 18 2
22 23 3
13 16 1
1 4 3
8 11 2
5 8 4
10 12 4
6 8 2
19 21 2
11 13 3
4 5 2
13 15 4
20 22 2
4 7 1
11 13 4
17 19 2
7 9 4
19 19 4
19 21 5
20 1 4
21 22 2
19 21 1
22 23 3
12 14 5
17 18 2
6 7 2
18 20 2
8 11 5
16 19 4
6 8 5
2 5 2
5 8 3
13 13 2
22 0 2
14 15 2
23 23 4
2 4 2
1 5 4
23 1 5
14 16 4
21 23 3
18 20 4
20 22 5
2 4 2
19 19 4
1 3 5
19 21 3
21 23 5
20 22 3
3 5 5
12 15 2
12 15 2
3 4 4
18 20 3
18 19 2
3 4 2
17 19 1
21 0 3
7 8 5
1 5 1
20 22 2
20 22 5
1 4 3
23 0 4
10 13 4
0 1 5
9 11 3
18 21 3
3 8 5
10 14 4
16 17 1
13 15 3
0 2 1
1 1 4
9 9 1
20 22 4
14 15 4
5 6 1
6 8 3
1 3 3
3 5 1
1 3 1
21 0 5
21 0 2
12 14 2
5 6 4
4 5 3
16 17 4
4 7 5
9 11 3
5 7 5
6 8 3
19 20 4
13 15 3
20 23 4
2 4 4
15 17 2
14 17 3
9 11 4
6 8 3
21 22 4
19 21 2
13 13 1
23 2 5
2 3 4
19 20 5
21 0 1
7 8 4
13 14 1
3 5 2
20 23 4
4 6 1
4 5 3
12 12 4
4 6 1
1 3 3
9 13 2
18 21 3
7 10 5
21 1 3
22 23 2
5 6 2
12 14 5
9 11 5
7 9 3
1 5 3
22 1 4
18 19 4
21 23 3
20 23 4
10 12 5
16 18 4
15 16 5
5 6 2
15 16 3
0 2 4
16 19 2
18 21 4
1 2 4
20 23 3
9 10 3
19 21 2
9 12 2
12 14 5
6 9 1
2 4 1
22 0 5
23 2 3
15 17 3
14 16 3
19 21 2
13 15 4
11 12 4
19 21 5
14 16 4
12 13 2
2 3 3
15 16 4
5 8 3
18 20 2
16 17 2
7 9 5
22 2 2
12 14 4
23 0 2
12 14 1
16 18 2
8 10 5
20 1 1
7 9 4
3 5 5
1 3 3
16 20 4
5 6 3
0 3 1
5 7 1
3 5 1
