530 5
5 5 1 3 4 
21 0 1
23 2 4
16 18 5
21 22 4
8 11 3
3 5 3
13 16 5
11 12 3
18 19 2
8 8 3
1 5 3
2 6 5
1 4 4
14 18 5
9 10 2
16 16 4
2 3 1
8 9 2
19 21 2
9 13 2
3 5 1
7 8 4
14 15 3
4 6 4
20 22 4
14 17 5
1 2 2
20 23 3
21 23 1
5 9 3
6 8 5
8 10 5
19 20 3
5 7 5
17 17 4
10 14 4
18 20 3
5 6 1
11 13 3
22 1 2
22 0 4
23 3 4
8 11 3
3 4 4
17 20 5
20 21 1
22 2 4
10 12 3
11 14 5
6 6 4
22 0 2
21 23 1
19 22 4
15 18 2
4 7 4
21 23 3
9 11 5
14 16 2
3 5 3
16 18 3
6 8 3
19 22 4
8 10 4
2 4 1
17 18 5
6 8 3
22 23 1
1 3 5
5 8 5
22 1 4
10 11 2
13 15 3
11 11 3
4 5 1
12 14 1
2 4 1
14 16 1
8 12 5
3 4 3
1 3 4
18 20 5
6 7 2
18 22 2
3 4 4
5 7 3
13 15 2
9 11 4
23 1 3
2 4 3
15 16 5
2 6 4
6 8 3
0 2 3
8 8 1
15 14 4
4 4 5
19 20 3
14 15 2
1 2 2
22 1 4
11 12 2
7 8 1
8 10 5
16 20 2
16 18 3
21 23 1
14 15 4
2 3 5
0 3 1
8 12 2
4 6 2
17 19 1
18 20 4
21 23 3
14 15 4
15 17 3
3 7 3
10 12 3
23 1 2
9 12 3
18 21 1
12 15 1
4 5 2
5 7 5
2 4 4
22 2 4
3 4 3
16 17 5
23 0 4
3 6 5
8 9 4
1 3 2
0 0 1
20 20 5
5 8 4
10 15 3
18 18 2
8 10 5
18 20 1
12 13 5
3 3 1
5 4 5
17 19 2
8 11 2
7 9 3
0 2 5
20 21 4
13 15 3
14 17 5
2 7 1
9 12 5
3 5 4
4 7 4
10 12 4
17 19 4
10 13 5
9 8 2
4 6 5
4 6 4
13 16 2
13 13 2
4 5 2
20 22 1
10 13 1
0 1 3
15 16 1
19 22 5
9 9 3
4 7 3
0 3 1
10 14 1
20 22 3
7 10 1
17 19 2
23 2 5
13 13 1
21 23 3
23 1 4
5 6 2
15 17 3
14 14 1
14 17 5
3 5 5
9 12 4
12 14 2
5 7 1
23 1 4
5 7 3
5 7 2
18 19 1
22 23 4
3 5 1
9 11 5
14 15 3
6 9 2
19 21 1
21 0 3
5 6 5
15 16 2
8 10 2
11 15 2
14 16 5
1 3 4
8 10 3
5 7 1
7 9 4
6 9 5
1 4 1
17 20 5
10 13 4
8 9 5
8 9 4
22 23 3
18 23 3
18 22 5
2 4 2
10 12 5
1 4 2
4 6 2
10 14 4
1 3 3
13 14 1
10 12 2
6 7 1
15 16 2
14 16 1
5 8 3
3 7 4
2 5 5
18 19 5
20 0 1
8 10 2
20 23 4
4 4 4
16 18 5
5 7 4
9 12 1
7 9 2
13 14 1
7 9 1
23 2 5
18 20 5
0 3 2
9 11 4
14 18 5
10 14 4
6 8 5
15 17 1
23 1 5
1 2 4
3 6 5
13 14 1
1 3 4
10 10 1
1 4 5
19 23 1
4 7 5
18 19 4
19 19 5
8 10 1
14 15 1
21 21 5
18 20 2
7 10 2
0 2 2
8 9 4
19 21 1
12 15 1
12 13 5
11 13 4
6 9 3
18 20 1
21 23 1
1 3 4
9 10 5
14 16 2
16 16 3
5 5 1
23 0 5
6 7 2
16 19 2
5 6 1
8 9 3
21 23 1
15 17 3
15 16 2
2 2 2
8 11 4
10 12 3
17 17 2
0 2 4
22 1 4
0 2 5
11 12 3
10 12 1
15 19 4
5 7 1
6 9 4
23 23 2
4 5 1
11 13 1
4 6 2
22 0 5
0 1 1
4 8 1
21 0 1
17 17 5
15 19 4
20 21 1
16 17 2
11 13 3
13 14 5
10 13 3
16 18 1
20 0 1
10 14 5
21 21 5
21 23 1
7 9 1
11 13 4
22 1 1
10 13 3
6 8 4
14 16 1
14 16 5
0 2 5
4 7 4
16 17 5
11 14 1
21 23 5
23 1 2
8 9 2
14 17 3
3 5 5
21 23 4
1 2 5
13 13 2
20 0 4
3 6 3
10 13 1
10 11 4
14 16 5
8 12 5
15 17 2
7 7 5
9 9 4
17 18 5
21 0 3
1 3 1
13 14 1
22 0 3
21 2 5
6 9 3
7 9 1
7 10 2
17 19 5
23 1 1
12 16 3
2 3 5
6 8 2
22 23 1
12 14 1
13 14 4
17 20 1
23 1 3
18 22 5
17 17 5
12 16 2
2 3 5
23 1 1
7 9 5
16 17 5
9 12 3
18 19 3
10 12 4
3 6 4
1 4 3
21 0 3
16 18 3
13 15 1
8 11 5
15 16 5
17 19 4
13 16 5
14 17 3
15 19 2
15 16 3
23 3 5
3 5 3
19 21 2
14 15 2
13 16 3
3 3 2
12 13 3
18 19 2
7 8 2
21 22 5
20 23 2
16 18 2
17 21 1
12 12 4
4 7 4
17 18 5
23 0 3
11 12 5
1 3 2
17 18 5
13 16 5
12 15 4
0 5 2
6 7 1
14 16 2
3 5 5
11 13 4
10 12 5
19 21 2
22 23 2
23 2 3
20 22 4
9 11 4
1 4 2
3 5 3
19 20 4
10 12 4
0 1 5
8 10 3
0 4 1
5 10 4
15 18 1
2 3 4
23 2 2
20 22 1
8 11 2
6 9 2
10 12 5
8 9 4
14 14 1
2 5 1
20 22 1
9 12 2
18 19 3
6 9 5
13 15 5
16 15 5
7 10 3
20 23 5
12 15 1
22 0 3
22 0 4
7 8 1
1 5 3
21 23 5
12 16 5
18 20 1
16 18 4
2 4 5
21 22 5
18 21 4
12 14 2
9 9 4
4 6 5
17 20 3
13 15 3
10 12 5
10 12 4
18 20 4
11 12 4
23 1 5
3 5 1
23 1 4
11 13 2
0 1 4
17 19 4
5 6 5
23 1 1
12 14 3
7 8 3
13 14 1
4 6 1
11 12 5
1 2 4
2 4 5
15 17 3
2 7 1
2 5 5
10 11 5
7 9 5
17 18 4
15 15 4
2 5 1
11 14 5
2 3 2
19 21 2
19 21 3
21 0 3
6 9 2
11 11 1
2 3 2
3 4 4
11 12 2
22 23 2
11 12 1
7 10 3
11 14 3
11 13 1
6 6 5
17 19 3
2 5 2
8 9 5
2 5 2
12 16 2
15 17 1
11 14 1
12 15 3
20 21 4
16 18 4
23 2 4
19 21 3
23 0 2
20 22 3
17 20 3
21 22 1
16 18 3
13 17 2
20 23 1
13 14 3
18 21 4
20 21 4
12 16 4
10 10 4
