570 5
3 4 5 2 3 
20 22 1
5 4 1
0 2 5
22 2 3
15 18 1
22 23 5
20 22 3
6 7 3
8 9 4
22 1 1
2 5 4
16 19 4
18 20 4
8 10 5
17 18 4
0 3 2
4 6 2
18 20 2
15 18 1
4 7 2
19 21 1
22 0 1
21 0 5
3 5 2
10 13 2
23 0 2
0 3 4
12 13 1
1 3 1
0 2 3
10 11 5
2 5 1
11 13 5
7 9 1
16 17 4
14 16 3
5 7 1
23 2 2
21 21 1
19 21 1
20 22 3
11 14 3
4 6 4
11 15 5
14 15 3
18 19 4
7 10 3
1 2 3
11 13 2
11 12 2
11 12 1
11 13 5
19 21 2
12 14 5
13 17 5
20 22 5
5 7 5
4 6 2
20 22 5
5 6 3
6 8 5
19 21 5
22 23 2
12 14 2
3 4 3
1 3 4
4 7 3
11 12 2
14 16 4
22 1 4
17 19 4
12 14 1
21 23 2
11 13 2
16 17 1
0 3 2
1 2 4
18 19 4
3 5 2
8 10 1
0 4 2
22 0 3
9 11 1
9 11 5
14 19 5
20 23 3
17 19 2
15 17 5
9 10 4
14 18 5
13 15 1
11 14 1
0 4 1
7 11 5
8 8 1
17 20 4
9 12 4
7 12 5
5 6 4
23 1 5
4 4 3
22 23 1
15 18 5
3 5 1
16 19 5
3 4 3
3 4 5
1 3 5
16 18 1
22 0 1
21 0 1
8 11 3
21 23 5
1 4 4
21 0 5
22 22 2
23 3 1
17 19 3
3 4 4
18 22 5
12 13 4
4 5 3
14 16 2
18 20 1
12 15 2
20 0 4
23 23 1
11 13 3
6 8 1
0 1 5
10 11 1
2 7 1
1 3 5
19 21 4
18 22 5
10 11 3
0 2 2
6 7 1
12 14 1
12 14 3
5 7 3
4 6 2
10 11 4
19 23 5
16 18 1
7 7 2
11 12 5
12 14 3
20 21 5
20 23 5
8 10 3
23 5 3
10 11 4
18 20 4
21 0 3
18 20 4
8 10 1
19 22 1
23 3 5
20 22 3
19 21 2
11 14 1
22 2 4
23 2 5
5 7 3
4 8 2
13 16 5
9 12 1
1 4 2
6 6 5
5 7 5
19 18 3
10 11 5
10 11 1
3 8 1
13 16 5
6 10 5
23 1 3
22 0 3
17 20 2
21 0 1
15 17 3
15 17 2
22 23 5
7 8 5
12 12 1
8 7 3
11 12 3
21 23 4
19 21 5
6 7 4
21 23 1
16 17 5
1 4 1
21 0 3
15 18 4
19 20 1
3 5 4
16 18 2
0 1 5
18 18 5
15 19 4
3 4 1
8 12 5
3 5 5
15 17 3
1 4 1
12 13 5
4 7 5
12 12 1
8 11 2
23 1 1
1 3 1
23 3 5
6 7 4
17 17 5
20 0 5
11 15 3
3 5 5
15 15 2
10 12 2
3 5 5
7 8 3
18 20 3
15 17 4
6 7 4
19 20 2
23 2 1
15 19 2
1 4 3
21 22 2
8 10 1
23 0 2
0 3 1
19 22 1
9 10 2
13 15 2
6 8 1
4 5 4
7 9 5
21 23 3
2 6 1
7 8 5
3 5 2
22 0 3
15 17 4
4 7 4
12 14 2
15 17 4
22 0 3
6 8 1
0 2 3
18 19 4
14 15 2
21 23 5
4 7 4
5 7 3
19 22 3
5 6 4
7 9 1
5 6 3
6 8 1
11 14 1
21 0 3
5 7 1
9 12 5
6 8 3
12 13 4
17 19 4
17 18 2
0 1 5
15 17 3
18 20 1
10 14 1
6 8 2
0 2 4
9 12 2
9 11 4
9 10 4
23 1 1
9 11 2
18 20 4
10 12 1
7 10 1
22 1 1
10 11 2
20 23 2
15 17 5
2 4 2
10 11 2
23 23 2
6 8 1
22 0 3
16 18 2
23 3 4
23 3 5
15 18 4
1 3 4
3 3 1
18 19 4
4 8 4
13 15 1
4 7 3
10 11 5
6 8 3
7 9 3
13 15 4
16 19 3
18 19 3
22 1 5
22 23 4
11 14 3
16 18 2
15 17 4
6 8 3
16 18 5
21 22 2
2 4 1
3 5 1
17 19 4
17 20 2
15 18 1
18 19 5
13 14 5
2 2 5
10 14 2
23 1 1
17 20 2
5 8 4
8 11 4
12 14 1
12 14 2
0 3 5
22 0 2
3 5 4
2 5 3
22 23 1
10 12 5
17 20 5
13 14 1
17 20 5
1 3 1
15 16 5
15 16 5
23 1 3
11 13 2
8 10 5
18 20 4
22 0 2
21 0 3
17 19 5
23 3 1
10 11 1
17 20 2
4 6 4
13 16 5
18 19 2
11 12 3
0 4 5
23 2 5
21 23 1
15 16 5
4 7 4
21 22 5
11 12 5
10 14 5
22 0 3
10 14 3
1 4 1
21 0 1
13 15 3
5 8 2
18 19 3
16 17 4
1 4 5
0 0 5
10 13 5
2 4 4
18 19 4
22 0 5
2 3 4
20 19 3
7 9 3
6 9 1
22 0 5
13 18 1
7 10 4
7 8 3
20 21 1
3 6 1
18 20 2
19 21 2
17 19 4
7 7 4
20 20 1
3 5 5
10 14 5
11 13 1
5 7 5
14 16 2
8 10 4
23 3 4
14 16 2
19 20 4
11 11 1
7 9 3
1 1 1
2 4 1
19 22 3
17 18 2
10 12 4
3 4 4
10 10 4
21 1 1
22 1 2
9 11 2
10 12 2
4 7 2
2 3 3
14 15 2
6 9 2
3 5 5
9 12 3
20 20 3
6 9 1
2 5 3
8 10 3
22 1 4
10 11 5
9 10 1
22 23 3
14 14 4
23 1 4
5 6 1
1 3 1
10 13 4
9 13 2
20 22 5
8 9 3
8 8 1
22 1 2
1 5 5
10 13 2
8 9 3
7 9 2
21 23 1
4 6 1
3 4 4
17 20 1
9 11 2
14 15 4
9 11 4
9 13 5
11 14 3
13 16 5
20 22 4
0 3 3
7 10 3
1 6 3
12 14 4
22 23 3
9 10 2
22 0 1
2 5 3
2 3 3
13 14 4
22 1 4
17 19 4
15 17 2
13 16 3
20 22 4
7 9 4
15 17 5
4 7 2
22 1 4
4 6 2
17 19 3
0 1 3
6 9 2
12 15 4
5 8 2
1 2 2
14 17 5
10 12 4
15 18 2
14 15 4
11 13 4
12 14 4
15 17 2
7 9 1
21 23 2
10 14 4
7 9 3
13 16 4
13 16 4
18 20 3
18 19 5
19 19 2
6 8 5
16 18 3
23 2 5
2 4 2
22 23 1
15 19 4
3 4 2
23 2 1
1 4 4
19 21 3
3 5 5
16 21 4
1 4 3
15 17 2
10 11 4
17 19 5
16 19 1
9 11 2
23 1 4
2 5 2
4 6 4
11 12 1
19 20 4
5 5 4
20 21 5
15 16 3
18 18 3
21 23 3
7 9 3
7 9 3
9 11 4
12 15 3
2 4 4
20 22 5
2 4 2
22 1 1
13 16 4
23 1 3
4 6 2
8 10 2
0 2 1
9 11 3
23 0 4
1 4 5
22 0 5
8 12 5
14 16 5
23 1 1
17 19 2
19 21 2
21 0 5
19 21 4
17 21 3
21 22 5
22 1 1
2 5 4
0 1 2
13 16 5
21 22 4
20 21 1
8 11 1
12 13 1
10 11 3
18 20 1
10 12 2
18 20 3
5 7 2
5 6 2
11 14 4
0 2 3
3 5 4
6 7 4
