580 5
5 2 3 1 4 
2 3 4
12 13 4
17 18 3
0 1 2
19 18 1
19 22 3
18 19 2
5 6 1
5 7 3
23 0 2
20 23 1
2 4 4
15 16 4
11 14 2
2 4 4
5 8 1
19 20 1
14 16 2
11 15 1
12 13 4
17 20 3
18 19 5
17 18 1
23 2 1
12 14 2
19 21 2
23 2 2
23 2 2
3 5 4
16 17 2
3 6 5
0 2 2
10 12 3
22 0 2
4 5 2
9 12 5
20 23 1
2 3 4
5 7 2
4 7 1
4 7 3
18 19 5
3 5 3
5 9 2
15 14 2
8 9 2
4 6 4
2 1 1
3 5 1
1 1 5
12 13 4
19 20 1
22 0 3
7 10 1
5 7 3
16 17 5
3 5 1
10 11 3
23 0 3
6 11 4
0 2 1
22 2 1
14 16 4
2 3 1
18 21 2
20 23 2
2 5 1
22 23 5
21 22 1
23 1 2
11 11 5
18 19 3
0 2 3
0 1 2
18 19 3
2 4 1
17 19 4
16 18 3
4 5 5
2 4 5
8 11 2
4 7 3
0 2 3
21 22 4
3 6 2
9 12 5
13 15 3
14 16 3
14 17 3
23 1 5
5 8 4
14 16 2
1 3 5
19 19 1
13 16 1
12 12 4
18 19 3
21 23 1
18 22 1
3 6 5
10 11 2
5 7 5
4 6 2
10 11 2
16 17 5
18 20 5
15 18 3
20 0 1
7 9 3
15 19 4
20 22 5
11 14 3
23 1 5
10 13 3
21 23 1
18 20 2
19 22 5
22 23 3
6 9 3
8 10 2
8 10 4
19 22 5
10 11 3
22 23 4
14 16 1
6 8 5
0 3 3
1 4 2
3 6 2
14 16 2
16 19 2
4 5 1
16 18 2
16 20 2
11 12 3
11 13 5
20 21 4
3 6 2
4 6 5
12 12 1
20 23 4
21 0 2
4 7 2
8 9 5
11 14 5
12 14 1
12 13 5
14 16 5
22 23 4
2 4 1
15 18 3
12 15 5
9 10 2
23 1 5
12 16 2
16 17 4
10 11 2
1 4 4
8 10 4
11 14 3
15 18 1
15 18 2
20 23 2
3 5 4
19 22 5
13 16 1
3 6 5
7 9 1
0 2 1
5 8 4
11 12 2
13 14 4
6 10 2
21 23 1
2 4 5
4 6 2
6 8 3
11 12 4
6 8 1
11 13 1
8 12 4
14 15 5
16 17 2
23 1 4
20 22 2
18 22 2
13 16 4
21 23 1
16 19 2
20 21 5
20 21 1
13 15 5
13 16 4
16 18 5
15 15 3
22 22 1
1 3 1
20 22 5
3 3 5
7 9 5
5 7 1
9 12 3
7 9 2
23 0 1
8 9 2
18 20 4
9 12 1
17 18 4
18 22 4
3 5 2
1 2 5
6 7 5
0 1 5
0 2 4
15 19 5
9 11 5
4 7 5
2 3 5
19 22 1
10 11 1
15 17 5
0 2 5
4 7 2
19 20 5
0 2 3
3 5 5
8 11 1
11 13 1
5 7 1
18 23 3
11 14 2
10 11 1
11 15 2
11 13 3
20 22 5
4 5 2
6 8 3
0 1 3
9 11 2
6 8 4
9 11 1
0 2 2
23 1 1
15 17 3
16 19 3
4 6 2
16 18 2
9 11 3
15 16 2
3 5 3
15 17 5
13 15 2
4 5 3
11 13 4
11 12 3
11 14 1
4 6 1
19 21 1
8 9 4
3 6 2
13 16 5
9 9 1
9 8 4
4 6 4
14 16 1
16 18 1
15 18 3
20 21 4
16 17 3
19 21 5
10 12 1
5 8 4
3 5 2
5 7 3
1 3 4
14 15 4
20 22 3
23 0 2
14 16 4
17 20 3
22 1 1
21 22 4
8 8 2
12 14 1
2 3 3
19 21 4
17 19 2
11 13 4
6 9 2
12 15 2
16 17 1
4 4 1
14 16 5
10 14 5
9 11 4
0 2 3
9 10 1
5 9 1
15 17 5
4 6 4
8 9 5
0 3 4
19 21 1
13 15 4
18 20 1
2 4 5
4 7 3
23 1 5
22 3 2
17 20 1
2 5 2
22 0 1
21 23 4
16 17 3
18 20 5
3 5 4
19 19 1
3 5 4
22 1 5
6 9 2
18 20 1
19 22 4
13 15 1
15 18 4
3 4 3
19 20 1
16 20 4
20 22 5
5 7 4
2 5 5
5 6 1
15 20 4
14 16 1
20 21 4
10 13 2
10 11 5
20 23 2
13 16 5
6 7 4
14 18 1
14 16 1
10 11 1
10 12 4
3 5 5
15 19 1
18 22 1
21 22 1
1 6 3
18 20 1
1 2 4
17 20 2
23 2 1
4 6 4
0 3 2
3 7 1
18 19 4
22 0 1
9 12 4
6 9 4
16 17 2
5 9 3
14 15 3
3 3 3
9 11 5
4 5 2
13 15 4
6 8 2
16 18 5
11 11 2
8 11 3
8 10 1
15 15 1
16 18 4
1 2 2
2 5 2
17 20 5
2 5 5
4 5 2
1 3 5
3 5 5
11 12 1
15 15 3
5 6 1
4 5 2
18 19 3
22 0 4
10 12 2
4 6 5
13 16 4
14 16 1
18 21 5
4 6 5
19 21 1
3 4 5
12 15 4
16 18 1
11 13 4
22 0 4
17 19 3
7 10 2
12 13 2
3 6 2
8 9 5
18 19 4
14 16 1
12 14 2
20 21 5
21 0 5
22 0 3
1 3 2
9 12 2
13 15 5
23 0 1
5 8 1
2 3 3
18 18 1
16 17 3
4 6 1
19 21 4
18 19 5
16 18 1
16 16 4
17 19 3
8 11 1
14 17 2
0 2 2
7 9 5
18 20 5
20 23 4
16 18 2
21 23 2
0 4 5
6 8 2
7 9 3
6 7 2
20 23 2
3 6 1
12 14 3
15 18 3
22 0 1
18 22 4
7 9 3
10 12 4
13 16 3
1 3 5
23 2 3
14 16 3
22 0 2
16 18 1
14 16 3
6 8 1
10 12 1
7 8 5
21 23 5
2 4 3
8 10 2
14 17 1
15 15 2
13 14 3
6 9 3
2 5 3
9 11 3
6 9 3
11 14 5
5 7 1
13 17 3
15 15 1
0 2 5
16 19 4
11 11 5
11 14 2
4 5 4
0 2 2
7 8 5
13 14 1
22 2 4
6 9 2
12 12 1
21 23 1
21 23 3
1 4 5
3 4 4
19 21 2
17 19 2
2 4 1
13 15 4
23 0 3
10 12 3
16 17 3
21 0 1
22 23 1
10 12 5
16 18 5
22 23 4
13 14 5
10 13 5
10 12 2
21 23 4
22 23 1
21 23 5
15 19 5
5 6 2
18 20 1
19 22 4
10 11 2
19 23 5
13 14 1
14 18 3
20 22 2
6 7 5
21 1 5
15 17 3
16 18 4
3 7 2
4 6 1
8 9 2
12 14 4
11 13 3
8 11 2
17 21 5
10 12 1
17 17 1
21 22 2
3 6 2
4 5 1
13 15 3
9 11 3
22 1 4
1 3 3
11 13 3
17 19 4
9 11 5
15 17 4
20 23 2
21 23 2
11 15 5
5 7 4
1 4 3
8 13 1
10 11 5
4 5 1
9 11 2
18 20 1
8 9 1
14 15 4
23 1 3
11 13 3
17 19 5
7 9 5
13 16 3
21 23 2
12 16 4
11 12 3
2 4 3
10 12 5
18 18 5
13 15 1
7 8 4
22 0 3
10 13 5
17 17 5
8 10 2
1 2 4
15 18 1
23 0 3
7 9 1
18 21 3
7 10 4
7 9 4
16 18 2
1 3 1
14 14 5
5 6 1
8 10 4
9 11 4
19 20 3
21 22 5
23 23 5
1 2 3
23 1 3
