690 5
2 3 2 2 5 
14 17 5
18 20 4
22 0 1
21 22 1
18 22 2
16 17 1
5 7 1
12 13 5
19 21 2
1 4 5
8 10 2
15 17 2
16 18 3
16 19 1
14 14 3
10 13 2
20 22 2
19 22 2
17 22 3
19 20 3
12 16 4
20 21 5
10 12 4
11 14 3
14 16 5
18 20 3
10 11 5
14 15 2
12 12 4
23 0 1
6 8 3
0 3 1
11 14 4
0 3 5
0 3 4
20 23 5
6 7 4
6 7 5
15 18 3
5 6 2
4 5 1
1 4 2
18 18 5
12 14 1
7 8 1
20 20 4
18 20 4
1 4 5
13 15 2
11 13 3
9 12 4
13 15 5
16 19 4
12 14 5
23 4 4
5 6 5
9 9 2
23 0 2
15 17 3
21 0 2
5 7 4
4 8 3
15 17 2
5 7 4
18 21 2
1 4 4
13 16 1
19 21 3
7 10 2
20 23 4
0 2 5
6 7 2
7 7 3
8 10 2
14 16 3
4 6 3
22 23 1
11 13 4
8 10 1
16 18 4
20 22 1
4 6 4
0 3 1
20 21 3
20 0 4
12 15 5
8 8 3
10 13 4
10 11 1
12 12 5
12 12 2
6 8 2
1 4 3
10 10 2
16 17 3
9 10 2
10 13 1
23 0 4
19 20 2
15 17 4
15 18 5
14 16 3
20 21 4
2 4 3
1 2 3
6 11 2
12 14 5
16 19 1
3 5 3
15 17 5
1 4 5
22 0 5
1 4 1
7 7 4
1 3 5
0 1 2
20 21 5
8 9 2
1 3 1
18 21 3
12 14 3
20 22 3
13 13 2
1 3 4
1 3 2
18 20 1
20 20 4
11 14 5
10 12 1
15 17 5
19 22 3
0 3 5
6 9 5
4 8 1
8 12 1
21 22 5
10 11 5
5 5 4
19 21 4
19 21 3
7 10 3
21 0 5
1 4 2
8 11 4
21 0 2
10 11 5
5 7 5
21 0 3
7 10 4
14 18 3
21 1 5
21 22 3
12 14 4
21 21 3
0 0 1
10 12 1
11 12 3
13 13 2
14 16 3
0 2 5
13 16 1
0 3 3
18 20 3
11 14 3
10 12 3
18 19 3
2 4 1
12 14 2
16 17 5
15 16 2
14 15 4
8 12 1
6 9 2
23 0 5
10 13 1
5 7 2
9 11 4
11 13 3
9 9 5
23 0 1
6 7 1
21 23 2
10 10 1
21 0 3
14 16 4
15 17 3
11 13 1
5 6 1
16 18 4
3 5 4
22 23 3
1 1 3
13 15 3
4 6 3
14 16 5
23 0 3
22 23 3
12 11 4
15 17 1
22 0 5
20 21 4
17 19 2
7 8 5
12 14 2
12 13 2
8 11 4
14 17 1
14 16 2
5 8 5
6 8 4
18 21 3
5 7 1
22 1 5
16 19 4
23 1 2
18 21 1
23 3 1
3 5 4
23 1 5
1 5 5
8 9 4
7 7 3
4 6 4
12 15 2
20 23 3
11 14 2
15 19 3
0 2 1
2 2 3
3 5 2
22 3 4
22 23 5
22 0 4
22 0 1
9 10 3
15 16 3
5 8 5
17 19 5
17 19 4
3 4 2
20 21 3
14 15 1
2 4 1
20 22 5
7 10 5
13 15 3
13 15 1
1 2 2
4 7 4
7 9 4
22 0 3
20 23 3
23 1 2
4 6 5
14 18 4
18 20 5
21 23 2
10 11 4
9 11 4
3 5 2
9 10 5
0 2 3
18 20 5
21 22 2
16 19 5
9 11 4
20 23 4
18 20 3
7 11 1
8 9 5
23 0 4
0 1 5
4 7 4
17 19 2
16 18 1
21 2 1
6 11 1
23 1 3
7 9 2
1 1 2
2 3 4
4 5 5
1 5 1
4 5 3
23 1 3
11 13 4
1 4 5
1 3 5
15 16 2
15 17 4
22 1 4
6 6 1
14 18 3
13 14 1
10 13 3
19 21 2
1 3 3
0 1 4
14 16 3
1 4 4
22 0 5
14 15 3
3 3 3
10 12 2
1 3 3
15 17 1
4 6 5
20 22 4
9 10 3
20 23 5
13 15 2
3 6 5
9 11 1
1 2 2
7 9 2
8 11 1
14 17 4
21 0 1
2 4 3
18 19 1
19 21 4
3 3 5
16 18 3
12 15 5
21 0 1
23 1 3
15 17 5
1 4 2
14 16 3
16 19 2
16 19 4
10 12 2
22 0 4
14 17 5
21 0 3
23 2 4
5 6 2
12 13 3
9 10 4
14 17 2
11 11 4
0 3 2
3 7 4
22 22 2
12 15 1
23 1 5
21 1 1
7 11 2
19 22 2
8 9 5
3 5 4
22 0 4
14 16 5
3 4 3
23 1 2
22 1 2
5 9 4
15 15 5
1 3 2
3 6 1
3 5 3
17 20 5
0 2 2
9 11 1
22 23 2
10 13 3
9 11 4
9 11 2
8 8 1
10 13 5
18 20 1
2 4 3
12 14 1
14 17 4
18 19 5
1 1 2
23 1 4
9 10 3
0 2 2
18 20 4
15 18 4
23 2 5
12 15 2
15 17 5
19 17 4
14 16 5
16 18 2
10 12 2
22 23 4
14 16 4
11 13 2
21 23 4
6 6 4
14 16 1
16 19 5
4 6 5
2 3 2
22 0 1
0 1 2
7 9 5
4 6 2
13 14 5
23 2 1
16 19 4
16 18 4
11 13 1
9 9 2
6 8 1
17 19 1
20 21 4
11 13 3
3 4 5
7 9 5
22 23 4
9 11 2
0 1 1
15 18 1
0 2 5
13 14 3
10 10 2
5 7 2
20 23 3
12 14 2
19 22 5
19 21 2
13 15 2
0 4 4
8 9 3
10 12 5
1 2 4
21 22 3
5 6 3
18 20 5
17 19 3
6 9 4
12 15 1
21 23 2
17 16 4
11 14 4
8 9 2
16 19 2
12 13 3
23 0 2
2 4 3
16 18 1
9 11 2
14 15 1
11 14 4
2 1 1
8 8 3
14 18 5
1 4 2
9 11 2
9 11 3
12 12 1
17 20 5
16 19 4
6 8 3
14 18 2
13 15 3
13 14 1
6 8 2
19 22 4
10 12 5
16 17 1
9 10 3
0 1 4
4 5 2
10 13 1
2 4 4
12 12 5
16 19 1
3 4 4
4 7 5
18 21 4
17 18 4
10 10 2
19 21 4
0 2 2
20 22 2
2 2 1
14 18 5
9 12 2
1 3 2
15 18 3
17 20 3
4 4 2
3 4 2
22 23 4
13 17 3
3 4 3
18 20 2
19 21 4
8 10 2
14 16 5
7 7 1
2 4 3
14 16 1
8 11 5
22 1 2
23 1 4
16 19 3
9 11 4
23 2 1
23 0 5
11 12 4
4 6 4
7 9 2
8 10 1
6 8 1
12 15 4
0 1 5
17 18 3
9 10 4
1 3 2
0 3 1
18 20 5
10 12 5
3 6 5
23 0 3
10 11 3
13 15 2
0 2 1
13 16 2
15 16 4
9 11 4
8 11 4
1 2 2
21 21 2
18 19 5
7 10 5
1 5 3
22 0 3
2 3 1
18 19 4
20 22 2
15 17 3
4 5 4
19 22 1
16 18 3
1 3 5
18 20 5
9 11 4
23 1 2
14 16 4
3 4 5
0 2 1
9 9 2
7 9 1
8 10 3
17 19 3
16 20 2
0 2 3
20 21 3
6 7 5
6 8 3
21 21 4
16 20 2
10 13 2
10 12 4
14 15 1
11 15 3
3 6 5
18 20 4
17 18 1
9 12 5
0 2 5
4 7 2
14 15 3
14 15 3
12 15 1
1 3 2
2 2 2
8 10 2
15 15 2
11 14 2
12 13 4
3 5 2
18 19 2
16 17 3
16 18 2
10 10 5
8 9 1
6 7 5
12 12 3
2 2 5
5 8 3
19 22 2
16 15 2
5 7 4
21 1 1
6 8 4
5 6 5
21 0 2
13 16 1
4 6 4
19 22 1
11 12 3
11 13 3
15 17 3
15 17 2
14 14 1
1 2 3
17 20 5
11 14 5
6 8 4
9 10 2
3 7 1
18 21 1
18 21 3
21 23 4
22 0 3
21 22 4
23 3 4
19 22 5
2 4 3
6 9 3
17 19 4
4 6 1
20 21 5
2 4 1
11 11 1
22 1 3
17 19 1
5 7 5
2 4 3
18 20 5
0 2 4
2 1 1
8 10 2
5 6 3
2 4 5
5 6 1
20 21 2
20 22 4
13 15 5
17 18 3
21 1 3
10 11 4
18 22 2
2 4 3
5 5 5
17 17 2
17 19 1
13 17 1
15 16 4
13 15 2
13 15 4
1 2 3
16 18 4
10 12 4
11 12 3
5 7 3
5 7 5
13 17 4
17 20 4
9 12 2
1 4 4
10 11 4
2 6 2
14 17 2
18 20 3
8 10 3
5 7 2
20 1 2
20 23 2
14 16 3
1 2 3
19 22 1
15 19 4
22 1 2
16 17 3
23 0 2
10 12 5
3 5 1
15 15 2
6 9 3
7 7 3
20 23 4
21 0 5
6 7 4
19 20 2
1 -1 1
23 2 2
15 17 3
3 3 2
5 5 3
17 20 3
8 12 5
17 18 5
