70 5
2 4 1 5 5 
14 15 5
5 8 5
1 4 2
17 19 1
11 14 5
19 22 2
16 18 2
1 3 2
21 23 2
16 18 4
16 18 2
14 15 2
22 22 5
7 8 3
22 0 4
1 2 5
15 17 2
14 16 1
10 13 2
17 20 1
11 14 5
7 11 1
4 6 1
5 7 4
22 0 4
14 16 2
9 11 4
22 0 2
16 18 1
0 2 2
2 5 2
1 3 3
6 8 3
16 17 2
9 12 3
8 8 5
17 18 1
4 7 5
2 4 1
0 1 4
23 1 4
11 14 2
3 5 2
11 16 1
10 14 5
4 5 4
7 10 2
10 13 4
8 10 4
22 23 4
23 0 2
23 2 4
1 4 1
12 17 1
20 22 2
23 1 4
18 20 4
3 3 5
22 0 5
13 17 1
13 15 1
12 13 3
8 9 3
0 3 5
18 21 4
18 19 1
15 17 4
5 6 1
19 20 3
17 20 2
