760 5
3 1 5 1 5 
4 6 1
9 11 1
19 23 4
13 13 2
17 19 3
4 6 4
0 3 3
9 10 5
16 19 1
0 2 1
11 13 3
19 20 4
19 21 5
20 22 2
22 23 5
18 19 4
1 4 4
22 23 4
16 19 4
19 22 4
7 11 3
21 22 5
0 3 3
4 6 3
3 6 4
21 23 1
19 21 2
7 10 4
14 15 3
5 6 3
15 16 1
21 23 1
5 5 5
12 15 1
7 10 4
10 11 3
17 18 3
18 18 1
9 10 3
19 22 2
15 16 2
11 14 5
14 15 5
19 21 3
10 12 5
6 8 2
0 2 3
12 15 2
8 9 4
8 8 4
23 1 4
20 0 1
15 19 1
3 4 4
19 20 3
2 5 3
13 13 2
11 12 3
19 20 3
4 8 4
13 15 3
3 6 4
4 5 2
16 16 1
4 6 4
21 1 1
19 21 4
15 16 3
22 23 2
14 17 5
19 22 4
13 17 2
15 18 2
20 21 4
23 1 1
0 2 3
2 4 4
11 13 4
13 13 1
2 5 5
13 15 2
21 22 5
7 8 3
3 6 3
23 1 2
13 15 3
6 9 2
23 2 2
0 3 3
11 14 3
5 8 3
13 15 2
20 21 2
14 16 2
15 17 4
0 1 1
20 23 2
14 19 2
7 8 4
8 11 2
12 15 2
0 1 1
10 12 4
16 17 3
21 0 3
12 14 3
18 20 2
15 17 5
1 3 4
8 8 1
12 15 1
12 14 3
11 10 3
16 17 3
19 21 2
3 4 1
20 22 5
7 9 4
7 10 1
7 8 1
16 17 2
15 17 2
4 7 1
19 20 3
19 21 2
7 9 1
9 10 3
0 2 4
16 18 4
18 19 2
18 20 2
17 20 2
11 15 5
12 13 4
7 8 2
15 16 2
7 11 5
0 3 3
12 16 4
4 5 2
22 1 4
0 1 1
16 19 2
20 23 3
22 0 1
0 2 5
16 18 1
6 9 5
18 20 5
19 21 2
17 20 3
23 2 5
23 0 4
16 17 1
0 0 5
9 12 3
0 3 4
16 19 1
9 13 5
19 22 2
16 17 4
21 22 5
10 13 2
3 5 2
12 12 4
20 21 1
12 14 1
3 5 5
17 19 4
19 21 1
22 0 2
12 13 5
4 4 5
15 16 5
1 2 3
18 19 2
13 15 5
0 2 2
13 14 3
10 12 2
13 14 4
11 11 5
22 23 4
22 0 2
14 17 2
22 0 5
2 4 3
7 10 1
6 9 4
8 9 2
17 20 1
0 2 2
8 11 4
20 23 1
6 8 2
16 18 5
14 17 2
5 7 2
22 1 3
21 22 4
18 20 5
7 8 5
1 4 4
18 21 4
1 6 5
7 10 4
3 5 5
7 9 5
20 22 4
23 1 5
9 11 1
11 12 1
21 0 4
15 18 1
19 20 2
3 6 4
8 10 1
3 5 1
4 7 3
0 3 2
2 4 5
16 20 5
17 21 5
23 2 5
14 17 5
3 4 1
21 0 5
1 3 2
19 22 3
23 1 1
5 8 4
4 6 4
7 9 1
0 1 2
19 21 2
7 8 3
9 11 3
20 20 3
17 19 5
8 10 4
0 0 1
0 2 4
20 23 4
0 2 2
5 9 2
23 0 1
20 22 2
22 1 2
1 2 5
17 18 5
16 18 1
19 20 2
14 14 4
0 1 4
12 14 1
4 5 1
20 21 5
3 5 5
3 4 3
16 19 1
22 1 4
9 9 5
3 4 1
19 22 1
0 2 4
16 17 2
19 22 4
20 21 3
10 12 4
23 23 4
18 19 3
15 16 5
7 7 4
22 23 2
18 22 5
5 9 3
4 6 3
16 18 2
7 8 3
7 10 5
0 3 1
14 16 5
5 6 5
3 5 3
4 5 5
10 11 4
14 16 2
3 5 5
8 11 2
19 21 2
16 18 2
2 4 2
13 14 5
14 16 5
13 14 3
10 12 1
12 13 5
19 23 2
10 11 5
5 8 2
23 0 1
5 6 3
22 0 5
2 4 4
0 3 3
4 7 2
15 19 4
6 9 5
2 4 3
20 22 4
1 3 1
3 3 5
12 14 3
16 18 2
19 21 1
8 10 4
21 0 1
20 22 1
15 18 2
23 2 5
18 20 3
3 6 3
14 17 2
8 11 3
8 12 4
8 9 1
5 7 1
15 16 3
6 9 5
0 1 2
16 18 4
19 22 3
10 12 5
1 2 3
16 16 5
21 1 3
9 12 2
2 4 5
4 6 4
19 20 3
4 6 1
10 13 2
19 20 3
17 20 2
12 15 3
10 11 1
14 18 1
20 0 1
20 23 1
17 19 1
12 15 4
11 14 4
1 2 3
23 0 1
19 20 3
12 15 3
21 23 4
4 8 1
10 12 3
23 2 2
22 0 3
17 18 5
16 19 1
11 12 2
21 0 1
11 14 5
10 10 5
21 23 4
0 0 5
22 23 5
18 21 1
11 13 4
0 3 5
20 21 2
1 3 4
14 16 4
21 23 5
23 0 3
12 11 4
18 19 5
2 2 2
15 17 3
19 22 2
21 0 5
20 21 2
23 1 5
13 15 2
17 20 4
6 8 2
4 6 4
10 13 5
7 8 1
20 22 1
16 17 1
16 16 2
14 15 4
20 23 4
0 -1 4
11 12 4
19 20 2
21 0 4
7 8 2
9 14 1
1 3 3
1 3 2
8 9 4
23 1 5
18 21 4
3 6 5
11 13 5
8 11 2
20 23 4
17 20 4
7 9 5
4 8 1
11 13 4
22 0 2
12 13 5
18 21 4
15 18 3
17 18 4
15 17 5
3 5 5
21 23 2
13 14 5
20 20 5
18 22 3
6 8 1
18 22 2
22 0 1
17 18 2
21 23 1
4 5 5
16 16 1
19 21 2
9 12 3
23 0 4
20 20 4
23 0 5
3 5 2
16 18 1
8 10 4
12 13 3
20 23 1
21 0 2
14 16 4
15 17 1
0 2 1
20 23 4
19 20 4
23 1 4
22 0 4
18 20 2
2 3 4
12 15 2
3 5 1
7 8 4
13 14 1
23 0 2
15 17 3
8 11 2
5 6 1
10 11 1
17 18 2
4 5 5
23 1 3
20 20 2
0 0 3
15 19 5
3 4 4
23 0 3
8 9 4
13 15 1
2 3 4
8 10 1
15 19 4
2 4 3
2 3 1
22 0 4
11 13 5
6 8 4
13 15 1
15 15 1
13 16 5
15 18 4
9 10 5
2 4 4
6 7 2
0 4 5
13 14 4
16 19 4
9 11 4
6 7 2
15 18 2
22 0 3
20 21 1
10 12 5
2 5 1
13 15 4
18 21 2
10 13 4
22 0 1
5 5 5
10 12 5
12 14 3
15 18 4
4 6 3
14 15 2
0 1 4
16 20 3
1 2 5
7 9 3
15 15 4
13 14 1
6 8 2
3 4 5
20 23 2
14 16 5
18 20 3
21 23 2
2 5 3
17 18 4
5 7 2
17 19 2
4 4 1
10 12 3
13 15 3
11 16 3
7 9 1
19 21 2
12 13 2
20 22 5
4 5 5
1 2 1
8 9 3
17 19 4
19 22 2
0 3 4
2 5 5
6 9 2
4 7 4
11 15 2
2 2 2
9 12 2
13 14 2
8 11 1
5 8 5
15 17 4
14 16 2
3 5 4
5 8 4
9 9 1
16 17 1
10 11 5
9 12 3
22 0 1
14 16 2
6 9 5
19 19 5
1 4 2
19 20 2
11 13 5
9 11 1
15 16 4
9 9 5
13 12 2
2 3 5
14 15 4
3 6 4
22 23 1
7 8 5
4 6 2
1 3 2
14 17 5
3 4 5
20 23 3
10 12 4
8 10 5
23 2 2
21 23 3
3 6 3
22 23 4
20 23 2
3 5 3
5 6 1
12 14 4
8 8 2
21 23 3
15 17 1
16 16 5
3 3 5
13 14 5
18 19 4
0 1 4
16 17 5
11 11 2
19 20 3
20 22 3
3 6 5
16 17 2
11 12 5
23 4 5
22 0 5
19 22 5
9 11 2
14 17 1
13 13 5
19 19 1
10 12 1
15 18 3
5 9 2
12 15 5
19 23 3
6 8 4
10 10 5
10 12 4
9 11 4
16 20 3
22 23 3
10 13 4
2 2 1
15 17 1
0 0 1
2 4 5
4 6 3
23 0 1
21 22 3
17 19 4
16 20 3
1 1 3
23 1 1
6 6 1
6 6 4
5 8 4
12 14 5
1 4 2
8 9 5
7 7 2
20 23 2
20 0 4
5 8 4
23 2 2
19 21 3
16 17 3
9 10 3
16 18 5
10 14 1
13 14 2
10 12 3
2 3 5
3 3 3
20 22 3
9 11 3
3 4 2
12 14 5
19 23 4
19 21 2
2 5 5
3 6 1
1 4 3
19 21 1
0 3 3
5 7 2
3 5 5
12 13 3
17 19 2
10 10 1
1 2 5
0 2 3
5 8 5
4 6 5
20 22 3
13 15 3
5 6 3
23 1 5
16 18 5
14 16 5
6 8 5
8 8 4
1 2 4
2 6 2
5 8 5
12 15 5
22 1 5
14 15 5
16 18 3
18 19 1
10 13 2
1 4 1
21 22 2
5 9 2
15 17 2
15 17 4
21 22 4
15 17 5
13 14 3
8 9 5
16 20 2
6 8 5
9 11 2
17 20 5
19 20 5
2 5 3
3 6 5
12 13 1
13 16 1
15 19 3
16 18 3
18 17 2
12 15 2
15 18 1
11 14 5
8 11 3
6 8 3
21 0 4
3 4 2
20 23 1
10 10 3
4 6 5
11 13 4
20 21 2
5 8 1
1 5 3
1 4 2
18 19 3
6 8 5
14 16 4
11 14 5
14 16 3
9 10 4
9 9 4
2 3 2
19 21 5
4 5 5
10 11 1
3 6 1
8 10 1
8 11 2
18 20 4
12 14 1
19 21 4
7 9 3
21 0 5
1 3 4
14 16 1
9 11 2
1 4 2
2 5 4
16 20 5
10 13 2
4 4 2
8 11 1
4 7 5
6 8 4
8 11 3
9 11 3
17 19 3
9 12 5
3 6 1
7 10 4
