790 5
1 5 1 5 4 
10 14 4
16 18 3
0 1 4
0 0 4
5 7 2
15 16 5
14 15 5
19 21 1
13 14 3
16 18 4
4 7 5
15 16 1
20 20 5
8 11 2
18 20 2
0 2 3
8 9 1
18 19 1
20 21 3
13 14 5
1 3 5
7 10 5
8 11 1
13 17 5
17 19 4
11 13 4
4 7 4
20 0 1
4 6 1
11 13 2
17 19 5
22 2 2
14 15 2
0 2 4
17 19 5
6 9 5
21 23 1
23 1 2
6 9 5
6 9 3
10 13 2
5 7 2
21 23 5
19 20 2
16 19 2
18 20 2
12 15 4
10 13 2
14 15 1
19 21 1
10 12 3
20 21 1
11 13 5
8 8 2
1 4 1
17 19 2
12 15 4
22 1 3
8 9 4
4 4 2
20 21 4
22 0 5
9 11 5
11 13 3
15 17 3
15 17 4
0 3 4
15 19 4
3 5 1
20 21 5
12 14 1
0 4 1
16 17 5
8 12 5
22 23 1
22 0 1
13 15 1
3 6 2
12 15 1
22 23 2
10 13 1
22 1 5
16 18 2
11 13 4
15 17 5
18 19 4
0 2 4
22 23 5
8 10 1
6 8 5
11 13 1
11 13 2
5 9 3
0 -1 2
16 17 3
22 0 1
0 1 3
17 22 4
16 18 3
10 13 2
10 12 4
23 0 3
2 3 2
14 16 1
12 15 3
12 14 3
16 17 5
7 9 4
23 1 2
6 8 5
16 18 5
10 10 3
12 13 1
20 23 3
8 11 1
19 21 2
20 22 4
10 13 2
3 5 1
6 7 1
18 20 5
16 18 2
3 5 5
11 15 4
17 20 1
17 18 1
12 13 3
6 9 4
4 6 3
22 22 3
6 8 4
18 18 5
19 20 1
3 6 1
2 4 3
11 12 1
12 13 3
19 20 5
15 16 5
22 0 4
12 16 5
3 5 5
15 18 4
1 3 2
9 9 3
18 21 1
10 13 3
12 14 5
1 3 2
16 19 3
19 21 4
8 9 3
11 11 3
21 23 3
11 13 5
3 5 3
4 5 5
2 4 2
4 7 1
15 17 2
4 5 1
13 14 4
6 9 4
5 7 1
11 13 3
21 0 5
7 9 2
10 11 5
1 3 1
11 14 5
14 16 2
2 4 3
8 8 2
9 11 3
16 17 3
7 8 2
6 8 3
8 9 1
19 23 1
9 12 4
14 16 1
5 7 3
9 11 2
5 8 2
13 16 5
22 0 3
12 14 4
4 6 3
10 13 3
11 14 2
21 22 4
12 14 5
3 5 4
15 17 2
7 9 3
11 13 4
17 20 4
4 4 4
5 7 2
4 7 5
0 3 3
1 3 3
7 9 1
19 22 1
8 11 2
1 3 5
4 7 2
7 9 5
4 4 5
3 7 2
8 10 5
6 8 3
12 13 4
5 6 4
7 10 1
8 10 4
18 18 5
14 17 1
23 1 4
15 17 1
17 21 4
5 7 1
7 10 4
21 0 3
4 7 1
10 12 2
9 11 1
22 2 1
20 22 3
14 16 2
3 6 2
9 11 1
6 9 3
13 14 3
11 12 2
19 23 3
20 21 2
7 11 2
3 5 1
23 1 1
19 21 5
8 10 1
16 17 2
7 11 2
5 7 4
2 3 2
7 9 5
18 20 3
10 12 3
5 6 3
4 7 1
8 10 4
18 22 2
20 22 3
6 7 3
1 3 5
8 10 3
21 22 4
10 12 2
9 12 5
15 18 3
9 10 5
16 18 2
15 17 1
10 13 4
8 8 3
1 1 1
6 9 2
14 16 3
21 23 3
21 1 2
9 10 5
13 17 3
12 14 3
5 5 5
0 3 3
9 10 1
9 12 2
12 14 5
0 0 4
6 9 3
10 11 5
3 6 5
1 3 2
9 10 3
0 3 4
5 6 2
5 7 2
14 15 3
15 16 4
5 7 3
7 9 3
16 18 5
14 16 2
20 23 2
12 12 5
19 20 3
21 23 1
23 1 1
5 8 1
10 13 3
7 8 4
14 14 5
8 10 2
10 12 1
0 3 5
8 12 5
9 10 5
9 11 1
0 2 2
9 10 3
21 23 5
2 5 2
1 5 2
16 18 1
17 17 5
14 16 4
3 4 5
5 6 1
1 4 4
17 18 3
9 12 2
10 10 4
23 0 4
2 4 2
22 1 3
22 0 2
16 19 5
9 12 3
6 8 3
0 1 1
0 2 2
4 6 1
7 9 1
3 5 1
6 9 3
19 19 1
20 21 5
2 4 3
23 0 2
8 10 5
20 22 1
21 23 2
22 23 5
22 0 5
5 7 5
10 11 2
17 18 4
6 8 2
5 7 4
21 0 2
4 5 3
0 4 5
14 15 3
16 17 3
18 19 4
15 17 1
10 11 5
20 21 1
20 22 1
8 9 1
21 22 5
7 9 1
7 8 5
18 21 4
23 2 1
6 8 5
4 5 5
23 0 5
17 19 4
7 9 1
12 14 2
7 9 4
6 8 3
16 21 5
7 9 1
22 23 4
13 14 3
20 23 4
12 14 3
9 12 5
8 12 4
12 15 4
2 4 3
19 21 2
23 1 4
6 7 2
16 19 5
20 22 3
10 12 4
21 23 2
0 2 1
15 18 3
16 18 2
22 1 2
0 3 1
10 11 2
3 4 4
19 20 2
12 12 2
0 3 5
16 19 5
3 5 1
12 15 4
21 22 4
5 6 3
16 18 1
13 17 1
2 4 3
7 8 3
0 2 4
4 7 3
7 10 1
2 4 4
22 0 1
2 4 5
17 19 4
7 8 2
3 5 2
19 19 2
10 12 2
5 8 3
3 7 3
0 2 2
22 23 3
11 13 3
0 1 1
19 22 2
8 9 2
3 5 2
11 14 4
22 0 4
16 18 2
15 16 5
13 14 2
13 15 1
4 7 1
13 14 2
6 8 3
7 9 4
23 23 5
14 16 2
20 22 5
19 20 5
22 0 3
1 2 5
18 19 4
23 1 5
4 5 5
4 7 1
21 23 4
0 -1 1
17 18 4
9 9 3
15 16 3
22 0 1
20 21 5
11 14 2
20 22 1
13 16 3
7 9 1
4 7 3
14 18 3
23 1 1
9 12 2
23 1 2
18 21 4
22 0 3
15 16 5
18 19 4
6 8 4
1 2 5
6 9 1
10 11 1
9 12 4
23 1 1
6 7 2
4 6 1
6 8 4
18 20 5
8 12 2
10 12 2
8 10 4
7 9 3
14 17 3
17 19 2
3 4 4
8 10 4
14 17 1
17 17 1
5 8 3
14 17 2
5 8 1
9 10 3
6 8 4
21 22 4
8 9 5
12 11 4
0 3 4
14 17 1
4 7 5
4 7 5
9 12 4
9 9 2
7 8 5
11 14 5
14 14 4
13 14 2
18 19 4
20 23 4
22 2 2
1 2 3
19 22 3
18 20 4
18 20 4
0 1 1
18 21 1
17 19 2
23 0 3
1 2 5
9 9 3
11 13 5
4 7 5
21 23 2
0 2 5
11 13 4
18 20 1
13 14 3
3 5 2
23 0 2
17 19 1
14 18 2
14 17 3
9 11 3
18 20 1
22 1 3
10 11 1
10 10 3
7 10 4
5 6 5
18 21 3
18 19 1
20 22 1
20 20 3
4 4 1
7 8 1
14 15 4
10 12 3
8 10 5
8 11 2
9 10 5
14 16 5
17 19 4
2 4 3
14 15 2
21 23 5
21 0 4
9 12 4
17 20 2
9 11 2
11 12 1
16 18 5
13 15 3
1 3 1
21 23 1
6 10 2
14 14 4
10 14 4
6 9 4
14 16 5
0 3 4
18 21 2
20 21 5
12 15 4
5 8 3
13 15 5
21 0 3
23 1 2
8 9 5
21 23 1
1 5 1
8 10 5
17 18 5
7 10 2
4 5 1
4 6 2
1 3 1
1 3 5
10 10 3
11 12 1
23 0 4
16 18 5
15 18 3
3 5 3
9 11 2
13 14 4
17 17 5
3 6 3
4 5 5
23 0 4
0 2 4
12 14 2
4 5 3
7 10 5
13 14 3
18 21 4
19 20 2
10 11 3
15 18 1
21 0 4
17 19 1
12 16 5
9 12 4
4 6 5
2 4 5
5 7 4
3 7 4
5 7 2
7 9 2
21 23 4
1 4 5
3 5 3
16 17 2
6 9 1
16 19 5
5 6 5
9 10 2
5 7 4
19 23 5
4 7 3
6 9 1
17 18 4
17 19 1
19 23 1
15 16 2
8 11 1
12 13 1
8 11 5
3 4 1
19 21 1
6 8 3
2 6 5
5 6 4
13 15 4
2 5 2
20 0 5
5 8 5
19 22 5
23 2 1
3 5 2
8 10 4
22 23 5
19 22 3
5 8 5
5 8 5
8 11 4
11 13 3
14 14 2
11 12 2
17 19 1
6 7 2
16 17 3
0 3 1
8 10 3
12 15 4
10 10 2
12 16 2
18 21 5
6 8 5
0 3 2
22 0 1
21 23 4
8 10 5
20 23 5
6 9 3
14 15 3
1 3 1
10 12 3
23 2 5
16 18 4
6 9 5
23 1 3
7 9 4
2 3 3
23 1 4
8 10 5
4 9 3
10 12 1
12 13 3
8 9 1
2 3 1
6 8 1
17 21 1
3 5 1
21 22 3
1 1 3
18 21 2
13 14 5
20 0 3
2 6 4
18 22 4
11 12 1
4 7 2
14 16 4
1 4 5
7 8 3
22 1 4
23 1 1
9 11 4
5 7 1
17 19 5
18 23 4
5 6 3
19 21 3
5 7 1
14 15 5
3 4 3
23 1 5
10 12 4
9 11 3
8 9 2
14 14 4
12 14 1
17 18 3
7 8 4
17 19 4
17 19 1
5 7 5
6 8 2
21 23 4
12 16 3
21 22 2
18 19 4
14 17 1
12 14 4
8 9 1
14 15 1
9 11 3
10 12 4
14 17 3
12 13 5
13 14 4
12 13 5
3 5 4
2 4 1
18 21 1
12 14 5
20 20 2
14 15 4
17 19 5
12 14 3
5 8 1
3 4 5
13 14 3
10 12 3
15 17 5
23 23 2
1 4 2
15 19 1
12 14 2
5 7 2
11 15 5
22 23 3
6 7 5
11 12 4
9 12 3
7 10 4
7 11 5
17 19 4
16 17 5
23 0 4
16 18 1
6 6 3
13 15 5
21 22 5
12 13 3
13 16 4
19 21 5
1 3 5
20 23 5
11 14 2
17 19 1
18 20 5
2 4 5
3 6 5
10 11 4
13 16 5
12 13 3
2 5 1
4 6 3
