880 5
5 1 4 5 1 
18 21 3
8 10 2
23 0 5
10 10 1
10 13 5
21 0 5
20 0 4
16 18 4
2 4 1
13 14 3
15 18 5
23 23 3
15 16 5
8 12 1
9 11 1
2 4 1
14 14 5
15 15 4
5 9 1
18 19 5
0 1 3
9 11 5
3 6 3
23 2 2
23 0 5
3 6 3
0 1 3
19 22 1
14 16 4
2 4 4
23 1 4
16 17 1
21 22 5
0 2 5
20 20 4
5 6 2
1 3 4
19 20 3
7 10 3
22 22 3
7 7 5
12 15 5
1 2 4
8 11 3
7 11 1
13 16 4
0 1 4
1 1 5
12 14 4
15 16 5
15 16 4
2 5 5
22 0 1
1 2 1
14 17 1
19 22 5
0 3 3
19 22 2
19 20 5
17 20 1
12 14 1
15 16 2
14 16 1
5 8 2
20 22 1
11 12 2
2 5 2
14 16 2
5 7 2
2 4 4
20 23 2
23 0 5
12 15 4
0 2 5
11 12 2
4 5 1
12 17 4
1 3 4
23 0 1
9 12 3
2 5 3
4 6 5
16 19 1
20 22 3
12 13 2
3 5 2
7 7 2
23 2 2
23 1 2
1 3 5
14 18 2
19 20 5
6 8 1
8 10 1
1 2 4
5 7 3
12 14 1
4 5 5
18 20 5
20 22 2
5 6 2
19 20 1
12 14 3
0 1 2
21 21 4
17 19 4
5 7 2
12 14 1
5 8 2
22 23 5
1 2 3
15 15 4
21 22 4
10 15 2
11 12 3
1 2 2
0 2 2
14 15 1
15 18 4
16 17 3
0 1 4
1 4 3
4 5 1
16 19 1
9 11 1
3 6 2
9 11 1
16 19 2
6 8 2
22 22 2
20 22 1
11 14 2
22 23 1
5 7 1
16 16 3
20 22 1
16 17 2
3 3 4
11 13 1
17 18 4
8 9 1
4 5 2
17 20 3
0 3 1
7 10 4
0 1 5
5 8 2
8 9 5
0 3 5
17 20 2
9 11 1
8 11 5
15 17 3
6 6 2
5 7 5
7 9 3
12 15 5
13 14 5
15 17 5
18 20 5
23 2 1
21 23 2
23 1 4
6 7 1
18 20 3
22 21 3
14 16 1
7 8 1
5 7 2
19 20 3
23 0 3
20 21 2
18 20 1
8 10 2
0 2 1
0 1 1
3 4 1
16 17 2
17 20 3
4 4 3
16 19 5
6 8 5
19 21 4
23 1 2
12 14 5
1 4 5
5 7 2
22 0 5
15 18 4
14 17 4
2 4 2
21 23 1
15 18 2
19 21 5
19 22 5
2 3 1
23 2 1
2 5 4
9 11 3
6 8 4
14 16 5
19 21 1
3 4 4
2 5 2
10 12 4
21 0 2
3 6 1
2 4 5
2 4 4
15 17 2
21 23 2
12 15 4
17 19 4
19 21 4
17 18 1
14 15 3
0 0 1
0 2 5
21 23 5
11 15 2
4 7 3
12 13 1
2 4 5
23 1 5
18 19 2
19 21 3
22 0 5
13 16 3
1 3 5
3 6 2
0 3 3
8 11 3
1 2 5
4 5 3
2 4 2
10 13 3
12 13 3
14 15 5
21 23 5
15 16 4
18 20 4
7 10 5
15 18 3
17 19 3
17 19 4
7 7 5
21 23 4
3 3 5
5 7 3
18 20 5
3 5 1
19 20 3
3 6 1
4 6 5
4 6 2
2 3 4
0 4 4
21 0 1
9 11 1
6 9 5
16 19 4
6 8 4
5 7 5
5 6 3
3 4 5
4 5 1
10 11 4
20 22 1
16 19 1
3 5 3
18 19 4
13 15 3
7 10 1
15 18 5
21 22 1
15 17 3
20 0 4
17 19 4
9 11 2
3 5 3
22 1 5
19 22 2
10 11 4
0 3 1
15 16 3
18 19 5
16 20 4
11 14 5
7 9 1
23 0 2
14 15 1
8 8 1
5 8 2
22 1 2
23 1 5
22 0 3
9 12 4
10 12 4
9 11 1
16 17 1
6 8 2
11 12 5
13 14 5
9 10 1
10 12 4
13 16 1
7 9 3
6 8 3
2 4 4
14 15 2
11 13 5
23 1 2
5 6 2
16 18 5
11 12 2
16 17 3
10 13 5
22 1 2
22 23 3
6 8 4
22 1 5
11 12 1
12 14 5
16 17 4
13 16 5
23 3 3
12 14 4
19 20 3
7 7 1
3 6 5
11 13 3
18 20 1
2 3 4
5 6 1
13 14 2
17 20 5
6 9 1
17 19 2
8 10 2
9 11 1
14 16 1
9 10 3
18 19 2
8 10 4
5 6 3
19 21 5
10 13 2
17 18 2
22 23 5
11 14 2
16 18 2
10 12 5
2 5 3
7 8 4
2 6 1
14 18 2
11 13 1
0 1 2
12 15 5
8 10 4
23 0 4
10 13 1
2 4 2
20 22 1
4 5 1
16 17 4
14 15 2
5 8 5
8 10 1
2 5 5
17 20 1
3 4 1
20 22 1
2 4 5
18 20 1
20 21 4
21 22 3
18 19 4
9 10 5
8 10 2
23 1 4
16 17 3
5 8 2
13 15 4
12 14 3
2 4 2
6 7 2
10 12 3
11 12 2
16 19 3
23 1 2
15 18 4
2 4 1
5 6 4
8 11 1
8 11 3
7 7 4
18 18 4
20 23 1
0 2 3
8 11 3
7 10 5
2 5 3
23 0 4
4 6 1
13 15 4
18 20 5
3 6 1
3 5 1
4 8 2
21 0 4
12 14 5
11 12 1
14 16 4
8 10 3
7 7 4
13 16 4
10 10 1
9 11 3
14 15 5
11 12 1
1 2 4
7 8 2
20 21 4
19 22 5
2 2 3
14 17 2
13 17 2
8 9 4
10 12 4
9 11 2
18 21 3
5 7 5
0 2 3
6 7 5
8 11 5
6 9 3
12 13 5
15 17 5
15 18 1
20 22 4
3 5 5
1 5 3
10 12 1
15 17 1
23 23 4
5 7 5
16 19 5
11 14 2
13 15 5
4 7 2
16 16 1
3 5 3
12 14 3
0 2 5
12 13 1
9 11 2
5 7 2
13 13 4
18 22 3
9 11 3
17 20 4
21 1 2
16 18 5
1 3 2
16 19 3
11 14 1
10 11 5
14 16 5
12 14 1
16 17 2
9 11 1
3 4 3
4 6 3
5 7 3
22 23 5
20 22 1
2 6 5
12 16 3
21 2 1
21 0 4
10 11 3
3 7 1
17 20 4
2 5 1
4 5 2
13 17 3
17 18 2
23 1 4
16 19 1
10 11 3
23 1 4
23 0 1
0 3 2
12 12 4
12 15 2
21 23 1
0 3 3
19 21 2
22 1 5
9 10 3
20 0 3
23 2 1
12 14 4
4 5 5
4 7 5
13 16 5
17 19 1
5 6 3
4 6 3
16 18 1
14 16 1
2 4 1
15 18 4
7 10 2
4 6 2
19 23 4
4 7 1
7 12 5
21 23 1
16 19 4
1 4 5
0 1 5
17 18 1
21 21 5
7 8 1
7 10 5
8 9 4
10 11 5
7 10 3
12 13 1
0 3 2
0 3 4
3 6 2
13 16 1
22 22 5
20 21 4
17 19 1
18 22 3
9 11 4
13 14 1
15 17 2
21 0 1
19 23 4
1 3 4
8 12 5
19 21 3
9 12 3
8 10 2
20 23 3
5 8 2
5 7 4
10 12 1
1 4 2
6 9 2
17 17 4
13 16 3
23 1 1
8 11 4
8 10 4
16 19 2
16 19 3
5 8 2
9 11 3
9 10 1
8 11 3
13 14 2
7 9 3
19 19 2
15 18 3
23 0 1
10 13 2
21 22 5
1 4 3
2 4 4
14 17 3
0 2 5
19 21 2
11 13 3
23 1 4
11 14 4
12 14 1
1 3 3
9 11 3
17 19 5
12 14 4
14 15 3
11 11 4
10 11 4
13 15 5
22 23 2
20 23 3
1 3 2
14 15 5
2 5 1
8 10 1
6 6 5
10 12 2
16 18 3
4 7 3
16 16 4
17 19 2
13 15 1
23 1 5
5 6 4
4 5 5
0 2 2
17 19 4
12 15 5
21 22 4
17 21 5
6 8 3
3 6 5
6 8 1
13 15 1
7 8 3
8 11 2
4 5 1
8 11 1
14 13 4
19 22 3
19 21 3
19 22 1
14 15 1
7 8 1
2 4 2
4 6 2
12 15 5
0 1 1
5 10 3
23 23 2
23 0 4
6 9 1
1 3 4
12 13 5
15 17 1
0 2 2
7 9 4
0 3 3
10 12 1
22 23 4
5 7 4
2 4 2
17 20 2
14 15 4
18 18 3
23 1 4
4 7 2
5 6 2
15 17 1
12 14 2
3 6 3
14 17 4
6 7 5
14 16 1
6 8 5
3 5 4
14 15 2
5 7 3
20 23 5
11 12 3
2 3 3
9 12 4
10 12 2
15 16 2
4 5 5
16 18 4
10 11 4
0 3 4
19 19 3
11 13 2
17 19 4
13 15 3
15 17 2
11 12 1
17 20 3
2 7 1
0 2 1
20 22 2
9 9 3
16 19 2
16 16 3
8 10 4
10 13 4
1 3 1
17 20 4
7 9 4
11 14 2
0 2 2
13 14 5
11 12 2
12 16 5
3 4 3
13 15 1
3 5 4
8 10 5
4 5 2
12 14 5
0 0 1
0 2 2
5 9 1
19 20 4
6 7 4
16 19 5
19 21 5
23 0 1
5 8 2
17 20 5
8 10 1
21 21 3
14 15 5
21 23 3
18 22 5
3 7 4
4 6 4
13 13 3
13 15 3
22 0 5
0 2 2
6 10 3
4 8 1
0 0 1
12 14 2
11 14 2
11 12 5
21 23 1
21 23 2
18 19 3
11 15 3
15 18 2
23 23 4
13 15 4
4 7 3
8 9 4
5 7 3
9 11 3
22 0 1
16 18 2
20 21 3
7 9 2
7 10 3
0 2 4
13 16 2
6 7 4
7 10 5
15 16 3
20 22 4
9 9 1
5 7 1
12 15 3
13 16 4
5 7 1
20 23 4
13 14 2
10 12 2
21 23 2
3 4 2
16 17 2
6 9 5
8 9 4
8 10 2
15 17 2
21 23 5
15 18 1
14 16 4
23 1 4
2 4 5
20 23 1
14 16 5
17 19 3
8 10 1
20 22 4
21 22 1
9 13 3
15 18 2
3 5 4
16 17 3
18 21 4
7 10 5
13 14 3
22 1 1
23 23 5
3 6 4
22 23 4
4 6 1
21 22 5
17 19 3
5 6 1
1 3 1
14 17 2
10 13 5
13 16 4
6 8 5
16 19 4
11 14 4
14 18 2
10 14 1
19 21 1
14 15 3
14 15 3
4 8 2
12 14 2
6 9 4
19 21 4
8 8 1
1 2 3
3 2 1
17 18 5
22 23 1
1 3 2
10 11 5
10 12 2
14 17 2
3 5 4
19 21 3
21 23 4
16 18 5
14 15 4
8 11 1
13 15 5
3 5 4
7 9 2
17 19 4
4 6 5
13 16 4
3 7 5
11 14 3
5 7 5
7 8 1
10 12 3
14 17 2
5 8 1
0 5 4
16 17 5
3 5 2
5 7 2
4 8 1
23 2 5
9 12 4
14 16 1
21 22 2
15 17 4
10 12 2
14 16 2
18 20 1
20 21 3
7 11 3
23 0 4
14 17 2
17 20 1
21 22 4
7 8 3
15 17 2
4 6 5
10 10 1
15 16 5
20 21 2
12 13 2
12 14 2
5 7 5
23 3 3
1 4 1
22 0 2
22 1 1
22 0 2
6 6 1
4 7 3
12 13 2
17 18 4
4 8 3
6 7 1
14 16 2
19 20 3
4 6 2
20 22 3
13 14 5
3 6 2
0 3 2
15 17 2
17 21 2
