910 5
3 1 3 5 2 
23 0 2
8 10 4
12 15 4
15 18 5
20 22 4
9 11 1
13 16 4
1 3 2
20 22 1
11 12 3
17 18 1
17 19 4
19 22 5
3 6 2
22 22 4
15 15 5
15 17 2
21 1 2
22 23 2
18 20 1
0 3 5
21 22 3
20 23 4
9 11 5
20 21 3
5 7 5
3 5 1
4 6 3
15 18 2
11 13 5
17 18 1
0 3 3
17 18 4
22 23 5
11 13 5
15 16 4
15 20 5
5 7 1
3 6 4
0 2 4
17 19 3
16 16 4
19 21 1
7 8 5
1 2 4
10 10 3
17 17 2
2 4 3
15 17 2
13 14 5
5 5 4
7 11 4
13 15 2
16 17 4
13 13 5
3 5 2
3 4 3
16 18 2
20 22 5
4 5 2
10 11 5
12 13 5
1 3 5
10 14 5
0 1 5
1 4 1
12 17 5
19 21 3
8 12 5
22 0 2
13 15 5
7 8 3
0 4 1
2 3 1
22 0 5
1 3 4
11 13 1
11 14 5
5 6 4
15 17 5
12 14 5
1 4 5
2 3 4
23 0 4
17 19 4
8 11 2
9 11 5
17 20 5
11 13 1
9 11 3
12 15 3
6 6 2
11 13 3
8 11 2
11 12 1
14 16 1
6 6 2
21 0 1
9 11 3
21 23 3
19 18 2
6 9 4
5 8 1
0 2 1
21 23 5
13 14 1
11 14 2
23 1 2
10 14 1
17 20 2
12 15 3
17 19 4
20 19 3
2 3 3
10 12 3
22 0 3
15 16 2
22 0 1
16 16 1
10 13 1
3 6 1
10 12 1
23 1 3
15 17 3
7 8 2
17 19 1
10 14 4
1 1 5
6 6 3
5 7 5
6 8 1
9 11 1
0 0 5
7 11 2
14 16 1
13 14 3
14 17 1
4 6 2
11 12 1
11 14 3
16 17 4
20 21 5
0 1 2
11 13 2
20 21 2
23 1 5
2 4 5
12 13 3
17 19 2
16 18 2
23 1 3
12 14 5
12 14 3
20 23 2
8 8 3
17 20 5
17 19 5
18 18 3
11 13 3
3 5 2
23 2 3
13 16 5
21 1 1
8 10 3
15 15 4
5 5 3
2 3 2
1 3 2
20 22 3
0 1 1
3 4 2
7 9 3
7 10 2
23 2 1
0 4 4
13 16 3
5 7 2
16 18 2
10 13 2
23 1 4
16 20 4
8 10 5
19 21 5
10 12 3
20 23 1
23 0 1
11 13 5
21 22 3
7 9 3
4 6 4
8 10 1
7 7 3
20 23 3
0 3 1
18 20 2
10 11 5
13 15 2
8 11 3
5 6 4
18 20 4
5 9 1
21 2 2
8 11 3
6 7 5
16 18 3
15 17 4
9 11 2
8 8 4
19 22 3
9 12 1
23 1 2
19 22 2
13 14 1
2 5 2
13 14 4
21 22 2
21 1 5
15 18 1
4 8 3
18 21 4
6 9 1
11 13 2
16 18 4
16 19 2
1 2 5
15 17 5
1 2 4
0 0 1
2 3 4
13 16 3
6 6 5
3 5 1
4 6 2
9 11 4
0 1 4
19 23 2
10 13 4
16 18 5
17 18 5
0 3 2
18 21 3
12 16 1
1 2 3
4 6 4
19 20 2
16 18 2
0 2 5
4 6 5
8 10 1
0 3 4
20 21 3
14 15 5
11 13 4
0 3 1
6 9 3
3 3 2
18 20 3
18 21 3
9 11 1
18 20 3
23 0 2
1 3 5
14 16 5
0 3 1
12 14 3
23 0 4
17 21 3
1 3 4
15 18 4
17 20 1
17 19 2
14 14 2
5 6 4
5 8 3
11 14 1
1 5 3
9 12 5
8 11 3
14 16 1
21 0 2
6 8 5
0 3 3
1 2 2
2 6 3
13 16 2
20 23 2
1 2 5
9 11 4
1 4 4
21 22 5
8 11 5
18 19 3
6 7 2
0 3 1
14 17 1
20 23 5
1 3 2
18 20 2
21 23 5
4 4 5
8 9 5
9 12 3
20 23 1
2 4 2
0 4 3
17 19 1
6 8 1
13 16 3
11 13 2
11 13 5
12 15 1
18 20 2
7 7 1
3 5 1
6 7 4
10 14 3
14 15 2
1 2 4
12 16 2
14 16 3
3 6 2
11 14 1
20 22 5
8 11 2
10 11 2
8 10 2
3 5 1
13 13 5
12 14 2
19 20 3
20 20 2
14 15 4
17 19 5
16 16 1
19 19 3
15 16 1
7 10 1
23 1 2
21 23 4
4 6 1
22 1 1
15 17 5
22 0 1
22 23 2
18 21 3
6 8 3
4 7 5
22 1 4
21 23 3
2 4 1
2 4 1
9 9 4
7 11 1
13 16 5
20 23 3
18 20 4
12 14 1
2 2 5
9 12 2
19 21 4
9 10 2
3 6 5
16 19 5
16 17 4
21 22 4
14 16 4
4 5 4
19 23 2
6 7 2
0 1 1
0 3 5
1 2 5
14 16 1
15 16 5
2 4 4
20 22 4
1 3 5
20 21 1
14 16 2
7 9 1
10 15 4
1 3 5
13 13 3
17 21 3
6 9 1
9 10 1
9 11 4
2 4 4
9 11 5
8 10 5
5 6 1
8 12 2
12 14 3
9 11 5
23 3 2
8 11 5
15 17 4
0 3 4
8 10 3
4 7 4
11 12 1
9 12 5
20 21 2
11 12 5
10 10 1
16 17 4
15 16 1
22 0 4
22 0 4
4 8 4
22 2 4
3 6 1
0 2 2
19 19 4
7 10 5
7 11 5
3 4 1
8 10 2
5 8 1
11 13 4
21 0 5
6 8 1
4 5 4
8 9 4
3 4 4
9 12 3
12 15 4
20 23 5
13 14 4
12 15 3
23 2 1
8 10 5
14 17 4
22 0 4
23 2 3
12 14 1
10 11 2
17 19 5
3 5 4
16 20 2
11 14 2
18 20 5
13 16 4
2 3 3
3 5 1
8 9 4
22 1 3
18 19 5
0 3 5
3 5 3
6 9 5
5 6 1
7 10 5
10 14 4
13 14 2
18 19 4
15 16 5
6 8 5
0 2 1
23 1 3
0 2 4
3 7 4
18 20 3
10 12 5
10 11 1
7 10 5
21 0 4
7 10 3
8 12 3
10 11 5
1 3 4
3 5 2
17 19 4
15 16 4
16 17 5
8 11 2
2 5 1
22 3 1
22 1 1
23 1 2
3 7 3
16 18 2
7 9 5
1 3 5
9 9 5
10 13 4
21 23 1
1 5 3
2 4 3
5 8 4
6 8 4
20 21 3
10 14 4
6 8 3
5 7 2
7 9 1
21 23 3
11 13 4
12 15 5
8 11 2
11 13 1
16 19 1
23 1 4
17 19 3
22 22 1
16 20 4
18 21 3
19 20 4
15 17 2
9 11 5
2 3 1
23 2 4
16 18 5
14 16 1
23 1 3
19 22 4
13 15 5
0 2 1
11 13 4
19 23 2
7 8 5
10 12 4
16 17 4
6 7 5
20 22 4
12 13 3
21 0 5
19 21 3
18 20 2
7 9 5
4 7 5
16 19 4
20 20 2
11 14 3
18 20 4
23 3 5
5 7 4
0 1 3
21 21 2
17 18 2
18 21 2
5 8 3
20 22 1
10 11 1
0 2 5
22 0 5
18 21 2
11 12 5
0 1 4
12 14 2
12 15 3
15 18 1
5 7 1
1 3 4
5 6 4
16 17 3
15 16 1
8 10 4
10 10 1
3 6 4
15 18 1
21 23 2
7 9 2
0 2 3
19 21 5
20 0 4
4 6 5
3 7 2
8 10 2
20 22 4
8 11 4
19 22 4
13 15 2
17 20 1
8 12 1
8 10 5
8 11 1
14 15 1
0 1 5
9 10 2
3 4 1
14 16 4
13 15 5
1 3 4
12 13 4
19 20 5
16 19 5
9 10 3
0 2 2
0 4 5
6 8 3
5 9 2
15 15 3
4 5 4
22 0 3
16 18 1
9 10 4
22 0 2
1 1 1
8 10 5
8 9 1
22 0 3
4 7 3
10 11 4
1 3 4
20 22 3
23 3 1
12 16 1
5 7 2
22 23 4
18 18 5
20 23 5
4 5 5
1 5 5
8 11 2
18 19 1
9 11 3
21 22 5
14 15 3
17 19 1
21 0 1
13 16 4
21 0 4
20 23 4
13 15 4
4 5 4
6 8 3
8 10 5
8 10 3
14 16 3
1 3 3
23 1 2
22 0 2
19 20 4
9 9 5
22 1 5
18 21 1
12 15 5
17 18 2
11 13 3
15 17 2
10 12 5
20 21 2
12 14 5
1 3 3
18 21 2
5 7 4
14 17 2
23 2 1
20 22 4
16 19 5
9 11 3
17 19 4
15 20 1
4 4 3
5 6 2
22 0 5
19 21 4
23 2 5
10 12 1
9 12 2
18 20 5
9 11 4
0 2 2
20 0 4
11 13 4
5 6 1
6 7 5
1 3 2
3 5 1
5 9 4
9 10 4
15 18 3
9 13 4
4 6 3
15 18 2
1 4 3
9 11 3
10 12 2
18 19 4
21 23 1
7 8 1
2 5 1
5 7 5
16 19 2
1 2 4
5 7 5
1 4 2
21 21 2
14 17 5
18 20 4
16 19 3
3 5 4
14 15 4
20 21 1
5 7 3
2 5 5
2 3 1
7 10 3
2 3 1
16 18 4
2 6 5
2 2 1
4 5 1
1 3 4
6 7 3
14 16 5
18 22 4
8 7 1
20 22 4
5 6 2
19 22 3
19 20 3
1 3 4
12 12 3
21 23 3
20 20 4
3 4 1
20 23 4
12 15 1
21 23 5
14 14 5
16 16 4
11 13 1
2 4 1
9 10 3
15 17 1
16 19 4
20 22 2
18 21 4
12 15 5
13 16 2
13 15 4
8 11 4
2 5 2
18 23 4
19 23 1
21 23 3
10 11 1
18 19 3
0 1 4
5 7 1
19 19 1
10 11 3
5 7 5
1 3 5
11 13 5
13 15 4
21 0 5
12 15 2
2 5 5
7 11 1
15 17 4
10 14 1
22 0 2
21 0 1
0 3 4
10 11 1
2 3 5
14 16 4
23 0 2
12 14 5
22 23 5
22 23 3
11 14 2
21 1 4
1 3 5
23 0 4
11 14 5
21 0 3
18 20 1
22 0 4
18 18 3
3 5 3
2 3 1
2 5 2
17 19 5
13 15 2
10 11 3
3 5 5
11 11 1
14 17 1
7 9 3
10 13 4
21 22 5
14 17 3
3 5 3
23 0 5
3 4 3
1 3 4
1 3 3
2 3 4
20 23 2
5 8 3
19 22 1
18 19 2
8 11 3
9 10 3
0 2 3
5 7 4
14 15 3
17 19 5
17 18 5
18 18 1
1 3 1
10 12 5
8 10 5
1 3 2
8 10 5
19 21 1
0 3 5
8 9 5
19 22 3
18 20 3
0 1 5
17 20 2
1 2 4
9 10 5
5 6 3
22 1 2
12 15 5
4 7 4
17 19 5
3 7 5
4 7 5
10 12 3
15 17 2
12 14 3
4 8 2
1 2 4
18 21 3
5 6 3
8 11 3
18 19 5
10 12 4
4 3 3
7 8 3
21 0 1
16 17 4
3 4 3
23 3 5
8 9 3
2 3 4
13 15 1
22 0 3
4 6 2
0 4 5
14 17 1
11 14 4
11 14 5
15 17 3
20 21 1
20 22 5
3 3 5
3 5 4
4 6 1
5 7 2
1 3 5
6 11 5
17 20 2
20 23 1
5 7 4
12 15 5
0 1 1
10 11 5
14 16 3
15 17 4
13 15 4
16 19 1
22 2 3
17 20 3
3 3 2
3 5 1
0 3 2
8 10 4
16 18 1
6 7 1
21 0 1
17 18 5
10 11 2
18 21 3
14 18 1
12 12 3
12 13 2
17 19 1
19 22 1
7 7 3
23 0 1
15 17 1
1 3 1
17 20 1
5 10 5
8 10 5
8 10 5
15 18 1
8 10 2
22 0 3
22 23 5
9 9 1
21 0 3
10 12 1
4 6 3
13 13 1
22 0 1
8 10 4
15 16 3
3 4 4
4 7 1
9 11 1
5 8 3
