920 5
2 1 5 4 5 
0 2 5
7 9 2
17 18 4
0 3 2
15 18 3
8 10 1
14 18 3
9 13 3
12 13 3
13 15 1
3 5 2
2 5 5
18 17 4
2 4 1
0 2 3
19 22 1
10 11 4
13 15 2
14 16 3
15 17 3
14 15 1
23 1 5
3 5 5
22 1 4
13 16 1
23 1 1
5 8 1
7 9 1
23 23 4
18 20 3
10 13 1
7 8 1
13 16 3
8 10 5
2 5 4
11 12 1
13 14 2
11 10 2
3 5 4
16 18 5
6 9 1
0 2 5
5 7 2
9 12 2
14 16 4
13 16 5
16 19 4
23 1 4
9 9 3
17 20 4
13 15 1
23 1 2
2 6 3
0 1 3
10 12 4
15 16 4
18 21 5
9 11 1
12 15 4
1 4 2
17 19 3
21 22 1
3 4 2
12 12 4
13 16 5
14 15 3
14 16 5
21 22 4
9 10 3
14 16 5
0 0 5
23 23 5
11 14 1
20 21 5
17 19 5
5 8 1
14 15 2
18 22 1
21 23 3
9 10 2
10 12 4
5 7 3
21 23 1
20 20 5
23 2 5
22 0 4
20 22 5
9 11 4
19 21 5
17 20 4
7 9 3
15 17 5
1 3 3
3 6 4
14 17 1
8 9 3
8 9 3
1 3 2
12 13 4
5 7 2
18 20 3
10 12 2
20 21 3
7 9 4
0 4 5
15 17 2
1 2 2
7 8 1
8 11 5
22 0 3
21 0 5
22 2 5
1 4 1
8 9 2
16 20 2
18 19 3
14 16 2
20 23 2
21 0 5
17 18 1
1 2 2
4 8 3
14 14 3
9 10 1
9 11 5
10 12 3
3 6 1
18 21 2
0 3 1
17 20 4
8 9 2
20 21 3
8 9 2
5 7 5
22 1 4
2 3 2
14 15 4
7 9 1
10 10 4
10 11 5
22 23 5
16 17 5
22 23 1
13 15 2
8 11 3
14 15 3
15 16 1
19 22 4
4 7 4
11 12 1
22 1 3
2 5 4
13 14 5
12 14 1
19 20 2
12 13 2
18 20 2
2 4 5
1 2 1
9 12 3
15 16 4
1 3 5
18 19 4
14 16 2
3 5 1
2 4 3
5 6 1
15 18 3
12 14 5
22 23 3
10 14 3
23 0 1
11 14 2
6 7 4
3 4 5
3 5 4
16 19 3
18 19 4
20 22 5
17 19 4
21 1 5
17 17 1
6 7 4
12 14 5
17 19 3
10 12 5
23 1 2
7 9 2
2 5 1
13 16 2
13 15 2
14 16 5
0 2 1
3 6 1
6 8 2
13 15 1
11 13 2
11 14 4
19 22 1
11 13 3
19 21 1
20 23 1
7 10 2
4 3 2
3 4 5
2 5 5
3 5 3
17 19 1
18 20 3
9 11 5
4 6 2
20 22 5
11 13 2
1 2 5
5 7 3
10 12 4
3 3 5
5 7 4
14 17 2
0 1 5
1 3 3
13 14 1
3 4 1
22 1 3
10 13 1
20 20 1
17 19 2
20 21 4
20 23 3
9 10 3
7 8 5
2 4 4
7 8 2
18 20 5
2 4 4
8 9 2
14 15 5
0 2 4
15 17 2
3 5 2
4 5 1
11 13 4
9 11 2
2 4 1
13 15 3
16 18 5
0 1 5
4 6 2
11 13 4
0 3 2
17 21 1
16 16 4
3 7 2
12 14 4
1 3 3
6 7 3
18 20 5
15 16 3
2 2 2
8 10 3
12 15 4
14 14 1
17 18 5
7 9 2
13 14 4
1 3 3
0 1 1
16 18 1
16 17 2
22 0 2
8 10 2
5 7 2
18 18 5
13 16 5
10 11 3
13 14 5
14 16 2
8 10 4
3 5 1
2 3 5
16 18 3
20 23 5
22 0 1
6 9 3
23 2 4
15 15 1
0 1 4
13 13 4
3 3 5
11 14 4
11 14 3
18 21 3
17 19 1
22 0 5
20 19 2
10 13 1
14 16 1
8 10 2
2 4 5
6 8 4
17 18 5
14 16 2
13 16 3
6 9 1
8 11 4
20 22 2
16 19 2
8 10 1
11 14 2
16 19 2
19 22 3
0 2 3
22 1 5
3 6 3
15 17 4
20 23 1
11 12 5
11 12 5
14 16 1
18 21 3
7 10 1
21 23 5
2 5 3
14 17 3
12 15 4
17 19 5
2 4 5
14 16 5
16 17 4
10 12 4
16 19 5
8 9 2
10 12 2
9 12 3
7 9 4
11 12 3
5 8 3
14 17 2
2 4 2
12 14 3
4 8 3
18 20 2
23 1 1
16 17 4
11 13 1
21 23 3
2 4 3
21 22 5
16 17 5
9 12 3
23 0 2
7 8 1
8 9 3
19 23 3
15 17 1
3 5 5
2 5 4
14 15 1
14 15 1
2 5 1
19 20 4
22 0 4
9 12 1
15 16 2
6 8 2
21 22 5
4 8 5
12 14 5
8 10 3
12 14 3
17 20 2
7 10 1
20 22 1
9 11 4
1 5 3
11 12 5
8 10 1
6 7 3
17 18 2
15 19 2
12 14 2
10 11 2
11 13 2
6 9 2
20 22 4
3 6 3
16 17 3
11 14 5
7 8 1
20 23 4
21 22 5
16 17 5
20 20 1
17 19 5
11 15 3
11 13 4
6 8 5
14 16 1
9 13 2
11 12 3
3 6 3
9 11 5
19 22 1
23 0 2
19 22 5
5 7 1
10 11 2
20 23 4
9 11 4
13 16 3
1 3 1
6 9 3
20 21 4
23 1 4
12 14 3
20 22 5
12 16 4
13 15 3
22 1 1
4 6 3
17 19 2
10 11 5
2 6 2
11 13 4
6 6 5
0 2 5
18 22 4
17 20 4
2 5 2
11 12 2
11 15 5
14 16 2
0 4 5
2 5 5
23 0 2
9 11 4
4 5 4
23 3 3
16 18 3
21 21 2
16 18 5
22 0 3
13 14 3
19 21 1
14 15 5
22 1 4
23 0 3
4 5 5
21 0 5
2 3 2
6 8 4
13 15 3
6 7 2
9 12 3
8 11 4
8 9 2
19 23 1
6 9 5
6 7 5
6 9 3
19 21 4
10 12 5
3 4 5
0 1 5
3 4 4
22 23 1
11 13 4
0 0 5
10 12 4
5 6 2
4 5 3
6 8 2
11 13 3
1 3 2
2 5 3
4 5 3
8 9 5
19 22 5
16 17 5
13 14 2
18 21 5
8 10 3
16 17 4
1 3 4
14 16 4
17 17 3
23 1 4
12 13 3
18 19 4
21 23 1
13 15 5
22 0 4
13 16 2
10 12 2
12 15 2
6 9 5
18 20 5
16 17 2
14 17 4
0 2 4
16 18 5
2 4 4
20 21 5
0 2 3
11 12 4
7 8 5
16 18 2
21 23 4
18 19 2
10 12 3
18 20 4
0 2 3
11 12 4
11 13 4
17 20 4
18 19 3
4 6 5
0 1 1
9 11 5
13 16 3
9 10 5
1 3 1
16 19 2
6 5 3
23 2 2
14 16 4
7 8 1
8 11 3
4 6 1
18 21 4
14 17 2
11 14 4
20 22 3
17 21 2
16 18 3
9 11 2
7 9 1
7 9 2
5 7 4
0 1 3
20 22 1
10 11 5
8 11 1
23 2 2
2 2 3
0 1 2
12 16 4
22 0 5
5 8 4
22 0 5
11 12 4
21 21 4
21 22 1
16 18 5
8 11 4
3 5 4
18 21 2
20 20 2
11 12 2
6 7 5
3 6 5
9 13 3
23 0 1
0 2 1
20 21 4
1 2 3
17 17 5
16 18 2
23 0 2
8 9 5
7 9 2
14 16 4
8 10 4
0 3 1
2 6 1
14 16 3
11 13 2
15 17 1
16 17 2
13 16 5
12 15 1
14 17 5
3 5 3
16 18 1
16 18 3
18 21 1
13 16 5
1 3 5
5 8 3
3 4 1
3 5 4
12 14 1
18 21 4
20 22 5
18 21 3
16 18 5
6 8 2
7 9 2
16 17 2
0 1 3
8 9 1
10 12 1
3 6 1
5 7 2
20 22 5
2 5 2
22 2 4
21 23 2
16 18 5
22 0 3
9 10 3
23 2 5
5 7 3
2 5 3
0 2 1
5 5 3
3 6 1
23 1 5
13 16 4
23 1 5
3 2 1
17 19 5
11 12 2
5 6 2
4 6 4
1 4 5
23 2 2
1 2 1
17 19 4
14 15 1
9 10 2
15 16 2
8 10 5
17 19 5
4 6 5
21 22 4
21 21 4
8 11 1
3 4 3
21 23 2
23 1 3
9 11 4
15 18 5
5 8 3
12 13 5
13 14 5
15 16 4
1 2 5
20 21 1
13 14 4
21 23 4
20 23 4
22 0 5
15 16 1
0 2 1
6 8 3
9 12 4
21 22 5
15 16 1
3 5 3
22 23 2
23 1 2
11 11 3
1 4 1
10 12 3
13 16 1
14 18 4
12 14 5
7 8 1
6 9 1
8 9 4
10 14 5
5 7 1
22 1 1
5 8 4
2 4 3
4 7 5
19 21 5
5 7 4
3 4 2
1 3 1
11 13 2
3 6 5
18 22 2
14 15 3
1 3 3
6 7 2
4 5 5
12 14 4
8 10 4
11 12 4
20 22 4
14 17 3
1 2 5
18 21 3
16 18 4
9 11 4
5 7 5
16 17 3
4 7 2
6 7 3
15 16 3
21 23 3
6 9 4
6 7 1
5 8 5
11 14 3
2 5 2
14 15 4
5 8 5
19 19 4
14 14 2
4 5 4
21 0 1
1 3 3
2 6 3
17 18 4
4 6 3
17 19 1
6 7 4
17 19 1
23 23 5
19 20 4
9 11 5
11 13 4
7 8 5
22 0 2
18 21 2
18 21 3
5 8 2
23 4 4
5 6 5
3 4 5
8 12 3
9 10 2
7 7 3
4 7 5
12 13 1
21 22 4
8 9 3
17 21 5
15 18 2
22 0 2
6 8 2
22 2 2
5 6 3
10 10 3
7 10 1
7 10 2
15 17 3
16 18 3
17 19 5
1 1 2
16 19 3
12 14 3
5 7 5
15 16 4
0 4 5
0 4 3
12 15 2
21 23 2
20 22 2
4 5 1
22 0 5
7 10 1
8 11 4
3 5 3
6 8 4
0 0 4
16 18 1
23 0 5
22 1 4
22 1 1
8 10 4
16 18 5
17 18 3
1 3 4
17 19 5
17 19 2
17 20 5
15 19 2
23 2 5
7 7 2
21 23 1
11 14 2
15 16 1
13 16 3
0 2 1
15 17 2
23 0 1
19 21 2
17 19 4
22 0 1
1 4 5
14 16 1
21 22 3
12 15 3
0 3 2
16 17 4
11 14 2
8 10 5
15 18 2
6 9 5
0 3 5
15 19 5
0 1 1
11 14 5
14 17 2
12 14 5
6 8 3
15 18 3
12 15 2
19 21 1
19 20 1
7 8 4
20 20 3
23 2 2
18 21 1
5 5 5
12 15 3
7 7 4
6 9 3
5 6 5
19 22 4
14 16 1
8 12 1
2 5 2
4 6 1
15 17 2
2 5 1
18 20 2
12 16 4
16 17 2
14 15 3
15 18 2
13 15 2
3 4 3
17 18 1
20 21 5
22 1 1
6 7 5
1 3 1
3 6 5
7 8 1
20 22 3
14 15 2
4 5 1
16 17 3
0 1 2
18 20 5
20 21 1
21 23 5
0 1 1
13 14 4
20 21 2
11 13 4
1 5 4
6 9 2
1 3 1
16 16 4
0 2 4
21 23 4
2 4 5
9 11 3
6 7 5
18 21 1
5 7 4
13 17 1
13 14 4
6 9 1
0 1 2
14 16 1
0 4 4
0 1 5
4 7 1
22 0 3
3 5 3
15 17 2
5 7 3
18 21 5
8 10 1
15 17 1
7 10 4
13 14 5
7 10 1
13 15 1
17 18 5
22 0 4
15 17 2
15 17 4
14 15 4
16 18 3
17 21 2
8 8 1
3 5 2
9 12 5
12 15 5
6 7 3
20 20 5
0 2 5
23 23 4
9 12 4
15 18 3
11 14 3
1 3 5
21 1 3
12 15 2
1 4 3
20 23 2
20 21 5
20 21 3
12 14 2
5 8 4
13 15 2
5 9 5
3 5 3
19 22 5
16 18 5
19 22 5
14 16 1
