980 5
4 5 3 3 2 
9 11 4
21 0 5
21 0 1
3 4 3
7 9 5
17 18 5
18 19 3
6 9 4
4 6 3
15 16 2
20 23 1
12 14 3
10 12 4
21 0 1
1 4 5
3 5 5
22 1 3
15 16 1
3 5 3
3 5 4
16 20 5
22 23 5
20 22 1
1 2 2
16 19 3
18 21 3
6 7 3
20 23 2
12 14 4
19 21 3
20 23 4
11 14 4
22 0 3
20 22 2
0 3 5
20 22 3
5 6 1
14 15 2
9 11 4
17 19 1
14 17 2
6 7 3
14 14 3
11 13 2
0 2 3
22 22 1
15 16 3
1 4 5
7 8 1
20 22 5
23 2 1
11 14 2
18 20 2
18 21 3
21 22 1
12 13 5
14 14 1
5 5 3
15 18 2
5 7 4
1 2 2
11 12 2
12 13 5
11 13 5
9 11 5
17 19 2
1 3 3
22 1 4
8 10 3
0 1 4
17 18 3
22 0 5
17 18 5
3 6 4
10 11 4
17 19 1
19 20 2
7 10 3
15 17 5
0 3 2
16 18 3
20 22 5
5 8 4
20 23 5
17 19 5
3 5 1
23 3 2
15 16 2
17 19 5
8 9 1
22 22 3
2 4 3
19 22 5
5 7 5
23 2 1
2 4 2
13 15 2
12 14 3
23 1 5
9 11 4
1 3 5
7 9 3
4 5 5
19 20 5
14 16 2
17 19 2
17 20 3
19 20 5
11 14 4
1 3 4
20 20 3
5 6 1
4 4 5
13 16 2
8 10 2
7 9 5
9 11 3
22 1 3
21 22 2
1 1 4
11 15 2
23 0 1
6 10 4
22 23 1
11 13 5
17 19 2
6 8 5
19 20 4
13 14 1
7 9 3
10 9 5
19 21 3
13 15 3
18 21 4
0 1 5
4 3 3
6 8 2
9 10 4
20 22 3
18 21 3
4 4 2
6 7 4
2 3 1
8 9 5
21 23 2
7 8 5
20 22 3
13 14 4
19 20 1
13 15 5
8 10 1
3 7 3
21 0 1
13 14 3
22 1 2
0 0 4
20 21 1
8 11 2
21 23 3
15 17 4
14 16 2
22 23 5
21 23 4
22 0 2
8 12 5
0 2 5
23 1 3
7 10 1
23 0 5
12 12 2
16 17 2
5 7 2
1 2 1
2 4 2
11 13 5
16 17 1
22 0 2
19 22 4
3 5 5
3 6 1
23 2 2
4 7 3
16 17 5
5 7 5
10 12 2
4 6 1
8 10 2
21 0 5
16 17 5
21 0 5
17 20 1
15 16 3
10 12 1
2 4 2
7 9 4
10 12 3
16 17 2
0 3 5
18 20 3
9 11 3
10 14 5
9 10 3
11 13 1
1 6 5
13 15 3
0 1 3
22 1 1
9 10 3
0 3 2
1 5 1
0 4 5
23 1 5
18 19 1
14 16 3
17 19 2
11 12 4
14 16 2
9 13 2
17 18 5
21 0 1
4 6 5
12 15 2
20 21 1
6 8 3
12 16 3
21 22 5
15 17 4
13 14 1
9 10 1
10 13 4
8 10 4
17 20 2
19 22 5
0 3 5
18 20 5
18 20 1
13 16 1
1 3 5
6 9 2
9 10 4
15 17 4
16 19 5
14 15 2
1 3 4
10 13 5
23 1 1
7 7 4
7 8 2
12 12 4
17 20 1
21 23 2
17 20 3
10 10 1
5 7 1
23 0 1
21 0 1
16 17 3
12 15 5
10 11 3
18 22 5
12 14 1
14 16 1
14 17 1
17 19 4
21 23 3
12 13 4
3 4 2
18 22 4
12 13 5
8 11 5
18 20 4
11 12 4
22 1 1
6 6 5
18 20 5
1 2 4
16 16 2
2 3 2
2 3 3
14 16 3
19 20 5
2 3 4
23 1 1
7 8 1
19 21 5
19 22 4
15 17 4
23 0 5
12 13 3
16 17 4
12 15 5
19 22 2
6 7 4
14 16 1
5 8 3
5 6 2
18 20 5
6 8 5
18 21 4
5 9 4
4 7 3
9 11 5
0 1 5
12 14 4
19 19 5
8 10 5
1 2 4
19 22 2
9 8 1
21 1 2
10 13 2
14 15 2
20 0 3
7 9 4
3 5 1
12 16 2
12 14 5
14 14 4
19 21 3
8 10 2
16 17 3
9 14 1
7 8 4
17 20 2
1 4 1
23 23 2
9 12 5
6 8 1
7 9 4
22 23 2
1 3 2
8 11 4
14 15 2
11 14 1
22 0 1
6 8 4
14 16 1
21 0 5
7 9 1
7 9 5
2 3 4
8 9 3
18 20 4
13 14 2
3 5 5
4 8 1
14 16 1
15 16 1
14 16 1
10 12 3
16 17 3
8 11 3
21 22 2
3 4 3
6 7 2
0 1 5
22 23 4
4 6 4
18 19 5
8 9 2
10 11 3
18 21 2
4 7 1
20 21 4
6 10 3
4 6 3
15 19 4
8 11 3
15 17 3
8 14 3
23 3 3
22 0 1
1 2 2
22 23 2
21 22 2
9 10 5
5 8 2
18 19 2
19 22 4
16 19 4
6 8 2
9 12 1
11 12 5
0 1 4
7 8 1
0 2 3
9 11 4
4 6 4
11 14 1
7 8 3
12 13 4
6 8 1
21 23 1
15 17 3
21 0 2
6 8 1
22 23 3
6 10 2
5 4 5
18 19 4
8 11 3
16 18 4
6 9 3
16 18 3
23 1 4
21 23 4
17 20 1
20 20 5
10 11 4
21 21 5
14 16 4
18 20 1
20 22 5
9 11 3
23 2 1
7 6 3
15 16 2
18 20 1
3 4 3
17 18 1
22 23 2
17 20 2
12 14 4
10 11 2
16 18 4
0 3 3
3 5 1
4 5 2
15 18 5
20 0 3
21 22 5
18 20 4
2 4 2
20 23 4
0 0 4
19 21 3
18 23 2
12 15 5
0 1 3
23 1 4
13 16 4
6 8 5
20 22 2
21 0 5
23 2 5
14 16 5
11 13 1
22 0 3
22 0 3
5 7 3
20 21 5
13 14 4
17 19 1
21 0 2
6 8 2
11 14 3
6 10 2
16 20 4
8 12 4
20 23 5
21 0 4
5 7 2
2 3 1
10 11 5
20 21 2
4 5 5
6 9 3
22 0 4
21 22 3
2 4 1
19 22 1
22 2 1
5 9 4
22 1 4
6 10 2
23 2 5
23 1 1
16 20 1
6 8 3
0 2 3
23 2 5
22 23 4
1 5 1
13 17 3
20 21 4
0 1 2
9 10 2
20 22 4
6 9 4
3 5 1
1 4 4
15 19 2
6 9 2
2 3 3
5 7 4
13 15 2
21 23 2
2 3 5
17 19 3
19 21 5
6 7 1
7 11 2
3 5 2
5 8 4
16 18 2
18 22 5
21 23 2
12 14 5
22 0 4
18 19 2
20 22 2
22 22 2
13 17 5
23 0 5
0 3 5
2 3 2
15 17 5
20 22 5
23 1 3
13 14 1
6 8 5
18 21 5
15 19 4
20 22 4
13 15 1
21 0 1
1 4 3
5 7 1
14 16 4
6 7 2
0 3 3
20 0 3
0 2 2
20 23 3
7 9 5
8 11 1
21 0 3
23 0 1
1 3 4
12 15 4
15 17 5
10 13 1
6 8 4
9 13 1
16 17 4
8 10 1
1 2 2
3 5 5
0 2 2
22 1 5
8 9 2
0 3 2
5 8 3
11 13 5
22 0 2
14 16 4
7 10 2
21 23 5
14 16 3
4 7 4
2 5 5
12 14 2
0 3 3
7 9 1
7 7 2
11 13 4
9 11 1
12 13 4
5 8 2
2 4 3
21 23 5
9 11 3
12 13 1
18 20 3
20 21 4
6 9 1
12 16 2
9 9 4
9 11 3
13 14 4
10 12 3
20 23 1
0 5 2
21 23 3
22 23 3
18 21 5
5 7 5
11 13 2
18 22 5
7 10 2
20 20 4
12 14 1
9 13 3
16 17 4
22 0 5
21 23 5
11 12 2
12 15 1
13 15 4
23 0 5
4 5 5
17 18 2
11 12 2
16 19 2
6 10 4
20 22 3
4 6 3
6 6 4
4 7 4
1 4 1
6 8 1
21 23 2
1 4 1
16 18 5
19 20 5
3 6 5
17 20 1
21 2 3
13 15 4
20 22 2
14 17 1
21 23 1
16 18 5
0 2 4
8 8 1
22 0 2
13 15 5
17 21 5
23 1 3
23 23 3
9 11 3
5 7 3
16 19 4
11 13 4
1 3 1
13 15 4
0 2 2
11 13 2
13 16 5
20 21 1
20 21 1
0 1 3
19 21 3
21 21 2
3 5 3
2 2 1
9 12 5
1 4 3
20 20 2
4 6 1
1 4 2
15 18 4
2 4 4
15 17 2
6 7 1
8 9 5
18 22 5
12 13 5
16 22 4
14 18 3
4 7 3
21 23 5
17 20 1
3 4 5
18 21 2
22 0 3
19 21 5
4 6 4
10 13 2
9 11 1
19 20 3
13 17 1
2 4 4
15 16 1
10 13 4
11 13 1
15 17 1
16 18 4
21 23 2
23 3 4
0 1 3
16 17 3
18 21 4
15 15 3
7 7 2
0 1 3
12 13 5
4 6 5
0 0 1
23 2 3
15 17 4
7 8 2
18 21 4
8 9 1
9 10 2
2 5 1
20 21 5
23 1 1
5 7 5
18 19 3
3 4 2
14 15 4
3 5 1
9 10 3
10 12 2
1 3 1
19 21 4
4 7 3
0 1 2
19 22 4
17 18 1
21 23 4
1 3 2
19 21 1
22 23 3
14 15 2
4 7 3
4 5 5
6 7 5
3 3 4
21 22 3
0 0 3
21 23 2
20 22 5
2 6 4
6 7 2
4 6 1
0 1 2
19 23 1
13 15 2
12 13 2
19 21 4
5 7 5
5 7 1
16 19 1
22 2 2
18 19 3
6 9 5
21 22 5
0 3 3
0 4 2
3 5 2
10 13 5
1 3 2
0 4 1
23 2 5
1 3 4
5 7 1
23 2 2
11 12 4
3 7 1
4 7 5
2 5 3
3 6 3
20 22 5
8 9 4
17 19 1
20 20 1
17 19 2
12 16 2
15 17 5
3 4 1
13 16 4
16 17 3
9 12 2
10 13 4
18 21 2
23 2 1
2 5 1
10 13 4
4 5 3
22 1 1
5 8 3
11 12 2
5 8 4
13 16 5
1 3 3
5 7 5
4 6 1
3 4 4
4 4 5
12 14 4
16 18 5
4 7 2
7 9 5
22 1 4
12 14 5
18 20 1
1 3 3
1 3 1
18 19 4
1 3 3
6 8 1
11 13 2
12 14 1
18 18 2
0 1 5
4 7 5
13 16 2
0 2 4
20 22 2
11 13 3
0 2 3
18 20 5
23 0 5
23 1 4
10 14 5
18 0 4
19 22 3
11 14 3
2 3 1
8 11 2
23 0 4
21 22 4
5 7 5
23 22 5
3 6 1
21 22 5
16 19 3
4 5 5
16 16 5
15 17 1
6 8 2
8 10 1
17 18 4
3 5 5
18 20 2
4 6 3
17 18 5
23 1 2
1 4 1
2 3 5
17 20 2
6 11 4
12 12 2
19 21 3
12 14 1
1 3 1
14 16 4
4 5 3
0 1 5
8 11 1
9 12 3
18 19 4
17 18 3
18 20 1
8 9 3
18 20 3
2 4 2
6 6 2
10 11 3
13 15 3
11 15 5
16 19 1
13 14 4
5 6 2
10 13 2
9 13 3
22 22 1
3 3 3
18 19 3
7 8 4
23 2 3
17 20 2
19 23 5
2 6 1
18 19 4
7 10 5
16 19 3
6 8 4
20 21 4
16 20 5
14 16 4
4 6 4
18 19 3
19 21 4
18 20 5
11 14 5
8 11 2
4 6 5
11 14 3
0 2 3
13 14 5
10 11 5
9 12 3
10 12 3
3 6 1
3 5 5
14 15 4
15 18 4
3 3 2
21 23 4
12 15 1
15 18 5
11 12 3
2 4 1
0 3 3
12 15 4
16 19 5
12 14 3
17 19 2
6 7 4
6 8 3
13 17 4
15 16 4
6 8 5
23 2 4
11 13 3
13 16 1
22 1 3
1 4 2
10 12 5
9 10 1
19 21 3
22 1 1
16 19 4
11 13 5
13 17 3
7 8 1
2 4 4
8 8 3
11 12 3
16 19 4
16 18 4
18 19 2
7 9 3
2 3 4
17 18 4
18 21 4
8 10 5
22 2 4
13 12 5
7 7 2
5 5 3
1 3 2
6 8 2
12 15 1
3 5 5
2 3 5
13 13 3
11 14 4
22 0 5
8 9 5
1 4 4
21 0 5
10 11 1
17 19 3
18 20 2
13 16 2
19 23 2
9 11 1
15 18 2
13 14 2
15 16 4
5 10 4
8 10 5
19 21 4
16 18 1
14 14 1
19 20 5
14 16 4
19 22 3
13 12 2
11 14 3
16 19 3
8 11 3
4 6 5
3 5 3
18 22 3
13 15 1
2 3 2
8 9 4
14 15 2
20 21 4
0 3 2
3 6 2
5 8 3
15 18 4
18 21 2
15 19 5
