1090 30
13 3 8 24 24 15 3 13 13 8 5 25 10 1 1 20 2 11 28 26 29 26 23 2 4 5 6 5 15 26 
18 20 18
2 4 17
7 10 19
16 20 17
23 2 1
6 6 23
8 8 12
22 0 11
8 12 20
20 23 11
11 13 7
11 12 27
20 22 22
0 3 28
0 2 14
22 2 12
21 22 13
16 17 7
13 14 27
7 8 12
8 11 4
18 20 23
6 7 10
2 3 19
20 21 15
17 18 25
13 16 2
4 7 6
11 13 5
16 17 30
14 16 1
18 20 23
19 21 5
14 16 17
10 10 25
20 21 17
6 7 18
0 3 25
20 22 4
4 6 3
10 13 4
9 12 2
12 13 14
20 22 5
13 13 26
19 22 21
21 23 2
12 14 26
2 3 27
10 13 8
2 4 24
17 18 20
16 18 6
3 6 11
20 22 15
22 23 1
22 0 4
2 3 15
3 6 20
22 22 28
9 10 8
19 21 14
7 10 2
4 5 8
20 22 4
1 3 19
19 22 11
15 17 7
0 3 11
19 21 30
5 8 20
14 15 16
2 3 13
2 3 23
4 7 21
10 13 29
17 20 20
2 3 15
14 14 7
9 12 8
10 11 16
16 17 10
17 19 15
2 3 16
22 22 9
2 4 15
15 17 29
12 14 6
3 4 26
2 6 11
1 3 10
21 1 4
15 17 1
6 8 25
7 9 14
7 8 3
17 21 23
13 13 5
22 23 15
7 11 12
16 20 6
7 9 23
21 23 2
18 20 10
14 15 20
12 14 9
11 14 10
0 1 13
4 6 2
3 5 25
9 10 11
13 16 30
0 1 10
15 17 22
22 0 19
1 5 21
13 13 20
5 7 19
12 15 6
4 6 28
12 17 9
13 15 29
16 19 24
4 5 27
23 2 13
15 17 27
6 7 25
23 1 15
22 0 5
20 22 22
10 12 23
20 23 6
9 10 23
4 7 17
13 16 4
12 13 2
9 13 26
3 5 12
6 7 18
23 1 27
10 12 2
19 20 7
11 12 13
12 14 22
7 10 19
2 4 14
3 8 8
3 5 11
0 3 26
18 20 23
16 19 8
8 11 23
6 7 2
2 4 30
15 17 6
8 11 12
23 0 3
8 9 7
0 1 28
5 8 29
12 15 11
20 23 6
5 7 24
6 8 28
1 3 9
18 21 28
15 19 21
22 23 1
22 0 6
14 16 3
12 14 9
23 1 4
12 14 15
4 6 28
9 10 12
3 5 6
19 21 6
10 11 24
22 22 5
5 8 25
6 8 4
10 10 13
11 13 23
0 3 26
0 2 7
14 16 15
13 18 16
2 5 20
0 2 27
17 18 20
8 9 28
8 9 15
11 14 4
0 1 23
2 3 2
23 3 14
9 12 2
7 9 5
8 10 28
15 18 17
3 5 3
14 16 8
1 2 29
1 2 23
2 4 18
18 20 7
1 3 7
20 21 3
12 15 27
7 9 12
15 17 2
23 1 24
21 21 28
23 0 17
17 18 22
12 14 28
23 1 18
3 5 4
16 17 15
14 17 18
1 2 11
10 12 14
7 8 18
22 0 16
23 2 18
7 10 3
11 11 16
19 21 27
21 0 25
9 12 5
20 21 10
16 19 17
20 23 19
9 10 27
9 13 25
14 15 11
7 10 17
10 11 20
8 9 17
15 18 24
13 16 29
1 3 1
7 8 10
16 17 23
3 6 2
14 15 3
20 21 2
13 16 1
9 10 29
19 22 25
0 3 9
0 2 28
16 18 10
17 20 5
8 11 3
22 1 21
17 20 19
22 2 19
6 8 29
23 1 29
16 19 15
15 18 14
11 12 19
11 14 6
6 7 12
5 8 30
5 7 21
6 7 10
8 11 14
22 23 4
16 17 27
21 23 22
8 10 20
11 13 20
12 15 26
0 1 15
19 21 29
11 14 2
15 18 9
22 1 15
12 13 15
8 10 8
21 1 28
2 5 26
15 16 1
10 11 5
10 12 26
11 15 27
8 9 29
8 10 3
11 13 25
14 17 10
8 8 24
3 5 22
7 7 14
3 4 25
13 16 30
0 0 5
2 5 18
21 22 25
22 1 17
9 11 25
1 4 1
9 11 23
14 18 1
18 20 12
22 0 1
4 6 18
13 15 30
8 9 9
7 10 18
5 7 15
0 4 16
4 6 10
8 12 22
20 22 16
16 18 8
22 2 24
2 5 7
23 2 18
21 23 30
20 21 14
15 16 8
22 0 7
18 21 10
5 5 29
4 6 23
19 21 10
4 7 25
18 21 4
14 15 5
21 23 2
6 8 3
18 20 28
17 19 1
1 5 5
17 19 1
13 15 22
23 2 11
13 17 23
18 20 28
20 22 30
3 5 25
14 15 14
17 19 25
9 11 10
2 3 14
5 8 23
6 8 3
19 21 3
11 14 30
13 18 25
5 7 12
7 9 25
8 8 1
11 12 9
23 2 3
10 12 8
18 20 18
15 18 23
19 19 18
19 23 5
11 13 13
0 2 23
0 1 10
13 16 8
12 14 11
15 18 22
8 9 15
12 13 1
12 14 20
22 0 17
10 13 4
5 7 18
8 10 19
17 17 22
0 2 14
1 4 29
21 0 19
11 14 22
23 1 9
8 9 23
23 1 27
2 4 30
9 10 22
8 11 19
5 8 13
12 14 10
18 20 9
3 5 14
18 19 5
13 16 20
14 17 23
20 22 25
4 6 28
20 22 25
4 5 16
4 6 5
4 5 18
18 18 2
2 4 29
3 5 22
14 17 17
0 1 4
18 20 4
5 7 17
23 1 12
0 3 20
11 13 5
14 18 9
8 10 14
12 14 2
6 8 12
15 17 25
20 20 20
19 21 22
15 17 3
2 4 4
0 3 21
0 2 11
23 3 27
1 4 1
11 14 7
14 15 11
2 4 10
21 1 12
20 22 4
6 8 19
3 5 27
18 21 12
0 1 5
7 9 7
11 13 11
9 12 19
23 0 4
8 10 27
8 9 27
5 7 23
21 0 24
10 13 26
3 5 29
9 11 10
3 4 24
12 14 6
10 12 23
1 1 29
6 10 16
5 7 24
13 16 20
20 21 19
19 21 7
7 10 7
8 10 20
8 9 20
17 18 4
19 20 28
7 8 20
16 19 10
3 4 25
1 3 22
14 16 20
15 15 17
18 18 1
17 18 7
22 0 7
15 16 4
3 6 5
23 2 10
11 12 21
4 6 28
7 10 16
20 21 9
14 16 6
18 22 14
15 16 9
13 15 9
21 0 2
10 13 18
14 14 17
6 9 21
12 14 4
17 19 28
16 17 9
9 11 30
22 1 13
9 9 12
22 0 1
10 11 18
9 9 20
0 0 29
14 15 30
14 16 29
15 18 20
1 4 7
4 4 23
15 18 2
19 20 21
8 10 30
13 16 24
23 0 5
22 23 29
6 8 21
12 15 4
18 21 21
11 13 27
8 10 10
12 13 19
12 13 2
22 1 14
13 14 19
4 6 14
21 22 24
20 22 23
8 9 28
9 10 23
6 7 24
22 23 8
21 23 11
21 0 15
3 5 29
19 20 30
17 19 18
19 22 13
3 5 26
0 3 4
5 7 25
5 8 26
10 13 17
12 14 11
3 7 13
18 20 6
18 20 30
7 9 25
22 1 29
21 23 19
18 21 1
14 18 8
15 17 4
19 22 12
18 21 26
9 10 23
1 3 8
3 5 16
12 15 18
23 2 2
10 11 10
11 13 25
10 12 13
1 5 23
12 17 9
21 23 1
9 13 23
1 2 19
19 22 5
8 11 15
21 0 20
5 6 5
1 3 2
9 13 20
23 2 28
6 10 15
7 8 28
17 20 16
1 4 13
23 1 14
18 21 4
18 21 3
0 3 27
22 0 25
0 1 21
18 20 18
21 21 24
7 7 30
14 18 10
18 21 7
23 2 28
15 19 14
22 0 6
23 2 4
12 15 16
17 19 27
23 2 27
21 21 16
19 21 4
20 22 21
11 14 14
0 4 2
16 17 4
9 10 21
14 17 29
7 9 12
6 7 14
14 16 12
5 7 10
17 17 12
13 15 24
20 20 23
11 13 24
10 12 18
16 18 17
16 19 1
21 22 10
4 4 18
1 3 4
17 18 4
5 6 14
8 11 4
3 5 5
7 10 30
3 7 11
14 16 21
10 10 30
19 22 21
14 14 25
7 9 26
17 19 27
6 9 4
19 23 28
15 15 26
0 1 11
21 22 23
19 21 26
19 20 18
9 11 3
7 10 29
13 16 2
5 7 3
10 11 23
22 0 10
9 11 27
3 5 4
22 0 29
6 10 16
7 9 26
1 2 11
14 16 8
23 1 20
4 6 1
0 1 21
14 16 24
3 5 10
20 22 28
10 12 2
15 18 3
0 3 5
14 16 20
7 9 18
0 2 8
4 6 10
15 17 22
12 15 30
3 6 23
4 5 1
21 23 18
9 10 28
20 21 3
18 19 25
23 1 21
9 11 8
1 4 22
2 3 4
15 18 9
10 13 7
18 18 20
16 19 29
7 9 5
5 8 26
8 9 16
4 5 17
17 21 14
14 15 6
21 21 9
9 10 28
17 20 27
4 6 13
8 9 19
21 23 20
14 17 9
6 7 2
0 2 12
3 6 16
16 19 22
10 12 10
10 13 24
22 23 25
16 17 2
12 13 23
10 12 14
3 6 5
8 10 16
9 11 18
15 17 25
17 19 14
1 2 4
15 16 4
16 19 16
5 6 30
0 2 29
22 0 15
4 7 22
14 17 17
3 4 9
6 8 24
14 16 5
7 7 13
3 4 16
6 8 24
1 4 8
10 12 16
14 17 29
5 7 13
19 22 19
1 4 7
19 20 12
8 10 2
2 3 21
10 11 22
22 0 30
9 10 27
9 11 18
1 3 14
7 8 26
12 14 1
9 9 21
20 21 20
10 13 24
8 10 19
16 17 17
6 8 9
7 11 30
16 19 20
13 16 25
11 12 11
12 15 9
9 10 3
19 21 17
19 21 14
12 14 4
18 20 25
1 3 24
11 12 22
6 8 3
22 22 9
8 9 13
4 5 6
4 6 26
16 17 24
8 9 24
11 14 26
7 10 3
19 21 28
19 20 2
17 20 8
3 5 27
10 13 28
13 14 1
23 0 2
9 12 19
3 6 5
2 5 14
12 14 17
17 16 14
16 20 30
4 5 24
17 19 12
2 4 21
20 22 5
23 0 4
2 5 12
2 4 10
22 0 7
3 4 18
8 10 6
14 16 28
9 10 30
1 3 20
7 9 21
2 4 14
0 2 14
20 22 11
15 19 9
8 10 15
15 17 19
22 0 26
10 13 1
13 16 4
1 3 26
1 2 8
22 23 30
8 9 24
3 6 29
15 18 19
4 6 9
19 21 30
22 0 2
5 7 25
8 10 25
3 5 21
23 0 9
0 4 13
22 0 11
23 1 14
16 17 14
14 14 29
2 3 24
8 9 21
16 18 18
16 18 16
4 5 17
23 1 26
2 5 30
13 14 13
15 17 30
19 20 9
0 3 8
22 23 25
5 8 6
10 11 13
11 12 3
16 18 4
8 10 26
1 3 28
8 10 30
15 17 17
6 7 21
13 14 9
4 6 22
3 4 27
10 11 14
15 17 14
3 5 10
4 5 5
3 6 6
6 9 30
15 16 9
2 4 20
16 19 2
13 15 9
2 5 29
20 23 6
3 6 9
13 15 28
21 0 3
15 16 12
22 1 27
16 19 24
21 0 20
10 13 24
18 21 21
21 0 24
21 23 23
15 17 14
10 12 21
2 4 1
15 16 25
8 9 17
16 20 6
10 12 16
6 9 4
10 12 29
10 11 9
10 12 16
11 13 18
11 13 13
8 10 24
14 15 30
5 8 2
7 11 18
18 21 6
8 11 6
2 5 1
23 2 20
19 21 22
20 22 13
13 13 9
10 11 15
15 17 29
13 15 25
3 5 18
10 13 18
21 22 13
0 3 15
20 21 22
22 0 8
17 19 8
11 14 2
7 9 9
17 20 24
7 9 10
5 7 11
1 5 26
4 5 21
11 12 16
20 23 24
19 19 12
16 19 23
18 19 29
22 1 22
10 13 29
5 7 6
20 21 11
10 10 2
22 1 1
9 10 3
19 21 19
5 5 27
8 10 18
15 18 5
11 13 17
6 9 10
18 20 3
8 10 24
6 8 11
4 7 9
2 3 2
10 11 20
6 7 21
6 8 28
19 21 3
13 13 15
23 3 22
1 2 22
0 3 1
3 6 21
2 4 14
17 19 4
13 16 9
15 18 1
3 7 29
15 18 4
8 10 28
8 11 17
2 4 27
22 0 19
0 2 21
14 16 26
22 0 15
23 1 15
10 10 24
2 3 9
16 18 25
13 13 15
19 21 20
13 15 29
0 3 1
19 21 24
6 10 9
11 15 22
21 23 3
14 14 28
15 18 13
11 15 30
23 2 27
16 18 28
17 19 20
17 20 21
7 10 5
6 7 23
8 10 20
10 12 25
18 22 4
18 20 13
5 7 2
19 21 23
11 14 26
12 14 2
2 4 5
11 12 12
20 22 12
7 10 10
0 3 28
5 7 24
11 14 7
2 6 17
13 14 18
0 5 20
16 19 2
5 6 8
16 17 4
12 16 5
23 1 25
8 11 25
11 12 30
8 9 4
19 22 6
11 12 3
8 10 14
17 20 15
6 9 27
5 6 12
20 0 9
16 18 27
4 4 6
11 14 30
8 11 26
12 14 25
12 16 20
15 16 8
14 16 29
19 0 24
19 22 5
3 7 2
22 23 18
13 15 26
7 12 27
3 4 16
14 16 21
7 9 28
5 7 13
22 23 18
17 19 27
6 8 11
1 2 21
23 1 29
17 18 17
4 6 25
12 12 13
11 15 1
3 5 14
7 9 17
15 18 13
11 14 11
22 23 20
17 18 22
13 14 21
9 12 12
6 7 3
11 11 8
11 12 21
3 6 7
13 17 12
1 3 1
22 1 21
23 1 13
0 2 11
10 12 27
1 1 3
18 20 15
16 17 23
23 2 18
4 6 6
6 9 2
7 9 25
8 9 8
15 17 15
16 18 22
1 4 4
19 20 13
22 1 15
18 20 18
16 18 11
16 18 1
17 18 26
9 11 22
0 2 29
11 13 21
7 9 29
8 11 26
15 16 30
11 13 24
11 12 12
11 12 21
13 13 8
15 17 29
8 10 30
0 3 20
23 0 23
0 1 21
22 1 27
10 13 28
20 21 24
6 9 30
17 18 19
7 9 14
22 23 25
7 9 4
11 14 6
14 16 29
20 22 22
1 2 1
10 12 16
0 4 19
22 0 1
4 6 27
10 12 14
3 3 15
20 22 14
21 21 10
13 15 17
12 14 27
