100 30
15 22 23 26 18 6 2 1 22 21 5 10 19 27 12 23 11 29 25 26 14 5 10 9 18 8 25 26 6 11 
22 0 20
5 8 7
4 7 1
10 12 22
7 9 24
1 4 17
10 12 8
15 16 6
23 1 12
16 17 16
3 4 13
20 22 4
23 0 17
2 4 3
19 20 16
9 12 23
2 5 13
13 16 13
2 4 24
3 5 23
19 22 12
11 13 14
6 8 29
2 4 14
20 22 19
18 19 20
4 6 17
21 22 15
4 7 12
18 21 11
22 1 1
17 18 18
11 13 29
23 2 29
13 16 26
6 6 10
18 19 2
19 22 15
15 15 4
22 2 29
13 15 22
19 21 9
3 4 22
8 9 18
1 4 19
21 23 3
2 3 5
15 17 8
22 1 22
8 11 12
17 20 27
8 10 9
1 1 7
16 17 29
5 7 23
4 6 4
6 7 29
12 12 13
4 7 22
6 10 5
18 20 10
1 3 13
22 22 14
15 18 21
16 17 25
14 17 7
2 6 6
23 0 27
21 23 30
11 12 18
12 14 17
11 13 21
9 10 13
11 12 15
18 20 1
15 16 3
12 13 19
17 22 27
13 15 22
11 12 11
6 9 19
6 7 2
5 7 10
15 17 3
6 9 3
20 23 9
4 5 23
1 3 13
9 10 11
13 17 16
9 11 18
18 19 13
9 12 18
1 3 14
21 22 6
1 3 14
7 9 9
22 23 1
3 4 6
10 13 18
