1080 30
16 9 29 8 2 25 22 21 14 7 13 12 12 28 25 16 2 26 26 17 18 16 18 25 25 26 6 19 6 10 
17 19 9
9 10 18
7 10 20
7 9 17
23 2 24
5 10 19
7 10 6
9 10 27
17 18 10
0 3 3
21 23 25
21 23 9
15 17 15
1 3 23
21 0 16
19 21 12
10 11 29
19 20 23
8 10 12
7 9 13
0 2 29
1 3 8
6 7 12
6 9 22
21 23 25
20 21 5
19 21 16
0 2 12
16 17 10
23 3 12
7 8 10
23 2 20
17 20 5
8 12 19
19 22 30
14 16 13
2 4 25
0 3 7
8 11 22
4 6 13
15 18 11
16 20 25
20 22 10
21 22 30
3 5 15
10 11 15
0 1 9
1 2 2
16 18 27
0 -1 23
0 2 18
10 12 15
15 16 16
14 17 30
21 23 24
13 16 11
3 5 23
0 1 23
23 0 15
10 10 30
4 6 21
22 1 28
7 8 20
1 4 9
9 11 1
12 14 12
17 19 25
12 13 24
19 22 28
4 5 1
18 21 11
22 1 21
6 9 6
16 17 5
15 18 9
2 4 29
5 8 6
2 4 5
20 20 2
18 19 4
0 3 3
22 1 16
22 0 4
2 3 5
7 7 21
7 10 26
18 21 2
8 11 1
12 15 5
16 17 7
3 6 21
17 18 27
16 18 10
18 18 30
7 9 3
5 10 7
18 19 18
22 23 10
7 8 21
12 14 14
0 1 5
4 5 1
21 22 14
23 0 1
19 22 14
0 1 16
8 12 7
17 18 21
5 6 23
6 8 4
23 2 22
14 17 1
15 17 1
20 23 8
21 21 20
9 11 2
2 3 12
20 22 20
13 17 9
20 22 19
18 20 23
3 5 14
0 3 22
13 14 10
8 9 21
17 21 10
3 6 30
23 23 26
3 5 20
22 23 25
20 21 30
7 6 27
2 5 23
21 22 11
20 21 8
11 14 17
8 11 9
8 10 13
19 20 28
10 12 3
1 4 14
5 6 5
6 7 30
6 7 24
14 16 16
19 22 20
22 22 7
4 5 15
21 23 12
0 2 1
12 14 26
6 7 21
22 0 24
8 10 5
7 9 30
11 13 22
13 16 20
1 3 14
23 2 9
20 20 29
1 3 13
18 20 16
21 23 21
14 17 25
15 16 20
2 6 24
7 9 28
19 22 29
14 16 6
11 12 30
8 9 12
22 0 3
8 11 8
17 18 7
20 23 17
18 21 13
17 19 5
22 1 26
7 9 22
12 15 12
13 14 15
8 10 11
1 3 4
19 22 3
22 2 17
2 5 25
0 0 17
9 12 30
0 3 7
19 21 17
21 21 23
0 1 7
18 19 7
5 5 4
19 21 24
15 19 3
10 12 24
15 17 17
23 0 20
1 3 13
19 20 1
1 2 26
3 4 4
8 10 8
21 23 20
12 14 1
12 14 6
3 6 2
22 0 3
23 1 17
6 8 10
13 16 24
15 16 24
8 10 4
21 23 12
22 0 24
0 4 5
5 8 12
14 17 22
13 15 1
3 5 2
23 0 12
23 0 7
15 16 25
2 4 30
5 7 15
19 21 29
6 8 13
21 0 18
21 22 26
0 1 8
3 6 29
8 12 25
3 3 4
18 19 6
22 1 15
15 18 13
5 8 2
20 22 1
19 21 4
8 10 12
1 3 25
6 10 21
13 14 25
14 16 9
21 23 8
0 2 30
20 22 14
0 2 12
12 15 27
6 9 7
19 21 4
22 0 9
18 21 27
8 9 9
17 20 8
12 15 30
5 8 20
19 20 28
21 22 2
13 16 27
12 16 24
10 12 15
21 1 18
5 6 10
1 3 1
18 20 22
2 7 13
20 21 5
11 12 28
3 5 13
4 5 8
4 5 30
10 11 17
9 10 1
1 2 17
20 21 17
0 2 8
20 22 7
4 8 3
18 21 19
0 2 3
3 5 21
18 20 9
16 17 19
19 21 20
8 11 24
0 0 21
13 14 27
7 7 18
18 21 27
6 7 13
18 22 19
11 14 10
21 23 22
15 17 5
10 12 26
14 15 19
11 13 27
12 12 11
18 19 7
19 20 20
15 16 20
12 13 22
19 19 27
21 0 13
5 8 24
12 16 9
6 7 7
13 17 23
17 19 3
6 9 21
4 7 23
6 8 25
20 19 18
16 17 13
23 1 23
20 23 18
7 9 26
15 19 27
4 8 24
0 2 9
12 12 24
0 2 18
23 1 4
1 4 8
5 7 10
3 7 24
0 2 29
9 11 30
14 17 24
13 14 19
1 3 16
20 22 12
23 0 14
2 3 22
6 9 12
12 12 9
18 21 29
5 7 4
9 13 2
3 5 3
17 19 16
19 21 2
20 20 25
10 11 11
10 14 9
8 9 11
5 6 6
6 10 5
18 20 28
13 15 30
23 1 14
18 21 12
0 3 24
10 12 20
10 10 23
17 19 18
23 2 10
5 7 15
20 22 17
7 10 8
13 15 18
10 12 26
9 11 16
22 0 5
23 1 8
6 9 29
14 16 19
0 2 10
22 0 22
23 3 13
1 2 2
11 13 25
23 0 27
9 10 13
9 11 12
19 21 13
23 1 9
21 23 18
0 5 10
23 1 8
1 3 20
22 0 29
21 23 2
7 9 25
10 11 14
16 18 7
13 15 8
4 6 10
21 23 19
21 23 19
1 3 30
3 6 4
14 15 10
8 13 11
0 2 8
22 0 10
12 14 25
11 12 15
0 2 17
21 23 12
14 14 25
21 23 28
22 0 22
18 20 13
14 16 29
21 1 18
2 4 13
11 14 12
3 5 10
23 23 12
3 3 3
1 4 14
3 6 7
18 19 6
20 22 26
9 13 19
4 4 23
21 0 21
12 13 8
18 21 21
23 0 11
9 13 14
16 18 25
0 3 18
3 7 25
18 21 11
10 12 19
5 6 28
5 8 14
11 13 14
13 14 30
18 21 8
3 6 5
7 9 18
11 14 6
0 2 15
17 19 13
7 10 2
6 9 16
6 7 5
23 2 28
13 16 2
5 6 9
7 9 28
16 18 17
19 19 16
13 14 10
7 10 18
22 2 27
18 21 29
15 19 20
9 12 28
17 19 13
12 15 4
6 8 27
21 0 20
9 10 27
20 0 27
10 10 24
18 20 22
22 0 30
21 23 30
0 1 19
3 5 1
23 0 26
14 17 15
8 9 23
1 2 4
5 6 14
12 12 11
13 15 14
22 22 30
2 4 10
3 4 1
3 6 20
7 10 15
9 13 20
5 6 24
0 1 21
5 6 8
17 20 30
22 1 27
3 6 4
6 9 8
4 6 9
16 18 2
15 18 1
18 20 12
17 22 4
10 13 25
21 23 24
15 18 11
5 8 9
9 10 29
13 16 10
12 13 9
14 16 19
22 1 2
6 8 6
18 20 28
6 7 12
14 15 25
20 21 15
5 7 5
1 4 23
5 7 23
0 1 13
18 19 21
11 15 6
3 3 10
15 16 30
17 18 29
8 8 12
7 9 28
21 0 30
16 19 6
1 3 9
8 12 27
5 6 4
4 8 17
3 5 24
3 4 9
19 20 12
17 19 11
23 2 27
19 22 12
22 1 13
22 1 12
15 16 5
1 4 3
0 2 26
4 8 1
8 9 22
15 16 3
8 11 13
19 22 26
9 11 27
19 21 23
8 10 14
5 6 12
9 11 4
4 7 3
11 11 21
10 13 25
6 8 23
20 21 30
5 8 11
8 8 1
20 22 12
14 16 4
8 11 13
16 18 28
23 2 3
22 2 7
0 2 19
12 14 25
13 16 22
12 15 11
7 9 25
13 16 5
12 13 3
20 21 29
9 10 8
19 21 3
6 9 13
12 15 14
5 5 1
2 2 11
3 5 9
23 22 7
15 18 12
19 21 24
16 20 9
3 4 27
13 16 6
0 0 6
17 20 21
6 8 17
21 0 28
22 1 2
6 9 15
10 11 11
16 17 27
4 6 10
22 23 10
0 2 22
17 18 10
19 22 18
20 21 24
6 9 22
20 22 3
22 22 10
20 22 23
13 16 21
2 6 11
23 0 10
18 19 8
6 9 21
3 6 10
1 4 9
12 14 7
3 6 25
12 13 24
22 23 6
17 17 16
6 8 14
20 23 5
21 0 20
12 15 24
8 11 11
19 19 25
10 12 19
10 12 1
5 7 10
17 18 7
13 14 14
22 23 15
16 19 28
22 23 18
20 22 9
11 14 3
21 21 11
11 14 18
20 21 13
5 8 21
12 14 12
0 2 18
1 5 23
13 17 23
21 0 10
4 8 12
5 6 21
19 19 28
8 11 11
21 22 20
17 20 16
10 12 12
2 5 16
16 18 1
22 1 22
19 21 5
11 13 8
18 20 23
23 2 26
18 20 22
17 19 25
0 1 11
4 5 13
23 0 16
3 6 18
3 6 1
14 14 1
0 0 28
23 1 29
8 8 28
7 10 30
5 8 9
0 3 18
10 12 1
16 18 25
12 15 1
7 9 19
14 17 19
15 18 15
21 0 16
3 5 22
0 0 22
9 12 23
10 12 22
1 3 30
21 22 9
11 11 11
3 7 13
12 14 7
23 1 10
19 21 11
6 8 5
1 4 27
11 14 11
6 9 12
4 8 12
18 19 23
19 21 9
6 7 28
23 0 22
8 9 24
6 7 10
2 3 24
17 19 10
11 14 16
17 20 24
7 10 4
5 6 25
0 4 16
23 1 17
3 4 17
13 15 3
7 10 7
22 1 18
12 15 10
14 14 20
14 17 29
21 23 30
3 3 13
3 3 24
6 8 10
20 21 15
14 15 11
2 3 22
21 1 22
15 18 4
7 7 21
0 0 20
3 6 25
12 14 25
18 20 16
3 6 23
3 6 3
21 23 6
6 7 15
18 19 21
15 16 24
18 19 25
20 20 9
2 3 7
17 20 9
4 4 30
23 0 20
3 4 7
4 5 18
23 1 22
17 20 24
2 3 18
20 23 7
17 19 28
14 15 29
0 1 23
9 12 4
16 18 21
3 4 17
2 3 23
20 23 13
15 15 16
22 0 16
2 4 15
12 15 30
8 11 23
11 12 24
17 20 22
22 1 6
2 6 18
20 22 30
20 21 8
14 15 6
18 21 29
3 2 17
19 21 7
2 3 4
7 9 5
18 20 24
2 5 21
0 2 3
9 11 28
17 20 30
2 3 28
7 9 25
0 2 8
13 14 11
5 7 6
22 0 24
2 5 23
9 11 27
13 15 22
0 3 5
13 14 24
14 17 24
7 9 9
18 21 5
6 6 27
0 1 23
1 4 20
1 3 20
20 0 16
22 1 22
8 8 23
19 20 19
8 10 4
15 17 20
0 3 11
17 20 9
17 19 7
17 20 3
21 22 8
20 23 10
5 7 24
0 2 23
11 13 4
13 15 9
1 3 5
11 14 30
2 5 12
7 10 16
1 5 6
23 23 30
23 1 4
17 19 5
17 18 17
1 2 10
0 2 3
8 10 8
5 6 17
0 3 18
2 5 25
7 11 25
0 1 13
4 7 7
0 2 20
16 20 27
8 10 24
1 1 10
12 12 11
15 19 28
0 2 6
3 5 14
19 21 6
23 23 19
2 3 30
15 18 3
0 3 17
10 11 26
10 12 9
13 14 27
3 5 8
19 21 29
14 15 2
12 15 29
19 20 1
20 0 14
11 13 9
15 17 29
10 11 17
5 6 8
17 18 2
20 0 25
12 13 1
22 1 22
23 2 5
18 18 10
16 18 19
1 4 10
4 6 22
11 13 1
14 16 10
19 23 19
21 23 20
6 7 17
16 17 26
4 3 30
12 14 26
13 14 2
21 0 30
7 9 1
13 16 18
16 19 29
19 21 2
11 12 9
5 7 8
23 1 30
4 7 17
20 23 12
10 12 25
5 8 7
4 6 8
14 14 8
8 9 5
10 12 4
3 4 23
9 11 18
12 15 12
5 5 5
5 7 27
23 3 21
6 8 21
5 6 4
3 6 16
7 9 19
10 12 16
17 22 18
11 12 1
15 17 28
11 13 8
12 13 7
12 13 4
16 17 25
23 1 4
0 0 26
4 6 11
21 22 28
2 3 21
12 13 20
18 20 16
18 19 20
19 20 12
6 8 28
15 16 18
17 19 11
6 7 13
2 5 16
15 17 16
17 21 8
16 17 3
3 4 29
0 3 15
23 2 5
7 8 11
5 7 13
13 18 22
12 13 19
6 8 12
4 5 10
6 9 11
5 6 17
0 2 1
9 10 10
8 9 30
5 8 23
11 13 27
7 12 3
7 8 21
17 20 12
19 20 23
21 23 21
0 2 4
12 13 18
11 13 13
5 7 21
15 19 14
17 19 8
6 7 16
18 20 26
19 20 1
1 5 15
6 8 3
14 16 20
21 22 21
16 19 25
23 3 17
19 19 9
22 0 28
23 0 9
4 6 14
12 13 26
12 15 14
19 21 4
3 5 5
5 5 2
20 23 14
18 18 1
6 9 21
18 21 7
0 3 12
13 14 22
14 15 23
13 16 29
1 3 25
5 8 1
19 22 19
16 18 28
10 12 9
1 0 15
5 7 26
12 15 22
4 6 14
5 7 29
12 13 16
14 15 30
7 10 17
6 10 9
4 6 20
21 23 8
1 3 24
0 1 18
7 9 25
9 12 3
12 14 25
5 6 27
11 16 3
8 8 17
9 11 17
11 12 29
16 16 7
20 21 29
21 0 7
12 13 30
11 15 1
0 1 2
15 16 21
0 2 1
7 10 23
6 9 3
20 22 13
12 14 13
13 16 20
16 18 2
5 7 2
5 7 18
6 8 26
1 3 9
9 11 3
9 11 21
23 1 30
10 13 11
22 2 6
5 9 6
14 16 15
4 5 16
18 21 30
8 13 18
16 16 25
8 11 25
20 22 22
9 12 18
11 15 20
1 2 7
23 0 20
22 23 10
1 3 29
5 8 8
9 10 6
7 9 25
2 2 26
8 11 11
23 0 29
2 4 9
11 14 21
21 0 22
7 8 27
4 6 1
12 14 10
21 23 27
18 22 19
2 4 2
12 12 22
13 16 18
12 12 1
22 23 14
20 22 16
11 12 8
15 17 13
12 14 22
19 22 29
14 16 7
10 12 19
12 15 25
4 5 8
11 13 7
16 17 11
22 23 16
15 16 3
19 20 26
2 5 19
17 18 14
18 19 7
1 3 11
0 3 28
14 16 21
12 14 4
13 13 1
3 5 3
8 10 8
17 17 17
8 10 22
7 8 11
11 11 14
10 12 10
16 17 29
10 12 20
17 17 21
