1070 30
6 24 22 27 22 20 3 15 29 26 28 21 18 1 12 17 13 8 15 27 23 19 13 5 18 2 12 18 29 9 
1 3 10
19 21 12
1 4 5
20 21 21
5 7 27
8 10 9
19 21 14
15 17 17
5 6 24
1 4 17
3 5 24
11 13 24
1 2 1
20 23 25
14 15 23
18 21 26
0 2 18
11 15 24
19 21 10
19 20 17
17 21 4
10 12 3
20 23 28
15 15 6
2 4 30
7 9 5
1 4 7
3 5 5
19 20 19
10 12 26
18 21 5
5 9 16
4 7 15
16 19 26
2 3 26
12 13 22
20 22 14
18 19 30
17 19 18
16 18 5
19 20 1
23 0 4
11 11 18
0 3 21
4 6 6
2 4 13
3 4 25
12 15 29
21 23 26
19 23 23
20 22 23
23 23 16
13 16 3
13 15 11
20 23 2
22 23 2
10 12 2
18 19 15
2 5 5
11 14 19
11 14 3
6 9 14
23 1 8
22 1 28
19 21 3
11 12 10
16 18 9
19 22 29
12 14 19
8 10 8
4 7 22
18 21 2
1 3 13
16 19 25
7 9 20
21 0 4
4 5 16
14 17 8
17 19 22
9 11 15
16 18 14
15 17 28
19 20 2
19 20 26
7 11 15
14 17 17
0 3 29
16 20 28
12 16 19
17 19 16
18 22 30
15 17 13
22 0 13
3 5 7
18 20 3
12 14 17
12 15 22
18 20 7
16 18 30
9 11 3
22 0 20
6 10 8
2 3 13
17 20 7
10 13 26
13 16 8
7 8 15
10 12 10
4 6 20
11 13 13
19 21 11
0 2 5
8 9 11
19 19 9
22 1 27
12 14 4
3 5 20
5 6 17
12 15 22
8 9 5
8 11 25
9 11 14
14 15 19
9 11 16
16 18 26
10 11 5
17 18 12
15 16 11
9 11 16
9 10 7
23 2 27
20 23 19
2 4 6
5 8 5
21 2 30
17 21 20
19 20 5
13 16 19
17 20 26
6 8 9
9 11 8
21 22 26
3 7 19
17 20 8
6 10 10
11 15 27
13 16 11
17 19 1
17 17 9
13 15 24
18 20 30
3 5 2
5 7 11
0 2 10
4 5 14
1 2 16
23 23 22
8 12 29
14 17 30
18 19 20
2 4 5
6 8 26
5 7 2
8 10 1
23 1 17
13 14 25
20 22 6
2 6 17
13 14 25
10 11 30
17 20 1
7 9 1
5 8 2
1 1 14
3 4 4
16 16 16
16 17 27
19 19 16
6 8 2
3 6 27
16 20 28
9 10 15
9 13 9
15 17 20
20 23 1
10 13 14
5 8 20
7 10 15
19 22 17
10 13 28
22 2 24
11 12 21
21 23 21
11 12 1
23 3 8
6 8 12
1 2 23
11 14 21
3 4 7
20 23 27
18 20 26
14 17 29
19 21 6
8 9 26
8 10 29
8 9 10
9 12 21
3 4 13
14 17 24
7 9 27
5 6 18
10 10 22
2 4 7
10 13 15
14 16 26
16 20 29
22 0 26
20 0 2
6 8 18
0 3 28
1 2 15
20 23 10
6 8 28
21 22 26
20 21 26
16 17 16
6 8 28
7 9 27
3 3 29
8 10 10
20 21 30
0 2 25
20 21 7
2 6 20
22 0 12
12 13 30
21 22 7
0 2 19
8 10 13
15 16 28
13 15 9
1 4 1
0 1 2
1 3 21
8 9 3
18 20 15
3 4 1
7 12 9
10 12 27
9 11 3
20 22 14
3 5 1
6 8 25
16 18 4
16 19 11
0 1 18
13 14 17
23 2 4
4 6 27
8 9 28
0 3 14
21 22 22
19 21 23
6 9 26
20 21 13
21 23 21
4 6 17
15 16 10
0 2 22
0 1 30
17 18 15
10 12 26
0 2 8
13 15 28
13 15 10
19 19 2
18 19 9
6 7 25
22 21 20
14 16 9
0 2 7
13 15 29
5 7 16
18 19 28
13 14 3
12 13 27
14 17 13
23 2 5
11 14 9
13 14 28
18 19 27
22 0 9
19 21 27
1 4 16
21 23 29
8 11 14
17 18 13
3 5 13
2 2 17
8 10 28
18 21 9
23 1 14
22 23 17
16 17 7
6 7 27
1 4 7
19 21 27
2 3 24
8 10 22
2 5 13
18 21 13
7 7 4
15 16 18
12 14 13
8 9 1
17 19 11
20 23 7
16 17 1
9 12 8
5 7 25
9 13 10
8 9 6
18 20 15
12 14 15
16 18 28
1 3 30
17 20 10
2 5 7
0 2 22
13 15 29
9 12 24
21 23 10
20 23 9
1 4 5
6 7 14
20 21 18
21 22 23
22 0 1
9 11 18
22 0 10
20 22 9
23 1 3
6 9 18
1 4 9
20 21 27
2 5 1
4 7 22
11 11 20
0 2 30
11 14 15
6 7 24
4 7 23
17 19 14
21 0 1
1 2 28
22 1 21
23 2 3
1 3 25
8 10 28
2 4 23
4 6 27
4 6 21
23 1 14
23 2 15
17 20 19
14 17 11
22 0 12
21 22 2
4 6 15
22 0 2
3 5 30
22 23 19
2 5 27
4 5 18
21 0 20
16 19 29
2 5 12
3 3 11
4 8 5
13 15 29
9 13 12
5 8 3
21 23 12
15 17 14
15 17 9
19 22 25
12 14 28
4 5 22
6 8 9
7 8 27
3 5 23
15 17 17
2 5 19
5 5 17
15 18 17
15 16 25
4 7 26
3 5 23
5 6 2
21 1 4
17 19 10
14 17 1
7 8 18
15 18 1
7 9 2
8 8 28
0 1 22
9 10 24
17 20 15
7 9 3
15 16 12
16 19 27
17 20 23
8 9 7
1 3 9
14 16 30
14 15 13
13 15 11
19 20 13
1 4 26
15 18 18
5 6 5
9 10 27
2 4 1
3 4 12
10 13 5
19 19 1
9 12 25
16 19 3
16 17 20
23 2 14
13 14 7
1 4 21
13 15 1
16 18 9
18 21 22
12 15 18
14 17 7
4 6 5
11 12 22
18 20 13
6 8 3
15 15 28
1 3 15
3 4 7
6 7 1
16 19 5
13 14 10
21 22 10
20 0 30
5 5 5
1 2 23
19 21 6
18 20 22
19 20 25
12 14 23
17 18 9
16 19 14
13 15 18
1 2 18
18 20 20
5 6 23
17 20 3
2 2 22
16 19 13
19 20 29
15 18 12
1 4 20
11 12 6
21 23 11
17 18 4
8 10 26
1 3 22
20 0 20
22 1 1
21 0 20
20 22 18
4 6 12
7 10 3
2 5 19
0 2 28
3 6 20
16 18 28
6 7 2
21 2 23
3 4 5
1 2 3
13 14 18
11 15 9
21 0 4
0 2 14
13 15 23
19 23 16
20 22 6
16 18 19
5 8 6
6 8 17
8 11 2
7 11 26
2 2 12
1 3 3
13 16 24
11 13 19
9 11 9
5 9 17
6 7 24
21 0 28
14 16 14
0 1 29
4 6 11
14 15 1
8 11 9
14 16 1
3 6 28
15 19 8
17 19 21
5 6 24
7 9 9
0 2 29
15 16 7
17 19 10
2 5 25
12 12 22
11 13 9
16 18 6
20 22 23
18 20 23
12 14 18
18 20 8
6 8 3
8 10 6
20 21 18
5 6 8
10 12 26
2 3 22
13 14 4
14 16 12
5 8 14
18 19 7
1 2 21
12 13 26
7 9 18
14 14 2
0 4 10
18 19 16
19 21 4
4 7 12
23 0 14
17 18 22
9 12 18
21 22 28
3 4 1
22 23 29
17 19 12
15 17 7
7 8 7
6 9 22
21 23 15
0 3 27
7 8 24
19 21 7
17 21 7
6 7 11
17 18 26
3 4 13
0 2 16
12 13 18
21 23 5
21 0 7
9 11 24
21 23 20
7 10 11
2 4 11
4 5 22
5 7 21
6 8 26
14 16 14
18 20 4
17 21 7
5 6 30
8 11 5
14 16 14
7 8 15
8 9 20
6 9 14
11 12 7
14 18 12
8 11 24
6 9 19
22 2 10
9 11 28
21 0 2
19 22 12
5 4 18
17 19 27
11 12 3
5 9 13
23 2 1
11 13 22
13 14 23
20 22 22
15 18 10
7 9 19
17 18 12
22 0 27
0 3 19
19 21 11
23 1 4
15 16 7
4 9 25
22 0 22
6 7 2
3 5 10
2 2 11
14 16 18
12 15 7
7 10 21
11 11 30
18 21 14
6 7 29
20 23 21
6 7 18
16 17 12
1 3 10
8 11 13
9 12 2
0 0 19
3 4 19
23 2 15
16 18 17
17 19 5
15 18 24
23 23 24
21 23 27
1 2 20
7 9 10
17 19 28
2 5 22
20 22 30
1 1 18
8 10 15
20 23 20
16 17 20
4 6 22
7 8 29
11 12 9
2 4 16
21 23 6
16 18 10
15 18 21
10 12 28
21 23 8
3 8 25
7 9 27
23 1 20
10 12 23
22 1 20
18 21 26
3 5 30
16 18 3
9 11 19
20 0 13
8 10 30
22 0 23
13 14 16
15 17 7
15 17 5
12 13 10
10 14 16
18 21 22
15 18 9
20 22 15
15 17 9
0 0 20
21 0 5
8 9 22
6 8 2
17 18 27
12 15 17
1 3 12
11 14 16
11 13 9
10 9 11
10 12 28
6 8 7
13 14 25
5 7 1
5 6 30
15 16 24
17 16 9
23 1 7
22 0 4
16 19 5
14 15 13
23 1 4
7 9 19
5 7 4
17 17 20
11 15 27
16 16 10
12 14 28
15 17 19
9 10 20
19 0 10
5 7 30
16 19 15
1 5 20
17 20 2
5 8 12
8 11 16
2 4 2
9 11 12
7 8 10
0 3 8
2 4 26
2 5 13
10 13 23
12 15 29
23 1 16
9 11 20
10 12 2
14 16 14
5 8 16
18 18 10
21 22 27
4 8 20
16 17 26
5 6 13
4 5 8
5 7 15
13 14 21
6 7 9
14 17 19
13 16 7
18 20 10
4 5 12
13 15 16
2 3 4
21 23 19
0 1 28
9 11 14
4 7 25
20 21 9
20 21 30
9 12 24
12 16 13
20 21 22
1 5 21
9 11 2
16 18 21
3 7 1
2 2 10
17 20 25
17 19 28
21 22 3
21 22 6
5 9 11
18 19 18
19 21 20
6 9 6
15 18 10
2 6 27
2 2 20
16 18 22
19 21 19
22 0 16
6 8 25
5 7 30
2 4 9
18 20 13
7 9 14
13 14 28
7 9 30
10 13 24
13 14 23
21 0 9
19 21 4
22 23 23
1 2 26
3 4 13
3 6 4
17 20 24
23 0 9
0 2 13
12 12 27
9 10 28
5 6 23
19 21 5
3 5 13
20 22 8
14 17 19
12 13 9
20 21 19
18 18 24
4 7 17
14 15 26
21 22 14
18 19 15
7 9 6
9 12 29
9 10 2
13 15 4
19 21 28
18 20 15
13 12 14
21 22 12
9 10 23
9 10 4
17 18 19
0 3 21
7 9 18
20 21 24
1 3 21
15 17 17
14 15 24
0 3 5
3 5 15
19 21 5
7 9 15
1 2 3
1 4 22
15 18 17
16 17 11
9 10 20
22 23 22
18 20 29
16 18 15
20 0 23
14 16 1
9 11 11
20 22 11
17 19 23
19 21 7
5 8 26
0 2 8
0 1 15
16 19 12
14 16 21
21 22 2
7 10 16
15 16 5
9 11 8
1 3 29
6 9 30
1 1 2
11 13 18
16 18 7
7 10 20
0 3 23
23 3 24
15 17 30
18 18 3
3 5 8
2 5 9
19 22 29
18 20 12
22 1 1
6 8 20
7 9 11
16 16 17
5 7 19
16 19 23
9 9 28
22 1 11
16 17 16
1 4 1
16 19 5
5 7 12
8 8 12
1 4 8
0 2 23
21 0 29
6 8 23
23 1 25
0 2 21
15 17 27
23 1 7
0 0 18
6 9 15
16 18 28
3 5 23
9 10 23
11 13 21
0 2 16
16 19 28
0 3 30
13 17 18
7 11 1
19 23 27
13 14 14
6 7 23
13 16 17
3 4 30
8 11 15
20 20 30
9 10 30
8 12 21
2 4 22
6 8 4
2 5 10
20 21 9
4 5 28
4 5 30
1 4 12
10 10 6
14 17 14
2 3 20
17 18 17
20 21 10
9 11 17
7 8 25
23 3 10
16 14 26
4 5 3
10 11 4
15 17 7
8 10 24
14 16 13
11 13 25
9 11 14
14 17 8
4 5 5
22 2 11
14 17 5
18 21 5
17 18 6
4 6 29
10 12 6
3 6 12
23 0 27
16 17 21
12 14 16
21 23 2
21 21 20
16 17 14
3 5 28
1 4 17
12 14 21
6 9 18
23 0 4
23 1 17
22 23 3
23 0 28
16 16 21
7 9 24
16 16 22
23 2 13
5 7 27
10 11 20
3 3 6
10 12 30
16 17 22
17 20 1
4 7 22
6 6 13
11 14 22
7 9 23
14 16 15
15 18 12
5 7 11
23 1 25
9 12 29
16 18 29
12 14 8
16 18 20
16 18 3
17 19 26
0 2 22
21 22 14
23 0 15
9 12 21
21 0 9
6 8 22
15 18 16
0 0 2
17 20 27
7 9 15
9 11 25
11 14 20
12 15 6
8 12 21
6 8 18
20 22 10
12 14 2
14 16 20
7 9 13
17 19 17
10 13 21
18 20 17
17 17 18
2 2 22
9 8 17
6 8 8
4 6 5
21 0 6
6 7 6
19 20 16
18 20 13
17 18 25
22 0 25
10 13 13
3 4 14
17 20 2
17 18 8
23 2 6
14 17 26
19 23 29
9 11 2
12 14 13
1 4 13
11 15 17
6 8 3
14 16 27
16 18 11
7 10 23
17 18 5
9 12 11
23 2 20
22 0 5
3 6 27
23 2 1
18 20 5
18 19 16
22 2 10
22 23 25
12 10 9
13 14 1
3 4 6
7 10 18
10 12 12
0 2 4
20 22 25
21 0 24
0 0 15
16 17 5
17 17 21
11 15 7
0 3 29
18 20 21
8 11 29
8 10 9
5 8 18
3 5 15
11 12 29
10 12 20
4 6 5
0 2 17
19 22 24
22 0 3
14 14 21
17 19 12
8 11 6
2 4 9
20 23 30
16 17 12
4 7 15
19 21 14
3 5 29
11 13 25
11 11 23
11 14 22
23 1 29
16 18 17
8 10 28
15 17 13
11 13 11
13 15 5
8 11 5
3 7 25
11 11 7
