1050 30
4 23 9 18 14 8 25 3 24 29 8 17 25 21 9 12 24 6 2 17 6 14 25 2 23 30 7 8 29 22 
22 23 13
1 3 22
8 10 1
18 20 4
23 0 15
20 23 21
5 8 1
17 20 7
11 14 15
23 3 15
11 12 2
18 19 8
6 8 27
11 13 2
11 13 15
21 22 11
4 7 28
8 10 16
9 12 21
13 13 10
2 5 14
18 20 10
7 9 21
15 16 23
4 7 22
22 2 30
12 14 17
10 13 16
21 23 18
18 21 6
16 19 1
3 4 3
5 8 6
17 19 12
1 1 19
21 23 14
5 8 30
7 10 11
13 13 26
4 7 30
1 3 4
14 17 21
12 13 26
12 14 24
22 23 25
5 6 3
7 9 11
0 3 4
3 7 29
8 9 26
16 18 17
13 15 11
6 9 22
13 16 17
21 22 24
16 19 11
6 9 27
19 21 6
15 18 24
6 8 10
5 7 8
6 9 15
1 1 24
12 15 6
7 10 2
0 0 10
2 4 1
17 18 27
12 15 2
23 1 6
21 22 24
8 11 17
3 4 25
15 18 18
22 0 17
11 12 21
0 2 29
22 0 26
11 13 28
7 10 7
16 17 25
0 2 19
7 9 26
10 13 12
19 20 14
12 15 10
11 13 26
21 23 15
16 20 25
0 0 5
17 19 29
22 2 30
2 4 15
10 11 16
6 6 10
1 5 9
11 13 3
0 2 23
4 5 26
7 11 20
0 2 16
11 12 1
18 19 7
17 17 27
6 7 30
2 4 11
19 21 29
8 9 18
1 4 4
22 23 22
13 15 14
7 10 27
11 12 10
2 4 20
12 13 5
7 9 30
0 2 22
12 14 7
3 4 21
14 15 26
9 10 4
14 15 25
2 3 29
5 5 30
19 21 19
6 8 14
15 18 5
14 15 24
2 5 12
10 13 23
20 0 28
11 13 6
9 12 8
18 21 23
15 15 24
14 16 28
22 22 27
21 23 5
1 4 23
4 5 6
17 19 13
14 17 5
12 14 7
11 13 27
1 1 10
10 11 8
14 17 5
0 1 9
3 6 3
15 17 9
19 22 1
22 23 6
11 14 13
14 16 17
9 10 15
7 10 25
4 6 3
19 20 18
9 12 18
20 21 17
0 3 25
20 22 4
13 13 5
18 19 27
17 18 2
14 14 30
12 13 2
21 22 27
0 2 2
15 15 2
18 19 13
18 18 29
7 8 25
23 1 14
16 19 5
8 11 9
23 1 5
9 10 20
18 19 5
23 1 7
12 12 1
13 16 14
15 15 2
1 4 13
17 18 14
7 10 4
18 22 12
15 17 13
13 14 7
9 11 10
11 15 26
3 7 22
21 23 3
5 9 7
7 9 30
4 6 6
7 8 15
19 20 19
14 18 19
4 5 14
15 16 12
5 7 12
10 13 26
23 1 18
13 13 4
0 1 20
18 19 16
18 19 30
8 12 6
17 17 21
6 8 25
17 19 7
23 2 2
7 8 19
14 16 11
17 17 18
1 2 21
1 3 16
20 22 21
13 16 12
3 6 21
2 4 7
20 22 21
7 9 25
10 12 13
7 9 15
8 11 9
1 3 20
13 16 28
4 7 4
13 16 1
19 22 23
11 14 1
1 2 14
19 20 9
6 9 15
3 4 17
9 12 1
9 11 18
15 18 3
20 22 16
17 19 30
18 21 20
18 21 29
13 14 29
9 9 11
19 21 24
20 21 11
21 22 14
15 17 18
19 20 16
0 2 13
5 9 18
16 17 29
6 6 19
22 0 21
1 3 20
22 0 10
6 9 12
17 20 4
21 0 26
4 5 4
11 14 8
1 4 18
8 10 2
12 13 8
7 11 15
6 9 3
2 2 17
16 17 16
18 19 1
12 15 6
21 0 7
15 18 9
1 4 10
18 20 17
18 22 29
10 14 9
22 23 20
19 21 2
7 10 1
3 3 15
5 6 27
20 22 13
23 1 22
15 17 14
7 9 24
7 9 18
5 7 17
20 22 11
20 21 9
16 20 20
7 9 22
5 7 10
2 5 25
22 0 30
0 1 10
2 3 20
19 21 14
20 22 28
20 21 17
8 11 15
22 0 15
15 15 17
22 0 25
3 2 27
4 6 16
19 23 20
3 5 19
23 2 4
9 10 24
2 3 14
0 3 3
17 18 15
17 18 17
4 7 4
1 1 19
9 11 9
21 23 22
21 0 4
19 21 5
0 4 21
3 6 5
8 9 9
13 17 23
14 15 25
1 4 1
13 15 15
2 5 23
19 23 16
9 12 23
13 16 19
13 14 1
23 2 20
18 20 29
6 9 3
22 1 9
9 12 27
5 6 22
12 16 18
9 11 13
11 13 17
6 8 2
11 12 1
15 17 14
17 18 30
11 13 14
13 16 11
4 5 22
5 8 6
22 0 12
7 11 19
4 6 28
15 19 16
2 3 30
5 6 19
12 15 23
19 22 29
0 2 21
7 10 15
12 16 17
0 2 20
15 17 28
7 9 10
11 15 19
2 3 19
23 0 3
8 10 24
5 7 13
10 11 2
2 5 21
5 8 16
1 2 5
9 12 30
12 15 27
8 10 30
22 0 25
7 8 12
11 12 27
22 0 20
2 4 2
8 10 29
3 4 17
4 5 3
5 6 6
14 16 4
8 11 19
6 9 28
2 2 18
23 1 5
15 17 28
17 19 4
9 12 3
3 6 15
23 0 17
18 22 21
2 6 12
14 16 20
11 14 9
20 22 21
17 19 9
12 14 2
14 18 1
23 1 6
2 5 4
22 0 20
14 17 28
9 11 4
13 15 20
0 4 10
8 10 2
17 17 13
10 13 9
18 19 24
21 0 13
22 23 4
7 9 10
10 11 13
22 2 24
14 15 18
3 6 27
12 14 14
5 6 1
1 6 15
23 23 3
12 15 18
16 18 19
15 16 28
23 1 25
7 11 26
2 6 12
18 18 17
19 21 26
1 4 12
23 1 11
8 12 1
15 16 15
19 22 6
10 13 27
13 15 29
0 3 11
19 22 16
17 20 8
18 20 2
19 20 12
17 19 10
16 17 26
17 19 19
16 19 6
17 19 26
11 11 30
13 15 12
15 17 30
1 4 5
9 11 9
21 23 22
9 10 11
10 10 14
23 1 9
13 15 2
17 18 24
9 11 2
23 1 12
13 16 30
6 10 23
8 9 3
5 6 5
15 17 16
17 20 29
8 8 3
3 4 4
6 8 6
22 0 27
23 0 2
15 16 21
11 14 2
3 5 6
16 18 17
8 9 14
20 19 3
17 19 1
4 5 27
1 3 27
17 18 8
3 5 22
13 17 19
15 16 18
2 4 24
4 7 19
16 19 21
15 16 14
11 13 3
8 11 17
10 13 9
17 19 13
14 17 28
23 2 21
10 12 17
4 6 2
13 15 27
10 11 16
10 12 12
14 17 30
18 20 1
15 19 13
21 1 5
14 18 12
1 4 18
2 6 17
10 11 15
15 17 23
18 21 9
14 15 3
9 11 10
15 16 26
21 0 25
15 19 15
8 9 13
0 3 30
14 16 30
9 10 17
7 9 1
16 18 6
17 19 11
9 10 19
2 4 19
17 19 30
18 20 28
8 9 30
12 14 24
16 20 26
1 4 24
23 3 6
14 14 23
12 14 11
19 22 5
1 4 30
21 1 24
6 10 4
11 12 20
0 2 14
22 1 13
19 21 10
10 11 13
1 5 2
17 18 2
14 16 20
2 4 15
8 9 4
5 8 24
5 7 29
6 8 14
0 2 14
14 17 2
16 19 14
18 19 23
3 6 25
2 5 25
22 23 26
17 18 30
7 10 23
15 18 14
3 5 3
8 9 19
8 11 13
17 20 2
0 2 27
21 21 2
4 8 1
22 23 28
16 18 3
19 19 27
1 4 10
5 7 18
16 17 27
12 15 7
11 13 9
2 4 21
23 2 11
17 19 9
21 0 14
2 4 7
7 9 15
23 1 9
18 21 26
9 11 29
12 15 20
9 11 4
3 6 10
8 10 3
17 18 2
9 9 4
0 1 30
14 15 9
7 9 8
6 10 16
20 22 13
3 4 19
9 11 21
13 17 21
4 8 4
2 3 28
0 2 9
16 19 8
21 21 8
8 10 9
2 3 9
17 20 17
23 2 27
15 19 13
14 17 18
15 17 20
3 6 18
5 8 23
11 13 14
6 8 18
8 11 22
17 20 7
21 22 29
7 10 13
16 17 27
11 14 8
7 9 30
15 16 18
11 14 11
6 8 12
21 23 8
18 20 7
15 18 30
22 23 4
5 7 18
2 6 5
0 2 9
17 20 9
20 20 12
15 18 15
20 0 18
11 14 18
10 12 17
17 17 23
4 7 1
2 3 7
11 12 30
22 1 20
16 17 17
5 6 23
14 16 22
17 18 23
10 11 23
17 19 20
2 4 4
13 16 13
18 21 18
14 16 11
6 10 20
10 11 30
23 1 5
8 12 20
18 19 7
5 7 11
1 4 21
8 8 7
6 6 4
4 4 13
16 19 21
9 11 7
17 18 1
15 17 16
3 5 18
0 1 23
3 5 7
18 21 28
4 4 21
0 3 3
0 1 24
0 3 10
15 18 15
5 9 9
22 0 1
13 14 11
2 5 20
19 23 2
1 2 1
16 18 14
13 14 15
17 20 28
4 5 23
9 10 2
19 21 25
20 22 26
6 7 11
3 4 4
18 20 1
13 15 29
20 23 13
14 16 7
3 4 15
0 4 14
13 14 15
0 2 12
12 14 8
1 1 6
17 20 23
11 12 11
18 20 4
6 7 28
13 15 6
15 19 22
12 15 27
13 16 22
18 21 23
18 21 14
23 2 5
5 8 7
8 13 18
0 2 11
21 21 12
9 9 5
15 19 14
19 22 16
23 1 11
23 1 13
20 23 14
7 9 24
10 12 4
12 14 8
3 5 28
17 19 15
11 13 16
11 13 22
6 9 3
0 2 11
15 18 19
4 8 7
2 2 7
6 9 30
15 17 12
23 0 22
7 8 6
8 10 30
6 8 22
15 17 2
0 1 27
15 16 15
14 15 29
12 15 30
8 10 27
6 7 22
21 1 3
10 12 27
3 4 30
4 6 16
20 22 2
10 12 20
6 8 15
3 5 7
12 14 17
2 5 19
17 21 6
2 5 7
5 7 30
9 12 6
19 21 5
10 11 8
19 20 27
10 12 20
15 16 3
20 21 2
19 22 11
1 5 17
0 1 6
21 23 1
1 3 13
14 17 26
9 10 20
19 20 2
9 11 22
14 16 18
12 15 20
17 19 17
4 7 11
2 4 9
22 2 27
0 1 28
16 19 12
8 10 22
10 12 13
16 18 28
11 15 12
8 11 8
1 3 19
8 11 20
15 16 22
15 18 2
10 14 14
23 0 23
15 17 8
7 10 20
3 4 11
23 1 19
11 11 16
20 22 2
6 8 21
14 15 10
23 0 25
16 17 15
0 2 5
3 5 27
21 23 30
17 19 24
19 22 11
13 15 2
13 12 20
12 14 11
8 8 29
10 11 17
11 11 13
16 17 29
0 3 8
8 9 26
22 0 24
11 12 16
12 14 3
22 23 3
5 7 22
4 5 26
9 9 7
19 22 25
19 22 14
3 5 19
14 18 5
10 12 10
8 10 1
4 7 23
3 5 11
7 10 3
19 22 13
21 23 10
21 0 20
4 6 3
18 19 4
6 7 3
22 22 13
14 17 8
17 18 17
21 23 7
23 1 6
12 13 17
10 12 28
22 23 8
18 20 29
13 15 25
4 5 3
6 8 27
16 18 16
7 10 7
23 1 27
22 23 13
8 10 5
4 6 3
13 14 13
3 3 17
12 15 30
14 17 11
20 22 27
20 22 17
1 5 29
11 13 2
12 15 9
23 1 1
16 16 13
12 13 22
0 2 14
6 9 2
15 18 22
4 6 14
2 3 9
21 22 23
14 17 4
21 0 20
21 21 22
0 4 12
12 14 22
4 5 14
10 11 14
8 11 15
18 19 25
23 3 23
12 14 2
19 20 16
21 22 15
21 0 30
14 16 30
9 10 23
14 17 11
21 22 1
12 14 5
13 12 30
22 1 11
15 15 23
6 9 4
19 20 28
22 1 24
19 20 4
17 19 11
1 3 13
3 5 26
3 6 24
11 13 11
9 9 1
17 20 12
10 12 9
18 20 8
17 19 26
12 12 13
10 12 2
9 11 23
10 13 30
9 11 24
0 3 20
6 8 19
15 17 23
7 9 25
5 7 3
13 15 14
17 19 4
4 6 5
7 8 17
3 5 16
21 22 17
21 23 3
0 1 6
14 16 6
7 10 23
9 12 22
20 23 11
22 23 25
18 19 20
4 6 15
4 6 20
15 17 28
13 18 23
10 13 21
15 16 11
1 5 13
6 6 13
16 19 29
1 2 30
6 9 9
9 11 22
3 5 16
8 10 4
7 10 26
0 2 9
20 22 18
14 16 16
4 5 13
10 11 17
7 9 16
1 3 20
16 17 22
22 23 21
10 12 18
14 17 24
10 13 20
19 22 29
0 1 20
3 6 7
14 17 8
22 1 18
18 21 6
16 17 21
4 6 24
6 8 23
2 4 17
18 20 15
0 2 4
14 17 25
21 23 22
3 6 5
22 23 5
4 6 15
2 2 3
1 3 10
9 9 1
21 0 14
19 21 22
16 19 22
8 10 17
3 4 6
22 23 22
17 18 19
4 5 23
9 12 29
9 14 26
14 16 11
15 18 18
18 19 1
11 14 14
12 14 21
10 12 22
21 23 25
13 14 8
0 3 8
15 18 9
14 15 11
14 16 27
15 17 21
20 21 25
16 18 20
18 20 3
10 11 29
4 7 20
1 5 16
12 16 7
9 10 1
17 18 5
22 1 29
4 5 27
18 21 28
11 15 10
9 10 5
2 4 20
21 23 25
19 20 12
7 9 28
12 13 21
22 1 10
15 17 25
6 9 14
5 7 28
21 23 17
17 20 25
0 0 3
15 18 23
19 21 24
5 8 16
11 14 16
20 23 19
20 21 5
20 21 17
7 10 4
2 2 10
3 5 14
15 17 20
12 12 5
17 20 16
7 10 28
15 15 2
20 22 4
