1190 30
7 20 22 19 4 3 14 7 29 4 18 21 5 9 28 27 7 4 1 12 26 19 28 13 5 13 10 9 13 18 
13 15 5
20 22 25
10 12 22
0 2 10
18 20 29
13 15 12
5 7 6
7 10 21
2 4 29
7 10 23
15 18 17
13 15 13
0 2 12
7 10 4
22 1 14
11 13 6
23 2 12
12 13 28
13 14 22
2 4 24
0 3 6
14 16 4
7 8 13
4 7 1
22 23 18
7 9 16
20 22 20
9 11 24
9 11 6
15 17 29
11 14 2
5 7 15
17 19 29
18 21 19
3 4 3
19 22 24
20 21 23
9 12 6
19 21 30
5 6 6
14 14 8
13 14 19
18 20 29
11 14 13
12 13 17
21 23 29
10 14 8
22 0 25
22 23 9
9 12 22
20 23 3
2 4 7
6 8 12
4 7 19
11 15 5
22 0 30
23 0 5
6 7 21
7 8 28
1 3 6
20 0 26
8 8 14
6 8 16
9 11 10
1 3 9
1 4 19
1 3 22
21 22 3
6 8 14
8 10 17
0 4 15
17 20 23
18 23 16
19 20 30
0 2 18
14 16 7
11 13 17
20 22 3
22 23 1
0 3 7
22 22 1
17 20 26
3 5 17
21 22 8
3 4 16
17 18 10
2 6 17
20 22 9
21 0 25
23 0 26
7 9 9
3 5 18
3 5 4
12 13 4
11 12 2
14 14 17
7 10 16
0 2 7
17 19 5
16 19 4
0 4 13
21 23 24
14 18 30
3 5 24
4 6 2
13 12 8
16 19 20
0 1 11
4 4 24
14 16 30
9 11 27
10 11 2
23 0 26
17 19 20
6 7 16
23 0 25
12 15 6
20 23 3
9 11 7
23 2 5
21 23 20
4 8 16
19 22 5
19 21 16
9 12 20
9 9 7
6 8 25
8 10 24
1 2 23
2 3 28
0 2 29
11 13 28
0 -1 12
15 17 23
18 20 3
6 9 25
18 18 28
23 0 21
18 20 21
19 20 23
15 17 21
13 15 16
14 16 10
2 5 7
17 20 3
0 4 8
15 14 8
17 18 28
17 19 23
10 12 18
2 4 22
5 7 3
17 18 11
22 0 28
15 18 19
12 14 5
10 12 6
15 17 3
15 17 28
20 22 20
2 5 12
5 7 25
4 7 12
17 20 11
14 16 22
3 4 12
6 9 6
11 15 26
11 14 13
16 20 19
21 23 29
10 13 13
20 22 6
11 14 16
8 10 14
9 10 3
22 23 22
5 8 30
11 11 21
15 17 8
1 2 19
9 11 24
8 10 5
17 19 5
10 12 17
7 9 11
14 14 30
11 13 19
14 17 17
4 7 16
12 14 27
14 19 29
19 22 14
1 3 30
21 0 19
15 18 8
16 20 30
14 17 18
2 3 21
21 22 17
16 19 10
2 4 29
17 19 14
4 6 3
5 5 11
14 17 9
23 1 20
7 9 29
7 10 30
11 12 1
8 11 1
7 9 8
18 20 9
6 9 20
22 0 11
20 21 25
21 22 17
8 9 22
17 20 15
20 21 7
17 19 26
0 2 23
22 1 5
12 14 19
15 17 21
8 10 16
20 23 5
7 8 4
15 18 28
8 8 17
6 9 5
18 20 2
18 21 13
5 9 27
15 15 25
3 7 2
2 5 15
5 7 15
18 21 8
20 22 12
13 12 2
17 19 25
6 7 24
13 14 21
19 21 12
3 5 25
11 15 3
12 12 4
17 19 22
5 5 23
20 22 28
12 15 19
1 2 3
11 15 8
19 20 6
7 8 9
10 12 30
1 2 5
7 8 20
14 16 25
12 14 15
6 8 12
20 21 27
4 5 4
11 13 21
7 10 30
13 14 16
21 23 14
8 9 27
3 4 7
7 10 18
21 23 26
0 1 27
15 17 14
21 23 30
18 20 16
11 13 26
14 17 10
3 5 17
21 23 26
15 17 15
23 1 23
0 0 22
15 17 4
21 0 1
9 11 24
15 16 27
8 12 12
23 2 4
18 22 20
1 3 5
8 11 23
6 9 19
9 10 24
15 16 14
1 2 16
14 15 24
22 0 8
11 12 19
16 19 4
20 21 24
19 21 24
22 0 19
14 15 7
14 16 16
14 14 4
11 13 22
14 17 9
13 15 6
8 10 15
22 1 10
5 7 12
20 22 3
23 1 1
10 12 27
16 18 4
3 5 12
18 22 4
11 13 22
7 10 17
4 6 29
14 15 9
5 7 17
17 19 6
18 22 15
9 9 21
8 10 13
1 2 30
3 5 23
22 0 28
15 18 20
14 15 18
19 21 19
22 0 13
16 16 1
18 19 23
19 21 30
9 10 4
1 3 9
12 13 12
13 15 27
17 18 26
0 2 20
5 7 12
21 22 18
7 9 13
3 5 19
11 14 30
3 4 26
9 9 11
21 22 22
13 16 1
6 9 25
21 23 15
11 14 30
19 19 25
21 0 20
20 23 28
15 18 28
10 10 30
20 21 22
4 5 15
23 23 10
15 17 15
15 16 24
3 5 21
1 2 26
10 14 26
11 12 14
19 20 16
9 13 25
20 22 1
19 21 25
20 22 19
16 18 14
22 1 7
8 9 18
20 23 7
6 8 16
20 22 7
18 20 18
18 21 25
14 15 28
9 10 11
8 11 4
6 8 5
6 8 24
3 5 7
14 15 12
0 3 4
1 2 29
19 21 1
16 18 20
10 12 6
22 0 16
3 6 17
15 17 27
0 3 30
2 4 7
2 4 18
1 3 26
13 14 8
6 8 13
7 8 5
13 15 16
23 1 6
2 4 19
5 8 29
14 17 16
19 21 9
0 2 2
23 0 2
1 4 8
14 16 21
19 22 21
6 9 10
16 18 26
2 4 26
2 3 6
6 9 16
13 18 6
16 17 2
6 10 19
9 11 6
5 7 3
22 23 10
2 5 20
17 20 27
10 12 8
14 15 8
6 10 11
5 8 14
3 7 4
7 8 26
18 20 1
3 5 15
17 19 14
9 12 7
10 13 8
0 2 21
4 7 12
13 15 1
0 1 25
9 12 17
8 10 23
7 8 18
16 19 17
21 0 7
9 9 10
2 4 3
6 7 20
20 22 7
18 19 14
17 19 13
13 15 24
18 21 12
12 15 12
19 19 26
10 12 11
21 23 12
1 3 19
3 3 29
9 12 25
5 6 23
4 7 22
0 1 13
0 1 21
16 18 6
5 6 8
20 21 6
22 0 24
4 9 21
23 2 26
22 0 6
14 14 4
3 5 4
16 18 27
8 9 30
11 13 15
22 0 28
2 5 8
5 6 5
22 0 11
1 3 22
19 21 15
18 20 22
11 14 11
0 2 8
5 7 23
11 14 9
6 8 30
9 11 28
20 22 13
2 3 1
12 14 4
9 11 9
10 12 28
17 20 15
20 22 8
6 9 21
13 16 22
16 18 5
10 14 26
21 23 7
15 19 11
22 0 12
16 17 30
22 23 9
15 17 2
19 21 1
10 11 8
14 16 9
12 14 14
9 10 4
0 2 30
9 11 26
10 12 6
16 16 19
7 10 5
12 13 23
12 13 22
14 17 20
21 23 26
18 20 18
23 1 9
6 9 11
5 8 25
15 18 25
13 13 20
12 14 18
1 3 29
14 18 24
7 9 18
23 2 23
21 23 9
7 9 7
17 19 26
11 13 4
4 7 3
18 21 12
0 1 17
10 12 22
3 5 24
1 2 24
2 3 14
14 15 19
22 0 6
11 12 11
4 6 28
19 20 10
4 6 1
3 4 19
11 13 20
8 9 27
0 0 9
0 1 21
15 17 23
8 10 26
0 0 6
11 13 12
7 10 23
0 3 18
19 22 9
10 11 24
16 17 18
8 10 28
22 23 16
18 20 16
15 20 28
12 15 1
17 19 12
4 5 16
11 13 6
18 20 16
0 1 13
5 5 28
5 6 12
15 18 10
6 9 7
12 13 29
22 22 4
12 15 18
5 8 25
15 16 3
22 1 10
4 7 7
6 8 13
8 10 1
19 21 19
16 18 14
5 7 11
17 18 21
15 16 22
15 18 23
5 7 14
0 1 17
12 15 12
8 11 4
0 2 15
22 0 5
10 11 11
10 12 14
12 13 18
19 21 7
15 17 9
23 1 3
1 4 2
12 14 14
6 8 27
11 13 16
0 1 13
19 20 13
11 14 30
23 23 4
22 1 20
19 20 21
9 10 8
0 4 7
12 14 9
5 7 5
5 9 19
4 6 20
0 1 11
18 20 11
10 13 11
22 0 4
19 21 17
0 3 27
12 14 9
8 10 25
22 23 3
18 19 11
8 10 7
4 6 23
8 10 19
20 22 18
23 0 23
16 19 6
3 5 6
14 17 26
22 0 19
22 0 28
1 4 28
20 22 10
21 0 18
9 11 16
4 8 18
2 3 21
1 2 1
11 13 5
13 16 5
3 7 18
7 9 10
12 14 4
19 20 8
21 22 26
13 16 23
2 5 25
2 5 21
17 18 18
10 13 7
4 7 28
17 20 11
8 11 16
3 5 22
14 16 23
12 16 19
18 21 21
9 11 10
9 11 7
8 9 23
13 16 21
23 1 20
16 18 8
2 4 4
1 3 4
19 21 21
3 4 2
5 7 26
15 18 29
21 23 2
7 9 12
19 20 4
14 17 24
4 5 26
4 7 19
4 5 1
23 2 7
0 3 12
19 20 2
3 6 20
4 6 23
16 18 3
6 9 13
21 22 1
14 17 6
18 20 29
16 18 14
3 5 15
1 2 7
6 8 29
2 5 21
10 12 5
17 19 24
21 23 7
8 10 2
12 15 4
16 18 2
22 0 27
12 12 2
17 18 20
12 14 16
21 1 17
5 8 21
9 12 3
17 18 19
23 3 10
20 22 8
1 3 26
23 1 21
11 14 18
18 20 27
22 1 16
4 7 2
13 15 9
2 2 26
17 19 26
20 22 6
8 10 1
16 17 4
6 7 2
19 20 9
3 5 20
15 18 15
17 18 17
4 6 29
15 15 28
14 16 25
18 18 25
3 5 15
0 3 29
10 12 7
20 0 22
21 22 18
20 1 2
0 3 30
22 2 3
17 20 16
17 21 26
15 16 12
10 12 26
7 9 25
7 10 5
21 23 30
19 21 10
15 18 11
20 23 23
5 9 14
14 16 26
16 20 5
18 21 20
3 5 16
23 2 19
1 3 6
10 13 18
2 4 19
13 15 10
6 9 16
17 20 19
17 20 18
23 23 23
13 15 29
15 16 10
21 23 20
18 20 17
21 0 22
4 5 22
8 10 3
8 10 5
6 7 27
2 4 23
17 18 4
14 15 6
8 10 5
13 16 1
22 23 21
7 9 2
9 11 19
9 11 21
2 3 6
15 18 19
21 0 29
3 4 29
5 7 12
10 14 10
23 1 2
0 2 29
6 8 12
7 9 3
9 12 1
11 12 17
2 3 12
10 11 3
3 7 26
2 3 17
4 5 20
7 7 13
5 7 1
9 11 25
4 5 23
14 16 21
8 8 29
15 18 18
10 11 4
20 22 4
16 17 29
21 23 23
21 0 17
8 11 8
17 17 18
21 23 6
12 12 6
1 4 4
5 6 24
17 18 9
20 21 11
6 7 10
15 17 25
6 8 25
23 0 26
3 6 29
3 5 26
19 22 22
11 14 20
17 19 5
3 5 10
9 12 21
16 19 6
22 23 11
18 20 3
3 7 16
4 6 4
6 9 16
14 17 7
3 4 3
18 21 20
6 9 10
20 22 27
16 18 4
19 19 21
16 20 8
16 19 27
0 1 11
14 17 14
16 18 26
20 21 15
1 3 8
0 3 9
17 21 23
19 21 17
15 17 24
9 12 23
5 6 11
21 21 24
22 0 17
5 8 5
3 6 15
10 12 27
11 15 24
20 21 15
23 0 13
13 16 12
16 19 10
5 5 22
18 18 17
22 23 27
5 8 18
14 16 21
2 4 3
19 20 30
22 23 10
4 5 11
9 12 15
14 16 27
5 7 13
22 0 9
6 8 5
9 12 20
2 5 6
9 11 24
4 5 24
23 0 19
23 0 7
0 2 1
7 8 25
6 8 1
20 21 25
23 3 8
17 19 5
13 14 7
10 11 7
10 12 15
18 19 4
10 9 5
20 22 30
2 5 7
9 12 30
3 5 27
20 23 2
17 20 17
13 14 25
22 0 15
6 8 15
12 15 9
7 8 16
3 6 2
1 2 27
12 14 28
22 2 28
8 8 17
11 13 18
15 16 19
23 0 18
4 7 14
7 9 18
19 21 19
0 1 4
18 21 17
12 14 11
5 8 17
16 20 24
22 1 2
22 2 25
6 8 17
14 14 15
1 3 9
4 5 29
20 23 10
9 10 7
8 10 29
11 11 5
11 13 8
10 12 30
7 9 19
11 14 12
0 3 17
20 21 19
5 7 8
18 19 15
22 0 18
1 2 3
1 5 7
4 6 25
21 23 4
21 22 27
4 7 11
18 19 1
3 5 18
15 19 6
3 5 18
1 2 6
8 8 2
13 16 18
14 17 16
4 6 27
5 6 2
17 20 15
12 13 28
9 7 3
7 8 10
15 17 21
20 22 22
15 16 26
2 5 3
12 15 28
12 12 14
19 21 21
14 15 30
12 14 1
19 20 28
3 3 10
8 10 23
22 0 19
23 2 16
10 11 4
1 4 10
18 20 4
3 4 9
21 21 12
19 19 4
5 8 9
3 6 29
21 0 19
8 10 28
6 9 12
13 14 12
16 18 12
8 10 14
11 14 27
10 13 7
2 5 21
18 19 21
1 3 12
12 14 3
23 0 5
22 1 8
17 18 13
23 1 21
19 21 21
21 21 4
5 6 30
8 10 8
3 5 16
22 0 22
12 16 17
22 1 11
20 22 3
16 20 19
0 2 10
14 17 26
22 0 15
1 4 12
1 1 3
9 9 19
22 0 26
11 12 6
17 20 13
12 15 15
9 11 4
5 7 7
3 4 9
7 9 29
22 1 7
16 18 29
15 17 21
1 3 30
9 13 15
5 7 12
20 21 10
18 21 7
12 14 26
7 10 22
2 3 23
14 16 2
13 14 24
23 0 16
23 2 22
8 9 26
4 7 23
11 14 18
5 7 23
2 3 19
8 11 15
9 12 29
17 19 24
9 11 9
20 19 25
21 0 12
1 3 8
13 13 26
21 23 21
12 13 21
0 3 27
5 6 21
3 5 21
16 18 24
7 9 10
16 18 23
11 13 11
1 3 9
7 9 21
16 18 22
14 16 27
19 21 2
19 21 28
23 0 10
10 12 14
4 5 1
7 9 9
19 21 4
3 5 24
8 11 1
6 7 20
7 8 24
1 1 5
20 22 29
4 7 19
0 -1 3
9 11 30
10 12 29
18 20 10
18 19 29
17 20 11
15 17 7
0 1 18
0 2 15
4 5 4
5 8 11
16 17 7
12 13 5
19 22 18
12 15 10
1 3 27
9 13 22
21 22 26
4 6 27
21 23 10
16 17 22
8 10 28
16 18 28
23 0 25
23 1 21
0 1 29
2 3 5
14 15 6
7 9 10
0 2 28
4 7 17
12 15 22
19 20 15
22 23 8
6 8 1
1 3 19
11 14 11
5 7 16
10 12 6
20 22 13
1 3 11
22 0 26
21 22 20
15 17 27
0 1 30
5 7 13
9 14 5
15 17 30
3 6 24
8 10 7
11 14 17
8 9 12
20 22 20
11 13 17
8 10 9
19 20 5
7 10 27
3 3 4
20 22 8
0 2 22
8 10 3
5 6 7
6 8 12
10 11 9
15 18 15
0 2 11
6 8 26
19 20 5
5 7 16
15 17 15
21 0 29
14 18 16
13 15 30
12 14 28
12 12 23
11 15 9
13 15 3
18 19 10
19 21 4
1 3 30
18 19 13
22 0 4
16 18 2
17 18 21
8 11 27
2 4 27
6 8 21
5 8 2
12 16 10
14 15 27
11 14 9
9 9 6
22 1 22
20 23 22
1 4 8
5 7 7
22 0 17
8 10 4
16 19 26
4 8 23
13 16 24
13 15 9
19 21 14
