1100 30
27 12 29 4 30 8 8 1 7 30 17 21 16 21 21 23 10 9 19 24 25 3 9 3 2 13 19 1 7 10 
19 20 8
8 10 16
10 12 22
17 18 13
23 1 25
18 22 6
1 4 4
6 6 28
12 14 15
11 13 16
1 2 29
18 18 22
6 6 1
0 3 26
23 0 22
16 18 25
4 6 14
13 13 27
18 19 26
22 1 27
9 12 12
6 8 21
16 19 23
1 3 9
20 0 28
11 14 16
10 12 3
14 16 25
5 7 1
22 1 20
3 5 3
9 12 12
8 9 2
11 11 27
13 14 19
20 23 3
18 20 28
17 17 30
3 5 1
1 3 12
11 13 26
14 14 25
13 17 17
21 22 6
4 6 24
3 4 28
22 0 5
3 6 14
15 15 3
13 16 3
4 6 28
8 10 3
17 19 17
11 15 30
0 2 28
17 17 13
19 20 2
18 21 22
6 8 24
18 19 27
5 8 8
7 11 12
16 17 23
9 11 20
15 15 28
17 20 6
0 3 3
20 23 17
10 10 5
18 19 24
12 16 13
17 19 2
13 16 5
20 23 30
16 18 28
17 20 22
23 0 27
14 16 16
21 22 15
12 14 20
15 16 23
21 23 9
4 6 29
15 18 1
9 12 12
5 7 27
15 19 20
7 7 19
0 5 17
0 2 12
19 20 12
16 17 4
22 22 27
19 21 4
14 17 7
16 18 8
12 14 9
11 13 6
15 17 6
17 18 27
21 23 20
19 21 1
19 21 28
21 1 3
14 16 28
7 10 13
17 19 24
19 23 25
9 11 26
22 0 16
11 13 18
3 5 28
13 15 1
22 2 30
12 14 5
22 1 26
7 8 17
17 18 2
0 3 13
20 21 26
12 14 24
3 4 6
3 4 8
8 8 12
13 15 16
22 23 25
19 23 15
2 4 28
21 23 7
9 11 2
22 0 9
0 1 15
3 3 18
16 19 24
22 23 15
15 18 2
15 16 28
16 18 16
12 14 7
3 6 4
21 22 4
9 10 19
4 5 25
23 1 12
22 23 11
8 11 25
19 23 1
16 18 18
2 5 16
16 16 22
9 12 7
7 9 8
18 20 30
22 2 17
2 4 21
23 2 25
23 23 12
11 12 8
22 0 6
23 2 11
17 19 5
15 16 12
14 17 10
2 4 21
18 19 9
9 10 14
11 13 19
8 10 4
7 9 15
2 3 21
0 3 5
3 6 5
9 11 13
19 20 18
3 6 20
6 7 1
23 0 26
7 8 7
5 8 15
13 16 18
6 8 11
18 21 9
3 5 30
15 16 12
2 4 13
7 9 27
19 21 30
12 14 20
2 5 18
0 2 25
0 4 15
6 8 14
21 0 29
3 5 17
3 5 19
10 12 16
13 14 9
18 19 26
17 19 25
14 16 12
7 9 13
9 12 21
14 14 13
7 10 27
12 14 13
4 7 19
16 17 18
19 19 17
5 6 27
15 18 18
16 18 12
11 14 5
9 10 14
21 23 29
4 7 26
14 17 9
6 8 13
20 22 12
17 21 10
18 20 13
19 20 17
5 5 14
0 1 11
9 11 14
2 5 24
18 20 24
2 3 11
8 11 6
4 6 2
23 0 30
5 7 16
21 2 8
4 8 7
23 0 26
16 18 13
8 10 3
16 17 28
23 23 12
13 16 17
21 23 4
3 6 2
10 13 4
5 9 20
2 6 11
7 9 18
12 13 24
22 1 15
6 6 3
0 1 13
15 15 6
22 23 18
23 2 23
12 12 26
20 21 26
17 19 4
20 21 6
16 18 9
22 23 1
4 7 29
13 15 29
14 15 11
7 8 17
15 17 29
15 16 14
5 5 12
8 11 20
12 15 29
22 22 24
12 15 3
2 5 24
5 8 18
22 0 20
0 3 6
7 9 9
8 10 6
23 1 13
19 20 16
4 6 22
0 1 14
1 3 22
4 5 3
22 1 10
11 13 17
15 17 8
23 1 12
1 2 15
14 15 28
11 12 25
2 5 5
13 14 30
13 15 10
15 17 12
16 19 20
12 14 30
5 6 2
21 23 19
6 7 22
3 6 29
10 12 23
6 7 18
13 16 2
5 8 28
0 2 18
8 9 29
2 3 13
13 14 4
1 2 16
14 14 9
14 16 25
6 8 20
15 17 18
1 3 26
4 5 18
8 11 21
19 21 28
6 9 23
8 11 23
5 7 23
15 19 24
4 6 26
9 12 28
1 2 3
16 18 25
14 16 22
0 2 11
10 10 27
2 2 19
12 13 29
12 15 5
4 6 5
2 2 9
1 4 5
13 13 4
7 9 23
9 12 15
1 3 3
16 19 23
11 14 25
8 11 23
17 21 20
12 13 27
17 20 24
10 12 4
3 4 25
12 13 21
5 6 11
16 17 1
1 3 30
7 9 14
0 2 24
13 15 18
16 17 6
13 17 18
3 5 15
5 6 19
21 23 20
19 21 28
1 3 30
6 7 29
20 23 13
7 8 24
3 6 24
20 22 4
21 22 16
16 18 23
6 7 13
7 8 28
14 17 8
19 22 4
4 7 3
14 16 9
19 23 17
13 16 25
17 19 21
17 16 22
1 3 18
15 16 15
4 5 12
7 8 20
17 19 2
7 10 1
16 18 7
6 8 12
7 10 28
4 7 24
13 14 26
4 6 14
17 19 2
23 1 26
14 16 20
13 16 2
19 21 6
6 10 16
15 18 11
15 18 9
15 17 10
2 2 26
21 23 28
22 1 29
2 3 12
18 21 20
15 18 22
3 5 15
11 13 25
22 2 7
6 9 15
10 11 22
20 20 20
12 15 26
14 17 22
4 6 16
12 13 8
19 22 25
4 7 29
4 6 26
15 14 8
3 7 25
3 7 13
17 22 21
8 10 18
10 12 20
0 1 6
1 2 15
2 5 4
0 2 27
8 10 13
4 7 5
14 15 16
2 5 7
20 21 8
19 21 6
11 13 23
9 10 13
8 11 14
6 7 10
23 0 16
13 16 22
21 0 30
12 15 26
1 2 9
16 18 24
7 9 10
9 12 25
20 21 19
11 12 17
8 9 29
8 10 16
22 0 29
3 4 21
16 17 8
1 2 26
9 10 21
14 17 23
5 8 10
3 5 16
0 1 1
21 23 5
21 22 18
14 17 3
3 6 17
20 23 19
12 14 4
5 7 19
21 0 12
1 4 29
18 21 28
11 12 18
23 1 21
18 21 24
7 8 15
0 2 16
2 5 13
6 8 21
19 22 21
2 5 30
14 15 23
23 2 30
5 7 16
23 0 25
23 1 3
4 5 14
21 1 10
18 21 13
21 23 22
14 17 10
2 4 16
21 22 3
5 5 13
21 23 16
15 16 26
10 14 3
5 7 2
6 7 4
7 7 1
16 18 15
1 1 4
17 21 28
4 7 10
17 18 22
1 3 14
11 13 23
9 11 20
2 4 23
23 23 13
18 20 29
5 8 8
12 14 19
21 23 6
20 21 25
5 8 9
7 8 2
15 18 19
14 15 1
21 23 1
20 22 11
4 6 13
3 5 17
10 12 11
18 20 10
3 4 19
3 3 27
4 6 5
18 21 17
0 2 25
13 16 18
1 3 6
20 21 5
5 7 19
18 20 16
20 1 24
21 22 26
1 3 13
15 18 26
4 6 25
13 15 9
12 16 6
17 21 26
17 19 1
1 3 28
17 19 29
11 12 9
0 1 20
6 7 28
12 14 9
14 15 3
6 7 4
23 0 17
23 0 12
11 12 12
9 12 5
10 11 20
18 22 6
1 3 4
11 12 23
13 15 18
20 21 7
7 10 24
2 1 18
12 15 14
7 9 11
4 7 19
19 22 2
13 15 9
8 10 4
0 2 14
22 0 20
20 23 26
22 1 7
6 8 9
17 18 27
17 17 5
8 9 28
4 7 20
13 14 25
17 19 2
17 18 14
4 7 26
10 12 17
8 10 15
17 17 1
10 12 5
7 9 2
0 2 24
7 10 27
23 1 30
14 17 25
4 6 10
9 12 15
17 20 5
5 5 30
20 20 7
23 1 6
18 20 23
4 6 10
20 21 30
0 2 10
19 22 12
18 19 19
11 13 19
15 17 7
10 12 24
8 9 2
22 0 11
6 8 3
3 3 1
19 23 17
7 11 16
2 4 23
8 10 22
3 5 22
11 12 12
21 22 2
1 3 8
11 13 5
10 13 22
16 19 3
17 20 12
8 9 11
19 20 28
7 10 22
9 12 15
6 9 19
3 6 8
21 22 23
9 12 10
19 21 24
14 15 29
14 14 28
7 10 4
11 13 13
15 17 25
21 23 27
3 4 25
22 1 25
15 18 8
16 18 10
16 18 5
5 7 13
15 18 9
0 2 5
14 17 24
3 4 9
6 9 18
21 23 10
19 20 10
12 15 18
17 18 19
20 21 5
17 20 3
21 23 18
15 18 5
14 18 21
11 12 10
22 23 21
22 23 15
21 22 11
23 1 6
10 10 18
2 3 20
9 13 20
10 11 11
5 9 11
17 17 3
8 11 1
1 4 19
13 16 1
6 9 23
6 11 5
8 11 11
21 21 5
10 11 28
22 0 4
18 19 7
16 19 25
6 9 5
18 19 16
19 21 5
1 3 19
18 21 13
21 0 23
7 8 1
4 6 18
2 4 20
18 20 4
16 20 7
3 3 17
15 17 28
15 18 21
11 14 20
21 22 27
2 6 27
11 13 4
4 8 27
3 6 4
16 20 8
16 19 12
20 1 22
14 17 2
9 11 28
17 18 14
19 23 7
7 9 20
6 9 24
0 2 11
11 11 11
4 6 29
19 20 22
8 10 15
11 12 25
17 17 8
12 14 28
11 14 22
4 7 14
5 5 3
12 13 23
23 1 20
7 10 18
14 16 12
2 3 22
10 11 5
13 17 19
17 18 14
17 19 18
12 14 7
18 20 20
1 4 5
2 6 2
10 12 23
14 15 7
15 17 1
9 12 3
14 15 19
5 7 28
1 2 20
6 7 1
21 23 10
19 21 3
9 11 30
9 13 9
6 7 4
13 15 5
11 13 23
10 12 1
21 23 29
22 23 13
12 14 27
6 7 25
4 7 8
0 3 7
8 9 29
2 4 26
13 16 10
23 1 14
8 10 4
11 12 13
1 3 8
10 11 25
12 13 8
3 5 10
15 16 13
16 17 27
19 20 5
10 11 19
20 23 2
3 4 22
8 10 20
15 18 7
21 23 15
5 7 4
20 21 29
19 21 2
1 5 15
23 0 8
22 0 10
18 20 4
1 2 20
10 12 27
18 21 19
7 8 30
11 12 9
13 16 13
19 20 23
22 0 13
14 17 3
22 0 15
20 22 30
22 1 2
13 16 7
19 21 8
10 13 3
11 12 11
10 13 25
5 7 10
12 13 16
20 23 12
4 5 6
14 15 2
18 21 17
10 12 1
7 9 8
5 8 1
14 17 25
16 17 13
7 9 14
17 17 18
0 4 14
20 22 6
0 1 30
6 9 28
0 3 11
13 15 5
23 3 19
13 14 15
20 21 15
0 3 8
6 9 8
5 6 27
8 9 20
14 18 6
16 18 21
15 19 1
16 18 25
0 2 2
1 3 6
20 23 1
15 17 25
2 3 7
19 22 15
8 9 17
21 23 20
10 13 4
14 16 11
17 18 2
4 7 30
16 18 7
14 17 5
9 11 12
13 15 11
18 20 27
20 23 23
9 9 22
3 6 12
8 11 24
0 3 14
21 1 3
6 9 30
13 16 13
11 12 2
16 18 18
19 22 6
6 8 11
3 8 27
1 2 10
16 18 30
2 4 1
16 19 23
3 6 14
18 20 20
22 23 15
9 12 14
5 7 5
0 3 18
20 20 22
12 14 27
5 8 14
23 1 27
12 16 2
2 5 16
2 4 12
6 7 7
14 16 8
5 8 29
1 3 2
21 23 9
16 16 18
2 5 11
5 7 17
7 9 3
10 13 30
14 17 27
3 6 18
18 18 28
11 11 20
21 22 27
18 20 24
8 12 13
18 20 9
22 1 22
7 9 27
21 0 12
7 9 16
16 18 19
14 17 12
18 21 30
5 7 27
19 21 21
16 18 3
12 16 12
20 22 28
22 23 6
13 16 7
4 5 21
23 4 2
15 17 12
6 9 18
5 7 10
5 6 6
0 2 22
5 5 6
3 4 11
1 3 16
17 19 23
5 7 23
10 12 15
3 5 28
23 0 16
1 3 17
22 1 29
19 22 7
9 9 19
17 19 14
6 10 18
13 15 26
16 18 26
10 13 2
13 15 2
21 23 25
19 20 15
1 4 10
14 15 14
15 18 14
3 6 13
14 17 23
13 15 9
16 18 7
0 2 1
2 3 25
9 11 2
2 5 8
8 12 1
14 17 18
22 0 3
6 9 28
2 3 10
2 4 2
23 1 2
5 6 17
23 1 22
15 18 14
21 2 12
2 3 20
3 5 8
16 18 8
22 23 12
22 0 11
19 19 9
13 14 7
4 7 5
22 1 16
21 23 1
19 21 18
20 22 26
13 15 19
5 7 15
12 14 21
6 8 12
11 13 1
4 5 30
6 7 12
11 11 4
14 16 11
23 22 1
18 20 10
7 9 1
22 23 7
9 12 4
19 20 10
11 13 8
12 14 7
6 9 5
7 9 12
13 16 6
12 12 7
5 7 26
4 7 23
8 9 7
19 21 21
12 13 28
18 18 15
10 12 8
5 6 4
12 15 5
21 0 7
3 5 6
10 13 16
21 23 30
12 14 27
20 23 1
2 4 8
14 15 18
11 13 27
22 23 2
1 3 14
6 9 27
12 14 24
16 19 3
4 7 9
5 7 7
14 15 9
3 4 3
23 2 10
20 0 3
16 19 25
14 17 15
3 5 20
4 6 27
10 12 19
0 2 2
15 17 14
22 0 3
22 1 26
19 22 14
22 0 13
16 17 30
12 15 29
19 20 24
15 17 26
2 4 28
6 6 25
4 7 28
17 20 17
12 14 27
0 1 8
20 21 15
22 0 16
3 4 18
10 12 29
20 22 14
3 6 18
13 17 5
5 5 30
4 5 18
6 7 14
7 8 16
6 9 21
0 3 20
6 8 17
13 15 29
15 18 15
15 17 8
9 11 2
17 17 8
11 14 20
5 8 26
3 5 8
5 6 14
23 0 11
10 11 13
2 4 15
16 19 22
20 23 8
11 13 6
1 2 28
13 16 29
8 10 26
19 21 25
0 2 19
23 2 15
8 10 16
15 16 3
18 21 12
20 1 7
9 12 5
9 11 26
18 20 25
16 18 29
17 20 23
12 12 28
1 3 24
5 7 1
14 15 17
15 17 2
17 18 5
2 3 17
12 15 19
23 23 6
17 19 27
15 18 28
5 8 8
16 18 29
3 4 16
20 23 14
16 17 1
15 16 26
22 2 23
15 16 4
16 17 3
6 7 29
21 22 23
10 12 18
