1110 30
14 30 30 26 30 30 30 10 10 22 4 9 16 11 15 16 23 14 7 11 25 13 27 21 7 24 17 14 9 11 
9 13 3
10 13 25
19 21 19
3 5 18
16 18 9
1 1 16
11 12 13
13 16 17
20 21 10
20 20 8
13 15 14
11 14 7
0 4 25
6 7 21
5 6 17
12 16 14
6 8 21
4 5 14
20 21 16
5 7 15
7 9 17
7 9 7
15 17 30
19 20 19
7 9 4
19 23 4
23 1 9
21 22 12
20 22 10
3 5 9
5 7 14
1 5 5
3 5 7
4 6 3
22 1 27
12 15 26
17 19 18
12 13 16
8 9 26
8 11 25
12 12 17
15 16 18
13 14 2
2 3 28
13 13 9
5 8 17
23 2 3
14 16 24
23 2 7
22 0 23
2 3 16
17 18 15
9 11 9
4 7 17
7 8 26
23 3 10
14 16 22
1 5 16
19 21 13
18 20 13
19 19 17
23 1 13
9 9 27
13 14 22
17 19 22
19 20 27
2 4 6
23 2 4
16 17 15
18 21 22
7 8 13
20 21 13
23 23 12
1 3 25
2 4 16
6 9 10
16 18 22
12 13 19
12 15 1
3 6 7
13 16 1
15 18 1
17 18 27
7 9 25
8 10 14
20 21 23
18 19 7
14 15 2
12 13 25
13 15 14
3 7 22
21 0 15
17 18 20
5 7 17
12 14 21
5 7 30
17 20 22
20 22 7
22 3 17
8 10 17
16 17 20
4 6 2
16 17 6
15 17 1
9 11 1
13 15 8
1 4 24
18 20 11
14 17 16
3 5 1
16 17 15
6 7 16
3 6 11
20 20 4
19 21 16
19 21 22
19 20 22
17 19 8
1 3 30
13 14 16
3 5 15
18 20 21
10 13 22
17 18 26
14 15 15
0 3 10
9 11 23
20 0 5
9 10 21
10 12 17
4 6 1
1 4 27
9 13 8
1 5 10
23 23 10
10 14 30
17 19 1
0 3 3
14 15 7
2 6 5
10 12 11
8 12 7
22 1 5
20 22 8
0 3 26
8 9 22
10 12 13
13 16 1
22 1 25
17 20 20
20 21 28
15 19 21
18 18 6
22 0 17
8 9 3
14 16 6
10 11 23
15 17 23
15 17 6
8 10 8
10 12 10
20 23 5
20 22 18
1 4 21
5 5 3
17 20 26
22 22 22
12 13 24
8 12 28
1 2 29
21 23 2
10 14 1
2 5 1
7 8 14
22 0 15
14 16 28
3 4 2
10 14 7
15 18 23
8 11 26
11 13 2
23 2 2
7 7 21
11 13 28
15 16 10
16 18 1
7 10 1
23 1 29
1 2 6
14 16 9
23 2 30
20 21 4
15 18 3
3 5 9
4 5 26
19 21 20
8 12 4
21 21 26
19 21 21
5 7 6
0 1 18
17 18 30
18 20 26
6 7 6
16 21 19
2 4 23
9 11 5
7 8 12
0 2 13
7 9 15
4 6 15
5 7 15
16 19 12
18 20 26
19 22 15
11 12 29
9 10 12
16 17 19
1 3 11
21 0 6
21 1 5
20 22 25
20 22 16
17 19 19
14 17 17
22 0 25
18 19 25
23 1 1
10 15 16
16 17 28
2 2 4
11 12 2
14 17 16
1 6 14
6 9 26
22 23 26
17 20 7
12 14 7
13 16 10
8 10 9
10 13 26
5 6 29
6 8 24
18 20 29
12 16 5
21 22 18
23 2 20
20 21 4
10 12 4
1 4 20
15 17 6
6 7 1
20 21 16
15 18 18
3 6 27
14 17 3
21 23 11
18 20 11
13 14 3
14 16 23
4 5 8
12 14 16
14 16 12
9 12 17
5 8 12
17 18 27
11 11 14
8 9 1
14 17 9
3 5 30
17 18 27
9 11 7
23 1 29
14 16 2
13 15 25
23 0 18
11 13 25
16 18 23
20 21 15
22 1 4
3 5 6
22 1 20
5 8 21
5 7 24
0 3 1
1 4 19
18 19 28
8 12 18
8 12 29
9 11 15
13 15 21
15 16 12
22 0 19
2 5 30
18 22 22
23 2 26
10 11 14
17 19 18
8 10 14
15 17 6
20 22 8
21 0 18
8 10 10
15 16 28
23 1 8
1 2 10
20 21 7
20 22 13
9 11 12
4 7 19
16 19 5
7 10 26
9 11 3
23 3 21
7 9 18
2 5 5
1 4 25
6 8 20
11 14 17
10 11 26
6 9 5
23 1 10
7 10 24
20 22 12
0 2 25
17 18 21
23 2 18
6 8 3
15 17 18
11 13 4
1 3 28
9 11 20
18 18 16
13 14 23
8 10 4
20 22 29
18 21 10
16 18 18
15 19 10
14 17 24
9 11 26
23 1 26
5 8 5
8 9 14
2 5 1
9 11 10
17 19 1
3 5 12
4 6 7
3 6 20
22 0 28
19 21 15
12 16 7
19 20 5
13 16 15
23 0 2
22 23 6
6 10 29
7 10 21
16 19 23
22 1 13
23 3 16
15 16 14
20 0 15
11 14 20
21 1 20
18 20 30
6 8 9
16 17 28
9 10 18
19 20 18
5 6 24
21 23 14
19 20 13
8 9 4
10 13 17
5 7 10
4 3 8
8 10 22
11 12 6
9 13 15
23 2 17
11 12 23
22 0 15
22 23 17
21 23 4
16 19 23
18 18 21
23 1 9
7 9 7
3 6 16
2 4 5
15 17 6
17 20 26
7 11 15
11 13 18
23 2 18
17 20 13
21 21 17
23 1 11
1 2 3
15 18 19
19 21 4
7 10 13
20 23 30
12 14 21
16 21 25
8 11 28
7 8 17
17 18 21
6 8 9
5 6 30
7 8 4
12 13 21
18 20 13
5 8 22
5 7 5
6 8 6
3 6 17
0 2 10
15 16 9
10 12 3
20 22 26
2 3 1
21 23 17
1 3 19
15 17 15
21 22 2
0 1 24
15 18 18
2 5 6
21 0 13
20 22 27
23 1 17
1 3 22
14 17 20
5 8 26
16 15 24
15 18 6
13 16 17
1 5 3
23 2 21
15 18 29
23 23 6
5 6 2
6 8 17
5 7 3
10 12 5
17 19 3
11 13 15
20 22 3
7 10 28
15 16 14
19 21 15
4 8 14
14 17 3
4 4 28
19 21 28
21 22 11
10 12 17
0 0 9
9 9 5
4 7 1
5 7 17
21 23 15
6 8 26
16 18 20
14 17 20
8 10 8
16 18 11
20 21 10
1 3 25
19 22 4
9 11 17
15 17 10
19 20 25
3 7 12
23 2 22
6 8 3
8 12 9
23 0 25
0 2 24
10 12 13
15 16 5
14 17 1
16 17 30
7 8 10
21 0 1
18 20 18
21 22 26
0 3 7
16 18 30
11 14 26
5 6 6
14 15 14
11 13 26
13 16 19
9 10 17
23 23 13
22 0 8
7 8 4
13 14 1
2 4 21
3 4 8
3 7 19
2 3 16
1 3 14
1 3 2
6 8 15
0 3 20
2 5 5
8 10 20
23 1 30
14 17 23
3 4 27
2 4 6
14 18 1
14 17 22
18 20 29
4 6 7
21 0 3
20 21 7
11 14 28
2 4 12
16 18 18
17 18 9
22 0 13
3 4 27
0 1 8
9 11 23
6 6 2
17 19 25
7 9 22
20 22 2
22 1 8
17 19 25
15 17 25
8 11 22
4 6 6
5 6 23
16 18 14
9 13 22
3 4 19
20 22 24
6 8 10
3 5 16
9 13 24
20 23 27
18 21 8
10 11 28
6 7 27
20 22 29
22 1 9
0 2 30
3 5 25
3 5 23
2 4 15
11 13 1
12 11 15
18 19 8
16 18 6
13 15 25
15 15 21
17 19 22
2 3 11
14 16 20
5 6 4
0 2 4
14 17 11
3 4 1
10 13 4
21 1 24
5 7 22
1 3 16
15 17 23
15 17 9
14 15 18
7 9 9
14 16 19
10 12 20
7 9 18
17 20 5
23 0 26
5 6 26
11 14 1
11 14 9
23 1 26
19 23 16
19 22 21
19 20 3
11 13 4
12 13 20
1 3 5
23 0 25
8 10 28
2 4 12
17 18 23
16 17 3
5 7 23
12 14 22
5 6 13
7 9 10
4 6 1
2 3 10
3 4 9
3 5 25
20 23 25
23 0 14
23 1 7
6 8 30
16 19 28
8 11 6
21 23 30
7 9 20
19 20 28
22 23 12
16 18 4
18 22 17
10 11 24
22 22 11
14 15 21
10 13 14
9 10 6
19 21 24
21 0 25
8 9 27
17 20 29
2 5 1
6 9 4
12 14 6
23 0 27
10 12 16
17 18 25
21 23 3
3 4 20
13 16 27
8 10 5
13 15 18
12 14 8
13 15 1
14 13 2
19 21 21
20 23 28
0 2 1
5 8 30
6 8 17
5 8 15
9 12 20
0 2 28
13 15 30
16 20 24
21 21 1
5 8 18
21 23 7
21 23 9
2 3 9
22 0 20
8 11 29
16 18 25
13 15 3
1 4 4
20 21 17
9 12 25
15 16 13
16 19 29
9 10 14
22 3 21
19 22 10
22 0 23
3 5 2
5 8 16
1 3 30
12 13 2
18 21 27
17 19 7
5 8 24
13 15 25
7 10 10
1 4 5
11 14 23
20 20 11
14 17 10
21 1 11
22 0 8
0 2 6
22 23 20
21 1 23
22 0 6
11 14 27
17 17 2
20 21 2
14 14 16
4 6 24
16 21 30
2 5 23
13 15 3
23 1 28
0 4 28
17 19 13
4 6 9
22 0 23
22 0 21
3 4 30
10 12 1
15 16 30
21 22 20
13 14 17
13 16 6
2 5 5
23 1 3
11 13 6
1 2 4
6 8 4
19 21 18
1 4 25
23 2 8
14 14 22
15 17 15
2 4 11
1 3 13
19 21 23
11 13 8
1 3 4
18 21 5
15 17 20
11 15 3
11 14 2
14 16 30
1 4 22
22 2 10
20 21 3
19 22 1
23 1 5
2 4 19
19 20 23
2 2 10
18 19 11
0 1 1
13 15 19
9 11 2
8 10 19
12 13 18
0 1 27
16 17 22
18 19 5
17 18 12
22 1 27
17 17 26
22 0 8
8 9 2
19 23 17
8 9 15
7 10 18
20 23 7
2 6 7
20 22 3
1 2 4
10 11 25
12 15 22
19 20 29
17 19 24
9 12 8
15 17 2
11 12 13
4 7 26
2 5 8
12 14 5
18 20 11
11 14 19
8 10 19
12 15 19
0 3 10
19 21 13
1 3 22
1 3 3
3 4 6
8 11 12
15 16 28
8 11 26
18 21 25
22 23 11
15 19 21
16 16 4
7 8 6
8 9 20
15 19 12
12 15 8
13 17 21
19 22 16
15 18 16
5 7 16
6 9 5
14 18 27
11 12 11
4 5 1
5 8 8
19 21 6
5 7 14
22 2 7
14 15 23
19 22 2
18 19 10
10 12 6
22 1 6
23 0 3
1 2 10
8 9 20
16 17 5
9 11 8
9 11 1
9 11 7
0 3 25
20 21 30
18 20 2
7 9 14
16 18 2
10 12 12
14 17 20
22 1 16
16 19 14
15 17 3
16 17 15
13 14 19
20 22 26
17 19 4
13 15 21
0 1 7
6 8 14
9 9 23
16 18 12
22 22 10
7 9 8
9 10 2
3 6 21
22 23 9
11 12 12
3 4 20
4 6 19
6 7 30
13 14 5
0 3 11
19 21 29
21 22 17
19 22 29
2 6 12
16 16 17
23 2 25
0 2 10
6 10 5
9 11 17
5 6 9
16 18 25
10 12 1
5 8 26
19 20 4
14 16 5
5 6 2
4 6 23
23 2 27
4 7 9
3 7 13
14 16 9
18 19 3
5 7 29
5 7 10
15 17 8
2 6 18
11 12 12
11 13 2
2 3 1
12 14 19
22 0 23
13 14 15
4 6 11
19 21 1
12 14 12
18 20 18
14 18 9
15 18 22
9 10 8
19 21 19
17 17 25
13 15 15
23 0 1
20 22 5
12 14 21
18 23 3
2 4 21
17 19 22
6 9 11
10 11 12
10 11 22
15 17 7
17 19 1
10 13 28
12 14 21
5 6 30
1 2 27
13 15 28
10 13 1
19 21 17
13 16 2
18 20 30
15 17 14
15 16 11
18 20 1
2 4 9
10 11 26
0 0 24
8 8 4
10 11 18
16 19 12
1 2 15
2 4 10
19 19 19
21 22 17
1 2 2
13 15 7
15 18 16
11 13 5
14 13 17
23 1 5
21 21 8
9 11 29
20 20 4
20 20 4
17 17 13
5 6 11
10 13 5
16 17 27
12 16 1
15 17 23
20 23 6
22 0 13
19 19 29
13 15 12
15 16 8
16 18 8
5 7 1
3 5 4
11 12 25
14 16 29
2 3 23
19 21 10
12 14 27
23 2 17
19 22 18
14 16 16
11 12 2
16 17 9
15 17 26
11 14 17
21 22 3
15 17 23
17 20 25
12 13 11
2 3 19
9 10 21
15 16 14
18 20 5
5 8 1
6 9 14
21 23 17
4 7 13
23 2 5
21 23 13
8 11 24
20 1 10
15 17 8
14 14 19
0 2 17
4 5 15
6 8 29
3 7 25
19 20 21
16 18 8
19 23 3
0 2 4
12 15 9
2 4 3
15 18 24
18 20 3
1 4 1
17 18 1
16 19 9
11 14 18
10 11 9
12 13 1
14 17 25
22 0 5
18 19 19
10 12 14
6 8 7
14 16 5
9 11 29
1 2 20
9 10 6
18 20 27
0 3 7
0 1 22
12 16 2
21 1 5
22 0 28
12 13 29
22 23 29
20 21 23
6 7 11
6 8 10
23 2 8
7 10 26
1 5 25
0 1 19
19 20 7
5 8 1
6 7 16
3 7 1
2 3 25
7 8 16
10 10 26
6 7 23
9 12 19
1 3 8
19 21 14
10 12 25
2 5 2
21 23 19
6 8 6
22 2 9
12 16 25
2 2 5
19 20 22
11 15 11
18 20 23
6 9 10
2 4 13
2 2 16
15 16 25
17 18 24
22 23 19
2 4 22
19 21 18
12 13 17
8 10 3
22 0 30
14 16 23
20 23 4
15 16 21
4 7 28
19 21 6
22 23 2
8 8 3
22 0 20
17 18 8
15 16 29
16 18 30
10 9 5
17 20 4
8 11 7
1 0 20
12 15 11
11 13 17
11 12 9
7 9 17
0 2 22
6 7 14
16 18 14
11 12 20
4 7 23
15 16 26
10 13 17
1 5 7
10 13 21
7 10 14
10 10 7
4 5 18
14 16 26
1 3 9
5 9 2
11 13 20
2 1 1
15 18 4
7 10 14
0 2 12
21 23 3
22 23 26
17 20 22
13 16 19
6 8 15
2 4 18
3 5 3
20 22 18
15 17 3
11 14 15
1 3 14
5 6 29
16 16 26
14 18 10
1 3 8
13 15 20
10 13 20
10 13 26
13 14 27
23 1 30
11 13 3
10 13 2
12 13 11
1 2 8
7 10 24
3 5 18
16 17 6
