1200 30
19 25 16 1 10 26 14 28 14 19 2 22 8 29 13 8 26 14 8 11 4 19 11 27 7 29 22 12 28 21 
11 15 25
14 17 8
14 17 20
8 10 1
9 10 10
23 0 2
5 6 20
21 0 4
17 17 11
4 4 12
23 2 26
20 22 4
15 17 29
8 9 21
4 5 21
14 16 26
11 14 13
1 3 21
13 16 13
2 3 18
22 22 16
16 17 16
10 12 18
3 7 29
11 13 7
1 4 27
20 23 1
6 6 8
18 21 17
23 1 1
1 2 21
2 4 14
16 19 18
10 12 18
7 11 20
10 11 17
3 4 24
23 2 6
3 5 10
0 3 6
15 19 20
8 9 1
3 6 9
14 17 23
0 4 22
3 5 22
1 3 23
18 22 5
11 12 7
2 4 9
9 12 9
14 15 18
14 15 8
15 17 22
0 4 22
13 14 14
19 0 17
22 1 4
8 9 11
7 9 13
4 5 15
4 6 27
9 11 2
0 3 30
20 23 20
0 2 8
4 5 18
7 7 30
19 22 23
6 8 25
11 11 2
20 20 3
16 18 23
8 10 11
0 3 3
3 6 14
17 19 21
7 8 12
7 9 8
15 16 16
9 12 29
13 15 8
11 13 21
12 14 20
7 8 14
9 9 29
0 2 26
15 18 18
21 0 29
18 20 21
4 5 20
0 2 12
23 2 12
0 0 25
3 6 5
11 13 6
22 2 21
14 18 2
18 19 17
23 0 7
0 2 10
2 7 14
7 9 19
13 16 23
0 2 21
22 2 5
22 0 8
20 23 15
9 11 10
23 1 24
23 0 30
10 13 10
5 8 3
13 14 5
17 19 26
23 1 19
8 9 7
1 3 30
15 16 25
14 15 8
2 4 18
21 0 20
1 2 23
10 14 29
6 6 27
6 6 9
11 13 4
14 15 2
0 1 10
3 6 27
12 13 29
14 16 21
10 13 6
13 15 27
20 23 7
21 0 25
11 13 11
23 1 2
19 19 27
2 4 15
2 6 21
16 20 24
18 20 14
1 2 2
3 4 27
7 9 3
12 13 14
4 5 29
19 21 13
8 10 13
22 23 12
5 7 22
5 8 30
4 6 10
13 16 10
19 21 11
12 14 10
17 18 17
12 13 19
19 20 9
15 17 25
3 6 7
1 3 12
17 19 3
11 13 5
5 8 15
16 19 19
9 12 7
5 6 25
4 6 30
20 21 10
7 10 14
10 12 8
10 12 21
6 8 11
6 8 27
10 11 23
4 6 20
19 21 5
1 3 12
1 3 13
2 3 14
9 8 24
19 20 27
4 6 22
16 17 30
2 4 22
18 20 12
6 10 11
2 4 2
3 3 6
8 10 18
15 17 16
22 1 26
9 11 2
3 6 24
5 8 20
20 20 23
13 16 19
6 7 5
12 12 29
21 23 16
23 0 28
17 20 29
0 2 9
12 13 7
5 8 13
18 21 17
0 2 28
16 19 12
6 9 30
16 18 26
19 23 21
6 8 29
2 4 13
3 5 9
8 10 21
12 14 24
18 19 3
8 9 30
22 1 12
7 10 1
20 22 11
5 7 30
14 17 11
23 1 17
13 14 21
19 20 26
4 3 23
14 15 9
15 18 24
18 20 26
17 20 10
18 20 15
14 16 6
3 6 19
7 10 19
10 14 24
17 20 22
6 7 6
2 5 2
19 21 11
16 20 15
17 21 7
12 14 14
12 14 12
7 7 10
1 4 24
15 17 4
14 16 19
13 18 30
4 6 20
0 0 29
6 8 18
4 7 9
13 13 12
16 17 19
21 23 25
1 5 29
16 17 17
12 13 1
4 6 20
10 11 30
13 14 22
9 11 30
15 16 18
9 11 7
2 5 1
19 20 11
11 12 13
5 7 15
16 18 6
22 23 9
15 17 24
18 20 29
15 16 5
21 20 23
16 19 21
7 10 3
6 9 5
1 4 23
8 12 15
2 5 17
10 13 17
13 16 8
15 19 4
17 17 22
16 18 5
22 23 7
17 17 15
18 19 28
13 16 1
11 13 19
6 7 11
7 8 18
4 7 27
19 22 8
23 3 25
17 20 5
17 18 28
0 2 27
15 17 8
22 0 29
12 13 3
19 21 13
7 8 2
16 18 7
16 18 9
21 23 29
5 7 18
22 1 24
3 6 23
0 1 1
20 21 21
15 17 13
12 14 8
10 12 8
4 6 24
7 8 11
14 15 1
11 12 26
6 8 18
7 9 25
21 22 5
14 17 4
8 11 29
1 2 13
2 4 16
1 3 26
21 0 10
2 3 27
10 12 11
12 13 13
3 7 16
1 4 9
11 13 13
7 9 5
6 9 23
16 18 12
10 12 19
11 12 12
7 11 7
2 5 19
6 9 7
1 3 25
4 7 9
14 17 20
10 12 13
1 3 22
8 9 16
22 23 5
16 18 21
9 10 16
20 22 11
4 6 12
2 3 29
5 7 11
15 18 18
21 22 15
2 4 2
21 0 5
11 12 23
12 15 16
10 11 13
16 18 1
16 19 14
22 2 29
20 23 24
8 11 6
8 10 22
8 10 29
20 22 26
22 0 9
19 20 10
0 2 27
9 11 2
20 22 21
15 17 29
1 2 5
10 13 3
9 10 28
2 5 13
18 23 15
2 5 9
7 9 2
14 16 6
5 7 3
10 13 3
4 5 14
3 5 23
10 13 10
19 21 14
23 23 12
0 3 23
21 0 23
18 22 8
21 0 2
9 9 8
12 13 12
5 6 17
2 5 22
19 21 27
9 13 6
20 23 10
14 17 25
17 19 29
12 13 8
1 4 3
11 14 4
14 14 1
1 3 6
1 6 8
0 0 27
13 16 2
6 7 24
4 4 14
3 6 14
6 7 3
22 1 3
15 17 29
19 21 21
3 5 1
11 13 22
13 16 26
8 9 22
15 17 30
17 17 20
8 8 18
10 11 9
5 9 17
9 12 26
14 17 25
3 5 13
22 21 29
10 12 1
20 0 21
4 7 3
17 19 23
19 21 13
20 20 23
17 18 22
1 3 13
15 16 10
3 4 7
9 13 27
18 21 10
11 13 21
5 7 9
0 0 17
19 21 14
19 21 6
11 14 23
8 11 9
4 6 7
13 15 2
4 5 2
21 22 13
4 7 14
14 17 16
0 1 2
20 21 13
21 1 18
17 18 24
16 18 23
6 8 26
10 14 17
16 18 17
13 14 19
4 5 9
14 16 20
21 23 27
0 1 7
21 21 4
6 9 15
14 13 22
14 15 6
6 9 19
7 7 16
6 9 21
23 1 5
22 0 29
20 21 15
1 3 19
19 20 27
21 22 12
12 14 15
21 0 22
19 21 17
2 4 13
0 1 17
8 10 1
10 12 19
17 18 27
10 12 14
4 5 9
23 2 21
14 17 2
16 18 8
7 8 20
13 13 25
17 18 26
20 22 15
19 20 21
12 13 16
10 13 8
17 19 24
2 4 15
5 8 25
0 2 12
6 7 8
16 19 16
20 0 7
22 1 10
2 7 16
1 2 16
1 3 23
2 4 13
6 7 1
6 7 17
17 18 27
8 10 17
14 18 27
21 23 30
20 23 6
19 21 26
2 6 1
15 17 11
10 12 9
10 11 12
10 12 7
5 5 2
1 2 22
1 2 13
12 14 23
12 13 8
16 19 2
5 7 13
9 11 7
4 6 25
15 18 29
16 18 30
22 2 27
5 7 3
14 16 29
5 7 18
20 22 14
6 7 30
2 4 13
19 19 18
15 19 28
18 21 7
9 12 7
16 18 16
23 1 18
11 12 21
9 12 1
18 20 18
22 1 22
15 17 30
10 14 23
14 16 25
21 23 26
15 17 30
7 8 12
9 12 5
20 21 9
22 1 17
17 19 12
1 3 20
6 5 28
6 9 6
11 14 24
17 19 8
8 10 24
9 11 23
10 11 18
6 8 16
16 19 4
12 13 7
3 4 21
19 21 12
6 7 27
21 0 22
15 17 18
11 13 27
4 6 26
23 3 24
11 13 1
2 5 18
9 11 2
13 14 21
5 8 25
2 5 10
9 14 23
11 13 14
14 18 24
15 19 25
10 13 5
0 2 26
17 20 18
6 8 5
15 16 6
17 19 1
13 15 27
4 6 19
7 8 11
1 3 12
20 21 19
20 0 7
2 5 24
2 5 7
8 10 1
22 1 16
22 0 4
10 11 18
23 23 17
23 1 3
13 14 8
19 21 28
1 5 6
22 1 9
3 4 11
14 17 13
18 20 15
1 2 29
7 9 14
9 10 24
5 9 6
16 18 22
1 3 15
16 20 18
1 3 5
3 6 13
8 12 27
9 11 22
13 15 4
18 20 2
11 12 22
11 14 26
13 16 16
5 6 28
18 20 21
3 5 13
3 5 27
9 11 1
15 18 21
16 16 11
7 9 8
13 14 3
3 5 2
20 22 19
2 3 28
2 3 23
9 10 10
15 17 22
4 8 22
15 16 17
20 22 3
4 5 11
5 6 29
2 3 8
17 18 24
20 22 6
9 11 20
3 7 19
9 10 2
10 12 16
6 8 19
23 1 4
8 10 18
5 6 26
7 7 27
21 0 13
15 16 16
9 11 30
11 12 11
7 11 30
3 6 9
19 22 28
21 22 3
18 20 19
12 14 14
0 4 15
4 5 29
5 7 8
7 11 21
11 12 7
20 22 29
15 17 8
15 17 7
3 6 22
7 9 16
12 14 24
15 16 19
20 22 20
23 2 23
20 23 8
22 1 21
6 7 21
13 14 22
20 21 14
13 16 27
22 0 17
4 7 25
7 10 7
17 20 12
14 17 3
5 6 16
8 9 1
10 12 20
20 21 8
17 20 28
23 1 29
22 1 11
20 23 8
15 17 23
8 11 21
2 4 28
3 5 7
23 0 4
11 12 21
23 0 16
16 17 7
13 15 22
11 13 6
5 8 20
21 22 7
14 17 13
18 20 17
13 15 3
17 19 29
23 1 11
13 15 24
20 22 5
14 16 15
21 23 21
7 8 12
5 6 15
20 21 12
21 0 27
1 3 1
11 13 1
12 14 18
20 21 30
1 4 24
6 11 10
14 17 23
7 8 30
23 2 8
9 13 29
8 10 7
9 10 16
9 11 6
10 12 6
14 15 21
13 15 12
15 17 5
18 20 22
15 17 12
13 14 3
1 2 5
15 17 21
2 2 20
16 19 19
4 5 21
1 4 1
8 10 12
20 21 21
0 2 13
18 20 26
21 23 7
15 17 22
10 11 1
10 13 12
7 10 27
7 10 13
9 12 26
22 23 21
11 12 14
23 1 25
0 3 11
19 22 30
6 8 9
9 10 17
3 5 2
17 19 4
13 14 26
12 13 29
2 5 2
9 12 8
6 9 25
5 8 10
20 22 17
17 19 5
7 10 24
14 16 23
7 10 24
9 12 25
14 15 21
10 13 16
1 5 2
14 16 21
22 0 28
0 3 24
19 21 30
23 0 18
22 1 23
18 20 17
15 17 19
7 8 2
1 4 7
10 11 21
2 5 3
15 17 29
15 19 26
12 14 25
15 15 7
10 12 1
8 11 13
17 19 6
7 9 18
6 8 30
23 1 16
20 22 28
23 23 18
11 12 24
3 4 19
18 19 23
0 1 8
11 13 5
2 3 16
6 7 24
3 5 7
10 12 5
22 2 8
8 10 27
2 2 24
20 19 20
16 17 23
16 17 9
17 20 29
11 13 4
14 17 27
18 21 6
9 9 19
15 18 20
9 11 30
20 19 8
5 9 18
20 22 24
15 17 20
4 6 29
7 8 25
10 11 7
20 22 10
20 22 12
14 19 14
16 18 6
1 5 14
1 2 22
3 4 9
18 18 17
2 3 10
13 16 30
19 22 8
13 16 11
22 23 8
4 7 3
14 17 19
13 15 27
9 11 13
8 11 13
7 10 10
16 19 6
19 21 6
3 5 24
21 0 14
17 20 22
21 23 16
5 6 11
10 9 11
17 19 27
8 10 17
22 1 8
7 9 26
11 14 20
23 3 14
11 12 19
10 13 19
7 9 21
5 8 18
3 5 15
4 8 8
9 11 27
20 23 4
14 16 19
16 19 17
1 3 2
7 9 2
14 16 1
8 9 7
8 12 20
15 17 18
13 15 22
22 23 8
6 10 2
21 23 26
3 4 27
10 13 6
4 7 3
8 11 28
3 4 28
12 15 16
14 17 2
21 0 8
7 8 8
18 20 1
23 23 24
16 18 8
23 1 13
9 14 21
10 13 5
10 12 6
21 0 9
23 1 30
16 20 12
1 1 1
10 12 17
14 16 1
15 17 18
6 8 4
9 12 10
5 5 14
6 8 19
18 20 26
21 0 17
0 3 13
13 15 13
20 23 28
8 10 16
5 7 12
21 0 9
10 12 5
15 20 18
10 11 21
16 18 19
8 10 29
22 0 13
0 2 1
22 1 27
23 1 19
6 7 1
13 16 23
6 9 5
12 16 14
5 7 21
18 20 23
20 23 6
9 10 19
1 3 11
6 8 4
18 21 22
1 3 24
13 15 16
10 12 14
16 18 18
3 3 29
5 8 13
2 4 9
2 4 6
23 2 4
22 0 15
10 12 4
18 20 20
10 11 17
18 20 9
23 1 4
5 8 2
8 10 23
16 19 9
13 15 6
23 0 14
18 20 17
0 2 19
12 14 5
23 1 7
17 19 17
20 22 5
18 20 16
2 3 5
9 11 30
13 15 23
12 13 15
13 14 1
6 8 19
13 15 15
3 4 16
14 14 24
22 1 16
23 2 8
12 14 28
5 8 22
12 14 21
1 2 18
20 22 4
1 3 23
16 18 19
18 21 19
2 3 29
18 20 9
18 20 4
11 14 25
5 5 23
23 1 9
6 9 7
12 16 27
17 20 24
12 14 12
6 8 5
4 6 15
3 6 6
1 3 20
7 10 10
0 2 11
7 10 24
10 11 17
4 7 12
14 15 28
0 3 9
7 9 2
11 13 14
22 2 12
23 0 22
10 12 11
4 6 21
13 14 10
17 17 20
21 23 18
22 1 8
16 17 10
7 9 4
12 12 19
11 13 11
9 10 17
21 23 16
8 10 5
2 2 12
1 2 27
12 14 13
14 16 27
0 1 2
6 9 1
1 4 12
7 10 1
19 19 14
9 11 3
5 6 3
21 0 7
10 14 10
18 19 19
0 3 21
7 11 12
2 6 26
7 9 26
22 23 4
17 20 11
16 18 15
7 9 30
7 11 2
4 8 21
6 7 27
16 18 26
10 11 3
22 1 19
10 12 28
17 19 30
16 18 19
19 21 23
0 2 21
15 16 29
7 10 11
2 3 17
10 13 5
15 18 15
12 13 10
17 19 20
12 13 14
17 20 13
16 17 17
13 14 7
9 9 8
2 3 27
16 17 20
0 -1 13
0 2 20
15 16 22
3 5 19
8 8 28
8 12 18
5 8 4
4 6 17
9 13 4
18 20 16
1 3 29
14 15 22
14 15 6
21 1 14
2 5 19
19 19 7
18 19 16
10 10 21
5 8 8
23 1 8
23 3 27
16 20 14
6 7 26
7 6 30
0 2 15
10 10 23
4 6 23
13 15 4
14 16 2
7 7 24
17 20 6
17 20 23
19 23 7
22 0 9
21 23 9
16 17 9
10 12 16
18 20 23
10 12 13
14 16 18
23 22 11
5 7 3
3 4 3
20 23 18
19 22 15
19 22 30
8 12 9
21 21 20
22 0 24
13 15 6
3 6 27
8 10 6
9 8 5
16 19 7
4 7 5
16 19 14
5 8 30
21 23 22
5 5 3
19 0 12
10 12 10
0 2 10
22 0 30
7 8 18
16 17 24
8 10 13
6 8 30
13 13 16
4 6 12
22 0 23
9 10 30
8 10 30
19 21 25
19 21 18
6 9 13
10 11 10
0 2 23
1 3 5
16 15 22
9 11 1
0 1 1
23 0 22
19 21 16
0 3 13
3 4 7
6 9 8
20 21 15
15 17 19
23 0 25
19 20 9
11 11 20
11 11 3
4 6 27
0 -1 25
15 18 30
21 22 24
20 0 27
21 23 2
8 10 18
21 22 3
19 22 10
8 10 14
11 13 12
1 4 19
15 17 29
14 16 12
15 16 7
