1270 30
28 17 5 19 25 4 19 27 8 17 10 1 16 26 25 9 1 8 8 22 29 4 8 22 19 21 15 24 3 10 
17 17 3
10 12 18
13 15 2
9 10 3
6 8 17
17 19 14
5 7 18
13 15 20
22 23 14
7 9 18
0 3 22
4 6 25
4 6 17
7 10 23
9 12 12
18 20 8
1 2 8
3 5 1
4 7 29
15 18 18
6 7 21
10 12 4
8 11 11
0 2 25
6 7 13
2 3 3
22 0 8
23 0 8
18 19 8
12 16 20
18 19 4
6 7 11
17 20 3
2 4 29
13 15 7
6 9 27
7 10 4
5 7 3
2 2 21
20 22 4
1 4 28
16 18 7
6 7 6
3 4 6
21 23 6
20 22 22
7 9 24
16 16 30
17 17 29
16 20 13
6 9 19
9 11 19
5 8 9
22 0 12
10 15 22
1 3 10
5 9 10
0 2 17
16 16 9
3 6 9
18 21 3
23 2 28
10 14 22
17 18 2
0 1 10
17 19 10
2 2 2
15 17 26
3 6 27
21 23 7
11 14 1
16 18 8
15 17 5
22 1 12
22 0 12
8 13 17
0 3 9
5 8 14
18 18 23
21 22 1
12 15 19
5 8 29
5 7 13
5 6 17
11 14 14
18 19 21
15 16 22
20 23 12
10 11 15
7 8 12
2 5 26
6 9 21
12 14 22
18 20 20
6 7 26
10 12 26
8 11 9
7 9 20
11 13 14
8 10 5
9 9 5
19 21 15
20 21 2
15 17 30
2 4 12
7 10 28
12 15 12
21 23 12
14 17 2
6 8 27
3 5 24
11 13 7
8 10 27
23 2 16
16 20 8
19 20 30
19 22 22
16 18 6
3 5 28
14 17 19
12 16 29
8 9 1
13 12 12
4 5 17
15 17 19
22 0 19
19 20 4
19 21 6
2 3 7
10 13 21
3 5 29
14 14 12
0 2 22
15 17 29
17 19 4
22 1 2
20 23 21
23 0 6
9 12 29
3 6 8
12 15 30
15 18 19
5 7 7
17 19 17
8 10 19
3 5 6
19 22 11
3 5 1
9 11 27
0 3 10
2 5 9
12 13 25
8 11 23
15 18 25
5 6 26
23 3 19
13 13 1
0 2 20
17 19 20
9 11 18
9 9 1
19 21 11
11 14 20
8 11 6
20 21 12
13 17 6
9 12 8
8 11 9
16 19 16
2 4 20
14 15 20
0 1 9
11 12 2
14 17 2
3 5 12
14 15 21
21 22 13
21 23 23
22 1 1
1 4 11
5 8 30
16 18 14
21 23 22
22 23 11
15 18 14
22 23 23
5 8 9
7 10 15
19 22 5
3 5 13
1 3 29
9 9 22
21 0 8
21 21 27
16 17 22
1 4 23
14 17 5
16 19 17
3 6 6
20 22 27
21 23 24
21 23 22
4 7 28
15 17 30
18 20 18
7 10 26
23 23 28
3 6 30
12 13 17
2 4 17
14 16 10
14 16 25
20 23 17
12 12 12
6 8 25
4 5 14
16 19 24
1 4 6
2 3 11
14 16 2
18 21 12
15 17 13
23 0 22
20 20 17
12 14 4
18 20 14
23 1 9
17 19 8
16 18 1
15 17 19
12 15 10
17 18 5
8 9 2
12 13 26
17 18 5
23 1 15
23 23 25
5 10 16
11 14 2
8 11 28
5 7 20
4 6 20
6 7 12
0 3 24
12 15 5
19 20 24
9 11 8
8 10 26
16 19 29
10 12 21
4 6 8
7 8 12
21 21 27
11 13 11
13 16 8
19 21 19
11 12 23
0 3 15
10 10 13
9 12 22
12 16 2
15 18 21
16 18 12
15 17 7
10 12 4
9 12 10
21 2 11
13 16 22
11 12 19
10 12 6
0 4 27
14 16 16
21 1 26
18 22 11
6 8 5
21 0 19
17 20 4
7 11 22
19 21 16
6 7 13
11 13 21
21 23 3
1 3 12
10 13 7
22 1 19
16 16 24
16 18 16
6 8 2
10 12 7
17 20 24
9 10 16
3 5 12
10 11 18
5 7 20
19 20 4
15 17 4
3 3 22
6 8 6
20 23 11
2 5 13
6 9 7
21 22 23
6 6 8
10 13 9
19 21 27
1 2 26
23 2 12
11 11 24
14 15 14
18 20 24
9 10 2
3 4 18
9 10 15
11 12 15
10 13 1
18 21 26
21 21 18
12 16 29
1 3 29
1 2 24
21 22 23
17 19 26
13 16 28
17 21 11
1 3 3
9 13 29
1 4 26
12 13 24
1 4 28
6 7 15
23 3 25
14 16 23
21 23 22
4 5 24
4 8 12
20 23 29
9 10 3
12 13 21
9 11 30
5 9 20
21 0 11
12 16 10
14 17 16
12 15 15
11 12 3
19 20 15
18 20 28
22 2 7
2 4 25
1 4 4
6 8 29
18 20 29
2 6 30
11 13 30
19 20 11
4 5 9
15 16 8
17 19 22
5 8 24
9 12 14
16 16 24
23 1 27
20 22 30
22 0 1
11 14 26
12 15 29
15 16 5
11 11 8
4 8 26
6 8 6
2 4 18
10 11 6
22 1 1
18 20 9
21 0 2
13 15 22
23 2 7
0 2 1
2 4 12
7 10 13
6 9 14
8 11 15
11 11 18
18 20 2
1 3 8
19 22 15
21 23 21
11 11 13
5 7 24
0 2 27
6 9 19
0 3 9
10 14 17
4 7 24
5 8 23
15 17 5
1 3 12
23 3 14
13 16 3
17 21 12
20 19 16
2 4 21
16 18 16
23 1 16
14 16 22
20 22 24
6 8 7
8 10 12
6 9 7
12 14 21
14 18 18
11 13 22
15 16 6
10 13 9
16 16 8
15 17 17
4 7 17
3 4 14
11 12 20
23 23 13
11 15 22
23 1 25
23 1 5
14 16 5
16 17 1
0 -1 6
21 23 10
10 11 28
18 20 26
12 15 25
3 7 9
13 16 29
9 11 6
16 17 29
8 9 12
22 0 20
14 14 7
2 5 24
8 10 1
2 5 6
6 9 20
1 3 16
23 3 14
20 22 21
4 6 17
0 2 23
5 6 21
1 2 17
5 9 15
4 5 2
12 12 18
20 23 12
12 14 12
9 11 7
20 22 20
6 7 17
17 21 30
16 19 20
19 20 9
21 23 24
5 6 14
11 13 21
23 2 3
12 13 17
16 17 12
20 22 13
20 21 8
18 19 8
16 19 17
0 3 25
20 23 5
13 14 9
21 23 2
23 0 25
12 14 2
13 17 23
2 4 26
17 19 18
19 21 11
19 20 3
16 19 17
1 3 26
2 1 16
12 15 4
8 9 5
15 16 19
5 8 4
8 9 7
4 6 7
8 10 21
7 9 29
7 10 23
7 9 13
18 19 26
13 17 18
5 8 25
13 15 23
2 6 16
20 23 11
23 1 8
22 0 14
10 12 3
10 12 1
0 2 26
22 0 12
17 18 3
19 21 23
17 18 22
17 20 14
14 17 25
7 10 8
8 11 27
14 17 9
11 12 3
1 3 29
20 21 2
22 0 24
15 17 23
14 16 15
15 16 14
23 2 6
2 5 20
18 20 23
16 19 12
4 7 28
21 23 21
15 18 27
19 21 14
9 10 26
5 6 8
12 14 3
16 17 18
21 23 22
18 20 29
8 9 4
15 17 15
13 14 29
18 21 20
5 8 13
8 10 29
4 5 24
10 11 19
4 7 6
4 7 19
22 23 27
6 8 24
14 15 8
1 2 24
23 0 2
10 12 13
1 1 24
19 20 9
1 2 15
19 20 5
23 1 29
12 13 15
7 9 26
20 22 2
1 3 16
4 5 16
22 1 10
1 4 27
21 23 2
19 21 16
21 0 21
10 11 10
18 20 12
15 17 8
0 2 17
14 15 23
1 4 7
11 13 3
21 22 30
3 5 29
23 0 11
13 14 15
0 3 30
16 19 8
22 0 22
7 10 23
22 1 23
18 18 9
0 3 11
18 20 30
19 22 5
19 21 21
16 18 13
13 15 18
16 18 27
18 20 19
22 2 22
8 9 1
23 3 12
11 12 13
22 0 13
8 10 26
1 1 19
13 15 21
0 3 14
19 20 19
3 7 13
15 17 26
6 6 23
11 13 12
19 21 7
15 16 7
12 16 27
6 9 18
3 4 9
8 11 6
11 12 7
13 16 4
11 12 15
9 10 20
0 2 17
17 18 1
13 16 3
15 16 19
6 7 15
1 4 25
0 2 17
16 19 30
11 12 24
22 1 22
4 6 2
22 23 17
8 10 15
11 13 16
22 1 30
7 7 12
16 16 16
23 1 23
8 8 19
3 6 20
9 12 25
1 5 11
21 0 27
17 19 24
9 10 29
14 16 17
13 14 8
2 4 4
8 8 23
11 13 5
16 18 28
20 21 29
2 3 13
14 16 1
2 3 25
22 1 13
22 22 3
12 14 4
15 18 17
17 18 30
1 4 24
17 19 4
17 17 27
21 0 27
16 20 9
19 21 30
14 17 30
17 18 9
16 19 20
10 13 29
15 16 2
16 18 13
2 4 26
4 6 5
19 20 19
4 6 26
5 7 14
12 13 16
18 20 8
10 12 14
13 16 13
17 19 22
18 20 3
16 18 16
6 8 5
13 15 21
23 1 10
1 5 18
13 14 9
21 0 27
6 9 16
12 15 17
12 15 7
9 12 29
0 3 23
19 22 26
8 10 27
20 23 11
9 11 29
7 10 27
15 17 29
1 1 10
17 19 3
9 12 6
12 15 23
20 23 14
16 17 19
9 9 29
5 8 16
20 22 8
14 14 5
10 13 4
14 16 25
1 3 29
3 6 25
17 18 21
3 5 27
4 5 19
12 14 18
22 1 25
0 3 8
13 16 14
10 13 18
19 21 29
9 11 18
23 3 10
8 8 19
17 20 10
1 1 9
13 15 22
7 9 22
1 2 27
14 15 3
10 11 19
12 13 12
10 10 17
3 7 3
2 3 11
12 13 20
19 20 25
10 13 5
11 12 5
0 1 30
11 13 10
10 13 8
9 12 30
0 4 5
18 20 23
13 15 18
18 21 9
10 12 4
1 2 4
4 8 13
20 23 26
19 22 26
9 11 1
18 20 7
2 5 14
0 3 15
5 7 27
14 17 13
8 10 17
11 14 24
14 14 14
2 4 8
3 4 15
11 14 20
15 16 7
8 10 15
8 11 12
16 18 30
3 5 15
14 17 27
13 12 28
2 6 14
20 21 23
23 1 23
10 13 16
17 19 19
12 15 15
15 18 17
17 19 27
12 14 3
14 16 27
20 22 25
6 8 8
16 17 14
19 20 3
7 8 18
11 11 17
0 3 26
11 12 25
3 7 15
16 19 13
16 17 3
4 7 25
8 9 28
7 10 16
1 -1 9
9 11 7
23 1 1
15 18 2
20 22 24
14 16 11
4 6 18
18 21 14
20 22 30
6 7 1
18 19 11
6 6 19
8 12 20
3 5 20
15 17 9
8 10 19
21 0 4
21 22 14
9 10 28
2 4 19
23 0 7
19 22 13
5 7 11
6 7 23
17 18 21
1 1 30
6 8 18
7 9 3
4 5 11
4 6 27
11 14 3
12 14 14
6 7 19
2 5 30
17 21 13
20 0 12
21 0 10
12 14 25
7 8 6
2 4 12
5 7 2
3 4 19
12 16 14
22 0 23
15 17 26
21 23 3
0 3 29
6 7 3
11 13 29
21 1 9
16 16 6
23 3 1
21 23 21
19 22 27
17 19 2
0 1 24
22 23 24
11 12 20
2 3 10
17 18 4
4 5 25
12 16 7
0 3 6
10 13 2
18 21 6
20 22 26
9 11 2
11 12 14
18 20 26
7 10 29
11 10 29
4 7 28
8 10 9
18 20 11
8 9 28
16 18 19
9 11 14
15 17 10
4 5 14
2 4 6
13 16 4
13 15 4
7 7 22
7 9 26
4 8 17
4 6 10
23 2 24
12 12 16
19 21 30
21 0 25
1 4 17
2 6 17
11 12 2
15 17 30
0 2 17
22 1 25
17 19 26
12 14 29
19 22 9
5 8 4
6 8 7
9 11 29
5 6 11
22 23 22
8 11 22
16 18 4
10 11 5
10 11 28
16 20 21
7 8 30
22 23 21
12 14 20
1 2 3
8 11 8
17 19 8
0 2 20
4 6 3
16 19 4
20 21 5
7 8 18
22 0 6
15 18 21
20 22 24
5 6 14
22 0 28
8 11 9
19 20 17
8 10 30
22 1 24
11 14 18
4 5 22
18 19 28
16 16 19
15 17 28
9 10 3
8 9 19
1 3 30
20 23 5
18 19 13
19 22 23
0 1 16
13 14 16
9 10 28
3 5 15
13 15 20
17 21 1
15 17 8
5 9 14
18 20 9
2 3 18
20 23 8
0 2 11
2 5 20
8 9 5
18 21 12
6 7 18
22 1 29
23 1 22
10 12 19
12 15 21
14 15 17
15 18 10
7 10 25
23 1 29
16 16 16
12 16 28
12 15 27
11 12 14
9 10 5
3 5 14
8 10 22
7 10 30
20 22 17
9 11 21
2 3 26
15 17 22
1 4 22
16 19 14
14 17 16
18 20 25
4 6 10
15 19 21
20 23 2
12 16 22
3 4 6
10 11 9
1 2 6
17 19 3
13 14 10
13 14 15
16 18 23
19 21 9
16 16 16
22 0 10
10 13 19
8 11 15
14 16 23
20 23 17
23 1 13
18 21 30
0 2 9
4 5 22
21 1 4
22 0 22
11 14 25
11 13 22
6 8 16
8 10 10
21 0 6
10 14 22
5 6 16
14 16 1
4 8 20
21 23 7
15 17 22
16 18 6
13 14 15
1 1 27
13 16 16
12 16 6
23 2 28
4 6 8
3 6 28
17 18 29
7 11 11
19 21 5
21 23 6
20 21 24
4 5 29
4 5 26
11 12 20
20 21 12
11 13 17
16 19 30
13 15 16
3 4 13
6 10 3
8 11 4
5 7 29
7 9 25
6 9 8
21 23 3
23 1 8
19 23 11
21 0 3
20 22 28
10 12 8
14 16 27
20 0 2
11 11 10
23 2 2
5 6 12
22 1 10
5 7 23
14 16 14
9 12 13
12 16 28
12 13 27
12 15 23
16 17 12
1 2 30
5 7 13
5 8 6
23 0 1
11 14 13
0 2 28
20 23 3
21 0 16
19 21 24
4 8 16
19 20 30
20 0 28
19 0 4
1 3 3
11 13 17
15 16 22
15 17 15
19 21 27
23 2 8
20 20 4
19 22 7
4 6 16
5 8 16
12 13 18
2 3 29
11 16 21
4 6 1
10 12 2
18 19 8
22 0 2
7 8 24
7 7 18
3 4 5
19 21 26
23 0 27
10 13 7
15 16 2
6 8 4
3 4 19
23 23 5
20 23 4
13 15 12
5 7 23
7 9 2
9 11 20
6 7 15
1 2 1
2 5 5
15 18 9
9 11 25
17 21 15
4 6 25
9 12 24
9 10 26
11 12 14
5 7 24
1 3 17
22 23 30
8 9 11
22 0 1
14 18 20
8 10 26
23 2 7
16 19 12
23 23 24
4 6 20
1 5 12
12 13 11
22 0 1
16 19 26
2 3 14
0 3 5
22 2 19
6 8 20
10 13 30
21 23 25
22 1 7
3 7 5
16 18 1
1 3 15
5 6 12
1 2 7
21 23 23
22 1 10
6 8 12
11 14 17
10 12 7
8 10 26
13 17 11
11 14 28
2 4 19
16 17 1
14 14 10
23 2 13
6 7 7
7 9 10
18 20 8
14 16 3
15 16 30
12 16 22
4 8 30
22 23 3
19 21 12
15 15 21
2 2 24
22 0 12
15 17 20
1 3 30
14 15 9
16 17 9
12 14 4
8 9 20
20 22 20
4 7 30
0 1 25
17 18 1
11 12 2
16 18 27
23 3 9
9 10 25
9 11 30
0 1 23
6 9 10
23 0 19
14 15 14
12 14 24
9 11 18
23 3 19
16 17 26
23 1 10
2 3 21
23 1 4
4 6 23
14 15 5
20 22 22
7 8 18
19 21 1
2 4 13
0 2 8
23 0 1
8 11 24
4 6 28
11 14 11
11 13 4
22 23 4
5 7 10
4 7 8
17 20 18
9 10 14
5 4 19
20 22 2
1 3 8
8 9 24
15 18 17
16 19 15
16 17 5
3 5 26
19 21 5
10 13 20
6 9 21
12 14 13
2 3 4
12 15 13
2 4 18
19 23 8
3 7 4
4 6 30
15 19 15
19 20 9
0 2 25
17 18 2
7 11 21
9 12 5
11 13 10
4 6 20
16 17 30
4 5 11
5 8 29
3 4 16
21 0 5
22 22 5
8 10 12
18 20 17
12 14 22
20 0 4
6 8 28
0 2 16
23 2 24
11 14 11
21 0 19
16 19 5
17 20 19
17 18 28
0 1 5
12 14 15
4 6 12
11 13 25
14 15 26
14 16 13
2 3 13
13 15 20
23 0 5
15 17 30
3 6 18
6 9 10
5 7 12
21 21 14
19 20 15
10 9 5
15 15 22
12 14 3
17 20 7
17 19 25
22 0 10
1 2 9
1 3 22
8 10 1
23 23 9
