1280 30
24 19 23 6 3 26 5 17 15 1 25 2 22 14 13 21 4 26 6 15 24 4 11 29 13 8 18 14 16 17 
22 1 27
16 18 3
21 21 11
0 3 29
11 13 18
19 21 3
2 3 14
12 13 24
17 19 12
12 13 24
16 18 3
15 16 9
19 21 25
21 23 18
6 8 30
2 5 14
3 3 14
10 13 4
21 23 19
2 3 16
4 7 4
13 15 13
9 9 3
12 15 29
18 20 23
13 14 18
14 17 20
17 20 4
18 20 26
20 22 4
0 0 21
20 20 18
5 6 17
7 9 22
6 8 21
11 15 22
5 7 13
0 4 11
15 17 16
19 21 25
18 22 22
10 13 25
12 15 10
6 9 25
5 6 18
16 19 7
1 3 15
8 9 22
22 0 13
23 0 2
2 4 11
15 17 28
14 17 28
19 22 13
21 0 23
20 22 15
10 12 14
23 0 11
16 19 23
18 19 12
7 9 18
5 5 28
16 18 18
21 23 4
4 6 18
9 11 6
2 4 12
12 13 1
5 6 2
13 16 12
7 10 9
12 13 17
17 18 28
7 7 8
6 7 15
2 4 23
2 4 29
14 17 10
1 1 17
8 10 30
2 3 30
15 17 19
22 1 23
2 5 30
23 1 14
15 17 6
14 15 25
5 8 25
6 9 8
20 22 27
2 3 14
23 1 29
11 14 14
23 1 22
12 17 7
3 6 19
1 4 29
10 14 18
4 6 4
19 21 10
20 22 22
5 8 13
12 15 20
8 11 26
11 14 19
7 8 30
9 11 27
13 15 24
0 2 22
1 3 7
17 18 7
5 7 27
23 1 24
5 6 10
4 4 1
9 12 1
3 3 24
23 3 29
12 14 29
22 0 15
0 1 14
20 22 18
19 20 16
19 20 17
22 0 29
17 19 27
9 13 8
20 22 13
3 4 20
11 14 12
18 20 15
12 14 13
14 16 12
16 18 7
5 7 8
1 4 1
12 13 6
14 14 12
20 22 17
9 11 3
9 10 10
17 18 18
7 8 18
22 0 18
4 7 29
17 20 21
9 11 16
13 15 28
4 5 26
1 2 28
18 21 17
20 23 25
21 23 28
6 8 17
1 2 16
11 13 18
2 4 29
22 2 4
10 13 22
0 1 27
14 15 29
21 21 25
10 11 2
4 7 19
14 16 27
22 2 18
18 21 24
23 0 11
11 14 22
0 4 22
22 23 29
14 15 25
5 8 3
18 18 27
6 8 13
3 5 22
18 19 8
0 1 1
4 6 1
13 16 21
10 11 16
9 12 1
19 21 5
6 8 7
3 6 1
13 16 19
17 19 29
19 22 18
11 13 5
6 7 15
5 6 27
3 4 24
5 7 29
17 22 2
19 23 29
18 19 4
13 16 3
1 4 3
19 20 1
6 7 9
21 21 3
1 3 12
8 8 22
3 4 10
0 4 7
8 9 14
9 12 9
11 14 10
3 6 17
5 8 16
19 20 30
14 15 19
14 15 6
15 16 19
7 10 25
3 6 27
6 8 26
7 10 26
6 9 24
12 13 17
9 11 9
21 0 24
20 23 14
15 17 5
8 9 11
9 11 28
3 4 20
0 2 3
23 0 21
20 22 6
6 8 10
4 8 2
3 4 8
20 21 12
7 8 14
9 12 2
15 17 27
6 7 6
8 11 2
5 7 12
12 15 24
4 7 20
23 1 12
5 7 2
3 5 22
18 21 24
14 16 1
5 8 18
7 8 14
20 23 12
9 12 13
22 1 20
21 23 29
11 14 26
17 20 20
2 5 8
10 13 12
3 6 17
11 12 7
14 15 13
3 6 6
11 13 29
8 10 8
0 1 26
12 13 22
12 14 29
21 0 23
17 18 12
10 9 25
16 17 16
0 3 24
2 5 3
21 23 5
15 17 13
0 3 20
21 23 26
7 9 6
13 15 23
19 23 19
0 2 13
5 8 4
3 3 25
16 19 2
10 12 4
8 10 6
9 11 18
13 14 20
8 9 29
15 16 12
4 6 9
6 7 16
22 23 24
22 0 29
14 18 23
6 9 27
0 0 18
17 19 7
17 19 29
2 2 17
16 18 6
20 0 12
15 17 12
12 15 11
10 13 5
7 9 22
14 16 20
2 4 6
11 13 9
13 17 25
13 13 20
14 17 28
11 13 8
16 17 2
23 1 17
9 12 28
14 17 12
20 21 8
8 10 23
17 19 23
18 22 10
9 10 2
7 11 18
0 3 17
21 19 25
11 13 28
6 9 1
21 23 30
13 17 24
13 15 29
1 2 29
22 23 20
12 12 3
15 18 24
1 5 12
9 12 30
19 23 14
2 3 21
5 6 21
21 21 13
2 4 24
21 1 12
19 20 30
11 13 13
21 23 10
0 3 2
0 2 17
8 10 21
20 0 15
16 18 7
8 9 21
12 14 21
12 14 28
7 9 23
15 19 26
3 4 22
3 6 6
17 19 14
10 12 3
16 19 21
19 21 15
10 12 16
6 8 9
3 6 5
16 18 1
23 0 11
18 19 30
16 19 23
16 17 20
15 18 16
17 18 15
14 16 1
6 7 15
3 5 8
12 14 13
12 14 8
15 18 12
12 14 9
8 9 26
16 18 13
11 14 27
9 10 24
9 8 7
11 15 22
20 22 21
20 0 3
5 6 4
19 20 16
17 21 6
0 3 12
0 2 2
17 19 6
3 3 3
3 5 12
20 23 27
13 16 14
1 2 24
9 11 30
14 14 22
2 4 30
21 23 5
20 22 12
4 7 20
6 9 18
16 19 26
12 14 24
14 17 28
2 5 1
0 2 29
11 13 5
22 0 4
5 7 16
5 8 18
5 6 15
18 19 13
7 11 12
17 19 7
21 23 2
17 18 10
11 12 10
5 7 10
7 9 7
17 19 20
19 21 10
18 21 28
15 18 27
6 8 21
3 5 27
20 23 23
20 0 14
11 13 15
18 21 1
7 8 29
10 12 23
13 15 18
5 7 19
5 4 18
5 8 29
4 5 10
0 3 12
21 22 2
12 14 4
2 4 25
9 12 20
2 6 18
17 21 30
15 18 23
19 20 10
1 4 10
9 12 22
14 15 27
14 14 19
4 5 6
4 4 16
2 5 30
3 5 7
9 11 8
9 10 4
6 8 2
9 10 20
21 0 14
2 6 11
15 17 13
7 8 18
14 14 1
4 6 22
7 10 22
15 17 11
21 22 2
11 14 14
6 8 26
6 6 19
14 15 12
14 18 9
22 1 17
21 23 17
11 11 2
12 12 9
3 5 9
1 3 26
21 23 14
17 18 2
5 6 28
10 13 6
21 22 9
17 20 17
11 12 28
7 9 9
4 6 23
16 19 8
8 11 15
12 13 7
20 21 3
11 13 12
7 9 3
3 6 14
2 4 20
12 15 19
12 14 8
2 5 20
3 4 18
13 13 30
8 11 3
6 8 6
22 1 17
21 0 29
20 22 15
7 10 19
8 10 26
21 0 3
7 9 1
18 19 11
0 2 3
7 10 21
14 15 16
10 13 9
2 6 24
0 1 14
18 18 30
3 5 14
11 13 10
9 11 15
6 7 30
16 20 17
7 9 11
12 15 11
0 1 25
10 13 24
3 3 29
1 4 5
21 23 14
13 14 17
5 7 17
8 11 29
14 18 16
23 1 19
5 8 22
5 7 13
7 9 21
22 23 20
10 11 11
5 7 17
7 8 29
3 5 7
14 17 28
12 13 3
20 22 19
1 4 8
7 8 27
4 8 23
12 14 25
4 6 24
6 8 9
15 17 2
15 18 1
13 15 2
23 2 26
6 8 13
15 16 29
23 2 16
10 13 23
13 14 21
0 2 6
11 13 20
20 0 18
5 7 30
14 15 23
22 23 19
3 6 30
0 3 2
8 9 7
21 23 10
15 17 4
21 1 16
12 14 25
0 2 21
19 21 30
14 18 22
16 19 20
0 1 14
13 14 3
4 6 13
20 22 14
23 2 21
15 17 11
13 13 23
8 10 26
3 5 17
15 16 20
6 8 2
9 12 29
20 21 8
21 23 11
3 5 28
2 4 26
13 14 8
3 5 2
23 2 6
5 6 11
9 10 24
16 18 2
16 18 7
3 5 13
10 13 18
13 15 3
1 3 10
19 18 7
5 10 29
23 23 23
6 8 15
8 11 7
7 11 21
13 16 1
19 21 22
13 16 1
11 14 6
23 2 12
7 6 19
3 6 6
20 22 27
8 11 22
12 14 6
23 23 3
3 4 13
22 1 26
23 3 7
4 6 4
17 18 21
22 23 9
15 18 16
17 19 14
7 9 14
6 8 20
6 9 18
11 12 25
18 22 25
11 13 3
12 14 22
4 6 20
5 9 11
23 3 16
4 6 16
18 19 5
0 1 25
18 21 25
6 6 20
18 22 12
12 15 10
13 14 29
4 7 11
22 0 4
0 1 16
23 23 11
8 9 26
22 0 14
13 15 23
14 17 9
7 9 28
16 18 5
4 6 26
15 17 14
1 3 22
15 17 9
9 12 23
1 4 23
7 8 28
9 11 12
21 22 10
21 1 30
17 17 1
23 0 24
9 12 19
22 23 10
19 21 2
13 15 21
20 22 27
19 19 12
20 0 2
6 8 10
17 18 11
10 12 4
1 2 29
8 9 6
9 11 5
13 14 8
3 6 11
8 10 5
20 21 30
3 5 25
10 13 6
22 23 7
12 15 21
8 10 5
5 7 20
6 8 25
16 19 19
5 8 3
1 2 5
23 23 26
0 3 12
1 4 4
17 18 21
0 2 26
9 11 14
8 10 3
15 17 21
9 11 14
14 16 23
7 9 3
0 4 5
17 19 22
8 10 7
9 11 29
9 11 19
5 10 22
10 12 4
9 11 12
1 4 13
18 21 20
10 14 7
21 22 29
8 10 23
9 10 13
5 7 15
12 13 21
14 15 15
8 10 26
19 22 20
11 12 15
18 21 9
1 3 15
8 10 23
19 19 9
20 20 28
11 13 28
22 0 28
17 20 21
2 4 2
0 2 8
1 4 4
7 9 12
22 22 8
6 10 6
22 23 30
17 19 30
0 2 12
14 17 30
18 20 17
10 11 5
17 21 1
1 4 2
6 9 25
22 1 14
17 18 15
0 2 14
1 2 30
19 21 21
9 12 11
20 0 25
12 12 9
13 14 20
7 9 22
18 20 15
23 1 24
10 12 22
17 19 11
15 16 20
13 14 22
14 16 12
19 23 14
12 16 19
16 18 13
5 7 30
2 4 19
18 19 25
23 1 12
16 17 5
20 21 6
17 19 25
0 3 7
13 17 7
0 2 30
13 16 15
21 23 1
17 19 19
17 20 25
13 15 22
3 1 9
17 18 22
21 23 2
17 20 25
11 10 6
11 13 26
9 11 30
14 17 19
6 9 16
3 5 29
7 10 6
20 23 19
2 5 6
10 12 18
18 20 19
4 6 5
3 7 1
20 22 14
2 3 8
15 17 21
6 8 14
0 1 8
16 18 4
23 2 5
16 17 5
3 4 7
9 11 6
8 10 2
5 6 20
22 1 8
2 4 21
12 15 4
19 22 2
1 2 26
2 4 20
9 9 23
17 16 21
11 14 9
6 7 11
8 9 15
0 2 3
16 18 29
13 14 11
21 23 3
22 0 14
20 21 5
17 19 18
20 0 3
8 11 3
21 0 24
5 6 23
23 0 26
0 2 17
23 1 24
20 21 25
15 17 27
8 11 23
8 11 6
10 11 26
6 9 28
3 4 3
4 4 20
19 20 29
17 18 19
10 12 21
4 6 14
13 15 17
8 11 11
10 13 6
6 9 4
18 19 3
8 10 12
5 7 18
3 2 23
19 20 15
2 4 7
12 15 7
11 13 6
8 10 1
12 14 22
22 22 5
14 15 9
3 6 11
22 23 8
16 18 19
4 7 27
9 12 26
1 4 25
16 21 30
12 15 29
8 9 15
11 14 25
23 1 10
6 6 30
20 1 2
21 23 20
22 0 24
19 23 26
14 16 15
9 9 29
1 4 5
8 11 8
0 1 19
6 8 2
20 22 28
6 7 15
15 17 25
3 5 18
1 3 24
12 16 24
14 16 25
7 10 7
5 5 29
1 4 4
20 21 26
6 9 29
19 21 10
5 6 21
15 16 1
9 9 9
4 6 6
6 7 12
13 14 1
3 6 14
18 18 17
8 12 22
15 16 21
15 17 28
11 13 25
1 5 28
14 19 26
15 17 14
12 15 4
14 16 28
13 15 10
0 2 11
15 17 22
4 6 28
8 9 13
0 1 17
19 22 27
17 20 9
16 17 17
18 21 12
18 18 5
4 6 22
15 17 26
8 12 28
10 12 21
23 3 20
9 10 24
22 0 2
19 19 22
15 16 9
8 9 6
4 4 19
16 18 10
4 7 8
8 10 12
21 1 13
0 1 7
23 0 19
12 15 23
9 11 8
9 11 4
1 4 5
16 17 28
6 9 30
11 11 24
4 6 21
11 14 10
14 15 20
19 21 5
7 10 26
2 2 7
1 2 10
20 21 1
1 1 8
4 5 14
10 13 9
22 0 4
21 23 4
8 11 9
18 19 5
6 8 22
17 18 15
11 13 10
2 6 1
2 3 6
3 4 16
15 16 15
21 23 14
2 4 2
9 11 9
12 14 30
5 6 8
4 5 10
1 3 24
23 2 8
4 7 9
3 5 10
16 16 3
14 16 27
16 19 7
5 6 30
17 20 1
1 2 2
16 19 28
4 6 4
4 6 4
19 19 16
22 23 25
1 3 3
19 21 14
3 5 9
0 3 26
13 14 17
6 9 18
2 3 2
9 13 8
15 16 10
8 11 22
8 9 6
9 10 26
18 21 13
5 8 25
1 3 10
0 3 28
16 18 18
8 10 27
2 4 4
2 5 27
22 0 8
6 8 14
21 22 8
21 21 20
17 18 4
10 12 27
22 0 15
20 20 10
20 1 5
19 21 11
13 15 6
17 21 1
20 22 3
3 4 17
8 9 30
3 5 20
7 9 29
7 9 10
14 16 27
15 18 6
2 5 18
12 15 10
16 17 24
0 4 17
7 8 29
2 5 16
18 21 27
18 21 23
18 21 16
3 5 13
17 20 10
18 20 4
23 0 12
8 9 29
17 18 30
23 0 24
7 9 18
6 6 8
0 3 3
20 21 30
7 8 9
15 17 18
12 15 15
21 23 15
2 5 19
3 5 11
9 12 30
0 1 5
7 11 25
13 15 28
9 12 20
16 18 21
13 15 15
17 17 28
11 14 1
11 14 14
3 4 9
7 8 4
18 19 13
16 18 2
3 8 9
5 8 7
12 13 22
15 18 25
1 1 19
11 13 10
1 3 28
9 11 28
2 6 26
7 7 26
17 20 2
23 2 27
21 0 13
8 11 21
14 16 6
14 16 29
8 10 30
21 22 29
5 5 21
3 6 14
2 3 1
10 10 14
17 19 18
10 11 13
3 6 5
23 2 12
2 3 12
20 20 26
17 19 20
23 2 16
17 19 5
9 12 6
22 0 29
14 15 10
3 7 12
12 12 6
5 7 20
19 22 8
20 21 23
13 14 14
17 21 4
10 12 2
3 5 23
3 4 3
13 15 7
3 4 15
7 8 25
12 15 27
23 1 7
7 10 23
9 11 16
1 4 9
11 14 13
15 17 28
14 17 7
18 20 14
15 18 10
7 10 9
9 10 18
18 20 8
17 21 1
23 0 13
23 2 5
16 19 4
4 6 9
17 19 10
13 15 2
14 17 6
22 0 30
4 5 2
7 7 20
18 19 24
20 23 13
8 10 6
0 3 12
21 0 21
10 11 3
16 17 28
20 21 14
9 11 14
20 23 10
10 13 20
4 6 12
14 17 5
20 0 22
15 18 19
5 8 10
11 12 22
2 4 7
15 16 5
18 19 5
1 4 30
1 4 22
22 0 30
4 5 19
7 8 11
18 22 25
14 15 14
15 17 10
16 17 22
18 21 27
9 10 3
6 8 1
5 8 30
8 8 2
14 16 17
18 20 14
18 21 8
14 18 12
6 9 15
5 9 29
7 10 24
9 11 23
3 4 8
14 15 7
4 7 28
2 5 14
14 16 22
13 16 27
6 9 22
11 13 3
17 18 16
9 11 30
22 0 6
22 0 1
8 11 23
18 19 22
4 7 28
23 23 17
23 1 15
15 19 7
20 23 21
11 13 14
10 12 30
11 13 17
17 20 13
11 13 28
13 15 9
23 0 13
3 5 20
11 14 10
7 11 11
7 10 2
13 13 6
2 5 2
11 13 13
3 5 18
9 10 16
11 11 24
15 18 4
0 2 30
7 9 19
11 13 10
11 14 18
0 3 17
14 15 25
9 12 6
2 4 7
18 20 28
19 22 19
22 22 11
22 1 17
5 9 26
23 2 6
22 22 2
6 9 23
14 17 14
23 0 14
0 2 5
10 11 9
21 0 18
21 22 14
10 13 6
17 19 24
23 1 14
11 12 5
2 5 29
9 12 17
14 15 3
19 20 25
19 20 7
16 19 17
3 6 6
17 19 28
10 12 14
8 9 23
1 2 30
7 10 4
15 18 17
20 22 16
2 3 24
7 9 2
4 6 23
20 23 25
16 18 17
8 10 5
20 22 14
10 11 15
17 18 3
15 19 30
18 21 29
17 20 4
