1210 30
8 25 8 17 13 28 18 30 20 8 28 21 20 26 7 4 20 18 19 12 17 10 2 30 2 10 21 1 19 12 
17 18 28
0 2 21
0 2 1
18 20 12
13 15 23
11 12 28
21 0 15
10 13 22
1 6 26
12 16 13
16 19 6
19 19 30
14 15 12
0 2 11
18 19 21
14 16 30
12 16 6
20 22 15
17 19 24
3 5 18
4 6 21
9 10 1
12 15 27
18 21 16
10 13 23
4 7 11
14 15 30
19 20 29
22 0 20
21 22 5
16 19 19
23 2 15
10 13 26
15 18 9
20 23 15
10 13 16
13 15 23
17 19 20
8 9 15
19 19 26
11 12 28
13 16 12
8 9 2
12 14 1
7 9 3
23 23 30
13 14 22
2 4 14
23 1 3
1 4 20
6 9 13
12 13 22
18 19 21
18 19 20
2 3 26
16 19 19
20 23 15
17 18 16
14 15 5
12 14 25
15 17 21
3 5 29
17 19 16
17 19 18
12 14 18
23 1 12
9 10 5
2 5 9
4 7 27
0 3 16
14 16 28
17 19 9
8 10 13
18 22 24
4 6 10
15 19 5
4 5 15
5 6 23
3 5 4
10 12 19
16 18 17
15 18 26
10 11 3
20 22 11
23 1 15
16 18 15
10 12 6
13 16 14
20 21 22
18 19 1
16 17 15
21 23 24
18 21 2
20 23 22
14 15 7
13 17 25
5 8 8
19 22 15
10 12 2
2 5 4
14 16 29
11 14 18
9 12 16
8 10 11
22 0 5
23 2 24
4 5 4
1 4 16
8 11 21
17 19 22
3 3 26
0 2 18
15 18 23
7 8 1
19 21 23
14 16 11
5 7 1
20 23 5
23 1 30
21 23 6
11 14 13
4 7 8
22 23 3
16 18 29
22 0 22
15 16 22
7 10 24
19 21 11
15 16 19
8 10 8
19 20 16
4 4 26
8 10 11
11 14 19
7 10 16
3 5 6
19 22 14
18 18 7
9 11 13
3 4 22
13 16 28
5 6 24
6 9 14
5 7 4
13 15 2
8 9 30
5 5 8
9 9 26
5 6 20
19 22 16
8 11 29
6 9 2
3 6 20
12 13 30
22 1 24
11 13 16
2 5 26
12 15 26
18 22 10
17 20 5
11 13 1
10 13 7
17 18 6
20 21 25
23 23 18
3 4 15
19 22 18
20 21 17
21 23 26
9 10 1
0 1 6
16 17 4
1 3 23
11 13 29
7 9 19
16 20 12
4 9 9
12 15 24
11 12 22
23 0 19
9 12 2
1 3 19
12 13 6
14 15 21
11 12 9
8 10 14
4 7 25
12 14 23
6 6 5
9 11 26
17 18 25
4 5 21
17 19 10
16 19 8
21 0 26
8 10 3
13 13 17
5 6 19
19 19 19
18 19 22
3 5 4
12 13 14
20 20 14
10 11 14
5 6 23
21 23 19
22 1 22
2 2 5
7 9 27
10 12 21
10 13 17
22 0 23
9 10 24
19 22 11
17 19 10
12 14 10
13 16 14
18 19 26
15 17 12
14 17 4
22 1 25
17 19 14
4 7 2
21 23 23
2 4 29
20 23 26
5 6 12
4 6 22
4 5 30
13 15 11
7 10 22
15 16 23
5 5 16
23 2 12
4 5 18
19 22 27
13 15 3
9 12 15
17 21 28
15 16 15
12 14 7
0 1 17
23 0 18
4 4 1
2 3 4
7 8 13
0 3 24
18 20 29
14 17 18
23 1 2
13 16 18
20 21 18
10 12 14
13 14 4
23 2 24
16 18 30
11 13 14
15 16 9
13 16 5
6 10 25
2 5 17
1 5 1
6 8 18
23 0 26
0 2 6
19 22 25
12 13 10
21 22 1
3 5 5
10 12 15
8 9 23
0 4 12
12 16 14
12 14 28
22 0 14
6 8 7
23 2 7
19 21 7
21 23 10
17 21 19
10 13 2
1 4 12
22 0 26
22 1 2
20 21 4
9 11 15
9 11 13
10 12 12
23 1 6
19 22 7
14 18 19
15 17 9
5 7 29
1 1 14
6 8 2
13 14 19
5 7 27
2 3 8
5 9 22
22 2 17
16 19 21
11 14 17
2 4 22
23 3 15
4 6 6
10 12 22
16 20 30
12 13 19
9 10 30
1 3 4
13 15 21
10 12 17
23 23 4
11 14 21
2 3 19
0 2 13
21 23 5
7 8 15
4 5 24
9 11 26
1 4 7
4 5 14
11 15 21
5 6 26
11 13 5
2 6 8
9 10 20
6 8 11
11 15 1
2 6 18
12 14 24
2 3 14
19 23 28
7 9 23
15 16 22
1 4 5
10 11 12
17 19 16
17 19 26
4 7 24
15 20 17
11 14 27
12 14 8
1 2 6
2 4 28
23 2 11
8 10 18
11 11 10
19 23 20
5 5 29
2 4 4
19 23 9
1 1 11
13 13 24
21 20 30
15 16 20
9 12 29
14 15 8
12 16 26
4 7 7
21 23 17
20 22 21
19 23 12
8 11 27
14 15 18
7 10 4
1 4 24
0 1 21
23 1 14
7 9 7
15 17 1
10 13 30
11 13 18
12 13 30
2 5 12
17 19 25
17 19 19
6 7 15
1 2 26
5 8 22
22 23 19
15 18 22
23 0 21
7 10 3
15 18 13
22 23 7
1 3 1
19 21 15
20 21 26
8 11 16
15 19 23
8 9 10
12 13 6
6 7 15
7 8 12
8 10 7
23 2 23
0 2 28
19 23 16
2 4 30
18 19 13
20 22 6
7 10 9
5 5 17
23 23 28
20 23 12
9 12 8
3 4 3
13 16 11
15 15 4
19 23 17
7 10 5
22 1 26
9 11 15
18 19 2
5 6 27
17 20 17
16 18 5
12 15 3
9 9 27
4 5 17
2 4 23
6 8 2
2 5 3
9 10 16
20 22 28
17 19 6
5 8 1
21 0 1
3 5 6
16 17 24
19 21 27
6 6 14
23 2 27
20 22 9
6 8 29
18 19 21
3 4 11
2 4 2
21 23 7
18 21 12
3 4 7
17 20 17
3 5 20
13 17 14
15 16 10
7 9 15
20 21 5
13 14 28
4 7 11
8 11 18
5 7 16
5 8 14
7 8 17
21 23 21
13 15 1
12 15 28
13 15 29
1 2 19
6 9 30
12 15 17
8 12 13
3 6 17
1 3 14
15 17 19
22 0 10
11 14 21
12 12 5
2 4 12
13 15 21
22 23 17
22 1 22
4 7 18
8 11 8
20 22 6
13 15 29
19 0 2
7 10 12
21 22 22
15 17 21
12 14 5
10 10 28
16 18 15
14 16 20
7 10 23
2 4 8
11 13 17
11 15 11
12 13 12
5 8 10
22 0 9
22 0 14
10 12 11
3 6 26
3 4 17
8 9 24
7 9 22
1 4 3
22 23 23
14 17 29
12 13 15
1 3 3
8 8 21
14 15 24
6 8 23
3 4 23
13 17 29
14 16 8
0 0 6
7 11 20
9 10 20
22 23 18
13 15 28
0 2 9
5 7 30
10 12 28
23 1 16
22 1 11
0 2 27
6 9 8
22 0 7
2 4 1
16 20 8
23 23 15
20 22 5
19 21 2
15 18 24
17 20 27
4 5 20
16 19 15
7 9 10
16 19 28
15 18 10
7 10 11
9 12 13
3 6 14
20 21 27
6 9 25
9 12 12
5 5 7
18 20 18
20 21 7
9 11 19
7 9 28
5 7 15
21 23 22
20 22 13
17 20 14
5 6 13
11 15 12
5 8 11
22 1 16
8 9 17
23 23 30
15 17 29
6 8 12
18 21 22
21 22 4
8 11 28
8 10 7
1 5 9
2 3 30
22 1 25
20 20 22
3 4 17
4 5 17
9 10 21
6 9 22
21 23 9
15 15 22
14 15 4
19 21 18
0 2 8
2 3 15
22 22 25
1 1 18
2 4 14
7 8 19
8 10 19
0 3 3
20 22 3
0 1 6
0 2 27
15 18 21
15 16 22
0 2 14
18 19 7
17 18 17
14 16 28
22 0 18
13 18 8
19 21 9
1 3 3
21 1 24
14 17 29
22 23 26
17 20 8
0 2 5
12 13 10
7 9 22
9 12 12
11 13 14
9 11 16
6 8 5
22 0 20
16 16 17
7 10 3
1 2 23
20 23 1
10 11 23
17 20 24
5 7 4
14 16 18
14 16 9
19 22 16
21 0 26
21 0 22
15 19 29
2 4 30
8 9 24
7 10 1
19 20 19
19 21 18
7 8 26
1 3 1
20 20 11
17 19 10
1 2 10
22 0 24
7 11 11
3 6 28
2 4 4
19 21 20
8 9 1
12 13 19
9 11 19
18 20 27
3 6 26
5 8 27
7 10 24
4 7 12
0 3 21
4 5 7
22 23 25
3 5 14
12 16 23
0 2 23
1 4 14
8 11 16
10 10 26
10 14 12
15 18 21
1 3 1
7 9 20
8 9 28
7 9 7
4 7 2
6 7 27
21 23 29
21 23 29
4 4 16
2 4 2
19 21 26
4 4 18
3 6 15
21 23 18
22 0 27
1 3 24
3 4 6
20 22 24
7 9 7
17 20 12
0 3 21
23 2 13
16 17 16
19 22 17
23 2 17
5 8 8
3 5 7
12 15 9
21 22 25
8 11 13
5 7 18
5 7 4
2 1 7
14 16 18
22 0 10
1 3 12
13 16 16
20 0 16
21 23 19
1 4 12
7 8 23
8 11 28
10 12 17
9 8 14
17 18 23
1 4 13
8 11 2
23 1 10
13 15 11
11 12 21
13 15 11
15 16 28
3 6 15
11 13 14
7 8 21
2 3 17
23 1 26
0 -1 3
8 9 26
1 4 26
17 18 27
1 3 1
21 22 18
8 10 17
1 2 1
19 21 17
8 8 15
16 17 30
10 12 24
10 11 21
19 19 21
10 12 11
1 3 8
6 8 11
17 19 26
15 20 12
18 20 24
14 15 13
18 21 13
3 5 11
16 18 30
3 5 24
5 7 7
23 0 2
22 23 23
8 10 5
21 1 13
23 2 14
3 5 19
3 7 3
7 9 22
18 21 25
4 6 9
9 11 21
20 21 19
13 15 3
11 12 28
8 10 8
10 12 1
10 13 13
15 18 3
10 12 18
17 20 17
8 10 2
9 11 23
18 22 21
7 7 12
21 21 5
23 1 15
7 9 23
6 9 19
1 3 3
0 1 25
23 1 18
16 18 3
10 10 25
0 1 7
10 11 26
16 17 1
2 5 30
9 10 24
14 18 11
16 19 18
4 7 3
6 8 11
3 5 6
20 23 6
18 21 28
21 0 28
16 18 6
5 6 7
5 6 15
23 0 11
22 23 2
20 23 24
3 6 1
20 23 14
6 6 17
15 18 5
14 18 10
23 2 28
21 22 12
7 10 9
3 7 3
10 10 4
18 20 29
20 22 14
0 1 24
13 15 8
17 19 1
19 22 7
3 6 26
14 16 17
15 18 28
23 1 6
7 9 30
2 4 4
20 23 3
10 11 5
12 13 18
12 13 10
22 23 28
19 21 5
13 14 23
18 20 28
18 20 26
5 6 8
16 18 23
23 0 28
14 16 11
2 2 2
7 7 23
8 9 13
20 22 21
13 17 25
23 0 17
18 21 2
16 17 1
6 7 5
21 23 6
12 14 13
4 5 13
11 14 24
3 6 26
10 12 26
8 11 6
17 19 22
3 5 21
18 21 26
14 18 6
23 1 23
0 4 14
6 8 14
5 8 7
23 1 21
9 11 27
5 7 16
10 13 27
3 6 11
20 22 15
20 0 5
1 2 27
16 16 13
19 21 13
13 15 6
23 1 27
17 19 4
21 22 20
5 8 25
14 14 13
2 4 8
6 8 20
3 6 15
20 22 29
20 23 29
18 22 9
18 18 9
16 17 25
15 15 2
23 0 17
17 18 6
14 15 3
23 1 14
0 3 8
15 17 1
23 0 1
0 3 6
19 22 16
19 19 18
21 23 6
2 4 26
12 16 19
14 16 3
21 23 25
2 5 22
21 22 7
17 18 12
19 22 7
9 11 9
16 18 30
11 14 1
14 14 13
15 15 17
15 16 9
10 11 27
15 16 13
16 19 25
15 16 16
12 14 8
3 6 13
23 2 29
18 19 3
14 15 16
6 8 3
15 17 1
3 5 16
5 8 17
18 21 5
4 7 22
13 16 24
2 4 4
11 13 28
7 8 3
12 14 22
1 2 11
1 2 5
2 5 24
10 12 22
0 2 12
22 0 11
0 1 22
15 16 10
1 2 21
10 11 1
12 15 21
1 1 5
9 13 12
16 17 10
1 3 23
18 19 26
3 5 8
23 1 13
22 1 9
7 10 1
8 9 12
6 8 25
10 12 14
5 6 12
7 10 19
7 10 13
6 8 12
14 16 18
20 23 9
3 5 22
1 4 3
14 17 20
20 20 1
19 20 19
13 16 26
14 16 8
23 1 4
4 5 23
15 16 16
10 12 4
20 22 11
11 14 18
4 5 29
20 23 18
8 10 13
18 21 28
6 9 10
18 21 12
17 20 13
22 22 12
21 21 7
1 4 7
8 8 18
13 15 8
10 13 26
4 5 26
15 18 14
14 16 29
6 8 12
2 3 26
3 6 2
21 0 3
7 7 17
8 11 11
1 3 21
3 5 14
23 0 17
15 16 29
8 10 25
17 18 22
0 2 5
15 19 11
19 20 17
14 17 3
20 22 5
18 20 28
4 6 17
6 9 14
17 20 30
14 17 10
5 6 9
22 23 7
3 6 2
9 11 27
17 19 21
1 4 16
12 13 26
15 17 14
13 15 3
5 7 19
17 20 6
19 22 30
9 12 12
18 21 21
13 15 19
7 10 5
2 4 19
12 15 30
0 2 3
17 18 5
10 12 20
15 18 9
13 16 20
7 8 30
22 0 23
23 23 21
18 22 21
16 17 26
4 6 13
9 14 3
0 1 28
19 21 1
7 9 27
15 16 11
14 16 11
3 5 5
11 12 27
19 21 29
3 4 26
13 14 2
8 11 12
9 12 12
4 6 2
8 10 14
9 11 1
1 4 11
10 14 5
1 2 16
16 16 8
10 13 3
23 1 6
3 6 25
5 8 11
10 12 13
1 2 28
11 13 29
18 19 19
21 23 21
23 1 10
14 17 5
22 0 28
13 15 15
10 12 21
16 17 20
23 1 27
17 21 18
16 18 25
21 23 20
8 11 22
6 9 7
21 0 22
5 7 24
20 20 27
4 6 28
21 0 24
7 9 24
10 11 26
7 9 4
19 21 7
2 2 16
8 10 27
1 3 9
9 12 30
4 7 5
7 9 30
23 3 3
13 15 26
9 11 23
5 7 10
5 6 4
23 2 1
8 10 13
5 8 10
1 3 1
15 17 22
4 6 4
12 14 14
12 13 9
16 18 21
2 5 10
10 12 30
14 18 24
9 11 3
20 23 20
11 15 4
22 22 6
0 2 26
3 5 5
5 8 20
0 -1 30
6 8 14
23 22 18
0 3 27
6 7 26
22 23 27
22 0 11
7 8 1
2 4 12
6 8 21
5 7 6
2 4 10
2 2 3
7 11 10
12 12 19
17 20 30
10 11 13
11 12 27
8 9 7
14 16 13
10 13 5
6 10 16
4 7 23
19 21 30
2 4 30
20 21 28
10 12 22
1 3 20
12 14 24
18 21 29
12 13 24
10 10 19
4 5 23
20 23 7
4 6 24
5 6 6
0 1 18
21 21 16
2 5 21
18 18 16
14 15 5
16 19 8
13 13 3
1 3 29
13 16 26
2 4 19
6 7 1
14 16 15
16 17 17
10 11 22
21 21 10
11 13 2
12 13 18
12 14 18
19 21 5
22 23 22
17 21 30
6 9 29
11 13 25
3 3 2
7 8 19
22 23 7
14 15 11
3 6 1
19 0 18
23 0 22
22 1 29
6 8 21
11 12 23
9 11 30
16 17 2
21 0 1
17 19 10
6 8 1
3 4 18
9 11 17
18 21 9
8 12 1
13 16 9
11 12 28
15 17 22
20 23 12
1 3 12
15 17 16
19 20 9
5 7 21
0 1 8
18 19 23
8 9 13
10 13 27
8 10 28
18 20 23
11 13 21
23 0 1
2 4 14
9 11 16
12 15 17
15 18 6
0 0 21
19 21 16
7 8 23
16 18 23
4 7 7
13 13 6
17 18 8
