1230 30
29 7 23 29 15 26 14 23 21 29 3 27 18 15 22 1 12 26 11 12 1 27 17 8 2 12 15 6 19 12 
2 3 13
17 21 5
15 17 9
20 21 5
18 20 17
3 6 8
23 1 4
17 19 7
2 5 26
13 15 1
7 9 14
9 11 2
12 14 23
8 10 26
22 23 26
5 6 10
11 12 13
20 22 27
18 20 8
3 7 24
15 15 1
1 3 24
12 13 19
5 7 5
13 16 19
2 4 28
13 15 4
3 5 9
20 22 25
8 9 25
5 8 13
20 22 30
10 12 22
18 21 9
9 11 15
14 14 18
12 15 6
19 21 7
0 2 3
12 14 12
0 1 17
11 13 26
23 1 17
2 4 10
23 0 22
1 2 6
0 2 2
16 18 23
0 1 27
17 18 12
10 12 5
5 7 5
18 21 22
16 17 7
10 11 7
5 7 15
23 3 18
5 6 20
13 14 22
6 9 5
14 16 9
23 1 11
18 21 4
4 6 16
4 7 1
23 1 16
11 12 24
21 23 24
1 4 26
3 5 2
10 13 7
9 12 17
18 20 1
21 22 23
20 21 5
18 20 1
4 6 27
17 21 26
22 1 11
3 6 29
15 19 1
0 2 30
18 19 19
1 3 23
8 12 10
20 22 8
15 17 7
12 13 29
0 4 23
10 14 19
17 20 29
23 23 13
5 7 23
5 8 17
8 9 28
9 11 17
16 18 13
5 8 7
10 10 21
23 2 12
10 11 10
11 12 22
16 17 20
10 11 20
15 17 4
9 10 20
14 16 16
10 12 19
3 4 21
0 3 12
21 23 10
12 14 11
9 11 5
23 0 27
18 21 15
1 3 20
1 3 28
16 19 17
16 17 11
19 21 13
20 20 22
15 17 16
16 18 27
1 5 7
7 9 12
23 2 1
4 7 25
8 11 19
21 22 20
2 1 24
20 23 12
20 22 23
4 5 18
13 15 6
3 6 11
10 11 3
14 16 13
8 11 7
11 11 2
16 18 3
21 22 3
8 11 24
10 12 3
23 3 30
23 2 11
7 10 20
20 0 19
5 7 24
19 20 1
22 23 5
5 7 14
13 14 17
1 0 14
0 3 1
11 13 13
10 12 15
14 16 23
3 5 3
10 13 8
5 6 6
22 0 20
7 9 14
3 4 17
2 6 30
22 23 14
22 1 3
5 8 7
9 12 14
22 22 28
18 20 3
3 4 4
23 0 18
7 7 7
10 13 5
6 7 27
9 12 5
16 19 2
6 5 22
21 22 27
0 0 4
1 3 24
6 7 12
7 11 19
6 9 2
8 12 26
17 18 14
10 10 17
19 21 19
8 9 23
1 2 15
23 2 11
17 19 14
16 19 6
9 10 12
18 20 9
3 6 4
14 17 13
4 5 19
21 23 6
1 2 20
4 6 24
20 21 5
12 13 14
5 8 2
5 7 4
11 14 9
10 12 26
4 7 13
13 14 14
3 3 22
7 11 17
15 17 1
6 9 11
8 9 24
18 20 10
9 10 14
13 14 20
4 6 21
10 13 2
23 1 18
8 9 18
2 4 15
7 8 18
11 14 18
21 0 8
1 3 25
2 5 15
23 0 1
21 0 27
13 15 27
18 20 16
9 11 17
5 7 20
21 0 20
19 22 10
14 17 12
22 0 24
9 11 5
1 4 24
6 6 17
5 6 27
18 20 19
22 0 24
6 9 25
16 17 1
14 16 1
18 20 30
9 10 21
20 23 22
3 5 15
14 16 13
12 14 26
1 5 15
22 22 20
13 16 18
7 8 26
12 16 26
11 11 12
16 17 8
17 20 16
10 11 25
23 1 5
3 4 8
4 6 18
4 5 28
13 14 17
17 20 14
15 17 4
0 3 5
20 21 11
0 4 3
3 5 6
1 3 7
17 18 27
19 21 21
23 3 25
6 7 5
21 23 27
9 12 10
15 16 8
1 1 2
20 21 10
10 14 16
4 3 19
4 5 6
9 9 1
7 9 8
10 12 1
4 8 19
1 4 17
8 11 1
12 15 19
12 14 10
16 17 13
11 13 23
13 15 22
12 12 7
0 2 15
23 22 5
3 5 14
14 16 11
11 15 27
19 20 17
18 19 30
13 14 23
18 19 1
1 3 24
1 4 20
9 10 30
1 3 12
5 7 6
21 1 8
11 13 17
5 8 27
3 5 5
9 10 9
10 13 7
14 15 17
9 10 3
2 5 23
13 14 1
22 23 10
13 15 1
16 19 25
16 18 2
6 7 22
7 10 10
20 23 26
3 5 25
18 21 14
13 13 10
19 21 25
23 1 15
4 7 24
5 7 11
11 14 13
11 13 20
11 14 13
5 8 23
9 11 23
4 7 27
22 23 26
20 21 15
3 5 2
21 23 10
7 9 14
9 12 5
2 5 16
17 18 28
8 10 16
16 17 11
23 23 29
0 3 18
8 10 8
10 11 8
0 2 6
12 12 19
21 0 29
8 9 16
23 3 27
2 4 11
10 11 21
4 5 5
15 17 9
14 16 15
15 18 9
20 20 24
17 19 7
10 13 14
16 19 12
22 0 7
3 5 14
0 3 16
7 9 9
6 9 24
18 21 9
11 15 14
3 6 10
6 9 23
23 2 28
13 15 8
9 12 16
10 12 15
16 17 8
18 21 24
11 12 28
21 23 29
21 0 24
23 0 10
23 23 13
6 7 7
17 19 10
14 16 1
19 21 20
17 20 29
9 10 23
22 1 10
1 4 22
18 18 3
8 10 19
13 14 9
13 14 17
19 20 20
17 18 28
19 22 6
9 12 14
7 9 4
19 20 18
1 4 24
7 11 10
4 7 20
15 17 8
19 20 13
17 18 7
15 16 27
23 2 14
16 19 3
19 20 28
5 9 4
13 15 25
12 14 9
4 8 19
22 0 29
23 2 26
6 10 3
12 14 17
2 5 2
9 9 17
6 8 9
11 12 16
10 12 12
17 20 28
0 3 25
19 21 26
18 21 28
10 11 7
19 21 12
1 4 9
23 0 11
22 2 7
0 1 25
18 20 12
13 13 14
8 7 21
20 21 19
10 11 23
15 16 18
20 23 17
18 20 9
11 14 15
8 9 1
11 12 2
18 20 8
0 2 16
21 20 14
8 9 4
21 22 4
13 14 28
16 17 11
1 3 25
7 10 8
9 11 9
18 21 12
17 19 10
23 2 12
10 12 9
14 15 29
17 19 17
9 11 15
8 11 16
1 3 25
21 23 17
22 1 14
8 9 3
7 10 29
2 2 5
0 3 17
23 0 2
9 11 8
0 3 30
22 21 5
2 4 11
11 11 12
4 6 17
14 15 27
13 14 19
17 19 13
13 16 27
14 16 5
15 17 22
13 15 1
18 20 9
6 8 28
0 1 25
19 20 2
5 6 13
16 18 4
1 3 17
15 16 30
0 1 25
17 20 24
14 16 11
17 20 11
4 7 22
19 21 30
9 11 10
18 19 29
9 11 1
7 12 5
23 2 17
11 13 5
8 11 6
10 10 4
23 0 11
19 22 27
23 1 12
17 20 18
19 22 1
19 22 19
23 1 22
12 13 21
14 16 24
20 23 23
13 17 16
16 18 19
20 21 2
15 18 19
14 18 18
15 16 23
20 22 18
6 9 7
15 16 11
10 13 4
10 12 16
4 5 11
9 10 13
12 14 15
11 13 25
5 6 29
15 19 12
21 22 18
9 10 9
2 3 2
14 16 28
14 15 28
16 18 8
3 6 6
6 8 8
5 7 7
18 21 15
15 17 11
23 1 5
15 15 18
14 16 25
19 21 20
1 2 1
7 11 10
10 14 6
15 17 25
22 23 28
12 12 20
11 13 20
1 2 25
13 14 14
9 10 10
22 0 7
17 18 16
2 5 23
7 9 25
15 18 3
18 21 24
20 23 12
4 6 14
2 3 25
13 17 4
12 13 2
22 23 15
19 20 1
8 10 16
9 10 24
4 5 23
16 19 8
16 20 20
20 22 8
9 11 27
20 23 23
7 9 14
21 1 15
17 19 15
8 12 5
4 7 16
13 17 28
16 20 14
19 21 11
4 6 27
15 15 9
1 3 16
8 11 17
20 21 24
22 1 11
4 8 15
14 16 5
22 0 23
5 6 26
23 2 19
14 15 6
6 9 20
13 13 14
8 12 20
2 3 9
12 15 8
7 8 10
9 11 3
15 17 5
13 16 23
0 1 12
16 18 3
8 9 5
3 5 18
11 13 4
16 17 24
1 3 2
22 2 30
8 9 2
10 12 3
0 2 23
19 21 30
20 20 28
13 15 5
15 16 19
9 11 18
12 15 9
16 18 29
20 23 19
7 9 9
14 16 9
19 20 26
21 0 4
13 15 30
22 23 1
21 23 6
0 1 30
3 6 3
7 7 17
4 4 7
17 18 3
4 5 19
23 1 1
12 16 4
6 7 7
22 0 6
5 6 7
5 7 24
17 20 2
12 15 29
19 21 19
20 21 19
11 13 17
3 5 30
5 6 13
7 9 29
7 9 2
16 19 6
4 7 23
21 22 19
1 3 21
18 20 17
10 13 5
9 10 24
21 0 13
14 17 18
13 15 1
15 17 21
12 15 19
7 7 27
22 0 16
3 5 25
8 10 17
20 23 18
4 5 23
9 11 9
9 12 14
4 7 2
12 14 1
4 5 27
10 13 3
15 15 25
8 12 6
19 20 4
15 17 26
2 5 6
9 12 12
11 11 2
9 11 22
21 0 19
23 1 30
15 18 21
21 23 23
3 6 18
12 15 2
8 11 5
8 12 18
2 4 2
10 10 27
7 9 18
0 3 14
16 19 14
10 12 7
14 15 2
20 22 5
21 23 7
23 2 2
10 12 7
9 11 11
18 21 12
7 10 26
7 11 9
8 10 22
10 11 2
21 23 24
14 16 8
8 11 29
1 3 28
4 6 11
5 6 14
23 1 12
13 16 23
20 23 22
7 11 8
16 18 14
3 5 23
6 9 9
5 7 30
22 23 21
3 6 7
15 17 18
9 11 29
17 20 3
14 14 7
10 13 8
6 9 22
0 3 30
15 16 21
1 4 18
4 6 18
18 21 5
19 19 21
17 19 26
9 11 20
23 2 20
12 13 3
14 16 25
4 6 30
14 18 25
14 15 4
23 2 7
4 5 10
2 4 23
1 2 9
15 16 22
16 18 30
1 3 1
22 0 1
13 16 19
9 9 17
2 4 16
7 10 18
17 19 14
18 18 30
10 15 23
7 9 23
15 17 23
17 20 26
8 10 12
14 17 24
23 2 28
15 16 11
4 6 21
11 12 8
23 1 2
19 21 26
6 9 15
3 6 15
1 1 25
22 0 24
13 14 3
1 1 17
16 19 22
8 10 21
22 1 9
15 17 10
5 8 12
12 14 24
4 4 22
22 0 19
11 13 10
6 8 30
8 10 2
8 10 30
10 12 17
6 8 21
5 6 30
9 11 10
19 23 9
4 5 15
12 13 14
8 12 26
18 21 18
7 10 17
23 1 18
4 6 14
23 2 24
11 13 13
17 18 15
7 10 9
14 16 30
2 2 25
13 14 27
23 0 19
14 16 19
14 15 28
5 7 8
9 10 28
2 3 10
17 20 8
16 19 25
18 21 26
7 8 21
3 7 14
23 1 27
2 4 2
14 17 2
17 19 19
7 8 13
2 4 26
16 19 7
0 3 6
8 10 2
4 7 2
19 18 19
5 9 4
8 10 13
8 9 17
12 16 9
1 1 12
8 9 24
22 0 29
5 8 6
2 2 4
6 8 22
8 10 5
0 1 8
21 0 24
17 21 23
9 12 21
15 17 28
11 13 26
15 17 27
11 13 13
21 22 21
9 12 4
7 10 9
22 0 28
5 7 17
9 11 16
12 14 5
12 14 11
19 21 4
23 1 11
16 20 27
14 16 23
20 21 3
12 13 10
10 11 15
13 16 8
18 20 20
0 1 24
8 8 11
2 4 7
22 1 22
14 16 4
2 4 20
0 3 11
9 9 15
8 10 6
4 6 25
6 8 1
23 0 22
16 18 10
6 7 15
2 2 13
21 22 16
4 6 5
22 1 14
18 21 17
10 12 4
7 10 30
14 16 21
9 10 20
8 8 16
3 6 24
4 7 24
15 16 11
23 2 16
3 6 21
4 6 24
21 23 18
12 14 2
9 12 21
16 18 7
17 20 26
1 2 7
1 4 11
23 2 16
23 23 21
14 16 19
22 23 14
16 16 9
17 18 28
16 18 23
4 5 3
11 12 15
7 8 6
18 21 27
22 23 30
21 23 26
19 22 12
19 21 28
14 15 14
17 19 2
7 9 17
13 13 5
6 9 23
18 20 28
19 21 13
20 21 29
4 6 15
3 4 29
5 7 9
15 16 25
2 4 30
20 23 2
14 17 14
2 4 5
23 2 8
20 23 30
21 0 23
13 15 26
21 22 16
4 3 20
17 20 6
18 20 13
2 5 1
20 22 29
0 3 6
10 12 26
5 7 3
1 2 25
2 4 20
18 20 3
21 0 9
4 7 27
11 12 12
8 9 8
17 17 22
12 12 22
22 0 16
10 12 26
11 13 25
5 8 11
11 16 23
14 14 26
17 18 24
11 14 24
21 22 4
6 8 10
8 11 12
0 2 2
22 2 2
23 0 30
14 15 24
13 16 7
20 22 23
10 13 26
9 12 15
3 7 19
2 4 1
3 3 1
16 18 9
6 8 23
11 13 8
10 13 13
21 1 19
15 18 5
21 21 8
9 9 20
3 4 1
5 7 15
14 16 28
6 7 23
16 18 30
6 8 17
1 3 20
19 21 10
14 16 24
14 16 7
5 7 16
22 0 9
16 18 8
19 21 23
13 14 15
11 12 1
3 5 29
11 13 8
12 13 16
14 15 15
9 10 22
14 14 2
5 8 18
1 4 21
10 11 23
7 9 28
8 10 1
3 6 16
16 17 11
9 12 30
13 15 13
4 7 6
14 17 20
15 17 23
17 19 20
5 5 19
10 11 20
23 0 27
22 23 8
20 23 11
23 1 29
23 23 11
23 1 24
5 8 3
11 12 24
4 6 27
19 22 12
5 7 18
19 22 1
12 13 13
18 21 19
1 2 4
2 5 3
9 12 9
21 23 23
9 13 22
11 12 26
21 23 29
17 19 16
20 0 12
11 11 4
7 9 19
0 2 10
22 0 18
17 18 25
5 7 30
19 20 12
14 15 27
13 14 30
2 5 2
23 1 5
11 13 28
21 23 13
12 14 10
12 12 6
11 15 21
18 21 25
13 16 16
7 10 5
8 11 22
14 16 26
7 10 12
22 2 7
8 10 26
19 21 30
9 10 21
3 4 1
8 12 28
6 10 1
22 23 26
8 9 18
21 22 17
14 16 9
18 20 7
2 3 5
23 0 30
16 19 23
2 4 4
12 15 27
21 0 1
9 12 3
0 3 29
12 13 16
8 12 4
8 12 2
19 22 17
15 17 7
17 20 27
21 23 30
23 23 13
12 14 27
22 1 19
10 11 1
13 13 21
11 13 12
13 14 15
1 3 7
2 3 30
8 9 1
23 1 17
7 11 7
10 11 12
12 13 12
12 14 11
18 22 12
15 19 18
23 0 18
10 12 5
3 5 29
1 4 23
2 4 4
21 23 13
13 15 26
1 3 1
3 6 22
4 6 7
10 11 21
8 10 18
4 5 26
0 1 12
20 20 15
2 4 25
23 1 28
5 8 24
18 20 29
11 12 16
7 9 26
7 9 23
6 7 1
7 8 7
9 13 30
19 20 1
3 3 17
21 0 25
20 0 10
20 20 26
12 15 11
14 16 19
3 5 7
21 23 25
1 2 14
12 13 23
6 8 4
8 9 20
18 20 2
5 7 4
1 3 28
9 10 14
1 4 15
19 20 13
7 9 6
20 21 7
3 6 22
15 18 7
10 12 6
20 22 15
19 21 25
8 11 3
12 13 26
16 19 24
7 10 8
8 10 13
4 5 8
23 2 11
3 4 15
18 22 19
13 16 22
11 14 29
2 5 15
11 15 8
13 13 25
23 0 23
21 23 21
4 4 23
10 12 10
10 13 2
16 18 9
4 7 18
21 22 21
23 0 21
6 7 13
6 8 2
1 4 8
19 21 18
5 7 26
11 14 13
3 6 19
2 4 27
6 9 29
0 3 13
11 13 22
19 21 26
21 0 9
22 2 19
4 6 4
8 11 4
1 4 1
16 18 21
21 23 16
0 1 20
12 13 8
17 19 18
21 22 2
21 22 7
3 4 30
23 2 26
21 23 16
9 10 11
11 12 5
8 10 29
21 22 21
10 14 8
15 19 18
7 8 8
