1350 30
7 10 6 14 27 15 10 20 19 26 27 22 7 4 22 12 26 19 1 23 10 30 4 9 30 10 6 9 24 18 
17 18 20
12 13 6
12 12 17
7 7 30
4 4 3
10 14 20
4 6 9
14 15 7
19 23 28
16 17 7
0 1 24
9 11 1
0 1 2
4 7 8
4 7 29
13 15 5
23 0 23
0 2 16
10 14 20
12 14 11
14 16 29
16 16 24
0 3 11
2 4 8
2 5 21
22 1 30
16 18 26
0 1 9
7 9 20
10 12 3
0 2 14
0 2 21
10 12 26
15 15 28
13 14 24
23 3 7
18 22 17
12 14 15
20 21 5
18 21 18
22 23 2
11 12 6
5 6 1
15 16 20
20 23 25
10 13 21
23 1 5
17 21 4
6 7 7
9 10 28
7 10 9
13 16 15
16 18 28
10 12 14
11 13 14
11 12 29
21 20 20
5 6 19
6 7 26
2 4 17
3 4 29
12 14 4
9 10 11
2 3 11
19 20 18
3 5 28
23 0 26
3 4 15
8 10 22
20 22 5
4 5 4
9 10 27
11 12 24
0 1 14
23 1 28
17 22 14
14 15 10
6 9 11
3 5 15
22 0 21
16 18 19
8 11 9
1 2 8
5 8 2
13 15 11
4 7 5
18 20 19
19 21 23
3 5 27
7 9 21
5 7 28
2 3 16
12 12 5
23 0 20
14 16 28
5 9 19
22 0 6
1 4 23
16 17 17
23 0 28
13 17 10
14 16 17
0 2 9
14 17 20
23 4 19
13 15 6
9 12 2
3 5 26
16 20 10
8 11 2
11 15 7
23 1 22
13 16 2
1 3 29
18 21 23
3 5 24
21 23 21
16 16 17
8 11 10
8 11 15
18 20 26
3 5 2
8 12 22
20 21 6
4 5 21
11 13 17
5 8 14
19 20 25
12 16 8
11 14 23
0 1 7
14 16 5
8 11 14
23 2 10
3 6 7
3 5 16
11 14 23
10 13 2
20 21 4
6 9 24
22 23 8
3 6 2
20 21 24
14 17 12
3 3 10
2 4 28
8 10 19
16 20 29
16 16 27
6 8 19
20 21 30
20 22 3
19 21 18
11 14 18
7 10 20
0 4 14
7 8 28
14 16 14
23 1 25
11 13 14
4 7 11
7 9 25
23 2 22
15 14 7
2 4 27
3 5 2
8 10 30
23 1 8
21 0 13
14 16 23
17 19 16
2 4 12
12 15 29
20 22 20
5 8 26
14 15 15
3 5 12
6 7 1
14 17 23
3 4 21
1 2 22
23 1 27
5 8 18
15 16 13
15 16 8
6 7 17
8 9 30
13 15 7
18 21 27
15 17 18
20 22 6
20 22 15
21 0 18
9 11 16
6 9 25
1 4 2
2 4 29
11 15 2
4 5 24
23 1 6
16 16 17
4 8 12
5 6 20
18 19 12
8 11 12
8 12 28
4 6 13
4 6 7
4 6 12
12 15 25
5 6 20
11 12 14
0 2 4
7 8 13
21 22 15
18 20 15
4 7 29
2 4 12
14 16 14
16 18 25
13 15 26
18 23 23
10 10 11
15 18 13
3 5 10
9 12 3
14 18 29
6 7 28
0 4 28
3 4 19
22 1 2
4 7 2
23 0 22
22 0 6
2 4 25
3 5 13
6 8 22
10 12 27
13 14 9
6 8 11
20 22 30
16 20 22
23 2 12
17 18 13
19 21 24
14 17 19
4 7 13
10 12 12
12 15 13
11 15 27
21 23 11
23 0 21
14 17 27
5 6 25
8 10 23
2 4 30
16 18 5
6 6 4
0 2 3
5 7 26
19 22 3
5 6 20
17 19 1
8 11 2
18 20 17
6 9 24
13 15 19
2 3 11
23 1 4
19 22 26
18 21 28
11 12 23
4 8 19
16 16 8
8 11 27
7 7 7
15 18 21
18 19 18
10 11 20
10 12 24
16 19 12
23 3 3
10 12 22
9 12 10
5 7 24
12 15 27
15 17 12
20 21 22
21 1 15
11 13 9
10 12 10
9 11 6
0 3 7
23 2 21
16 19 12
9 11 8
20 20 5
22 23 5
1 4 23
6 7 4
4 5 13
3 4 27
8 9 6
22 1 8
19 21 5
14 16 29
4 6 4
8 12 28
16 17 29
9 12 17
1 3 26
8 10 9
6 10 20
0 4 17
4 6 13
23 1 8
19 21 12
9 11 14
16 20 2
0 2 14
4 7 4
19 22 8
2 4 7
1 4 27
12 13 14
19 23 10
16 17 30
1 2 26
10 13 22
2 5 25
8 9 29
22 23 13
22 0 7
15 14 20
20 22 18
11 13 21
17 19 27
21 0 26
23 0 10
2 3 17
14 15 8
14 17 30
18 20 13
11 14 22
7 9 16
0 2 1
22 0 5
20 22 15
6 9 28
22 0 22
22 23 18
18 19 6
8 11 20
20 0 13
1 3 8
11 12 3
1 3 28
21 23 15
7 9 27
19 21 28
21 22 13
5 7 22
5 6 8
7 10 6
19 23 17
9 13 23
17 20 9
8 10 23
7 10 10
19 21 4
18 20 1
12 14 28
5 8 16
19 21 7
5 7 12
21 0 5
15 16 18
16 17 25
3 6 19
10 11 12
15 16 20
21 22 1
0 2 15
0 5 27
12 14 5
22 0 5
20 0 17
2 2 25
23 0 20
10 11 24
9 11 23
17 19 22
14 18 16
0 1 27
10 13 3
7 8 2
15 18 1
18 21 25
1 3 19
7 10 22
12 13 20
8 11 17
18 20 16
23 1 30
7 12 19
19 20 28
22 0 11
9 11 21
20 21 16
7 9 17
19 21 5
10 13 15
22 23 27
20 23 17
17 18 26
19 20 12
16 19 23
13 15 22
22 23 5
3 5 28
13 14 29
13 15 7
8 10 23
1 3 29
23 1 4
8 10 30
0 2 3
23 23 21
19 22 5
23 1 24
0 1 11
5 7 19
5 8 12
13 14 16
14 17 7
6 9 16
21 23 3
1 2 28
23 2 14
21 23 13
13 14 24
6 9 25
0 1 27
2 3 9
23 2 18
6 8 21
3 6 17
0 3 20
20 0 3
20 21 13
7 9 19
13 15 23
5 8 4
21 0 14
1 3 3
9 10 6
0 0 12
12 15 2
18 21 17
20 21 26
22 0 7
16 18 8
19 21 24
4 6 2
23 23 10
9 10 30
2 4 19
11 12 21
17 20 13
18 20 22
0 3 2
10 12 10
11 12 18
16 18 14
18 21 8
15 18 26
14 15 6
18 20 19
6 7 6
2 4 2
22 0 27
2 5 2
17 18 21
2 5 2
19 21 2
20 22 19
8 9 17
17 19 24
2 4 28
15 17 6
1 3 16
7 9 14
20 21 24
10 12 20
3 5 9
13 17 1
23 23 30
4 5 21
3 3 19
19 20 22
19 23 4
14 16 28
8 10 24
5 7 17
20 22 1
13 16 3
18 19 1
18 20 16
14 15 18
11 13 11
3 5 2
14 15 23
3 6 30
3 4 26
2 5 12
16 18 9
12 16 1
12 13 24
10 11 25
0 3 27
18 18 16
5 5 21
19 22 17
13 15 8
13 16 30
23 1 6
10 11 25
14 17 16
7 10 5
15 20 10
21 23 14
5 6 7
14 17 6
6 9 23
17 19 23
6 7 3
0 2 20
23 1 18
17 20 17
2 6 28
22 1 5
1 3 27
11 13 21
18 20 18
5 7 11
15 17 22
20 0 16
6 9 29
6 7 22
0 1 19
23 2 14
6 9 11
20 22 27
0 2 2
13 15 17
12 15 30
15 17 10
14 16 2
19 22 14
7 8 17
17 18 26
5 6 10
8 10 28
3 4 28
17 19 27
23 1 29
9 12 4
19 21 8
0 3 12
22 0 25
1 1 13
5 8 20
23 0 7
18 18 7
22 0 8
13 14 17
9 12 13
1 3 20
5 5 20
7 8 14
0 3 12
2 3 6
3 6 9
17 17 1
14 16 24
0 1 17
1 3 19
18 21 27
8 11 12
4 6 16
0 0 12
20 20 22
16 19 13
12 14 29
6 10 5
17 16 9
17 18 12
0 1 4
22 0 30
5 6 4
3 3 4
21 23 3
2 4 27
11 13 11
14 16 22
2 4 12
20 22 10
22 0 18
17 19 23
17 18 11
15 17 22
15 17 10
4 7 8
14 16 8
9 10 13
2 3 27
21 1 6
9 11 10
20 22 1
11 12 6
7 8 30
20 21 5
3 4 11
23 0 1
21 0 19
12 14 9
1 4 5
5 7 30
19 22 28
21 22 8
3 4 30
10 11 6
0 2 28
19 20 28
3 6 23
2 5 14
9 10 11
1 3 25
14 15 30
23 2 25
23 0 18
19 21 8
9 11 2
3 5 26
5 6 5
21 23 15
4 7 21
19 22 19
16 19 6
8 8 27
16 18 4
8 12 24
23 1 13
18 20 18
20 22 27
16 18 12
21 22 17
20 21 22
17 19 12
8 10 25
17 21 16
1 1 23
2 6 30
2 2 12
15 18 1
2 2 19
21 0 13
8 10 28
16 18 8
4 6 26
12 15 23
21 23 27
13 16 28
10 13 30
12 15 28
0 1 16
23 1 18
15 17 7
4 7 13
21 22 4
17 21 30
0 2 26
21 22 11
15 18 2
2 4 10
0 3 14
13 15 9
12 14 14
6 7 2
17 18 5
11 14 6
18 21 1
22 2 14
20 22 23
2 5 14
9 13 25
2 4 25
16 17 2
4 6 4
10 10 27
0 3 30
15 16 22
4 5 4
11 13 14
10 12 9
20 21 17
0 1 2
14 15 11
0 2 14
23 1 3
23 0 22
3 4 15
20 23 17
17 19 20
19 21 19
8 9 11
9 12 30
15 19 5
17 19 21
23 2 4
6 9 12
11 12 2
21 21 7
8 10 1
14 15 17
22 1 7
5 8 18
4 7 1
0 3 3
18 21 2
10 12 7
1 2 27
2 3 19
4 7 24
1 3 25
21 22 9
16 17 21
4 6 28
23 2 13
15 18 28
14 16 23
6 8 9
15 17 17
13 15 7
22 1 27
3 5 21
19 22 27
2 4 5
6 7 27
11 11 3
23 1 12
2 5 7
18 19 19
13 15 17
10 12 25
13 16 16
19 21 7
3 5 13
16 18 23
11 13 13
12 15 22
5 7 2
13 16 16
1 4 7
4 5 12
19 21 3
18 19 6
19 22 15
23 3 20
19 20 27
10 12 8
7 8 1
2 5 25
4 8 29
3 6 17
16 17 25
23 0 7
14 15 15
19 21 14
22 2 15
8 10 16
0 2 9
21 22 6
3 5 27
11 14 22
16 19 29
17 20 10
23 3 12
1 4 25
4 6 17
17 20 24
18 20 24
2 4 21
11 12 10
22 1 8
12 14 11
4 6 6
20 20 8
8 9 13
2 2 16
0 1 30
14 16 26
12 14 19
16 15 21
2 4 8
9 9 23
17 18 5
21 22 11
0 2 25
21 22 9
8 9 30
10 12 20
2 4 20
12 13 29
16 19 9
1 2 21
8 12 27
14 16 25
11 11 22
23 2 14
15 19 13
11 14 16
21 23 23
20 21 30
18 19 17
18 21 14
14 15 11
23 0 30
14 16 13
21 23 2
1 3 28
21 0 10
0 2 6
19 21 1
7 9 22
18 21 29
4 6 29
13 17 23
8 8 7
0 2 12
18 21 18
13 14 6
21 1 27
23 1 1
2 4 26
6 9 6
19 21 29
13 15 17
20 22 22
14 16 22
6 7 29
10 13 7
9 12 21
17 21 29
11 12 30
18 19 1
3 5 1
6 9 22
22 1 16
4 7 22
4 6 11
16 18 2
18 21 30
4 4 8
16 18 8
22 1 15
13 15 23
14 16 26
11 11 22
16 18 7
16 18 22
13 13 29
18 21 28
19 21 23
18 22 14
10 13 16
12 15 24
13 15 17
7 8 24
9 11 23
23 2 27
2 4 7
20 21 19
1 1 30
2 3 2
19 23 10
5 6 22
22 0 13
17 18 3
1 3 4
10 10 21
9 12 13
17 20 4
9 10 25
20 21 12
12 14 16
9 11 18
2 5 19
5 7 18
5 6 30
21 23 16
7 7 7
1 4 12
15 18 5
16 19 19
11 13 28
12 16 8
19 23 7
4 4 30
11 14 7
20 20 28
13 16 20
10 12 1
20 23 21
7 9 19
18 23 23
5 5 30
11 12 29
9 12 25
0 3 12
14 17 30
8 9 29
15 17 20
3 6 1
9 12 19
23 0 25
14 15 20
23 2 13
19 21 7
4 7 3
8 10 24
23 0 5
16 18 20
4 7 6
21 0 25
2 2 9
15 16 14
11 14 8
16 16 1
3 5 7
17 20 13
15 17 7
18 19 15
18 18 11
20 22 17
8 10 15
15 16 21
14 18 1
3 5 8
7 8 10
7 10 21
6 8 13
1 1 24
10 13 13
15 16 2
18 20 5
16 18 4
23 1 10
15 18 3
6 9 25
0 0 3
21 23 17
1 4 7
6 9 27
22 0 25
18 19 8
10 11 6
18 20 12
4 7 7
1 4 16
18 20 17
10 13 19
20 23 18
4 4 19
10 12 29
7 8 14
17 18 15
0 1 16
1 2 29
4 6 17
19 21 15
23 1 4
20 22 24
22 0 21
9 11 1
0 2 5
9 12 5
18 20 12
20 22 21
4 7 30
15 15 1
22 1 22
9 11 10
6 8 9
13 15 9
17 19 22
18 20 29
22 23 13
5 8 12
20 21 16
6 8 3
18 19 22
10 12 6
17 19 26
23 1 18
1 3 25
2 4 15
21 0 3
20 0 4
10 14 23
10 13 3
1 3 24
12 14 5
10 11 6
20 22 28
10 12 1
6 8 25
23 0 23
21 1 12
23 22 9
11 13 3
20 23 1
14 18 28
13 15 20
16 17 12
0 3 3
21 23 5
0 2 10
3 6 7
11 12 15
13 15 13
18 19 18
11 13 15
16 19 4
13 15 4
3 6 6
19 22 21
2 3 21
19 21 5
12 15 14
19 20 13
12 12 23
7 10 9
10 13 29
8 11 19
21 2 18
16 18 6
8 11 17
20 21 21
8 9 7
5 8 30
17 19 3
19 20 23
9 11 21
9 10 13
22 0 26
11 15 26
4 7 14
3 5 28
23 1 29
6 7 29
16 17 8
15 16 5
3 6 21
1 5 4
18 19 13
18 20 8
20 21 30
5 6 29
9 11 25
5 8 21
13 15 12
23 1 24
21 23 7
8 10 24
6 7 3
16 19 9
3 6 1
20 22 4
11 13 26
0 3 20
18 21 30
18 20 5
8 10 5
13 15 11
20 20 3
5 6 13
5 8 2
2 5 18
16 19 5
3 4 17
9 12 9
20 22 15
20 22 14
20 23 15
17 18 1
23 0 26
1 3 17
12 13 1
15 16 25
12 15 18
1 4 13
21 0 29
11 13 21
6 6 23
21 22 21
2 2 16
3 5 2
18 21 2
14 15 20
13 15 1
4 8 6
5 8 8
12 13 14
17 20 27
0 2 8
10 12 16
9 11 9
4 5 3
4 6 8
14 16 13
10 14 4
11 15 24
4 6 5
11 13 17
21 1 2
18 20 5
14 17 15
17 18 27
12 14 24
21 0 9
0 3 24
14 16 24
14 16 11
16 16 6
5 6 13
8 10 6
16 18 18
5 8 3
20 21 14
20 21 3
7 9 15
0 1 30
5 6 30
0 1 24
17 17 12
7 10 27
20 22 13
9 12 5
20 22 10
3 6 3
9 9 9
23 1 16
4 7 21
3 3 27
18 21 21
2 4 8
20 0 17
23 0 5
22 1 21
7 8 10
11 12 12
0 2 16
12 13 22
8 10 19
22 1 11
21 22 8
15 18 1
23 0 24
5 5 8
11 12 9
19 20 15
23 1 4
2 4 3
12 14 3
20 21 16
14 17 7
13 12 17
21 1 14
21 23 4
23 1 6
9 9 21
6 7 19
19 21 22
2 6 29
11 13 17
18 20 3
0 2 25
4 6 1
4 5 9
8 9 1
4 7 27
14 17 10
21 23 5
16 20 22
0 1 13
21 0 29
15 17 30
9 9 23
20 23 23
10 12 26
15 16 28
11 13 28
10 13 28
5 6 12
18 20 24
6 8 15
4 5 21
22 2 15
3 5 22
3 4 2
17 20 6
13 15 3
19 21 24
20 23 22
2 5 12
21 22 15
5 5 7
20 21 30
0 0 30
23 1 28
21 23 29
19 21 18
3 4 27
4 5 11
17 18 5
13 14 29
0 4 9
12 14 27
14 18 6
21 21 21
13 16 21
0 1 11
1 4 10
6 8 11
3 4 19
22 0 17
22 2 19
5 6 23
22 23 13
7 9 13
17 19 16
19 23 10
14 15 17
7 8 21
2 4 18
19 22 22
4 7 1
10 14 24
5 6 14
9 12 26
19 22 6
13 15 9
11 12 23
14 18 2
5 7 24
0 1 3
17 17 6
21 22 27
23 0 15
11 13 23
20 1 19
22 22 20
15 17 11
11 12 3
6 8 27
16 19 27
21 22 18
8 10 22
10 11 5
1 5 24
15 18 11
17 19 22
7 8 5
18 21 16
16 18 8
15 16 1
9 10 22
7 8 3
17 19 26
19 21 10
3 6 13
2 5 26
11 13 6
10 13 10
16 17 25
18 21 24
2 3 19
18 22 20
9 10 29
8 10 5
11 14 29
5 8 26
22 1 5
11 14 26
20 23 22
9 13 16
13 15 21
13 15 19
7 11 19
6 8 3
5 8 10
17 20 29
8 11 29
18 21 18
20 23 24
2 4 22
19 21 5
21 23 29
22 22 24
4 7 22
19 22 14
17 19 14
10 12 16
1 3 25
8 10 9
22 0 13
1 2 18
1 4 16
9 11 7
14 16 27
0 2 24
22 2 18
14 16 10
0 2 7
5 8 9
23 1 4
9 10 12
23 1 10
9 12 13
20 22 25
21 23 13
9 10 5
4 6 28
2 3 6
20 22 27
16 19 4
16 17 9
11 13 7
11 12 5
3 4 6
2 2 30
10 10 28
12 15 20
13 16 17
20 22 19
18 19 18
6 8 20
13 16 2
9 12 28
