1370 30
7 20 11 12 21 11 16 6 9 24 9 12 13 8 19 11 29 27 3 25 13 3 10 14 11 21 2 23 28 13 
16 18 30
20 21 25
21 23 24
19 21 13
20 21 20
20 21 11
20 22 26
23 1 7
0 1 2
1 2 12
0 0 12
8 8 12
22 22 6
20 20 27
22 1 18
5 7 1
14 15 22
22 0 3
12 14 6
3 7 2
14 19 4
8 9 16
14 17 12
8 9 9
19 23 11
3 5 9
14 15 25
11 13 20
15 16 29
23 1 19
15 17 19
23 1 4
3 5 11
9 10 13
14 16 7
13 16 26
17 19 28
16 14 9
9 11 30
12 14 3
4 6 30
2 4 29
1 2 14
0 1 24
7 10 29
12 14 27
0 3 29
0 0 19
14 16 30
2 2 23
9 11 12
14 15 6
2 4 17
14 14 12
19 21 3
7 10 20
22 0 4
2 3 24
23 1 5
15 18 12
22 1 29
5 6 10
15 18 24
19 20 11
13 15 28
0 1 2
11 14 3
18 19 20
6 7 25
22 23 4
14 17 10
20 23 2
2 5 12
10 12 14
1 2 2
15 17 21
1 4 25
7 11 15
3 4 2
11 11 13
1 4 13
23 0 24
2 5 10
14 16 29
14 16 2
18 21 21
7 8 7
9 10 10
20 0 8
19 20 27
8 11 1
22 0 11
9 13 14
14 16 21
16 19 13
15 17 7
22 1 6
4 6 14
9 11 21
8 10 27
7 11 16
4 4 8
17 19 2
23 0 3
0 2 10
11 12 13
0 1 23
20 23 21
11 14 17
9 9 14
7 10 19
18 20 4
8 9 23
4 5 2
8 9 11
13 16 8
19 20 28
7 10 5
1 3 23
22 0 11
9 11 27
18 19 21
17 20 30
12 13 22
18 20 7
19 22 11
21 1 15
3 5 23
23 0 10
9 11 6
22 23 22
0 3 14
5 5 20
4 6 25
6 8 21
21 0 18
11 12 2
9 10 29
16 18 19
20 20 15
19 21 2
22 23 18
8 10 26
4 7 18
13 16 17
10 11 14
22 1 24
5 6 30
18 19 22
23 23 12
11 13 9
17 17 9
20 23 16
6 10 13
17 18 30
4 6 20
2 3 13
22 0 5
22 23 20
15 17 9
14 17 23
20 22 26
18 20 20
8 9 12
0 2 24
20 0 25
6 6 6
18 18 29
3 5 18
22 2 2
16 18 18
17 19 19
17 18 24
12 14 13
21 23 13
15 17 15
16 18 12
22 0 29
19 21 20
3 6 25
5 7 28
9 11 27
23 2 11
15 18 8
11 13 29
3 5 16
15 17 22
0 4 20
1 3 21
8 10 19
9 11 16
9 12 23
20 22 16
11 13 25
9 10 16
21 23 15
18 18 12
8 11 7
7 9 10
6 8 10
5 7 7
22 23 4
22 0 3
4 6 26
5 8 17
3 5 19
23 2 27
21 23 9
6 8 21
3 5 3
12 13 20
16 17 25
8 10 18
13 15 10
4 6 4
22 23 2
0 1 17
16 19 19
4 6 21
7 8 17
7 10 5
0 1 14
8 10 16
14 16 26
3 6 24
0 3 14
22 23 24
19 22 10
15 16 25
4 6 29
10 12 21
22 0 17
7 10 27
21 23 11
3 4 28
17 19 9
1 4 19
8 10 25
18 20 18
2 5 30
14 15 3
8 10 25
6 7 8
14 18 20
0 3 5
13 14 16
15 19 29
15 17 20
7 9 7
0 3 22
17 20 19
8 11 17
14 15 29
18 20 23
4 7 14
3 7 7
21 22 8
1 4 6
22 23 10
6 9 30
12 13 13
21 0 1
0 2 9
15 16 7
19 21 29
18 20 30
12 14 7
10 12 24
14 16 12
11 12 4
6 6 30
3 5 15
22 1 19
19 21 17
6 7 2
2 4 16
16 19 23
0 2 20
18 19 13
18 20 15
19 21 9
10 11 2
9 11 15
6 9 28
20 21 1
13 13 10
3 4 2
6 7 28
8 9 26
13 14 1
6 8 5
9 11 29
10 11 27
4 6 4
20 22 24
8 11 10
8 9 15
1 2 8
21 23 1
19 21 26
5 8 5
10 12 2
11 14 22
10 13 25
4 6 3
11 13 30
7 8 21
3 4 12
7 9 26
20 22 28
12 15 8
21 23 20
10 12 4
0 2 29
5 9 3
7 8 8
3 7 19
15 18 16
20 22 2
2 4 2
9 12 22
21 23 3
18 17 10
20 22 21
17 19 26
17 19 1
8 10 29
3 6 9
1 3 27
12 15 11
22 1 25
8 11 15
9 10 7
14 15 29
6 8 26
10 15 16
14 15 11
12 14 9
9 12 14
19 21 5
16 19 9
16 19 9
4 8 12
23 2 20
12 15 21
2 4 5
6 8 30
8 10 29
8 10 16
16 18 17
18 19 20
16 18 6
7 9 5
10 11 18
11 16 24
1 2 11
23 1 6
17 18 13
19 23 14
20 21 12
18 22 11
23 1 24
15 17 12
17 19 26
6 8 4
3 5 30
3 6 14
22 0 10
21 23 12
1 3 17
6 7 7
11 14 16
11 12 30
6 8 18
12 14 5
16 20 7
13 14 16
1 3 16
4 7 29
8 10 3
22 23 27
17 19 23
17 19 21
0 2 4
18 21 3
16 18 18
4 7 20
21 23 1
9 12 27
11 13 1
19 22 1
16 18 20
20 21 14
6 7 24
23 1 26
20 21 30
19 20 6
12 13 13
0 3 29
0 3 13
23 1 30
20 21 11
23 1 15
2 4 22
4 6 12
22 22 15
13 14 17
7 10 3
6 8 12
16 19 29
20 22 21
19 20 29
14 17 21
15 16 21
1 3 11
13 17 18
20 23 1
17 18 17
1 0 26
21 23 19
5 7 8
15 15 19
12 13 20
7 11 8
22 0 21
12 14 21
12 14 29
8 9 9
21 23 30
1 3 8
7 7 21
22 0 1
2 4 4
2 3 29
2 3 16
15 18 1
6 9 14
16 20 21
21 22 23
5 5 27
15 17 9
8 9 27
22 1 2
0 1 17
2 4 29
22 0 13
22 23 7
7 9 8
22 1 14
2 4 8
18 21 13
18 22 18
20 20 7
10 13 26
18 21 20
23 2 29
13 14 22
2 3 10
8 11 6
18 20 7
11 13 29
20 22 9
9 10 4
17 19 2
13 14 22
7 7 25
15 15 10
1 3 12
20 22 5
17 19 23
4 7 26
20 21 24
9 11 30
7 9 29
9 11 13
12 13 13
15 19 6
11 14 13
4 5 23
7 10 23
11 12 26
20 22 26
15 17 7
12 14 27
1 3 30
20 22 3
10 13 7
9 11 11
14 17 7
16 19 19
9 11 10
23 2 14
8 8 27
15 16 16
3 4 18
1 4 1
6 6 29
14 16 28
23 0 5
3 6 12
17 18 19
7 9 20
17 19 27
10 13 29
3 5 1
20 23 14
18 20 14
15 17 24
4 6 10
11 12 19
8 9 3
8 11 7
9 11 15
12 14 25
2 4 21
3 5 27
16 18 5
6 7 6
14 15 28
10 11 24
10 12 19
12 13 2
1 2 24
0 2 25
3 6 28
20 20 18
23 3 8
6 8 29
8 12 12
3 4 5
1 2 2
13 13 21
7 10 4
15 17 3
21 1 23
21 22 4
20 21 6
22 0 14
7 9 20
0 1 29
5 8 4
13 13 24
7 8 22
22 21 1
7 10 25
9 10 6
3 4 15
11 14 20
14 16 19
6 8 3
10 12 20
18 19 12
14 15 16
4 7 11
2 4 8
11 12 29
16 17 22
10 12 29
1 2 14
8 11 26
2 4 6
18 18 14
21 0 29
11 14 17
23 2 17
20 22 29
14 14 10
21 22 19
13 15 2
21 21 2
23 2 10
4 5 3
20 22 15
2 6 2
11 14 13
9 12 18
6 7 9
13 15 1
0 1 10
7 9 10
12 14 23
18 19 2
3 5 27
18 19 8
19 19 28
10 11 21
15 16 4
18 20 18
8 10 7
14 16 24
2 2 7
1 4 12
13 15 19
2 4 24
20 22 21
4 6 17
22 2 3
15 17 17
20 22 28
7 10 15
9 12 26
17 19 3
5 7 9
5 7 27
8 12 23
11 11 9
11 13 17
8 9 19
1 4 23
15 17 25
3 4 9
0 2 18
7 9 22
1 4 6
2 5 22
20 23 13
20 22 8
22 1 6
16 20 16
10 10 18
4 7 26
10 13 12
6 7 5
15 19 6
5 8 19
12 14 23
10 12 18
17 20 14
2 3 3
14 17 21
12 14 27
9 11 1
9 11 12
22 2 26
17 19 29
7 7 27
12 13 18
15 15 20
21 23 3
17 18 30
21 0 4
19 21 28
21 23 11
0 3 10
13 14 4
10 11 15
18 22 24
5 8 5
16 19 26
2 4 6
10 11 2
17 18 14
2 3 11
1 3 4
8 10 10
20 22 12
23 23 6
10 12 19
13 15 2
4 9 18
4 5 12
11 14 8
20 21 17
3 5 27
5 8 28
7 9 20
13 14 18
2 4 10
9 12 27
14 17 30
20 22 1
2 6 6
21 23 10
6 7 26
21 23 4
6 10 6
8 10 30
17 18 25
0 0 24
8 10 23
2 5 1
4 6 2
6 9 9
14 15 2
0 3 23
16 19 5
4 6 4
17 20 10
10 11 12
20 22 3
23 23 26
22 1 14
10 13 9
10 12 26
1 3 30
20 21 29
0 2 11
10 10 11
3 6 10
1 2 26
2 5 23
1 4 6
5 7 18
7 9 2
12 14 7
13 15 18
17 18 28
15 19 8
18 21 24
16 17 7
1 3 29
22 1 5
7 6 25
6 9 29
9 11 24
10 12 5
3 5 28
0 1 11
22 23 19
13 15 21
12 13 15
20 21 20
16 19 7
18 20 11
22 22 14
2 2 21
7 7 23
5 8 6
9 11 27
5 9 16
12 13 25
23 4 1
21 22 7
2 4 15
1 3 24
17 19 24
0 2 23
7 9 16
10 13 15
18 19 24
2 4 12
19 21 21
6 7 20
13 17 24
16 18 13
20 20 22
10 12 25
7 9 4
11 14 4
14 17 24
19 0 29
14 17 19
22 0 12
9 11 19
18 19 13
1 3 2
11 10 27
20 22 21
4 7 30
17 19 10
19 21 12
11 13 27
21 1 4
17 19 18
2 4 20
8 10 10
23 0 5
5 5 25
16 18 23
18 21 9
8 9 17
4 5 21
22 1 16
7 10 24
2 3 4
9 11 4
19 22 27
3 7 21
14 17 29
3 8 9
8 9 10
22 0 4
4 6 3
11 15 28
0 4 21
2 5 12
9 12 25
9 10 15
0 1 17
0 2 14
9 10 27
10 13 29
9 11 24
14 17 20
2 5 29
16 18 19
3 6 6
16 18 16
8 11 11
11 14 11
7 8 16
20 22 17
21 22 25
12 14 14
21 0 2
15 18 23
4 7 2
13 15 21
17 18 6
9 10 1
5 9 10
22 0 16
0 2 6
7 8 13
13 15 17
23 1 18
22 0 14
21 22 13
16 17 22
1 4 5
17 20 3
6 8 7
17 18 12
23 1 9
4 6 3
23 1 2
15 17 16
9 12 5
11 13 14
10 12 24
23 1 25
21 0 17
16 16 14
22 21 6
0 3 3
1 4 5
3 4 7
22 23 14
0 0 30
16 18 6
23 23 3
8 10 18
19 22 30
10 13 27
4 7 29
11 14 25
18 19 12
9 13 4
5 8 4
21 22 30
17 20 21
5 7 20
14 16 13
18 20 14
5 6 18
1 2 19
3 4 30
12 14 15
14 16 17
22 1 7
11 14 24
22 0 4
17 18 27
15 18 13
20 20 28
12 13 12
22 1 10
4 6 8
13 17 20
9 10 28
10 11 13
12 15 23
20 22 12
19 21 26
13 15 16
22 1 9
17 18 19
18 21 12
20 0 1
5 8 11
11 12 25
21 22 25
9 10 3
3 4 14
7 10 3
7 9 1
18 20 18
18 19 7
7 9 6
3 6 25
15 16 16
17 21 6
12 13 23
21 1 6
12 15 30
12 13 11
9 11 2
3 5 11
18 19 6
20 23 23
4 5 7
4 6 3
8 8 8
3 4 5
16 18 3
0 1 27
8 9 13
10 11 13
11 13 2
21 23 3
17 20 4
5 6 21
16 19 1
19 21 1
0 4 6
3 3 8
19 23 17
15 16 6
0 1 12
2 5 6
19 21 4
20 20 7
23 2 25
0 3 8
12 14 12
10 14 20
18 21 13
8 9 5
9 12 10
5 8 18
9 13 6
4 6 21
7 10 21
3 5 19
17 19 19
1 4 25
3 7 15
3 3 19
20 23 18
15 16 1
20 20 15
2 6 23
7 9 8
4 7 2
13 15 22
21 23 10
16 18 22
14 17 29
0 2 3
14 17 22
1 2 12
17 20 25
23 1 11
15 19 30
8 10 17
2 2 12
1 5 2
20 21 18
16 15 8
0 0 30
14 17 20
9 9 9
17 18 20
21 22 11
16 17 27
0 2 23
3 3 28
9 10 10
17 19 25
8 10 19
17 19 29
18 20 9
21 23 18
3 4 12
2 5 5
17 19 16
10 14 9
3 6 7
18 20 4
14 16 1
16 18 13
16 19 20
3 5 9
15 16 27
8 11 28
0 3 4
23 1 9
21 22 26
20 23 2
7 9 23
11 12 18
14 16 17
7 7 25
10 13 12
5 7 5
0 2 28
1 2 8
7 11 21
12 14 20
23 1 9
18 20 11
12 14 24
18 21 13
4 7 2
19 20 1
4 5 26
20 1 10
2 4 12
20 22 16
9 11 28
3 5 23
16 19 1
11 13 12
22 1 21
20 23 16
3 6 22
2 2 7
16 19 27
1 3 3
9 11 18
19 22 30
22 0 19
15 17 14
6 9 14
14 15 3
4 7 27
19 22 3
12 15 12
1 2 1
7 7 20
7 10 28
9 12 26
4 7 22
1 5 11
12 14 12
5 7 25
16 19 3
7 9 20
10 14 30
3 5 17
7 8 16
15 17 26
13 15 7
13 16 16
9 11 20
22 23 29
22 1 17
14 15 16
22 1 27
10 12 20
9 10 6
22 23 8
20 22 8
19 22 18
22 1 28
20 21 23
22 1 13
3 4 17
19 21 9
19 20 19
20 23 25
4 6 11
23 1 14
16 18 4
15 20 10
11 13 18
21 0 16
4 7 13
17 18 8
12 14 22
20 21 6
17 18 13
21 23 17
9 12 27
22 22 16
5 5 7
7 10 19
4 7 21
14 13 24
20 21 29
13 15 8
4 8 2
23 1 17
7 10 13
16 17 19
18 22 22
18 18 16
4 7 30
19 21 25
2 5 14
15 18 28
4 5 21
7 9 20
12 14 5
4 5 10
16 18 3
18 21 29
7 7 6
22 23 25
6 6 29
6 8 7
18 20 15
18 19 5
7 8 23
17 20 8
2 5 6
17 19 20
12 13 4
17 20 19
7 9 10
3 5 29
3 6 27
19 20 4
0 3 15
9 10 3
8 10 5
21 23 1
13 17 5
0 1 22
9 11 11
19 22 9
21 23 9
13 14 18
14 17 23
12 15 22
9 12 10
9 11 25
9 11 16
22 1 15
14 16 7
11 12 17
2 4 1
5 6 27
19 21 21
7 9 1
14 14 3
18 20 21
20 21 12
14 17 8
21 23 3
0 2 6
22 23 14
17 18 19
0 1 20
22 0 21
0 2 24
23 0 22
10 13 7
11 13 1
1 2 28
4 5 4
13 14 4
0 0 8
1 4 11
6 7 13
18 21 15
23 2 24
7 9 20
10 13 5
20 22 3
3 5 6
23 1 29
7 7 6
17 20 24
13 16 1
12 13 28
10 12 26
15 18 24
19 22 8
16 19 27
17 19 29
5 6 27
3 5 25
14 16 12
17 16 2
10 10 29
4 5 20
13 17 26
17 20 7
18 19 25
13 15 4
2 5 23
19 18 25
10 11 13
6 8 30
12 13 26
1 3 21
10 12 11
17 19 10
20 0 7
21 23 21
2 3 9
17 18 9
19 22 14
8 9 4
10 13 13
8 9 21
4 7 16
14 14 13
21 23 14
3 7 16
11 13 15
8 9 4
21 22 30
9 12 4
11 14 20
2 2 25
15 16 30
14 16 24
22 23 10
8 11 6
8 11 8
22 23 25
17 19 29
0 3 3
12 15 30
14 17 29
11 14 21
2 5 18
17 17 18
2 4 13
23 2 11
15 19 5
19 21 3
16 17 1
21 21 23
22 0 12
5 7 4
8 10 27
7 9 23
1 3 27
4 7 4
16 18 17
9 11 7
8 11 12
13 15 7
18 20 18
2 2 11
3 4 22
16 18 3
11 14 20
23 1 12
12 16 29
21 0 26
21 23 29
4 5 9
6 9 24
7 9 14
18 19 21
7 8 15
18 22 18
2 5 2
18 19 28
23 0 4
14 14 27
7 8 11
23 0 19
18 21 1
19 21 23
4 7 7
7 9 4
10 11 5
13 15 24
12 15 9
9 12 18
0 2 16
20 22 25
7 9 26
5 8 9
8 12 10
23 1 15
9 12 1
17 19 7
3 4 15
11 13 16
9 11 15
22 0 23
12 14 30
6 7 4
14 16 10
2 6 24
0 2 14
7 10 26
3 4 25
18 20 29
0 2 13
17 21 1
20 22 28
20 23 3
5 8 30
14 16 1
1 1 4
12 15 10
1 5 20
14 17 16
10 12 1
11 13 6
9 10 5
23 1 11
5 8 16
12 14 11
20 22 12
23 23 21
0 1 9
6 7 19
10 12 29
5 8 22
22 23 11
14 15 1
5 6 23
8 10 7
20 22 25
3 5 8
10 13 17
19 21 1
2 3 30
17 18 16
10 14 29
1 4 16
13 14 9
1 3 27
9 10 23
5 7 8
3 4 12
3 5 14
13 16 26
11 12 5
23 1 19
17 17 25
19 21 13
10 11 14
18 20 7
12 13 15
13 15 4
2 5 11
6 7 9
5 7 18
4 6 22
19 21 29
9 11 6
10 12 27
5 6 5
12 16 28
10 12 3
17 18 4
0 3 7
22 2 12
10 12 8
0 1 9
14 18 9
21 0 28
17 18 6
17 18 5
20 0 17
8 9 25
12 15 7
13 16 24
20 21 22
13 14 16
16 18 13
18 19 5
5 6 8
11 12 24
22 0 20
6 8 4
3 4 11
20 22 22
10 11 27
22 1 17
22 23 20
