1340 30
12 4 14 2 10 18 28 5 30 12 29 16 19 27 4 30 19 18 7 14 3 13 28 24 15 12 23 13 12 23 
5 10 6
10 13 20
11 15 5
8 9 10
3 6 21
16 18 22
0 3 7
15 18 30
8 10 21
6 7 19
4 6 26
23 1 20
16 19 27
13 15 13
20 22 17
17 20 6
15 17 2
11 14 6
1 2 14
17 19 11
5 6 20
7 9 6
19 21 27
22 0 12
10 11 27
7 9 20
19 19 8
12 14 22
11 13 13
16 19 14
11 12 27
8 10 29
19 21 2
10 12 27
16 18 4
6 9 14
5 7 2
13 15 9
7 9 29
8 10 5
17 20 5
12 14 10
11 14 13
22 1 28
11 13 21
8 10 6
20 22 30
15 17 27
22 23 13
12 13 13
11 13 8
9 11 5
9 11 13
1 5 20
2 5 18
12 14 3
21 1 21
2 4 30
0 2 27
7 8 18
10 13 6
0 2 28
10 11 22
0 2 21
16 16 17
16 16 4
11 12 13
15 19 9
22 23 12
17 19 20
22 1 12
19 21 1
18 21 11
14 15 10
0 2 4
5 6 8
3 4 20
18 19 3
18 21 28
4 7 30
9 12 29
20 23 1
20 1 12
17 19 26
7 9 1
16 16 14
13 15 15
7 8 8
8 10 16
6 9 20
13 17 15
13 15 14
12 15 27
8 10 6
7 10 2
19 22 26
21 1 2
5 7 7
0 0 13
18 20 20
3 4 3
4 6 22
19 22 7
23 2 3
2 3 27
15 18 30
6 9 5
9 11 10
15 18 8
22 23 22
16 19 27
11 13 20
11 13 14
5 6 15
6 7 29
21 23 9
13 14 21
20 0 29
3 5 21
3 4 17
19 20 29
20 21 22
17 19 3
3 4 27
14 16 16
6 8 19
6 8 1
13 15 29
6 7 18
19 20 21
2 4 6
14 17 4
20 23 11
21 22 6
23 23 18
19 22 17
17 19 28
1 2 9
6 10 16
18 19 20
10 12 7
18 21 8
9 10 9
8 11 9
12 15 19
9 11 16
13 15 17
22 0 25
13 14 5
18 21 27
22 0 30
18 20 8
3 5 24
17 19 27
20 22 28
21 23 18
12 14 5
18 18 21
19 19 9
0 2 11
5 7 16
7 9 13
17 19 18
2 3 22
0 2 11
23 2 19
3 5 10
12 14 26
6 7 18
13 17 6
19 20 7
2 3 25
8 8 3
7 11 21
6 7 27
13 14 18
21 23 17
18 21 9
21 23 9
3 5 17
4 8 4
16 18 11
7 10 20
7 9 9
9 10 21
4 7 12
10 14 3
5 6 16
13 14 7
12 14 18
7 7 12
9 10 27
2 5 5
15 18 8
13 16 2
3 5 16
19 21 18
4 8 1
8 8 30
9 11 29
23 2 6
21 23 15
8 10 30
5 5 8
23 3 26
5 7 18
3 7 15
21 23 11
12 13 19
3 5 6
17 18 13
17 17 26
0 2 17
14 16 1
3 6 25
5 6 16
15 15 21
15 18 8
13 17 21
15 17 17
10 13 3
17 19 22
11 14 1
6 9 4
0 2 24
1 4 22
5 7 13
4 5 30
8 8 12
13 15 24
12 14 26
21 0 28
22 0 20
22 23 1
5 6 4
15 17 13
6 6 11
18 18 2
19 20 16
22 1 19
9 12 29
9 11 17
1 3 5
0 0 27
13 15 12
1 3 3
0 2 18
10 12 15
3 4 10
23 0 17
11 14 9
2 4 30
0 2 24
0 1 2
7 10 24
16 16 17
4 7 3
3 4 26
2 4 13
20 22 22
0 2 13
0 2 26
0 3 16
4 4 22
5 7 24
3 5 13
14 14 16
8 9 21
9 10 2
4 6 17
21 22 2
16 18 21
20 22 26
20 21 23
21 22 6
13 13 20
19 21 6
3 4 3
6 8 11
9 11 14
2 4 20
19 23 9
12 14 2
1 4 26
23 1 25
6 9 17
17 18 29
14 18 12
11 12 4
17 17 22
0 3 15
5 9 6
14 16 3
13 14 28
4 6 10
22 0 19
12 15 16
5 7 22
1 2 28
12 13 29
9 11 28
10 12 17
2 2 21
6 6 13
21 23 8
22 1 24
2 3 22
5 7 21
21 1 7
11 14 2
7 9 2
10 13 21
19 19 20
12 13 15
6 7 23
19 0 9
12 15 6
18 20 25
8 9 13
17 19 20
20 21 26
10 13 12
7 8 11
23 2 10
7 10 10
23 1 9
9 11 13
14 15 18
23 2 20
10 12 10
22 0 18
11 14 1
4 7 30
9 10 23
5 7 16
0 1 23
0 3 10
19 21 4
19 21 10
10 13 23
15 17 19
5 8 16
12 16 28
21 23 16
14 16 18
9 11 22
19 19 29
12 15 23
17 19 30
4 5 26
8 9 29
16 21 1
9 12 5
15 15 27
6 8 3
11 12 12
3 5 21
21 22 10
6 8 15
4 7 7
21 1 12
7 9 12
14 17 9
9 12 30
14 15 22
10 14 19
8 10 1
1 1 24
16 17 9
3 5 15
12 15 27
2 5 21
15 16 6
1 5 28
7 6 25
15 16 28
17 18 21
21 21 16
13 15 28
3 7 29
1 4 27
23 1 19
13 14 29
17 19 1
10 12 21
20 21 24
17 19 23
3 5 9
4 6 18
6 8 1
19 21 30
18 20 6
20 21 5
20 23 24
8 11 5
1 4 27
11 13 4
0 2 4
21 22 20
11 14 5
13 14 13
23 0 11
12 13 6
17 19 13
0 1 24
3 6 4
2 5 25
14 16 2
14 17 26
16 19 14
21 22 2
16 16 14
0 2 23
6 9 22
22 2 5
5 8 29
9 9 5
15 17 12
18 21 13
23 0 11
23 1 6
5 8 28
20 23 25
13 15 14
14 15 29
3 5 8
0 2 7
20 23 27
2 4 20
5 5 4
6 8 7
0 3 18
9 12 25
13 15 7
19 22 12
2 5 10
21 22 28
21 23 15
15 17 3
9 11 20
13 15 1
16 19 30
11 12 8
14 16 7
19 22 23
16 16 6
0 2 22
18 22 19
3 6 12
3 4 14
7 10 3
14 16 7
1 5 30
12 13 6
7 9 26
20 23 24
13 14 28
18 21 2
19 19 7
20 21 21
11 15 9
23 3 2
22 1 30
18 22 30
14 17 19
8 10 22
0 1 21
8 10 11
8 11 23
17 19 4
12 14 27
2 4 3
0 1 5
2 6 27
10 11 15
0 1 30
21 23 28
2 3 30
4 5 26
22 1 13
9 12 7
9 10 23
1 3 8
10 10 1
6 7 15
5 7 19
13 14 11
1 3 16
18 20 30
22 0 20
17 19 17
11 13 21
16 19 25
23 1 5
16 18 13
16 19 23
23 1 9
8 11 24
10 13 26
4 6 19
9 11 2
21 22 16
14 15 1
11 15 11
10 15 13
13 16 14
14 16 6
19 21 1
10 13 20
4 6 2
17 19 9
4 6 10
16 17 11
15 15 5
4 4 25
3 5 10
5 8 15
19 21 25
1 3 8
21 23 12
21 0 12
10 12 29
8 11 16
7 10 9
14 15 22
8 10 10
18 23 2
18 19 18
18 20 17
9 10 12
14 16 22
7 9 28
1 3 14
15 19 1
11 12 2
12 14 27
18 21 19
2 5 9
19 23 9
9 11 4
21 1 14
21 23 29
17 19 8
22 23 24
7 9 20
9 10 1
3 6 19
16 17 4
23 0 14
2 3 5
7 9 5
2 3 22
9 12 26
20 22 14
17 20 25
12 15 21
12 13 25
12 15 18
18 19 25
16 17 1
4 7 25
9 8 4
19 19 23
4 4 27
9 11 26
18 20 10
23 1 17
17 21 13
14 19 24
12 13 26
21 23 16
15 17 15
1 4 8
8 11 14
2 5 23
4 6 7
18 23 26
20 23 14
4 7 16
11 12 1
3 6 27
8 10 28
5 9 18
2 5 29
14 14 23
5 7 7
14 15 21
13 15 7
18 20 14
3 6 17
19 21 22
10 12 5
4 8 6
4 6 1
6 7 23
10 13 2
22 0 16
13 14 27
10 12 21
2 3 21
21 23 14
7 10 21
17 21 18
23 1 30
19 22 21
21 23 11
4 4 25
16 18 5
1 4 11
17 18 9
9 11 6
11 13 4
10 13 15
11 16 7
3 3 18
10 11 27
12 16 17
14 18 10
22 2 7
2 4 12
13 16 20
11 11 25
1 5 5
1 1 12
15 16 27
3 5 12
5 7 3
16 16 19
20 21 6
20 22 6
22 1 1
16 19 10
11 16 15
5 7 1
18 20 7
13 14 24
21 22 12
3 5 16
0 4 30
22 23 23
1 3 22
1 4 20
20 22 19
23 2 13
10 12 14
20 23 13
22 23 11
1 3 29
3 3 11
7 10 2
19 21 13
14 17 23
10 12 28
21 0 15
19 19 13
1 4 13
22 23 4
14 17 26
18 21 20
12 15 25
13 15 7
15 18 3
5 8 1
4 5 3
18 20 12
0 3 3
5 6 30
14 16 30
5 7 6
6 7 22
8 9 24
10 12 11
1 3 13
17 19 8
22 23 20
3 5 22
15 17 5
22 1 5
17 19 18
5 6 30
12 13 13
0 3 25
10 14 21
18 18 21
9 11 13
21 0 28
8 10 10
5 6 2
23 0 9
5 7 7
15 16 10
12 14 24
15 17 18
3 5 26
3 4 18
2 3 13
10 11 5
14 16 21
18 19 11
3 6 2
20 22 20
8 7 26
21 22 15
12 12 1
10 12 10
13 15 15
6 7 1
22 0 20
21 22 17
7 9 5
10 11 27
17 17 6
13 14 19
16 17 28
0 1 1
22 2 26
19 21 11
21 23 19
18 21 13
14 18 7
22 1 11
11 13 15
21 21 12
2 3 9
9 10 14
19 21 21
15 17 7
21 23 22
3 7 13
21 23 3
11 13 3
16 18 19
10 12 28
1 3 19
21 21 27
13 14 4
8 11 29
16 17 6
3 3 20
9 10 24
12 14 20
9 12 18
7 9 14
6 8 25
21 23 9
21 22 25
14 15 4
23 0 4
22 1 25
8 10 5
6 7 17
10 14 9
16 17 25
18 21 11
2 4 14
6 7 4
7 9 28
12 13 4
3 4 13
13 15 13
6 8 4
20 21 3
18 21 10
4 5 26
0 2 2
23 0 20
6 8 30
22 2 24
13 17 23
18 20 12
13 16 15
14 15 23
13 14 18
13 13 17
16 20 17
6 11 23
14 16 30
7 9 24
18 21 22
19 22 10
2 5 2
1 4 15
15 17 21
20 23 1
19 21 13
14 16 21
14 17 26
2 3 5
20 20 28
0 3 3
18 19 2
17 19 7
23 1 9
7 10 10
8 9 20
20 22 1
14 16 11
16 20 14
13 15 5
5 10 15
14 16 24
20 21 14
4 7 15
21 0 25
18 19 15
3 6 1
17 18 1
22 0 8
3 5 17
23 1 8
5 7 25
19 22 3
15 16 2
19 20 11
1 4 16
10 11 30
3 6 25
11 14 13
7 9 17
16 18 26
22 1 9
9 12 4
12 14 2
6 6 14
7 9 20
13 14 30
23 0 27
10 12 6
17 20 5
21 22 30
19 23 12
16 18 30
4 5 10
14 13 2
9 11 17
21 0 19
20 22 22
10 12 13
16 20 16
21 1 16
1 2 27
2 5 2
20 0 8
2 5 13
14 18 16
14 17 23
18 20 21
4 5 22
8 10 11
10 13 5
2 5 30
19 22 8
8 9 12
15 15 22
3 4 6
19 20 1
8 10 21
21 23 14
7 9 5
8 11 24
19 21 29
17 20 4
12 14 19
3 5 11
11 15 5
9 11 29
9 12 13
12 13 23
4 6 18
13 15 28
17 18 27
1 3 19
1 3 5
6 7 9
16 19 2
22 0 23
18 19 10
22 23 30
10 12 12
11 14 30
6 8 11
18 19 3
22 23 27
17 20 1
1 2 20
21 21 12
13 16 15
19 22 5
16 19 10
1 3 21
7 9 10
11 14 6
16 17 16
17 17 4
22 1 22
2 7 30
13 15 14
12 14 26
10 14 24
22 1 3
20 23 7
22 0 7
15 18 24
1 3 28
13 13 17
2 4 22
18 19 26
16 18 28
11 15 21
18 21 10
13 15 21
14 16 17
14 16 2
8 11 12
21 22 3
15 17 22
13 15 12
22 0 12
20 1 18
20 21 11
18 20 13
14 15 25
4 7 12
11 12 16
3 4 30
2 4 26
6 9 30
14 16 30
14 19 11
3 4 24
12 14 5
4 7 9
22 23 22
17 19 25
12 13 7
10 13 3
0 4 16
19 19 26
11 13 3
1 1 28
22 1 8
16 19 4
16 16 1
12 13 6
8 10 17
6 7 13
16 17 11
18 20 5
14 16 12
5 7 26
3 6 23
12 14 21
2 3 3
4 6 17
7 10 11
15 16 16
12 16 17
7 9 4
9 10 29
15 18 2
12 14 24
22 2 16
23 3 29
0 3 6
9 11 26
21 23 30
2 4 25
10 11 14
1 4 17
10 12 22
15 16 19
6 7 27
12 14 19
1 3 1
2 5 13
2 6 26
2 4 4
16 20 26
11 12 22
19 21 20
3 6 21
0 1 24
4 7 17
9 13 22
13 14 16
1 5 4
8 11 13
4 7 19
22 1 7
0 1 17
22 0 27
8 10 11
17 19 24
16 19 21
19 22 3
15 17 23
15 17 21
12 13 22
14 17 25
1 1 11
15 16 8
9 10 11
6 8 16
3 5 5
18 20 25
22 0 20
14 17 16
11 14 22
6 8 30
6 6 11
6 7 25
2 5 13
22 0 27
23 23 25
4 6 5
8 12 9
19 21 16
7 7 19
19 21 27
8 9 16
17 20 24
23 0 27
6 9 22
20 20 3
3 5 2
1 2 28
1 4 25
23 3 16
8 11 26
6 8 21
16 19 13
8 8 18
10 13 1
3 5 5
8 11 18
22 0 7
4 6 23
4 5 25
8 10 16
4 6 7
17 20 6
5 8 25
6 6 7
15 16 6
4 6 26
14 15 30
19 20 22
20 22 17
9 12 8
8 11 8
16 17 6
16 17 17
5 5 25
15 18 17
13 15 10
6 10 18
5 8 23
21 0 2
11 14 6
3 4 12
3 4 11
11 13 30
21 0 1
15 15 23
4 6 7
13 14 13
2 3 5
20 21 14
3 6 24
7 8 26
18 20 7
20 21 16
17 17 27
23 1 29
8 10 26
16 20 30
1 4 7
20 21 21
3 5 9
6 9 30
5 9 6
5 8 18
17 19 24
23 2 24
16 15 1
15 16 4
21 23 12
17 20 27
7 8 17
3 6 28
20 21 7
5 7 24
7 10 11
2 4 10
18 20 8
14 17 17
7 8 23
12 14 4
6 7 21
3 5 15
0 1 25
14 14 30
10 14 16
4 5 14
17 18 24
21 0 7
18 21 19
5 7 23
1 2 14
5 8 21
23 0 25
20 22 29
11 12 20
17 19 3
14 15 23
21 20 19
7 8 1
19 21 30
4 6 23
5 8 30
8 10 7
1 2 5
15 17 8
21 0 9
10 13 9
10 13 12
16 19 23
2 5 22
4 6 10
18 21 25
23 1 24
7 8 28
14 15 3
1 3 1
21 0 19
4 5 20
15 18 20
7 9 8
17 19 19
21 22 23
7 9 2
14 15 8
17 18 29
15 19 12
21 21 28
15 16 28
3 5 30
9 11 8
13 16 5
3 6 1
14 17 11
12 14 26
1 3 19
15 16 14
1 5 22
5 7 20
14 17 1
23 0 29
1 3 17
3 4 8
3 5 14
10 11 10
20 22 14
6 9 29
17 20 19
12 13 7
18 20 25
20 22 26
13 13 22
6 9 25
21 22 7
14 15 2
14 16 28
17 20 13
20 21 19
17 17 10
11 14 22
18 20 27
11 13 11
7 9 24
15 15 25
18 20 7
23 1 18
21 22 29
15 16 18
11 13 21
19 22 17
12 15 10
7 9 2
19 20 8
17 20 23
14 16 21
18 21 14
6 7 30
6 9 7
12 15 16
3 4 9
8 11 22
19 21 8
16 16 18
12 13 20
1 4 11
20 22 13
1 2 28
12 14 19
1 5 7
4 3 13
14 15 13
16 19 5
7 9 11
5 8 29
15 17 22
2 3 25
22 22 14
16 18 3
0 0 3
10 13 5
13 16 4
12 12 12
0 1 26
16 16 4
19 20 23
18 19 19
13 16 29
5 8 15
16 18 21
2 5 10
3 6 28
1 3 27
1 2 6
11 12 30
5 7 12
16 19 3
0 2 19
6 9 17
2 5 23
7 8 12
7 10 17
18 20 30
12 13 18
2 4 25
13 15 9
4 5 28
15 17 16
9 11 2
13 15 8
12 12 8
19 21 10
13 15 27
16 18 10
23 1 9
18 21 24
6 7 16
7 8 10
15 16 10
8 13 29
16 20 27
15 18 23
9 11 5
21 23 4
13 15 29
4 7 16
14 15 12
2 5 1
9 12 25
19 20 2
9 10 20
15 19 13
11 13 13
0 1 12
9 12 4
14 17 13
2 5 1
20 21 9
17 19 5
10 11 30
15 15 30
7 9 30
20 0 10
17 18 1
22 1 14
23 1 15
10 11 20
22 0 4
20 22 26
0 2 27
23 1 30
19 22 29
13 17 11
20 0 2
17 18 17
10 12 17
9 10 19
2 4 14
13 14 15
5 7 17
6 8 2
22 0 1
8 9 21
4 6 23
15 17 6
0 2 11
14 17 7
3 5 12
1 3 14
11 13 27
6 9 17
11 12 20
11 12 6
0 0 15
19 21 19
23 23 25
18 21 8
14 15 10
8 9 28
2 3 6
4 7 2
18 19 13
15 17 25
13 14 1
6 11 3
9 11 16
10 11 13
7 10 21
9 12 6
0 3 16
19 21 8
11 13 21
4 5 17
4 5 19
11 11 20
6 9 30
17 19 1
11 15 20
5 7 7
14 15 17
11 12 11
10 11 15
8 8 23
14 16 29
