1320 30
4 30 17 23 25 27 26 7 16 8 16 9 9 16 26 1 4 14 17 18 23 15 23 8 7 18 28 23 30 4 
21 0 27
14 14 11
4 6 21
1 4 30
3 4 18
2 4 3
6 8 3
21 0 4
4 6 26
5 6 16
20 23 19
7 10 8
12 14 18
20 21 25
6 8 5
15 17 2
14 17 4
19 21 6
9 12 13
21 23 27
11 13 22
2 4 4
16 19 15
11 13 7
19 22 29
2 5 16
6 9 1
13 15 4
2 2 17
16 18 22
15 17 24
23 2 4
8 10 17
18 20 8
12 15 4
5 7 14
4 6 26
17 18 9
11 13 20
9 12 26
9 11 23
3 4 23
12 14 15
13 14 6
4 4 17
12 14 4
9 12 29
16 19 1
15 17 7
12 13 25
4 4 1
7 8 26
1 3 2
3 5 30
12 14 9
17 20 11
6 7 25
9 12 12
1 3 9
12 16 8
5 9 11
20 23 3
11 15 3
22 0 5
4 6 21
11 12 2
21 1 21
18 21 21
9 12 21
8 12 14
9 10 7
4 6 1
1 3 16
11 13 23
18 20 26
8 8 27
1 4 19
13 16 10
1 3 30
22 1 29
4 7 4
4 4 25
15 15 23
2 4 24
16 17 27
11 13 22
2 3 17
9 11 28
17 15 21
5 7 21
14 16 9
17 19 2
14 16 15
10 13 7
3 4 12
3 5 25
9 11 4
20 20 18
16 18 1
19 20 12
18 19 21
22 1 11
10 13 8
6 7 26
14 17 28
20 22 3
18 19 18
13 14 12
6 8 17
5 7 22
11 12 9
7 9 28
12 14 11
12 15 22
7 8 5
5 8 19
16 16 5
21 1 21
4 6 24
19 21 6
9 11 6
3 6 12
20 21 20
3 6 23
11 13 5
21 21 19
17 19 17
0 2 10
5 7 28
9 11 29
7 9 22
5 5 18
18 21 28
13 15 25
20 21 13
15 18 28
23 3 8
0 2 24
19 19 13
8 10 8
22 1 4
21 1 24
8 9 2
5 6 3
16 17 6
17 19 16
16 17 8
3 5 6
11 12 11
11 12 14
15 18 18
15 17 1
15 17 23
3 5 7
20 23 27
16 17 16
22 0 7
2 6 3
14 16 16
15 16 6
17 19 9
5 8 28
0 2 14
8 8 28
20 21 28
9 11 12
11 14 22
14 17 26
3 7 13
20 21 19
23 0 4
18 17 10
15 17 1
4 5 1
18 19 19
4 6 22
9 12 26
3 4 13
9 11 17
1 3 27
21 0 19
22 1 20
22 23 7
5 5 5
15 17 4
5 7 1
6 7 17
10 11 3
8 10 22
6 6 29
12 12 12
13 15 26
15 18 23
7 9 26
7 8 10
23 0 13
1 3 2
15 18 24
23 2 25
11 13 12
0 1 20
15 18 13
9 10 24
8 8 21
18 21 21
2 4 18
22 0 26
11 13 26
22 1 13
3 5 27
23 1 25
21 23 23
8 9 4
8 8 28
19 22 4
17 18 22
5 7 14
13 16 12
3 6 4
0 2 1
22 23 22
6 7 1
1 4 13
17 18 5
22 23 20
12 15 15
14 18 4
13 15 17
13 14 17
0 4 22
7 8 14
14 17 12
12 14 6
1 2 21
21 0 19
18 20 24
17 19 6
18 20 14
14 15 17
0 3 24
17 20 1
18 19 22
6 10 8
1 5 17
15 17 11
15 18 21
3 7 10
17 19 27
9 11 19
22 23 11
23 0 17
11 14 2
1 1 2
4 6 8
0 1 10
1 5 10
9 11 19
20 21 13
22 1 9
9 10 26
19 22 24
20 21 17
22 23 8
6 8 15
12 13 19
19 22 25
6 7 19
11 14 19
5 9 12
15 19 24
16 18 7
8 10 19
3 7 9
7 9 23
16 18 9
20 23 24
14 18 19
5 6 28
16 18 15
12 13 24
12 14 29
11 14 4
22 0 2
0 1 7
4 4 21
7 7 8
16 19 26
16 18 29
6 10 25
1 4 7
7 10 7
9 12 12
1 3 26
10 13 13
5 7 18
6 9 10
6 8 1
14 15 14
6 7 13
19 23 24
13 16 4
10 13 3
11 12 4
0 3 8
13 16 2
8 10 7
13 16 9
4 5 30
2 4 7
16 19 13
3 6 21
2 4 3
1 4 1
9 12 12
19 21 17
19 18 10
2 4 24
9 11 25
6 6 6
6 7 14
23 2 2
12 13 5
19 22 11
4 6 7
10 11 14
11 11 1
14 17 13
10 13 25
10 10 28
4 7 2
19 21 27
5 7 11
9 10 9
19 22 8
14 18 6
20 22 21
23 0 17
2 3 18
18 21 23
21 23 28
15 16 13
10 13 21
16 18 14
23 2 24
19 22 6
1 4 6
2 3 17
15 16 18
17 20 9
23 23 27
6 8 16
23 1 15
12 14 8
14 16 18
14 17 24
2 4 1
18 21 27
6 7 7
11 12 9
21 23 10
10 12 30
8 9 7
13 17 7
0 1 9
12 15 6
13 16 12
18 21 20
6 8 25
4 6 10
12 13 17
4 5 7
8 11 25
10 13 27
16 18 6
7 10 7
22 0 22
19 20 26
10 12 3
12 15 16
1 3 3
12 15 9
12 13 2
0 3 27
15 18 16
22 1 9
7 9 2
23 1 25
13 15 20
12 14 11
16 17 12
4 6 19
19 20 23
9 9 11
18 20 8
3 5 5
5 7 4
23 0 11
15 16 14
13 15 28
23 23 18
15 17 8
14 15 20
13 13 30
22 23 2
0 4 26
17 21 19
5 5 22
14 18 2
0 2 20
3 6 11
6 7 22
0 1 7
23 0 27
16 17 23
0 2 24
12 14 20
13 14 13
22 1 10
15 18 5
8 10 9
4 5 30
7 7 24
17 20 28
15 17 2
9 12 11
1 1 16
0 1 24
3 3 16
20 22 14
10 11 28
7 6 9
22 0 25
20 23 2
14 17 17
7 9 25
4 7 7
13 14 29
3 4 8
23 1 22
9 12 2
3 6 24
21 23 7
9 10 2
22 0 8
21 21 30
7 8 13
4 7 16
23 0 19
15 18 23
14 18 20
13 14 23
5 7 21
15 16 29
7 10 2
5 8 22
11 13 17
15 18 20
10 12 18
6 9 15
22 23 26
21 0 15
7 8 13
3 3 28
3 7 7
14 16 20
11 14 23
15 16 11
8 11 18
23 0 1
18 19 17
16 18 13
22 0 22
9 11 27
4 7 9
22 2 7
0 2 11
16 16 25
18 20 15
20 0 29
23 0 15
4 6 7
22 1 5
12 14 1
3 4 6
21 22 23
0 2 28
5 5 9
20 23 26
0 1 24
12 13 15
5 9 28
11 13 12
1 3 28
10 12 17
20 22 5
20 21 29
12 14 20
2 4 7
2 3 7
12 15 1
8 9 9
5 7 16
20 21 16
16 18 14
21 23 22
13 15 8
13 15 25
6 8 6
5 7 20
15 16 17
12 12 1
2 2 2
3 4 12
15 17 4
3 4 24
21 0 5
18 22 28
4 4 19
18 19 17
4 7 30
14 16 12
10 11 16
19 21 6
23 1 14
6 10 26
10 12 23
9 11 23
23 2 27
8 9 7
18 22 24
9 11 29
21 23 25
8 11 2
18 21 7
0 1 17
18 21 6
10 11 13
18 19 19
0 1 10
7 7 1
5 8 23
7 10 20
18 20 9
12 13 9
1 3 11
20 22 29
20 22 15
17 18 14
9 11 15
0 1 27
10 10 6
2 4 29
11 14 13
1 3 10
5 6 8
1 3 26
22 1 25
2 2 15
23 1 29
13 17 12
3 4 18
18 21 11
5 7 7
2 4 9
13 14 6
14 16 29
2 3 26
12 14 15
3 3 15
7 8 7
3 6 19
6 8 3
16 18 17
22 2 10
18 20 22
19 21 18
3 5 18
12 13 17
7 7 28
8 10 15
14 17 17
8 9 29
16 17 3
8 8 24
7 9 17
11 11 4
4 5 14
7 9 1
23 1 20
9 10 29
15 18 18
7 8 16
14 16 30
23 0 24
13 14 2
4 6 5
2 3 4
14 15 19
2 3 27
18 20 17
13 17 15
8 7 8
7 7 15
16 17 12
3 4 27
16 17 11
6 8 11
18 21 19
13 17 7
12 12 11
11 13 11
4 6 7
23 1 28
4 5 24
11 14 13
6 7 5
5 6 25
6 8 16
0 1 7
6 6 24
3 6 8
8 12 11
16 18 11
9 11 8
22 0 23
21 22 10
23 0 16
23 2 27
21 22 15
14 15 9
10 11 7
10 13 16
6 8 4
2 5 21
8 10 10
16 16 30
6 9 29
6 7 13
11 13 24
9 11 3
13 16 12
19 22 13
17 19 4
18 21 15
23 1 15
10 12 27
5 7 5
5 9 2
22 23 23
12 14 6
4 5 8
22 0 12
20 22 18
6 7 12
10 12 21
3 6 6
9 11 29
14 16 17
14 15 16
4 7 14
12 15 16
20 21 29
12 14 22
19 20 29
22 0 30
10 11 23
18 20 17
16 20 18
11 12 18
16 21 27
14 16 10
17 18 21
12 15 30
14 17 10
18 19 9
5 6 21
10 13 20
15 17 16
8 10 21
15 18 21
9 11 2
2 2 17
20 22 11
2 4 20
14 16 6
15 17 13
22 0 19
9 11 4
8 11 19
16 19 8
17 19 3
12 12 8
2 4 15
14 15 28
9 12 4
15 18 30
0 2 25
11 15 19
9 12 20
23 2 20
5 6 5
9 10 11
13 15 21
21 1 23
10 13 9
23 0 15
11 11 9
22 1 21
18 21 8
18 20 1
8 11 16
17 19 6
0 2 15
13 16 18
13 15 5
20 23 29
14 16 18
1 2 19
17 19 19
0 1 17
16 16 13
8 9 18
1 3 9
21 22 8
6 9 17
5 8 15
22 0 18
1 4 10
18 20 10
20 21 22
7 8 12
1 2 6
11 13 15
22 0 13
19 22 19
7 7 8
11 13 30
6 9 7
4 8 8
10 11 30
1 4 14
16 19 7
4 4 29
20 23 26
3 5 30
15 16 21
15 17 5
4 6 9
16 17 24
9 12 22
6 7 14
20 0 10
3 5 11
10 11 29
19 21 8
16 17 7
1 3 16
12 13 7
18 20 7
2 5 22
23 2 29
15 17 21
11 12 30
23 1 3
20 20 7
16 18 24
3 5 4
19 21 14
13 14 23
23 0 1
13 12 20
20 23 20
22 23 18
1 2 23
22 1 15
22 23 1
17 19 16
13 17 26
6 7 29
15 17 20
11 12 23
0 4 3
0 1 24
4 3 21
16 18 9
20 22 22
18 21 6
5 8 2
0 2 25
10 12 14
0 3 27
6 8 19
9 9 25
6 7 1
22 23 29
20 21 11
13 16 25
8 11 25
14 15 12
13 15 5
6 6 29
10 12 16
6 8 25
15 18 5
16 16 25
10 13 18
22 23 19
13 15 14
21 23 24
22 1 1
9 10 5
9 11 11
9 11 6
14 15 7
9 11 6
19 21 24
14 17 3
0 3 26
17 19 25
18 20 6
5 9 30
19 22 23
15 16 20
11 12 14
22 22 15
8 10 15
18 21 29
4 7 2
22 0 28
21 0 28
10 12 26
20 22 19
13 18 29
20 23 23
3 5 11
10 12 17
4 5 29
2 4 28
23 1 11
23 0 7
23 0 7
9 10 19
13 15 15
2 6 28
14 15 28
15 18 3
19 22 16
23 0 24
12 15 7
22 23 17
0 2 27
10 12 20
11 13 2
1 3 11
12 15 23
7 10 24
19 21 3
11 13 4
21 23 10
22 1 10
16 16 30
7 8 30
16 19 21
21 22 1
23 3 6
0 4 10
8 9 16
11 13 13
3 7 21
11 12 6
1 2 28
3 6 25
22 23 18
4 7 26
13 16 12
16 18 20
1 4 20
1 1 19
11 14 30
7 10 7
7 9 28
22 0 3
17 20 3
4 7 2
16 19 29
3 3 14
15 17 29
22 0 6
8 9 22
10 12 14
18 21 6
5 7 11
14 14 13
5 7 16
12 13 13
0 2 5
2 3 26
12 13 15
11 13 10
10 12 11
19 20 18
14 16 26
19 20 8
23 2 14
19 20 2
17 17 18
7 10 10
11 10 26
12 14 21
19 21 4
12 13 17
2 5 16
13 16 26
16 19 2
2 5 20
3 6 12
13 17 4
21 0 25
11 13 22
17 19 19
20 20 26
3 6 22
19 21 14
4 6 22
10 12 4
8 10 23
7 7 14
13 15 2
2 5 7
21 23 19
10 11 8
20 22 14
14 15 25
19 21 6
23 0 2
4 6 22
8 8 16
8 9 12
4 5 17
6 7 28
0 2 12
16 17 9
16 18 21
13 15 30
23 1 17
22 22 29
19 20 22
4 9 28
7 9 16
0 2 25
12 14 12
18 20 13
22 0 1
13 14 3
3 5 16
12 16 13
22 1 18
6 9 20
22 0 18
18 20 8
2 3 21
8 10 9
8 9 9
5 8 18
14 15 5
2 4 17
6 7 21
9 9 11
18 19 21
11 11 20
23 2 27
1 1 16
22 0 23
11 11 2
8 10 12
3 4 25
14 16 22
9 12 12
8 10 6
10 12 19
11 12 25
1 4 22
4 5 16
12 15 18
12 13 2
12 14 3
1 2 26
1 4 3
20 22 23
23 2 23
1 4 14
13 15 26
0 1 6
7 8 1
1 5 21
21 23 17
17 17 8
12 14 30
12 13 29
16 17 19
19 21 8
10 12 2
15 17 10
0 2 2
15 17 28
0 3 3
13 15 9
11 14 2
6 7 22
15 16 9
19 20 26
4 5 11
3 4 4
22 0 21
3 6 22
3 5 8
16 17 10
0 1 11
15 16 14
22 23 13
7 10 11
14 16 11
3 6 5
11 13 23
20 22 15
10 11 2
16 18 15
5 7 18
21 22 8
20 23 28
11 14 13
19 20 24
4 6 22
9 11 21
15 17 6
15 18 29
21 22 24
2 4 16
9 12 6
10 11 27
2 5 24
6 5 21
13 15 5
11 11 22
0 1 20
3 5 28
6 8 25
23 0 12
14 15 9
7 9 10
22 0 28
1 4 15
16 16 15
21 0 29
9 11 27
18 20 12
17 17 17
19 23 15
21 22 3
11 12 9
14 18 13
19 19 26
23 1 9
12 14 25
20 22 14
11 13 2
19 21 26
17 19 15
7 10 6
11 13 11
21 23 11
19 22 29
23 3 3
3 7 30
5 7 7
21 23 17
1 3 7
9 10 29
18 19 13
7 10 24
15 17 15
10 14 13
9 12 27
4 7 6
11 13 20
11 14 23
12 16 21
14 15 27
14 17 2
5 8 24
0 1 14
23 2 20
1 1 6
7 10 25
7 9 29
15 15 14
8 9 29
7 9 1
5 8 7
1 2 11
5 9 10
16 18 1
23 3 18
2 4 2
20 0 29
7 10 24
3 4 28
5 7 27
5 8 24
1 4 25
6 8 4
5 7 3
4 6 9
15 16 29
15 18 23
8 9 17
1 4 4
5 7 29
18 19 17
3 6 9
17 20 10
15 15 10
6 8 16
10 13 13
8 9 28
4 7 22
4 7 26
0 2 2
15 16 25
17 20 30
2 5 23
6 9 2
21 20 6
10 13 29
12 14 16
3 5 20
13 15 4
1 2 4
6 8 8
9 12 8
22 1 12
4 5 25
1 3 23
15 18 10
15 14 26
5 8 15
2 4 15
23 1 4
5 6 14
13 14 10
13 15 28
16 18 13
14 16 10
18 20 15
11 12 27
18 20 6
18 20 25
10 13 29
22 0 30
20 21 1
16 19 15
21 23 25
0 2 27
23 2 3
19 20 23
12 13 1
0 0 23
7 7 14
21 0 3
2 4 4
4 8 7
16 20 14
17 21 16
10 12 30
14 16 5
9 13 8
0 2 30
2 3 16
6 6 18
21 22 24
12 13 3
22 23 5
10 13 1
9 13 2
7 9 18
18 20 4
7 7 30
22 1 1
7 8 15
1 3 10
11 14 10
8 11 18
10 13 20
12 15 22
12 14 23
10 11 26
23 0 24
20 22 24
8 10 23
6 8 6
3 5 29
7 9 21
7 8 13
12 14 16
14 15 5
10 12 10
12 14 12
13 15 9
15 15 13
8 10 10
10 13 12
3 5 18
4 5 11
21 22 28
20 22 15
6 10 24
11 13 5
15 18 5
0 4 30
13 14 4
1 3 11
20 22 13
10 13 25
11 13 8
21 21 3
3 5 5
19 21 5
21 22 14
21 23 23
2 3 23
12 13 5
20 20 12
16 17 9
22 1 21
14 17 22
1 4 6
3 5 30
17 19 19
8 10 4
11 13 20
13 15 11
6 8 23
18 20 12
19 22 17
1 3 6
2 3 1
4 7 21
10 13 20
15 17 24
9 12 28
22 23 2
9 11 4
5 6 7
3 5 10
17 19 15
12 13 7
8 9 20
17 20 14
0 1 11
8 12 24
4 7 16
20 22 4
2 4 17
8 9 25
14 16 7
12 13 20
13 14 30
8 11 30
7 9 28
19 20 30
20 21 10
0 2 30
11 14 12
13 16 4
5 8 30
23 1 5
0 1 25
5 6 6
6 9 17
15 18 27
23 1 7
2 4 4
23 1 9
23 1 17
14 17 15
14 15 25
8 11 26
16 18 9
17 19 4
16 20 2
23 1 15
2 3 21
15 17 24
1 2 27
19 22 8
5 7 11
10 13 7
21 23 1
14 15 25
20 22 17
11 14 6
23 1 11
23 0 4
13 15 27
10 10 25
20 22 6
7 9 16
5 9 12
13 16 21
10 10 3
22 0 16
3 6 20
11 13 5
18 19 22
22 1 10
23 1 6
20 23 21
17 18 26
7 10 8
0 1 15
