1300 30
19 12 3 18 20 18 27 27 30 8 21 11 7 4 5 7 21 25 6 23 25 7 20 25 30 14 19 5 25 8 
7 9 15
5 7 20
2 5 4
10 12 4
14 16 16
11 13 27
23 1 9
1 3 23
0 3 25
6 6 12
12 16 17
1 2 12
15 17 10
11 12 21
9 12 14
23 2 7
18 20 16
8 8 20
17 19 16
10 11 11
16 18 14
22 0 12
19 22 25
9 12 30
21 22 28
12 14 30
0 4 6
13 14 1
2 4 8
9 13 21
17 19 11
2 3 11
21 22 6
12 13 15
17 18 26
12 14 17
3 4 5
20 21 16
7 9 21
5 8 16
4 7 2
17 19 3
11 14 28
14 17 15
18 21 11
8 9 24
14 16 20
23 2 14
21 22 30
12 15 18
1 3 22
18 19 3
11 12 17
17 18 9
10 12 29
7 9 17
11 13 8
23 1 27
23 1 26
13 15 19
20 23 8
0 2 27
18 19 17
0 2 26
14 16 2
17 18 29
3 6 8
8 10 7
12 13 3
20 0 19
23 23 25
8 11 24
14 15 23
3 6 9
3 6 30
10 14 29
18 21 2
1 4 2
20 22 6
20 23 25
1 4 25
5 7 14
0 3 25
1 2 11
1 4 20
5 7 17
14 17 29
15 21 25
6 8 22
15 17 22
21 0 19
17 20 20
7 8 12
10 11 16
11 13 24
1 2 11
19 21 5
7 9 20
22 23 22
20 22 11
10 12 7
12 13 14
12 14 1
1 4 7
12 13 12
5 7 8
9 10 1
0 2 5
18 20 2
20 22 22
20 0 26
18 19 29
8 11 20
16 18 12
11 12 16
8 10 29
3 6 26
17 18 28
5 6 29
7 8 23
5 8 7
18 21 7
22 0 7
8 10 16
0 1 3
19 22 14
0 2 23
14 16 8
5 7 20
8 9 6
6 8 16
5 6 16
9 13 6
9 11 4
5 9 7
0 2 27
6 9 6
0 1 9
5 7 18
2 5 4
11 12 2
12 14 20
16 16 13
16 18 16
12 15 2
18 21 16
8 8 2
0 3 23
3 6 8
14 16 29
2 7 25
15 17 19
14 17 21
6 8 8
6 7 4
20 20 15
10 12 13
14 17 20
4 7 21
22 0 8
7 8 19
13 14 3
17 19 5
23 23 22
4 7 19
1 4 6
6 8 3
17 19 26
23 2 25
12 15 10
7 9 21
10 10 1
5 6 28
2 4 22
14 16 24
2 4 25
13 14 27
12 15 15
18 21 17
19 21 16
18 20 4
10 12 6
17 20 13
12 16 24
2 3 10
10 12 25
18 20 22
22 2 2
19 20 27
10 10 14
20 23 12
15 17 27
23 2 27
4 4 11
1 3 24
22 23 28
18 20 5
1 3 5
0 3 6
0 3 1
2 3 6
12 15 29
1 2 26
13 16 4
11 13 6
10 13 7
0 2 21
6 8 5
20 22 11
9 13 24
19 21 2
15 15 8
22 0 25
19 20 6
10 12 25
13 16 5
21 23 13
0 0 20
2 4 18
16 19 18
4 7 4
2 4 15
0 2 15
12 17 25
8 9 20
13 16 17
9 9 30
2 4 13
12 15 11
1 2 9
7 8 3
19 21 29
1 3 27
3 5 19
10 15 8
15 17 24
5 5 28
1 3 9
7 10 10
17 20 22
21 23 6
13 15 8
15 17 2
12 14 27
7 7 7
4 5 5
4 6 28
5 8 6
12 14 20
1 2 16
21 21 20
9 11 29
23 1 16
5 8 4
5 6 14
0 1 6
2 4 9
7 10 7
23 0 4
23 0 20
4 7 27
15 16 22
3 5 3
5 8 29
1 2 10
23 1 20
11 13 5
4 6 24
10 12 19
20 22 17
18 20 20
21 22 12
6 9 24
23 1 7
5 9 21
3 3 17
17 20 12
18 20 3
0 2 20
5 8 20
3 2 12
7 9 14
19 20 11
9 13 12
21 23 23
0 1 26
16 17 24
8 11 27
17 19 18
1 2 5
2 4 20
23 2 7
1 4 21
11 13 8
16 19 6
6 9 8
20 23 21
18 18 17
23 1 30
3 6 1
10 12 30
17 17 19
19 20 14
19 21 20
18 20 8
22 2 3
18 19 5
15 16 11
7 10 4
17 20 8
1 6 6
19 20 29
10 12 22
15 17 17
11 14 27
19 20 18
21 22 13
14 17 18
20 0 22
20 23 22
23 3 3
10 12 3
4 7 5
19 20 13
19 21 15
18 21 17
4 4 7
14 15 14
3 6 11
4 6 19
19 23 8
14 16 24
23 0 13
12 17 1
17 19 25
19 23 21
3 4 21
19 20 18
23 0 23
6 10 9
14 15 16
15 17 29
10 10 1
7 7 28
18 19 24
22 0 16
1 4 26
23 1 29
20 21 24
21 22 5
8 10 12
14 16 20
19 21 7
12 14 27
16 17 6
21 0 8
1 3 21
1 3 1
22 21 1
17 19 22
4 7 15
19 21 7
7 9 1
7 9 16
20 22 6
23 23 7
17 19 5
11 13 14
13 15 9
0 4 9
11 12 16
7 8 11
9 12 10
7 9 1
17 19 4
8 11 7
23 1 22
21 22 10
1 3 9
7 10 26
9 11 15
0 3 3
12 13 28
6 8 16
17 19 1
14 14 18
23 2 23
23 3 29
8 11 13
9 10 26
17 19 11
20 22 29
13 14 23
22 0 30
7 9 15
9 9 28
13 14 22
0 2 28
20 20 10
23 2 7
17 18 22
3 4 4
3 5 8
14 16 2
14 16 5
19 21 6
7 9 13
14 15 2
19 19 23
4 7 11
4 7 5
21 0 28
15 16 21
21 22 26
22 1 4
16 18 8
23 1 30
23 1 5
15 17 22
2 5 21
1 1 25
19 21 12
7 9 1
2 5 16
9 11 30
5 7 28
3 6 18
21 0 16
10 12 3
14 18 13
17 18 21
13 14 14
16 18 2
20 22 8
19 21 9
2 4 19
8 11 21
18 20 10
19 22 26
14 16 16
3 6 25
21 23 3
16 19 21
18 21 28
22 0 9
16 18 26
8 10 23
10 10 20
14 15 2
15 18 1
18 18 6
7 9 24
13 14 14
23 2 10
7 8 20
11 13 9
16 19 17
0 1 2
11 13 29
18 18 22
15 17 23
23 0 13
14 18 17
6 8 28
17 18 26
23 23 24
2 5 29
4 4 9
9 11 6
3 6 8
13 15 21
4 7 24
10 12 5
7 8 23
13 16 1
2 4 17
9 12 3
9 13 11
22 1 27
20 22 26
9 12 13
7 9 19
15 16 15
2 4 20
17 20 9
5 8 16
6 8 11
0 2 5
22 2 5
9 10 7
0 1 29
12 16 30
13 15 9
13 15 22
23 1 4
9 10 7
10 12 2
16 19 30
13 15 5
11 12 16
13 15 10
1 4 21
13 14 28
17 18 28
8 9 23
17 19 21
13 14 1
23 3 28
22 22 26
12 13 18
17 19 8
8 10 14
23 2 9
1 3 2
1 3 4
5 5 3
21 0 29
21 23 25
21 22 15
10 12 10
22 23 23
5 7 16
0 2 20
22 2 12
17 19 14
13 15 25
7 9 7
8 12 12
10 11 6
2 2 21
17 19 10
1 6 24
2 3 7
0 2 30
19 21 19
6 7 15
18 22 15
11 14 21
18 20 30
5 8 16
9 10 23
5 7 8
17 19 28
10 12 19
9 10 5
16 18 8
16 19 11
0 2 16
16 19 16
6 9 23
9 11 7
19 22 25
9 10 8
9 11 9
8 10 25
5 7 2
16 18 2
13 15 27
6 8 6
18 20 26
8 11 30
23 2 1
9 11 14
10 13 22
15 15 9
10 12 11
18 20 5
13 15 5
2 2 6
12 15 9
21 23 1
23 1 3
5 7 18
14 16 15
9 10 1
14 17 9
10 12 2
17 21 2
16 18 14
15 15 15
1 3 28
3 6 17
22 0 16
18 19 27
10 16 10
5 9 11
14 17 1
13 15 13
15 16 2
16 17 11
21 0 16
3 7 17
16 19 5
14 14 11
11 12 3
3 7 23
15 18 15
18 20 29
4 5 13
13 13 30
10 11 14
13 15 13
18 19 29
19 21 5
23 23 6
11 11 18
12 15 5
10 12 2
0 3 27
17 19 17
15 17 18
12 14 26
9 11 4
21 21 17
4 6 15
12 14 25
18 19 12
9 11 1
4 7 23
18 21 26
8 9 20
13 15 21
9 9 18
6 8 16
6 7 27
11 11 2
1 4 25
4 7 25
17 19 22
10 13 24
23 1 7
10 12 30
16 20 27
8 11 21
14 17 20
8 10 19
8 7 12
3 4 20
12 14 20
6 8 1
2 3 28
23 1 4
20 22 7
23 2 7
19 21 5
22 1 30
12 15 28
22 1 22
15 17 1
7 10 23
11 14 20
13 14 6
10 12 4
11 14 5
3 6 18
6 7 20
0 1 15
14 16 28
23 0 10
10 13 10
4 6 3
10 14 8
15 17 17
9 11 13
13 15 20
3 4 4
9 10 1
17 20 8
14 16 7
9 10 7
11 14 6
14 15 21
6 7 25
22 21 18
8 10 20
21 23 29
19 21 26
0 1 17
10 10 14
3 3 20
21 23 23
11 14 27
20 23 26
20 22 9
7 7 21
1 0 19
9 10 15
8 9 1
15 17 18
4 7 11
8 11 22
21 23 17
8 12 4
12 15 13
1 3 13
7 7 14
9 11 22
9 11 26
11 12 26
3 5 1
6 9 5
3 5 2
4 6 15
19 20 11
18 19 6
0 3 5
9 14 11
8 8 29
14 16 20
9 10 11
18 19 26
17 18 10
5 9 28
15 17 19
6 5 28
6 8 29
0 3 8
9 11 4
19 19 17
13 15 21
14 16 2
21 0 3
21 23 29
5 7 25
9 11 4
18 19 18
11 13 18
4 7 29
14 16 19
21 23 2
4 7 22
7 10 14
5 7 12
9 10 4
6 8 10
1 1 20
21 23 13
22 3 3
4 4 13
18 20 11
3 6 20
8 9 21
0 1 14
8 10 22
1 1 17
14 15 15
13 16 26
18 19 29
6 10 13
11 13 5
4 6 28
11 11 28
0 1 20
15 19 22
3 5 19
8 10 14
16 17 6
8 11 10
10 12 12
12 13 6
22 1 27
16 18 9
19 21 8
16 17 22
4 7 29
6 8 2
0 4 7
13 15 30
12 14 16
6 8 25
15 17 25
13 15 6
19 20 5
9 10 12
0 2 5
2 3 21
6 8 10
22 23 6
20 0 7
15 15 21
5 7 3
2 4 28
7 9 21
10 11 14
17 19 21
17 20 23
17 17 17
23 2 17
4 6 17
0 3 6
14 15 29
5 8 10
1 3 11
10 13 11
1 2 28
0 0 17
20 22 20
17 18 4
23 1 6
17 20 24
0 3 26
6 7 25
8 11 29
3 4 17
3 5 12
3 6 27
18 19 14
18 19 16
17 18 30
21 1 3
4 5 28
18 20 14
15 17 30
21 23 8
16 16 6
16 19 1
18 21 14
22 0 18
20 23 30
21 23 18
21 22 14
17 17 4
13 14 3
12 15 3
19 21 14
15 16 28
13 15 25
12 13 30
17 20 19
11 13 26
4 4 20
21 23 24
22 23 11
15 15 27
7 8 11
8 10 13
19 23 10
9 12 28
5 6 8
17 20 28
1 3 23
21 23 16
17 19 13
15 17 28
18 20 4
14 18 2
2 3 8
18 21 2
3 5 5
13 15 15
19 20 14
9 13 8
6 11 1
7 9 21
8 9 19
8 11 21
5 7 11
17 18 13
9 13 13
12 13 5
4 7 30
3 4 24
20 22 8
11 14 15
0 2 2
13 13 4
21 22 22
16 20 22
6 7 8
22 1 29
8 9 22
21 0 4
11 13 4
23 2 18
0 2 15
15 18 6
14 15 16
5 8 8
1 2 11
21 22 21
22 2 28
5 6 11
7 10 8
7 10 8
21 22 8
0 -1 19
15 18 4
11 13 24
10 12 19
22 2 16
5 5 12
1 4 20
17 18 23
3 6 8
9 10 28
3 5 29
2 5 23
3 7 16
10 12 23
20 23 9
13 15 12
21 23 11
16 18 11
0 1 19
8 10 23
6 9 19
6 8 25
21 0 17
18 22 14
7 7 29
15 17 2
12 14 12
15 15 13
5 7 22
17 17 5
21 0 5
12 14 15
13 16 22
18 20 21
3 4 2
15 18 4
22 0 9
17 19 29
22 2 1
12 12 5
13 15 15
23 0 25
22 0 6
9 11 25
3 3 22
18 19 29
2 4 17
19 20 30
18 21 21
22 0 5
3 7 24
9 10 16
20 21 28
17 18 5
19 19 14
11 13 12
12 14 9
11 13 14
14 15 7
16 19 18
15 16 10
7 8 9
3 5 13
15 18 6
14 17 27
13 15 14
9 10 4
13 15 2
10 12 20
21 0 7
19 20 22
6 8 1
18 20 26
18 20 3
20 22 13
16 18 27
16 19 19
20 22 2
0 1 26
2 4 27
3 2 20
17 18 23
11 14 25
3 7 17
5 8 6
6 8 20
18 19 16
4 7 17
0 4 23
4 5 24
20 20 8
15 18 28
5 7 5
5 7 15
1 2 4
11 13 24
15 16 19
1 3 13
10 13 19
4 8 20
16 19 15
22 23 9
4 5 12
4 6 16
15 17 25
16 18 6
4 5 7
19 20 3
3 4 16
13 14 16
3 5 4
23 3 28
0 3 23
2 5 14
6 9 25
1 4 29
11 13 2
10 12 17
3 5 2
10 12 22
2 5 29
2 3 11
12 13 3
8 10 1
21 22 8
12 14 22
19 20 4
5 6 9
9 11 4
0 1 3
4 6 13
12 15 30
11 14 5
1 1 22
6 9 29
19 22 13
3 5 22
7 9 3
5 6 17
12 14 29
15 17 9
5 5 24
19 21 11
9 11 9
22 0 14
22 23 19
14 17 3
10 12 29
2 5 23
2 4 28
7 11 5
19 21 28
19 22 21
15 16 14
9 11 10
10 12 17
3 8 21
7 10 26
0 2 22
6 7 24
0 2 6
2 3 29
5 7 2
7 8 18
17 20 15
23 2 15
10 12 1
20 22 25
0 2 25
23 1 28
15 16 2
9 12 2
9 13 4
22 23 2
23 3 4
6 8 9
3 4 27
8 10 22
10 13 23
6 8 11
14 15 16
10 11 21
17 18 5
1 4 18
13 15 10
3 4 21
7 9 3
5 5 3
2 5 20
1 3 19
11 11 28
22 23 7
11 14 22
9 10 1
2 3 2
16 17 13
3 6 29
21 0 8
3 5 23
16 17 6
22 1 9
10 13 17
11 14 27
22 22 30
11 13 27
0 2 28
5 7 16
19 19 13
13 16 15
1 2 7
8 10 24
3 5 1
3 3 5
0 1 16
18 19 20
6 8 10
7 9 7
12 14 24
10 12 10
4 6 25
3 7 1
5 8 12
13 14 7
7 9 10
14 17 12
10 11 21
12 15 14
2 3 6
12 14 19
0 1 5
12 15 19
13 15 12
6 10 22
14 16 28
20 22 21
9 11 7
20 23 9
11 12 23
18 20 15
7 9 15
10 11 17
11 14 2
5 7 29
11 13 13
14 15 30
9 13 21
4 5 25
13 14 5
11 13 19
22 0 29
14 18 19
20 23 11
0 2 9
15 16 12
12 15 16
22 0 23
23 1 24
9 12 13
15 17 22
11 11 12
16 20 7
12 15 28
2 4 20
14 16 21
15 17 30
5 6 26
18 20 18
4 6 3
9 10 24
4 6 17
19 21 25
6 8 17
20 22 2
6 8 3
2 4 21
10 11 3
14 15 13
8 8 12
3 8 30
15 19 29
10 11 9
18 19 26
14 15 13
20 23 18
17 19 10
13 14 16
23 1 29
16 17 16
18 20 29
11 13 4
18 20 7
17 19 28
5 8 24
2 4 7
14 17 27
11 12 7
20 22 26
17 18 27
0 2 7
18 21 14
15 18 16
19 22 6
2 4 8
16 18 4
23 1 19
1 3 14
18 20 22
12 15 28
10 11 19
16 17 12
21 23 8
5 7 18
2 5 4
21 22 26
16 18 25
13 14 14
8 9 26
7 7 2
14 15 11
10 13 16
2 5 4
19 21 4
4 6 1
5 7 23
14 15 17
3 4 28
16 17 25
20 22 29
10 12 7
13 15 1
22 23 29
4 6 9
12 15 8
7 10 23
2 5 17
16 17 13
9 13 3
17 19 7
4 4 30
22 0 20
14 16 14
20 21 21
15 16 20
7 8 16
15 16 9
3 6 28
2 4 2
9 11 6
20 22 15
1 4 27
4 7 18
19 20 12
3 7 24
21 21 10
6 9 6
9 11 16
10 12 24
3 7 6
4 5 22
16 16 12
3 6 14
14 18 7
14 16 26
19 22 20
23 2 18
13 13 23
0 2 1
13 15 30
8 10 12
7 10 12
4 6 20
8 9 3
1 4 27
5 6 8
19 21 18
21 23 22
20 21 9
6 8 14
4 6 20
21 23 15
1 3 18
4 7 15
15 16 20
10 12 26
18 19 15
14 16 8
16 16 4
16 17 10
2 5 11
14 17 30
10 13 24
17 19 23
2 4 11
21 23 4
22 0 21
1 2 30
7 10 11
15 17 15
23 1 2
4 4 11
7 8 14
11 12 1
11 13 6
20 23 3
15 17 29
14 15 20
6 10 28
9 13 8
23 0 16
23 1 22
11 12 18
12 15 9
7 8 29
7 7 23
1 2 23
