1380 30
28 27 1 1 19 12 18 4 7 19 8 1 19 11 12 20 11 28 10 4 15 23 25 26 5 2 30 6 17 16 
11 13 27
0 2 22
13 16 17
15 16 28
20 22 9
6 9 11
18 21 1
13 15 18
13 15 15
20 23 5
20 22 22
4 6 23
13 14 3
19 20 23
0 1 26
7 10 13
6 9 22
14 16 15
20 21 13
10 14 17
13 14 13
9 12 3
14 15 1
1 5 5
12 14 24
16 17 6
13 15 19
2 5 9
14 17 30
4 4 6
0 2 23
18 19 10
11 15 11
7 9 20
9 11 15
23 1 27
13 14 27
0 2 16
16 18 13
7 8 29
11 11 5
7 8 4
10 10 5
18 20 9
17 21 2
1 1 10
15 16 22
13 15 7
12 15 22
18 20 10
4 6 2
18 20 30
16 19 9
18 19 18
13 16 9
0 2 5
0 4 2
17 19 15
14 15 3
18 21 23
5 8 26
4 6 19
12 14 3
5 6 20
23 1 27
9 11 29
0 0 23
8 11 22
23 0 11
3 5 11
22 0 11
20 21 15
11 11 6
7 9 14
17 18 24
4 6 27
23 1 12
22 23 26
19 20 8
23 1 23
13 15 27
13 16 12
6 10 29
9 12 28
9 12 12
9 8 13
10 11 28
6 8 22
21 0 12
17 19 19
23 23 28
23 1 12
2 5 26
7 10 1
20 23 17
0 2 8
18 20 7
12 13 28
12 13 15
5 7 12
21 0 8
21 0 24
11 14 15
21 1 17
16 20 6
17 18 11
17 19 5
19 22 10
3 5 21
6 7 22
13 17 23
15 17 12
0 1 25
5 7 18
2 4 13
6 8 21
1 3 12
7 9 3
12 14 2
17 19 28
7 7 12
13 14 7
2 4 10
5 7 23
7 9 2
22 1 20
17 20 15
20 19 6
22 0 17
15 16 10
16 18 17
19 20 7
4 5 11
19 21 25
19 21 3
20 21 20
8 11 8
17 18 13
11 13 9
16 20 16
3 4 7
20 23 13
16 18 18
7 8 20
21 0 10
21 0 18
19 20 28
7 8 5
8 9 10
0 2 26
19 21 18
13 13 7
2 5 17
9 11 19
4 7 15
8 10 12
12 14 2
2 3 26
0 2 22
3 5 20
11 12 7
13 14 27
14 16 18
5 6 13
0 2 13
5 8 9
6 8 4
2 3 11
14 17 15
14 17 2
5 8 11
15 18 30
9 12 26
22 0 20
16 19 16
4 7 15
16 18 1
16 18 4
3 7 2
13 16 17
22 0 18
21 23 29
11 12 25
5 9 14
0 1 19
10 12 28
1 3 30
1 4 23
21 1 13
18 20 25
22 1 13
1 3 11
6 8 10
3 5 28
1 2 1
8 8 9
23 1 27
23 1 13
21 23 6
2 6 6
20 21 25
7 8 18
2 3 3
14 16 24
1 4 28
8 10 1
22 2 4
9 11 23
22 0 3
20 23 4
1 2 22
4 6 24
16 18 24
10 13 21
1 3 19
9 10 17
13 16 18
20 21 5
18 21 4
2 4 9
19 21 16
5 7 28
15 18 2
4 6 23
5 7 22
0 1 21
21 23 27
21 23 1
9 12 25
16 17 6
14 15 30
9 11 26
8 10 21
8 8 14
19 22 23
15 17 13
6 8 9
13 14 11
2 2 5
18 20 6
17 18 7
19 23 3
19 21 30
20 23 30
23 1 10
15 19 28
0 -1 15
7 10 13
21 22 17
20 23 25
1 1 14
17 20 7
5 6 5
20 23 27
11 13 13
4 6 21
9 11 6
6 8 11
8 9 16
16 18 29
7 10 23
18 19 26
19 22 2
1 4 25
19 19 14
5 8 27
14 15 5
9 9 13
20 22 14
18 19 22
18 18 22
20 21 7
12 13 5
2 5 11
15 17 3
21 23 4
14 15 17
14 17 3
13 15 21
8 9 23
17 21 28
11 12 6
1 1 10
8 11 3
3 7 15
12 14 4
6 8 15
21 0 10
0 1 1
20 22 15
15 16 10
19 21 11
4 7 1
15 17 7
6 9 7
0 3 21
7 8 11
1 2 23
17 20 5
0 2 2
17 20 15
6 7 14
5 6 16
15 17 27
23 3 2
18 18 26
12 15 20
9 11 24
12 12 5
2 4 18
0 2 9
0 -1 5
12 15 11
23 1 20
11 13 3
18 19 4
18 21 28
3 5 1
5 6 5
11 12 23
19 21 1
3 5 4
17 17 28
18 21 10
11 13 20
7 7 4
19 21 25
21 0 23
7 7 6
18 20 25
11 13 17
19 22 21
17 19 11
5 8 7
10 12 27
3 5 24
8 11 10
22 0 27
17 18 15
15 16 22
11 14 23
10 13 7
8 9 5
9 12 6
0 3 11
17 19 28
4 7 18
2 5 14
7 9 4
20 22 10
23 0 23
11 13 20
23 2 6
9 11 25
21 22 25
6 9 25
18 20 22
15 19 30
17 19 25
14 17 25
4 5 16
14 14 27
11 13 26
19 19 14
16 17 18
0 5 9
4 8 17
11 15 25
18 19 14
10 12 7
11 13 1
9 10 17
16 18 24
12 14 25
9 11 19
8 10 23
8 9 24
21 23 30
12 14 21
14 15 16
13 16 24
12 14 6
16 20 20
17 20 1
21 21 24
2 4 21
19 21 5
1 4 3
4 5 28
20 23 9
20 23 8
9 9 7
20 22 24
10 12 11
8 12 15
5 7 10
17 19 11
2 5 23
22 0 9
8 8 20
12 14 29
21 23 20
20 21 23
22 1 28
14 17 11
14 16 18
23 0 23
22 0 24
16 17 27
0 1 6
17 19 1
4 6 27
11 13 18
20 21 14
23 3 3
14 16 26
3 3 15
16 20 17
9 11 17
3 5 10
11 14 14
18 21 17
17 17 20
15 17 27
21 23 26
23 0 3
4 6 11
4 6 8
17 20 3
20 22 8
6 7 11
16 18 9
18 20 7
1 5 3
20 22 28
3 6 19
14 17 25
1 2 5
18 19 25
2 4 6
13 16 16
4 4 1
21 0 19
19 20 20
2 4 9
3 5 27
6 6 28
4 5 22
4 6 17
0 3 30
17 20 19
18 19 1
7 10 24
5 5 6
10 12 7
18 20 12
0 2 4
3 7 3
22 1 28
9 10 13
14 16 20
22 1 19
5 9 27
17 20 24
7 9 11
1 2 17
18 21 27
9 12 28
7 8 24
13 14 18
1 4 8
9 12 4
14 17 16
13 15 6
17 19 1
23 1 25
23 2 1
16 19 8
13 13 15
14 14 27
1 4 16
12 15 23
14 15 28
8 9 18
5 8 8
1 2 16
20 21 5
13 17 26
0 5 4
1 3 14
14 17 26
5 7 9
4 7 3
3 4 6
21 0 28
14 16 12
16 20 10
12 13 21
11 13 25
10 12 24
23 0 27
12 14 18
7 10 9
17 18 20
1 3 12
9 13 14
2 4 24
12 14 21
17 18 13
12 14 5
1 2 26
15 18 1
2 4 16
5 6 27
12 14 22
3 6 25
9 11 4
4 8 26
13 16 6
14 16 27
6 8 23
17 19 29
18 21 26
6 7 19
20 21 20
14 17 5
20 22 27
3 4 13
5 8 26
17 20 15
4 6 15
17 20 16
8 8 4
5 7 13
13 14 10
5 7 18
14 17 22
12 11 13
17 19 12
15 18 14
19 21 24
3 3 12
12 15 30
11 14 12
15 18 28
2 2 24
20 0 21
7 11 2
16 19 19
16 19 12
22 22 17
12 13 15
5 7 27
16 18 29
16 17 4
11 12 6
17 17 21
17 20 6
11 12 22
11 13 24
3 6 25
1 2 8
2 3 2
15 16 18
8 10 23
22 1 7
1 3 9
6 8 6
6 9 12
21 23 6
19 21 15
8 9 13
14 15 30
8 10 14
0 1 23
12 14 30
22 1 26
14 16 17
9 13 3
1 1 13
12 14 20
13 19 30
7 9 10
8 9 15
11 14 7
15 17 27
22 0 30
17 18 14
19 20 29
8 10 17
18 19 19
12 16 26
21 23 28
5 7 9
10 14 19
11 12 6
21 22 11
23 0 9
0 2 6
13 15 9
20 22 6
23 2 14
22 23 5
2 5 5
20 22 8
18 18 9
12 14 11
9 11 28
12 14 8
7 11 2
10 12 8
12 13 18
22 1 14
4 6 18
3 5 13
23 0 25
6 8 29
22 23 17
23 1 27
13 15 11
17 19 24
2 2 19
17 20 23
22 0 4
0 2 17
14 16 30
22 2 22
4 7 23
23 1 23
22 0 22
8 8 7
4 4 18
8 10 24
20 23 5
16 17 2
3 7 10
7 9 2
9 9 1
3 5 16
7 7 7
17 19 24
14 17 4
18 20 10
7 8 5
23 23 9
18 19 3
17 19 12
19 21 8
18 19 5
13 15 11
9 13 15
17 19 13
10 13 15
17 19 26
6 9 6
7 8 1
6 8 25
5 7 7
16 20 28
10 13 6
16 18 21
8 12 10
1 3 19
19 21 11
15 16 26
9 11 3
17 19 10
6 9 11
1 5 23
10 13 1
3 5 14
8 10 6
5 6 29
17 20 27
5 8 1
5 7 27
18 20 19
12 14 4
19 19 25
17 20 15
14 17 7
19 23 9
15 16 28
3 3 30
23 0 7
14 15 10
23 0 18
18 19 9
20 22 16
10 12 25
1 3 26
15 16 28
17 20 23
19 21 6
22 0 1
0 1 26
7 8 29
12 16 15
9 9 15
22 0 19
16 17 20
16 20 15
4 5 12
10 13 19
7 10 3
16 16 10
20 21 11
15 19 16
6 9 6
18 20 17
14 15 3
1 4 16
4 6 16
3 4 11
19 21 17
6 8 27
3 6 21
6 6 11
13 15 15
0 1 8
1 3 3
13 17 25
1 4 16
8 12 9
18 22 15
8 10 7
18 20 1
6 9 6
23 1 21
19 23 14
14 17 22
23 1 26
10 13 26
14 17 18
13 15 8
9 11 2
4 6 15
19 21 29
18 21 23
9 11 11
0 1 9
10 14 29
5 7 7
11 14 11
18 18 14
9 12 10
20 23 3
3 6 26
6 8 30
4 6 22
6 9 1
20 22 16
21 23 12
23 2 5
8 10 13
10 12 4
20 22 11
18 21 21
14 16 28
18 20 2
11 12 21
15 17 11
13 16 3
9 10 22
11 14 20
3 7 3
22 23 19
2 5 18
21 0 16
12 12 9
13 15 20
13 15 3
19 22 12
9 11 13
2 5 30
9 9 3
2 5 24
5 7 16
20 21 13
4 8 10
13 14 12
21 0 23
19 20 8
5 8 27
16 18 14
19 21 20
9 11 16
13 15 29
11 15 30
21 0 20
19 22 22
14 17 25
14 16 19
12 14 21
4 4 1
23 2 28
1 2 24
21 23 9
4 5 18
12 14 22
23 2 9
19 21 17
18 21 28
13 15 30
6 7 10
17 19 2
16 18 25
21 23 7
7 10 25
17 20 17
8 10 19
9 12 23
7 10 24
6 7 30
5 7 5
17 20 17
16 18 27
7 9 16
17 17 28
21 22 16
11 12 12
20 22 11
20 23 30
19 21 30
16 18 22
23 0 27
13 14 27
22 1 17
1 3 28
10 13 26
3 6 24
6 10 12
16 19 23
9 10 25
16 18 8
18 21 4
23 2 18
0 0 24
23 0 24
7 8 30
3 5 5
0 2 5
11 14 25
0 1 16
21 22 7
5 7 1
19 22 29
8 10 14
8 9 26
13 15 26
18 19 22
1 4 9
4 7 27
17 18 2
14 17 19
9 13 10
16 19 12
3 3 9
16 18 2
22 1 6
2 3 7
21 23 16
13 15 19
23 23 28
13 15 4
13 15 6
5 6 16
18 20 5
22 23 21
22 0 17
11 13 8
20 22 22
8 9 16
15 15 21
10 12 20
6 7 20
3 4 17
9 10 7
11 15 20
15 16 17
12 13 21
10 12 21
22 0 27
0 2 8
14 17 24
20 22 18
13 16 11
22 23 18
7 8 23
15 17 24
7 10 1
17 18 10
6 9 26
23 0 12
0 0 3
19 21 12
15 18 23
10 13 20
14 18 21
23 1 25
10 12 20
16 18 20
5 6 18
5 6 27
13 16 8
2 3 18
23 1 4
21 23 26
15 16 16
2 4 23
12 14 15
19 22 8
15 17 7
20 23 15
16 19 12
17 19 19
20 21 17
21 22 29
20 21 13
13 13 24
10 12 4
5 7 25
13 14 21
9 11 8
23 0 9
1 2 23
3 5 8
6 7 28
7 8 23
17 19 16
12 13 9
1 5 2
12 14 27
18 19 17
9 12 9
18 21 17
2 3 19
15 17 21
16 17 24
17 19 2
9 12 24
21 22 14
14 17 10
1 3 26
5 6 16
12 15 14
10 11 22
6 9 17
11 13 16
9 11 9
12 14 4
2 3 26
10 13 14
16 17 24
22 0 29
21 23 1
4 6 3
2 3 10
10 13 2
16 18 1
16 16 6
22 1 9
20 22 6
2 3 22
21 22 1
22 1 4
2 2 9
23 1 10
12 15 4
14 16 29
20 21 23
5 7 21
12 16 23
22 0 22
16 17 17
19 20 21
8 10 6
3 6 3
22 23 4
21 23 16
3 4 6
15 15 20
4 8 20
1 5 1
0 2 24
5 7 6
8 9 17
16 17 14
13 14 25
22 0 5
15 15 13
11 13 29
3 5 7
0 2 7
16 19 3
6 8 15
4 7 1
17 20 30
5 8 9
18 20 16
0 2 25
4 6 13
22 23 5
8 13 23
23 1 23
20 21 12
7 9 4
8 11 2
11 13 16
15 17 21
16 18 10
22 1 19
18 19 15
2 4 18
22 1 28
2 4 29
20 21 27
0 2 4
0 3 12
0 5 19
21 2 25
23 1 28
20 21 20
20 21 21
8 11 6
10 12 8
7 10 5
17 19 1
10 12 26
3 6 22
15 17 19
18 17 12
20 20 12
17 20 10
15 18 7
22 0 10
0 0 17
3 6 7
23 2 10
20 22 27
23 23 9
11 12 26
2 5 27
8 10 21
2 4 30
0 1 4
10 13 25
22 0 12
23 1 24
1 3 2
10 12 26
8 10 10
20 22 3
17 19 25
5 8 21
6 7 26
4 6 16
4 7 13
23 1 12
2 5 24
8 12 11
11 12 12
12 13 29
13 15 11
1 4 3
5 6 25
6 6 18
6 8 12
15 17 19
9 10 20
18 20 9
5 7 7
9 11 24
1 4 25
23 1 29
18 20 20
5 5 30
4 6 29
13 13 12
19 22 27
17 19 28
16 19 30
17 18 4
6 8 24
5 7 20
3 6 26
3 4 22
18 19 26
23 1 10
4 5 1
5 7 16
11 12 26
0 1 11
10 11 29
2 7 10
13 13 17
18 20 1
5 7 2
9 11 30
15 16 2
5 6 21
19 20 17
19 20 4
5 6 15
12 13 1
19 21 9
4 7 17
20 22 29
4 6 30
11 14 23
20 23 9
11 11 26
1 3 13
5 7 13
23 2 28
13 17 20
14 17 9
19 22 5
19 21 17
2 5 25
11 14 23
6 8 22
14 16 10
5 8 2
22 0 20
6 8 18
11 15 30
2 4 22
3 5 27
12 14 3
11 15 15
15 18 4
1 3 22
12 13 2
7 10 7
7 10 4
3 4 29
21 22 12
8 10 17
22 23 14
16 18 19
14 17 11
15 16 26
16 18 3
1 4 17
2 6 8
21 23 25
12 16 20
16 18 15
4 6 1
4 7 24
18 20 1
18 21 16
15 16 15
8 10 3
8 9 1
12 14 6
2 5 3
5 6 29
4 6 10
6 8 21
21 21 7
18 20 10
23 1 1
18 20 8
2 4 30
18 19 5
7 10 29
2 3 1
20 22 1
19 21 1
1 2 6
11 13 27
18 21 8
11 15 4
23 1 13
7 11 1
14 16 6
18 19 8
9 11 6
10 13 14
13 16 16
17 19 22
18 22 16
4 7 8
10 13 19
9 12 14
7 10 7
13 14 24
0 2 27
0 1 1
22 23 7
11 11 13
3 5 15
4 5 4
11 14 7
14 16 19
6 8 5
6 10 12
8 10 24
18 20 2
14 15 11
9 11 9
21 23 2
20 23 9
10 13 23
9 11 28
1 4 26
18 21 17
11 12 30
11 11 2
5 7 1
16 19 1
2 4 8
1 1 25
20 19 6
13 15 19
16 17 14
17 19 13
0 3 16
8 11 3
7 7 22
1 4 9
15 18 26
14 15 28
19 21 3
9 12 7
19 22 13
13 16 7
10 12 6
7 8 6
8 10 2
16 20 25
0 1 21
13 13 14
13 15 3
14 16 11
20 23 19
7 9 29
21 21 20
11 11 28
0 3 12
4 5 28
20 22 28
21 1 3
21 23 22
14 16 4
7 8 1
16 18 16
19 21 26
14 15 30
13 16 4
15 17 16
17 20 16
18 20 17
21 21 14
0 1 11
17 17 12
0 3 13
19 21 10
18 21 2
15 17 25
1 4 3
20 21 21
11 13 1
11 14 26
23 1 4
13 14 28
16 17 2
15 17 14
1 4 20
4 5 26
10 10 15
14 16 29
7 10 1
3 3 18
12 13 22
5 6 10
20 23 16
11 13 5
14 16 15
1 3 15
12 14 5
12 14 1
13 16 2
6 7 9
21 22 27
23 1 22
5 5 13
22 0 7
20 22 15
16 19 15
0 3 13
18 18 24
7 7 10
17 22 14
13 15 7
5 8 18
15 17 18
20 23 9
11 11 9
20 21 3
10 11 23
18 20 21
1 2 16
16 17 20
0 1 4
23 0 14
9 10 14
6 8 13
16 18 2
11 12 5
11 13 14
15 17 16
22 0 14
21 0 1
17 21 19
5 5 8
0 3 7
13 14 3
2 5 8
0 1 19
6 9 27
20 22 22
0 2 19
5 7 21
14 17 19
1 2 24
13 14 1
0 2 4
22 23 16
14 16 7
19 21 13
2 5 15
21 1 25
7 11 6
4 7 30
8 10 12
21 22 28
23 1 22
12 13 26
6 9 25
12 14 2
0 2 16
3 4 17
5 6 17
22 23 21
6 8 15
18 19 29
16 18 30
2 4 25
14 15 13
22 23 22
14 17 2
2 6 21
21 23 16
2 5 28
22 23 4
4 6 15
0 3 8
11 13 3
0 1 13
22 1 10
8 10 23
5 7 30
5 7 13
3 3 30
7 8 30
2 3 12
8 9 13
21 22 10
22 23 11
5 8 16
1 4 1
8 12 13
0 2 25
2 4 29
6 8 28
6 8 23
20 21 16
