1360 30
22 20 12 14 3 18 23 30 30 30 8 18 1 5 11 27 6 15 19 9 11 1 4 14 19 2 30 12 23 13 
19 21 5
14 17 3
2 5 6
20 20 5
10 13 7
17 17 21
15 16 18
2 2 28
16 17 23
22 0 12
17 18 24
19 23 19
10 13 22
13 14 29
6 7 25
6 9 3
23 1 23
17 19 14
19 22 21
19 20 4
8 10 13
6 7 7
22 0 11
7 8 10
10 10 18
7 11 12
0 3 24
13 14 16
9 11 19
12 14 26
10 13 3
6 9 22
6 8 25
22 0 22
18 20 9
3 5 11
10 11 16
3 6 19
9 10 13
22 23 3
0 2 16
23 2 4
18 19 24
21 0 24
18 20 9
23 1 7
1 4 30
20 22 4
2 5 25
11 13 12
20 23 23
16 18 11
15 16 1
8 9 28
13 14 6
22 22 12
13 15 29
6 9 20
12 15 20
20 22 23
12 13 17
3 5 11
23 23 30
0 1 30
16 17 4
15 17 1
12 13 19
2 5 21
17 18 5
17 19 13
10 12 4
11 13 7
1 4 29
12 16 10
2 5 15
9 12 20
16 19 1
5 7 16
7 9 24
1 2 2
16 18 28
18 21 4
10 12 28
20 22 5
9 11 2
4 7 14
12 14 13
7 8 24
6 9 14
2 5 19
2 3 17
5 7 11
11 13 17
22 0 24
7 8 16
20 23 24
15 17 13
5 7 1
12 16 22
10 12 14
0 4 9
1 2 18
21 22 6
6 8 5
19 21 17
0 2 25
13 13 12
9 12 30
23 1 11
12 15 19
6 9 19
13 13 6
7 9 4
5 7 27
2 3 26
11 13 28
19 21 10
19 22 21
1 4 4
14 16 29
7 10 21
12 13 25
1 5 25
10 12 4
15 18 14
9 11 10
10 12 12
19 21 28
14 15 6
10 12 6
17 19 4
1 2 18
0 2 5
21 0 20
6 8 11
3 5 6
14 16 27
2 5 22
14 16 7
22 2 20
18 18 28
21 22 2
4 5 23
8 9 10
1 4 7
11 11 30
2 5 1
10 11 29
22 0 7
10 12 2
23 2 20
4 6 22
10 12 12
6 6 17
8 10 6
5 7 6
22 0 10
4 7 5
16 18 20
5 7 2
18 20 27
18 20 2
8 10 7
17 20 19
16 18 28
1 3 8
13 14 26
20 22 10
14 16 11
0 0 9
18 20 11
4 7 4
19 23 7
14 17 16
17 19 11
9 12 30
2 2 24
22 0 15
6 9 10
23 2 27
15 16 16
3 5 10
16 20 5
8 9 30
21 22 17
10 11 20
18 20 6
2 3 4
18 20 30
3 4 21
17 19 4
12 14 7
6 7 25
20 21 5
11 12 22
4 5 12
20 22 28
20 23 3
16 17 8
15 18 4
17 20 8
19 19 3
5 8 6
17 19 3
19 21 3
4 7 19
6 8 2
9 10 29
4 6 23
19 22 2
6 9 10
10 10 2
17 18 18
7 9 6
13 16 15
14 16 10
17 18 16
2 2 22
10 12 26
7 9 2
11 11 12
14 17 26
2 6 15
18 21 23
22 0 13
16 18 20
5 7 8
23 2 25
9 13 26
3 5 15
14 17 20
15 18 22
9 11 24
15 17 19
11 13 3
2 5 11
21 1 11
20 21 16
1 3 24
12 13 23
0 4 16
4 5 25
9 10 12
16 17 27
21 22 21
20 23 14
14 17 2
9 10 20
21 23 5
6 6 5
9 10 4
15 18 3
9 11 26
13 14 14
22 23 30
10 11 7
7 8 10
17 18 13
11 13 28
1 1 4
11 13 15
23 4 25
12 15 28
18 19 5
5 7 30
18 20 17
13 14 12
2 3 24
4 6 2
9 13 22
8 10 25
20 22 21
19 21 6
8 9 28
3 6 8
11 13 1
17 20 23
15 18 11
16 18 4
1 4 8
13 13 16
17 17 18
5 8 24
19 22 29
15 16 23
5 8 15
21 23 15
1 4 16
5 9 15
16 19 26
20 22 25
23 2 15
2 3 14
19 21 3
22 1 27
16 19 26
6 7 15
3 4 6
9 11 23
18 20 28
12 15 12
19 21 22
18 21 13
3 6 22
21 22 22
15 18 30
11 13 24
15 18 9
15 15 7
15 17 16
18 21 27
15 18 22
4 5 2
11 12 4
17 19 13
21 23 6
19 22 12
23 2 13
0 2 30
0 2 21
15 18 13
15 17 25
1 4 2
13 16 2
8 11 23
1 4 17
17 18 29
19 21 27
18 20 16
7 9 28
13 15 7
7 9 20
9 11 6
7 10 4
10 13 28
13 17 7
21 23 17
18 20 19
12 15 21
10 12 16
22 23 2
6 7 30
5 6 16
2 6 2
14 16 10
23 0 19
19 21 6
17 18 18
5 7 6
21 0 16
1 3 6
20 23 30
3 4 24
2 4 19
17 20 9
11 13 25
6 9 24
10 12 8
15 16 1
1 3 17
18 19 18
12 14 10
19 22 21
1 2 23
16 18 5
9 11 25
9 10 29
2 3 17
2 4 17
13 15 5
10 12 26
14 17 27
0 1 30
7 8 28
21 23 19
7 9 9
1 2 22
2 4 28
9 11 27
1 2 5
20 22 16
13 13 9
23 2 2
20 22 18
19 22 15
5 7 15
10 12 11
15 15 29
18 21 5
15 19 7
11 13 13
22 1 7
9 10 12
18 19 24
16 18 12
7 10 22
1 4 18
8 9 27
11 12 30
11 13 16
18 19 24
6 9 25
18 0 30
21 0 6
2 4 17
6 8 13
7 9 13
14 16 5
22 0 13
0 2 19
18 20 7
9 12 27
21 1 30
15 17 3
7 9 8
14 17 7
5 6 25
13 15 23
20 22 21
15 19 15
14 16 25
8 10 25
13 15 27
9 12 20
0 2 23
1 4 5
2 5 12
22 0 23
21 23 22
4 7 13
3 5 4
5 6 10
5 6 20
9 11 21
7 8 11
21 23 12
21 1 5
23 1 19
11 12 7
10 13 1
7 10 15
15 17 26
1 4 12
7 8 8
5 7 28
11 15 18
22 23 8
13 14 20
5 9 5
13 14 9
5 8 14
13 15 11
7 9 19
11 13 23
16 19 11
23 0 25
10 13 21
8 11 19
12 13 24
10 14 3
1 2 2
1 3 1
19 22 27
23 1 23
17 20 12
15 18 17
18 19 7
14 17 10
18 22 2
4 5 6
3 6 8
7 9 21
4 6 22
14 15 14
14 14 2
6 7 21
11 13 19
6 6 11
1 4 1
19 21 29
18 19 16
15 18 28
17 18 25
10 13 18
19 22 22
17 19 9
19 20 15
19 20 4
14 16 16
1 2 30
22 23 20
9 10 2
3 7 26
3 6 4
8 8 13
23 2 15
13 15 24
1 2 14
21 22 1
11 13 27
18 20 28
21 23 27
16 18 9
22 0 18
21 0 6
16 17 29
23 1 12
16 17 5
2 5 29
11 11 5
6 7 12
9 11 1
11 13 10
20 22 21
3 5 6
3 5 3
9 11 18
7 9 11
20 23 25
1 4 2
13 13 29
6 8 25
23 2 6
10 13 9
21 23 15
19 20 8
2 2 28
22 23 24
12 15 4
6 8 16
12 15 28
13 16 27
0 1 19
5 8 13
22 0 27
18 19 25
10 10 2
0 2 26
9 10 28
23 0 26
17 19 16
2 5 4
8 10 28
16 18 30
10 12 29
1 2 8
9 9 23
18 21 8
5 8 5
5 8 12
18 20 27
23 0 29
9 8 23
14 13 24
20 21 24
22 2 23
8 8 19
14 17 22
10 11 21
14 17 22
11 13 28
0 2 26
9 11 12
1 2 2
23 1 10
7 9 28
16 17 1
19 21 3
13 14 26
9 11 14
9 12 15
19 21 21
18 20 12
16 20 20
9 11 6
13 14 26
4 6 5
7 8 22
1 4 21
21 0 26
0 1 21
5 6 27
22 23 19
12 13 3
9 10 24
18 20 12
10 10 23
18 22 6
12 13 29
17 17 11
8 9 20
0 1 1
4 5 15
0 1 30
0 4 12
17 18 10
10 12 10
12 12 16
8 9 13
15 16 25
15 17 25
1 5 4
19 20 30
3 5 18
12 15 30
15 17 10
4 7 27
7 10 5
14 15 5
22 0 22
8 12 26
8 12 3
3 6 13
22 1 8
15 15 5
21 1 22
1 3 13
18 20 11
16 17 30
4 6 13
3 4 28
22 22 16
3 5 18
4 6 21
9 11 3
18 19 18
17 20 6
19 19 6
21 23 27
0 3 23
10 13 23
6 7 13
0 2 25
15 17 23
10 14 22
6 9 15
2 4 30
17 18 25
3 3 4
18 18 24
7 9 29
0 2 8
7 11 23
18 19 22
0 1 8
13 16 6
23 0 5
13 16 21
13 14 3
13 15 22
23 1 13
18 20 25
9 12 1
20 23 27
5 8 23
20 23 7
6 7 10
19 21 25
1 3 13
4 7 27
4 6 7
2 5 15
4 6 19
19 23 29
14 17 8
8 9 19
8 10 14
18 20 7
16 17 11
13 16 13
21 22 30
7 10 8
19 22 23
10 11 4
5 8 13
17 19 21
23 2 29
22 0 15
8 11 11
10 11 28
18 20 7
19 21 13
16 19 7
9 10 2
1 4 11
7 10 17
15 16 8
20 21 27
2 6 2
13 14 24
7 9 12
20 22 1
20 23 19
8 9 2
23 3 5
17 18 27
1 4 22
21 23 22
6 8 15
15 18 18
4 5 17
3 6 27
17 19 10
17 19 4
16 17 28
1 3 12
11 12 13
8 11 9
21 23 3
20 1 20
22 23 3
15 16 24
3 6 29
22 0 3
15 15 6
14 16 7
2 4 8
21 21 2
12 14 8
20 21 12
18 21 16
16 19 29
11 14 12
1 1 18
1 3 3
5 8 15
0 1 6
23 0 15
14 16 26
11 12 3
8 10 14
7 7 6
8 10 24
23 0 10
1 5 8
14 16 13
16 19 27
18 21 26
12 14 12
10 12 26
2 3 12
15 18 19
20 22 12
14 17 9
11 14 24
18 20 16
21 0 24
20 20 2
8 9 17
21 23 15
23 1 20
1 4 8
10 12 19
23 2 4
13 17 28
16 17 9
8 9 12
5 6 4
5 8 24
21 0 28
8 10 5
8 9 24
6 8 6
18 19 21
4 5 27
0 3 9
8 10 13
5 7 4
5 7 11
21 23 13
12 13 4
16 18 22
12 14 14
4 6 30
7 9 2
19 21 23
15 16 3
8 9 12
3 5 28
3 6 27
21 22 6
12 14 22
0 3 23
3 5 22
1 2 18
20 22 6
19 22 27
3 5 28
12 14 26
11 12 26
20 0 23
21 0 3
7 7 19
0 1 29
20 0 12
18 20 10
23 1 8
9 10 11
17 19 17
16 17 19
0 2 29
22 0 3
14 15 6
0 1 13
12 15 24
7 7 1
16 17 24
13 15 8
10 13 2
21 22 20
3 4 8
14 17 27
4 6 27
9 10 4
21 22 15
0 3 22
11 12 20
22 23 29
10 12 4
11 14 4
20 22 16
19 21 10
19 22 23
13 14 14
10 13 24
6 8 10
6 11 8
0 2 9
9 11 16
13 16 2
7 9 3
3 5 21
12 14 18
12 15 21
15 19 19
1 5 11
19 23 28
9 10 30
17 17 5
18 22 3
10 12 6
20 22 25
12 14 20
19 22 11
1 3 2
21 22 19
1 3 27
13 14 20
8 9 18
19 22 30
18 19 14
3 5 16
9 11 26
18 20 28
0 2 12
5 7 23
20 22 2
15 19 24
21 23 24
5 7 12
5 9 1
23 1 30
5 6 14
5 8 18
15 18 26
17 19 5
14 16 16
9 12 14
9 11 16
19 20 27
10 12 10
2 5 7
1 4 12
9 12 25
6 8 6
15 16 13
13 15 24
14 16 8
16 19 12
10 11 27
14 18 4
3 5 17
14 17 22
14 16 15
1 3 3
23 0 6
20 20 8
16 19 27
15 19 8
12 14 6
11 12 18
22 23 23
3 7 28
23 1 26
4 7 12
16 16 3
5 6 16
18 21 26
15 17 25
9 10 18
0 2 20
11 13 27
8 12 7
18 23 1
18 21 27
9 12 21
15 19 11
9 12 1
12 13 8
20 21 21
22 1 3
15 18 27
20 23 2
7 9 10
5 8 3
11 13 16
2 2 16
4 6 27
16 17 25
5 8 2
17 20 26
0 2 29
12 16 6
6 7 13
9 12 27
21 23 22
13 15 16
15 17 2
2 5 20
7 9 23
11 12 18
20 23 18
10 11 13
7 8 22
19 21 4
8 10 30
7 7 30
1 2 7
4 4 23
2 5 23
23 2 7
12 13 28
13 15 6
7 9 4
0 2 4
9 12 17
6 10 21
2 5 22
14 16 21
9 12 7
17 19 21
1 4 8
7 10 24
22 0 8
14 17 25
16 17 28
21 23 28
15 16 20
12 13 16
16 19 12
7 9 23
10 11 8
6 8 30
3 5 4
5 7 18
23 2 11
2 4 22
18 21 12
3 4 22
2 4 24
13 15 6
18 19 30
3 4 9
21 0 20
6 8 26
2 2 25
4 5 28
23 0 20
14 15 18
13 16 23
7 8 17
9 10 12
13 17 12
18 20 19
7 9 4
22 1 24
17 17 10
10 12 5
4 6 12
18 20 25
19 22 9
20 21 11
20 21 28
22 2 22
5 6 1
3 5 28
1 2 1
13 15 3
4 5 27
14 15 30
21 21 4
10 11 18
16 18 29
5 8 10
0 2 24
23 1 14
11 13 27
11 13 3
21 1 18
8 10 10
11 13 24
11 13 3
2 3 1
1 2 7
12 14 21
23 1 9
5 6 21
10 11 4
18 22 7
19 22 9
13 14 5
19 23 15
10 15 9
12 13 21
18 19 1
18 20 2
4 5 6
23 2 10
4 5 25
2 3 10
20 22 16
14 14 4
23 0 18
19 21 30
12 13 26
20 23 15
10 12 8
14 17 27
23 1 3
8 9 10
13 15 8
4 6 1
20 23 14
1 2 16
4 6 20
22 2 4
0 1 20
22 23 7
13 15 2
3 4 19
14 14 17
21 23 28
13 15 6
4 6 8
20 22 19
21 0 3
13 14 19
14 15 10
7 9 20
7 8 30
18 21 17
5 6 27
7 9 23
16 17 23
15 18 25
0 2 8
22 0 5
8 10 17
1 4 6
15 16 29
18 20 26
0 3 19
10 11 1
15 16 4
1 4 20
17 20 19
6 9 26
13 16 4
16 17 5
23 2 12
10 12 16
13 15 27
0 0 6
11 14 22
19 0 2
22 0 1
23 3 6
17 18 9
20 23 12
17 19 13
12 15 11
3 3 20
5 7 6
4 6 29
12 16 16
0 1 1
3 6 7
11 11 10
11 15 18
9 10 27
13 15 28
12 13 21
15 15 20
22 1 13
3 4 23
6 9 21
3 7 3
11 13 16
16 19 7
12 14 4
20 22 15
23 23 11
14 17 16
4 7 6
4 6 10
5 6 14
6 10 11
15 17 1
11 13 13
22 0 10
15 19 29
0 3 11
9 12 25
22 23 13
23 2 27
17 20 13
15 18 8
23 3 15
6 9 17
10 11 3
3 7 22
7 9 29
4 6 3
16 18 6
12 15 8
23 1 13
10 13 30
15 17 26
14 17 8
17 21 17
6 9 17
12 14 29
17 19 30
18 21 24
7 9 16
2 5 21
9 12 9
2 5 15
6 9 26
10 12 29
3 5 28
19 21 11
14 15 22
18 20 4
2 5 8
1 3 8
20 23 11
3 4 2
6 6 22
17 16 19
13 16 16
0 3 9
17 17 28
17 18 3
17 18 3
10 10 25
6 6 5
1 2 26
20 20 12
4 6 14
21 1 5
10 13 9
14 16 18
13 15 30
11 14 1
2 5 20
0 3 10
18 21 6
2 3 8
20 22 6
16 18 25
0 1 19
16 17 9
13 13 28
8 10 8
5 8 28
15 17 30
4 7 28
1 1 3
3 4 13
14 15 13
6 7 7
9 11 16
23 1 28
2 4 18
12 14 3
22 1 17
22 2 11
5 7 15
15 15 29
2 3 4
18 19 18
22 23 20
7 9 26
3 4 19
12 14 26
21 0 6
20 22 12
11 14 5
10 13 11
17 20 25
13 15 29
22 23 15
9 12 1
19 22 29
3 4 13
22 0 13
3 4 8
21 22 7
2 3 8
15 18 27
3 4 10
18 22 3
15 17 10
3 6 20
7 10 19
3 6 25
18 20 10
17 19 4
12 14 14
5 7 22
11 12 24
3 5 25
17 19 30
10 13 8
7 8 16
4 6 24
22 0 27
17 20 19
9 13 16
11 13 26
12 15 30
12 14 13
2 4 2
21 21 27
15 17 21
12 13 4
6 8 3
4 6 17
20 20 4
23 3 5
8 10 18
6 8 26
7 10 27
19 21 8
3 3 22
9 12 2
14 16 22
5 6 17
4 3 29
6 8 8
10 9 24
1 4 7
2 5 11
7 8 17
18 20 30
4 8 25
7 10 27
0 2 24
23 1 6
13 14 24
23 1 16
14 16 19
6 8 27
7 8 15
2 3 25
12 14 20
2 4 18
14 14 28
19 21 22
1 3 4
17 19 25
4 8 20
14 16 26
12 14 6
8 8 21
13 16 3
7 9 6
6 9 9
18 20 11
2 5 25
3 5 10
15 16 4
14 17 28
11 13 29
2 4 16
22 1 29
13 17 13
11 14 16
14 15 17
8 9 6
11 13 27
23 0 4
7 7 22
21 23 18
22 0 13
9 12 18
19 21 27
19 19 30
19 20 7
14 16 16
17 20 6
17 18 29
19 22 20
7 9 18
6 7 21
23 2 29
23 0 3
0 2 17
5 6 11
11 12 20
11 13 30
10 14 10
19 22 22
0 2 15
16 19 28
2 3 16
10 11 25
10 13 16
17 18 7
21 1 17
16 17 28
2 6 15
12 14 11
21 23 5
13 15 19
5 9 5
19 21 5
23 0 5
21 23 21
18 18 15
2 3 25
1 1 2
20 21 6
20 23 15
3 3 29
1 1 24
3 4 11
23 3 3
23 2 9
12 14 28
13 18 7
8 10 4
7 9 17
3 3 11
4 6 17
18 22 16
17 19 26
18 19 14
3 3 18
