1470 30
8 19 25 18 9 10 20 21 21 23 8 29 22 22 4 28 2 17 10 20 12 29 17 11 23 14 2 9 11 21 
8 10 14
21 0 27
8 9 22
12 13 28
8 10 28
12 16 28
16 18 6
6 7 24
11 12 17
9 10 25
14 16 24
5 7 4
14 16 15
7 9 3
12 13 11
19 21 7
10 10 3
20 22 12
14 17 25
13 16 24
1 3 17
20 23 21
10 10 19
21 22 27
19 20 6
14 14 1
11 13 28
8 11 8
10 14 18
12 13 1
22 0 18
15 16 29
19 22 3
18 21 28
5 6 18
19 21 26
4 6 3
5 8 11
23 0 11
15 17 21
14 14 11
21 21 23
12 16 24
14 16 13
16 19 13
12 15 11
17 18 5
8 10 13
23 23 29
18 20 10
20 22 24
22 0 23
9 10 15
20 0 26
6 6 3
11 13 24
18 22 25
10 11 15
2 4 15
6 8 23
14 16 11
17 19 4
9 10 17
15 16 18
3 5 1
7 9 4
21 23 28
12 14 19
10 13 15
0 2 12
10 11 17
11 14 17
4 7 21
0 3 30
12 13 16
4 7 16
20 22 7
15 17 16
4 7 6
9 12 23
6 10 26
6 8 17
1 2 29
15 17 25
13 15 22
12 14 16
13 16 1
23 2 23
16 18 17
7 9 8
22 23 4
4 5 12
16 18 25
8 9 20
14 16 12
9 10 5
19 19 24
5 6 25
21 1 8
7 8 5
15 19 5
20 22 24
22 0 13
20 22 4
2 4 23
11 14 23
13 17 6
10 13 1
10 12 23
21 22 15
3 5 19
1 2 27
22 22 20
8 8 18
16 19 29
9 11 8
19 23 3
13 14 21
13 14 12
6 8 17
23 2 15
2 4 2
10 13 24
2 2 12
4 6 1
21 23 7
18 20 30
0 1 15
13 14 15
17 20 8
3 6 18
12 16 20
5 7 23
9 10 4
6 9 19
8 7 20
6 8 13
20 23 26
17 18 12
8 11 7
13 15 5
14 17 7
0 0 30
16 17 23
8 11 23
20 21 22
14 16 3
7 9 15
3 5 7
3 4 14
3 3 13
4 4 5
16 17 2
10 12 19
12 13 13
10 11 2
15 17 19
15 17 1
2 5 5
17 19 3
5 7 11
7 7 11
16 18 19
7 9 6
21 23 10
18 20 23
5 7 22
2 5 30
12 14 25
5 7 1
19 22 22
11 11 8
21 23 24
19 19 13
7 8 23
8 10 13
21 1 13
4 6 9
14 17 1
1 3 26
1 4 22
23 1 11
15 17 17
3 5 17
10 11 16
4 6 1
22 0 12
13 17 18
11 12 21
9 12 7
11 14 21
2 2 3
14 17 4
7 10 29
12 13 6
9 10 28
22 1 11
8 9 24
19 21 15
13 15 12
0 2 27
5 7 7
7 9 2
23 1 4
7 8 30
23 1 4
11 12 21
2 2 29
0 2 1
11 13 23
20 21 11
7 8 4
15 18 19
19 22 3
11 13 13
23 2 27
6 10 15
10 13 7
8 10 18
11 13 14
15 15 15
13 15 11
9 12 10
17 18 23
20 21 25
22 1 14
11 14 24
9 12 27
22 23 3
17 19 8
21 0 10
12 14 16
6 7 8
8 9 19
1 2 1
11 13 7
14 15 17
17 19 5
4 6 29
3 7 18
11 13 3
1 2 6
1 4 9
15 18 30
9 9 13
16 19 21
4 7 19
2 6 18
18 22 14
20 21 11
21 23 12
3 5 30
1 2 14
23 2 20
2 4 17
12 14 10
7 8 8
10 11 6
19 21 17
3 4 2
16 18 1
17 20 22
6 8 29
19 21 11
1 2 23
8 9 8
0 3 7
16 18 28
22 0 24
15 17 1
10 11 1
7 9 20
0 1 26
23 1 11
6 7 11
10 11 5
12 14 2
17 22 27
18 20 21
17 18 21
4 5 14
15 16 4
16 20 9
21 22 27
14 16 19
13 15 12
21 0 17
6 10 1
17 18 19
21 0 11
16 18 21
6 8 29
22 22 5
23 1 14
14 16 5
19 21 9
20 20 22
12 15 9
10 11 17
5 8 26
4 7 11
9 10 29
1 3 17
5 6 25
20 23 11
8 10 11
17 19 21
14 15 12
2 5 5
12 14 14
7 7 7
3 3 25
17 20 13
23 2 21
23 0 6
15 18 24
4 6 15
16 19 10
17 19 29
1 3 24
6 9 28
7 9 4
18 17 8
23 1 8
19 21 27
8 10 5
20 21 18
16 19 22
23 1 15
19 23 9
23 0 1
1 4 14
1 2 30
19 21 5
14 16 15
18 21 19
2 3 18
16 17 2
13 14 5
6 7 19
18 18 19
2 3 21
2 4 17
12 15 17
0 2 13
9 11 28
16 17 30
8 10 17
11 14 30
9 10 19
8 9 22
0 3 9
2 2 5
22 23 4
17 18 17
13 15 27
12 14 30
20 22 16
7 10 9
18 21 19
22 0 10
16 18 21
10 12 17
21 0 11
1 3 13
12 15 19
17 21 24
14 17 13
3 6 19
0 2 27
18 21 10
11 14 28
5 9 2
13 15 10
16 18 23
20 21 5
12 15 6
21 23 28
22 23 2
21 23 29
19 20 21
7 7 18
5 5 7
20 22 5
17 20 14
10 13 24
23 2 19
14 16 12
19 23 26
15 17 17
3 5 2
19 20 14
19 20 14
0 3 15
19 22 5
11 13 23
12 13 2
16 19 22
4 4 8
4 6 23
18 18 6
6 8 17
6 8 3
20 21 7
19 22 24
13 14 6
21 23 11
1 4 19
11 13 1
6 7 21
14 16 8
10 13 10
7 8 24
18 19 26
0 0 11
21 0 10
12 13 2
9 10 16
11 11 21
20 23 13
17 18 11
1 2 22
12 15 26
4 7 5
4 8 2
12 15 7
9 11 10
3 5 7
2 4 20
0 2 8
5 8 3
5 6 20
1 3 4
5 8 16
11 13 14
3 5 5
9 10 19
0 3 5
12 14 16
9 10 29
23 0 21
6 8 10
10 14 19
12 15 5
7 9 5
19 22 8
13 15 2
22 0 28
15 18 16
2 3 23
17 18 13
21 0 27
15 18 15
2 4 26
8 11 10
13 15 21
6 9 2
3 6 24
8 10 29
9 13 9
13 18 19
2 5 14
17 21 11
7 10 30
23 0 11
18 21 29
10 12 12
13 15 18
11 13 16
23 2 28
2 4 19
2 5 26
13 13 11
18 18 19
9 10 5
9 10 22
21 22 8
8 10 30
3 4 2
23 1 10
22 1 25
10 12 17
11 12 23
12 14 20
2 2 25
21 23 8
22 0 3
15 18 26
6 7 24
0 2 10
17 19 12
1 3 16
10 12 9
5 6 19
3 4 30
22 2 3
17 20 6
6 10 26
0 2 19
23 1 5
7 9 12
4 8 15
8 9 13
21 1 15
15 17 1
22 23 18
22 1 6
1 3 13
1 2 30
12 13 22
8 10 10
0 1 3
0 1 10
7 9 21
11 14 14
23 1 7
11 14 8
20 21 13
16 19 1
15 18 9
18 21 13
6 10 4
21 0 4
0 2 23
12 12 9
14 16 6
0 3 6
14 16 22
9 11 30
19 19 19
13 15 27
5 6 22
13 15 5
0 1 27
22 23 14
15 16 7
20 23 24
23 2 15
13 15 2
10 14 14
15 17 29
19 22 1
13 13 3
14 15 5
3 5 1
22 23 25
3 5 10
1 3 18
14 17 13
9 11 7
4 6 25
5 8 27
17 18 4
15 19 9
18 18 27
17 21 10
1 4 24
4 8 4
11 13 29
17 18 14
5 9 18
23 1 23
10 11 27
14 16 11
5 7 13
6 8 10
17 19 23
20 22 10
19 23 25
11 10 6
17 19 25
8 10 10
1 3 8
8 10 9
23 1 27
11 13 21
14 15 15
14 16 16
20 21 14
10 14 30
2 4 19
20 22 30
1 3 27
2 5 24
23 1 2
22 2 7
11 13 10
13 18 24
5 8 5
23 2 27
12 13 14
20 19 5
7 11 18
17 19 18
0 2 28
18 18 8
12 14 8
4 5 10
23 1 26
10 14 5
5 7 25
22 0 11
4 6 24
20 0 8
20 22 3
16 19 20
6 9 3
0 3 19
4 7 22
2 3 7
4 7 21
13 14 19
2 4 17
16 17 7
2 5 17
13 13 14
19 20 12
18 18 4
16 18 19
9 13 9
17 19 4
0 1 11
12 15 19
6 9 15
17 19 2
14 16 30
10 12 8
8 10 30
21 0 27
1 3 15
4 8 4
11 12 2
21 23 11
22 0 18
1 3 10
0 2 27
19 22 21
5 5 10
17 18 14
14 16 14
19 22 15
10 13 21
21 0 14
9 12 26
3 5 29
20 21 16
1 2 7
11 13 4
16 19 28
1 4 17
3 6 5
18 20 29
0 1 1
14 17 5
0 2 24
3 4 7
19 21 16
5 7 18
15 16 12
1 3 16
3 5 19
14 17 28
22 23 4
19 22 2
1 3 2
19 20 11
20 21 26
12 15 22
7 9 25
15 17 4
17 17 6
1 3 23
23 0 21
1 2 12
12 14 3
12 13 7
17 18 17
3 6 23
11 12 15
3 7 2
22 22 14
16 18 25
7 10 29
22 0 4
19 21 24
8 12 4
3 7 2
17 19 7
15 16 1
12 14 6
8 10 17
12 12 27
5 8 21
4 6 4
9 11 19
21 0 26
1 2 24
4 5 9
12 16 4
15 17 25
3 5 2
19 21 19
10 11 10
18 20 26
20 22 27
19 19 29
1 4 30
11 13 6
21 23 2
0 3 24
17 18 5
17 19 18
1 2 17
0 1 8
12 14 18
5 6 20
0 2 16
2 3 14
2 4 1
17 20 16
8 10 22
9 9 29
16 18 28
2 4 8
1 3 8
20 21 23
20 22 19
8 10 5
17 20 15
0 1 24
2 4 3
13 15 4
7 9 14
11 14 20
5 8 16
3 5 6
6 9 28
18 20 29
7 8 10
14 18 11
4 6 30
6 7 10
8 10 6
15 17 30
7 12 4
21 0 10
12 13 28
4 5 9
20 22 5
5 8 1
6 6 17
9 12 7
17 21 9
9 11 11
20 21 18
9 10 19
20 20 10
12 15 13
22 0 20
7 11 9
22 0 6
5 7 15
20 22 20
12 13 13
13 15 17
19 22 1
13 17 4
4 8 27
14 16 29
2 4 11
8 11 29
11 11 12
14 16 7
1 3 9
17 20 30
14 15 30
14 16 5
8 10 10
3 5 4
18 20 22
1 4 14
5 6 25
17 19 22
18 17 28
10 11 15
23 0 8
5 6 20
21 0 15
1 2 7
21 0 15
19 0 19
16 17 23
18 22 11
13 14 9
22 0 30
22 22 15
3 5 18
2 6 18
5 7 15
0 3 6
21 0 27
11 13 13
1 5 22
5 6 13
17 19 2
22 2 20
14 16 7
1 4 20
0 2 18
19 22 16
15 17 26
16 18 7
0 3 12
7 9 21
2 4 28
3 5 18
16 18 24
1 1 14
11 14 28
18 19 10
18 20 25
9 8 19
15 18 25
21 0 20
0 2 27
5 5 26
14 15 6
19 21 16
0 1 6
1 3 13
17 18 26
22 0 19
11 14 6
2 4 26
15 16 7
16 18 24
10 13 12
6 9 29
17 20 12
21 21 6
8 11 30
1 1 30
3 4 18
14 13 12
11 13 15
7 9 3
17 17 15
9 11 27
1 2 12
22 23 15
23 3 24
0 2 14
2 4 25
11 13 23
18 20 2
22 23 22
20 22 12
12 14 15
2 4 1
1 3 11
4 6 19
20 21 27
9 11 12
19 19 5
11 13 11
15 17 15
20 23 24
14 16 27
3 4 8
18 20 9
21 23 2
4 4 29
8 11 16
19 21 14
15 18 20
5 8 28
22 23 15
12 12 26
20 23 14
6 8 20
13 15 2
12 15 20
9 12 24
20 21 22
12 15 18
12 14 27
12 14 16
2 3 13
19 23 18
13 17 15
22 23 11
7 10 30
15 16 19
15 17 6
10 10 15
4 5 1
6 8 23
8 10 2
23 2 6
12 15 20
2 4 24
3 3 7
4 5 20
21 0 29
14 16 7
17 19 20
19 20 11
12 15 6
19 21 9
18 20 29
6 7 19
20 22 11
2 3 21
9 11 26
17 19 16
12 13 29
1 3 8
2 5 19
19 21 12
17 18 22
22 0 27
5 7 19
8 11 2
23 1 12
4 6 19
4 6 21
6 7 10
1 3 24
15 18 25
16 16 30
1 2 16
15 17 6
4 6 5
20 23 10
0 0 23
15 15 21
21 21 15
6 6 18
15 17 6
19 23 10
4 7 16
1 2 23
19 21 27
11 13 17
22 0 28
20 21 21
11 13 28
16 19 13
18 20 5
8 11 15
0 1 20
9 11 7
21 23 18
11 14 28
16 17 20
9 12 2
17 20 27
1 4 5
10 10 9
14 17 7
1 1 27
3 5 16
19 19 13
5 9 26
0 2 5
23 0 26
8 12 25
13 15 29
6 8 12
9 12 23
10 12 16
18 22 8
6 10 13
14 15 29
21 22 10
5 6 5
0 2 15
23 1 30
3 5 12
14 16 14
10 12 22
3 4 5
2 4 25
16 17 9
2 2 22
13 15 14
9 10 15
4 6 20
23 2 26
16 19 28
14 17 19
9 12 9
17 18 2
0 2 10
10 10 9
3 6 2
23 1 20
19 23 11
9 12 4
23 2 25
18 21 16
18 21 25
9 9 6
12 15 1
0 3 11
5 7 7
8 10 3
4 6 16
13 15 1
19 19 16
8 9 15
21 23 26
2 3 23
5 6 15
8 9 13
14 14 19
5 6 6
5 8 27
3 4 10
19 22 3
11 14 5
23 2 23
3 5 1
23 2 8
8 12 4
7 9 3
10 11 9
19 21 9
11 14 28
2 3 7
19 21 15
18 20 19
16 20 9
12 14 12
16 18 15
11 13 14
22 0 30
22 0 4
18 20 12
15 16 19
3 5 8
4 6 23
7 9 21
1 4 7
0 3 27
5 8 30
5 7 27
2 4 6
12 12 15
19 22 22
6 8 26
1 4 19
19 21 30
21 0 1
18 20 14
2 3 28
1 3 22
16 16 15
15 18 2
17 18 3
22 0 5
14 18 19
8 11 10
4 6 9
11 14 1
12 14 22
2 5 4
22 1 27
5 5 18
9 12 29
15 17 4
1 2 15
17 20 28
3 7 9
11 13 15
21 22 4
3 5 28
14 14 17
2 4 21
17 20 11
2 4 25
18 17 15
6 9 3
10 14 11
5 6 9
20 21 27
19 23 19
7 9 15
21 22 27
3 5 5
16 18 18
7 8 29
2 4 8
3 5 15
6 9 30
5 8 4
15 17 7
10 10 14
9 13 28
23 0 22
4 5 23
8 8 12
22 22 11
10 11 9
11 11 23
8 11 27
17 19 19
6 10 9
2 4 27
14 15 13
7 9 9
13 16 25
0 3 29
8 10 13
2 4 22
21 23 10
13 13 21
20 23 3
21 22 28
8 9 2
19 21 10
8 10 16
11 13 27
7 10 27
9 12 28
6 7 15
22 1 2
19 20 18
3 5 24
14 17 3
22 1 24
4 6 27
3 5 1
12 15 19
0 3 29
14 16 5
7 9 29
14 16 13
15 17 26
7 9 20
13 16 8
4 7 28
9 10 3
2 2 10
3 6 22
5 7 23
13 15 2
8 10 17
15 16 27
14 17 9
19 21 6
11 14 18
11 14 30
3 4 29
8 10 2
10 12 11
12 15 17
16 19 12
17 18 22
12 13 24
21 23 29
23 2 24
13 15 1
6 8 29
0 1 21
17 18 6
22 0 19
3 4 23
1 2 4
8 11 26
7 10 3
20 23 20
8 9 4
20 23 13
17 20 25
14 16 27
12 14 7
23 1 19
16 18 21
5 8 4
2 4 30
18 21 23
2 3 16
19 23 5
23 1 26
18 21 29
7 9 19
1 3 24
10 12 27
6 8 19
7 9 21
19 22 30
5 7 17
14 14 10
17 19 22
10 11 10
8 11 20
18 22 27
9 11 8
11 14 4
10 10 21
2 2 14
8 11 9
12 15 26
10 12 4
16 18 20
14 16 21
0 2 21
4 6 25
13 16 21
3 5 15
16 18 9
23 23 8
9 11 11
2 5 27
6 10 7
22 0 24
8 11 18
4 6 14
9 12 12
7 7 11
15 17 16
16 18 4
19 21 26
6 11 14
13 14 4
14 18 11
19 20 21
10 13 27
13 16 8
22 22 15
5 7 15
10 12 28
12 15 8
18 18 27
3 4 19
3 5 22
23 1 9
14 15 26
0 3 3
14 17 25
7 9 11
19 22 19
3 7 6
19 22 24
16 18 4
23 0 30
16 17 30
1 3 13
4 7 12
7 9 15
7 10 22
13 15 20
13 16 19
8 8 2
6 6 29
7 10 25
21 22 15
19 21 2
1 2 1
12 14 18
3 5 12
1 3 12
12 14 19
18 20 12
17 19 12
7 8 6
18 20 25
10 10 16
21 22 27
11 14 29
0 2 26
10 13 21
18 19 8
8 9 5
20 21 24
10 12 5
13 15 30
10 12 21
4 7 11
11 13 25
22 0 29
13 16 25
9 11 24
21 1 8
0 3 2
9 11 19
0 2 1
16 18 16
20 22 10
23 2 2
13 17 23
11 13 25
6 9 14
17 19 12
11 13 28
5 6 27
3 4 9
3 5 20
6 8 6
21 1 28
18 20 20
5 6 6
2 2 30
3 3 1
19 22 17
18 21 20
12 15 12
5 7 2
4 7 25
2 6 20
1 2 15
15 18 12
16 19 18
21 23 24
23 1 4
17 19 19
22 0 24
22 0 2
4 6 8
9 11 25
5 6 17
13 14 24
11 14 13
4 6 4
9 9 27
13 16 13
7 9 9
6 9 7
4 7 12
7 10 6
17 18 21
1 3 12
5 7 12
20 21 2
12 13 3
9 12 25
7 10 29
10 12 5
4 6 3
12 14 28
8 11 22
15 18 18
16 19 20
17 20 2
6 8 27
1 0 23
11 13 12
13 15 24
6 8 6
8 9 30
12 14 14
6 9 2
21 23 4
11 14 19
16 18 9
3 4 2
14 18 27
9 12 8
12 13 11
3 5 5
5 6 13
16 16 12
8 10 22
10 12 28
23 1 24
13 15 6
22 1 22
21 23 15
14 15 8
14 17 14
13 14 28
23 23 24
11 13 8
11 11 16
17 20 8
16 17 22
15 16 5
4 7 14
16 18 3
10 12 25
14 15 11
11 14 1
20 21 16
16 19 19
1 1 15
9 12 6
21 0 19
2 3 14
19 21 17
4 5 17
1 5 18
3 5 9
22 23 28
21 0 6
11 13 24
16 18 3
0 2 11
6 8 18
22 1 5
23 1 21
3 6 2
0 3 13
1 3 8
13 14 28
7 8 4
0 2 26
5 10 23
9 10 20
23 1 29
19 20 22
2 4 7
20 22 20
14 17 17
3 5 26
19 22 18
16 18 2
15 18 1
18 20 2
4 6 8
10 13 21
21 0 15
0 1 8
13 16 30
15 19 29
7 10 23
8 9 13
14 15 19
13 15 8
17 19 28
1 4 23
21 0 6
7 8 18
0 0 7
14 14 24
7 7 28
23 23 25
5 6 15
18 20 5
3 6 1
10 11 5
14 16 7
16 17 12
3 4 8
7 10 8
5 8 18
0 2 3
16 16 1
21 0 13
18 23 12
22 1 5
16 19 5
15 17 25
22 1 18
17 20 20
1 5 28
19 20 24
13 17 22
8 9 7
10 13 29
18 19 30
6 7 18
23 2 5
12 14 23
22 2 30
11 13 20
3 5 10
10 13 17
4 5 9
0 2 8
