1410 30
25 8 29 13 15 28 25 10 12 23 18 1 13 25 3 5 25 19 12 19 11 17 5 13 16 28 3 23 19 13 
11 13 1
4 6 14
23 1 5
4 5 12
11 14 12
10 10 26
18 20 1
8 10 6
9 12 9
11 13 5
11 12 22
20 22 5
0 4 30
22 23 29
15 17 27
18 20 29
6 9 1
7 10 15
23 1 2
0 2 16
15 18 15
6 8 4
9 12 6
16 19 18
23 2 6
23 2 3
12 15 4
10 13 18
12 14 13
18 20 18
23 1 5
17 18 20
1 5 12
6 8 23
6 9 26
8 11 26
2 3 25
8 10 14
18 20 27
16 19 23
12 14 5
6 9 21
17 19 8
9 12 2
11 15 17
10 13 4
11 14 23
1 1 15
4 7 21
18 21 23
9 10 12
6 8 10
20 22 28
19 20 17
8 10 17
23 1 19
21 22 18
6 8 26
16 18 24
22 1 14
23 1 17
3 5 12
20 20 22
0 1 12
11 13 12
21 23 20
8 9 18
4 4 4
12 14 22
17 19 21
11 11 18
18 19 21
17 17 25
19 20 9
9 11 12
15 17 23
10 12 2
4 6 9
6 8 11
9 12 18
14 15 7
12 15 2
0 2 28
12 14 28
8 11 14
12 14 25
17 17 5
2 4 24
12 14 13
18 20 22
7 9 6
20 21 21
3 5 18
4 5 24
14 16 11
12 14 4
8 11 16
20 22 24
15 16 1
15 15 22
1 4 24
13 15 17
12 13 23
4 6 27
19 22 4
0 1 1
6 7 29
0 3 23
6 7 17
4 7 23
18 18 14
4 7 17
13 15 30
1 2 1
2 3 30
9 11 17
18 20 14
23 1 10
20 20 16
7 9 20
9 11 22
3 6 28
18 20 28
10 13 5
14 16 8
11 13 10
23 1 17
3 4 28
13 16 23
1 4 3
1 2 12
2 2 5
11 12 2
10 11 25
2 4 8
21 0 22
22 23 30
21 21 7
3 6 19
0 2 27
11 13 27
0 2 29
22 0 18
17 20 10
23 23 30
6 9 26
2 4 4
22 23 9
13 16 25
13 14 24
0 1 14
14 14 1
20 0 26
9 12 22
17 20 4
7 8 30
0 3 2
9 12 15
18 20 22
21 23 20
15 16 16
23 3 22
18 20 27
2 5 25
5 8 16
23 1 29
14 18 5
15 17 16
21 22 7
7 9 14
15 17 7
10 10 12
21 0 25
4 5 8
23 2 28
10 11 7
12 13 2
17 19 4
0 3 14
5 8 3
22 23 21
19 18 24
14 16 15
5 8 6
12 14 4
14 16 19
12 15 25
22 1 9
4 5 22
23 3 17
7 10 1
18 20 12
13 14 4
1 2 9
13 14 25
20 23 12
6 9 19
12 15 16
15 17 23
6 8 9
10 13 30
16 19 6
13 16 13
0 3 3
15 17 27
14 17 17
5 8 13
19 0 3
7 9 15
16 19 23
15 16 22
12 17 11
13 16 26
20 21 26
16 18 15
20 22 5
15 16 28
22 0 29
23 2 15
18 20 11
2 5 25
8 10 14
21 23 19
19 20 20
5 6 17
22 0 5
14 18 17
23 1 8
10 13 27
16 18 16
6 9 10
17 18 6
20 20 7
22 2 27
15 17 8
10 12 4
17 17 28
1 4 21
2 3 5
14 16 23
19 0 15
5 8 24
8 10 5
5 5 17
7 8 25
10 11 16
17 17 28
4 8 14
16 20 16
1 3 1
15 18 22
16 19 26
1 3 12
6 7 13
15 18 25
10 11 6
6 7 1
3 6 11
18 20 4
4 7 25
14 16 29
15 18 29
13 14 24
7 9 21
7 9 20
11 12 7
6 8 16
12 14 21
1 4 4
13 15 13
23 1 8
17 18 1
12 14 24
7 9 1
16 17 4
12 13 9
13 17 17
3 5 22
18 19 29
13 16 29
1 3 7
2 3 1
11 13 12
9 10 15
4 6 16
9 9 25
22 1 1
16 19 8
23 3 1
17 18 11
8 10 29
2 4 26
0 1 8
9 12 30
2 5 28
8 9 10
14 16 21
17 21 3
12 14 14
11 12 1
21 23 27
21 21 23
9 12 13
7 9 16
22 2 15
4 6 27
0 2 3
18 21 2
11 12 22
0 0 3
1 4 20
9 10 21
7 9 10
19 21 1
22 0 5
20 22 8
9 10 24
2 4 7
19 20 26
21 23 12
9 13 27
4 7 22
16 18 2
18 19 3
6 8 8
7 9 1
13 14 18
11 14 27
17 20 14
5 6 9
17 19 28
9 12 16
2 3 22
21 23 25
16 16 21
2 3 11
11 12 4
16 18 13
6 6 2
11 14 12
1 1 5
22 23 9
7 9 27
13 15 14
23 2 1
3 5 15
20 23 24
17 19 20
6 8 14
13 17 10
3 4 19
16 18 21
8 10 9
2 3 23
6 9 15
1 5 25
1 3 27
16 18 21
13 16 25
18 20 20
20 22 5
14 17 26
5 7 22
6 8 9
17 20 3
15 19 8
0 3 9
14 17 17
1 3 14
22 1 19
19 20 4
3 3 21
3 5 27
14 18 15
17 19 28
8 9 2
11 11 14
23 1 8
11 13 27
16 19 11
18 20 26
16 21 27
7 10 22
22 0 25
10 13 9
7 10 13
22 23 12
1 2 20
15 18 25
23 1 12
15 17 7
8 9 8
17 19 27
18 21 23
5 7 5
5 7 13
18 19 20
15 17 15
6 9 9
21 1 27
20 22 20
6 8 1
19 20 17
22 0 28
11 12 5
16 19 18
18 20 11
2 4 4
13 15 22
1 3 9
10 13 23
22 21 13
17 18 27
13 13 17
16 18 26
12 14 26
5 7 11
21 23 19
9 11 21
12 15 8
7 8 28
14 16 8
12 14 10
18 22 23
0 2 21
3 4 22
3 5 3
3 7 27
14 15 19
16 18 26
12 13 28
21 22 11
6 10 16
8 8 19
20 23 13
12 12 4
5 6 22
23 2 6
9 11 11
1 4 1
1 3 9
13 17 23
17 19 9
18 21 26
5 8 14
6 7 15
17 18 17
6 8 8
19 20 3
4 6 13
18 20 3
19 21 1
1 3 4
1 3 23
6 8 8
2 6 16
9 11 22
6 9 9
8 9 13
7 10 8
11 14 25
4 5 8
18 20 27
17 18 11
23 1 2
4 5 30
3 5 23
17 20 25
2 5 18
14 16 29
17 21 7
6 7 7
17 18 11
20 21 5
15 17 4
21 0 27
14 15 9
11 13 8
12 15 18
23 1 3
1 3 1
15 17 4
5 7 7
14 17 15
4 7 1
20 23 14
16 18 25
6 9 25
2 4 30
15 18 23
14 16 23
19 20 27
0 3 10
15 16 27
5 9 23
10 13 20
2 4 26
19 20 8
13 14 5
10 14 18
9 12 26
4 6 6
13 15 25
11 15 14
0 3 14
14 17 27
14 15 6
9 10 10
12 13 18
12 14 21
14 17 12
17 19 5
1 2 7
20 20 3
20 0 20
15 17 4
0 3 30
9 12 21
18 20 26
9 10 21
21 23 18
12 14 10
1 3 16
13 15 14
17 20 28
13 16 4
0 2 8
16 18 25
13 13 28
21 23 14
5 6 15
2 5 2
16 16 13
16 17 15
7 8 24
18 21 25
10 12 14
11 12 9
7 10 24
12 14 4
14 16 13
0 1 2
21 22 8
12 12 15
2 4 6
14 16 22
18 21 8
23 1 29
11 14 19
17 18 28
10 10 29
0 2 5
23 0 10
13 14 16
21 22 13
19 20 14
13 14 14
9 12 28
22 22 6
5 8 18
0 1 13
0 1 27
21 22 1
21 23 26
5 8 12
17 19 3
19 22 11
12 15 27
4 4 24
22 23 14
15 16 24
17 19 24
23 2 7
13 16 30
23 23 4
21 0 8
3 3 12
3 5 29
4 6 25
18 19 2
22 1 9
1 3 29
23 1 5
21 0 15
20 22 25
8 9 21
2 4 6
13 16 6
12 15 30
1 2 6
15 17 13
15 17 17
6 8 24
2 4 28
13 14 22
7 9 17
23 1 9
17 21 18
3 5 3
7 8 25
0 1 13
2 5 24
15 16 21
14 17 24
13 13 4
6 9 23
23 2 22
14 15 27
11 14 21
4 8 19
1 5 26
5 6 1
8 10 15
1 4 5
23 0 8
23 0 6
12 14 5
4 5 25
10 12 20
5 7 21
14 16 8
1 4 15
9 10 10
10 12 3
23 1 2
12 13 26
4 5 14
15 17 22
2 3 16
11 12 29
2 4 26
19 22 20
5 8 11
15 16 1
22 0 24
19 22 29
5 7 15
7 9 26
9 11 29
11 15 10
22 0 4
16 18 2
20 21 15
16 18 8
0 2 8
9 11 9
13 15 18
23 0 27
9 11 23
23 1 21
0 3 4
1 3 19
11 11 26
19 22 28
13 15 30
21 23 28
0 2 6
21 23 28
1 2 27
4 6 15
17 21 21
21 22 23
13 13 13
11 14 22
16 20 5
6 9 10
8 11 14
16 19 7
2 3 16
7 8 13
1 2 5
16 18 5
5 4 28
13 15 27
16 19 2
7 10 28
1 5 29
18 21 17
22 1 16
14 16 14
2 4 5
6 8 12
8 10 1
18 19 27
7 9 7
10 14 1
20 22 17
7 10 10
20 22 12
15 17 5
10 11 14
17 19 18
10 10 26
9 11 13
19 21 18
1 3 29
19 20 24
17 20 13
18 21 21
3 6 9
17 20 26
11 12 14
15 15 20
18 20 21
8 11 21
12 15 8
15 17 30
23 0 3
17 18 26
11 11 14
6 10 7
14 18 16
14 16 4
23 2 16
7 10 6
13 15 22
5 9 16
21 23 20
5 9 12
8 10 15
9 12 3
18 19 21
21 21 10
0 1 12
7 9 18
18 21 7
21 23 16
17 19 17
23 2 22
17 19 28
6 6 17
20 21 11
18 20 8
18 19 17
13 15 3
14 16 15
10 11 7
17 20 12
1 3 23
19 21 8
14 17 20
16 17 3
6 8 5
21 22 22
19 20 9
0 0 24
7 9 3
11 12 22
23 1 30
18 21 23
0 2 15
10 12 3
0 1 29
15 17 29
20 21 17
21 22 15
19 21 15
17 19 21
22 0 25
5 6 24
22 0 6
8 9 9
7 10 4
23 0 30
10 14 25
8 12 11
17 18 17
22 0 29
9 12 19
20 22 1
10 12 19
1 2 8
1 3 6
17 20 28
0 3 12
0 4 10
19 23 4
18 19 16
16 18 29
22 0 22
14 17 12
4 5 19
6 6 16
10 13 11
14 15 21
20 21 11
17 19 3
5 7 9
16 17 1
19 22 20
13 16 24
8 10 13
13 15 3
18 22 8
18 19 20
16 18 18
4 6 17
17 21 19
4 5 29
1 4 6
4 6 17
1 2 16
11 13 2
14 15 27
5 6 29
14 16 12
2 3 14
4 5 1
5 9 26
20 22 28
2 3 29
13 15 22
17 20 18
15 17 29
23 2 18
15 18 20
23 1 29
6 8 29
4 6 12
19 20 30
9 11 25
22 22 13
22 0 30
17 17 23
10 11 25
8 12 25
6 7 14
0 2 27
20 23 9
19 23 4
8 9 3
5 6 23
13 15 16
1 3 8
4 7 10
1 3 23
15 18 29
4 6 11
5 7 6
1 3 10
9 13 8
9 11 21
4 8 8
23 0 21
14 16 29
0 3 1
21 23 7
14 17 3
9 11 5
10 13 5
14 17 24
9 13 12
17 20 5
5 7 23
20 22 13
21 22 21
20 23 15
7 9 14
23 1 22
11 14 10
8 11 30
3 6 3
17 18 4
5 7 25
12 15 22
9 9 13
2 3 28
20 23 25
22 23 29
6 8 3
2 3 20
21 0 11
16 17 9
21 0 9
12 16 23
2 3 11
5 7 13
2 2 29
12 14 7
13 16 19
23 0 30
23 1 16
11 12 20
22 1 26
13 16 25
2 3 20
10 12 19
1 4 16
23 0 10
8 9 3
5 8 28
20 21 19
14 15 10
2 3 4
21 21 13
21 1 26
22 0 23
2 4 17
22 0 18
1 3 9
22 0 29
0 2 4
6 8 16
23 2 1
20 21 17
9 9 9
6 8 17
16 18 16
2 4 17
23 2 20
20 21 2
15 17 22
16 18 15
1 2 3
0 1 28
4 5 3
0 2 16
21 22 9
23 0 25
3 5 5
12 15 23
5 10 12
6 10 19
14 16 12
5 6 12
2 3 17
14 15 28
23 0 13
14 17 21
13 15 29
1 3 5
21 23 11
20 22 21
14 15 13
22 0 30
12 13 1
7 9 13
15 16 19
3 4 27
14 16 30
6 9 26
20 22 13
13 15 6
14 15 30
3 6 22
2 5 13
5 6 11
22 23 28
22 23 11
1 3 24
12 14 15
18 20 21
9 12 7
1 3 10
12 14 17
13 13 17
14 17 1
2 4 16
14 17 12
8 11 2
23 1 25
18 19 3
10 10 1
10 13 6
5 7 8
23 1 10
6 9 23
15 17 27
10 13 28
18 19 10
9 11 27
10 11 25
13 14 20
18 21 12
6 9 30
1 3 5
14 16 16
22 1 23
5 5 4
21 22 19
6 8 15
7 9 21
21 23 17
15 15 17
14 16 8
2 3 11
10 12 29
14 15 19
13 13 12
2 3 3
8 10 17
19 20 19
23 2 10
17 17 29
19 21 16
23 0 3
12 14 9
11 15 20
5 8 29
12 14 5
21 23 3
12 15 15
23 0 1
13 17 18
14 14 23
19 20 5
12 13 4
14 16 24
1 3 10
18 21 9
11 13 3
13 14 18
7 8 28
21 23 23
7 8 28
17 18 7
16 21 1
7 7 18
21 23 27
11 11 10
19 21 29
9 11 13
16 20 11
7 9 5
14 17 23
6 7 28
5 7 17
3 5 1
21 22 28
9 11 11
9 9 7
8 9 7
8 10 8
2 4 13
17 20 18
9 9 8
20 23 16
2 5 24
8 10 18
22 22 28
2 4 23
19 21 12
8 9 22
4 6 14
3 5 14
11 13 1
10 12 8
16 19 20
8 9 4
17 19 11
1 3 2
9 11 15
16 18 6
19 21 23
6 8 8
4 6 21
2 5 30
19 21 16
22 0 23
23 2 10
4 7 15
17 20 22
2 5 22
22 0 8
22 2 18
16 19 15
14 15 28
20 22 8
8 10 29
12 14 18
22 23 19
2 5 28
14 15 3
12 14 8
2 5 9
23 1 15
9 9 3
1 3 12
20 23 16
14 16 16
19 22 11
18 20 13
17 18 20
4 8 7
18 20 5
22 0 22
1 3 27
5 8 11
23 0 9
18 19 17
7 10 8
8 11 5
15 17 3
23 2 19
13 15 8
12 13 10
5 6 2
14 16 14
17 18 6
17 19 12
15 17 2
3 5 22
14 14 26
10 12 17
13 16 6
1 3 23
20 22 6
1 2 29
17 21 20
10 12 11
9 12 4
19 23 10
12 15 16
19 22 2
19 22 3
1 3 3
6 8 17
17 20 10
21 22 12
22 1 6
5 7 5
7 9 12
8 11 15
3 5 2
16 18 21
20 23 9
13 14 11
4 6 5
8 8 3
6 8 17
8 11 24
6 7 7
9 12 24
19 22 10
17 18 13
21 23 15
17 18 21
0 2 24
0 2 17
4 6 18
23 2 10
23 3 5
16 19 23
22 0 15
10 13 29
10 13 20
17 20 12
21 23 24
20 21 11
16 18 30
7 9 15
3 5 30
14 18 7
21 0 28
5 8 3
14 15 14
19 19 20
18 20 10
16 18 30
8 9 15
2 5 25
17 20 29
14 15 27
12 12 9
11 15 22
1 3 8
15 17 20
13 15 14
13 14 28
11 13 21
10 13 2
7 10 5
22 22 30
20 21 25
9 10 16
17 18 4
20 23 7
4 5 24
21 23 15
22 1 1
8 11 18
8 10 20
0 3 21
17 20 23
16 19 9
19 21 2
6 7 2
15 18 13
8 10 23
4 7 12
6 8 30
6 8 4
23 1 22
9 12 7
2 4 11
23 0 18
4 7 13
6 8 23
22 23 7
23 1 20
7 10 13
3 4 16
2 3 16
19 21 3
18 19 4
1 4 23
23 0 12
3 5 20
23 23 23
23 1 28
10 11 11
7 8 23
9 10 21
17 19 12
23 1 23
9 10 8
10 12 8
18 19 5
3 6 26
5 8 30
1 5 22
8 10 7
11 12 8
20 0 5
15 17 6
1 3 20
18 19 27
11 12 17
2 2 6
18 19 1
5 6 17
5 7 19
13 13 10
13 13 17
16 17 9
11 13 7
3 5 15
12 14 21
14 16 20
9 10 27
7 10 2
9 10 7
2 4 4
18 21 7
15 16 3
20 22 10
6 6 14
9 11 23
0 4 26
19 21 9
9 12 18
17 19 8
7 10 13
5 7 26
10 10 7
11 13 28
14 15 13
5 7 27
21 0 24
9 10 13
21 23 1
9 10 4
10 13 20
15 14 6
18 18 13
18 20 14
23 1 3
4 8 19
2 3 19
1 4 24
21 23 26
0 2 26
4 7 1
14 17 25
5 6 26
20 23 26
20 22 23
11 11 4
2 2 11
2 5 12
9 11 23
11 12 7
17 19 25
3 5 6
15 17 21
16 18 12
23 23 4
20 22 26
10 13 20
10 10 2
18 20 20
19 21 14
0 2 12
7 11 26
0 2 17
3 5 23
12 15 21
12 13 27
20 21 20
12 14 29
5 8 3
0 3 17
7 8 4
16 17 6
22 1 8
8 10 27
10 13 12
15 18 4
7 8 11
12 15 3
22 0 10
20 22 26
20 22 29
3 5 18
6 7 28
4 6 26
2 4 17
6 7 5
17 19 26
2 6 22
18 19 13
19 21 13
20 22 18
11 12 9
9 11 1
15 17 14
9 10 22
5 7 14
2 4 13
12 14 30
12 13 1
23 2 23
15 18 15
16 20 16
23 2 10
6 8 23
5 5 15
8 9 8
18 20 3
5 8 1
8 10 13
10 11 23
8 9 2
8 9 14
23 3 12
6 8 28
19 21 10
18 19 11
15 18 2
3 5 28
20 22 27
0 1 9
21 0 26
11 14 18
9 10 14
12 12 10
4 7 25
22 23 17
12 16 4
0 2 10
4 6 4
2 5 5
0 2 14
17 18 1
19 21 4
3 5 18
17 19 14
8 11 5
5 8 10
21 22 15
12 14 3
12 12 15
4 6 24
15 17 13
19 21 9
17 20 11
5 7 18
11 14 15
22 0 24
4 6 20
11 12 4
5 6 22
23 0 29
22 1 22
4 6 21
1 3 7
8 11 20
15 15 28
4 5 27
12 13 14
14 16 19
4 7 19
3 4 8
10 12 1
11 14 12
23 2 28
23 1 7
1 4 21
14 16 30
16 20 22
6 9 15
6 8 11
13 14 18
21 23 15
23 23 28
12 14 23
1 3 24
2 4 29
20 22 10
22 23 21
