1440 30
9 15 21 27 5 14 18 11 23 2 25 11 1 17 21 1 30 2 25 16 21 2 20 13 20 27 5 3 10 6 
2 4 2
16 19 26
7 11 11
16 19 10
19 22 11
17 18 29
23 0 18
7 10 29
10 13 16
13 15 29
22 1 27
23 3 12
14 16 16
20 22 17
18 19 15
19 21 25
4 6 18
11 11 15
1 2 16
0 2 13
16 19 7
12 14 27
7 8 4
23 1 25
1 3 8
11 14 25
21 0 18
7 10 30
1 3 8
4 7 11
20 22 5
22 23 24
9 12 5
20 21 18
1 3 1
1 2 3
9 10 19
12 14 9
5 6 12
2 4 30
4 4 14
16 17 9
11 13 9
18 19 18
21 22 25
18 22 29
4 6 25
14 17 2
13 16 3
18 20 27
15 17 11
4 7 1
19 20 25
0 3 6
12 14 21
20 21 23
22 0 8
21 23 15
11 14 26
1 3 8
1 3 6
8 10 3
17 20 5
2 5 11
5 7 17
12 14 16
13 14 25
17 21 16
21 0 25
21 0 27
3 5 7
8 9 27
5 10 26
2 4 4
14 16 30
19 20 18
16 19 16
8 10 28
18 19 6
20 22 16
6 8 14
2 3 10
3 6 20
8 11 7
23 2 21
23 1 22
8 10 4
4 9 9
0 2 19
20 22 10
1 3 9
10 12 27
2 4 23
0 1 25
4 6 24
12 14 10
9 13 5
19 20 21
3 6 2
11 13 21
8 10 23
4 7 13
12 14 16
17 20 17
10 11 28
1 4 25
11 14 16
13 16 12
7 9 4
13 15 3
21 22 15
11 13 4
5 7 26
0 1 9
2 5 29
9 12 7
12 15 20
22 0 28
18 21 30
22 23 5
5 6 22
22 0 25
6 9 6
18 20 10
13 16 6
23 2 24
20 21 25
2 6 1
19 20 3
10 12 6
21 21 2
8 8 26
2 2 9
20 22 26
11 13 19
15 15 16
21 22 9
12 14 22
11 14 21
15 18 26
23 0 15
18 21 16
19 20 29
1 3 25
5 7 16
5 8 29
18 20 5
12 13 25
20 23 28
19 22 3
9 10 21
0 2 15
15 16 23
9 10 22
12 14 7
0 4 5
7 8 12
22 23 11
2 5 5
21 23 29
5 8 28
1 2 10
6 7 24
21 23 24
10 12 16
22 1 25
6 8 17
5 7 8
2 3 30
7 9 29
13 16 2
20 23 1
14 14 3
15 17 1
2 5 10
6 8 3
12 13 27
20 22 25
16 18 5
8 11 17
9 10 24
13 15 13
16 19 10
20 23 7
17 18 29
5 8 18
5 8 1
11 13 3
10 13 2
4 6 28
22 0 23
18 19 12
18 18 26
22 0 9
5 6 14
0 1 27
0 1 15
4 6 3
4 6 25
4 6 20
6 8 11
7 11 28
17 19 19
22 23 28
22 0 24
19 20 17
10 12 1
15 17 16
20 0 22
19 22 10
1 3 22
6 9 22
15 16 3
23 1 26
15 17 29
18 20 23
9 13 5
23 23 26
7 10 2
10 13 12
16 17 19
4 6 28
4 5 17
17 19 17
22 0 2
10 10 16
22 0 7
5 9 8
9 10 4
22 1 24
23 1 27
11 12 7
17 20 17
2 4 3
0 1 15
15 16 26
18 18 14
22 1 23
0 2 19
7 9 24
9 11 10
11 13 21
21 1 14
6 8 28
8 9 4
3 3 26
5 7 13
4 6 7
5 7 27
4 5 8
17 16 21
22 2 14
17 20 18
7 9 22
19 22 24
23 1 2
10 12 4
15 17 6
3 4 14
14 16 15
7 10 19
6 8 9
7 9 9
3 4 26
13 15 29
13 15 11
11 14 19
19 19 20
11 13 27
12 14 23
4 7 30
4 8 11
15 16 29
5 6 2
12 15 28
12 12 24
11 12 9
4 6 10
3 5 18
0 2 26
14 17 28
10 11 3
12 16 16
14 14 15
2 2 19
11 14 17
21 0 18
10 12 4
2 3 6
19 22 8
23 2 4
16 19 15
6 8 12
11 13 30
22 0 17
1 3 13
21 0 15
3 6 19
8 9 9
19 20 18
22 1 16
9 10 30
11 13 3
8 9 20
19 20 11
1 3 12
16 19 12
17 17 12
1 2 8
12 13 17
19 20 6
3 4 22
6 6 10
23 2 26
0 0 14
10 11 11
18 19 3
16 17 19
2 4 19
21 23 1
1 3 10
18 20 14
6 8 25
16 18 27
0 2 14
8 10 19
14 15 6
23 3 11
15 18 17
18 19 15
8 11 23
16 20 8
23 1 5
12 14 20
4 6 4
22 0 30
11 14 8
4 6 3
15 16 25
14 17 26
11 13 3
7 7 5
14 17 8
17 21 24
4 5 22
6 8 1
11 12 3
19 21 14
15 16 3
7 9 29
2 3 20
6 9 29
12 12 15
9 11 30
17 20 19
10 12 13
8 11 23
19 22 24
19 20 2
20 22 12
0 5 27
1 5 30
1 3 8
21 0 26
6 9 25
3 4 2
17 19 6
23 1 16
4 6 12
18 21 30
2 6 21
10 12 17
6 8 15
14 17 23
4 5 2
19 21 23
1 4 6
10 13 7
2 3 5
16 17 2
11 12 2
10 11 21
7 11 21
22 21 23
1 3 7
10 11 5
18 19 11
7 7 18
16 20 12
15 15 10
10 10 25
17 17 27
23 2 2
17 18 19
11 11 24
2 4 29
7 9 27
9 11 13
1 2 8
2 3 30
3 7 16
6 9 26
15 17 2
11 13 11
15 17 23
22 23 23
3 6 27
13 14 27
20 20 10
23 23 8
0 3 23
15 18 20
3 6 17
19 21 16
7 11 6
15 17 8
23 23 12
7 8 14
23 0 8
2 4 17
3 4 2
10 13 18
6 8 13
0 2 6
14 16 27
6 10 10
16 18 27
10 11 6
6 9 4
14 16 28
9 12 14
15 18 1
12 13 21
8 9 28
10 11 17
0 2 21
23 0 19
14 17 19
23 1 7
4 3 28
20 23 6
19 21 30
19 22 22
14 15 6
6 8 9
15 19 25
20 23 9
6 8 27
10 12 27
21 23 1
10 13 9
7 9 30
13 15 25
13 15 13
3 4 22
10 12 22
5 7 3
8 11 23
6 7 29
20 23 25
8 11 14
7 9 8
16 16 26
23 0 18
1 3 29
21 23 14
3 6 9
6 7 11
6 8 24
17 19 4
16 19 27
16 18 16
22 1 22
18 21 15
16 15 17
21 22 10
9 11 28
16 17 8
12 15 5
3 4 22
13 14 16
8 12 7
11 13 1
20 21 12
12 14 15
17 17 25
22 1 7
5 7 8
15 16 11
6 10 29
5 6 26
19 20 12
11 13 14
18 21 30
0 0 20
3 5 17
13 11 21
22 22 29
20 20 18
3 3 27
18 20 6
20 22 22
17 19 8
0 1 9
14 14 4
12 14 22
23 23 16
13 14 3
11 12 4
18 18 22
22 0 13
4 7 7
5 7 19
19 21 18
7 9 9
10 13 29
13 15 25
6 6 4
7 10 22
18 21 6
11 12 5
5 7 28
14 16 20
17 20 5
4 6 24
4 8 13
11 12 28
4 7 7
23 1 15
10 13 17
14 16 24
23 1 11
4 6 12
20 0 9
4 6 13
20 23 20
23 23 5
4 8 19
0 3 24
5 8 14
11 13 26
13 17 20
12 13 24
21 23 16
12 15 9
4 6 11
6 8 13
14 15 7
23 2 29
6 8 2
10 13 1
15 18 11
5 6 22
20 23 2
13 17 25
10 14 24
16 17 15
0 2 14
1 3 28
15 17 24
0 2 18
12 14 8
0 1 30
17 18 19
6 10 25
1 4 21
16 19 1
17 19 15
22 23 16
21 0 6
3 5 18
13 14 22
17 19 17
0 3 7
19 23 25
10 11 13
8 8 19
18 19 15
5 10 26
13 15 5
2 5 18
5 7 7
17 19 18
11 14 18
12 13 11
13 16 11
10 12 17
7 8 8
23 1 21
16 18 9
2 4 30
23 1 10
21 0 30
23 1 11
12 14 16
8 9 8
9 12 28
14 17 24
9 11 3
1 2 8
10 13 7
9 11 15
1 1 3
12 13 8
8 12 27
14 15 13
16 17 21
9 11 27
3 4 24
4 6 30
7 10 10
12 14 13
9 11 14
19 21 9
14 18 20
15 18 6
11 13 5
2 3 18
22 0 23
14 15 29
13 14 24
23 2 8
18 22 24
17 20 17
10 12 3
13 15 21
11 11 15
1 4 14
14 17 6
10 11 29
14 16 7
7 11 2
17 20 13
19 21 2
11 11 22
9 12 27
1 4 2
5 8 12
7 9 18
9 12 12
12 13 6
22 1 12
5 6 13
9 13 5
2 3 14
11 14 8
21 0 5
21 23 14
6 7 28
1 2 10
10 11 2
23 1 7
2 5 8
18 21 26
13 14 11
11 12 13
3 4 8
8 10 2
1 1 25
4 6 30
7 9 18
2 4 6
5 7 9
5 6 7
12 14 14
15 17 9
10 14 12
11 14 20
21 0 1
8 10 3
14 17 14
6 9 22
8 10 29
1 4 25
18 20 30
7 8 11
23 1 21
21 23 21
11 13 6
17 20 13
6 9 5
21 23 26
19 22 3
7 11 17
5 7 18
17 20 8
16 17 27
10 11 22
7 7 11
1 2 7
3 7 17
3 4 13
1 3 26
5 7 25
2 4 3
4 7 7
11 12 13
1 4 2
21 21 4
23 1 6
0 0 3
2 4 8
18 20 16
5 7 4
0 2 10
12 14 2
0 4 12
16 17 15
8 9 8
10 12 13
15 16 9
20 23 1
3 5 16
13 16 26
20 22 12
11 14 10
9 12 27
16 18 10
6 10 6
22 0 24
18 21 29
14 16 13
22 2 25
14 17 27
15 17 21
8 9 2
7 7 17
13 15 18
21 23 2
3 6 28
0 3 21
15 18 10
11 13 17
22 23 11
8 9 16
6 10 8
16 17 2
18 17 18
4 6 22
20 20 9
21 22 8
9 13 22
2 3 24
18 18 23
5 7 4
1 2 10
10 12 19
1 3 5
9 10 28
16 16 3
16 18 28
6 10 30
5 7 27
6 8 19
0 3 15
21 23 28
0 0 19
13 14 14
21 23 20
19 21 13
19 22 11
16 19 12
14 17 25
22 23 27
10 12 20
2 4 21
11 13 13
11 11 25
16 16 27
11 15 25
19 22 25
18 21 21
8 11 21
1 4 26
11 11 19
4 7 29
17 20 20
14 16 12
14 19 19
10 13 4
16 19 19
6 8 20
12 13 5
20 23 27
19 20 13
4 7 27
12 14 17
14 15 30
9 12 23
12 12 5
5 7 12
19 21 14
11 12 26
19 20 6
10 11 2
10 12 7
15 18 1
23 0 17
9 10 23
4 5 29
4 7 11
22 0 23
5 8 14
2 2 16
21 23 28
17 19 27
12 13 7
13 17 20
12 12 14
18 20 17
2 4 2
20 0 27
13 16 3
3 4 17
0 1 2
22 2 23
18 19 28
16 18 6
8 9 6
6 7 15
22 22 1
3 5 11
13 16 18
12 15 9
14 17 10
2 5 20
5 5 5
10 12 18
18 20 20
19 23 11
19 20 29
1 4 9
9 10 13
3 7 2
15 17 14
16 19 21
4 7 7
22 3 9
1 3 10
2 4 12
4 6 1
13 13 1
5 6 29
10 13 2
11 14 23
10 11 27
1 3 10
10 11 25
8 10 27
21 21 10
3 5 7
14 16 1
6 8 25
16 18 4
16 19 28
4 8 4
10 11 17
6 8 6
15 15 11
13 15 25
4 7 10
1 3 23
9 10 19
0 1 5
21 22 14
6 9 23
19 22 17
20 23 25
1 2 21
13 17 12
20 21 4
6 8 16
23 0 12
4 6 8
22 1 3
15 17 23
18 21 30
6 6 2
20 21 15
13 15 6
8 10 5
23 2 9
1 4 22
11 13 29
15 18 4
13 13 9
8 10 13
11 14 7
18 21 29
9 12 4
17 20 24
11 14 25
6 9 15
22 0 19
1 4 6
14 16 16
9 12 29
18 22 1
6 7 7
5 7 20
13 16 11
3 6 26
13 15 18
14 16 12
23 1 18
7 9 20
7 8 21
0 2 1
16 17 24
20 21 27
7 9 21
4 6 4
1 2 17
1 2 9
16 19 19
21 22 18
20 23 1
9 10 14
10 9 9
12 16 12
21 22 14
17 18 15
3 5 23
7 9 3
17 18 11
22 23 18
5 6 11
9 12 20
9 11 24
3 4 4
7 9 29
21 1 18
15 17 5
1 1 9
4 8 12
23 0 29
14 17 7
18 22 11
19 19 17
8 9 8
12 13 17
3 6 26
20 0 4
17 19 22
6 9 20
0 3 9
2 6 10
21 23 16
4 6 18
5 8 25
23 3 5
9 11 18
5 8 25
10 15 16
10 12 28
16 18 27
19 20 21
18 18 27
2 3 20
18 20 23
7 10 30
7 8 13
22 23 15
22 0 10
22 1 26
10 12 11
22 23 25
22 22 21
14 15 20
22 1 28
6 8 7
17 19 25
2 4 16
19 21 12
2 2 24
20 23 16
20 22 26
10 12 28
7 9 19
7 8 16
10 12 24
9 12 10
6 7 5
20 0 8
23 1 30
17 19 18
1 3 6
18 20 3
12 15 30
10 14 3
23 22 22
6 8 12
14 14 22
17 20 16
10 12 20
20 21 29
6 9 18
4 7 19
6 10 30
0 3 10
1 2 2
19 19 27
19 20 16
19 20 26
2 3 23
7 10 8
22 0 4
13 15 15
3 5 16
19 22 27
16 17 24
2 4 5
2 4 2
6 9 25
12 15 13
2 3 29
11 14 10
20 21 1
14 17 8
6 9 20
23 23 10
8 10 17
16 19 7
2 4 30
5 6 13
23 21 3
15 16 6
17 19 27
18 20 1
8 10 5
5 8 5
23 2 4
18 22 10
13 15 15
17 19 21
9 12 15
7 9 16
11 13 28
11 12 22
3 5 7
3 6 9
7 9 13
5 6 9
2 4 3
15 18 10
9 13 1
9 10 2
12 15 1
14 14 24
1 4 20
1 3 22
5 6 28
21 22 14
18 21 30
8 10 3
9 11 30
6 8 29
0 2 14
8 10 7
22 1 15
19 20 18
12 15 10
3 8 12
4 7 18
2 4 6
8 11 1
10 12 4
0 2 11
10 11 4
5 8 23
10 11 30
6 8 2
13 14 29
3 6 13
8 10 23
0 3 20
14 17 13
20 19 15
21 0 20
1 4 9
21 21 19
14 15 22
8 10 11
6 8 14
1 2 24
19 19 20
11 12 4
13 14 5
8 11 27
6 7 20
22 0 25
8 12 10
0 1 14
12 15 24
17 16 2
3 5 11
0 2 19
23 0 23
17 19 8
23 1 19
11 12 24
18 21 27
20 23 23
4 8 23
9 12 4
17 19 6
9 13 18
17 19 3
19 22 28
18 20 25
19 21 10
12 15 29
13 14 25
1 4 19
4 6 17
11 12 3
23 1 29
0 2 10
13 14 22
13 16 26
2 4 29
3 3 1
4 6 20
1 4 16
21 23 23
6 7 9
3 6 9
12 14 13
13 14 10
23 1 14
1 3 15
12 14 17
23 0 20
2 3 19
2 5 29
9 11 22
2 4 10
8 9 9
19 21 9
9 12 10
16 18 29
22 1 22
4 7 15
12 12 13
19 21 24
7 10 13
8 11 8
10 14 29
1 3 11
21 23 29
8 11 23
21 22 8
16 18 6
20 20 15
18 20 4
12 14 4
16 19 18
1 4 23
19 22 29
10 12 25
8 10 4
22 2 9
23 1 30
17 18 19
11 11 24
15 16 1
3 6 11
19 20 29
12 15 22
20 22 2
2 4 20
18 21 8
6 8 27
0 1 7
19 22 22
6 7 20
1 1 4
10 12 30
2 4 7
21 22 17
7 9 10
23 1 26
1 4 28
15 18 22
20 21 8
1 3 23
10 13 20
12 16 6
17 18 23
6 8 8
16 18 28
8 10 1
6 9 6
21 0 10
20 22 28
0 -1 12
22 23 5
8 10 16
18 21 28
22 1 20
7 10 16
20 21 8
23 1 27
8 9 5
13 15 2
6 7 14
15 18 8
6 8 3
10 12 15
14 17 17
7 9 14
11 12 24
13 14 3
15 17 15
22 1 20
5 5 24
23 1 27
18 21 14
17 17 5
10 10 3
19 20 23
5 6 22
14 16 19
22 0 25
5 6 28
21 22 5
9 12 17
15 17 10
19 19 13
13 16 19
23 1 5
21 21 8
17 20 21
12 15 29
14 16 6
1 3 27
9 13 11
8 10 20
16 19 16
9 11 9
21 0 23
23 1 25
12 14 6
7 8 7
21 1 1
17 20 11
2 4 26
13 14 16
10 12 27
9 11 2
2 4 18
2 4 10
1 2 5
9 11 11
5 7 22
11 14 16
21 23 7
21 0 11
16 18 22
11 14 17
14 17 5
1 4 23
6 9 16
10 12 1
15 18 26
3 5 6
21 23 3
6 6 20
22 1 8
0 1 10
11 14 10
10 13 2
6 8 2
19 22 18
1 2 15
1 3 3
16 18 26
6 8 28
23 1 29
2 4 18
21 0 16
10 11 7
0 4 14
13 16 16
3 4 19
8 8 15
17 19 25
18 20 23
3 5 28
21 23 7
17 19 5
17 20 16
5 9 17
17 19 17
4 5 9
18 22 28
22 23 10
14 16 1
0 3 8
18 18 19
22 23 6
22 23 23
13 15 7
20 21 13
4 5 22
14 16 10
1 3 19
11 13 6
4 6 13
13 15 19
0 3 10
14 16 23
3 4 26
8 10 21
4 5 11
17 19 20
3 6 5
14 16 28
3 5 19
13 14 4
10 11 13
3 5 23
2 4 4
11 12 24
2 3 13
3 7 12
20 0 2
11 13 27
9 11 17
6 7 5
21 23 4
21 23 18
20 22 25
16 19 6
23 0 30
13 15 13
6 10 22
5 8 11
20 22 8
0 2 28
8 10 25
4 7 1
23 0 29
18 21 15
18 20 4
22 1 29
20 21 4
4 6 6
20 21 24
4 6 7
11 12 3
10 12 30
6 7 10
20 22 2
3 4 30
21 23 10
8 11 28
4 6 29
20 20 2
0 4 25
5 7 30
3 5 9
15 16 3
10 10 30
4 5 6
18 21 7
23 1 2
19 21 2
10 13 12
8 10 30
22 0 23
1 2 26
0 3 1
7 9 26
18 20 10
5 8 13
15 18 22
0 3 8
18 18 19
7 9 1
0 2 3
22 2 3
23 1 19
16 18 29
19 22 22
12 13 17
18 22 10
20 23 20
6 8 4
17 18 6
14 17 15
17 20 19
9 10 27
11 14 27
11 12 19
6 8 13
21 21 14
14 16 30
18 20 4
1 3 14
0 3 18
14 15 13
23 23 29
22 0 27
0 2 10
5 8 9
16 20 24
19 20 5
13 14 2
16 20 7
5 6 4
10 12 19
11 12 10
8 8 21
18 19 22
22 1 10
5 8 26
14 16 21
3 6 10
11 13 4
3 4 4
0 3 13
15 17 17
11 13 25
0 2 12
23 1 16
18 21 13
0 2 15
9 10 30
14 15 28
23 2 2
13 15 9
3 4 15
3 6 2
0 1 25
20 22 25
23 1 4
7 10 24
14 18 10
1 3 13
