1420 30
27 7 28 27 13 19 14 23 5 9 14 22 26 22 25 12 26 16 13 2 16 7 29 1 11 25 18 4 30 19 
10 12 23
1 3 4
5 7 21
10 12 19
7 9 22
1 2 8
20 23 25
4 5 25
14 17 2
19 21 15
15 18 13
15 16 22
15 17 1
9 10 10
11 13 25
16 18 7
22 23 22
16 19 4
0 1 4
5 8 7
12 15 21
22 0 13
11 14 28
15 16 18
2 6 5
18 21 22
9 11 18
5 7 10
22 23 19
12 14 30
10 14 30
8 11 25
10 12 19
12 14 13
6 7 19
0 4 15
19 22 4
21 1 18
4 8 3
17 20 19
4 6 26
18 21 10
22 0 9
5 7 12
19 0 2
20 21 9
6 8 24
23 1 15
2 2 10
1 3 21
21 23 8
15 17 1
19 21 16
1 3 29
23 0 7
18 19 14
14 16 21
21 23 3
21 23 20
15 19 1
3 6 8
2 6 18
17 20 12
15 18 2
16 17 4
7 11 15
5 9 20
12 13 9
21 0 14
23 0 9
21 0 18
20 20 8
14 16 6
7 7 24
10 14 3
20 22 7
20 21 28
23 1 16
22 0 22
0 3 20
13 15 19
9 11 10
9 8 24
22 22 23
13 15 29
21 0 8
1 3 2
23 3 18
13 13 11
19 22 12
19 20 1
23 0 13
21 0 21
18 19 11
5 6 27
2 3 5
2 4 29
18 20 27
15 16 27
8 10 11
1 3 26
11 11 13
9 12 22
16 18 25
7 9 30
11 14 4
19 22 14
20 23 24
6 6 18
23 0 30
11 12 3
5 8 19
5 8 11
0 2 14
3 4 19
8 12 3
1 3 29
13 15 1
7 8 11
13 16 8
16 18 23
23 2 17
17 18 11
11 14 13
9 10 18
23 21 12
2 5 5
3 6 11
14 17 27
8 10 15
5 6 8
1 3 15
5 7 8
23 0 11
1 1 26
7 8 2
14 17 10
21 23 3
5 9 6
8 11 3
15 16 1
12 14 28
11 11 30
21 23 28
6 10 21
20 22 18
9 11 23
9 9 26
3 7 2
21 0 14
23 0 4
9 12 27
2 4 9
9 10 18
10 11 3
20 0 17
1 3 28
11 13 28
17 19 26
8 11 15
15 18 13
8 10 2
11 12 28
20 21 20
13 16 15
16 18 6
23 0 18
1 3 7
10 12 18
6 7 14
6 7 24
5 6 29
5 7 21
18 22 24
22 21 28
1 3 11
22 23 13
10 11 16
8 11 15
4 6 1
16 18 1
16 18 24
15 16 2
13 14 4
0 3 29
12 13 1
4 5 29
7 8 19
17 19 8
16 17 22
0 1 27
0 4 27
17 20 11
6 8 23
21 22 5
11 12 22
0 2 8
10 11 12
13 15 25
14 15 7
3 4 23
12 16 10
7 10 21
1 2 23
10 11 3
11 13 8
10 11 26
10 12 10
6 10 2
4 7 2
16 18 5
17 18 11
10 13 3
14 15 28
18 21 30
19 20 18
6 9 14
21 23 21
2 6 25
0 1 27
6 7 21
7 10 24
21 0 7
12 13 19
15 16 27
0 2 18
9 12 23
20 0 21
11 14 15
13 16 23
11 13 22
5 7 15
1 3 21
14 17 11
2 4 21
22 0 12
6 8 9
12 13 19
21 22 30
19 22 27
15 17 8
16 16 20
8 10 15
8 10 29
20 22 24
18 22 29
4 6 12
17 18 1
18 20 17
9 11 16
5 8 3
17 17 10
1 3 10
13 16 29
8 12 15
7 9 15
17 19 24
13 15 19
2 4 3
2 3 18
8 11 16
11 12 25
18 20 18
4 7 17
10 13 25
3 4 10
6 8 6
2 4 27
6 8 14
22 23 20
3 4 8
23 2 28
5 7 23
1 4 24
19 21 3
8 11 4
21 0 7
14 15 30
5 8 16
3 5 20
0 3 14
16 19 22
8 10 2
21 0 19
12 13 8
14 16 28
10 13 25
12 14 2
18 20 22
6 8 27
7 7 17
3 4 3
17 18 12
0 1 18
19 20 14
5 8 1
13 13 19
11 13 24
13 16 4
17 19 3
3 6 14
12 13 1
11 13 28
7 8 27
8 9 12
15 18 29
21 1 21
13 14 28
9 12 30
18 20 6
1 2 19
13 15 13
9 10 10
22 23 11
0 2 23
3 6 11
15 17 3
0 1 14
10 12 28
23 1 25
13 15 1
11 14 26
8 9 29
15 16 21
16 19 7
18 21 17
10 12 23
21 0 29
5 6 19
8 10 4
8 9 19
11 11 2
8 12 6
10 12 5
18 19 4
20 23 5
18 20 18
12 13 20
8 10 1
4 6 4
7 9 16
3 5 27
17 19 1
7 9 9
20 23 1
3 4 4
0 3 3
16 17 12
7 10 6
15 18 16
2 4 3
18 22 30
2 4 19
4 7 22
19 21 6
10 12 9
15 17 6
21 22 7
2 3 23
6 9 26
21 22 13
21 22 28
4 6 14
5 7 14
20 0 10
4 5 15
5 6 28
5 7 21
14 15 11
18 19 8
13 14 19
5 7 2
6 9 22
1 3 23
10 11 29
10 12 26
19 23 25
11 13 24
10 13 19
10 12 14
10 11 11
7 10 19
8 9 15
21 23 12
9 10 8
3 4 17
7 9 26
4 7 24
12 14 2
14 18 3
2 4 4
1 3 18
13 15 5
6 8 9
7 11 30
5 6 2
13 16 12
18 19 7
5 5 30
22 23 2
5 7 27
9 11 9
2 3 13
21 0 21
3 4 15
22 23 4
12 13 3
19 21 10
23 0 24
16 19 5
6 10 21
22 1 8
23 0 28
18 18 27
10 12 1
1 2 11
12 14 3
16 19 14
22 1 9
14 16 12
23 3 13
5 6 5
16 19 25
11 13 10
12 14 28
5 8 8
23 1 1
5 6 3
23 2 7
8 9 18
2 3 5
15 18 1
13 15 17
0 1 22
20 22 28
14 16 9
0 3 9
20 22 17
0 2 6
7 8 7
16 19 23
12 14 21
16 19 26
6 9 2
12 13 2
10 13 25
22 0 5
5 7 26
2 3 8
19 21 25
4 6 16
14 15 30
21 23 12
15 15 17
20 23 29
12 13 21
10 11 21
21 23 11
5 6 17
7 9 23
2 3 21
14 18 10
3 5 10
2 4 23
17 20 1
10 13 20
9 9 17
13 16 20
19 20 7
4 8 19
18 21 15
6 7 6
21 22 28
7 8 23
18 20 11
14 15 27
20 21 5
3 4 14
2 3 7
0 3 9
16 17 21
3 5 27
15 17 21
9 10 19
21 0 20
10 12 11
14 14 29
20 22 24
5 8 14
3 6 14
3 5 12
3 4 5
19 23 3
7 9 20
2 4 21
2 6 18
20 20 3
20 21 30
13 16 20
16 17 8
5 5 25
10 12 4
9 11 25
23 23 30
18 20 17
14 16 24
14 15 6
16 19 20
16 20 1
23 2 19
20 23 29
15 16 21
22 0 17
5 7 29
21 0 14
17 17 11
23 2 11
0 1 21
13 16 17
21 21 13
11 14 8
5 8 2
17 17 25
5 8 17
13 15 10
2 4 2
22 23 8
2 4 3
13 15 15
11 14 3
8 8 5
1 2 21
13 15 23
4 7 25
0 2 16
23 0 13
6 7 10
23 1 14
22 23 12
3 5 27
7 9 25
4 7 14
13 15 28
16 17 12
6 8 6
3 5 15
22 23 9
1 4 19
22 2 12
5 7 15
12 15 2
18 21 24
19 18 28
5 8 27
20 23 21
11 13 22
5 8 29
10 14 28
12 13 7
18 20 23
0 2 16
23 1 26
22 0 17
18 19 15
8 11 30
4 5 26
6 7 28
11 13 30
20 23 11
8 10 4
17 18 14
4 5 5
15 17 19
2 3 4
20 20 20
19 21 10
23 0 18
6 7 1
5 8 8
1 4 17
6 8 10
18 20 4
1 4 9
14 17 1
21 21 19
12 13 11
12 14 13
23 1 24
12 14 27
5 7 26
3 4 4
13 15 6
8 10 21
19 23 30
23 0 15
11 15 13
19 21 23
14 16 8
22 1 28
11 12 25
16 19 16
11 12 25
16 19 21
8 10 14
21 22 25
7 9 16
6 8 26
19 0 25
15 16 29
4 7 13
23 1 1
15 18 25
18 20 8
9 10 5
13 15 6
7 8 28
11 12 19
2 4 22
18 21 16
9 11 28
5 7 17
5 6 29
9 10 17
17 19 26
17 19 4
14 15 9
3 3 27
16 17 25
19 20 7
1 2 24
4 6 4
12 15 2
18 21 15
11 13 6
4 7 28
2 4 16
6 7 7
22 0 12
23 3 5
6 6 24
23 2 30
12 13 9
2 4 30
1 3 1
19 22 1
1 4 5
1 1 29
3 5 10
7 9 18
19 20 23
21 0 23
20 21 28
2 2 30
4 7 8
19 23 16
10 12 15
0 1 1
21 0 7
15 17 26
15 17 4
18 21 16
16 17 14
14 16 1
15 17 21
13 17 18
15 17 10
21 23 12
4 6 22
0 3 25
10 12 24
19 21 24
16 18 14
16 19 11
10 12 6
6 7 7
9 11 11
4 6 16
10 12 8
9 10 12
6 7 28
1 6 14
9 11 28
2 3 7
11 14 29
5 7 8
23 1 17
0 2 17
5 7 30
9 10 26
16 20 29
5 7 1
0 3 30
4 7 6
14 17 23
23 0 5
11 13 11
18 20 16
8 12 19
17 18 20
16 18 13
14 17 2
12 16 25
18 21 19
18 22 16
17 17 9
3 4 9
23 2 1
6 9 8
1 2 10
6 6 3
18 18 11
16 19 27
23 2 19
12 14 18
3 3 24
11 14 13
3 4 26
22 0 10
1 2 16
15 17 27
11 12 2
22 0 24
6 7 2
14 13 8
23 1 12
11 13 26
0 2 24
17 21 10
18 21 27
6 8 10
21 23 9
23 1 20
12 14 24
14 16 13
20 21 4
3 9 8
20 21 26
23 0 11
1 1 26
8 11 29
17 18 2
6 8 21
0 2 5
14 14 23
3 5 12
7 9 20
13 14 13
7 9 27
22 0 19
4 5 30
22 1 28
11 11 19
10 13 29
7 9 29
3 4 7
9 11 1
11 12 17
8 9 29
7 7 22
19 22 13
22 20 6
23 2 20
7 9 11
20 21 14
11 14 22
13 16 11
21 0 16
23 0 4
1 4 10
3 5 4
20 22 12
12 13 13
23 0 16
15 18 24
12 13 22
11 13 27
4 5 29
5 9 13
9 11 11
9 10 17
17 21 23
1 4 11
17 19 5
16 18 18
0 1 8
4 5 2
21 0 19
7 9 1
11 13 22
0 3 27
22 0 14
15 17 25
13 16 6
11 12 21
6 9 26
3 4 27
4 5 22
5 8 29
15 17 26
19 19 8
2 2 3
3 5 2
9 10 25
7 8 12
8 10 20
2 4 7
7 7 29
4 7 1
4 7 30
19 0 9
8 10 30
0 2 17
19 20 9
16 18 9
0 1 4
9 12 8
8 8 25
13 16 4
10 12 17
6 8 20
5 7 12
15 17 12
23 0 14
13 14 12
19 21 10
15 17 10
5 6 18
17 17 8
5 7 5
1 5 13
14 18 16
15 20 7
6 9 15
4 5 23
10 10 23
6 9 9
17 19 9
18 21 5
23 1 25
3 3 26
14 15 29
11 11 30
4 6 14
16 17 16
15 18 26
17 18 27
20 20 22
18 19 11
9 11 23
13 14 9
15 17 30
22 1 4
10 12 15
23 0 6
10 11 7
6 9 9
2 5 18
7 8 30
20 23 12
0 0 15
0 4 1
1 3 10
5 6 4
12 14 12
2 4 28
4 6 11
17 18 8
11 13 21
21 0 25
23 1 6
13 15 24
23 1 21
14 15 27
7 11 30
4 5 25
4 5 4
23 1 28
3 5 15
7 8 4
8 11 15
8 8 4
15 17 8
6 7 13
6 7 9
3 7 19
20 20 15
11 13 19
11 12 12
0 2 13
3 7 22
7 10 14
0 2 5
14 17 9
4 5 14
22 0 9
3 5 15
3 6 19
7 8 1
2 4 10
4 7 25
10 11 16
12 14 5
16 19 22
14 16 25
9 12 28
14 16 13
7 8 16
22 1 13
19 20 19
6 8 11
10 11 14
21 23 4
11 14 20
21 23 10
22 23 1
17 20 22
7 8 27
23 0 21
5 7 18
22 0 12
7 9 7
9 10 22
8 11 11
12 15 28
13 14 6
7 10 28
22 0 6
12 14 3
0 2 5
7 8 15
3 3 2
9 11 9
6 6 26
14 17 27
13 16 26
17 20 1
18 20 4
14 15 23
16 19 30
0 1 11
23 2 3
21 23 19
13 14 3
18 20 1
6 8 16
20 21 16
22 0 20
2 5 10
19 22 12
13 15 12
14 15 9
2 4 7
10 10 26
17 18 8
1 3 14
11 15 19
2 3 28
19 20 10
4 7 7
23 1 11
7 10 24
1 2 8
23 0 3
12 16 14
16 18 6
23 1 28
14 17 18
15 17 5
16 19 12
15 18 29
4 5 18
13 13 20
10 12 13
20 22 24
10 12 8
0 2 14
15 18 12
4 8 14
13 15 10
20 23 11
17 19 27
11 13 20
1 3 27
19 21 2
19 21 3
19 22 2
10 12 19
10 13 11
21 0 2
14 14 4
7 9 2
3 5 3
1 3 24
23 1 25
9 11 2
21 22 26
15 19 25
11 15 25
14 16 6
3 6 15
10 12 20
1 3 2
11 13 13
17 18 3
1 2 9
23 2 20
19 20 17
20 20 9
18 20 2
3 6 11
14 17 10
17 19 27
7 8 24
17 18 11
6 8 2
15 17 8
12 13 4
4 6 18
10 12 2
15 18 29
3 6 7
0 4 1
22 0 30
4 7 21
22 0 28
16 17 2
6 9 14
3 5 25
20 20 2
17 18 9
15 19 29
7 9 14
17 19 3
18 19 29
6 8 26
22 23 13
8 10 20
21 23 4
0 3 1
10 14 25
13 17 9
11 12 17
21 23 19
12 15 7
16 17 11
22 0 4
2 4 27
10 12 6
16 18 17
10 13 11
22 23 21
15 17 24
13 17 2
10 12 9
16 17 28
15 17 11
7 8 10
12 15 26
23 2 19
9 11 19
20 22 14
21 0 23
20 21 5
14 15 3
19 21 8
2 3 6
5 8 29
18 21 25
9 12 23
2 1 18
16 17 5
3 4 28
17 18 19
1 3 7
10 12 1
3 4 6
10 10 29
18 19 20
6 7 5
9 12 14
19 21 22
3 3 11
4 6 5
22 0 7
8 10 7
11 14 1
21 23 18
22 22 11
20 23 19
17 19 23
17 20 21
14 16 29
6 6 24
19 22 13
17 18 8
18 19 23
15 17 2
20 22 4
12 15 6
16 18 12
8 11 27
6 9 11
18 21 23
22 1 28
2 3 23
17 19 21
5 7 25
12 15 23
8 9 18
20 23 10
10 12 2
3 5 5
19 22 2
21 20 27
20 22 16
2 5 25
23 2 7
7 9 26
19 20 16
23 0 28
9 13 2
3 8 4
4 7 8
0 2 4
5 6 29
7 8 18
14 14 28
7 10 10
23 2 11
13 14 5
17 18 25
18 19 10
22 23 20
10 14 20
18 19 28
10 11 27
18 22 18
11 12 25
12 14 25
7 9 12
1 4 17
6 8 20
10 11 30
15 14 10
3 5 15
16 20 1
9 10 15
11 13 19
1 3 7
1 2 1
16 18 15
1 3 27
14 14 17
17 17 26
1 4 19
22 0 5
0 1 24
2 3 2
2 5 16
21 22 19
8 10 28
3 4 29
17 19 3
15 17 19
8 12 6
13 13 2
17 20 10
0 2 21
5 7 6
5 7 17
0 2 21
12 16 15
16 18 7
23 2 12
16 18 17
6 8 13
10 12 12
9 10 5
4 5 1
0 2 24
0 3 15
9 11 18
2 5 3
10 11 7
13 15 29
16 19 9
17 19 18
2 4 19
14 15 7
21 21 3
10 12 13
19 21 30
19 20 25
5 7 16
23 0 1
14 15 3
8 11 28
12 14 23
11 13 8
18 20 29
13 15 20
22 0 15
6 7 12
4 7 28
5 6 22
19 21 30
11 14 27
11 13 30
3 4 1
9 10 18
23 2 25
4 7 4
5 7 11
6 7 28
4 5 29
17 17 15
4 5 14
3 5 18
11 12 3
21 22 15
14 16 19
23 0 27
15 15 3
12 14 2
13 13 11
22 23 25
5 8 21
19 20 14
12 15 15
2 6 1
8 12 14
20 22 5
19 21 10
18 21 14
4 7 23
13 16 11
17 19 23
9 11 13
3 6 23
15 18 10
7 9 6
3 5 8
3 5 8
8 9 1
10 11 13
5 8 20
10 11 24
14 15 2
21 0 20
18 22 16
18 19 11
9 13 27
13 14 28
8 10 4
23 23 5
5 8 3
14 15 9
12 15 24
2 2 25
20 22 27
5 5 6
17 20 9
16 17 11
3 4 10
17 20 4
7 9 22
6 8 27
23 23 16
4 7 29
23 0 12
19 21 12
15 17 11
6 7 30
5 6 16
9 10 28
13 16 27
4 5 17
21 22 2
14 17 8
20 21 22
5 6 3
3 5 17
20 22 16
19 21 19
4 6 30
17 20 27
19 23 28
1 2 28
19 21 23
14 17 10
5 7 20
1 4 30
11 12 18
5 6 27
21 22 3
14 16 19
1 2 11
20 23 11
18 19 15
12 15 9
7 8 15
12 13 29
9 9 15
17 18 2
19 20 22
7 7 11
3 6 8
23 2 3
10 12 9
14 16 11
19 20 25
13 16 1
7 9 18
1 2 1
5 7 16
2 4 26
4 4 25
1 5 9
23 23 19
2 4 4
2 4 15
3 5 7
18 22 15
10 10 30
19 21 30
3 3 23
7 9 9
15 16 11
13 15 7
1 2 25
21 23 22
16 18 23
20 23 1
11 13 24
19 21 10
11 12 7
22 1 3
22 0 25
12 13 18
3 4 6
19 22 30
20 22 16
16 18 26
2 5 11
5 7 13
22 1 2
3 5 28
14 16 13
23 23 22
13 17 14
10 10 23
15 19 27
14 16 18
14 16 19
8 11 25
13 13 19
14 15 16
21 22 5
16 18 16
20 23 26
7 9 26
16 17 6
16 17 17
11 12 20
1 4 19
3 6 22
19 22 23
11 13 15
17 21 9
6 6 27
14 18 8
2 6 29
4 6 10
17 20 16
15 17 10
14 16 7
7 11 17
0 2 9
11 12 25
19 21 20
20 22 11
10 12 7
12 14 10
11 13 19
13 15 1
6 9 6
20 22 8
19 21 26
11 14 26
4 6 19
18 19 15
8 11 5
5 6 6
10 12 23
22 0 5
9 11 28
14 17 1
15 16 23
6 8 24
2 2 10
20 22 5
20 22 22
2 4 7
19 21 12
21 21 18
4 6 18
6 9 7
10 11 28
4 6 10
23 0 21
12 13 21
22 0 13
5 7 25
0 0 10
6 9 12
20 22 18
18 20 4
0 1 24
10 12 26
12 13 21
