1490 30
28 2 30 11 25 23 11 27 21 20 24 20 6 12 23 14 2 10 10 16 3 24 9 20 29 9 22 11 5 20 
15 16 19
18 19 28
18 20 17
15 18 1
5 6 24
11 12 26
9 11 18
1 3 24
6 9 1
11 13 10
22 0 28
15 16 28
23 1 11
15 18 6
0 2 27
7 9 25
16 17 7
7 8 4
2 5 15
22 1 7
7 10 13
22 0 24
9 11 2
23 1 11
14 16 19
10 12 16
1 4 12
21 0 13
16 16 23
21 23 1
23 1 4
2 5 25
5 6 18
16 20 22
21 0 16
20 21 7
14 17 14
10 11 9
12 15 17
15 18 4
9 11 17
16 18 14
6 10 15
13 16 6
11 12 23
14 16 4
13 15 13
4 6 4
20 23 13
2 4 15
8 11 17
5 8 23
18 20 20
13 15 16
13 16 4
5 8 17
22 23 12
22 0 28
16 18 29
6 6 29
5 7 21
6 8 1
6 9 10
12 15 1
23 2 11
12 13 30
14 16 8
12 15 25
9 12 18
22 23 27
20 21 12
9 12 8
3 6 22
21 23 30
9 12 8
22 1 25
6 7 16
3 5 9
17 17 26
3 8 25
19 23 21
0 2 20
15 16 7
11 12 9
23 2 24
22 0 10
18 21 8
11 13 21
5 8 30
19 20 1
9 12 12
5 6 7
21 21 8
11 13 11
19 22 6
19 20 11
13 14 10
16 17 19
3 5 13
15 17 23
6 8 5
22 21 6
11 12 7
23 0 5
8 10 4
4 6 10
9 10 5
14 15 4
22 1 22
4 5 19
0 3 12
11 13 18
8 9 30
3 5 24
2 5 2
14 16 18
6 9 3
4 7 29
15 16 25
3 5 16
17 20 8
5 6 27
0 1 22
15 16 21
10 13 7
5 6 18
2 3 2
5 7 1
9 12 8
20 22 3
13 12 28
8 11 26
7 7 27
13 16 21
22 1 8
13 15 20
10 11 27
11 13 23
5 8 6
23 1 26
10 12 25
9 13 12
1 3 15
6 8 2
9 11 23
1 3 14
2 5 6
11 13 12
20 22 14
11 13 15
12 14 1
5 6 14
19 21 7
2 4 3
5 7 7
2 2 30
13 15 7
7 9 4
7 9 22
5 7 3
9 11 6
11 11 3
3 3 8
16 19 18
15 17 22
5 9 30
5 8 26
15 16 30
18 21 1
20 22 3
11 11 20
4 6 25
3 6 9
1 3 15
6 7 3
22 1 7
20 21 6
4 7 25
23 0 13
20 23 23
2 4 8
3 3 17
15 16 10
2 4 8
1 3 4
17 20 14
1 4 27
10 12 11
4 5 21
16 18 17
18 21 29
21 0 5
22 23 16
23 1 24
14 17 19
10 14 15
6 6 17
14 16 28
4 6 27
7 10 1
23 1 13
20 23 6
16 18 26
15 18 16
12 14 17
3 6 21
20 23 2
13 14 9
20 23 20
16 17 29
15 17 2
22 1 21
10 13 30
1 4 6
21 21 24
15 17 13
20 23 8
10 14 28
16 19 17
20 22 17
7 9 7
9 11 3
0 2 21
10 12 18
23 3 22
7 9 28
0 2 7
18 20 15
8 9 7
0 2 15
14 17 6
0 2 27
13 15 4
6 8 22
0 1 7
20 22 24
13 16 14
21 0 28
18 20 12
15 18 6
10 13 17
0 2 21
22 23 15
14 17 7
2 3 21
3 4 3
12 14 11
18 22 25
13 17 17
10 11 3
19 21 13
2 4 30
19 19 27
7 10 1
5 8 25
13 15 3
5 8 23
20 22 1
2 4 30
3 4 16
5 8 29
16 18 12
5 7 15
8 10 30
7 8 24
7 9 23
9 9 12
4 7 5
0 1 21
17 18 10
19 21 9
13 15 28
22 0 26
2 4 19
12 14 23
8 10 15
21 22 16
8 12 25
22 1 21
15 16 2
17 18 15
23 1 5
1 4 12
4 6 7
10 13 7
17 19 9
11 13 15
20 23 27
5 5 30
12 13 7
2 4 10
17 18 2
6 8 15
4 6 25
12 13 4
2 5 7
11 13 28
20 22 6
17 19 5
21 22 13
14 15 6
22 0 28
18 21 6
21 23 26
17 19 13
20 22 19
13 14 15
17 21 12
5 6 14
2 5 7
22 0 19
19 22 20
2 4 23
7 10 17
2 4 27
20 21 24
12 15 5
4 6 16
14 16 16
11 12 26
12 14 24
4 5 4
6 9 27
14 15 2
6 9 20
2 5 13
16 19 15
18 20 17
4 5 12
5 8 14
11 13 4
9 11 11
18 20 11
15 17 13
7 10 10
21 23 3
19 22 7
9 10 10
9 13 13
17 20 29
4 7 27
10 13 28
9 9 12
2 5 23
1 3 7
14 18 14
20 22 3
14 17 20
2 4 29
18 20 27
17 20 2
18 18 3
17 18 15
13 14 12
8 12 11
3 5 2
11 13 23
6 6 5
5 8 28
12 14 4
2 4 21
9 10 2
1 2 18
22 0 19
10 11 14
2 4 25
19 22 6
19 20 22
8 12 9
23 1 10
6 9 14
14 15 5
11 12 30
19 21 19
18 20 21
16 18 6
0 1 12
1 2 19
23 4 23
14 16 15
7 9 22
15 17 9
19 20 12
9 10 29
19 20 22
6 8 4
5 9 11
15 16 30
9 10 19
8 9 10
5 10 25
1 4 6
22 22 14
3 5 13
1 4 15
4 6 2
22 0 22
12 13 22
14 17 3
21 23 30
13 15 2
3 3 23
18 20 23
9 11 27
1 3 8
20 23 6
21 22 16
2 5 9
0 4 29
20 22 25
13 14 9
14 16 4
1 3 23
8 10 14
14 17 22
8 9 5
2 2 29
8 10 12
10 12 16
9 9 16
13 14 3
11 15 8
9 10 17
22 1 30
21 0 14
0 3 12
20 23 4
7 9 4
23 0 13
17 20 13
12 14 24
23 0 19
14 16 1
12 14 24
15 17 6
17 18 22
21 23 11
17 19 17
2 4 15
19 20 30
17 19 1
0 2 18
10 11 19
21 23 10
5 8 16
22 2 14
0 3 5
7 9 8
17 21 23
3 4 11
2 4 16
1 2 5
20 23 10
4 6 26
10 11 16
6 8 21
23 2 14
7 8 6
15 17 1
5 8 16
6 9 18
2 5 1
22 1 16
3 5 12
4 6 26
19 21 18
4 8 10
4 7 1
2 3 29
6 8 3
14 14 12
2 5 4
18 21 8
8 9 26
12 14 7
18 21 15
1 4 20
16 18 25
21 22 9
4 7 21
1 4 7
1 4 3
14 16 25
10 14 25
20 23 11
5 7 30
21 23 6
17 18 28
10 14 16
5 6 19
12 15 23
9 12 12
6 8 30
7 9 20
21 23 5
22 1 7
16 18 12
3 5 16
14 17 22
23 2 6
0 1 29
2 4 2
12 13 28
4 5 14
3 5 6
5 5 27
2 3 14
17 17 8
6 10 8
2 2 1
6 8 19
21 0 20
5 7 12
5 7 10
2 4 5
18 20 16
4 6 4
6 9 4
5 7 26
5 7 22
3 5 18
5 6 2
1 1 20
0 2 9
10 13 30
20 20 27
14 17 19
12 14 22
3 6 3
8 11 14
20 22 8
6 9 4
13 15 12
10 13 4
7 10 25
3 6 9
16 17 7
16 18 28
2 4 18
10 14 3
8 10 4
7 10 7
22 1 4
1 3 15
1 5 15
11 14 17
22 2 15
1 3 18
23 2 14
12 14 5
10 13 3
13 16 4
9 11 17
22 0 16
4 8 15
1 3 3
18 21 14
4 7 21
15 17 13
16 17 8
13 15 23
12 15 29
15 17 5
5 6 12
0 2 20
15 16 15
18 20 30
19 22 5
21 0 1
9 9 15
20 21 6
16 19 13
14 16 15
16 20 10
5 9 19
23 0 7
18 20 8
0 3 20
17 20 24
1 5 12
11 14 19
12 12 7
5 7 15
2 4 15
18 21 27
12 14 5
10 13 29
18 22 4
19 22 10
10 12 5
5 9 18
0 1 5
3 4 12
17 19 30
8 9 3
6 7 8
5 7 22
12 15 9
13 16 5
8 11 23
12 13 24
13 13 14
8 10 15
7 10 13
19 20 18
0 0 17
18 20 20
14 16 22
7 10 17
1 2 30
8 10 7
15 19 3
23 2 5
19 22 2
17 20 1
3 5 16
21 0 18
13 14 23
12 14 1
8 9 14
13 15 25
1 4 7
5 9 11
11 11 2
21 22 19
4 6 19
13 15 12
5 7 9
13 14 5
8 10 23
13 15 9
19 21 18
13 16 28
0 2 29
6 8 20
12 15 22
15 17 11
21 23 15
19 22 30
11 13 6
23 3 29
13 15 22
6 7 10
5 7 19
4 7 24
20 21 8
6 6 8
0 3 1
19 23 30
11 13 12
17 18 3
7 9 24
21 22 7
17 18 17
5 9 14
21 23 20
4 6 1
17 19 14
9 12 14
11 12 1
16 19 20
4 5 4
23 2 14
19 23 20
15 16 18
3 6 11
19 19 29
12 13 2
2 5 20
13 14 3
23 0 6
6 8 21
8 9 9
7 11 12
9 11 21
16 17 15
16 17 11
7 9 24
7 8 21
7 9 7
17 20 5
9 13 2
8 9 13
18 21 1
17 20 25
14 17 19
16 19 24
11 12 16
16 18 3
13 16 26
5 7 18
4 5 10
19 20 19
8 9 17
21 0 7
3 7 4
7 9 28
10 10 4
18 23 17
14 17 28
18 21 6
1 3 27
12 14 21
19 20 27
11 15 17
21 22 9
5 7 1
19 20 22
15 16 25
3 5 9
0 4 30
6 9 5
9 11 25
18 19 23
16 19 12
11 12 28
4 7 26
3 6 4
1 3 26
9 11 25
9 10 28
2 4 29
3 6 16
12 14 4
5 6 23
3 5 13
18 22 2
13 18 25
21 22 7
16 18 24
4 4 14
2 3 29
14 14 6
13 16 10
14 17 3
3 4 26
16 17 22
1 3 18
23 1 3
14 16 4
4 7 9
3 4 24
22 0 5
17 20 14
18 20 4
13 17 27
3 5 30
7 9 10
20 22 18
3 4 15
15 18 7
0 1 2
6 8 17
18 18 20
15 16 5
18 19 29
10 11 19
5 7 27
14 15 16
13 15 26
12 14 11
7 8 12
15 17 8
12 15 19
14 16 25
18 19 18
5 7 14
12 14 27
22 0 5
21 23 2
21 23 10
13 15 30
2 5 21
1 3 26
12 14 16
3 2 19
21 22 1
19 20 20
21 0 18
1 2 24
1 2 4
19 23 15
11 12 1
20 21 18
2 5 22
14 16 21
11 10 3
1 3 8
8 8 29
0 1 9
8 10 9
1 3 9
17 18 28
7 12 20
2 4 28
4 7 23
12 13 1
14 17 23
8 11 29
3 6 25
6 9 29
6 9 14
17 18 8
8 11 14
9 9 9
13 14 29
19 20 16
9 12 13
4 4 24
15 17 19
17 19 3
19 21 6
10 13 12
14 16 17
13 15 12
6 8 28
1 5 13
8 9 21
17 20 19
17 19 17
8 10 28
11 12 5
16 17 21
18 20 21
6 9 28
16 19 23
1 4 8
1 5 20
7 9 12
3 5 7
17 19 8
19 21 8
18 20 3
20 22 30
7 9 2
23 1 28
9 12 14
3 6 12
13 16 30
0 3 3
6 8 18
8 11 28
17 18 11
23 23 16
18 21 20
9 11 25
0 3 24
13 14 24
20 21 6
0 3 21
12 13 15
3 4 23
23 1 10
22 0 5
4 6 16
4 6 21
1 3 20
2 3 14
15 16 3
18 21 26
18 20 3
15 18 10
23 1 2
8 11 30
11 13 26
1 3 20
10 14 28
9 10 23
19 23 28
12 14 16
19 21 6
22 23 10
2 4 14
23 0 5
22 1 19
14 16 27
14 15 23
22 21 30
0 0 22
7 10 12
7 9 10
9 11 20
16 19 28
10 12 19
22 23 7
8 8 2
17 17 26
21 23 10
15 19 25
19 21 12
14 17 23
2 3 19
19 22 6
16 18 8
14 14 28
16 18 13
21 23 13
0 3 4
9 12 18
21 23 6
9 10 16
8 10 15
16 18 5
4 6 28
4 7 2
21 0 5
14 15 11
1 3 7
15 19 24
4 7 9
20 21 23
7 9 29
8 8 22
2 3 18
5 7 3
3 5 17
6 7 11
5 6 18
17 20 13
4 5 17
0 0 25
15 20 3
8 10 9
16 20 27
23 1 2
8 11 30
7 10 3
8 10 25
20 21 21
6 8 18
7 8 25
18 19 26
1 1 5
12 16 26
20 23 2
7 8 9
18 19 16
6 7 2
11 13 26
7 9 5
10 12 26
9 11 17
0 3 9
5 7 21
11 13 22
21 0 21
4 6 11
21 23 6
14 18 24
9 11 1
9 10 23
20 21 3
10 10 28
14 14 8
3 5 5
1 3 8
3 3 30
3 5 17
21 22 23
10 12 11
1 3 19
20 21 26
11 12 21
20 21 15
19 21 3
2 3 11
2 1 21
13 16 26
13 15 22
10 12 13
23 3 11
7 11 21
15 16 24
19 22 1
19 21 5
6 9 9
6 9 3
10 13 29
10 12 30
13 13 25
18 20 21
7 8 1
18 19 18
10 13 7
9 9 19
2 2 20
20 23 18
6 8 27
16 18 20
11 14 23
6 9 12
3 3 10
5 7 19
5 7 30
9 12 3
19 21 25
13 14 4
3 5 21
13 14 15
3 4 4
1 3 19
0 2 21
1 2 6
2 2 7
13 15 11
7 9 9
20 22 30
1 6 20
5 9 27
3 4 16
21 0 12
20 21 26
20 21 5
18 22 8
0 1 18
4 7 16
11 13 10
20 0 2
16 18 9
10 11 19
2 3 1
18 20 4
3 4 19
1 2 16
5 6 29
17 18 23
0 1 24
20 21 14
7 11 1
13 16 28
8 12 21
11 14 1
15 15 9
22 23 5
23 23 15
12 15 30
10 11 17
2 3 26
3 5 27
2 3 6
1 5 24
14 17 26
9 11 30
14 15 1
17 18 22
3 5 24
19 20 1
8 10 14
4 6 28
3 4 3
13 16 17
2 4 21
2 4 29
10 13 9
5 7 4
8 12 15
14 16 20
22 1 1
5 6 20
0 4 9
19 23 24
11 14 13
6 9 18
14 16 14
5 7 21
5 9 18
21 2 10
7 9 9
9 10 23
18 20 8
11 15 11
23 1 22
15 18 23
21 22 19
1 3 2
18 18 6
22 0 8
7 9 28
14 17 6
21 1 28
21 0 26
12 15 2
23 2 7
19 20 12
3 5 29
23 2 23
21 0 6
22 2 6
3 3 8
23 1 25
3 5 12
6 8 25
15 18 9
11 12 7
1 1 18
3 6 25
16 19 24
4 6 11
18 21 27
17 19 3
22 0 14
6 10 6
13 14 12
0 3 20
7 8 18
10 9 18
14 16 28
2 5 22
8 10 8
12 14 7
13 16 8
7 9 28
16 19 21
5 7 25
20 22 1
22 0 26
9 10 2
12 14 25
0 1 2
19 21 22
0 3 13
5 6 28
11 13 18
11 13 11
3 4 30
14 15 1
15 17 20
9 10 8
14 15 9
0 3 29
8 8 10
21 23 8
3 6 22
12 14 24
23 0 24
0 4 9
23 1 2
5 7 11
16 19 12
0 1 8
13 17 4
23 2 10
23 1 13
9 11 24
11 13 1
17 19 9
18 19 12
23 0 18
8 10 18
15 18 28
20 22 6
14 18 12
20 20 22
0 2 30
2 4 20
4 4 24
17 19 23
15 18 18
4 4 4
10 14 1
4 5 19
22 23 8
23 1 18
23 0 26
9 12 24
21 1 27
20 20 27
4 7 29
6 9 13
2 3 27
14 16 23
3 4 30
7 10 11
12 13 19
15 17 24
8 10 21
7 9 24
14 14 17
3 7 24
2 4 12
1 3 11
0 2 24
11 12 15
19 22 23
11 12 10
14 16 2
18 22 15
6 6 3
0 2 19
12 13 9
3 5 11
23 1 11
9 11 5
14 14 15
4 5 25
13 16 1
22 2 11
3 4 16
11 14 10
1 3 10
9 11 17
23 1 19
8 8 26
14 15 4
16 17 1
10 12 21
0 2 30
2 6 9
21 0 22
4 4 21
8 9 14
0 0 18
19 21 28
19 23 8
21 0 19
7 9 19
5 8 12
20 23 4
1 3 9
16 18 26
5 8 8
14 16 14
17 19 4
20 22 18
23 2 20
15 17 10
18 21 2
7 9 30
14 16 20
21 0 16
16 19 19
19 20 30
14 17 28
8 10 10
2 3 19
20 22 11
14 16 28
16 17 11
20 22 8
20 21 19
2 4 27
0 3 16
1 2 18
22 2 20
11 13 15
1 2 9
5 7 29
21 1 5
15 16 17
13 15 6
11 12 25
14 17 26
21 22 9
15 17 23
7 11 11
3 4 18
4 4 22
1 3 20
10 12 13
4 6 10
9 11 28
2 4 7
18 20 16
3 4 30
17 19 1
17 20 20
2 5 25
11 13 11
21 22 4
16 19 12
23 1 23
21 0 14
11 15 3
3 6 15
3 4 11
21 22 15
15 17 21
23 1 28
22 23 12
8 11 19
14 15 10
16 18 19
23 0 6
3 6 3
21 23 14
6 7 15
12 14 26
6 8 24
3 6 5
16 18 11
17 21 18
23 0 25
16 16 2
11 12 27
1 3 6
15 16 30
2 6 15
3 4 3
17 19 21
0 2 26
0 2 2
22 2 1
10 13 12
23 2 3
20 20 8
12 14 20
12 14 4
13 14 9
19 20 19
9 10 21
14 16 28
20 21 1
11 14 20
20 23 4
5 8 17
12 14 21
3 3 5
20 22 21
13 15 18
6 7 29
12 15 7
17 21 20
17 17 20
20 22 18
17 19 14
19 23 5
15 19 28
9 11 17
2 5 10
20 21 2
10 10 25
6 9 14
4 7 22
13 17 2
17 19 19
22 0 26
14 16 12
8 11 6
17 19 9
16 19 9
21 22 2
16 18 25
1 5 10
11 12 30
16 16 20
12 14 23
13 14 5
16 17 13
14 16 16
22 1 1
11 13 17
13 15 18
3 5 26
17 19 28
6 8 7
20 23 6
8 9 15
3 6 1
5 7 6
1 2 15
21 22 5
20 21 7
22 22 7
23 1 23
14 15 26
13 15 29
14 17 13
8 7 27
9 11 30
7 9 26
15 19 2
14 16 9
0 2 4
1 2 25
10 11 27
4 5 3
14 16 4
15 15 9
1 3 27
13 16 30
22 23 22
8 9 11
10 13 27
7 9 8
0 1 29
3 4 1
22 0 1
7 8 12
2 4 21
14 17 21
4 6 8
11 13 27
10 11 5
14 17 27
16 19 12
15 16 22
0 3 20
12 16 2
0 3 13
7 10 1
4 5 8
23 1 18
10 11 18
5 7 25
8 11 12
0 2 18
0 3 10
0 2 1
9 11 10
21 0 24
13 15 5
3 6 23
12 14 2
9 12 28
5 6 2
4 6 11
7 8 6
23 3 6
12 15 9
18 21 3
4 7 13
11 12 24
18 22 30
21 0 2
16 17 8
11 11 8
13 15 30
23 2 18
21 23 2
5 4 11
16 18 1
8 8 9
9 9 30
18 20 12
13 14 27
15 16 11
19 22 8
18 20 8
18 21 13
22 22 28
21 23 8
1 4 8
8 11 3
5 7 13
5 6 23
17 20 30
17 18 26
9 13 5
7 10 17
11 12 24
5 9 7
17 18 15
12 14 18
16 18 14
8 11 4
17 20 7
1 5 28
9 11 20
8 9 24
15 16 30
22 21 2
9 10 5
22 0 13
0 2 29
19 19 21
6 7 30
22 0 30
4 7 29
17 19 8
1 2 11
6 6 7
2 4 10
4 5 6
6 9 19
4 6 18
22 0 13
7 9 5
3 6 27
21 0 10
2 3 13
16 19 17
8 10 30
12 14 14
13 14 25
1 3 4
19 21 1
14 16 21
11 12 13
11 14 22
19 22 14
