150 30
5 20 17 23 27 7 23 25 24 10 4 1 25 21 25 20 26 28 16 3 29 9 25 28 14 12 3 12 28 12 
16 17 28
0 0 28
22 23 7
10 13 13
16 18 22
2 4 8
10 12 22
7 7 24
1 4 7
22 0 16
10 11 8
9 10 29
19 21 15
20 23 19
9 11 7
21 23 25
12 14 25
17 20 25
5 8 23
7 11 9
1 2 15
6 8 29
8 8 10
0 4 8
14 15 4
22 22 18
2 2 13
23 2 12
9 11 8
6 8 3
23 0 22
21 22 6
16 19 2
0 2 14
3 5 20
11 14 27
17 18 6
18 20 28
17 19 9
5 6 28
23 1 9
10 11 25
18 21 12
16 17 2
20 21 7
11 12 18
19 21 5
22 0 17
18 19 9
22 0 9
17 18 3
22 0 7
16 17 9
9 11 11
23 0 10
17 17 6
13 15 24
20 22 18
9 12 16
22 1 24
18 22 21
2 5 2
5 5 4
13 16 28
8 10 11
19 19 2
21 0 23
4 6 24
1 4 3
16 20 20
7 9 4
22 0 30
13 15 23
12 15 2
8 9 4
9 10 24
19 22 6
0 2 5
23 1 5
9 11 26
1 4 23
12 13 2
9 10 15
7 9 5
15 17 9
6 9 16
14 17 17
12 14 16
5 6 1
21 23 4
6 9 30
7 9 23
17 19 6
11 12 28
0 2 25
5 6 11
2 3 3
14 16 12
15 17 21
6 8 7
22 0 15
1 3 25
12 13 7
18 20 3
22 0 30
1 2 6
0 2 1
3 7 6
16 20 19
9 11 9
14 14 18
9 12 9
14 15 26
14 16 23
16 19 11
2 4 15
6 8 16
13 16 28
11 14 3
6 8 17
22 0 22
7 8 28
17 19 13
16 18 14
9 12 11
2 4 7
3 5 20
9 10 30
6 8 1
18 21 25
16 19 28
21 23 13
20 23 10
3 2 17
3 5 30
4 5 26
2 4 9
15 17 18
7 9 27
21 0 13
17 19 21
6 7 19
23 2 13
16 19 23
1 3 30
16 19 12
15 18 13
0 1 9
7 10 10
5 7 18
