1630 30
20 9 1 30 18 20 7 21 26 17 4 10 29 23 7 10 14 29 2 25 26 6 25 7 28 4 17 29 13 13 
22 23 2
21 22 20
21 22 13
16 19 7
5 8 28
15 16 3
15 16 5
21 23 1
22 0 27
3 4 29
2 4 24
12 14 9
14 15 28
6 8 6
3 6 15
3 6 18
7 9 5
2 4 14
0 2 2
17 19 8
23 1 20
1 3 15
23 1 5
23 0 4
23 0 11
18 20 13
3 6 16
3 5 2
1 3 15
2 2 27
8 8 8
2 4 28
15 17 10
6 7 6
17 17 5
1 1 30
22 1 9
10 11 22
21 0 7
16 18 4
16 19 30
15 16 12
5 9 17
13 15 22
23 2 1
10 11 10
10 13 1
7 10 25
8 9 12
19 22 21
12 13 11
22 23 22
11 12 22
0 3 27
0 2 7
21 0 3
2 4 21
13 15 12
15 18 2
12 15 3
0 2 3
11 13 1
23 2 15
13 14 2
4 7 16
22 1 3
19 21 8
2 2 11
4 5 27
8 9 16
8 10 9
1 5 17
21 22 20
22 0 14
3 7 19
14 18 16
17 21 13
13 14 11
8 11 17
13 15 1
22 1 21
11 12 27
16 17 18
8 11 3
14 17 27
16 17 26
6 8 21
16 20 11
6 9 22
8 11 27
16 17 11
17 18 5
23 2 13
4 5 3
17 20 15
1 4 15
20 23 19
11 13 21
23 1 27
18 20 22
15 16 18
7 8 10
5 8 17
1 3 6
11 13 20
10 11 24
10 12 17
13 13 22
18 20 12
0 3 29
16 17 20
0 2 2
7 7 21
2 4 22
12 14 18
5 7 10
10 13 19
7 8 25
15 17 21
14 14 4
13 14 16
20 23 18
3 6 16
10 12 26
22 0 30
13 14 30
2 5 8
3 5 23
21 23 21
9 9 17
9 10 22
19 21 7
8 10 11
3 5 24
0 2 26
0 3 21
9 10 11
9 10 23
20 22 21
14 17 7
4 5 30
22 23 11
0 1 25
18 20 24
9 13 23
21 1 8
8 11 20
11 12 6
3 5 10
7 9 14
12 13 11
20 23 27
16 19 18
12 14 5
0 1 17
10 10 5
20 21 16
6 8 10
2 4 13
2 3 8
14 16 27
13 17 8
2 4 28
3 7 23
9 11 18
23 1 10
20 22 10
16 18 12
6 9 21
14 16 13
17 19 3
9 12 8
17 19 7
2 5 4
10 11 3
20 22 28
9 10 15
0 3 17
11 12 19
12 13 14
11 13 9
6 8 1
11 12 10
4 7 1
11 12 22
11 13 18
7 9 22
15 19 1
22 2 19
14 16 15
10 13 17
7 9 9
12 15 21
22 23 12
18 22 27
14 16 15
18 22 6
18 20 2
19 20 23
3 4 3
22 0 28
7 7 16
12 14 27
23 1 2
22 0 25
13 15 4
2 4 21
7 8 21
3 6 22
0 2 13
1 3 13
13 17 27
8 10 16
7 9 5
12 17 27
15 17 7
3 6 25
21 20 22
6 9 21
20 23 12
7 9 15
3 5 11
0 2 10
4 5 27
17 18 18
23 1 29
2 5 7
14 17 27
8 9 15
8 10 19
18 21 2
7 9 29
8 9 22
12 14 26
1 3 15
11 13 1
1 2 5
22 0 12
21 1 6
23 2 13
21 23 19
3 6 8
12 14 18
11 12 2
7 8 10
1 3 25
10 11 17
3 6 12
10 12 4
18 18 12
12 14 8
19 19 25
23 0 24
21 0 14
11 13 4
0 3 24
3 6 18
5 6 1
3 5 7
12 15 3
0 3 24
22 0 23
19 21 7
16 18 21
13 14 26
1 2 30
8 11 23
1 3 3
16 16 11
20 22 20
6 9 1
14 15 10
20 22 23
8 9 14
21 23 7
16 20 7
4 6 20
15 18 7
20 23 4
4 5 21
7 11 25
8 10 4
7 9 14
15 17 27
0 1 15
8 10 26
12 14 10
22 23 1
7 9 14
3 4 23
13 14 14
13 13 11
20 22 21
0 2 27
15 16 14
2 4 9
2 3 29
2 3 5
13 15 10
16 18 5
19 22 27
0 2 8
5 4 18
19 21 1
17 18 15
5 6 14
11 13 23
14 18 17
23 23 24
17 19 13
8 11 21
20 22 30
21 22 10
14 15 15
21 23 16
23 1 9
2 5 15
12 12 28
0 2 24
18 20 21
6 8 17
13 15 8
3 4 17
8 10 2
17 19 2
10 12 4
12 15 22
4 6 20
8 12 12
22 0 22
2 5 8
3 4 20
9 10 29
18 20 18
20 23 24
11 12 8
10 11 4
11 15 2
8 10 28
21 21 10
8 9 11
8 10 12
7 9 30
19 21 4
17 21 12
23 3 23
2 2 21
13 15 17
15 18 10
10 13 2
4 6 12
16 18 5
20 23 12
11 13 9
14 17 5
3 4 12
5 6 4
23 2 8
20 21 20
7 10 11
4 4 10
6 8 15
6 6 20
18 21 6
8 10 24
14 15 11
15 20 27
15 18 30
1 3 30
18 22 11
7 8 5
14 16 13
5 6 3
2 3 11
15 16 29
4 5 5
6 8 11
13 16 6
1 3 7
7 7 13
14 15 17
20 21 21
0 3 4
1 2 12
18 22 20
1 5 15
19 22 1
13 15 30
9 11 10
1 3 23
2 2 14
20 21 15
0 3 21
1 3 20
19 22 27
21 21 1
1 6 1
11 14 28
6 7 27
18 20 1
15 18 20
10 13 2
4 8 30
14 17 19
5 8 11
16 19 11
9 12 10
15 18 29
2 5 16
2 3 7
13 16 26
2 4 15
15 17 25
13 14 22
7 10 19
13 14 19
14 15 10
12 16 4
11 13 9
21 23 12
20 23 7
19 20 8
16 16 21
18 22 27
6 8 8
16 18 1
22 0 7
2 5 8
2 2 12
7 8 20
0 1 15
1 3 25
18 21 27
6 9 12
17 18 27
8 9 4
5 7 21
7 8 4
10 12 5
5 6 14
22 23 19
10 13 22
8 9 19
12 14 14
10 11 9
20 23 28
22 23 2
16 18 18
22 23 16
22 23 26
9 11 26
2 4 24
19 21 13
9 12 18
11 13 24
3 6 10
18 21 24
4 9 15
6 7 10
23 2 3
20 23 4
20 23 30
1 3 26
1 4 22
20 22 9
21 0 30
2 2 25
20 1 4
10 12 21
6 6 12
16 17 9
0 3 19
23 1 5
1 3 5
13 15 2
21 23 4
14 17 10
1 2 3
11 14 16
10 12 27
13 16 20
8 11 16
20 23 19
3 4 25
15 16 13
10 13 2
4 6 21
20 21 2
23 0 1
11 12 22
2 5 11
4 5 23
18 19 17
7 8 10
10 13 25
5 6 15
18 20 6
1 3 4
4 5 21
1 4 21
3 6 25
7 8 16
19 21 16
10 11 12
14 17 29
4 8 12
19 21 27
20 23 13
5 6 24
20 21 13
12 13 27
13 16 3
19 21 6
23 1 9
2 5 26
2 6 25
15 15 3
23 3 28
5 7 16
3 6 10
3 5 18
2 3 17
1 2 28
13 15 22
12 15 17
20 23 9
23 2 19
1 4 3
2 2 14
0 1 27
17 21 8
4 6 19
2 2 6
20 23 18
18 20 21
20 22 19
7 10 28
19 23 25
1 2 14
18 19 27
1 4 29
3 4 15
6 6 14
10 11 3
23 1 17
9 11 10
4 6 14
14 17 18
14 14 7
7 9 18
13 16 19
7 10 12
3 3 8
12 13 11
21 22 13
14 17 3
11 14 28
9 11 12
1 4 7
0 2 28
1 1 1
21 0 4
14 15 13
21 0 7
5 9 11
7 11 18
21 23 10
5 7 12
22 1 25
0 2 27
10 13 17
20 20 16
7 8 9
2 4 11
6 7 18
22 2 6
15 17 1
6 8 13
8 11 19
11 13 4
12 14 20
16 19 14
20 20 28
8 9 26
1 2 2
14 15 1
13 15 13
9 11 21
3 4 20
7 9 4
6 7 8
5 8 8
19 21 19
1 2 1
10 11 27
9 9 13
10 12 16
14 16 30
21 0 16
16 17 17
22 1 25
9 11 26
12 13 18
13 14 19
7 9 6
18 20 29
0 2 1
20 22 6
22 0 4
20 20 28
18 21 7
13 14 23
8 11 26
9 12 20
6 9 9
17 18 27
9 10 30
2 5 27
21 22 3
1 2 21
19 22 15
21 23 25
8 9 1
2 3 28
9 9 9
23 1 7
12 16 7
5 7 2
7 9 26
18 21 15
15 18 14
21 22 17
17 20 20
2 4 9
15 16 16
23 3 12
17 20 5
12 15 11
14 15 12
4 6 6
14 16 10
7 7 20
5 9 19
20 22 18
14 16 18
9 10 25
11 15 12
18 20 26
11 13 7
1 4 20
15 17 12
14 16 10
20 22 20
3 5 14
14 15 23
5 6 10
15 17 13
16 17 2
7 9 16
11 13 16
20 21 5
14 17 23
11 13 30
4 5 1
13 15 23
11 14 15
4 6 24
3 6 15
17 21 25
1 3 28
0 1 15
7 9 20
1 6 25
5 6 9
12 14 24
12 15 13
12 14 26
9 11 23
1 5 7
9 11 12
0 3 14
23 0 17
21 0 23
17 16 3
15 16 18
12 13 13
8 8 29
18 20 23
7 8 9
15 16 16
6 7 11
14 15 3
8 10 29
19 21 5
0 2 17
6 8 24
5 5 13
16 17 21
8 11 24
8 9 11
23 1 16
10 11 28
5 8 17
7 11 18
8 12 24
1 2 3
0 2 15
5 8 21
21 22 8
16 17 14
9 9 15
9 12 30
19 20 15
13 14 19
16 19 24
19 21 26
15 16 1
0 2 27
23 1 7
7 9 1
0 2 1
9 10 2
15 15 27
7 9 20
11 13 19
14 15 18
5 7 27
8 10 9
17 19 28
0 3 24
4 6 11
9 11 28
9 12 16
13 16 27
21 22 14
17 19 25
5 6 2
10 13 20
2 3 27
15 17 3
15 19 30
1 3 3
0 1 16
10 13 30
18 20 19
2 3 9
1 2 26
0 2 1
20 22 23
5 8 28
4 6 1
19 20 4
3 6 23
12 15 2
3 5 10
6 8 15
8 11 29
5 7 13
1 3 21
2 5 10
13 15 10
17 18 23
7 8 3
21 23 25
22 2 9
6 9 23
0 0 25
19 19 9
0 2 24
14 14 27
19 21 23
12 14 13
22 23 16
21 22 5
6 10 19
7 8 5
23 1 3
4 6 8
14 17 16
18 20 2
0 2 20
3 5 17
20 23 26
8 10 22
19 20 9
16 19 16
7 9 23
13 14 7
8 10 30
20 22 29
11 13 18
10 12 14
18 19 21
4 7 18
16 19 25
15 17 11
13 16 15
21 23 11
2 6 4
22 0 10
20 20 8
3 4 16
12 14 13
16 18 15
23 0 23
10 12 5
11 14 24
19 22 5
2 5 15
17 17 8
14 13 7
14 16 1
8 9 5
13 14 28
16 18 11
7 10 22
10 10 8
18 21 23
8 11 29
2 5 19
18 21 19
20 23 3
13 15 10
2 3 28
1 4 23
1 1 24
20 22 11
2 5 17
3 6 13
12 14 3
11 11 29
16 18 3
1 1 13
4 6 14
22 23 2
11 12 29
21 1 2
4 6 18
5 7 24
0 3 23
5 8 10
10 12 5
21 22 28
4 6 7
14 16 19
18 19 26
12 14 27
16 19 26
8 10 26
5 7 22
20 22 11
8 10 3
8 10 9
5 6 11
14 17 23
19 21 7
1 1 7
4 6 4
13 13 23
9 11 21
4 6 16
5 7 15
13 15 9
9 10 23
14 16 26
5 6 3
2 4 1
13 15 13
18 19 21
19 0 23
19 20 7
5 8 30
12 14 9
4 7 17
0 2 2
10 13 29
9 10 7
9 10 15
13 17 15
15 17 11
14 15 2
14 15 30
0 2 29
5 8 16
9 11 20
13 13 2
18 21 28
21 23 3
22 23 22
12 15 15
4 6 10
19 22 22
19 20 10
18 21 2
11 12 1
13 15 20
4 6 24
15 16 28
21 1 15
18 21 29
8 11 30
23 2 12
21 23 27
18 20 22
16 18 19
17 18 5
0 -1 1
0 1 29
0 3 4
9 11 22
0 2 7
20 22 2
3 5 20
2 4 6
10 11 16
20 23 2
17 20 16
18 21 27
8 11 3
3 5 2
17 20 14
20 22 10
3 4 10
19 22 7
16 19 13
8 10 24
12 14 8
20 22 21
9 9 16
17 20 5
4 5 23
7 8 9
0 3 13
12 14 13
15 15 15
14 15 10
10 13 25
23 2 4
4 7 28
14 17 9
16 18 22
17 19 21
18 22 13
3 6 23
10 12 1
10 11 23
5 6 11
20 0 5
18 19 20
23 2 29
19 21 11
0 4 25
23 2 19
22 0 20
4 6 26
2 3 13
11 12 26
13 15 20
9 11 21
5 8 28
4 6 14
5 8 15
14 17 27
9 11 30
21 0 16
5 8 14
7 9 9
3 5 15
6 7 4
15 17 16
19 23 27
19 22 9
20 21 22
19 23 6
1 3 4
3 6 2
12 16 21
6 8 26
13 15 6
16 19 7
11 13 6
23 3 8
23 2 17
13 15 26
2 4 14
4 7 7
0 3 21
21 23 27
3 4 10
15 19 11
0 3 30
5 8 12
12 15 3
8 10 19
13 15 15
13 14 23
16 18 20
17 20 15
5 6 13
1 3 4
9 12 13
20 23 27
15 18 8
21 0 27
5 8 9
0 1 19
22 0 27
16 19 8
9 11 17
3 5 30
13 15 21
13 14 20
22 0 14
10 13 17
2 6 24
12 15 6
21 23 19
1 4 19
10 13 29
9 11 28
3 5 26
17 19 3
13 16 14
18 20 30
6 8 9
19 21 23
10 11 17
15 17 14
20 23 12
19 20 27
2 3 11
21 22 24
4 6 20
9 10 21
1 2 8
13 14 5
17 17 23
3 4 20
11 13 1
7 10 9
18 21 6
3 6 20
10 12 22
22 1 24
14 15 14
13 17 5
19 23 25
19 20 24
7 8 4
7 9 23
18 22 9
6 8 18
10 11 21
1 4 6
17 20 23
5 6 10
10 11 14
21 22 23
20 23 23
14 15 21
2 5 8
21 0 2
19 23 28
13 16 15
11 13 15
8 11 19
17 19 21
23 23 17
2 4 25
16 17 30
19 20 14
8 10 15
6 9 17
19 22 15
21 23 2
12 15 7
20 23 14
13 15 19
17 21 29
20 20 23
20 21 6
7 9 9
20 22 23
16 17 25
11 14 16
21 22 13
23 0 10
8 9 4
18 19 19
16 17 17
15 16 25
4 7 1
8 10 26
0 1 5
4 7 5
9 11 5
20 21 1
15 17 15
9 10 19
9 13 29
15 18 21
7 8 13
2 4 24
14 15 15
7 8 2
2 5 7
6 6 8
11 14 8
6 7 24
11 14 21
21 0 4
21 22 7
23 0 17
13 15 26
22 0 27
5 8 5
5 8 28
4 6 27
16 19 15
13 14 28
4 6 27
0 1 14
15 16 23
4 6 19
6 9 23
18 20 14
3 5 7
7 7 11
23 1 30
4 5 14
21 22 11
14 15 5
11 13 3
0 0 2
12 15 11
23 0 29
23 0 15
13 14 16
14 17 30
11 12 25
16 17 20
2 5 10
19 0 20
17 19 6
9 12 4
1 3 2
19 22 3
10 12 4
1 4 15
7 9 6
10 13 2
17 19 21
19 21 12
8 9 12
7 8 28
10 13 6
20 0 14
21 23 9
7 9 15
15 17 5
12 15 14
19 21 9
4 6 22
3 4 25
17 17 20
16 19 16
1 3 17
6 7 29
7 8 10
3 4 12
6 9 14
0 2 29
4 6 18
22 0 7
23 1 26
10 13 1
6 10 20
19 22 29
2 5 20
22 0 29
13 16 5
22 23 20
8 11 8
20 22 19
4 6 2
16 17 17
0 3 18
11 13 21
17 18 1
5 6 27
5 6 5
9 9 9
17 19 15
2 5 17
5 7 19
21 0 9
8 11 26
8 9 22
20 20 21
1 3 27
6 8 15
23 2 9
17 19 20
14 17 27
0 3 20
5 7 20
1 2 22
2 4 4
23 1 21
12 12 8
14 14 23
1 4 6
4 4 11
9 11 12
18 19 30
5 8 1
13 15 2
1 2 27
18 20 1
0 2 12
6 8 26
6 9 7
12 14 18
1 4 30
11 13 24
5 6 5
23 1 6
17 17 27
19 22 26
5 8 26
5 8 1
1 3 2
18 21 3
18 21 3
23 1 7
2 4 14
13 14 3
12 16 13
22 23 16
6 9 25
13 16 17
20 23 18
6 9 18
14 16 16
2 6 29
8 10 4
8 11 2
18 21 7
3 4 19
0 2 3
13 16 17
20 21 21
8 10 24
3 5 28
16 17 21
2 5 5
12 13 24
11 14 5
1 0 13
23 0 3
4 7 22
16 16 9
19 22 16
22 1 2
19 20 1
22 0 4
22 1 17
14 16 3
2 7 20
12 14 5
18 21 11
4 8 27
22 0 30
4 8 2
23 2 9
2 4 15
9 12 30
22 22 20
7 9 5
7 9 16
20 23 27
13 13 28
16 17 10
4 7 30
19 21 30
10 11 5
3 4 20
23 0 2
0 2 16
8 10 3
14 17 14
4 6 7
18 20 11
17 19 19
7 10 13
19 22 1
4 8 22
17 21 11
23 1 9
21 0 7
17 19 17
14 15 19
21 23 17
16 20 19
1 2 18
16 17 2
7 9 3
12 14 29
0 2 5
15 17 1
22 22 4
13 15 15
12 13 6
22 23 4
2 4 25
0 1 23
2 3 9
8 10 3
19 21 16
0 3 13
12 14 3
23 2 6
1 2 20
1 4 2
8 8 22
9 13 28
5 8 6
11 12 15
2 4 18
5 7 6
5 8 14
13 16 1
14 18 14
17 21 11
4 6 1
7 9 29
2 4 4
1 3 9
13 15 9
7 10 12
7 8 24
4 4 17
9 11 23
10 11 22
13 15 9
5 7 10
11 13 18
16 17 19
6 7 27
0 1 14
4 5 17
10 14 1
22 1 15
12 13 18
6 8 29
15 16 22
10 13 29
11 13 8
4 5 5
5 7 6
7 8 27
2 4 28
4 7 17
9 10 11
10 13 8
5 7 26
6 6 13
1 1 30
17 19 18
2 3 29
15 17 6
22 1 28
11 13 27
22 1 27
8 10 1
16 17 8
17 20 2
21 23 20
22 23 13
9 11 23
11 14 30
16 17 29
7 11 27
23 0 27
20 23 2
1 2 17
15 18 13
12 14 12
9 10 26
13 16 19
12 15 27
8 10 25
10 12 13
15 17 15
5 7 23
0 3 17
23 1 4
22 1 18
7 8 5
8 10 10
1 4 26
18 20 11
2 5 8
1 2 1
20 22 13
3 4 14
7 8 11
6 8 5
12 15 6
15 17 7
8 10 9
22 23 27
7 9 3
14 17 25
19 21 10
10 11 18
21 0 18
15 18 4
16 19 23
6 8 25
3 6 21
0 0 30
21 23 14
10 11 8
2 4 3
15 16 4
1 3 7
22 23 11
7 10 30
11 13 19
18 19 12
5 6 27
7 9 13
21 22 1
17 19 18
11 14 5
6 9 6
10 13 4
0 2 13
13 15 3
16 17 1
6 8 26
5 7 26
21 0 26
2 5 6
16 18 9
0 3 29
23 1 28
12 12 13
11 14 21
1 3 22
9 12 17
1 2 4
17 19 27
11 15 6
8 10 24
9 12 30
7 11 28
6 8 22
7 9 29
13 16 15
19 21 1
1 3 23
17 19 16
13 15 9
20 22 13
2 2 22
22 1 19
12 12 12
23 23 7
23 1 2
13 14 28
3 4 6
7 8 27
9 11 18
0 3 27
18 20 15
18 21 25
7 8 30
22 1 28
14 15 6
1 3 22
13 16 16
16 18 22
11 11 10
15 16 9
9 10 5
13 15 15
19 22 5
16 16 8
10 12 8
6 7 3
15 16 14
17 19 17
2 3 19
5 6 8
17 18 27
10 11 14
5 6 29
12 14 12
9 11 29
18 21 20
3 5 12
14 16 22
13 15 1
21 23 3
1 4 3
8 10 9
18 21 30
10 13 18
16 19 25
0 3 12
9 10 16
15 16 28
2 4 16
8 11 15
15 18 6
6 7 5
18 21 7
7 7 27
15 18 24
0 2 12
3 6 21
3 6 28
0 1 27
2 4 9
13 16 4
9 13 16
10 12 2
11 14 29
0 2 21
15 18 27
3 7 9
4 6 1
21 23 20
23 1 23
3 3 5
6 7 28
10 12 24
18 19 8
9 12 24
2 4 18
7 8 9
5 7 18
10 11 22
12 15 17
3 6 5
16 20 19
4 6 29
3 5 14
6 7 7
7 10 16
17 18 4
11 13 27
15 19 16
20 23 27
22 0 23
14 16 14
8 10 30
10 13 15
21 23 20
3 5 7
6 6 4
21 23 24
14 16 4
13 14 26
0 1 23
16 17 16
22 1 28
11 13 25
18 21 20
15 14 14
7 10 3
22 23 1
12 12 8
18 20 27
21 23 11
10 10 30
15 18 26
19 21 30
19 21 6
5 8 24
12 13 17
21 22 29
0 1 22
19 20 2
9 11 8
22 1 8
4 5 24
12 15 26
20 22 1
1 1 12
19 22 10
0 0 14
23 1 8
15 17 14
16 19 21
22 0 17
13 16 9
1 2 28
1 2 27
0 2 9
18 20 15
11 15 8
22 1 4
1 4 14
12 13 3
6 7 29
23 2 10
10 11 1
10 13 24
12 15 5
5 7 16
3 6 20
16 16 26
1 3 6
23 1 25
0 1 13
5 7 3
15 16 3
3 5 4
18 20 24
17 21 17
11 12 10
13 15 16
16 18 13
18 21 17
16 18 2
8 10 5
20 22 3
