1670 30
6 22 3 15 23 1 8 20 21 1 26 22 15 8 28 7 9 20 17 3 16 25 13 16 14 3 26 9 21 25 
11 12 3
23 1 25
6 8 6
15 16 5
0 3 25
3 5 24
16 19 3
2 4 29
22 0 3
2 5 1
22 23 30
14 15 24
16 18 11
17 19 4
7 10 16
7 6 20
13 14 6
11 13 11
10 10 13
10 13 4
10 11 12
17 18 7
16 18 3
13 13 15
19 19 1
4 7 9
6 6 23
9 10 4
3 5 28
4 6 23
11 13 26
8 11 10
3 5 9
17 20 9
4 5 30
3 4 8
0 3 18
4 6 15
22 1 5
22 23 13
0 2 11
19 22 24
16 18 24
18 21 3
17 19 1
3 4 9
7 9 23
21 23 11
1 4 23
14 15 13
3 5 1
18 19 21
17 18 7
5 6 23
7 10 7
17 21 10
23 0 19
9 9 21
10 13 8
19 21 9
14 15 12
10 13 19
3 5 6
2 5 26
17 19 29
2 4 25
2 1 9
14 16 18
14 16 28
19 21 11
22 0 8
3 4 7
22 23 4
7 10 20
16 18 19
3 4 30
17 20 17
22 1 20
2 6 2
11 12 8
14 16 4
6 7 12
8 10 11
18 19 9
1 3 24
20 23 4
9 10 27
17 17 2
11 14 9
0 3 18
23 1 5
16 17 10
1 4 27
6 9 4
15 17 20
1 3 15
6 8 20
9 10 15
0 2 8
9 11 12
17 19 18
12 17 27
17 18 7
22 1 8
13 16 4
13 15 27
5 7 21
12 15 21
7 9 11
8 8 12
2 5 13
11 13 19
16 17 27
22 23 11
10 12 9
19 20 3
1 3 15
19 22 14
10 12 11
2 7 20
19 19 19
7 7 11
22 0 9
11 12 7
10 11 29
8 11 5
10 12 10
4 5 9
20 23 16
4 5 28
7 11 8
23 3 22
2 4 23
19 21 13
6 8 28
13 14 19
18 20 16
22 1 24
13 15 26
16 17 28
0 3 11
2 5 7
2 5 22
12 15 9
10 10 1
20 21 23
16 19 12
7 10 6
1 2 3
13 15 6
17 20 7
20 22 5
23 0 23
23 2 17
9 11 27
15 17 20
10 14 4
9 10 7
10 13 14
14 15 18
23 0 8
15 19 5
7 9 3
4 6 18
14 15 10
20 21 3
21 0 5
10 13 24
11 12 8
10 15 10
21 21 21
8 10 10
17 19 28
1 2 20
20 20 19
6 7 9
1 5 27
5 8 9
0 3 22
2 4 25
1 4 12
4 6 30
1 2 7
12 12 30
19 21 4
2 4 20
18 18 5
23 2 18
17 17 1
16 19 20
6 6 12
9 9 25
20 22 13
17 20 17
11 13 20
16 18 27
7 10 11
0 3 8
16 19 25
8 9 19
8 8 26
15 18 17
21 23 8
8 11 22
10 14 26
11 14 23
7 9 2
20 21 26
21 0 24
11 15 7
8 9 15
1 3 24
13 14 29
7 8 27
8 10 4
1 5 9
8 9 5
5 7 28
3 6 24
0 4 15
4 7 28
22 1 5
2 4 1
20 20 27
9 12 21
1 3 30
7 10 22
12 16 7
19 22 7
0 3 14
10 13 19
15 16 22
8 10 7
8 11 6
14 17 7
1 3 15
15 17 20
5 7 27
19 21 4
17 17 12
18 20 15
17 19 9
5 7 25
16 19 17
21 1 7
18 21 26
11 13 25
18 23 28
11 14 29
17 17 9
20 22 3
22 0 11
20 0 5
7 7 26
15 18 5
16 18 15
23 2 20
13 15 29
20 23 10
11 15 13
23 0 7
3 5 11
12 14 22
0 2 6
5 8 9
21 23 28
0 3 27
10 12 12
16 18 14
15 17 23
3 6 11
23 1 24
10 13 22
9 9 21
6 9 21
17 18 18
15 16 19
15 18 13
12 13 9
9 10 28
21 21 29
9 12 12
9 12 1
8 9 7
11 11 9
11 12 1
9 11 4
6 8 9
10 12 29
3 3 7
12 13 27
21 23 9
21 22 24
22 0 17
19 22 30
5 6 23
19 20 9
3 5 21
9 10 17
18 19 10
18 18 4
8 10 6
14 15 6
6 8 3
17 19 26
2 4 28
6 8 26
20 0 17
6 8 1
17 21 23
22 1 13
23 23 16
11 12 8
21 21 10
12 15 28
5 7 9
23 3 14
20 22 21
20 22 16
11 12 7
15 17 28
3 3 8
6 8 27
18 21 25
3 5 25
16 17 1
17 19 29
20 22 17
6 7 8
11 14 20
11 13 7
12 15 27
21 22 14
4 6 27
17 20 25
19 23 9
2 3 18
23 2 28
13 16 29
20 22 21
18 20 6
23 1 23
16 19 15
4 7 7
17 19 15
5 7 9
12 14 16
17 18 8
13 16 21
4 6 10
8 10 30
14 15 16
14 15 17
11 14 13
21 23 27
13 15 25
21 23 5
14 14 27
20 23 30
19 21 27
22 1 8
16 16 14
21 0 27
11 11 13
19 20 6
19 22 15
23 23 30
3 6 8
2 6 24
22 0 29
2 3 25
19 21 18
3 5 12
10 9 25
3 6 19
3 5 26
3 5 19
4 4 18
12 15 3
14 16 20
11 12 24
9 10 18
4 5 19
4 5 12
16 16 27
11 12 17
9 11 1
17 21 14
7 8 12
14 15 11
10 12 10
18 19 28
1 3 27
17 17 26
21 23 8
1 4 28
22 23 30
2 4 10
2 5 2
17 20 23
12 15 15
4 7 13
2 4 13
19 21 26
6 7 25
4 7 16
10 12 3
9 12 26
14 15 18
11 13 28
18 20 12
13 15 28
3 6 14
6 9 24
16 19 20
9 11 8
19 20 6
14 15 29
16 18 29
20 21 7
17 20 24
13 15 19
20 1 13
5 7 8
9 9 1
23 23 4
17 20 23
18 19 29
6 8 26
7 9 11
21 1 6
1 4 22
2 5 18
7 10 15
2 4 13
16 17 25
16 17 10
3 5 24
8 9 28
7 10 13
13 14 14
17 18 2
17 20 1
7 9 10
6 9 20
16 17 15
19 21 14
8 11 3
5 7 24
2 4 2
5 6 29
5 9 28
14 15 8
13 14 15
8 10 18
10 12 29
12 13 15
8 10 27
16 15 17
20 22 17
8 12 30
15 16 24
12 14 24
23 23 17
4 7 15
6 8 24
6 8 14
1 2 24
21 21 16
0 2 5
20 21 24
2 5 3
12 15 27
8 13 1
4 4 18
4 8 27
9 10 10
23 2 15
19 19 17
3 5 20
19 19 25
21 0 26
15 18 6
8 10 4
18 20 25
19 23 30
22 0 28
3 7 24
2 3 15
10 11 17
15 16 13
16 17 16
4 6 25
2 5 26
2 4 23
15 17 27
1 4 2
9 11 2
20 20 25
3 6 19
14 17 23
19 22 26
7 8 16
13 15 29
19 21 7
0 2 30
7 9 10
16 18 22
21 1 8
8 11 30
7 8 14
14 17 24
3 4 8
10 11 16
12 14 3
19 22 16
2 5 13
12 15 14
3 5 20
1 2 30
20 23 2
22 23 15
20 23 17
13 14 27
23 0 16
1 4 20
13 15 5
17 19 25
5 6 11
12 14 14
8 10 11
18 21 28
6 8 17
2 3 29
20 22 28
19 22 27
22 2 6
5 7 1
9 11 26
14 16 20
14 15 1
5 7 30
23 1 28
20 22 20
1 3 26
19 20 22
7 8 3
14 15 29
16 18 2
3 4 17
20 23 9
5 8 1
15 19 16
5 7 21
13 17 18
13 16 11
7 11 2
11 12 24
19 21 12
22 23 29
21 0 7
6 8 25
9 10 21
12 14 10
13 15 13
10 14 20
15 18 22
17 18 3
11 13 18
17 19 4
17 18 2
1 4 7
20 0 14
22 1 12
15 17 11
19 21 27
19 22 20
16 18 29
23 1 24
18 20 1
17 19 30
11 13 7
23 1 7
0 3 17
13 14 8
7 9 24
1 3 30
12 14 21
23 1 5
11 13 13
4 6 28
18 19 11
18 20 24
10 12 5
12 15 11
8 11 9
1 3 14
17 19 4
15 17 24
10 12 11
17 20 18
12 16 10
15 18 30
1 4 30
2 5 4
20 22 24
7 7 1
12 14 24
4 7 19
20 21 13
15 17 18
8 9 24
7 11 13
10 11 16
21 22 19
12 13 27
15 18 27
4 7 28
21 0 11
0 1 8
16 16 3
0 2 13
19 19 12
8 11 9
7 8 28
4 8 2
0 1 4
0 2 17
20 20 16
19 19 14
22 0 5
18 20 22
18 21 11
13 14 16
22 1 16
13 15 13
0 2 9
21 1 16
4 5 6
3 5 21
5 7 2
14 17 7
15 19 18
16 19 2
9 11 17
17 19 12
1 2 6
7 8 26
14 17 11
5 6 13
15 17 9
2 4 27
1 3 27
2 6 29
19 21 5
8 9 2
15 16 5
2 5 22
14 17 28
22 0 27
20 22 27
11 13 4
16 18 6
9 10 11
1 2 13
3 5 20
22 1 12
11 12 5
15 18 21
14 15 21
21 22 2
7 7 2
22 2 28
11 11 9
4 6 3
6 8 21
4 5 18
19 22 6
10 13 8
6 8 5
22 1 7
9 10 29
15 17 24
14 15 4
21 0 30
23 2 12
17 19 18
14 16 27
22 22 6
13 15 18
12 14 3
7 10 24
18 21 11
3 5 28
23 1 10
23 1 3
2 3 30
11 13 14
20 21 2
21 0 14
19 22 2
17 21 17
1 3 6
13 15 26
0 0 20
6 10 23
12 16 21
22 0 16
4 7 4
14 16 19
18 21 29
12 13 18
1 2 23
12 12 4
3 6 22
16 18 10
23 1 16
12 15 17
1 4 24
12 15 26
13 15 25
19 20 22
16 18 16
10 13 28
8 10 23
2 3 24
18 20 6
21 23 1
12 13 27
6 9 30
8 10 20
9 10 26
10 11 11
11 13 12
19 20 20
6 7 30
22 23 28
12 13 10
15 18 6
9 12 15
16 17 16
9 10 21
5 8 7
9 12 10
4 7 28
0 1 8
1 4 14
10 11 12
7 9 21
15 16 30
18 21 1
15 17 21
3 6 4
0 2 18
5 8 19
22 22 8
14 15 10
18 21 30
3 5 27
22 22 4
13 16 24
22 0 30
7 9 27
21 23 23
23 2 26
7 9 26
1 3 15
13 14 19
14 17 1
12 14 12
0 2 7
4 5 28
0 2 9
8 9 28
13 14 22
1 3 24
4 6 21
2 4 30
9 13 13
18 20 12
18 20 16
19 22 9
20 23 15
10 12 5
12 12 17
19 22 27
3 5 30
5 6 5
0 2 11
15 17 15
20 22 12
0 3 20
1 4 2
3 7 1
17 20 11
11 15 18
4 4 15
12 14 30
9 13 20
3 3 18
20 20 4
7 8 8
10 11 4
12 14 4
9 11 12
8 10 30
19 21 29
12 14 18
15 17 16
19 19 30
23 0 21
9 10 14
9 10 8
18 19 23
22 0 19
21 22 8
3 6 5
13 16 16
10 14 4
21 1 19
7 11 24
13 14 15
21 23 6
17 20 15
1 2 17
11 14 9
14 16 13
17 18 26
20 22 27
12 14 24
1 3 8
5 9 25
1 3 16
10 12 1
23 1 1
18 22 12
7 9 7
19 20 1
22 0 27
0 2 1
0 1 14
5 9 23
2 3 3
18 20 5
16 16 19
19 21 5
3 6 15
2 3 17
5 9 16
14 15 12
14 16 26
15 16 25
5 7 2
18 20 28
0 3 24
20 22 13
21 23 8
7 10 15
3 5 29
3 5 28
17 17 26
23 0 18
10 11 22
16 18 25
1 2 3
4 5 6
18 21 20
17 19 17
11 15 14
12 14 7
21 0 8
10 12 8
6 6 26
18 19 22
5 7 5
5 8 30
18 18 14
23 1 10
23 1 24
9 11 16
14 17 14
8 11 1
8 9 6
21 0 14
18 21 21
23 23 26
15 17 7
16 16 9
9 11 8
16 18 3
23 0 18
19 21 2
18 20 28
8 10 8
18 19 12
20 22 12
18 20 27
23 0 2
13 15 2
17 17 13
9 11 29
21 21 24
2 5 10
4 6 9
2 4 29
8 11 23
23 2 2
18 21 17
3 4 27
17 20 22
9 9 11
16 17 30
23 2 7
15 17 15
9 11 18
23 1 17
20 22 21
0 1 4
21 23 13
9 11 13
11 14 19
12 15 4
10 13 18
1 0 20
19 21 26
13 15 5
1 3 17
18 19 28
5 7 27
16 17 8
4 6 19
18 20 23
23 2 23
18 20 2
4 5 11
21 23 7
22 0 23
4 5 5
0 3 11
20 23 10
5 7 24
15 17 7
20 21 24
17 18 11
11 14 26
22 0 26
21 21 12
21 0 18
9 11 10
9 12 3
22 0 13
2 3 28
23 2 21
9 12 3
21 22 27
23 1 20
3 5 26
6 7 19
4 9 20
4 6 8
18 19 30
23 1 12
21 22 29
19 20 18
3 5 30
15 17 24
13 15 30
2 3 6
13 16 15
8 10 17
8 10 9
14 16 12
18 20 27
6 9 22
10 12 24
4 7 4
2 4 23
2 5 2
10 12 8
20 22 5
8 10 3
23 1 11
2 6 1
1 4 2
16 18 22
1 3 9
3 6 29
22 0 20
9 11 27
3 5 11
13 14 30
1 3 8
8 10 25
4 7 18
20 0 21
2 5 18
20 0 5
6 6 19
4 4 5
16 19 19
0 2 9
8 12 6
19 22 23
9 10 7
5 9 25
7 10 17
2 5 5
4 4 11
15 18 22
7 9 6
21 0 8
3 5 2
8 11 3
13 16 11
2 3 7
0 3 12
8 12 30
16 19 6
8 11 15
18 19 5
9 13 25
8 12 21
0 2 24
12 15 21
4 6 25
18 22 10
4 8 8
19 22 8
18 19 19
4 7 23
7 9 4
12 14 30
10 14 7
16 17 21
14 17 25
14 16 20
19 22 13
23 2 17
5 8 14
22 1 20
6 9 24
15 17 18
7 8 2
18 21 13
13 15 6
21 23 21
1 4 17
17 19 2
21 23 1
19 21 29
3 4 26
9 11 28
18 21 26
5 6 17
8 10 11
11 13 18
7 7 1
20 22 18
0 3 7
4 7 27
1 3 26
6 7 23
11 14 8
0 1 8
10 11 18
3 5 26
4 6 12
7 8 25
6 8 3
4 5 27
3 5 12
12 14 21
2 5 13
7 9 8
16 18 21
8 11 6
7 11 17
13 15 22
7 8 27
2 4 5
8 10 10
15 17 12
23 0 11
19 20 24
23 2 5
12 13 3
22 0 7
2 4 28
15 17 22
4 7 2
5 7 9
16 17 3
7 10 24
14 16 3
14 16 17
17 19 21
9 11 1
12 15 25
20 22 25
4 6 11
2 5 26
8 8 25
23 1 7
10 10 19
23 1 27
19 21 21
23 1 19
5 7 1
10 12 13
6 6 10
22 1 27
7 8 20
1 4 12
1 6 6
1 2 6
0 1 16
8 10 2
17 22 12
20 23 28
14 14 12
15 17 8
15 17 25
17 17 10
13 15 11
10 12 28
23 2 11
0 2 25
1 3 11
19 20 12
10 10 25
1 3 20
0 2 28
10 12 25
17 19 29
15 17 26
23 1 10
9 11 7
4 6 16
15 18 7
7 8 22
2 3 8
13 14 22
12 13 26
3 4 14
2 4 12
23 0 22
1 2 28
22 0 22
19 22 29
19 20 18
15 15 14
23 1 19
8 10 14
6 9 7
22 0 26
15 16 9
6 7 15
8 8 2
2 4 15
23 0 2
11 12 25
14 17 5
7 8 5
14 17 8
7 8 12
6 8 2
12 15 6
6 9 1
6 6 12
15 17 21
16 19 8
1 4 21
19 22 13
20 21 17
9 10 26
16 19 25
15 17 5
20 23 18
8 11 11
3 4 18
23 1 10
18 20 5
20 23 7
11 13 13
10 12 27
18 18 26
10 12 19
9 11 26
12 15 24
7 10 18
19 21 28
21 23 27
4 4 8
0 4 5
15 18 26
3 6 11
10 13 30
3 5 7
11 13 28
19 22 4
12 14 9
10 11 26
5 6 26
22 22 9
3 5 24
11 13 6
15 17 18
4 8 17
9 11 23
4 6 17
4 7 16
14 16 14
4 5 3
21 23 30
6 8 24
6 7 8
20 21 22
7 7 19
9 9 12
19 21 2
16 17 24
11 14 19
14 14 28
18 21 16
3 6 10
1 4 10
10 14 3
4 6 26
17 16 28
2 4 27
19 20 19
14 14 1
10 14 12
17 20 14
0 3 1
14 18 2
15 16 11
23 2 4
9 13 29
17 19 15
0 2 11
21 23 18
12 13 2
18 20 5
10 12 12
12 16 18
22 1 10
8 11 9
5 8 26
1 3 5
11 14 22
13 15 23
21 22 21
17 19 9
20 22 12
4 8 24
6 9 30
8 12 2
3 6 23
13 15 22
14 15 12
18 22 13
18 20 12
6 11 15
0 3 3
7 8 24
6 6 22
8 11 21
2 4 2
18 20 21
14 16 21
13 16 3
9 11 26
9 10 16
18 21 14
1 5 12
4 4 23
18 21 16
21 22 4
20 22 24
7 10 26
4 6 29
16 17 25
12 15 10
20 22 28
20 23 6
10 12 1
5 8 7
8 10 22
8 9 22
20 23 12
19 21 18
16 19 26
20 20 8
22 1 14
22 2 4
3 3 22
2 4 18
14 16 13
15 17 19
18 20 13
18 19 20
23 2 6
12 14 1
6 6 10
2 4 13
5 7 29
6 11 12
0 1 13
15 19 1
22 1 7
4 8 28
19 22 9
21 22 2
14 15 1
19 21 12
20 23 20
8 10 3
8 11 6
15 16 9
8 10 20
9 11 28
6 8 17
18 20 5
9 11 22
7 7 14
17 19 30
20 21 26
5 9 20
9 9 3
3 5 8
2 4 26
1 5 25
12 14 2
21 0 17
0 2 12
14 16 14
12 12 7
5 8 5
21 22 5
22 2 9
2 5 28
3 2 20
18 19 7
6 8 24
16 20 22
19 21 10
23 3 17
0 2 29
16 17 23
17 20 28
21 0 21
22 1 12
5 7 25
11 11 27
9 11 27
4 7 16
9 10 20
8 10 18
14 16 10
11 12 19
16 19 29
12 15 28
13 15 23
14 15 27
12 13 8
23 0 5
20 21 9
5 7 23
5 6 5
22 23 19
8 10 4
4 4 7
20 0 23
12 15 10
5 6 5
21 23 1
7 10 19
0 3 23
18 20 9
21 23 19
9 11 9
16 20 10
7 8 16
19 22 7
6 8 9
7 10 15
22 0 7
11 13 24
6 8 9
8 11 12
18 19 12
3 5 27
1 1 9
19 22 22
3 4 18
9 11 23
16 17 13
0 2 22
6 7 7
16 19 18
20 22 9
5 7 11
9 12 21
13 16 12
15 16 28
21 1 19
11 12 10
5 6 5
17 19 18
5 5 17
14 16 20
10 11 5
14 14 19
16 17 13
12 13 13
23 1 24
4 6 24
20 22 22
21 23 23
8 11 20
6 7 2
10 11 11
9 11 4
23 23 23
9 11 12
19 22 1
20 21 21
15 18 6
16 18 8
13 17 7
7 9 2
19 22 11
17 19 9
7 9 23
3 6 4
8 11 27
15 16 16
4 7 12
4 8 11
8 12 7
19 19 17
22 23 28
1 3 5
8 10 26
14 16 1
16 19 27
18 20 18
17 20 1
5 5 26
11 12 15
12 15 27
9 12 19
11 12 11
13 14 8
16 18 20
13 15 2
21 23 21
21 20 14
1 4 22
4 7 13
20 23 25
7 10 26
0 3 30
10 12 9
3 4 30
8 12 30
3 5 26
11 13 9
11 14 6
21 23 9
19 20 4
2 5 10
16 15 19
23 23 18
13 13 6
6 8 3
9 10 29
5 7 13
23 0 20
19 20 9
12 12 30
1 3 11
20 21 23
6 8 8
5 7 24
20 22 15
7 11 4
1 5 29
0 2 20
23 1 6
0 2 24
9 10 2
19 20 4
13 16 8
17 19 30
11 13 17
4 5 9
7 8 8
12 13 19
4 7 5
6 7 12
1 1 30
9 11 15
15 18 25
2 4 16
5 7 2
9 9 17
22 1 24
16 18 13
16 17 5
21 0 5
9 12 20
1 3 9
17 19 12
3 6 16
9 12 8
0 2 25
22 0 6
13 14 11
5 7 27
16 18 19
22 0 19
19 21 30
22 22 27
6 8 17
5 7 30
18 20 11
12 13 10
7 8 19
23 3 5
14 14 4
4 5 29
7 8 17
5 8 10
21 0 22
6 8 16
21 23 3
15 15 13
17 18 28
1 2 15
7 9 3
23 2 9
5 7 28
1 2 18
10 11 8
2 4 22
9 11 12
18 21 5
22 23 10
4 6 4
22 1 6
21 22 24
12 14 28
2 3 27
19 21 2
14 16 11
14 16 30
0 2 20
12 14 13
4 5 15
4 7 21
7 8 17
9 11 22
20 21 10
1 4 4
19 21 19
14 15 23
11 13 29
9 13 10
17 18 16
9 10 19
10 10 23
13 15 21
12 13 1
20 0 5
20 0 21
16 18 24
11 11 16
22 23 27
21 23 24
4 5 6
22 1 11
15 16 26
18 20 21
11 12 23
16 17 29
1 3 6
11 13 14
12 14 6
11 14 17
7 11 9
7 10 13
6 7 29
7 9 27
8 11 25
8 12 21
14 17 15
22 0 5
21 23 25
7 7 29
21 23 24
12 13 9
15 18 5
21 23 26
10 12 23
13 16 15
13 15 10
16 18 13
9 13 6
2 5 10
17 19 6
5 5 16
3 5 10
6 10 8
18 20 14
10 12 19
22 22 8
0 1 8
11 14 13
6 8 27
10 12 19
5 6 16
14 17 10
2 4 7
7 8 20
23 2 11
21 0 21
23 0 21
7 6 13
5 6 22
15 18 28
1 3 13
16 18 15
11 13 19
3 5 12
12 13 13
13 14 23
4 7 20
21 22 13
14 16 4
19 21 11
2 6 22
10 11 20
15 16 17
10 12 27
21 22 8
10 12 21
5 5 26
23 23 28
20 21 14
10 12 30
17 19 2
6 7 1
0 3 21
15 17 18
4 5 30
21 23 21
8 11 10
5 8 7
12 14 5
10 12 2
19 20 16
11 13 12
19 22 4
6 7 4
22 0 14
7 11 26
19 20 17
2 3 6
