1640 30
12 19 26 16 25 19 19 26 10 25 1 29 14 30 3 29 29 28 21 13 6 17 28 17 1 14 27 21 28 28 
20 22 22
1 2 11
10 13 8
16 17 9
19 21 17
8 10 26
18 19 21
1 1 10
18 19 18
8 8 9
23 1 4
15 16 21
10 11 24
17 19 17
17 18 11
6 8 17
2 4 30
14 16 26
17 20 12
15 17 29
20 0 3
18 20 24
21 22 6
9 12 13
9 11 4
17 19 28
3 6 5
9 11 7
4 5 29
18 21 18
12 13 22
3 5 4
3 3 9
18 20 23
14 14 26
23 2 13
21 21 11
9 10 15
17 19 13
23 2 24
9 11 8
2 3 5
3 5 22
17 19 23
21 22 26
5 7 11
7 10 27
3 7 24
5 6 9
21 1 19
16 16 6
9 11 27
9 10 17
0 3 11
23 3 14
4 6 26
0 1 20
22 22 7
0 1 13
10 13 6
19 21 5
3 4 24
10 12 23
11 15 27
1 2 20
5 8 7
12 13 30
1 3 23
21 22 25
5 7 17
18 20 28
11 13 15
3 4 24
16 18 25
9 12 23
18 18 9
15 17 14
17 17 26
14 17 30
2 4 6
13 16 14
15 16 10
14 17 29
17 19 10
19 21 23
0 1 16
7 9 18
6 7 4
10 11 15
16 17 22
23 1 23
14 14 17
21 0 23
22 1 23
6 7 12
17 19 21
11 14 9
15 17 14
14 16 15
11 13 27
12 15 25
17 18 5
12 15 20
21 0 14
5 7 9
9 12 21
4 7 23
23 1 28
18 19 27
3 5 22
2 4 26
4 6 10
15 18 26
2 4 24
2 5 5
9 12 17
17 19 3
23 1 8
9 11 6
2 3 7
14 16 12
2 2 24
2 4 2
13 15 6
1 2 5
5 6 3
22 0 25
9 11 19
16 17 19
23 1 19
17 19 19
18 20 19
8 9 27
16 19 15
21 22 7
10 12 3
2 3 5
15 18 7
16 19 15
23 1 6
10 12 10
13 15 22
21 0 28
15 17 26
11 12 21
22 0 29
15 17 19
11 14 11
21 22 27
9 10 29
2 4 26
0 2 14
22 0 3
16 19 13
15 18 29
0 2 1
2 3 5
19 20 17
2 4 17
16 17 6
13 16 19
7 8 4
3 4 4
1 2 12
21 23 21
15 17 24
22 0 9
15 17 12
11 14 19
3 5 13
20 23 24
6 8 8
5 7 13
10 13 13
20 21 28
7 9 23
18 21 18
12 15 9
7 8 20
2 6 17
12 12 3
16 17 17
12 13 23
14 16 12
10 12 27
19 22 5
18 19 3
6 5 7
6 9 25
16 17 22
18 21 13
9 10 3
16 18 2
23 21 10
21 0 10
2 7 28
18 21 11
5 7 16
1 2 9
5 6 18
18 20 6
19 23 11
19 21 18
9 10 22
1 4 7
3 7 3
10 11 5
20 21 8
6 7 24
20 21 24
15 18 27
16 17 20
1 5 26
6 8 4
14 14 29
16 19 14
6 8 28
3 4 13
15 16 10
7 8 11
23 3 16
8 10 3
15 16 30
6 7 28
0 2 22
1 5 8
2 4 26
13 15 29
22 0 22
6 8 13
13 14 21
21 23 21
0 2 10
1 3 4
9 12 18
3 5 8
21 23 11
2 2 9
4 6 11
19 22 10
4 8 7
13 15 6
19 20 17
13 16 7
20 23 19
18 20 16
11 12 8
17 18 21
18 20 27
22 0 20
16 18 7
22 0 30
14 17 25
5 9 12
22 0 24
8 10 28
10 14 20
18 22 1
6 9 2
19 21 19
18 21 3
23 1 8
0 1 10
17 19 7
12 12 4
5 6 8
16 17 17
13 14 15
16 19 28
12 14 4
23 3 22
13 16 6
8 10 29
2 2 29
16 18 30
0 1 5
17 17 18
22 1 17
12 15 16
6 7 23
19 22 14
19 21 22
23 1 14
21 0 8
4 7 13
7 9 9
5 8 16
19 21 8
4 5 3
3 6 28
3 4 28
16 19 18
13 15 29
0 0 17
16 19 16
6 7 14
21 23 19
11 11 25
15 19 30
7 8 9
11 12 30
21 23 11
22 0 16
14 17 4
3 2 3
8 12 27
12 12 15
15 18 27
20 20 19
13 15 5
2 5 22
17 19 11
16 18 28
17 18 2
7 8 25
9 9 4
5 6 2
20 22 11
4 6 29
18 18 25
19 22 17
19 21 13
0 1 2
19 21 9
23 1 5
23 1 1
21 22 4
19 21 16
12 14 17
8 10 9
7 8 28
3 5 30
2 5 20
2 4 26
4 6 15
5 7 13
6 9 21
20 21 4
3 4 26
22 0 5
23 0 21
23 1 11
19 20 22
2 3 3
4 7 4
13 16 5
6 8 11
19 23 17
16 19 28
9 10 14
23 23 1
4 6 23
2 4 8
14 14 23
21 22 3
23 2 26
23 1 11
6 8 11
22 1 22
22 23 12
13 13 14
12 13 7
14 16 19
11 13 9
8 10 9
6 7 27
15 17 20
5 7 15
11 12 27
7 9 28
22 0 3
3 4 11
17 18 21
18 18 16
0 2 13
15 18 22
20 20 18
8 11 14
4 5 15
7 9 13
11 14 30
22 2 22
11 13 27
7 8 4
1 3 29
11 12 17
19 19 3
8 8 18
22 23 27
6 8 1
18 20 11
14 14 22
21 0 25
19 21 20
5 9 19
9 12 27
11 12 23
14 17 19
15 16 8
11 12 23
1 3 25
8 11 2
18 21 22
10 13 18
2 4 12
20 22 29
15 16 9
9 10 6
16 17 24
21 23 6
10 14 19
23 1 18
22 23 3
3 5 5
1 3 16
3 5 23
2 4 12
8 10 20
1 3 17
0 3 20
1 5 11
17 20 16
10 11 29
16 17 14
4 5 4
1 3 29
18 18 22
6 9 25
13 15 12
13 13 25
16 17 19
3 6 16
21 23 1
10 10 19
22 1 15
23 2 2
21 23 29
4 6 29
14 17 25
11 13 5
19 21 9
10 12 16
14 17 24
6 7 29
17 18 10
11 14 26
16 18 23
0 3 29
18 21 20
13 14 11
12 14 13
0 2 13
1 4 16
1 2 11
18 20 14
23 0 28
21 23 2
5 6 19
19 20 24
6 8 12
1 2 14
15 19 10
3 5 20
13 13 12
21 22 10
15 15 22
2 5 17
19 19 25
2 4 24
4 6 6
13 15 24
18 20 19
3 5 21
4 6 3
8 10 2
21 23 19
6 9 21
13 17 13
15 17 23
4 5 8
16 19 18
10 12 7
16 17 2
23 0 25
21 22 19
1 4 30
9 12 7
2 3 14
6 8 6
4 7 26
22 23 16
8 12 21
15 17 16
23 1 27
11 13 6
7 9 17
16 19 29
0 1 27
18 19 25
6 8 13
6 8 18
10 12 28
13 14 28
9 10 15
3 4 28
18 19 23
22 23 30
21 1 20
23 2 23
5 8 2
7 8 17
3 5 18
15 18 23
5 5 19
15 15 8
4 7 8
5 5 18
10 13 7
12 15 8
11 12 13
14 17 26
19 22 15
0 4 8
11 13 3
11 13 1
11 13 15
3 6 29
15 16 26
6 9 1
1 2 3
2 4 3
4 8 22
13 17 21
4 7 9
11 13 23
23 1 8
20 20 5
12 13 27
18 19 8
5 9 10
13 15 4
5 8 27
8 10 23
4 7 3
9 14 11
15 17 14
14 17 27
20 23 23
10 11 23
14 14 12
4 7 15
19 19 16
0 3 18
19 20 29
10 12 22
20 23 15
9 9 26
6 8 2
11 15 22
3 5 14
3 7 10
8 10 9
0 2 9
13 16 13
19 19 15
11 13 3
3 4 16
20 22 28
20 21 16
3 5 2
5 8 15
5 5 17
7 10 6
3 5 21
7 9 21
22 0 5
3 6 25
0 -1 29
22 0 11
13 16 9
8 9 20
10 11 17
12 14 12
23 1 13
19 22 22
13 16 25
12 15 28
18 20 30
12 15 2
6 8 10
11 12 28
23 1 11
9 11 12
4 6 12
6 8 18
9 12 22
8 11 22
11 14 27
13 15 27
1 2 17
18 21 13
9 12 11
1 4 11
8 10 27
14 17 16
12 14 13
5 6 16
11 14 10
3 5 14
5 6 22
3 5 14
3 7 19
2 4 12
22 0 15
7 9 17
3 5 27
17 18 20
18 17 10
2 2 17
22 0 15
10 13 17
12 14 14
18 19 27
19 20 9
10 12 1
13 15 11
7 7 5
2 3 6
5 6 4
13 13 10
18 20 10
3 4 26
23 1 27
8 11 18
19 21 11
1 2 18
4 7 5
21 22 10
18 19 5
7 10 11
7 11 14
20 22 7
18 20 19
20 1 30
16 17 8
0 2 2
16 17 24
17 19 26
23 0 7
7 9 23
12 15 17
0 1 16
7 10 7
11 13 22
5 8 28
18 19 10
8 10 9
0 3 22
17 18 17
21 22 4
6 8 22
10 10 13
7 8 15
1 3 3
12 13 22
9 12 7
22 0 3
3 3 2
20 23 4
18 19 17
19 20 10
14 16 6
15 18 11
17 18 15
23 0 18
0 0 20
6 7 17
21 1 27
14 17 21
3 6 23
2 5 17
13 16 13
7 9 23
22 23 21
23 1 26
19 21 30
19 19 8
12 14 11
18 18 23
0 1 29
2 3 11
21 0 29
17 19 16
16 18 4
16 19 4
6 9 14
18 20 19
22 1 23
23 2 27
5 7 23
6 6 20
9 11 5
9 11 22
2 3 27
18 19 3
23 0 7
13 16 5
8 11 27
21 23 4
17 19 25
3 5 21
2 4 22
10 12 14
6 8 8
11 12 19
5 7 5
12 14 3
0 2 27
3 4 7
17 18 23
1 4 15
22 1 23
5 6 9
12 13 26
14 16 20
7 9 26
18 21 29
5 6 2
18 21 12
22 23 10
23 2 19
11 13 4
12 14 11
3 5 10
19 23 4
6 8 13
22 23 9
21 23 7
22 0 18
12 13 14
2 2 17
15 16 26
1 2 12
3 5 13
10 12 21
16 17 29
12 12 27
1 2 23
19 21 18
16 20 20
1 4 25
7 9 28
14 17 25
0 2 29
7 7 27
20 22 21
7 7 22
6 8 18
6 10 9
7 9 17
18 21 27
17 20 8
22 0 11
23 0 21
19 19 19
15 17 2
12 14 19
14 17 29
11 12 23
6 10 12
2 2 8
1 2 14
12 14 22
18 20 30
19 21 28
14 16 7
4 6 6
5 7 28
21 22 13
0 2 5
21 23 29
2 4 15
18 21 29
6 7 7
4 6 16
1 5 26
19 21 17
10 12 30
1 5 26
9 11 9
15 17 5
13 15 1
19 20 26
1 5 7
19 23 6
4 7 26
3 4 26
23 0 15
9 12 21
1 3 13
12 13 25
19 20 5
9 11 17
13 15 3
10 11 12
15 18 20
8 11 3
0 1 24
1 3 8
12 14 23
1 4 9
14 15 10
15 17 9
4 7 21
2 5 8
15 18 4
12 15 9
20 21 8
1 2 20
22 23 7
4 6 11
17 20 25
5 7 1
20 22 28
8 9 29
14 17 12
23 0 16
6 7 25
16 17 10
1 4 14
2 2 1
2 4 12
9 10 15
12 15 18
9 10 26
18 20 22
3 5 29
21 22 23
6 8 10
19 23 5
1 2 5
1 4 14
15 17 11
7 9 12
1 4 4
22 0 5
8 10 6
16 19 18
5 8 2
10 10 21
7 8 2
23 0 5
17 19 9
11 12 1
12 14 10
20 21 1
19 20 17
18 21 25
8 11 28
23 1 22
13 14 26
0 0 24
23 23 20
9 11 12
9 12 9
15 16 24
23 1 20
23 2 21
5 8 7
10 12 26
13 15 11
9 10 14
12 12 10
7 11 14
7 9 4
23 3 23
11 12 14
13 15 9
3 6 19
6 7 6
11 14 28
9 11 25
8 8 1
8 11 23
23 2 25
16 19 1
23 2 19
6 7 20
20 21 12
21 2 11
13 13 19
21 21 6
21 22 10
8 10 2
17 19 2
6 8 4
10 13 11
8 9 20
23 1 3
21 21 29
3 5 22
13 15 3
23 1 30
15 16 15
8 9 1
1 4 27
4 7 8
15 14 10
9 12 6
3 4 18
0 1 24
22 1 18
4 7 11
12 14 25
4 8 27
20 20 17
3 4 23
14 16 9
4 7 1
6 9 10
20 22 22
20 22 15
1 1 19
19 22 18
4 5 20
13 16 9
10 11 26
6 7 7
17 21 7
16 19 1
19 20 21
16 18 11
6 7 3
9 11 14
17 20 30
16 17 9
8 10 12
12 14 24
18 21 20
15 19 4
7 12 14
22 1 20
12 13 30
23 23 24
23 1 2
4 6 26
7 10 25
4 4 24
11 13 7
2 3 15
8 9 28
12 14 12
16 19 13
14 14 27
20 0 6
4 5 2
7 9 29
7 9 5
4 5 18
9 12 3
12 14 17
11 13 30
1 3 14
3 3 15
20 21 19
22 23 1
0 2 9
6 9 29
8 12 15
17 21 27
6 9 30
5 8 20
7 10 10
15 19 17
2 2 2
14 15 12
9 15 26
13 16 5
12 15 11
4 6 5
14 17 17
15 19 26
4 6 26
10 14 17
20 23 5
20 21 1
2 6 7
5 8 29
6 7 9
9 12 29
1 3 10
23 0 24
7 8 21
3 5 19
0 3 16
6 7 26
3 5 14
4 5 21
7 9 1
19 20 6
0 1 5
20 22 11
4 7 9
22 23 1
9 11 24
13 14 29
10 11 10
16 20 27
3 5 16
20 23 8
2 5 24
5 7 15
21 23 4
1 4 14
22 1 5
2 5 20
7 10 11
10 12 19
22 0 27
23 2 28
0 3 6
17 20 22
22 0 7
22 1 24
9 12 1
16 18 25
13 15 14
2 5 6
22 1 21
17 19 6
5 8 4
11 13 18
8 11 6
9 11 11
3 5 18
6 8 25
22 0 10
11 13 12
8 9 27
20 21 28
4 6 20
9 12 20
6 8 19
18 20 7
13 13 28
7 9 29
12 13 15
7 9 1
23 1 16
2 5 27
19 19 29
4 8 19
20 21 30
1 3 30
8 10 6
2 3 2
1 3 18
3 4 30
2 5 6
11 13 20
4 7 15
20 23 14
7 8 6
15 16 15
7 10 28
6 10 4
14 16 4
21 0 12
7 9 21
22 0 10
20 0 12
11 12 2
5 7 15
14 14 15
10 13 15
7 9 16
4 7 8
1 3 5
12 13 1
17 20 10
2 5 13
17 21 7
1 2 5
10 13 9
4 6 4
2 4 20
5 8 25
22 22 24
13 16 16
0 3 30
16 18 3
22 0 10
1 2 2
1 3 3
21 22 1
13 15 20
15 16 1
0 2 4
18 19 8
13 16 4
19 22 22
21 23 2
19 21 27
9 12 10
0 1 9
15 17 20
2 3 9
17 21 9
12 14 15
15 17 21
13 15 20
18 22 22
7 10 8
20 23 17
17 18 20
2 5 18
8 12 26
23 1 6
13 16 15
3 4 1
14 16 20
23 1 3
23 2 17
1 2 25
5 7 25
10 12 8
18 20 22
9 11 8
7 9 27
12 14 23
1 4 2
15 16 14
3 4 30
9 10 18
21 0 23
11 13 8
5 7 27
21 1 11
9 11 10
20 21 11
2 3 18
10 13 3
4 5 16
15 18 12
7 10 20
0 2 16
20 20 17
15 20 10
4 4 27
3 3 14
8 10 22
13 16 5
1 4 1
3 6 7
15 17 28
7 9 20
22 23 12
13 14 23
21 23 7
6 7 6
4 6 4
13 15 19
17 19 5
16 19 29
1 4 27
13 14 11
1 3 6
4 6 25
5 7 3
8 12 18
23 1 15
1 3 14
21 0 21
22 1 23
22 23 29
9 13 21
11 15 10
2 4 27
1 4 17
19 22 25
12 15 6
1 1 5
5 6 7
10 12 1
17 19 8
0 1 8
8 9 6
10 12 2
13 15 24
3 8 9
1 3 23
3 6 13
12 16 7
14 17 10
8 10 29
0 1 6
18 21 21
20 22 15
16 19 24
22 0 15
2 3 22
4 6 10
19 23 28
9 10 17
5 7 26
20 21 21
20 21 18
8 11 29
19 21 30
2 6 5
13 14 27
23 1 15
7 9 19
8 10 24
14 15 2
19 22 8
12 15 2
0 3 10
12 15 5
13 16 25
23 1 4
20 20 27
4 6 1
4 7 6
10 12 18
8 8 24
20 21 7
4 6 25
12 14 18
18 19 26
6 9 9
22 22 12
10 11 19
14 16 12
21 22 21
18 22 5
10 12 28
2 4 6
15 16 15
5 7 19
15 16 6
22 0 4
8 12 26
7 10 1
22 1 11
19 23 22
20 22 17
0 1 14
11 13 16
18 20 7
20 22 10
12 12 10
12 15 7
3 5 23
5 8 8
18 19 26
17 17 18
3 5 17
10 13 15
22 23 17
1 2 3
17 19 28
5 6 19
16 17 19
23 1 23
11 13 5
6 7 15
7 9 7
12 14 22
19 21 13
21 0 24
13 15 18
7 8 9
9 9 13
8 10 13
17 21 15
8 10 4
5 7 24
11 13 6
3 4 12
13 15 24
18 20 4
20 23 11
16 19 25
13 13 10
7 9 16
5 7 2
8 9 12
9 10 12
6 9 22
4 6 8
18 21 11
4 6 8
22 1 2
16 18 26
10 11 24
20 21 17
21 0 30
14 17 19
12 16 11
12 14 14
11 13 7
13 15 27
12 12 28
17 20 14
11 12 10
22 23 15
16 17 22
3 5 30
23 0 9
19 21 30
10 11 20
22 2 6
18 20 25
15 16 17
2 4 27
7 10 2
22 0 19
19 21 22
0 2 8
2 4 1
13 15 12
14 17 20
9 11 29
13 15 22
14 17 26
13 16 28
23 1 29
18 20 9
8 12 4
1 2 6
20 23 29
17 18 29
10 11 9
9 10 20
0 1 27
21 23 5
2 4 3
3 6 28
21 22 15
7 9 20
7 10 13
20 22 20
22 23 27
19 19 26
11 14 1
22 0 9
2 5 14
3 4 29
0 2 18
5 7 10
20 22 4
15 15 11
13 15 1
6 9 5
20 22 3
23 1 12
23 3 30
16 18 27
13 15 9
20 21 22
0 1 27
7 7 6
20 20 19
19 22 11
9 13 12
5 7 12
13 15 14
23 1 24
19 22 25
16 18 8
10 12 9
5 6 18
9 12 12
13 15 12
16 18 19
20 22 13
6 9 4
14 14 6
9 11 15
16 18 14
18 20 21
3 4 3
18 20 30
17 17 10
17 20 11
22 22 25
3 3 15
3 5 25
1 4 29
20 21 10
6 11 19
6 10 12
20 23 13
8 11 29
13 15 11
4 6 17
4 5 26
19 20 19
2 4 2
9 12 11
22 0 4
12 14 6
10 13 16
15 17 1
22 0 7
7 12 7
14 15 12
5 7 8
6 7 23
3 4 3
6 7 26
16 17 20
8 12 11
0 3 6
23 1 15
3 6 2
4 4 4
21 22 14
20 21 5
23 23 11
21 22 14
10 14 12
1 4 29
20 23 5
19 22 29
16 18 18
14 16 7
23 1 4
22 23 2
0 2 25
12 16 20
7 10 19
3 6 21
13 14 25
1 5 6
8 10 2
3 4 4
23 1 2
23 2 22
6 7 19
18 19 27
10 12 20
3 6 2
1 3 30
1 2 15
1 3 16
2 3 15
17 20 3
23 1 9
8 10 10
17 19 9
13 17 10
21 22 1
20 21 20
17 21 6
2 5 14
5 6 26
15 17 20
11 14 3
21 1 2
9 10 9
8 10 15
14 17 14
22 0 7
10 11 20
18 21 23
7 8 28
5 7 3
18 21 5
23 0 23
9 9 6
14 15 8
4 5 25
10 12 1
17 20 1
5 6 22
6 9 30
4 6 10
8 9 26
14 16 28
2 3 29
10 11 18
23 0 13
1 1 27
3 4 8
22 0 30
9 11 5
16 20 21
18 20 25
4 8 18
5 7 15
7 8 4
11 13 25
9 8 16
19 20 4
12 14 2
7 9 14
7 10 9
19 22 4
14 16 12
7 8 26
8 10 24
11 14 24
10 11 13
20 22 10
23 0 7
20 22 2
6 8 11
16 17 10
14 15 28
20 22 21
1 3 17
21 23 2
9 12 9
17 19 7
0 4 15
5 8 19
20 21 25
2 2 14
8 9 3
23 0 21
8 10 16
22 2 13
8 11 27
16 17 1
0 2 6
5 7 21
23 1 16
8 10 28
2 5 26
9 11 23
19 21 4
16 18 14
8 12 11
4 7 19
23 1 17
3 4 9
17 17 10
3 4 27
18 18 8
6 8 19
4 5 17
16 19 18
4 6 29
5 8 24
8 11 11
19 20 15
5 8 6
22 23 26
17 18 22
5 7 7
21 23 24
3 6 21
14 16 30
18 21 13
5 9 28
17 20 15
1 2 10
14 16 6
9 10 29
9 11 28
7 10 7
7 10 18
17 19 20
18 18 26
11 13 13
11 14 28
22 2 12
23 0 5
1 4 25
3 4 6
11 11 8
14 16 14
18 20 4
17 21 2
20 0 29
2 5 16
6 7 12
20 21 26
18 20 29
4 7 9
19 20 23
21 21 24
8 9 3
17 19 5
15 16 25
10 13 21
1 4 27
20 21 5
8 12 11
7 9 10
23 2 11
6 8 22
6 8 12
2 3 21
23 1 10
4 6 22
1 4 25
13 16 17
15 17 16
9 10 30
7 9 18
8 9 14
3 6 21
3 5 24
3 4 9
0 2 5
2 3 9
2 4 23
20 21 10
17 18 23
15 18 1
22 23 25
9 10 10
14 15 1
21 22 30
11 15 3
16 18 12
21 22 16
23 1 16
13 15 14
3 4 9
19 21 12
7 9 3
6 8 28
11 14 14
11 13 21
7 8 12
12 14 21
16 18 24
11 13 21
3 4 17
3 5 6
3 4 16
1 3 1
0 2 30
2 4 18
20 21 19
22 2 28
