1750 30
8 27 22 14 11 10 8 6 25 5 26 12 29 3 4 23 17 9 12 28 13 29 29 4 20 18 20 29 2 12 
2 6 11
1 4 1
16 18 19
17 19 2
11 12 30
4 6 22
15 16 27
22 23 18
6 6 25
7 7 17
3 5 20
20 22 17
14 16 2
23 2 29
5 6 23
21 23 2
7 10 24
11 13 13
23 0 5
12 13 30
1 2 5
18 19 24
21 1 28
17 17 2
14 16 21
21 0 8
9 12 6
9 12 16
10 14 1
14 15 9
23 1 6
9 12 11
14 16 6
16 18 3
19 21 4
21 0 25
13 15 15
2 4 13
3 4 10
11 12 16
14 16 4
1 3 27
6 8 27
18 20 26
9 11 9
0 2 8
12 13 10
12 13 7
16 17 11
11 12 25
15 16 5
14 16 10
2 4 18
12 13 9
13 14 5
15 17 8
0 1 5
23 1 2
12 16 30
6 8 11
0 3 12
6 7 29
0 2 18
14 16 26
19 22 23
15 18 14
21 0 24
9 11 18
10 13 1
2 4 29
12 14 16
1 4 4
14 15 4
21 23 25
19 21 9
17 19 28
0 4 28
16 19 3
16 19 1
1 2 5
19 21 10
7 7 14
3 6 23
15 18 6
17 19 21
2 5 26
23 1 1
6 7 13
16 20 7
11 13 9
7 9 23
12 14 15
19 20 11
22 23 22
18 20 14
20 21 24
21 23 17
6 9 4
15 17 4
17 19 23
18 20 19
15 15 24
2 3 3
8 9 7
11 14 16
10 12 1
8 10 4
21 22 11
11 14 26
15 16 28
3 6 14
14 16 15
19 19 22
9 13 18
20 22 27
17 20 24
7 9 15
7 10 14
23 1 7
20 20 12
1 2 3
0 1 16
15 18 4
7 8 29
9 11 24
5 7 8
23 2 25
4 4 18
19 22 17
6 10 4
20 21 7
9 11 28
9 10 9
21 23 26
21 22 20
23 23 10
1 3 2
22 23 30
9 12 14
8 10 2
16 19 3
5 8 30
16 17 5
23 1 11
19 23 23
16 17 29
21 23 9
10 13 5
3 4 9
1 2 8
20 21 2
3 5 22
3 4 18
20 21 7
17 19 30
8 11 17
16 16 2
6 7 8
0 3 25
9 13 12
4 4 1
2 5 8
23 0 17
15 19 10
19 21 6
14 16 17
7 8 4
19 20 27
6 9 11
23 23 14
12 15 17
10 12 6
2 3 19
3 5 21
13 15 4
20 19 14
6 10 16
19 20 9
1 3 14
18 20 23
7 9 29
11 13 9
13 14 12
12 15 7
15 18 17
19 20 11
10 12 3
19 22 12
1 3 17
22 2 28
9 11 26
4 7 17
9 11 9
13 14 16
19 20 10
0 2 11
1 2 18
9 10 18
8 11 6
19 21 9
3 5 29
16 18 17
14 15 29
10 10 13
10 13 30
9 9 5
9 12 12
16 18 7
7 9 3
11 13 4
3 4 2
18 19 18
0 2 15
3 4 6
13 15 20
20 22 24
7 8 3
19 21 9
5 7 13
17 18 1
14 15 29
18 20 13
7 10 12
14 17 17
10 11 30
16 19 30
3 6 28
11 12 8
7 9 11
4 6 13
2 4 15
1 3 13
14 16 8
20 20 24
2 5 29
18 20 21
11 14 1
13 15 20
1 2 13
20 22 14
0 3 12
4 5 6
1 4 24
4 6 27
11 12 21
15 18 20
11 14 24
11 13 26
0 2 11
17 19 15
11 13 1
11 12 5
0 2 6
4 4 21
6 7 4
15 18 5
19 21 11
21 23 9
23 0 19
0 1 3
21 22 12
2 3 18
23 1 30
13 13 20
7 9 22
4 7 24
8 11 16
15 17 30
23 0 18
23 3 2
4 7 30
4 4 29
23 23 5
3 4 19
21 0 26
21 23 11
20 22 1
4 7 8
3 6 8
22 0 20
12 14 2
1 3 8
6 6 18
14 16 8
9 10 26
20 22 13
21 22 13
11 10 17
12 15 17
15 16 8
2 2 4
20 21 17
22 0 30
3 4 23
12 15 24
11 13 13
23 2 27
7 9 30
20 23 12
13 15 23
19 22 10
11 14 7
19 21 20
22 1 8
15 15 3
9 10 27
6 8 24
4 6 30
18 20 10
1 3 8
23 0 9
0 0 17
17 18 11
14 15 27
12 14 25
15 18 21
11 13 8
11 13 21
17 19 6
2 3 9
18 20 17
22 23 1
14 16 20
14 14 4
10 13 27
16 18 27
14 16 8
17 17 17
22 1 7
18 21 20
16 18 19
12 14 28
8 9 14
5 7 29
17 18 1
16 19 17
16 18 2
14 17 19
5 8 25
8 9 12
7 10 10
20 22 11
5 5 5
22 23 24
1 2 27
23 1 1
7 9 25
7 8 1
4 5 1
8 9 30
7 9 9
15 17 6
1 3 11
11 12 24
20 22 7
17 20 16
2 5 21
11 13 14
18 20 29
9 11 28
20 21 1
20 22 10
22 0 18
19 23 7
8 10 18
18 19 20
4 6 30
18 19 16
13 14 19
16 19 10
4 5 11
2 5 16
15 16 29
22 1 27
17 19 7
15 18 5
15 18 22
16 19 29
16 18 29
17 16 16
18 19 22
5 7 22
1 4 11
20 23 30
12 13 15
18 19 3
10 12 29
22 1 9
6 9 5
19 21 25
13 14 21
14 17 21
17 19 17
14 16 25
4 6 8
8 12 11
6 8 11
12 13 13
6 9 14
5 6 16
12 14 13
15 18 13
20 21 24
12 14 18
3 6 11
9 11 30
6 8 14
17 18 24
20 22 16
7 11 12
3 5 25
21 23 20
11 12 6
9 11 21
5 8 23
12 14 25
19 20 30
3 3 21
17 17 27
18 20 17
10 14 2
1 2 19
17 18 25
12 13 9
0 3 8
2 3 7
8 10 20
5 5 26
6 7 16
22 0 17
14 17 27
9 11 16
19 22 21
15 17 27
0 2 29
1 2 4
8 10 2
3 4 29
1 3 1
9 9 23
17 18 6
7 7 24
11 13 28
9 12 20
17 19 24
5 8 6
9 12 9
6 8 18
21 23 29
7 9 26
4 6 6
11 12 27
14 16 13
10 13 26
12 13 1
10 12 27
22 1 4
11 13 23
11 14 15
4 5 24
14 17 13
14 16 5
20 21 26
3 6 3
15 18 24
10 13 1
9 11 25
2 5 17
17 18 10
1 4 3
1 4 23
2 3 29
14 17 9
13 14 9
0 2 25
19 23 8
10 10 9
9 9 17
6 8 30
11 13 27
20 23 8
20 22 8
22 0 22
6 8 8
12 14 26
12 14 16
18 20 10
3 5 1
4 4 19
3 7 4
11 13 29
21 23 22
12 13 10
17 19 20
9 10 2
10 11 9
9 10 19
8 10 16
9 11 6
7 9 16
6 8 7
18 21 25
12 11 17
0 3 16
0 1 24
23 22 5
11 14 23
0 3 23
22 3 29
13 15 3
0 0 25
22 0 1
10 13 8
7 8 12
22 1 25
3 5 8
14 18 3
19 21 22
10 12 1
3 5 25
5 8 22
7 10 1
15 15 29
5 6 28
23 1 5
2 4 2
7 10 29
16 19 13
11 13 11
0 3 22
9 10 25
3 4 24
0 4 25
15 17 15
22 1 12
0 2 19
13 15 7
6 9 9
16 18 8
2 3 29
22 0 17
20 22 17
22 0 5
10 10 13
11 13 26
8 9 29
9 11 8
0 1 15
11 11 30
19 20 27
20 0 16
23 0 22
1 2 11
6 8 8
0 3 19
11 13 16
7 8 20
6 8 13
8 8 27
17 19 17
21 21 27
23 0 15
13 14 6
16 17 10
19 21 7
10 12 16
2 4 10
4 6 7
14 17 5
6 8 12
4 8 15
19 23 17
17 18 26
9 12 22
17 20 3
10 12 20
10 11 14
12 14 14
23 1 27
11 12 16
18 19 16
15 17 8
17 21 29
23 2 3
14 17 27
4 7 26
20 21 1
23 0 20
14 15 23
3 6 8
18 20 25
11 12 11
7 9 26
23 2 19
5 7 2
20 21 20
18 21 21
13 16 4
10 12 2
5 7 5
5 6 30
15 16 29
16 19 2
21 22 26
9 12 22
7 8 10
4 6 5
23 1 4
9 11 11
10 12 19
19 21 9
14 17 9
5 9 4
16 17 3
5 10 14
13 13 29
19 20 20
17 19 26
9 11 24
17 18 8
19 20 29
16 18 15
4 6 6
4 5 21
17 19 13
11 13 24
22 1 17
23 0 5
0 2 17
5 6 1
14 17 11
22 0 2
0 3 26
4 5 8
9 10 24
19 22 2
7 8 24
16 17 9
20 22 10
12 16 29
4 5 12
12 12 24
7 9 11
18 20 12
19 20 19
4 6 26
12 14 21
3 5 28
11 11 13
0 0 11
16 17 9
0 3 6
6 7 19
18 20 3
22 1 23
4 7 5
3 4 10
2 5 29
2 6 11
5 6 29
23 3 4
4 6 20
10 12 13
18 20 21
2 3 12
2 4 27
11 13 19
13 16 21
2 4 11
2 5 21
6 9 29
5 7 26
7 9 21
14 17 2
8 10 5
19 22 7
3 6 28
19 21 6
10 12 29
10 11 2
7 9 13
2 4 28
7 10 28
9 12 15
1 4 25
22 23 23
12 15 1
7 9 16
20 22 17
18 20 23
21 1 23
9 11 26
12 15 6
21 22 1
13 15 25
4 5 24
7 8 8
16 18 9
9 10 25
18 19 26
23 1 4
15 17 16
14 16 4
13 15 29
17 20 19
8 8 6
8 10 4
12 14 24
10 11 18
6 7 3
0 -1 16
12 14 15
3 4 6
11 13 14
6 8 14
12 14 4
10 13 9
7 8 7
2 4 16
8 10 1
20 21 22
16 16 5
22 0 25
7 10 9
16 16 3
13 16 11
17 17 18
10 12 6
0 1 7
9 11 4
4 5 13
13 14 25
2 4 24
18 20 23
23 1 20
9 11 1
1 3 4
0 1 18
16 15 29
5 6 25
5 8 23
17 19 29
14 14 23
4 8 13
11 13 3
15 19 24
19 21 29
9 12 29
21 23 25
10 12 7
13 13 13
2 6 18
4 4 17
20 22 4
4 5 16
21 22 24
20 0 10
18 19 1
22 1 19
20 23 19
16 17 18
22 22 13
18 20 23
20 23 4
12 14 15
5 7 12
20 22 2
8 11 3
2 3 12
8 11 7
15 15 10
0 0 5
19 22 2
2 5 16
9 12 3
16 19 12
9 10 2
22 1 13
12 14 24
11 13 5
3 4 29
13 15 11
8 10 15
13 15 30
2 3 30
11 14 22
10 13 16
14 16 18
14 15 2
3 6 20
1 3 10
6 8 15
8 10 21
4 6 7
12 14 1
14 16 5
14 15 20
19 20 3
5 7 28
20 21 14
23 3 11
8 9 23
14 17 17
0 2 18
16 17 15
16 16 24
5 8 23
22 1 24
0 2 8
23 2 8
9 11 5
18 21 16
19 21 22
6 11 21
10 13 24
12 13 25
0 2 6
9 9 3
6 8 27
11 11 27
7 9 1
7 8 9
17 19 27
18 20 27
1 3 11
23 1 9
23 0 4
19 21 30
21 23 5
8 11 1
16 16 12
2 3 5
4 6 7
4 6 20
1 4 29
14 14 13
13 15 21
23 0 26
7 9 22
7 11 3
0 1 10
22 23 28
11 12 9
12 15 14
9 10 12
0 1 24
19 20 27
11 14 21
7 9 9
1 3 13
13 16 18
1 1 8
16 17 13
3 5 3
2 3 4
10 12 5
20 22 2
1 3 29
6 8 20
6 7 23
4 7 23
0 2 8
3 5 5
5 7 5
15 18 27
3 5 29
1 5 20
20 21 26
9 12 22
15 18 3
8 9 7
13 15 5
9 11 27
17 19 14
21 21 11
10 11 8
21 23 8
19 21 26
11 13 13
10 12 22
3 8 30
5 9 15
21 1 21
7 10 10
16 17 25
14 17 2
20 22 6
22 1 10
13 15 7
6 9 17
16 18 26
4 5 23
14 17 30
7 10 3
0 2 14
21 0 20
12 14 26
9 10 21
23 1 12
22 0 21
9 10 26
13 13 23
5 6 20
13 14 15
12 15 11
6 6 27
18 18 24
3 5 12
19 21 28
5 6 3
1 2 11
5 8 5
12 15 18
6 8 11
22 0 3
21 0 10
1 3 20
15 17 8
5 7 4
9 12 25
14 15 20
21 0 20
10 13 25
6 8 11
18 18 27
3 4 2
12 14 10
6 10 7
21 22 21
11 14 11
19 20 19
12 14 5
18 21 10
1 3 17
5 8 21
9 12 27
0 2 24
20 22 23
19 23 26
20 23 26
8 11 22
21 23 10
7 8 12
7 9 3
7 8 18
7 8 20
19 22 21
6 7 30
9 11 14
15 16 7
4 6 28
5 6 27
8 10 4
20 21 17
20 23 30
23 0 10
21 23 30
1 6 1
0 3 9
5 7 18
7 9 6
15 18 2
9 11 10
5 7 10
23 23 17
7 10 28
0 4 30
7 8 11
8 11 13
18 21 26
10 11 9
19 20 28
4 7 2
13 15 1
23 0 25
12 14 11
23 0 30
11 13 24
7 7 11
21 0 5
22 0 2
10 11 7
5 8 30
3 4 4
17 21 24
4 7 27
9 10 1
16 17 1
16 19 24
20 21 17
6 8 19
0 1 19
4 6 16
23 1 9
2 2 13
8 9 7
17 17 3
7 8 21
14 16 29
18 20 28
11 12 30
20 23 10
15 16 22
22 0 26
18 20 30
17 19 1
9 13 14
22 2 23
8 10 8
12 12 11
11 15 29
13 14 27
11 13 24
3 4 23
9 10 24
0 1 26
20 21 10
4 5 18
12 14 15
0 3 22
20 23 10
5 7 29
11 14 24
3 6 17
16 18 5
3 5 10
13 16 9
10 13 10
4 5 12
8 12 27
18 20 14
1 4 21
8 9 16
14 15 28
14 17 30
19 22 28
6 9 23
2 3 1
3 5 5
14 16 11
5 8 7
1 2 14
10 13 19
13 13 6
22 22 21
13 13 14
3 7 4
1 3 4
1 3 28
9 13 4
3 4 30
22 21 18
1 2 10
0 3 7
22 2 25
9 11 9
15 18 28
22 1 20
11 13 6
23 2 4
2 4 17
13 15 17
9 10 5
5 8 12
23 1 25
12 15 11
18 20 14
18 20 9
0 3 9
18 20 14
9 13 3
9 11 19
5 7 3
1 3 9
23 23 4
0 1 17
10 13 20
20 22 20
4 7 4
0 3 23
23 2 11
4 6 20
6 7 13
7 8 10
19 21 27
4 5 28
4 5 11
8 10 16
22 2 2
8 9 29
4 6 7
6 7 10
23 2 2
19 22 5
2 5 14
0 2 5
22 1 1
22 0 17
12 13 2
13 15 15
17 20 2
17 19 4
23 0 29
18 19 28
12 15 2
8 10 22
11 14 10
6 8 30
16 17 17
3 3 29
21 0 27
4 5 20
18 19 25
7 8 13
16 18 30
5 7 18
2 3 3
5 7 15
8 13 1
20 0 9
18 21 24
3 4 21
17 19 11
16 18 29
18 19 21
9 12 2
5 7 17
18 21 12
13 15 11
5 9 24
0 3 26
5 8 6
7 8 13
3 5 22
21 23 3
15 17 18
13 14 16
18 20 28
20 22 14
11 13 23
13 16 23
1 4 8
1 3 29
6 6 26
2 4 21
0 1 15
23 3 11
13 15 19
11 11 1
19 21 10
10 13 18
14 16 2
22 0 22
0 2 23
3 5 11
13 16 13
18 20 9
14 16 18
11 14 3
17 19 7
17 19 4
16 18 23
2 3 26
1 2 25
2 4 2
3 6 14
12 15 30
20 19 5
9 9 15
23 1 12
21 1 10
10 13 20
10 11 28
9 9 5
3 5 4
13 14 3
15 16 4
14 16 2
19 20 24
4 6 13
18 20 30
9 10 26
1 4 4
21 23 22
22 0 12
15 16 10
22 0 28
5 7 26
4 7 1
9 12 5
13 14 21
0 3 26
19 20 16
6 8 14
4 6 17
9 11 9
9 11 2
8 11 11
8 10 26
23 1 21
13 15 4
15 18 11
18 20 2
2 4 20
17 19 2
14 16 6
23 0 11
6 8 29
16 18 18
19 20 6
13 14 23
1 4 21
12 12 1
18 19 10
17 19 10
16 19 9
4 6 30
4 6 15
1 3 24
17 21 22
5 7 8
12 14 24
9 11 14
12 12 8
2 6 25
8 7 25
4 7 24
6 9 7
23 2 20
2 4 25
2 4 24
4 5 4
23 1 12
12 15 26
2 1 9
1 4 3
19 20 11
21 23 5
18 18 20
13 16 24
2 5 30
3 6 3
5 7 1
6 9 1
18 20 30
5 8 21
13 15 29
6 8 1
20 23 14
8 10 14
16 18 10
8 10 8
18 21 13
14 18 27
11 12 17
8 9 7
2 3 2
13 18 4
16 18 6
12 16 19
20 21 10
2 5 9
11 11 5
12 14 15
22 22 22
5 7 19
14 17 2
6 7 21
7 10 29
19 20 16
7 9 18
5 6 16
3 3 29
23 0 21
9 12 11
6 7 16
23 1 18
9 11 16
9 12 26
10 12 22
9 13 24
0 1 7
18 20 4
15 16 29
19 20 26
11 11 26
1 2 21
5 7 28
23 2 18
7 10 20
12 14 20
22 0 19
20 22 7
17 19 14
9 11 6
1 3 17
0 2 10
0 2 6
2 5 19
23 0 3
19 23 11
3 4 7
9 11 24
13 13 3
0 3 28
12 15 11
6 7 21
8 9 3
2 3 20
18 20 5
2 3 15
5 7 2
15 16 5
12 13 5
3 4 24
10 10 8
19 20 24
8 11 9
21 0 14
0 2 4
12 14 9
22 0 12
20 22 20
4 4 25
3 6 29
12 15 18
22 1 17
11 13 4
7 7 30
23 2 14
8 11 21
18 20 25
4 6 22
4 5 30
18 22 28
5 6 19
2 5 7
20 20 21
20 21 24
23 2 2
18 21 15
18 22 15
5 6 6
4 6 28
0 3 27
17 20 17
17 20 10
13 15 8
15 18 30
20 20 19
6 9 22
3 5 1
7 8 20
6 9 15
10 13 21
10 13 13
10 14 12
16 18 11
10 11 12
13 15 1
6 8 24
10 11 6
17 17 18
10 12 21
20 22 4
0 2 5
20 22 26
3 5 29
23 2 7
21 23 3
6 7 17
12 14 1
0 1 18
6 8 26
15 15 2
6 8 30
5 6 27
11 11 9
19 21 11
11 12 10
9 12 22
9 9 5
16 17 7
2 5 2
6 10 16
17 18 21
17 19 1
19 23 26
1 1 1
9 12 29
15 18 20
8 9 26
22 22 23
17 20 12
23 0 4
14 14 17
17 19 14
16 16 11
12 13 28
16 20 17
15 17 23
7 9 15
11 14 20
5 5 26
14 17 16
8 9 30
1 3 22
10 13 27
5 7 20
12 13 15
5 8 26
8 11 2
20 22 24
7 9 21
20 20 24
9 12 7
0 3 16
5 7 22
20 21 6
20 22 13
11 12 8
5 8 28
14 16 3
18 20 13
18 21 14
3 5 20
3 6 3
5 7 10
15 17 17
7 9 17
14 17 23
23 1 29
10 11 26
15 17 26
10 11 9
3 4 18
20 0 13
9 11 3
0 4 23
21 23 30
14 15 8
0 1 23
16 18 5
7 6 29
20 21 13
9 13 7
18 21 21
23 3 26
22 23 22
12 14 27
19 21 25
1 4 11
7 9 16
10 10 28
1 3 3
13 17 7
18 19 5
15 15 19
23 0 6
17 20 30
9 11 3
18 20 19
21 23 24
7 10 12
5 6 2
12 15 2
19 21 19
6 6 26
2 4 15
12 13 8
21 22 24
17 19 3
17 19 6
11 14 29
20 21 16
5 6 28
7 9 6
4 5 26
7 7 30
15 16 20
18 21 6
17 18 14
22 22 4
13 17 14
11 13 29
1 2 2
9 10 21
0 1 9
21 22 12
13 16 19
23 2 10
4 5 11
23 1 2
2 4 8
21 1 24
6 6 11
15 17 27
11 12 18
2 3 28
22 0 13
17 18 11
8 9 3
13 15 18
18 20 27
0 2 10
20 0 20
13 14 8
6 9 11
15 16 17
19 21 1
5 7 1
14 17 22
0 2 13
4 6 25
20 21 1
4 5 28
21 23 17
2 3 28
7 7 30
11 14 10
12 14 24
12 15 15
7 9 18
20 20 20
20 22 25
11 12 16
0 2 1
15 16 13
15 15 11
6 9 27
22 1 14
5 6 21
20 22 9
3 5 28
1 3 1
2 2 7
17 20 23
23 23 21
2 4 5
21 23 8
23 0 12
11 14 17
21 22 21
4 5 1
11 13 30
2 2 13
7 9 16
7 8 26
11 15 21
14 17 29
0 3 9
17 18 16
7 11 12
4 7 13
7 8 18
5 7 15
4 6 22
10 12 6
3 5 19
0 3 5
22 1 3
14 16 12
21 23 16
21 2 20
6 7 10
5 7 21
9 11 16
10 12 20
6 6 20
7 9 12
15 19 26
19 21 7
15 18 15
4 5 22
0 1 2
23 1 17
3 5 27
12 13 18
19 22 20
19 22 7
6 8 8
7 8 15
7 10 26
2 3 23
10 11 14
1 4 9
8 11 13
23 2 21
7 10 8
14 15 20
14 15 17
16 18 16
18 20 15
12 14 8
23 1 29
15 17 23
21 1 23
18 20 20
21 1 27
17 17 9
14 16 6
1 3 18
17 20 14
18 20 14
11 13 2
19 22 19
14 18 13
13 17 6
8 9 7
20 21 11
7 9 20
7 11 18
2 4 11
8 10 5
2 5 24
22 0 25
23 1 20
5 5 26
0 0 8
0 1 13
17 19 24
23 0 13
19 19 11
8 9 19
15 16 8
3 7 25
1 3 30
1 4 26
8 10 13
10 13 26
8 10 7
21 0 18
12 15 19
10 11 19
2 4 21
21 23 21
12 13 14
19 22 25
9 12 3
22 0 14
8 10 2
1 1 13
15 19 27
8 10 8
3 4 27
7 8 16
1 4 2
21 23 8
11 11 9
15 16 13
22 22 13
4 5 13
1 2 15
12 13 28
4 6 13
10 14 16
11 14 26
5 6 16
7 8 8
7 10 10
6 10 22
20 22 27
3 5 3
3 5 15
13 15 3
0 3 11
18 19 12
6 7 23
8 10 21
11 13 13
11 15 4
16 17 30
11 13 16
22 23 3
7 8 27
16 18 25
15 19 16
20 20 2
14 13 18
0 1 28
11 11 27
3 6 23
16 17 17
0 1 10
8 10 22
2 3 13
7 10 14
5 7 17
5 6 26
17 19 26
21 23 28
3 5 5
4 6 5
5 6 11
4 7 11
9 10 1
21 23 20
19 22 26
5 7 26
17 18 11
19 20 4
11 13 25
18 19 26
2 3 27
23 0 7
17 20 29
1 5 4
0 0 13
20 23 26
21 23 21
2 5 13
14 16 18
2 4 19
9 12 25
20 21 19
7 9 4
2 3 22
3 4 2
19 22 27
0 2 23
20 21 14
19 22 28
4 7 1
14 15 23
8 11 5
16 18 25
19 21 22
4 6 20
17 20 20
4 5 8
17 19 26
14 15 1
3 5 23
12 13 26
3 7 1
1 3 3
22 0 27
23 2 12
2 4 11
7 10 24
2 5 25
16 18 5
10 11 1
22 23 27
3 5 4
13 13 15
5 6 10
11 16 8
19 20 27
14 18 4
