170 30
17 16 3 21 23 5 21 23 7 14 24 23 18 14 25 28 11 3 20 17 17 5 28 24 25 7 27 11 19 1 
23 0 29
15 17 12
20 22 8
14 17 29
5 8 26
17 20 19
6 7 7
6 8 7
6 7 12
0 0 21
19 20 24
9 11 30
15 17 3
10 12 5
23 1 19
10 12 14
0 1 29
1 4 19
9 11 10
14 16 14
11 14 28
20 22 13
8 8 21
9 12 26
10 13 27
23 1 4
9 10 12
8 10 14
8 10 30
22 0 15
15 17 8
3 6 3
18 21 29
2 3 7
9 11 21
19 21 5
16 18 27
18 19 12
19 22 10
8 11 5
8 12 23
6 8 25
7 8 4
4 5 26
3 6 11
0 3 14
9 10 22
10 11 8
9 12 14
0 3 13
18 19 3
3 7 27
13 16 30
2 4 27
4 6 11
23 2 15
4 6 19
15 17 15
20 22 14
13 13 26
8 10 25
15 15 2
17 19 21
8 8 13
21 0 13
9 11 12
3 4 18
1 4 30
17 19 6
7 8 10
7 10 8
11 13 8
6 8 9
3 5 5
21 23 5
20 22 22
22 0 15
21 0 20
5 7 23
5 8 15
0 1 14
1 5 26
19 20 14
9 11 16
2 3 25
8 12 23
18 18 22
14 15 21
14 15 4
11 12 28
19 20 20
1 5 21
21 22 1
22 0 27
14 16 30
20 1 1
1 3 12
1 3 3
18 20 22
12 16 7
1 4 16
15 15 13
6 7 25
4 5 1
6 8 20
12 13 19
11 15 6
11 12 14
0 2 27
23 2 8
11 11 16
7 9 18
22 0 26
9 10 1
12 14 24
20 21 6
13 14 9
15 18 4
18 19 14
0 0 19
17 23 11
22 1 6
14 17 21
6 7 23
10 13 1
8 9 6
2 4 18
5 7 18
14 17 7
21 0 10
14 16 26
12 14 3
14 16 29
7 8 24
17 21 24
8 8 6
9 10 20
17 20 30
0 3 9
10 13 6
6 8 26
1 3 27
4 6 10
11 10 5
18 21 2
17 19 17
6 8 20
23 23 6
4 6 6
3 4 8
20 21 4
17 21 8
8 9 12
20 23 21
11 13 16
11 13 24
2 6 19
17 19 27
2 4 6
9 12 17
18 20 2
2 4 8
1 2 23
10 12 29
20 22 30
20 21 17
3 6 1
13 15 30
4 7 1
22 1 8
