1740 30
17 2 21 16 13 12 25 3 18 9 13 8 12 10 18 11 11 3 6 14 24 15 15 21 1 15 16 8 22 1 
19 22 16
8 9 8
1 1 10
23 2 29
11 14 8
8 11 7
5 7 21
22 0 9
2 5 26
8 10 3
18 20 28
20 23 25
23 1 10
4 6 16
22 0 8
3 3 14
22 2 2
19 21 30
18 20 3
15 17 18
23 0 22
14 17 5
14 16 9
23 1 25
3 5 16
11 13 13
17 18 10
9 11 28
7 8 19
16 18 15
11 12 11
6 7 6
19 22 30
20 20 1
10 12 2
15 17 5
12 13 3
7 9 8
21 23 2
20 21 27
10 13 29
16 18 21
22 23 20
21 23 10
0 3 12
2 5 26
16 17 19
0 3 23
3 3 3
23 1 14
13 16 24
5 7 25
14 17 14
2 4 12
21 23 12
5 6 22
8 9 1
16 18 26
15 19 8
12 13 19
10 12 5
4 5 14
17 20 18
1 2 8
12 15 21
2 4 22
7 9 2
22 1 25
15 19 22
13 15 27
18 21 9
8 10 26
2 4 21
13 16 24
2 4 22
8 9 13
10 11 28
11 13 11
21 23 11
2 5 19
11 14 10
16 18 18
22 21 28
9 12 24
4 7 30
6 9 7
2 4 1
4 6 3
14 15 17
13 15 2
3 5 4
13 15 15
2 5 1
23 1 28
12 13 16
9 10 2
14 17 25
22 0 11
23 2 23
7 10 21
5 7 29
7 10 2
5 6 30
19 21 1
23 2 7
12 14 8
21 23 23
10 12 14
11 12 25
5 7 6
3 6 21
0 4 10
7 9 12
17 19 17
19 22 19
4 6 11
7 7 1
5 6 17
9 10 16
20 21 18
23 1 1
7 9 17
1 2 9
21 0 11
10 13 21
20 0 21
22 0 24
11 13 12
1 4 14
21 22 4
15 16 21
15 16 17
9 12 5
10 12 30
5 7 5
6 9 29
18 20 6
10 12 18
11 14 22
2 4 11
8 11 4
8 10 23
3 5 10
2 2 21
9 12 5
1 2 24
5 8 2
22 0 27
8 9 12
8 10 7
5 7 2
2 4 17
16 19 6
15 17 4
6 7 6
2 5 5
4 5 29
14 17 24
13 14 8
2 3 10
5 6 21
1 3 29
22 23 6
0 2 17
0 2 18
22 1 11
6 8 7
22 1 10
8 10 21
21 23 12
9 11 10
8 7 23
22 23 6
17 18 1
14 14 2
9 11 19
8 10 22
20 22 2
6 9 20
0 4 12
4 8 1
15 16 25
20 22 2
16 18 4
20 22 14
11 14 21
4 8 25
18 20 16
12 13 3
5 7 1
13 18 4
3 4 13
15 17 3
12 14 14
9 13 6
21 22 29
7 10 17
0 3 17
6 8 2
1 1 24
22 23 8
12 15 26
4 5 28
10 13 12
10 12 3
20 21 23
20 22 15
19 21 7
6 9 2
23 23 17
13 15 3
6 8 23
9 10 10
14 17 21
16 18 28
6 8 20
17 18 29
5 6 17
14 17 8
16 17 26
14 17 13
20 22 9
8 11 17
3 4 14
1 4 12
7 9 20
16 18 1
5 6 3
18 20 25
4 6 4
8 11 4
3 4 4
2 4 30
15 18 1
7 6 25
4 7 17
21 1 2
9 12 22
10 12 6
4 5 14
18 22 25
3 4 17
22 2 17
17 19 25
4 5 7
21 22 13
6 7 6
19 21 7
23 3 24
18 20 23
14 19 9
1 2 29
5 8 24
9 13 14
22 1 3
13 13 30
7 7 26
11 13 4
4 5 13
22 23 28
20 22 12
0 0 9
0 -1 13
21 0 14
6 9 12
18 20 2
5 9 20
23 3 24
23 1 17
19 21 26
12 15 7
22 1 28
10 11 27
5 9 28
5 7 9
19 22 18
16 18 4
22 23 15
5 7 27
0 0 10
17 19 13
4 6 8
2 4 27
18 21 26
11 14 10
19 20 28
23 0 18
12 16 16
6 8 28
11 12 11
10 13 28
6 8 22
2 5 18
0 2 13
19 22 29
15 17 20
17 18 5
7 8 18
8 9 2
12 14 23
21 23 24
12 13 17
4 7 15
16 18 28
17 18 15
12 13 9
12 15 23
12 13 7
4 7 11
8 10 23
11 12 2
0 3 17
15 15 5
13 14 6
16 17 29
12 15 2
4 5 2
5 6 8
15 18 26
15 18 16
6 8 3
7 9 30
15 15 9
20 22 6
20 0 21
16 18 22
13 15 16
20 23 14
20 21 6
14 15 21
15 17 13
23 1 21
2 5 13
21 1 8
23 2 14
17 19 3
19 19 23
14 15 25
4 6 3
23 0 25
9 13 12
16 17 18
17 20 19
16 17 28
5 5 21
4 7 5
19 22 14
4 4 23
16 17 26
10 11 20
21 0 2
13 13 25
8 12 10
8 10 5
20 23 20
12 15 15
15 17 20
16 16 13
11 12 22
8 12 20
5 6 8
13 15 14
13 15 10
13 16 27
19 21 11
20 23 4
14 17 14
3 5 11
12 15 21
6 7 21
16 19 11
1 2 10
23 2 3
15 18 8
6 8 21
15 18 28
19 20 12
23 1 13
11 13 4
1 3 20
21 22 17
4 8 6
11 14 4
18 19 17
7 9 12
11 11 20
0 1 16
15 18 18
11 14 15
9 9 7
13 15 16
12 15 6
5 5 20
4 6 17
15 16 10
15 17 17
8 11 29
22 0 29
12 13 28
12 13 5
22 0 27
14 17 15
17 21 27
4 5 17
11 13 8
17 19 26
6 8 28
19 21 5
3 6 11
23 1 14
1 4 3
11 13 16
15 16 7
20 23 15
1 2 28
9 12 15
2 4 20
10 13 22
11 13 19
10 9 2
18 19 30
10 12 5
22 0 20
18 20 5
4 5 10
7 6 18
19 21 7
1 3 9
14 16 17
12 14 22
10 13 6
12 17 3
16 17 27
23 3 22
11 12 29
12 12 21
6 7 13
13 16 29
23 1 20
7 10 5
17 19 11
20 21 16
13 14 26
10 11 16
9 10 23
14 16 5
9 10 4
18 20 14
12 13 7
1 2 20
14 17 21
3 4 3
4 7 12
6 8 10
7 9 13
17 20 26
5 8 6
2 2 24
16 18 7
3 6 14
10 13 25
3 5 1
2 4 17
13 16 13
17 19 13
13 17 6
16 19 6
22 23 10
19 21 4
4 7 11
18 22 26
6 9 18
21 22 16
1 4 23
14 16 30
6 7 7
9 11 5
12 15 6
9 11 28
2 5 3
16 18 25
0 3 1
22 0 2
10 13 22
8 11 25
0 3 20
0 3 11
0 0 10
0 1 12
11 12 21
6 8 24
23 2 24
14 15 26
10 13 17
10 11 19
0 2 9
6 7 1
0 4 15
0 2 12
18 21 14
1 2 1
17 19 30
7 8 30
11 13 15
12 13 6
8 10 20
9 9 21
16 19 2
14 15 18
22 23 14
7 9 19
11 12 28
11 13 3
14 16 3
10 11 18
8 11 8
7 10 4
6 8 14
23 2 2
4 7 19
4 6 11
0 3 8
0 1 3
5 6 15
21 23 9
20 22 27
6 8 2
19 22 10
20 22 16
6 9 3
13 14 7
20 22 2
16 17 18
23 0 7
10 12 20
0 2 18
6 9 19
17 18 19
23 2 15
18 19 21
23 23 7
8 10 17
6 10 10
13 16 1
17 21 16
12 13 23
8 8 26
8 9 5
15 18 22
13 15 20
9 11 29
13 16 5
10 11 23
15 18 9
13 15 3
4 6 30
18 19 21
22 23 27
12 15 25
15 17 30
1 2 13
22 2 3
12 15 25
16 17 12
8 8 28
8 9 16
12 14 19
20 22 27
10 11 27
0 2 8
3 4 6
18 19 24
7 9 3
14 15 16
11 13 8
8 9 2
0 4 21
2 4 26
9 12 14
13 16 17
9 12 21
12 15 4
15 18 30
16 19 14
7 9 5
18 19 8
17 17 29
1 1 5
6 8 6
5 8 16
4 7 25
4 5 29
9 11 18
1 2 23
21 22 13
22 0 8
14 16 10
19 20 2
14 15 18
19 19 19
2 5 19
9 11 20
12 14 28
6 8 10
1 4 1
22 1 6
23 1 8
4 5 14
14 17 3
4 8 5
6 8 16
19 19 16
20 21 8
7 9 26
20 23 14
20 21 9
1 3 27
5 6 17
22 23 1
23 0 24
0 1 15
9 12 16
22 0 25
16 17 26
12 14 20
19 21 26
21 22 2
23 23 26
21 23 4
8 10 6
7 8 4
22 23 24
20 22 27
2 3 13
16 17 11
17 19 8
2 4 18
0 1 6
14 17 23
21 23 9
9 9 7
3 3 3
5 7 8
23 1 23
2 5 4
2 5 20
4 6 12
11 14 16
15 16 16
14 16 6
7 9 29
20 22 9
3 6 11
20 21 26
16 18 28
23 2 17
3 4 5
1 4 27
3 4 6
12 16 13
4 5 15
13 15 20
3 3 29
17 19 1
6 9 10
10 11 13
3 3 15
13 15 21
22 0 27
12 13 19
2 3 14
1 3 18
12 13 3
20 0 4
12 14 5
20 21 20
7 11 25
0 2 25
10 12 1
19 20 21
16 18 15
22 23 4
9 13 3
10 11 22
15 16 3
6 8 15
7 7 18
18 21 21
9 10 4
4 5 15
16 17 13
21 23 4
16 19 10
0 1 16
21 23 15
6 8 19
2 5 27
10 13 21
21 22 14
2 5 14
7 9 25
4 8 25
0 3 2
4 6 5
7 8 1
8 10 14
5 8 29
8 10 28
13 14 23
22 0 4
18 21 9
18 20 24
15 17 24
13 14 18
11 14 12
13 15 28
15 16 11
18 21 17
9 10 23
6 9 7
1 2 29
8 10 21
2 4 8
13 16 3
1 3 8
21 22 13
1 2 19
6 7 18
9 13 4
22 1 6
3 4 23
17 20 1
7 8 9
22 1 20
3 7 13
21 21 9
17 17 2
6 7 18
10 13 13
1 4 15
15 17 12
12 15 18
0 1 10
17 16 9
15 17 4
18 20 24
9 11 17
18 20 18
13 16 24
9 10 20
4 6 23
6 8 26
22 0 3
20 22 19
23 0 14
23 0 30
8 11 17
2 4 14
5 7 18
2 4 16
9 10 23
14 15 6
20 21 16
2 3 22
7 10 9
4 6 16
6 7 18
9 12 6
3 3 19
15 18 12
23 3 17
10 12 20
3 5 13
5 7 5
16 18 17
5 7 9
17 20 2
20 22 6
20 22 3
5 8 7
7 9 27
1 3 17
17 19 26
1 3 4
15 17 14
18 21 3
8 11 15
10 12 2
1 3 13
10 13 27
7 10 9
8 11 23
23 1 2
22 3 12
20 22 12
11 12 29
3 6 18
15 17 30
5 7 3
13 15 30
17 18 21
13 16 29
1 3 20
23 0 26
14 16 22
10 13 15
3 5 23
17 18 30
8 11 1
18 19 12
1 4 17
7 8 26
11 14 24
12 13 7
13 14 29
5 8 16
5 8 24
21 23 23
17 20 24
13 17 13
3 5 15
16 17 24
20 23 4
13 14 30
11 12 3
14 17 26
15 16 15
20 21 18
0 1 28
2 4 2
1 2 28
5 7 10
2 4 15
9 11 10
17 19 16
21 22 5
7 7 22
13 15 27
23 23 24
3 4 9
19 21 19
9 13 16
18 20 6
6 7 24
20 21 30
5 8 18
22 22 12
15 18 25
10 12 20
0 -1 12
7 9 28
21 23 27
22 1 28
21 22 19
19 19 28
6 8 4
18 20 17
0 2 6
6 8 8
9 10 17
20 22 3
17 21 2
9 10 26
23 1 26
1 4 25
12 15 30
9 11 17
22 1 18
20 23 10
8 10 14
11 14 18
19 20 30
4 6 26
19 20 18
21 1 14
11 12 28
7 9 20
3 6 11
4 7 29
2 5 7
9 11 16
17 20 26
21 23 13
7 10 2
3 6 13
11 12 28
13 16 29
2 5 2
2 4 21
2 4 8
22 2 22
15 16 28
19 22 3
14 17 3
11 13 14
3 4 27
8 9 7
5 6 21
17 19 4
0 1 6
16 15 26
18 21 16
18 20 28
15 17 21
14 15 18
3 5 19
12 14 28
10 12 10
22 1 28
5 8 26
23 1 17
7 10 24
5 8 14
2 4 20
21 23 17
15 18 4
5 6 5
9 11 14
2 4 29
4 6 4
17 20 6
23 2 20
10 11 9
4 6 7
7 8 10
7 9 4
1 3 21
2 4 6
22 0 17
17 20 13
16 20 28
7 9 14
16 17 26
4 6 4
0 2 17
14 17 21
17 16 13
5 8 12
20 22 12
0 2 15
22 1 26
15 17 18
11 13 18
12 14 21
14 16 13
17 19 12
2 4 5
9 9 12
10 12 4
0 2 20
12 14 20
19 23 1
12 13 13
10 13 14
18 20 19
20 22 13
9 10 13
6 8 20
4 5 15
7 9 30
1 3 23
8 10 3
14 18 23
4 4 11
1 2 11
21 22 28
1 4 7
16 19 2
1 4 26
23 2 4
10 13 24
15 18 21
5 8 21
14 16 24
10 11 5
15 17 18
12 14 5
5 7 14
19 21 17
16 20 27
4 4 4
4 6 20
3 5 15
18 21 28
1 3 30
8 10 19
2 4 6
10 11 3
9 10 22
18 19 3
15 17 22
1 2 30
18 21 12
12 13 28
16 19 1
8 11 4
2 4 26
12 15 24
15 18 1
23 1 15
12 14 8
23 1 14
13 15 23
19 22 10
0 -1 6
19 22 10
4 5 20
10 14 20
9 12 20
2 3 24
1 5 15
9 10 9
5 7 7
10 12 3
19 20 15
17 20 19
17 19 3
18 19 11
10 13 29
4 6 14
16 18 25
15 17 10
22 0 12
6 7 23
8 11 6
11 12 30
21 22 4
16 18 3
8 11 9
20 23 22
6 7 7
18 20 1
11 14 18
10 14 28
8 10 28
17 19 30
5 9 29
14 17 18
12 13 8
1 3 26
7 11 29
20 21 4
5 6 8
22 0 3
17 19 15
4 5 12
10 13 9
10 12 4
16 18 11
18 18 16
6 7 12
22 0 1
16 19 7
17 18 8
8 10 26
17 17 18
3 6 8
22 1 29
4 6 1
2 5 21
5 7 25
18 20 13
15 17 1
20 23 16
0 1 21
1 3 11
16 19 8
10 11 29
6 7 29
4 7 7
10 13 8
8 7 22
18 20 20
20 0 11
6 10 4
2 4 11
9 10 28
3 4 4
14 16 26
12 16 14
15 17 29
2 4 3
2 4 11
14 16 23
15 17 30
14 18 9
9 11 2
16 17 14
3 4 20
10 9 25
5 7 13
17 19 23
13 16 6
12 12 11
19 20 12
2 3 26
9 12 20
10 12 12
18 22 12
2 2 1
8 8 10
11 13 24
13 15 2
16 16 24
10 12 1
15 17 30
23 1 27
8 10 27
9 11 1
0 2 27
18 19 19
16 17 30
17 19 3
11 13 6
14 17 5
3 5 15
12 14 2
8 9 6
7 10 7
8 10 26
20 23 19
10 11 14
12 15 12
12 15 23
9 11 6
23 0 24
22 2 3
7 9 24
6 9 12
7 9 7
9 11 19
21 23 6
5 7 28
21 0 22
22 23 11
16 17 13
21 23 27
16 17 26
15 17 15
15 17 29
18 18 15
16 17 18
23 2 14
5 7 9
9 8 10
7 10 27
21 1 21
16 20 3
4 6 29
6 8 17
2 3 2
3 4 30
16 19 17
16 20 4
0 1 15
11 13 29
2 4 17
10 13 28
20 22 20
8 10 23
8 10 26
13 16 5
7 9 1
21 1 6
4 7 14
18 20 25
6 9 25
10 12 13
1 2 20
23 1 7
9 12 23
8 11 12
4 6 18
13 16 14
13 16 24
4 6 20
9 13 4
6 8 16
1 3 21
18 19 29
7 9 7
5 7 13
13 14 4
15 16 14
23 0 24
0 2 2
11 15 18
22 23 9
10 12 5
7 12 2
5 8 7
6 8 30
2 5 7
17 19 4
7 10 5
3 4 30
2 3 21
20 23 22
21 23 19
4 5 28
4 6 15
21 23 4
17 18 22
21 1 9
3 4 12
14 16 20
7 10 10
22 23 28
7 9 28
18 19 2
3 4 14
14 17 8
16 18 27
1 3 17
8 9 7
17 20 20
2 4 6
8 10 12
1 3 19
18 20 4
19 18 23
2 5 2
3 4 25
10 13 29
6 6 28
8 11 8
9 11 5
2 4 11
10 13 11
5 7 15
16 18 10
21 23 7
7 9 24
21 23 19
18 20 7
6 7 18
13 17 23
9 13 8
18 20 8
11 12 2
3 5 1
2 4 15
13 15 22
22 0 12
22 0 3
10 12 5
9 11 27
8 10 19
18 20 8
16 20 9
13 14 28
19 19 5
20 21 5
0 1 27
0 2 6
0 3 2
5 9 18
5 8 21
17 18 23
14 16 11
5 7 25
0 2 27
23 1 15
11 15 9
19 23 12
2 7 13
21 22 9
2 4 23
16 19 15
12 14 21
20 23 30
19 22 12
0 3 3
11 14 25
16 17 28
6 8 12
1 5 19
7 9 10
3 4 24
4 6 25
21 22 8
2 4 22
22 0 14
4 6 16
10 10 3
1 2 7
14 17 2
20 22 4
21 23 23
8 11 29
7 7 18
16 19 16
16 20 24
23 2 7
10 9 18
6 8 24
23 1 30
21 23 22
4 5 30
11 13 28
7 7 29
9 10 15
11 13 18
22 1 8
20 22 13
7 9 15
10 12 27
22 2 22
4 6 1
10 11 15
12 16 20
9 10 19
6 10 24
1 4 28
21 23 26
17 19 20
5 6 12
11 13 19
20 22 10
19 21 10
17 20 16
15 16 15
4 6 12
19 22 4
22 0 24
16 20 8
19 21 27
2 5 5
13 15 20
12 15 25
19 19 26
6 8 23
8 10 7
8 10 14
2 4 21
21 23 9
23 1 30
10 12 7
8 13 1
5 6 10
13 15 21
11 12 30
23 2 26
3 7 27
19 20 13
2 4 24
0 1 9
2 5 27
0 3 18
20 21 21
6 6 6
8 11 19
9 11 2
22 23 6
10 11 6
3 5 2
17 18 4
21 21 15
8 9 7
13 16 26
14 17 27
23 2 10
12 14 10
12 12 10
20 21 18
7 9 18
2 3 25
20 23 24
9 12 15
23 22 1
3 5 27
16 18 26
7 9 28
15 17 22
8 9 22
13 15 18
20 23 26
7 8 8
21 23 27
22 23 20
23 1 14
12 14 15
2 3 16
13 15 21
20 22 15
10 12 8
18 18 18
5 8 16
8 12 12
6 7 3
16 19 23
14 16 4
2 5 17
16 17 24
19 22 24
3 8 27
7 10 9
16 16 15
20 20 14
6 6 29
8 11 8
7 10 16
22 1 6
11 12 20
13 15 5
20 23 10
16 18 13
3 4 8
21 21 26
0 3 16
7 11 29
8 10 30
22 0 8
6 8 18
9 11 6
19 20 13
3 3 17
6 8 9
14 16 19
17 18 4
10 13 2
8 12 5
1 5 5
15 18 18
20 23 4
10 11 6
1 5 25
16 17 12
17 20 27
16 18 14
20 22 4
22 23 4
6 8 20
1 4 10
8 8 12
16 18 7
12 15 23
9 11 12
15 17 10
22 23 8
23 0 13
9 11 19
23 2 3
3 6 9
0 2 21
4 5 6
22 0 11
13 16 16
3 5 29
21 22 23
1 3 20
1 4 25
2 3 8
15 18 5
0 2 30
16 16 11
9 9 27
11 12 5
15 16 24
10 12 17
7 9 28
14 16 17
18 19 6
14 16 10
16 18 28
3 5 19
22 1 3
18 20 24
9 12 9
11 14 15
3 5 22
10 11 11
6 7 25
0 1 26
15 17 6
21 23 13
2 2 17
6 7 8
6 7 11
12 14 7
14 15 28
3 4 4
20 23 15
4 6 15
22 23 1
19 21 2
3 5 28
9 9 21
13 15 5
22 23 30
8 11 15
23 2 16
14 16 18
21 23 22
13 17 22
3 5 14
16 18 4
9 11 8
13 14 27
0 4 9
16 19 8
1 5 10
9 12 24
14 17 15
12 17 24
1 3 28
7 7 5
6 9 25
12 14 29
12 14 3
10 12 22
0 1 8
21 22 7
15 19 8
14 16 11
15 17 8
13 15 1
2 5 25
23 23 6
10 13 15
3 6 28
14 15 9
22 0 15
12 12 15
4 7 30
21 23 16
9 13 26
1 3 2
7 7 5
18 20 14
9 11 19
12 15 29
13 16 6
19 21 29
9 12 11
16 18 13
4 7 18
2 5 16
11 14 15
12 13 18
9 11 23
1 3 21
22 1 7
6 8 29
2 5 4
1 4 9
6 7 24
0 1 22
2 3 21
10 11 13
11 12 15
11 14 16
10 14 9
13 15 29
10 13 13
21 22 12
21 23 25
11 12 6
7 9 10
13 14 27
19 21 17
4 7 13
8 12 23
12 16 17
17 19 20
11 14 18
21 23 29
6 9 27
4 8 12
17 19 8
10 13 24
5 7 16
8 9 29
22 1 21
12 14 20
5 7 25
6 9 12
1 5 24
15 17 20
15 18 26
14 17 28
19 22 23
21 0 3
19 22 17
10 12 4
21 23 3
6 8 2
18 19 19
4 6 20
10 11 5
5 8 4
7 9 16
8 11 6
21 22 4
14 15 1
8 10 5
6 9 21
15 17 8
7 8 21
20 22 14
17 17 22
9 9 24
13 16 11
10 12 27
20 21 26
7 11 17
4 7 25
11 14 29
13 15 18
13 14 20
22 23 5
14 16 11
4 7 20
2 4 4
3 5 1
13 16 2
21 21 15
13 15 26
17 19 30
1 3 11
22 23 29
0 1 5
11 15 13
21 23 19
7 9 16
2 3 5
18 21 20
23 1 16
23 0 29
6 10 3
14 17 11
10 13 6
14 15 11
18 19 2
8 11 8
20 23 24
5 7 3
10 11 7
23 3 15
0 1 19
1 3 18
7 8 14
6 9 6
22 0 10
13 14 14
7 8 15
1 3 18
19 22 5
3 3 28
9 10 21
7 10 3
13 15 4
4 7 6
10 11 25
16 18 5
15 17 14
1 2 2
15 17 28
21 0 15
6 10 5
10 12 30
19 22 25
19 21 17
4 7 4
20 21 15
20 22 11
11 13 10
4 6 16
22 2 5
0 2 14
17 18 28
6 8 22
13 16 11
15 18 30
19 21 2
15 17 30
13 15 14
17 18 23
21 23 16
6 9 12
5 8 28
5 8 24
7 10 26
17 21 29
20 20 1
11 12 22
22 0 13
21 23 10
23 2 16
20 22 30
21 22 26
5 6 8
16 16 23
3 4 18
14 17 30
20 22 13
12 14 3
19 20 17
7 9 19
18 21 26
5 7 3
12 12 30
14 14 27
9 11 14
17 20 20
7 9 11
20 0 12
11 14 24
20 0 25
11 12 12
1 5 29
6 9 5
12 13 7
3 4 25
7 11 26
23 0 10
11 14 28
2 4 22
22 23 7
23 0 5
8 11 26
17 20 21
6 6 11
15 16 19
22 1 26
10 13 24
11 16 17
23 0 25
11 13 28
15 16 5
13 15 7
15 17 8
16 17 3
3 6 7
12 15 16
20 23 12
5 6 21
13 14 6
1 4 20
3 5 11
