1730 30
2 5 23 11 19 20 16 24 13 7 18 27 22 13 11 11 19 20 28 19 13 3 11 17 25 6 30 25 23 1 
11 14 6
13 16 15
13 14 19
11 12 12
1 3 20
5 5 12
11 13 15
13 14 2
17 20 19
21 21 8
3 5 2
22 0 25
5 4 11
15 16 7
2 5 14
4 8 30
4 5 20
4 7 9
18 20 16
13 15 22
10 11 9
10 13 12
16 17 16
1 2 21
0 5 7
1 1 20
4 5 24
9 11 11
7 8 27
1 2 6
4 5 4
14 16 24
5 6 2
21 22 9
5 8 10
13 16 21
13 15 2
14 14 27
19 23 15
21 23 27
19 21 2
1 4 26
13 14 16
1 4 13
22 0 23
19 22 12
14 16 18
3 5 26
15 16 8
15 17 28
16 17 17
20 22 26
0 1 22
21 22 22
19 20 22
19 20 7
23 2 18
1 3 27
22 1 24
16 19 7
13 14 30
5 9 7
7 7 22
14 16 12
13 13 8
7 9 4
19 21 19
20 23 4
22 1 29
23 2 26
14 17 12
0 1 21
5 7 20
8 10 23
13 15 15
12 13 25
5 7 18
1 4 2
14 16 25
1 5 20
6 9 6
13 15 16
17 20 20
3 6 17
20 23 29
3 3 12
4 5 21
5 7 27
11 12 17
11 13 1
9 10 24
10 10 13
16 18 8
19 20 1
18 19 17
6 8 15
7 9 19
2 6 22
1 4 4
5 7 13
21 22 30
10 12 9
2 4 20
13 15 9
12 14 20
10 13 17
23 1 9
1 3 8
15 17 10
17 18 14
14 14 16
21 1 4
12 16 26
14 18 10
12 14 15
12 14 17
20 23 15
22 1 23
13 13 24
7 8 14
17 18 14
0 3 1
21 23 20
6 8 26
15 18 26
2 2 2
8 11 4
21 0 29
22 2 25
12 14 5
1 2 14
23 1 17
5 7 9
18 19 4
16 19 18
0 2 21
19 22 15
0 2 4
23 0 14
20 20 3
15 17 12
2 5 24
15 17 18
18 21 28
23 2 17
23 23 15
17 21 8
4 5 23
10 12 1
11 12 7
8 12 10
22 22 24
14 17 3
23 1 28
2 3 24
4 5 4
3 6 6
17 20 26
15 16 18
1 2 30
15 16 28
6 7 27
19 21 12
20 22 4
7 9 5
1 4 4
7 10 20
2 4 11
1 1 1
5 8 25
0 1 29
7 11 1
16 18 2
14 17 26
1 4 13
1 2 27
20 22 26
8 10 16
18 20 23
1 4 30
14 16 24
1 3 21
14 16 18
16 19 26
15 19 11
9 11 25
14 17 13
9 12 13
14 17 6
3 5 13
12 13 12
22 23 15
9 12 18
11 15 20
8 9 10
11 12 7
2 3 3
4 5 30
1 2 18
15 16 20
13 16 22
0 1 3
14 16 23
2 3 20
23 0 19
16 20 3
23 3 14
4 5 11
12 14 1
16 16 28
9 12 8
10 12 8
6 7 15
2 5 6
9 12 26
9 11 27
4 6 14
4 7 30
6 8 12
12 13 9
18 20 24
17 20 14
3 6 22
2 4 30
17 20 28
12 13 16
10 11 18
4 5 28
15 18 8
17 18 9
15 16 24
23 1 28
22 0 18
8 9 23
18 21 30
7 9 25
5 7 17
14 15 19
23 0 5
8 11 8
12 14 5
5 7 16
22 0 13
6 8 22
23 0 11
23 4 16
3 5 7
17 18 9
4 6 19
5 6 24
10 13 6
15 16 17
23 0 17
15 15 11
13 16 1
4 7 2
7 9 9
17 17 25
10 12 8
5 7 16
9 12 17
9 10 12
18 19 4
20 21 1
17 19 28
3 5 2
16 18 8
7 9 10
13 17 13
17 19 26
11 13 6
8 9 6
19 20 9
15 17 13
3 6 1
20 23 30
12 15 11
19 20 3
5 6 6
2 3 2
2 5 26
7 10 6
9 12 26
15 17 6
17 20 14
15 17 19
8 11 18
20 23 29
15 17 11
6 9 29
7 10 18
8 8 3
0 3 19
10 11 5
23 1 23
1 2 10
5 5 28
9 11 19
22 23 23
9 10 4
3 5 15
9 12 14
15 18 9
9 11 10
2 2 27
0 3 22
17 17 7
1 2 28
21 23 3
22 1 8
0 3 14
15 17 25
10 14 5
16 19 17
17 18 30
6 9 13
18 20 16
0 4 14
5 8 19
15 17 16
18 20 19
13 16 17
3 5 6
2 4 12
0 1 15
3 5 14
0 2 9
23 1 5
4 6 28
13 16 22
3 6 20
0 1 24
14 18 18
19 21 18
7 8 7
18 19 22
21 23 6
21 0 29
14 17 27
18 20 15
3 5 2
12 14 1
7 8 30
11 13 4
19 22 2
21 1 21
1 3 26
7 9 7
1 3 25
19 20 10
15 18 5
9 13 23
16 19 21
21 0 3
7 9 12
6 8 7
11 13 14
20 22 11
15 17 25
23 1 8
1 2 16
22 0 2
23 1 20
12 15 14
16 19 30
11 13 12
14 18 11
2 5 19
13 14 8
12 14 2
0 1 16
1 3 16
6 6 7
3 4 18
17 19 2
11 11 10
5 7 10
22 0 21
12 13 5
3 4 7
8 11 24
18 21 6
23 1 26
9 12 5
11 14 18
16 17 12
12 14 2
22 23 3
12 14 12
3 5 22
10 13 14
12 15 29
9 11 8
17 18 6
0 3 24
5 6 21
8 7 29
1 5 18
2 5 14
9 10 10
2 4 14
8 8 3
18 19 30
23 0 11
0 4 5
1 4 28
2 4 6
1 2 24
17 19 13
23 0 21
6 7 24
13 16 3
19 20 24
20 21 5
13 14 1
8 10 25
8 9 14
13 14 1
6 9 8
3 4 18
10 12 17
3 5 4
16 18 21
16 17 4
13 15 23
18 22 12
8 9 7
14 17 26
4 6 29
2 4 2
1 3 6
8 10 15
15 15 8
4 7 23
13 16 23
11 13 3
11 13 9
11 13 23
8 11 19
7 10 29
23 23 6
16 18 7
18 19 20
0 1 20
4 5 10
5 9 6
5 6 29
5 8 11
8 11 30
16 18 21
12 14 29
0 3 26
1 5 25
18 21 13
21 23 7
22 1 18
23 2 15
14 15 7
1 3 17
15 17 27
21 23 26
11 13 14
7 10 14
16 17 26
21 0 16
19 22 1
20 22 24
11 13 30
16 18 3
18 20 10
2 5 14
21 22 4
7 11 27
11 13 23
4 6 17
22 23 8
20 0 23
0 3 14
12 14 8
10 13 30
1 7 6
23 3 26
0 3 23
6 8 17
8 9 23
5 6 24
17 18 1
7 8 16
12 15 2
17 20 9
6 7 29
3 3 1
10 13 12
7 10 5
13 17 12
7 9 29
0 1 15
0 4 28
12 13 14
19 21 11
5 7 24
4 5 18
3 5 10
21 0 21
12 14 24
21 23 29
10 13 10
5 5 14
2 3 23
14 16 13
6 8 25
21 23 28
7 9 25
1 3 20
4 4 23
16 18 24
1 4 12
20 22 4
19 19 8
14 16 2
4 6 7
1 3 8
19 21 7
3 6 12
3 3 11
14 17 29
12 14 7
2 3 21
8 11 17
14 14 15
12 15 30
20 22 3
0 1 26
15 18 8
11 12 21
11 14 25
22 0 6
20 23 30
5 5 3
21 1 29
15 19 4
3 6 4
12 14 27
20 21 6
8 10 7
18 21 10
5 7 29
22 0 15
5 7 20
20 23 11
2 5 12
1 3 19
4 9 11
13 14 9
18 20 23
17 18 9
15 17 27
13 14 10
8 10 17
0 1 10
7 9 28
14 15 6
6 9 20
16 18 28
7 9 4
23 1 20
12 13 3
16 18 26
3 5 3
10 12 14
1 3 26
22 22 6
19 21 27
19 22 1
5 6 27
9 10 16
18 20 17
4 5 14
5 8 13
3 4 12
3 6 30
12 14 27
21 23 23
16 17 1
16 17 29
15 17 3
3 5 13
13 16 4
8 10 29
2 5 27
8 9 13
19 20 11
12 16 10
4 7 17
9 10 22
6 9 10
22 1 14
21 1 3
8 11 21
4 5 20
6 8 20
22 0 23
19 21 2
7 9 11
8 9 10
10 12 9
18 23 11
16 17 3
19 19 14
7 10 2
11 13 27
7 10 19
3 4 10
23 23 23
21 23 28
4 8 9
3 5 26
1 3 3
2 3 25
13 16 2
2 6 27
8 10 21
6 8 21
11 13 12
17 19 28
9 10 29
10 11 11
7 9 1
1 3 21
18 21 28
9 10 3
10 13 23
2 5 26
17 18 27
20 21 1
11 12 26
23 1 24
14 15 15
5 8 30
3 5 17
22 0 21
7 9 19
11 13 27
3 5 14
12 13 13
10 11 1
7 10 16
16 17 14
0 4 13
7 9 24
3 5 3
2 4 9
17 20 21
12 13 18
11 13 6
0 2 29
5 5 28
15 17 16
4 6 13
17 19 18
7 10 18
13 15 11
20 21 28
1 3 1
6 8 27
17 20 3
21 1 18
19 21 8
6 7 23
5 6 18
23 1 27
8 9 8
2 5 12
12 14 26
1 3 28
6 9 1
2 5 16
21 22 13
2 3 10
16 17 8
6 7 7
7 8 15
18 21 25
11 13 5
19 21 4
14 15 8
15 18 25
1 2 13
17 17 28
13 13 8
14 16 29
10 13 10
1 2 5
1 2 4
10 11 29
14 15 19
13 15 5
12 13 9
12 13 1
7 9 2
20 22 15
16 17 21
19 20 25
13 15 7
10 12 3
2 3 27
16 19 12
17 18 13
5 7 15
0 2 11
16 17 16
17 18 30
15 17 3
23 1 24
9 14 9
4 5 20
4 5 12
19 21 18
9 11 9
18 20 28
19 23 3
18 19 1
3 6 13
11 11 9
6 8 5
18 20 14
13 15 7
15 15 14
21 23 28
13 15 6
12 15 10
1 3 10
21 23 22
2 3 27
2 7 13
0 3 28
17 19 9
23 0 28
2 5 17
22 23 22
14 16 22
19 22 19
18 21 26
0 3 14
13 16 17
18 20 16
17 18 18
8 9 12
13 16 14
2 5 2
23 2 10
23 0 19
13 14 5
6 7 15
10 13 16
23 1 21
0 3 25
7 8 15
7 10 1
1 4 28
0 2 25
22 1 21
1 4 17
8 10 8
13 15 30
12 14 3
2 4 17
0 3 15
1 3 8
5 8 2
15 18 7
4 6 1
20 22 27
12 16 20
0 1 26
8 10 14
8 11 27
2 4 2
2 5 20
6 9 5
23 1 16
14 18 25
10 11 20
2 3 13
9 11 5
19 22 21
12 13 12
7 7 22
15 16 9
14 15 8
9 11 16
22 21 27
1 2 26
13 13 7
23 2 20
23 1 20
3 5 3
8 10 27
12 14 3
12 13 18
5 8 28
22 1 16
5 7 23
18 19 14
11 12 17
3 6 25
17 19 7
19 20 1
15 18 2
5 6 30
2 5 8
3 5 17
21 23 21
15 14 26
21 23 25
10 11 15
2 4 30
12 14 5
15 18 5
2 2 11
5 6 17
22 1 11
12 13 17
5 8 6
9 12 13
21 0 20
6 8 2
11 14 11
3 6 25
21 22 6
2 5 30
8 12 11
14 16 17
2 5 10
5 7 14
12 14 6
13 16 15
15 16 25
23 0 19
14 16 16
14 16 10
14 17 17
20 22 3
20 23 5
20 23 9
19 22 5
18 21 24
13 16 3
14 14 23
22 1 18
11 14 16
6 8 9
19 21 27
3 5 14
1 4 27
17 18 23
16 18 3
5 7 1
5 4 27
19 23 10
8 10 1
5 7 27
9 11 24
6 8 27
23 1 1
1 2 21
5 7 7
8 12 12
11 13 15
0 3 3
9 9 8
1 2 1
12 13 29
4 5 23
8 11 8
22 1 5
12 15 17
22 0 8
22 23 16
13 15 26
18 20 6
8 12 13
13 15 17
15 16 19
12 14 29
5 7 10
1 2 17
19 21 17
11 14 11
15 17 29
16 18 29
21 21 19
0 3 6
3 5 2
0 4 30
23 1 5
12 15 9
17 20 30
15 17 6
22 22 11
20 21 16
8 10 25
3 5 1
10 9 16
12 14 6
9 11 12
18 20 28
13 14 18
13 14 27
13 14 9
15 16 26
14 16 28
6 8 3
17 18 2
12 14 29
21 21 1
7 9 25
7 12 6
8 10 9
8 10 29
12 13 8
18 19 1
20 23 19
4 5 14
16 19 6
5 8 19
5 8 6
13 15 19
1 5 20
20 22 8
7 9 24
13 16 26
14 17 19
13 16 17
0 3 11
13 15 18
4 4 22
2 4 14
12 14 27
21 23 11
13 16 2
3 3 24
23 23 14
1 4 14
23 3 21
21 23 21
3 4 6
8 11 15
9 11 9
21 21 22
20 23 13
15 16 21
13 17 9
10 12 4
1 3 21
4 6 10
5 6 12
3 4 8
21 23 1
20 22 18
16 18 12
19 21 5
13 16 15
13 15 20
6 8 29
11 13 26
15 17 18
3 8 5
16 20 11
5 8 6
4 7 13
6 9 3
10 12 25
10 12 17
23 0 24
17 19 4
21 23 24
7 9 17
20 23 2
7 9 4
22 1 23
21 23 9
9 13 4
8 9 17
23 0 8
5 7 26
23 1 5
10 14 11
19 20 19
11 12 26
17 20 21
13 14 22
2 4 15
6 8 17
17 20 30
10 13 13
16 19 20
19 23 21
1 4 24
18 21 21
13 14 10
8 9 16
5 7 26
4 5 30
11 13 15
12 15 2
15 17 6
18 19 21
21 23 20
22 0 9
23 1 14
0 1 10
0 2 15
23 1 22
10 13 9
14 16 26
6 9 19
6 7 24
7 8 23
4 5 29
18 20 22
20 23 21
16 18 7
15 17 16
15 18 25
8 10 19
5 9 17
7 9 1
22 0 24
15 16 4
7 9 7
5 8 7
7 9 23
14 18 17
17 20 18
22 0 14
0 2 28
4 6 16
14 15 30
23 1 30
15 17 15
20 21 17
14 16 9
15 15 29
19 21 9
19 22 25
21 23 9
18 19 16
22 1 23
3 6 17
15 16 21
5 6 1
11 13 8
10 12 21
18 20 10
2 3 17
4 7 19
20 21 23
10 12 14
19 20 10
17 18 30
6 8 30
14 14 27
15 18 3
1 4 9
8 10 23
23 2 8
21 22 7
1 4 1
0 2 23
12 16 2
7 8 19
2 3 17
11 13 30
4 4 11
14 16 24
23 1 16
14 15 17
18 20 10
11 12 23
11 13 5
1 3 7
22 0 27
18 19 13
9 11 22
22 0 5
18 20 12
2 4 15
22 0 10
15 17 15
21 23 17
13 14 17
2 5 22
8 10 20
11 13 13
5 7 5
10 12 18
12 14 1
4 5 11
1 3 2
10 12 25
5 8 25
20 0 16
6 8 1
2 4 4
3 3 18
11 13 10
6 7 12
11 12 20
22 0 11
23 2 5
17 18 18
4 6 11
5 8 28
22 22 20
17 19 5
20 23 18
19 22 11
0 1 3
5 8 9
15 18 17
6 8 9
2 3 11
20 23 25
19 21 17
18 20 27
12 15 5
21 0 7
21 23 28
19 21 4
21 22 28
5 5 13
21 23 19
3 2 9
19 21 15
18 18 17
21 0 13
22 0 10
7 9 4
15 18 28
19 20 1
3 4 19
18 19 15
11 13 29
15 17 9
19 20 16
22 23 28
7 10 5
7 10 23
23 1 10
5 6 26
18 21 29
0 2 7
22 0 11
22 0 25
16 18 22
15 16 27
5 6 21
2 4 18
8 9 5
21 22 21
16 17 23
3 5 11
12 14 11
3 3 29
22 1 24
1 2 1
0 4 18
11 15 24
2 4 26
2 4 10
10 13 26
23 2 10
22 1 28
22 0 18
1 4 12
8 11 20
8 9 21
2 5 5
17 18 18
23 0 8
14 15 6
5 7 14
18 18 15
23 1 26
21 0 7
11 12 1
7 9 4
14 14 7
11 13 17
5 6 22
22 23 16
20 22 30
6 7 15
14 17 27
19 22 14
3 4 18
5 8 10
7 8 28
18 20 10
1 2 12
1 4 25
18 19 18
12 14 18
15 18 10
7 9 30
23 1 14
2 4 21
11 13 13
19 21 19
7 8 26
1 3 4
14 14 3
4 6 17
17 19 4
18 20 28
18 21 23
6 8 27
13 16 18
22 1 24
15 17 2
10 14 11
4 7 5
21 23 24
18 19 2
21 23 15
15 17 4
13 15 21
6 7 17
4 7 20
14 15 8
5 9 2
4 6 22
3 6 21
5 7 10
2 6 18
1 4 7
3 5 9
21 0 16
9 10 29
21 23 30
20 23 1
5 7 27
7 9 27
7 10 16
19 20 8
6 7 3
11 12 5
1 1 17
11 14 8
8 9 6
14 17 30
21 0 18
13 15 14
1 3 17
19 21 28
15 17 11
2 5 30
5 7 16
4 6 13
3 4 4
8 9 12
11 13 29
6 6 24
19 19 24
20 22 28
16 18 15
0 2 6
17 20 12
5 6 18
16 18 12
9 11 17
23 1 9
0 1 3
0 2 25
8 9 21
18 17 22
20 22 17
4 7 2
10 11 17
8 11 13
12 15 21
3 4 13
14 16 22
8 10 17
12 13 15
17 19 23
8 9 2
20 22 17
22 23 16
15 18 11
21 0 10
1 3 19
3 6 3
2 5 4
19 22 22
12 14 18
9 11 26
23 2 26
22 0 11
22 23 15
4 8 20
0 1 7
11 12 2
0 2 2
11 14 25
18 20 25
5 7 12
1 2 1
9 10 5
4 5 22
11 13 5
16 20 6
2 1 19
17 17 27
6 7 1
9 12 1
13 15 20
5 8 24
14 17 20
7 10 12
23 1 1
0 2 7
22 0 24
4 6 5
14 15 9
7 9 16
8 11 11
23 0 1
14 17 13
21 23 13
11 12 9
0 3 18
23 0 22
5 6 11
13 14 8
19 20 15
10 12 15
0 3 29
6 10 15
15 17 9
22 1 9
1 3 8
14 16 20
3 5 17
22 23 29
19 21 5
3 4 24
6 9 13
20 21 3
16 20 6
6 9 14
14 15 6
20 23 23
22 0 26
18 20 6
7 9 14
1 2 13
5 6 27
2 4 3
20 22 20
13 15 18
19 22 9
16 17 3
10 14 4
14 17 14
8 10 19
6 7 20
14 15 30
23 3 13
16 18 19
16 17 21
14 16 19
16 18 5
14 15 4
1 2 2
13 14 16
16 17 12
5 7 11
5 8 30
2 6 13
14 15 27
16 18 19
11 14 3
11 13 28
7 10 3
2 5 24
9 10 14
4 6 1
6 7 13
22 23 9
12 13 4
7 10 21
9 10 23
4 8 22
0 1 6
4 6 28
2 3 17
10 14 10
22 0 10
13 13 6
7 8 27
22 23 29
22 1 27
0 0 20
23 3 15
22 0 7
12 12 7
6 8 8
14 17 6
5 8 25
1 2 22
19 20 6
18 19 20
0 3 21
21 21 29
7 8 15
15 17 11
5 8 18
0 1 21
6 7 24
4 5 25
5 7 4
21 23 25
19 20 14
13 18 15
8 9 30
1 3 4
19 22 27
13 16 18
15 17 8
20 21 2
10 12 10
15 15 6
14 15 22
3 6 3
14 16 21
19 21 6
1 5 26
20 21 19
17 18 18
12 13 13
23 1 10
10 11 4
15 18 15
7 9 7
13 14 29
8 9 16
9 12 5
6 7 2
12 14 18
13 16 4
6 7 9
8 11 2
0 2 25
6 8 12
15 17 4
20 22 25
15 17 8
23 2 2
14 17 24
6 8 15
6 8 20
3 6 12
0 2 1
9 10 22
16 18 18
7 9 10
15 16 11
21 0 28
11 14 12
7 9 17
1 3 16
19 20 12
7 7 16
19 21 6
13 17 30
18 18 11
7 7 20
16 17 26
15 15 30
6 7 13
7 8 5
9 13 24
11 13 25
6 8 11
6 7 14
13 15 29
12 14 11
22 23 4
20 21 20
14 15 30
17 19 24
5 6 1
5 6 14
2 6 14
3 5 7
4 4 20
16 19 28
1 3 14
3 4 12
18 20 2
12 12 13
19 21 18
23 2 15
15 17 16
7 9 25
5 8 10
0 2 10
15 17 26
22 23 25
3 5 11
11 12 5
16 18 1
5 6 23
17 19 18
3 4 9
4 5 13
0 1 26
0 3 1
15 16 1
20 23 20
14 15 17
11 11 25
8 9 19
4 4 12
13 14 30
13 14 11
7 9 26
16 19 1
21 23 30
19 22 20
1 3 3
7 10 17
17 21 11
0 2 29
9 12 18
3 7 6
4 6 28
6 8 10
5 11 16
19 21 19
18 19 30
23 0 26
8 10 8
13 15 2
6 8 17
9 10 19
9 11 5
15 15 17
19 21 1
1 3 21
21 22 18
17 19 8
21 23 26
13 15 14
6 6 30
5 9 19
23 4 3
23 1 6
23 2 21
11 13 26
19 20 3
23 0 20
0 0 3
12 13 26
2 5 18
3 5 19
15 17 21
15 17 19
15 16 26
3 5 26
0 2 22
1 3 11
4 6 4
19 22 8
16 19 7
8 10 27
23 1 12
20 23 14
6 8 9
3 3 8
0 3 14
10 13 4
19 21 15
0 1 6
4 6 25
14 15 7
18 21 17
11 11 24
10 11 16
22 0 19
5 6 9
12 15 8
0 2 15
14 16 28
20 21 8
4 5 14
23 1 4
5 5 19
17 19 11
23 1 12
9 10 19
7 8 24
7 8 2
17 19 10
22 23 22
17 20 20
12 15 22
21 23 15
12 15 11
22 22 24
9 10 7
14 15 30
17 18 4
3 5 27
12 15 2
11 14 15
8 11 12
23 1 11
1 2 8
1 5 8
16 19 17
0 2 6
22 0 1
18 18 26
3 5 13
21 23 6
10 12 26
3 3 1
1 4 15
6 8 19
20 22 13
12 13 20
9 10 28
13 14 25
8 12 18
5 8 30
23 2 22
13 14 10
4 6 24
23 0 10
2 3 16
16 18 26
2 5 16
7 9 5
18 19 14
5 7 11
20 22 5
16 20 10
11 13 19
18 19 3
2 3 8
14 17 29
18 21 9
3 6 28
14 16 8
22 23 1
3 4 6
3 4 20
18 18 29
11 12 1
23 2 30
18 20 11
11 14 16
19 21 14
19 21 23
10 12 27
1 4 28
0 2 22
8 10 7
0 1 12
11 14 16
17 20 2
19 20 23
2 4 19
8 10 4
7 9 30
20 22 6
0 1 10
7 9 23
1 2 29
22 23 24
16 18 28
23 1 5
7 8 22
20 22 10
9 10 3
1 3 24
6 10 25
14 15 13
4 7 20
18 19 8
18 21 22
9 10 25
11 14 12
3 4 2
2 4 25
17 18 18
16 17 28
8 9 15
1 1 9
1 4 4
11 12 8
9 11 13
9 11 22
0 2 3
4 8 17
2 5 22
10 13 27
10 12 22
7 10 9
17 20 4
22 0 28
16 17 30
4 8 23
10 12 17
19 20 5
0 3 8
17 20 21
23 2 25
8 10 26
16 18 23
14 15 15
22 0 25
16 17 8
7 8 26
4 6 24
0 2 12
20 22 20
