1780 30
9 1 18 11 23 29 28 9 11 3 12 22 5 11 16 1 27 9 11 8 3 7 12 13 17 17 16 14 23 23 
9 13 5
12 14 20
11 13 1
8 12 25
0 -1 27
13 15 6
9 11 2
21 22 12
15 19 18
4 7 11
18 20 25
11 11 10
23 2 23
18 21 22
17 17 25
17 20 12
17 20 9
14 18 24
10 11 23
17 19 9
9 11 19
4 8 18
1 2 5
18 21 23
1 2 17
1 2 10
20 22 15
21 23 12
3 4 9
9 10 6
15 18 16
3 4 26
10 11 26
17 19 2
6 8 6
21 0 12
6 7 10
22 0 20
15 16 28
8 8 8
9 11 11
15 17 2
12 13 21
15 16 24
11 13 12
12 14 10
11 12 8
13 15 4
7 9 16
4 5 7
15 17 25
13 16 24
18 22 2
12 14 8
20 21 15
10 12 1
23 23 2
5 7 11
21 0 24
14 15 24
3 6 28
3 5 21
8 10 24
4 6 3
18 20 5
17 19 20
20 23 22
17 20 22
20 23 24
23 2 15
12 14 28
1 6 5
13 17 30
23 1 21
9 11 19
21 23 1
4 6 26
20 20 7
22 23 17
6 8 28
4 5 29
12 13 30
14 16 17
16 21 2
1 2 3
7 10 29
1 4 24
11 13 24
14 15 21
16 19 27
19 19 6
20 22 3
2 4 7
8 8 14
6 8 27
8 12 5
9 9 13
1 2 29
0 2 23
7 8 27
2 4 15
6 7 18
0 2 6
17 20 22
9 10 2
22 0 8
20 23 10
20 23 16
9 12 8
1 3 2
7 9 16
5 7 18
5 9 11
9 12 16
20 20 16
11 12 14
5 7 19
13 15 19
18 20 27
14 16 9
19 21 1
22 21 7
8 12 2
5 8 23
8 10 4
10 12 19
9 12 7
3 5 5
10 12 8
10 10 26
10 12 10
5 7 7
4 6 22
20 22 8
17 19 26
9 11 3
14 16 7
14 16 22
15 17 27
22 0 27
20 21 15
21 0 20
8 9 19
17 20 9
20 21 9
12 14 10
5 7 3
15 18 4
1 4 15
11 12 8
1 3 7
2 4 18
14 16 16
8 9 1
23 0 26
23 1 26
15 18 1
11 12 7
0 3 20
8 9 8
10 12 29
10 12 3
18 19 29
1 3 23
11 16 7
4 6 26
6 8 30
11 13 2
18 20 17
12 13 18
2 3 12
1 4 8
8 10 15
9 10 2
13 15 17
18 21 30
1 2 17
4 6 19
4 5 28
2 3 8
21 0 18
15 18 11
18 22 9
18 19 19
15 17 4
3 4 3
20 22 9
2 5 11
7 7 26
6 7 28
13 15 26
2 4 3
3 5 20
13 15 15
5 6 22
0 1 21
17 20 27
13 15 26
10 10 21
9 11 1
18 22 5
17 21 17
19 23 19
8 9 14
1 3 29
22 1 29
16 17 10
12 15 25
6 9 2
11 13 16
14 15 29
5 7 11
22 23 29
23 2 9
1 3 9
1 4 27
6 8 21
10 14 7
8 10 21
19 21 23
15 17 4
7 6 16
10 13 7
13 16 1
7 8 16
14 15 7
22 0 10
18 20 13
11 13 12
8 7 17
19 21 20
1 4 2
14 14 15
19 20 22
18 20 24
4 6 4
5 8 17
16 19 16
0 2 7
4 7 20
17 21 23
7 11 18
20 23 8
7 8 5
12 13 22
15 16 14
11 11 1
10 12 30
20 22 6
11 14 7
15 17 19
8 9 7
3 6 17
1 3 8
17 20 10
10 10 14
2 2 22
20 22 3
0 3 21
21 23 6
1 4 7
22 0 26
9 11 21
19 22 14
7 8 5
4 7 22
9 10 21
2 4 26
18 20 19
4 6 22
6 9 23
16 17 16
3 4 7
15 18 9
11 15 13
4 7 23
15 17 30
22 23 20
7 9 5
13 17 17
4 6 23
7 8 30
7 9 2
6 7 6
2 4 8
9 9 4
3 4 8
13 15 13
18 22 1
3 4 8
19 21 6
7 9 18
3 4 14
3 4 29
9 9 12
8 9 21
13 15 28
9 11 8
19 21 30
8 10 14
20 21 25
22 0 30
2 2 1
14 16 23
17 19 14
5 8 28
17 18 10
11 15 27
21 22 8
10 11 4
23 1 3
6 7 8
17 17 20
22 23 2
7 10 28
3 6 5
6 8 12
4 5 30
11 13 22
9 11 9
6 8 14
9 11 9
17 19 11
10 11 15
11 12 21
16 19 11
10 12 30
7 9 21
17 19 24
15 16 5
15 17 17
15 18 28
18 21 28
13 13 19
4 6 5
19 22 30
1 3 21
19 21 5
2 4 26
1 2 3
10 13 23
21 1 29
1 4 10
6 6 19
15 17 30
8 9 15
23 1 11
19 21 28
12 15 16
11 15 7
4 6 14
22 1 4
7 9 23
22 1 25
7 8 10
19 21 5
2 4 16
15 15 30
7 9 23
19 23 30
3 5 19
8 10 3
1 4 2
18 19 25
23 0 30
5 7 14
8 11 21
20 22 9
22 1 15
9 10 27
1 3 13
18 20 6
12 13 25
14 16 28
20 21 16
20 23 18
12 15 14
12 14 11
16 18 11
19 20 13
6 8 14
22 23 4
4 6 19
9 13 12
0 2 24
1 2 4
6 7 11
4 6 12
10 12 4
15 17 9
16 19 25
8 10 28
1 4 3
20 0 24
10 12 16
19 20 27
8 10 5
3 6 1
21 23 15
7 10 2
18 20 17
22 0 8
18 20 3
13 15 1
10 14 19
0 2 3
23 1 8
8 10 2
13 17 18
7 10 12
17 19 21
15 18 1
14 17 9
18 20 11
8 11 9
21 23 24
4 5 27
20 22 9
14 16 27
5 6 6
15 17 2
23 0 13
11 12 2
23 1 19
8 10 27
9 10 28
13 15 17
6 8 8
16 16 14
9 11 11
16 17 8
4 7 28
6 10 25
7 9 1
13 15 20
4 6 8
9 11 5
5 7 9
5 8 26
12 14 21
14 16 20
5 5 10
21 23 17
3 6 18
21 22 5
0 2 6
18 21 14
11 13 22
3 5 20
11 13 13
15 15 3
11 12 23
2 4 24
8 8 25
7 9 29
11 12 2
0 1 27
20 22 6
6 7 20
12 15 3
23 2 22
4 3 27
3 4 23
10 11 26
17 19 3
20 1 4
10 12 6
17 18 24
17 18 5
22 0 16
6 7 24
4 4 28
21 0 30
2 5 14
7 10 13
8 11 28
6 9 12
18 20 4
23 1 29
14 17 30
7 8 7
10 12 11
4 6 23
2 3 2
15 16 22
4 6 25
3 4 8
23 0 18
15 17 20
10 12 28
4 5 7
20 21 18
23 1 20
7 10 23
5 8 25
7 8 22
14 15 24
6 8 18
12 15 10
23 3 7
8 10 15
10 14 20
5 6 8
19 21 28
4 7 15
16 17 12
14 16 18
9 11 21
14 16 1
19 21 23
13 15 7
1 3 17
21 22 19
1 2 15
17 18 26
4 5 9
13 15 23
12 16 20
23 2 20
11 14 16
17 18 19
19 22 1
14 16 17
2 4 11
14 15 4
23 0 14
0 2 30
20 20 2
1 3 17
10 12 14
7 10 11
8 10 8
20 23 2
4 7 22
11 13 17
23 1 12
15 17 13
18 22 10
17 20 16
1 3 9
2 4 24
20 22 14
20 22 15
12 16 9
22 23 28
22 1 20
18 21 30
13 15 5
16 17 4
23 0 9
1 3 7
22 0 18
3 4 1
19 20 6
22 0 27
4 7 26
2 5 17
22 0 6
8 11 11
21 21 9
1 4 13
13 13 4
2 3 18
8 11 27
23 0 17
22 0 6
1 4 7
18 21 18
17 18 30
22 0 25
10 11 1
15 16 5
11 13 10
4 6 27
16 19 15
3 4 11
15 19 16
5 8 28
21 22 22
9 11 24
11 13 24
6 7 24
6 11 3
11 12 17
18 20 4
16 19 29
5 7 1
13 15 4
18 20 11
21 22 20
12 14 3
21 23 29
7 9 4
19 22 17
10 10 29
21 23 26
22 23 27
15 15 15
9 11 2
13 15 22
1 2 6
15 19 5
16 18 7
22 1 8
0 2 4
12 14 16
0 4 26
12 14 23
4 7 1
6 8 18
17 19 2
2 4 22
19 20 24
23 1 7
0 2 5
8 9 5
8 11 24
22 23 1
9 12 29
19 19 7
0 3 3
0 2 7
21 23 12
19 23 6
20 21 4
16 19 21
10 10 26
6 8 20
22 0 2
21 22 30
4 6 24
22 0 14
1 4 16
13 15 22
4 7 16
21 22 26
21 22 20
4 7 21
13 15 25
8 11 24
18 19 9
12 15 14
16 19 5
6 8 22
22 1 4
23 2 15
20 22 14
9 10 13
4 7 20
7 8 11
2 2 28
22 0 15
12 13 2
2 4 2
23 2 12
1 6 4
0 2 3
7 11 3
6 9 26
14 17 28
15 17 25
10 13 13
16 18 27
18 21 21
11 13 28
17 20 12
13 13 23
12 13 12
22 0 30
5 7 8
10 13 23
4 7 3
11 14 1
9 11 20
15 17 27
20 23 27
10 12 22
21 2 9
19 21 12
19 20 22
8 9 17
2 2 14
15 17 2
9 12 15
3 5 6
22 2 18
6 6 28
2 3 21
18 21 4
8 8 10
17 20 14
21 23 6
23 2 22
14 18 14
15 17 10
21 23 28
19 21 1
13 16 30
12 15 3
8 11 14
9 11 30
14 15 28
16 19 18
19 20 15
15 17 27
11 12 14
2 4 22
23 3 4
4 6 15
18 19 18
7 11 24
14 16 26
6 9 15
1 2 15
8 11 8
8 12 11
22 1 15
9 12 26
23 1 12
7 10 20
19 20 26
8 11 19
10 13 3
16 17 23
23 23 28
9 11 15
11 13 21
17 20 21
14 15 11
15 17 19
23 1 25
6 8 9
18 20 7
23 0 23
7 10 15
0 1 1
9 10 4
12 16 25
0 3 8
0 2 8
10 11 10
19 21 27
1 3 22
14 16 21
5 6 1
4 6 14
7 8 20
3 5 21
12 15 27
18 22 16
18 22 6
7 8 24
8 9 20
19 21 30
21 23 15
10 12 28
20 21 30
8 10 14
10 13 27
9 10 7
2 4 12
7 12 25
2 3 4
5 8 9
19 22 18
0 3 6
17 20 9
8 12 20
18 20 18
15 18 13
6 9 13
21 23 3
11 13 19
17 20 12
16 18 4
16 19 20
6 9 28
2 4 1
9 11 28
13 15 4
16 18 7
1 2 18
2 4 13
0 2 6
15 18 5
22 0 25
9 11 15
14 17 8
6 6 7
1 3 4
14 15 13
19 20 19
0 0 5
22 0 18
6 9 23
20 21 10
11 13 9
14 17 17
20 23 4
20 22 16
3 5 9
18 18 17
13 13 9
4 6 9
5 7 20
15 16 25
5 7 2
9 14 3
23 23 21
7 10 16
3 5 28
13 17 28
11 15 2
14 17 11
9 10 7
18 20 13
12 13 7
17 19 3
13 14 10
18 19 3
22 1 1
15 17 12
19 22 5
20 20 9
20 20 8
13 17 1
14 16 10
15 15 18
6 6 8
21 22 3
12 15 17
9 10 10
1 3 3
13 16 18
22 0 2
2 2 30
12 14 1
2 5 20
7 10 11
3 5 3
22 0 3
7 11 2
1 3 4
15 17 28
11 13 23
6 9 6
19 21 10
0 3 4
5 5 1
1 2 16
0 2 14
15 17 10
16 18 2
4 5 2
3 4 26
15 18 4
20 21 2
2 3 15
4 7 9
21 23 4
19 23 14
4 6 14
9 12 29
11 16 15
15 19 30
14 16 29
8 10 8
9 11 8
11 12 24
1 2 29
11 13 25
21 22 12
20 21 7
18 21 22
15 17 1
15 16 25
10 11 8
5 6 13
5 7 15
22 0 8
1 3 26
22 0 16
1 2 16
4 7 9
19 21 9
18 19 26
11 13 13
6 7 25
2 5 10
12 15 12
16 18 30
22 0 12
4 5 26
14 17 6
16 19 9
15 15 29
22 0 24
0 2 16
23 1 4
15 16 16
11 13 15
13 15 20
2 4 12
11 12 2
23 0 28
11 13 9
14 15 6
14 16 24
23 1 22
13 16 13
18 21 3
0 3 17
17 18 4
21 21 20
5 8 5
16 17 11
2 3 3
16 18 12
21 22 17
5 7 30
5 7 10
6 8 23
19 21 24
2 4 22
21 23 27
6 7 2
7 9 26
8 10 16
3 5 29
7 10 11
16 19 5
23 1 20
20 22 6
17 19 23
8 11 13
20 20 7
19 20 8
18 21 26
0 1 26
9 12 20
2 3 10
22 0 21
3 4 28
1 3 21
9 11 27
1 3 24
9 8 14
17 18 9
6 7 2
15 16 1
10 12 20
17 19 4
17 19 18
7 10 21
11 14 7
4 7 18
0 1 25
3 5 9
15 16 22
0 0 28
4 5 25
6 6 14
21 0 16
16 17 26
5 6 8
19 20 20
21 1 28
3 5 27
20 23 6
13 15 9
15 15 22
18 22 11
19 21 9
10 12 2
3 6 15
18 19 16
0 2 30
8 9 15
17 18 7
3 4 20
21 0 18
16 19 8
4 6 10
11 14 17
8 10 19
10 12 12
19 20 8
3 5 17
8 9 7
10 14 21
12 15 17
10 11 11
3 4 23
21 0 17
11 14 5
1 2 10
7 8 1
13 15 2
3 4 26
12 14 6
9 12 18
14 17 24
19 22 19
20 23 4
11 12 16
22 23 5
1 2 21
9 10 22
5 6 1
7 9 21
0 2 5
11 13 30
16 18 19
1 2 20
8 10 20
4 6 23
17 20 10
12 15 23
21 21 27
1 2 4
14 16 22
2 3 27
14 15 1
4 6 26
2 4 24
12 14 28
2 5 23
6 7 21
4 4 7
18 20 11
23 1 8
17 18 25
8 10 23
6 8 14
17 18 10
4 6 19
0 3 26
18 22 1
4 5 21
9 11 25
17 17 28
21 2 5
4 7 30
8 9 6
10 12 5
10 12 20
13 14 24
2 2 21
16 18 11
3 5 12
12 12 21
21 23 27
10 12 7
5 6 20
4 7 25
10 13 15
16 18 7
2 5 23
5 8 23
10 12 12
5 8 5
5 6 20
6 10 23
8 10 30
7 8 4
5 7 19
15 16 6
4 7 3
15 16 5
0 2 5
13 14 2
19 21 24
22 2 27
20 22 20
23 23 16
11 12 6
2 3 19
11 13 22
15 16 10
20 23 16
21 23 7
1 5 24
22 1 26
21 23 7
6 7 2
21 1 22
6 9 5
18 18 10
20 23 5
17 19 28
14 16 3
18 21 25
4 5 7
12 13 18
6 10 15
16 19 30
10 13 8
15 18 22
21 23 13
8 13 6
8 11 4
8 11 13
14 15 24
6 7 27
11 14 23
8 10 4
10 12 19
12 14 21
5 8 22
16 18 27
14 15 28
11 11 14
18 21 11
19 21 16
8 10 11
2 5 23
22 0 23
7 9 9
19 20 29
18 18 27
8 11 7
2 3 26
12 14 2
18 20 2
18 20 11
23 2 13
5 7 20
15 17 16
22 1 3
16 17 20
19 19 15
23 0 19
6 8 15
9 11 3
21 0 8
9 11 11
17 18 19
15 17 3
1 2 29
23 1 5
14 16 19
12 14 21
16 17 17
19 21 25
12 14 3
3 6 28
19 21 13
17 21 10
16 18 18
16 20 9
3 6 9
7 9 8
18 22 14
17 19 3
1 3 20
12 14 4
20 20 14
7 9 8
15 20 22
17 20 24
20 22 25
13 15 27
20 21 19
20 22 7
14 16 27
11 13 26
22 1 18
12 14 18
15 17 13
7 9 24
2 4 25
21 0 24
7 9 10
16 18 6
9 12 8
23 0 15
19 21 8
3 4 28
7 9 17
19 21 20
13 15 15
17 16 23
16 18 3
2 2 18
11 15 29
5 7 20
8 9 2
2 5 18
2 2 30
19 20 10
5 7 20
6 9 24
7 8 9
6 6 27
20 22 5
3 5 2
1 1 3
20 22 10
1 4 19
18 19 21
17 18 29
11 13 20
1 5 6
10 13 26
18 19 17
23 1 5
12 15 13
0 1 27
13 16 22
21 23 14
7 9 13
18 20 23
10 11 13
15 17 5
20 21 12
4 7 10
7 10 4
9 11 15
8 9 22
7 7 24
11 14 17
19 21 8
6 9 10
0 1 27
10 14 30
5 7 5
18 19 9
22 23 8
23 1 5
6 9 12
4 6 3
0 1 23
3 6 22
21 23 16
9 10 30
3 2 18
12 13 28
22 1 1
1 4 28
23 1 24
15 18 15
1 3 27
7 9 13
5 7 25
9 10 11
0 2 28
14 16 17
20 20 12
12 14 6
3 3 10
19 22 7
9 12 3
21 22 29
19 22 22
7 7 10
5 8 14
19 20 30
10 10 23
20 23 19
12 13 18
7 9 29
10 10 10
17 19 25
19 22 27
16 17 4
6 8 15
15 17 7
8 8 7
6 7 27
15 17 13
23 1 9
14 16 24
1 4 11
13 14 12
7 9 12
2 6 7
18 20 28
7 11 16
21 23 8
18 21 28
12 13 24
15 15 11
19 23 20
17 19 27
22 23 1
17 19 20
15 15 8
10 13 22
21 23 1
1 2 4
3 4 17
20 21 14
11 14 18
3 4 16
14 16 12
6 7 12
22 0 22
0 1 29
1 5 17
15 16 9
5 6 29
17 18 8
5 7 1
16 19 9
19 20 25
0 2 12
22 23 20
6 9 29
23 1 21
6 9 30
12 14 11
23 1 14
23 1 26
22 2 12
11 12 22
11 14 26
0 2 18
12 14 12
12 15 2
18 20 6
9 11 10
17 19 23
15 16 27
3 5 16
3 4 19
18 19 10
8 10 6
1 2 10
11 14 15
21 23 12
21 22 26
4 5 25
20 21 5
7 8 20
0 3 21
22 0 15
17 19 4
9 12 3
2 4 28
15 16 3
22 0 26
5 6 1
21 23 19
15 17 10
9 10 3
8 8 6
12 14 15
16 19 9
13 15 21
4 7 19
11 13 2
1 3 19
6 9 20
6 8 3
2 5 1
1 3 30
3 5 13
18 20 22
11 13 22
13 14 23
2 4 24
9 11 13
7 7 11
13 14 25
16 19 13
23 1 19
20 21 26
3 5 4
17 19 18
4 6 23
16 18 7
3 5 5
5 7 28
23 23 1
9 11 8
16 18 8
18 21 13
15 17 28
0 4 18
22 0 23
19 22 9
3 5 8
3 6 22
16 21 13
22 0 16
16 15 22
7 10 21
12 12 22
2 4 13
13 16 1
6 8 14
18 21 24
2 6 2
20 21 13
22 2 5
6 7 19
15 15 8
7 10 11
10 12 19
4 7 14
3 6 22
13 15 5
17 19 21
1 2 6
2 3 8
7 10 22
1 3 5
4 5 27
21 0 25
0 0 2
14 13 19
8 10 17
4 5 1
23 23 10
23 0 21
23 1 12
20 21 18
23 1 8
0 0 30
17 18 20
11 15 30
12 13 28
9 11 13
5 6 23
1 5 12
16 17 19
11 13 16
11 13 28
23 3 15
1 3 4
15 17 16
1 2 20
22 23 11
1 2 1
5 7 6
9 11 15
1 1 30
12 14 30
12 13 10
21 0 24
16 17 22
1 2 23
15 16 26
12 15 18
16 19 30
16 17 10
23 3 26
15 18 20
9 12 17
0 3 23
3 2 25
12 15 11
10 13 15
3 4 27
3 5 5
10 13 6
16 19 10
4 7 13
3 4 30
2 4 22
15 17 9
19 21 21
10 14 13
6 9 4
3 6 27
1 3 14
10 13 24
5 7 28
0 3 28
6 9 8
3 5 26
4 7 21
1 4 15
0 2 29
8 10 27
19 20 19
22 1 25
16 16 17
22 0 19
17 19 24
10 11 8
10 10 1
2 3 27
8 10 24
7 8 11
20 22 14
2 4 13
7 6 8
1 4 12
2 5 21
4 5 29
21 22 16
13 14 19
9 12 1
5 8 25
18 21 16
3 4 4
1 3 8
5 7 5
16 17 30
22 0 7
2 3 6
9 11 15
20 21 10
5 6 24
1 3 29
16 18 6
20 22 16
5 7 22
7 10 24
15 17 7
23 0 2
20 23 20
7 9 30
17 18 22
17 18 28
12 14 27
23 1 5
17 19 22
17 17 25
14 16 30
6 7 18
22 1 5
15 17 12
13 14 17
5 7 11
22 0 3
14 18 17
1 4 9
9 10 4
8 11 9
19 21 18
3 5 2
11 14 15
7 9 26
11 13 7
14 16 7
3 5 21
19 21 3
19 21 10
23 1 10
11 14 27
1 3 20
19 22 11
0 2 5
6 7 25
2 4 23
9 11 17
5 6 8
16 17 27
23 1 6
22 0 2
12 13 17
16 19 29
12 15 12
12 14 8
8 11 8
19 20 11
4 8 16
9 13 15
5 6 6
6 8 24
8 11 15
13 15 23
17 20 20
16 17 12
5 7 20
9 12 8
1 3 3
15 17 23
8 9 21
18 20 20
16 17 2
6 7 19
0 2 22
10 15 2
7 9 24
13 16 4
4 7 1
5 6 16
21 23 28
23 0 21
13 15 1
4 8 28
22 1 25
2 4 30
13 14 19
17 19 22
13 15 12
11 12 29
21 22 25
23 0 29
21 0 19
3 4 9
0 3 17
17 18 24
14 17 24
8 10 3
21 22 14
9 10 8
7 11 15
4 6 25
14 15 26
12 14 13
4 7 3
22 0 27
20 22 14
19 20 23
21 23 13
0 3 15
13 15 28
6 7 13
20 21 9
13 13 7
23 1 12
12 15 8
16 17 14
1 3 30
4 6 4
21 21 28
23 2 14
17 19 27
14 16 30
10 12 6
4 6 13
8 9 19
5 7 16
8 10 20
11 14 28
19 21 20
17 20 21
12 14 3
18 21 16
5 6 18
13 15 15
14 15 1
0 1 27
10 14 3
12 14 11
11 16 18
3 5 6
17 19 10
0 3 15
17 18 9
6 9 13
22 0 16
12 14 30
4 5 1
3 4 30
5 6 29
3 5 17
20 21 16
18 20 30
20 20 3
18 20 28
6 9 7
18 20 29
10 11 7
18 22 18
8 10 8
17 20 21
13 16 12
22 1 4
2 3 20
10 12 26
12 15 14
14 16 3
23 1 12
18 21 1
13 15 18
3 5 2
9 10 16
10 12 3
15 19 27
21 23 2
16 17 8
10 10 5
5 5 21
3 6 10
20 22 17
22 23 5
15 18 13
5 7 15
9 11 16
0 2 29
14 14 16
17 18 16
6 6 13
9 13 13
2 4 20
13 15 1
18 21 24
18 19 3
9 10 8
4 6 18
9 9 24
5 6 10
14 17 14
14 17 30
15 18 8
1 1 10
6 10 27
16 18 18
15 18 15
14 17 21
12 15 5
7 9 6
22 2 7
18 20 3
14 16 23
11 13 29
14 17 10
11 13 4
8 11 10
6 8 30
18 20 8
22 22 28
3 4 4
14 16 20
3 5 5
13 15 15
12 15 5
15 19 10
10 11 29
12 14 1
7 9 14
6 8 19
19 20 9
21 23 9
15 17 14
15 16 17
7 10 2
18 20 6
12 14 22
21 0 9
20 23 22
0 2 21
21 21 26
18 18 3
11 13 21
0 4 24
5 8 4
11 13 19
10 11 16
4 6 10
14 16 14
12 15 30
18 22 19
23 1 4
10 12 7
20 22 27
20 21 17
4 5 11
0 2 20
14 15 6
0 2 4
15 17 23
5 5 21
20 21 17
14 17 20
8 9 19
11 14 2
21 0 2
22 1 19
8 10 17
5 7 21
6 9 30
19 21 2
3 5 28
21 22 24
14 17 20
1 3 5
8 12 3
5 5 2
14 15 4
6 9 27
8 10 1
5 7 20
2 4 20
10 12 8
