1770 30
4 10 14 11 10 28 14 29 30 20 14 18 9 16 3 17 14 9 26 25 2 13 28 18 15 13 6 19 14 21 
4 5 1
6 7 30
11 12 29
15 17 16
7 9 20
16 17 25
22 0 20
7 9 24
17 18 8
7 9 4
11 13 19
2 6 11
10 11 27
8 10 19
10 13 13
14 16 16
3 3 24
20 22 1
19 20 21
16 18 1
3 5 27
23 0 12
21 1 12
20 21 8
18 22 10
18 20 23
11 13 20
19 20 20
6 9 21
15 17 24
8 10 22
21 22 25
17 18 19
19 21 6
14 16 24
22 23 23
5 7 11
5 7 30
20 23 11
20 21 23
15 16 25
6 7 10
4 6 7
18 20 23
16 17 2
0 3 2
3 2 11
14 15 16
22 0 11
21 0 30
9 12 3
8 10 26
0 2 27
0 2 13
13 17 6
1 3 21
23 1 14
20 21 16
18 21 18
0 4 25
9 12 24
11 12 29
9 10 15
21 0 29
9 12 4
9 11 1
20 22 19
17 19 6
20 0 20
7 8 16
4 6 23
12 14 12
18 20 18
0 2 21
20 23 16
18 20 29
13 15 15
7 9 20
16 18 12
23 2 26
4 8 19
11 14 22
20 23 5
4 6 1
15 18 28
12 14 11
7 9 7
5 9 14
0 2 14
13 15 7
10 13 7
18 19 14
1 2 13
2 5 8
15 15 17
8 12 18
16 18 14
22 0 5
3 6 29
7 9 3
13 15 21
8 12 17
16 18 6
9 12 18
13 13 6
13 14 15
2 3 13
7 10 13
3 6 19
6 7 11
15 17 27
22 1 16
18 19 4
9 11 20
12 14 25
19 20 27
18 20 13
21 0 29
22 0 29
9 10 30
2 2 15
16 18 10
16 19 5
6 8 7
0 2 2
13 17 1
3 6 25
5 8 28
16 18 17
4 8 21
17 19 1
9 9 20
0 2 25
16 17 13
8 10 10
6 9 30
1 4 11
9 10 23
11 15 11
23 3 28
15 16 25
12 14 11
7 7 16
8 10 7
10 12 25
12 14 8
12 14 16
18 20 7
2 6 2
9 10 4
15 19 21
22 2 12
2 3 26
20 19 3
5 8 1
10 13 21
2 4 17
0 2 24
21 22 16
4 6 30
15 17 21
19 23 4
7 8 19
17 19 9
2 4 4
7 10 27
6 9 29
21 22 6
8 11 8
16 19 14
19 22 4
0 2 29
12 15 15
15 16 7
6 8 21
13 14 28
19 22 10
8 10 7
22 1 3
4 8 10
11 11 12
22 0 16
1 5 13
23 2 18
16 18 30
11 13 16
8 9 3
15 18 7
17 21 3
11 13 5
13 16 19
1 3 22
19 23 26
7 9 27
19 21 24
2 4 20
0 3 25
9 11 15
21 23 29
18 20 13
19 20 21
23 1 22
21 23 19
1 3 19
6 8 1
8 11 16
8 11 16
10 11 18
22 1 14
6 8 4
11 13 27
17 18 24
11 13 17
3 5 19
23 0 24
2 4 19
22 23 23
21 0 24
13 14 8
13 16 19
11 13 20
18 20 12
11 14 3
5 9 14
18 20 10
1 3 16
19 21 15
15 17 11
13 16 20
3 3 27
22 0 12
14 15 21
22 0 17
1 3 8
14 14 14
8 10 9
2 2 26
9 12 19
4 5 30
15 17 20
22 0 9
15 16 8
15 17 5
12 14 6
4 7 3
11 13 27
19 18 10
21 1 7
22 0 14
2 3 5
2 2 14
5 5 10
2 4 8
2 4 30
0 1 4
4 5 17
8 9 28
17 18 27
16 18 7
12 13 17
19 20 29
4 6 12
1 2 28
3 6 29
3 5 14
5 6 22
12 15 21
4 7 29
2 3 8
6 8 28
4 6 18
7 9 23
11 15 7
6 8 10
0 4 19
6 8 24
15 17 26
11 13 29
16 17 17
21 23 16
14 13 7
3 5 6
11 12 18
0 1 30
18 21 13
3 4 24
16 18 4
0 1 3
5 6 12
2 5 13
3 4 29
3 5 13
12 14 26
10 11 28
13 16 15
14 15 11
19 21 11
16 19 16
16 17 24
23 0 6
7 7 24
7 9 13
15 17 22
23 1 10
20 22 24
10 11 8
15 16 14
3 3 21
4 4 5
12 14 19
21 23 11
6 6 5
8 11 5
2 5 11
2 5 17
14 16 17
14 17 27
1 3 26
20 23 4
1 3 28
7 11 12
12 16 6
19 18 27
18 20 4
2 2 29
4 5 13
8 8 10
0 1 1
2 6 26
20 23 25
8 9 1
1 2 24
18 19 26
2 5 1
13 15 18
14 16 7
7 6 28
22 1 22
18 20 25
14 16 11
12 14 29
7 8 26
11 13 9
20 22 28
8 11 3
22 1 19
2 4 12
23 23 17
21 23 4
13 17 30
2 2 10
7 8 4
2 3 13
3 5 6
19 21 18
7 8 1
1 4 20
13 15 23
9 11 15
19 21 26
4 7 20
17 19 4
15 17 2
11 13 26
4 5 29
22 0 14
0 0 12
6 7 14
16 18 23
20 22 27
22 0 28
0 2 7
11 14 20
4 5 13
7 9 21
17 18 8
20 23 12
16 19 24
23 23 3
3 6 24
10 11 14
6 9 16
4 6 21
18 19 12
23 2 4
19 21 7
23 1 22
16 17 28
15 17 21
19 21 17
11 15 18
17 20 12
20 0 8
4 4 13
8 11 25
2 6 22
12 15 28
18 19 6
21 22 11
9 11 15
21 0 4
22 2 22
19 21 21
21 23 27
9 12 10
16 17 10
6 9 20
4 7 22
21 0 30
1 5 20
21 21 13
4 6 20
9 11 1
8 12 15
7 10 15
13 14 27
5 6 12
22 1 2
9 10 20
1 5 21
0 2 1
2 5 30
0 3 21
17 19 12
14 16 2
23 23 10
6 6 17
19 20 25
3 4 19
14 16 19
1 1 5
17 19 25
8 9 14
6 8 12
21 0 19
22 0 21
18 20 1
5 7 29
20 23 14
9 11 18
22 0 18
21 0 1
5 9 12
10 13 27
0 4 30
8 10 19
0 3 17
16 19 23
18 19 14
17 19 13
11 13 15
9 10 18
3 2 13
20 21 30
5 7 29
10 13 24
22 0 12
21 0 27
1 3 18
8 8 1
23 23 2
21 0 4
16 18 17
12 15 19
15 17 26
20 22 10
23 1 11
10 12 22
16 18 8
21 22 21
14 17 3
14 15 2
15 16 10
17 18 11
18 23 19
19 20 12
2 4 16
9 11 9
5 8 14
15 16 26
7 9 1
21 0 1
18 19 4
13 17 16
1 4 14
3 4 28
15 18 9
8 10 30
9 11 16
8 9 8
21 23 6
13 16 18
19 20 10
1 3 26
14 16 6
14 16 12
2 5 1
13 15 16
15 17 25
3 4 27
10 13 18
8 11 20
5 9 21
6 9 1
19 22 22
4 6 16
0 3 30
6 8 1
8 11 19
21 0 15
14 17 30
5 8 2
23 2 8
14 15 9
8 8 3
20 21 27
0 2 20
9 11 28
13 14 16
21 23 9
9 11 3
22 2 19
0 1 26
22 23 27
7 9 7
6 7 4
13 16 11
22 0 11
5 6 21
3 6 14
5 6 1
14 16 24
17 19 21
7 9 4
4 5 27
11 14 7
2 5 21
13 16 16
2 5 13
4 8 14
7 9 15
14 15 22
5 7 24
21 22 16
21 0 17
9 11 18
9 11 1
10 12 29
8 12 12
12 14 13
2 4 24
11 13 8
0 2 1
3 7 7
5 7 30
3 6 17
1 2 11
9 11 13
11 12 13
4 7 14
17 18 21
13 14 15
4 5 18
14 15 16
3 6 30
8 11 8
0 2 11
15 17 4
6 9 20
22 0 10
0 1 6
9 12 9
9 13 28
13 17 20
16 16 10
9 10 9
23 22 24
11 12 25
15 18 18
23 2 11
6 7 28
16 17 26
22 23 26
3 6 30
14 16 29
18 19 14
2 4 10
10 12 5
9 13 28
5 6 16
8 12 30
4 7 30
13 13 2
11 11 9
15 17 9
12 13 21
16 18 16
9 10 23
10 14 25
6 8 12
10 13 25
22 0 11
10 11 15
8 11 18
8 8 23
18 20 25
12 15 22
2 5 17
0 4 21
20 21 9
6 8 26
18 20 14
7 9 13
11 13 6
9 11 6
2 2 18
7 8 24
19 22 17
9 10 25
20 22 25
1 3 24
9 10 1
16 18 1
17 17 30
16 20 17
3 6 23
11 14 5
7 8 16
5 5 5
7 10 9
8 10 5
2 3 15
19 20 27
7 11 17
8 9 6
1 3 1
1 4 27
1 1 5
16 19 6
22 23 17
0 3 1
11 12 19
22 0 9
2 2 16
4 7 10
2 3 21
22 1 11
18 21 20
7 10 8
21 23 20
15 17 12
7 8 20
14 17 28
22 23 7
21 22 20
13 15 27
0 1 8
20 22 22
8 10 20
5 7 21
23 1 9
18 20 7
15 16 12
14 16 15
15 17 22
1 4 20
20 22 7
2 5 11
18 20 29
1 3 1
7 12 9
22 23 10
3 5 24
10 14 3
10 11 9
9 10 12
13 16 4
17 20 7
4 7 5
6 7 27
9 12 11
18 20 21
2 3 1
4 6 29
20 22 1
15 15 13
23 1 16
14 17 2
5 8 2
2 3 22
3 6 12
18 21 3
6 9 25
0 -1 20
23 2 15
1 1 21
15 17 28
0 1 3
0 3 26
0 3 27
7 10 10
13 15 9
0 3 5
17 20 23
17 18 19
10 12 23
20 22 23
11 11 30
7 9 4
2 4 5
22 2 8
17 18 10
7 11 13
2 2 5
15 17 12
5 6 20
14 15 17
10 11 13
13 14 13
9 13 21
9 11 26
0 2 30
5 7 3
3 7 25
8 10 20
21 1 22
12 13 18
9 11 25
1 4 17
15 16 14
9 8 3
0 3 25
13 17 14
7 9 20
4 7 28
15 19 4
3 6 10
10 12 17
10 12 3
3 5 19
9 10 10
16 17 8
8 9 27
20 22 1
2 4 15
14 16 2
0 2 25
9 11 5
21 0 3
13 14 3
19 20 20
19 20 5
10 12 28
8 9 2
5 6 3
13 16 1
8 10 14
8 9 29
11 14 21
17 17 13
11 12 7
23 0 17
17 20 28
5 7 30
21 0 22
4 5 23
18 20 27
14 17 14
12 14 3
22 0 5
17 20 23
12 14 15
4 4 12
14 16 13
23 1 10
6 7 10
12 13 25
0 2 21
10 11 16
8 10 24
8 10 25
16 18 27
15 16 29
23 3 8
3 5 30
3 6 10
13 15 9
5 9 24
18 19 9
18 18 4
0 2 19
13 15 16
3 7 3
7 6 9
12 14 4
19 19 19
18 20 16
5 6 17
2 4 25
22 23 21
1 3 27
2 5 2
0 1 17
4 5 7
4 6 23
9 10 7
1 4 1
22 2 9
4 5 6
15 17 4
4 8 7
5 6 14
22 0 15
9 11 1
15 17 29
0 2 13
0 1 26
10 13 23
23 0 20
22 0 23
14 16 24
10 12 22
16 18 6
13 15 4
0 3 3
1 1 13
11 11 18
3 5 8
12 12 16
4 5 7
14 15 30
2 3 3
14 16 16
5 5 28
9 12 23
8 10 4
1 3 5
17 20 22
19 21 27
1 3 20
1 3 25
13 15 3
15 17 28
9 11 29
9 11 3
6 8 11
9 10 18
3 5 5
0 3 29
23 23 28
15 19 28
6 9 17
20 21 29
21 0 9
7 9 2
16 17 1
1 4 17
20 21 13
9 12 12
8 11 30
3 5 15
5 6 16
0 2 15
5 8 22
16 17 20
6 8 6
23 0 20
8 9 28
7 9 30
6 9 13
11 11 15
10 12 20
23 1 14
4 5 5
20 21 22
4 7 11
13 16 18
0 2 16
17 20 9
19 21 29
13 17 3
6 8 5
1 2 9
19 22 4
19 21 30
10 11 7
4 5 1
6 9 23
12 15 8
3 4 17
21 22 25
13 14 1
5 7 13
12 14 20
15 17 24
7 9 29
6 9 5
6 7 24
8 12 29
8 10 17
2 4 22
20 23 5
20 23 6
13 15 27
23 23 30
5 7 1
15 17 14
14 18 19
9 10 23
5 6 4
17 20 27
7 8 6
7 9 15
12 14 8
23 1 28
0 1 17
21 22 1
23 23 1
7 8 7
3 5 23
13 15 24
6 8 27
18 20 22
0 2 15
21 22 10
10 12 7
0 2 2
21 0 3
4 3 29
15 18 15
7 10 26
14 17 7
9 11 2
1 4 2
6 7 9
9 10 12
9 12 18
2 4 30
14 17 21
22 2 9
23 1 12
18 20 24
1 3 21
2 4 16
19 21 12
19 21 2
7 9 19
6 8 29
1 5 19
8 10 13
8 9 23
11 13 1
23 1 21
23 0 10
1 2 26
4 5 2
5 8 22
16 18 26
18 20 26
3 2 21
6 9 23
18 20 28
6 9 30
14 16 8
8 9 24
5 8 22
14 15 4
2 3 17
2 4 21
2 6 28
1 2 18
5 6 23
22 0 9
12 16 8
10 11 12
12 14 22
19 21 13
16 18 18
9 12 13
0 4 16
22 23 26
19 19 17
22 2 13
21 22 28
7 9 24
20 23 16
10 12 15
18 21 9
9 12 3
11 12 11
6 7 1
0 3 20
6 9 17
10 12 18
18 20 27
8 10 19
14 16 9
10 13 23
22 1 15
10 11 5
3 5 2
11 14 23
2 3 4
22 1 10
1 0 7
6 7 9
20 22 4
12 13 17
3 5 15
0 2 19
1 4 26
12 14 27
14 15 18
15 18 29
23 2 6
15 16 19
5 5 10
2 5 4
22 0 23
23 2 28
10 11 21
21 23 15
9 12 28
15 17 17
18 20 10
1 4 15
22 23 22
6 7 15
0 3 18
20 0 19
2 5 13
2 3 30
16 18 12
22 23 6
20 21 28
7 9 29
20 22 2
16 17 1
23 2 24
3 5 14
3 4 8
12 14 22
16 20 22
23 1 12
9 11 6
16 19 25
11 13 28
11 14 28
5 7 13
19 21 13
22 0 27
16 21 10
20 22 4
18 18 7
19 21 12
8 12 23
21 22 14
1 2 11
15 16 11
6 8 21
8 10 23
19 20 28
19 21 16
13 15 16
1 3 14
9 10 29
12 14 15
2 3 27
12 15 16
12 15 18
2 6 21
17 18 3
18 20 21
7 9 11
2 4 8
20 22 2
8 11 5
14 16 12
8 10 20
1 3 27
5 8 3
4 4 19
17 17 18
22 23 14
19 20 26
14 16 22
9 10 10
12 13 25
0 1 6
7 10 21
7 9 13
8 9 20
17 21 26
5 7 25
3 5 17
18 19 2
14 15 6
7 9 30
9 11 13
10 11 10
17 19 12
12 15 29
22 1 11
3 4 27
12 15 5
18 20 12
15 16 15
8 9 14
8 9 25
5 7 10
5 6 28
9 11 8
22 2 13
5 6 16
22 23 18
8 11 28
2 3 13
11 13 27
22 1 15
15 15 18
7 8 16
20 22 4
23 2 24
23 0 4
2 3 8
7 8 22
2 4 24
14 16 5
7 10 16
13 16 20
13 15 22
10 13 6
12 14 2
4 6 12
12 14 20
20 22 14
13 14 19
5 7 15
12 14 30
12 15 21
3 5 21
5 6 28
20 23 11
15 17 25
16 18 1
6 8 8
12 15 25
4 7 26
21 23 16
0 1 17
7 9 29
12 14 18
7 11 28
15 18 18
5 6 28
22 21 29
1 4 30
9 10 22
1 4 6
6 7 5
9 10 24
3 4 4
14 15 9
11 13 16
1 3 1
17 18 7
9 12 19
1 3 30
4 6 19
1 2 14
15 16 10
20 23 4
10 12 27
1 4 21
16 18 9
22 0 19
19 21 27
5 8 2
2 3 10
3 4 22
7 8 15
9 13 8
7 9 2
6 9 6
19 21 9
0 2 18
13 15 25
12 14 26
2 4 24
0 2 18
5 6 22
7 10 21
17 20 23
1 3 1
17 19 17
10 12 5
18 19 24
10 12 15
2 3 2
12 13 1
14 16 1
19 20 17
8 9 23
21 0 30
0 3 25
15 18 24
23 1 9
4 4 23
21 23 5
9 9 21
1 2 12
6 8 15
11 13 17
11 13 29
5 7 16
8 11 6
19 21 16
17 19 7
17 21 20
1 3 17
4 7 20
0 1 9
8 11 5
13 15 24
22 23 8
0 2 13
16 18 7
11 13 14
15 16 19
5 6 8
7 8 18
6 9 11
4 6 30
7 9 12
20 22 8
12 14 15
5 7 16
3 7 23
10 11 12
11 12 9
15 18 23
12 17 15
6 8 23
17 18 19
10 11 17
18 20 26
21 0 5
9 11 12
18 20 27
10 13 1
6 9 5
17 17 3
1 4 19
22 1 11
22 23 24
20 22 2
6 9 6
22 23 5
3 5 30
3 6 26
17 18 5
10 11 22
9 10 6
13 16 5
12 15 2
1 3 23
15 16 1
21 23 2
4 7 11
6 8 23
20 22 15
17 17 13
0 4 28
21 22 15
4 6 30
16 19 15
13 14 21
13 13 14
7 7 28
10 13 27
5 6 30
4 6 21
12 13 27
17 19 25
20 22 17
8 10 10
10 13 18
4 5 25
3 6 18
4 6 22
0 3 14
10 12 6
16 17 9
21 0 2
8 10 16
18 20 27
0 2 21
23 23 27
22 0 13
20 21 10
10 11 27
21 21 14
20 20 14
10 13 23
1 2 8
4 6 30
22 0 10
18 19 16
6 6 7
21 23 24
18 19 18
6 9 10
22 23 2
17 18 24
2 4 12
22 23 10
2 4 12
2 3 7
13 15 12
19 21 27
17 19 2
17 19 22
19 21 25
16 17 3
14 14 29
12 13 12
20 20 9
8 9 15
9 12 8
3 7 8
12 13 8
14 17 2
6 8 29
19 21 11
23 2 14
14 15 7
15 16 27
13 14 29
16 19 4
11 12 25
8 10 16
19 21 15
6 9 29
20 23 11
0 2 20
11 15 11
2 3 27
23 1 18
17 19 26
4 6 16
6 10 23
13 16 20
18 21 1
0 0 15
5 8 3
10 12 14
11 12 23
9 11 15
19 22 29
11 13 22
18 23 20
23 2 8
10 13 27
1 4 23
14 15 29
16 20 14
13 16 18
15 17 9
19 21 27
11 13 12
20 21 21
22 23 19
8 10 29
17 18 25
23 1 28
9 10 19
21 0 27
7 9 20
11 13 21
4 5 24
11 14 24
0 3 29
21 0 22
2 4 21
20 21 9
21 23 24
8 9 3
3 4 3
13 14 15
6 8 9
19 21 8
3 6 22
8 11 27
4 7 19
15 18 28
21 23 18
20 0 9
23 2 8
6 7 27
7 9 19
2 3 12
23 23 23
9 12 19
14 17 25
7 10 6
19 20 7
17 18 6
17 20 1
19 20 10
15 17 8
7 11 20
20 21 4
6 6 29
3 6 18
18 20 11
23 0 17
13 17 15
23 2 26
17 18 12
17 20 13
20 21 10
8 10 12
23 1 11
2 2 18
18 21 14
19 21 13
7 9 6
17 19 2
17 19 5
21 23 2
15 17 1
6 8 10
17 18 9
23 2 8
7 9 10
20 22 9
6 7 7
12 15 8
7 8 20
14 16 27
17 18 29
9 11 14
0 1 7
20 22 30
17 19 8
9 11 12
5 8 15
5 7 27
0 1 29
9 11 21
19 21 30
21 22 4
1 4 10
0 4 13
9 12 24
6 9 29
6 9 22
5 6 21
17 20 28
5 6 17
5 7 19
8 11 15
21 22 24
22 0 21
2 4 25
0 2 24
4 7 7
5 6 16
3 5 29
10 13 23
13 14 25
4 5 14
2 4 13
3 6 10
22 1 28
18 20 20
15 17 8
6 8 19
0 1 18
12 13 18
7 9 3
11 15 17
20 22 11
5 7 9
3 4 1
17 21 20
4 5 4
9 10 22
3 5 30
12 13 23
1 2 24
20 22 13
10 13 15
16 18 22
2 6 29
7 8 11
9 13 27
7 10 20
13 15 1
22 0 23
18 19 10
7 8 9
15 17 24
2 5 2
12 15 1
3 5 12
11 14 22
14 16 26
13 16 14
14 15 11
9 10 23
3 6 24
18 18 26
19 21 8
23 1 8
12 13 9
20 23 28
18 21 8
1 3 17
7 9 28
22 23 11
13 15 30
9 10 28
10 10 10
6 8 1
13 15 25
12 14 5
16 19 29
21 22 4
20 21 9
8 12 16
1 4 12
5 7 16
2 4 17
21 23 18
22 1 13
18 20 6
7 9 21
7 11 28
7 8 5
9 11 17
8 11 12
3 4 30
11 13 25
0 1 11
10 13 19
12 14 22
15 16 1
19 22 2
22 1 6
0 2 3
19 20 18
10 11 25
22 0 6
17 18 16
18 21 19
0 2 14
21 22 6
18 20 1
18 21 20
10 12 9
17 18 21
8 11 11
19 20 27
18 19 10
0 2 18
1 2 6
18 20 26
16 18 7
15 19 4
6 7 7
8 9 10
14 16 9
4 5 12
16 17 12
7 12 16
11 14 17
19 22 17
8 9 28
21 22 23
7 10 27
19 22 16
22 23 11
21 22 16
8 10 19
3 5 4
20 20 19
20 23 13
5 6 20
20 22 22
4 5 4
2 3 13
6 9 8
18 20 17
1 4 8
9 10 11
8 11 14
4 7 20
14 16 29
10 12 6
21 22 9
11 15 16
19 20 23
1 3 16
7 10 11
18 19 28
14 16 28
22 23 10
7 7 24
10 14 21
10 12 30
0 3 9
22 23 30
3 5 12
20 0 4
8 10 21
16 17 10
0 1 4
2 7 30
8 9 26
9 12 7
18 21 9
0 1 26
16 19 12
8 10 23
2 4 30
21 23 12
6 7 3
4 5 12
1 3 8
12 14 24
1 3 5
12 14 25
22 23 4
7 9 23
15 16 7
18 20 19
20 21 27
19 21 8
23 0 22
16 19 27
8 10 10
20 23 6
9 10 8
7 9 9
19 22 22
23 1 3
12 15 15
14 15 9
5 8 19
3 5 3
19 0 16
22 1 17
18 19 4
19 22 22
15 19 18
11 13 6
1 4 11
12 13 13
14 17 20
5 8 10
12 16 23
19 21 4
13 14 30
6 8 9
1 3 22
4 5 14
11 13 27
6 8 14
18 20 21
1 3 1
23 1 9
14 16 8
10 10 20
18 21 12
12 13 21
7 9 10
16 18 17
4 6 17
11 11 11
1 3 20
2 5 7
21 23 23
22 0 23
23 0 19
8 12 23
9 11 2
12 14 23
22 0 1
11 11 13
23 0 25
16 18 18
11 11 3
21 0 6
11 14 27
9 12 4
0 2 4
20 23 25
23 2 12
22 1 27
4 5 25
15 18 26
23 1 19
2 4 21
1 4 20
4 5 9
16 18 23
6 6 13
9 11 1
21 23 6
11 12 29
12 16 1
8 11 22
22 23 14
21 23 11
19 21 6
21 23 4
20 23 4
17 20 17
8 10 21
19 21 1
17 19 13
9 11 24
8 10 17
2 4 30
21 0 25
23 2 25
15 18 30
9 10 20
22 23 6
12 13 7
23 1 24
0 3 20
17 19 9
9 10 10
15 19 26
7 10 28
22 0 28
6 8 7
13 16 4
3 6 24
12 15 2
16 18 30
13 14 19
19 22 24
8 9 14
11 12 30
10 12 26
8 11 4
2 5 30
7 9 25
10 13 5
13 16 9
13 17 23
15 18 29
19 21 23
9 12 12
4 6 11
3 6 11
17 19 29
0 1 15
0 2 1
19 20 24
19 21 16
12 14 9
22 0 16
14 16 7
2 3 9
13 13 29
12 13 28
