1890 30
15 18 18 16 2 11 18 16 12 7 6 25 14 28 10 17 13 6 15 16 3 10 7 21 2 5 19 17 3 7 
21 22 26
8 10 2
3 6 1
9 12 11
11 13 27
12 15 25
1 2 22
11 12 3
14 16 25
5 7 13
8 9 2
9 12 27
6 6 20
0 2 25
13 14 14
19 19 22
11 15 12
4 6 28
18 19 3
0 3 21
8 9 7
19 22 15
8 12 14
11 14 16
11 14 20
22 21 16
7 8 28
19 22 11
4 6 14
2 3 13
23 0 10
19 21 25
0 2 22
22 23 9
22 1 2
19 21 1
3 5 3
4 6 22
5 6 30
4 5 30
4 7 15
14 16 25
6 8 20
2 4 7
5 7 7
4 4 6
19 21 26
14 18 14
3 4 8
23 1 13
0 3 1
0 1 12
1 4 8
12 14 29
20 22 1
22 23 1
4 8 12
11 12 4
7 10 12
17 19 7
3 5 25
14 15 28
22 23 27
20 22 21
8 11 16
16 19 25
11 14 13
11 13 4
21 2 12
13 15 23
8 10 19
22 23 5
22 0 14
9 12 24
11 13 14
11 14 19
0 2 13
19 22 14
14 17 17
10 13 14
2 3 27
20 23 24
20 21 19
10 13 11
6 9 28
13 15 11
8 9 17
11 12 30
3 5 12
23 2 16
15 16 14
20 22 3
14 17 23
1 3 20
17 19 30
21 22 18
9 12 6
16 16 25
12 13 4
14 17 6
15 16 4
11 12 17
18 19 14
15 18 20
13 14 2
6 9 21
14 16 19
1 3 26
1 2 25
1 3 21
7 8 17
0 1 4
9 13 7
3 4 8
17 19 30
0 1 2
5 6 27
4 7 12
9 12 27
22 22 3
23 0 29
5 7 29
2 4 9
12 13 9
17 18 3
22 23 18
0 1 24
5 6 1
22 2 17
8 9 23
1 4 2
20 22 12
10 12 3
21 0 20
21 0 6
6 9 24
7 9 22
22 2 10
23 1 10
2 4 2
14 15 23
5 9 14
18 20 12
7 8 9
22 1 22
21 0 8
19 23 19
2 4 20
4 7 15
19 21 22
7 8 21
19 20 13
10 12 25
6 6 24
19 21 5
13 14 8
13 14 18
0 1 20
9 12 3
6 8 22
10 12 12
4 5 15
2 2 7
11 14 30
4 6 25
11 13 10
21 22 25
9 12 1
8 12 10
15 18 29
1 1 11
17 18 16
10 12 18
22 0 24
5 5 11
21 0 27
15 17 26
6 9 29
22 23 26
17 19 24
5 7 3
15 18 20
5 7 14
10 12 6
2 3 30
1 5 22
2 3 25
18 20 11
8 9 29
1 4 23
11 13 7
20 22 11
6 8 24
19 21 12
22 0 15
20 22 8
16 19 1
12 14 8
3 5 16
6 8 15
22 0 25
21 1 2
5 8 3
23 0 12
20 21 28
1 4 30
0 2 14
7 8 6
0 1 27
5 7 29
22 2 23
7 10 17
14 16 7
17 19 8
3 5 27
1 4 19
10 11 25
20 22 19
11 12 5
6 7 14
8 13 30
23 2 24
1 2 20
16 18 6
8 10 3
13 16 22
20 22 14
19 20 11
11 15 18
17 21 20
6 9 18
8 9 29
12 14 2
16 18 14
19 21 2
5 6 5
11 12 18
9 12 3
2 6 21
16 19 9
4 5 18
14 17 16
8 9 28
3 3 29
18 21 19
6 11 4
0 3 30
3 9 9
13 15 11
14 16 1
4 6 28
0 3 2
12 14 21
6 9 27
5 6 1
22 0 30
15 18 2
20 22 21
3 5 27
12 15 16
11 11 3
16 17 21
8 10 6
7 8 23
8 10 11
10 12 6
12 15 9
17 19 24
23 1 18
12 13 15
15 17 26
15 16 6
6 7 15
20 23 24
16 18 2
3 6 8
10 12 10
2 3 25
1 3 19
23 2 10
20 22 27
7 9 12
3 5 8
12 14 10
7 10 25
14 17 8
20 21 21
9 12 14
7 8 22
5 7 22
6 8 16
15 17 5
18 20 10
17 18 8
8 10 1
7 10 3
15 16 19
9 12 12
0 3 30
19 23 3
3 5 25
10 13 22
1 2 17
8 9 11
20 21 20
6 7 23
16 17 9
11 12 21
20 22 15
8 12 21
4 6 14
18 18 20
1 2 3
6 8 10
8 11 14
6 8 28
5 7 28
3 4 28
23 2 22
9 10 8
13 13 9
4 7 2
18 19 11
19 21 6
10 12 7
3 5 15
22 2 10
17 19 20
11 12 23
16 19 9
2 4 14
4 7 30
0 1 22
23 0 23
7 10 28
23 23 23
15 18 9
4 5 3
13 16 8
6 8 4
10 12 15
14 16 22
10 10 17
3 3 28
6 9 29
13 16 6
15 17 15
16 18 13
10 12 14
3 5 4
1 5 3
10 12 5
8 9 14
21 22 11
16 16 26
5 7 13
1 5 3
17 20 14
21 0 14
8 10 27
4 7 24
12 14 20
20 23 27
7 8 2
22 0 16
16 17 10
17 20 14
6 7 7
20 23 5
13 14 23
23 0 3
15 18 9
11 13 7
18 19 16
12 14 6
16 16 12
7 9 24
7 8 5
10 12 4
7 11 25
7 10 1
20 22 16
22 2 20
14 15 22
23 1 7
15 16 30
14 15 14
16 17 27
0 2 26
0 3 28
14 16 7
10 11 24
22 23 18
8 12 20
15 17 3
6 7 8
5 7 30
10 12 18
7 8 14
15 17 4
4 7 29
3 5 10
0 1 9
5 7 6
7 10 6
4 5 24
9 11 17
15 17 27
11 15 22
17 17 15
20 23 19
7 11 16
14 16 4
21 23 8
8 10 27
2 5 5
9 11 25
1 1 29
0 1 11
12 14 27
19 21 11
18 20 26
11 16 7
20 23 12
11 12 1
14 15 28
5 8 13
7 8 1
18 21 6
2 3 17
20 22 29
5 7 18
21 0 24
18 23 28
9 11 15
14 17 16
6 8 28
20 22 20
10 12 4
0 3 18
2 4 21
9 11 11
14 15 22
11 14 27
11 12 1
12 12 26
15 17 26
12 14 13
15 17 10
14 16 25
3 5 10
20 21 6
23 2 26
19 20 26
17 16 13
6 8 3
22 22 19
19 21 4
19 21 8
7 9 18
14 16 3
17 20 22
14 16 3
16 18 26
20 22 1
14 17 17
20 23 9
0 2 24
16 16 10
16 17 17
15 17 22
4 6 8
8 9 20
3 4 22
14 16 8
0 4 10
8 10 2
1 2 29
11 13 15
1 4 28
6 8 13
19 21 14
0 3 8
12 14 24
0 2 23
1 2 18
13 16 22
13 16 15
4 6 28
10 11 4
6 8 5
13 13 5
4 4 7
2 3 17
15 17 25
9 12 14
12 15 20
2 4 27
14 17 12
12 14 7
14 16 2
9 10 1
13 15 18
21 21 19
23 2 10
19 20 29
5 7 4
13 15 16
0 1 21
17 19 16
7 7 25
11 11 5
5 8 27
8 12 12
12 14 4
7 10 18
6 8 13
7 8 14
0 1 28
15 16 4
23 0 2
12 13 15
20 22 26
16 18 10
12 14 5
12 13 7
9 13 26
12 15 6
19 21 8
22 1 6
18 18 25
7 8 3
11 12 4
6 10 26
0 1 12
0 2 19
20 20 14
3 6 5
15 18 3
21 0 1
8 10 14
6 9 7
19 19 16
12 14 26
2 3 1
21 22 19
13 14 1
3 5 26
14 15 6
4 6 23
20 23 30
10 10 1
0 2 16
4 4 6
17 18 12
18 18 16
11 12 19
12 15 7
20 23 23
18 20 26
5 8 7
12 14 26
15 16 19
21 23 3
13 17 3
5 8 12
20 20 6
23 2 6
0 3 21
1 3 29
23 1 14
12 14 4
7 9 9
9 11 16
0 2 11
4 5 23
9 12 16
9 11 20
5 7 19
8 10 29
12 14 10
17 18 2
1 1 29
9 11 3
4 5 8
3 5 2
14 17 22
16 18 29
4 5 21
16 19 16
18 19 24
22 0 23
11 14 24
3 7 30
15 18 15
22 1 10
15 18 25
20 22 13
1 2 1
0 3 26
12 16 17
7 9 27
11 15 6
10 14 6
20 23 30
3 6 10
2 4 18
19 20 5
1 3 13
5 7 7
13 16 28
6 7 13
14 18 23
21 23 2
11 13 30
14 16 7
9 10 2
18 20 10
13 14 27
2 4 17
1 3 3
17 18 4
9 13 28
5 8 24
22 22 24
7 9 30
10 11 24
15 16 25
16 19 10
7 8 2
0 3 24
9 12 27
16 16 7
8 10 29
16 18 14
18 18 28
18 21 22
11 13 26
8 11 6
5 6 2
4 5 29
5 7 30
10 12 8
14 15 12
5 7 21
11 13 26
3 4 19
14 16 21
17 19 1
7 9 1
2 5 10
15 18 22
21 0 29
22 0 26
21 22 27
18 19 4
1 3 5
13 17 21
16 18 15
15 16 29
17 18 8
0 1 1
8 9 22
3 4 25
19 21 7
3 8 25
14 17 24
10 11 30
4 7 12
17 20 19
12 14 15
0 2 22
15 17 25
6 7 20
22 0 9
12 12 28
3 5 19
20 23 25
5 6 30
0 2 20
7 9 28
18 19 15
4 7 4
18 16 21
8 9 22
18 21 14
0 4 11
21 22 20
4 4 28
9 11 17
4 6 24
9 13 11
21 0 30
17 19 6
5 7 3
12 14 19
9 11 7
11 12 30
3 4 26
20 21 21
12 14 19
7 9 2
5 6 6
0 0 20
5 6 18
5 7 22
0 3 9
2 4 19
0 0 29
16 19 15
8 10 10
3 6 21
4 5 13
1 4 2
1 2 4
8 9 6
6 8 7
10 11 10
9 12 6
20 22 21
5 6 2
13 15 9
16 18 6
3 3 27
23 1 16
14 17 25
5 5 18
10 12 22
1 4 23
14 16 27
21 23 15
19 21 12
3 4 16
21 23 30
2 4 24
8 10 18
1 3 29
16 18 22
5 8 30
12 14 14
5 6 28
10 11 11
7 9 18
23 1 17
19 22 10
22 0 9
10 13 5
4 7 19
14 17 29
6 7 2
16 18 19
2 5 20
22 21 19
8 9 24
17 19 6
11 14 28
10 12 16
6 6 28
16 17 2
11 12 17
1 2 29
11 15 26
19 19 1
20 23 1
16 18 11
14 17 4
18 19 21
2 5 1
7 11 3
15 18 5
14 16 20
21 20 18
4 6 9
6 8 14
17 22 21
0 1 26
21 0 19
16 19 9
8 8 4
16 19 11
20 22 14
10 12 17
4 7 16
1 2 25
1 2 7
11 13 15
6 8 20
10 11 8
6 9 1
7 11 17
3 5 17
22 2 10
2 3 1
18 20 14
7 8 12
6 9 29
12 11 8
4 6 8
13 15 7
15 17 25
11 12 17
21 0 30
18 20 29
14 16 29
14 17 26
8 10 17
10 12 3
1 2 4
12 15 15
4 7 22
23 3 19
3 4 20
19 23 9
13 16 4
10 12 26
7 12 14
16 17 24
15 17 17
9 14 17
7 9 26
6 7 29
19 22 15
2 3 28
5 8 3
13 15 7
16 18 21
13 14 23
12 14 8
17 19 6
12 13 2
6 8 14
10 12 6
10 12 12
11 13 3
20 19 2
17 19 26
11 15 9
1 5 14
22 23 15
7 11 13
23 0 6
17 21 10
19 22 19
20 22 8
20 22 18
23 23 8
12 12 2
3 4 24
4 6 10
7 9 10
23 22 28
5 7 11
4 5 17
17 19 12
15 18 12
0 2 22
15 17 8
16 16 1
0 2 9
14 17 29
15 18 5
3 5 5
11 11 18
13 14 30
23 4 19
13 15 7
9 12 15
13 15 22
20 22 28
4 6 7
3 5 19
16 18 10
6 7 2
6 8 14
13 16 12
3 5 15
15 16 14
10 13 14
23 3 9
20 22 10
22 23 24
22 2 23
13 16 26
13 17 4
8 9 6
13 15 9
17 20 30
17 19 4
21 23 5
6 10 2
11 15 2
6 8 4
17 19 15
21 23 12
13 15 19
8 10 13
16 16 26
8 10 2
23 1 4
7 7 25
14 17 21
5 7 22
21 1 7
22 0 16
19 21 15
20 22 20
16 17 26
20 22 30
22 0 20
20 22 9
0 2 25
12 13 24
18 19 10
0 5 27
0 2 14
6 6 17
11 14 1
20 22 8
6 6 12
22 0 13
4 4 16
18 19 3
3 5 6
9 11 3
3 5 16
15 16 30
14 15 10
13 16 29
23 2 8
10 13 24
10 12 9
0 2 9
9 11 7
8 9 28
0 2 12
15 20 28
18 19 22
20 20 23
12 13 10
9 11 1
1 3 27
19 22 14
2 6 17
13 14 12
3 4 13
11 13 24
16 18 9
17 21 9
18 19 11
19 22 30
5 8 18
11 14 1
16 19 12
9 12 19
23 2 6
23 0 28
21 0 7
16 19 17
11 13 28
13 15 15
17 18 22
17 18 30
17 19 24
8 9 10
18 20 28
13 16 25
18 22 24
20 20 4
4 7 28
11 15 24
1 3 13
6 7 12
8 11 15
23 23 21
21 23 23
3 5 24
17 19 7
18 20 2
17 20 30
21 23 16
3 7 27
14 17 15
12 13 1
0 2 19
4 7 8
19 21 13
10 13 9
16 17 12
18 20 25
9 11 29
21 21 18
13 13 13
6 8 22
5 9 12
19 20 3
5 6 26
2 5 3
7 11 4
22 1 25
5 6 11
6 10 28
22 0 7
16 19 13
17 19 12
21 0 20
23 1 27
13 15 20
16 18 2
6 8 5
20 22 8
14 16 27
23 1 6
2 4 4
19 21 12
23 0 8
22 23 27
9 10 20
8 11 21
5 6 9
18 19 23
14 15 30
1 3 27
5 6 9
4 6 16
11 12 4
1 4 16
0 3 12
12 16 22
20 22 30
9 10 17
14 16 22
3 4 21
11 12 5
15 17 21
11 12 11
23 2 21
6 9 5
2 5 14
7 9 19
8 11 7
0 1 28
10 11 13
7 7 10
6 8 5
11 14 17
2 5 1
22 1 24
15 17 30
19 22 11
23 23 8
16 18 7
12 14 28
2 4 7
20 20 18
16 17 11
12 14 24
15 17 2
7 10 5
20 22 23
19 20 18
19 23 1
15 19 5
5 8 8
17 19 2
5 7 16
5 7 12
14 16 3
6 7 23
8 10 27
12 14 11
2 3 4
16 16 18
23 2 25
2 4 8
7 9 8
3 4 23
15 17 9
18 20 25
11 14 28
6 10 22
7 9 11
17 17 10
21 23 27
12 14 15
21 20 25
5 8 30
19 22 14
13 16 16
14 16 1
7 8 29
13 15 21
20 22 6
10 12 12
0 0 3
8 9 29
20 22 8
20 22 24
7 7 26
21 23 22
20 22 9
5 7 22
4 6 24
11 13 19
20 22 3
20 21 10
6 8 25
1 4 12
19 22 22
22 2 21
12 12 30
11 13 13
7 10 4
3 5 23
14 16 17
12 13 12
10 13 10
4 6 9
2 5 26
20 22 15
14 16 29
22 0 19
1 4 4
15 16 23
12 14 18
15 18 1
0 2 16
18 20 8
13 15 29
15 17 27
12 14 24
10 13 13
16 17 15
1 5 10
11 13 9
21 1 22
5 8 29
12 14 22
22 0 7
13 15 18
2 5 22
7 10 9
8 9 6
11 13 17
6 7 8
13 14 19
8 10 30
8 10 30
3 5 6
17 20 1
20 22 30
9 11 3
9 12 22
23 2 7
5 7 9
15 16 16
4 7 18
19 21 3
15 17 20
19 20 24
0 2 21
21 23 4
4 6 25
22 0 13
21 21 30
17 20 2
18 19 15
18 20 9
7 9 9
0 3 21
16 16 18
22 1 4
22 22 22
17 21 12
21 23 10
7 9 26
14 17 17
10 11 30
16 18 5
21 23 28
2 5 6
5 7 11
10 13 30
12 13 25
1 2 6
2 3 25
9 11 24
17 20 2
0 1 9
17 19 19
17 21 6
14 14 23
6 9 12
13 15 22
13 15 27
0 2 17
17 18 29
16 20 28
13 16 15
2 5 15
22 1 28
3 5 3
22 23 24
0 2 2
13 14 18
17 20 18
5 7 11
9 11 14
9 8 9
19 22 25
6 8 28
14 15 6
1 4 20
20 0 23
4 7 29
19 21 7
14 15 19
3 6 20
17 20 25
7 10 17
0 4 25
14 15 5
0 1 2
19 23 19
21 0 10
3 5 17
4 5 29
12 14 2
10 11 17
22 0 17
0 1 28
5 8 20
14 16 30
20 21 8
8 9 17
23 1 14
18 22 15
8 10 22
22 0 25
22 0 24
20 21 12
1 4 30
19 22 4
4 6 3
19 21 29
14 15 30
8 10 10
3 6 9
13 16 15
23 2 21
0 0 5
7 9 21
1 1 3
23 0 28
1 5 24
0 1 5
11 11 8
20 22 3
4 6 14
14 16 21
2 3 17
21 0 19
6 8 16
12 12 13
3 5 28
15 17 8
3 6 27
7 9 8
20 22 13
8 9 23
12 15 1
21 0 8
13 16 12
19 19 12
22 1 2
6 8 25
8 9 4
17 19 25
17 18 23
9 11 29
17 20 21
0 2 12
23 1 26
19 21 11
15 16 18
23 0 19
7 10 21
19 22 15
7 9 13
4 4 26
22 1 18
10 15 9
23 2 22
0 3 24
15 17 14
14 17 3
2 5 6
13 14 19
6 8 29
8 10 3
23 2 6
10 11 12
10 10 21
4 6 25
13 14 18
18 21 7
14 15 8
0 3 21
10 13 23
5 6 2
11 13 9
18 19 16
20 21 14
0 2 17
0 3 2
3 5 30
1 3 28
21 0 6
23 3 11
10 12 6
18 20 13
3 4 16
20 22 17
1 4 1
21 23 11
3 7 29
22 1 4
2 4 10
0 1 17
23 1 18
4 6 26
10 12 2
19 22 24
9 12 10
9 10 6
8 10 28
11 14 27
20 21 8
10 13 17
7 9 20
16 17 28
1 2 5
23 1 6
5 6 27
3 5 25
3 4 3
22 23 15
22 1 16
13 15 16
11 13 5
18 21 2
8 9 11
21 23 18
15 16 28
2 3 16
2 2 2
16 17 21
18 21 22
5 5 5
10 12 14
17 17 9
4 8 11
11 13 13
23 1 23
3 6 4
13 15 8
1 3 8
2 2 23
2 2 14
22 22 29
18 19 25
15 19 2
18 20 24
1 2 10
4 6 13
15 17 23
17 20 27
15 17 16
13 15 9
23 0 2
1 3 26
8 11 9
7 8 12
12 15 23
6 7 23
11 12 25
21 0 20
15 18 1
10 12 14
19 22 22
14 16 20
12 14 3
10 14 13
23 2 12
4 6 28
16 19 16
3 5 4
20 21 30
15 17 14
5 7 20
20 22 19
23 0 30
6 9 17
23 0 23
23 2 12
20 23 5
12 14 1
1 4 2
16 19 11
19 21 10
5 6 8
4 7 25
15 16 28
19 20 28
12 14 24
23 3 20
5 7 19
4 4 20
8 11 30
16 18 30
9 11 13
12 14 3
21 1 8
2 4 13
6 9 21
14 16 8
17 21 26
8 9 21
23 0 8
11 13 3
10 12 10
14 16 5
10 11 2
3 4 10
3 5 16
18 20 4
3 4 22
12 15 19
17 17 20
15 16 13
16 19 27
13 16 12
14 16 9
12 15 20
14 15 30
14 16 21
18 20 28
4 6 9
7 8 8
11 12 15
13 16 11
8 8 30
11 12 4
20 23 24
1 3 30
18 22 7
9 10 13
12 15 23
12 14 13
2 5 11
17 20 23
17 18 20
0 2 16
8 10 26
14 15 18
17 21 9
16 18 25
18 21 18
4 6 20
14 18 19
15 18 7
6 8 26
1 2 20
12 15 29
18 19 5
13 15 12
11 14 2
13 16 11
17 18 15
7 9 15
13 16 21
8 9 5
7 8 18
22 1 2
14 17 24
13 16 2
2 5 26
0 1 26
13 13 29
11 12 28
15 17 13
9 10 21
23 1 5
12 13 21
6 9 4
12 14 11
9 10 2
21 0 14
21 22 25
16 19 23
23 0 22
10 8 16
20 23 19
20 22 15
16 19 3
1 2 17
15 17 6
15 18 15
10 14 16
20 21 14
15 17 24
6 9 2
23 1 26
17 19 27
10 12 27
23 1 8
2 4 15
3 5 4
14 17 13
10 11 15
21 23 22
9 12 2
14 17 21
16 19 19
6 8 29
10 11 9
21 22 19
14 16 17
3 6 9
4 6 15
11 12 17
20 21 7
10 12 9
10 11 18
22 1 23
17 20 15
21 0 19
9 11 5
9 12 27
1 3 6
3 7 23
2 5 6
22 0 13
11 12 5
1 3 25
7 9 8
20 20 13
10 12 10
0 2 30
9 11 25
20 21 16
1 3 22
18 20 6
15 15 28
14 15 14
3 5 22
2 4 16
13 15 20
4 6 29
2 5 7
23 2 25
12 15 24
23 1 11
13 15 24
9 12 27
18 21 26
9 12 5
23 1 14
20 23 20
16 18 19
15 17 16
11 13 15
19 21 18
11 14 30
4 4 30
13 14 28
16 17 20
5 8 10
11 12 24
23 1 8
17 20 17
21 23 10
16 18 19
9 11 6
15 18 18
2 3 3
8 10 7
14 18 4
22 0 6
19 20 10
1 2 22
13 15 15
9 13 24
16 19 22
15 15 8
11 13 11
6 8 3
18 21 10
23 1 28
9 11 11
13 15 11
20 22 26
8 11 12
14 17 28
6 8 6
16 17 12
15 15 24
18 21 12
22 23 21
15 15 9
19 20 11
18 19 30
6 8 10
13 14 9
15 17 14
2 3 11
9 13 27
16 17 20
21 22 22
13 15 26
4 7 2
8 11 15
2 4 7
2 2 2
4 5 27
4 6 7
17 19 10
1 2 1
20 23 22
19 20 17
17 19 23
0 3 20
2 4 22
14 15 28
21 21 3
22 0 11
2 5 29
3 5 24
19 20 4
6 8 7
8 10 19
11 13 25
15 18 8
13 14 10
16 18 21
12 14 1
23 0 4
9 10 25
22 23 10
3 6 7
19 22 19
15 17 15
0 3 11
22 1 20
9 12 18
6 7 14
17 20 11
9 10 23
10 13 12
6 9 30
18 21 24
9 12 24
11 13 12
19 21 27
15 16 7
0 1 13
9 11 3
14 15 14
11 15 24
4 7 19
2 4 13
19 21 2
8 11 13
17 21 12
23 2 8
19 21 22
17 18 24
0 3 3
1 5 25
0 2 22
19 21 9
21 22 18
0 2 15
21 23 16
19 20 8
10 11 16
16 18 21
18 19 28
10 11 15
4 5 13
16 19 18
16 17 30
9 13 22
0 3 24
20 22 12
23 1 8
8 8 1
21 23 30
7 9 11
12 15 6
4 7 16
19 21 5
12 14 2
20 22 3
8 11 12
10 12 5
21 23 18
0 1 25
8 11 4
0 3 17
18 21 27
10 12 5
7 9 8
3 4 22
13 16 23
4 5 14
15 18 19
23 0 30
17 20 2
9 10 18
23 1 15
5 7 30
20 22 20
10 12 1
2 3 1
10 13 2
19 22 30
16 17 19
0 3 27
21 0 3
17 20 29
9 10 18
19 21 30
9 12 11
11 13 10
19 21 15
6 8 14
7 9 23
17 18 18
18 21 29
6 9 30
19 21 30
6 8 1
9 12 18
16 19 14
10 12 6
1 4 5
14 15 18
6 8 28
13 15 15
18 19 8
16 18 21
6 8 15
16 17 19
6 10 5
8 9 10
22 0 22
3 5 21
18 21 4
2 4 6
9 10 4
15 17 20
8 10 4
9 11 1
5 7 21
6 7 15
13 16 18
0 2 18
10 11 17
9 12 15
17 20 20
8 9 23
2 4 24
13 15 3
2 3 5
9 11 19
2 5 4
18 18 8
1 3 2
1 4 15
3 5 10
14 17 18
17 18 1
23 3 23
22 1 22
2 6 11
17 20 6
22 1 28
19 21 29
19 20 27
15 17 8
2 4 18
21 0 5
13 16 25
22 23 14
2 3 24
9 11 27
19 20 16
5 8 14
12 14 27
3 4 20
11 15 25
22 1 30
15 16 16
21 22 7
0 2 8
9 10 26
22 0 7
8 9 20
16 17 17
17 20 26
12 14 8
5 7 5
2 5 24
15 18 11
8 10 17
18 19 19
15 16 8
13 14 3
4 7 17
14 14 1
19 22 20
6 8 25
20 21 11
9 9 30
0 4 11
9 12 10
19 21 13
2 3 10
3 6 28
2 5 22
2 4 1
19 21 20
22 1 2
20 23 9
12 14 16
20 23 12
14 16 12
22 2 21
16 18 14
16 17 9
0 1 9
1 3 18
1 4 28
4 9 3
3 5 6
22 23 7
22 0 16
23 2 7
14 18 11
0 3 28
1 4 11
14 16 13
5 6 28
20 23 27
8 9 21
11 14 23
6 7 28
16 18 6
7 9 7
22 0 27
13 16 4
4 3 30
21 0 1
17 19 19
0 2 7
14 16 4
8 9 20
3 5 5
7 9 2
9 11 15
14 17 2
7 11 28
12 13 19
20 0 11
22 23 14
2 3 14
19 21 24
6 10 6
7 8 21
1 4 13
7 11 25
20 20 18
6 6 27
3 5 1
14 17 18
23 2 24
2 4 17
5 4 10
14 17 23
16 15 26
