1860 30
22 13 9 23 6 1 4 14 26 7 26 3 1 25 7 16 22 4 24 22 3 28 29 6 2 11 22 16 5 25 
5 6 15
12 13 14
23 23 18
15 19 12
3 4 26
6 8 23
18 22 6
7 10 16
6 5 16
15 18 15
7 10 29
12 15 16
6 7 17
22 0 2
19 22 20
10 12 24
20 21 27
7 8 30
20 21 27
7 7 25
21 22 29
18 20 1
4 6 2
23 2 26
8 10 1
23 4 30
12 13 13
5 7 1
12 13 9
22 23 2
19 22 21
16 19 30
8 10 9
22 1 20
8 11 6
12 13 19
23 0 29
3 4 16
23 0 6
18 21 4
16 18 8
11 13 7
17 18 9
0 0 24
9 11 10
15 16 7
22 2 7
13 16 14
11 15 3
1 2 12
16 19 9
7 9 4
21 23 4
23 0 27
17 19 15
9 12 7
15 20 11
14 18 12
22 0 26
6 9 23
8 10 20
17 18 27
23 1 12
0 4 23
15 15 29
1 3 20
15 18 18
8 12 3
15 16 16
0 1 3
5 7 11
13 15 1
0 2 26
22 23 7
7 10 12
1 2 8
20 21 3
19 20 7
11 14 8
0 2 8
2 5 21
18 19 13
11 14 20
11 14 29
12 14 6
16 19 11
0 2 5
18 21 6
10 12 15
20 21 12
4 5 30
1 2 3
23 2 7
1 2 16
10 11 26
11 13 18
1 3 20
3 6 4
8 9 22
1 3 29
17 19 17
0 2 13
8 10 18
4 6 8
23 23 6
17 18 28
15 17 7
15 16 28
19 23 17
17 21 17
1 3 18
17 18 6
21 0 25
5 6 30
23 1 3
1 5 22
16 19 25
4 5 23
5 7 15
19 20 27
8 9 19
7 8 28
6 6 20
11 13 15
0 2 3
0 5 28
17 19 24
5 7 23
8 10 19
20 23 21
14 16 11
15 17 11
21 0 25
11 14 11
0 1 13
8 11 13
17 18 24
19 20 3
21 0 14
17 18 15
13 14 11
13 14 23
12 13 1
0 2 11
12 14 30
4 7 17
2 3 7
3 4 26
10 11 28
0 3 19
13 14 6
7 8 7
11 12 28
14 15 23
2 3 4
14 16 19
8 9 25
1 3 25
3 6 24
5 7 22
16 20 13
9 9 18
7 8 26
12 13 4
11 14 8
15 18 18
23 0 30
18 19 26
6 8 4
4 7 25
17 19 27
7 10 7
8 12 27
6 8 6
4 6 21
11 11 8
23 3 25
7 8 10
13 15 23
22 0 18
17 20 2
6 9 15
6 9 17
19 21 22
19 22 29
20 22 13
1 3 16
14 16 16
10 12 2
10 12 21
5 8 29
12 13 9
18 19 4
2 5 22
0 1 4
5 4 20
9 11 21
10 12 18
21 1 7
9 13 2
10 12 12
3 5 16
0 1 7
8 9 14
13 15 15
18 20 21
21 1 5
18 20 6
0 2 4
16 18 22
23 2 16
6 7 17
19 21 1
17 19 27
18 19 30
23 1 22
11 12 20
9 13 29
20 21 1
10 11 8
11 12 8
21 0 26
13 14 23
17 20 17
16 17 1
1 4 5
23 1 25
12 14 11
13 16 7
4 5 5
7 10 17
10 13 5
23 0 5
8 9 20
13 16 21
13 13 28
8 11 13
21 23 1
16 19 14
18 20 7
8 11 23
1 1 21
15 18 23
10 12 5
21 21 16
22 0 26
11 15 25
6 8 6
2 6 19
7 9 20
18 21 22
13 14 10
0 1 20
21 23 20
5 7 11
17 18 9
4 4 16
4 7 5
5 8 14
9 12 11
1 4 13
10 12 10
4 5 9
0 2 21
4 7 17
12 13 2
11 12 28
18 21 30
8 11 7
14 16 15
15 18 22
18 18 20
13 15 14
15 16 27
12 16 15
7 10 4
19 21 22
0 1 22
18 21 24
3 4 22
12 13 23
6 7 21
8 9 26
7 9 30
17 18 11
14 17 11
13 15 7
23 2 29
14 15 5
4 4 3
6 7 15
15 17 25
20 23 29
15 18 28
12 15 7
9 11 16
13 15 10
2 4 20
17 20 4
9 11 15
2 4 29
11 14 4
20 21 9
5 6 10
7 10 5
21 23 1
8 9 25
11 15 25
18 21 24
2 4 12
22 1 3
13 16 6
1 1 27
14 15 10
13 14 5
21 0 1
5 5 30
20 23 5
4 7 19
3 5 2
1 4 18
11 11 26
10 12 30
4 6 27
0 2 20
7 9 16
21 0 1
13 16 8
6 9 13
12 15 24
3 5 29
0 2 28
7 8 4
8 10 13
15 17 14
13 17 29
16 18 17
3 6 12
6 8 13
19 21 18
4 6 12
7 9 30
7 8 14
15 16 2
1 4 15
3 4 16
11 12 19
22 23 7
3 5 16
15 16 3
21 0 5
5 6 25
11 13 9
21 23 5
14 15 20
9 13 26
3 2 12
2 4 12
13 16 19
5 5 3
10 11 17
14 16 27
4 7 19
12 16 12
14 16 5
5 6 4
13 15 14
3 4 13
21 22 20
23 1 22
1 2 9
18 20 3
17 20 26
14 15 29
11 12 20
8 9 17
2 2 6
9 11 30
8 9 23
17 19 20
8 10 23
2 4 4
18 21 12
9 11 9
23 0 18
23 1 5
10 11 19
8 11 10
19 22 26
18 20 25
9 10 22
3 5 11
14 16 6
11 13 25
8 9 3
4 6 16
9 10 4
21 23 20
9 10 14
17 19 3
17 18 21
14 17 10
15 16 6
7 8 27
17 17 10
5 6 24
13 15 6
11 11 11
6 8 14
6 7 20
5 6 21
13 16 6
8 10 30
23 1 19
14 16 29
21 0 12
9 12 10
1 2 7
15 16 3
13 16 7
13 14 26
21 23 14
21 1 21
12 14 27
4 4 30
1 4 12
9 11 12
10 14 16
8 10 7
0 1 25
18 22 1
14 16 1
6 8 11
18 20 20
1 3 10
5 7 30
22 0 8
10 12 5
10 12 13
18 19 28
12 13 7
2 4 11
16 18 25
16 19 13
1 3 10
21 21 17
12 14 19
23 1 25
6 7 5
10 13 28
13 14 27
19 23 30
15 18 18
9 10 8
21 22 16
13 15 19
5 5 27
11 11 2
13 14 13
18 20 21
23 1 6
19 22 20
4 5 25
18 20 14
2 4 20
17 20 11
21 22 3
14 15 6
3 5 15
3 6 20
19 21 26
5 6 16
15 18 2
7 9 9
18 20 21
5 9 13
1 3 30
8 11 12
20 23 15
14 16 23
9 10 8
13 14 15
8 10 5
15 17 7
18 21 16
7 9 2
11 13 17
2 6 15
11 15 8
21 22 15
6 7 16
11 14 26
20 21 12
17 20 12
10 15 30
23 3 20
13 14 29
10 12 19
13 16 16
19 21 15
2 5 12
16 18 18
5 6 16
13 14 1
7 9 28
4 5 25
15 17 2
0 3 17
15 16 15
16 19 29
13 14 10
17 19 8
14 15 18
20 23 23
1 2 13
8 9 23
19 21 10
13 14 20
2 2 7
20 22 23
1 5 12
23 23 12
5 6 23
16 18 14
16 17 29
16 17 5
9 11 24
14 16 15
1 2 29
18 21 8
5 8 11
17 19 20
11 14 19
23 0 18
8 10 10
6 8 12
17 19 26
21 21 2
5 7 8
21 23 1
0 1 18
2 2 15
20 23 23
13 15 7
15 18 13
12 16 24
3 6 28
21 0 21
19 21 22
4 5 5
12 14 4
21 0 20
3 5 15
1 2 12
14 16 22
4 6 1
17 18 15
6 8 14
13 13 6
13 13 14
7 11 28
5 8 2
13 16 30
16 18 26
1 4 6
5 6 9
4 5 27
8 11 1
4 5 26
2 2 1
21 23 9
19 21 29
23 1 6
0 2 1
23 0 17
8 9 3
18 19 1
4 7 29
6 7 5
8 9 20
15 16 13
20 22 17
23 1 18
7 10 19
21 0 29
1 3 16
11 14 16
19 21 5
23 2 24
1 3 5
22 0 29
12 14 12
1 3 29
19 22 18
0 2 14
12 13 30
5 8 28
20 21 24
0 1 18
9 11 10
18 20 16
21 0 26
3 2 6
10 11 12
2 5 4
1 4 29
0 2 25
22 0 3
20 21 7
21 23 12
19 21 28
9 11 7
7 9 3
3 4 17
7 8 28
13 15 20
19 21 14
10 12 15
19 21 30
7 10 1
11 13 23
2 5 26
20 23 22
16 18 22
1 3 8
17 18 9
15 18 13
18 20 25
1 3 24
5 6 13
10 13 22
22 0 30
5 6 16
10 11 18
0 1 26
2 4 27
5 6 7
21 1 13
4 5 8
8 9 23
5 7 4
11 13 19
19 23 7
7 11 8
20 23 21
19 22 30
20 22 1
16 16 9
2 5 17
23 2 30
15 18 25
21 23 1
21 23 10
15 17 6
20 21 30
13 17 2
12 14 21
10 12 13
9 8 15
4 5 4
19 19 28
5 7 26
2 3 24
6 9 9
12 13 3
13 14 8
6 8 9
3 5 3
4 6 6
1 2 14
19 21 25
22 0 15
16 17 16
6 8 5
7 8 12
12 16 1
5 7 24
20 0 29
1 3 3
14 14 14
12 14 27
22 23 29
22 1 12
5 6 28
4 6 23
10 11 12
15 15 19
17 20 29
22 2 12
22 0 22
3 4 23
13 15 8
6 8 17
10 11 18
13 16 10
20 22 2
21 1 17
9 10 4
10 11 17
1 2 17
5 8 29
9 12 2
14 16 19
5 8 16
19 21 28
14 16 28
22 0 12
23 0 24
13 14 9
22 1 13
11 13 2
8 11 21
5 8 1
8 10 17
13 16 16
2 4 2
4 5 12
16 19 16
10 12 7
0 2 16
6 8 24
9 9 26
14 15 3
0 3 10
21 23 23
8 11 18
1 3 24
18 20 8
10 11 27
6 9 28
14 16 7
4 5 14
10 11 9
7 10 22
18 20 23
19 21 5
11 13 28
20 21 28
11 12 30
1 4 9
21 23 20
14 15 1
23 23 20
5 8 8
0 2 2
9 11 13
16 17 1
4 6 27
5 7 6
4 5 22
22 0 23
7 9 1
9 11 5
14 15 13
15 18 10
0 2 15
14 17 28
17 20 17
21 22 11
20 22 2
2 4 9
3 6 9
21 23 6
11 15 11
1 3 30
17 18 30
12 14 1
10 11 2
10 12 29
9 11 17
12 14 25
5 7 11
5 8 22
14 17 18
11 13 23
11 14 24
2 4 21
12 16 11
12 14 11
10 12 24
12 14 11
13 15 14
1 2 6
11 13 24
5 8 8
20 23 26
9 11 3
13 17 21
10 11 13
14 15 4
15 18 20
17 17 2
10 12 11
3 5 23
9 11 6
2 4 18
2 2 26
17 19 30
12 13 10
0 2 12
20 23 29
23 0 11
15 18 30
0 2 3
1 4 17
22 0 3
21 22 24
16 19 8
22 1 3
5 6 30
3 4 7
2 3 1
21 23 12
21 22 17
16 19 25
3 4 23
22 0 30
0 3 30
18 20 21
14 14 16
0 3 9
5 9 8
20 22 20
23 2 28
8 9 24
19 21 20
22 1 28
14 17 8
1 4 10
18 21 25
14 18 20
20 22 2
8 13 10
15 18 17
2 5 2
13 16 8
0 1 13
14 16 18
11 13 9
17 17 29
3 6 25
18 20 13
14 16 19
18 19 5
2 2 6
3 5 6
8 8 2
13 16 14
11 15 17
5 6 10
11 13 23
12 13 24
0 1 12
15 18 25
12 14 1
12 13 4
11 13 6
23 0 9
7 9 8
21 23 5
0 2 22
7 9 28
5 6 1
3 4 24
15 17 18
7 9 11
22 0 25
14 16 13
17 19 30
21 22 29
20 22 1
18 20 11
16 17 7
6 8 2
12 15 12
9 12 23
0 3 17
22 0 30
17 19 4
8 10 28
1 3 5
23 0 9
11 13 4
3 4 21
9 11 25
11 14 22
4 5 20
9 11 4
2 4 6
21 0 14
6 7 10
11 14 8
2 5 22
12 13 6
20 23 30
9 14 15
7 10 18
1 2 29
8 10 8
14 16 20
11 12 25
20 21 26
21 21 3
19 23 20
12 14 15
5 6 6
20 21 11
8 10 14
14 17 12
8 12 27
14 15 12
14 16 30
19 22 8
17 19 6
19 21 2
15 17 16
17 17 16
17 18 5
16 19 18
5 8 2
1 4 22
18 20 28
18 20 12
17 19 1
7 10 2
11 15 28
15 17 15
20 22 21
15 16 27
19 20 5
1 1 14
16 18 25
21 23 26
6 9 15
1 1 24
9 12 2
2 6 21
10 11 9
22 1 6
19 20 3
4 6 21
13 15 14
7 10 5
19 21 4
10 12 29
11 11 28
17 19 13
6 8 25
0 2 12
18 21 13
9 10 11
4 7 12
0 3 10
10 10 22
15 17 7
0 0 4
11 13 13
11 14 2
3 5 17
22 1 6
23 0 27
7 9 8
8 9 13
2 3 17
9 11 24
23 1 10
14 17 9
4 5 12
0 3 20
5 7 16
23 0 26
16 19 30
7 9 4
3 5 30
4 6 17
22 1 15
2 5 30
0 3 14
18 18 1
3 4 30
21 23 6
5 7 14
15 17 7
23 1 26
18 21 12
15 18 26
1 4 8
0 2 12
17 19 4
3 5 11
20 23 11
5 8 11
14 17 10
19 21 25
21 22 12
0 1 15
15 18 22
12 13 21
23 0 1
18 19 30
15 16 9
10 10 4
21 22 15
9 10 1
14 17 30
22 2 12
10 12 23
13 16 23
7 10 18
18 20 28
12 14 4
7 9 8
0 0 19
4 7 24
3 5 21
10 11 8
17 20 22
16 20 27
17 21 20
3 5 30
3 4 24
20 0 1
11 12 26
19 19 13
12 14 26
3 5 20
12 15 5
17 18 19
5 6 22
8 11 24
17 20 14
22 0 15
9 11 22
5 8 10
2 4 30
21 21 6
4 4 17
7 8 11
7 6 5
2 4 27
0 2 7
18 19 20
13 13 18
20 22 3
0 2 16
13 15 28
13 14 4
11 13 27
21 22 29
20 22 27
8 9 5
16 16 9
11 11 2
15 17 2
0 2 5
0 3 29
6 7 6
10 12 16
11 13 6
21 0 10
7 10 8
18 20 19
4 7 20
14 16 19
11 13 11
22 3 15
23 0 3
8 11 26
9 10 17
9 11 26
9 9 8
21 0 15
10 13 25
23 0 23
12 15 27
3 3 15
17 20 4
1 3 23
23 0 26
3 6 7
3 5 2
6 8 20
6 8 22
8 10 11
13 14 6
11 12 20
3 7 20
1 4 7
9 11 19
18 19 15
11 15 5
7 8 30
22 23 22
12 15 27
0 3 21
0 1 10
11 13 26
0 3 7
8 11 23
3 4 25
21 23 12
13 15 18
18 21 2
3 5 29
4 4 30
18 19 18
5 8 26
9 12 23
7 10 5
13 16 13
20 22 10
9 11 2
2 3 24
10 12 12
12 15 24
14 18 27
15 17 25
10 14 9
12 14 23
4 4 19
17 20 9
12 14 19
4 4 14
22 1 28
23 2 28
8 8 28
14 16 2
20 21 18
2 3 2
18 21 8
0 2 19
0 2 27
7 8 25
7 10 19
14 15 30
20 0 23
18 20 26
0 3 15
8 10 20
7 7 2
22 1 19
14 18 7
14 16 10
9 11 6
4 3 13
10 12 7
12 12 3
0 1 12
18 21 20
21 23 18
12 15 13
12 14 8
1 4 3
12 15 8
2 5 27
12 14 6
5 4 21
15 16 14
16 19 30
13 16 4
17 19 30
1 4 29
2 5 9
17 19 10
6 7 30
21 22 1
11 15 22
10 12 29
23 3 7
4 6 13
22 1 28
20 22 29
15 18 5
6 7 3
5 6 6
7 9 16
0 3 17
5 7 14
21 0 12
20 21 27
16 18 25
8 8 6
6 9 24
7 7 11
18 19 4
12 15 26
19 22 20
21 23 18
9 10 21
14 15 18
23 1 7
6 8 12
7 8 6
13 16 15
23 2 17
22 2 8
15 17 4
11 13 11
14 16 22
20 23 24
6 7 3
0 1 29
10 12 5
0 2 1
10 14 28
14 16 11
1 1 8
6 7 5
19 20 26
16 18 28
6 9 18
1 2 18
19 20 12
8 9 6
5 7 29
23 0 10
22 23 5
7 8 29
21 23 22
19 21 30
13 16 27
3 5 11
6 7 28
18 20 7
20 20 26
19 22 10
18 19 28
7 9 4
3 5 19
17 18 30
16 20 4
2 6 21
21 23 15
13 16 18
13 12 17
2 4 6
10 11 13
3 5 19
21 1 19
20 22 17
3 4 18
5 7 5
14 16 12
1 1 12
2 2 13
2 4 5
20 22 24
20 22 11
1 2 2
22 0 3
3 4 8
13 14 10
10 13 29
21 23 28
8 9 11
7 11 26
23 1 20
5 8 25
0 2 20
10 12 20
1 3 29
7 10 23
18 21 5
6 8 23
1 2 15
6 8 25
10 13 19
17 16 30
7 10 5
16 20 21
2 5 14
21 22 21
21 23 1
5 5 26
5 6 28
2 3 4
0 3 22
23 0 12
11 14 28
21 23 9
21 23 14
15 17 14
6 9 27
15 17 7
10 12 8
21 22 21
18 21 17
2 5 8
15 16 10
22 0 22
0 1 14
7 10 6
23 0 11
20 22 19
11 12 21
4 6 4
1 3 16
10 12 12
11 14 24
3 5 30
17 18 25
15 17 15
11 13 28
17 19 1
1 2 18
9 12 6
5 6 22
17 18 24
9 12 3
6 7 25
0 3 8
12 15 28
5 8 6
0 3 10
3 5 30
16 17 27
4 5 14
6 7 30
1 2 1
23 2 17
9 12 28
10 11 14
20 22 17
12 12 17
11 13 29
1 1 16
11 11 3
10 13 5
1 3 5
14 15 17
14 17 28
21 22 3
0 2 17
5 5 25
14 15 12
16 19 9
15 18 1
16 17 7
15 17 26
4 4 22
11 14 30
23 1 10
2 3 20
11 12 18
21 0 1
11 12 27
12 14 3
11 13 2
15 16 19
23 2 5
20 22 25
6 7 14
23 0 6
0 3 30
5 7 27
10 12 20
0 2 19
8 11 11
7 9 17
0 2 11
17 19 22
9 12 25
20 23 9
5 8 26
9 11 4
22 21 21
0 1 23
8 10 22
23 1 24
3 6 20
23 0 7
17 19 24
16 19 29
19 22 21
18 21 1
8 11 25
1 4 14
12 13 26
21 23 27
6 9 30
7 10 28
20 20 28
0 1 26
3 6 2
1 3 4
18 21 18
12 14 12
20 0 2
23 1 25
22 0 21
10 11 10
4 6 18
19 21 25
13 15 6
7 8 10
21 22 20
16 18 4
18 20 16
16 17 5
17 18 26
20 23 9
6 10 14
10 11 3
21 0 2
7 8 29
11 13 18
6 7 7
12 15 7
5 6 9
6 8 16
6 9 17
15 17 19
0 2 18
11 15 22
2 5 5
10 12 23
4 6 1
1 3 26
15 16 7
0 1 1
8 10 30
21 22 16
12 14 7
14 18 12
4 5 29
13 13 9
5 9 26
2 5 20
13 14 1
18 21 18
4 6 14
11 13 27
20 22 26
6 10 4
15 16 1
11 14 29
11 15 7
18 20 16
8 12 23
12 12 16
5 6 30
15 18 23
6 7 13
7 6 27
2 4 14
2 5 18
23 0 20
3 3 25
4 6 7
21 1 14
5 8 8
14 16 22
13 14 29
1 2 6
23 1 18
19 20 19
18 20 20
13 15 13
3 5 13
1 3 20
8 9 14
6 8 8
11 13 9
1 3 26
1 2 26
4 6 21
18 20 30
7 9 6
4 7 21
3 5 11
10 10 10
18 18 28
6 7 14
17 20 17
16 19 13
13 14 25
10 11 23
8 9 8
20 21 12
0 2 23
0 2 22
0 2 30
15 17 16
16 16 24
12 15 5
14 16 1
19 22 15
4 5 8
5 7 2
23 0 19
13 16 6
14 17 25
0 3 13
6 9 17
2 4 27
11 13 15
9 10 11
16 19 24
7 10 20
22 23 8
4 5 17
10 14 9
13 15 30
3 5 22
7 10 25
6 8 8
16 18 3
0 1 12
2 3 8
16 19 27
16 18 5
3 5 11
9 11 25
8 12 24
5 7 1
13 14 23
17 17 24
12 13 8
16 19 20
23 2 22
22 0 20
19 19 30
17 21 2
14 14 7
14 15 28
8 8 9
13 16 24
5 8 15
16 20 24
14 16 1
22 0 13
20 21 8
0 2 30
8 7 21
0 3 17
23 0 5
18 18 28
20 23 18
4 8 1
19 20 11
10 12 24
7 8 15
13 16 24
1 4 25
6 6 19
4 6 11
0 2 2
5 7 9
19 20 29
23 1 22
18 20 4
9 8 23
23 3 12
6 7 24
14 17 27
3 5 30
16 19 26
10 12 25
16 17 24
8 11 25
23 3 12
23 2 26
19 21 11
17 18 16
11 12 12
6 8 26
12 15 14
4 5 22
16 17 29
23 2 7
18 19 1
0 2 10
9 12 17
14 15 7
21 21 17
22 0 29
12 12 10
16 18 11
20 23 16
23 2 28
13 17 3
9 10 5
18 21 27
8 10 16
0 1 8
10 11 26
11 14 26
3 5 23
19 23 28
7 8 8
3 8 18
17 19 4
2 5 22
10 11 3
0 2 2
16 19 10
15 17 24
14 16 21
14 14 20
3 6 30
12 13 23
18 20 18
18 19 16
20 21 22
21 23 11
13 14 22
8 9 29
3 4 13
0 3 20
2 4 20
9 11 6
4 5 5
18 20 7
17 18 15
5 7 4
12 14 29
17 19 12
16 18 12
17 19 10
1 2 28
16 17 2
6 8 11
8 10 23
0 2 22
15 17 14
9 11 1
0 3 22
10 12 27
0 2 12
9 11 26
23 23 22
7 11 6
17 19 16
12 15 2
8 9 5
14 16 21
20 21 25
9 10 10
0 3 9
5 7 11
8 9 26
11 15 1
22 23 18
13 15 18
15 17 9
14 15 19
13 16 28
5 7 30
6 8 20
13 14 19
23 2 25
4 5 29
21 0 13
3 4 4
22 1 18
16 17 30
10 10 21
18 21 7
10 13 25
11 13 22
14 16 8
20 21 23
11 12 10
9 12 24
9 12 18
13 15 23
11 12 16
22 0 7
19 20 13
6 7 27
20 20 23
12 12 27
13 18 2
17 21 18
15 17 6
7 9 8
1 5 8
8 10 6
3 4 8
1 3 7
16 17 4
22 0 6
11 14 5
14 18 23
22 0 30
7 9 19
10 11 11
9 11 11
12 13 13
22 0 9
18 20 6
1 2 4
3 6 1
11 14 29
16 18 18
6 9 4
22 0 22
6 6 5
16 17 23
6 6 16
20 21 2
21 0 23
1 4 17
11 13 24
6 9 2
20 22 9
6 8 27
21 0 11
7 9 2
19 21 7
2 4 20
9 13 16
23 0 2
18 20 9
0 3 3
21 23 18
22 23 28
18 19 30
18 19 20
22 23 14
12 14 24
12 15 23
17 21 30
10 11 2
14 17 19
23 1 25
15 17 7
16 17 22
11 12 3
4 5 5
23 1 11
1 4 17
18 20 9
6 9 24
12 15 29
20 21 10
16 17 19
19 21 9
0 2 14
19 22 23
9 10 5
17 18 16
7 11 6
21 23 16
15 18 24
23 2 26
7 9 28
16 18 17
2 3 30
8 8 11
15 17 21
7 9 24
17 18 26
3 5 20
13 15 14
3 6 11
10 13 29
18 21 16
10 12 12
19 20 21
17 17 29
6 8 11
23 0 6
2 5 23
4 6 15
18 21 22
7 10 1
22 1 3
1 5 16
18 18 8
0 2 20
13 15 16
2 3 21
3 6 3
15 16 2
18 20 2
5 7 25
18 20 30
9 8 21
10 13 6
6 7 27
10 11 24
16 17 10
18 20 5
3 8 19
0 3 13
8 11 30
23 1 20
22 0 23
3 5 27
17 20 17
18 21 2
18 19 3
21 22 2
2 3 13
9 11 7
22 23 23
3 6 5
2 2 16
16 19 20
9 11 8
8 9 4
13 14 21
5 7 14
12 15 12
17 18 9
17 20 22
7 9 1
20 22 3
14 15 22
15 16 20
10 12 11
2 3 6
16 19 15
8 11 26
4 5 7
9 11 29
1 2 30
22 2 12
17 20 1
5 7 25
20 23 8
16 18 16
23 2 24
14 18 30
7 8 22
9 10 10
8 10 15
16 17 23
18 20 10
18 20 17
13 16 9
3 5 24
18 18 23
8 11 30
1 2 11
1 4 5
18 22 9
21 23 9
7 7 12
6 6 29
20 21 9
11 12 14
2 4 23
19 21 2
1 2 2
8 10 27
3 4 28
9 9 22
10 13 15
19 21 25
6 8 17
16 17 9
20 20 6
2 2 13
2 4 14
21 22 19
12 14 25
0 2 20
20 21 1
