1820 30
1 20 14 5 16 20 30 16 23 23 29 24 19 5 10 24 4 14 24 30 30 12 8 11 18 25 15 18 26 12 
8 10 18
22 0 22
8 9 17
16 18 18
7 11 25
3 6 16
18 20 2
0 2 25
14 16 30
5 6 24
13 16 14
6 10 6
6 8 4
1 4 4
9 12 21
5 6 3
6 9 4
15 16 30
1 4 15
17 19 2
22 23 28
7 8 13
19 21 11
17 16 8
3 5 22
6 9 30
18 19 4
2 4 6
10 11 12
12 16 14
16 20 20
19 19 29
12 13 10
23 0 23
6 8 10
8 11 17
8 12 27
18 18 26
3 4 27
18 20 29
11 13 10
12 14 3
13 15 22
19 20 13
2 5 5
12 13 24
22 23 13
10 11 9
5 6 14
9 11 4
22 2 14
9 11 22
5 7 27
11 12 30
23 2 21
4 5 5
6 8 30
17 19 20
19 21 13
20 22 15
9 12 23
13 14 16
7 7 30
3 5 26
10 12 6
9 11 25
6 8 13
10 12 22
19 19 26
13 17 8
3 6 7
15 17 29
9 10 19
0 2 21
13 16 21
6 7 12
9 11 28
17 19 6
12 14 4
17 20 18
1 3 6
4 6 14
17 19 30
22 23 20
14 16 30
14 16 12
9 10 20
2 4 27
3 5 6
0 2 12
6 8 8
7 9 5
14 14 5
17 20 30
0 3 14
4 6 21
15 18 20
15 20 8
19 20 8
15 16 11
1 4 9
4 7 19
19 21 13
6 8 18
23 1 28
10 14 2
20 19 20
20 23 25
13 14 27
0 3 29
22 0 16
3 7 19
1 3 28
9 10 9
11 13 9
19 22 17
1 4 8
17 17 23
1 3 10
23 3 9
1 3 8
15 17 24
2 4 4
12 13 30
12 13 22
16 19 30
20 22 9
15 17 12
14 17 9
12 13 20
5 7 4
16 17 27
5 8 28
22 1 1
18 20 13
12 13 5
3 4 12
7 10 5
4 7 7
5 8 17
23 1 11
10 12 9
23 1 18
13 14 27
19 21 12
10 12 18
9 11 5
2 4 8
15 17 23
22 23 22
14 16 26
0 3 5
12 13 4
15 16 13
12 14 28
21 22 1
2 4 30
9 9 14
23 0 3
6 7 28
15 16 11
11 13 3
1 2 24
7 10 5
22 0 15
2 5 15
23 2 14
22 0 4
21 23 18
15 17 25
14 17 20
15 19 18
12 13 26
15 17 16
23 23 27
23 0 6
15 19 26
12 14 16
12 12 27
3 6 30
16 19 19
2 3 30
11 12 14
0 0 17
17 21 15
1 5 26
9 11 27
11 11 9
17 20 18
6 7 21
10 11 5
0 1 19
20 20 19
1 2 24
7 8 11
8 11 28
17 18 30
19 22 30
16 19 23
2 2 26
20 22 10
0 1 20
6 9 28
16 17 5
3 4 18
1 5 17
23 0 11
22 1 26
18 21 22
21 0 25
14 16 25
19 21 17
4 3 7
0 4 18
23 2 10
10 12 23
23 2 5
7 9 18
12 13 15
23 2 18
11 13 1
14 16 13
21 23 28
2 5 21
21 22 18
12 15 26
11 14 9
15 18 13
22 0 18
2 7 10
3 5 13
3 7 8
15 17 3
22 1 6
16 17 6
12 12 13
6 8 22
3 5 5
23 1 28
17 20 9
18 21 27
23 1 22
13 16 5
6 8 18
11 13 8
3 3 23
17 18 19
0 1 4
20 22 2
10 12 15
23 0 15
18 20 16
11 13 13
10 12 23
5 6 26
16 18 21
18 22 26
3 5 2
17 19 11
14 17 26
16 18 22
21 22 28
21 23 25
23 2 30
21 22 11
15 18 4
20 0 13
18 21 15
1 2 24
15 16 20
23 2 12
20 22 24
19 20 14
13 15 13
1 2 16
2 5 23
13 15 18
8 10 19
16 20 18
21 23 29
22 0 15
22 0 5
11 14 3
8 11 19
15 17 19
3 6 13
13 14 14
21 0 3
0 3 12
6 9 27
1 4 25
5 6 20
20 0 21
6 9 13
21 23 17
20 22 20
10 12 12
4 6 15
14 15 21
10 10 12
9 9 27
16 17 23
17 20 19
10 13 7
6 8 19
22 22 30
15 17 17
6 7 2
19 22 20
13 14 13
7 8 6
15 15 7
7 9 29
5 7 23
8 10 22
3 5 7
16 17 4
16 20 18
20 22 18
23 0 25
9 13 28
11 12 7
4 6 20
23 1 23
16 17 30
17 20 25
4 6 16
15 17 5
14 15 28
18 19 11
23 1 2
18 19 25
11 14 7
8 11 4
8 11 18
4 6 8
18 18 24
3 6 3
12 15 18
22 23 8
4 5 17
7 9 22
21 23 6
15 16 1
17 21 12
0 0 5
14 16 21
5 6 28
15 16 14
2 3 22
23 1 20
6 7 15
15 18 27
19 20 20
2 4 30
1 5 5
3 6 21
22 0 16
20 22 14
16 17 18
9 11 27
20 22 11
7 10 24
7 9 18
16 19 8
15 16 1
13 15 26
19 19 5
21 23 3
0 3 15
4 6 3
6 8 21
15 16 30
21 22 3
4 4 25
19 23 15
12 14 22
16 19 27
0 2 3
17 20 8
5 5 10
1 2 18
16 18 13
18 20 11
17 19 1
18 21 5
4 7 10
19 22 22
7 9 28
18 20 12
22 1 10
22 1 21
4 6 26
20 22 23
3 4 27
22 1 25
0 3 4
21 22 10
13 14 3
13 16 17
3 5 6
14 16 7
14 15 10
22 1 9
14 17 1
7 9 1
15 17 17
20 21 2
17 20 28
4 6 3
3 7 15
16 20 10
5 7 14
17 18 7
13 13 24
13 16 12
18 20 15
15 17 11
3 6 30
12 15 29
2 4 5
22 0 23
13 16 6
10 12 22
1 2 16
9 10 12
20 22 8
17 20 3
23 3 13
2 3 5
16 16 25
7 9 3
22 21 11
20 22 8
11 12 1
8 10 17
10 10 1
15 15 20
2 7 11
16 19 29
8 9 14
23 0 21
8 10 29
2 5 16
17 19 25
1 3 13
20 21 28
15 19 5
18 23 29
19 20 4
11 14 21
2 5 5
18 20 20
5 7 26
19 22 28
7 10 22
16 18 15
17 18 6
7 10 20
14 14 26
17 20 10
19 20 9
23 23 24
8 11 22
16 18 6
16 18 26
6 9 28
12 13 15
6 9 25
2 4 11
22 1 1
21 23 2
6 9 6
16 19 9
9 11 20
3 4 13
9 12 1
19 20 29
22 0 20
12 14 11
17 18 9
14 15 25
7 9 11
1 2 25
5 7 13
12 14 14
1 4 25
9 10 21
0 2 9
14 16 26
11 12 24
13 17 19
2 3 18
23 2 7
21 1 26
1 2 24
0 2 6
11 13 15
12 13 9
4 6 19
8 9 26
12 14 18
5 8 19
10 13 24
0 2 2
11 13 25
9 10 3
4 4 11
6 8 4
5 5 9
13 15 25
10 12 17
13 13 4
16 18 29
10 12 21
15 17 1
3 6 26
3 4 13
11 12 28
0 1 15
18 20 30
18 21 3
17 20 11
19 19 19
3 5 2
6 10 1
18 22 1
20 22 21
11 14 27
5 8 19
17 16 22
7 9 22
18 19 1
22 1 21
17 20 22
12 14 30
2 4 4
3 5 29
8 9 24
9 12 19
10 12 1
8 10 4
3 5 10
22 1 27
9 10 15
2 5 4
23 1 2
18 20 25
22 0 14
1 3 2
3 5 18
4 7 21
5 5 1
0 2 20
5 6 2
4 5 21
19 19 3
4 7 22
9 12 20
12 16 22
14 16 20
17 18 23
5 7 29
15 16 17
8 10 5
14 17 14
18 19 17
23 2 12
12 16 12
8 9 4
14 15 19
20 23 27
6 7 17
1 3 13
2 3 1
22 0 4
12 14 25
1 3 4
10 13 20
2 6 3
19 22 1
4 6 5
11 15 17
3 3 8
17 20 25
0 3 6
19 22 24
3 4 10
9 13 4
8 11 26
10 13 18
11 12 15
17 19 18
8 11 8
5 7 20
6 8 5
20 21 29
10 13 11
16 20 11
15 19 28
4 7 23
21 0 24
19 20 9
10 11 5
2 5 6
10 13 3
6 8 29
4 5 21
17 19 12
1 3 22
15 16 18
11 12 14
20 21 8
6 7 11
17 20 21
5 5 5
13 16 5
9 12 10
14 15 7
23 0 27
1 4 4
15 17 8
23 1 3
5 8 14
21 23 14
23 2 25
12 15 10
2 3 7
4 7 13
16 20 6
17 20 3
22 1 19
23 3 26
7 8 25
18 19 3
15 17 4
21 23 6
23 0 15
20 22 4
22 22 27
9 11 9
23 0 7
6 7 2
10 10 21
17 20 29
20 23 30
21 23 26
20 23 29
21 0 7
2 4 14
3 6 11
15 18 4
22 0 16
8 11 8
22 23 23
17 19 26
12 16 18
23 3 19
7 10 10
20 21 18
1 3 3
13 14 16
3 5 17
2 4 15
13 17 2
3 4 19
12 13 25
17 19 29
1 3 27
17 17 25
1 3 3
2 4 3
8 9 18
5 8 1
12 12 12
22 2 12
3 5 18
10 10 29
22 23 9
11 11 28
0 2 27
4 6 23
0 2 17
6 8 8
10 13 10
12 15 2
2 4 11
20 23 23
8 13 24
5 8 27
3 6 10
10 12 25
1 2 5
19 21 15
17 20 5
14 18 1
11 13 11
16 19 22
4 5 24
14 19 8
20 22 8
4 6 17
3 4 27
5 8 11
0 2 5
1 1 7
15 17 22
3 5 15
4 6 12
20 23 26
7 9 14
22 0 1
2 6 27
17 18 25
18 18 10
4 6 24
12 15 15
8 11 18
15 16 22
8 11 13
9 11 23
9 12 3
8 11 15
14 16 18
6 8 13
12 13 28
1 3 17
0 1 14
10 12 22
15 18 21
15 18 25
19 20 22
19 21 23
14 16 17
2 3 13
16 19 25
21 23 27
4 6 1
15 17 16
23 0 12
10 13 15
20 23 9
7 6 26
0 1 20
9 12 25
12 15 2
20 22 21
12 11 9
14 14 14
3 5 22
2 3 26
19 21 24
3 5 2
10 11 23
20 22 21
21 0 1
2 3 21
14 14 12
21 20 15
22 23 15
5 6 6
11 11 29
19 20 7
5 8 18
4 7 15
5 7 15
4 6 9
13 17 18
18 18 23
13 14 9
7 7 25
20 23 11
3 5 28
2 4 8
21 23 15
14 15 8
2 4 24
9 9 14
23 3 9
19 20 30
16 16 16
5 7 28
11 12 20
2 5 11
15 15 16
13 12 19
0 3 17
14 15 27
18 21 18
22 23 20
9 10 3
1 3 6
21 23 3
20 20 23
21 0 6
14 13 7
8 10 16
11 13 22
18 19 29
13 16 29
15 18 23
2 3 16
0 1 19
13 15 20
3 4 11
14 17 10
3 5 11
22 1 9
22 3 23
23 1 20
15 17 7
6 9 16
20 23 16
5 8 13
7 9 14
0 1 12
22 23 6
8 11 29
8 9 10
2 4 4
10 11 16
4 5 21
8 11 5
13 15 23
23 1 1
16 17 13
13 16 15
8 11 24
15 18 3
20 23 23
15 17 24
2 4 6
8 9 20
8 11 23
12 14 4
9 12 8
20 0 10
20 23 11
18 19 26
15 17 16
10 13 19
19 20 6
11 13 6
18 19 18
13 16 9
7 8 12
1 2 25
12 14 3
1 3 24
20 23 21
18 20 9
17 18 25
22 0 1
4 7 21
15 17 17
12 13 22
10 11 24
11 13 4
10 14 8
23 3 15
0 2 2
20 21 1
2 4 12
7 10 20
16 19 4
21 23 24
4 6 15
16 18 5
12 14 4
16 17 14
1 4 28
9 11 7
21 23 29
23 23 8
14 16 18
23 1 8
13 17 24
8 11 10
10 13 12
23 0 6
5 7 2
12 16 21
20 22 27
16 17 15
23 1 18
8 10 8
19 21 5
23 1 10
20 22 29
21 23 3
3 4 24
23 0 11
18 20 28
4 9 1
11 12 4
14 16 30
8 10 28
13 17 21
10 11 25
8 10 8
16 19 22
5 7 13
13 14 15
2 5 5
3 4 19
11 13 24
18 19 16
1 2 4
5 8 25
13 16 3
7 8 10
19 22 10
12 14 22
17 18 24
18 20 16
3 6 28
22 1 9
7 8 29
18 21 1
15 16 7
7 11 25
13 14 27
22 1 7
21 23 28
3 7 14
8 11 11
19 21 24
12 13 26
14 16 19
2 3 28
11 14 5
12 16 2
6 7 4
2 4 12
3 5 23
21 23 6
3 6 24
4 5 7
12 14 9
3 4 11
18 20 22
0 3 1
14 14 19
13 15 3
5 6 16
21 22 15
12 14 7
5 7 6
2 6 28
14 18 16
13 15 15
8 9 14
3 4 24
21 23 12
12 12 20
23 1 18
9 12 13
5 7 13
21 0 4
15 16 20
12 14 16
7 7 28
8 10 25
9 10 21
7 8 29
8 11 21
4 6 1
6 6 23
20 21 9
1 4 22
10 12 7
17 20 25
7 9 21
1 3 6
3 4 1
13 14 25
8 11 12
22 23 26
6 10 24
0 3 29
7 10 16
11 13 26
6 10 4
13 15 8
9 11 1
14 15 28
21 23 1
9 14 24
10 12 24
5 6 14
20 23 14
6 10 18
20 22 17
3 5 21
20 21 6
16 19 16
10 11 28
3 5 26
12 13 29
5 9 23
14 17 19
19 18 2
22 0 11
23 2 17
18 21 20
7 8 21
1 3 23
9 10 22
19 21 7
14 16 27
7 10 21
18 19 11
18 21 14
0 3 22
7 9 18
19 20 2
14 15 8
12 12 19
19 22 10
12 13 9
15 17 3
3 5 25
2 4 4
16 17 14
14 17 24
0 0 13
20 22 26
4 5 1
8 11 4
19 20 22
13 14 10
15 17 17
18 22 24
22 0 19
20 22 21
12 14 6
13 14 9
0 3 3
22 2 8
12 14 19
22 0 24
4 6 30
12 14 7
15 17 11
14 16 20
19 22 11
13 16 24
8 9 19
3 4 25
22 0 17
4 6 4
13 15 29
3 4 15
13 16 9
5 7 26
13 16 1
18 19 4
22 1 4
3 4 12
13 14 18
9 11 28
11 12 19
15 15 1
8 10 24
3 5 14
0 3 1
18 18 25
7 10 26
12 13 19
2 3 29
17 19 17
5 8 2
14 17 15
5 6 23
10 11 16
21 21 1
10 11 13
23 1 27
2 5 27
8 10 30
13 14 19
6 7 13
15 17 11
10 12 29
11 14 22
5 9 6
17 18 28
8 9 21
4 6 29
4 5 14
0 1 3
8 11 14
11 13 6
0 -1 5
2 5 18
15 17 6
23 0 14
4 5 7
1 4 7
0 2 30
6 9 11
20 22 23
4 5 19
21 22 20
1 4 25
2 5 18
15 16 21
12 14 8
10 13 15
23 3 28
21 2 18
22 1 22
14 17 6
3 3 13
3 3 11
12 14 2
16 19 25
3 4 7
0 4 22
15 16 7
7 10 17
17 19 30
14 15 12
21 23 6
22 22 30
13 16 24
9 13 10
17 19 20
1 0 7
20 20 17
20 21 27
1 5 28
16 19 12
22 0 3
11 13 13
19 21 26
8 9 22
18 18 21
13 16 24
14 14 3
11 13 1
5 6 6
23 1 2
2 4 8
22 23 27
23 0 28
3 5 30
5 6 26
9 10 15
13 15 15
21 23 5
16 17 27
22 0 14
22 23 26
16 18 20
9 12 10
21 23 27
1 2 30
16 18 15
6 8 4
5 6 10
8 11 2
16 19 4
7 9 19
16 17 30
21 22 21
18 20 8
1 3 22
20 21 13
19 21 4
12 14 27
8 10 3
22 2 16
2 4 2
4 7 26
9 11 18
13 15 1
4 5 2
15 17 1
20 23 24
17 20 21
15 18 23
12 14 30
18 21 9
20 22 24
11 13 23
18 20 26
2 4 10
11 15 15
21 23 9
22 1 2
1 3 7
11 12 12
23 0 12
10 11 3
3 7 6
21 22 14
3 4 7
10 15 18
20 23 1
9 12 9
15 16 8
7 10 16
2 4 19
8 9 21
0 1 9
21 0 4
10 11 13
21 23 16
14 16 6
0 3 23
8 10 29
16 19 19
11 13 15
11 14 23
22 0 4
23 0 20
5 6 20
17 19 5
0 0 4
8 8 25
14 14 2
14 15 10
19 22 3
4 5 19
15 18 10
4 6 19
17 20 30
12 13 30
15 16 30
17 19 9
3 6 19
17 20 7
8 10 8
16 17 18
3 4 9
4 4 15
10 14 21
15 17 28
14 14 11
9 11 4
4 7 21
15 17 2
11 12 3
11 12 7
7 9 19
19 21 3
15 17 11
4 6 29
11 14 27
7 10 12
23 2 30
5 5 6
19 21 18
17 20 3
18 21 19
8 9 24
10 12 8
14 16 9
1 2 28
10 12 28
10 12 12
4 6 4
2 7 13
10 13 8
6 9 9
14 16 8
3 6 27
17 19 6
22 0 15
17 19 7
3 4 3
7 8 29
0 2 8
12 12 24
17 19 5
20 23 5
5 6 29
15 17 11
8 10 19
16 17 21
18 20 29
14 16 12
11 14 18
12 15 27
7 11 20
6 9 14
10 13 11
5 8 24
14 14 17
23 2 23
18 18 9
3 5 7
5 7 27
6 10 15
18 20 14
2 5 28
6 9 20
22 2 1
15 17 11
3 4 19
13 15 10
13 15 15
2 3 3
6 7 23
9 10 7
0 0 17
16 17 16
8 10 13
14 16 28
14 18 20
11 12 1
19 21 30
2 3 8
8 9 23
0 4 25
23 2 10
22 0 19
15 17 22
4 8 16
6 7 22
21 23 26
22 0 9
12 16 9
11 13 3
13 16 12
2 3 21
8 11 8
16 18 11
21 23 18
12 16 22
2 3 15
6 8 26
7 9 16
8 11 17
11 12 23
7 9 15
4 9 24
4 7 29
3 6 29
16 18 24
3 4 5
3 4 29
13 14 12
20 22 21
20 22 17
16 19 20
11 12 10
5 7 17
22 23 13
11 14 12
22 0 21
8 11 3
13 16 4
11 13 6
19 21 23
12 14 30
2 5 11
9 11 11
5 6 7
16 18 30
23 0 13
20 22 15
6 8 27
12 13 28
16 18 2
22 1 7
6 8 12
18 20 20
9 12 5
5 8 11
15 17 17
12 16 18
17 18 27
21 22 7
12 14 13
14 15 5
3 4 3
13 16 19
2 4 27
1 3 3
5 7 3
8 10 2
17 19 21
13 18 28
1 3 21
3 3 2
8 11 6
4 6 9
19 21 11
11 13 4
1 3 2
19 22 29
9 12 22
13 14 4
3 5 23
15 17 6
20 22 20
0 2 2
7 10 2
9 11 12
4 5 19
3 5 11
16 18 20
1 1 6
23 0 1
9 9 13
17 18 23
19 20 19
17 20 27
12 15 17
5 7 29
3 5 19
19 20 4
6 8 4
7 10 19
14 16 7
13 15 17
12 12 19
0 2 7
11 13 9
5 6 18
16 18 29
6 8 10
13 13 5
18 20 24
4 6 13
23 0 20
20 22 5
11 14 10
6 8 11
10 12 1
3 5 5
14 17 15
16 19 21
12 13 9
22 0 30
5 8 9
11 13 11
19 21 14
15 17 13
10 11 28
7 9 25
4 6 28
0 1 1
3 4 14
16 16 30
11 14 11
7 9 9
23 1 14
13 16 26
12 14 14
6 8 14
0 4 30
7 9 6
7 8 17
16 19 8
0 1 28
11 15 20
18 17 29
17 19 30
0 3 8
6 8 5
12 14 22
13 14 30
6 8 9
23 23 18
2 4 19
16 18 6
19 21 3
13 14 20
8 10 24
20 22 9
19 21 1
3 5 27
2 4 9
9 12 25
23 0 5
6 8 26
10 15 20
16 16 6
9 9 21
7 9 15
10 11 18
5 8 16
0 2 19
8 11 23
19 23 8
2 3 14
3 4 14
18 20 16
15 18 5
20 22 1
11 14 9
15 16 28
16 17 12
1 3 15
14 17 10
14 16 1
20 23 27
0 2 2
2 4 10
0 2 2
1 2 15
11 16 7
12 13 24
4 5 26
1 4 1
8 10 23
0 1 20
18 21 14
21 22 27
13 14 20
13 16 5
1 3 23
4 6 6
12 13 29
14 15 21
21 0 16
1 2 12
15 17 11
22 23 5
4 8 23
9 10 2
3 5 7
12 14 18
5 5 16
1 2 1
15 16 5
11 13 1
16 19 13
9 10 12
1 2 21
19 21 21
0 2 18
22 0 30
2 4 25
20 20 28
0 1 12
1 3 1
14 16 19
15 17 18
11 13 7
20 23 7
8 11 24
19 21 8
17 20 14
6 8 6
3 5 3
15 17 10
16 17 25
3 6 20
23 2 1
6 8 11
21 0 23
22 23 25
8 10 3
21 21 2
23 3 10
9 12 7
4 8 15
6 7 28
0 2 2
3 5 15
19 20 29
2 3 26
15 16 24
21 22 1
11 12 30
10 12 4
7 8 5
20 22 13
4 8 24
16 18 17
8 9 6
7 10 1
11 12 10
18 20 4
20 23 3
7 9 20
3 4 1
23 2 22
7 9 9
22 22 24
1 2 29
0 2 29
12 12 25
2 2 29
9 13 12
8 9 23
1 2 27
0 2 9
3 6 21
20 22 29
22 23 8
18 21 6
8 12 15
2 4 15
9 11 26
19 21 24
14 16 17
0 2 8
2 5 20
16 17 26
9 10 30
19 20 26
9 10 27
17 19 15
8 10 29
20 22 18
0 2 7
8 9 28
21 0 1
14 18 21
12 15 15
12 13 19
9 10 14
3 3 9
6 9 9
5 7 21
17 20 13
21 0 16
17 17 28
3 5 27
23 0 16
2 3 9
6 7 14
0 2 27
19 21 9
10 11 23
1 3 18
22 0 24
4 5 17
9 9 9
0 0 19
19 22 30
16 16 5
7 8 27
23 0 30
1 2 4
17 18 8
8 11 12
10 11 22
20 21 25
5 6 22
14 14 27
22 23 28
17 18 15
4 6 26
22 0 12
5 7 19
10 12 24
1 4 6
8 11 25
20 22 20
9 11 2
23 0 17
15 15 30
7 10 6
14 18 11
10 12 9
5 6 15
12 13 24
2 4 1
18 21 24
2 3 25
0 3 20
16 18 29
12 13 18
5 6 4
7 11 3
14 16 27
6 7 24
3 4 22
22 0 1
7 9 15
10 13 5
18 19 1
0 3 10
6 9 12
11 12 16
5 7 14
10 11 22
6 10 8
13 15 7
0 2 25
7 11 22
11 13 10
14 17 30
4 7 15
1 5 25
13 16 15
15 18 1
1 2 20
17 19 5
4 5 6
8 10 22
19 21 26
17 17 3
14 14 19
11 14 29
20 21 3
6 8 2
8 10 8
10 13 5
10 11 2
5 6 10
21 22 9
13 16 27
9 10 29
10 13 15
12 13 13
4 7 21
21 23 28
0 -1 9
23 0 16
22 1 18
3 6 12
12 12 1
17 20 8
2 6 24
7 8 14
10 12 21
15 16 3
12 13 8
22 2 22
11 15 19
23 2 29
9 12 23
8 11 29
6 8 13
0 3 21
8 11 27
12 14 23
18 19 1
2 5 21
18 21 25
13 15 27
16 18 26
11 12 30
13 15 25
2 4 23
15 16 7
3 3 15
15 17 12
17 19 9
23 1 27
13 14 18
6 7 2
1 2 10
1 2 29
11 15 22
0 1 30
0 0 30
3 4 18
2 4 4
21 0 19
11 12 25
1 5 30
1 3 2
2 6 28
2 4 9
20 23 26
20 21 7
9 12 6
19 22 9
6 6 24
7 8 5
22 1 13
2 5 26
16 18 15
12 13 1
10 11 22
20 22 8
16 17 29
3 4 2
10 11 22
14 15 10
13 15 25
3 4 6
18 20 17
6 7 19
15 16 18
10 11 6
7 6 10
0 1 30
23 1 20
11 14 4
2 4 7
1 2 18
13 13 5
13 14 21
2 4 9
1 2 20
6 8 15
10 13 27
7 10 2
8 10 22
13 17 23
8 10 20
19 20 19
5 6 5
7 9 10
12 14 13
13 17 6
19 20 22
3 6 21
14 14 6
1 3 7
9 11 8
1 2 4
20 22 16
12 15 27
7 10 20
12 16 7
2 5 4
8 11 9
18 21 22
1 3 12
23 3 4
