1800 30
10 27 6 4 7 5 22 6 3 3 12 29 29 6 6 30 24 8 16 5 30 6 9 9 25 13 11 28 21 30 
18 19 8
23 0 20
15 17 18
14 17 26
14 17 13
20 22 16
21 0 17
22 0 15
10 12 14
22 0 6
5 6 20
5 6 17
23 0 20
13 16 29
3 5 28
3 5 12
5 7 27
18 19 7
10 11 30
4 5 15
0 2 8
18 21 4
8 10 7
22 23 21
15 16 23
17 19 30
7 9 26
15 17 26
9 11 15
1 3 19
6 8 27
6 10 4
0 2 17
22 22 8
23 23 14
1 2 24
16 19 10
2 4 10
18 19 24
11 12 21
11 12 15
16 19 9
3 6 11
9 10 2
5 7 4
16 18 29
0 3 19
7 9 5
15 18 18
0 3 19
16 18 25
19 19 22
9 11 4
17 19 29
19 22 13
11 12 27
11 13 2
6 7 15
6 9 7
16 18 3
23 0 3
14 15 9
21 0 13
1 3 27
10 12 6
23 1 22
18 20 18
21 22 21
23 1 4
19 22 5
3 5 26
15 16 27
10 12 19
4 5 30
5 7 25
23 2 23
16 16 26
20 23 8
21 0 3
7 9 27
12 14 27
19 21 23
16 17 30
21 0 9
12 13 3
7 9 15
14 15 3
18 18 29
7 8 5
16 20 1
15 16 8
4 5 19
23 2 26
5 7 20
10 14 10
7 9 15
12 13 14
14 17 4
9 10 9
6 7 5
4 4 3
22 0 3
23 0 4
6 8 26
8 9 14
10 12 8
18 21 12
20 22 1
19 22 17
13 14 4
14 16 8
21 22 25
15 16 25
10 11 30
1 3 21
0 2 23
0 1 24
0 4 29
1 2 12
13 15 13
23 1 4
23 1 18
12 14 17
4 7 29
3 3 6
23 2 5
15 16 21
0 0 28
18 20 22
21 0 9
8 9 28
9 11 18
6 9 28
13 15 21
17 18 24
23 2 30
1 3 18
10 10 20
20 21 21
18 21 14
14 16 13
22 1 17
13 15 4
6 7 15
13 17 28
5 8 21
1 3 19
5 7 20
3 5 18
15 16 5
6 9 20
12 13 25
11 15 18
9 11 22
6 9 7
5 8 18
2 4 3
11 13 8
15 17 1
13 15 9
3 4 19
11 12 25
20 21 25
11 12 25
23 22 23
0 3 15
4 7 16
10 13 26
3 6 2
20 20 27
19 23 17
13 15 13
11 12 21
9 10 20
9 11 6
12 14 15
22 0 8
7 8 23
14 14 3
12 12 26
0 2 14
5 7 28
2 4 5
8 10 1
15 17 28
15 18 6
9 13 7
14 17 27
5 6 20
9 11 27
8 11 1
14 16 13
3 5 22
2 4 2
7 9 2
1 4 12
0 3 8
23 2 24
10 12 8
15 16 21
16 19 17
19 21 24
10 11 9
8 11 30
5 6 9
8 11 24
7 8 4
4 7 16
11 13 19
15 17 24
8 10 8
14 17 1
21 23 13
1 4 18
9 12 9
14 15 16
18 19 20
3 6 9
9 11 21
14 17 25
0 2 19
17 18 15
17 19 15
6 7 15
4 7 28
17 18 6
8 10 18
17 19 14
11 14 9
19 21 27
2 5 6
10 12 17
1 2 1
16 17 29
21 22 14
2 4 28
3 6 7
23 3 17
5 8 18
4 6 30
20 0 2
10 12 18
23 1 18
13 15 20
15 19 26
23 0 14
21 23 3
8 11 22
14 17 3
13 17 25
9 12 3
21 22 2
20 22 26
17 19 17
1 3 12
16 17 22
12 15 11
20 21 9
12 15 6
0 2 28
21 0 10
3 5 15
12 12 23
7 9 16
17 19 6
12 14 29
21 0 21
20 22 25
11 11 21
7 9 27
22 23 13
23 0 14
19 20 29
3 5 8
8 11 23
13 15 25
13 14 7
18 19 4
10 11 26
0 2 25
12 15 28
7 8 20
20 21 6
2 6 7
1 5 28
23 2 23
1 3 18
0 1 11
21 23 24
6 10 23
3 6 6
10 11 14
23 0 18
2 4 19
12 13 1
20 23 3
12 15 16
18 21 16
8 9 28
8 9 25
8 9 8
14 16 7
2 3 18
5 9 24
19 22 11
17 19 29
15 16 14
21 23 4
18 20 17
4 5 17
0 1 2
13 13 26
3 4 15
13 14 6
4 6 8
22 0 27
2 4 14
13 16 14
5 9 3
23 0 15
14 17 22
20 21 14
21 23 12
8 10 21
7 9 1
0 2 23
22 23 18
10 12 1
6 6 29
10 10 16
18 19 3
21 0 7
15 18 19
18 20 28
0 0 2
1 3 19
1 3 15
4 7 2
22 23 20
2 4 15
21 0 14
2 3 3
0 2 20
17 19 8
14 16 2
10 12 9
16 17 22
4 6 21
12 15 11
23 1 12
22 23 20
18 20 24
19 22 6
19 21 20
21 23 17
9 11 28
9 11 17
7 10 18
1 2 24
15 17 27
3 5 27
13 14 29
10 11 25
9 11 5
8 8 20
9 10 5
6 9 26
0 3 5
9 11 17
10 11 23
5 7 15
8 10 9
19 21 24
8 10 12
23 1 14
9 11 17
0 0 16
9 11 7
21 23 24
18 20 18
4 6 12
0 1 18
13 14 28
11 13 12
9 12 21
5 6 1
21 23 4
23 0 29
7 7 5
5 8 20
2 5 30
11 12 17
6 7 15
15 16 15
1 3 12
12 15 29
12 11 4
17 18 2
10 11 18
0 2 9
12 16 25
5 7 16
22 1 16
1 2 25
8 11 4
0 2 21
23 23 17
17 18 28
1 4 10
15 17 18
17 19 25
15 16 30
6 7 18
22 23 18
7 9 26
14 17 20
15 19 30
9 12 25
23 0 30
7 9 17
2 3 27
22 0 17
8 10 21
20 22 18
16 19 22
5 8 1
22 1 11
21 0 10
4 7 6
12 15 7
12 14 20
1 2 29
14 16 6
13 14 16
18 21 18
16 18 13
22 3 5
7 8 15
2 2 1
2 6 4
3 5 7
14 15 24
23 1 14
8 9 9
10 13 4
20 22 30
12 14 16
21 23 5
2 5 3
0 2 17
17 20 30
5 8 16
20 22 25
15 17 26
5 7 26
14 17 13
8 11 2
20 21 5
14 15 4
4 6 29
20 21 23
2 6 17
20 22 21
6 10 2
8 11 23
6 7 1
14 15 26
20 21 8
5 7 21
15 18 28
7 9 11
0 1 20
9 10 17
5 9 25
9 12 17
22 23 3
19 21 30
19 21 8
6 9 28
16 18 13
8 10 20
18 20 21
18 20 9
15 17 17
1 2 9
13 14 30
8 9 22
3 6 25
3 4 20
3 5 16
16 18 29
8 11 29
10 12 16
2 4 10
22 1 27
21 1 16
9 12 14
12 13 27
0 2 9
9 12 22
1 3 29
6 8 12
22 23 20
7 8 20
0 4 8
19 21 1
4 7 20
16 18 1
20 23 2
8 13 14
6 6 6
5 8 19
19 20 26
9 10 3
18 18 10
17 19 22
6 9 17
12 14 19
14 15 8
17 20 3
18 21 30
20 21 2
23 1 17
13 15 16
14 16 10
15 18 11
20 0 20
4 6 8
0 0 10
19 22 5
7 9 10
20 21 3
22 23 10
21 23 18
1 3 19
7 7 16
3 3 16
19 21 14
15 16 30
6 9 26
23 2 3
17 18 22
17 19 10
16 18 25
18 20 8
15 17 19
13 16 30
8 10 4
3 4 30
15 17 1
7 10 20
0 2 12
7 10 15
22 0 1
13 14 6
15 16 19
15 18 13
13 14 29
23 2 28
3 4 17
9 10 10
18 20 13
19 21 8
23 1 3
4 6 27
22 22 7
1 3 24
5 8 5
7 7 12
19 21 28
13 14 7
7 9 5
17 18 27
23 0 12
15 17 28
5 8 25
21 22 1
10 10 20
14 15 15
14 18 30
21 23 26
19 21 26
23 1 12
22 0 23
1 2 18
6 5 21
4 7 28
15 20 14
4 7 14
9 13 2
2 4 13
11 12 5
22 1 3
12 14 29
17 17 10
5 8 4
13 16 13
20 22 22
5 5 24
14 15 6
3 5 13
23 1 25
13 15 30
21 0 3
10 12 23
1 4 13
2 4 2
21 0 12
8 11 26
8 9 24
13 15 9
13 15 2
11 13 17
12 12 27
2 3 20
2 4 12
2 4 23
17 20 14
21 22 10
12 15 5
23 1 23
10 12 8
10 12 17
18 21 30
1 3 28
23 1 1
15 16 15
20 20 17
23 2 21
19 20 9
4 6 3
20 22 10
10 12 24
8 9 18
23 0 20
20 21 2
2 2 12
4 5 7
16 17 1
6 9 14
16 18 21
23 0 12
21 23 8
0 1 12
12 15 4
17 18 2
23 2 26
2 5 6
22 1 11
3 5 18
11 13 27
23 1 28
17 20 25
22 23 17
6 9 21
18 21 3
0 5 8
3 4 12
17 18 6
19 20 11
4 5 21
2 5 29
19 19 18
8 11 13
6 7 30
6 9 18
1 4 3
0 2 2
21 23 18
21 22 16
6 8 2
17 19 18
1 5 26
3 5 15
15 17 7
23 23 8
0 1 29
19 21 11
22 0 25
21 2 17
0 4 12
4 7 30
9 9 29
17 18 19
13 15 13
16 19 21
0 0 19
7 7 17
11 12 1
3 4 26
1 3 17
15 18 22
6 9 1
15 17 26
11 13 11
14 16 9
20 21 19
23 0 21
17 19 15
14 16 29
17 19 27
4 7 30
16 18 9
17 18 7
9 11 26
21 0 11
13 16 5
9 12 16
12 13 10
8 10 5
12 14 16
17 19 26
2 4 20
16 17 4
15 19 6
14 15 23
15 15 24
11 12 21
2 3 22
2 3 18
13 17 30
4 7 24
12 14 24
1 4 26
23 23 10
12 14 27
4 5 7
11 13 28
20 21 8
3 2 30
17 18 25
22 1 20
18 20 25
2 4 16
6 7 26
10 13 17
13 15 19
5 7 7
4 7 2
5 7 12
21 23 5
19 20 4
8 13 16
7 8 7
5 6 19
13 16 4
14 15 4
7 10 21
4 5 3
2 4 13
8 9 20
17 19 22
12 12 7
8 11 9
14 17 13
23 0 18
18 20 27
9 12 3
15 16 17
17 20 6
12 15 30
14 15 22
22 23 1
18 20 20
6 9 1
22 22 26
19 21 26
23 2 1
21 21 15
23 2 15
21 22 13
15 17 2
0 2 20
13 13 21
8 11 9
8 10 1
4 6 21
4 5 3
3 4 21
17 18 10
0 2 8
15 17 17
14 16 10
1 4 6
11 12 18
21 23 6
20 21 29
20 21 13
8 10 12
2 3 28
21 23 26
3 5 11
21 1 1
15 17 5
16 15 26
16 18 28
18 18 18
14 15 4
23 0 3
23 1 19
0 2 4
17 19 17
22 1 16
17 19 14
15 18 5
1 4 21
17 20 4
3 5 15
7 10 26
23 1 30
15 18 24
16 19 8
17 21 30
21 22 16
19 20 18
15 18 12
10 11 4
13 15 7
10 13 2
7 10 11
8 10 13
19 21 11
15 19 3
6 8 12
6 7 18
2 2 24
12 12 2
11 13 6
10 13 17
12 13 5
0 2 13
15 19 16
0 2 18
1 3 8
9 11 6
3 5 10
11 12 8
5 7 8
19 22 20
18 21 7
22 1 20
0 3 11
17 17 27
10 12 13
19 19 14
18 20 11
1 3 28
11 12 16
20 23 20
15 17 16
8 9 26
8 10 24
14 14 4
1 3 12
17 18 10
4 5 9
1 2 4
6 8 14
13 15 6
9 9 26
0 2 11
6 7 4
1 4 15
2 3 16
2 3 19
22 23 24
6 8 14
3 5 8
12 15 6
22 0 5
12 15 16
16 18 7
5 7 3
15 17 3
16 18 13
4 6 2
20 21 17
8 10 22
19 20 17
20 23 21
11 13 14
5 7 29
23 1 15
1 3 15
14 15 16
16 19 6
13 15 2
17 19 29
23 2 7
6 7 22
1 3 27
2 3 3
2 4 16
17 19 8
20 22 14
17 18 1
0 3 28
23 2 1
6 7 2
22 0 26
10 13 27
9 11 22
15 16 24
8 10 27
16 19 26
15 17 20
19 21 8
8 12 28
22 22 20
20 0 13
9 12 29
5 8 27
1 4 3
1 3 17
17 18 10
16 17 24
22 0 7
18 20 4
8 11 15
1 0 29
21 21 2
7 9 30
14 16 2
8 10 6
20 22 24
8 9 29
11 14 25
8 9 11
6 7 27
6 7 1
0 3 25
6 9 21
5 9 9
18 21 4
12 15 27
23 1 19
18 19 23
14 17 13
1 3 11
14 17 21
14 16 5
1 4 6
3 5 8
21 23 24
5 5 16
21 0 30
13 15 11
23 0 17
8 12 17
22 22 20
21 23 17
4 7 29
11 12 8
10 13 3
3 6 15
0 4 14
17 19 19
0 4 12
12 13 19
23 2 5
3 5 16
15 18 20
2 5 29
9 11 8
15 17 5
17 19 23
8 11 27
10 12 26
13 14 15
23 0 20
14 17 4
6 7 25
10 13 26
7 8 6
21 23 29
16 18 20
9 12 29
3 4 11
6 6 22
16 18 5
6 6 12
5 7 18
3 5 17
4 6 15
22 22 10
11 13 12
8 11 3
15 17 6
5 5 16
20 23 13
13 15 9
14 17 16
10 13 11
21 21 18
4 7 5
23 2 8
0 1 25
21 21 25
9 11 10
17 19 28
18 20 19
5 7 4
4 6 29
14 14 17
0 3 10
23 2 5
9 11 11
20 23 19
10 11 1
18 20 26
23 2 19
17 19 10
23 1 10
12 14 7
23 3 15
13 16 10
22 1 16
8 11 20
10 10 20
8 10 19
15 15 11
19 20 18
7 8 4
0 1 25
23 0 24
6 9 13
11 13 5
11 13 21
14 17 29
4 6 16
1 4 23
20 21 3
0 3 29
10 11 17
7 10 21
9 11 16
4 7 2
12 15 13
21 21 21
1 1 27
8 10 3
5 7 9
16 18 3
19 20 5
10 10 10
18 21 8
7 10 21
16 18 26
16 15 24
7 7 20
23 23 16
10 11 30
5 7 10
17 18 1
19 20 5
16 20 20
9 11 11
11 13 8
14 16 6
19 20 8
13 15 17
12 13 16
8 10 15
7 9 30
9 11 17
13 13 27
22 2 19
1 3 19
20 21 21
21 0 4
0 2 11
10 11 13
3 4 17
21 0 4
23 2 15
12 16 27
7 9 15
17 20 11
21 23 18
20 21 10
21 23 21
16 17 14
1 4 11
18 22 15
5 8 20
20 21 25
23 1 11
18 20 5
16 18 13
15 17 26
6 9 13
22 0 18
4 7 3
11 12 22
0 1 10
14 17 27
11 14 27
16 17 29
6 10 27
2 2 26
4 5 12
18 20 28
4 6 1
0 3 18
7 9 12
10 11 18
1 3 12
2 4 12
12 13 11
19 22 27
6 7 12
4 6 5
2 5 28
21 0 26
5 8 20
21 22 20
20 21 8
2 4 11
19 21 5
6 7 29
10 12 22
16 18 7
4 5 25
4 4 6
11 14 2
4 5 3
23 1 25
19 21 7
20 21 25
11 14 4
18 19 13
13 15 20
18 19 23
16 19 16
4 5 28
0 2 23
10 11 5
14 15 29
10 12 26
15 17 21
2 5 10
19 21 26
19 21 10
14 17 12
14 17 5
17 21 20
16 18 4
10 11 17
1 2 16
7 8 14
21 22 13
20 22 30
8 10 20
15 17 2
6 9 22
15 18 25
10 13 6
19 22 4
3 5 1
15 18 23
6 9 22
12 13 3
7 10 3
15 17 9
10 12 27
22 23 26
9 9 17
6 7 6
13 17 19
9 12 11
11 14 13
9 11 4
18 20 21
12 13 18
20 22 1
16 18 1
0 3 6
5 6 13
20 23 18
4 5 19
19 21 24
11 13 1
13 16 2
20 22 26
11 12 11
21 23 8
11 13 24
0 3 16
6 9 10
13 16 23
14 16 23
9 9 13
19 20 30
14 19 21
20 22 12
0 3 6
22 0 3
8 9 2
8 11 23
0 4 7
16 18 19
2 3 29
12 14 25
15 17 23
14 16 15
19 21 22
14 18 12
2 5 1
1 3 24
2 5 21
15 15 5
23 1 12
18 21 23
6 7 28
13 15 30
2 3 22
19 21 18
21 0 24
20 20 8
12 14 7
21 22 5
8 10 15
7 10 10
10 13 1
4 7 9
7 8 26
5 8 10
19 20 18
3 4 25
1 2 17
20 21 8
20 22 21
7 9 19
5 7 22
0 1 4
16 18 1
22 1 5
15 17 24
12 13 20
20 22 23
22 2 3
12 15 8
1 3 19
13 14 22
19 20 17
0 2 15
0 3 8
9 11 17
10 11 8
15 17 1
4 7 21
16 16 6
2 4 28
23 1 25
0 2 25
10 11 12
22 0 29
23 1 5
17 19 27
5 6 12
8 9 5
20 22 28
7 11 6
11 13 12
16 19 21
13 15 20
2 3 21
21 0 26
3 4 13
17 18 2
3 4 6
10 12 25
7 10 30
5 6 13
1 3 28
19 21 10
11 13 25
4 5 11
14 17 18
15 17 24
21 0 4
15 17 23
8 10 3
11 12 30
3 6 30
16 19 13
14 16 24
16 18 10
8 10 5
10 13 2
3 7 21
2 6 22
19 21 10
16 18 19
6 10 15
12 14 14
1 5 5
13 14 30
2 5 3
11 11 30
17 18 3
21 22 1
13 15 1
1 5 14
9 9 12
11 13 7
5 8 27
18 20 12
14 16 17
19 21 23
3 6 3
12 14 5
17 18 25
10 11 24
3 5 13
8 9 17
5 5 19
23 0 25
15 16 15
4 5 18
13 14 16
13 14 19
19 21 23
10 12 9
6 9 11
17 18 15
20 22 8
12 13 3
10 12 12
12 13 20
0 1 15
20 22 17
13 15 24
8 11 24
13 15 30
21 0 15
1 3 1
0 2 7
5 8 3
13 14 2
10 13 12
9 11 14
15 17 16
12 14 5
21 21 3
15 19 26
15 17 1
10 14 13
6 6 28
18 19 11
14 13 5
19 20 28
17 20 12
5 6 18
18 20 28
20 22 6
16 18 24
5 8 17
22 23 29
6 10 9
4 6 16
3 4 15
10 12 13
11 15 5
18 19 9
1 4 28
22 2 12
17 20 30
11 11 29
19 22 23
12 15 4
3 4 22
11 13 8
14 15 23
6 8 24
0 1 17
18 20 20
0 2 11
5 8 3
22 0 23
16 18 15
23 2 18
21 0 18
12 13 26
20 22 7
12 14 5
23 1 14
20 22 11
16 19 3
1 2 22
13 14 25
7 10 17
0 1 20
18 19 7
6 8 9
1 3 15
0 2 16
12 13 28
15 17 18
4 7 29
5 6 20
13 15 26
16 19 15
17 20 22
0 2 15
12 14 18
23 3 26
8 10 13
2 5 23
23 22 5
23 23 28
21 23 28
10 12 3
1 2 12
16 19 24
13 15 15
15 16 23
22 22 15
20 23 30
15 16 12
21 23 12
14 17 17
22 0 10
5 8 16
10 12 20
20 0 20
5 7 11
6 7 23
4 4 10
20 0 27
17 19 6
8 11 12
7 10 8
6 7 24
12 13 25
5 6 4
16 18 7
20 21 17
23 2 7
12 13 10
1 1 7
14 17 7
9 12 11
21 0 25
7 9 22
2 3 17
6 8 16
2 6 17
12 13 21
0 3 9
21 22 30
9 11 9
21 22 4
21 0 5
23 2 24
13 14 15
23 2 2
3 6 27
23 0 28
7 8 20
23 1 1
4 5 18
13 15 17
19 22 18
14 17 19
11 13 6
23 1 26
4 5 23
3 7 25
22 0 17
21 23 6
10 11 20
15 19 30
13 16 20
23 23 21
7 9 5
1 4 3
23 1 13
9 12 27
20 22 12
19 21 6
4 6 7
8 11 12
3 6 24
8 11 15
7 9 15
18 18 14
3 7 18
10 13 25
1 3 19
18 21 18
7 9 21
1 3 5
23 0 24
13 17 22
17 19 30
15 18 13
17 19 18
10 13 8
14 16 10
8 11 5
9 12 24
11 13 24
17 20 13
13 16 26
19 22 29
19 20 28
19 21 10
6 8 24
12 14 11
2 3 2
7 10 25
4 5 14
16 18 8
5 7 14
18 18 5
17 20 2
9 11 9
19 21 29
5 7 22
13 15 5
12 15 20
15 17 10
20 0 24
19 22 20
15 17 19
16 19 26
14 16 13
8 9 7
2 4 6
9 11 14
6 10 3
0 1 13
2 4 13
13 16 12
15 17 21
22 0 12
20 22 18
22 0 23
19 20 20
0 1 10
16 17 2
13 17 17
22 22 29
18 19 25
20 22 28
11 15 1
2 4 10
19 21 15
22 0 15
10 11 30
17 19 23
10 12 28
16 17 19
17 21 24
0 2 11
7 8 25
16 17 25
9 11 14
19 21 12
7 9 8
5 8 8
21 21 8
18 19 13
10 14 26
19 22 24
22 2 9
13 17 8
14 16 28
17 18 18
14 17 2
14 15 21
18 20 9
12 14 15
8 11 29
21 0 22
0 3 22
23 1 7
8 9 12
11 12 15
2 5 5
19 22 4
4 5 24
1 4 3
12 13 14
13 14 2
1 3 24
12 14 22
22 0 11
21 0 14
20 23 17
7 9 13
8 10 2
0 0 1
0 3 17
5 7 20
14 17 15
22 1 19
21 22 3
18 19 28
8 11 14
6 8 9
16 17 9
10 12 24
8 9 24
9 11 7
12 14 21
5 6 29
18 21 5
12 15 4
22 0 24
17 19 12
16 19 5
11 13 17
17 19 24
18 21 24
4 4 7
21 23 15
5 8 4
14 15 26
13 16 23
2 5 23
5 5 16
14 16 27
4 6 18
9 10 12
11 14 17
2 3 6
16 20 20
3 6 22
23 3 1
2 4 20
6 9 29
18 20 28
12 13 6
5 9 11
5 7 27
6 8 24
21 23 17
23 1 24
20 20 23
1 3 19
4 5 20
19 20 8
20 20 11
8 10 28
6 7 15
7 10 5
10 12 14
5 6 11
3 5 14
18 20 8
5 8 11
3 4 21
20 23 5
11 13 25
18 19 2
18 20 15
0 3 22
6 7 19
11 14 7
7 8 1
17 19 3
18 19 18
6 7 18
8 8 22
5 8 14
12 15 12
9 10 18
7 9 10
8 9 6
9 12 23
22 1 23
0 1 4
7 8 12
10 12 3
9 12 12
6 8 20
14 17 6
21 23 20
19 20 27
12 13 28
22 1 5
5 7 11
3 3 9
18 20 1
0 2 24
4 4 9
12 13 12
23 0 28
11 12 22
8 9 22
18 20 7
10 13 13
17 18 22
4 6 27
10 13 1
22 22 29
3 6 23
2 4 23
8 10 15
1 2 10
16 19 7
5 5 15
18 20 23
19 20 4
16 16 4
21 0 1
15 16 9
9 12 29
16 17 21
18 18 4
13 15 6
19 22 17
23 0 15
15 18 28
17 18 4
20 21 25
21 0 27
6 9 14
7 9 26
14 17 30
19 22 26
6 8 27
18 20 24
13 14 6
13 15 29
14 16 27
7 9 9
21 22 25
6 7 22
19 21 20
23 1 5
10 11 20
8 10 28
23 1 3
10 12 11
20 21 30
3 7 27
2 2 10
8 8 17
10 12 24
16 19 4
10 11 22
10 14 9
3 4 24
22 0 8
5 7 19
22 1 16
13 15 19
18 21 8
3 3 21
11 12 2
22 0 26
6 8 14
1 4 5
4 6 24
0 3 27
2 5 10
2 4 15
5 7 22
3 4 8
6 8 29
19 21 17
4 7 21
9 11 30
13 14 18
4 5 27
6 10 19
23 2 16
22 2 15
4 6 17
7 9 29
10 10 17
16 19 18
3 6 15
16 17 8
22 0 21
15 17 12
4 5 9
21 23 17
2 5 13
21 0 7
0 3 19
15 15 3
19 20 2
13 14 26
11 14 21
8 10 8
7 9 26
9 12 25
2 4 15
8 8 29
18 22 3
18 19 16
7 9 9
1 1 14
2 4 18
11 14 20
12 13 2
