1930 30
13 6 18 12 5 20 9 14 13 19 15 9 8 4 8 30 4 16 23 15 8 3 23 7 3 15 28 19 11 4 
4 7 14
14 15 17
15 16 15
21 1 12
6 7 8
20 20 15
10 11 30
12 13 6
17 21 29
5 6 3
8 12 21
22 23 3
13 15 11
4 6 17
4 7 20
22 0 6
22 1 7
19 21 18
3 6 1
21 0 18
18 21 1
10 13 11
6 9 9
0 2 23
10 11 1
20 22 10
5 7 16
2 5 16
11 13 25
21 21 26
14 15 23
6 9 8
12 13 20
20 22 15
2 3 28
18 20 6
21 0 25
13 15 7
6 8 2
17 20 26
16 16 8
13 16 2
6 9 20
13 14 17
22 23 8
2 4 20
15 19 3
7 9 20
20 21 27
12 13 19
5 8 21
0 1 30
23 0 6
0 2 8
22 0 14
12 13 18
13 14 21
22 1 14
21 23 6
2 4 21
16 19 16
13 14 13
21 22 8
11 14 18
23 2 11
2 5 30
11 14 30
0 2 17
5 6 17
6 8 30
16 19 8
21 21 22
21 0 26
10 15 25
0 2 30
13 17 28
18 21 13
0 2 27
2 5 6
11 13 27
5 8 6
17 18 1
0 3 16
21 23 10
12 14 21
21 22 21
23 1 18
4 7 19
7 9 13
23 23 18
17 17 8
13 15 19
16 17 25
18 20 11
20 22 24
16 19 19
14 17 23
5 8 27
13 15 24
19 22 29
12 14 10
2 5 28
19 22 10
0 2 28
1 3 13
22 23 8
12 13 12
13 15 22
3 7 15
22 23 12
15 17 26
6 9 21
12 14 6
17 19 28
13 15 21
1 3 30
0 3 27
10 14 22
21 1 24
20 23 28
16 17 10
10 10 11
16 17 30
22 0 18
8 9 30
10 13 22
17 19 26
6 6 26
8 9 4
5 8 10
8 12 15
13 13 7
22 23 6
5 6 26
14 17 2
18 19 12
15 16 7
22 0 4
1 4 13
18 20 14
13 15 7
14 16 7
11 12 22
3 6 6
14 15 26
22 1 30
22 1 14
18 19 8
17 20 30
13 15 13
22 22 24
10 9 22
20 22 16
5 9 3
5 8 23
7 9 19
6 8 7
16 19 18
11 14 25
21 0 23
17 20 28
12 14 11
13 16 29
2 3 30
0 3 7
5 6 20
21 22 22
0 3 30
5 8 8
0 3 1
2 4 9
21 23 26
18 21 20
3 6 27
0 1 23
18 19 6
19 21 25
5 6 9
3 3 8
1 5 15
19 21 26
10 11 4
2 6 8
23 2 20
2 5 1
8 10 20
23 3 24
23 0 13
2 5 2
20 22 1
23 0 14
11 14 2
6 9 25
6 7 7
23 1 8
6 7 14
15 18 4
21 0 27
7 10 19
7 11 3
0 3 4
23 1 17
5 9 2
9 12 10
18 21 5
8 12 7
11 14 4
20 22 11
17 20 3
23 1 21
15 16 24
17 19 15
8 10 30
7 9 15
8 10 26
4 7 4
10 15 3
8 10 16
21 23 30
13 16 1
2 5 17
20 23 6
7 9 26
21 22 12
3 5 15
0 1 4
19 23 25
22 0 7
19 22 13
21 23 13
6 8 24
14 16 25
6 9 9
19 22 16
1 3 4
7 9 29
0 1 16
23 0 22
8 8 25
5 7 18
9 13 7
6 6 2
0 2 2
9 10 27
1 2 30
14 17 19
3 6 16
15 16 5
23 0 14
20 22 10
15 17 10
20 20 30
19 22 13
15 18 13
21 0 21
7 9 3
13 15 6
21 0 1
3 5 9
5 6 1
11 13 3
3 4 22
8 10 11
19 19 8
21 0 5
0 2 8
15 18 23
3 6 4
0 1 9
11 13 18
23 1 21
7 7 30
19 21 17
17 20 25
19 20 30
15 19 5
8 9 3
15 18 21
3 6 16
17 19 5
2 4 2
22 0 7
9 12 17
2 4 9
6 8 2
1 4 8
10 13 19
15 19 10
22 2 26
9 10 10
13 15 2
10 11 26
21 22 17
19 23 6
3 7 11
3 5 7
3 4 9
5 6 21
1 5 21
13 16 28
11 13 21
17 20 29
11 14 6
15 17 8
18 18 25
11 11 25
11 14 16
4 7 15
15 18 24
15 17 13
23 1 10
22 0 1
14 18 11
3 7 10
18 22 16
22 1 15
6 9 8
18 20 24
3 5 9
2 7 17
7 10 7
2 4 24
1 3 30
0 3 16
15 16 27
3 5 9
15 15 3
9 11 11
3 5 10
3 4 28
6 7 21
1 4 12
11 15 25
19 19 4
15 18 13
5 7 3
10 14 28
16 19 27
6 8 6
5 7 9
13 16 15
4 7 14
13 15 13
10 13 9
9 12 16
13 15 27
9 13 6
0 2 15
3 5 26
17 19 18
9 12 18
13 15 12
18 20 22
18 19 28
1 4 23
0 0 26
1 3 22
19 20 6
16 20 6
20 23 29
10 11 24
18 20 14
15 17 22
21 23 30
13 18 16
18 20 22
18 20 27
11 13 11
21 0 1
20 22 20
20 23 19
4 8 26
15 16 29
5 6 8
14 17 27
14 16 14
5 6 3
0 2 15
18 19 20
6 9 19
21 0 7
12 14 6
4 6 5
9 11 17
17 18 21
7 8 19
14 16 22
20 23 2
0 2 20
5 8 24
15 18 2
3 5 17
19 22 26
17 17 25
23 0 2
3 5 23
22 23 13
13 13 26
8 10 1
22 23 4
19 20 3
5 8 14
19 20 22
0 2 2
10 12 7
10 12 30
11 13 16
15 16 7
8 11 21
14 17 23
12 15 20
2 4 19
3 6 21
14 17 11
12 15 5
4 6 20
14 18 5
11 13 11
10 11 10
12 15 20
4 6 2
16 18 3
20 21 2
13 16 23
19 23 3
19 22 20
4 4 28
7 8 23
3 4 13
9 13 25
9 10 11
20 23 9
9 12 27
1 3 7
21 22 19
20 20 11
17 19 27
11 12 20
0 3 23
16 18 18
21 2 18
15 17 13
2 4 2
14 15 20
10 11 4
1 2 26
22 0 25
18 20 16
22 22 13
17 20 13
20 23 10
3 5 18
10 13 29
20 21 20
20 22 26
0 1 20
10 13 9
6 9 12
21 0 23
4 6 30
7 8 26
0 1 30
2 5 1
20 22 23
14 16 24
1 0 3
15 17 16
14 16 15
1 3 19
0 2 11
21 0 6
15 16 25
5 7 1
21 22 14
0 3 11
15 18 24
19 22 10
2 4 9
6 9 9
2 4 17
17 20 7
2 4 29
4 6 22
7 9 16
14 15 13
12 13 11
0 4 11
4 7 15
20 22 6
16 19 29
6 6 21
4 7 2
11 12 29
4 8 3
6 6 10
8 11 1
11 13 8
4 6 1
21 0 24
8 10 29
21 23 18
15 16 6
10 11 12
15 17 9
17 19 8
10 12 7
16 18 10
18 20 30
21 23 23
9 12 5
8 9 9
13 13 8
15 16 7
11 13 10
17 19 22
5 7 6
13 17 19
8 9 5
23 1 7
3 5 8
0 3 14
4 7 18
5 7 7
22 0 17
9 8 22
20 22 8
16 20 14
19 20 5
13 16 1
8 8 30
20 22 23
17 19 22
2 4 12
6 9 19
18 21 4
19 19 12
12 14 27
10 12 9
8 9 8
8 10 14
22 0 26
4 5 17
11 14 7
10 11 5
8 10 2
1 1 10
21 0 20
5 7 15
3 5 1
7 7 25
20 22 21
19 22 1
21 22 11
3 6 19
14 16 2
7 9 29
7 11 3
7 9 14
14 17 5
23 1 6
2 3 20
18 21 1
2 5 22
15 18 20
6 10 10
20 21 28
0 2 15
7 9 21
9 12 11
23 2 9
8 10 3
5 7 9
13 16 21
4 8 26
20 22 22
2 4 25
8 11 9
2 6 14
21 23 7
0 1 22
22 0 27
4 5 5
2 4 1
20 23 17
23 0 12
13 14 20
17 19 26
13 14 8
21 22 21
10 12 10
15 16 14
11 14 23
15 16 20
12 14 16
4 4 2
11 14 20
6 9 1
10 12 9
14 16 13
19 21 23
4 4 27
12 12 23
15 17 24
3 5 14
22 2 20
7 9 29
11 13 16
11 13 23
16 20 6
2 2 27
4 6 10
18 19 22
22 1 3
14 15 17
1 4 8
12 16 2
21 22 4
4 5 5
13 16 11
16 17 19
16 19 4
22 23 27
4 8 25
7 8 21
22 1 13
23 1 16
9 12 3
17 18 21
10 11 28
21 23 23
17 19 11
15 16 22
21 0 13
16 18 20
9 11 11
4 6 12
11 13 12
4 5 24
9 9 3
22 0 29
14 16 12
18 19 11
15 16 7
5 9 9
16 16 30
16 17 7
3 6 13
10 13 22
21 22 10
23 0 13
23 2 27
21 22 16
4 6 3
15 16 28
23 23 19
5 6 14
13 17 25
13 16 13
22 1 19
5 8 18
0 2 10
11 13 9
9 12 21
17 18 22
3 4 8
5 7 4
22 0 7
15 17 13
0 0 13
11 13 23
20 23 23
1 5 20
17 19 14
13 13 11
0 3 2
16 20 10
11 13 3
21 21 21
15 19 2
16 19 4
11 13 9
15 18 23
20 22 1
17 19 23
2 4 14
10 12 30
22 23 16
4 5 4
18 20 27
17 20 5
18 21 9
13 14 10
23 0 9
14 15 6
18 19 23
6 9 29
9 11 7
0 3 8
22 23 30
16 18 25
3 6 21
6 8 21
12 12 10
12 13 30
2 5 4
17 20 13
13 14 27
12 15 24
8 10 10
21 21 18
16 17 13
8 10 19
20 23 6
9 9 6
8 11 28
23 2 28
10 12 12
10 15 4
16 17 27
1 2 27
0 5 4
11 12 28
7 9 6
22 2 2
2 5 23
6 7 9
3 4 26
11 13 24
8 11 3
12 14 9
18 19 27
1 4 22
6 8 5
11 15 28
23 1 1
20 20 14
2 3 4
0 2 23
9 12 23
19 20 10
22 0 26
7 8 26
10 12 18
18 19 2
20 23 28
0 2 14
6 9 21
0 1 14
20 21 30
1 2 30
10 11 4
15 18 12
19 22 24
15 16 3
7 9 9
0 2 3
0 2 1
7 8 2
20 22 5
14 17 12
17 20 26
13 15 4
8 8 7
12 14 14
11 13 13
3 4 27
23 3 12
17 19 23
1 3 14
17 20 4
13 16 21
19 20 8
17 21 9
11 13 5
17 20 12
20 22 11
4 5 3
8 9 26
1 3 11
11 14 27
10 14 25
14 16 2
11 14 4
10 14 20
2 6 25
0 1 20
22 23 25
22 23 1
5 6 17
10 10 10
5 7 25
2 6 25
0 3 18
21 23 11
12 14 1
14 15 22
23 0 17
8 8 6
13 14 19
11 13 18
15 17 21
20 21 12
3 6 1
11 13 4
6 9 22
3 4 26
15 17 7
19 22 1
0 2 14
8 10 15
21 0 7
7 9 6
8 8 5
14 16 9
17 18 28
11 11 20
19 21 27
10 11 29
6 7 9
9 9 24
3 5 11
2 4 23
10 12 26
18 21 30
12 13 8
0 1 8
13 16 11
21 0 12
5 5 27
19 21 25
15 16 10
8 10 21
12 14 7
1 4 1
5 7 6
3 6 29
15 17 5
5 7 25
6 8 18
3 5 21
18 21 11
20 21 29
17 21 2
19 21 6
13 14 27
18 20 9
9 13 22
0 3 24
13 16 19
15 17 20
17 19 26
5 8 17
6 8 4
8 10 6
17 20 5
4 7 29
19 20 10
11 13 8
11 14 11
15 17 22
1 5 16
14 15 15
5 7 25
13 16 15
7 8 28
21 0 8
7 9 27
1 2 14
10 13 13
10 11 10
23 2 18
17 19 3
10 13 21
13 13 17
20 20 19
4 6 7
14 16 10
11 14 26
14 18 1
16 19 14
5 7 20
17 19 12
19 22 13
8 7 28
3 6 5
20 21 23
19 20 11
4 4 15
15 17 4
1 3 5
3 5 23
4 5 25
0 4 6
21 22 27
22 22 14
3 5 26
13 14 3
21 0 16
4 5 16
20 21 15
8 10 14
6 8 17
21 0 3
11 13 30
3 4 17
8 10 2
14 16 21
5 8 11
8 10 20
12 15 7
14 17 13
21 22 11
14 15 7
21 21 23
2 4 18
18 19 17
15 17 8
4 7 6
10 11 7
14 17 18
22 0 23
6 8 29
8 8 29
22 1 25
10 12 13
2 5 3
20 21 10
15 16 14
1 2 18
7 9 22
8 10 24
3 7 24
18 19 9
10 12 1
18 19 7
23 1 19
0 1 26
21 0 25
21 23 17
8 11 27
10 11 4
2 3 23
17 20 26
9 11 18
10 12 28
10 12 29
21 23 19
19 19 27
0 1 7
0 5 24
10 10 25
20 21 15
20 23 5
2 4 26
4 5 20
12 13 23
4 5 18
3 5 15
23 0 3
13 14 12
8 9 25
4 6 10
16 18 21
23 1 18
10 14 30
12 14 28
23 3 2
19 22 8
10 13 30
10 11 15
17 19 1
19 22 20
2 4 25
8 10 23
14 17 12
19 20 7
19 20 17
12 15 12
3 4 23
13 16 15
5 7 17
21 21 4
17 19 26
19 21 17
21 23 30
21 0 23
19 22 1
9 10 9
14 16 5
5 7 3
8 11 7
20 22 19
14 16 26
1 3 20
19 20 16
3 4 27
4 5 21
17 19 27
0 1 4
9 10 12
19 22 2
9 10 9
9 13 9
16 18 1
15 17 18
4 6 8
3 6 28
19 22 28
14 14 1
4 7 22
11 14 3
7 8 18
15 16 4
4 5 10
7 9 8
18 18 27
11 15 9
2 3 23
3 4 28
5 6 10
14 17 14
0 3 12
20 22 3
5 8 27
11 12 1
2 4 20
17 19 11
21 22 8
11 12 4
9 12 17
20 23 19
10 14 22
9 11 9
17 18 21
5 8 17
7 9 6
21 23 18
5 7 4
12 15 27
21 23 17
23 2 21
4 6 22
8 11 3
19 21 5
13 15 6
20 23 5
18 21 9
8 10 14
23 0 20
3 4 28
16 19 18
8 11 3
7 9 30
22 1 3
1 2 11
2 3 17
0 1 15
3 6 24
23 23 13
11 12 13
2 3 26
18 19 6
9 11 2
19 21 11
0 3 3
23 1 17
11 13 15
21 1 27
4 6 25
13 15 25
4 7 16
19 21 23
14 16 30
16 19 7
2 4 4
22 23 18
5 7 2
3 5 17
7 9 26
23 1 4
15 17 21
21 0 16
23 23 4
12 13 28
13 14 7
1 2 13
8 9 11
23 2 27
19 20 6
18 20 3
6 9 16
20 0 19
2 5 14
10 13 29
20 23 18
2 4 8
6 7 14
23 2 17
9 10 20
0 4 24
7 11 9
7 9 15
20 20 18
2 4 16
4 4 7
14 16 6
23 2 15
6 8 20
9 9 18
13 16 27
1 4 29
19 21 18
22 0 30
2 4 5
2 3 14
23 2 16
1 5 2
19 21 18
13 14 15
16 18 26
2 3 26
18 20 16
0 3 22
0 3 5
18 19 15
14 16 19
21 21 26
14 16 28
17 17 19
2 3 24
23 2 15
13 15 12
8 10 13
6 8 4
0 2 18
4 5 16
8 12 1
21 22 20
20 0 22
2 5 16
15 17 21
5 6 24
13 16 22
22 23 14
8 9 4
22 0 22
2 5 22
1 2 25
14 15 19
16 17 4
4 5 2
8 9 3
21 0 14
12 14 4
4 6 27
19 20 8
12 15 3
20 22 25
15 16 29
4 5 8
9 12 5
18 22 14
17 19 22
5 6 20
4 6 29
19 21 17
5 7 22
22 1 30
12 14 24
21 22 5
0 2 2
21 21 2
16 18 14
15 18 3
15 16 18
21 23 12
14 15 10
14 14 17
6 9 27
11 13 30
3 7 22
0 2 18
3 5 11
6 8 3
0 2 13
10 12 12
2 4 24
8 10 9
12 12 5
12 15 25
21 23 19
23 3 12
16 19 1
18 19 22
17 18 16
21 23 26
16 18 2
0 2 23
18 21 27
3 6 21
16 18 11
11 12 2
19 21 3
16 18 24
7 9 6
19 21 27
23 2 9
11 13 17
17 18 29
10 12 7
8 10 6
6 8 12
2 4 9
2 5 1
2 5 21
19 19 22
22 23 4
22 0 27
13 14 27
22 0 10
8 12 22
18 20 15
3 5 10
17 21 2
9 12 18
2 2 8
7 9 24
14 16 29
23 1 24
15 17 6
6 8 5
12 14 29
7 12 8
15 17 24
17 17 27
5 8 9
11 14 6
14 17 2
10 11 26
5 7 13
18 18 4
4 5 23
3 6 9
10 10 30
21 21 12
9 11 10
12 16 29
15 19 12
19 19 24
15 16 20
9 13 4
20 22 30
16 19 11
9 11 8
6 9 17
5 5 2
12 13 29
3 5 11
13 15 16
5 6 14
17 21 6
12 14 1
20 22 1
17 20 8
6 9 30
22 0 23
12 13 10
6 8 8
9 10 14
21 0 28
16 17 5
13 14 1
4 5 30
0 1 24
21 0 21
21 22 18
9 13 3
23 2 8
2 4 24
5 6 10
6 8 30
21 22 3
18 21 21
8 9 22
22 0 13
11 13 8
16 20 20
18 21 4
7 9 10
5 8 1
7 10 10
3 6 13
17 21 19
11 12 1
23 1 12
23 1 27
14 16 15
7 9 26
18 19 29
5 6 17
4 5 3
3 5 18
9 10 21
1 2 23
21 23 7
20 22 10
13 16 5
5 7 15
9 10 19
9 11 18
2 3 30
1 3 15
16 18 26
20 21 24
7 6 17
18 20 11
1 2 1
6 6 11
11 12 7
6 8 3
12 14 16
3 7 14
0 0 1
3 6 29
17 19 3
20 22 8
17 20 12
18 19 1
19 21 6
8 8 7
10 14 19
2 4 20
16 16 18
7 7 9
23 1 11
18 20 12
15 18 13
1 4 16
7 8 25
5 7 11
4 7 5
12 13 16
22 23 5
21 0 3
2 4 25
6 9 28
12 15 21
0 2 16
4 6 25
3 4 17
2 4 11
22 0 13
9 12 14
4 7 26
8 11 11
8 10 22
5 7 13
22 0 24
23 0 20
19 21 12
2 5 1
16 17 2
21 23 5
8 10 9
1 5 15
4 5 15
9 10 13
16 17 9
21 22 16
0 1 17
21 0 24
2 3 29
16 19 22
1 2 16
22 1 29
18 20 21
4 6 27
12 14 26
7 10 30
22 23 18
10 12 18
4 7 4
9 14 23
11 12 17
20 21 25
20 21 9
1 2 21
15 18 8
18 20 2
14 16 5
8 11 28
18 21 16
0 2 17
9 12 20
6 8 12
20 21 20
9 11 16
14 16 1
21 0 14
15 18 11
19 21 23
21 21 2
0 3 27
21 0 3
10 12 13
17 19 13
13 15 2
7 8 14
13 15 4
18 20 26
20 22 9
22 1 19
17 19 5
16 17 18
16 17 22
1 3 8
17 21 15
23 2 14
8 11 12
22 22 3
16 17 3
5 7 4
12 14 28
6 9 8
18 19 14
23 1 10
7 9 22
1 2 17
7 9 20
16 18 1
0 2 20
20 21 2
18 21 6
18 20 7
18 19 15
19 22 19
23 1 30
19 21 17
19 23 29
14 16 4
17 17 9
21 23 28
21 23 16
21 23 18
20 22 2
18 19 17
4 6 3
23 0 16
23 3 7
6 8 23
7 9 19
0 3 26
11 13 28
9 11 20
16 19 29
15 18 18
4 7 12
2 3 17
6 8 29
17 18 15
23 0 24
15 17 30
6 7 19
0 3 22
9 10 13
8 10 4
2 5 13
14 17 18
8 10 25
10 13 16
13 15 5
7 8 22
9 11 14
13 15 3
5 7 28
11 13 10
6 8 8
12 14 28
11 12 2
1 3 28
7 8 29
6 7 25
13 15 15
13 15 24
19 22 18
17 19 23
7 9 5
5 5 15
13 15 16
0 2 30
22 0 5
3 7 15
7 11 29
11 13 8
13 15 16
0 2 4
5 6 3
15 18 26
2 2 1
18 20 1
19 21 12
7 11 19
5 7 14
19 23 5
14 15 16
23 1 14
17 20 16
21 23 25
11 13 1
14 14 12
8 11 7
18 20 1
10 12 17
11 14 28
19 22 25
15 16 4
23 23 5
21 23 6
23 1 29
2 3 14
10 11 25
13 15 18
16 19 5
15 18 18
21 23 7
16 18 22
12 16 10
11 14 4
13 17 27
15 17 1
8 9 15
0 2 4
12 12 21
4 6 6
22 0 15
13 14 5
4 7 5
22 1 25
11 12 9
5 6 1
3 5 27
15 17 16
4 6 13
20 22 11
8 11 12
22 2 8
5 5 29
23 1 1
8 11 9
22 0 4
18 22 24
13 15 21
20 0 12
8 9 24
23 2 14
1 3 29
15 15 10
1 5 15
21 23 16
3 5 3
21 23 18
9 11 19
19 20 17
17 18 7
10 12 19
13 16 2
21 23 14
6 7 5
8 10 27
12 14 1
22 0 29
11 14 13
1 3 5
2 3 7
4 5 7
22 23 6
8 11 29
17 20 24
13 16 17
15 16 18
6 9 9
6 8 23
22 23 14
22 0 2
19 23 24
5 7 5
1 1 21
13 14 24
19 19 25
13 13 9
7 8 5
11 12 26
15 18 30
21 23 4
12 13 3
19 21 21
23 1 21
20 23 29
10 12 30
8 7 25
4 6 1
4 4 10
12 14 29
17 17 13
23 0 28
23 1 23
17 18 25
15 17 17
8 10 29
13 15 9
5 7 7
5 6 13
2 3 28
8 9 3
9 11 17
13 15 1
4 6 18
20 23 24
16 20 10
21 23 21
20 22 2
9 12 8
9 11 5
3 5 10
17 18 4
19 21 16
6 10 6
3 5 14
9 9 21
0 1 4
11 14 8
19 21 29
17 18 1
17 19 19
15 15 7
17 22 26
6 9 6
8 12 25
13 15 9
22 1 27
5 8 10
16 18 22
5 7 30
19 21 22
13 14 26
15 15 22
22 23 5
19 20 30
15 16 23
4 6 28
15 17 22
22 0 9
13 15 15
6 8 21
9 10 27
17 21 15
3 5 8
7 9 6
1 3 14
7 9 10
13 16 23
14 16 15
15 17 16
9 11 11
5 10 24
16 18 9
21 23 12
17 19 9
22 23 6
11 12 29
22 1 13
23 3 18
4 7 16
5 8 5
13 15 11
5 8 30
23 0 10
3 5 7
22 23 10
10 12 1
13 14 26
6 8 15
0 3 15
15 18 21
22 23 9
7 9 2
13 15 23
11 14 18
9 10 4
14 16 19
15 17 12
16 19 22
19 21 1
6 10 21
1 2 18
2 4 11
3 6 11
6 9 3
21 23 25
12 14 10
22 1 16
14 15 19
14 17 24
7 10 6
7 10 28
20 21 30
17 18 16
8 10 19
21 22 22
3 4 21
14 17 21
22 1 13
2 4 28
15 16 14
14 16 10
11 13 28
23 1 17
10 13 5
9 11 11
18 19 24
8 11 10
16 18 13
15 17 24
12 13 25
23 23 7
0 2 11
22 0 26
8 11 8
9 10 11
1 3 8
0 2 20
20 0 16
6 7 17
19 21 12
13 15 19
20 23 1
17 21 26
5 8 1
20 21 28
2 4 4
20 22 25
4 4 15
8 11 24
6 8 29
0 3 16
13 15 14
0 1 27
14 16 28
18 21 19
15 16 26
21 1 4
22 0 15
11 14 29
3 4 16
14 15 1
9 11 17
4 5 24
0 2 1
14 16 24
4 7 21
0 2 3
16 18 30
19 20 4
23 0 8
14 17 24
12 14 15
8 12 19
17 18 10
10 14 19
8 10 29
19 22 24
7 8 14
18 20 18
16 18 29
21 23 29
21 22 24
1 3 2
11 13 1
15 18 23
5 6 22
18 19 11
20 21 7
23 1 3
13 16 24
3 6 1
13 14 27
21 23 17
0 1 13
11 11 11
21 2 21
8 10 13
23 2 9
5 7 3
15 15 11
11 13 16
4 5 1
6 9 18
7 10 1
3 5 9
15 17 20
12 13 19
22 1 29
17 20 15
14 17 6
2 4 7
20 22 4
17 19 5
21 23 23
17 20 9
13 15 7
12 13 1
6 10 25
13 16 11
11 12 16
17 19 10
13 16 9
17 19 28
5 9 11
7 8 14
4 7 29
10 11 8
21 21 3
2 5 28
4 5 29
6 8 25
14 15 18
14 16 6
15 17 3
7 8 13
19 23 4
4 5 28
21 23 25
5 8 15
14 16 1
3 5 30
17 18 23
22 0 10
23 2 1
14 18 24
3 7 2
20 22 13
12 15 2
6 10 27
4 8 17
14 14 10
4 7 18
13 16 13
22 0 29
6 8 6
12 13 21
21 1 28
8 10 21
2 4 21
2 3 14
8 11 30
0 1 10
10 10 28
15 17 18
6 9 29
5 7 26
12 15 20
23 3 9
22 1 28
13 14 8
16 17 21
20 21 25
18 19 10
4 6 19
9 9 13
17 18 25
16 18 11
1 3 15
3 5 13
7 9 26
6 8 16
3 6 5
19 20 7
2 3 27
21 1 22
2 5 11
7 8 16
1 3 11
14 14 2
20 23 7
7 10 2
0 2 4
8 10 28
19 23 27
21 23 13
12 13 12
2 1 27
6 9 18
20 21 10
10 11 27
13 17 10
0 5 17
15 17 8
13 14 22
1 3 18
9 11 7
9 10 8
14 17 9
22 0 27
2 4 26
10 11 13
22 1 18
20 22 15
11 12 2
23 0 12
18 21 23
4 6 15
4 5 3
21 23 19
17 21 8
10 12 24
19 22 5
11 13 23
9 10 23
7 9 19
15 16 7
1 3 17
5 8 1
20 22 7
5 7 25
18 21 5
5 8 28
20 23 14
1 4 9
11 13 29
0 0 24
