1990 30
14 26 23 22 29 18 23 3 16 3 21 15 18 25 26 17 6 7 6 16 22 20 11 12 13 21 4 30 14 30 
23 2 4
19 22 16
16 20 22
15 18 6
21 0 27
4 6 2
0 3 21
11 13 26
22 0 9
20 21 18
21 23 18
23 1 26
1 3 23
12 16 7
6 8 28
14 15 17
4 5 30
5 5 24
7 8 11
16 19 13
22 2 5
19 21 9
9 11 7
15 17 12
8 11 28
5 6 6
15 17 7
12 14 5
10 13 29
15 18 30
12 13 26
4 7 4
23 0 21
21 23 14
8 9 18
6 8 26
7 10 10
0 1 25
2 4 2
9 11 16
7 8 21
1 3 23
21 2 16
23 23 27
6 9 5
4 5 7
12 14 17
9 12 19
23 0 23
5 6 8
4 6 7
1 2 9
12 16 20
6 9 8
11 15 1
23 2 15
8 12 14
2 3 28
9 12 27
23 0 30
0 2 30
14 16 28
23 2 20
18 19 19
16 16 21
18 19 25
3 4 12
17 19 11
1 5 8
17 18 7
11 14 15
11 13 22
9 12 23
15 18 30
8 10 2
17 17 29
0 0 20
10 12 19
4 6 20
17 21 3
14 15 24
10 13 8
4 7 13
9 11 16
23 2 22
3 5 24
15 18 4
16 18 6
22 0 20
7 11 5
19 20 20
5 7 7
9 11 27
10 11 22
2 4 4
23 1 29
22 1 20
4 7 28
2 4 5
9 11 19
12 14 16
0 1 23
18 20 9
22 2 27
6 7 11
12 13 20
7 10 30
16 17 3
14 17 29
2 5 8
20 0 12
2 4 21
0 2 4
14 16 7
19 22 22
5 9 12
23 0 9
7 10 4
23 2 17
17 19 8
14 16 18
2 5 23
23 2 29
0 1 30
14 18 24
8 9 1
23 23 28
16 19 13
20 18 27
13 16 17
17 17 2
2 5 25
18 20 26
6 8 22
15 16 11
5 6 23
6 6 27
5 9 25
22 23 7
14 17 5
13 15 3
19 22 26
20 1 30
14 17 12
23 3 25
18 18 22
15 18 5
19 19 11
6 9 12
4 6 9
20 22 13
22 0 26
21 22 22
20 21 16
23 2 17
4 5 9
16 17 8
8 10 15
16 19 5
23 1 12
13 16 25
4 7 3
4 4 20
23 1 12
16 18 29
8 11 14
4 6 17
0 2 10
6 8 23
16 18 3
21 0 18
7 9 3
10 11 4
12 15 27
10 13 8
3 5 8
0 1 30
18 23 20
3 7 15
13 14 27
10 13 18
10 12 21
23 2 6
21 0 26
16 18 26
18 21 24
14 15 28
23 3 9
17 19 23
1 6 22
5 8 19
23 2 10
18 19 9
3 6 3
12 15 18
10 12 5
14 15 7
17 19 14
5 5 5
19 20 2
17 20 19
17 18 12
19 21 4
13 15 26
18 19 17
6 9 14
23 1 17
6 9 17
4 8 6
17 18 20
21 22 18
21 23 23
20 23 9
15 16 8
15 17 9
15 18 1
20 21 20
1 3 1
8 10 2
6 9 29
7 8 30
17 18 23
1 2 22
22 23 30
11 14 24
19 22 12
4 5 7
6 9 27
20 22 2
18 20 27
10 11 11
3 2 15
21 0 4
0 3 5
3 5 26
1 4 18
21 0 28
0 3 26
7 11 21
15 18 16
15 15 28
17 19 13
1 2 16
19 22 14
12 15 7
22 22 19
23 1 10
23 2 21
4 6 9
7 9 24
12 15 19
15 17 7
23 1 19
19 21 8
11 13 22
12 16 8
23 0 20
5 8 30
9 11 28
9 11 30
23 1 8
7 10 17
4 7 11
8 10 27
14 16 24
20 20 7
23 2 18
22 1 22
3 4 8
8 11 17
9 12 13
15 16 7
0 4 7
8 10 3
4 3 11
4 6 18
16 17 21
0 3 19
20 23 5
5 7 5
13 16 11
15 15 17
2 6 8
7 8 1
23 1 22
13 15 16
1 3 13
0 2 30
15 18 5
15 18 26
1 4 28
17 20 25
15 17 23
15 18 26
13 14 6
2 5 9
16 19 16
5 8 1
23 2 7
2 4 18
18 19 6
9 12 24
20 22 22
16 17 24
1 3 7
9 10 22
1 3 20
4 8 9
11 11 21
2 5 15
19 19 17
9 10 4
0 2 29
1 3 22
13 15 3
8 10 22
7 8 25
16 15 8
18 20 5
12 14 19
22 23 13
7 7 20
8 12 9
19 20 1
8 8 16
2 4 18
12 15 13
9 10 25
6 8 26
11 11 26
8 8 3
14 17 25
1 2 3
6 9 4
3 6 9
22 23 11
2 4 17
18 20 14
4 5 22
3 4 14
17 20 13
11 13 13
20 22 15
5 6 29
5 7 16
17 19 3
0 2 24
5 8 30
22 23 1
19 21 23
18 20 27
10 12 23
6 10 18
17 20 13
13 15 28
17 18 30
4 5 5
19 23 8
19 22 28
20 21 9
8 9 30
9 11 25
11 13 7
13 15 1
9 11 6
7 8 26
1 4 6
3 4 19
18 19 14
16 18 20
6 8 12
19 21 5
22 23 3
23 0 29
1 3 16
21 0 26
14 16 8
17 18 13
9 10 27
4 6 21
3 4 1
5 7 7
7 10 5
3 4 13
3 5 20
3 4 22
5 6 3
17 19 4
0 0 8
10 12 30
16 19 12
3 7 22
3 5 3
12 12 28
13 14 8
3 6 4
22 23 3
16 20 15
4 5 27
8 10 8
5 7 22
17 21 21
0 4 5
16 19 3
7 9 19
2 3 5
13 16 1
23 3 26
22 22 22
21 0 29
2 6 26
20 21 22
13 15 28
7 8 13
5 4 7
3 7 21
16 18 19
16 19 25
5 8 25
13 14 3
0 3 14
8 10 11
10 11 14
19 21 1
13 16 15
3 5 23
22 1 20
17 18 24
18 20 15
16 17 18
17 19 30
22 0 11
8 11 11
7 10 10
4 7 7
23 0 25
4 7 5
13 14 26
15 17 25
1 2 8
9 11 15
14 15 9
1 2 29
5 7 4
21 23 16
11 12 5
15 18 1
2 3 22
23 1 1
9 11 26
22 0 16
5 6 29
17 17 8
11 12 9
23 1 1
10 13 17
10 13 21
5 6 15
23 0 23
23 2 26
9 9 17
8 9 18
6 9 29
11 15 3
6 9 11
7 9 14
8 8 18
10 11 7
6 7 22
20 23 1
7 10 2
23 2 4
11 13 10
3 5 5
18 19 11
20 21 15
9 11 7
14 16 16
22 23 25
17 20 16
6 7 26
2 3 3
22 1 23
7 9 14
8 12 19
4 7 8
19 22 23
17 19 18
12 14 12
3 6 8
3 5 6
23 0 6
17 19 30
7 7 21
8 10 5
12 13 17
11 14 23
9 11 19
0 1 29
3 4 24
8 9 6
4 7 8
11 14 28
21 21 23
23 2 5
1 4 15
18 19 5
12 15 28
16 18 24
2 4 14
6 9 21
11 13 19
16 18 12
11 13 23
1 4 7
15 18 24
13 16 13
17 20 1
4 6 13
8 11 21
10 13 3
13 15 4
5 8 23
19 21 15
21 22 18
17 20 18
7 10 12
19 21 6
2 6 23
21 1 2
8 12 25
21 23 27
21 23 7
19 23 8
20 23 9
0 2 1
14 16 30
15 17 11
4 5 8
23 1 2
19 21 6
22 0 11
13 16 27
11 16 2
17 20 28
16 18 18
2 6 22
0 3 26
17 20 19
15 17 15
14 15 4
16 17 30
22 1 14
19 22 3
8 11 27
3 5 26
19 20 25
5 7 3
9 10 30
16 19 16
10 13 4
1 2 10
19 20 11
19 21 26
0 2 25
22 0 19
10 13 3
9 12 30
7 8 9
10 13 16
21 23 9
2 4 2
0 1 10
17 20 26
16 17 17
4 6 10
4 4 11
16 19 11
6 9 24
14 17 3
3 5 21
17 18 27
23 0 16
14 15 2
11 13 11
3 7 24
15 16 26
7 10 20
5 6 10
13 14 23
6 9 10
11 15 12
4 5 1
1 6 15
16 19 19
14 17 14
8 8 18
7 9 26
4 6 9
20 22 9
2 3 9
1 3 22
14 17 1
0 3 25
12 14 12
0 3 5
7 9 3
10 13 28
7 9 5
7 9 3
3 5 8
3 6 13
4 7 1
9 12 16
5 8 21
12 15 1
5 7 23
1 3 19
13 13 5
11 13 21
3 6 24
10 12 13
1 3 23
7 9 14
17 19 1
16 19 30
13 16 28
22 0 21
18 19 23
9 11 11
12 13 6
22 0 15
8 9 21
18 19 5
6 8 2
12 13 15
0 1 29
4 5 13
4 5 12
17 18 25
11 11 17
21 23 14
6 7 24
21 1 12
20 22 1
11 12 5
5 7 22
6 7 1
0 0 23
21 0 10
6 8 5
20 21 3
23 2 27
21 22 21
17 20 13
16 18 21
13 15 27
14 14 23
10 13 23
4 6 22
7 9 23
13 15 24
12 14 15
22 1 12
19 20 20
22 23 8
18 20 28
9 11 15
7 9 17
7 8 17
22 0 14
15 17 28
20 23 12
22 0 7
3 4 2
20 22 13
5 6 21
0 2 8
14 17 20
17 17 29
22 22 15
12 14 26
8 12 19
6 8 27
8 11 29
4 7 29
7 11 19
0 3 7
14 16 2
7 9 18
15 17 1
20 22 12
4 7 25
1 2 1
14 15 24
2 5 14
8 10 7
15 18 19
23 1 23
13 15 23
12 15 19
12 13 26
12 14 29
23 23 22
17 21 30
12 12 11
20 22 9
7 9 3
13 15 9
17 19 13
7 9 13
5 6 3
8 11 5
2 5 12
10 12 17
10 13 8
4 6 24
19 21 25
13 17 16
16 18 24
11 14 14
21 0 24
8 10 8
12 14 20
23 2 23
18 20 26
17 18 27
4 5 19
8 9 28
12 15 26
10 13 1
7 10 5
18 20 30
3 3 13
17 18 7
10 13 26
21 22 2
15 18 4
5 8 13
11 13 5
6 7 7
0 3 15
3 6 12
9 12 20
6 9 22
15 16 15
13 16 1
1 3 10
18 21 25
0 3 6
1 1 20
22 23 11
19 20 27
9 12 29
7 10 19
20 23 11
13 16 17
13 15 24
0 2 10
13 15 24
8 10 8
17 17 19
16 20 13
4 5 6
23 22 3
16 17 13
19 21 19
3 5 21
11 13 5
4 4 6
21 0 27
0 2 10
11 12 8
8 10 10
4 7 24
3 4 13
19 21 7
10 13 24
23 2 3
10 13 30
14 17 6
12 13 15
14 15 19
4 6 4
17 19 8
1 3 7
7 9 26
13 15 1
10 12 21
20 0 12
22 1 12
20 21 26
12 14 18
2 4 9
4 7 28
11 14 27
14 16 24
2 2 30
4 4 21
9 10 18
19 21 17
7 10 18
6 9 16
21 21 2
11 12 28
0 1 14
1 3 9
15 18 3
9 10 4
10 11 1
21 23 10
9 13 7
7 11 14
1 3 2
11 12 12
23 1 12
2 4 22
22 1 22
2 5 2
23 1 5
6 6 17
2 4 27
10 12 23
15 16 7
7 8 21
23 2 23
7 9 2
9 11 12
7 9 11
19 22 6
16 16 2
20 22 2
1 4 19
8 11 25
3 6 26
4 7 11
1 4 6
23 2 5
16 17 30
4 6 29
7 9 2
1 4 3
3 5 21
20 22 14
17 21 2
6 11 4
18 18 26
20 22 11
4 6 13
4 5 29
14 17 30
11 12 10
3 6 18
15 17 3
22 23 8
21 22 17
3 7 17
22 23 15
14 14 8
1 2 10
22 0 30
19 19 13
2 3 30
18 21 1
6 7 30
14 14 8
0 2 18
23 1 1
11 14 26
8 11 15
21 23 15
15 20 30
5 8 19
14 16 27
10 11 21
20 19 13
16 18 27
3 6 11
23 0 17
7 9 22
18 19 27
13 16 9
22 0 4
22 1 15
0 2 13
9 12 4
10 12 4
18 20 22
11 13 5
3 5 9
21 22 6
11 12 17
21 20 6
8 11 11
11 13 23
22 0 22
15 17 5
20 22 6
5 6 19
15 19 20
10 12 5
0 2 3
6 7 26
16 19 2
11 11 3
7 8 9
3 5 6
0 0 24
0 1 23
4 5 24
12 15 3
4 5 18
22 1 24
2 5 28
9 12 19
21 0 10
21 23 16
1 4 7
7 8 10
22 2 7
23 1 17
0 1 26
6 9 29
8 11 23
3 3 15
12 13 3
2 3 14
0 1 8
22 1 23
18 19 14
21 22 5
0 4 18
0 2 27
14 15 20
19 21 10
18 19 28
20 22 29
2 4 30
8 10 20
12 14 17
23 1 8
17 18 2
21 23 13
14 15 29
0 2 20
12 15 18
4 7 5
13 17 23
9 10 24
13 15 27
9 10 13
5 8 17
17 19 12
1 2 15
10 13 7
19 21 16
12 13 6
3 5 12
15 19 22
22 1 25
9 12 2
2 3 10
0 1 7
14 15 30
12 15 18
16 20 28
21 0 19
17 19 13
16 16 18
7 10 19
1 2 14
1 4 20
16 17 10
14 17 13
17 18 4
13 14 29
15 17 25
13 16 16
16 15 16
3 4 4
4 9 5
1 3 30
20 22 19
5 6 13
5 7 22
20 22 5
20 22 16
23 1 16
20 21 21
3 5 2
10 12 18
13 15 6
6 9 27
22 21 21
5 7 10
8 7 18
5 7 26
9 11 1
12 14 3
6 7 5
9 12 12
13 14 9
9 12 30
16 19 2
5 9 2
10 14 21
20 22 29
2 4 3
21 22 5
21 22 15
18 21 21
9 11 6
19 21 12
1 2 23
14 15 12
5 6 6
20 22 27
13 14 17
2 4 19
4 6 5
6 8 30
22 0 2
1 4 25
13 16 2
21 22 4
3 4 29
17 20 17
12 15 20
19 22 14
23 1 12
8 11 20
22 0 7
7 10 21
18 19 26
15 17 5
0 3 21
11 12 21
20 23 3
18 18 7
13 15 15
19 20 1
8 10 10
4 5 18
11 11 23
5 7 2
0 1 4
18 20 18
16 19 19
14 17 14
14 16 11
13 15 23
11 15 26
18 21 27
22 0 8
16 20 16
2 4 13
22 0 17
7 10 6
16 18 7
12 14 30
20 22 15
13 14 18
10 13 22
14 17 10
1 3 27
20 23 15
14 16 14
13 16 29
9 11 14
21 21 12
22 23 13
2 4 18
20 22 1
3 4 7
3 5 3
21 23 25
4 6 9
19 20 29
18 20 18
8 11 26
7 9 14
11 14 23
20 22 19
21 23 3
23 0 27
15 16 30
2 5 6
11 14 11
9 12 23
23 2 13
8 10 10
7 10 16
0 2 12
6 7 10
13 15 27
16 19 4
20 0 13
14 16 21
8 10 2
17 20 26
14 16 5
17 19 30
22 23 2
15 18 27
8 11 21
3 5 20
10 13 6
2 5 15
13 13 22
20 23 2
20 22 26
13 17 13
10 11 11
20 22 5
8 10 1
23 23 5
2 5 27
7 9 14
2 4 8
12 13 25
10 12 27
14 15 27
0 1 6
21 22 30
0 3 12
13 15 15
19 21 4
14 16 13
1 3 12
8 9 16
21 23 1
3 6 26
7 10 27
12 13 18
22 22 22
3 6 10
0 2 10
2 3 20
20 22 13
0 2 27
22 1 15
16 17 2
11 14 7
14 16 22
10 11 27
4 6 28
17 21 26
19 21 15
21 0 14
14 15 14
7 8 21
0 2 16
22 0 8
17 21 30
6 8 2
7 7 11
4 7 24
4 7 17
17 19 23
23 0 28
5 6 27
9 12 29
20 21 29
22 0 15
2 4 19
14 14 8
21 23 21
0 1 30
4 7 24
10 12 16
2 2 22
23 2 21
17 18 2
14 16 28
2 4 11
19 22 29
8 10 10
20 23 18
11 12 9
12 15 26
23 2 7
7 10 29
17 19 6
23 23 12
8 10 26
20 23 16
6 9 9
16 16 18
1 2 25
11 12 12
3 4 17
4 4 16
4 7 5
3 5 18
0 3 16
14 17 15
10 11 22
9 11 6
0 4 14
8 9 8
23 2 5
8 11 10
17 20 18
23 1 7
13 14 22
9 11 5
6 9 28
10 12 22
16 18 14
8 10 6
15 17 11
23 2 7
4 6 26
17 19 24
14 17 20
0 2 8
5 8 26
6 8 1
4 8 20
23 2 5
12 15 9
5 6 6
1 1 7
3 4 20
19 21 12
21 22 18
18 20 11
19 22 5
5 8 1
16 18 16
9 11 24
17 19 18
15 17 16
6 6 15
21 23 22
22 1 24
10 12 30
17 20 5
14 15 26
11 12 20
12 15 30
23 1 18
2 5 3
19 20 16
1 5 29
21 23 26
8 9 16
6 9 3
0 3 21
11 13 19
9 11 3
6 8 1
20 22 3
22 2 8
20 22 20
16 18 12
17 20 6
22 23 28
17 18 18
11 13 28
20 22 10
16 19 23
12 15 21
11 13 21
23 23 3
14 15 2
1 3 4
16 17 15
21 23 26
7 9 9
9 11 6
17 20 21
2 4 20
15 18 30
8 12 10
5 7 11
19 20 25
18 21 13
12 14 22
2 5 25
7 8 18
4 6 28
20 23 15
4 7 4
8 9 18
2 5 10
10 11 19
4 6 14
3 6 3
5 6 11
7 10 20
21 23 12
18 19 28
17 19 5
17 18 30
11 13 2
10 14 3
21 22 1
12 13 23
8 10 21
13 16 30
12 13 7
20 22 16
9 11 2
23 0 8
12 14 18
11 13 24
4 7 9
3 5 12
2 3 8
3 5 16
0 4 18
2 4 2
18 19 22
13 17 4
1 3 12
16 17 16
20 23 10
13 16 9
17 19 6
5 7 25
0 1 27
7 9 1
8 10 4
17 20 10
18 19 19
10 12 17
12 15 25
11 13 10
7 9 11
17 20 29
20 23 30
22 2 12
13 15 10
5 6 27
16 17 25
19 20 2
10 13 21
16 19 1
12 14 28
22 23 13
4 8 18
22 1 10
10 12 15
1 4 21
19 21 18
5 9 26
7 10 6
3 5 23
20 21 28
1 2 17
13 13 5
4 6 24
22 23 19
6 10 3
8 11 11
11 13 9
21 22 30
8 9 14
8 8 18
6 7 29
12 15 21
1 3 3
9 11 3
19 22 23
11 13 17
4 5 23
11 13 3
19 21 8
19 21 10
15 16 1
7 9 24
19 22 27
2 6 1
21 22 30
13 14 6
14 16 1
2 3 23
7 9 27
4 6 10
15 17 7
4 6 18
2 4 13
11 12 2
12 14 2
23 1 2
9 11 2
8 10 2
15 17 25
17 20 15
12 13 5
16 16 16
12 15 17
1 2 30
13 14 27
13 15 14
9 12 16
23 1 11
9 11 10
13 15 28
16 18 13
18 20 20
1 3 14
6 8 19
4 5 19
9 10 14
22 0 6
22 0 18
15 16 23
22 23 23
21 22 16
21 22 10
7 10 18
17 19 14
19 21 4
4 5 23
17 18 28
19 20 27
16 17 3
8 11 14
18 20 15
11 13 7
17 20 16
4 6 2
1 4 21
11 13 23
15 16 20
12 16 7
11 13 11
0 1 7
13 15 14
16 18 14
10 13 17
19 23 12
21 21 20
14 16 18
10 13 14
19 20 18
16 18 3
14 18 4
15 16 21
12 13 18
16 18 5
17 20 12
4 6 7
2 5 25
20 0 26
20 22 9
21 0 18
0 0 25
1 3 8
18 18 1
20 22 25
3 6 29
14 16 10
7 11 30
23 0 24
12 16 10
18 21 15
5 7 18
18 21 6
4 6 7
17 20 3
15 17 29
0 2 22
17 22 13
20 21 15
0 2 22
17 20 15
11 15 20
21 22 10
9 13 18
20 21 19
21 1 1
14 18 21
19 22 12
9 11 23
16 19 26
6 5 2
9 8 17
8 11 2
21 23 18
17 17 21
1 4 10
10 11 27
19 19 17
3 3 24
17 20 12
9 12 18
20 23 19
8 9 5
4 6 4
22 23 4
8 10 29
19 23 9
22 0 1
13 14 26
3 5 21
3 5 9
6 8 3
7 8 7
6 8 12
15 16 2
8 10 19
1 0 8
19 20 21
5 9 28
8 9 30
21 23 21
21 23 30
3 6 7
20 22 12
16 18 6
4 5 26
7 9 27
6 7 25
0 3 1
17 19 2
0 3 23
17 18 21
1 4 21
22 1 8
10 12 3
1 3 18
20 23 4
5 7 25
14 15 24
19 22 27
5 6 17
21 0 8
23 0 29
18 20 28
7 11 5
22 0 10
13 15 6
6 8 24
10 12 5
12 14 11
3 4 23
8 10 3
12 16 15
0 3 29
17 19 1
22 0 3
12 15 5
7 9 23
19 21 13
11 12 23
3 6 17
13 15 12
18 21 2
9 11 27
21 23 11
7 9 28
19 22 8
22 23 28
11 13 17
8 10 14
19 20 10
8 11 7
4 7 27
16 19 26
11 14 2
16 20 4
1 2 5
15 18 2
16 18 25
3 5 4
17 17 6
8 11 1
8 10 10
8 11 19
17 19 13
20 23 28
12 14 27
8 9 13
15 18 3
14 17 12
17 20 17
6 7 7
6 8 4
21 0 22
4 4 28
17 18 6
9 12 14
17 18 23
7 8 8
15 18 17
22 0 19
18 21 6
11 12 18
13 15 24
5 6 24
2 4 3
6 6 12
4 6 2
0 2 24
15 18 20
6 7 25
10 10 2
6 8 21
20 21 23
9 12 1
19 21 5
14 15 15
21 0 15
9 11 3
22 22 17
12 14 29
23 0 18
20 22 9
4 8 6
22 1 14
1 1 15
12 14 13
11 16 10
21 0 7
0 4 18
1 3 7
5 8 5
7 9 21
20 20 18
13 13 20
18 19 27
15 16 15
12 14 28
22 1 6
11 15 10
12 13 19
9 11 23
1 4 21
1 4 27
5 8 15
8 10 22
9 11 15
1 3 6
12 17 2
14 16 17
23 2 24
21 23 6
13 15 27
19 20 6
16 18 23
17 19 8
18 21 30
12 14 24
0 2 30
21 23 29
6 7 24
10 13 25
21 0 27
21 23 17
7 9 4
23 1 23
18 19 11
21 23 15
19 21 26
12 14 23
8 10 14
22 1 14
15 15 8
13 14 9
11 16 19
1 5 26
5 8 4
1 3 29
19 22 3
12 14 28
1 3 18
9 11 27
19 20 27
9 11 19
1 3 2
19 20 17
21 21 21
10 14 12
13 14 29
6 8 25
22 23 12
19 21 14
20 23 29
6 8 11
20 22 14
15 17 1
2 3 14
11 14 5
23 1 6
11 13 12
8 10 25
9 12 12
7 8 12
4 7 29
17 19 29
11 13 5
16 20 16
2 5 16
6 9 9
2 3 10
6 9 7
9 11 10
14 16 23
7 8 18
7 9 20
23 1 5
19 21 6
16 17 20
18 19 21
8 11 25
22 0 19
21 0 3
7 10 30
17 18 9
18 19 20
9 11 10
0 5 21
17 20 18
11 13 21
23 2 16
11 13 14
4 4 7
9 13 6
20 22 19
8 8 12
8 9 16
20 0 13
19 22 22
1 3 8
0 1 12
20 23 27
10 11 8
10 13 29
4 8 11
16 19 26
0 1 10
17 18 25
1 3 15
5 6 2
4 5 2
15 16 1
15 17 28
15 18 1
18 19 12
22 1 23
16 19 2
12 14 24
7 9 7
23 1 15
11 15 3
4 6 27
9 12 13
20 21 18
13 14 4
19 20 13
18 19 4
14 15 17
3 5 5
16 18 15
23 2 8
18 19 3
4 6 19
1 4 13
17 19 30
0 1 22
14 15 3
23 1 1
9 12 11
13 16 4
10 13 2
6 9 12
4 6 28
6 8 25
2 3 1
9 12 14
8 11 21
7 10 13
0 2 2
20 23 19
1 4 9
23 0 12
20 21 14
4 7 27
20 23 23
19 21 9
15 17 11
20 23 3
11 13 30
15 18 17
5 8 24
18 21 30
21 23 1
22 0 1
19 19 8
12 15 15
19 20 1
4 6 30
11 13 7
14 17 11
0 2 9
19 20 14
3 4 15
20 21 9
16 17 20
0 2 5
18 19 23
23 2 17
21 23 15
0 3 29
12 13 29
5 7 18
18 20 19
11 13 24
10 12 15
2 2 13
22 1 23
14 15 24
21 0 23
22 22 6
9 11 16
6 6 23
18 21 6
2 4 3
0 1 15
17 19 4
3 6 6
3 6 29
14 18 12
6 8 9
22 23 28
19 20 17
13 17 6
22 1 19
4 6 3
12 14 30
0 1 18
7 9 13
10 12 2
5 8 10
10 12 2
5 6 26
7 8 9
9 12 1
3 6 6
15 18 17
22 1 21
18 21 18
10 13 13
22 22 13
10 14 24
3 4 1
12 15 28
9 12 12
4 6 6
23 1 3
9 9 2
15 17 2
8 8 23
10 11 13
5 6 23
16 18 6
20 23 17
18 18 9
14 14 11
6 8 19
13 15 14
9 13 3
16 18 1
20 23 20
18 21 29
12 15 30
18 21 21
0 3 6
17 16 26
8 12 12
13 15 3
21 0 18
5 7 24
12 13 26
2 3 19
12 16 29
6 8 30
18 19 12
20 23 24
22 1 4
19 21 18
5 6 9
5 7 3
1 3 26
23 1 22
17 20 8
0 3 30
22 23 13
0 4 17
23 3 22
0 2 16
12 13 23
18 20 19
7 9 18
14 15 9
15 15 24
9 8 16
11 13 27
15 15 12
7 9 22
1 5 15
10 13 5
9 11 30
4 5 8
11 14 25
11 14 23
17 18 30
4 6 22
9 10 25
1 2 13
11 13 22
0 2 28
21 1 13
17 20 21
16 19 22
1 7 8
13 17 24
4 6 18
2 2 1
11 12 10
12 13 12
11 12 12
16 17 16
2 3 4
18 20 26
1 4 8
8 9 9
20 20 8
17 18 19
16 19 3
18 21 16
1 3 19
15 19 15
17 20 15
21 1 28
4 5 2
1 4 9
11 13 25
14 15 23
22 2 24
10 11 12
7 10 12
0 1 30
2 4 28
15 16 16
0 3 5
17 19 5
15 18 14
7 9 1
16 17 26
12 14 8
16 17 4
11 12 15
0 2 15
11 14 24
23 0 3
20 22 19
15 18 14
22 21 18
9 12 30
1 2 16
17 20 11
12 14 30
21 22 29
18 22 28
15 18 30
1 3 7
13 14 13
21 22 7
2 3 13
20 23 12
22 23 10
8 11 12
14 17 26
17 18 30
2 4 12
2 5 28
23 4 3
10 13 6
15 18 3
16 19 6
11 12 8
7 10 13
19 20 4
14 16 9
18 21 24
17 19 23
