200 30
27 26 8 21 26 22 24 5 3 12 26 22 2 29 4 29 15 12 23 11 14 26 25 11 13 18 6 26 14 1 
15 16 5
7 7 12
15 19 3
17 19 25
4 6 17
15 16 9
7 7 19
22 0 4
5 7 4
7 8 23
12 13 19
1 2 26
3 4 23
22 23 17
5 6 5
2 4 5
23 0 22
22 0 7
17 18 12
16 19 1
4 7 1
13 14 11
16 18 17
14 17 8
12 14 18
1 2 9
17 18 28
8 8 7
5 8 7
11 12 26
14 13 7
17 18 22
17 20 22
14 16 10
11 13 18
16 18 18
5 8 20
2 4 29
5 7 9
18 20 13
9 12 30
10 13 30
17 19 13
10 12 15
3 6 20
15 17 3
4 8 5
13 14 1
21 22 3
14 16 30
18 18 29
14 15 26
18 21 7
22 0 23
11 14 18
16 16 29
19 20 6
6 7 19
6 9 15
23 2 10
6 7 29
6 7 25
3 5 27
15 20 13
6 7 2
19 20 18
21 0 4
8 9 25
0 1 1
16 17 2
17 20 21
23 1 1
6 8 18
8 10 3
17 18 6
10 11 4
23 2 12
13 13 3
7 10 29
15 17 17
7 8 11
17 18 17
2 3 18
13 16 1
12 15 28
5 7 20
13 15 5
8 9 12
22 1 6
8 11 25
8 9 30
16 20 29
8 10 19
14 15 3
23 1 3
4 6 18
15 18 21
4 6 19
8 12 13
3 5 13
9 11 5
7 9 16
20 20 3
3 4 24
13 17 28
15 17 9
12 15 12
7 9 20
20 22 28
6 8 14
1 4 17
11 12 12
22 0 10
6 9 8
8 11 21
20 21 12
10 10 16
14 16 23
13 15 1
10 11 24
5 6 13
17 18 1
15 17 26
12 16 25
1 4 23
14 16 8
11 13 6
21 23 29
22 23 12
19 22 18
3 5 5
19 21 22
9 10 19
6 9 20
0 3 5
15 17 16
22 1 29
2 3 1
4 8 22
19 22 4
18 20 8
20 22 7
23 1 6
23 1 4
13 16 8
22 0 20
11 11 11
23 0 30
5 6 2
12 13 11
1 3 21
21 23 12
23 3 14
8 9 16
4 5 30
13 15 30
10 12 16
5 8 22
7 9 24
6 9 28
22 1 30
9 12 2
0 2 24
9 11 26
14 17 3
6 9 15
22 0 30
7 9 27
6 9 22
10 14 7
19 21 18
22 23 20
0 1 16
5 7 18
22 0 13
8 11 24
9 10 29
17 18 15
4 7 24
19 22 22
22 1 11
20 23 19
19 22 23
7 9 10
13 15 24
9 10 23
15 17 5
23 1 20
1 5 17
0 2 25
9 11 15
22 23 17
14 14 11
9 11 3
4 7 22
8 10 18
8 11 28
9 10 2
7 9 20
18 20 23
