2050 30
5 21 29 29 25 2 4 13 11 4 12 10 16 27 2 20 23 30 6 16 28 27 1 23 12 6 9 19 15 29 
17 18 30
5 5 23
18 20 19
14 17 15
13 16 7
0 1 16
3 6 18
14 15 27
4 6 4
9 13 18
1 4 1
15 18 22
20 22 29
16 18 14
11 13 5
5 7 28
22 0 4
6 8 9
12 14 12
20 22 23
23 0 24
13 15 9
18 21 19
8 10 5
6 9 6
15 17 6
3 6 18
12 14 5
23 2 24
19 21 5
18 20 3
12 15 29
10 10 19
6 8 24
17 20 9
18 20 17
16 18 5
22 23 24
10 13 4
11 12 20
21 23 12
5 7 22
23 2 30
7 11 15
17 19 30
22 1 4
16 19 16
22 2 22
5 7 9
22 0 10
9 11 28
0 1 8
5 7 18
18 19 12
7 9 4
7 7 25
17 19 14
17 19 7
22 1 24
6 10 19
20 22 13
23 1 15
9 12 22
11 11 28
11 14 18
19 22 16
5 7 23
0 3 26
14 15 6
16 18 12
5 6 29
14 18 16
22 0 13
3 7 3
23 2 24
8 8 2
2 5 17
18 21 9
8 10 22
18 22 15
22 2 28
10 12 13
6 7 3
21 0 23
20 23 5
13 16 12
2 5 16
16 19 20
13 15 5
5 7 30
3 5 30
21 23 2
1 2 14
4 7 28
21 23 24
14 17 19
23 3 4
18 20 28
6 8 23
13 16 9
3 4 6
3 3 29
16 19 4
20 21 3
9 12 14
16 16 5
6 7 5
13 14 9
12 13 26
15 16 17
2 4 30
10 12 8
11 13 5
5 6 26
18 19 27
15 19 18
7 8 13
4 5 28
10 13 8
4 5 4
22 21 22
7 8 14
0 4 10
10 13 26
16 19 27
22 23 21
7 9 21
9 10 4
5 6 13
11 14 19
22 0 27
8 10 17
21 0 22
7 8 9
13 15 12
21 0 29
21 23 13
16 20 20
12 14 24
19 22 30
8 11 17
8 11 26
11 12 15
10 14 14
13 16 7
11 13 28
4 8 4
13 17 25
0 2 26
18 20 21
20 22 9
19 21 20
4 7 18
13 13 21
17 18 21
23 1 28
12 15 18
0 4 28
0 2 13
22 0 7
17 18 7
12 13 11
6 9 15
2 4 16
19 22 20
16 17 30
1 3 14
2 5 9
9 11 23
14 16 23
3 2 20
12 15 18
18 21 22
11 14 13
10 11 18
16 19 22
17 18 30
16 19 26
20 22 29
13 14 7
5 9 26
10 11 6
9 12 29
11 13 18
8 10 22
5 6 23
1 3 9
12 15 25
1 3 9
18 20 9
1 2 17
23 23 17
1 3 26
3 5 4
10 12 1
16 20 2
17 21 17
4 6 24
19 21 15
20 22 7
10 12 24
21 0 24
1 2 19
12 13 23
23 0 5
20 23 18
13 14 23
13 15 11
23 1 19
11 11 19
22 0 25
19 20 25
23 2 6
13 15 2
2 4 19
5 6 24
18 20 27
18 21 21
19 20 10
10 11 6
1 3 11
11 13 14
11 15 17
22 1 28
18 19 23
7 10 18
20 23 25
9 12 18
4 6 2
10 11 7
1 3 28
20 23 4
1 3 21
15 16 11
3 6 9
22 1 30
20 22 21
7 9 21
4 6 4
11 14 17
21 23 11
19 21 28
8 11 22
8 9 4
10 12 4
9 11 8
4 4 20
23 2 15
9 11 17
8 10 3
16 18 10
20 20 6
20 22 3
5 7 22
22 1 12
3 4 15
1 3 2
5 9 20
11 13 26
23 1 6
5 8 12
23 1 12
0 4 28
12 14 26
7 8 16
3 3 29
6 7 23
17 20 15
2 3 9
4 6 7
12 14 18
0 2 16
5 7 1
2 5 4
21 23 6
15 19 7
1 3 5
6 9 13
0 2 17
20 22 15
15 18 2
17 20 14
20 21 20
21 0 18
9 10 8
14 18 2
0 3 30
15 16 3
1 4 2
6 9 21
7 9 21
10 12 18
7 9 3
9 10 19
14 18 7
14 16 14
7 8 1
12 13 27
17 19 11
22 2 16
14 16 12
3 6 14
19 19 6
6 8 16
21 23 9
1 3 6
7 8 8
23 1 15
11 12 19
8 12 23
21 23 11
14 16 24
22 0 13
6 9 30
2 5 29
21 22 24
11 13 29
15 17 22
16 18 6
19 21 10
21 22 8
9 11 18
9 10 18
15 18 25
22 23 18
15 16 7
17 19 29
15 17 18
6 8 18
10 12 12
8 10 26
20 22 23
4 6 4
0 3 25
8 10 17
0 2 12
6 9 9
23 0 4
20 22 16
6 7 21
11 13 29
6 8 18
21 23 2
2 2 12
4 4 5
16 19 17
3 4 12
23 23 11
13 15 24
10 13 11
0 4 5
22 23 5
23 2 13
6 7 18
12 14 13
15 18 28
13 15 20
18 21 2
21 0 9
11 13 28
8 11 16
5 6 16
23 1 28
7 8 7
4 7 2
15 18 29
20 20 21
16 17 3
14 16 23
13 16 10
3 5 25
21 0 11
13 15 21
5 7 21
3 6 29
0 1 24
0 1 28
1 3 15
15 18 8
16 17 15
23 1 15
13 16 15
17 19 27
4 7 17
3 6 16
19 22 2
17 20 20
2 4 10
23 3 29
23 1 19
2 5 9
13 14 8
19 21 10
19 20 16
8 10 17
8 11 24
19 17 6
0 3 18
22 0 4
4 6 6
16 18 25
12 14 24
10 12 19
14 17 22
17 16 25
23 1 4
4 5 30
14 17 15
2 4 22
20 23 9
6 10 18
15 17 30
8 10 25
3 6 27
22 23 17
1 5 30
2 5 11
7 9 2
13 13 9
11 12 7
11 13 13
12 14 10
14 15 23
10 12 6
4 6 2
15 16 11
0 3 6
21 23 14
14 17 4
5 7 16
16 19 16
15 17 15
14 17 2
21 23 12
15 18 20
15 17 25
5 8 6
6 8 1
15 14 15
11 14 13
14 16 17
7 9 25
19 20 8
11 13 18
8 12 7
17 20 7
10 11 29
11 12 6
6 8 8
6 9 3
19 20 9
0 2 19
22 0 4
17 18 25
8 9 16
12 14 29
17 18 4
9 11 29
5 8 30
15 19 17
11 12 28
20 23 30
13 16 2
3 7 21
9 11 25
7 8 25
13 16 13
15 17 15
7 9 12
0 1 5
10 11 19
20 23 9
23 2 29
18 20 18
15 17 2
11 14 9
17 20 24
18 19 10
0 2 24
15 15 27
4 8 1
8 8 26
17 19 25
11 13 4
2 4 13
14 14 23
20 23 9
10 11 2
22 23 6
21 23 10
16 19 24
2 3 16
18 20 18
1 3 12
0 2 29
3 5 18
14 15 28
19 20 27
21 1 11
6 8 29
14 17 28
1 2 2
22 23 26
12 14 8
22 1 15
0 2 22
15 18 29
11 12 5
17 19 28
7 9 18
10 13 19
22 22 2
12 13 9
4 9 24
5 8 29
16 19 5
23 2 18
22 23 26
17 20 21
13 16 9
2 5 23
14 17 28
20 22 5
10 12 16
14 18 10
6 6 25
9 11 28
4 5 7
5 6 11
11 12 26
20 23 11
15 17 11
4 7 6
1 3 24
4 5 22
8 11 16
7 8 10
8 10 27
16 18 11
12 14 28
12 14 19
5 5 10
21 22 25
1 3 7
5 8 29
23 2 14
20 20 4
16 17 26
15 17 28
5 7 6
17 19 22
10 11 1
17 19 26
15 17 4
21 23 25
1 3 15
20 20 26
10 12 12
18 19 10
17 18 30
5 6 19
7 9 29
2 3 2
14 16 21
8 9 20
8 10 12
3 4 24
11 13 21
1 2 8
2 4 29
11 12 17
15 17 30
2 1 21
0 1 11
23 1 12
8 11 13
5 8 27
10 12 18
13 15 20
4 7 8
14 17 22
17 19 21
13 16 9
8 10 4
18 20 26
18 20 23
0 3 24
7 10 12
16 20 5
14 16 20
22 0 23
11 14 22
6 8 11
11 12 8
17 18 12
14 17 1
19 19 26
3 6 30
11 13 24
10 11 27
18 21 4
1 3 3
16 18 4
18 21 26
17 19 4
19 21 5
3 8 15
14 16 6
11 12 9
10 11 26
7 11 4
10 14 29
3 5 2
5 6 20
13 16 11
23 23 19
14 17 6
4 4 7
14 16 23
23 2 19
10 11 1
15 16 7
0 3 30
8 10 13
23 3 5
8 10 25
7 9 20
10 13 15
3 5 30
17 20 7
10 12 16
5 7 8
21 0 3
12 13 15
9 11 10
0 3 30
1 2 4
18 20 17
19 21 2
21 1 9
15 15 16
22 23 25
21 0 20
23 2 28
2 3 29
7 8 13
18 21 22
10 13 14
7 10 9
19 22 2
17 20 26
0 5 16
10 13 27
16 18 1
9 12 4
0 0 29
4 8 24
4 7 23
11 12 24
15 18 10
2 4 5
10 12 3
0 2 30
4 7 5
19 21 22
15 15 2
17 19 10
20 23 23
22 2 18
11 12 5
1 2 19
16 19 9
18 19 4
5 8 29
9 11 29
23 0 25
18 20 14
6 8 13
17 18 28
4 6 25
21 22 20
15 18 4
13 13 4
20 23 29
15 17 13
20 22 11
5 7 12
17 21 14
10 13 18
18 20 13
10 13 20
14 16 23
21 0 25
7 11 24
3 7 20
21 23 15
18 20 26
4 7 21
13 15 28
23 1 23
22 1 19
3 5 9
12 14 23
22 22 24
20 23 23
15 16 22
9 13 28
16 19 26
5 6 23
5 8 16
0 1 13
1 3 11
1 4 10
1 3 30
14 15 11
4 6 19
20 22 14
12 14 23
16 18 26
17 18 21
9 10 1
23 0 30
11 14 26
4 3 10
19 23 21
0 1 25
8 11 29
2 4 29
16 19 28
0 1 7
6 9 3
18 20 27
16 20 13
12 14 13
21 23 29
4 6 20
13 15 18
9 10 14
1 3 19
7 8 7
21 0 19
20 21 29
20 22 14
18 20 8
5 6 13
16 20 30
8 10 29
12 15 1
10 12 5
18 18 30
4 6 4
6 8 7
11 13 3
6 7 22
22 0 25
18 21 15
10 12 22
4 6 17
22 23 25
15 17 23
22 1 6
13 15 24
7 6 17
21 0 25
10 13 12
12 14 24
4 7 9
6 8 15
8 12 11
8 9 26
10 11 17
3 3 29
17 20 7
3 5 18
13 15 4
17 21 5
0 2 27
5 6 28
20 20 18
23 2 2
23 0 19
4 7 7
3 4 10
11 12 18
22 0 24
11 12 4
22 0 3
20 23 7
4 8 22
10 12 22
18 21 7
4 6 10
5 7 14
22 1 25
11 15 24
18 19 27
13 16 15
10 11 12
7 10 3
7 13 27
13 16 13
16 17 24
16 19 10
7 10 20
3 4 27
14 16 20
10 13 12
12 13 6
20 23 23
21 22 15
9 11 15
22 1 30
3 6 19
23 3 13
20 0 1
17 20 29
9 10 12
0 2 30
22 0 20
16 17 11
6 7 23
11 14 19
8 9 3
21 0 4
6 8 2
22 1 7
22 23 2
19 21 19
13 17 2
6 8 28
4 7 16
18 20 8
19 23 3
13 16 23
23 3 15
5 5 5
18 19 30
5 7 28
17 18 2
6 9 16
22 0 25
4 6 27
0 5 2
19 22 9
4 7 22
11 13 18
21 22 16
22 1 29
4 5 11
0 2 15
23 2 29
19 20 1
4 6 6
23 2 1
3 4 3
3 4 19
6 8 27
9 11 29
8 9 8
2 2 23
10 12 19
0 2 18
3 6 2
17 20 20
20 21 22
5 6 12
12 13 21
18 19 16
5 7 2
0 0 22
18 20 24
3 5 1
16 18 18
20 23 2
4 6 11
1 3 3
3 4 2
7 10 6
18 20 24
12 15 6
19 21 28
3 5 17
8 10 11
15 17 13
23 3 7
18 20 4
7 10 19
3 6 10
20 20 10
19 21 10
13 15 22
22 23 1
16 18 7
13 16 10
22 22 29
5 8 26
20 0 16
0 3 25
9 11 13
20 21 20
16 18 23
11 14 1
10 11 22
1 5 2
15 17 10
9 11 20
15 16 13
6 7 9
0 1 18
18 20 20
17 18 26
14 17 14
14 15 17
18 19 14
20 20 25
13 14 17
18 19 5
21 0 12
11 13 5
2 6 13
18 20 7
13 16 1
16 17 13
7 10 5
6 9 13
18 19 7
1 3 22
18 19 22
7 9 6
13 15 6
4 8 13
22 22 1
17 17 23
20 22 6
20 0 22
17 20 27
21 21 3
2 5 29
7 10 3
20 0 19
1 1 25
18 21 23
22 0 28
8 8 4
6 9 19
20 21 16
12 14 10
0 3 10
2 5 13
2 5 13
19 20 18
22 1 8
14 16 24
22 23 27
8 11 9
14 16 13
15 16 1
13 16 17
14 16 23
11 13 13
10 13 29
10 12 24
15 18 3
13 15 11
4 6 15
22 2 5
5 7 12
13 14 29
20 23 24
16 18 13
2 7 10
8 9 27
8 11 1
20 21 7
23 0 30
20 23 4
21 23 24
20 23 21
3 4 18
12 14 26
17 19 30
15 16 13
3 5 1
22 1 27
0 4 5
2 5 1
15 17 2
6 8 13
20 22 7
10 10 13
1 3 2
11 14 13
19 22 7
4 5 16
17 17 23
2 3 3
1 4 11
21 0 14
3 5 28
22 0 2
22 23 1
10 12 13
16 20 19
4 8 20
5 7 17
14 15 11
18 19 16
16 20 1
11 14 26
0 2 5
2 2 16
1 3 13
13 14 18
5 7 5
21 23 11
1 3 23
11 13 8
5 8 3
9 11 2
23 1 18
3 5 17
11 14 18
5 5 20
22 0 27
4 5 29
11 14 6
4 5 12
14 16 22
17 18 15
14 16 9
20 21 24
10 13 21
16 19 13
21 23 5
2 5 18
7 8 7
2 3 23
1 3 4
22 0 9
0 2 3
20 22 23
16 19 25
6 8 19
22 0 18
14 17 12
11 14 30
12 14 6
15 16 20
0 1 25
7 7 28
1 3 20
2 4 5
20 20 27
12 14 11
7 8 27
5 6 15
12 14 10
19 21 1
7 6 24
8 9 3
7 9 14
3 5 27
21 23 30
3 4 21
22 1 29
1 6 19
16 18 11
22 0 17
11 13 26
15 15 23
0 1 26
5 9 18
7 10 15
18 21 27
18 20 16
5 6 10
5 7 18
10 11 15
12 13 24
6 8 26
11 12 4
16 17 29
11 12 28
16 17 2
12 14 22
10 13 30
10 12 7
9 10 14
19 19 22
0 2 6
13 16 14
20 22 26
12 14 6
4 6 24
2 5 10
20 21 12
23 2 11
21 22 10
15 17 12
5 6 14
15 18 26
13 15 27
12 16 18
19 21 26
10 13 13
12 14 10
15 16 28
7 11 6
20 21 24
0 1 13
14 17 18
8 11 4
1 4 19
2 4 17
10 12 5
9 11 26
3 6 15
16 18 10
3 6 1
4 6 17
8 10 30
6 9 16
4 8 19
10 13 29
14 16 24
5 8 30
18 19 28
8 9 22
5 6 9
14 14 12
6 10 25
19 21 27
22 1 18
15 16 29
5 8 27
1 4 29
18 20 5
18 19 7
7 9 10
13 15 30
20 21 18
6 8 21
0 0 27
19 21 16
18 20 25
17 18 10
5 9 23
17 20 5
11 12 22
5 7 5
14 15 3
8 11 20
21 0 21
20 20 4
3 4 20
17 19 24
23 0 27
17 18 7
2 4 9
11 15 18
6 9 11
11 13 15
21 22 26
10 13 15
1 2 20
15 17 3
1 2 29
8 9 21
5 8 20
0 2 6
6 7 12
23 3 29
4 8 23
21 0 14
6 8 3
0 3 2
12 14 30
11 12 14
4 6 10
19 22 4
19 20 21
5 7 15
0 2 4
11 12 26
0 1 28
2 4 26
17 18 13
4 6 5
3 5 16
3 3 28
3 4 17
2 4 21
21 0 2
19 22 17
5 6 17
10 11 7
21 23 20
6 8 28
11 16 25
7 9 16
3 5 29
3 5 4
8 10 1
22 23 6
22 0 6
19 21 9
15 18 20
23 1 30
23 0 4
9 10 24
12 15 2
11 13 16
6 7 7
6 7 30
2 5 8
5 5 10
11 13 23
15 17 12
5 9 27
6 8 15
22 0 16
13 15 8
2 4 13
16 19 20
5 8 21
5 6 16
10 13 29
21 22 17
22 1 27
19 20 5
19 21 19
12 15 10
23 2 20
9 11 1
17 17 20
16 18 15
0 0 21
23 0 20
10 12 2
22 2 28
13 15 27
22 1 27
8 9 1
1 3 5
4 6 23
21 21 19
12 15 28
17 21 30
6 9 16
20 21 22
12 13 17
0 3 6
21 0 25
8 12 16
18 20 18
12 13 3
14 17 6
17 19 29
9 11 21
20 23 10
0 3 7
19 21 21
21 23 23
23 2 13
15 19 30
15 15 18
14 16 23
5 7 27
5 6 9
11 12 9
6 8 7
8 11 24
21 23 3
2 3 22
22 23 12
7 8 27
11 14 12
12 14 15
16 18 7
7 9 30
0 0 23
4 6 1
23 1 4
22 0 27
1 2 12
2 3 10
17 21 10
11 13 12
10 11 3
23 1 25
18 20 18
10 12 8
15 17 28
23 2 13
16 18 24
9 12 9
4 5 8
6 8 6
4 6 3
8 11 12
18 20 1
11 13 12
12 14 25
18 22 3
11 13 4
5 6 24
18 20 3
20 21 3
12 15 21
8 10 1
16 20 4
1 4 27
6 7 4
20 21 14
22 1 24
20 22 27
20 22 16
16 18 14
23 0 24
4 6 26
9 12 7
6 9 17
21 23 13
5 8 20
4 6 19
18 18 27
20 23 28
8 11 17
4 7 2
12 14 15
8 10 16
5 7 5
12 15 2
17 20 24
15 15 19
11 12 15
6 9 10
22 0 23
6 10 27
15 17 24
21 1 16
18 22 21
18 21 24
15 14 19
11 13 20
22 1 6
8 10 30
17 20 9
6 7 16
23 1 30
1 2 6
3 4 12
11 12 13
13 16 17
8 11 4
11 13 28
13 15 26
23 3 14
20 22 14
13 15 18
0 1 2
13 13 9
18 20 13
12 14 23
5 7 11
18 20 28
9 11 13
19 21 16
7 9 14
22 0 28
1 4 19
14 15 8
0 2 24
1 2 14
6 6 18
6 8 25
9 11 26
0 3 7
7 9 30
23 1 9
2 7 14
0 1 25
9 11 17
17 20 29
9 11 8
8 11 12
12 14 22
1 4 25
0 2 5
14 15 28
7 8 13
18 21 11
1 3 2
10 12 21
3 5 26
8 8 16
7 11 19
13 16 5
20 23 7
3 6 24
11 12 25
17 19 17
5 7 27
8 9 5
0 1 14
13 16 3
5 6 18
19 21 14
13 16 9
13 16 19
7 11 11
11 14 19
7 10 16
19 23 12
1 2 1
4 6 26
1 4 23
22 1 24
13 14 20
14 15 19
3 4 8
2 4 17
6 9 8
15 16 4
4 7 6
8 11 21
6 7 17
17 19 13
0 3 11
5 8 5
8 10 30
1 3 18
2 4 17
11 13 14
11 13 29
10 12 9
13 14 4
13 16 28
20 22 4
13 16 1
20 23 11
12 14 11
8 10 8
14 15 7
14 15 18
6 9 6
21 23 14
4 7 28
12 14 9
10 12 9
20 23 27
6 7 9
1 3 24
14 15 27
11 13 6
6 9 13
10 10 3
11 13 13
13 14 4
7 6 10
9 10 13
1 5 23
18 22 11
3 5 11
16 19 4
4 7 7
0 1 7
14 15 7
15 16 7
18 21 15
5 7 10
19 20 26
23 1 17
5 7 9
13 15 6
4 5 16
20 22 14
3 6 2
1 2 10
23 0 21
6 7 2
4 6 7
22 0 2
15 18 3
5 8 10
21 22 8
14 17 20
6 9 6
18 21 27
8 10 29
17 20 8
16 18 2
7 9 29
22 23 6
7 9 20
20 23 19
8 11 11
3 5 22
1 3 10
12 14 6
8 9 3
8 10 24
1 3 8
4 6 20
23 0 10
15 18 15
21 23 20
14 16 9
22 1 25
10 12 18
20 21 18
23 1 11
23 0 28
5 7 26
4 6 22
23 0 1
8 8 2
7 10 23
0 2 24
16 18 21
9 9 9
6 6 21
15 17 20
11 13 27
5 5 27
2 4 24
9 11 16
15 17 28
20 22 3
15 18 15
0 4 3
13 15 3
14 15 11
4 6 26
6 8 14
2 4 11
2 4 4
19 21 7
15 18 22
3 3 5
15 15 20
0 2 20
4 6 19
23 1 26
23 1 16
2 3 21
23 2 11
11 13 27
21 1 3
18 20 5
15 17 22
2 6 11
8 9 24
19 21 7
0 3 26
6 7 28
20 21 20
14 16 7
0 2 19
23 3 17
3 5 21
2 5 30
11 11 11
13 14 16
19 21 5
10 13 24
15 17 25
11 13 8
4 6 20
17 20 7
22 22 11
4 6 7
12 13 11
5 7 13
10 13 27
16 18 22
12 13 23
7 8 28
17 18 20
3 3 18
7 8 22
1 2 12
21 23 20
20 23 26
21 22 3
10 12 15
22 1 9
11 13 18
6 9 22
17 19 10
11 12 14
19 22 1
11 13 20
16 17 3
12 14 8
1 2 11
8 9 14
21 23 29
2 3 6
1 2 17
12 14 14
11 12 18
3 4 28
1 5 10
17 19 28
13 15 29
19 21 29
1 3 5
7 10 13
2 6 12
17 20 19
13 14 24
13 15 25
9 12 12
22 1 20
6 8 16
6 7 3
17 19 1
9 13 30
8 10 23
1 2 8
19 21 26
2 4 11
22 1 19
2 4 27
12 13 14
12 13 26
11 15 2
6 7 24
21 0 7
14 16 15
18 20 9
4 5 2
9 9 14
15 17 17
8 8 9
19 22 25
19 21 4
4 6 23
4 7 7
0 0 4
7 8 27
7 8 29
7 10 9
11 11 13
3 5 3
12 15 7
2 5 1
2 2 17
12 16 25
19 23 8
16 19 18
15 17 23
13 15 1
1 1 19
2 5 26
19 20 19
1 2 3
15 16 1
12 14 6
4 6 23
18 20 20
16 18 27
8 9 11
8 11 21
15 17 19
21 23 23
3 6 16
2 4 18
2 3 29
6 7 20
3 4 6
4 6 17
16 18 22
20 22 13
20 22 25
9 13 7
10 11 29
17 19 21
7 10 17
2 3 2
13 17 14
6 7 8
6 9 19
3 5 21
22 1 20
14 16 9
9 9 14
18 20 26
10 10 5
12 14 21
16 19 13
10 12 30
11 11 19
10 11 14
3 3 21
5 8 29
9 12 5
0 3 14
9 12 12
19 20 22
5 8 4
14 15 20
11 13 13
12 14 10
9 9 5
1 2 28
22 23 3
22 1 4
3 7 15
18 20 12
10 13 5
16 18 3
2 6 29
15 18 13
4 6 17
7 10 5
1 4 1
17 21 6
22 23 12
8 9 24
9 12 22
13 16 30
4 6 9
14 16 1
22 0 9
3 4 22
22 1 29
17 19 18
1 3 18
0 2 2
23 3 17
15 16 25
17 19 9
23 1 28
18 18 7
20 22 23
6 8 8
12 14 29
5 8 16
10 12 8
17 18 6
18 21 28
6 7 18
19 20 8
19 22 8
21 22 27
21 22 14
22 1 11
1 4 22
18 20 7
18 19 18
8 11 24
20 22 6
12 15 1
21 0 19
17 19 23
21 0 14
12 14 3
18 20 9
12 15 20
5 8 5
7 9 3
18 20 25
16 19 4
12 15 25
21 23 30
16 19 21
19 22 3
16 18 4
0 1 1
10 13 14
22 23 28
19 21 18
3 4 18
14 16 1
23 3 8
2 4 4
23 2 3
2 4 1
5 7 4
16 17 16
21 23 15
10 12 12
9 11 24
1 4 19
10 11 19
19 20 1
22 2 26
22 0 30
16 16 16
21 22 15
4 7 28
21 0 12
7 9 3
0 3 28
2 4 1
18 21 10
4 7 13
12 15 25
0 2 5
18 20 21
5 7 30
3 6 17
20 21 16
20 22 14
10 14 29
14 14 22
3 5 19
8 10 1
21 0 11
19 20 1
14 17 21
2 4 17
22 0 17
0 2 19
22 1 2
4 7 10
2 4 10
3 3 17
13 15 7
3 4 24
18 21 13
11 14 8
11 12 15
7 10 13
5 7 3
8 10 15
3 6 15
1 4 5
16 19 25
22 0 28
11 13 3
23 1 30
1 2 18
12 15 8
16 19 14
4 6 10
18 20 17
5 7 9
13 17 25
9 12 25
14 17 18
7 8 25
15 18 27
4 8 15
12 15 15
2 5 7
12 13 7
12 15 29
4 5 10
21 23 15
9 11 2
2 6 22
4 7 24
7 9 29
19 20 26
11 13 22
13 14 15
15 16 5
17 18 10
15 17 20
3 6 11
2 4 6
15 17 28
17 20 19
4 6 28
17 19 26
20 23 22
10 12 5
0 2 4
4 6 20
17 19 24
22 22 22
23 2 2
1 4 9
15 17 11
4 6 20
20 21 23
18 20 30
3 5 14
14 17 3
6 7 24
13 14 19
13 16 27
20 21 7
10 11 6
10 11 3
4 7 13
9 13 20
21 22 22
23 2 16
16 19 11
15 17 29
12 13 1
15 16 25
19 22 30
19 20 11
22 0 10
3 5 16
18 23 21
0 2 9
16 18 22
3 6 10
19 21 13
4 7 11
14 16 30
4 7 16
12 13 3
12 13 29
6 9 9
21 0 20
18 18 21
21 21 28
22 0 24
5 10 12
4 6 27
5 7 2
10 13 20
10 12 16
19 20 16
8 8 8
23 0 3
18 17 15
21 0 11
8 10 3
20 22 8
6 7 15
16 18 21
10 14 10
4 7 3
10 13 14
19 20 13
7 8 12
6 9 9
11 13 10
4 6 10
1 3 29
0 4 30
8 9 6
3 5 18
0 1 16
19 22 8
6 9 8
22 0 8
8 10 19
10 10 1
0 3 24
9 10 23
21 23 27
10 10 22
6 8 13
18 20 14
3 4 16
21 0 13
10 12 13
12 14 25
14 13 18
23 1 21
3 5 14
5 6 5
2 5 30
4 7 29
7 8 11
18 19 17
9 9 9
22 0 24
23 0 11
14 16 13
22 1 16
2 2 2
6 10 3
1 5 11
8 12 10
20 23 3
22 0 1
18 20 1
5 8 5
10 13 25
21 0 18
14 16 11
15 17 19
5 6 27
2 3 11
7 11 24
2 4 21
7 8 6
10 13 19
8 11 29
23 1 26
9 12 25
19 22 6
8 12 3
19 19 11
15 17 14
3 7 20
6 8 7
23 1 11
15 17 6
5 7 15
4 5 17
23 2 13
13 16 30
10 11 24
21 23 3
22 23 12
17 20 15
14 16 3
5 8 23
8 7 23
2 2 8
14 16 3
17 19 14
17 19 25
12 16 21
0 3 19
10 13 28
3 6 5
1 3 6
8 9 24
1 2 8
4 7 8
13 15 10
4 7 15
17 21 17
19 22 29
16 20 10
9 11 18
21 23 2
2 3 21
18 20 24
9 10 10
16 17 10
15 16 15
23 1 17
4 6 6
3 6 27
22 0 24
18 20 27
4 6 10
15 16 21
6 7 7
5 8 28
11 13 9
15 16 10
21 0 15
4 6 1
12 13 14
3 5 19
22 0 13
