2020 30
19 26 1 22 7 21 4 19 2 9 19 29 7 27 12 27 22 16 7 14 8 21 27 24 27 24 22 11 24 1 
18 21 14
8 9 12
8 11 2
18 20 29
13 15 7
13 15 27
1 1 18
13 15 13
12 13 20
19 23 4
0 2 6
17 18 11
4 7 11
21 0 22
6 7 30
22 23 9
17 18 30
20 22 22
7 10 20
3 6 28
10 12 10
13 15 12
7 7 7
3 6 29
17 19 28
11 12 30
1 3 15
22 23 29
17 19 12
7 10 17
11 13 14
4 6 11
18 20 25
16 17 4
17 18 4
14 15 27
22 2 25
2 3 15
19 19 23
17 20 4
4 6 15
13 15 18
13 16 5
16 18 25
9 13 11
13 16 27
0 1 12
18 19 10
15 17 20
20 22 25
2 4 16
21 0 4
9 9 1
19 21 17
1 2 29
21 22 29
23 1 27
15 16 4
10 12 1
16 15 17
2 7 27
5 7 14
2 3 14
5 8 24
17 20 29
8 9 18
14 17 6
4 7 7
7 8 24
10 10 11
13 15 10
18 20 15
17 20 7
13 16 3
5 5 22
22 22 2
13 15 11
4 9 15
12 12 29
14 14 16
6 9 10
4 5 9
4 6 13
1 3 9
19 21 23
17 18 10
7 8 8
2 5 24
7 10 5
4 7 9
5 6 15
9 10 4
4 5 23
6 7 7
17 17 4
23 0 2
8 11 1
20 22 26
10 12 1
2 3 28
8 11 9
7 11 18
17 19 19
2 6 17
18 21 7
2 5 26
9 10 18
18 20 12
13 15 1
10 14 24
22 0 25
9 11 21
22 23 5
16 18 3
16 18 2
2 5 25
14 17 2
11 13 6
5 6 3
20 20 14
14 17 24
21 0 17
2 3 25
1 3 16
14 17 16
23 1 28
5 7 6
8 9 30
1 3 19
13 14 25
7 9 28
0 1 18
6 9 4
3 5 16
11 14 1
0 2 6
2 4 13
2 3 23
18 20 26
9 11 16
14 15 7
17 19 10
7 10 10
23 1 13
14 17 16
6 11 13
12 13 20
2 4 27
21 22 17
15 16 19
3 5 17
17 19 28
7 8 29
18 21 25
16 18 26
5 6 26
8 10 1
2 4 29
20 22 13
9 10 18
23 2 27
13 16 12
9 10 14
8 11 11
2 3 11
8 11 13
13 15 26
16 18 23
20 23 22
12 13 23
16 15 29
19 19 6
8 10 20
18 21 6
21 23 12
15 17 19
21 21 5
14 15 7
5 6 7
14 14 2
17 21 25
20 21 20
6 7 26
16 20 7
21 20 3
2 3 30
16 18 20
5 8 9
18 19 25
8 10 11
1 4 19
1 3 18
4 7 14
5 7 21
4 6 4
13 16 15
6 7 30
1 5 28
11 13 16
3 5 2
3 8 13
2 4 28
12 16 7
16 17 19
4 7 27
17 18 28
3 6 25
15 15 8
16 16 13
9 10 8
13 16 29
22 23 16
4 7 19
6 8 10
18 20 13
4 3 10
13 15 1
2 3 18
5 9 2
13 14 2
23 2 18
23 22 16
1 3 10
11 13 12
9 11 11
2 5 19
23 2 10
3 5 18
3 4 13
13 15 24
22 0 15
5 7 17
13 16 22
16 18 21
20 22 13
11 13 21
22 23 17
6 7 1
22 0 10
20 22 4
18 18 18
9 10 26
6 6 14
20 23 20
22 23 21
16 19 14
18 19 9
16 18 29
4 8 14
17 18 11
13 16 24
16 17 26
12 14 13
20 22 13
15 17 20
22 0 25
16 17 20
1 4 1
15 17 17
9 11 8
13 15 13
16 17 9
5 6 23
14 16 9
3 6 2
9 10 23
12 16 8
8 9 16
7 11 10
4 5 7
5 7 15
18 21 29
3 3 19
5 6 4
5 7 2
4 6 26
11 11 12
4 6 27
22 23 3
0 2 14
21 23 27
22 23 5
12 14 11
16 18 20
0 2 8
13 16 18
1 1 6
21 0 11
3 3 30
23 0 11
2 3 1
9 9 15
6 9 11
5 8 11
21 23 7
22 21 19
6 9 28
16 18 24
18 20 29
7 9 18
4 7 24
11 13 14
19 22 1
20 22 28
5 6 16
6 8 1
23 0 29
14 17 24
9 11 28
18 21 9
14 17 19
7 8 9
4 5 24
8 10 2
14 15 9
16 18 7
3 5 24
13 15 22
4 5 28
10 13 7
18 21 8
8 12 27
8 10 26
13 15 17
16 18 22
12 15 6
16 19 21
18 20 18
14 16 28
23 0 21
16 19 23
15 17 2
7 9 3
22 23 5
4 6 19
12 14 2
11 11 6
3 5 13
15 16 9
6 8 26
10 13 10
6 9 1
2 5 29
20 23 9
4 7 13
18 21 9
10 12 1
23 23 6
7 8 21
0 1 8
17 19 5
21 23 23
13 17 14
4 6 3
22 1 11
3 5 4
17 20 19
14 15 7
18 20 8
14 16 28
12 17 16
20 21 8
17 18 9
14 17 25
14 16 17
13 15 16
0 2 27
4 5 4
11 13 15
0 3 29
18 19 26
10 13 30
10 12 27
3 4 23
17 19 6
3 4 18
22 1 25
22 0 1
23 23 12
21 22 27
19 21 9
19 19 19
7 7 16
18 21 19
13 15 15
16 17 20
20 22 1
21 23 29
12 15 8
19 20 6
9 11 2
0 1 14
14 15 15
4 6 4
8 11 14
15 16 12
1 4 10
9 10 5
3 4 14
5 7 23
16 18 28
7 8 24
9 11 13
21 23 3
13 15 10
2 4 13
15 15 20
22 1 21
12 12 13
8 10 8
9 12 26
14 16 15
10 11 1
0 1 23
12 15 25
12 13 19
22 1 9
13 14 13
14 16 14
14 15 21
18 19 15
6 7 15
0 2 20
18 19 15
8 11 13
13 15 21
6 8 8
19 21 23
1 2 27
0 1 22
9 11 8
21 22 29
2 5 9
11 13 23
17 19 4
14 15 12
7 10 6
19 22 23
22 1 20
14 16 27
13 16 16
9 10 19
12 14 18
3 5 9
3 4 25
6 7 15
2 5 6
9 11 22
19 21 27
22 1 6
2 4 3
16 17 14
2 4 5
9 12 17
4 4 22
20 22 19
19 21 2
23 2 26
15 15 11
10 13 22
12 14 19
16 19 12
17 18 8
13 15 7
1 1 30
15 18 11
14 15 16
11 11 25
23 1 29
13 15 20
2 3 23
6 8 10
7 10 28
22 23 21
0 1 29
0 3 13
21 23 11
12 13 4
0 3 25
5 7 2
10 13 9
9 12 6
22 1 16
22 0 1
9 11 10
6 8 30
22 0 9
3 5 27
6 8 12
17 19 10
17 20 27
22 0 15
4 7 2
6 7 29
19 21 2
0 1 26
5 6 14
17 19 2
22 1 11
6 6 10
15 17 23
17 18 28
23 1 24
23 0 8
16 19 11
14 15 13
8 10 28
4 6 14
9 8 28
18 18 16
4 6 19
13 15 10
6 6 5
17 18 18
3 5 28
19 22 13
6 10 2
17 20 25
9 10 10
21 22 15
21 23 3
22 1 16
17 21 10
23 1 15
7 10 26
4 6 5
19 21 19
1 3 30
20 21 27
21 23 10
8 11 25
3 5 16
20 20 18
1 5 9
12 14 12
1 4 15
15 16 6
15 17 3
4 5 24
21 23 19
18 19 15
20 21 26
17 19 4
7 8 19
17 21 2
18 20 4
12 12 23
2 4 7
15 16 28
8 9 25
3 4 27
9 11 18
21 0 14
23 1 8
0 2 18
5 6 7
14 16 27
12 15 10
3 3 8
2 4 28
22 0 11
2 5 29
3 4 16
4 4 10
22 0 17
19 21 2
0 2 17
21 23 17
22 23 17
14 15 25
9 11 8
18 21 28
23 1 27
15 17 10
5 7 18
21 0 20
12 15 11
5 8 5
11 15 22
4 4 29
17 19 21
7 8 16
23 1 27
14 14 28
12 13 15
15 17 26
2 4 11
16 18 12
8 9 2
11 11 17
11 12 29
14 17 7
22 0 2
19 20 13
2 3 6
3 5 8
19 22 21
19 21 5
12 13 23
15 15 8
5 8 24
10 13 28
22 23 29
7 10 20
21 22 9
5 8 4
16 17 26
16 18 2
19 23 11
16 17 18
13 15 19
11 13 16
2 3 24
19 19 1
22 0 4
7 8 1
0 4 30
23 2 30
17 18 11
16 18 23
8 10 19
18 18 9
20 22 23
21 0 20
10 12 21
23 0 6
0 3 28
10 13 21
12 14 29
20 0 18
21 23 26
12 15 27
22 23 29
23 1 19
2 2 8
2 5 15
21 0 17
23 1 1
5 7 26
10 14 9
18 19 10
10 10 25
22 0 3
17 20 11
9 9 26
22 0 29
5 9 8
11 14 22
21 23 15
4 6 23
9 10 28
12 14 1
18 20 7
22 23 5
3 5 28
14 16 18
5 8 30
18 20 15
20 22 11
11 12 26
2 4 25
4 7 16
0 1 11
6 9 7
10 13 3
10 12 3
19 21 22
4 7 3
16 18 18
3 3 26
10 12 1
12 16 25
3 6 3
4 6 2
13 16 11
23 2 3
18 21 27
23 0 6
2 2 13
7 8 3
4 6 30
22 23 11
21 22 15
15 16 21
7 10 12
1 2 4
23 1 2
2 5 15
13 13 16
12 13 2
15 17 25
7 8 25
23 1 30
21 0 20
9 12 7
22 1 1
14 17 4
2 3 6
16 18 19
18 20 7
4 6 8
22 1 19
23 1 1
3 5 11
0 3 25
21 21 8
22 2 17
7 9 11
20 23 12
15 15 4
1 3 20
10 13 26
14 15 4
7 10 22
22 0 14
2 4 8
11 13 16
22 1 20
1 1 7
9 10 18
6 6 8
7 10 28
11 14 15
16 17 16
6 8 12
14 17 8
22 0 5
16 20 6
2 5 14
6 8 14
11 14 16
10 13 8
8 10 18
21 22 27
15 17 11
2 3 27
13 15 1
12 14 25
15 16 2
18 20 30
6 9 29
5 8 20
10 12 22
8 9 8
9 11 25
1 2 18
16 20 20
17 18 5
1 4 2
6 6 20
16 20 24
2 3 24
7 8 19
1 2 14
22 0 10
10 12 3
23 1 20
18 20 18
20 21 28
18 20 13
17 20 11
17 18 2
16 17 16
4 7 22
12 16 26
13 16 25
10 12 30
10 12 8
17 18 7
21 1 23
7 8 25
18 21 10
11 14 22
18 19 5
18 19 13
13 13 15
5 5 15
8 10 20
18 19 14
22 1 26
18 21 6
5 8 16
9 11 27
9 10 20
13 15 26
20 20 1
20 20 19
14 14 18
14 16 5
8 11 21
13 16 22
5 8 8
4 5 13
16 18 17
7 10 26
20 23 29
16 17 26
1 3 12
8 10 6
16 19 16
14 16 18
1 3 6
2 4 24
4 6 30
7 8 15
11 12 25
6 8 26
13 15 3
13 15 4
13 16 18
4 6 1
22 23 22
1 4 22
16 17 29
8 11 6
16 19 22
5 6 23
7 9 19
16 19 14
7 9 17
22 23 13
16 17 18
11 12 3
15 17 14
16 18 11
7 9 15
11 15 28
13 14 6
21 23 25
23 0 8
6 9 16
3 5 5
17 20 21
16 18 24
21 22 13
18 23 5
14 16 4
1 4 15
11 13 17
10 13 14
6 8 11
13 17 29
19 22 6
0 1 15
5 8 28
5 9 24
23 1 10
0 2 1
10 14 13
22 1 22
18 21 8
21 1 16
9 12 12
2 4 17
20 21 23
15 17 17
8 10 29
18 20 9
3 4 16
4 4 12
15 18 19
5 9 21
13 14 2
10 12 7
14 15 24
4 6 8
21 22 3
1 1 6
9 14 27
4 5 30
14 17 17
0 1 15
14 15 29
14 17 28
18 20 29
23 0 9
17 20 21
16 18 22
6 8 11
2 3 27
11 12 7
15 17 27
15 16 9
17 19 14
15 17 10
2 5 10
14 14 17
6 9 24
14 18 8
23 1 8
5 8 8
17 20 24
8 11 17
18 21 29
14 15 13
7 8 8
14 15 17
2 4 19
23 23 5
12 15 11
4 6 1
7 10 19
0 1 16
9 12 20
13 15 3
20 23 13
14 15 29
1 3 23
19 23 14
23 1 27
1 3 22
10 14 22
2 4 25
4 6 22
23 1 17
20 22 14
12 16 14
19 22 21
21 0 20
2 5 28
9 11 2
13 17 3
4 6 16
4 6 10
18 20 30
20 22 16
14 17 21
18 20 5
19 22 3
17 19 27
0 3 11
23 2 5
4 5 15
4 5 6
4 5 19
15 17 8
21 0 23
5 8 17
8 9 30
23 0 16
16 18 17
17 18 27
1 2 28
2 5 5
22 23 26
20 22 10
19 0 27
9 12 24
22 1 22
10 13 30
9 13 16
13 16 17
9 12 1
4 6 18
11 12 24
12 15 18
15 17 9
10 12 14
16 17 25
6 8 22
13 17 5
14 17 25
15 16 21
2 3 3
16 17 4
23 2 6
18 21 16
8 11 21
15 18 24
1 1 5
7 9 9
22 1 28
8 10 4
1 3 24
5 6 30
9 10 13
0 2 20
4 6 13
21 0 22
15 17 12
20 22 24
6 8 7
23 0 15
17 19 20
8 9 7
4 4 4
20 22 30
23 3 8
17 20 28
15 18 13
16 17 8
8 8 25
7 8 29
21 0 16
23 4 27
18 21 14
8 10 9
10 11 14
11 12 1
18 21 29
14 17 4
2 4 25
18 20 16
1 3 19
18 18 21
7 9 12
20 22 3
11 13 30
22 0 21
21 22 29
7 9 29
14 16 17
22 1 6
20 22 12
6 9 23
8 12 3
0 1 5
3 5 15
5 7 5
15 17 12
21 0 11
4 6 30
1 1 11
1 2 2
2 3 16
5 8 13
16 17 26
13 15 7
2 5 7
11 12 13
11 12 16
17 17 23
7 10 29
0 1 2
7 7 9
2 3 7
7 9 5
20 21 13
14 15 21
23 1 18
8 9 7
8 9 6
7 7 28
12 15 6
20 21 23
21 23 9
2 5 24
13 16 28
6 9 18
19 21 1
15 17 6
3 3 3
16 19 23
2 5 20
10 12 15
17 20 8
20 23 3
8 9 17
0 4 2
13 14 3
19 20 6
7 9 7
13 16 3
3 5 2
19 22 8
12 13 13
16 19 28
12 15 24
0 3 12
4 6 29
22 23 14
11 14 4
16 18 15
13 14 17
8 11 6
0 3 16
7 9 20
10 12 19
20 22 26
21 23 21
2 6 4
18 21 10
6 7 22
13 15 27
7 10 3
17 22 29
8 11 7
7 9 12
16 18 13
2 7 16
9 10 28
1 3 10
8 12 14
12 13 9
0 3 13
23 1 6
11 14 8
0 3 14
8 11 29
7 8 6
18 22 6
7 10 23
23 2 19
19 20 6
14 16 14
13 14 19
7 9 3
1 2 6
6 8 16
5 6 12
18 19 18
21 22 26
21 23 8
14 16 14
18 20 19
9 12 11
16 16 13
13 16 28
20 22 24
13 16 26
15 17 29
11 12 29
23 1 15
7 9 18
8 10 2
23 1 11
20 20 5
16 18 16
5 7 11
19 19 12
5 6 11
23 3 30
5 7 24
8 9 16
18 19 7
23 1 24
15 17 30
22 23 12
13 16 20
10 14 15
23 1 17
7 8 30
9 11 24
16 19 20
11 14 20
1 4 10
20 23 9
3 4 26
22 0 15
8 9 16
5 7 19
8 9 18
17 18 12
20 21 7
10 12 18
20 23 11
7 8 14
6 9 19
6 7 10
19 21 25
14 15 11
21 21 7
18 19 19
12 15 14
13 14 5
10 15 26
4 6 17
15 17 3
13 15 26
17 19 19
12 15 17
10 10 13
14 16 3
19 23 8
8 9 17
1 4 7
4 7 29
7 8 21
18 21 21
17 17 2
11 12 12
9 11 29
20 22 14
1 3 22
4 7 28
3 4 20
10 11 21
23 1 23
5 6 2
7 10 16
19 21 17
19 22 25
6 7 13
21 22 22
0 3 28
15 16 2
16 18 7
18 20 14
15 18 28
16 17 6
13 14 10
21 22 26
15 18 5
0 1 1
1 4 28
10 12 28
9 10 18
6 9 30
10 12 22
15 18 10
5 6 17
19 22 4
21 23 20
6 9 11
6 7 21
12 12 18
4 4 24
19 21 17
19 20 9
18 19 4
23 2 8
18 20 19
12 13 7
3 7 7
9 11 13
6 8 5
6 8 6
17 19 3
12 15 2
13 16 15
21 23 3
4 7 20
7 9 16
20 21 30
10 12 26
5 8 20
8 8 21
20 22 26
9 11 14
10 13 28
23 1 24
22 0 9
20 22 25
15 17 23
15 16 8
13 15 20
10 12 25
8 10 8
18 20 4
6 7 22
5 7 10
22 23 11
5 8 1
4 5 19
20 21 2
11 13 14
5 8 21
19 20 4
3 6 7
6 8 19
12 13 4
4 6 5
19 20 9
1 3 10
20 21 24
19 21 4
17 18 13
20 23 30
6 8 28
7 11 20
14 14 29
8 9 2
13 16 30
3 5 17
15 18 29
12 14 11
9 11 11
13 16 16
21 22 11
17 20 8
15 18 22
15 14 15
16 19 13
12 15 16
14 15 1
17 18 28
0 4 2
23 2 10
12 14 30
18 22 13
17 19 28
4 6 3
2 3 29
8 11 8
14 16 30
13 12 14
13 15 3
17 20 10
7 8 5
12 15 23
23 3 28
12 14 11
14 17 21
19 21 13
7 8 7
15 18 15
21 22 4
16 18 1
0 2 17
18 22 25
12 14 2
21 22 11
4 7 27
20 22 28
0 3 7
0 2 28
8 12 28
19 21 1
21 23 20
8 9 28
19 20 21
22 2 22
8 10 9
3 4 6
19 22 19
12 14 6
20 22 17
6 8 6
7 8 20
10 11 16
16 18 10
0 3 2
23 3 19
11 12 24
1 3 13
2 4 15
7 9 10
11 14 1
22 23 10
1 3 11
12 15 18
11 13 28
23 1 23
17 18 27
17 21 4
22 1 5
13 16 7
4 5 15
23 2 22
19 21 5
7 9 1
20 0 27
4 6 15
14 18 12
3 5 4
18 21 30
10 12 10
15 18 3
9 11 28
10 11 1
11 12 22
8 11 27
20 22 20
12 14 30
8 11 25
20 22 10
10 12 6
4 4 27
21 23 28
8 10 17
10 13 13
17 20 3
4 6 15
18 20 30
0 4 22
6 8 5
5 8 8
19 21 11
0 2 15
9 10 1
21 23 27
6 7 21
15 17 6
4 5 28
4 8 9
0 0 23
0 2 19
18 22 28
18 20 22
3 8 22
23 2 12
19 22 12
15 15 28
20 21 6
6 7 16
9 11 3
22 0 12
4 6 9
11 13 9
0 1 13
10 14 23
4 6 23
17 18 14
17 19 14
10 10 10
16 18 11
0 2 18
11 13 24
18 20 1
21 23 12
8 9 1
7 7 10
16 17 2
4 4 19
2 3 3
13 15 6
7 9 13
16 20 18
14 17 15
13 16 29
17 19 12
23 0 10
10 11 17
10 13 21
21 1 3
19 22 20
7 10 30
13 15 15
21 22 16
23 0 11
7 8 5
14 16 10
20 22 29
21 23 21
7 9 8
13 15 13
18 20 6
21 0 19
10 10 19
21 22 2
9 10 18
7 9 23
2 3 16
18 20 15
10 12 28
23 0 1
16 18 1
22 1 6
9 11 3
12 15 17
16 20 8
16 17 24
10 14 20
12 14 10
1 4 24
18 19 12
8 11 17
2 3 13
2 4 3
18 20 12
22 0 10
17 18 7
22 1 13
15 18 26
2 3 21
21 23 17
2 6 8
6 8 2
12 14 23
22 0 16
11 15 24
2 3 19
12 15 6
5 8 18
12 13 11
8 11 29
18 19 18
13 15 9
20 0 2
6 9 26
20 22 15
3 4 24
8 11 11
15 17 24
23 1 19
23 1 20
18 22 5
5 9 17
21 23 27
12 14 23
4 5 6
7 8 3
7 9 11
13 13 17
12 13 4
7 8 25
7 10 18
9 11 7
11 11 28
13 15 6
15 17 21
8 11 10
14 16 10
10 12 10
11 12 20
15 17 2
3 3 16
14 16 1
11 13 20
9 11 13
11 13 12
9 11 2
23 0 17
22 1 22
5 7 11
3 4 24
9 10 13
3 5 1
5 8 27
8 10 24
14 16 18
12 13 30
1 3 6
21 0 28
14 16 16
10 12 13
2 5 16
6 6 9
15 15 6
17 19 24
0 2 16
13 15 28
14 16 28
17 20 26
7 9 23
10 12 19
11 12 18
13 13 4
0 2 2
4 6 1
14 17 29
12 12 20
7 9 13
10 11 29
15 19 20
2 5 18
16 17 8
6 11 1
11 14 10
12 13 3
18 20 8
22 23 13
8 10 13
14 15 22
7 11 29
3 5 21
20 0 27
1 4 19
12 14 19
15 17 14
23 1 17
2 4 8
21 1 15
8 10 11
16 18 21
22 23 30
0 2 5
3 4 29
20 23 5
6 9 18
6 8 28
13 15 3
22 1 17
10 12 20
15 17 11
13 16 18
23 23 30
12 14 14
20 23 18
5 8 4
19 22 9
15 18 15
19 22 4
3 6 21
7 9 30
18 19 3
7 10 8
15 17 6
3 6 23
16 20 5
22 23 29
16 19 22
2 4 2
0 2 4
16 18 20
7 9 22
0 1 15
18 19 21
13 17 27
23 1 11
12 15 27
23 1 15
5 8 21
0 3 28
7 7 25
0 4 20
3 2 30
19 21 28
8 11 10
8 9 11
17 19 10
2 2 3
3 4 23
4 7 23
2 3 21
5 8 1
20 22 15
8 11 28
13 14 4
17 18 29
22 23 29
10 12 1
5 5 18
12 14 9
3 6 6
14 16 13
7 9 9
23 1 14
9 10 30
22 0 14
17 19 26
13 15 30
11 11 19
10 11 10
0 2 23
17 20 11
17 17 21
14 15 13
11 12 14
10 12 21
20 21 7
9 11 9
5 6 24
11 13 7
21 0 27
16 18 7
1 2 6
8 10 15
1 4 26
9 9 28
22 1 25
18 19 30
0 2 25
14 14 1
4 5 21
18 19 28
16 19 4
0 2 7
19 20 16
10 13 27
16 16 1
9 11 7
17 18 6
21 22 26
3 4 25
3 5 17
13 14 14
11 13 1
1 4 12
3 4 24
11 13 21
6 9 29
20 22 9
20 22 12
18 19 6
2 4 3
13 15 5
20 21 19
4 7 24
19 22 13
20 21 29
6 8 24
3 5 9
10 11 12
10 12 5
5 7 18
7 11 14
7 9 10
10 10 14
23 23 24
8 9 16
6 8 16
5 7 1
22 0 15
9 11 10
15 18 28
5 6 4
9 11 3
8 10 26
14 15 13
23 2 8
1 4 20
7 8 29
18 19 18
3 4 21
11 12 17
3 6 1
7 8 1
9 12 9
23 0 11
3 3 8
7 10 5
15 16 5
17 17 14
20 22 11
17 19 11
17 20 15
15 18 13
17 18 23
23 1 30
0 1 21
4 6 28
15 16 7
0 1 7
20 22 23
11 12 30
6 10 29
18 21 26
23 23 19
16 18 9
21 23 17
13 16 19
0 3 20
21 21 14
7 10 12
19 20 7
18 20 25
15 17 3
19 20 14
17 19 23
17 18 23
0 2 18
23 0 10
22 1 15
15 17 15
17 19 3
17 18 15
16 19 7
18 20 20
15 18 10
10 14 16
20 22 9
5 7 23
22 0 12
12 15 17
13 14 19
15 19 20
22 1 25
2 3 22
0 2 28
19 21 4
13 16 9
6 9 8
6 7 12
11 13 8
5 6 21
12 13 3
0 1 21
3 6 15
22 2 1
23 0 24
13 15 26
6 7 17
22 1 25
3 6 14
11 13 22
1 4 19
11 12 9
14 16 3
21 22 6
20 21 29
17 20 5
21 1 1
20 23 20
2 6 15
1 3 26
13 17 24
13 13 16
2 4 23
20 22 15
9 9 5
20 22 6
0 0 22
22 23 7
14 17 26
20 23 5
12 14 2
18 21 1
9 11 15
12 13 21
20 22 15
4 7 2
9 12 21
4 8 13
23 23 19
7 8 16
13 16 30
17 19 26
3 5 15
6 8 10
0 1 19
6 8 14
5 7 1
10 13 22
10 12 1
6 9 4
18 19 16
4 5 29
1 2 27
19 22 19
20 23 17
8 10 8
13 14 28
8 10 4
10 12 5
4 6 5
16 17 13
20 0 17
11 13 2
15 17 10
12 14 4
13 15 20
10 14 1
20 22 22
5 7 20
4 5 13
19 22 22
13 14 28
10 11 12
20 21 6
8 9 11
19 22 30
6 8 13
3 6 30
22 2 30
15 16 24
1 4 9
3 6 24
18 21 20
1 4 20
5 8 3
15 18 16
2 5 8
19 22 24
15 15 25
9 11 27
14 15 6
22 1 29
13 14 21
1 3 5
17 19 27
13 16 4
7 9 20
11 14 8
12 13 7
12 14 26
11 13 19
5 8 14
7 9 16
14 15 30
1 2 15
6 9 8
15 18 7
5 8 7
2 2 20
20 0 11
8 11 8
12 14 1
7 9 9
11 12 11
14 17 23
3 6 15
0 2 4
17 20 22
9 13 6
3 4 25
14 17 4
6 8 2
19 21 6
17 19 22
9 12 20
0 1 1
10 12 6
22 0 18
3 4 3
20 22 25
5 8 6
5 8 21
4 6 29
20 22 23
3 4 2
4 7 12
14 16 1
14 17 16
13 16 30
12 13 26
21 0 25
17 18 14
23 1 24
16 18 17
23 2 24
9 11 7
12 15 30
2 3 1
22 1 11
17 19 25
1 2 23
20 23 12
10 13 18
16 18 16
17 18 25
6 7 12
21 21 29
3 7 4
1 4 15
10 14 18
23 2 19
0 1 4
7 9 22
11 16 27
17 20 20
10 12 29
0 4 5
15 16 28
15 16 21
12 15 12
11 12 4
0 1 19
2 4 21
3 6 22
20 22 22
22 23 4
18 22 13
7 8 10
21 23 25
3 5 2
13 15 11
13 16 19
3 5 7
19 19 30
0 3 17
5 8 8
5 6 3
23 23 20
7 8 23
12 15 17
22 23 21
15 16 19
12 14 5
19 20 13
12 14 22
15 17 5
19 22 6
3 5 24
4 5 2
1 2 21
22 22 5
21 23 5
19 19 18
5 8 1
2 5 15
15 17 29
7 7 20
22 23 7
18 19 6
3 4 6
23 2 2
18 21 11
2 5 21
23 1 27
7 8 11
4 4 17
9 10 10
6 8 12
13 15 4
11 14 1
2 3 4
14 15 23
2 5 25
3 5 13
18 20 9
5 7 30
16 20 2
19 20 4
15 17 24
1 3 27
19 21 26
14 16 26
13 15 24
2 3 11
20 23 23
18 19 3
15 18 24
11 12 24
14 17 16
21 23 21
1 2 4
13 15 13
3 5 27
20 23 9
20 21 11
2 6 10
16 19 5
15 17 21
7 10 19
0 1 4
9 13 30
19 22 23
20 23 26
4 8 11
