2040 30
25 7 30 28 25 28 11 15 6 19 16 4 20 30 22 28 18 19 26 8 15 25 13 16 6 4 20 8 15 4 
7 9 11
16 16 20
15 18 20
5 7 20
17 19 22
18 19 23
7 11 10
17 19 28
23 1 24
7 12 25
5 8 9
20 22 20
12 15 3
7 8 17
9 13 25
22 23 5
14 17 28
2 4 6
8 11 12
11 12 4
20 22 21
18 21 17
12 14 9
4 6 5
12 14 8
14 17 9
0 2 24
7 8 17
4 5 8
11 15 1
9 12 22
2 5 24
4 5 22
22 2 7
21 22 5
5 9 21
11 14 23
13 15 5
7 8 12
11 13 11
15 16 19
22 22 16
12 13 4
5 9 12
15 17 6
23 0 26
14 17 23
0 3 3
10 12 17
23 23 3
5 8 24
15 16 8
2 5 28
17 17 3
2 4 19
20 21 16
5 7 17
21 0 15
10 12 12
12 14 5
8 11 10
17 19 4
3 6 19
1 4 27
8 11 23
23 1 24
21 23 12
13 16 11
8 10 30
10 11 13
2 3 22
20 22 27
19 22 9
12 14 23
22 0 22
21 23 14
5 7 6
10 12 21
23 3 16
3 6 18
8 9 13
16 18 16
0 3 10
16 20 5
8 11 23
4 6 4
22 0 9
3 4 9
23 1 28
23 1 13
11 13 10
3 5 8
10 12 15
2 5 1
9 11 15
7 7 20
7 10 15
16 18 23
7 8 1
15 16 8
5 7 3
0 2 17
19 20 13
23 1 6
5 7 8
0 2 20
2 3 2
7 8 6
1 4 7
1 4 16
17 19 2
19 20 12
9 12 16
19 22 22
18 22 6
10 12 9
6 7 25
3 6 29
6 8 23
7 10 5
8 11 18
2 4 19
6 9 14
0 3 24
16 17 9
16 18 4
15 18 11
20 22 15
8 11 12
14 14 18
10 12 13
17 19 24
12 13 25
18 19 22
0 2 2
2 6 20
17 19 25
14 16 15
1 3 21
2 4 9
12 14 14
1 3 8
22 1 26
20 23 6
0 3 24
0 1 17
4 7 16
19 20 20
16 17 26
0 1 25
9 10 19
12 12 9
19 21 22
12 14 15
10 11 6
13 18 22
22 0 5
16 17 8
14 16 29
2 5 5
23 0 17
7 8 14
23 1 4
18 19 10
10 11 5
5 7 27
19 20 23
6 9 3
0 3 4
7 8 24
0 1 23
7 8 16
8 9 16
0 0 13
0 4 14
8 9 7
13 15 7
22 1 14
16 19 20
3 6 17
22 23 23
9 12 18
5 7 4
16 19 23
12 14 12
11 12 18
2 3 25
22 0 28
4 6 2
11 13 25
13 15 30
4 6 22
8 10 19
0 2 21
15 18 7
21 23 10
2 5 6
8 9 3
9 12 23
19 21 19
12 14 8
18 18 8
1 4 6
4 7 12
20 23 6
11 12 23
2 5 22
6 6 8
19 21 30
0 1 3
3 5 2
15 17 13
0 4 27
16 17 17
19 23 7
7 10 6
1 3 14
13 15 1
4 5 19
15 17 14
10 11 4
7 7 23
13 15 22
17 19 27
23 1 17
10 12 18
8 11 29
6 8 26
17 19 7
23 1 24
4 6 26
8 13 25
18 22 18
12 14 4
2 5 21
21 23 27
13 14 29
21 22 25
0 1 7
1 4 8
21 23 13
23 23 17
19 20 22
23 0 9
13 15 18
12 16 9
8 10 28
19 21 14
10 12 17
1 3 9
11 15 24
2 4 15
10 11 21
5 5 10
0 4 18
6 8 29
8 11 4
23 1 7
20 21 8
12 13 20
12 16 6
23 2 14
6 7 11
6 7 1
8 10 13
16 17 30
8 10 4
11 14 24
1 4 5
22 0 21
21 0 20
20 21 24
18 20 22
3 6 27
4 5 7
6 8 12
17 19 3
6 10 18
21 22 21
22 0 17
1 4 9
9 11 2
16 19 3
23 2 20
17 19 30
0 1 14
5 7 4
1 4 5
13 14 27
10 13 18
7 10 16
21 23 3
10 10 15
1 3 17
14 16 26
15 17 21
9 11 27
1 4 14
10 12 27
2 5 5
10 11 3
21 22 22
21 23 6
18 19 3
20 21 9
21 22 16
15 15 13
12 14 30
19 22 26
4 7 26
13 14 12
18 20 17
11 12 13
7 9 30
21 23 13
14 16 10
6 8 13
11 12 4
9 13 17
11 13 14
1 2 2
23 1 3
18 20 9
1 2 29
6 7 4
17 19 7
6 8 2
4 6 1
20 22 22
15 17 13
2 2 21
11 12 6
11 11 11
17 19 17
9 12 2
5 5 25
9 11 6
18 20 15
22 3 8
7 10 5
2 4 25
23 0 22
4 6 19
1 3 11
15 18 22
9 13 30
20 21 1
11 13 12
16 20 22
14 16 3
9 11 5
2 5 9
19 21 20
22 22 6
1 3 27
20 22 18
12 16 28
13 14 9
9 10 26
23 0 12
21 23 29
0 1 24
4 6 11
8 10 27
13 14 13
8 9 3
5 5 24
10 13 18
4 6 9
0 5 7
10 12 11
12 15 17
8 8 3
16 20 3
23 1 20
20 21 13
10 12 5
23 2 17
18 20 9
7 9 2
5 6 21
9 13 1
4 5 27
17 19 21
7 9 14
1 2 20
11 13 9
15 16 22
21 23 21
17 20 3
23 1 7
23 1 29
18 21 15
4 6 20
7 10 23
22 1 4
20 22 29
14 16 12
17 18 4
14 17 5
11 12 3
0 4 2
9 10 5
4 6 28
13 15 8
7 10 20
13 16 12
14 17 24
4 7 6
17 19 15
3 5 26
19 21 26
1 3 28
21 22 4
8 11 19
22 23 15
19 22 14
2 3 14
23 1 10
8 10 28
0 2 17
22 23 28
9 11 8
19 20 8
9 9 28
2 5 22
19 22 6
13 16 9
22 0 20
0 2 26
0 2 19
19 20 12
4 8 3
2 3 15
20 22 21
18 19 17
14 15 5
23 1 21
4 7 17
10 10 10
4 6 1
12 13 29
18 19 21
22 23 6
10 13 25
14 14 25
20 22 21
5 6 22
1 4 18
16 20 1
8 10 7
22 0 20
20 21 14
3 4 28
8 8 13
14 16 6
18 21 3
21 1 7
15 17 28
9 11 20
23 1 29
6 8 16
8 11 27
7 8 14
12 15 23
19 20 8
18 20 11
7 7 29
9 11 26
12 14 21
22 1 5
14 14 13
4 6 11
19 21 20
14 17 27
4 5 23
6 8 16
2 5 21
9 12 28
17 19 9
5 7 21
2 4 20
20 22 27
1 3 24
0 3 20
7 11 24
5 7 11
9 12 2
6 7 18
8 8 19
5 7 8
4 6 3
8 11 27
18 17 4
11 12 17
19 23 28
4 9 15
11 13 6
21 0 11
23 1 27
16 16 29
9 10 9
4 7 30
12 16 27
20 22 4
17 18 27
8 11 8
6 9 19
2 4 17
10 12 9
10 12 20
8 10 23
19 21 30
19 21 11
17 18 17
10 13 29
6 10 9
19 21 12
23 2 27
9 11 7
20 22 30
11 11 5
8 10 20
12 15 22
13 17 27
13 16 27
18 19 30
22 1 13
8 10 23
10 11 10
17 18 5
11 14 18
23 0 28
21 0 10
17 21 23
7 9 26
17 20 25
4 6 22
18 20 3
17 19 23
14 19 23
9 12 3
2 4 27
0 1 8
1 4 12
4 5 17
11 11 28
17 20 9
1 3 12
1 2 23
18 22 7
5 8 14
20 22 30
9 11 14
17 19 29
16 19 9
8 9 8
5 7 22
2 3 22
6 7 25
1 3 21
22 0 13
20 23 29
3 6 18
14 16 19
16 17 26
3 3 30
17 17 25
17 19 17
18 21 21
18 20 29
7 8 10
15 17 21
22 23 18
22 0 4
0 2 20
10 12 8
12 13 4
5 8 20
8 10 22
5 5 28
10 10 23
6 8 10
0 2 23
6 8 19
0 1 21
7 9 7
23 0 9
5 7 22
8 9 18
17 19 6
22 0 17
21 0 7
12 15 25
15 18 11
4 7 3
0 1 30
3 5 11
9 11 16
23 3 23
9 11 13
9 12 23
6 8 20
8 9 12
15 17 14
21 0 22
23 2 17
18 22 20
11 13 9
9 11 21
22 0 1
23 0 7
15 19 10
0 1 1
2 4 6
16 18 23
8 10 13
23 1 29
20 23 14
22 0 19
1 4 27
21 0 29
15 18 23
21 23 15
18 20 3
18 21 16
9 11 28
12 13 8
0 3 5
19 19 21
2 5 5
22 1 19
8 10 28
6 8 9
16 18 15
19 20 26
10 12 27
12 13 3
11 12 17
18 20 19
18 20 18
13 15 23
17 19 27
18 21 7
0 3 5
21 22 12
14 17 8
21 23 23
11 11 30
20 23 13
3 6 30
4 7 30
22 1 20
13 17 27
16 19 7
11 14 13
6 7 1
16 18 25
8 10 30
11 12 21
1 4 3
13 16 26
12 12 16
20 22 19
16 21 16
0 2 6
7 10 19
7 10 11
3 6 16
14 17 25
9 14 11
19 20 23
10 12 27
6 7 16
8 11 10
1 4 18
15 17 3
5 8 17
22 0 1
0 2 9
16 21 8
19 23 30
1 2 3
19 20 26
17 19 12
8 12 19
4 6 18
11 13 3
16 18 15
13 14 30
7 10 22
1 4 3
9 11 18
3 5 20
9 12 13
14 16 7
4 6 17
6 9 19
11 14 26
16 18 26
21 22 7
23 1 23
12 15 9
3 3 13
3 5 28
7 9 20
0 1 14
13 13 29
20 20 13
15 17 4
11 13 28
10 12 26
9 11 3
13 15 3
0 0 16
14 14 10
14 15 8
6 10 14
3 4 19
4 6 14
15 16 2
2 4 27
19 20 3
15 17 11
15 16 6
22 0 4
5 10 17
9 11 24
3 6 17
20 0 6
15 18 5
18 19 6
11 13 12
19 23 17
17 18 15
8 10 8
2 4 21
16 17 23
1 4 4
4 6 24
0 3 25
22 23 27
7 10 5
13 15 22
16 19 10
16 18 13
20 23 21
14 16 10
12 14 3
1 2 11
23 1 28
2 3 9
7 8 12
10 12 20
6 6 19
10 13 20
15 19 18
15 17 13
12 14 16
21 23 21
3 6 4
2 3 28
15 17 23
4 5 4
1 2 24
12 13 6
1 1 13
19 22 5
23 0 19
19 20 30
10 12 18
17 19 11
8 10 29
13 15 15
20 22 13
19 21 10
14 17 4
10 13 8
10 14 20
10 12 25
5 8 21
3 4 19
7 9 10
2 2 3
11 13 7
5 7 15
23 0 26
14 16 25
17 20 29
10 12 22
14 18 21
8 11 16
10 14 7
11 13 25
11 12 23
10 13 8
2 3 20
18 19 28
15 16 14
0 1 13
20 22 29
16 19 13
16 17 18
14 17 11
23 1 22
3 4 23
1 4 1
22 0 21
15 18 1
1 4 15
3 7 29
12 14 18
12 12 26
8 10 29
1 3 18
21 21 8
19 22 18
9 12 4
15 19 9
20 0 2
18 21 13
8 11 21
0 1 24
5 5 4
23 1 3
5 6 23
18 20 18
21 23 2
7 9 16
12 13 30
18 20 27
23 1 2
13 15 26
16 18 10
13 17 24
19 21 22
22 0 12
21 0 2
3 6 30
5 8 20
3 2 5
22 2 5
3 4 4
5 8 4
14 18 2
17 20 17
1 2 3
2 5 9
12 15 17
15 17 3
21 0 21
21 1 20
15 19 28
16 18 17
20 22 15
18 21 23
10 14 27
5 8 20
10 13 13
9 11 14
21 0 16
21 22 27
14 17 1
0 0 18
15 17 5
3 7 6
5 7 6
7 10 1
12 14 6
14 15 13
9 10 12
10 12 14
9 11 23
22 23 1
18 19 8
6 8 6
5 6 25
14 16 14
7 10 9
14 16 13
14 18 12
3 5 10
3 4 5
16 19 19
22 0 21
13 14 26
13 15 22
2 5 22
5 9 14
3 5 11
9 10 1
5 6 8
23 0 23
5 7 5
5 7 23
12 13 18
13 14 1
9 11 19
21 22 19
10 12 3
12 14 17
19 21 13
12 14 4
23 1 4
23 23 13
16 18 16
6 8 8
13 16 4
0 1 27
21 22 5
7 8 21
19 20 16
2 5 4
6 6 22
3 6 1
16 19 7
10 13 13
18 20 27
22 0 22
21 21 13
15 17 5
0 0 23
13 16 8
13 14 16
18 19 16
19 21 4
20 22 14
19 19 20
2 4 8
7 9 1
13 14 25
17 18 8
18 22 7
3 6 15
23 23 16
10 13 25
4 6 23
22 0 27
7 8 20
20 22 6
9 12 10
13 14 22
21 0 2
16 19 30
20 23 11
14 17 27
2 6 22
5 6 28
12 13 15
5 7 12
9 11 21
2 5 5
10 13 8
13 15 16
0 2 12
21 23 13
2 3 27
22 0 22
4 8 9
3 7 24
0 2 16
23 1 28
17 18 25
4 7 14
22 2 30
3 5 21
18 20 24
3 3 7
20 23 23
2 3 4
18 19 19
19 21 16
7 9 29
1 3 4
4 8 27
8 10 11
12 15 12
14 17 2
15 18 7
0 1 9
15 15 10
3 6 4
22 23 13
0 2 30
7 8 9
5 7 18
8 10 11
21 21 8
13 14 23
15 16 5
23 0 24
11 14 4
1 2 9
14 15 11
2 4 14
2 5 2
11 12 17
21 22 5
7 11 7
21 21 10
0 1 16
8 10 16
7 6 18
21 23 4
8 11 30
3 4 9
10 13 16
6 7 22
9 10 30
10 12 1
13 15 20
0 2 25
3 6 13
3 4 27
19 20 18
23 1 14
20 23 15
13 15 23
3 6 23
20 21 11
5 7 24
20 22 25
5 5 24
11 13 27
14 15 24
8 9 13
13 15 30
23 2 8
15 18 7
20 22 23
15 16 13
5 8 29
22 0 9
9 11 15
22 23 23
20 22 22
20 19 3
9 12 9
7 8 25
17 19 8
14 18 14
22 22 24
9 10 10
21 22 26
15 18 27
22 22 3
12 14 26
18 20 6
2 4 22
2 4 16
18 21 7
4 6 14
23 1 13
18 20 14
9 9 3
14 15 9
2 6 4
7 11 7
17 20 4
6 8 13
2 4 17
15 17 8
14 16 10
20 23 26
13 15 19
10 14 28
20 23 18
22 1 10
9 9 21
3 6 4
5 8 26
10 11 2
23 1 27
2 4 28
9 10 22
22 23 30
2 4 24
19 20 4
21 23 19
2 6 13
18 22 1
1 4 15
0 2 24
18 21 27
23 1 15
22 0 19
20 21 19
16 17 14
19 22 6
7 10 11
14 18 2
16 17 18
8 10 30
10 12 17
12 14 1
0 1 24
9 10 10
8 10 29
10 10 6
18 21 19
2 6 16
2 3 15
8 11 19
3 5 4
18 20 1
15 17 23
12 15 3
13 15 9
23 0 20
18 20 25
6 8 11
7 8 28
18 19 28
22 23 1
22 23 26
17 19 14
3 5 23
21 23 20
5 6 6
11 14 24
3 6 19
23 2 12
5 9 22
18 21 16
15 20 17
22 1 26
20 23 13
17 17 13
2 4 21
12 13 14
12 12 15
21 0 4
18 19 24
7 11 20
4 6 29
20 0 16
15 18 6
23 1 18
22 1 5
1 3 6
18 20 15
17 19 8
19 20 22
3 5 13
21 23 4
3 5 16
6 8 23
7 10 20
22 1 28
5 5 14
1 4 21
12 14 18
16 18 14
13 15 29
20 22 3
23 1 24
0 3 9
11 13 10
17 19 29
10 10 25
13 14 26
15 17 7
16 18 25
1 3 24
5 7 14
6 10 19
2 4 6
21 23 15
13 14 18
21 0 2
13 16 4
18 20 19
19 22 19
6 7 10
0 1 29
22 1 21
16 17 16
16 18 9
15 15 18
10 12 20
9 10 23
4 6 12
20 22 19
13 17 19
1 3 28
4 8 11
4 4 5
11 12 9
4 6 3
4 6 12
1 3 12
20 22 24
13 16 10
12 14 7
20 22 26
23 0 29
16 18 6
13 15 30
17 19 10
20 22 26
16 19 3
8 10 2
8 10 25
18 20 10
23 23 21
7 8 23
21 21 15
18 21 21
17 18 30
7 9 3
7 9 24
3 6 16
1 5 11
8 10 24
10 11 23
14 16 11
1 5 4
15 16 21
13 15 6
10 11 25
2 4 14
21 0 30
0 3 10
4 6 3
18 19 5
7 10 2
11 12 12
10 12 10
6 6 6
23 2 22
21 23 1
11 13 11
4 5 15
19 21 7
2 4 7
1 4 6
12 14 5
10 14 20
16 18 24
13 16 3
11 12 9
15 18 20
19 20 7
23 0 11
14 14 25
8 11 6
17 20 6
21 23 28
19 23 16
15 17 12
7 9 12
3 6 30
5 8 3
15 16 6
12 14 13
7 11 7
17 20 28
16 19 18
14 16 19
2 2 22
21 23 2
8 10 22
5 9 16
10 14 22
4 4 21
14 18 20
8 11 1
6 7 26
3 6 9
0 2 18
13 14 20
12 15 15
15 17 7
9 12 5
7 9 7
1 3 16
17 20 22
7 9 14
15 18 3
16 17 23
4 5 3
16 17 27
12 12 17
23 0 28
8 11 10
9 12 27
17 20 22
8 8 24
0 1 28
9 13 10
21 22 20
5 7 15
1 5 6
19 20 27
4 8 9
15 19 3
6 9 8
22 22 6
22 0 7
5 5 19
11 15 13
0 2 30
9 12 4
10 13 30
8 10 21
19 21 28
6 10 6
5 7 7
22 1 5
23 2 21
7 11 16
14 16 17
19 21 8
16 19 11
3 4 7
18 18 25
15 16 7
11 13 30
20 20 4
8 12 21
12 12 5
10 12 17
21 0 24
8 10 6
2 4 8
14 17 8
23 2 2
10 13 1
20 22 22
18 19 18
20 21 14
12 15 24
3 5 4
23 1 21
15 16 5
1 1 10
20 21 13
12 14 17
5 9 7
8 11 13
22 22 22
20 22 7
6 7 27
23 1 10
15 17 20
6 8 29
16 18 20
0 2 5
1 4 16
18 20 6
16 18 15
10 11 26
12 15 18
20 22 13
17 18 4
0 2 11
10 12 14
23 23 26
20 22 17
14 16 5
19 20 27
6 7 27
0 2 27
16 20 4
15 17 19
3 6 30
12 14 21
0 1 18
15 16 15
19 21 25
22 0 15
7 8 23
3 5 5
4 6 6
5 7 8
9 11 4
20 23 3
1 2 9
10 12 20
16 18 12
19 21 26
1 3 21
21 1 11
7 8 9
16 18 21
23 1 22
5 7 18
17 18 11
7 8 23
12 12 29
17 18 1
5 7 19
14 16 6
8 10 26
16 19 16
12 14 13
20 21 29
4 5 3
21 23 7
17 18 20
15 17 22
6 9 27
11 13 27
7 9 9
21 22 7
6 7 24
8 11 13
23 0 2
20 20 2
20 21 24
7 7 27
18 19 5
13 15 5
8 10 20
1 4 16
18 19 3
18 19 25
5 7 6
7 8 17
19 20 7
23 1 29
6 9 9
1 4 16
5 9 8
6 8 6
3 4 9
12 15 26
3 5 13
11 15 16
13 15 7
14 17 19
22 23 2
8 8 24
4 6 10
1 2 30
10 11 21
10 10 19
9 12 2
15 16 13
13 14 1
13 16 24
0 1 24
9 11 10
6 6 20
21 23 16
10 12 1
20 22 10
19 22 2
18 19 7
8 11 22
16 19 19
18 20 26
19 22 9
8 9 21
11 11 28
3 5 14
11 14 29
1 3 7
10 11 14
19 21 20
12 15 7
19 21 20
16 18 1
20 22 24
0 2 11
5 8 8
7 8 19
2 4 20
4 6 14
11 14 20
0 2 6
12 16 9
11 13 9
4 6 28
7 8 6
20 21 17
14 15 3
5 7 19
19 22 5
7 9 3
3 5 4
14 15 15
13 15 28
9 10 24
12 15 23
8 10 5
6 7 16
10 13 21
5 6 25
11 13 27
7 9 17
5 7 23
10 10 15
2 3 7
22 0 28
16 18 30
11 13 2
20 23 21
20 22 29
12 13 27
6 7 21
14 16 17
21 0 24
7 7 4
11 13 17
7 9 27
22 23 30
22 1 7
19 22 7
20 21 29
2 4 1
4 7 3
23 0 9
22 0 28
16 16 13
18 20 29
15 18 26
6 7 5
7 9 18
16 18 4
23 2 14
14 17 24
15 19 11
7 9 21
17 17 18
14 16 13
5 8 27
17 18 14
6 9 20
22 1 26
2 5 19
15 17 23
8 11 22
16 16 15
8 10 17
0 2 3
6 7 2
15 16 27
6 9 7
3 6 7
13 15 19
21 23 28
19 21 13
18 19 2
17 19 25
2 4 21
3 5 13
16 16 14
13 16 10
15 17 10
13 16 24
14 16 20
6 8 4
10 11 1
2 4 8
22 0 17
16 18 11
10 11 11
16 18 21
11 13 29
0 3 23
14 17 12
14 15 14
14 15 16
12 13 6
22 0 14
20 0 4
0 3 27
13 14 7
11 13 22
3 5 28
11 13 24
15 16 26
9 11 22
15 17 2
3 5 29
9 11 18
23 2 2
22 23 27
20 21 21
8 12 30
12 14 20
19 19 23
7 10 29
18 20 24
8 10 1
0 3 16
23 1 17
1 4 14
15 17 10
2 4 22
20 22 15
10 12 7
15 16 28
1 3 14
22 0 26
8 10 14
0 2 27
23 0 20
0 3 13
8 10 8
14 15 12
15 16 21
17 18 12
19 20 11
1 3 17
10 12 30
7 8 2
12 14 18
21 23 28
7 9 29
9 9 14
21 23 5
8 11 13
4 7 30
15 17 2
19 21 10
3 6 4
16 18 29
12 15 15
8 11 28
21 0 10
19 20 14
10 14 25
18 21 16
22 23 3
6 7 20
5 7 9
8 9 9
10 11 16
14 17 9
23 1 14
1 4 11
14 15 26
9 12 16
11 14 10
5 7 8
8 10 26
10 11 6
22 23 23
15 16 4
22 1 14
8 9 30
13 15 12
18 20 21
16 20 22
14 17 27
14 15 18
14 16 18
11 13 18
5 6 1
17 18 3
8 12 11
22 1 7
0 0 28
10 10 21
1 2 14
10 10 11
4 4 9
21 23 2
1 4 18
3 6 30
11 13 5
2 4 7
10 12 6
19 22 2
3 5 25
4 8 19
14 15 4
3 6 27
12 12 26
14 17 22
3 6 17
23 2 7
21 22 18
15 17 13
16 18 26
19 21 3
0 2 2
11 12 27
18 21 13
17 19 19
13 15 23
1 2 23
2 3 8
1 3 29
9 11 23
9 10 24
1 3 4
8 11 16
20 23 18
15 18 7
8 9 12
17 20 6
16 18 18
5 7 23
13 16 5
23 1 29
9 11 10
15 16 21
6 7 20
17 20 25
21 0 4
20 23 4
4 6 3
10 13 16
21 22 25
10 11 13
17 19 24
18 21 22
21 21 15
0 1 11
11 12 30
11 14 2
4 6 24
4 6 15
11 12 25
14 17 15
19 21 18
13 15 2
20 22 28
9 12 24
13 16 6
1 3 23
3 6 13
15 17 27
22 1 24
12 14 8
6 8 8
1 5 19
3 5 30
10 13 3
3 5 14
22 1 1
23 2 9
0 1 8
8 9 10
4 6 30
23 2 8
16 18 14
21 23 7
13 17 30
0 3 25
18 20 29
14 16 7
13 17 16
11 14 21
7 10 9
2 5 6
20 22 8
9 10 18
15 18 27
2 3 26
2 4 12
5 6 4
17 19 15
5 6 2
3 4 26
5 6 5
7 9 7
10 13 4
16 19 21
1 4 4
8 11 3
16 18 1
22 21 10
11 13 6
21 2 3
17 19 24
12 13 16
22 23 16
1 5 18
3 2 2
5 7 9
21 23 11
23 0 11
10 12 21
9 10 16
3 6 18
8 13 8
5 7 27
18 20 30
2 4 22
2 6 25
1 4 4
0 2 7
1 2 30
16 19 23
1 1 17
1 4 21
10 13 28
6 9 9
8 12 14
20 0 3
10 12 25
14 17 11
21 0 24
22 0 28
16 17 8
9 10 10
6 8 10
23 1 23
19 19 17
2 5 5
2 5 2
4 6 11
19 21 20
12 13 23
19 22 4
16 18 23
15 18 9
7 11 26
18 21 1
8 10 23
0 4 12
13 15 17
4 7 28
23 2 7
0 1 24
13 14 23
2 5 22
6 8 15
7 10 10
7 10 7
3 4 3
11 14 7
16 19 8
3 5 13
13 14 18
12 16 14
6 8 21
13 16 14
6 6 9
12 14 9
22 1 23
23 3 8
21 1 12
19 21 24
14 16 15
20 20 8
21 0 19
1 3 3
18 21 14
11 13 15
3 6 19
5 8 8
21 23 18
8 10 14
1 2 3
7 9 3
22 1 30
14 15 17
20 22 27
11 13 29
21 0 8
8 11 25
12 14 9
23 1 14
11 15 19
3 5 29
22 0 29
23 3 4
12 16 29
20 22 2
13 16 16
20 21 22
3 3 14
9 9 29
4 6 27
4 5 3
16 19 20
20 21 6
9 11 17
23 0 11
1 4 29
1 4 12
19 19 5
6 8 23
18 19 21
17 20 19
19 21 1
17 19 22
14 16 2
20 0 6
10 12 9
17 20 27
18 20 19
5 6 21
0 2 4
23 0 3
18 19 9
21 23 13
9 11 20
14 16 21
22 23 13
18 20 10
15 17 3
19 21 24
17 18 11
1 3 8
13 13 30
13 14 25
3 4 19
22 23 28
6 8 13
11 14 28
23 2 12
23 2 3
2 4 30
21 1 23
16 16 7
13 15 21
13 16 26
16 18 6
11 14 23
19 22 8
9 10 5
15 18 26
8 9 11
12 15 29
14 15 11
4 5 20
12 14 9
17 19 17
1 3 22
3 5 13
23 2 8
3 4 26
21 0 11
18 22 29
3 5 10
16 18 13
12 14 25
21 22 9
7 7 9
21 23 5
16 19 30
10 13 4
15 17 11
13 14 6
23 0 24
2 4 14
13 15 19
14 16 28
18 20 28
20 22 11
20 23 17
3 6 9
19 21 27
2 4 12
5 8 28
9 9 7
7 11 20
13 15 7
5 6 6
11 12 20
15 16 25
15 18 2
16 18 19
6 8 17
3 5 27
18 20 21
9 11 11
0 2 30
19 21 9
13 14 8
23 2 28
18 19 3
23 1 14
18 20 8
1 4 14
2 2 21
14 15 19
17 22 4
10 12 21
15 18 18
17 19 4
10 13 21
14 16 7
9 10 28
20 21 14
9 11 16
23 1 10
14 18 26
13 12 30
17 19 14
17 20 16
10 12 29
4 5 13
19 21 14
15 16 13
12 16 12
19 20 29
10 14 1
1 4 23
16 20 15
0 2 9
14 14 10
12 14 13
16 18 18
5 9 28
20 21 21
0 2 28
12 14 16
9 11 6
7 9 15
1 2 22
18 19 14
21 0 13
16 19 11
8 9 22
13 15 2
8 12 16
20 22 2
14 16 13
3 6 30
0 0 15
7 10 28
5 8 13
2 2 14
0 1 2
7 9 30
17 18 20
5 9 9
20 22 17
16 21 4
12 15 3
5 6 8
6 9 29
15 18 16
0 2 9
12 15 5
17 21 10
14 16 18
21 0 30
13 17 12
19 21 19
14 15 1
6 9 5
13 14 5
