2010 30
14 8 4 17 12 11 4 6 7 5 26 8 17 8 8 29 26 12 8 3 1 5 25 9 29 28 13 19 10 12 
10 12 30
17 21 22
7 8 2
4 6 24
2 5 1
4 7 1
6 8 27
17 19 9
13 14 20
5 7 16
22 1 20
20 22 16
9 10 19
10 13 4
19 20 6
12 15 18
18 21 26
16 16 16
11 12 10
22 1 6
12 14 17
7 9 28
2 4 7
7 8 21
17 19 5
2 4 12
11 15 28
22 0 24
1 4 1
16 16 7
19 19 11
21 23 29
4 5 12
7 10 18
19 21 20
9 12 8
14 15 1
23 0 21
14 14 8
4 6 28
8 10 21
18 21 13
19 20 17
3 6 12
5 6 7
14 17 24
5 6 8
12 13 13
14 17 30
2 7 27
9 11 13
5 7 28
15 16 16
1 3 17
4 8 16
19 20 19
10 14 5
5 7 21
5 6 21
19 19 5
12 14 21
22 0 13
18 20 14
18 20 7
8 11 19
20 22 8
22 23 4
18 19 19
11 13 19
12 14 17
13 14 10
19 20 17
13 16 3
18 19 15
15 16 28
19 20 30
11 13 30
17 20 27
19 20 23
19 21 9
2 3 18
15 19 4
1 3 28
15 16 1
9 13 8
14 14 1
17 20 10
19 20 7
14 17 19
18 20 24
7 9 24
9 9 30
0 1 7
5 7 2
16 17 10
22 23 9
5 7 4
8 12 20
12 14 21
5 8 7
23 2 30
11 13 8
20 20 20
0 3 29
11 16 24
1 4 7
1 3 14
14 15 27
12 15 7
21 22 23
23 2 23
1 5 30
11 12 29
17 18 3
16 17 8
1 2 28
17 18 27
10 12 19
15 18 22
21 23 14
11 13 12
9 10 23
1 2 2
3 5 11
1 5 19
1 2 19
21 0 18
18 19 10
2 4 12
13 16 3
5 6 10
19 22 4
22 0 11
6 8 14
0 1 15
19 19 19
13 16 9
14 16 16
8 11 10
14 16 30
10 14 6
5 6 23
5 6 11
7 10 3
12 14 28
20 23 17
16 18 9
23 1 18
15 17 3
1 3 10
8 10 10
10 12 25
4 6 4
21 21 25
18 20 8
9 9 2
1 3 7
20 22 30
5 8 10
16 17 9
8 10 9
12 15 21
22 0 13
8 10 15
23 0 16
7 9 30
4 7 17
3 4 5
10 13 4
22 0 20
0 1 29
15 16 15
15 16 9
1 3 5
8 9 22
1 4 25
6 6 21
14 17 15
3 6 25
5 8 5
0 2 28
18 20 13
6 8 19
16 19 27
22 0 22
19 22 21
2 2 2
3 5 24
9 12 5
19 21 28
18 19 13
1 3 14
6 8 18
1 3 23
17 20 24
5 8 16
11 12 17
9 10 10
16 17 10
8 8 7
8 9 27
7 10 10
21 22 30
15 17 21
20 23 18
20 22 13
19 18 13
19 21 23
11 12 9
1 2 13
19 21 23
18 20 2
17 19 10
3 7 27
23 0 10
22 0 25
4 7 14
10 14 30
19 21 22
7 8 15
22 23 18
21 23 23
6 7 7
12 15 21
19 22 20
2 5 14
12 15 11
10 13 3
10 13 30
14 15 9
1 5 19
12 14 12
23 1 21
7 10 25
14 16 16
1 3 30
2 4 27
5 8 9
14 17 3
7 8 28
9 11 19
9 12 28
21 23 9
6 8 14
13 14 10
12 13 22
21 0 6
7 9 21
23 0 30
7 9 27
20 22 21
15 15 9
22 23 21
13 14 17
20 0 3
21 22 11
12 16 17
7 11 28
17 21 29
5 6 16
0 2 13
12 14 5
9 13 16
12 15 30
10 12 19
3 6 23
5 7 9
22 0 2
19 23 19
14 14 4
9 10 5
19 21 9
3 6 16
6 9 30
23 1 6
10 12 23
7 10 19
8 10 23
7 9 18
10 11 26
12 15 24
15 16 30
21 1 13
19 19 8
22 23 23
14 15 13
3 5 26
20 22 16
18 19 4
5 6 21
11 15 20
11 12 2
18 19 22
9 12 3
12 14 15
9 9 29
17 18 21
20 21 27
0 3 9
16 19 14
16 20 8
15 14 20
7 6 21
11 12 4
2 3 1
17 19 1
14 18 4
1 2 30
22 1 20
19 22 29
13 15 14
4 4 6
19 21 15
6 7 15
10 12 24
12 14 14
2 3 12
20 22 27
6 10 10
15 18 12
9 10 14
0 3 22
22 0 16
4 5 25
0 0 14
19 21 15
11 14 2
5 6 24
20 0 5
4 5 5
15 16 12
23 3 22
6 8 23
21 23 11
5 7 2
0 0 2
5 7 2
18 19 23
9 12 14
20 21 3
15 17 17
7 10 24
9 11 5
8 11 2
4 7 29
22 0 17
3 5 19
11 13 10
4 5 9
3 5 12
9 11 14
3 4 3
7 9 23
16 18 4
0 3 15
4 7 14
17 19 15
9 10 21
3 4 20
17 19 12
23 1 21
20 22 1
0 1 18
5 6 12
14 16 11
15 15 4
4 6 5
17 19 22
14 17 1
3 5 21
3 3 6
11 14 7
5 6 7
14 16 8
8 11 30
15 18 19
8 11 9
23 3 10
8 10 17
22 23 4
9 13 16
3 4 16
18 20 27
16 19 12
15 17 26
20 23 29
16 18 9
4 5 10
8 10 20
20 20 25
20 22 15
18 21 26
18 19 7
4 5 2
4 9 7
8 9 7
20 22 30
9 12 25
9 10 15
11 14 17
0 2 9
19 21 1
5 7 17
20 22 5
6 7 22
14 16 9
14 17 20
8 10 16
21 20 3
13 15 7
0 2 19
7 8 25
14 16 15
11 13 25
16 18 11
20 22 24
5 8 3
0 2 19
11 13 28
10 14 7
18 21 9
3 5 12
15 16 30
11 13 15
5 8 18
19 20 25
8 9 23
20 20 2
22 2 4
16 18 5
0 4 4
16 19 29
23 2 5
1 5 12
22 0 12
13 15 1
12 10 22
9 9 1
10 14 28
9 10 25
10 11 27
15 17 24
19 21 5
13 11 16
8 11 1
18 20 29
11 12 14
16 19 9
4 7 16
10 12 29
11 14 28
22 1 23
21 22 11
15 18 16
13 16 14
8 11 6
1 4 10
7 9 2
23 1 6
23 2 16
21 0 14
19 21 3
15 18 11
3 5 23
22 1 24
15 18 12
23 0 20
15 18 20
9 9 12
11 12 27
7 8 14
7 10 22
6 11 22
6 7 29
18 20 7
5 5 22
10 11 13
20 0 22
12 15 23
4 6 19
12 13 23
22 1 20
5 6 9
13 16 11
6 7 30
12 16 23
12 14 7
15 19 24
10 12 14
21 0 25
11 12 14
10 12 10
5 6 17
0 1 21
12 16 23
10 12 20
6 8 5
13 13 20
13 16 4
8 9 20
3 5 6
1 3 4
13 15 23
17 18 6
15 16 1
9 11 19
0 1 11
15 17 12
6 9 23
12 14 27
13 16 30
18 19 2
6 9 17
12 13 29
7 7 22
18 20 25
18 20 16
9 10 26
3 4 16
20 23 16
18 20 27
8 10 27
19 22 28
10 11 29
6 8 19
22 1 1
10 12 1
10 10 24
12 15 11
12 14 14
19 22 25
11 13 22
5 8 24
3 5 23
13 13 19
4 6 22
12 14 17
15 18 4
19 20 17
17 19 2
11 13 25
12 15 10
3 6 2
0 3 30
1 5 5
9 10 20
7 8 1
18 21 29
6 9 27
18 20 22
7 10 20
17 20 17
23 1 27
18 20 17
8 8 24
22 1 5
18 19 14
3 5 17
16 17 11
12 14 1
19 23 8
15 17 13
8 12 1
23 1 28
20 22 18
1 3 10
3 5 19
7 7 27
19 20 14
2 4 4
14 15 10
14 17 20
7 10 19
23 0 11
18 20 1
10 11 20
18 19 29
3 4 1
14 15 18
18 18 17
5 6 5
6 8 28
21 23 26
13 15 15
18 21 27
5 8 25
3 5 2
20 23 2
0 2 5
2 3 28
21 23 9
7 11 22
10 12 5
21 23 11
10 13 28
7 9 1
23 1 8
3 4 16
2 5 15
21 23 2
10 12 15
1 2 29
2 4 25
0 2 18
10 13 7
11 14 11
12 13 3
8 10 8
9 12 9
16 19 6
0 1 5
23 1 6
7 9 15
0 4 2
6 9 13
4 8 11
5 8 20
13 18 23
2 4 2
4 6 2
6 9 13
19 21 16
12 14 23
14 15 26
3 5 6
21 21 22
9 10 4
21 0 25
17 19 7
7 11 23
6 7 11
12 14 15
23 23 11
6 8 20
13 14 13
8 8 26
3 6 17
4 7 15
2 4 26
4 5 25
20 0 16
19 20 28
22 2 19
6 9 15
22 23 6
22 23 8
20 23 19
16 20 21
3 5 11
23 23 17
18 20 13
1 2 1
9 11 4
14 16 20
11 14 18
0 3 8
7 9 10
5 6 4
15 16 25
12 15 21
17 17 24
9 12 16
10 11 14
9 10 16
14 16 21
5 9 27
9 13 8
4 7 22
21 22 17
7 9 21
23 23 12
17 18 22
17 19 16
10 12 19
12 14 11
16 17 5
6 9 17
2 4 1
20 20 9
16 17 11
9 12 26
19 20 24
3 5 17
15 17 5
8 10 12
12 14 28
11 12 13
0 1 18
6 7 6
19 21 15
9 10 30
23 0 20
0 2 13
7 10 2
8 10 30
10 12 23
2 5 13
23 1 16
13 15 26
21 0 26
5 9 1
23 2 20
19 21 23
15 16 25
3 4 1
1 3 24
4 6 4
2 4 6
13 16 10
1 3 5
11 14 10
2 4 3
18 19 9
6 7 20
23 1 14
23 0 8
23 1 12
2 6 6
3 3 25
22 23 6
21 23 10
2 3 28
18 21 29
11 13 28
10 13 10
21 23 14
2 4 17
6 5 21
11 14 5
21 21 24
5 7 21
0 4 14
21 23 25
13 16 15
11 14 15
1 4 16
12 15 26
16 16 7
21 1 9
2 5 14
11 13 24
2 3 13
5 6 29
17 20 18
10 13 20
14 16 21
12 12 7
2 4 27
23 0 8
5 6 19
15 15 15
2 5 22
0 3 26
17 20 30
6 8 20
16 19 19
22 23 1
20 23 20
17 20 6
23 0 22
8 10 29
23 1 9
15 14 17
8 11 15
6 9 11
7 10 9
4 6 7
22 0 8
3 4 29
21 20 13
19 22 14
18 21 6
1 4 2
13 15 22
2 4 11
22 0 20
7 10 2
11 12 6
15 15 24
6 7 19
15 17 6
22 23 27
14 17 28
7 8 7
16 18 1
7 8 26
16 18 22
1 3 26
22 0 30
17 18 30
8 11 16
14 15 28
5 8 10
16 19 27
11 14 29
17 19 25
15 16 26
15 17 1
0 2 20
12 13 8
20 21 29
6 8 3
3 4 7
15 17 4
10 12 28
17 19 22
2 4 7
4 4 4
2 4 26
14 16 28
3 6 22
8 10 18
3 5 10
8 13 2
3 5 28
19 21 12
4 5 3
2 4 27
4 6 16
3 5 14
14 15 25
13 15 29
21 0 25
0 2 7
9 10 14
1 3 6
19 21 6
3 5 10
1 2 5
10 13 8
16 18 1
21 23 6
17 18 12
7 9 11
1 1 10
11 13 19
20 22 15
0 5 28
15 17 27
11 12 7
14 17 27
13 15 10
13 16 28
7 9 7
4 5 5
16 18 5
10 13 15
23 1 24
9 12 4
13 16 3
22 2 14
18 20 8
9 10 2
10 12 18
23 0 17
23 2 7
9 12 22
3 4 12
20 22 23
3 6 17
14 16 5
4 5 1
4 6 1
8 10 21
16 18 2
3 5 28
19 20 6
13 16 22
22 22 30
8 9 27
10 11 16
7 7 26
7 10 2
11 14 28
11 13 14
1 3 25
12 15 25
7 8 9
17 19 18
17 20 3
14 17 18
23 0 26
0 1 20
11 15 27
16 19 22
12 12 14
13 14 18
9 11 8
5 8 16
21 22 9
3 5 2
19 20 17
11 13 30
19 22 21
1 4 19
6 8 1
7 9 9
6 8 11
7 7 13
20 23 4
16 20 26
20 23 18
1 4 5
13 15 10
6 8 5
1 3 10
17 19 9
1 3 23
19 21 26
3 3 27
18 22 4
14 16 8
11 13 27
22 23 24
5 8 26
14 17 25
19 21 3
7 9 12
21 23 28
22 23 17
20 21 11
6 9 9
17 19 21
11 12 15
21 22 8
3 4 29
2 3 2
15 15 16
12 12 12
3 5 16
1 4 14
5 6 20
3 6 3
17 19 3
22 1 11
3 6 22
12 15 19
13 13 24
17 19 15
12 14 14
17 19 5
22 1 14
19 21 8
13 14 27
22 22 13
6 8 2
8 9 26
8 10 29
23 1 29
21 23 20
0 2 3
2 3 14
4 6 13
6 8 13
9 12 26
16 17 15
4 5 14
2 5 1
22 1 15
10 12 11
9 11 1
19 22 29
20 23 27
11 13 9
3 6 5
1 3 14
10 13 21
11 13 29
7 10 28
10 11 20
9 10 18
3 5 24
18 19 15
21 23 26
3 5 5
1 2 17
1 2 8
18 20 20
2 6 28
6 8 10
20 23 26
16 17 27
15 17 16
18 21 4
5 6 14
16 18 3
2 5 8
2 3 25
21 22 21
0 4 1
4 7 2
14 17 2
8 9 27
1 2 15
10 13 1
14 17 23
18 21 4
6 8 15
18 21 15
10 12 12
1 4 5
12 13 13
0 3 1
16 18 10
2 4 1
14 18 3
21 1 23
3 5 27
16 18 30
4 5 22
20 23 10
10 12 11
15 15 5
6 6 18
23 1 19
22 23 22
1 2 7
21 22 16
8 11 24
23 0 17
4 7 17
8 10 6
21 23 7
13 15 2
20 20 7
13 15 1
16 17 26
9 12 6
20 20 22
11 13 28
16 20 14
9 12 26
18 22 22
8 8 23
15 17 8
3 5 22
21 23 22
14 16 6
6 9 17
22 0 19
9 11 27
16 17 19
12 15 28
14 15 28
21 22 11
19 20 25
11 12 14
6 7 9
16 18 8
22 0 14
22 23 28
20 23 21
11 13 20
0 1 29
22 22 2
21 22 15
23 1 1
20 22 28
23 2 22
12 14 2
10 11 25
8 8 27
11 12 25
3 7 19
17 18 5
13 13 5
23 3 10
20 23 15
13 16 2
14 18 23
20 22 5
16 18 2
15 15 17
20 0 4
12 12 27
23 0 27
10 13 21
20 23 18
0 3 27
11 11 17
18 20 9
23 2 29
0 0 4
10 12 21
2 6 24
23 2 29
12 15 27
15 15 20
0 1 5
11 14 19
12 13 14
19 19 6
9 11 24
4 4 5
7 10 14
6 9 4
22 23 16
5 8 4
8 9 19
10 12 3
18 21 5
1 4 8
13 15 22
17 19 18
4 6 16
7 11 18
4 6 22
13 14 27
2 2 10
8 10 2
11 12 20
15 17 2
12 12 24
18 18 12
17 19 23
15 16 22
8 9 1
4 7 9
17 18 1
11 13 5
8 10 23
5 6 12
21 23 11
18 19 25
4 6 8
17 19 20
10 12 28
12 15 9
16 17 30
14 19 24
23 2 22
10 13 20
15 17 12
3 5 25
18 20 8
2 3 14
18 20 30
1 5 9
16 16 7
22 0 22
6 8 29
6 8 27
20 20 8
12 16 16
15 18 13
9 10 18
22 1 4
2 5 19
13 14 10
19 21 11
20 21 13
18 21 3
8 10 5
22 0 21
12 13 9
11 12 8
16 17 25
2 5 5
16 18 20
17 19 28
14 16 12
7 7 21
18 20 13
2 3 2
3 4 8
5 7 27
15 18 22
5 8 15
6 8 25
12 13 20
1 2 1
5 5 11
7 8 1
21 22 21
5 6 7
8 11 8
4 5 13
23 2 23
23 0 17
9 10 10
17 19 8
18 20 2
18 18 6
2 6 18
22 23 10
5 6 4
17 16 13
0 2 22
23 2 5
10 12 24
12 14 5
18 20 22
5 7 14
23 1 12
9 12 1
22 1 14
7 10 27
5 5 28
19 21 10
16 18 28
7 8 24
1 2 24
9 12 20
16 18 20
1 4 20
14 14 4
9 9 10
2 5 8
21 23 23
3 5 26
14 16 5
18 21 2
22 1 28
14 15 5
8 10 9
4 6 7
4 7 21
14 15 22
2 3 28
15 17 9
2 6 2
3 4 10
16 19 9
1 2 6
19 23 5
6 8 15
14 16 24
14 15 5
13 15 9
17 18 17
7 9 30
21 23 29
8 9 29
23 3 24
23 1 7
6 8 5
21 23 14
8 10 8
0 2 22
4 5 27
3 5 6
3 7 8
13 16 26
18 20 11
20 21 8
16 18 22
4 4 17
12 15 28
21 23 8
7 7 27
23 1 20
15 17 24
12 14 5
2 4 13
8 10 15
18 20 30
20 21 24
19 22 14
14 17 24
13 17 16
0 1 6
6 8 25
13 15 7
16 18 24
0 1 25
22 1 15
17 20 4
23 1 6
0 2 23
23 0 11
15 18 12
4 6 9
7 11 4
6 8 22
20 22 4
21 22 17
8 10 16
16 19 14
7 10 14
1 2 5
22 23 10
16 18 2
14 17 6
12 11 3
18 19 10
18 20 26
2 3 30
8 9 19
20 22 21
4 5 15
15 16 7
13 16 16
15 17 11
9 12 30
11 14 17
6 9 24
19 22 24
3 6 28
1 4 5
17 18 21
9 12 19
1 3 5
21 23 11
15 18 1
9 12 12
8 9 2
19 21 17
22 0 1
11 15 22
20 22 8
14 15 3
13 15 17
2 4 18
23 3 3
9 11 15
18 20 29
18 20 1
18 21 6
12 15 26
10 12 24
14 18 13
2 2 21
13 15 26
5 6 1
18 21 1
16 17 20
17 19 9
0 2 10
4 5 9
15 16 3
5 6 7
22 2 23
5 7 16
15 17 6
21 22 28
15 16 1
5 7 21
2 5 19
2 3 30
16 18 30
14 16 11
14 16 29
6 8 4
3 4 20
5 9 8
2 4 14
10 10 22
12 16 1
0 2 14
17 21 21
2 5 27
21 23 27
6 7 30
18 21 25
3 5 16
8 11 24
1 4 23
14 15 13
16 20 12
21 0 9
18 20 20
14 16 4
7 10 13
16 18 8
12 13 19
3 4 16
20 21 15
13 14 17
21 23 27
13 16 9
4 7 19
15 18 2
11 12 24
7 10 19
10 13 14
8 9 23
20 1 4
0 3 29
5 7 25
11 15 2
14 17 7
13 14 5
11 11 3
20 23 22
16 16 6
17 18 13
5 7 5
4 5 3
4 5 2
1 3 30
16 18 30
10 13 29
20 22 27
19 20 25
5 7 9
11 13 2
6 8 1
11 11 27
4 4 30
18 21 26
8 9 14
12 16 14
10 13 12
10 12 28
19 22 16
0 2 25
6 9 10
0 -1 16
22 1 28
10 13 30
18 21 18
22 0 16
13 14 30
1 2 12
16 18 20
15 17 2
17 19 6
12 13 12
13 16 23
18 20 2
23 1 30
7 10 1
1 5 20
9 9 9
13 16 18
8 10 10
16 19 26
7 9 24
2 5 20
14 17 2
7 8 27
4 6 8
21 22 11
20 23 17
14 16 6
9 10 7
4 4 5
12 13 14
10 14 4
23 23 16
12 13 27
16 20 24
22 23 17
4 7 17
12 13 19
9 12 6
18 21 12
5 6 22
11 13 15
16 19 1
3 5 3
1 2 4
3 5 21
16 18 27
0 1 15
2 5 13
2 3 3
14 16 1
12 15 22
13 14 5
23 2 30
5 6 25
0 1 9
12 13 25
0 2 15
15 17 30
8 11 28
1 3 9
3 5 15
20 23 15
23 2 22
20 22 30
18 21 13
7 10 15
4 4 13
11 13 4
1 3 8
12 15 28
5 7 1
20 20 13
11 14 11
16 18 26
20 22 8
0 3 5
17 20 26
19 21 26
6 9 6
2 4 8
17 19 21
6 8 24
23 1 30
1 3 10
6 8 22
14 16 19
16 19 9
15 16 24
6 8 29
16 18 4
17 18 28
9 11 5
19 22 9
2 3 19
12 15 28
20 23 25
5 5 9
13 14 21
4 3 25
15 19 9
13 16 10
18 20 12
8 10 11
17 18 10
12 15 4
14 15 16
7 10 27
9 10 29
7 8 27
17 19 24
5 6 23
2 4 4
8 10 2
3 6 5
11 14 5
16 17 22
16 19 24
3 4 27
4 5 20
11 13 1
12 14 10
0 0 7
10 13 9
4 7 20
0 3 29
0 3 15
21 23 24
16 19 8
21 23 16
10 11 30
16 17 3
8 9 8
11 13 10
9 10 16
12 14 28
19 23 14
13 16 18
10 14 30
11 12 27
8 10 24
3 4 2
15 17 18
11 13 25
4 7 19
16 16 7
4 7 17
4 5 26
4 7 2
1 4 3
19 21 2
6 8 11
19 20 10
9 12 6
14 19 3
23 0 14
9 12 14
16 18 7
14 17 8
6 8 30
6 8 5
9 11 5
13 15 9
12 15 22
20 22 18
0 2 3
19 22 14
15 17 9
5 6 23
4 6 25
3 6 6
21 22 14
23 4 15
17 18 16
13 15 27
22 0 25
16 18 26
2 4 4
4 6 7
9 11 23
7 8 13
4 6 16
6 6 14
20 22 16
2 3 9
7 8 1
20 21 16
16 19 19
15 16 9
17 19 12
8 10 7
11 14 11
2 5 12
23 2 4
9 11 7
8 10 9
9 11 23
19 20 3
20 21 6
8 9 19
5 7 28
10 12 16
19 22 5
15 15 6
3 5 12
13 16 11
23 0 21
2 4 24
9 13 8
14 17 10
11 14 30
2 4 19
21 23 28
20 23 4
11 14 30
4 6 3
3 4 11
18 21 6
2 5 26
21 22 11
9 11 1
22 0 23
23 0 27
7 8 21
10 11 22
2 4 17
0 2 5
11 14 23
22 23 30
0 2 23
9 12 22
18 20 16
6 9 25
22 0 12
18 19 20
2 5 11
20 22 27
1 2 15
16 18 12
14 18 8
14 18 5
17 21 19
3 5 23
21 0 17
6 8 12
10 11 25
3 5 27
10 10 25
20 0 20
5 9 23
5 7 19
8 10 17
7 10 23
20 21 28
18 21 27
14 14 1
1 2 3
8 11 1
20 22 12
4 6 19
22 2 23
17 18 26
6 8 18
5 8 4
18 19 24
7 9 11
16 17 7
8 9 17
22 0 4
11 14 11
11 13 20
9 10 19
8 11 4
21 23 3
3 4 7
23 22 11
16 18 17
9 12 8
13 17 5
20 22 14
0 1 30
1 4 13
16 17 23
18 19 25
20 21 27
14 18 21
3 6 25
19 21 14
8 11 30
15 18 26
22 23 15
0 2 3
17 20 3
17 20 6
21 23 10
17 16 14
8 9 10
8 12 26
23 2 6
0 2 26
11 14 17
19 20 2
21 23 5
0 2 28
8 10 30
11 12 13
21 0 6
23 1 22
12 13 13
19 20 22
5 7 14
3 4 17
20 21 13
18 20 24
10 13 3
11 12 14
22 0 5
19 22 6
9 11 27
6 8 17
11 14 12
6 9 21
20 20 20
15 18 2
21 22 7
22 1 5
23 1 20
9 12 11
17 19 24
21 22 24
5 5 17
12 12 15
14 17 16
18 20 16
23 2 25
15 17 16
22 0 29
22 0 15
4 7 5
15 16 27
4 7 10
9 11 10
8 10 12
7 6 27
22 22 9
17 19 21
5 7 17
9 9 23
23 1 11
5 6 8
20 21 16
6 8 2
5 6 21
6 8 16
23 1 9
13 16 27
15 17 8
10 13 3
8 10 23
8 11 12
7 11 14
17 18 17
14 17 28
13 16 15
6 7 18
17 19 16
4 7 5
5 6 29
9 12 13
12 14 15
18 21 5
17 20 9
12 13 3
22 2 17
8 10 14
16 20 3
12 15 9
17 19 30
14 16 16
10 10 23
1 4 17
23 2 9
7 9 5
13 15 19
15 17 12
17 20 25
23 1 11
7 10 27
8 10 5
17 19 8
12 16 22
1 3 13
16 17 14
16 19 17
6 7 24
21 22 5
15 18 5
20 22 10
12 12 27
13 14 10
14 13 11
18 20 20
13 15 4
1 2 25
5 5 15
15 16 27
21 23 9
11 12 23
22 1 19
17 20 23
7 8 16
11 13 18
2 4 30
9 13 15
10 11 28
22 0 26
21 20 8
3 5 25
13 15 16
0 1 29
22 0 19
16 18 17
10 13 14
7 10 22
3 4 11
18 19 6
2 4 16
21 1 9
3 7 21
10 13 21
20 22 3
16 17 16
8 9 20
20 19 28
15 15 1
7 10 26
2 4 24
22 3 16
19 21 16
22 0 14
7 9 20
20 20 25
19 20 5
7 8 25
9 12 21
7 9 19
19 21 25
22 1 23
4 4 3
10 9 1
11 12 7
13 16 26
23 0 15
5 6 27
14 16 6
23 2 28
9 13 16
16 19 14
20 23 12
19 19 24
14 16 7
6 8 5
0 3 22
2 3 11
21 23 30
19 20 1
12 14 7
8 11 28
7 9 13
11 12 5
7 9 5
14 17 5
13 15 25
0 4 25
22 23 25
18 22 15
18 18 2
14 18 21
21 1 30
10 12 17
14 14 5
13 17 10
0 4 6
12 10 9
9 10 28
14 15 14
7 8 23
6 8 5
12 16 12
19 20 1
15 16 11
8 11 22
21 23 1
19 21 12
7 10 3
22 2 15
8 11 3
15 17 1
7 11 27
12 14 26
1 3 8
11 11 21
15 18 4
11 13 21
13 14 7
1 3 5
20 0 19
16 18 4
21 23 27
12 14 29
12 13 5
18 21 6
16 19 24
1 2 5
17 19 28
6 10 5
9 11 1
0 3 8
11 13 23
5 7 18
13 14 16
13 16 2
21 23 21
12 15 8
1 2 11
20 21 8
8 12 30
13 13 20
4 8 30
7 7 16
18 20 28
9 11 9
17 20 28
7 8 14
9 9 10
4 5 14
15 19 23
21 1 6
18 21 14
8 8 10
6 8 16
6 8 18
23 3 24
2 3 28
16 18 15
12 12 6
15 16 26
4 6 17
6 8 29
17 19 25
8 12 12
15 17 3
22 1 1
15 19 11
4 6 25
20 23 14
22 0 4
1 4 19
13 16 17
17 20 28
23 1 29
17 20 11
11 13 27
18 21 26
8 10 8
3 6 21
0 3 5
15 18 12
19 20 6
23 2 8
23 1 13
15 17 17
15 16 26
2 5 7
21 23 14
16 19 3
5 8 21
4 7 15
17 20 28
10 11 28
23 23 23
18 19 6
21 22 10
1 5 23
3 5 23
20 22 8
21 23 11
1 3 22
20 22 6
18 20 26
13 15 22
13 14 19
11 14 1
20 21 24
16 18 22
19 22 7
14 16 25
3 6 2
23 2 24
18 19 17
23 23 1
9 12 9
18 21 28
