2090 30
9 4 19 7 18 2 26 30 29 15 13 17 3 30 15 27 22 17 30 28 12 20 19 1 9 10 17 4 24 23 
10 12 25
18 19 28
7 10 11
7 9 8
11 12 10
9 11 10
0 2 13
17 18 29
5 7 30
12 13 13
19 21 10
3 6 13
10 12 21
20 22 30
7 10 7
7 8 29
19 21 20
11 13 4
15 17 20
9 11 30
11 14 19
11 12 2
0 2 5
8 10 19
19 21 25
11 10 8
22 1 1
4 6 3
12 14 18
12 12 21
22 0 21
7 9 3
23 0 11
5 6 18
10 12 19
11 15 12
0 1 18
13 15 28
6 8 25
12 15 21
4 3 24
14 15 17
10 11 2
4 6 30
2 4 1
9 11 24
6 9 2
14 18 13
9 10 26
13 14 21
5 7 19
2 3 27
22 1 24
5 8 10
12 14 24
6 7 26
22 0 5
16 18 7
0 2 6
18 20 3
23 2 26
4 6 20
2 5 23
12 12 6
23 2 17
7 8 25
5 7 6
16 17 7
13 16 16
21 22 4
11 14 23
11 14 27
23 2 24
7 11 11
10 11 9
1 3 23
6 6 3
20 21 9
13 15 9
10 13 28
19 23 28
15 17 26
7 10 21
10 11 5
20 23 21
6 7 6
9 10 18
23 2 2
7 8 23
13 15 17
8 10 8
9 10 12
1 2 9
15 18 1
5 7 23
2 6 15
2 2 29
23 0 24
5 7 23
14 16 11
12 13 23
1 4 28
8 10 8
20 23 3
11 14 18
3 6 30
7 9 23
5 9 1
11 14 11
5 7 17
17 19 17
11 12 17
13 17 7
1 3 13
13 16 14
22 1 15
20 21 3
3 5 22
15 15 1
17 19 7
22 0 8
12 13 13
19 22 15
1 4 9
3 4 2
13 14 15
13 14 14
16 18 5
6 8 20
4 6 26
7 10 7
22 23 23
23 1 21
0 3 20
3 6 25
10 13 29
20 22 2
11 14 14
22 1 27
4 6 7
23 2 19
20 21 20
19 22 6
18 19 23
22 1 21
14 16 25
16 18 7
7 8 3
10 11 3
8 9 30
11 13 18
19 21 23
12 13 22
19 22 27
0 2 18
0 3 10
10 12 27
5 6 16
2 4 4
23 1 10
9 11 14
4 6 20
6 9 14
17 18 5
5 6 30
20 22 28
3 4 28
18 20 15
22 1 28
3 4 22
21 21 17
1 3 11
19 22 7
21 23 7
17 20 11
10 13 15
23 1 27
20 21 6
6 8 25
20 20 8
16 17 23
0 4 18
4 7 16
0 2 20
15 17 13
22 0 12
1 3 11
14 14 21
14 15 2
14 17 24
16 19 9
19 21 21
6 8 13
11 14 2
12 13 23
14 14 5
23 23 26
2 3 11
10 13 22
1 5 7
20 23 25
13 16 18
14 14 17
22 0 13
6 8 26
9 13 5
15 17 22
20 0 16
18 20 15
12 15 18
7 10 30
13 14 28
3 6 16
14 16 29
0 0 6
13 17 30
8 9 1
1 3 16
18 18 7
21 23 4
7 9 19
10 13 14
3 5 25
6 7 9
15 17 25
9 11 8
14 15 23
1 4 1
0 2 23
17 21 14
11 12 14
1 3 11
23 2 25
14 15 5
12 13 3
22 0 14
20 22 10
9 13 27
7 8 7
8 9 19
10 12 16
8 10 20
23 2 12
5 7 20
19 22 7
9 11 18
5 8 25
21 22 15
17 20 3
19 21 17
20 23 16
23 1 22
6 8 8
5 6 26
7 9 29
7 10 2
10 12 22
9 11 21
13 13 18
5 8 4
15 16 15
22 0 5
1 4 25
16 17 26
3 5 26
1 5 15
7 9 8
16 18 14
6 6 12
13 17 6
10 13 20
5 7 12
9 12 11
6 6 22
11 12 24
15 17 12
20 23 30
6 10 23
9 10 13
17 20 30
1 4 13
23 3 8
22 23 12
17 20 27
21 23 13
5 6 18
8 10 25
5 7 7
11 11 28
6 10 12
17 20 13
3 5 26
4 5 7
15 17 4
20 21 13
11 12 7
22 1 12
2 3 14
13 16 20
8 10 13
22 21 23
1 4 4
16 18 13
19 21 21
10 11 11
19 21 13
2 3 15
2 4 13
2 4 25
12 13 29
7 9 19
4 3 12
8 8 17
4 5 28
4 5 13
10 12 13
22 1 20
16 20 30
13 15 26
1 3 24
5 8 8
21 0 17
4 6 16
8 9 1
16 16 20
22 1 2
17 20 5
6 11 18
8 10 18
18 21 1
9 13 5
14 16 28
13 16 10
11 13 10
0 2 12
5 9 14
4 4 10
6 6 20
12 13 24
13 14 13
17 19 19
5 7 30
13 14 20
0 2 30
21 23 15
19 21 8
6 8 27
10 13 3
6 9 16
8 10 8
10 12 23
10 12 6
15 14 8
23 3 26
18 19 1
7 7 29
1 2 30
5 7 11
10 12 4
12 15 18
18 18 12
8 8 4
9 12 19
11 12 29
22 1 12
15 18 17
9 11 22
20 21 10
6 8 29
15 18 2
3 6 6
22 21 24
20 22 24
10 13 19
0 2 15
5 8 1
22 0 12
16 18 30
16 17 21
17 18 17
19 21 16
2 3 27
6 7 22
14 17 30
9 11 4
15 17 26
11 14 23
11 12 30
3 4 30
9 13 19
2 3 26
19 21 15
12 14 23
5 6 4
2 3 11
8 8 17
12 14 14
2 3 4
6 10 19
2 4 14
10 10 27
9 12 8
4 7 18
15 17 18
12 12 27
8 11 28
8 9 19
18 19 24
6 8 12
23 2 2
21 23 12
14 16 7
20 21 15
21 22 11
1 3 30
10 10 4
20 22 22
23 2 30
17 20 21
4 6 19
2 4 1
0 2 28
2 5 26
7 9 22
22 1 19
7 8 1
5 7 10
21 23 5
23 1 13
6 9 24
8 11 27
19 22 27
15 16 7
7 9 16
16 19 26
2 6 15
18 21 10
5 6 6
1 5 25
6 8 27
10 11 28
12 14 29
2 4 12
12 12 15
22 0 5
11 13 20
2 4 9
16 19 15
8 10 9
13 15 3
2 4 10
22 1 16
1 2 24
18 19 12
3 3 30
14 16 29
12 15 16
7 10 20
23 2 24
0 2 13
0 2 27
23 0 10
5 8 30
16 18 25
8 10 12
17 19 26
11 12 11
0 2 26
3 6 22
5 6 16
9 12 15
14 17 18
22 1 17
11 11 2
16 19 26
0 4 11
21 0 8
3 5 19
9 12 25
21 0 28
6 8 5
6 7 12
7 8 20
8 10 20
5 6 23
0 2 4
16 19 11
3 5 4
13 15 11
19 21 9
18 20 13
8 9 17
13 15 21
8 9 10
17 19 11
1 3 19
1 3 3
4 4 6
23 1 21
7 9 28
21 22 10
3 5 14
21 23 14
8 11 23
4 9 16
5 6 28
22 0 27
16 18 6
11 14 22
13 16 16
12 13 20
14 14 25
18 18 5
7 9 7
22 0 2
1 2 14
17 19 14
4 6 18
0 2 14
21 23 27
11 13 28
23 1 4
2 3 7
8 11 16
12 13 30
13 13 16
22 23 22
15 16 18
14 16 17
7 10 18
23 1 8
16 19 27
19 21 8
19 20 28
16 16 29
5 7 2
16 17 15
18 19 2
10 13 11
19 21 27
3 4 28
7 9 8
7 8 26
4 4 16
19 19 8
0 2 19
17 20 5
14 16 28
5 6 28
7 9 14
11 14 28
7 9 10
23 1 15
5 9 30
3 4 8
11 12 6
6 8 2
11 13 23
15 17 7
14 17 26
8 11 13
4 6 8
17 19 8
7 9 14
20 23 3
3 5 6
2 3 19
7 9 3
1 4 24
18 19 15
8 9 11
9 11 28
10 11 24
11 14 19
10 12 6
9 12 28
13 15 13
13 16 9
10 11 14
7 9 27
5 8 17
9 12 13
3 5 27
19 20 8
10 11 30
19 20 2
6 8 7
8 10 28
3 5 10
9 11 11
4 6 28
19 21 18
2 5 19
21 23 15
1 3 2
22 1 15
1 2 22
9 11 8
6 6 20
12 13 12
6 8 10
18 20 4
20 23 9
23 1 10
7 10 12
13 14 7
11 13 1
7 9 12
11 12 14
22 0 12
6 5 5
7 9 12
13 15 5
6 9 7
6 7 7
5 6 3
2 5 25
18 21 29
20 23 16
0 3 23
23 0 15
16 17 6
11 14 30
6 7 13
6 10 11
17 20 7
3 6 15
6 9 26
9 11 10
4 4 12
6 9 16
8 10 29
8 11 9
9 11 28
19 23 24
19 20 18
17 18 21
2 4 24
10 12 30
5 8 25
6 9 28
12 15 7
13 16 11
21 0 2
20 23 3
2 3 20
1 3 12
19 22 12
15 18 9
20 22 11
18 19 17
23 1 5
15 19 23
12 16 19
20 22 26
4 5 18
6 9 7
1 3 18
21 23 1
11 12 10
11 13 24
2 5 16
13 13 21
5 7 9
18 20 4
22 0 18
1 5 21
14 17 20
21 0 30
7 8 15
15 15 4
2 4 4
3 6 13
9 10 19
18 22 23
16 20 15
16 17 27
16 18 9
7 9 5
15 16 23
16 19 23
8 9 16
15 17 11
7 9 29
7 8 17
3 5 5
7 9 8
10 12 3
13 16 19
11 12 15
14 16 30
21 23 18
20 1 29
20 0 12
5 7 6
5 7 4
21 0 21
23 23 10
4 6 23
17 18 3
11 12 11
20 23 29
6 8 19
5 6 24
12 15 13
13 14 9
0 1 30
14 16 7
8 12 16
5 5 29
13 13 13
15 16 17
14 15 3
6 9 23
2 5 9
19 19 2
23 0 27
10 12 15
11 12 14
19 22 6
6 9 18
4 6 4
11 12 11
12 14 22
17 20 18
17 19 8
12 13 14
15 17 18
10 12 9
0 2 24
15 18 17
10 12 4
8 10 9
5 7 13
0 5 17
9 11 9
9 10 24
21 22 20
12 13 13
1 2 18
5 6 13
21 23 24
17 19 6
22 1 6
10 11 30
10 13 14
12 16 28
3 4 8
1 3 30
2 3 2
10 13 14
5 8 28
8 11 29
21 23 28
15 17 30
15 16 6
9 11 25
11 11 19
1 4 14
21 22 29
18 19 12
22 1 2
11 13 13
21 23 10
16 18 26
5 7 8
23 1 28
20 23 7
9 12 30
16 18 27
12 14 14
9 12 10
9 11 17
12 13 8
22 0 4
17 19 29
11 13 21
19 20 22
10 12 25
8 12 20
8 11 2
4 7 2
21 22 27
2 2 27
0 1 15
3 4 6
4 7 3
7 11 10
7 9 1
8 10 11
5 6 7
17 19 3
4 6 8
12 14 6
11 12 12
12 15 27
18 19 4
13 15 26
22 0 14
18 19 6
19 21 30
12 13 6
22 2 4
2 5 1
19 22 5
12 16 21
7 10 24
16 19 13
0 2 29
3 4 1
22 0 22
21 0 21
6 7 20
0 1 29
19 22 19
12 15 24
22 1 9
13 14 24
9 10 25
20 23 5
17 19 16
6 8 7
3 3 15
6 7 24
19 21 8
8 10 20
21 22 24
2 4 19
0 3 29
5 6 2
20 23 17
4 6 23
2 5 25
1 3 9
4 5 21
10 11 30
9 11 1
18 21 18
8 10 14
1 3 9
22 0 21
2 3 5
2 5 11
18 20 29
9 11 8
20 21 9
17 18 7
18 18 14
13 15 29
23 3 11
18 20 4
7 10 27
3 7 22
18 20 30
1 3 25
7 10 7
18 21 17
11 15 27
20 22 20
7 10 6
17 20 21
6 8 11
6 7 20
6 9 25
0 3 28
19 21 13
5 8 2
16 18 11
14 16 25
10 11 21
10 14 22
0 1 9
14 16 21
10 12 2
19 22 6
3 6 20
5 6 22
22 0 20
1 4 25
20 21 15
20 22 8
21 23 18
22 0 28
10 11 23
6 10 14
11 13 14
4 4 4
6 7 4
2 4 16
2 5 4
16 19 25
10 13 25
22 1 16
7 9 19
3 4 26
22 1 15
9 11 26
9 12 27
7 10 8
19 21 26
7 8 27
3 5 2
21 0 12
4 8 27
2 6 30
0 2 24
11 14 27
16 18 24
5 7 25
16 18 5
18 19 19
17 18 19
4 9 26
9 11 1
13 15 30
5 6 2
22 0 6
0 2 17
15 19 20
17 19 19
23 1 19
12 14 23
6 6 12
1 4 4
19 21 28
22 0 17
2 4 30
8 10 15
0 1 10
19 22 3
10 10 17
4 6 19
2 4 28
7 10 5
9 13 14
21 23 24
13 14 26
7 11 15
0 1 18
19 21 12
23 2 1
2 3 5
0 2 10
11 12 12
3 5 4
12 15 20
1 3 19
23 1 15
12 14 12
16 17 20
0 0 5
21 23 19
13 14 10
21 23 10
13 16 9
16 16 15
1 4 2
20 23 14
16 17 25
2 4 11
13 15 28
10 13 18
16 18 12
18 19 19
23 1 10
17 19 20
22 23 2
11 14 2
14 17 4
12 15 28
2 3 10
6 6 2
0 2 9
21 22 20
13 15 8
8 10 29
19 23 22
5 7 24
20 21 27
4 8 26
17 20 27
7 9 29
16 19 12
12 14 3
14 18 2
8 11 11
9 12 12
10 12 16
22 1 16
23 2 30
20 20 26
20 22 24
23 23 9
18 19 25
23 3 2
13 15 16
22 0 28
0 0 18
23 1 24
12 15 5
9 10 30
6 6 16
17 19 2
2 4 4
22 1 19
7 9 2
16 17 19
6 8 20
20 22 17
10 11 14
14 15 20
18 20 22
12 14 19
20 22 27
2 3 10
0 0 7
5 7 1
2 3 28
17 17 18
23 3 2
17 17 30
14 16 6
11 13 24
21 23 1
8 11 30
10 12 28
10 13 9
5 8 6
2 3 19
5 7 18
11 13 1
11 13 27
16 17 21
12 14 18
12 15 1
2 3 1
11 13 27
19 22 4
13 15 3
18 20 7
12 14 25
0 2 21
1 4 7
23 0 1
19 20 10
21 23 17
2 5 8
3 6 30
2 5 26
7 9 18
9 11 9
6 6 7
4 3 25
9 11 24
1 3 8
22 2 29
10 13 28
1 4 25
19 21 11
23 1 29
21 0 11
4 5 28
13 16 29
7 9 21
16 18 11
20 21 24
18 22 17
23 1 9
11 14 22
23 2 27
3 4 14
14 16 8
9 11 6
22 1 19
11 11 24
23 3 1
12 14 11
11 13 14
19 21 1
2 5 12
20 20 3
13 15 22
2 2 4
16 19 21
23 0 8
7 11 28
1 3 30
8 10 13
6 8 15
17 19 17
5 8 2
21 0 5
6 7 18
12 13 16
15 18 20
10 13 6
17 21 18
19 21 30
0 2 4
15 17 14
13 16 18
12 14 8
22 1 8
7 9 16
19 22 3
14 14 17
2 4 23
20 22 20
22 23 23
14 17 10
23 0 15
23 2 27
15 17 9
7 9 14
8 11 23
3 5 7
11 14 10
20 20 6
9 10 6
0 0 25
20 22 20
16 18 29
17 20 1
22 23 17
3 5 21
10 13 18
13 17 1
6 9 29
4 7 6
0 1 17
0 4 20
1 4 2
17 19 12
2 4 1
13 15 7
14 17 9
10 12 19
17 18 22
16 19 27
11 12 22
8 9 26
9 12 30
3 4 8
16 17 22
13 16 3
2 4 30
5 7 15
2 3 4
18 21 14
19 20 28
2 5 6
0 1 14
8 11 3
1 3 29
11 12 26
7 9 4
7 10 11
3 7 24
5 9 17
5 7 18
6 8 3
22 23 19
17 18 24
18 20 26
21 21 8
11 11 7
4 6 24
14 17 29
15 18 19
5 7 4
7 9 7
18 21 7
13 14 26
7 9 12
10 11 23
14 16 2
0 3 15
8 11 4
3 6 7
15 16 30
14 14 17
8 10 11
8 10 21
9 11 8
0 2 28
7 10 29
18 20 4
5 6 3
23 1 21
21 22 4
13 15 11
23 1 9
19 21 18
18 20 16
7 9 8
19 21 18
11 13 8
18 19 8
20 22 21
23 1 27
9 12 23
19 20 13
11 12 26
1 3 5
15 18 14
7 9 28
22 0 18
13 14 13
14 15 17
15 15 17
6 11 18
6 9 30
0 2 17
19 21 22
9 11 1
14 16 12
15 17 28
8 8 5
18 20 22
17 20 8
3 5 8
2 4 18
9 12 24
2 4 21
22 23 18
5 6 27
9 11 24
22 22 7
12 13 23
17 19 7
9 10 14
21 0 3
18 21 14
1 3 13
5 8 3
12 14 3
1 3 23
18 21 26
3 5 24
12 15 12
13 16 11
18 21 12
15 17 26
15 17 22
17 19 20
23 2 11
13 15 29
1 3 12
6 9 3
11 12 2
6 10 21
21 23 14
3 6 27
17 20 29
16 19 25
7 9 18
16 17 13
21 1 4
22 0 20
11 14 25
2 3 8
11 13 11
22 23 12
12 15 17
15 18 16
16 20 14
0 3 23
20 21 13
7 11 28
1 2 27
22 0 8
15 17 24
11 14 18
22 0 19
17 18 16
12 14 17
13 16 10
21 1 5
15 18 23
21 1 8
2 5 16
6 7 26
23 1 9
7 10 20
22 0 18
11 13 15
6 9 19
19 23 28
23 0 20
21 23 8
18 22 26
7 8 15
4 7 10
15 18 25
8 9 11
13 15 2
23 0 9
18 19 27
0 3 28
1 5 29
4 5 20
22 0 23
13 16 23
2 4 28
3 6 22
7 10 25
10 12 5
19 20 10
10 12 18
1 4 4
22 0 6
19 20 8
22 23 27
14 15 4
19 20 11
9 13 18
13 17 8
18 19 11
23 1 19
11 15 28
5 9 21
19 22 21
6 8 13
19 20 6
7 10 7
17 20 22
10 10 21
18 21 23
20 22 19
21 0 27
18 20 21
13 16 17
7 8 28
13 16 22
13 14 23
1 4 14
0 1 8
14 15 18
5 7 10
11 12 21
15 16 2
13 14 22
5 6 28
13 16 23
23 1 9
21 1 15
14 16 25
2 3 11
9 13 2
16 17 7
10 13 6
16 18 28
0 3 26
3 6 29
9 10 13
0 1 26
17 18 4
6 9 22
2 5 12
17 18 13
21 23 30
22 1 4
1 3 1
2 5 30
14 16 16
19 22 12
18 20 17
10 14 17
10 11 5
17 17 21
7 8 18
10 12 12
22 0 5
3 5 25
2 4 8
21 0 13
4 6 14
19 21 9
17 19 3
6 8 16
2 4 11
11 12 15
23 1 22
21 23 30
21 23 9
21 23 4
0 1 26
16 17 4
4 5 30
0 4 30
8 8 28
6 11 26
16 19 1
16 17 2
3 5 7
18 20 4
6 7 14
3 4 24
18 20 28
5 5 19
13 16 2
0 1 9
13 15 19
7 8 6
3 5 15
11 13 22
7 9 28
17 19 30
11 13 25
6 10 13
4 7 26
7 11 4
6 7 8
15 17 7
8 11 1
22 0 13
9 9 26
8 11 5
17 18 1
12 15 11
9 10 4
7 7 17
13 14 16
2 4 22
18 20 28
1 3 27
16 17 13
6 8 25
3 5 3
7 9 7
14 15 4
19 22 18
23 1 6
5 5 10
1 3 6
20 21 1
22 23 15
9 10 15
10 12 6
14 16 7
20 21 15
10 13 14
12 15 14
3 4 25
5 6 18
4 5 26
2 3 23
14 15 22
10 11 21
22 1 6
13 15 11
23 1 14
20 22 1
20 21 25
11 14 24
16 18 9
5 7 28
19 20 29
1 3 3
17 18 8
11 13 22
7 9 18
17 21 20
7 9 24
15 16 13
18 20 3
9 12 18
8 10 12
20 21 22
13 14 2
18 21 5
8 11 7
4 8 24
15 17 1
0 3 6
11 13 1
12 14 17
14 16 10
0 1 29
6 10 13
23 0 20
22 2 12
23 3 26
7 9 15
9 11 21
17 21 10
10 13 27
20 23 11
15 18 28
23 2 22
6 8 16
13 16 2
14 17 24
20 22 9
1 2 13
17 18 30
23 2 23
23 1 14
18 20 16
19 21 4
23 0 30
21 21 27
16 17 21
6 8 2
16 17 18
6 9 4
8 8 18
15 17 2
13 15 9
11 15 12
18 21 12
20 22 16
9 12 15
1 4 13
10 11 19
4 6 4
4 5 13
15 17 25
4 6 12
19 22 3
17 19 28
17 19 19
13 14 17
7 8 19
10 13 14
1 5 15
6 7 29
9 11 1
21 23 10
14 17 7
12 13 12
7 8 20
15 16 4
3 5 17
5 6 23
9 11 23
5 6 13
10 11 23
12 12 4
3 4 8
12 13 26
5 5 22
13 13 21
4 6 24
23 1 3
23 2 13
7 9 20
1 3 4
2 2 11
10 13 15
12 13 20
1 1 3
16 20 6
0 4 6
6 9 9
12 12 4
12 13 6
15 17 14
19 22 9
14 15 28
0 2 3
4 7 18
10 13 18
4 6 17
7 8 29
23 0 4
16 18 11
10 12 7
18 20 16
11 13 1
14 17 23
21 0 6
7 9 25
6 9 11
20 22 30
2 5 24
13 16 27
17 20 7
11 14 24
5 9 25
0 1 5
11 13 30
11 12 23
0 0 18
18 20 12
6 8 26
13 15 1
0 2 11
5 7 3
7 10 29
6 7 29
22 1 25
7 10 13
0 4 17
16 20 17
22 23 25
10 11 20
9 12 3
8 9 22
16 19 8
10 13 20
14 16 29
22 2 7
8 10 5
16 18 9
12 16 10
5 8 8
6 9 23
3 5 14
0 2 30
19 20 9
11 13 14
18 20 11
19 21 25
21 0 28
21 0 24
1 4 14
1 4 17
16 18 14
10 13 13
16 17 11
2 5 16
5 5 26
19 19 16
20 21 1
1 4 21
10 15 30
17 17 9
0 2 30
18 19 10
17 18 18
1 1 16
19 22 15
0 3 14
2 4 25
9 10 21
16 19 19
23 2 14
14 15 19
21 23 17
11 13 26
0 1 29
8 10 7
18 19 15
13 15 13
3 5 17
19 20 18
10 13 22
1 3 12
20 22 5
3 5 5
15 17 18
21 1 20
23 1 14
18 21 25
11 13 25
15 16 27
1 3 10
19 22 14
8 9 4
3 4 2
7 10 28
1 3 17
13 15 11
16 17 17
13 14 21
18 20 23
14 15 10
10 12 13
20 21 6
5 7 27
20 21 24
0 2 1
17 20 21
10 13 19
18 18 24
0 2 28
12 15 29
19 23 23
13 17 30
2 4 2
15 18 2
5 7 16
0 3 3
22 23 27
21 23 1
11 14 14
23 4 15
9 11 18
10 13 4
12 13 21
7 9 3
16 18 10
1 4 23
0 3 10
4 4 2
15 16 26
19 22 5
1 3 17
8 12 11
13 15 9
15 17 20
0 2 12
0 0 19
0 1 17
4 6 4
18 21 29
13 14 19
22 0 16
20 21 4
13 16 16
1 1 30
12 14 10
17 18 5
1 3 12
23 0 4
17 18 19
4 7 30
10 12 9
17 18 12
9 11 1
17 18 16
21 23 16
21 21 15
13 14 16
18 19 19
14 15 17
19 20 27
3 7 14
0 3 28
14 17 30
20 22 29
3 5 11
4 7 1
6 9 29
11 12 1
21 0 15
6 9 15
5 6 2
16 17 7
8 10 20
6 8 16
7 8 1
5 7 2
7 8 3
11 13 20
6 11 3
6 10 16
23 2 2
4 4 22
3 7 19
16 19 17
3 4 4
0 2 24
1 1 8
0 1 21
9 11 7
4 5 28
7 10 24
20 21 13
22 1 29
16 18 1
8 10 25
4 7 24
7 8 20
23 2 2
19 21 23
23 0 8
11 12 25
1 3 20
2 5 1
5 7 13
3 5 4
14 17 1
0 1 5
9 10 5
13 15 5
11 13 30
13 15 18
10 11 5
18 18 21
0 3 6
12 12 22
10 12 12
2 5 11
22 1 17
6 8 20
4 8 10
3 5 2
16 18 16
18 21 27
19 20 1
21 23 9
11 13 30
14 17 6
19 21 30
11 12 30
13 14 14
14 17 26
14 15 26
16 16 29
22 23 1
22 0 1
2 6 25
6 8 7
16 18 27
5 8 23
11 14 10
1 2 30
8 11 2
22 1 21
8 9 22
17 18 16
15 17 19
6 8 24
1 2 13
6 10 15
0 1 28
7 10 8
5 8 29
19 20 2
12 14 8
5 8 21
18 19 8
17 18 29
16 17 17
14 16 21
22 1 5
15 15 28
23 0 25
11 11 10
22 1 17
18 20 25
11 12 18
21 23 7
2 4 2
5 7 22
9 13 26
16 19 24
8 11 16
6 6 24
8 9 27
7 9 8
0 1 14
21 21 10
12 15 18
18 21 2
20 22 2
0 1 5
14 15 8
11 13 2
15 17 21
22 23 20
16 19 23
13 14 28
8 11 2
5 7 18
9 14 9
10 11 20
3 7 7
20 22 13
2 5 22
0 1 9
1 2 19
18 21 20
5 8 12
12 14 17
10 12 22
15 15 24
21 23 1
16 18 14
3 4 15
18 19 16
16 19 14
6 7 26
0 1 30
2 5 21
8 9 23
14 16 2
17 20 5
22 23 13
6 9 13
3 6 10
5 9 2
6 9 14
18 20 9
13 15 27
7 9 30
23 0 14
23 0 17
3 5 27
17 19 16
18 20 6
4 5 11
6 10 25
18 20 15
19 21 21
13 17 20
15 18 16
10 12 3
6 8 7
7 9 3
19 20 23
1 3 17
10 12 25
2 2 6
23 0 10
18 19 9
13 15 17
7 10 21
5 7 29
14 16 28
8 11 22
23 0 28
16 17 30
4 6 21
22 0 7
7 10 21
12 13 8
8 9 18
9 11 26
8 10 13
0 2 6
19 20 1
3 3 17
9 12 20
19 20 13
3 4 22
21 23 24
10 11 25
3 5 10
22 2 26
14 17 6
19 22 20
15 16 6
19 21 15
12 15 14
23 1 29
13 14 17
0 3 8
21 23 16
9 11 29
9 11 14
16 18 8
19 0 5
15 17 14
2 4 2
13 17 18
0 2 15
15 16 26
4 4 3
19 21 29
4 5 2
15 16 26
14 15 12
0 3 16
3 4 30
8 12 25
13 14 30
23 3 4
5 7 1
14 18 16
9 11 3
12 15 2
12 13 5
17 19 20
6 6 24
16 18 28
14 14 30
4 7 18
7 11 26
13 16 16
11 12 7
21 22 1
5 8 20
13 14 28
2 5 3
4 5 18
18 20 16
3 5 2
15 18 24
17 19 22
5 5 20
9 12 10
21 22 12
3 6 11
1 3 11
8 12 4
20 20 5
5 7 19
18 18 23
2 3 29
20 23 12
6 9 21
22 22 15
4 5 22
2 5 27
9 10 19
23 0 5
11 12 30
0 5 17
17 18 20
13 15 26
20 22 15
19 21 18
9 13 16
16 18 13
11 15 1
4 6 26
0 2 10
6 8 3
23 0 2
22 0 5
5 8 30
10 15 5
4 7 3
19 22 2
7 9 8
18 21 25
14 14 1
18 19 2
0 1 19
1 3 14
10 10 26
21 22 30
4 7 3
14 15 29
17 20 14
1 5 13
10 12 20
22 2 5
9 13 18
10 12 7
15 17 7
19 20 11
16 18 10
22 22 15
11 14 20
11 13 5
9 11 15
18 21 12
3 5 22
13 15 22
5 5 11
21 0 27
16 18 5
18 20 19
16 18 30
5 8 10
0 3 6
2 2 8
3 5 17
5 6 26
14 14 3
7 9 11
18 21 21
4 7 7
0 1 14
1 4 29
1 4 29
10 14 4
4 7 19
22 0 5
7 10 13
23 2 23
20 22 26
21 0 1
11 10 11
22 0 23
21 23 1
16 19 11
2 7 17
3 5 10
7 11 4
7 9 23
1 4 26
12 12 8
11 13 14
12 13 3
9 10 28
12 14 9
13 16 20
9 11 18
5 6 18
11 12 11
16 19 30
9 11 29
19 22 4
12 14 12
0 4 30
