2080 30
18 6 24 2 7 6 19 29 10 17 25 2 14 11 8 6 3 11 24 10 26 7 19 1 11 13 5 5 8 21 
10 12 10
21 23 28
16 16 9
20 23 10
6 9 10
14 15 26
8 11 2
23 1 27
18 20 4
4 7 11
14 17 6
13 15 24
5 7 30
1 4 8
2 5 6
5 8 11
5 8 15
7 9 3
2 4 10
14 15 10
4 6 9
14 16 20
4 5 30
12 15 27
15 19 26
10 12 19
8 12 16
11 13 20
16 19 6
14 15 1
13 15 25
16 17 5
5 8 29
8 8 26
4 7 6
19 21 3
8 9 2
2 2 14
21 21 4
5 7 6
7 10 4
13 16 6
21 23 16
4 5 30
23 1 19
18 19 2
9 9 4
22 1 3
13 16 14
11 13 2
1 4 7
14 18 9
10 12 28
21 22 29
19 21 17
19 21 11
13 14 15
0 2 14
10 13 4
21 23 27
8 10 22
8 9 16
14 15 25
1 1 13
10 12 28
13 17 4
7 9 18
5 8 24
3 5 4
11 12 1
18 20 7
21 23 9
3 6 22
8 11 24
6 6 22
6 9 9
14 16 19
22 1 2
5 6 7
15 14 26
10 13 5
0 2 14
16 19 25
16 19 10
6 10 13
2 5 9
23 3 6
16 17 25
12 14 15
15 18 1
21 0 18
23 1 26
10 13 11
10 12 24
22 1 21
5 8 26
12 14 24
16 19 20
4 5 1
10 12 29
16 16 22
15 17 6
21 22 21
20 20 10
7 8 13
21 22 25
9 12 12
9 10 14
6 8 17
1 4 15
19 23 10
5 8 25
20 22 15
22 22 12
8 10 7
7 10 2
19 21 19
23 1 15
3 7 20
17 18 2
22 0 25
9 11 24
13 14 3
12 14 20
10 11 21
14 17 28
6 10 23
1 3 13
18 21 18
15 16 16
16 18 16
6 6 28
1 4 21
15 17 5
11 15 6
9 11 4
5 4 13
21 22 13
3 5 11
19 21 21
22 1 3
13 15 16
1 2 7
10 11 30
3 4 6
17 19 22
3 4 30
3 3 14
18 18 26
12 13 14
7 11 8
4 7 17
1 3 5
4 5 6
13 15 14
18 22 15
20 22 26
21 23 4
15 16 2
4 5 27
16 19 7
14 17 17
13 13 12
23 3 10
17 18 22
7 10 13
3 5 21
14 16 17
12 15 6
10 13 8
4 6 26
15 18 15
13 16 15
2 4 16
4 7 16
22 0 6
20 22 17
16 19 1
20 22 9
11 15 12
14 18 29
12 14 10
23 23 2
22 22 7
17 19 16
17 20 23
0 3 29
8 10 7
14 15 10
18 20 1
18 20 9
22 0 23
10 11 3
16 18 22
16 17 23
10 12 14
17 21 21
19 21 21
18 19 26
21 0 26
18 20 1
8 9 7
0 1 16
19 20 9
13 15 16
6 8 12
16 17 8
9 12 14
2 5 18
14 16 18
8 10 1
12 14 3
13 14 10
13 13 22
2 3 6
2 2 28
6 8 15
6 8 13
18 21 1
18 19 11
15 16 17
17 18 11
9 11 30
21 23 18
15 18 6
7 9 30
9 11 30
23 0 19
3 7 18
20 22 19
7 10 30
16 18 15
10 10 19
1 4 17
15 18 26
12 15 4
22 2 25
7 9 7
16 18 22
9 11 20
8 12 4
13 15 11
22 1 27
5 7 18
8 10 17
4 5 15
9 11 29
22 1 10
15 19 29
9 12 11
5 6 9
13 16 29
0 0 24
1 2 22
1 3 30
10 12 27
1 2 7
7 9 22
6 9 10
13 14 6
3 4 23
0 3 17
23 2 5
5 8 5
13 16 28
16 20 30
6 9 1
15 16 29
5 5 22
11 13 18
3 5 23
3 4 24
20 21 19
2 2 9
13 14 6
2 5 19
19 19 9
12 15 11
21 23 24
17 20 25
6 7 15
22 0 20
15 16 12
7 9 10
20 21 30
13 15 22
10 11 4
0 2 17
6 8 1
8 10 8
19 19 1
4 7 19
22 22 20
9 11 28
17 18 19
11 14 4
4 6 28
2 4 10
21 0 23
3 5 5
14 15 21
16 20 5
23 2 5
9 11 5
18 22 9
5 8 20
11 13 21
14 16 14
11 12 2
14 14 21
18 20 1
9 10 4
10 12 27
16 19 19
19 20 3
22 2 15
4 5 1
9 13 23
0 3 22
15 18 21
17 17 8
15 17 26
5 8 27
22 0 29
6 8 29
13 16 30
16 16 21
13 15 10
4 6 27
2 3 9
8 10 20
11 13 8
7 10 16
23 23 1
23 0 17
15 17 4
16 17 26
11 13 4
1 3 21
14 17 23
15 15 4
11 12 10
11 11 25
11 12 2
3 5 10
3 5 19
8 9 25
3 6 28
12 15 13
1 4 21
4 6 12
1 5 10
15 16 10
15 17 2
0 1 30
23 2 15
2 6 18
3 7 3
21 22 25
7 9 19
14 14 29
4 5 28
10 13 2
8 11 13
10 12 1
23 1 20
8 11 17
16 17 19
16 19 13
2 4 3
18 20 22
19 21 24
11 12 21
12 13 8
9 11 26
9 11 24
23 0 8
5 7 23
17 20 16
20 22 5
6 9 23
19 22 18
19 20 22
11 14 19
22 0 5
9 10 27
0 1 22
6 10 21
12 15 6
10 12 1
22 1 30
8 12 30
3 6 1
4 5 19
22 1 7
17 19 1
1 3 25
23 0 12
10 12 24
6 9 18
19 20 6
0 0 23
6 8 21
9 12 20
11 12 24
2 4 9
11 12 13
1 4 30
10 12 30
19 21 28
5 7 21
8 10 23
11 12 21
23 1 7
20 23 2
17 18 24
0 2 2
7 9 21
0 1 26
2 4 15
12 13 19
14 17 7
1 4 18
22 23 19
18 19 17
14 15 17
11 13 22
7 9 11
11 13 18
23 0 24
20 22 30
8 10 5
11 12 12
3 7 18
17 19 19
23 1 13
4 6 17
9 11 2
18 21 30
19 22 26
17 20 15
20 23 11
11 12 12
2 4 28
1 2 27
12 12 7
15 17 2
9 9 28
12 14 6
14 18 6
16 17 22
15 17 20
2 5 20
16 17 5
12 14 19
12 13 15
17 19 28
9 13 30
14 16 20
11 13 19
13 14 16
23 1 17
6 7 2
7 9 6
10 12 26
19 21 15
3 7 8
2 6 23
16 17 17
8 10 27
1 3 20
7 9 21
19 21 15
15 18 24
0 4 3
18 20 9
0 1 16
23 2 28
8 10 15
2 4 6
8 8 14
18 22 27
16 16 9
20 23 14
2 5 3
3 5 2
21 23 25
8 11 28
7 10 5
22 0 27
11 14 3
21 23 2
9 12 4
18 19 19
21 23 7
19 21 27
7 10 24
8 11 15
15 17 3
11 13 3
10 13 30
1 4 2
11 15 1
3 5 9
7 9 21
12 14 25
18 20 12
0 2 19
19 19 17
3 6 18
5 8 11
10 9 3
7 7 29
0 1 1
11 14 15
8 9 18
3 4 26
21 0 27
15 14 1
19 21 28
15 17 12
17 21 7
22 2 20
1 3 23
7 8 11
4 6 11
18 19 6
10 12 13
5 6 8
12 15 4
11 12 27
3 4 27
17 19 6
0 0 16
13 18 3
8 9 22
7 10 30
22 0 25
7 11 30
12 12 17
4 7 10
1 2 4
18 19 2
9 11 10
3 6 22
19 19 28
18 18 5
22 1 14
14 16 7
12 12 28
2 4 8
5 9 26
0 2 25
19 20 15
2 4 13
19 0 7
11 15 5
3 4 6
8 10 22
0 1 26
16 18 19
12 13 22
14 17 11
2 4 17
4 6 3
6 7 16
8 11 15
19 20 25
11 12 25
21 22 17
23 23 1
4 6 20
22 0 28
15 16 27
16 18 28
1 2 5
0 3 7
18 20 10
9 10 26
15 16 3
23 0 1
23 2 29
6 7 27
19 21 15
7 10 14
21 23 27
6 8 7
6 9 7
14 15 7
1 5 3
2 5 20
18 19 26
19 21 11
16 18 29
6 7 24
23 2 20
22 22 8
7 9 8
13 15 16
3 4 29
12 14 23
7 10 8
0 1 27
15 17 16
12 16 13
4 8 19
3 6 20
16 17 10
8 11 22
12 14 8
2 5 19
2 5 10
15 18 15
2 3 17
21 23 12
19 20 3
14 17 11
6 9 14
19 20 23
9 12 11
14 16 16
2 6 14
0 2 28
19 20 24
15 17 12
2 2 20
0 2 3
4 6 26
22 22 22
14 16 8
1 4 23
13 14 6
7 10 30
22 23 2
11 12 3
13 17 16
13 17 16
5 5 2
21 0 30
19 21 28
19 22 18
23 1 5
18 20 21
4 5 11
11 15 20
21 22 7
14 16 12
5 6 7
19 19 6
1 3 7
1 3 15
22 0 8
7 9 10
11 15 12
1 5 27
8 10 5
17 19 22
2 4 1
22 1 11
5 8 18
0 1 27
1 2 13
20 21 15
19 20 2
12 14 2
14 16 20
21 23 30
19 22 15
2 2 12
11 14 11
14 16 25
20 21 3
13 15 2
7 11 21
15 15 1
4 7 10
11 12 29
13 15 12
23 1 28
13 16 23
14 17 24
3 5 30
7 8 13
9 11 15
4 6 30
14 17 2
21 1 12
20 23 25
3 4 19
13 16 20
14 14 5
9 12 20
23 2 15
1 3 12
4 7 30
6 8 24
13 15 3
19 21 23
17 19 11
19 22 28
13 14 4
12 15 12
1 3 20
7 8 28
2 5 23
23 3 27
9 9 11
12 16 26
3 4 14
1 2 30
10 11 29
20 23 4
3 5 25
4 7 30
1 2 24
8 12 28
9 11 18
0 1 7
2 4 5
12 15 26
18 21 15
7 9 17
3 4 3
18 20 24
22 1 21
1 2 22
22 23 23
13 15 14
20 23 15
1 2 21
18 19 17
4 7 23
12 14 21
23 1 26
12 14 29
18 19 21
14 16 15
16 17 18
13 14 3
15 18 2
6 8 4
0 2 11
4 5 7
11 12 9
20 0 5
15 16 24
5 8 25
22 1 27
8 11 1
8 10 9
6 9 30
22 23 18
15 17 1
15 18 29
11 14 6
19 21 1
5 6 19
14 15 2
18 19 23
8 10 15
20 23 3
17 20 11
20 22 16
12 12 27
21 22 8
7 10 29
13 15 9
2 3 30
19 21 13
22 0 29
14 16 21
17 20 15
10 13 3
18 18 28
1 3 6
19 21 19
20 23 4
16 16 25
18 22 7
17 18 18
3 6 9
12 14 12
18 21 21
23 1 11
16 17 20
23 2 8
4 5 15
23 2 29
7 7 24
14 14 20
1 3 10
18 19 29
13 16 4
20 20 3
2 2 11
19 21 7
0 2 23
3 5 16
6 7 5
1 3 18
1 4 17
1 4 7
18 20 13
23 2 14
0 3 5
14 16 20
7 10 15
2 5 4
9 12 27
19 20 6
8 12 16
7 8 22
14 15 30
14 15 4
0 3 26
2 3 21
14 16 7
7 8 26
18 20 25
7 9 15
0 0 14
4 7 5
19 21 5
1 2 1
11 12 24
15 16 19
18 20 3
14 16 30
20 21 4
6 8 9
19 21 10
5 7 10
0 4 3
15 18 27
1 3 26
9 9 13
22 0 17
4 9 27
9 11 17
16 18 1
23 1 30
6 7 25
6 9 29
7 7 15
21 1 13
12 14 10
2 5 1
16 16 1
8 9 22
18 20 19
11 13 19
16 19 10
17 17 22
4 7 18
6 10 29
0 1 11
18 21 9
3 4 28
11 15 26
5 6 26
5 6 18
5 8 22
2 4 19
15 17 30
20 0 22
22 1 19
1 3 13
8 10 29
22 0 10
5 8 28
18 21 1
7 7 20
20 22 28
4 6 30
8 10 24
10 11 24
9 10 20
1 3 22
21 23 22
4 5 15
21 23 28
23 1 16
15 16 28
6 8 12
21 0 8
2 4 23
23 1 1
9 11 25
22 2 2
8 10 27
8 9 11
5 9 1
3 5 16
8 10 1
11 14 16
9 11 24
21 22 29
21 22 30
8 10 8
13 14 8
8 11 24
2 2 7
6 8 18
23 2 11
19 21 4
17 20 21
16 17 27
17 20 27
11 13 22
1 5 28
5 6 28
4 6 17
15 17 22
6 9 27
10 10 3
23 0 24
14 15 1
12 14 24
2 3 1
21 0 9
3 7 3
10 12 21
1 4 26
6 7 27
21 23 30
6 7 25
15 17 28
5 8 12
13 15 5
5 4 13
4 6 5
10 12 11
11 14 2
22 0 28
5 7 16
16 18 1
0 0 1
15 15 12
9 11 6
14 17 4
22 1 3
1 2 25
18 19 22
4 6 19
10 13 8
12 14 28
22 22 9
3 5 22
14 16 10
5 7 11
23 2 24
9 11 15
13 15 14
9 10 1
11 14 23
15 15 26
8 10 20
12 13 8
12 14 8
19 20 1
1 3 3
2 3 24
5 7 3
21 22 28
15 18 29
14 14 12
15 17 22
14 16 24
8 9 23
1 3 22
20 22 17
5 8 26
8 11 29
11 13 25
18 20 5
7 8 12
14 15 14
9 11 10
15 17 5
20 23 2
5 8 7
6 7 19
3 3 17
18 19 18
0 2 20
0 0 18
13 16 20
7 9 6
5 8 7
14 17 9
8 9 17
18 20 28
22 1 12
17 20 25
22 0 11
6 11 10
12 14 10
12 14 18
12 15 13
19 21 7
5 6 9
19 20 30
16 17 27
6 10 25
12 15 20
20 21 22
6 8 29
18 20 22
5 7 4
4 5 7
11 14 14
18 19 6
16 18 20
19 20 21
1 2 22
8 9 10
6 9 14
3 5 13
18 20 14
2 5 26
19 21 30
19 22 8
5 8 2
8 10 8
19 20 7
16 19 1
7 8 30
16 17 14
1 3 17
11 13 23
6 9 18
11 12 4
9 10 7
3 5 6
14 17 16
17 20 26
18 20 19
19 20 17
3 7 12
0 1 25
9 11 24
5 5 21
4 8 7
17 19 26
20 20 1
14 18 13
15 17 5
10 12 28
19 21 3
19 20 9
11 13 1
0 1 12
9 10 25
12 15 15
10 10 24
5 8 10
1 4 20
16 20 25
16 18 24
23 1 5
13 14 23
10 12 8
22 0 12
18 21 28
11 13 30
3 4 22
22 1 16
18 20 1
23 3 10
0 1 16
13 14 25
18 19 16
6 9 9
20 22 29
17 20 9
12 15 14
15 18 22
18 21 29
16 17 17
19 21 13
10 13 8
19 22 25
5 6 27
8 10 5
14 16 11
10 13 16
7 9 13
16 18 20
19 21 12
0 0 11
18 19 19
16 20 18
16 18 27
11 12 27
16 18 2
1 4 5
16 17 12
23 2 2
16 17 6
18 18 13
21 0 7
16 17 20
15 16 5
21 0 1
17 18 16
20 22 30
9 11 7
13 16 21
22 23 15
19 21 14
23 2 5
7 10 1
1 3 3
2 4 15
2 4 8
10 13 29
9 11 20
21 0 2
8 10 14
6 9 23
9 12 15
19 21 9
6 8 15
15 19 28
10 13 4
3 5 8
3 5 16
20 20 14
9 12 11
12 15 21
10 13 9
15 16 18
20 23 4
23 2 5
9 12 17
4 6 1
13 15 13
1 5 15
12 13 30
5 8 6
21 0 20
16 18 23
0 1 22
2 3 4
15 18 15
7 8 1
3 5 2
13 15 29
20 20 12
18 20 4
6 9 15
6 7 18
22 23 23
17 20 15
13 16 6
10 11 27
3 6 3
11 13 7
16 19 25
16 19 18
7 9 6
15 16 3
0 0 5
21 23 16
10 11 21
16 16 27
3 6 16
10 10 7
11 12 21
18 19 1
6 8 30
6 8 4
2 3 14
16 18 19
10 12 23
8 8 17
0 2 29
14 15 17
5 7 6
0 1 3
19 22 6
14 15 16
4 5 24
0 2 19
0 2 22
6 8 14
10 10 26
18 20 28
6 8 7
15 17 12
12 14 18
22 1 14
22 0 24
4 7 8
19 22 16
4 6 19
11 11 1
1 3 6
11 12 16
6 7 20
3 5 26
16 17 13
1 2 9
15 17 20
13 13 17
5 7 23
21 23 30
6 9 26
13 15 29
9 12 6
15 18 16
8 10 29
5 7 9
13 16 22
1 4 20
13 13 12
20 22 27
19 21 24
15 16 23
22 2 5
5 7 17
21 23 22
21 22 6
23 1 14
18 18 29
0 2 10
4 5 9
20 22 27
14 15 25
13 19 26
20 21 10
8 9 24
5 8 12
22 0 27
5 7 6
17 19 12
0 3 12
4 6 5
20 22 15
4 4 7
21 22 13
7 9 14
11 14 9
2 4 11
22 0 1
8 10 2
3 4 5
5 7 10
18 21 16
1 4 24
9 10 27
4 6 15
7 8 2
10 12 17
3 6 19
6 7 22
3 5 23
5 7 1
10 11 11
6 8 7
19 21 11
18 20 26
23 1 26
4 6 17
23 1 29
7 10 17
23 2 16
14 16 23
13 16 3
22 1 27
17 19 22
7 8 23
8 11 10
4 7 14
13 16 13
9 9 22
6 9 15
6 8 2
13 16 2
7 10 18
8 9 7
22 0 3
18 21 8
6 7 10
14 17 16
6 8 19
8 11 4
2 2 29
5 6 1
6 7 10
13 15 8
11 11 24
19 23 23
3 4 4
4 6 24
3 6 5
19 20 19
16 18 4
12 14 16
13 16 4
22 0 22
0 3 21
4 6 11
10 11 14
11 12 16
21 0 1
9 11 15
8 10 13
5 6 14
1 2 14
21 0 8
22 0 19
13 14 29
12 16 29
20 21 11
0 1 23
10 12 24
6 8 1
0 3 6
13 16 5
18 19 2
17 19 3
16 20 7
17 19 24
20 22 2
17 21 24
14 16 14
13 14 30
12 13 18
11 14 29
14 15 3
15 17 9
7 9 17
19 21 17
17 20 22
7 9 2
5 8 3
14 15 2
9 11 12
17 18 9
4 5 16
0 2 17
2 5 3
16 18 29
9 10 16
4 5 19
23 2 5
6 7 2
12 14 22
15 17 20
11 13 11
6 9 18
0 2 20
9 12 17
0 2 27
5 8 13
14 15 10
2 6 29
11 14 10
23 1 21
0 1 14
23 0 25
1 3 16
10 12 5
7 10 20
16 18 5
13 15 14
7 8 5
3 5 4
7 9 15
18 20 6
11 15 3
15 18 5
5 8 29
3 4 12
16 18 21
16 18 24
8 8 6
6 9 29
6 8 1
20 22 2
2 3 23
12 14 25
18 18 15
4 6 4
9 10 14
22 1 7
12 13 21
22 0 25
21 22 8
19 21 11
4 4 24
7 8 25
10 11 14
23 1 3
12 14 7
19 19 2
13 15 13
3 6 29
15 17 22
21 23 6
7 9 12
5 9 19
4 6 17
13 15 25
11 15 27
0 0 5
17 20 25
10 11 25
13 17 24
11 14 6
20 22 11
3 3 15
0 3 27
12 14 7
18 20 16
9 11 28
15 16 27
1 5 19
23 1 12
18 20 3
1 2 26
3 5 13
7 8 3
15 17 1
23 2 24
23 1 8
4 6 24
10 14 28
9 11 21
9 10 15
9 11 15
22 23 15
16 16 16
5 7 19
3 7 11
9 10 20
15 16 11
4 6 8
20 23 15
15 18 17
8 11 22
2 2 12
10 10 30
16 18 17
12 13 12
0 1 1
19 20 20
18 18 1
1 4 27
8 10 16
10 11 13
0 3 23
7 9 10
0 1 20
17 18 5
5 6 2
6 9 23
12 14 21
12 14 14
0 2 8
15 16 26
0 2 9
13 15 27
12 13 18
22 1 18
6 7 22
20 22 6
7 9 22
19 20 24
10 12 28
15 18 22
14 15 18
6 7 20
6 8 16
6 8 4
2 3 26
15 18 13
11 12 19
11 13 7
20 23 2
8 10 7
8 8 12
12 13 7
13 15 25
1 2 22
20 22 12
12 14 17
12 14 27
15 15 14
23 2 6
18 20 27
12 15 30
11 12 21
8 10 19
19 20 25
1 3 10
20 21 23
19 19 6
0 2 5
22 0 5
12 15 19
20 23 9
4 7 19
21 0 5
6 7 12
23 0 21
1 3 21
20 20 25
5 7 26
9 13 13
3 5 11
1 3 9
6 7 14
15 18 18
1 3 12
17 18 21
4 6 15
21 22 24
11 13 27
5 7 4
21 21 14
23 1 28
21 1 16
1 3 10
12 14 6
13 14 8
3 5 19
8 10 28
6 10 23
18 21 3
2 3 19
5 7 20
7 10 7
20 23 21
16 19 13
13 15 26
16 19 25
11 15 19
0 3 29
20 21 25
4 6 4
2 3 25
5 7 11
7 8 7
1 4 29
15 19 19
18 21 17
12 15 10
17 19 9
20 0 14
22 0 26
14 16 3
13 13 20
23 1 16
7 8 6
9 11 17
10 12 17
3 6 7
1 3 30
1 4 25
4 6 18
11 13 14
0 2 29
18 20 1
19 19 26
12 14 30
0 1 23
9 13 21
18 20 28
15 17 7
16 19 19
13 16 30
15 17 18
6 8 7
6 7 1
21 0 27
7 7 15
17 19 22
15 18 19
9 11 5
8 10 18
2 4 22
0 0 1
18 19 16
17 19 1
0 3 24
18 18 5
3 5 23
2 4 6
3 6 14
20 22 25
20 22 12
12 13 12
9 12 8
5 6 29
14 15 21
5 8 1
17 19 28
2 5 10
20 21 17
21 23 26
14 16 25
14 16 5
3 7 30
0 1 22
12 13 17
1 3 9
2 6 15
0 2 28
9 11 29
3 5 12
12 15 16
0 1 13
16 17 13
11 13 13
23 0 21
0 1 17
22 0 16
21 23 20
16 17 18
22 0 29
7 7 9
17 20 7
4 6 17
12 12 15
2 5 19
21 23 10
20 0 12
15 16 16
1 2 3
23 1 8
12 15 11
20 22 20
23 23 28
22 0 18
11 14 15
5 6 7
14 18 14
13 14 28
10 12 30
10 13 7
20 20 9
13 14 21
23 0 4
15 16 14
8 10 29
10 11 1
2 4 2
1 3 22
20 23 19
7 8 12
3 4 5
23 23 29
23 0 15
11 14 12
4 5 17
16 18 21
13 13 3
16 19 8
1 2 21
0 1 20
18 19 28
10 15 11
7 9 19
23 3 3
22 1 7
15 17 15
23 2 27
22 0 25
21 23 4
19 20 17
18 20 2
1 3 9
17 20 11
10 14 3
4 5 14
9 9 29
5 8 19
1 3 25
19 23 24
6 7 2
9 10 10
12 14 12
0 2 10
5 8 1
10 12 15
13 14 15
0 4 15
20 20 19
15 19 13
17 20 10
9 12 13
7 10 27
1 3 18
11 11 24
9 13 18
21 22 1
11 14 22
22 1 17
17 18 17
2 5 16
1 5 9
11 12 10
10 12 27
12 15 8
18 19 26
16 17 30
19 19 11
12 14 18
6 10 17
22 0 6
8 10 24
3 4 2
0 1 2
9 11 6
14 17 11
6 8 2
15 18 27
12 13 14
19 22 13
3 3 10
3 6 8
15 16 14
10 14 26
22 0 17
8 10 20
0 1 5
0 3 23
4 7 26
3 6 15
22 0 29
6 9 17
5 6 14
7 9 17
11 14 25
15 18 8
2 3 23
9 12 28
1 5 17
22 0 10
22 1 26
21 23 27
9 11 7
12 14 26
4 6 16
5 7 18
11 14 7
13 16 23
21 23 20
7 10 27
19 22 1
22 1 29
21 0 15
8 10 24
18 21 6
14 17 18
0 3 7
17 19 12
14 17 5
15 18 20
9 11 18
1 4 17
4 5 13
22 0 18
21 22 30
2 4 18
2 6 7
19 23 7
1 3 4
13 14 1
10 12 8
20 22 1
23 2 5
3 4 30
5 7 14
8 10 11
21 21 17
7 8 28
3 6 28
3 5 5
2 1 16
18 20 7
9 12 15
18 20 30
17 18 3
11 11 18
4 6 17
10 13 23
16 17 4
8 11 8
23 1 12
9 10 8
1 3 9
19 22 18
20 23 16
0 4 14
21 0 15
9 10 19
11 13 15
20 23 18
6 9 30
14 14 17
9 12 23
4 6 21
11 15 12
19 21 12
5 5 8
23 2 1
21 22 24
13 14 2
5 8 30
19 21 3
19 20 19
6 9 24
4 8 13
20 22 23
19 20 20
22 1 10
14 15 26
12 13 24
23 1 14
7 10 6
3 4 15
9 11 2
18 21 25
17 19 7
2 4 10
3 5 2
18 20 29
23 1 18
9 10 29
20 21 11
5 7 22
12 14 13
0 2 7
23 2 27
6 7 5
3 5 3
4 6 21
8 9 11
12 15 11
6 6 1
4 7 23
3 3 14
22 22 5
1 2 14
1 3 10
17 19 16
20 22 13
4 7 27
20 23 8
3 4 25
20 22 10
9 10 13
1 1 28
1 1 13
11 14 1
1 2 7
5 8 30
5 8 19
12 13 30
21 23 26
7 10 1
20 22 8
4 7 13
4 6 28
10 11 29
8 10 30
20 23 18
12 15 7
16 18 15
0 4 3
14 16 18
3 6 8
13 14 12
6 8 11
22 23 9
7 9 14
9 12 16
16 19 4
1 3 27
10 12 8
10 12 23
6 8 21
9 11 2
5 7 25
5 6 30
19 20 29
2 4 22
15 16 21
14 17 15
17 18 4
8 10 20
13 14 15
9 12 29
20 22 13
13 15 16
19 23 4
17 19 25
23 1 17
14 16 22
3 5 3
10 12 29
16 17 18
12 13 25
20 23 19
9 13 30
23 1 26
21 0 3
10 12 17
6 7 18
15 18 26
21 22 9
5 5 1
2 4 8
19 19 27
8 12 20
1 1 25
15 17 9
2 4 11
5 6 3
1 4 20
0 2 7
20 22 5
12 14 27
17 20 13
11 13 16
23 0 20
2 5 27
8 11 10
9 10 14
14 17 16
10 11 19
18 21 25
7 9 17
15 18 17
16 19 9
2 3 8
7 9 8
11 14 17
12 14 24
1 4 19
3 6 29
20 0 29
3 5 14
21 23 12
2 4 4
5 7 16
8 11 25
13 15 28
14 15 10
23 0 23
10 12 12
2 3 11
18 20 2
20 22 6
6 8 30
1 1 22
4 5 5
2 2 17
16 17 12
2 5 12
22 0 12
16 18 15
21 22 18
22 0 7
5 6 7
21 23 5
22 23 13
7 9 17
20 21 21
0 1 30
19 21 11
2 5 27
23 0 23
7 10 2
23 2 9
6 7 14
13 19 2
14 15 14
14 15 1
12 15 19
8 10 21
3 5 8
8 9 25
0 1 6
5 8 27
7 7 12
15 17 15
15 18 5
1 2 22
20 20 23
8 10 19
0 1 14
15 18 22
3 6 15
5 8 2
17 20 23
14 14 20
7 10 11
20 22 23
10 11 9
10 12 12
1 4 11
22 23 3
4 6 7
0 3 13
13 16 4
16 18 22
9 9 25
0 2 26
17 17 25
2 3 10
1 4 15
11 13 23
2 4 8
18 21 13
4 9 2
10 12 12
12 17 13
5 8 27
0 2 9
15 18 26
19 21 16
14 14 3
1 3 13
0 1 22
0 3 29
10 11 11
8 10 9
22 2 21
13 14 14
22 0 23
5 7 11
12 14 3
8 9 10
20 21 16
8 10 8
8 11 12
1 3 24
17 18 1
17 19 15
18 18 18
0 1 28
21 0 18
19 22 14
12 14 16
16 18 27
10 12 28
1 4 13
2 4 21
7 7 11
1 2 1
9 11 1
8 10 18
13 15 12
4 6 22
11 12 1
21 23 16
5 6 11
17 18 4
22 1 1
4 7 9
16 17 21
21 23 5
5 7 17
9 11 23
18 19 26
13 15 1
1 2 19
16 18 23
20 21 21
17 18 3
15 17 30
9 11 21
1 2 24
21 23 25
20 21 4
7 8 28
