2120 30
26 29 6 8 26 10 25 25 8 23 30 24 1 17 12 2 23 21 8 20 5 20 23 29 5 24 24 30 29 23 
15 18 25
9 11 21
14 17 10
6 8 22
3 5 23
19 19 29
15 17 16
6 8 13
4 7 4
22 0 5
4 7 9
6 7 1
16 16 13
13 15 29
12 13 20
2 5 11
4 4 27
13 16 29
10 13 23
14 17 19
5 8 19
18 22 16
17 17 13
11 13 9
9 13 8
5 9 14
22 23 10
20 22 20
15 18 29
5 7 15
5 8 4
12 14 2
23 2 30
7 8 29
4 5 12
23 0 24
4 4 13
20 22 24
0 2 11
12 14 7
20 0 13
16 19 22
1 3 2
3 6 13
22 1 29
11 13 19
9 12 2
18 20 11
14 15 11
23 1 26
11 12 15
13 15 22
1 5 19
9 11 21
2 4 11
19 21 29
11 14 2
13 15 30
17 19 21
19 22 25
20 21 7
2 2 15
0 3 27
22 0 16
10 12 20
7 8 12
8 10 26
11 13 12
21 0 12
20 20 11
16 18 18
0 2 30
19 21 22
1 3 7
23 1 18
15 18 28
23 2 11
19 20 11
20 21 16
2 4 5
21 22 23
8 9 15
18 18 1
23 2 18
0 1 7
2 2 5
1 3 9
23 2 18
19 20 8
20 21 21
9 12 25
14 15 10
6 8 1
0 2 21
4 8 19
8 11 20
13 15 12
3 3 18
8 10 8
4 7 28
10 13 8
5 7 24
18 19 29
3 6 30
0 2 3
4 7 7
17 20 22
11 11 18
18 19 9
14 15 14
18 20 17
0 3 2
21 1 25
18 19 22
23 2 19
9 11 13
7 9 8
19 22 7
20 22 13
18 20 21
9 9 9
6 8 11
18 23 28
6 10 18
9 11 1
23 0 8
16 19 26
14 15 7
3 5 8
14 15 10
6 9 8
19 21 12
3 4 29
17 20 10
19 21 10
8 10 28
4 7 30
14 16 13
8 9 2
21 22 2
12 13 16
18 19 25
20 21 5
22 22 4
14 16 15
14 16 21
5 8 9
10 14 28
10 12 6
13 15 12
11 14 23
0 2 24
21 22 16
17 19 22
8 11 13
13 15 23
5 7 28
14 17 6
14 18 28
6 8 1
20 21 23
2 5 6
22 23 27
11 12 10
15 16 6
15 17 9
20 22 20
18 20 14
11 12 18
20 0 22
22 23 19
17 19 18
0 1 13
14 18 13
21 22 30
2 3 22
2 4 19
4 5 4
9 9 23
9 10 26
13 16 5
2 2 6
7 9 6
19 1 1
18 20 20
21 0 20
9 11 26
3 4 29
18 20 9
7 9 19
20 21 13
0 2 20
12 14 27
16 18 1
7 9 26
8 11 21
10 12 22
22 0 23
14 14 6
5 7 4
0 1 19
20 21 22
18 21 12
2 4 9
10 11 23
10 12 20
8 10 3
20 23 9
4 7 22
6 8 17
7 10 30
19 21 6
17 19 2
10 12 30
0 2 27
17 19 8
10 11 25
23 1 25
9 11 18
9 10 27
20 22 7
0 2 9
7 11 8
19 20 25
9 12 6
0 2 13
23 2 1
23 1 28
19 22 5
17 19 17
18 20 14
0 1 28
9 11 4
17 18 13
5 8 12
18 20 6
2 3 29
3 7 18
20 21 20
22 1 5
2 5 2
1 2 3
5 6 26
14 17 2
20 22 22
11 12 24
9 11 6
4 7 22
10 12 14
18 20 27
9 12 23
14 15 2
23 0 28
8 10 27
18 21 14
4 5 17
22 0 6
6 7 19
6 8 14
11 14 19
11 13 11
3 5 29
14 15 29
12 14 16
21 23 9
13 14 14
21 0 3
6 8 4
21 23 17
2 4 2
20 22 18
3 5 24
10 12 23
5 7 13
0 3 8
12 15 24
8 10 23
12 13 6
15 17 23
12 15 20
9 12 11
12 16 26
8 10 21
11 13 15
18 20 15
8 8 2
19 21 17
17 21 19
20 23 3
11 12 2
9 12 22
8 8 25
16 18 14
12 14 1
9 10 21
11 13 29
23 0 18
7 9 6
13 15 29
9 10 5
11 13 22
8 13 9
8 10 9
18 21 15
8 11 16
18 21 17
18 21 29
16 20 8
21 23 23
4 6 2
13 14 23
10 11 20
6 8 23
21 0 8
19 22 16
4 7 12
9 11 14
22 0 23
4 5 12
12 12 22
2 4 30
18 21 27
12 13 25
1 3 14
22 0 9
10 12 19
19 22 26
19 0 13
2 3 17
17 17 13
4 6 2
5 8 12
19 22 24
16 18 3
1 5 14
20 22 9
18 21 30
18 19 1
22 1 5
7 8 10
23 0 8
9 11 24
9 13 12
13 16 25
20 22 1
18 19 7
5 9 16
4 5 6
17 20 23
12 14 7
10 11 11
12 13 6
5 7 4
9 11 24
22 0 10
5 8 21
14 15 2
16 18 27
23 2 14
14 15 23
9 12 13
10 11 18
22 0 18
4 4 21
0 2 10
2 4 2
7 8 27
0 3 10
13 15 2
0 1 19
15 16 1
22 1 14
4 8 11
10 12 14
2 2 1
15 16 26
13 17 1
13 15 5
1 2 14
10 13 25
11 13 12
17 19 16
10 13 22
14 16 10
15 18 26
13 14 23
4 6 14
16 18 19
10 12 29
12 13 14
0 1 19
9 11 24
1 2 7
10 12 29
18 18 14
17 19 11
13 15 2
11 13 22
0 2 1
13 15 7
10 10 18
21 23 26
8 11 11
23 2 13
16 17 6
1 3 21
4 9 7
5 7 1
10 11 22
23 0 2
23 2 8
12 13 2
8 10 25
20 22 1
15 16 10
6 8 22
11 12 10
23 1 24
4 8 13
21 23 2
21 22 6
5 8 19
13 15 9
1 2 1
3 6 26
16 17 9
20 21 23
21 0 29
1 3 5
17 21 26
12 13 11
17 19 16
16 18 5
20 22 24
8 11 27
3 5 12
20 23 13
22 22 4
13 14 3
8 10 4
3 5 8
3 6 1
16 17 21
7 8 25
1 3 16
20 22 10
19 22 22
13 15 9
19 21 22
17 18 9
7 9 7
6 8 21
18 20 2
19 21 23
12 13 30
8 10 17
8 9 3
0 3 28
8 10 1
13 16 15
11 12 1
2 5 17
12 13 29
21 0 14
0 3 19
15 19 12
0 2 22
2 3 4
2 5 23
6 9 3
0 1 5
0 3 24
10 12 19
5 5 20
12 13 20
3 5 27
16 19 7
23 1 6
12 14 1
14 15 26
14 15 1
16 19 20
0 3 5
11 11 13
6 6 5
5 7 10
14 16 4
3 6 5
10 13 18
22 0 30
23 2 20
15 17 17
3 5 28
3 6 3
11 12 14
22 1 24
9 10 1
6 8 4
11 13 17
23 1 29
19 21 7
19 22 10
19 20 7
9 11 22
8 10 8
16 19 27
17 19 18
1 2 1
21 23 11
20 23 2
6 9 27
5 7 9
14 16 24
23 0 29
6 7 25
8 11 15
6 6 15
21 23 26
13 16 18
20 21 25
20 0 15
20 22 27
12 13 19
12 12 10
2 3 13
6 9 16
12 14 30
23 0 15
5 6 23
8 10 5
12 13 6
3 4 6
13 15 7
1 3 24
3 4 10
23 3 17
15 16 13
3 5 21
10 12 23
23 4 5
22 2 30
12 14 14
14 17 19
13 16 4
19 20 26
22 0 6
1 2 14
11 12 10
0 2 18
11 14 12
3 5 13
3 5 5
22 0 13
6 7 15
17 19 2
5 8 18
17 20 17
3 7 2
16 18 15
23 1 8
1 3 29
2 3 17
18 20 10
0 3 24
16 17 9
20 23 9
13 14 23
22 1 5
9 12 15
15 17 4
12 14 13
7 10 4
15 18 13
18 20 22
5 9 3
3 4 20
11 13 28
18 21 3
2 6 16
5 8 29
21 22 20
23 2 30
20 23 21
8 9 11
0 2 19
6 6 22
9 11 2
7 9 25
15 17 5
12 16 17
1 4 9
6 8 6
16 18 4
5 6 3
15 16 23
19 20 25
23 0 18
12 14 6
1 5 23
14 15 7
7 9 5
1 4 25
9 11 19
6 9 8
9 11 19
20 22 26
7 10 6
9 10 26
21 21 4
2 2 14
11 13 19
1 4 7
12 13 12
15 18 30
19 22 17
8 11 4
11 13 20
2 5 9
1 3 27
1 3 26
12 13 18
11 14 22
10 13 26
13 14 23
7 10 9
21 0 23
23 23 27
4 7 17
4 5 3
14 15 17
22 0 30
7 10 13
10 13 21
8 11 22
7 10 14
1 3 22
2 3 10
14 17 17
14 16 29
11 14 24
1 4 8
4 7 20
0 1 28
1 2 9
19 22 16
21 23 22
6 8 10
20 20 19
11 13 6
16 17 9
8 10 18
2 4 2
4 5 19
3 4 30
4 6 30
23 23 16
16 19 6
0 1 25
2 2 17
3 3 1
9 12 27
2 4 18
15 17 29
8 10 5
23 1 25
3 7 17
0 1 25
15 17 27
23 1 25
19 20 30
15 16 19
10 12 3
8 8 22
10 14 12
11 13 5
19 21 28
11 13 21
14 17 30
20 22 8
6 8 21
17 19 2
23 2 21
1 4 30
2 4 23
23 2 28
5 8 7
17 19 7
4 7 14
1 3 22
17 21 25
12 14 23
15 18 17
3 5 23
19 23 17
22 0 3
6 7 17
17 19 28
13 16 28
15 17 6
16 19 21
7 9 13
6 7 30
18 19 24
5 7 17
8 11 12
23 0 18
13 14 19
15 17 7
7 9 14
11 13 15
8 9 14
20 23 26
3 3 20
2 4 27
6 8 26
15 17 19
13 14 16
15 18 14
15 17 7
13 14 11
23 1 30
8 9 6
14 17 18
1 3 25
1 2 16
13 15 16
18 20 27
5 9 25
23 2 27
22 0 9
6 7 15
18 20 13
5 7 8
7 8 27
17 19 27
18 20 17
0 1 2
1 3 8
20 23 10
5 6 5
2 4 13
18 19 19
20 22 16
17 19 16
4 7 9
17 19 26
3 6 14
12 13 24
16 17 13
7 9 19
20 22 27
16 17 10
15 19 21
6 9 26
18 21 26
16 18 22
2 4 28
3 5 16
2 4 26
16 18 21
2 3 28
7 9 11
22 1 8
8 9 4
13 15 28
16 18 27
11 13 12
13 16 16
14 15 17
16 18 6
11 11 8
22 0 14
9 11 18
18 20 21
8 9 25
19 20 4
4 7 23
21 23 6
6 8 16
3 5 7
17 21 11
3 4 2
3 4 14
5 6 14
0 1 23
0 1 11
19 22 9
1 2 1
8 10 8
6 7 15
23 2 11
20 22 11
4 6 15
21 23 7
1 3 14
11 13 14
7 9 8
19 22 3
1 3 2
10 12 26
20 22 4
14 17 30
20 21 4
1 2 29
22 1 28
7 9 7
23 1 18
1 2 8
1 3 24
9 10 22
17 19 14
4 7 7
19 20 29
15 17 20
23 1 9
9 10 16
9 11 15
6 7 26
3 5 1
1 2 3
2 6 7
9 12 14
17 18 16
10 12 21
15 19 19
12 16 4
1 1 7
5 8 9
22 1 9
10 13 22
4 7 23
8 10 24
2 5 3
14 17 3
12 12 3
21 21 11
20 23 3
15 17 12
5 8 10
17 20 28
17 20 30
8 9 24
18 21 23
17 19 14
6 6 12
10 11 16
18 19 30
1 5 27
16 20 15
20 21 28
0 2 22
14 18 30
8 10 1
16 19 8
13 15 18
0 3 17
11 14 1
7 9 23
22 1 16
14 17 4
14 14 17
0 3 20
5 8 1
21 23 11
11 13 16
8 10 2
5 6 27
22 0 22
14 17 27
13 15 1
11 12 22
14 15 23
1 3 28
3 6 7
6 8 1
15 17 26
22 22 21
22 23 25
19 20 27
15 17 5
19 21 14
6 8 2
12 14 4
11 11 14
5 8 11
8 10 12
2 4 1
22 0 10
4 6 11
0 0 12
10 14 6
16 18 21
12 16 10
16 19 9
20 0 20
3 4 7
12 14 18
20 23 4
14 15 2
6 8 19
14 17 14
12 14 12
17 20 16
8 9 15
19 0 20
4 6 4
7 9 18
0 4 3
5 7 2
21 23 13
3 5 19
23 1 22
9 10 3
10 13 7
1 2 23
5 6 19
2 4 26
8 11 7
19 23 23
15 19 9
20 22 13
7 9 17
18 20 21
8 10 19
7 8 17
23 0 1
4 6 17
19 21 30
0 1 11
15 17 16
16 19 6
21 0 6
19 21 25
23 2 12
23 1 30
16 17 12
22 0 8
15 17 4
19 20 16
15 18 8
10 10 19
4 5 17
18 19 23
1 3 29
16 18 26
16 19 6
11 13 17
17 18 9
23 23 26
2 4 26
15 17 7
1 3 30
0 2 5
18 22 19
0 2 20
18 20 4
5 8 25
23 0 7
1 3 16
15 17 16
19 21 4
13 13 7
19 21 20
1 1 14
8 10 2
10 12 6
18 22 14
20 22 20
12 15 25
11 12 27
14 17 28
18 21 17
2 4 3
5 7 18
4 7 9
14 16 8
11 12 22
23 23 4
16 17 29
3 5 4
18 21 27
16 19 16
21 23 5
1 3 2
21 0 15
17 18 16
1 3 4
20 23 4
17 19 22
1 3 26
7 9 15
22 22 9
18 19 19
1 3 3
21 22 7
1 3 9
14 17 18
0 2 20
16 19 3
5 8 3
18 21 3
19 22 23
1 3 5
16 19 26
7 11 20
6 6 5
6 8 21
9 11 23
8 9 14
19 20 4
3 5 7
10 11 10
9 12 30
21 22 21
22 0 15
5 8 6
19 22 17
21 22 18
23 0 16
22 23 26
2 3 5
14 17 18
13 13 6
1 4 11
2 3 9
0 2 30
18 19 26
14 16 26
11 12 29
7 9 4
16 18 30
15 17 5
12 14 8
8 10 20
22 23 14
7 8 16
22 0 30
12 13 9
20 22 2
20 23 23
7 8 15
4 5 11
17 19 25
11 14 19
14 18 10
21 0 24
0 2 17
2 5 27
1 3 3
3 5 29
6 7 11
18 21 8
5 8 5
14 15 2
1 3 20
16 18 5
17 20 23
21 1 12
1 4 17
1 2 24
15 16 29
6 6 25
22 0 30
15 15 17
1 4 3
21 23 21
8 11 7
7 10 7
18 19 3
14 17 13
0 2 15
14 15 10
12 14 28
12 14 15
0 3 11
23 1 13
14 17 22
20 23 11
18 20 25
4 7 8
2 3 18
8 9 12
14 15 10
23 1 6
1 3 20
0 2 20
10 12 30
16 18 4
13 14 13
21 0 15
20 0 27
2 4 3
10 11 6
23 1 17
17 17 14
9 12 4
14 16 7
8 12 3
16 18 17
3 6 5
12 14 11
19 21 10
16 17 2
2 4 23
21 23 2
16 18 22
22 1 2
6 9 4
2 5 16
11 12 15
20 21 18
12 13 15
15 16 21
4 7 20
18 19 9
16 19 18
1 3 12
6 7 14
17 19 1
22 22 24
6 9 6
10 13 6
4 7 20
9 11 18
23 2 1
14 16 24
10 13 30
21 23 28
19 22 11
22 23 22
5 5 4
5 7 4
23 1 20
13 13 6
3 7 19
22 0 25
20 22 14
16 18 12
2 3 25
20 22 1
22 1 9
12 16 18
1 3 23
18 20 13
13 16 24
8 8 16
9 10 9
2 3 8
19 22 3
13 14 17
21 23 11
15 17 21
22 1 19
22 1 22
4 8 1
3 4 19
13 13 19
10 11 13
7 7 8
15 15 16
19 22 1
21 22 20
18 21 2
5 8 24
20 22 27
12 14 26
7 9 4
0 1 2
18 20 16
23 2 4
3 5 2
13 14 10
4 5 25
1 4 28
6 9 25
10 13 18
6 7 21
2 6 15
5 7 8
21 23 7
23 2 30
13 14 1
21 0 13
7 9 17
20 23 20
11 14 1
14 18 3
11 13 8
19 21 9
9 10 10
7 9 6
14 17 3
13 16 5
5 9 24
15 17 7
15 17 19
1 3 12
12 14 3
16 16 4
13 16 19
16 17 14
9 12 21
2 5 8
5 6 24
20 21 28
3 5 28
16 20 3
1 2 11
22 23 30
4 7 15
6 8 13
17 19 24
15 15 19
1 4 21
3 5 29
6 8 22
6 8 7
11 13 16
12 13 4
6 7 16
17 20 21
10 13 26
13 16 26
18 18 5
19 22 11
11 13 15
16 17 27
9 11 24
11 13 10
10 12 28
5 7 30
16 17 24
8 10 29
15 18 24
20 22 7
12 14 6
19 21 22
18 21 6
5 6 12
13 14 18
23 1 13
3 5 8
13 16 21
2 4 11
22 1 14
9 11 21
21 22 9
23 0 1
20 21 10
22 1 27
19 21 7
22 23 7
20 21 17
23 2 2
21 1 6
6 10 9
4 6 22
19 22 1
11 13 26
21 0 10
9 10 26
20 21 28
7 6 29
6 10 24
6 7 16
2 4 8
1 3 9
21 0 11
19 20 10
13 16 11
13 16 15
18 19 4
21 23 13
20 22 17
1 3 19
1 4 11
5 7 27
4 6 7
19 20 26
16 18 18
1 2 17
6 8 12
6 8 6
7 10 19
4 8 25
11 13 8
11 12 13
4 6 22
2 4 14
18 19 12
8 9 20
15 18 1
20 0 14
0 1 20
15 17 3
21 22 19
18 19 16
7 9 14
13 14 4
21 23 9
22 2 20
12 15 1
5 6 19
12 13 20
9 10 14
18 19 22
13 16 15
18 21 26
13 15 9
23 0 30
8 10 6
2 5 21
0 2 20
5 8 23
0 4 27
5 8 14
23 0 24
11 12 8
22 1 6
5 8 16
7 9 29
14 17 11
21 23 3
8 12 26
4 5 13
7 9 26
18 20 15
21 23 16
6 7 29
21 0 21
14 15 9
19 22 17
3 6 7
6 8 3
19 21 27
12 13 8
21 22 20
6 9 24
10 12 6
17 18 18
22 23 4
23 23 22
12 14 19
8 10 7
0 3 15
11 14 22
12 14 21
22 23 12
19 19 26
1 4 4
15 15 24
22 22 19
6 9 29
12 13 12
21 0 9
14 17 5
5 7 8
13 14 11
6 7 7
7 10 23
13 16 1
2 5 16
11 13 18
4 7 29
5 8 12
1 1 1
17 19 6
18 21 7
17 18 13
4 6 11
5 8 6
18 21 25
6 8 5
6 8 19
12 15 2
20 22 18
1 2 27
4 5 19
7 9 26
15 19 28
11 13 12
17 19 27
2 6 10
2 5 24
6 8 1
13 14 21
20 21 30
0 2 27
12 14 2
18 21 18
2 4 10
10 14 14
12 13 5
7 9 8
0 2 9
2 4 7
13 16 11
5 6 18
2 3 30
8 9 9
9 11 4
5 6 23
17 18 5
3 6 10
12 15 23
12 14 16
17 19 30
5 9 10
9 11 13
22 23 17
17 19 24
18 18 19
16 18 23
19 18 27
23 3 12
18 18 21
14 17 29
21 22 4
1 2 12
17 19 25
18 19 24
15 16 15
11 13 11
7 8 24
5 6 23
5 7 19
3 4 28
2 5 20
15 18 11
12 16 1
14 17 17
2 4 22
17 19 6
19 21 13
2 6 2
7 8 28
14 15 27
5 6 28
3 5 5
10 11 25
1 3 14
18 21 29
7 9 24
10 11 3
19 20 1
19 21 9
5 5 10
12 14 21
13 15 1
18 20 25
14 17 16
3 4 27
6 10 19
15 18 5
8 9 25
6 10 5
8 9 1
11 12 11
20 22 19
15 16 20
9 10 21
17 20 14
10 11 11
21 0 4
15 16 6
20 22 5
13 16 19
14 15 6
10 11 16
5 7 24
21 0 13
11 13 22
7 9 17
19 20 21
22 0 14
3 4 22
11 13 23
12 16 20
15 17 18
19 21 30
13 15 24
10 13 16
4 7 25
22 1 12
22 1 21
19 21 23
23 23 3
1 4 17
2 3 15
18 19 14
23 1 11
1 2 25
11 16 14
13 17 23
20 22 14
0 1 29
20 22 18
11 15 6
9 11 9
15 18 23
7 11 7
23 2 30
11 12 30
9 11 5
14 17 17
8 11 21
7 8 23
12 16 23
22 23 1
11 13 1
1 2 30
19 21 17
21 23 22
21 21 25
12 15 19
23 2 12
15 17 16
0 2 3
5 5 8
9 11 28
3 7 24
20 22 23
2 3 27
14 16 23
8 10 21
14 14 24
6 8 6
3 6 2
2 5 22
6 8 29
13 15 26
15 16 24
16 17 14
4 6 24
19 21 1
15 18 27
9 12 27
14 15 24
14 16 15
3 3 2
10 11 13
21 0 18
8 10 14
3 4 16
2 3 17
13 15 20
15 18 8
13 15 29
15 19 15
19 21 21
5 8 11
3 5 6
17 19 21
23 1 2
0 0 13
16 20 21
0 1 12
7 10 14
8 11 7
6 7 12
18 20 21
15 17 14
3 6 7
23 0 13
13 16 28
1 4 12
20 22 9
6 8 18
13 17 14
9 10 22
23 2 11
12 14 16
6 7 5
14 17 13
5 8 22
20 23 19
23 0 5
10 12 27
20 21 16
0 2 24
11 12 26
16 16 2
23 0 2
19 21 15
18 20 12
21 23 30
5 5 4
16 18 17
21 23 13
9 12 19
14 16 26
2 5 10
23 0 10
5 7 21
10 12 17
20 22 25
5 7 23
0 2 30
22 23 17
11 14 7
18 20 4
8 11 27
2 5 14
6 9 17
4 6 20
13 13 26
22 1 18
12 14 3
5 8 29
16 20 19
0 2 3
23 0 22
7 10 21
0 2 29
21 23 26
11 12 11
19 20 19
4 6 5
7 10 12
3 3 18
22 0 24
14 16 6
22 0 11
16 18 9
3 3 25
20 22 16
0 1 11
2 4 13
14 15 7
9 10 11
9 9 19
10 12 6
14 16 19
3 5 16
14 17 23
7 8 25
12 13 29
2 3 30
5 7 21
15 17 29
17 17 29
21 22 24
17 19 23
2 4 7
15 16 30
4 8 2
10 13 11
7 7 4
1 3 24
3 4 6
4 5 19
19 22 5
6 9 16
16 16 16
22 0 21
2 3 29
9 10 20
12 14 1
20 23 14
0 2 25
21 23 12
3 6 5
13 16 13
21 23 26
4 6 7
16 19 26
13 16 27
12 14 16
18 20 11
1 3 3
0 2 19
23 0 12
11 12 15
12 14 13
16 18 14
22 23 28
9 10 20
16 19 7
3 3 9
17 18 5
22 0 18
11 14 1
12 13 3
17 19 23
15 17 7
3 6 29
13 14 11
3 4 7
9 11 23
11 11 14
8 10 17
11 13 19
13 16 8
15 17 7
19 21 7
23 1 17
19 20 23
18 20 1
14 16 4
12 14 6
3 6 15
0 3 12
2 3 2
17 20 18
11 12 27
16 17 12
4 7 6
6 8 25
8 10 5
19 19 17
17 19 12
16 19 24
19 20 3
14 15 23
9 10 1
4 7 22
0 0 13
21 23 6
16 16 8
7 8 23
9 10 5
15 18 5
8 10 26
20 23 22
14 17 2
15 17 25
12 15 18
6 8 7
15 18 13
14 17 3
17 17 15
17 20 25
3 5 24
2 4 15
13 14 3
23 1 9
8 10 21
1 4 11
5 6 22
3 6 30
16 16 16
18 22 15
15 17 8
19 22 8
19 20 27
13 17 15
18 20 3
20 22 28
4 8 11
7 8 17
6 9 23
13 16 8
7 9 26
9 12 15
4 6 26
15 17 3
14 14 6
13 13 16
19 20 20
13 15 21
16 20 15
7 9 12
6 7 21
10 13 25
17 18 28
11 12 25
5 6 14
23 23 6
12 15 5
18 21 29
8 11 9
10 11 4
16 17 10
16 18 9
19 22 10
0 2 13
13 14 15
9 12 11
11 11 10
22 0 6
8 10 6
2 4 19
21 23 3
13 16 18
14 17 30
22 0 8
18 20 2
18 19 8
15 18 14
20 21 10
10 13 16
2 6 8
4 5 7
1 4 6
4 6 6
6 8 20
20 23 30
14 16 11
13 14 22
13 14 13
5 8 24
0 3 12
18 21 21
12 14 23
6 7 14
7 10 13
13 16 6
23 23 5
20 22 6
17 19 16
22 0 25
11 13 11
15 16 9
6 9 7
15 18 16
18 20 14
5 6 5
13 16 17
13 15 17
22 22 11
8 8 15
6 7 10
20 21 8
11 13 26
5 7 2
2 5 21
17 21 28
20 23 6
21 23 26
8 11 30
21 22 25
5 7 3
13 16 3
4 6 3
12 14 27
10 12 1
7 10 22
21 22 19
1 3 19
12 13 18
6 7 7
11 12 16
14 16 29
8 9 26
16 18 8
20 22 26
16 18 9
22 0 18
16 18 14
0 4 8
3 5 4
14 14 4
1 2 25
20 23 7
7 11 18
18 21 22
12 13 8
22 1 19
2 4 12
23 1 28
12 15 21
2 4 12
9 10 13
4 5 12
23 1 13
0 1 4
5 7 21
4 6 6
16 17 10
4 8 11
1 2 8
12 13 12
11 11 17
17 19 11
19 20 8
14 18 27
13 15 2
4 5 3
4 7 29
3 6 14
6 9 6
19 20 25
0 2 11
2 7 22
16 18 11
18 20 16
13 16 8
5 9 29
8 12 18
12 14 30
21 23 15
16 19 3
14 16 29
17 19 26
1 2 2
20 23 30
2 3 21
17 18 25
22 23 6
14 14 6
17 19 19
13 15 30
22 1 23
21 0 25
19 21 26
1 2 17
19 21 16
12 15 12
15 15 29
8 12 4
1 2 16
20 21 20
7 9 27
14 15 4
13 16 18
21 22 5
23 23 27
11 12 6
18 21 14
9 11 1
9 11 18
10 12 1
3 5 22
12 14 27
0 2 16
13 15 21
1 3 8
18 20 23
3 4 14
12 14 6
8 10 2
14 15 30
7 7 14
9 11 13
18 19 24
15 18 22
6 7 3
0 2 25
7 9 5
9 10 18
19 20 11
4 6 3
18 20 2
2 3 7
3 5 2
10 10 17
0 2 6
9 11 8
3 5 2
14 14 29
2 3 2
9 12 21
7 8 30
19 19 3
10 13 23
23 2 22
22 23 12
10 11 14
12 14 15
13 15 20
4 4 13
22 0 17
4 6 16
11 14 8
2 5 23
3 7 13
5 7 13
20 23 2
3 5 13
18 20 15
19 22 3
8 10 13
5 6 7
19 21 21
12 14 4
5 5 3
1 3 5
23 0 28
11 13 22
23 0 18
11 10 20
9 12 7
7 11 13
23 1 13
3 3 24
0 1 5
14 16 13
17 19 11
22 0 20
0 3 2
20 23 11
15 16 17
12 13 25
4 7 3
3 4 8
5 6 1
12 16 24
19 23 10
10 10 12
3 5 22
1 2 12
14 16 2
20 23 16
17 21 25
8 8 14
3 4 23
3 4 26
10 13 19
0 5 28
6 8 13
8 10 11
13 14 9
15 18 8
11 13 22
21 23 16
10 11 24
10 13 25
17 19 21
8 10 24
21 23 1
18 19 21
2 3 11
21 23 22
21 22 20
6 9 14
19 22 26
21 23 12
2 3 23
15 17 18
19 20 29
17 20 18
11 14 2
9 11 26
9 12 11
9 11 23
7 10 14
7 6 18
5 8 10
18 20 15
14 16 16
10 11 13
9 10 11
21 21 21
4 6 18
4 6 13
23 0 3
5 8 21
5 7 26
7 9 27
6 8 20
15 18 29
16 19 8
18 20 20
19 20 17
19 19 9
17 19 13
2 4 27
0 3 17
1 2 25
1 2 16
10 12 24
0 1 28
5 8 25
0 4 20
2 5 7
23 1 3
16 17 11
11 14 9
17 20 9
17 20 6
9 9 26
4 5 27
7 9 11
12 14 7
8 11 27
21 23 14
3 5 28
6 8 18
12 14 26
14 17 6
10 11 17
20 23 24
1 2 6
0 3 21
16 18 4
18 20 22
22 0 5
12 13 9
20 22 29
21 23 2
0 3 16
5 6 23
8 11 30
2 3 26
14 17 26
14 18 10
17 20 19
18 18 5
16 19 12
21 2 5
17 20 9
20 21 3
16 17 7
15 16 23
9 11 16
9 11 8
11 12 20
16 18 30
9 11 19
14 16 26
14 16 13
7 9 12
19 22 9
6 7 30
22 3 20
3 5 6
17 18 28
13 16 18
13 14 28
23 2 14
