210 30
6 10 9 8 25 15 19 17 12 11 4 18 3 23 26 6 13 1 12 17 12 1 22 19 25 3 4 4 27 21 
16 18 17
5 8 16
4 6 25
23 2 6
0 1 4
13 15 2
6 8 12
4 6 29
20 22 27
0 2 10
22 2 28
3 6 28
17 20 20
14 17 24
11 15 13
5 6 19
9 10 22
17 19 16
11 12 11
22 0 16
18 20 12
7 8 13
3 7 27
0 2 21
10 13 15
22 3 25
15 17 27
21 23 28
1 3 10
20 22 24
11 14 15
1 2 20
18 21 7
0 2 10
16 17 20
15 17 8
18 22 9
10 14 4
6 7 28
4 6 2
8 8 22
10 10 11
1 3 23
11 13 27
23 1 24
14 16 22
18 20 21
10 11 25
2 4 4
10 11 4
1 4 2
3 6 19
4 6 1
20 22 8
17 18 27
8 11 21
13 16 10
10 14 1
19 20 21
18 20 1
14 15 2
11 12 27
22 0 6
18 20 18
6 8 17
23 3 27
3 3 18
3 4 2
2 4 28
20 21 6
8 9 18
17 19 28
10 14 11
17 19 9
9 11 15
5 7 17
13 16 23
22 1 5
9 10 20
14 15 10
19 21 23
13 16 19
16 18 23
21 23 21
15 19 6
4 6 15
19 20 4
22 1 27
1 3 24
5 6 27
19 21 7
21 23 25
8 9 23
14 15 24
3 3 6
6 8 1
11 13 5
3 6 21
0 1 28
1 2 7
6 11 6
23 1 5
0 2 27
13 17 2
1 4 26
11 12 16
13 16 3
16 18 13
21 21 2
2 3 27
4 6 29
14 15 11
14 16 29
0 1 11
3 5 21
0 3 1
11 14 19
10 13 25
22 23 14
1 3 20
12 16 9
16 17 16
17 18 17
22 23 4
17 18 6
4 6 26
17 19 8
0 1 26
18 20 11
17 20 15
20 23 3
8 10 16
21 22 14
18 19 13
1 3 29
23 2 19
5 6 3
3 5 6
21 22 16
13 15 27
16 18 5
9 11 19
17 19 9
13 15 14
14 17 5
18 19 13
10 11 30
13 14 12
23 1 12
0 1 10
6 8 15
0 1 23
2 4 22
12 14 24
19 20 5
15 15 22
21 0 5
1 3 16
5 6 20
21 23 1
17 21 16
0 1 23
11 13 24
6 8 23
22 0 10
2 4 9
21 23 13
22 23 5
4 6 25
0 2 25
12 14 15
21 23 6
17 19 13
9 11 12
0 0 16
9 11 2
8 9 3
10 13 17
18 19 3
6 7 30
17 19 13
13 14 30
22 2 24
2 1 26
13 14 28
15 16 23
4 5 14
17 19 21
12 15 17
3 5 10
6 9 6
10 16 9
21 21 27
2 3 26
15 16 18
15 16 11
19 22 21
23 2 13
1 1 21
9 12 6
1 3 8
18 18 28
17 19 14
11 13 24
3 6 30
11 13 24
11 11 26
18 21 28
9 11 18
15 17 17
