2180 30
22 27 5 18 20 1 4 23 28 9 28 28 12 3 19 14 19 4 13 3 22 1 22 29 22 21 19 4 4 3 
16 18 1
5 7 10
6 9 23
8 10 27
15 18 10
18 21 5
2 4 7
1 2 14
14 16 29
11 14 25
13 17 5
21 21 27
3 5 19
21 23 9
14 16 29
23 23 23
21 23 8
21 22 8
10 12 30
17 18 15
18 19 19
17 21 1
6 9 8
18 19 2
9 10 14
4 5 19
15 17 3
22 0 18
18 21 17
22 1 16
9 12 16
21 22 4
1 3 18
5 6 19
14 17 4
16 18 8
3 6 29
23 0 20
21 23 13
18 20 22
18 21 11
11 12 7
22 0 15
12 13 9
15 17 8
15 17 2
21 22 26
23 2 29
13 16 10
0 0 9
16 19 29
8 10 28
4 5 23
5 6 11
11 14 14
23 2 11
22 22 11
8 11 13
3 5 15
22 22 13
23 0 21
0 2 24
12 14 30
21 0 9
15 17 26
23 0 8
19 19 9
17 19 3
23 0 11
10 13 23
21 23 25
22 23 22
4 8 25
23 0 10
5 8 12
8 12 3
20 21 21
4 7 6
8 9 4
9 10 6
11 13 21
18 21 17
17 20 29
20 21 8
14 14 2
12 15 10
1 1 9
4 8 7
2 2 24
7 8 23
21 23 19
13 15 27
14 17 30
8 10 29
4 6 16
11 14 25
16 17 15
18 21 23
10 11 24
15 17 5
18 21 3
22 0 13
17 20 20
6 8 9
8 11 11
4 8 23
10 13 14
1 3 1
12 12 16
6 9 7
8 8 26
14 17 27
16 19 6
0 2 10
16 18 1
18 20 22
0 2 21
22 22 24
15 16 25
9 10 30
20 22 22
3 4 18
20 22 7
12 15 13
23 1 8
12 13 20
12 14 24
18 21 10
16 17 28
0 4 17
22 1 10
4 5 3
21 23 6
15 18 6
9 10 13
18 20 18
4 4 3
16 17 14
0 1 29
10 13 23
1 2 13
15 17 23
8 8 29
17 18 19
0 0 10
18 18 6
18 20 8
15 17 7
16 18 25
6 9 9
5 6 11
19 20 14
17 19 15
7 9 4
1 2 18
22 1 16
5 7 11
18 20 27
0 4 6
22 23 28
17 19 5
5 8 15
5 8 4
19 22 9
2 5 6
13 16 11
5 7 11
14 18 13
21 0 27
10 12 7
0 3 8
15 17 11
22 1 21
11 13 2
7 9 9
10 11 14
23 1 21
13 16 27
11 12 16
4 8 3
16 18 30
5 6 21
11 13 23
22 1 10
16 19 13
4 7 27
13 15 21
14 16 13
22 23 23
15 17 7
7 9 19
11 14 24
7 8 11
13 14 28
11 14 13
2 3 1
16 19 29
23 1 30
9 13 3
20 22 23
5 6 7
5 8 7
5 8 3
21 21 5
17 19 20
11 12 29
8 10 4
8 10 25
23 23 27
14 17 7
13 14 1
20 22 9
1 4 9
20 22 30
6 8 3
20 23 20
7 10 30
21 0 6
2 3 1
14 17 26
2 4 2
7 9 6
21 23 9
18 19 3
5 6 14
2 6 28
15 18 15
3 6 14
0 1 26
13 16 2
22 1 5
23 1 3
23 1 25
10 13 5
18 20 23
21 21 30
7 10 10
5 8 17
23 23 15
6 7 19
2 5 19
20 22 4
15 18 13
13 13 5
13 14 20
1 2 11
13 15 17
10 12 15
3 4 12
18 19 2
19 20 17
4 6 28
15 17 24
21 0 6
0 3 1
13 13 29
14 16 26
10 11 30
22 0 5
23 2 30
23 2 3
20 22 24
5 6 28
22 23 25
7 8 19
3 4 12
7 9 22
1 4 29
6 7 6
8 10 17
17 18 30
0 3 7
0 3 21
4 6 6
4 7 3
22 1 22
3 5 26
18 19 3
0 1 9
22 23 10
7 7 2
13 14 5
6 8 22
10 12 24
13 13 23
10 14 24
16 19 7
16 19 17
20 21 7
14 16 10
0 1 10
16 19 13
12 13 20
13 16 21
7 10 18
21 0 22
7 8 20
9 10 11
16 19 24
15 18 23
14 16 5
12 13 24
2 4 24
23 2 21
21 22 21
12 13 16
0 2 14
22 23 18
11 14 10
5 7 30
0 2 28
10 12 1
1 3 3
8 10 11
2 5 20
19 19 28
14 14 23
1 3 30
12 15 16
0 3 8
3 6 19
12 14 19
8 11 8
6 10 6
11 13 9
0 2 20
4 8 11
18 19 4
10 11 12
1 2 14
8 10 16
22 1 14
20 20 12
1 4 22
11 13 16
18 19 2
22 2 6
17 20 8
0 1 6
12 15 11
19 21 5
4 5 22
3 3 11
10 11 25
13 14 11
14 17 11
4 4 28
12 13 19
0 0 24
6 7 15
14 15 30
18 21 6
8 9 4
4 6 11
15 17 30
13 14 5
18 20 20
20 22 21
22 0 16
18 21 17
1 4 10
5 7 3
18 20 27
18 20 20
19 22 30
22 0 26
12 13 13
20 0 21
21 21 24
22 22 26
12 11 19
22 0 2
3 4 4
12 14 23
6 7 5
7 9 3
20 21 4
13 13 14
0 3 11
8 12 12
21 1 27
23 0 20
16 17 18
0 3 1
6 8 16
20 23 14
13 15 3
0 1 17
15 19 24
16 19 19
3 4 26
9 11 3
17 19 24
8 9 11
18 21 20
14 16 14
1 4 2
12 14 24
11 13 21
14 17 29
4 5 5
9 11 24
19 20 14
10 13 7
20 20 9
22 0 23
1 3 27
22 1 4
5 7 9
19 20 19
22 2 8
23 3 1
7 9 21
2 5 8
9 10 22
10 13 15
2 4 29
20 0 1
16 17 30
18 21 10
11 15 25
22 22 19
10 13 22
3 5 30
5 8 1
8 10 16
3 4 23
4 6 14
3 5 26
12 13 5
12 13 9
21 0 18
0 3 3
12 12 26
12 14 16
5 6 30
2 2 28
9 10 5
21 1 24
21 22 26
19 19 8
3 6 9
6 9 16
14 16 18
0 -1 12
9 9 5
3 4 7
13 15 13
18 19 4
19 20 11
14 16 28
19 19 28
20 19 17
1 3 13
18 20 25
9 11 29
5 10 26
14 16 21
21 23 21
2 6 16
6 9 18
4 5 24
14 16 11
2 5 27
20 22 5
13 14 19
8 11 12
22 0 1
7 8 22
22 23 4
5 7 15
8 11 25
7 9 26
8 11 12
6 7 18
23 0 28
9 10 27
7 10 22
19 22 22
6 8 15
8 10 18
6 8 7
22 1 4
16 20 9
13 15 9
15 17 21
19 20 30
1 3 30
13 16 5
3 5 3
0 1 8
4 6 12
16 18 18
0 2 13
14 17 1
1 4 28
3 6 20
21 22 22
1 3 28
2 3 16
13 15 30
17 18 24
23 1 8
1 1 29
18 19 5
2 4 26
9 12 13
6 7 23
7 8 1
3 5 20
18 20 4
20 22 20
10 16 23
11 14 4
12 13 5
3 5 13
19 19 3
1 3 10
19 19 15
3 4 12
22 23 7
1 1 26
4 6 14
1 3 7
15 17 12
4 7 30
23 1 23
6 8 9
21 0 24
6 8 3
9 13 15
0 1 11
22 0 19
4 5 15
15 17 24
15 18 5
18 19 20
8 12 24
2 4 17
16 20 27
13 14 29
5 7 27
1 3 7
17 19 21
0 3 27
1 4 8
1 3 12
4 5 28
18 18 5
8 10 10
1 4 15
19 20 2
12 13 14
18 19 29
1 3 4
20 22 16
0 2 24
10 10 3
15 17 30
12 15 15
16 18 9
11 13 28
20 23 5
9 10 11
16 17 23
1 2 22
11 13 13
20 22 26
1 3 12
14 16 16
17 20 30
18 20 5
3 5 24
1 3 29
0 3 29
2 3 11
9 11 16
12 15 23
15 16 3
16 17 28
5 6 8
17 21 5
0 3 5
4 7 11
0 3 9
15 17 5
2 4 7
16 18 22
6 10 21
20 23 29
23 0 6
3 6 12
11 13 29
2 5 7
12 14 5
9 10 14
3 5 7
3 6 21
11 14 30
20 23 9
22 23 24
17 22 1
19 21 21
4 7 25
20 23 11
12 14 27
21 22 30
13 15 7
8 8 5
12 12 11
11 13 2
20 0 28
3 5 2
18 21 26
23 0 5
15 18 15
7 10 25
5 6 23
10 12 24
0 3 27
10 11 25
4 4 30
13 14 18
23 0 23
16 18 4
5 6 20
17 19 29
1 2 4
9 12 14
22 0 21
19 21 17
6 8 12
2 3 2
10 13 16
22 0 24
19 23 14
12 13 10
6 10 20
4 7 8
10 11 17
3 4 20
17 19 1
9 11 15
21 0 3
8 12 12
13 16 27
15 18 7
12 14 2
6 8 19
18 20 9
1 3 9
2 7 2
0 2 22
2 4 18
20 23 25
6 9 26
8 10 10
4 5 23
14 18 8
7 9 16
14 16 17
4 7 2
9 10 24
20 22 14
0 2 25
5 7 29
22 1 26
18 21 1
7 9 18
21 23 12
10 13 4
15 17 1
3 3 1
5 8 29
5 6 10
1 3 19
19 20 10
5 6 10
15 16 8
10 11 24
1 4 3
22 0 14
3 4 13
22 22 27
15 18 14
5 7 9
21 23 2
12 14 10
2 4 14
5 7 5
18 21 30
4 6 8
18 22 4
11 12 24
14 17 7
6 9 18
10 12 13
18 22 19
3 5 12
14 17 25
1 3 2
6 10 20
9 12 24
15 17 14
4 7 2
13 14 30
19 21 16
14 16 5
18 21 8
2 5 29
22 1 9
12 15 19
9 11 11
16 18 17
9 10 30
18 20 12
12 15 23
14 15 19
20 20 5
21 22 27
17 19 4
11 12 23
18 19 16
16 18 14
21 23 21
19 20 3
4 5 17
10 13 15
7 9 28
5 6 29
2 3 10
8 10 14
10 13 7
14 17 16
23 2 29
18 20 27
17 21 24
18 20 7
10 12 24
23 0 10
0 2 7
3 5 12
16 19 8
9 11 24
4 8 26
11 12 25
23 0 12
14 16 24
1 3 12
20 21 25
1 5 16
13 13 1
14 16 5
21 23 22
16 18 8
4 7 3
14 16 17
18 21 26
19 21 24
17 18 5
12 15 5
3 5 30
4 5 16
9 11 27
17 19 19
20 22 18
20 0 20
16 20 21
8 10 14
9 10 10
16 16 15
3 6 11
5 5 25
13 15 3
15 18 4
14 18 3
11 13 6
2 3 6
4 5 15
14 16 6
8 9 20
3 6 17
22 0 11
20 21 13
23 2 4
17 19 21
8 10 17
18 22 17
17 19 23
1 4 16
1 2 29
0 2 1
1 4 7
23 0 5
11 13 11
23 0 4
4 5 9
14 17 1
12 13 14
20 1 8
3 5 17
0 1 19
11 14 6
22 1 7
3 6 23
6 9 21
3 3 5
2 3 20
7 8 21
7 9 4
14 17 29
13 16 30
1 2 30
21 23 16
13 15 19
7 9 16
14 14 9
4 6 7
0 2 29
10 13 29
12 15 25
13 15 16
3 6 23
3 6 5
18 21 14
10 12 26
3 5 14
8 10 6
11 13 6
22 23 16
0 1 14
23 2 9
17 19 25
4 7 24
12 13 7
15 16 9
6 8 10
22 0 18
23 1 23
10 13 26
10 10 16
7 9 21
19 19 24
16 18 24
3 5 12
17 18 23
20 22 25
1 4 16
5 8 6
15 14 19
13 15 18
17 19 26
3 6 9
19 20 24
1 4 29
17 19 3
1 5 18
2 5 18
13 16 28
1 2 12
22 22 28
18 20 6
2 5 13
23 1 20
12 14 22
4 5 29
14 16 1
22 23 14
0 2 13
19 21 19
13 15 1
14 17 20
11 12 15
22 22 25
16 18 11
22 1 15
18 21 19
8 10 4
23 0 27
12 14 24
18 21 23
20 21 23
23 0 14
22 22 22
21 22 23
1 3 21
21 22 6
2 4 18
0 2 19
15 18 27
14 17 26
19 21 17
13 16 19
15 17 8
16 17 15
15 18 27
3 6 9
6 9 29
18 21 10
6 9 11
11 15 22
14 16 3
19 22 2
15 18 1
1 2 2
2 5 22
23 1 25
18 20 16
12 13 27
4 7 15
7 9 5
3 5 30
8 9 11
6 7 20
7 10 27
2 5 12
8 10 9
9 13 29
1 2 30
12 12 27
12 13 26
22 1 29
2 4 15
16 19 15
20 23 12
19 21 12
11 13 19
9 10 17
7 8 15
3 5 17
15 19 17
15 16 4
9 13 27
10 12 14
4 5 24
9 12 25
4 7 23
16 17 1
10 12 16
0 3 19
13 15 8
6 8 1
22 1 10
20 22 27
16 18 14
20 22 15
11 12 29
20 23 1
9 10 17
5 6 20
11 12 24
9 9 14
7 11 16
20 22 19
6 8 29
14 15 21
11 13 25
5 8 22
17 20 9
4 6 29
6 8 8
12 13 17
9 11 23
15 18 29
16 18 22
10 12 2
8 10 27
14 16 30
12 15 21
9 12 3
11 14 15
15 17 21
3 4 18
13 15 9
12 13 28
2 3 10
19 21 22
3 4 20
21 1 22
9 10 21
7 9 20
21 23 7
17 19 30
11 13 29
16 19 24
21 1 14
8 9 7
6 7 20
21 22 3
21 22 9
7 11 16
16 19 30
10 12 13
15 17 25
4 4 16
2 4 9
8 13 2
22 23 29
16 19 12
18 19 8
17 20 11
16 20 8
19 22 8
7 8 6
8 10 11
7 8 10
18 20 9
19 20 9
3 5 15
21 22 28
22 0 20
8 9 9
5 6 11
14 15 19
17 20 17
1 1 12
16 18 15
0 4 6
18 20 24
22 1 8
14 17 7
10 12 4
13 16 17
9 11 28
21 23 12
22 0 11
13 16 19
11 12 9
4 5 4
22 1 18
6 10 29
12 14 14
20 22 30
18 21 8
12 14 11
8 11 20
12 13 6
4 7 17
1 4 27
9 11 17
4 6 20
13 15 30
13 14 25
7 7 7
0 2 21
18 19 17
9 11 7
16 18 2
19 21 30
8 10 30
23 1 24
0 2 27
11 13 2
2 4 5
15 16 10
22 1 6
2 5 25
0 3 7
2 5 11
10 11 16
3 5 2
18 19 16
15 16 22
15 16 9
22 0 23
7 8 10
3 5 7
10 13 22
0 1 20
12 13 6
14 13 24
22 1 12
19 21 26
8 10 17
11 14 24
18 20 10
3 5 17
8 10 7
3 6 20
14 15 29
4 6 9
6 7 18
7 9 27
0 3 4
14 15 26
17 20 2
3 4 29
14 16 11
15 17 2
17 18 7
15 16 25
17 19 19
18 19 1
22 0 10
12 14 24
2 4 25
6 7 18
3 7 21
15 16 25
14 15 29
1 5 5
3 4 30
6 9 15
7 9 23
0 1 9
16 17 30
12 15 6
8 9 27
13 16 8
20 23 29
15 18 13
19 21 4
13 13 20
6 7 26
4 7 8
9 12 11
23 1 26
5 7 20
2 7 9
7 9 7
11 13 24
22 1 18
21 23 13
17 19 11
23 1 8
19 22 2
18 21 2
11 12 1
6 8 8
2 5 18
17 19 3
14 14 24
1 4 18
11 13 15
14 17 26
1 3 22
23 1 1
2 2 9
5 10 21
15 17 10
15 18 13
8 10 28
17 19 7
23 1 5
18 19 23
2 4 27
18 21 12
12 15 2
0 2 5
9 11 16
17 18 23
15 19 17
19 21 24
6 8 8
14 15 9
7 9 21
13 14 10
13 16 29
21 0 3
21 23 16
13 17 25
16 19 26
22 1 6
8 10 19
15 16 24
14 15 4
19 20 12
14 17 4
5 6 30
6 7 26
19 20 10
5 8 3
9 10 19
21 22 30
19 22 4
10 13 20
21 0 19
12 14 11
9 12 28
5 7 21
3 6 10
19 19 8
22 0 16
22 0 8
23 0 4
6 8 1
7 11 5
20 22 29
9 11 25
6 7 23
21 23 30
8 10 7
21 0 9
4 6 14
18 20 27
4 5 22
4 5 27
1 3 22
23 1 17
13 15 6
15 17 8
22 0 11
10 11 7
7 10 9
13 16 28
9 10 26
3 4 18
0 0 28
0 3 29
23 2 14
2 5 20
9 10 13
5 8 15
4 5 13
7 10 16
17 20 20
17 18 21
19 21 25
20 22 24
9 10 27
2 4 8
6 9 16
3 2 17
19 23 19
23 1 19
19 23 17
12 14 5
21 22 11
4 7 5
9 11 2
6 8 25
6 7 30
0 4 18
15 16 18
2 5 16
17 19 22
21 23 9
13 14 3
22 2 9
14 17 25
15 16 27
17 20 21
20 20 13
10 12 27
7 9 26
11 12 16
22 23 21
13 16 19
10 11 7
9 11 8
14 16 4
2 3 24
4 7 25
1 4 22
6 9 27
22 0 9
15 17 18
18 19 17
5 6 29
22 2 28
2 2 15
0 2 21
10 12 21
4 6 8
7 9 4
1 2 3
10 13 2
6 7 1
23 0 12
9 11 14
10 11 27
16 18 13
11 13 11
19 21 16
16 18 23
22 2 25
14 15 3
8 9 30
1 2 20
18 21 9
22 0 3
8 11 13
23 1 5
15 17 20
21 23 24
3 3 29
7 9 18
1 4 10
21 0 24
13 15 24
20 0 2
4 6 18
22 3 9
19 23 30
1 4 25
11 12 27
20 21 16
21 0 13
19 23 30
5 9 15
14 15 17
19 22 13
21 22 10
5 6 8
18 21 13
5 7 11
8 11 15
13 14 9
10 13 7
1 2 16
12 14 20
22 0 20
5 5 8
22 1 20
4 7 4
19 22 9
18 18 26
18 19 4
6 11 3
20 22 11
17 18 20
16 17 28
5 6 25
18 20 22
13 16 4
21 23 23
22 0 10
1 4 15
6 8 17
3 5 9
6 9 10
20 21 27
3 6 7
12 14 19
2 6 4
12 16 30
4 7 28
17 19 3
13 16 23
18 22 1
16 20 23
11 14 18
3 5 22
23 3 28
12 13 15
5 8 16
5 7 5
23 0 27
8 10 4
0 1 28
1 3 24
6 9 11
13 14 28
9 12 28
16 18 2
17 19 23
14 14 6
13 13 30
18 19 17
11 12 21
1 3 9
21 23 5
2 4 26
22 0 20
17 19 30
5 7 18
1 2 8
16 18 23
8 10 5
21 22 25
7 9 17
14 16 18
13 17 14
18 21 16
14 17 20
12 12 10
15 17 25
14 17 6
6 9 4
22 1 4
17 19 17
9 12 17
22 0 3
19 22 22
6 8 22
8 10 17
0 4 10
8 11 10
23 3 23
10 11 23
19 21 2
18 20 8
6 8 18
20 21 7
23 0 6
3 8 27
21 0 8
11 13 5
3 5 30
11 15 25
15 17 26
9 13 16
18 21 20
15 16 23
7 11 13
6 8 1
6 9 22
1 4 2
1 2 7
10 12 5
22 23 9
16 18 14
19 21 8
19 20 9
4 5 14
23 23 1
7 10 8
15 19 27
23 2 27
3 5 18
9 11 11
15 15 17
23 1 29
2 5 20
3 5 9
4 7 27
17 19 10
22 0 4
3 4 24
19 21 9
0 2 15
5 8 1
2 3 19
8 11 25
3 3 1
13 15 19
8 10 16
12 13 15
22 0 16
9 13 21
16 18 19
1 2 2
4 4 30
0 2 27
23 1 10
7 10 3
3 3 27
1 3 15
13 16 17
3 4 3
12 15 16
4 6 9
17 18 17
18 20 9
23 0 14
12 13 5
14 15 1
21 23 17
18 19 18
10 12 14
12 13 15
3 6 29
11 15 28
6 8 24
9 11 17
23 0 26
15 17 20
17 19 1
23 22 18
18 20 20
3 4 15
3 3 11
16 17 26
11 14 13
8 13 19
11 12 4
16 17 17
20 0 25
13 14 5
17 18 10
1 3 24
3 7 19
16 18 22
13 15 7
18 20 22
14 17 23
13 13 24
2 2 9
9 12 1
11 13 22
10 12 20
14 15 12
12 15 29
11 11 8
2 5 4
20 22 11
20 20 15
8 10 20
19 20 12
23 0 21
5 8 18
8 9 24
10 12 18
4 9 28
11 15 21
20 21 22
9 12 23
4 7 8
0 2 10
12 13 27
20 22 10
2 2 2
23 1 12
14 15 27
7 12 14
18 20 26
20 22 27
1 4 10
21 1 20
14 16 14
3 5 17
5 8 7
21 22 23
22 23 14
13 15 1
16 19 2
23 1 14
1 4 30
3 4 3
9 11 18
11 13 21
13 15 26
0 2 5
6 6 10
16 16 15
1 2 12
23 0 27
8 11 19
6 9 27
22 0 23
2 3 18
2 5 30
8 10 13
12 14 19
9 10 24
7 8 13
20 0 17
14 15 21
21 22 7
8 11 1
21 23 7
1 3 24
2 4 25
8 10 14
17 21 17
11 13 3
1 4 15
10 10 12
2 4 21
23 1 17
13 13 1
7 10 4
12 15 17
0 1 3
6 7 4
15 16 23
13 13 28
12 15 10
13 14 10
10 13 2
9 11 1
17 20 8
6 7 10
21 0 20
3 6 4
16 18 4
19 23 26
8 11 19
15 19 14
10 14 14
21 1 4
21 22 27
4 8 30
12 14 28
5 5 13
9 11 14
13 14 18
10 13 27
19 20 29
2 3 21
4 7 15
18 19 16
12 14 16
12 14 13
19 21 30
4 6 17
5 7 8
0 2 17
12 13 29
3 4 5
11 13 8
22 2 7
3 6 13
13 16 14
16 19 28
18 20 24
11 15 12
4 6 22
3 6 10
21 23 28
8 10 21
2 4 29
23 0 14
0 -1 20
8 8 28
23 1 11
4 7 13
0 2 4
7 10 7
0 2 6
23 0 17
9 11 16
4 6 26
23 1 10
0 0 4
4 6 10
1 3 14
0 3 13
7 7 30
19 22 27
15 18 26
21 23 14
13 16 25
6 10 14
4 6 18
23 1 20
11 14 6
0 2 20
11 13 15
6 8 20
5 9 26
18 21 4
10 12 5
19 22 12
10 13 25
6 9 29
16 18 12
6 9 28
17 21 9
20 22 19
5 6 28
13 15 13
5 7 19
11 13 13
21 0 8
13 15 4
21 21 23
18 20 26
19 21 24
16 20 6
19 22 18
20 22 3
21 0 17
16 18 25
4 5 23
18 19 11
21 23 16
4 6 20
2 5 16
12 14 15
22 23 19
12 15 11
16 18 1
9 10 22
23 1 26
23 1 4
16 20 5
22 0 19
8 9 10
12 12 17
19 23 4
5 9 7
22 2 19
8 10 30
9 11 23
9 12 19
0 1 15
19 22 25
17 18 6
4 6 5
4 5 22
8 10 30
11 15 4
4 6 29
1 2 5
19 22 24
8 9 1
21 23 29
11 12 11
5 9 4
11 13 22
17 20 12
22 0 4
10 11 2
4 7 15
1 3 27
4 6 29
12 12 4
6 9 3
21 23 30
4 6 27
23 0 17
11 13 27
7 10 23
11 12 25
7 9 23
18 19 3
2 4 23
7 10 18
6 8 19
12 15 6
11 13 26
11 11 12
17 19 19
8 9 18
7 10 1
7 9 8
11 13 25
19 22 25
17 19 20
21 21 21
20 21 24
15 16 28
17 18 4
15 17 2
13 14 17
0 2 13
11 12 28
9 13 20
17 21 1
4 4 13
11 13 5
4 6 27
2 4 11
21 0 15
4 6 4
15 18 26
12 11 17
10 11 8
0 2 4
8 10 7
18 20 20
22 0 21
11 14 12
20 21 21
4 6 17
20 20 19
23 2 11
11 12 12
19 21 11
1 2 17
17 18 3
18 19 20
15 18 28
18 19 26
10 13 4
19 22 10
9 12 3
14 14 7
15 17 27
13 14 12
13 14 24
21 23 16
9 11 16
2 4 22
14 18 21
10 12 15
18 20 17
2 4 27
18 21 18
22 22 30
1 3 5
1 2 21
14 18 12
12 14 26
8 10 29
22 22 28
9 12 2
20 22 30
23 0 12
21 22 5
3 5 3
7 7 30
13 16 15
0 3 5
15 17 24
3 4 7
8 9 1
5 7 1
4 4 16
9 11 16
7 8 27
5 7 20
23 0 17
15 16 6
17 19 10
9 12 23
12 13 10
17 19 15
4 6 1
7 9 9
2 6 18
5 7 12
10 13 27
17 18 24
13 17 17
21 0 13
15 16 17
23 0 6
5 7 1
8 9 9
16 18 18
19 20 26
18 21 3
14 16 7
17 20 30
8 10 12
8 10 22
11 13 7
12 14 4
2 5 20
21 23 10
21 22 3
8 11 15
12 14 25
11 12 23
6 7 8
8 12 7
12 14 7
2 3 6
15 17 16
23 0 11
10 13 24
10 12 18
4 6 10
16 18 1
22 1 26
11 10 23
10 13 9
10 11 20
17 19 15
9 12 18
17 21 14
5 8 19
3 7 2
20 21 27
21 22 22
10 12 26
15 17 2
22 1 28
20 22 6
15 17 13
0 2 30
16 17 24
11 12 30
3 6 7
7 9 27
17 19 18
2 4 3
2 2 11
15 17 4
13 16 17
12 12 16
12 14 1
17 18 17
19 21 20
13 15 20
3 6 23
3 5 9
15 19 11
9 11 4
9 12 21
22 0 25
11 12 19
21 22 12
21 22 7
1 2 8
12 16 5
22 23 9
6 9 3
21 23 1
3 6 9
16 18 5
10 12 18
13 16 3
3 5 2
1 2 21
0 3 7
17 21 23
9 11 4
17 19 3
17 21 13
0 1 25
4 5 14
9 10 21
1 3 30
7 10 20
6 8 12
10 13 27
1 4 28
18 21 26
17 19 9
2 6 13
4 7 12
4 6 15
15 18 12
22 0 20
3 4 3
8 10 18
14 17 28
11 15 12
21 22 11
10 13 15
13 16 22
4 7 20
4 7 25
11 13 10
4 8 9
1 3 23
6 9 28
12 16 25
8 9 24
4 7 3
22 1 5
16 18 27
17 18 12
19 20 3
6 7 21
22 23 30
18 20 8
5 6 25
2 5 14
5 5 20
20 22 2
19 21 5
20 21 6
7 8 8
7 9 1
8 9 3
3 4 30
3 7 11
5 7 22
16 19 8
21 1 19
10 12 4
19 21 15
0 2 26
23 0 30
12 15 5
17 18 7
16 17 5
16 19 9
20 22 28
0 1 13
9 13 2
16 17 22
16 18 22
14 16 28
4 5 25
20 21 6
12 13 5
9 12 2
10 11 22
17 21 27
17 20 14
12 14 16
3 5 23
23 0 1
18 20 2
17 20 16
16 18 15
9 11 23
14 16 26
15 19 29
4 6 14
3 5 2
2 4 17
16 18 16
9 11 16
21 21 2
3 6 12
8 9 21
20 21 23
8 9 14
5 6 7
15 20 18
1 3 26
13 15 12
9 12 11
4 6 17
16 19 16
13 15 30
4 6 11
20 23 22
3 4 2
7 8 5
20 21 29
22 0 21
10 11 12
7 8 6
3 4 17
1 3 16
1 2 28
23 2 27
8 10 5
8 9 19
8 11 8
19 21 21
1 3 15
4 7 28
12 14 4
7 9 16
2 5 19
0 2 21
12 15 30
21 23 30
19 21 18
12 14 11
2 4 9
11 15 1
13 15 11
3 5 25
23 3 5
3 5 3
1 4 4
5 7 27
18 21 28
18 19 17
4 4 20
20 23 27
15 17 12
1 2 11
3 7 29
11 12 7
23 1 24
14 16 14
11 11 12
9 11 26
3 6 14
11 15 8
19 21 27
5 8 21
1 4 16
10 12 16
15 16 27
1 4 16
2 4 10
17 19 3
9 10 11
6 8 19
23 1 25
23 1 25
15 18 17
17 19 13
15 18 22
3 6 13
7 8 1
13 15 27
0 2 19
14 17 5
2 5 18
15 16 30
12 15 26
4 8 25
17 19 30
13 15 9
8 11 23
13 13 24
23 3 17
15 16 5
9 10 7
2 5 4
8 9 8
22 0 4
13 15 28
17 19 21
0 5 4
4 5 5
21 0 6
14 16 1
6 8 9
8 10 26
2 5 7
23 23 18
9 10 19
16 18 13
14 16 18
1 3 23
14 17 2
8 11 26
3 5 6
15 17 22
11 13 12
15 17 26
8 10 15
19 21 23
19 22 14
1 4 21
16 18 7
14 16 11
11 14 2
9 12 28
10 10 29
18 19 27
11 10 12
8 10 1
17 19 18
2 4 26
12 15 25
15 16 22
23 1 4
1 2 25
8 10 14
14 16 22
13 17 12
8 10 7
21 0 30
20 23 4
22 2 19
9 12 12
1 3 17
14 16 4
7 11 13
19 22 6
11 12 15
17 18 11
22 0 18
18 22 25
3 5 27
11 13 2
11 13 16
20 0 25
10 12 20
7 10 28
12 13 18
12 14 21
9 11 30
22 0 1
21 23 29
15 18 25
10 11 17
2 6 12
0 2 22
10 11 23
6 9 3
14 17 16
10 11 23
1 3 8
11 13 28
13 17 1
3 6 2
10 14 28
7 10 9
15 16 23
0 1 13
19 21 26
7 9 4
4 5 9
17 20 13
11 12 15
6 8 12
21 23 6
23 0 6
5 6 25
10 13 15
15 19 20
4 5 8
5 6 13
19 22 11
5 7 25
