2240 30
14 9 14 25 9 4 29 14 26 8 11 21 6 12 22 19 11 23 14 9 20 28 15 15 6 1 4 16 14 9 
17 18 19
11 12 13
15 17 15
23 1 18
17 20 25
10 12 7
18 20 12
0 2 24
20 22 30
11 12 1
14 16 16
16 16 23
6 10 17
11 13 30
2 4 27
18 20 26
17 18 25
13 17 10
23 1 20
19 20 9
5 9 18
18 20 27
16 19 9
0 2 11
15 16 30
17 19 1
23 2 13
6 8 18
16 18 18
15 17 28
14 15 25
7 9 11
9 11 21
22 23 5
2 4 18
11 16 16
12 14 5
3 6 21
4 6 24
18 20 23
11 12 24
19 20 4
12 14 20
17 18 21
16 17 30
0 0 28
13 15 11
5 6 3
2 4 1
0 3 3
1 4 25
16 19 3
3 5 2
9 9 11
10 10 8
6 9 11
10 13 6
16 19 27
21 0 2
16 19 11
16 19 3
0 3 22
23 1 9
22 23 3
1 4 14
9 11 9
12 14 11
13 16 16
0 1 21
23 0 17
13 14 1
8 10 16
7 10 18
14 17 3
8 11 7
7 10 16
1 3 3
13 16 12
10 12 11
6 7 19
16 19 21
4 8 16
23 1 6
17 19 5
19 22 27
18 20 18
4 5 2
3 7 18
4 5 12
15 18 11
23 1 10
7 10 15
22 1 13
18 21 3
18 20 22
9 13 2
17 19 9
12 13 2
16 17 19
0 2 25
11 13 4
19 23 11
15 16 2
12 15 2
18 21 3
11 13 5
22 0 17
2 4 22
19 18 23
12 15 26
4 7 10
16 16 21
20 23 15
1 6 6
19 21 24
17 20 22
9 10 26
13 14 26
7 9 22
22 1 9
14 18 16
10 11 28
19 21 5
19 21 14
2 3 27
11 13 20
4 8 2
15 16 29
2 4 20
22 23 14
9 12 17
18 20 26
17 18 14
10 11 4
19 21 7
2 4 15
16 18 2
0 1 11
21 0 5
0 2 4
22 1 19
7 8 16
6 9 3
12 14 1
4 8 21
21 0 27
20 22 26
3 7 19
21 22 28
22 0 26
5 6 1
8 10 4
4 7 30
17 18 2
15 19 28
16 15 26
15 17 29
3 7 3
19 20 8
6 8 10
7 9 10
11 13 27
18 19 27
20 22 18
5 5 1
8 10 25
21 23 9
19 20 29
0 0 4
6 8 7
20 21 27
9 13 2
7 11 18
14 15 23
6 8 27
21 23 30
2 4 13
4 6 6
11 13 27
5 5 6
18 20 6
15 18 28
7 8 11
19 20 28
4 5 12
8 11 20
15 17 26
21 23 26
5 8 4
3 6 2
5 5 10
8 10 6
18 22 1
4 5 16
12 14 16
22 23 20
4 4 19
12 15 19
6 7 5
2 3 2
13 14 10
4 6 20
1 3 26
11 13 26
9 11 9
11 12 6
12 17 30
12 14 30
23 1 19
3 6 18
18 19 9
6 7 11
16 17 4
17 19 24
23 2 14
11 13 15
23 1 6
15 18 3
7 7 27
16 17 2
16 17 28
12 15 20
17 19 22
9 11 13
6 7 30
15 16 12
11 14 14
16 18 18
7 9 28
9 11 27
7 8 29
6 8 7
7 10 30
8 12 21
7 7 19
0 0 10
17 19 13
4 6 30
3 6 6
2 6 10
3 4 16
21 23 27
15 19 23
21 0 6
12 13 27
15 16 10
14 16 16
8 9 17
11 12 14
14 17 4
12 13 7
20 21 4
13 14 7
15 16 24
7 10 21
8 10 25
0 2 16
14 18 13
4 8 20
2 4 30
23 23 10
15 18 18
23 0 10
22 0 13
21 21 19
6 8 26
17 19 22
13 13 7
21 22 25
7 8 21
10 12 5
21 22 6
12 14 2
2 5 9
21 0 30
10 11 14
5 6 12
17 20 5
21 23 29
16 19 5
23 0 7
19 21 9
16 17 2
22 23 17
22 0 3
23 1 2
1 4 17
14 16 29
21 1 21
2 4 4
14 15 5
1 3 24
17 21 27
13 16 5
1 3 16
15 17 18
0 3 27
0 2 27
10 12 9
15 17 4
20 22 7
13 15 14
4 5 22
23 3 29
13 13 7
3 3 30
5 8 16
0 1 28
5 6 14
23 2 25
21 21 8
18 19 20
1 2 7
7 7 26
8 9 27
20 23 15
3 6 17
12 14 15
14 16 19
21 0 29
16 16 15
22 23 25
4 7 12
23 0 24
3 4 8
8 9 28
21 22 28
8 9 23
5 6 7
17 20 16
12 16 20
23 1 20
3 4 4
21 0 13
0 2 2
13 15 15
19 19 15
23 3 1
4 6 11
22 0 28
23 2 12
17 18 5
4 5 13
23 0 20
18 20 28
18 20 8
7 9 18
0 1 12
0 2 16
10 12 21
18 19 12
18 20 29
14 15 20
0 2 9
18 20 17
6 7 1
23 2 12
16 18 5
2 4 3
1 3 25
18 19 21
4 7 21
20 20 22
3 5 22
0 1 14
11 14 4
15 18 8
8 10 9
0 1 22
7 8 29
21 0 13
14 17 21
11 11 11
17 20 12
21 21 20
4 5 10
6 9 13
12 14 11
11 15 27
11 14 22
10 13 2
8 10 11
12 11 25
12 12 9
22 1 11
7 11 27
9 12 18
23 0 26
2 4 2
1 4 6
18 20 13
21 23 20
1 3 12
3 5 2
19 23 13
14 16 19
20 21 22
18 19 19
5 7 10
21 23 6
13 15 5
0 4 23
18 20 10
17 18 12
0 2 9
13 14 3
19 21 14
18 21 28
22 0 12
7 9 7
0 4 11
0 1 8
4 7 13
18 19 18
12 13 8
14 16 19
1 4 22
7 10 7
8 10 25
14 14 20
3 7 7
15 17 22
16 17 3
0 1 29
8 9 28
17 18 25
10 13 17
5 5 30
7 10 26
0 3 3
21 22 20
20 22 4
13 13 14
5 7 16
1 4 20
21 22 15
12 13 21
17 21 20
0 1 2
14 16 6
0 1 19
16 16 1
3 4 17
5 5 8
19 22 5
22 0 17
5 7 27
2 4 29
3 4 27
17 18 12
1 4 15
8 11 14
0 3 25
9 11 21
13 13 28
23 1 22
0 2 5
9 13 15
17 19 16
10 13 21
22 23 21
22 0 16
3 5 2
3 4 24
20 23 8
10 14 28
20 21 22
7 9 7
8 9 4
5 7 26
12 16 9
11 13 14
19 19 21
17 19 7
20 21 8
16 20 9
23 2 11
5 7 7
17 18 6
0 1 27
2 4 8
5 6 20
23 1 12
7 8 8
9 10 4
21 0 23
16 19 23
9 11 21
23 1 1
10 11 12
3 4 26
10 12 25
21 22 6
1 3 22
15 17 7
23 0 12
12 15 17
23 1 30
23 0 5
16 18 10
8 12 13
17 18 2
23 2 26
9 12 15
21 1 8
21 23 12
11 10 19
20 0 20
12 15 15
10 11 19
9 10 6
17 19 16
3 4 6
3 6 1
15 18 6
14 16 9
22 2 30
18 19 30
19 20 2
14 16 12
14 15 7
22 23 2
22 23 24
9 10 16
16 17 20
6 8 20
3 5 9
8 9 6
16 16 30
10 15 26
12 13 7
13 15 12
0 2 25
4 6 9
17 18 6
11 13 27
7 10 29
18 20 4
9 10 11
12 14 20
10 11 14
12 13 24
14 13 16
19 22 8
2 5 13
5 9 27
15 16 17
19 21 8
20 22 22
19 21 10
20 0 29
17 19 25
18 22 14
6 8 19
9 11 21
5 9 5
6 8 24
21 22 24
21 22 5
5 6 22
14 16 9
6 7 13
13 15 9
22 0 25
4 7 17
2 4 2
11 14 17
17 20 25
8 10 30
2 3 23
23 1 23
14 16 14
16 20 17
23 2 2
23 23 15
22 0 26
19 22 2
0 4 4
3 5 23
14 15 2
21 23 15
12 14 26
13 15 8
0 2 9
0 2 27
3 5 11
15 18 6
22 0 21
18 20 3
23 3 1
14 16 6
18 21 18
19 21 4
8 10 16
1 3 1
7 7 11
10 11 8
17 20 9
17 19 7
20 23 11
21 23 19
2 5 1
13 14 28
7 8 8
12 14 9
22 1 4
16 18 17
20 22 6
4 4 16
19 20 20
23 3 26
23 0 5
3 6 7
6 8 18
20 22 26
23 0 6
13 13 15
7 10 15
21 22 9
14 17 12
23 1 2
2 4 27
18 20 26
0 2 25
18 18 20
19 21 30
9 11 20
5 6 22
10 11 18
0 2 9
19 21 13
3 7 2
1 4 14
7 8 20
14 16 21
7 8 20
10 11 3
9 9 25
3 5 1
3 5 15
15 16 14
9 12 7
23 1 10
6 8 24
19 22 23
23 1 21
9 9 9
13 13 14
2 3 22
14 16 28
6 8 26
15 16 5
4 5 1
2 5 19
15 18 29
4 7 21
1 5 11
0 2 24
14 18 28
22 23 7
17 19 27
18 22 22
23 1 22
23 22 6
21 0 7
20 23 12
5 7 15
17 20 24
3 5 6
9 12 27
6 8 6
7 10 7
0 1 9
1 3 26
13 15 17
9 12 4
9 9 16
16 19 19
13 15 4
14 14 22
23 1 7
23 3 15
3 5 10
3 5 24
3 5 30
5 8 3
11 13 27
22 0 29
23 0 18
20 23 19
15 17 6
18 20 3
6 8 18
6 8 30
5 6 20
0 1 25
14 17 13
23 1 27
16 17 20
10 12 7
19 22 16
4 5 11
21 23 26
23 1 13
21 0 25
13 16 26
18 20 8
11 13 12
22 22 15
22 23 11
7 8 10
19 22 9
12 14 29
13 15 22
6 8 25
9 11 17
2 3 14
8 12 10
9 12 26
18 19 13
2 5 22
10 11 19
0 3 30
21 23 24
21 0 17
11 13 25
3 6 7
19 21 26
18 21 2
7 9 10
12 16 29
2 3 16
17 19 27
17 19 9
7 9 29
12 14 12
4 7 1
13 17 7
20 22 25
12 14 3
16 17 1
0 2 16
22 22 30
11 14 21
21 22 18
22 1 26
5 8 12
17 18 5
20 22 4
20 22 5
18 20 28
13 14 21
14 16 13
9 12 29
18 20 13
1 4 23
16 18 11
17 20 10
0 1 21
11 14 18
19 21 28
4 5 7
21 22 29
2 4 3
22 0 1
22 0 16
23 2 27
9 10 4
19 22 23
11 12 17
6 10 24
3 6 10
11 13 1
6 8 2
0 -1 4
6 9 21
9 10 7
0 2 11
2 3 3
15 16 23
12 15 13
5 8 19
20 22 30
21 23 30
4 7 26
8 12 9
6 8 28
2 4 29
19 21 8
3 4 2
20 22 27
8 10 4
8 9 22
15 16 2
0 0 8
8 8 26
23 1 14
13 14 13
1 4 3
23 0 9
6 9 12
21 22 3
16 18 5
1 2 14
2 3 29
18 21 3
18 20 28
9 10 22
6 11 17
3 6 20
10 12 9
18 19 25
10 11 6
21 1 20
18 19 14
1 3 17
14 16 22
4 5 24
17 18 22
19 20 26
10 12 9
0 3 28
10 10 30
15 17 26
10 12 8
3 5 12
6 8 11
15 17 23
18 21 12
20 23 5
11 12 26
18 20 2
5 8 16
7 9 30
10 11 20
2 4 29
5 7 28
21 23 24
6 8 7
18 19 9
2 4 16
15 17 9
15 18 29
20 20 14
3 6 23
7 10 10
0 3 27
1 4 26
22 1 2
7 9 17
4 6 6
7 10 14
8 8 4
14 17 26
12 12 20
23 2 5
14 15 27
14 16 2
21 21 12
20 1 29
16 18 17
10 11 30
16 19 14
18 21 20
8 11 8
21 0 22
16 17 4
7 8 16
16 17 22
6 8 14
13 16 10
3 5 29
19 21 12
8 12 22
16 17 28
11 14 27
21 0 16
18 21 6
21 0 28
3 5 7
14 16 13
8 10 24
7 9 6
16 20 15
15 18 15
13 15 8
13 15 14
1 1 6
10 13 1
21 0 3
17 20 15
9 12 13
0 1 10
5 7 1
3 4 26
22 0 19
13 16 15
6 8 17
10 12 22
13 15 11
20 23 17
0 1 26
4 5 4
3 6 28
4 6 30
3 6 5
9 10 23
2 4 21
18 20 7
9 11 25
16 19 9
16 18 7
3 5 26
21 0 9
0 1 27
10 12 1
14 18 2
5 6 22
1 3 28
6 8 13
13 16 16
19 22 6
22 0 2
17 19 23
1 3 12
14 17 19
3 5 2
8 11 30
22 1 27
5 6 20
14 17 11
9 11 13
3 6 29
2 4 2
15 17 13
0 2 22
11 12 12
0 2 4
19 21 11
0 2 19
16 19 13
9 11 27
2 5 26
5 8 22
4 3 19
1 3 2
11 11 2
3 5 22
1 4 9
19 21 13
9 9 11
1 1 9
11 11 20
21 0 4
0 3 7
14 14 22
13 15 16
15 17 18
4 3 22
18 20 21
8 11 15
12 15 7
6 8 21
8 9 11
16 18 24
0 0 12
13 15 11
10 13 3
21 22 15
20 21 9
16 16 11
0 2 18
19 22 18
4 5 2
15 17 26
9 12 25
6 8 1
7 12 10
7 8 16
15 19 15
9 12 25
14 14 9
18 19 26
9 10 12
8 12 21
9 10 27
21 23 30
4 4 3
14 16 15
19 21 13
16 19 16
4 7 11
2 3 25
4 7 18
2 4 21
16 18 7
21 23 22
5 7 1
6 7 7
17 18 5
6 8 15
15 18 6
20 22 19
19 22 19
0 3 8
12 14 25
7 10 2
13 16 30
22 1 9
18 20 24
23 1 19
13 15 29
6 7 29
11 15 5
22 0 6
22 0 12
12 14 16
7 9 20
21 22 20
2 5 20
23 3 18
10 12 2
5 8 24
21 20 8
6 8 28
14 16 22
11 12 23
2 3 11
1 4 11
20 21 22
1 3 23
22 1 19
19 22 9
5 8 6
23 1 21
7 9 6
0 2 4
15 16 18
0 1 10
7 10 7
1 3 30
11 10 18
19 21 1
17 17 2
12 13 17
16 18 30
0 1 26
18 20 17
10 11 6
11 11 15
19 21 16
7 8 13
1 4 9
1 2 29
21 23 7
18 19 27
2 4 5
11 14 16
8 10 29
17 18 18
3 5 10
20 21 7
7 10 6
18 19 2
4 6 25
19 22 10
23 0 15
3 5 15
23 0 27
12 13 24
14 15 23
9 11 22
21 23 21
1 4 10
21 22 1
12 13 23
6 7 25
14 16 2
3 4 12
17 17 13
3 7 14
15 17 24
14 16 4
15 16 4
13 15 21
0 1 21
15 18 26
23 2 3
14 16 15
20 22 2
23 1 24
9 11 27
7 9 18
15 16 8
22 0 22
12 13 1
2 3 23
12 15 1
19 20 3
5 7 30
1 2 8
11 13 15
8 11 15
23 1 15
1 4 26
23 1 26
13 15 11
3 5 6
22 1 3
17 20 8
18 20 4
7 11 29
9 11 19
7 11 3
2 4 29
13 15 28
20 23 30
15 18 3
7 10 29
4 6 14
21 0 4
14 17 24
5 8 18
7 10 10
15 17 8
22 22 12
2 5 1
13 15 11
2 5 18
12 12 15
4 8 7
18 18 18
16 18 22
12 15 15
5 8 22
2 3 3
9 11 10
5 5 7
15 17 25
14 17 6
23 1 8
3 5 29
4 5 23
3 5 13
11 13 10
6 7 30
16 19 10
1 1 13
12 14 20
0 1 8
6 9 1
20 21 4
9 11 21
9 10 8
11 13 7
21 22 6
1 3 13
7 8 9
10 11 9
17 19 26
14 16 15
16 16 15
5 6 10
12 14 27
22 23 14
1 4 4
7 9 28
17 18 23
8 9 8
4 6 19
13 15 19
6 7 11
13 15 12
23 1 2
3 5 12
2 6 7
6 7 7
0 3 17
0 2 3
15 16 25
6 7 26
9 11 6
7 10 28
12 13 13
10 11 30
16 19 23
18 19 11
1 2 26
7 8 1
17 20 9
6 7 29
20 23 2
1 3 4
8 9 27
11 13 9
7 10 18
21 23 4
18 20 16
6 7 15
12 16 23
2 3 24
10 12 8
19 21 25
8 9 3
6 10 10
23 2 30
5 8 3
20 21 4
19 21 1
21 23 30
12 14 22
15 18 7
10 13 20
2 5 16
17 19 16
16 18 6
5 8 13
9 11 28
14 16 26
9 12 6
19 20 20
19 21 21
22 23 7
2 4 4
1 1 5
21 21 14
1 2 28
19 21 16
9 9 25
9 12 28
6 6 14
12 13 30
15 16 4
12 15 15
17 20 2
20 21 3
3 6 24
15 15 6
4 6 6
6 8 28
3 7 15
20 21 10
18 20 5
0 0 28
7 8 1
12 13 19
11 12 19
14 15 24
4 5 6
7 8 30
13 15 20
4 7 3
8 10 27
19 21 8
1 3 2
0 2 2
3 6 8
14 17 4
20 22 2
7 9 10
0 1 2
7 9 21
5 8 11
13 14 14
18 19 1
2 5 23
1 3 15
17 19 25
21 23 18
3 6 30
17 19 26
15 17 11
5 7 20
0 2 12
20 22 5
1 4 22
13 17 10
7 11 13
18 21 11
9 10 6
18 21 14
10 11 13
2 3 24
9 11 28
19 21 6
8 9 10
1 4 19
15 17 28
10 11 11
5 5 16
1 3 14
6 9 16
1 2 15
8 10 21
2 3 27
17 19 22
13 15 28
10 12 18
0 3 14
6 9 30
11 12 30
18 19 26
12 13 2
8 11 8
1 3 22
17 18 3
11 13 28
10 10 3
13 15 25
2 3 24
12 13 8
15 16 7
17 19 18
19 20 12
13 14 25
17 17 23
5 8 25
13 15 11
0 1 26
13 15 30
6 9 12
13 16 7
8 11 19
9 12 16
10 13 1
0 0 22
4 5 23
4 4 14
17 19 5
21 0 17
2 6 21
12 14 20
5 4 9
14 15 22
7 8 2
11 13 16
5 8 24
17 19 19
12 13 28
17 19 25
7 9 15
6 7 11
2 3 27
1 3 3
19 23 5
9 10 16
6 9 1
14 18 5
7 8 17
19 23 29
22 0 4
18 20 29
3 3 1
3 5 10
8 11 1
1 2 23
8 11 29
2 3 12
23 23 12
15 17 16
14 16 25
21 21 3
18 21 24
16 17 5
6 7 14
1 2 28
20 22 30
12 14 25
12 16 3
1 4 5
4 6 11
17 19 1
5 6 1
14 17 18
15 18 29
15 14 29
13 15 2
10 13 16
17 21 13
13 15 22
23 2 16
5 8 28
4 7 22
8 11 30
21 23 26
6 7 24
17 19 18
23 2 7
16 18 1
5 8 5
15 17 22
6 8 14
19 21 7
15 16 7
14 16 9
12 13 3
15 14 24
7 8 29
21 22 30
0 4 20
12 14 5
22 23 25
5 7 1
22 23 29
9 11 8
7 8 9
20 22 26
19 21 16
4 7 3
0 3 24
22 0 29
2 4 30
7 9 3
23 1 11
6 8 17
6 8 8
19 20 30
5 7 24
21 22 15
2 4 29
11 13 7
0 3 28
13 15 2
10 13 7
21 0 17
20 23 7
1 2 25
17 20 11
21 23 4
10 12 29
0 2 1
13 15 30
11 14 25
15 15 24
0 2 3
17 19 17
17 20 6
9 10 8
18 21 6
8 9 10
1 4 7
16 18 24
20 22 18
18 17 7
11 12 4
13 15 22
16 19 29
9 12 3
20 22 13
1 3 20
9 12 2
5 8 9
13 16 23
0 2 29
15 18 7
1 4 21
12 13 28
17 18 1
11 12 5
10 14 22
23 3 28
4 5 1
8 10 11
7 10 29
10 13 13
17 19 1
23 2 14
21 22 10
4 7 26
19 22 10
20 22 22
20 23 28
12 13 8
21 1 12
19 20 6
8 9 30
3 3 27
9 12 25
23 1 25
6 8 19
2 4 10
18 20 5
15 17 4
6 8 7
18 21 19
0 3 11
14 17 17
10 14 13
4 5 17
14 15 30
7 9 14
21 0 7
7 10 28
7 8 28
15 16 20
5 5 26
6 8 20
6 6 15
6 8 18
17 18 14
7 8 25
22 1 16
3 4 14
7 8 15
14 17 7
5 6 16
15 17 20
5 9 4
4 6 6
10 12 28
20 23 23
16 19 30
15 15 12
12 13 17
6 7 4
8 10 18
8 10 15
1 3 4
18 21 25
4 8 28
1 3 12
16 18 23
9 11 15
19 21 27
11 13 13
10 11 14
7 8 15
8 10 14
17 20 7
23 0 6
5 9 12
2 4 10
3 5 9
20 21 3
20 23 15
11 12 12
15 17 7
20 20 26
14 17 9
4 7 21
3 4 22
20 21 5
12 14 11
4 6 11
12 13 7
14 16 16
0 2 25
8 11 10
1 3 20
5 7 26
3 5 13
1 5 7
12 15 16
21 21 21
5 5 10
14 16 27
17 18 27
17 18 26
6 8 28
21 22 11
18 20 24
14 15 26
6 9 30
1 4 21
12 14 5
23 1 24
12 16 1
11 14 28
10 14 23
10 13 10
16 20 20
23 3 8
13 15 4
0 3 7
11 13 12
3 6 15
12 16 19
19 21 13
1 1 2
3 4 22
8 10 19
14 16 16
20 21 30
4 6 29
9 10 5
10 11 14
9 12 2
10 11 3
7 10 13
22 0 4
21 22 25
3 4 28
2 4 12
17 18 20
5 8 9
1 3 4
4 6 17
2 4 27
19 19 6
4 5 2
9 10 28
12 14 10
22 23 12
16 18 28
1 5 27
23 1 4
4 6 15
14 18 11
7 8 21
18 20 9
23 2 29
16 17 10
10 11 14
6 9 6
6 10 17
7 9 26
2 7 20
9 12 9
3 6 17
21 22 23
3 6 26
18 20 17
10 12 9
2 3 25
10 13 27
9 11 28
17 18 20
8 11 22
1 2 24
20 22 18
7 10 24
18 21 15
16 19 15
8 9 22
18 20 22
21 0 15
20 0 26
17 20 24
4 5 21
19 23 2
19 21 30
19 23 9
11 13 27
16 18 6
3 5 24
20 0 21
23 23 21
1 2 18
18 20 21
17 19 29
10 13 25
17 21 1
5 7 21
18 19 29
3 4 20
6 6 6
17 20 4
12 13 23
3 6 4
15 17 14
20 22 12
6 8 5
11 13 16
8 10 11
8 9 7
5 6 2
9 11 24
18 21 8
2 3 8
6 7 15
9 11 6
8 12 30
23 2 20
2 2 26
5 7 6
23 1 21
8 9 25
15 16 22
3 5 21
16 18 21
9 10 27
7 8 20
22 0 22
13 16 14
10 14 12
0 1 18
10 13 6
9 13 13
18 20 9
21 22 23
9 12 10
6 7 30
2 4 22
17 18 20
6 8 8
11 12 24
13 14 4
3 6 21
2 4 30
21 23 18
16 18 24
10 11 6
17 19 24
12 16 8
9 12 11
17 18 5
16 18 9
18 19 13
22 0 14
17 19 22
4 7 1
18 20 11
8 9 30
2 5 29
22 22 17
1 4 21
16 19 13
4 4 17
8 11 4
3 4 29
3 4 7
0 3 27
9 12 18
6 8 15
5 8 5
17 17 4
13 16 10
3 4 30
11 13 10
5 7 14
12 14 14
4 7 27
8 11 9
1 3 1
3 5 29
15 16 21
12 13 4
21 23 12
10 13 6
16 18 21
8 12 7
23 1 5
5 6 14
0 -1 27
16 19 24
13 14 5
13 13 18
8 9 13
19 21 17
21 23 23
10 14 18
22 23 24
14 17 22
22 23 5
20 22 9
8 12 1
18 17 14
16 18 19
1 4 2
7 9 14
0 2 30
15 18 30
8 11 15
6 6 8
17 20 10
17 22 10
11 15 3
3 5 7
5 7 24
22 1 18
9 12 25
16 17 26
20 23 11
2 5 3
13 15 26
4 4 1
10 11 17
23 2 1
14 17 24
18 19 29
1 2 3
20 22 26
12 13 29
11 13 26
22 0 30
17 18 11
17 19 24
19 22 18
8 10 24
2 3 3
21 23 26
4 8 18
19 20 16
6 10 9
20 23 25
1 2 27
17 17 5
20 21 7
17 17 6
0 2 26
11 14 22
8 12 19
10 11 18
3 5 5
16 18 1
5 6 23
17 18 27
3 5 19
22 22 23
0 3 12
12 15 28
11 13 28
12 14 16
20 22 21
4 6 27
9 12 5
22 0 8
6 8 7
15 19 14
22 2 4
17 18 24
10 11 14
1 3 14
15 17 3
0 2 5
6 7 27
4 7 6
11 13 29
1 4 30
2 5 24
15 17 23
6 8 30
4 4 29
20 22 1
4 6 1
4 5 1
9 11 26
10 10 25
12 15 5
21 23 5
2 4 23
7 10 30
11 12 4
9 13 2
20 22 27
15 17 23
13 14 25
5 7 28
0 1 28
4 5 8
10 10 17
7 8 28
14 17 19
12 13 28
5 4 10
7 7 18
3 3 15
1 3 19
5 8 28
13 16 26
21 23 21
4 5 3
0 3 7
9 12 26
9 11 22
4 6 7
23 1 15
7 10 21
6 6 22
16 19 30
5 8 9
7 10 17
9 11 8
9 12 4
11 14 23
2 4 19
11 14 24
1 4 27
23 1 23
1 4 5
16 17 1
1 2 19
0 3 30
3 7 1
13 15 23
16 19 30
2 3 4
16 19 1
0 3 26
1 2 20
14 17 5
10 12 11
22 23 10
4 5 23
9 12 5
20 21 10
11 13 5
13 15 18
4 6 13
23 0 29
1 5 11
13 15 3
21 0 23
12 15 1
23 1 5
22 0 29
6 10 30
13 15 15
20 23 1
18 20 17
17 21 26
7 10 19
23 23 30
23 1 24
9 11 26
4 8 17
15 15 5
16 17 9
7 10 9
6 8 15
9 11 30
5 7 30
15 18 1
21 23 12
8 9 28
21 22 23
3 3 26
11 12 5
20 22 21
1 4 22
15 17 15
6 8 30
10 12 30
5 6 20
18 19 20
8 10 18
7 9 13
12 13 13
3 5 2
6 9 11
11 14 16
13 14 26
19 23 16
11 13 25
7 10 12
15 17 1
1 3 10
19 22 22
6 7 17
15 16 30
10 11 22
3 5 3
10 14 9
4 4 2
21 23 24
7 10 16
5 5 29
8 10 4
21 23 21
12 13 10
10 13 6
13 15 4
10 12 11
11 12 19
17 19 5
11 12 19
11 13 20
11 12 14
23 3 3
7 10 4
0 1 1
0 2 3
15 17 1
2 6 3
0 1 28
19 22 26
22 22 14
0 2 22
8 8 22
18 20 24
11 12 20
20 22 15
5 8 22
2 5 15
10 11 2
19 21 9
2 5 17
7 10 6
15 17 28
0 2 7
4 6 16
10 11 13
3 5 21
23 0 5
1 3 27
17 21 8
15 16 12
17 21 25
2 4 13
2 5 24
15 15 23
7 9 25
9 11 23
21 0 23
6 9 7
11 15 13
12 12 9
13 17 2
16 17 30
0 2 2
12 13 26
1 2 13
19 22 13
8 11 17
3 5 21
21 23 23
14 17 3
9 11 25
19 20 22
2 4 23
7 9 12
3 6 14
12 14 14
21 22 25
8 10 22
7 8 12
13 15 18
3 4 6
12 12 8
19 21 10
8 11 30
9 11 10
18 18 18
14 15 22
18 20 28
1 2 15
13 17 10
10 12 13
12 16 28
8 11 3
13 16 18
18 19 22
20 22 26
3 4 6
4 5 26
11 12 12
21 23 5
14 16 12
19 20 26
21 23 16
2 2 20
14 17 5
14 18 13
10 12 19
1 3 17
2 4 30
20 22 14
22 0 16
14 17 6
4 6 8
15 19 3
4 5 28
10 11 27
14 17 9
23 2 17
0 2 10
12 16 4
0 1 22
0 3 27
1 5 7
8 9 4
4 7 2
22 1 27
14 17 9
16 19 29
13 14 17
19 22 29
19 22 6
9 9 24
13 16 4
5 7 23
9 11 24
9 11 13
16 19 23
18 21 13
11 12 7
11 14 21
4 5 30
20 23 1
2 5 16
11 12 4
2 5 21
2 7 7
11 15 30
9 11 5
23 2 16
22 23 30
13 16 5
20 23 24
4 6 5
18 20 12
19 23 30
19 20 8
16 18 8
22 23 21
9 10 7
9 11 21
9 12 26
1 3 27
18 20 22
23 1 20
5 8 29
12 12 12
17 20 26
16 18 11
0 2 6
9 11 22
7 9 2
3 7 6
20 20 30
2 4 16
20 23 28
5 6 7
6 9 21
11 12 11
7 7 15
21 0 7
3 5 28
23 1 14
13 13 3
1 2 13
14 16 13
3 5 15
1 5 8
1 4 23
12 13 16
1 3 25
21 0 16
9 11 16
0 2 11
20 23 26
7 10 9
2 3 6
5 8 2
22 22 26
3 6 24
5 5 19
2 4 26
9 12 18
22 0 1
23 1 26
8 10 15
16 18 18
19 21 13
7 8 26
6 10 27
13 15 11
18 21 19
10 12 22
8 8 26
1 2 24
3 4 5
23 1 30
1 3 16
3 5 29
2 4 2
21 21 4
20 22 14
16 20 23
14 15 8
4 6 29
21 23 22
19 20 27
8 11 13
6 9 30
23 23 7
16 19 30
5 7 17
4 7 2
9 11 30
18 18 3
7 8 16
12 14 5
7 8 6
6 8 21
10 11 4
10 11 14
8 8 5
22 23 1
18 21 20
14 18 3
5 5 15
8 10 1
11 12 15
18 20 28
19 21 12
20 19 14
0 2 6
18 20 30
2 4 6
1 4 26
14 16 3
23 1 27
12 12 20
19 21 20
18 20 19
11 12 13
7 10 26
20 22 16
11 13 2
11 14 19
10 14 13
23 1 18
0 1 16
17 19 28
9 11 23
15 16 8
7 8 10
11 14 27
4 7 11
17 19 15
16 17 8
7 10 20
2 3 17
23 23 28
9 11 12
3 5 1
22 1 2
11 15 27
17 18 1
20 21 15
18 20 8
22 0 19
18 20 15
3 4 5
14 16 22
5 8 25
15 16 29
5 8 20
4 6 8
