2350 30
16 17 22 8 16 13 24 17 24 24 13 12 26 26 9 29 27 15 12 22 11 29 4 11 20 11 7 14 13 27 
8 10 2
23 2 25
14 18 4
11 14 17
11 13 17
18 21 16
18 20 16
7 9 22
22 1 6
17 20 18
11 13 25
6 7 4
4 6 19
8 11 1
21 20 12
14 16 27
17 20 10
18 20 22
14 16 7
8 11 12
11 14 4
23 0 13
10 12 28
7 9 28
15 18 28
22 1 30
9 13 15
18 21 13
15 19 9
1 3 16
0 2 21
16 19 16
8 9 1
16 18 16
15 17 3
16 19 25
19 20 12
7 10 3
23 0 11
22 1 5
4 4 22
21 23 22
23 1 11
12 16 6
9 12 6
0 0 11
22 1 13
10 11 27
0 3 2
2 4 28
8 9 27
7 10 28
14 16 13
15 17 9
5 7 18
11 13 12
16 19 8
1 3 7
21 23 1
14 16 24
2 3 24
14 16 11
4 8 14
23 3 23
20 23 22
12 15 8
7 10 9
10 11 30
10 11 28
11 13 7
19 22 10
14 15 1
14 13 30
5 6 28
7 10 1
10 12 9
0 2 6
11 13 7
0 2 5
21 23 20
10 10 13
1 4 14
9 9 22
11 12 8
4 6 1
6 8 6
3 5 23
23 0 28
13 15 17
8 11 15
13 16 5
2 5 9
5 7 24
7 8 24
22 0 9
15 17 17
0 3 27
11 14 9
5 8 7
7 9 4
21 22 13
19 21 26
21 22 27
13 14 25
6 6 10
23 1 8
12 14 25
6 7 9
8 11 5
9 10 23
20 22 10
1 4 1
21 22 5
13 14 24
8 10 17
14 16 18
23 1 15
12 15 1
18 20 16
20 22 3
20 23 23
18 19 13
13 15 15
13 15 27
1 4 23
3 6 10
5 8 21
9 12 3
19 22 11
6 6 18
3 6 4
7 9 17
23 1 22
4 7 25
7 11 14
2 2 5
4 7 18
8 12 7
17 20 12
10 13 24
20 22 25
13 15 2
8 10 12
7 10 9
3 4 1
1 2 26
8 9 7
11 13 5
22 0 10
12 13 26
2 4 6
13 16 28
16 18 18
15 17 5
22 0 15
7 9 20
9 12 6
3 6 7
3 4 16
11 14 13
16 19 2
20 22 7
21 0 5
3 6 30
9 12 11
5 7 3
0 3 17
16 16 18
9 11 9
8 11 27
17 20 14
10 11 16
19 21 23
7 9 27
6 7 7
19 21 13
9 11 22
17 20 29
4 5 29
13 14 2
22 1 22
15 15 10
4 6 27
16 19 26
8 11 30
21 23 11
14 14 7
20 0 2
5 7 20
17 19 28
0 5 19
7 7 15
3 4 29
7 8 7
5 7 13
13 16 14
13 15 27
18 21 4
17 18 6
0 3 30
17 19 15
14 18 2
7 8 18
22 1 21
2 4 30
15 16 10
13 15 21
8 9 1
6 8 12
18 21 21
7 9 23
23 3 30
15 15 27
17 20 15
13 15 20
20 23 6
8 10 20
4 6 4
0 2 1
0 3 10
7 10 12
1 3 6
4 6 21
2 4 5
6 7 21
5 6 5
13 16 10
15 18 24
5 9 16
5 7 4
4 6 10
10 13 17
13 15 9
8 10 23
12 14 6
14 16 7
10 12 7
16 20 11
1 2 14
18 22 14
12 14 14
17 20 5
2 3 3
3 4 8
20 20 28
16 20 3
19 21 3
21 23 12
18 21 11
13 16 13
14 17 20
9 10 13
6 9 2
9 11 25
5 5 26
5 8 10
21 0 19
4 5 20
16 18 28
21 1 16
0 4 23
18 18 18
23 1 21
12 14 26
18 20 14
21 21 12
4 6 23
20 22 16
0 2 13
3 5 30
9 11 12
12 14 18
21 23 4
4 5 2
15 17 4
19 21 23
10 12 9
16 19 21
3 4 14
1 3 8
1 3 24
5 7 5
4 9 17
4 6 4
23 0 17
21 0 6
3 6 17
12 12 30
10 13 18
11 11 10
10 14 22
1 2 7
19 19 4
7 8 25
8 11 7
12 15 19
7 9 12
23 1 15
5 7 18
17 17 24
9 11 15
4 7 11
23 1 23
3 7 25
0 5 29
11 12 12
4 5 14
12 14 13
22 23 26
14 16 3
9 11 1
4 7 30
21 0 21
16 18 7
15 17 17
11 13 8
7 8 13
11 12 12
8 9 6
23 23 4
6 8 9
2 4 9
12 13 8
16 20 13
1 4 15
12 13 6
8 10 3
2 2 20
7 8 16
13 16 8
12 13 11
3 5 4
17 18 4
13 15 9
14 17 30
23 1 16
3 4 20
16 19 15
1 5 10
17 19 12
15 17 15
5 9 28
11 13 16
5 8 10
23 2 26
4 4 19
12 15 13
3 6 29
16 19 26
21 0 25
22 22 13
4 6 26
11 15 18
17 20 30
20 22 9
22 2 27
13 14 23
14 17 9
21 23 21
11 13 10
23 1 29
16 20 30
21 23 12
1 4 15
22 21 15
11 13 25
16 19 20
10 12 13
23 1 27
5 7 8
0 2 5
23 1 12
4 6 21
18 20 7
11 14 26
2 3 18
18 20 24
15 18 14
9 11 16
17 20 15
14 18 16
1 4 15
20 23 14
18 20 5
21 23 21
11 13 27
17 20 28
19 20 6
5 8 15
23 23 1
11 13 2
5 7 8
16 17 25
16 17 27
5 8 6
1 3 21
23 0 27
1 3 23
13 15 11
16 18 14
19 21 16
18 19 3
4 6 20
9 10 8
0 2 19
15 17 19
11 13 19
19 23 2
19 20 23
1 3 16
4 6 29
3 6 6
18 20 5
22 0 10
13 15 19
12 13 12
15 15 2
10 11 12
16 20 30
2 6 5
18 20 9
2 4 6
21 22 30
14 16 1
16 18 29
12 14 22
22 1 2
17 19 21
23 1 13
21 0 2
9 13 24
8 10 8
15 16 6
14 18 21
10 12 26
1 1 17
12 13 5
10 13 25
17 20 24
19 21 23
3 7 8
23 3 29
21 23 10
3 4 13
6 10 24
1 4 18
14 16 10
2 5 3
20 22 18
16 19 8
6 8 11
14 16 17
12 14 23
3 7 3
1 1 27
22 1 3
21 23 2
11 13 9
16 18 4
11 12 21
1 3 4
1 3 19
7 9 1
15 16 28
16 19 30
19 20 1
14 17 16
7 10 1
5 6 23
4 5 24
1 5 27
22 1 2
17 20 22
4 6 26
6 7 27
7 7 29
11 13 26
15 16 9
9 12 9
16 18 29
5 7 13
14 17 23
3 5 17
19 0 8
8 11 24
6 9 18
3 3 25
20 21 22
21 23 29
7 8 23
10 11 19
6 8 25
14 16 19
15 16 7
19 21 28
19 21 16
9 12 21
4 6 17
16 18 30
15 17 1
17 19 18
7 8 30
4 7 11
19 20 8
8 12 3
11 13 2
1 4 24
17 20 30
17 20 5
4 5 9
13 13 9
20 20 17
14 16 25
4 6 18
10 12 10
4 7 30
12 16 4
13 16 3
19 21 11
6 10 30
9 11 10
5 5 9
18 21 3
19 21 15
7 9 18
18 20 7
23 2 19
9 11 29
4 6 28
17 19 16
5 7 5
8 7 27
14 16 14
1 3 7
11 13 20
0 0 6
13 14 30
18 20 29
18 20 20
9 12 5
14 17 19
3 5 12
3 5 12
9 12 5
2 4 23
1 4 28
16 20 6
21 23 1
3 5 3
6 7 6
4 5 27
17 19 24
4 6 13
9 12 15
14 16 4
16 19 16
14 15 17
17 19 7
22 1 16
14 17 26
6 8 6
7 9 15
14 16 19
3 7 11
18 20 13
7 9 29
0 0 1
6 8 4
1 3 22
15 17 30
0 3 7
0 1 27
10 12 9
22 1 8
23 1 18
15 18 15
5 7 8
17 19 4
21 22 13
13 16 10
18 22 6
5 6 16
18 20 5
13 15 9
3 3 30
12 13 16
6 8 5
4 7 27
15 18 9
4 7 2
21 22 17
4 6 15
4 5 30
17 19 4
11 13 16
11 13 30
4 5 27
2 5 22
20 21 8
3 4 26
12 15 5
16 17 30
11 12 24
1 3 14
1 2 9
1 3 9
5 6 1
11 14 2
21 0 16
18 21 3
21 0 22
5 8 29
9 10 7
8 11 27
9 11 11
22 23 6
22 0 14
5 6 2
2 5 24
12 12 26
10 13 26
18 19 26
8 9 14
17 19 16
21 22 15
3 6 3
3 5 15
22 0 12
12 14 15
7 8 19
16 18 8
10 12 12
5 7 3
8 13 21
7 10 3
6 8 21
1 2 27
19 23 30
10 14 21
8 10 26
13 16 24
11 12 24
1 3 6
9 11 6
17 17 21
17 21 2
1 2 16
11 12 15
22 23 20
8 9 24
0 4 18
13 13 1
7 11 1
10 12 28
21 22 17
6 5 24
1 2 25
18 20 11
7 9 22
22 0 28
1 3 16
9 12 29
21 0 25
18 20 22
3 4 11
19 22 3
4 8 18
10 11 14
14 16 18
18 21 28
8 10 21
1 5 14
5 7 5
8 9 21
13 14 20
12 16 26
20 21 25
7 9 23
16 19 7
10 12 21
19 19 10
11 14 15
14 17 7
22 0 13
19 22 1
18 20 26
14 16 26
20 23 30
15 17 23
2 5 14
18 21 24
20 23 11
7 8 28
15 15 28
19 21 14
21 23 16
15 18 4
7 9 11
8 10 11
20 21 7
12 13 17
18 22 8
3 4 26
14 15 11
23 1 18
0 1 28
16 19 23
17 18 16
16 17 1
20 23 24
10 13 28
4 6 23
17 19 14
1 2 7
9 11 25
5 9 20
4 5 5
3 5 18
16 17 7
16 18 16
14 15 1
5 7 13
9 12 5
5 7 8
12 15 22
17 19 27
15 18 17
3 5 23
5 6 4
21 1 5
2 3 15
10 13 19
4 6 27
5 5 13
15 18 18
4 7 4
19 20 21
2 5 24
16 15 2
18 21 18
15 17 21
9 11 26
0 4 22
7 9 18
6 8 28
21 23 15
2 6 29
21 23 12
20 23 20
16 17 18
11 12 20
7 8 25
12 14 16
15 17 24
16 17 17
18 21 3
12 13 7
18 22 4
4 5 18
22 0 30
16 18 29
18 20 19
7 8 2
1 3 26
14 15 8
19 21 28
23 1 10
1 3 7
20 20 15
1 2 8
6 7 14
11 12 25
8 10 13
17 18 28
3 6 12
19 22 2
18 20 30
9 10 7
9 11 26
15 17 18
5 7 25
8 10 24
22 2 9
1 4 2
21 0 30
16 18 26
13 18 11
23 1 7
6 8 13
3 4 1
19 21 23
5 9 30
14 14 7
5 5 28
3 6 10
12 13 19
15 17 30
0 1 22
16 19 28
23 1 19
20 22 8
20 23 30
22 0 15
11 13 7
16 17 10
7 11 24
17 20 21
22 2 17
22 23 5
22 0 7
5 9 17
14 17 4
4 7 17
4 5 9
9 11 17
18 17 29
12 14 9
3 6 12
16 19 19
15 16 13
11 14 30
19 21 11
8 9 9
9 10 27
13 13 9
8 10 14
8 11 30
9 11 8
17 20 24
8 12 29
5 6 9
1 3 2
5 8 24
6 8 4
16 18 14
22 22 5
15 17 7
3 6 26
22 22 6
15 18 21
13 15 5
0 2 22
19 20 9
6 8 3
10 14 16
18 21 5
5 9 26
2 4 25
11 13 4
5 7 25
7 8 25
9 10 25
4 6 23
5 7 9
15 17 9
19 23 26
6 9 25
4 5 14
20 23 1
17 20 9
9 12 3
16 18 4
13 13 7
10 12 3
15 18 12
21 0 30
2 4 2
13 15 24
6 9 15
22 23 8
11 13 3
9 11 9
18 21 10
2 3 7
6 8 22
0 1 17
3 5 1
15 16 12
12 15 8
8 9 25
16 17 12
9 12 8
4 6 29
14 15 10
20 21 19
18 19 9
10 11 14
3 4 4
2 3 1
17 19 2
23 23 24
5 8 21
20 21 7
17 18 16
0 3 17
21 23 17
8 11 10
21 23 6
3 5 18
4 6 17
22 0 4
13 16 14
9 13 20
19 21 20
4 3 21
17 19 12
7 11 12
3 6 2
18 19 29
16 19 27
6 6 24
17 17 4
14 17 4
11 14 16
14 16 25
4 7 10
21 22 4
11 11 14
22 0 8
8 9 7
6 9 13
16 19 30
6 7 18
11 15 25
0 1 23
6 7 1
20 22 23
11 12 12
19 21 15
21 21 17
16 17 10
3 6 8
6 7 22
15 19 14
19 21 18
7 9 30
3 4 11
19 22 1
16 19 30
23 2 20
14 16 29
11 12 3
19 19 6
19 23 9
15 17 7
21 21 24
16 18 16
21 22 7
12 14 19
13 16 7
9 11 22
9 12 27
0 2 20
17 18 2
20 22 4
8 10 18
14 17 3
4 6 25
15 16 29
12 14 24
9 11 14
16 18 14
13 15 14
5 6 18
19 21 26
8 8 6
3 5 30
11 13 21
17 19 17
12 14 5
3 5 18
17 19 11
15 14 19
1 5 16
9 11 23
1 1 18
22 22 3
18 21 3
10 12 12
15 17 29
11 14 10
17 19 5
20 22 19
10 11 21
12 15 8
7 10 21
15 19 11
15 17 13
23 2 16
2 3 14
4 7 15
17 17 8
3 5 1
9 10 22
18 20 12
16 18 6
2 5 13
19 21 5
4 6 23
23 1 2
18 21 5
23 1 14
23 1 24
18 22 23
14 15 5
12 12 24
2 3 1
11 13 17
13 17 1
1 2 3
17 19 8
1 3 15
0 1 1
21 0 23
9 10 24
20 23 27
9 12 16
17 20 23
15 18 5
8 8 3
10 11 29
19 20 25
1 3 12
8 13 3
6 8 12
3 6 13
18 17 21
16 18 20
16 19 23
23 2 16
5 7 15
4 8 6
21 0 20
21 0 6
11 13 26
22 0 17
18 20 16
11 13 27
9 10 28
15 17 10
16 18 28
23 0 15
22 23 14
9 11 24
3 6 20
8 10 22
10 10 5
9 10 29
5 7 17
19 20 16
12 14 16
7 11 27
15 15 23
9 11 23
10 12 28
16 17 21
12 16 15
15 18 13
6 9 1
15 17 22
18 20 2
14 16 21
22 23 26
7 8 25
18 20 27
13 15 20
14 16 19
18 18 19
13 17 22
22 23 23
2 5 15
14 16 29
9 10 18
4 6 30
5 8 5
11 13 11
13 16 22
21 23 14
0 1 5
0 0 11
20 23 25
9 11 23
2 4 7
14 17 19
23 2 18
2 3 23
0 1 7
21 23 5
17 16 30
17 19 17
7 8 14
8 8 21
9 11 29
22 1 25
23 1 6
22 22 28
23 23 29
14 17 18
10 14 24
10 13 22
4 5 10
13 14 24
2 4 5
23 0 15
18 20 25
21 0 19
5 9 20
2 4 20
16 16 4
10 11 26
4 4 2
22 0 14
21 23 22
8 8 7
0 3 10
14 16 6
17 21 17
11 14 19
6 8 23
18 21 16
10 12 28
10 14 30
23 23 14
6 8 12
17 19 15
12 13 14
7 10 2
19 21 15
19 21 15
23 1 29
7 8 20
22 22 2
3 5 10
8 10 26
1 2 8
10 12 23
21 0 20
4 6 7
8 9 6
6 8 23
1 4 14
13 16 8
15 17 11
18 21 4
16 17 24
16 17 15
8 10 10
8 9 20
19 22 23
7 9 17
15 16 24
21 0 18
8 9 26
19 21 11
4 7 19
2 4 15
21 0 4
4 6 25
8 10 29
12 15 9
17 19 4
0 2 9
6 6 19
19 21 8
14 15 15
0 3 24
9 12 12
4 7 25
15 16 29
22 0 7
11 11 25
16 16 17
2 3 10
9 11 10
15 17 4
6 9 2
11 13 12
4 5 10
18 20 15
14 17 10
2 4 19
16 17 2
15 15 3
7 9 19
10 12 18
11 14 8
16 18 14
12 13 28
8 12 1
14 17 13
11 13 11
10 12 10
3 4 22
10 12 28
4 5 30
20 22 6
6 8 2
6 6 30
22 0 22
17 19 22
9 9 26
16 18 17
2 4 16
12 13 30
7 10 23
18 21 30
15 16 29
22 0 6
14 16 1
19 21 29
9 12 24
23 1 9
21 0 2
8 11 9
9 12 24
19 21 16
6 7 8
6 8 23
21 23 12
7 9 23
12 15 5
1 4 16
15 16 23
4 5 8
8 10 14
20 22 7
13 14 6
19 21 14
21 22 6
0 2 3
11 13 16
23 3 12
19 22 19
2 5 11
10 12 13
1 1 20
10 12 13
13 16 10
9 10 17
14 18 11
12 15 28
7 10 12
15 16 7
2 4 2
18 21 22
12 16 25
8 9 20
4 4 6
2 4 7
8 9 4
3 3 4
11 14 19
15 19 18
1 3 11
6 9 9
5 7 5
12 15 17
5 7 13
20 20 18
14 15 2
14 16 3
10 12 2
10 12 2
17 18 28
13 16 6
0 2 22
3 5 18
1 4 14
8 11 17
14 17 8
3 5 22
19 20 23
0 3 8
20 21 5
16 20 3
1 2 13
1 4 24
17 20 27
6 8 23
23 2 10
6 9 22
18 21 7
8 11 9
18 19 2
3 6 2
2 5 17
14 17 14
8 10 30
15 18 13
20 21 1
3 5 30
14 16 19
6 6 20
9 10 18
6 8 6
3 5 23
11 14 1
10 10 2
4 7 13
5 7 17
17 18 20
1 4 11
21 23 26
12 13 17
22 23 22
18 22 23
9 11 21
20 19 17
21 23 23
18 20 29
5 7 10
15 17 11
0 1 23
17 19 19
18 21 8
22 1 18
10 15 15
5 8 6
2 4 2
9 10 26
20 20 6
21 0 11
22 23 22
1 4 4
12 14 20
19 21 11
11 13 20
4 6 9
6 8 27
2 3 27
9 12 12
10 11 6
2 4 3
20 21 7
12 12 22
6 9 15
12 15 4
8 11 28
17 20 26
21 22 24
9 10 16
13 16 19
10 10 17
0 2 6
20 22 26
15 16 27
17 20 23
8 9 9
14 18 25
22 23 27
2 4 10
16 18 4
15 16 28
15 17 1
21 2 21
17 19 7
1 4 7
1 2 5
2 5 10
20 22 25
13 17 7
15 16 24
18 20 29
21 0 14
6 8 10
12 16 3
21 22 25
0 2 1
7 8 1
23 2 13
11 15 24
4 6 20
20 22 1
5 7 11
12 13 6
7 8 6
4 8 12
8 11 18
19 20 8
8 9 8
9 12 12
8 11 24
3 7 12
21 22 10
5 7 4
2 7 1
17 19 24
2 4 5
2 4 18
11 12 13
9 9 22
18 21 22
22 0 29
15 17 9
18 21 20
14 16 11
18 20 12
18 21 17
10 12 22
15 15 5
13 16 8
18 21 11
4 5 4
14 15 8
1 3 24
18 19 9
8 10 29
9 10 27
10 12 20
17 21 7
23 1 25
9 11 14
21 0 2
15 15 10
22 23 24
0 1 4
3 5 14
1 3 22
11 13 26
18 19 26
8 11 3
12 13 10
19 20 6
23 1 4
4 6 2
3 6 30
8 10 18
5 8 5
20 0 15
7 9 28
16 17 15
11 12 23
7 11 16
23 1 15
0 2 24
6 10 13
15 18 21
6 8 15
9 12 27
9 10 10
15 17 13
20 22 6
1 4 28
16 19 27
0 2 13
8 12 10
5 7 20
11 12 9
7 8 6
23 3 25
6 7 21
6 7 10
14 16 8
23 2 26
23 1 24
22 23 21
7 8 10
18 20 1
20 21 7
13 13 28
5 8 4
4 7 16
5 7 29
10 13 3
0 1 27
3 4 15
17 19 1
18 19 26
15 16 25
0 2 12
23 1 26
11 14 5
17 20 5
3 3 13
1 2 22
4 7 4
12 16 19
1 3 12
12 16 29
3 6 15
14 18 2
5 7 12
23 1 14
3 4 29
20 23 7
12 15 29
16 17 2
11 12 18
22 23 22
21 0 1
12 15 3
4 7 26
11 13 2
13 17 9
7 8 1
1 4 12
18 21 9
23 22 13
13 16 27
23 2 28
19 22 17
8 9 16
19 20 11
19 21 20
21 22 22
22 23 14
19 21 28
22 23 4
9 12 20
0 1 9
7 9 1
22 0 7
21 23 20
17 19 3
13 15 6
4 5 7
22 0 3
5 7 6
7 7 24
18 19 9
3 7 26
4 6 17
22 23 5
9 11 11
2 4 7
4 7 26
3 7 2
15 17 7
18 20 22
17 18 16
8 9 19
18 20 18
0 3 13
18 21 16
1 2 7
5 7 7
23 23 22
7 10 2
1 3 27
3 5 7
23 1 28
2 4 17
12 13 24
22 0 30
13 13 13
11 13 23
10 12 27
20 22 10
3 5 16
9 11 14
1 2 28
16 19 19
7 10 21
12 15 12
14 16 10
1 3 3
4 7 5
18 18 20
12 14 24
9 11 2
2 4 11
0 2 30
16 18 17
6 7 19
21 22 3
6 7 16
3 5 18
17 19 10
22 1 29
19 21 17
22 0 1
23 1 11
7 10 26
0 2 29
17 18 12
7 9 13
7 9 26
5 7 12
8 10 1
15 17 12
16 18 6
23 1 14
1 3 26
9 11 7
13 15 5
10 11 25
0 2 10
21 23 16
17 19 24
19 21 2
1 2 16
8 8 17
2 4 2
6 8 12
7 10 23
7 9 24
19 19 14
3 6 29
5 6 28
17 18 8
11 15 21
10 12 26
9 10 5
23 1 16
20 22 30
5 7 23
17 20 23
2 3 9
9 11 11
12 14 19
17 19 25
4 5 10
8 11 30
11 13 7
23 2 15
22 23 10
10 12 21
12 14 10
4 6 15
17 18 26
14 17 12
9 12 18
0 2 1
1 3 12
15 17 25
7 8 3
19 22 10
17 21 15
23 2 6
12 13 20
3 4 1
4 6 18
0 2 2
10 13 30
22 23 27
14 17 12
22 0 1
23 3 5
2 6 25
8 10 30
12 15 26
3 3 13
18 20 11
20 21 3
12 14 25
21 23 15
22 0 3
12 15 24
10 11 13
12 14 25
16 16 13
6 8 18
0 3 11
11 14 8
16 18 10
10 12 7
19 20 5
15 17 19
9 10 7
20 22 6
3 7 17
22 23 2
3 4 30
21 23 12
12 15 3
13 13 19
18 18 16
20 22 11
4 5 30
2 4 8
16 19 23
12 13 7
22 1 1
23 2 8
16 18 29
1 3 14
3 5 13
22 0 20
19 22 3
16 18 17
17 20 27
0 3 8
13 14 12
20 22 8
18 20 30
15 15 17
17 17 19
6 9 8
23 1 11
22 1 15
7 10 30
21 23 21
12 13 22
15 17 6
0 1 3
20 20 2
22 1 30
2 5 16
6 8 25
5 7 22
22 1 6
14 17 7
21 0 29
21 0 6
2 3 5
4 7 2
4 4 3
19 21 5
2 4 30
17 17 19
22 23 29
1 3 27
21 0 24
5 5 3
13 15 8
4 5 7
5 8 7
4 6 22
21 23 25
12 15 5
23 2 2
10 12 13
21 22 28
15 17 19
5 7 1
23 2 18
7 8 4
8 9 20
11 13 14
17 18 26
2 5 29
18 21 4
13 13 11
2 5 3
23 1 12
21 0 26
11 13 18
5 4 5
23 2 21
7 10 10
7 10 12
5 7 24
8 9 17
14 17 25
12 13 30
17 19 5
0 2 1
10 11 29
19 22 6
17 20 14
7 9 17
9 11 2
8 10 5
2 4 14
10 11 27
20 22 5
1 3 27
10 12 9
15 17 6
5 5 10
10 10 1
11 13 20
11 14 23
17 17 20
1 3 13
6 9 20
22 21 29
20 23 15
16 20 23
9 11 4
22 0 3
19 22 16
1 4 16
22 0 7
5 9 20
20 21 18
1 2 2
10 12 15
4 5 24
14 17 21
19 21 4
5 8 3
5 8 13
10 10 17
19 22 21
1 2 20
7 11 28
15 19 21
15 17 27
5 7 15
19 21 5
3 5 5
20 23 9
15 18 19
19 18 26
16 19 14
6 9 18
20 0 10
11 12 27
19 21 3
12 13 26
18 19 11
19 21 23
12 13 6
21 23 12
3 6 18
17 17 21
2 5 23
19 20 9
3 5 24
19 20 17
21 23 5
4 7 22
8 11 6
15 16 2
19 19 24
22 1 4
0 2 7
8 8 9
4 5 26
4 4 16
15 17 4
0 1 1
6 7 13
5 7 9
20 20 10
23 2 6
18 19 17
17 17 3
4 7 2
16 17 29
1 1 2
18 21 20
3 7 9
15 18 9
6 8 18
5 7 11
4 6 26
7 8 3
3 5 9
5 7 10
22 22 1
17 18 19
11 11 7
11 13 13
6 8 4
23 1 28
9 11 18
20 21 1
18 20 10
0 3 2
22 23 3
0 2 23
8 10 26
17 20 14
23 2 13
19 21 29
8 11 11
16 17 26
5 8 29
6 8 17
17 18 26
19 21 12
4 6 10
12 13 24
0 2 10
2 6 24
5 7 18
22 1 11
0 2 27
7 8 22
16 17 5
0 3 29
5 7 30
6 8 11
6 8 13
14 18 28
1 2 10
21 0 17
0 0 13
20 21 6
13 16 30
16 20 15
2 5 15
3 7 9
15 15 30
12 13 9
2 5 20
9 13 29
0 2 22
5 6 11
19 22 30
1 5 8
15 18 27
22 0 5
1 3 30
8 11 29
23 2 25
14 15 5
23 0 23
15 17 17
7 10 15
15 20 4
11 13 30
3 4 16
22 0 22
1 4 23
16 19 8
15 16 26
21 23 21
3 6 20
7 11 18
10 13 1
13 15 23
1 3 2
7 9 12
3 6 23
23 1 10
14 16 14
7 10 19
2 4 14
16 17 10
19 21 8
13 16 8
18 20 28
20 20 17
10 11 14
2 3 5
5 7 2
3 4 6
12 14 4
22 0 8
17 20 3
9 11 10
15 18 12
21 23 2
7 9 9
15 16 1
8 11 11
22 1 14
11 13 19
11 12 9
9 11 25
11 13 29
17 19 12
15 17 3
16 17 26
6 8 26
18 20 20
23 0 14
22 1 19
5 7 27
19 22 2
11 14 2
18 21 3
14 15 1
12 15 14
2 4 4
19 23 5
3 5 25
13 16 4
20 23 18
1 3 27
10 12 17
10 11 27
19 20 7
17 19 10
20 22 18
7 8 30
4 6 9
9 11 23
1 2 20
20 23 11
17 19 19
19 20 17
5 8 2
15 18 21
10 11 20
20 23 1
3 7 11
8 10 18
2 4 22
3 2 10
11 14 19
19 20 12
22 1 19
22 0 15
0 1 8
7 10 21
1 4 25
15 16 8
21 23 16
19 20 14
4 7 27
17 19 10
6 8 19
20 0 8
0 4 21
6 5 6
9 13 17
20 22 27
23 3 24
18 19 10
17 18 25
23 1 22
13 16 26
10 11 12
7 10 12
19 21 22
6 9 11
4 6 12
23 3 12
21 1 19
0 4 30
0 1 10
3 5 4
19 20 23
5 6 11
15 17 4
0 3 17
19 22 17
20 22 22
23 2 15
12 15 7
10 11 21
10 14 28
19 23 15
22 0 6
6 9 19
15 17 3
16 17 5
4 7 5
9 11 26
22 1 13
18 19 15
23 0 2
12 14 3
18 18 27
1 2 4
0 3 25
7 9 1
23 1 25
4 6 24
6 8 20
16 16 22
22 0 12
1 3 8
19 22 14
2 2 5
17 20 17
11 12 17
22 23 9
21 22 20
3 6 19
8 10 2
17 19 1
0 4 12
7 10 16
0 3 3
7 9 10
23 1 24
3 6 13
11 12 17
1 2 28
10 13 26
6 8 22
14 15 6
12 14 8
20 0 21
21 0 24
21 0 20
23 0 18
7 10 20
7 8 20
8 9 5
3 5 15
15 16 8
12 14 26
10 12 13
5 7 25
16 16 27
11 14 28
13 17 25
6 8 7
6 6 29
15 17 30
21 1 5
4 5 29
23 2 10
23 2 17
14 13 4
6 9 22
9 11 25
6 7 5
9 10 22
10 11 17
22 23 6
9 11 10
16 18 5
20 21 24
17 18 28
9 11 5
15 15 9
20 21 27
12 13 19
11 14 5
20 1 13
17 19 18
11 13 4
3 3 11
19 20 3
10 12 18
23 1 1
4 6 18
4 5 1
2 4 3
10 14 26
19 20 22
0 2 27
17 19 26
23 2 8
2 4 22
8 10 1
17 19 9
14 18 2
11 13 2
7 8 24
8 10 19
8 11 7
18 18 25
11 14 23
6 8 27
13 15 7
0 4 9
20 22 15
12 15 18
21 23 19
8 10 20
22 1 21
16 17 21
3 7 4
15 16 16
6 8 9
17 22 11
21 0 11
15 17 13
8 11 28
1 3 24
18 19 11
0 2 25
9 11 27
2 4 23
13 15 13
7 8 23
7 8 11
3 5 6
16 17 14
4 6 21
0 3 29
8 11 6
12 16 13
4 6 26
1 2 25
4 6 9
6 7 13
6 9 30
15 16 1
15 15 24
14 16 23
8 8 23
3 6 5
11 12 25
19 22 9
23 1 2
22 0 25
15 17 7
18 20 25
14 18 30
1 3 2
7 8 2
2 4 13
6 8 5
11 12 12
22 0 9
16 20 3
23 0 6
1 3 1
3 5 5
4 7 22
23 1 24
11 13 2
22 1 19
11 12 15
18 20 30
13 14 10
4 5 25
12 11 16
20 23 7
5 6 11
23 1 17
20 23 4
1 2 15
4 5 28
13 16 9
10 11 25
17 18 24
4 4 26
0 4 21
17 19 24
12 14 22
11 12 18
4 4 20
19 21 25
15 18 7
21 22 19
12 13 26
7 8 19
11 13 10
17 18 25
20 21 10
10 13 28
18 20 4
1 2 4
7 9 11
11 12 7
13 15 21
19 21 18
21 23 18
7 10 20
0 2 20
5 8 24
11 13 30
23 1 26
11 15 19
8 11 10
1 3 1
6 9 19
16 17 19
0 1 12
13 15 15
14 16 9
1 3 18
10 12 12
7 9 28
8 10 20
6 6 6
11 12 26
8 12 23
15 17 8
17 19 20
6 8 25
11 13 23
2 5 16
1 2 23
9 13 14
2 3 11
11 15 10
23 1 30
18 20 11
6 8 8
16 19 23
3 6 5
18 20 17
16 17 13
9 11 1
22 23 29
11 13 15
8 11 15
7 7 29
21 23 25
15 16 4
13 15 5
11 13 25
19 22 21
3 7 28
1 1 6
17 17 3
4 5 2
8 11 23
8 10 5
6 8 12
22 1 16
1 5 14
18 19 18
4 6 15
19 20 17
6 8 16
3 5 30
4 7 24
14 16 16
16 18 2
16 18 6
14 16 8
19 18 9
8 10 9
14 18 28
22 2 11
3 5 17
9 10 13
0 2 18
13 16 2
4 6 19
9 10 27
6 7 23
13 13 14
15 16 9
22 0 26
13 15 25
1 2 5
14 16 29
18 20 17
6 8 14
23 1 20
8 13 22
15 16 29
14 16 21
12 14 21
14 17 2
12 13 4
17 19 1
23 3 26
12 14 15
12 14 15
9 12 15
2 6 13
20 22 18
6 9 7
21 23 24
16 18 1
18 19 10
10 12 15
10 12 20
20 22 24
22 2 5
11 13 3
8 10 12
9 11 21
18 21 18
22 1 17
15 17 10
13 16 19
11 14 18
4 5 29
9 11 22
19 21 30
5 7 2
19 20 8
16 18 20
22 0 3
17 16 4
