2380 30
20 29 29 5 2 6 8 7 12 24 15 15 11 12 24 25 21 15 28 23 3 26 9 20 14 7 1 16 9 3 
4 8 15
10 11 2
22 1 6
13 14 27
0 1 29
0 2 24
9 11 20
2 4 3
19 21 15
8 10 11
1 4 5
13 15 20
18 19 30
9 10 3
20 20 15
22 1 2
15 17 9
18 20 7
0 3 6
2 2 24
0 2 9
21 23 27
5 6 26
0 1 24
9 10 5
10 11 1
17 18 26
3 5 16
12 14 8
12 12 13
6 8 1
20 22 25
16 17 11
1 3 10
10 13 17
3 4 22
18 18 28
20 23 19
22 0 23
16 18 16
14 16 13
18 20 3
10 13 13
23 1 29
7 10 13
19 23 16
1 5 14
19 19 18
7 8 10
23 23 24
1 4 30
22 1 12
18 19 29
2 4 10
12 14 19
3 5 19
22 22 6
8 10 15
23 3 22
13 16 30
12 13 5
1 3 18
17 19 6
7 8 1
14 16 3
14 16 8
12 15 2
21 0 3
3 6 16
19 20 25
8 10 12
10 12 27
1 2 18
6 7 23
7 8 25
8 10 17
19 22 3
15 18 28
9 12 14
22 23 17
7 7 25
19 21 29
11 12 4
17 19 28
10 13 15
8 9 14
21 23 17
2 2 29
14 15 20
11 13 10
23 2 7
18 19 22
19 0 26
14 15 6
22 23 28
4 6 28
16 17 13
9 10 12
22 0 19
8 9 5
21 0 28
2 4 27
12 15 2
11 14 26
3 4 30
11 14 9
18 19 14
7 7 24
1 3 24
6 9 8
17 19 7
1 4 28
14 15 29
22 0 9
22 0 27
10 11 9
1 3 26
17 19 28
15 17 12
19 22 20
21 23 30
13 14 25
12 15 21
14 16 16
0 1 15
5 8 25
22 23 14
14 16 15
23 1 19
21 22 26
23 2 12
8 11 24
9 12 23
0 2 14
3 6 13
12 15 3
15 16 23
0 2 14
9 11 14
6 8 26
7 9 2
10 12 7
13 15 15
17 17 19
21 22 29
5 8 19
3 4 9
12 13 20
2 4 4
0 1 6
12 17 10
17 19 25
16 19 1
14 17 1
13 15 9
10 12 22
3 5 12
19 21 10
15 17 16
10 12 15
23 1 12
21 0 23
9 10 28
0 2 10
19 20 3
14 17 18
1 4 15
8 9 15
12 13 4
12 15 17
17 19 7
13 16 7
8 11 29
7 9 26
12 16 11
16 18 23
22 0 3
18 20 10
12 13 4
1 4 13
10 12 29
10 11 29
23 0 19
12 13 14
2 6 25
14 15 2
1 4 5
3 4 16
3 6 7
10 13 21
16 18 23
18 19 9
10 11 5
16 17 27
13 14 23
13 17 6
2 4 6
2 6 4
21 23 27
0 2 23
1 3 16
12 14 12
21 22 14
22 0 9
21 23 16
14 18 20
0 0 8
6 7 18
23 1 8
23 1 14
22 2 22
15 17 18
11 12 27
11 13 7
6 9 3
16 19 12
2 6 5
6 8 6
13 16 30
10 13 13
5 7 19
2 3 13
13 15 7
4 6 28
4 5 1
23 3 11
20 22 5
7 10 15
16 17 23
0 1 27
14 16 3
18 20 22
8 9 9
16 17 29
3 7 16
7 8 17
7 8 4
23 1 19
8 10 13
14 19 6
7 11 15
5 5 13
3 4 19
6 8 11
22 0 24
13 16 29
15 17 3
5 7 18
22 0 11
2 4 14
9 12 9
16 18 22
22 0 22
16 17 8
0 1 4
10 10 6
14 17 23
6 10 26
18 21 18
12 15 13
20 21 17
5 9 21
8 11 29
2 5 7
21 0 9
11 14 14
5 6 27
12 13 16
7 9 2
7 9 3
12 14 30
0 2 1
20 21 4
8 10 11
8 12 14
12 14 4
8 10 21
17 19 29
0 2 13
23 2 9
0 4 16
18 19 3
1 4 21
7 9 10
6 7 21
6 9 6
10 12 13
19 22 21
18 18 19
23 2 21
1 3 22
21 0 30
15 18 26
1 3 29
12 14 3
2 3 12
6 8 29
23 1 18
22 0 26
7 10 13
15 15 16
16 19 4
20 22 4
7 8 29
10 11 24
15 17 19
15 17 15
17 18 27
7 9 6
9 10 27
18 22 3
18 21 3
16 19 23
10 13 19
21 21 1
13 16 22
18 19 14
1 3 18
16 18 5
15 17 25
22 0 18
7 11 27
6 7 3
1 4 11
15 18 20
16 21 12
18 21 11
12 13 3
3 3 21
5 8 10
8 10 3
2 4 21
18 20 30
14 16 7
6 7 22
8 10 20
4 6 7
12 14 22
3 3 28
22 23 20
3 6 20
22 23 8
11 12 7
13 15 3
1 3 8
13 15 8
13 14 2
7 10 24
15 16 12
14 15 5
22 23 3
1 5 29
9 10 2
5 7 27
3 7 22
11 12 24
10 11 3
20 1 27
14 16 21
17 19 27
12 15 24
8 11 28
19 20 1
19 20 2
0 3 15
0 0 14
19 19 3
11 13 14
3 5 19
7 10 20
6 8 7
13 17 18
22 22 18
10 11 22
17 18 9
4 5 21
22 23 12
1 2 27
4 7 17
5 9 26
10 12 5
9 11 21
16 18 21
20 20 14
21 0 11
11 14 12
13 15 29
12 14 25
2 3 7
9 11 23
4 6 19
21 23 13
6 10 20
9 13 2
14 16 23
15 19 26
10 13 6
20 22 16
23 0 8
11 13 7
21 21 30
21 22 20
23 1 5
19 21 15
12 13 11
19 20 14
1 3 11
1 3 16
17 18 8
19 19 4
19 21 18
7 10 8
4 5 26
22 0 9
19 21 3
3 5 25
6 7 22
18 20 8
22 0 15
5 6 22
21 0 18
0 2 24
12 14 7
16 19 18
2 5 4
16 20 2
8 12 14
6 7 13
18 21 18
10 11 25
22 3 22
11 13 19
2 2 22
0 2 15
12 13 12
11 13 9
15 17 29
16 17 24
10 12 29
14 15 20
15 17 12
4 7 26
1 2 19
23 1 17
13 14 19
15 18 8
15 18 5
20 23 30
20 21 17
3 4 21
12 15 30
3 4 20
17 19 28
3 6 3
22 0 4
21 23 19
10 13 3
10 13 2
20 21 4
10 12 24
23 2 7
17 20 23
19 21 16
22 0 26
17 19 19
10 12 1
19 19 29
7 10 17
10 11 29
20 22 23
14 17 3
22 22 30
10 11 23
5 7 2
5 7 16
12 13 20
15 18 19
5 6 4
19 22 1
9 10 15
3 5 14
22 0 19
9 10 9
9 10 28
9 12 23
17 19 16
2 4 2
6 8 16
15 16 21
14 16 27
11 13 22
16 19 19
20 23 18
14 16 28
14 16 24
15 19 12
10 11 30
13 16 29
4 6 28
4 8 12
9 11 9
23 23 26
14 16 24
5 8 28
11 12 22
8 12 1
22 0 8
8 10 15
9 12 18
10 13 30
8 10 12
4 6 15
3 5 6
2 3 23
6 8 27
6 7 12
0 2 27
14 15 2
13 15 1
21 22 2
5 6 15
6 8 11
0 4 17
17 20 3
2 2 15
7 8 14
23 2 4
20 22 25
5 8 3
10 11 17
4 8 28
3 5 25
6 7 27
2 3 8
10 13 14
17 19 27
9 12 29
9 11 26
23 2 7
6 8 9
5 7 18
13 15 6
22 1 2
8 11 23
13 14 20
11 11 8
15 16 10
16 19 21
1 4 14
22 0 27
13 16 6
5 7 2
12 14 2
4 4 23
7 7 23
23 2 13
2 3 13
0 4 24
4 7 20
12 12 17
2 4 9
22 23 23
10 12 25
11 13 20
17 20 14
0 2 11
16 17 23
16 19 8
0 4 5
22 0 23
7 8 5
6 9 17
13 14 6
1 4 13
18 19 18
21 0 9
20 23 15
7 8 25
8 10 15
7 8 23
12 13 20
18 17 6
6 8 19
0 1 9
6 6 18
12 16 26
11 13 3
4 6 21
7 8 1
21 22 8
4 5 19
7 9 22
18 22 3
2 4 25
19 21 6
14 15 21
22 1 27
18 21 16
23 0 9
0 3 24
13 16 17
18 18 6
1 3 28
7 8 14
3 5 25
13 14 30
9 11 26
9 11 20
23 0 17
11 13 13
23 0 17
10 12 8
10 13 11
18 20 23
1 2 14
23 2 12
9 11 28
22 22 6
23 2 6
11 13 8
11 11 28
9 12 3
8 10 3
18 21 9
4 6 8
20 21 20
14 18 18
14 17 4
18 19 8
0 1 13
11 11 28
10 11 15
3 6 20
4 7 23
6 10 12
4 6 9
1 4 30
8 11 25
5 7 21
14 16 3
2 6 19
17 20 24
9 12 13
12 15 27
0 2 26
12 14 14
23 0 10
22 1 14
20 22 19
3 6 23
5 6 11
21 0 17
5 8 30
19 21 12
7 10 2
22 23 2
10 11 30
5 4 6
21 22 15
23 2 8
4 6 18
21 0 7
0 4 11
3 5 1
3 5 21
15 16 1
22 0 4
10 12 30
7 8 10
0 1 1
18 19 16
0 2 12
7 8 22
0 2 4
19 20 16
11 12 27
11 12 12
13 17 13
15 18 8
22 0 20
5 6 12
22 1 22
12 13 8
22 2 2
14 16 14
2 2 11
0 3 24
7 8 3
7 10 13
19 21 5
13 15 22
8 8 28
4 7 27
10 12 6
18 20 23
8 10 23
15 17 4
11 13 18
17 19 5
20 22 28
21 22 8
23 23 18
19 22 7
15 18 8
10 10 2
4 5 17
7 11 12
13 16 14
11 14 1
7 8 14
0 0 24
18 20 27
3 7 4
20 23 25
18 20 2
12 13 13
6 8 25
8 10 14
13 16 24
9 12 30
19 21 30
23 1 25
19 21 3
13 15 8
20 21 4
12 15 1
7 10 30
1 2 29
17 20 7
5 7 1
18 19 16
7 9 19
13 15 17
17 20 21
17 17 14
14 16 27
19 20 8
22 0 6
1 4 1
12 14 18
9 12 4
11 13 27
18 20 8
22 0 11
10 11 17
13 15 28
12 16 23
13 15 21
4 7 25
11 14 6
6 8 9
12 13 29
17 18 30
23 0 21
4 5 1
0 3 4
20 21 16
16 16 21
15 17 26
22 1 21
20 23 20
2 4 5
16 18 14
9 11 21
2 4 25
12 14 25
1 3 15
10 13 30
21 23 20
13 16 11
2 4 2
15 16 9
15 17 15
2 3 4
4 5 5
8 8 10
9 12 3
13 17 30
6 8 11
10 13 10
23 1 7
17 19 15
10 10 24
1 4 16
2 6 10
1 3 16
13 15 7
22 0 16
20 22 9
23 3 5
10 13 20
15 17 11
18 20 18
15 19 17
1 4 12
15 17 8
0 2 2
17 18 18
16 18 16
22 23 1
17 19 9
0 2 4
8 10 23
4 8 16
5 8 24
6 9 22
15 16 4
0 1 14
13 15 2
11 13 18
6 8 2
16 19 7
17 19 19
18 19 28
1 4 24
3 5 5
1 2 29
3 3 8
1 3 23
15 16 5
3 6 21
15 18 12
17 17 23
6 8 25
1 4 13
20 21 16
4 7 22
3 6 26
15 17 30
2 6 13
14 15 6
13 14 1
0 2 24
12 15 5
16 19 16
23 0 18
11 14 7
11 13 4
5 8 7
18 20 12
16 18 20
20 22 8
1 3 23
22 0 29
23 23 16
11 15 18
8 9 4
9 10 18
22 2 3
6 8 8
1 3 30
11 13 17
22 0 21
7 10 6
16 18 16
17 18 2
7 9 13
17 19 11
12 14 30
12 13 7
22 0 17
6 9 29
23 1 15
8 10 12
21 1 2
13 15 7
18 21 1
8 9 16
5 6 30
1 1 9
19 20 2
18 21 20
8 10 6
21 22 7
14 16 4
16 18 6
22 0 25
17 19 16
10 11 17
3 3 30
6 6 3
14 16 11
19 0 1
9 12 17
5 9 15
22 0 1
8 10 7
12 15 17
17 17 19
16 18 26
14 14 2
10 12 27
21 23 20
13 15 16
18 19 23
11 13 6
17 19 1
7 9 5
1 3 3
9 10 17
11 13 6
6 8 30
1 1 16
4 7 6
17 19 3
6 9 13
15 17 2
23 1 23
19 21 22
15 16 18
4 5 3
20 23 27
17 17 19
14 15 12
20 21 26
20 21 21
15 17 20
12 14 27
12 13 22
3 5 29
13 15 17
5 8 25
20 22 29
18 19 22
2 5 25
16 18 11
8 10 25
11 12 4
9 11 21
21 1 7
0 1 30
3 5 16
7 8 5
15 16 18
18 20 24
12 13 19
21 0 17
3 6 18
16 17 11
9 11 17
10 12 4
2 3 6
0 2 28
8 10 30
10 13 7
2 5 4
21 22 28
0 3 21
11 11 8
21 23 27
6 8 9
21 0 5
2 4 14
19 21 1
11 12 25
14 16 17
9 12 13
0 2 2
14 16 30
4 6 3
17 20 1
15 17 20
5 9 22
4 7 20
15 15 19
22 1 15
1 2 2
15 15 24
19 22 26
12 14 13
20 22 8
17 19 5
6 8 19
5 9 17
1 4 16
16 19 8
8 10 18
2 2 14
16 19 12
16 19 28
5 7 19
20 22 7
7 9 10
8 10 18
5 5 9
22 0 21
15 18 8
9 11 13
21 0 24
7 9 17
16 16 17
11 12 15
10 11 9
17 18 7
14 16 19
7 7 29
3 6 30
11 14 2
14 15 14
21 1 3
4 5 26
15 18 5
11 13 20
4 7 8
1 2 2
9 13 20
1 4 9
10 13 22
16 17 16
14 15 12
23 2 29
3 3 3
16 17 30
13 16 4
19 21 8
14 15 3
10 11 4
5 6 8
5 7 5
13 14 29
23 2 30
4 6 13
16 19 20
16 19 9
14 15 26
17 17 27
14 17 3
17 19 27
3 6 22
4 7 14
0 2 23
11 13 1
5 6 7
5 7 11
4 6 21
13 15 4
21 22 23
17 20 22
18 21 17
3 5 18
4 7 27
2 3 16
5 6 14
0 2 5
15 18 22
12 15 26
10 11 3
14 17 25
11 13 8
4 7 4
8 11 5
0 1 26
1 3 4
12 14 11
6 9 11
0 1 16
18 20 21
1 4 13
0 2 16
5 7 15
22 0 11
20 21 10
12 15 15
18 20 3
16 17 28
5 8 18
23 1 26
4 7 3
18 18 1
18 18 15
21 23 25
1 4 19
9 12 2
20 22 26
0 4 17
18 19 14
20 22 22
22 0 15
7 9 7
9 11 28
14 16 19
21 22 7
16 18 2
9 12 3
18 19 7
5 9 9
1 3 20
2 2 23
23 1 13
10 12 1
22 0 12
16 16 11
0 2 29
7 10 22
19 23 25
23 3 9
12 12 22
20 23 11
21 23 5
18 19 12
23 1 2
5 7 25
14 16 30
18 19 27
17 17 6
22 2 7
2 5 24
4 6 11
22 0 13
18 19 30
14 17 23
2 5 4
16 19 29
16 18 29
17 21 25
18 19 20
15 18 13
1 1 23
8 9 24
19 22 19
7 10 28
18 21 23
9 11 19
7 8 14
15 17 2
8 10 8
15 17 29
21 0 25
0 3 7
21 23 7
13 15 4
18 22 8
8 10 15
18 19 30
16 17 13
21 22 13
9 11 17
8 9 11
21 22 4
13 15 8
6 7 13
9 12 27
0 0 2
10 13 27
16 19 16
19 21 3
17 19 29
2 3 6
9 12 24
0 2 21
20 22 18
6 6 25
0 3 2
0 1 10
20 23 8
5 7 29
2 5 29
14 17 6
17 20 22
0 3 7
23 1 7
18 20 3
12 15 30
17 19 7
18 20 22
12 15 2
0 2 14
5 7 6
9 10 9
19 22 9
0 3 16
1 3 10
18 21 5
2 2 21
6 9 26
12 13 2
16 18 23
13 16 4
2 6 25
19 22 22
7 7 26
13 15 25
10 12 2
8 9 26
1 3 9
5 6 12
22 0 23
20 23 1
12 14 29
11 13 24
9 11 23
17 18 3
10 11 23
7 8 19
16 18 3
15 16 20
3 8 1
15 18 16
22 22 27
8 9 12
18 20 4
15 15 3
15 16 27
19 22 1
4 7 21
16 18 14
0 1 15
18 22 30
21 0 29
5 9 3
8 9 18
3 5 11
3 6 3
8 10 2
1 4 24
19 22 24
22 0 26
0 0 15
12 15 10
10 12 11
4 7 15
19 21 21
23 1 25
15 16 22
0 1 27
0 2 22
15 17 1
3 5 22
6 8 2
5 6 27
15 15 3
5 8 24
1 2 23
11 13 18
22 23 1
6 8 1
9 13 5
0 4 26
22 23 21
10 13 26
22 0 11
3 6 5
22 0 25
7 9 17
9 10 17
7 11 12
6 7 23
18 20 17
1 3 25
2 5 20
1 4 25
14 17 24
21 23 15
0 2 30
10 11 9
3 6 5
3 5 16
11 12 27
5 7 8
18 20 23
2 2 11
4 7 15
8 10 10
4 6 10
22 1 25
17 21 8
21 0 21
7 9 12
2 4 2
4 6 20
14 16 28
22 1 20
5 7 16
3 6 6
8 10 20
19 20 25
11 14 19
4 6 2
17 18 10
4 6 28
8 13 1
15 17 28
13 16 26
21 22 7
3 6 7
20 22 30
14 16 23
23 1 10
17 18 20
19 21 26
8 9 5
0 3 5
21 21 29
10 11 22
16 19 16
7 9 14
0 2 3
13 14 17
8 10 14
3 5 4
12 13 12
22 0 10
4 7 25
22 0 14
21 23 4
7 10 6
2 3 29
13 14 25
1 3 7
14 16 9
11 12 23
12 15 8
11 14 28
9 11 14
18 21 1
4 6 11
21 23 22
21 22 10
10 12 19
8 10 21
8 11 7
21 1 29
2 4 18
12 15 19
2 3 18
15 18 9
7 7 2
17 20 1
18 21 10
13 16 19
0 2 8
14 16 26
6 7 27
20 23 17
0 -1 17
17 21 9
2 4 8
23 4 2
17 19 8
3 5 19
10 14 1
11 13 30
11 12 20
17 20 11
13 13 18
9 12 10
17 18 24
4 6 10
9 10 11
4 6 14
1 3 3
20 21 29
3 3 20
16 18 19
22 23 8
15 16 4
18 18 18
11 11 17
21 22 26
7 9 11
13 13 23
22 1 3
11 14 1
5 7 11
13 15 12
10 12 29
18 20 7
12 15 2
14 15 13
9 10 15
2 4 18
4 6 20
16 18 29
19 21 19
10 12 16
0 2 26
23 3 20
7 10 6
5 8 4
3 4 7
3 6 23
6 7 21
17 17 16
17 17 4
3 6 4
18 21 24
18 18 12
1 3 19
16 17 23
5 9 15
15 17 23
3 5 24
12 13 27
12 14 27
16 19 27
22 23 4
4 7 7
19 20 22
10 13 16
9 12 13
4 8 9
16 19 13
13 15 24
4 6 27
5 6 2
19 21 24
5 8 8
19 22 16
0 2 16
21 23 20
0 2 30
20 21 11
19 20 18
8 11 18
21 23 19
6 8 30
16 18 17
23 3 25
6 8 13
7 8 27
18 21 1
21 21 22
15 18 29
1 4 15
13 15 9
11 12 23
23 0 3
9 11 10
13 15 7
19 20 4
17 18 12
4 6 10
17 19 24
21 23 27
5 8 22
16 19 2
4 6 7
3 6 5
12 15 1
21 23 12
12 15 18
1 5 2
19 21 27
15 18 9
20 21 1
0 1 13
6 8 13
18 19 30
18 20 4
3 4 4
12 14 5
9 10 2
21 22 19
3 4 3
17 19 4
19 21 20
14 15 19
20 21 30
8 12 9
16 18 24
14 16 21
7 8 9
20 23 9
1 4 22
12 14 2
10 12 25
10 12 14
14 15 28
17 19 26
1 5 3
5 6 17
6 8 27
15 16 28
0 2 15
12 16 8
21 23 1
17 19 23
14 18 15
14 14 28
19 19 16
0 3 19
3 4 17
2 3 7
4 7 27
9 12 2
7 10 30
14 16 2
8 10 2
14 15 13
11 15 7
19 21 15
23 0 14
5 7 18
3 4 6
5 9 21
12 15 28
21 21 16
14 13 13
6 7 21
13 16 6
5 6 19
23 2 10
1 2 18
8 11 5
8 9 19
17 17 23
23 2 27
13 14 22
23 1 9
11 13 5
9 13 22
16 20 1
18 17 14
23 1 6
14 17 29
0 3 30
5 8 27
6 9 30
13 15 8
17 20 11
13 16 23
11 13 5
11 13 13
22 1 30
16 18 19
16 18 8
0 1 27
14 18 17
5 5 23
14 18 3
19 21 10
13 15 21
14 16 25
17 20 22
5 9 14
23 1 14
0 1 1
1 2 19
0 2 26
13 14 27
10 12 21
20 23 21
21 23 18
7 9 30
6 6 19
10 12 25
6 9 19
8 9 4
17 19 18
11 12 11
18 20 25
0 2 19
23 2 18
11 12 20
16 19 21
21 23 29
22 23 9
10 13 2
11 12 28
17 19 14
4 6 16
17 17 13
10 12 21
21 22 3
13 17 29
5 6 4
2 3 13
0 3 8
23 3 9
2 4 22
23 1 16
8 10 20
8 9 16
7 11 26
17 19 4
10 12 3
5 7 29
3 5 9
1 2 19
9 11 6
23 23 6
3 6 23
23 0 8
3 6 18
15 16 11
22 0 15
19 22 18
2 6 29
21 23 18
1 4 9
11 13 1
16 18 11
22 1 1
12 14 24
16 17 22
5 8 26
16 16 4
23 1 1
21 23 26
8 9 2
6 9 5
2 2 11
18 19 6
15 17 13
11 12 6
0 2 18
18 19 11
15 17 11
14 16 4
21 23 15
20 23 25
13 15 12
23 1 1
2 4 24
0 1 26
21 22 5
10 11 13
8 10 13
16 18 4
10 10 10
7 9 4
6 8 29
15 16 18
13 15 19
13 13 28
11 13 25
14 15 25
2 5 20
20 22 12
4 6 6
11 13 11
23 0 3
11 12 11
5 6 13
16 18 14
11 15 15
9 12 6
19 20 30
5 7 8
4 6 27
12 13 3
18 20 26
11 14 20
21 23 8
1 3 10
20 22 5
16 18 2
17 20 9
19 21 12
1 3 24
8 9 17
17 18 24
0 1 6
23 1 12
22 0 20
0 2 16
23 2 8
4 8 17
2 3 24
0 3 5
11 13 21
20 21 24
22 0 29
10 13 26
1 4 12
23 2 11
15 17 21
2 5 3
16 18 25
16 17 25
9 11 11
5 7 4
18 20 1
15 18 17
11 12 3
23 0 4
18 21 22
6 7 16
16 18 4
14 15 18
17 18 14
18 0 12
3 4 8
15 16 13
10 11 8
0 3 23
18 20 19
7 8 4
23 1 6
11 14 4
9 10 8
9 11 20
4 5 6
23 0 25
8 10 23
18 20 10
1 4 11
20 21 14
16 17 22
16 19 27
20 22 23
0 1 17
14 18 9
4 6 20
14 16 10
2 4 12
2 4 8
15 19 16
14 16 5
15 19 11
10 11 18
3 7 21
0 2 6
20 22 9
1 5 11
10 11 15
14 16 17
12 15 14
4 5 21
15 16 12
5 8 19
18 21 30
18 19 4
6 8 20
7 8 20
1 2 27
18 20 30
12 15 22
4 7 2
19 22 29
11 15 12
1 3 23
10 12 25
8 10 29
9 11 29
23 1 22
3 4 14
10 11 7
13 14 13
19 22 4
21 22 15
22 0 22
11 13 16
18 19 24
19 21 27
21 21 30
5 8 14
13 15 7
18 21 3
17 20 18
13 15 6
13 15 23
10 11 18
10 10 22
6 8 7
6 10 7
2 4 13
6 9 9
17 19 22
14 16 18
17 19 18
6 9 3
5 7 20
11 13 18
16 17 14
1 2 30
19 22 2
5 7 28
18 20 27
15 16 22
21 23 4
6 9 3
17 20 21
0 4 13
2 5 24
7 9 18
18 21 13
15 15 7
20 22 15
16 18 22
8 10 14
12 15 24
6 7 4
18 21 19
0 3 23
12 15 6
9 11 6
5 8 25
14 16 20
21 22 29
11 13 25
16 17 30
13 13 9
22 0 13
1 3 8
7 9 1
19 19 11
7 10 23
9 9 21
7 10 17
6 8 7
2 5 30
1 3 3
19 21 18
13 15 23
15 17 22
8 9 25
4 9 8
7 10 14
10 12 25
22 2 17
15 17 15
8 11 16
13 15 2
16 18 30
1 3 3
11 11 19
2 6 8
13 14 24
13 16 9
6 11 22
1 4 5
6 9 5
4 6 19
0 2 14
18 22 28
20 22 1
23 2 27
9 10 8
1 3 11
9 10 15
8 9 2
17 19 24
15 18 30
8 8 30
3 6 3
7 9 12
16 17 23
22 0 6
23 1 1
12 14 30
18 20 16
0 1 30
8 10 6
12 14 20
17 18 8
12 12 30
19 20 4
10 11 2
20 22 14
8 9 17
1 1 10
2 4 13
20 22 7
13 16 1
14 16 17
12 15 19
8 12 25
7 11 10
3 5 28
17 19 13
20 23 17
20 22 23
0 2 28
4 7 20
19 21 10
7 9 30
5 6 3
18 19 27
9 11 12
11 14 1
15 18 5
17 21 16
8 10 3
7 7 11
12 13 18
17 19 17
17 20 1
22 0 9
12 13 23
5 7 24
19 19 15
17 17 16
17 19 19
10 13 27
15 17 10
18 21 26
10 12 18
8 12 19
9 12 30
11 12 28
0 3 12
1 4 28
10 10 21
2 3 1
23 3 3
4 6 17
18 20 19
19 23 10
21 23 12
8 9 2
6 8 20
15 16 21
20 23 26
15 19 19
4 7 6
1 2 4
15 17 27
13 15 8
23 2 26
1 1 18
23 2 3
17 17 24
3 5 14
19 23 16
5 7 1
4 6 4
2 3 26
2 3 11
10 12 25
22 23 21
10 13 20
16 18 30
13 15 1
8 10 29
20 22 26
22 0 23
1 2 7
1 4 25
23 1 15
5 6 12
6 7 13
9 10 30
12 14 20
3 5 23
6 6 19
7 9 7
1 2 24
3 5 12
9 10 15
20 0 29
21 0 24
20 23 19
11 14 14
1 3 7
16 17 17
17 17 23
1 2 14
23 0 19
7 7 25
10 12 18
3 6 12
19 20 29
15 19 28
18 19 5
19 20 4
8 9 19
7 9 9
0 3 28
3 6 21
8 9 5
11 13 22
14 15 27
13 15 27
4 6 27
13 15 14
6 10 28
9 11 27
6 7 20
12 15 20
1 2 19
23 1 20
7 10 10
2 3 15
22 0 28
11 15 29
10 13 15
15 17 18
1 4 13
8 10 4
16 20 26
1 2 26
0 3 2
4 6 2
9 10 29
13 16 4
1 4 5
15 18 16
21 22 15
12 14 7
15 16 28
16 18 21
16 16 29
11 13 12
21 23 4
8 10 30
9 12 3
4 5 21
17 17 3
19 22 11
9 12 22
15 18 5
15 17 25
13 13 28
21 22 19
7 8 20
22 23 3
0 2 14
18 19 21
5 6 3
3 3 13
19 21 22
0 1 28
7 10 25
13 15 4
0 3 10
19 22 25
1 3 19
21 23 20
5 6 14
20 20 17
21 22 18
14 16 10
0 2 3
9 11 30
13 15 25
18 21 23
8 11 6
18 19 14
0 3 24
9 11 30
0 1 30
7 8 12
15 16 25
4 6 24
8 11 21
18 19 29
6 8 16
23 23 24
16 19 26
14 16 12
5 6 13
1 3 7
17 18 6
4 7 15
12 14 19
3 5 11
23 3 10
2 4 30
17 20 4
20 22 24
7 10 15
1 4 23
17 20 9
23 0 20
12 15 3
18 21 18
21 23 17
15 18 30
13 14 14
2 6 8
23 0 3
6 8 18
23 23 21
19 20 24
22 23 10
23 1 7
13 14 11
3 5 10
14 16 18
4 5 7
14 17 2
23 1 4
8 11 23
19 22 21
18 20 12
12 15 7
12 14 24
5 6 28
12 15 22
23 1 28
14 15 3
12 14 30
12 13 30
5 10 18
6 7 11
0 1 23
2 5 1
9 12 17
13 15 25
12 13 15
17 19 20
7 11 18
5 7 18
19 22 27
22 0 6
7 9 21
2 5 13
5 6 9
8 10 15
18 21 1
21 0 25
0 3 30
15 18 1
4 5 11
1 3 20
5 8 18
17 19 21
5 7 30
4 5 17
4 6 14
22 23 12
8 10 4
4 7 28
21 22 11
0 1 28
2 4 3
11 13 14
23 1 30
11 14 22
14 18 18
23 2 19
15 17 15
18 20 5
13 16 30
13 17 21
8 11 28
3 5 28
13 14 19
10 13 24
6 7 4
15 17 29
17 20 8
2 2 10
9 12 21
19 22 30
22 23 16
17 19 23
7 9 20
6 9 10
6 7 26
2 5 26
18 21 16
9 10 20
13 14 12
13 15 23
8 10 21
19 21 25
8 9 3
12 13 19
6 8 24
19 21 10
19 20 21
0 2 9
15 18 23
11 12 13
10 11 5
17 19 24
18 20 14
3 6 20
21 0 14
21 23 1
7 9 19
20 22 26
11 12 13
13 14 3
0 2 19
5 6 21
11 14 7
1 4 7
0 0 14
3 5 7
18 20 23
2 5 29
13 14 10
3 4 17
14 17 25
6 6 13
0 2 10
2 3 8
16 17 20
20 21 25
6 8 12
18 19 26
17 19 29
3 4 20
13 16 26
11 13 25
22 0 22
3 5 16
6 8 3
7 7 20
14 16 7
12 14 4
1 2 29
14 17 26
0 3 2
20 21 22
23 1 4
20 21 1
2 5 12
23 1 1
9 11 8
19 22 30
2 3 16
18 20 19
13 15 7
5 8 21
1 4 24
1 4 15
23 2 23
3 5 2
16 18 18
21 0 26
10 11 10
17 18 14
18 21 23
2 2 19
23 1 2
12 14 9
1 3 25
13 15 4
22 0 29
7 10 8
0 2 7
10 11 30
23 0 22
9 10 19
14 15 5
6 7 21
9 12 15
17 20 11
11 14 24
2 5 22
13 16 2
8 11 20
2 4 14
22 1 18
22 0 8
9 11 3
4 6 28
6 9 6
10 11 12
3 5 10
9 11 22
8 9 30
8 9 15
9 12 14
13 16 3
1 4 6
3 5 8
7 9 16
22 1 24
23 3 27
21 23 2
23 2 23
21 23 9
2 4 6
7 9 30
3 5 13
2 4 23
21 22 6
21 23 25
3 7 5
15 18 17
19 20 26
21 23 16
19 21 23
21 23 9
6 10 3
12 14 1
3 4 28
21 22 2
2 5 11
22 23 20
19 21 5
16 18 9
15 18 5
10 10 11
8 9 23
8 9 12
1 2 26
10 11 24
18 18 15
13 16 10
8 10 7
13 16 30
19 20 29
10 14 29
14 17 27
15 17 23
20 23 30
12 13 10
7 8 2
5 7 16
23 2 22
22 1 16
10 10 30
22 0 8
13 15 21
19 21 2
11 12 11
23 1 29
16 16 8
9 9 5
20 23 26
12 14 17
15 20 21
18 21 21
0 0 11
20 21 14
6 7 27
8 12 7
5 8 16
2 4 17
22 0 30
23 0 21
19 19 11
8 8 9
7 10 25
17 22 13
3 4 11
13 16 30
3 5 15
2 4 23
1 4 21
6 7 13
14 15 4
9 10 6
2 7 1
20 22 2
6 8 12
17 19 21
4 6 20
2 4 25
2 5 26
20 22 9
11 13 23
22 0 23
11 12 27
18 18 20
13 15 1
11 15 20
6 9 19
11 14 14
7 9 20
11 12 19
7 11 21
2 5 9
11 13 13
0 5 9
15 18 20
23 2 29
19 21 27
2 2 27
22 0 19
13 16 8
9 9 18
22 1 16
19 22 24
5 6 7
18 19 26
22 23 16
15 17 30
15 16 9
19 22 16
15 19 14
22 0 24
2 4 9
1 2 30
4 8 17
12 15 16
22 1 9
2 5 27
11 14 26
13 18 8
2 3 17
3 5 3
22 23 30
19 21 2
