2320 30
16 7 25 1 20 22 29 25 21 1 14 1 17 19 23 14 22 12 8 7 8 2 16 4 29 13 9 16 15 29 
10 11 17
4 4 27
9 11 24
2 4 29
13 16 5
6 8 27
0 2 16
12 13 5
7 9 26
6 8 6
20 23 5
10 13 12
13 15 23
7 9 28
1 3 5
21 0 21
3 6 15
8 10 16
14 16 16
7 10 13
19 21 4
10 12 29
17 18 22
23 1 25
9 12 25
20 23 28
18 21 2
2 4 14
13 14 27
19 0 21
5 8 7
16 17 10
15 18 21
1 4 12
13 16 3
3 5 8
9 10 15
13 15 29
16 19 3
8 11 21
20 22 4
17 19 27
17 19 18
14 15 5
18 20 20
2 3 14
13 15 6
14 17 17
2 4 27
5 6 9
22 0 10
11 13 18
13 15 22
18 20 12
15 16 14
8 12 5
13 15 27
14 15 11
8 9 25
13 13 9
5 7 25
2 4 9
18 19 3
11 13 2
22 23 11
0 0 3
23 1 16
2 5 23
7 9 12
9 12 3
20 22 6
9 12 19
23 0 4
12 14 6
9 10 22
3 5 29
9 12 24
9 10 20
7 10 12
2 4 10
10 14 3
22 23 1
23 1 28
7 8 23
4 6 14
19 21 28
21 23 27
11 13 2
20 23 1
16 18 24
20 23 14
22 0 5
1 4 10
15 16 13
6 10 17
11 13 26
7 9 2
9 11 15
20 21 9
6 9 27
22 2 6
4 6 11
5 7 11
20 22 23
18 20 6
10 12 8
22 1 11
20 21 6
3 4 21
0 4 30
6 5 2
1 4 26
16 19 1
4 5 2
6 9 1
12 14 3
22 0 17
10 14 21
19 21 11
23 2 1
18 20 8
22 23 20
12 13 18
11 12 25
0 3 13
7 8 1
7 10 30
5 6 18
6 8 12
4 6 30
18 20 7
17 18 12
19 21 3
10 11 28
0 1 26
18 19 21
1 4 6
15 18 26
21 22 13
17 18 21
7 10 17
19 21 15
16 17 9
9 11 26
5 7 26
1 3 24
4 7 6
8 11 8
23 0 15
9 11 22
13 15 20
15 18 21
6 8 15
1 4 20
18 18 16
7 8 2
8 10 6
19 22 8
15 17 5
18 19 15
10 12 28
11 12 15
7 10 30
3 5 11
5 7 15
23 1 5
12 13 10
15 16 16
1 3 8
9 11 4
0 1 7
21 21 12
6 9 10
22 0 3
22 23 13
7 10 7
19 20 28
1 1 26
20 21 28
20 18 26
7 9 30
18 19 24
9 13 29
5 9 14
18 20 26
13 16 20
18 20 30
15 15 24
14 14 20
21 23 29
23 0 11
21 0 29
2 5 21
14 18 3
23 1 7
16 20 20
20 22 9
15 17 30
20 20 12
7 9 23
15 16 4
13 15 2
3 5 18
14 16 29
11 13 27
20 1 9
22 23 5
14 17 19
0 3 25
1 2 17
1 4 1
3 4 5
23 1 19
6 7 11
9 10 28
15 17 5
17 19 8
4 4 22
14 16 26
15 17 22
11 12 14
7 10 13
10 12 6
0 2 23
8 11 9
3 3 25
13 14 20
10 12 19
5 6 5
0 2 4
17 20 4
5 8 27
18 19 26
17 17 7
10 10 8
8 10 10
16 19 27
2 4 24
18 20 19
3 4 20
12 14 5
3 5 7
14 13 14
22 23 14
4 5 29
8 9 6
16 16 4
16 18 20
9 11 9
5 9 10
7 10 17
5 6 28
3 5 28
9 12 10
20 21 24
4 6 24
19 22 8
4 6 9
11 13 6
18 22 12
23 0 14
10 13 10
15 18 18
18 20 6
5 8 8
5 4 13
16 16 21
0 2 23
2 4 12
13 16 23
4 5 17
23 2 10
5 9 7
6 7 3
21 21 12
16 19 23
1 1 5
5 7 2
23 3 20
3 5 28
23 0 26
21 23 22
16 19 14
10 13 16
0 3 3
21 23 29
21 23 16
19 21 16
11 13 10
6 10 10
16 19 7
21 21 26
0 2 22
19 22 15
15 18 8
23 1 27
21 21 9
20 20 13
16 17 5
17 18 11
12 15 9
19 22 7
2 4 1
14 15 5
23 1 14
19 21 6
19 20 19
10 13 18
10 11 11
23 2 9
7 10 19
4 6 16
5 5 26
20 23 5
16 18 15
22 1 18
1 5 25
1 4 17
23 3 16
12 15 30
1 2 10
8 10 23
3 5 29
20 23 12
21 22 3
10 12 18
11 13 21
5 6 11
16 18 11
15 16 10
4 6 26
0 2 6
12 14 23
7 6 27
21 23 7
4 6 30
3 6 14
10 11 24
23 1 12
7 9 29
6 7 19
8 9 24
11 13 19
21 23 3
4 6 27
0 1 30
23 0 22
10 12 30
15 16 16
0 2 7
13 14 2
20 22 24
14 17 6
15 16 17
6 8 1
22 0 11
5 8 6
13 17 1
12 14 27
14 17 20
12 15 7
16 19 27
16 16 20
8 9 13
0 2 24
1 1 24
16 17 15
5 7 8
15 17 7
22 1 30
12 14 6
12 15 26
5 6 11
7 8 20
15 17 10
5 7 24
22 0 25
9 12 12
5 6 30
21 21 10
16 19 5
12 14 28
13 15 18
20 22 28
8 11 17
18 20 1
14 15 19
5 7 19
14 17 24
22 23 13
3 5 1
20 22 12
15 18 9
4 6 25
18 21 9
2 4 11
14 15 1
17 19 21
3 3 13
15 17 28
19 21 26
6 8 24
7 8 27
0 4 1
18 20 11
12 12 26
7 9 26
5 7 22
1 5 18
0 1 21
7 8 12
14 16 27
1 4 8
18 22 3
18 20 8
13 14 15
23 2 13
13 15 1
23 2 8
11 12 20
8 10 18
2 3 27
5 8 30
4 7 14
13 15 17
5 7 2
12 13 18
14 15 5
0 3 4
16 18 12
7 8 3
0 1 24
12 13 23
20 20 26
12 13 5
13 15 30
14 15 21
8 9 27
12 15 18
12 14 7
2 4 12
8 11 25
1 4 11
8 10 8
13 15 18
6 9 12
11 13 30
6 7 3
14 15 20
5 8 2
15 16 1
18 21 3
2 2 7
21 1 24
16 18 25
21 21 26
23 1 5
21 23 22
22 23 8
6 8 10
11 10 16
16 16 7
20 23 16
0 2 19
14 17 22
10 13 8
6 8 25
5 8 28
6 9 27
11 14 4
18 23 16
10 11 4
7 10 29
16 19 5
6 6 28
7 11 11
12 14 2
0 3 25
20 21 24
20 23 4
16 17 28
3 6 24
8 11 22
17 20 6
18 20 18
1 3 13
4 7 9
6 7 17
20 22 21
8 9 25
2 5 17
4 6 13
6 6 28
14 16 10
15 18 25
9 12 3
9 11 1
10 13 17
5 6 19
21 22 4
4 7 9
22 23 27
4 6 7
9 10 19
17 18 13
3 4 11
1 3 13
2 5 3
16 19 22
20 22 23
8 9 21
0 2 26
18 20 22
23 1 5
18 21 12
1 2 10
0 3 19
7 9 8
17 19 24
12 14 1
8 8 1
4 9 6
1 4 4
4 4 4
0 2 19
2 3 29
21 22 23
4 7 1
22 1 17
0 2 9
23 1 16
12 13 12
23 0 28
19 20 10
9 11 12
22 1 1
6 7 23
7 9 20
2 5 21
3 6 19
20 23 4
11 13 2
15 17 24
2 4 14
1 2 3
18 20 24
13 14 29
3 6 9
20 22 16
11 13 4
1 4 23
13 14 15
9 9 12
12 14 26
2 5 17
10 11 15
15 17 8
3 4 7
15 16 15
22 0 11
10 11 12
6 8 12
9 11 13
22 0 7
5 7 1
17 19 7
15 18 7
19 22 15
18 20 29
13 17 20
2 4 28
5 6 24
20 0 21
12 13 16
6 10 14
22 0 25
11 14 13
14 15 6
20 23 26
11 15 23
1 2 14
8 11 22
6 8 14
19 23 15
22 1 14
15 15 30
17 17 3
11 13 11
11 14 10
18 20 26
12 15 2
6 8 3
17 18 28
21 22 27
17 19 30
10 13 23
6 9 9
15 18 1
8 11 30
3 6 1
15 18 20
19 22 27
8 11 21
12 12 22
0 1 17
15 15 21
10 13 17
19 22 8
8 10 15
11 14 25
6 6 2
21 21 12
21 0 8
7 8 12
18 20 22
3 6 8
8 10 22
7 9 1
11 12 24
7 11 14
19 22 30
23 0 10
20 22 2
9 11 23
1 3 17
9 13 26
4 7 30
10 14 4
23 0 25
14 17 16
22 0 9
7 9 25
13 16 26
21 21 25
20 22 16
16 19 8
11 13 17
19 22 1
13 16 27
17 19 1
8 10 26
10 12 3
11 12 24
11 12 8
18 21 21
2 4 18
21 23 15
4 7 22
12 14 3
11 13 25
1 2 6
22 1 22
2 4 17
14 17 1
3 4 29
18 20 6
7 9 26
6 7 20
9 11 16
12 13 2
14 15 10
8 10 4
2 3 5
22 23 26
23 1 2
4 7 8
13 16 20
18 20 30
7 10 2
16 16 7
21 23 3
4 6 1
3 6 11
12 14 10
19 22 23
14 17 1
22 0 7
15 18 15
21 0 26
5 7 10
2 4 20
1 4 3
20 22 13
0 1 1
2 4 3
20 22 21
14 16 9
14 15 6
11 13 9
3 2 28
11 14 15
4 7 19
13 12 2
20 0 13
1 5 27
9 12 30
16 17 8
15 18 5
22 1 12
18 20 12
8 12 28
23 1 10
8 7 26
1 3 1
17 20 27
3 5 22
12 13 18
14 15 11
12 15 9
7 10 5
7 9 5
12 15 4
2 4 29
22 0 17
8 9 16
23 0 3
9 12 3
14 16 12
11 12 20
16 19 4
11 13 28
7 11 21
16 18 1
8 11 23
18 20 13
18 20 7
12 14 19
3 5 15
18 20 20
9 13 17
20 23 23
7 9 24
0 3 10
19 21 3
2 6 28
20 22 10
20 21 4
8 11 17
18 20 28
15 17 29
3 6 20
20 20 23
5 8 16
6 8 26
4 6 18
4 7 4
14 17 4
23 1 1
3 5 24
4 4 13
7 9 29
23 1 6
12 13 29
7 7 18
7 8 5
10 11 9
11 14 27
1 2 26
10 13 3
20 23 28
8 9 26
7 10 13
11 13 7
17 20 16
18 20 16
22 23 13
23 3 12
2 5 19
15 17 18
19 20 16
2 6 29
0 3 5
7 9 26
19 21 10
19 20 13
20 22 9
13 15 24
3 5 23
6 8 17
17 20 10
20 22 5
18 20 5
11 12 18
0 2 12
6 9 1
16 17 28
14 17 24
2 3 13
10 14 8
0 2 2
15 18 11
4 6 28
22 0 8
21 23 14
21 22 20
16 18 27
6 9 15
6 7 21
10 11 28
11 13 14
14 14 10
8 9 6
20 21 7
6 8 11
5 6 14
4 6 6
9 11 21
17 19 5
19 21 26
3 3 1
23 2 12
8 10 9
2 5 21
6 8 9
20 22 17
20 23 30
2 5 18
10 11 15
21 23 5
19 22 19
18 19 16
10 10 12
7 9 7
16 18 11
5 9 15
1 2 24
4 6 25
8 9 24
15 16 5
5 7 21
4 6 7
19 20 22
12 14 29
8 10 26
2 3 26
19 23 21
2 4 27
7 9 5
19 21 17
13 17 9
12 13 25
1 3 22
12 12 22
6 6 27
6 6 4
12 14 19
9 12 23
4 4 16
22 1 12
1 5 8
10 11 28
12 15 15
11 14 24
9 9 3
21 23 9
15 18 5
7 10 9
11 12 16
20 22 25
2 5 6
19 21 29
16 19 25
13 14 10
16 18 6
23 1 3
22 23 4
19 19 28
17 18 23
14 16 13
8 11 9
10 13 26
19 20 9
6 9 11
6 6 28
14 18 22
22 0 3
20 23 16
22 1 3
10 12 21
4 5 10
0 2 21
8 10 29
14 16 14
4 7 6
17 19 2
19 22 13
12 14 6
3 5 7
13 15 1
21 23 11
9 12 30
2 3 26
6 7 20
11 13 1
8 9 24
18 19 19
14 16 9
3 5 24
19 21 27
11 15 19
22 23 24
21 0 22
2 4 16
0 1 1
18 20 22
10 11 17
19 21 3
9 11 29
15 16 13
12 14 21
6 8 17
15 18 19
18 20 14
11 14 2
3 4 19
14 18 14
22 0 15
8 10 9
0 2 24
22 23 16
12 14 27
10 14 21
8 7 5
19 21 4
15 17 30
12 15 6
16 17 17
8 9 23
2 5 12
20 22 14
13 17 28
6 9 10
21 0 24
14 15 30
18 21 8
6 8 20
21 21 13
15 16 27
16 17 1
12 14 30
22 0 15
5 8 11
11 14 15
9 12 30
9 14 2
10 13 11
21 0 16
19 21 29
15 17 1
23 1 12
23 1 18
22 23 20
16 17 13
23 1 7
12 13 11
17 18 9
8 10 14
4 5 29
5 7 7
0 3 4
10 12 26
15 18 23
17 19 14
22 0 20
15 17 5
13 15 24
20 23 24
22 0 1
16 17 1
15 18 7
1 2 1
4 6 12
23 1 23
18 20 11
19 20 27
22 1 12
2 3 14
16 18 9
17 18 29
11 15 2
21 0 27
14 16 15
9 11 8
20 21 14
22 1 9
6 8 24
9 11 26
6 8 19
20 23 12
14 17 17
19 22 17
11 13 15
3 5 16
8 11 25
21 0 26
9 12 21
16 17 4
4 6 20
18 20 24
1 2 25
15 19 5
20 23 19
7 11 7
4 6 26
17 18 13
13 14 3
17 20 4
14 15 2
18 21 10
21 22 14
12 14 19
6 9 6
8 10 6
16 18 22
12 14 18
17 20 29
17 18 13
4 6 7
5 7 4
23 0 16
18 19 17
23 0 22
2 5 17
18 21 4
22 0 16
17 19 20
18 20 5
20 22 25
19 20 5
17 20 26
15 18 12
2 3 16
10 13 9
18 20 22
7 8 23
17 19 12
11 13 12
12 14 8
4 7 17
22 23 6
2 4 15
7 8 7
18 20 9
18 20 8
23 1 12
13 14 22
22 0 9
9 11 18
16 18 13
17 18 29
11 12 16
8 10 2
7 10 23
20 23 12
22 1 17
16 18 16
12 13 25
5 5 17
18 20 9
21 0 10
10 13 20
13 15 14
4 6 23
17 18 29
0 2 17
22 22 28
5 6 25
6 8 29
20 21 12
11 12 13
14 16 25
4 5 2
8 10 21
6 8 17
8 11 13
0 2 19
15 16 21
13 16 30
18 19 22
10 10 2
14 17 17
16 18 22
19 20 27
10 13 19
0 3 14
0 3 20
3 3 29
18 23 7
0 3 29
19 21 29
12 14 13
12 16 2
15 18 26
23 2 4
19 22 9
17 19 2
22 22 25
5 6 20
1 3 2
16 18 6
2 5 22
1 3 15
7 10 15
16 18 24
13 14 4
12 14 9
18 21 7
4 7 25
12 13 16
22 0 19
11 13 4
10 12 6
12 13 7
21 23 8
8 12 28
17 19 17
21 22 6
3 5 15
7 9 26
5 5 21
20 20 30
12 14 5
8 9 19
17 20 5
18 21 16
10 12 23
17 18 15
4 5 12
18 19 8
20 0 19
14 14 20
8 10 3
20 23 23
16 16 29
20 21 17
7 8 1
4 7 7
9 12 19
20 20 13
17 19 18
19 21 4
14 17 14
6 8 20
21 22 6
5 6 17
16 19 28
3 7 6
23 2 14
1 3 12
2 5 16
11 13 4
4 6 2
13 16 2
14 15 7
12 15 8
19 21 8
20 21 5
4 4 29
20 22 6
9 12 12
4 6 30
13 15 1
18 18 9
1 3 2
22 0 17
8 11 6
21 22 26
21 22 15
18 19 15
15 17 18
4 7 29
22 0 15
14 15 26
16 18 5
23 1 16
17 21 28
9 11 16
21 22 19
11 12 1
18 21 10
3 5 26
15 18 30
5 7 2
23 1 8
8 11 25
6 8 23
7 11 8
21 22 14
19 22 23
14 16 26
23 1 20
2 4 12
12 13 11
7 10 27
21 23 1
17 19 22
16 17 30
16 18 6
15 17 15
14 16 23
12 16 28
9 11 7
23 1 7
18 18 22
2 5 19
21 23 14
8 9 5
4 7 26
16 20 22
4 5 27
10 13 26
11 14 21
3 5 2
11 13 25
22 0 15
23 2 27
5 7 26
22 0 23
19 22 9
9 10 9
16 18 1
2 4 24
18 19 18
23 2 2
1 3 25
2 5 21
0 4 30
2 4 15
1 3 8
13 13 4
6 8 22
6 9 19
14 17 16
16 17 9
12 13 19
22 23 17
13 13 30
2 5 19
3 5 11
16 18 16
3 6 10
5 7 17
23 2 6
21 23 19
6 10 5
21 0 4
10 12 5
6 10 26
16 18 28
6 9 29
17 18 27
18 20 16
11 16 25
13 15 27
21 21 13
0 2 27
9 10 17
5 6 21
6 7 4
18 20 18
13 15 19
22 0 27
3 5 9
23 2 20
7 9 24
15 17 21
21 0 28
7 9 6
9 10 24
8 10 8
10 10 17
9 10 18
5 7 12
12 15 13
17 18 26
0 2 3
23 1 30
5 7 29
14 17 15
18 19 5
23 1 5
11 14 22
13 15 30
9 11 11
6 7 15
12 13 4
2 5 28
19 21 19
5 8 16
11 12 12
2 6 28
16 20 11
1 5 10
1 5 2
2 5 8
2 5 26
8 11 11
17 19 15
18 20 5
7 8 1
8 10 12
17 19 7
6 8 17
3 7 21
7 8 5
3 7 14
4 6 22
12 13 14
6 8 23
0 2 5
13 14 4
20 21 26
11 13 6
6 9 12
14 16 25
15 18 28
4 6 16
21 0 10
14 16 23
19 20 15
19 19 12
9 12 17
21 22 11
15 18 24
2 6 8
10 11 13
12 16 2
17 19 10
14 16 20
7 8 6
9 10 9
13 15 23
10 11 13
18 20 28
13 16 8
14 17 15
4 6 20
7 9 5
1 4 30
12 14 25
3 7 2
12 13 15
8 9 6
22 22 30
15 16 9
6 7 20
23 2 25
7 10 25
17 18 4
7 11 14
22 0 29
7 9 13
3 6 14
8 10 22
1 4 23
12 15 21
13 17 15
20 23 21
19 20 15
5 7 3
3 6 22
23 0 8
6 7 20
1 3 9
3 6 21
6 9 26
6 9 28
2 6 19
2 4 26
13 14 13
4 5 17
15 17 28
22 0 28
0 3 15
19 21 13
23 0 24
9 11 13
23 3 12
19 21 5
23 0 1
19 21 6
0 2 25
23 1 30
20 21 27
11 13 10
22 22 16
13 14 10
16 19 28
2 3 11
17 20 1
23 23 8
0 2 2
19 21 6
0 3 6
22 0 28
7 10 19
1 4 8
21 23 27
22 22 23
5 7 15
6 8 5
5 9 2
0 1 10
20 22 11
2 2 27
12 11 28
0 2 8
16 19 14
8 9 9
0 2 25
18 21 14
1 2 21
20 22 20
21 1 9
5 8 14
11 14 6
12 14 22
18 20 7
8 8 11
9 11 18
21 22 23
4 5 17
17 18 12
8 11 10
16 18 10
11 14 16
16 18 28
15 18 30
9 11 23
12 13 27
17 19 27
19 19 22
20 23 15
0 2 5
20 21 19
23 2 20
2 3 6
3 4 11
2 5 29
2 3 15
12 13 24
6 6 19
18 21 30
18 21 16
16 18 15
6 8 28
9 12 2
11 14 3
10 12 24
14 17 28
12 13 10
23 1 8
2 5 3
18 20 3
0 2 8
1 2 21
2 4 3
10 13 3
5 8 1
3 4 28
9 11 20
15 17 3
13 14 19
18 21 3
21 21 17
5 7 19
9 9 20
12 14 6
8 9 9
19 22 28
23 1 27
17 21 13
19 21 10
17 19 13
18 19 22
1 2 18
5 8 8
18 20 5
6 6 25
6 9 26
21 23 7
18 20 4
6 7 14
23 0 19
11 13 14
9 12 24
23 1 16
13 13 5
14 16 10
19 22 4
7 10 14
7 9 4
22 22 3
12 14 23
4 7 17
14 16 4
13 15 16
8 9 9
3 6 5
20 22 15
21 22 24
18 20 13
16 18 28
19 20 8
0 1 22
3 5 7
10 11 15
23 23 20
0 2 24
11 15 20
7 9 13
9 12 25
9 11 2
19 22 25
3 3 24
7 10 5
12 15 22
5 8 15
10 14 26
18 19 29
4 5 28
13 15 27
22 0 16
22 0 10
3 4 21
20 22 17
20 22 2
22 0 26
22 23 10
5 8 28
7 8 8
9 11 22
17 21 24
9 10 28
15 16 30
20 22 6
18 20 21
6 8 25
5 7 3
16 18 23
16 19 7
22 22 3
23 23 2
12 14 21
10 12 5
9 12 14
9 11 23
7 9 18
19 22 7
22 0 7
21 22 28
1 1 11
2 5 15
13 15 30
8 9 24
17 21 15
13 13 21
15 16 7
19 20 1
22 0 16
10 12 28
13 17 23
3 5 17
20 22 30
0 4 28
8 12 16
9 12 27
14 16 21
12 14 2
17 19 21
2 5 5
12 14 14
6 9 4
10 11 7
21 23 20
2 4 20
13 16 6
7 9 23
15 18 4
6 8 1
5 7 11
17 20 23
7 8 27
16 19 11
7 8 21
3 6 10
18 21 19
2 4 16
5 7 2
6 9 13
17 17 25
4 7 1
8 11 1
17 19 19
3 5 27
0 1 5
12 14 1
14 16 29
9 11 18
8 10 30
16 18 6
4 7 1
13 15 5
3 4 11
20 22 8
8 9 2
16 19 16
5 8 28
8 9 30
8 9 5
9 9 13
8 9 4
3 6 7
14 16 14
1 3 14
5 7 9
16 17 15
10 12 5
10 13 19
8 10 29
14 16 5
14 13 12
17 18 17
3 4 19
18 18 14
11 14 16
2 4 20
23 3 2
15 17 5
5 8 8
2 4 3
5 7 5
13 15 27
11 13 10
9 10 24
15 16 14
20 23 9
19 22 7
19 21 28
17 19 30
13 15 3
21 23 13
14 16 21
3 4 1
10 11 25
9 11 15
16 18 6
1 3 15
0 2 17
16 18 3
11 12 24
3 6 1
16 17 30
19 21 27
19 22 20
16 17 8
2 4 27
22 0 30
15 16 15
19 19 13
15 17 22
10 11 20
14 17 7
19 19 5
8 10 13
16 17 30
12 13 9
20 22 11
20 22 22
17 19 25
6 8 1
1 2 12
9 11 3
5 7 3
5 8 24
11 12 25
20 21 19
8 9 24
15 18 30
16 18 26
0 1 27
18 21 18
22 0 16
20 23 2
7 10 9
5 7 20
9 11 5
17 17 14
12 15 29
6 10 3
17 19 6
8 10 17
7 8 7
16 17 16
21 23 28
13 16 2
7 8 23
8 11 11
21 1 10
11 14 14
10 11 6
10 12 8
4 6 25
5 8 14
3 5 28
6 9 30
11 14 18
1 3 13
6 8 4
23 1 6
13 16 3
3 4 17
13 15 10
5 7 3
18 20 14
23 0 19
13 15 1
11 13 21
19 22 12
9 10 24
4 3 11
2 4 21
12 16 12
16 19 25
5 7 2
10 12 26
4 6 2
19 20 17
19 21 19
3 5 26
4 6 14
7 8 29
9 10 14
13 14 2
10 13 4
16 20 14
12 15 30
16 19 4
8 10 26
6 8 24
8 10 23
16 19 24
2 3 7
16 20 26
16 17 2
0 2 6
14 16 23
17 20 10
21 23 6
10 12 13
5 7 21
6 8 9
1 4 27
20 23 27
12 14 24
12 14 6
9 10 4
20 22 2
23 2 13
12 14 21
17 19 12
7 7 11
5 7 26
1 3 7
1 3 11
11 14 20
6 9 24
23 2 8
10 11 14
12 13 18
2 5 20
16 18 25
19 20 15
4 7 23
19 20 14
21 22 25
2 3 9
4 5 13
20 22 22
19 19 12
17 19 24
13 15 21
18 22 22
3 2 27
10 11 8
8 9 19
16 19 15
4 6 23
8 10 8
1 3 18
20 23 30
15 16 8
12 15 3
1 1 27
12 14 13
20 21 9
9 11 4
15 19 3
1 4 19
8 9 25
9 12 28
23 1 30
17 19 26
3 4 20
0 3 21
15 16 17
11 14 5
4 5 18
20 22 13
2 3 27
22 0 23
16 19 17
13 15 23
15 18 21
22 0 9
0 2 1
4 6 2
20 21 26
21 1 2
15 17 12
2 4 9
1 3 1
3 6 29
7 10 9
3 7 10
8 10 24
13 17 18
17 20 6
15 18 23
17 20 2
7 7 20
20 23 1
10 12 23
4 6 22
22 0 14
5 7 29
4 8 20
18 21 10
8 10 28
20 21 20
23 23 13
5 7 15
18 20 2
4 6 15
15 19 9
10 11 9
6 8 10
16 18 20
6 10 12
17 18 26
10 12 5
7 8 8
22 0 29
15 17 24
14 17 27
1 2 13
15 19 11
9 13 18
22 23 29
21 1 8
5 7 2
15 16 12
9 10 21
6 7 11
3 4 22
2 2 28
12 15 6
11 13 5
15 17 21
17 17 18
22 0 22
14 17 27
19 22 18
0 1 11
7 8 2
6 8 8
7 9 21
18 19 28
13 14 27
6 6 14
13 14 9
4 6 25
6 7 5
5 7 19
16 19 20
17 20 22
15 18 25
14 16 10
0 1 16
22 23 16
20 21 15
10 11 5
6 7 5
2 4 12
2 5 8
22 0 9
12 13 6
14 17 8
3 5 26
22 22 4
21 21 28
3 4 18
16 18 25
15 19 29
8 10 14
7 8 12
11 14 3
11 15 25
8 11 4
9 10 11
23 4 14
8 10 3
3 4 26
11 13 8
3 5 29
8 11 1
13 14 5
17 18 8
3 5 7
13 15 6
21 23 3
3 5 29
11 12 11
22 0 30
9 10 17
11 11 1
8 10 24
1 2 24
19 22 16
17 19 10
6 8 27
0 4 14
4 7 23
8 10 25
0 2 28
3 7 6
3 4 4
19 22 4
5 7 29
15 17 21
1 3 19
3 4 28
14 16 21
23 1 1
7 11 5
19 19 27
18 21 27
21 1 8
19 22 2
7 9 19
21 23 5
1 3 29
15 18 3
13 15 7
4 5 11
17 18 18
1 3 3
23 2 29
6 9 21
18 21 16
11 12 5
18 19 29
15 17 25
16 19 16
3 5 24
9 11 26
1 4 16
14 15 12
13 15 20
23 0 21
11 11 27
10 14 17
14 15 20
3 6 29
23 2 4
16 18 10
10 11 20
20 22 28
2 3 15
9 11 27
19 21 6
10 11 27
13 15 9
19 21 15
9 11 5
11 12 24
22 0 22
16 17 30
21 23 4
0 3 1
23 2 1
7 10 16
2 6 12
21 1 12
5 8 16
3 5 27
23 0 24
7 10 13
14 16 15
12 15 22
2 2 20
16 17 20
15 17 18
13 15 10
14 16 16
6 8 15
23 2 15
18 21 30
19 19 26
2 3 13
17 20 12
7 8 29
2 3 1
19 21 11
0 2 24
8 10 18
5 7 19
8 11 18
0 1 20
12 13 2
4 6 7
0 2 19
5 6 21
13 15 14
16 16 25
23 1 25
17 18 14
16 17 27
7 7 10
8 11 20
23 1 15
20 22 1
23 0 12
10 12 20
2 4 26
5 6 29
15 16 3
12 13 13
6 7 13
16 18 21
4 7 29
11 13 7
9 11 20
1 3 12
1 4 30
6 8 16
13 15 24
4 6 5
3 5 28
11 13 10
17 21 30
13 14 3
6 8 28
5 5 2
21 0 20
12 15 4
1 3 5
8 10 12
7 9 4
13 15 11
19 22 26
19 21 3
15 17 28
0 1 5
7 9 4
15 17 2
1 5 18
22 0 16
19 22 21
0 1 8
14 16 9
1 3 12
20 22 23
14 16 13
19 20 23
20 21 7
3 5 3
8 10 7
15 17 16
9 12 5
1 1 2
5 7 23
15 16 10
22 23 20
3 5 20
16 18 28
6 7 11
5 8 13
12 15 25
21 22 23
20 21 17
14 16 15
20 22 17
10 12 25
9 12 25
7 9 13
23 2 17
23 0 9
20 0 26
9 10 10
23 1 22
2 2 22
3 6 17
3 6 5
12 15 23
16 17 20
13 15 28
16 18 20
11 14 24
20 23 3
8 10 16
5 6 3
5 6 17
22 0 17
16 19 26
10 11 17
1 1 29
18 20 23
20 23 23
15 19 18
10 11 14
16 18 10
10 13 11
21 1 27
15 17 10
2 5 26
2 4 20
7 8 17
4 5 14
11 13 8
21 22 8
12 15 12
5 6 19
23 1 3
11 14 28
4 7 28
22 23 28
20 21 29
22 23 14
5 8 14
12 14 28
23 1 18
5 7 22
16 18 9
1 2 30
20 21 4
1 3 11
15 17 10
21 22 2
20 21 8
9 12 15
20 23 5
19 20 2
14 17 30
18 23 8
8 10 27
13 15 9
17 21 24
18 20 19
17 19 11
22 1 18
7 11 6
16 17 24
12 16 22
3 5 20
12 15 11
23 2 20
15 18 18
10 13 9
11 15 23
23 0 13
19 21 20
10 13 3
12 13 12
5 7 9
4 4 4
20 22 17
18 19 8
20 21 9
5 9 12
19 22 3
3 3 21
6 8 9
11 15 17
0 2 21
4 3 7
5 7 5
14 14 3
18 21 14
10 10 5
1 2 22
6 8 20
10 12 24
17 18 26
12 14 13
10 13 7
13 15 11
21 23 16
22 0 26
16 18 18
6 9 18
12 14 10
1 3 9
18 21 10
1 3 28
5 7 6
14 15 16
0 2 25
19 21 22
22 1 22
9 10 2
11 12 28
15 19 22
22 0 17
14 17 20
15 17 15
23 2 23
18 20 11
1 3 5
2 4 8
18 19 4
8 11 8
23 2 12
7 9 15
19 20 10
22 1 19
22 23 29
10 11 18
18 19 28
16 18 4
4 6 2
2 4 4
21 22 13
15 16 21
15 18 3
6 10 30
6 7 5
23 0 13
18 20 4
5 7 18
8 8 21
6 6 30
2 4 25
17 20 29
13 14 14
21 0 20
9 11 7
13 16 20
3 7 4
13 15 15
10 12 7
5 7 1
11 12 27
16 18 1
7 9 20
16 19 25
11 14 12
3 5 21
4 7 3
20 22 22
4 5 21
14 17 13
12 12 25
13 15 5
20 0 1
9 11 27
2 3 7
20 22 10
5 7 27
21 23 9
15 17 29
13 17 27
3 4 9
18 20 22
19 21 16
16 18 24
12 14 4
5 7 17
13 17 4
1 3 20
2 4 5
14 17 24
23 1 23
9 11 17
14 16 3
18 19 13
8 10 26
4 5 17
4 7 29
11 13 17
3 6 24
13 15 4
17 18 25
18 20 3
0 1 30
17 19 25
12 15 1
14 15 13
10 12 9
1 4 20
12 15 15
16 19 13
8 11 12
21 23 5
7 9 17
2 3 29
14 16 6
5 7 24
14 17 19
7 8 4
5 7 23
15 16 6
0 3 10
19 20 18
2 5 7
2 4 12
20 22 29
11 13 26
13 14 2
4 8 22
