2370 30
4 7 1 7 16 2 20 22 19 24 4 19 20 21 24 6 25 30 12 21 29 17 22 21 25 21 17 10 12 11 
17 21 5
5 8 14
16 18 15
18 19 1
9 11 20
12 13 25
6 9 19
3 3 30
13 15 6
8 9 29
1 5 19
8 10 29
16 19 9
16 18 18
6 7 28
2 3 5
23 0 13
10 13 18
17 17 6
6 7 2
15 18 20
3 5 17
13 14 15
19 20 19
9 11 25
14 16 7
11 13 12
0 2 23
6 9 12
20 21 21
0 2 18
19 22 28
1 4 1
6 10 24
3 5 23
20 22 27
21 0 1
3 6 20
3 6 10
12 16 13
5 6 9
22 1 5
16 17 9
9 12 11
12 15 3
5 7 1
0 3 23
19 21 22
15 17 13
21 0 4
9 10 23
9 10 18
0 1 18
10 11 17
9 10 16
16 21 2
14 16 25
11 13 4
11 11 26
9 9 21
4 7 19
17 18 19
4 5 16
19 20 28
16 18 21
3 7 18
2 5 22
10 12 13
23 0 25
15 17 28
2 4 17
21 23 9
22 23 23
5 8 7
15 15 15
8 10 17
14 16 30
6 7 10
6 5 30
6 7 20
13 14 7
10 12 28
11 12 24
4 7 21
19 20 10
21 1 1
23 0 13
21 22 15
21 0 3
20 21 11
1 4 27
23 2 4
10 12 24
14 15 22
16 18 17
15 15 23
1 2 22
10 10 28
12 14 20
0 1 13
14 16 28
14 16 19
17 18 16
17 20 10
2 3 12
17 21 6
11 14 19
16 18 3
10 11 13
2 7 7
12 14 13
1 2 11
4 5 24
19 21 12
2 5 20
4 4 19
22 23 2
7 10 19
20 22 8
4 5 25
17 20 27
11 13 7
19 21 14
3 5 2
8 9 6
8 11 27
12 15 13
23 1 2
20 22 22
21 0 18
0 3 3
1 4 11
12 15 22
21 23 12
4 7 14
1 2 16
10 11 25
14 17 12
9 8 11
4 7 7
4 5 29
20 23 17
15 17 16
12 14 5
20 22 28
4 6 10
14 15 7
17 18 22
19 21 23
2 5 15
12 14 23
17 18 3
23 1 2
14 14 8
22 0 16
18 19 15
18 19 21
11 13 19
13 15 17
18 22 29
5 8 14
23 1 30
19 21 9
23 1 23
14 16 10
21 0 18
7 8 2
8 11 21
7 8 16
12 15 17
1 3 5
7 8 16
4 4 21
4 5 5
0 1 24
8 11 10
23 2 23
22 0 14
17 19 21
4 5 19
4 5 28
9 9 16
17 18 5
14 16 6
4 6 22
16 17 5
4 5 11
16 18 5
23 4 11
2 3 20
17 19 11
15 13 22
16 16 7
9 12 20
5 9 22
23 2 20
6 9 16
5 6 14
16 17 15
18 19 11
22 2 5
4 7 29
5 8 29
4 6 21
17 21 15
3 5 19
11 14 3
1 2 14
1 4 14
9 12 4
8 7 22
13 15 9
1 2 19
22 0 7
7 8 30
0 0 4
0 4 6
16 19 14
11 13 3
8 11 9
3 4 4
9 10 15
18 20 6
17 19 17
9 11 19
16 18 13
16 18 4
1 3 16
4 7 22
15 15 29
22 23 5
1 4 20
2 5 10
4 6 10
8 8 17
16 18 27
1 2 5
22 0 27
6 8 22
7 9 14
1 4 4
19 21 15
3 4 8
10 13 18
21 23 22
14 18 25
13 16 13
3 6 2
2 4 4
9 11 6
20 21 24
15 17 17
19 21 27
1 5 24
6 8 1
14 15 9
3 4 1
20 21 13
9 11 3
10 13 30
21 22 28
18 19 14
13 16 7
17 20 26
20 23 20
6 8 30
5 7 15
17 20 26
18 20 24
21 22 22
19 21 22
20 23 25
4 8 1
12 15 1
5 6 30
6 9 8
17 19 30
0 2 9
6 9 30
17 20 13
10 11 2
7 9 25
22 23 12
13 16 4
22 0 23
7 10 11
23 1 30
4 6 14
9 10 27
12 13 30
1 2 4
15 18 9
23 0 14
21 23 29
2 5 26
18 20 22
22 0 1
19 23 26
16 18 18
6 8 23
11 13 20
4 6 6
13 14 30
0 2 23
0 1 11
9 11 16
6 9 27
6 8 20
4 7 10
10 14 25
5 7 8
23 0 20
2 3 21
8 10 7
16 16 5
14 14 16
19 22 10
3 5 26
2 3 3
20 22 12
16 19 19
18 19 19
11 14 21
1 2 23
13 13 17
16 19 4
5 6 9
11 11 29
9 13 30
13 14 9
20 22 9
9 11 3
16 18 23
17 19 20
20 21 14
0 4 2
21 0 4
7 10 9
8 9 14
6 7 17
16 18 16
10 13 11
16 18 7
16 18 8
9 12 11
11 12 30
18 19 17
11 13 1
14 17 12
21 0 9
17 20 14
12 15 18
15 18 18
10 11 20
21 22 24
9 10 26
15 17 18
23 1 28
23 1 26
20 22 19
21 23 18
20 21 25
22 23 5
10 12 22
20 21 5
12 13 18
21 23 7
22 0 7
0 3 10
16 17 13
1 3 1
19 21 8
9 13 24
4 6 1
5 7 25
17 19 13
5 9 18
7 10 19
18 20 5
2 3 30
18 19 30
13 13 13
21 0 19
15 16 9
19 22 6
18 19 19
1 3 13
3 6 6
15 18 23
4 7 12
23 1 3
21 22 3
14 17 12
11 12 4
14 16 6
5 6 24
23 2 17
14 15 12
19 22 23
14 18 19
22 0 21
19 21 11
11 13 30
20 22 7
2 3 2
15 17 22
19 19 11
16 19 25
13 15 30
23 1 21
8 11 29
5 7 8
6 9 22
13 15 15
2 3 10
6 7 20
22 0 1
20 21 28
7 8 8
7 10 24
0 2 2
16 15 12
23 3 13
10 12 28
15 16 8
12 13 28
20 21 23
22 2 6
17 19 27
1 4 29
3 5 15
8 10 19
21 23 17
8 10 30
17 18 1
13 16 22
22 0 1
19 20 6
6 7 6
19 23 5
19 21 8
12 15 10
20 22 6
22 1 13
3 5 23
1 3 9
11 14 15
19 20 7
20 23 16
23 1 6
7 9 22
11 12 27
1 4 27
17 18 11
20 23 25
4 5 25
12 15 2
17 18 14
23 1 29
22 1 25
10 12 27
2 6 26
1 4 5
0 3 28
16 18 11
10 13 7
5 7 27
8 9 7
20 21 26
5 8 2
16 17 1
8 11 2
7 8 3
16 19 16
5 8 30
0 1 16
14 14 20
10 12 18
19 20 11
11 14 30
12 13 23
19 22 26
22 2 4
17 19 9
17 19 29
14 16 16
0 0 15
10 14 20
14 15 17
23 2 16
3 6 10
16 17 27
3 5 3
18 19 28
0 1 7
16 18 12
10 13 21
3 5 1
23 1 17
14 16 17
3 6 4
10 13 1
0 2 7
5 6 24
19 21 16
4 5 18
10 13 8
10 11 27
14 15 2
18 19 18
21 22 4
2 5 13
21 22 4
18 22 15
18 19 8
18 20 11
16 18 16
11 12 10
13 15 6
10 11 5
6 8 23
7 10 22
12 13 21
5 5 14
2 4 16
22 0 30
12 14 16
20 23 12
15 15 4
22 0 1
3 5 7
4 5 1
20 23 7
4 5 12
22 23 26
13 15 11
15 16 24
5 8 4
19 21 12
15 17 5
13 15 30
5 7 2
11 13 4
16 17 19
5 7 5
19 23 8
19 21 16
5 7 3
17 18 3
19 21 10
14 17 2
7 7 25
16 19 22
20 0 14
8 9 5
13 17 10
10 13 25
21 21 10
1 2 8
22 0 19
6 7 17
8 10 7
21 0 16
14 16 10
4 7 28
9 12 7
11 12 20
20 21 27
17 18 28
18 21 28
23 1 7
10 13 11
8 11 24
4 6 25
3 5 25
7 8 5
11 13 1
0 2 13
18 20 2
18 21 15
4 6 21
8 9 14
15 16 1
17 18 13
14 17 25
19 20 22
22 22 17
21 0 14
11 12 26
22 0 18
3 7 29
12 14 15
7 9 25
12 14 17
14 17 23
10 11 9
19 22 1
10 14 13
13 15 15
19 21 11
17 17 1
13 15 21
13 17 11
8 11 19
12 16 29
8 10 23
1 4 5
23 0 27
23 1 2
21 23 9
23 2 28
3 4 25
5 5 11
0 4 17
2 4 19
1 3 14
15 17 1
23 0 5
14 18 8
9 11 15
14 15 12
1 2 15
1 3 14
0 1 20
3 6 22
11 11 30
18 19 7
4 8 8
3 4 24
15 17 2
23 2 25
20 21 15
17 20 6
12 16 3
3 4 24
22 1 24
2 4 29
12 13 11
9 11 6
0 4 4
6 8 26
5 8 24
14 17 28
12 15 12
11 12 4
0 2 4
15 16 14
2 3 24
2 6 25
8 10 6
0 1 5
8 9 20
16 18 19
5 6 27
0 2 4
18 21 20
15 16 5
16 17 6
5 9 23
14 18 1
11 11 4
16 20 11
2 5 5
0 3 30
22 1 7
21 23 30
10 13 28
15 17 8
20 21 29
6 8 19
3 3 14
1 3 21
19 21 12
13 15 22
2 4 24
15 17 9
14 17 3
6 9 26
11 11 6
16 19 3
18 20 29
15 18 28
0 3 11
16 18 22
16 18 26
20 21 29
23 0 24
21 1 21
11 14 22
5 7 29
6 9 7
20 21 4
23 1 10
3 5 14
1 4 1
20 21 1
18 20 9
4 5 29
5 6 6
6 9 22
9 10 17
16 17 6
21 22 3
5 7 8
21 23 10
23 1 11
18 21 19
17 21 28
8 10 13
18 20 22
15 18 24
9 11 1
5 7 5
0 1 7
4 8 18
2 4 16
11 14 13
19 22 23
20 22 25
9 11 5
20 23 16
2 5 12
6 7 2
14 16 9
22 0 20
17 20 8
23 0 25
5 6 17
19 22 4
17 18 8
2 3 11
11 13 23
4 6 25
13 15 6
17 19 9
17 17 28
15 18 29
12 14 1
10 11 26
20 21 30
12 14 25
9 11 13
22 1 17
23 3 22
7 8 10
13 14 15
19 22 5
19 22 7
21 0 7
12 15 4
10 11 1
17 20 15
1 3 1
9 9 2
0 2 30
12 13 16
4 5 2
20 0 25
17 19 20
11 12 25
19 22 20
4 5 24
14 15 21
11 11 4
11 14 27
23 1 19
23 0 24
11 12 22
9 12 19
8 11 8
11 13 7
20 23 15
4 6 17
19 22 23
4 6 22
12 14 12
14 15 12
18 20 13
17 20 24
20 22 6
12 14 30
2 2 3
20 0 1
18 19 2
13 16 11
0 2 6
4 6 10
8 11 25
11 12 15
23 2 23
11 14 28
13 16 7
22 2 6
17 18 22
0 3 23
1 3 15
15 19 3
0 0 26
17 19 8
20 23 29
14 16 14
22 2 11
11 13 7
8 12 17
2 4 6
19 20 1
23 1 21
22 0 21
2 4 9
0 2 9
13 15 28
20 22 18
16 20 28
23 23 28
0 0 26
17 18 1
8 10 27
0 2 29
15 16 22
2 5 30
15 16 18
9 11 1
10 11 7
2 4 11
11 12 10
10 14 28
12 12 27
17 18 29
7 9 7
9 13 8
9 10 24
10 12 30
3 5 13
2 5 23
4 7 24
14 16 18
9 11 5
9 9 26
21 23 29
1 4 6
19 21 30
22 0 8
18 20 18
17 18 6
4 5 2
12 14 22
8 9 7
15 16 28
21 23 10
8 9 5
10 12 22
20 22 26
12 13 24
1 5 1
22 1 29
22 0 19
8 12 9
22 23 13
20 23 9
16 16 28
18 21 10
2 6 28
5 7 10
12 13 20
14 16 6
16 19 25
6 7 8
12 13 30
20 19 3
13 15 7
16 18 17
20 22 22
1 3 25
10 11 2
8 10 14
15 16 4
14 18 9
10 13 3
22 0 7
17 18 27
0 2 17
20 23 14
17 19 3
0 0 26
14 15 20
22 23 28
9 10 5
14 16 8
15 18 16
3 7 15
13 15 28
10 10 17
14 17 27
11 14 11
20 19 30
8 8 24
4 6 17
0 2 12
2 4 25
0 2 21
16 17 20
13 16 29
12 15 9
23 0 22
23 2 18
23 2 20
5 9 16
6 7 30
6 9 25
0 1 22
10 11 13
7 9 7
10 11 18
8 8 9
20 23 17
7 9 15
15 18 7
0 1 24
12 13 9
19 22 29
15 18 8
12 15 7
16 18 20
16 19 29
4 7 30
7 10 8
21 0 12
5 5 24
0 0 29
14 17 4
9 12 26
23 23 25
5 7 7
1 3 24
5 6 7
0 1 14
11 11 16
20 23 28
5 7 30
14 17 19
20 23 15
0 1 22
1 2 14
3 5 21
10 13 18
8 10 12
15 15 3
21 23 3
12 13 20
16 19 29
13 15 7
8 10 14
14 14 20
3 6 27
9 10 10
20 22 16
0 2 24
8 11 18
22 1 29
17 21 14
15 18 13
19 19 10
2 4 23
18 20 2
21 0 26
13 14 4
16 19 25
17 19 1
5 6 19
8 10 17
14 15 18
4 7 19
22 1 1
16 18 14
14 16 2
17 18 16
18 21 8
10 9 3
5 6 11
20 23 9
11 13 17
9 10 27
2 4 10
15 17 24
9 12 13
1 2 29
0 2 28
2 4 20
15 16 28
1 5 21
16 18 26
13 14 10
4 7 6
10 12 9
20 22 6
3 4 23
11 12 17
13 15 6
21 23 16
19 19 28
10 14 20
18 22 15
19 21 24
2 2 4
5 8 15
5 5 6
6 6 1
2 6 7
21 23 28
14 15 30
6 9 24
8 9 17
1 0 8
0 2 29
23 1 19
8 11 2
11 14 24
7 8 20
2 4 14
4 6 10
21 21 1
8 12 1
9 13 20
9 11 9
20 1 17
19 21 19
12 12 9
23 0 16
7 8 12
1 2 10
10 9 9
17 19 19
8 9 8
4 5 29
22 22 13
3 5 27
4 7 11
13 15 21
10 14 28
15 18 26
9 10 16
4 6 6
6 8 25
12 13 15
12 14 12
18 20 7
1 4 10
19 19 7
0 2 11
3 3 29
10 13 10
22 0 4
7 10 9
17 18 1
1 2 8
9 11 14
13 13 13
10 12 29
13 15 8
1 3 14
16 18 30
2 4 29
21 23 7
2 5 8
5 7 28
23 1 7
23 1 2
3 5 18
16 18 21
3 7 29
14 16 21
19 22 11
15 16 5
15 17 2
20 22 17
4 5 5
6 9 27
0 2 13
19 19 6
4 6 1
16 18 3
13 16 8
21 22 4
11 12 23
17 20 12
13 14 27
5 7 22
4 5 29
21 21 7
23 2 26
22 1 11
10 12 14
14 16 18
8 9 22
12 13 22
6 9 8
3 5 24
10 12 23
6 7 27
19 21 30
8 12 11
1 4 1
23 1 12
9 12 8
23 1 2
5 6 5
12 13 28
12 15 9
22 23 27
23 2 13
19 19 18
7 10 2
15 16 22
13 15 12
16 18 10
7 8 12
10 10 19
14 16 2
11 12 18
8 9 28
22 0 28
9 12 7
17 20 8
0 2 29
14 15 14
9 10 2
3 6 20
22 23 25
23 23 22
22 1 25
11 13 9
3 5 5
15 16 11
22 1 5
20 22 6
11 15 5
17 17 23
8 11 5
22 0 28
8 9 21
4 5 8
2 5 28
21 0 29
20 22 26
5 7 28
10 11 16
21 0 27
14 15 22
10 11 19
23 0 24
20 22 18
16 18 14
7 10 15
6 7 19
1 3 13
5 8 13
20 21 15
14 16 7
22 23 10
8 9 27
0 3 9
6 9 9
1 2 23
5 9 8
14 16 23
16 18 18
21 22 12
2 4 1
11 13 20
16 18 29
3 4 28
2 5 20
15 17 18
19 20 14
17 18 2
5 7 12
23 23 20
23 0 6
9 13 9
7 10 26
12 13 7
20 21 5
19 21 26
17 21 30
17 17 4
9 10 14
1 3 25
9 13 11
16 19 8
5 7 13
19 23 9
15 16 21
2 2 1
8 9 1
18 20 17
17 19 11
17 18 10
21 23 10
3 4 5
17 21 17
3 7 19
17 18 24
5 8 14
18 21 10
15 18 9
11 12 7
17 20 23
7 8 4
1 5 7
1 3 20
15 17 21
7 8 18
14 17 21
20 22 25
5 8 28
14 17 28
2 4 11
10 14 2
10 11 19
11 12 24
12 12 2
1 3 13
3 5 24
15 17 4
7 9 14
5 8 26
14 16 6
11 14 30
3 6 21
21 23 4
10 11 2
18 19 12
5 8 4
22 23 29
16 18 21
12 13 17
0 3 6
19 19 1
10 12 22
21 22 10
22 22 14
0 2 11
10 12 24
22 23 12
1 2 10
0 2 14
16 19 30
15 17 2
14 15 22
22 1 2
6 8 28
12 13 22
8 10 25
18 20 18
3 5 3
23 2 22
3 5 4
23 0 12
12 13 12
8 10 15
22 2 3
12 14 9
19 21 23
4 6 24
22 0 2
10 14 24
15 18 17
9 14 27
18 21 21
16 17 15
17 18 15
16 20 15
2 4 9
6 8 26
19 21 14
3 3 3
12 13 16
18 19 25
4 6 3
3 7 12
16 18 23
1 4 22
19 21 27
7 8 6
14 16 14
4 6 2
19 21 8
20 22 18
5 7 11
22 2 23
20 22 4
5 6 16
23 2 15
8 10 24
11 11 9
11 12 8
13 16 5
14 15 20
3 3 4
4 6 22
15 16 30
2 4 27
2 5 13
2 4 8
13 17 21
21 23 9
11 12 7
20 22 17
8 10 26
21 23 19
14 16 21
22 0 10
23 0 24
10 13 17
19 23 27
11 13 22
11 12 12
21 23 3
3 4 11
3 6 13
11 15 1
2 3 10
11 12 3
2 4 13
4 4 20
5 7 2
21 23 7
22 0 3
8 11 29
6 10 25
1 4 11
10 13 19
21 21 5
12 11 16
5 6 10
11 13 14
11 13 24
4 5 7
11 13 20
2 4 22
17 20 2
1 5 23
20 22 6
8 9 14
0 3 9
7 9 29
12 14 19
9 11 30
15 17 27
7 9 15
9 10 24
21 23 26
7 10 1
16 20 30
9 11 24
10 12 3
18 20 1
3 7 19
11 12 21
9 12 6
0 3 29
16 19 10
16 19 13
22 22 12
22 23 9
11 12 12
20 22 27
0 2 29
2 3 2
0 2 28
18 19 7
8 12 23
19 21 27
15 18 14
9 12 17
4 5 23
20 23 26
18 21 13
5 8 20
16 17 14
8 13 26
16 18 13
9 8 27
11 14 19
19 21 26
6 8 4
6 7 13
19 23 4
6 8 24
15 15 16
19 21 8
0 1 25
17 18 17
10 13 2
2 2 14
8 11 30
22 0 1
14 15 25
3 5 4
0 2 15
12 13 11
18 20 25
12 15 19
21 22 9
2 3 3
10 10 5
2 3 15
16 19 6
15 17 6
23 1 9
10 13 28
13 16 2
6 8 28
23 3 14
23 23 9
22 1 5
13 16 23
11 12 14
19 21 25
0 2 20
15 17 27
19 21 30
14 16 7
8 9 11
3 5 16
11 11 12
18 20 30
23 0 2
7 10 17
16 18 14
9 12 15
21 22 1
6 7 10
18 21 3
6 8 26
10 14 16
12 14 3
0 2 2
8 12 28
21 0 9
21 22 26
19 20 1
9 11 5
17 17 24
6 8 23
20 22 30
14 16 22
18 21 8
9 12 26
18 19 21
22 0 26
11 14 22
7 10 17
21 22 25
23 23 26
8 11 17
1 3 27
17 18 16
7 10 26
9 9 23
4 6 11
18 20 7
22 1 7
19 23 10
16 18 28
21 23 12
0 2 24
7 9 22
4 5 4
15 18 12
9 11 22
13 15 22
10 13 12
19 21 11
12 13 13
23 1 25
18 20 4
17 18 25
23 1 17
0 3 17
3 6 17
8 10 3
0 3 14
14 16 5
9 11 15
8 10 21
5 7 15
22 1 10
3 5 3
23 1 21
22 1 18
18 22 11
12 15 18
22 0 19
18 20 24
17 18 10
9 12 2
20 22 22
13 15 30
18 20 7
14 17 8
9 10 24
12 15 16
7 7 21
4 6 5
8 11 26
7 8 29
5 8 25
7 10 23
13 16 13
10 10 1
12 15 14
14 15 24
5 8 6
19 22 14
17 19 3
4 6 8
18 18 12
11 13 13
3 3 20
23 2 20
22 1 16
0 1 27
6 10 25
22 22 26
15 17 27
5 8 10
6 8 15
11 12 1
11 14 8
5 7 9
5 7 25
14 15 2
15 18 8
17 18 24
11 13 2
14 17 26
3 3 7
14 17 28
22 23 17
7 10 27
2 3 13
16 20 28
8 9 13
13 16 10
1 3 11
21 22 1
5 7 14
19 22 29
7 10 2
0 3 12
11 12 15
10 13 24
2 5 12
3 6 10
7 8 17
4 6 29
13 14 2
15 16 5
9 12 1
13 16 16
0 3 18
9 12 16
17 20 4
13 15 14
20 23 23
22 0 2
12 15 16
8 9 10
4 6 12
19 22 22
15 17 10
11 12 25
2 4 18
3 5 16
9 8 24
13 15 10
17 18 20
0 2 29
18 19 17
2 4 19
8 11 25
18 19 29
9 12 14
17 20 20
8 9 3
5 7 27
1 3 27
16 17 7
7 9 12
10 13 8
14 17 7
21 0 1
7 10 30
6 10 7
21 23 7
17 18 25
3 5 27
22 1 13
5 6 29
19 21 2
20 22 29
21 23 4
17 18 28
16 19 24
23 4 27
21 23 16
19 20 11
0 3 15
11 12 15
2 4 17
20 22 27
23 2 4
10 13 11
9 11 1
14 15 8
15 20 1
15 17 6
14 15 20
3 7 12
15 17 13
3 5 13
6 9 11
11 13 29
1 3 6
21 1 15
0 3 16
8 9 5
3 4 21
10 10 10
3 6 12
0 1 22
17 18 29
20 22 25
23 23 30
4 6 28
5 6 19
15 16 4
15 17 2
11 15 30
20 21 30
3 6 8
17 17 18
5 7 9
20 21 23
4 5 9
0 2 11
15 18 25
22 0 21
11 13 14
1 4 18
23 22 23
17 19 27
19 19 7
6 7 21
23 0 12
4 6 8
1 4 26
3 4 29
23 3 3
5 10 8
5 8 20
6 8 17
3 5 3
5 8 20
23 2 21
1 2 29
17 20 28
14 16 28
19 21 28
10 11 23
5 6 28
0 3 28
21 22 13
3 7 9
14 17 12
16 18 2
21 23 2
19 20 10
17 18 21
11 12 16
3 5 25
23 1 14
3 5 24
21 23 1
23 0 2
13 14 12
4 6 4
19 23 17
5 8 10
12 15 16
11 13 25
5 8 11
14 17 26
16 17 27
4 5 10
13 13 4
19 20 9
4 7 6
7 10 14
5 7 19
5 6 12
12 15 9
17 19 5
12 14 5
8 11 27
7 9 8
5 7 27
9 11 27
4 4 22
12 16 2
7 9 12
8 12 11
6 8 28
8 11 28
12 15 2
21 0 13
6 8 14
3 6 27
20 22 6
11 14 30
7 10 8
16 17 16
0 4 30
23 2 10
22 23 26
9 12 4
2 4 19
8 10 16
9 10 18
14 16 3
17 19 25
16 18 22
19 21 26
13 16 16
8 10 7
0 2 26
19 21 26
2 3 22
2 4 9
13 16 17
8 11 22
20 23 28
4 5 9
10 12 9
0 3 7
7 8 23
8 10 15
14 16 25
1 4 30
2 5 26
15 15 29
22 2 1
20 22 11
16 17 4
20 22 7
9 10 3
3 3 19
16 17 25
15 18 12
0 3 27
18 20 14
19 22 15
8 11 22
16 18 2
8 11 18
15 18 6
7 8 28
6 9 3
16 19 17
11 14 20
15 18 23
6 7 29
6 8 14
18 19 17
10 12 19
3 4 28
7 8 8
12 12 27
23 23 26
5 7 4
21 23 16
8 10 2
14 16 14
9 11 1
13 15 29
1 3 16
19 21 27
11 11 1
16 18 4
6 8 1
10 12 27
4 7 11
17 19 15
10 12 5
7 8 4
10 10 22
18 22 30
8 10 29
12 13 10
4 7 1
11 14 15
2 2 30
9 10 8
6 9 30
17 16 29
15 18 13
19 21 4
6 8 8
6 8 3
19 21 17
14 18 13
3 5 10
16 18 2
18 20 28
14 16 24
22 0 27
14 14 27
1 4 27
5 8 7
20 22 14
0 4 14
20 23 17
2 4 28
15 17 30
1 4 24
8 11 24
18 21 30
15 17 10
4 4 19
3 5 23
4 5 11
4 8 10
16 19 12
16 19 11
12 14 30
7 10 22
10 11 28
18 19 3
17 20 30
10 12 10
2 4 11
20 23 7
13 16 30
17 19 13
17 18 3
15 18 9
21 23 22
17 20 12
15 16 27
5 8 14
20 0 18
0 2 14
0 3 4
12 12 11
0 1 23
17 18 28
19 22 8
8 9 3
0 2 23
9 12 13
9 12 10
5 8 4
4 8 12
16 17 16
7 9 20
23 1 5
15 16 9
8 11 13
21 22 3
22 0 21
10 12 27
1 2 17
10 12 1
18 20 5
16 18 10
17 19 11
9 10 1
11 13 26
12 14 9
16 19 14
17 21 5
18 19 4
21 22 24
15 18 19
16 18 8
17 22 29
21 0 15
20 23 21
22 0 16
0 3 18
20 21 26
14 16 4
12 15 20
16 16 3
6 9 18
17 18 15
7 9 11
18 20 27
22 0 2
20 0 19
23 2 8
12 14 7
10 13 30
15 18 8
14 15 25
14 16 25
11 15 23
13 15 26
6 10 2
20 22 21
17 21 12
7 10 1
4 6 17
2 5 12
6 7 21
8 10 26
9 11 4
9 10 23
10 11 17
11 15 8
19 23 23
14 17 4
22 23 2
1 4 4
15 18 24
9 11 14
13 14 30
22 1 12
15 16 13
5 9 20
9 11 22
14 17 3
2 6 6
2 4 21
2 6 11
8 11 23
17 19 15
17 17 24
6 8 11
14 16 19
22 23 20
4 6 10
15 18 9
4 7 3
20 23 6
9 11 5
21 23 1
5 6 21
9 12 6
17 19 7
7 11 20
14 16 2
15 17 13
0 2 28
7 8 18
5 7 13
22 23 13
7 8 1
2 3 9
23 1 26
10 14 29
21 0 18
1 3 14
13 15 8
7 9 14
16 17 8
22 1 11
4 5 30
8 9 8
8 10 6
7 11 22
19 22 9
5 6 4
15 17 23
0 3 21
12 14 5
5 6 27
22 2 22
15 18 30
7 10 7
2 3 26
1 3 24
6 8 26
8 11 17
21 23 15
22 21 14
3 7 1
6 9 24
16 19 24
3 5 6
17 20 11
6 7 6
10 10 2
22 0 12
0 1 4
8 10 15
18 20 25
21 23 20
13 13 24
3 2 24
18 20 24
0 1 13
22 1 15
21 22 15
2 3 7
18 20 8
19 23 3
12 15 30
23 0 12
3 6 7
13 15 8
18 21 13
23 0 27
12 15 19
8 10 12
4 7 16
23 1 24
11 13 1
9 12 19
11 15 29
3 4 4
11 13 22
8 10 27
3 4 27
6 8 10
3 4 28
21 0 19
5 7 30
21 23 29
5 7 25
7 11 15
13 15 19
21 23 4
20 22 29
15 18 16
13 15 18
2 3 27
6 7 16
19 20 19
10 11 1
21 1 3
6 8 3
22 0 6
23 1 29
11 13 26
17 18 22
19 21 6
22 22 25
16 18 14
20 23 29
1 5 9
21 22 26
3 6 4
13 15 28
5 6 29
14 16 17
16 17 27
13 16 27
5 9 15
10 13 16
7 9 14
4 8 5
5 8 12
22 0 10
0 2 15
16 16 10
12 12 5
22 1 16
10 11 29
17 20 20
12 14 16
1 2 18
14 15 2
0 4 1
23 2 2
21 21 19
9 10 8
11 12 9
2 5 7
22 0 14
16 19 27
20 22 12
0 1 9
14 16 22
5 7 22
17 19 24
0 3 26
1 2 3
3 5 5
19 20 19
16 18 5
14 15 30
1 3 29
12 15 1
4 6 30
3 3 24
21 22 13
18 18 15
14 17 13
15 18 16
5 6 1
2 3 21
16 17 15
21 23 6
13 15 25
15 17 26
15 18 4
14 15 6
3 6 10
14 14 24
2 5 13
8 11 20
16 18 8
4 6 22
0 4 18
5 8 11
4 7 25
10 12 23
18 20 17
17 20 10
20 21 26
20 21 13
19 21 15
5 8 30
8 9 24
15 16 18
12 15 3
9 11 27
12 13 19
15 15 1
11 12 6
19 20 25
10 11 23
19 21 25
2 4 11
13 15 26
19 20 3
6 8 16
19 20 12
10 13 6
21 23 25
8 9 4
18 19 7
6 7 21
1 2 17
14 15 4
6 8 16
15 18 16
18 21 9
11 15 3
18 21 9
2 4 30
4 8 11
7 10 14
6 8 17
13 16 25
10 14 30
9 10 19
17 22 7
12 13 30
7 8 10
11 13 29
15 16 30
0 3 23
16 17 4
17 16 8
3 5 13
12 14 19
20 22 22
7 9 4
9 11 27
10 12 7
10 11 11
5 8 9
17 20 9
5 9 19
11 13 14
6 8 2
14 17 5
17 16 30
9 11 22
9 10 19
15 17 2
22 23 18
2 6 3
20 20 21
8 10 20
14 18 26
20 20 24
7 8 8
0 3 26
15 19 6
2 4 12
10 13 9
5 8 27
17 18 22
10 14 16
23 0 26
20 23 20
9 10 24
5 7 6
21 22 3
1 4 14
8 10 29
10 13 17
14 17 1
14 17 14
10 14 25
17 17 27
6 7 16
12 13 23
2 3 24
20 23 16
5 6 24
13 14 8
17 19 6
16 18 28
8 10 20
15 17 7
6 7 23
15 18 4
23 23 18
10 12 16
6 8 13
19 21 7
12 14 23
23 0 21
0 1 16
17 19 11
6 8 25
0 3 2
5 8 29
14 16 30
9 10 26
20 22 16
23 1 30
8 11 28
7 8 6
23 2 13
0 1 26
3 5 4
18 22 10
13 14 25
17 19 28
10 11 28
2 4 22
23 2 21
21 23 7
5 6 12
8 10 24
21 21 8
20 21 3
4 8 28
9 13 24
9 10 14
5 8 14
15 16 7
9 11 14
0 3 19
8 12 30
1 3 28
9 11 13
13 15 14
0 3 4
20 21 10
8 10 2
6 10 1
12 14 1
19 21 23
12 14 21
6 8 7
3 4 20
18 19 9
9 11 30
17 18 12
19 21 19
17 19 22
13 16 26
7 10 28
8 12 4
14 16 26
5 6 13
10 10 28
1 2 9
15 15 14
5 7 6
18 21 10
19 19 2
23 2 1
5 6 25
3 6 17
4 5 3
21 23 11
13 14 23
0 1 18
19 23 15
23 1 17
6 9 30
23 2 17
7 9 8
17 20 20
23 0 14
6 7 20
20 22 19
11 13 1
3 7 18
20 21 21
3 5 21
14 15 1
19 22 10
20 23 6
17 20 28
16 18 5
16 17 28
15 17 23
16 18 14
13 17 22
18 20 5
21 23 28
23 2 9
22 1 6
14 16 29
12 13 14
9 13 8
9 11 2
11 12 5
14 17 12
1 1 26
7 10 19
22 0 21
21 0 19
16 19 13
11 12 5
2 4 13
4 6 19
23 0 7
4 7 23
17 19 16
6 8 1
2 4 14
2 4 4
8 10 11
21 23 27
23 1 6
15 18 12
21 22 24
5 8 5
1 2 10
20 23 26
6 8 6
5 7 2
19 20 11
7 7 15
15 17 27
3 5 10
16 18 10
13 14 5
2 3 8
0 1 22
17 21 17
1 2 6
14 16 2
16 19 22
18 22 7
9 11 28
2 4 14
17 19 1
2 6 6
3 4 28
