2460 30
24 1 7 29 9 11 18 27 22 27 26 8 19 10 9 6 23 30 23 28 21 17 11 25 26 28 26 22 23 19 
18 20 10
4 7 11
11 15 29
0 4 20
11 13 30
15 17 3
11 15 5
10 11 2
6 7 5
3 6 2
18 19 25
19 22 29
18 20 3
4 7 8
17 19 7
0 3 30
8 11 20
10 11 5
7 9 11
22 0 6
6 9 5
18 18 1
15 18 29
19 21 18
22 0 24
23 1 18
12 14 11
13 14 17
15 17 11
2 5 27
21 23 22
8 10 3
14 14 1
22 23 3
9 10 7
10 12 29
1 2 13
17 18 23
13 15 14
3 4 25
23 0 21
12 15 16
22 0 19
7 9 1
0 2 11
5 6 5
7 9 19
4 5 17
15 17 9
9 11 11
10 12 21
22 23 29
0 0 3
15 18 13
1 3 15
1 2 2
7 10 9
12 14 20
7 10 3
11 13 30
2 5 4
22 23 17
9 11 4
7 9 23
21 22 26
14 17 9
20 23 25
16 17 2
20 22 10
8 9 15
7 10 24
14 17 1
0 2 19
17 18 30
7 8 22
3 5 28
6 9 23
12 13 2
10 11 1
2 5 4
7 8 25
23 0 17
4 7 30
20 23 10
14 17 17
3 3 30
0 2 18
23 2 26
23 2 29
6 7 6
20 22 11
18 18 22
7 8 11
11 13 3
9 13 17
15 16 22
0 2 16
19 20 19
21 22 8
2 7 17
17 18 21
4 7 15
21 23 24
14 15 4
17 20 16
11 12 7
18 20 7
13 14 18
13 17 14
14 18 10
3 4 20
5 6 20
8 12 10
23 0 29
16 19 8
4 6 7
3 6 28
3 6 21
14 15 22
7 9 8
6 8 15
22 23 10
20 20 14
4 4 10
19 22 4
2 2 28
11 12 2
10 10 29
17 18 19
14 14 14
6 8 6
2 6 6
2 3 22
22 0 2
18 19 30
0 2 18
21 0 8
4 6 9
18 20 10
4 7 30
21 0 13
18 21 21
5 6 26
8 11 3
13 15 17
14 16 28
6 8 10
0 3 13
5 9 10
5 8 26
13 15 23
20 22 4
10 10 8
13 15 4
22 23 26
21 0 17
15 18 14
8 9 6
6 9 30
20 21 3
5 7 25
20 22 27
14 16 3
23 0 12
21 0 6
9 9 20
2 4 21
12 13 8
21 23 23
19 22 16
11 13 17
4 7 6
2 6 23
5 7 14
0 1 22
14 15 4
22 23 22
21 0 15
8 11 16
19 22 26
8 9 26
16 20 4
11 13 13
4 6 15
1 1 12
6 9 11
5 8 25
21 0 29
3 4 6
8 11 22
15 15 30
21 23 30
19 20 24
16 18 28
10 12 5
3 3 7
0 2 25
16 19 19
22 2 20
10 13 7
2 3 27
7 10 30
17 17 23
15 16 3
7 11 23
21 23 12
20 20 28
14 15 17
6 8 14
3 5 6
20 21 24
18 20 9
19 22 24
6 6 15
9 11 24
14 15 15
4 7 3
9 12 13
4 7 19
23 1 19
1 2 3
18 20 1
3 7 8
10 12 18
20 23 11
10 12 5
2 5 10
21 21 17
21 23 11
16 18 25
19 21 24
2 4 16
7 8 20
1 4 29
17 21 6
13 14 30
6 8 23
17 17 20
1 2 11
12 15 12
18 20 16
14 16 18
12 14 8
18 20 28
20 22 1
12 14 18
2 5 4
13 14 22
0 2 6
6 9 6
17 20 3
2 4 30
13 15 10
0 2 21
7 10 3
10 12 24
17 18 5
20 23 4
22 1 19
11 13 23
1 2 9
8 11 9
12 14 6
20 22 8
11 13 15
7 9 13
11 12 12
23 1 26
1 2 8
9 12 8
14 17 19
9 12 14
22 0 17
22 0 1
0 2 14
5 7 26
15 16 25
8 8 11
5 8 9
5 6 26
10 14 11
20 22 24
16 19 20
4 6 22
8 8 26
8 11 19
6 8 26
8 9 15
14 17 22
7 7 3
12 16 13
3 6 4
15 17 13
22 23 21
0 2 20
23 1 27
13 16 1
21 22 11
17 19 27
10 13 25
17 20 2
9 11 11
14 14 20
1 3 6
4 6 6
15 17 17
18 20 10
11 12 3
10 13 15
18 20 16
11 12 3
4 6 8
15 17 30
3 7 5
18 21 18
15 17 22
22 0 6
15 18 3
23 1 20
7 7 17
14 16 15
8 10 3
5 6 19
20 20 22
6 10 17
11 12 29
0 1 14
4 7 21
20 21 3
19 22 6
11 12 17
10 12 28
16 19 16
12 15 10
5 7 1
8 10 28
12 14 1
10 11 15
14 17 15
22 1 12
6 8 3
3 5 2
23 0 18
4 7 29
21 23 22
16 18 11
7 9 20
17 18 18
14 16 15
3 4 21
13 15 27
22 0 11
2 4 1
7 9 10
20 22 28
22 1 6
16 18 4
11 12 21
5 7 6
17 19 14
11 13 1
1 3 24
1 3 12
18 20 2
21 23 26
7 10 20
4 6 24
4 5 6
6 8 15
20 21 22
13 17 26
15 17 10
10 12 13
7 8 18
19 21 11
15 15 7
3 6 8
14 17 28
3 5 6
8 10 23
10 11 5
16 18 15
19 22 24
16 18 19
13 16 13
5 6 26
17 19 20
6 8 27
4 6 7
8 10 13
14 13 11
2 5 12
14 15 2
13 15 6
16 17 2
10 11 4
18 20 15
8 10 10
7 8 19
16 18 1
16 19 15
19 22 25
7 8 30
1 3 23
13 16 11
21 22 8
10 12 6
12 14 12
23 2 12
10 14 17
23 3 17
3 4 27
20 22 27
4 6 17
0 1 16
2 4 23
2 3 18
7 10 16
4 6 18
11 14 9
13 16 15
20 22 10
1 2 5
9 14 7
20 0 19
14 15 28
4 5 5
8 10 22
3 5 3
15 18 28
14 15 16
17 21 1
13 15 2
23 0 22
1 3 20
20 22 22
23 1 16
16 18 18
3 5 9
2 4 30
8 10 15
22 1 3
7 9 7
13 15 27
16 18 10
17 19 30
13 16 11
18 21 12
7 10 1
3 4 17
22 2 27
19 23 30
23 0 27
16 17 29
11 12 24
19 20 14
5 8 15
19 21 29
15 16 4
0 2 26
21 21 15
8 11 28
13 14 29
20 22 27
12 13 17
10 12 4
6 8 12
21 23 14
22 23 1
5 7 5
11 13 19
23 0 8
1 4 6
14 17 11
19 19 9
21 22 5
22 0 24
18 21 27
9 12 23
16 19 4
19 21 24
13 15 29
12 16 27
10 12 7
22 0 15
0 1 19
4 5 30
2 4 7
10 11 8
3 6 19
18 21 18
11 10 19
21 23 29
23 2 21
10 12 14
0 2 1
13 14 30
1 4 13
23 1 22
11 12 21
22 23 3
8 10 4
19 21 17
17 20 19
7 9 8
0 2 2
10 12 20
5 7 11
22 22 2
6 8 29
3 5 2
21 23 3
3 3 7
15 17 22
23 1 1
20 0 4
5 7 19
17 20 11
16 18 14
23 1 29
3 4 4
18 21 3
18 20 22
7 9 13
9 10 21
1 1 6
20 21 10
19 20 8
0 1 29
16 17 9
19 21 9
21 1 13
9 10 26
12 13 19
14 16 23
19 22 11
13 14 24
7 10 15
11 12 22
10 13 27
13 15 21
4 8 6
21 22 15
12 15 17
7 8 14
21 0 17
17 19 23
12 14 3
9 11 1
4 6 24
13 15 22
7 9 29
21 23 28
3 5 28
4 5 14
6 7 20
16 21 30
18 20 30
13 15 21
16 19 15
0 1 28
4 5 8
6 8 11
2 6 19
16 18 19
14 15 23
16 19 16
8 11 17
17 18 2
4 6 13
20 22 23
19 20 22
15 17 3
12 14 21
8 10 20
5 6 27
23 23 15
3 5 27
14 15 5
15 17 4
1 4 11
3 4 28
11 12 3
18 20 4
4 7 18
20 22 18
13 14 29
13 16 22
12 16 13
0 0 2
5 8 8
17 18 20
14 13 24
13 15 23
18 21 2
15 18 21
17 20 19
3 4 27
8 11 16
16 19 1
20 22 30
18 20 19
9 10 19
7 10 3
1 5 9
19 20 3
23 0 3
9 11 12
8 9 14
2 4 11
1 3 18
12 14 7
1 6 9
11 12 7
20 0 30
1 3 11
5 8 23
0 3 22
13 15 21
3 5 30
15 17 26
2 4 6
9 12 2
0 2 28
4 4 4
13 16 9
13 15 8
20 22 30
0 3 19
1 2 27
23 3 8
19 22 8
16 16 18
11 15 10
3 6 25
12 13 15
12 15 6
9 12 6
21 22 7
1 3 18
19 22 11
8 9 11
10 14 12
8 11 10
8 8 6
9 12 19
7 9 4
23 0 29
19 21 27
20 23 10
9 9 12
17 19 22
5 7 13
15 18 28
3 5 4
8 11 24
22 23 21
4 8 1
1 3 7
20 23 18
0 2 5
4 7 6
14 16 6
8 9 6
23 23 3
18 19 30
10 12 9
6 8 21
18 20 24
1 4 10
4 4 25
8 12 25
5 6 12
7 8 14
16 18 1
20 23 18
10 13 25
8 11 23
12 14 10
20 22 28
23 0 4
5 8 12
7 11 11
0 4 6
5 9 7
16 17 27
7 9 13
3 5 6
1 3 30
15 18 25
6 9 16
16 19 8
7 11 6
23 3 9
4 5 13
11 13 4
6 9 30
20 21 25
1 3 22
8 11 24
15 16 5
20 22 23
21 0 15
23 0 12
19 20 30
11 15 12
15 18 29
6 10 19
14 15 10
13 16 16
23 1 8
12 12 17
14 15 20
13 16 14
5 7 11
11 13 25
5 7 4
11 14 26
20 22 10
19 21 16
2 3 20
14 16 25
9 12 1
2 3 17
2 3 20
5 8 13
15 17 5
6 8 26
0 3 21
18 19 7
6 7 1
10 13 13
4 5 21
9 12 2
20 23 13
12 14 11
23 1 7
23 0 17
17 16 4
20 22 14
21 23 12
9 12 18
11 12 24
17 19 6
1 4 18
8 10 27
0 2 14
6 7 23
7 9 27
4 6 14
16 19 11
17 19 30
20 23 17
8 9 14
15 17 3
23 1 10
13 16 25
19 20 23
17 20 29
16 18 1
23 1 4
5 6 5
11 14 26
22 0 22
19 20 23
21 0 11
3 7 29
3 7 25
21 23 27
9 12 20
21 22 17
13 16 12
14 16 14
1 5 22
13 15 17
4 6 16
2 4 19
11 13 6
0 3 24
17 18 25
23 1 24
6 8 10
8 11 13
0 2 15
18 21 21
9 10 24
23 0 15
11 11 5
16 18 29
9 10 27
18 20 23
19 21 3
0 3 25
12 14 26
21 23 18
5 7 14
22 1 18
10 13 4
12 14 8
13 15 7
6 7 8
6 6 19
2 4 13
19 22 4
9 10 1
21 0 20
5 8 4
2 5 22
2 4 28
17 19 5
3 4 5
5 5 3
9 10 3
21 23 6
15 17 26
5 8 7
12 15 17
16 16 20
2 3 1
22 0 10
23 23 1
18 20 2
2 5 29
5 7 24
12 12 20
4 6 12
23 2 30
16 18 19
16 19 28
15 16 15
9 10 4
9 10 3
23 1 27
9 11 29
7 7 30
14 15 4
22 23 16
12 14 23
7 10 27
6 9 20
18 22 3
20 22 25
7 11 29
13 12 13
20 21 15
0 3 5
18 19 28
10 11 24
21 22 27
15 18 5
7 9 3
0 2 2
0 3 6
4 5 23
1 5 1
12 14 7
22 1 28
13 15 3
13 16 30
9 10 25
18 19 4
19 22 13
18 22 19
10 12 7
12 12 19
10 13 3
15 16 29
18 21 8
8 10 9
12 15 25
11 12 3
5 6 4
6 8 23
3 4 30
0 1 22
16 19 18
13 13 22
7 9 6
7 9 3
9 11 27
17 18 3
12 12 21
22 0 17
2 4 29
22 23 7
19 21 28
9 11 28
9 11 7
12 14 21
11 13 2
19 21 29
17 19 14
14 16 21
21 23 16
22 1 28
3 4 27
8 9 20
0 1 17
18 19 4
3 6 25
10 13 20
10 11 16
4 4 1
2 3 15
22 0 29
5 7 26
4 6 7
12 16 1
13 15 16
6 8 19
10 12 30
5 7 29
4 8 14
3 4 11
7 9 27
7 9 16
23 0 12
4 6 15
21 22 4
0 2 10
6 8 17
8 10 5
14 15 19
12 13 11
11 12 4
15 20 1
19 21 23
6 8 16
19 0 10
6 10 23
0 -1 7
7 8 1
23 0 9
7 9 2
1 2 15
22 0 28
7 8 24
12 13 28
22 1 22
3 5 27
7 8 4
6 8 17
7 10 4
23 1 7
5 8 23
6 8 17
13 14 8
10 13 24
22 1 20
13 16 2
6 6 28
15 18 18
0 3 20
9 9 1
13 14 2
6 9 27
0 2 9
6 9 9
19 21 8
12 14 11
14 17 3
20 23 15
2 4 5
22 23 19
23 3 30
11 13 3
5 8 21
4 7 6
6 8 1
14 16 18
6 10 6
6 8 1
6 7 25
4 7 19
19 21 22
12 14 1
12 13 8
16 17 26
18 21 25
23 1 2
20 22 26
10 13 14
14 17 23
19 21 23
14 18 6
17 19 28
14 17 10
0 5 14
9 11 20
19 21 27
20 0 26
9 13 9
15 18 22
3 6 18
1 3 21
1 4 9
18 19 16
21 23 5
15 17 13
18 21 15
20 23 20
2 4 23
13 16 21
3 5 27
18 20 8
2 4 27
14 15 7
20 22 22
18 19 21
22 23 2
1 2 21
17 19 4
7 10 7
18 19 12
16 19 26
8 10 12
20 23 28
23 2 28
5 10 6
8 11 7
5 6 23
9 12 27
21 1 18
0 3 26
19 22 25
10 13 25
2 6 19
10 14 4
3 4 2
3 6 1
1 2 22
13 16 8
1 4 3
6 9 8
0 1 23
16 18 30
10 14 16
13 15 7
10 11 4
6 8 23
4 5 14
14 17 25
8 10 15
15 18 9
9 11 28
9 11 18
8 10 24
10 12 7
21 0 7
17 19 17
5 6 1
19 23 22
3 5 9
2 1 12
15 17 26
6 8 28
6 8 7
15 19 23
23 1 1
17 19 9
22 23 16
13 17 13
15 17 1
18 20 26
5 8 11
6 9 30
13 16 8
19 22 11
12 17 26
7 9 24
22 2 4
20 22 29
7 9 5
8 10 16
4 5 8
4 4 19
19 20 28
22 23 28
0 1 25
12 14 12
16 18 12
14 17 13
14 15 30
8 9 12
14 15 12
4 5 29
6 8 22
4 5 23
9 11 5
20 0 3
11 13 21
21 21 3
10 13 9
6 8 6
16 19 28
19 21 1
19 21 6
18 18 4
18 19 15
22 0 13
6 7 13
16 17 1
1 1 18
22 0 15
17 18 16
2 2 17
8 8 18
1 3 12
22 0 26
11 11 24
0 2 28
19 22 28
12 14 28
1 2 11
21 21 9
15 17 24
19 21 13
10 11 24
16 20 7
1 5 3
21 22 3
5 6 17
20 21 24
20 21 30
12 13 22
18 20 23
6 8 21
13 15 13
7 11 10
4 5 5
8 10 3
13 16 22
22 23 27
7 7 5
4 6 21
18 20 10
3 5 23
0 1 2
6 8 15
10 12 9
1 3 12
19 21 10
3 5 19
2 5 12
0 1 25
2 6 29
6 7 2
18 20 17
5 6 15
6 8 2
17 18 8
20 22 17
20 22 16
8 11 9
23 1 3
22 23 25
14 16 4
10 11 2
22 23 21
8 10 25
16 18 17
9 13 22
11 13 21
12 14 27
11 13 23
9 11 21
8 10 30
17 19 28
1 5 6
14 15 12
9 11 19
7 10 19
0 3 16
6 9 12
17 19 20
19 23 24
15 17 14
13 14 28
17 19 9
7 10 7
7 9 24
4 7 26
15 17 27
20 20 17
11 10 16
13 13 8
6 8 12
20 0 24
11 14 17
1 3 20
21 23 16
7 8 15
3 5 24
15 17 25
16 19 7
15 17 24
4 5 9
16 18 29
13 15 21
19 21 23
13 16 9
4 7 11
10 12 2
8 11 10
11 13 6
17 18 28
9 12 29
11 13 17
18 18 14
3 5 1
9 9 23
22 1 1
11 12 13
20 22 13
9 11 30
13 14 10
22 1 9
2 3 4
3 5 4
0 3 26
11 12 16
21 22 18
8 8 27
6 9 29
13 14 1
22 1 12
5 7 6
12 14 20
11 13 5
1 2 29
14 18 23
15 16 19
15 19 20
2 4 7
14 17 28
18 21 14
17 19 28
13 15 30
20 22 3
10 10 12
8 12 27
14 16 12
16 18 11
19 21 23
10 11 7
10 11 6
5 6 27
9 10 19
7 9 19
16 19 25
3 7 9
17 19 1
2 5 5
8 10 26
15 16 26
4 5 27
6 8 18
0 2 24
17 18 15
19 22 5
4 6 27
22 0 7
6 10 12
14 16 16
14 16 14
10 11 4
12 13 18
17 20 17
3 4 22
20 0 15
0 3 1
8 9 29
5 6 28
22 1 12
8 10 4
2 3 24
5 8 1
20 0 11
4 6 8
23 1 19
3 3 20
21 23 1
16 18 3
21 0 18
9 12 29
19 22 19
9 9 13
23 0 23
10 13 25
16 19 11
7 9 20
2 3 14
16 18 26
3 4 9
1 2 11
10 12 10
4 7 2
11 14 17
7 8 10
11 14 6
11 14 18
9 10 14
12 15 1
10 11 3
17 18 14
3 4 1
16 16 20
18 20 29
5 9 17
22 23 6
17 18 30
4 7 3
23 1 3
5 6 3
16 17 1
8 12 29
6 9 26
19 21 10
17 20 17
20 23 14
11 14 15
4 6 19
6 8 20
6 8 3
5 7 29
21 23 24
11 13 29
3 5 23
17 20 28
12 14 28
0 3 2
21 0 3
13 16 10
14 15 12
4 6 28
10 11 19
19 20 24
0 -1 4
16 20 23
14 15 3
21 22 27
8 11 9
17 20 19
6 8 13
12 14 1
23 2 12
3 6 13
7 9 18
22 1 2
9 12 26
14 18 25
4 5 7
18 22 7
14 18 9
17 17 1
6 8 5
18 20 1
18 19 27
0 1 20
2 4 20
22 1 13
2 3 6
21 23 18
14 15 27
14 17 25
12 17 12
20 22 5
15 18 5
3 8 21
23 1 30
6 7 10
10 13 30
10 13 26
15 16 5
17 19 26
9 10 24
16 18 2
9 11 17
23 2 7
10 11 19
15 17 22
7 9 6
17 19 1
1 4 14
20 22 5
7 10 4
6 7 9
11 11 7
17 18 30
7 10 20
11 14 10
5 6 19
4 7 19
8 11 14
4 5 16
17 22 7
14 15 21
18 19 3
21 23 6
20 22 17
22 0 15
2 5 2
15 18 25
9 12 24
20 21 3
15 17 14
12 13 27
0 3 24
14 15 26
3 4 22
2 5 8
13 13 3
16 19 21
19 20 7
21 0 13
19 21 20
17 18 10
17 17 5
22 23 8
20 22 20
11 13 27
14 14 16
7 8 30
4 9 4
8 11 29
8 8 29
13 15 5
16 19 19
18 19 18
6 9 26
15 17 29
5 7 29
22 1 29
1 2 5
18 21 23
19 22 24
22 1 4
21 23 2
3 6 19
3 6 26
20 23 16
14 16 2
1 4 29
0 0 22
1 3 26
17 17 20
11 13 30
17 20 17
21 0 17
3 6 16
7 10 13
2 3 8
6 9 4
11 13 27
1 3 1
1 2 14
6 9 26
7 9 30
19 21 29
22 23 30
22 2 29
12 13 5
23 2 5
8 10 15
14 17 8
17 19 16
3 5 18
11 11 25
9 13 18
13 14 19
17 19 29
21 0 13
9 11 15
12 15 21
22 0 9
9 10 11
21 4 3
11 14 29
19 23 11
12 15 30
12 14 19
3 5 22
18 21 21
16 17 29
22 0 20
15 19 14
10 13 25
9 10 9
13 17 4
20 0 5
11 13 15
12 14 21
16 18 10
6 8 4
23 2 1
4 8 5
0 2 15
9 12 18
15 18 15
22 1 5
11 14 7
15 18 9
22 2 7
22 1 20
8 8 4
23 0 7
1 3 11
13 17 12
0 2 5
11 13 25
12 15 20
15 16 23
13 14 9
19 23 8
12 13 8
7 8 15
19 23 25
5 6 19
12 14 20
14 17 14
17 20 19
4 6 21
18 19 4
14 16 2
20 21 19
19 22 12
2 2 6
16 18 27
18 20 13
8 9 3
14 17 16
9 11 5
23 1 24
0 3 22
22 0 30
15 17 15
10 12 12
6 8 13
14 17 4
4 6 8
8 10 18
0 1 23
17 18 19
12 13 27
13 17 28
9 10 19
6 9 18
12 14 3
0 2 18
22 23 1
8 10 26
15 16 18
19 22 14
6 7 12
18 21 14
17 17 2
7 8 22
18 22 22
12 14 21
0 0 30
22 2 21
18 20 18
2 3 18
9 11 29
0 1 28
6 7 16
23 0 4
23 1 20
8 10 24
22 0 13
1 2 25
19 20 21
21 22 20
16 19 16
9 10 21
14 16 5
3 5 3
15 17 13
19 23 26
18 19 11
13 15 23
21 23 11
3 5 29
16 16 20
21 0 30
22 3 15
9 13 7
10 13 17
15 18 6
14 15 17
5 7 4
22 0 19
20 20 16
4 6 30
12 13 8
0 2 30
18 19 30
7 9 19
15 16 19
14 17 20
17 20 23
23 1 24
1 1 21
9 11 15
18 19 26
14 15 22
23 1 3
20 22 5
3 4 29
11 12 18
12 13 5
20 22 20
23 0 15
0 0 12
17 19 9
17 20 26
3 5 2
2 4 8
22 23 11
3 5 4
22 23 28
22 23 25
3 5 18
12 14 17
0 3 10
14 18 8
9 10 4
16 18 21
18 18 30
9 10 17
13 17 27
11 12 24
5 9 8
17 18 9
5 7 22
19 20 5
15 19 8
12 14 26
11 15 9
0 1 10
21 22 24
0 1 6
5 7 24
14 16 24
20 20 13
5 7 1
1 4 18
3 5 11
16 16 8
15 16 11
11 12 16
14 16 4
12 15 10
8 10 8
20 21 1
5 5 22
12 14 14
0 2 5
4 4 25
4 6 6
10 12 18
7 9 15
6 8 3
7 8 28
19 23 8
3 5 5
1 3 29
19 21 18
19 21 29
18 21 15
8 11 5
9 13 19
7 8 22
18 20 11
22 23 20
3 5 11
3 5 29
10 13 11
23 0 5
7 9 30
1 3 9
18 19 8
14 15 22
18 20 27
18 22 20
12 13 11
15 17 26
20 22 6
14 15 15
6 9 17
5 6 27
1 4 29
5 8 14
14 16 1
1 3 17
22 23 22
7 9 14
5 7 14
7 9 18
4 6 24
3 6 22
8 9 26
11 12 1
10 11 18
18 18 20
6 7 29
7 8 30
14 17 5
14 15 18
1 3 4
18 20 21
9 11 25
0 1 29
0 3 6
21 23 26
10 10 18
5 8 26
16 17 20
13 17 1
9 12 5
4 5 2
12 14 8
11 15 14
2 4 7
14 15 4
12 13 17
1 5 15
4 6 11
7 9 29
2 5 8
0 4 11
17 18 16
11 12 24
6 9 14
18 19 4
11 13 18
11 14 3
9 11 16
17 20 19
23 2 14
6 9 11
19 22 12
21 1 26
21 22 20
10 12 6
22 1 1
19 19 8
20 20 17
9 12 26
13 17 24
22 0 24
14 16 2
18 20 8
9 10 14
23 1 20
6 7 1
19 20 11
6 8 27
3 7 19
1 2 10
17 19 4
14 15 27
19 20 7
13 15 4
12 14 20
23 0 25
23 0 11
21 23 9
8 11 30
14 17 26
7 9 16
14 16 8
17 20 25
1 3 28
21 23 17
14 18 10
1 3 19
23 0 15
19 20 6
4 7 4
4 5 28
13 15 23
13 15 18
19 20 25
22 23 23
7 9 4
6 8 29
11 13 11
4 6 9
22 0 28
2 4 30
4 5 20
10 12 12
22 1 26
18 21 26
4 5 1
14 16 28
15 16 21
18 20 28
6 8 6
15 18 1
21 0 3
21 0 16
16 17 4
2 4 29
15 16 10
4 8 8
12 14 24
23 0 16
15 16 30
0 3 6
0 1 6
15 16 7
5 8 8
19 22 18
13 14 16
12 13 2
15 17 18
17 21 14
5 7 11
14 16 28
13 17 23
7 9 27
16 18 5
19 22 4
5 8 20
20 23 4
22 1 14
21 22 10
1 3 28
6 9 9
0 3 21
19 22 19
10 12 1
14 16 20
22 23 5
12 13 19
17 18 7
22 0 23
3 6 20
13 15 27
17 20 13
4 6 15
21 23 19
17 20 19
11 14 28
20 23 8
13 18 6
18 19 19
4 8 1
4 6 2
4 6 13
3 5 1
2 4 26
6 8 2
7 10 20
16 18 9
8 10 7
10 12 30
15 15 7
11 14 12
1 3 5
9 11 25
22 1 23
22 1 17
19 23 30
15 17 2
4 5 25
13 13 17
19 20 29
1 3 6
23 1 19
9 10 15
18 21 30
19 21 14
19 21 26
7 9 17
2 6 18
2 4 7
12 14 21
0 2 16
6 8 12
18 21 14
13 15 16
19 22 2
22 2 7
13 15 26
4 3 20
10 13 29
23 1 30
7 10 12
1 4 17
6 9 23
12 15 17
6 6 1
16 17 27
3 5 8
13 15 1
20 21 16
11 12 26
21 22 28
12 15 19
19 21 27
16 17 12
9 11 17
5 8 8
15 18 26
14 15 7
21 22 9
8 8 10
14 15 10
12 14 3
5 6 6
23 2 3
18 21 28
23 2 27
17 20 8
21 23 4
4 6 7
8 8 22
10 13 28
14 15 6
2 4 23
17 19 27
21 0 17
12 14 19
18 19 20
4 5 14
0 1 2
3 6 1
7 6 9
19 20 24
9 11 8
22 23 15
7 8 30
8 11 5
1 4 29
10 15 30
23 1 4
14 16 27
11 13 28
14 15 15
11 14 5
13 14 13
4 6 13
11 14 29
18 22 3
16 17 19
17 19 2
10 10 26
18 21 17
16 19 18
19 20 12
3 6 9
4 6 24
18 20 26
18 20 26
23 0 29
17 20 23
12 15 2
8 10 5
9 12 24
20 21 24
21 22 21
8 9 11
21 0 11
12 15 15
7 9 20
9 9 7
15 16 23
3 4 5
5 6 9
15 17 23
21 22 14
10 11 3
22 0 27
14 16 5
7 10 22
5 7 30
14 16 21
0 4 14
5 7 6
11 13 30
11 11 22
21 22 20
2 5 10
16 19 1
9 11 9
0 2 22
18 20 3
19 22 19
1 3 21
19 22 14
9 11 20
21 22 8
10 13 6
11 12 11
9 9 13
1 3 6
20 23 19
15 17 29
19 21 19
10 12 15
11 13 26
22 0 3
6 8 4
0 3 4
14 16 16
15 17 5
13 15 30
8 10 22
21 22 28
14 15 6
22 23 4
10 14 15
23 0 22
13 15 14
2 4 30
20 23 26
22 0 28
6 7 26
3 5 25
2 3 29
7 8 7
14 16 15
20 23 11
6 8 24
7 9 30
6 8 30
10 13 14
6 8 15
3 7 26
5 8 23
7 10 23
18 22 27
8 11 27
14 17 18
18 21 27
15 18 30
11 13 22
5 7 12
20 22 30
12 14 8
21 0 30
4 5 19
19 21 5
19 23 24
2 4 5
3 6 1
18 21 15
13 16 6
0 2 26
2 3 21
6 8 26
23 1 23
6 8 24
23 0 10
3 5 16
11 13 6
17 20 20
1 3 16
0 3 3
2 3 5
15 15 15
10 11 4
4 5 14
8 9 24
20 22 2
2 4 10
11 13 14
9 12 20
13 14 30
23 0 10
15 17 19
3 4 23
22 0 22
10 13 19
5 6 22
22 23 19
19 22 23
6 8 24
8 11 25
6 9 13
5 8 30
5 9 7
14 16 22
2 3 18
20 0 4
15 18 30
21 22 26
13 16 29
8 11 1
17 20 12
16 19 12
14 16 23
2 4 1
20 22 16
22 1 15
11 13 27
13 15 28
10 11 3
3 4 19
23 2 27
15 17 28
11 11 15
19 23 27
5 7 8
8 11 11
1 4 24
23 2 9
12 14 1
19 22 15
15 16 28
6 8 16
3 5 13
18 19 13
23 0 28
13 14 26
3 4 20
6 7 11
23 23 30
18 20 8
8 10 9
10 13 10
5 8 21
5 7 16
0 2 15
11 12 3
12 15 3
20 22 3
16 19 1
9 11 22
12 12 17
14 16 1
16 19 12
13 16 30
20 20 20
17 19 21
16 17 15
22 0 14
18 19 15
2 4 9
14 17 19
2 3 4
15 17 16
9 11 20
3 4 4
23 0 8
20 23 7
7 10 19
12 14 14
15 17 18
6 8 29
1 4 5
16 18 17
12 13 3
5 7 12
16 17 12
1 3 29
17 20 20
3 5 14
1 2 25
8 11 28
11 12 28
17 20 21
8 10 24
20 20 20
11 14 2
18 19 5
20 21 23
9 12 14
12 14 6
23 22 14
16 17 22
21 0 15
1 3 5
21 0 1
22 23 23
4 7 3
19 20 3
19 20 24
17 19 4
14 16 18
2 5 4
21 23 1
19 20 12
3 5 24
11 13 9
20 22 19
2 3 22
5 7 11
21 22 1
21 23 4
14 17 14
23 0 21
19 21 6
5 5 15
20 22 12
13 14 9
4 5 15
22 1 20
1 3 30
11 11 26
6 7 7
1 5 26
23 23 13
21 23 6
18 20 11
14 17 19
13 16 7
20 20 21
13 17 16
10 13 30
15 16 21
8 10 11
10 13 3
20 22 18
4 6 14
10 13 24
5 7 24
9 12 7
1 2 30
11 13 13
12 12 10
14 15 1
16 18 20
9 12 25
0 2 23
4 6 29
23 1 20
22 0 9
22 1 20
13 14 13
6 10 13
18 21 2
6 8 16
12 16 4
21 23 12
10 12 15
21 22 21
5 8 4
9 10 8
9 11 1
17 19 26
14 16 25
16 19 30
14 15 4
17 18 4
14 17 11
0 2 10
22 23 30
2 6 27
23 0 15
23 1 1
12 14 26
16 16 25
11 13 3
11 12 2
23 1 22
1 3 12
1 3 20
12 13 11
14 18 3
12 15 18
23 3 26
11 13 9
4 7 20
21 23 4
12 14 26
11 14 28
3 5 25
13 17 18
4 4 13
7 9 2
16 20 16
11 13 21
12 14 9
14 17 4
3 6 28
10 11 3
0 3 12
4 5 20
6 7 26
13 15 4
7 9 15
7 9 14
8 9 18
16 18 20
22 0 11
20 0 8
11 13 5
18 18 26
17 20 4
9 11 10
14 18 25
2 5 10
6 8 4
14 16 3
23 0 1
21 22 3
16 18 12
2 4 18
16 17 8
4 7 4
14 16 27
16 17 2
23 1 12
0 2 20
1 3 27
3 6 8
1 5 30
23 0 19
2 4 1
20 22 3
9 10 5
7 11 5
8 10 14
7 8 1
13 15 21
22 0 18
8 9 8
16 17 29
23 1 29
9 11 23
7 10 3
6 7 23
18 19 3
8 10 13
16 19 8
6 10 1
9 11 2
11 12 18
22 0 17
13 13 11
3 6 4
4 4 30
14 17 13
14 16 28
12 14 8
14 17 28
4 6 8
11 10 18
22 1 27
9 10 21
16 17 15
8 10 16
7 9 30
5 7 9
14 17 26
18 20 15
3 3 16
22 1 25
10 11 21
13 15 30
8 10 17
11 13 13
0 1 14
15 20 4
20 22 10
10 10 12
6 8 29
21 22 8
13 17 20
15 19 29
18 20 16
1 1 26
9 10 28
7 9 19
4 6 14
22 0 15
12 14 3
8 10 25
15 16 13
1 4 19
14 16 9
21 23 11
1 5 24
5 6 11
4 5 7
16 18 2
14 16 6
4 6 11
15 15 10
13 15 19
11 14 26
1 5 18
20 23 29
18 21 11
10 14 6
2 4 26
17 18 12
0 1 2
12 13 30
21 22 14
2 4 16
4 7 19
18 18 15
14 15 28
22 1 11
1 5 11
6 8 28
20 21 15
23 1 30
11 12 15
0 2 6
14 15 30
13 14 5
5 6 26
0 2 15
8 10 16
4 5 24
19 21 29
9 10 11
4 5 12
23 2 27
22 1 28
20 22 29
14 17 16
17 17 11
10 13 21
4 5 27
17 20 6
21 23 5
21 22 8
18 21 24
16 18 28
16 18 10
17 19 6
13 14 28
11 15 18
20 22 3
23 1 27
14 17 29
8 11 21
16 18 4
2 5 8
2 4 27
10 12 12
4 5 6
0 3 4
12 16 23
0 2 7
2 5 27
21 0 15
4 6 16
22 0 4
8 9 16
14 16 23
0 2 4
7 7 15
15 17 13
1 4 5
6 7 11
22 1 17
7 8 18
0 2 27
21 23 23
16 18 25
1 2 22
4 6 4
