2590 30
6 10 11 28 24 26 12 6 20 6 10 14 16 24 17 2 13 5 15 13 6 2 3 23 20 8 20 15 5 24 
17 18 24
16 20 3
22 0 18
22 2 12
16 18 23
16 18 1
0 1 12
17 19 7
8 10 15
8 9 7
3 5 24
18 21 26
5 5 27
5 8 29
9 12 6
12 15 19
20 22 18
20 23 26
8 10 14
7 7 7
0 2 24
14 17 6
11 13 15
18 19 15
3 6 16
6 6 15
20 22 12
9 11 28
5 7 20
4 7 8
13 17 2
12 13 9
7 6 13
19 22 2
23 1 30
6 9 19
22 0 9
2 5 8
9 12 4
14 16 14
15 19 16
13 15 17
22 0 22
2 3 3
0 3 11
16 18 22
7 10 26
7 10 22
17 18 3
1 4 29
4 7 8
10 13 1
19 22 1
9 11 11
10 12 14
17 20 6
23 1 4
17 17 26
23 2 9
12 12 14
7 10 29
19 20 18
0 3 13
11 12 27
8 11 7
17 19 25
20 22 13
16 18 21
19 20 4
17 17 6
21 1 30
8 10 26
4 8 16
6 8 8
10 13 29
3 2 14
20 21 7
20 23 9
1 3 20
20 23 19
19 21 6
4 5 17
23 3 6
21 23 8
23 1 9
18 20 30
9 13 18
9 10 23
4 7 26
2 5 1
12 14 23
19 22 16
20 23 11
10 14 29
20 20 7
22 23 29
9 11 23
9 11 24
6 7 7
4 7 5
2 3 27
20 21 26
8 11 19
12 14 30
8 9 30
3 7 25
2 4 5
18 20 15
10 12 18
2 5 9
19 21 16
1 3 7
22 0 3
15 18 15
6 7 15
10 12 3
20 21 2
5 5 24
21 0 13
8 10 27
4 7 26
5 8 22
15 17 15
14 17 23
6 8 25
14 15 21
17 18 15
23 0 28
11 14 16
4 6 1
22 0 7
11 13 10
2 4 8
11 11 24
1 4 19
0 3 20
7 8 9
6 8 2
2 4 19
10 13 23
0 2 21
20 21 7
17 20 3
20 21 21
7 10 18
2 5 15
23 1 11
21 0 20
22 1 24
18 22 26
13 14 15
14 17 25
1 3 15
23 1 1
7 11 27
11 12 26
17 19 8
9 11 15
1 4 6
10 12 29
12 15 6
16 15 20
8 10 28
11 14 19
0 1 1
18 20 29
13 16 29
14 16 15
23 0 23
0 4 19
17 19 6
17 19 8
1 3 24
22 23 1
6 10 1
6 7 16
13 14 20
22 1 30
11 13 10
15 17 29
10 12 10
5 6 22
5 6 13
14 16 6
16 17 26
13 17 17
19 23 23
16 19 25
14 17 5
3 5 24
14 16 22
3 6 9
18 20 21
0 1 29
15 18 10
13 15 15
9 13 18
9 12 23
6 7 11
19 21 21
16 18 9
7 9 17
4 6 23
23 0 16
17 17 10
1 4 21
22 23 1
4 7 20
5 9 29
2 6 19
12 14 29
8 9 18
5 7 19
18 20 29
5 9 21
5 5 29
20 21 5
20 20 27
15 18 24
0 1 14
3 5 13
8 9 8
11 12 4
17 19 13
17 19 3
7 9 28
15 17 24
13 12 8
1 2 24
20 23 13
7 9 20
23 23 25
8 11 15
0 3 13
3 4 6
0 2 13
7 10 18
16 17 19
6 9 16
4 7 20
8 10 6
0 3 12
14 16 11
8 8 3
11 11 2
17 19 20
14 15 28
9 11 3
13 15 22
8 10 16
14 16 20
12 14 27
20 19 29
9 10 8
15 16 2
4 5 28
16 18 19
8 12 6
1 3 5
15 17 9
3 5 12
11 14 16
15 16 6
10 14 13
12 14 22
13 15 10
3 7 17
0 2 26
13 16 16
12 13 20
7 10 26
18 20 3
23 0 20
0 3 20
18 20 16
22 0 23
17 20 10
0 3 1
6 10 7
8 10 5
13 16 3
1 4 24
8 10 9
6 7 30
22 0 7
12 14 21
3 6 30
7 9 1
8 8 17
4 5 10
20 21 6
12 14 7
1 3 18
1 3 14
4 6 10
23 23 3
23 2 4
22 1 30
1 3 16
6 6 30
13 15 2
19 22 23
1 3 23
6 8 24
15 18 20
13 15 18
13 15 26
18 20 11
10 13 12
5 7 23
16 18 22
2 3 7
14 16 13
13 14 27
15 17 10
19 20 28
5 7 23
8 10 2
9 12 16
18 20 1
7 9 11
2 5 1
14 17 26
11 13 26
17 18 1
19 22 23
15 17 15
20 22 27
8 11 25
16 17 6
7 8 6
20 23 24
17 18 24
1 3 26
18 20 20
4 6 21
4 8 20
8 9 26
12 13 6
6 8 27
19 22 26
3 4 1
12 12 18
15 16 17
19 20 12
13 15 18
22 0 13
8 9 19
7 10 3
0 2 30
0 2 10
23 22 1
12 13 18
17 19 11
13 16 24
8 10 7
17 21 14
2 6 29
4 7 4
14 16 20
23 1 14
18 22 1
4 6 25
10 11 25
10 11 29
14 17 5
7 7 27
0 3 21
17 20 22
13 16 15
11 12 28
15 17 11
19 22 20
0 3 14
13 16 27
9 10 6
11 12 17
2 5 23
6 7 14
21 22 18
16 16 22
15 17 15
5 8 20
23 3 5
19 19 25
8 9 30
14 17 11
9 11 6
5 7 13
20 22 22
22 0 9
7 9 24
9 11 26
18 19 1
17 18 29
20 21 8
4 7 20
11 14 27
14 17 11
14 17 29
22 23 20
7 9 22
4 6 4
13 15 1
0 4 17
21 23 9
1 4 11
9 10 8
16 16 13
12 13 23
12 15 9
5 5 26
5 6 26
2 5 10
5 7 22
19 21 26
19 21 7
5 6 22
12 16 20
9 13 13
13 15 7
14 16 7
0 3 21
8 11 7
20 21 3
20 22 28
16 16 7
11 15 26
0 3 29
0 2 25
23 2 16
13 15 28
20 23 24
7 8 9
10 14 19
17 19 17
11 14 11
6 10 13
21 23 19
20 21 16
9 10 4
23 0 8
20 21 23
19 21 30
2 4 16
1 2 17
4 7 25
23 2 15
14 18 23
0 3 15
10 12 4
14 15 18
10 12 16
18 20 14
16 18 15
7 9 25
3 5 19
9 11 13
12 14 5
16 18 20
7 10 25
17 19 21
10 11 16
8 10 26
10 13 29
18 20 3
7 8 15
22 23 18
16 19 8
18 21 13
12 13 16
1 3 3
22 0 27
2 4 24
16 16 10
14 18 8
16 19 2
8 10 23
22 23 21
12 13 30
19 21 4
19 21 19
13 16 21
13 17 20
13 14 10
20 0 26
4 6 24
22 0 30
5 8 25
8 11 12
15 16 23
0 2 20
5 6 5
2 4 3
23 3 21
11 14 27
2 4 20
4 5 30
20 22 29
3 4 18
0 3 20
2 4 6
14 18 29
8 8 10
2 5 10
9 11 30
19 22 23
8 10 13
3 4 7
10 13 18
17 18 12
20 21 14
13 15 10
1 3 8
10 11 11
8 10 3
18 19 1
21 22 14
15 17 9
7 8 16
20 21 4
3 4 11
12 13 28
4 7 3
2 4 7
10 11 28
2 4 15
3 4 28
2 5 12
6 8 12
19 22 17
21 22 2
11 12 6
4 4 28
12 14 4
6 8 6
0 3 16
17 17 17
2 4 29
19 21 3
5 6 20
14 15 23
9 9 6
6 7 6
5 6 1
10 12 9
7 8 13
10 10 6
8 9 12
19 21 4
13 14 26
2 5 25
13 17 15
22 0 8
15 16 3
4 5 10
4 8 17
8 8 8
8 10 23
5 7 19
5 6 24
12 14 10
17 18 4
9 12 9
22 1 24
19 18 8
17 17 23
19 21 13
3 5 29
14 17 22
13 16 30
21 0 17
3 6 14
17 19 1
3 3 2
7 8 14
8 12 27
11 11 5
11 13 8
9 11 16
14 16 9
9 11 12
3 5 30
10 12 7
12 13 13
1 3 21
20 21 13
2 4 6
4 4 23
14 15 18
1 3 16
17 20 28
6 8 19
14 16 23
23 2 3
3 5 13
20 21 10
3 5 19
23 0 6
1 2 12
23 0 8
10 11 30
0 1 30
21 23 22
8 10 13
0 -1 14
14 17 29
3 7 1
23 1 20
18 21 27
16 17 9
12 14 8
0 1 29
16 17 28
14 16 5
8 9 27
21 21 12
1 2 7
23 23 2
15 17 26
18 20 6
19 22 14
11 12 18
7 7 20
1 0 22
1 1 25
14 17 12
1 2 23
7 10 9
3 6 3
22 0 1
4 5 13
21 22 17
3 6 21
4 6 27
17 20 10
0 3 1
22 0 3
21 23 14
22 23 6
11 12 10
5 8 18
2 3 24
16 18 28
10 11 17
4 6 13
20 22 28
12 12 9
22 22 13
3 5 25
12 15 7
0 2 17
8 9 26
5 7 21
2 3 11
9 10 3
4 6 10
14 17 12
2 4 19
14 16 14
9 9 26
3 4 14
12 15 6
20 22 21
14 15 7
7 10 17
4 5 2
12 16 16
9 10 30
8 10 21
17 19 8
9 10 15
15 17 2
9 12 12
0 4 17
1 3 24
17 19 5
15 17 17
12 13 17
10 13 5
13 15 1
17 18 16
14 18 21
0 2 12
9 11 17
3 4 24
10 12 15
10 10 7
13 15 26
12 14 13
21 23 17
15 18 27
17 20 1
12 15 17
21 22 7
4 6 16
13 17 3
12 14 20
2 2 26
13 15 16
23 1 4
3 4 21
12 12 28
18 21 5
14 16 8
8 10 11
16 20 9
21 22 24
15 17 18
0 1 26
19 20 4
21 0 12
18 21 5
15 17 7
15 18 16
4 6 27
19 21 14
2 4 22
17 19 16
3 7 13
1 3 26
10 13 24
21 0 5
21 22 6
21 23 24
11 13 25
14 16 6
23 23 5
2 3 6
23 0 20
12 14 20
8 9 17
16 16 17
15 17 17
17 20 29
18 18 12
6 6 23
8 10 7
17 21 22
1 4 11
12 14 8
3 4 14
19 20 30
4 7 9
9 12 8
14 16 4
19 20 17
6 8 2
2 4 22
2 4 23
22 0 8
23 2 12
5 8 27
20 23 6
18 21 26
6 9 10
18 20 18
6 6 17
5 5 21
2 5 12
13 13 7
4 7 4
11 13 28
4 5 6
1 3 6
10 11 6
13 14 18
15 15 23
2 4 26
12 13 15
2 4 26
0 1 28
4 7 29
6 8 17
19 22 14
22 1 9
10 11 19
17 18 24
1 2 5
16 17 18
16 18 29
14 17 12
17 19 5
10 12 28
9 11 5
2 3 14
4 6 12
0 3 10
9 11 13
4 6 17
0 4 1
1 3 19
7 7 1
23 1 20
20 21 15
23 1 11
21 22 29
7 8 1
9 12 25
22 23 29
17 19 6
9 11 19
9 11 25
14 16 27
14 15 25
21 23 23
17 18 8
15 18 18
22 23 10
16 18 26
6 9 3
15 19 22
0 3 10
22 0 16
19 21 9
2 5 7
20 22 22
23 3 27
22 1 18
6 7 6
20 23 5
15 16 18
17 20 7
4 7 3
13 15 7
23 0 22
22 0 14
18 20 14
17 18 6
16 19 9
2 4 17
14 15 6
22 1 16
21 22 19
13 15 17
20 21 25
13 13 2
22 1 15
23 2 29
16 18 28
0 1 13
20 22 24
15 15 7
18 19 6
16 18 24
13 16 6
5 7 13
5 8 6
18 21 16
22 0 18
0 4 9
21 23 20
9 9 10
4 6 7
1 1 1
19 22 25
7 9 22
6 6 28
11 15 22
8 10 16
22 1 22
7 8 24
22 23 19
16 19 29
22 22 16
5 7 14
2 4 18
7 6 28
0 2 5
7 9 8
15 18 12
21 23 21
0 3 7
0 0 19
23 0 27
21 0 25
8 10 1
17 19 16
16 20 27
9 10 16
8 11 17
4 6 18
21 0 9
17 18 4
10 13 17
14 17 16
17 19 12
7 10 21
15 16 21
21 0 1
21 22 14
19 20 19
18 19 11
11 12 15
2 5 10
23 1 15
14 17 2
20 22 15
8 10 24
8 10 5
11 13 3
2 4 13
14 17 29
19 20 26
22 23 13
5 5 22
11 15 4
6 8 26
13 15 24
23 0 2
7 8 22
19 22 11
16 20 29
4 5 1
15 17 9
3 4 30
20 23 29
0 2 5
23 2 3
4 7 2
10 12 19
15 17 23
2 2 3
3 5 23
6 8 7
22 2 9
3 4 21
0 3 27
4 7 17
23 2 10
14 16 14
15 16 14
19 20 5
17 19 18
18 19 27
12 13 15
1 2 28
13 14 28
23 0 24
9 12 16
15 17 27
8 10 16
14 15 11
3 5 17
23 1 10
0 1 27
4 5 15
12 14 26
12 14 2
17 20 9
18 20 6
22 22 20
6 9 16
18 21 4
7 8 13
14 15 21
18 19 15
17 18 22
1 3 17
2 3 4
2 2 19
20 22 7
10 12 29
8 9 16
7 9 5
9 10 3
19 20 4
13 16 16
10 12 27
20 21 4
15 17 24
20 22 2
13 15 8
13 15 29
15 17 4
21 0 27
9 12 12
3 7 26
5 6 11
20 0 7
0 1 28
12 14 1
17 20 18
17 18 23
17 20 17
1 4 23
7 9 14
14 16 5
2 5 28
4 3 4
11 13 8
6 10 5
14 16 12
4 7 24
4 7 30
1 2 26
5 8 2
2 5 28
17 19 14
1 2 29
17 19 2
14 17 24
1 4 26
9 12 26
10 11 21
20 21 29
20 0 21
4 6 27
21 23 21
13 16 28
15 16 26
3 4 21
14 18 15
1 3 4
12 13 14
22 23 2
17 20 4
9 9 6
11 13 3
4 5 25
11 15 6
14 16 28
8 9 20
4 5 17
20 23 6
14 15 15
6 7 16
19 22 11
5 6 29
3 4 4
5 8 23
22 23 19
4 7 19
11 14 5
2 5 11
21 22 15
8 10 19
15 17 5
16 20 27
12 16 12
1 2 20
4 5 23
11 12 25
7 9 28
11 14 9
16 19 3
10 10 15
23 3 29
20 22 5
14 15 29
16 19 28
16 21 29
4 7 30
0 1 27
0 2 26
6 8 14
22 0 25
14 16 13
22 2 7
0 2 14
5 7 2
16 16 24
12 13 29
0 3 6
4 5 19
22 1 29
1 3 17
1 4 22
2 4 14
9 12 18
5 6 18
14 15 28
6 8 18
17 20 22
13 14 30
18 20 19
10 10 24
20 22 4
22 23 24
15 19 11
18 19 20
9 9 7
21 23 28
16 16 20
13 15 2
10 13 29
8 10 26
0 1 16
9 13 9
2 5 29
22 23 15
15 16 14
10 12 16
9 11 22
18 21 4
18 21 25
12 15 12
3 6 16
2 3 4
11 14 29
2 4 13
14 17 2
3 4 27
7 8 21
10 12 16
0 2 26
19 21 18
15 18 15
23 2 11
22 0 2
15 17 10
4 5 12
5 3 9
23 2 27
17 22 11
9 11 15
12 13 9
19 22 12
14 17 26
6 10 24
16 18 2
0 1 15
13 12 30
9 12 21
22 23 21
17 18 27
20 22 2
8 11 24
13 17 15
17 20 20
18 20 8
18 22 27
11 13 8
13 15 6
17 20 1
10 12 13
12 14 29
3 4 8
15 16 30
1 2 16
0 1 3
22 2 12
13 15 17
14 16 26
13 15 10
7 10 22
13 14 3
21 23 30
5 8 28
13 15 1
17 19 18
4 6 24
19 23 10
21 23 8
18 21 1
14 16 17
10 11 25
6 6 28
21 23 2
19 20 2
16 17 20
20 22 27
0 2 24
3 4 29
0 3 8
4 7 14
21 21 21
11 13 6
17 19 1
9 11 21
20 0 14
6 9 16
8 10 25
4 5 3
4 7 17
9 11 21
10 12 12
18 22 27
10 12 17
0 2 15
6 9 8
13 14 4
0 2 18
16 17 8
8 10 26
3 6 17
6 7 11
10 12 24
22 23 10
23 2 19
5 7 30
1 2 22
9 11 3
12 14 2
21 22 6
23 3 26
12 16 18
22 0 18
4 7 4
10 11 6
17 19 22
8 11 28
14 16 18
19 21 7
15 16 15
21 21 15
0 1 17
18 20 3
0 2 15
0 1 2
4 5 26
3 4 20
0 3 12
14 16 16
0 2 22
6 7 2
7 9 14
10 12 12
19 19 11
20 21 3
8 8 12
7 10 22
6 7 20
10 12 8
1 2 18
4 6 26
6 8 9
13 14 15
16 16 24
0 3 25
1 1 30
20 23 21
16 18 29
10 13 18
20 23 14
21 22 10
20 22 3
15 17 11
3 4 2
14 17 1
0 3 13
2 6 6
22 0 18
1 3 6
10 12 8
9 11 18
23 0 29
13 16 19
9 11 11
21 22 15
3 3 22
4 6 20
21 22 25
5 8 27
18 18 1
15 16 20
5 7 11
4 5 12
18 20 25
5 5 17
0 4 7
13 15 23
15 18 15
7 9 24
15 15 23
8 10 24
13 13 17
17 19 23
9 12 4
12 14 26
22 23 12
22 23 15
3 3 20
7 9 23
23 0 6
4 6 15
4 7 2
2 4 18
19 21 14
22 0 30
13 16 18
0 3 7
9 11 26
22 2 5
4 6 12
21 22 21
11 13 1
9 10 30
4 6 23
8 10 20
14 15 28
10 12 4
19 22 25
13 14 21
17 18 27
12 15 13
23 0 27
22 23 1
21 2 25
19 22 15
15 16 23
20 22 12
20 22 22
17 17 16
11 13 15
13 16 1
20 23 13
21 22 3
22 1 27
3 3 10
15 17 17
11 13 9
15 18 18
19 20 17
7 7 14
20 23 17
14 16 30
1 3 15
13 16 22
2 4 24
10 12 21
18 20 27
18 20 6
12 15 6
12 13 10
0 1 3
7 8 18
17 18 15
15 17 5
7 8 7
13 16 17
20 23 6
8 10 12
7 11 21
23 2 5
4 7 18
1 2 9
23 0 30
18 21 13
20 21 29
16 19 10
17 19 23
4 5 9
15 17 4
23 2 7
15 18 30
13 17 28
13 14 7
10 11 23
15 16 12
13 15 27
0 3 14
10 10 21
7 11 14
7 8 7
12 13 7
7 9 26
22 0 13
21 0 25
17 18 9
5 6 11
19 21 15
15 18 30
0 2 7
8 9 30
9 13 28
0 4 28
19 23 7
4 5 6
23 0 9
1 3 1
21 0 24
7 8 8
6 9 14
0 3 19
3 6 3
5 7 5
16 19 19
19 21 5
11 12 2
7 9 18
2 3 21
21 23 11
4 6 25
11 14 8
10 11 5
13 14 12
2 5 29
8 9 6
10 12 30
9 10 20
14 15 1
6 7 10
4 5 23
16 19 7
23 23 29
5 8 2
9 11 8
11 12 11
14 16 26
14 15 12
22 23 17
20 22 26
23 2 28
12 13 1
3 4 20
9 12 27
9 10 13
9 11 6
4 9 7
5 8 2
15 16 14
18 21 17
7 8 8
4 6 12
23 1 11
0 2 18
0 3 19
16 18 12
10 12 22
20 22 19
11 12 25
13 15 19
23 1 15
16 20 6
8 11 8
1 2 7
3 5 23
21 23 17
1 1 30
16 17 18
10 11 15
18 20 20
6 8 17
5 8 19
13 15 8
20 20 18
0 2 5
0 1 16
21 1 19
21 23 29
7 9 17
11 11 25
17 20 22
18 21 12
10 11 17
11 13 21
3 5 20
0 1 9
17 17 25
13 14 10
19 21 9
21 22 14
8 11 25
14 16 29
4 6 19
14 16 26
20 21 15
9 12 13
2 3 24
17 19 22
7 9 24
3 5 4
18 18 15
19 22 14
12 14 12
4 5 25
10 13 30
7 9 12
5 8 13
6 8 27
13 15 18
13 15 26
16 19 1
0 4 7
14 16 17
20 23 27
12 14 10
18 22 23
4 7 28
6 9 14
9 11 27
13 15 23
12 14 9
12 14 13
5 7 25
23 0 12
17 19 12
2 1 26
19 20 11
9 10 22
21 0 29
18 22 26
13 15 15
3 6 17
8 9 18
12 14 5
23 2 3
5 8 23
9 11 26
0 0 10
10 12 1
16 18 9
17 20 27
18 19 25
9 11 5
17 19 27
9 10 2
23 0 29
11 13 2
1 4 8
6 9 9
2 3 12
1 5 9
4 7 21
2 4 2
1 3 2
18 20 3
6 7 2
20 21 7
12 12 5
5 5 26
2 4 15
11 13 28
9 11 2
16 19 23
4 6 16
13 17 15
13 15 27
15 17 12
6 7 4
9 11 7
5 5 3
22 1 12
4 8 21
6 6 4
9 11 11
21 1 6
23 1 13
19 20 29
18 19 25
8 10 6
14 16 1
9 11 24
3 6 18
12 12 12
23 1 26
22 0 20
14 14 8
19 21 25
7 10 7
21 23 4
22 22 30
22 0 20
14 15 18
7 8 5
0 1 21
23 1 6
7 8 10
17 22 3
10 11 30
20 23 11
4 6 4
2 3 6
11 12 4
6 7 13
0 3 28
1 3 30
16 19 8
8 11 2
1 4 7
1 3 16
0 3 16
16 19 23
20 21 6
21 23 29
6 6 28
17 18 18
10 13 4
20 21 10
14 16 25
9 10 10
23 0 2
13 15 14
17 21 27
15 17 4
14 16 19
19 21 13
22 0 13
0 4 24
11 13 23
6 8 3
21 22 25
1 3 10
6 9 16
21 0 5
17 21 30
16 18 17
13 14 11
18 21 6
6 9 14
12 16 4
8 11 19
22 0 10
1 4 24
3 6 25
23 23 30
16 20 13
14 14 16
18 20 18
16 18 13
21 0 29
20 22 26
6 9 18
14 16 24
6 8 25
19 20 27
23 1 19
11 14 18
2 5 3
5 7 11
15 17 10
21 23 14
22 1 25
18 20 24
0 1 12
12 15 14
0 2 9
11 13 5
16 18 11
19 21 18
7 10 18
6 9 27
19 22 23
0 1 13
23 2 19
22 2 17
1 3 16
0 0 5
7 10 20
20 21 10
15 17 30
6 9 5
2 3 23
6 8 11
15 17 24
4 5 15
0 3 20
12 14 11
18 19 14
6 7 12
21 0 9
6 9 11
13 13 18
16 20 26
18 19 3
15 18 24
10 11 22
1 2 21
3 4 12
11 12 12
15 16 28
11 12 13
19 21 25
0 3 22
20 23 24
13 14 18
8 10 24
23 0 9
22 0 4
10 12 5
22 1 10
18 22 10
6 7 25
9 10 26
19 20 10
23 2 4
19 20 2
21 0 8
2 4 26
23 1 9
22 2 22
18 19 2
15 17 5
14 16 25
15 17 27
10 11 4
19 22 20
19 22 20
10 12 26
14 18 30
1 4 22
19 20 16
17 20 14
16 16 30
14 18 24
17 19 25
13 14 9
20 21 15
8 9 17
8 10 11
21 0 27
3 5 17
19 21 7
17 21 5
18 19 24
1 3 21
3 4 3
11 13 10
20 22 10
16 18 6
17 19 3
14 17 6
16 18 10
15 19 28
9 11 28
1 5 16
16 18 11
15 17 9
20 22 11
9 12 24
1 5 11
17 17 12
2 6 25
14 16 29
0 3 14
22 23 5
0 1 17
4 5 23
9 10 4
7 8 4
23 1 30
11 14 21
2 4 14
14 16 19
22 0 8
9 12 6
10 13 19
11 14 10
2 5 30
6 8 21
12 14 5
0 4 22
18 20 9
8 9 14
9 11 8
7 9 20
9 11 17
20 22 29
8 10 14
9 10 16
4 7 16
11 14 1
21 1 10
16 18 28
6 9 18
19 21 30
6 8 20
10 11 14
13 15 2
20 22 14
12 13 21
23 2 29
11 12 6
3 5 22
22 22 23
15 17 3
17 18 2
15 16 3
5 7 8
20 23 25
11 14 5
19 20 12
17 18 18
5 6 13
16 16 4
17 20 11
19 21 20
7 7 19
11 13 15
22 2 27
16 18 5
16 19 10
6 9 26
14 16 24
2 5 13
14 15 1
11 13 19
14 15 12
4 5 11
22 1 10
17 17 19
2 4 26
21 22 24
15 17 22
3 5 20
5 7 29
13 15 1
10 12 29
6 8 9
13 14 10
8 11 13
20 22 10
18 21 12
21 0 26
0 2 23
12 15 30
2 4 20
13 14 8
13 16 15
6 7 5
12 13 27
1 2 1
9 11 21
1 2 4
9 11 27
15 17 22
21 23 24
3 8 2
21 22 2
4 6 9
6 9 15
10 13 6
10 11 6
13 13 10
0 2 4
15 16 6
5 6 2
22 23 18
19 20 11
21 23 7
3 4 1
15 18 13
19 22 6
15 18 10
2 6 15
3 3 24
14 16 12
18 20 4
10 11 20
21 23 8
18 21 14
9 12 15
17 20 14
14 14 9
13 17 13
21 23 6
17 19 12
17 20 10
12 16 9
19 20 13
12 13 7
17 20 25
2 3 1
10 12 24
9 12 26
12 13 4
9 11 4
8 9 22
7 9 26
17 19 7
5 8 18
5 8 13
13 15 24
16 19 10
17 18 22
5 7 19
20 22 3
1 2 30
22 1 2
6 7 3
15 18 10
7 8 24
16 18 14
5 8 3
6 7 24
4 6 29
18 21 20
20 23 20
6 9 3
11 11 15
4 7 7
12 13 14
8 11 18
17 20 5
10 12 3
19 21 16
2 3 27
23 1 15
17 18 9
7 9 26
21 23 12
6 10 15
22 0 2
10 11 23
5 8 5
0 4 20
21 23 19
15 16 30
22 0 13
7 9 25
11 13 20
22 1 16
1 2 2
16 20 14
17 20 4
20 22 24
2 4 30
17 20 21
16 16 16
11 12 3
12 13 1
3 5 28
21 22 26
20 22 15
1 2 18
1 2 18
13 15 17
21 22 9
17 18 18
13 15 14
15 17 24
22 0 30
5 7 24
1 5 4
17 20 5
22 0 4
2 3 12
2 5 12
15 15 6
0 3 1
15 15 12
17 20 10
5 6 24
9 11 4
15 18 9
17 18 9
12 14 14
19 21 1
17 20 19
3 5 18
21 23 17
22 0 15
3 4 29
3 4 25
7 9 21
7 8 24
16 20 3
19 22 9
6 6 17
19 18 19
16 17 16
3 5 10
19 20 2
8 10 18
12 14 28
23 1 23
13 17 27
0 2 30
9 13 30
11 14 16
11 13 1
9 11 19
4 5 9
20 22 25
20 21 21
23 1 18
15 18 20
2 6 10
9 11 24
19 21 18
3 5 26
16 19 20
4 6 17
3 4 9
0 1 23
5 6 29
17 18 23
6 7 23
22 0 12
9 12 2
15 17 8
5 7 7
14 16 22
4 4 21
23 0 24
3 6 30
15 17 13
18 19 4
18 20 11
9 11 10
22 22 12
22 1 9
19 20 29
18 21 16
19 20 18
16 17 3
20 21 13
2 5 15
14 16 6
1 2 28
17 21 30
17 18 9
3 5 21
1 3 13
21 23 10
19 21 11
3 5 11
7 8 15
10 12 8
13 16 29
7 8 14
23 0 25
3 4 29
20 21 7
11 14 16
22 23 25
11 12 30
3 4 13
8 10 19
20 23 13
7 9 5
21 22 1
20 22 17
9 11 14
20 23 25
1 3 20
14 17 11
9 12 28
4 7 5
13 14 12
1 3 1
10 12 28
6 10 12
1 2 28
19 20 24
15 18 24
4 6 5
23 22 2
12 15 1
22 2 30
23 23 16
17 19 21
20 23 23
6 8 4
6 9 17
10 11 13
0 2 10
13 16 17
12 14 23
12 14 23
6 8 10
17 19 24
14 17 28
22 0 20
8 7 4
1 4 1
15 18 17
9 11 8
13 14 22
1 2 23
13 15 24
23 3 18
17 20 21
11 14 5
8 11 25
13 13 17
11 13 3
11 12 10
12 14 20
7 10 29
20 0 26
7 9 28
5 7 25
9 12 27
13 15 18
5 6 19
21 23 8
10 12 20
2 5 14
14 15 3
0 1 30
12 15 7
3 4 16
7 9 14
18 23 14
13 17 30
4 5 17
4 7 21
1 3 3
3 6 4
21 22 22
0 0 6
21 23 17
12 14 4
10 12 3
13 14 28
4 6 11
21 0 17
18 20 10
12 14 14
21 1 30
7 8 5
15 18 22
23 2 19
6 7 15
19 21 3
4 7 20
22 23 1
5 5 13
2 4 13
14 15 22
9 12 29
2 4 15
16 17 24
3 5 10
1 4 9
22 1 24
4 5 25
15 17 30
5 6 11
21 22 21
12 15 7
17 20 9
14 15 2
16 20 19
11 14 22
18 19 18
11 13 17
6 8 26
13 16 15
18 21 5
0 2 30
13 14 19
21 0 17
15 16 25
14 15 9
16 20 13
0 3 13
23 2 6
21 23 21
13 16 16
19 20 10
22 0 14
8 11 13
11 13 18
1 4 4
21 22 21
3 5 4
14 13 17
21 22 16
8 9 18
0 2 23
23 1 25
12 14 1
4 5 21
4 4 6
0 3 25
20 0 26
19 21 30
17 20 11
18 19 1
1 3 11
9 11 28
15 16 20
15 18 12
14 17 27
14 17 19
23 1 4
15 17 11
4 7 8
17 19 14
19 21 14
11 12 12
8 10 5
4 5 2
20 21 19
6 8 14
11 13 23
20 23 25
15 16 28
11 11 1
4 6 14
16 18 26
9 10 17
15 17 27
18 19 17
2 4 15
8 9 8
12 13 3
22 23 4
10 13 7
12 13 28
20 21 13
11 14 17
6 9 1
1 3 30
5 6 20
17 18 30
22 1 26
20 21 7
13 13 7
1 4 7
20 22 15
12 15 18
2 4 10
18 21 10
6 7 17
17 18 13
2 5 8
20 0 16
12 15 21
10 11 15
9 12 11
16 19 5
3 7 7
11 15 2
5 6 27
20 22 14
19 20 29
21 23 13
19 22 6
1 2 25
16 19 5
2 4 20
4 6 26
7 9 19
4 7 3
12 15 28
9 10 9
7 7 8
4 7 11
23 1 27
20 21 13
9 10 26
6 7 15
15 16 12
18 20 28
17 18 18
23 2 12
10 12 5
22 23 14
10 13 7
8 10 16
8 9 24
13 16 2
20 21 8
23 2 20
21 0 19
11 12 8
10 11 17
17 18 21
23 1 19
13 14 12
4 5 10
10 11 7
7 9 28
17 20 1
14 16 10
9 10 18
14 15 3
9 10 26
11 13 19
10 13 30
12 13 16
3 4 24
5 8 24
14 17 15
16 18 14
18 22 7
0 2 11
9 10 15
16 17 17
20 21 11
18 21 12
21 22 18
23 1 21
1 5 5
13 16 18
22 0 15
11 14 23
15 16 25
23 1 21
14 17 3
14 16 27
19 20 30
7 8 16
3 7 14
9 11 14
3 4 23
15 16 1
5 9 6
10 15 6
12 15 2
8 10 28
8 9 6
20 22 26
2 3 2
15 17 5
15 19 1
18 22 28
2 3 17
6 8 25
0 2 15
20 21 3
16 20 15
10 10 29
14 16 19
17 18 25
14 17 28
22 0 13
1 2 27
5 5 27
13 15 8
3 6 17
4 6 22
22 1 20
1 2 22
5 7 8
13 14 11
13 15 13
10 13 17
3 5 4
10 12 4
1 2 25
7 8 28
7 8 3
23 0 16
8 11 10
5 6 20
23 2 26
16 19 18
1 3 27
10 11 14
6 8 27
1 2 24
13 14 29
15 17 1
4 7 14
1 2 11
22 0 4
19 19 14
3 5 12
6 9 26
0 2 25
2 3 24
7 9 30
13 15 1
20 21 16
9 12 12
22 1 16
2 5 22
23 2 6
2 4 14
7 8 11
8 10 14
11 14 13
2 4 27
14 17 1
21 0 26
19 20 28
11 13 6
7 9 11
7 9 21
11 14 5
17 18 20
8 9 25
4 7 28
13 16 9
3 5 18
23 0 1
1 3 15
6 8 14
9 10 8
22 0 25
1 4 7
3 4 14
21 1 28
0 3 19
11 13 24
13 16 28
2 4 30
10 13 8
21 21 1
15 17 5
7 10 17
18 20 13
7 10 13
9 12 15
7 8 17
19 21 4
3 6 3
21 0 29
21 0 9
12 13 20
19 22 16
11 14 25
17 19 3
8 10 10
15 17 29
21 22 17
2 5 8
0 3 26
5 8 16
1 5 12
16 18 21
18 21 8
5 8 8
18 20 24
15 17 12
2 5 26
20 23 27
4 6 4
8 10 24
3 5 2
6 9 14
10 13 26
18 18 6
20 22 23
11 13 1
18 22 30
14 14 10
10 12 7
15 18 24
12 13 16
17 17 11
23 1 30
18 21 30
11 12 29
3 6 28
22 1 11
7 10 20
1 2 27
8 10 20
2 3 17
19 23 12
12 13 10
10 11 13
19 22 17
13 16 16
2 5 6
11 13 24
14 17 4
17 19 2
1 4 24
16 16 5
6 9 8
14 14 20
4 6 16
4 6 13
13 16 9
8 10 26
3 5 29
7 8 22
0 3 16
9 11 3
12 15 20
15 16 28
4 6 26
0 3 15
5 8 18
0 2 28
12 12 7
8 9 25
23 3 18
16 20 19
17 19 11
9 11 19
1 1 24
20 21 30
12 15 11
22 23 29
10 12 11
4 4 24
23 0 6
0 0 20
13 15 5
15 16 20
2 5 25
6 7 1
12 13 8
22 0 20
10 12 28
9 10 8
12 14 5
8 9 17
18 21 10
6 10 18
21 23 26
9 10 18
9 12 12
15 18 9
18 20 14
23 0 9
16 18 21
1 3 26
23 2 10
12 14 22
13 16 19
18 18 16
14 16 16
22 1 10
9 9 6
1 3 18
22 23 14
19 21 12
19 20 26
9 11 16
18 20 22
21 0 3
11 12 10
21 1 12
20 22 24
21 22 19
13 13 3
9 13 19
18 22 19
17 18 26
20 23 30
16 21 18
13 16 13
21 1 1
18 19 23
14 16 17
2 3 26
17 19 24
12 13 20
4 7 2
22 23 5
8 9 27
4 7 25
11 11 10
4 6 9
5 6 6
13 14 17
2 4 21
22 0 29
18 19 1
0 5 3
22 0 9
4 6 9
3 6 16
23 2 15
16 17 7
11 13 5
4 6 10
4 6 12
13 14 20
13 14 19
1 2 3
19 19 10
16 18 2
16 18 24
3 6 28
23 1 22
4 7 18
12 15 4
22 0 19
1 2 24
12 14 28
1 3 28
12 16 8
20 23 10
21 0 13
14 16 15
16 16 1
10 11 15
13 14 16
12 15 27
15 18 8
20 23 3
4 5 19
10 12 4
20 20 14
11 13 18
10 13 6
23 2 29
9 12 18
16 17 16
22 23 6
16 17 14
17 18 13
9 12 23
16 19 27
4 7 6
21 23 20
1 3 14
8 8 13
23 1 21
12 15 11
