2580 30
9 11 1 23 19 26 24 18 2 23 4 27 23 15 29 19 13 25 12 26 17 20 17 3 14 27 29 21 2 2 
1 3 25
11 13 22
5 9 18
18 20 9
22 23 18
6 7 20
15 15 25
11 12 20
3 6 20
4 6 29
4 6 22
11 13 25
15 16 9
15 18 7
21 23 23
2 3 23
18 19 28
5 8 17
11 14 24
7 8 15
18 19 20
16 19 19
23 0 29
21 23 5
14 16 27
0 4 28
16 16 17
22 23 12
6 7 12
17 18 20
4 5 19
22 2 5
1 3 24
6 7 30
14 17 26
12 15 17
22 2 16
3 5 20
19 19 4
20 21 7
13 15 4
21 1 11
5 7 1
3 6 24
7 9 15
14 17 20
8 9 6
23 1 30
2 5 19
21 23 11
5 5 24
11 13 22
3 5 3
6 9 22
3 4 23
19 22 10
5 5 26
23 2 2
9 12 18
15 17 26
12 13 20
6 8 28
14 16 26
14 18 6
20 21 14
10 12 13
5 6 2
12 15 23
0 1 1
20 22 30
16 18 15
22 1 21
10 15 24
21 22 30
21 23 6
21 0 17
6 9 7
12 13 8
3 6 30
9 11 3
18 19 26
10 13 23
4 7 8
13 15 16
17 20 15
14 16 26
15 17 20
11 13 19
3 4 7
22 22 1
19 22 23
17 19 22
17 20 2
23 1 26
18 19 10
21 0 16
20 23 13
11 14 26
8 10 11
5 8 26
13 16 10
18 20 24
18 22 14
13 14 17
11 13 11
2 4 2
8 10 6
22 2 7
20 21 10
12 12 21
22 23 14
12 14 19
22 0 12
18 20 4
2 4 20
1 3 21
11 12 24
2 5 27
9 12 9
8 10 11
18 21 13
23 1 17
21 0 9
1 3 6
13 14 27
7 10 1
1 1 1
8 10 4
2 5 4
12 13 13
8 12 30
23 2 2
18 21 10
8 10 25
4 6 1
7 9 8
12 14 19
17 20 27
10 14 6
1 1 17
9 11 21
9 11 4
16 18 3
2 3 26
12 15 5
11 13 23
12 13 24
17 18 5
7 10 9
21 23 5
9 12 15
14 14 21
20 21 17
3 6 7
16 17 16
17 18 7
3 4 7
15 18 24
1 3 6
8 11 3
17 17 26
11 15 19
7 10 22
19 0 18
7 8 10
16 18 11
17 18 17
15 18 11
13 16 7
2 4 10
3 5 11
6 6 29
3 5 29
17 19 7
0 2 2
2 5 22
13 15 13
15 16 21
7 9 21
6 8 22
2 4 18
11 14 19
12 16 19
0 2 29
9 10 1
10 13 22
22 1 16
20 21 30
17 19 8
19 22 22
23 1 28
3 6 12
22 1 30
4 5 22
11 13 14
12 14 22
7 10 27
22 23 19
3 6 12
12 13 23
13 15 24
14 16 1
8 10 1
19 22 22
18 19 1
9 11 6
22 0 22
16 20 19
10 11 27
7 11 24
21 0 22
20 23 11
9 9 12
0 2 18
15 17 4
22 1 6
23 3 8
15 16 18
3 5 6
13 15 19
23 1 17
9 11 17
23 1 1
2 5 1
7 11 22
5 7 28
14 16 12
9 12 22
11 11 27
3 4 26
16 18 21
5 8 27
11 12 20
7 7 16
19 22 24
4 6 16
7 9 23
2 5 27
18 19 11
13 15 18
4 6 22
17 20 20
10 12 28
23 1 24
15 17 24
2 4 11
10 14 18
9 12 11
3 8 24
8 12 3
23 0 16
9 11 8
14 16 26
17 19 28
19 22 27
16 18 18
2 4 20
7 10 25
21 23 30
23 23 14
7 8 4
9 13 12
3 4 25
15 17 22
14 15 1
15 16 1
16 19 2
22 0 8
10 11 5
19 21 21
20 23 7
21 22 28
2 4 22
7 9 26
1 4 2
23 23 13
3 4 5
13 14 7
13 15 26
1 4 24
11 12 28
2 4 6
16 18 30
12 15 9
9 11 6
12 13 9
7 8 16
9 11 11
2 4 9
3 4 17
18 18 21
1 3 4
18 18 18
10 12 21
10 12 4
23 2 7
0 2 27
23 23 13
11 12 20
1 2 5
7 9 23
16 18 14
8 9 1
7 10 25
23 1 15
10 12 6
20 21 1
1 1 20
23 23 2
19 21 7
0 2 28
15 16 1
19 21 4
3 5 26
17 19 12
13 13 6
12 14 3
11 14 23
6 6 15
11 13 25
21 1 20
3 5 29
9 11 8
14 15 10
20 1 12
17 19 25
20 22 24
5 6 26
13 15 12
2 3 22
7 9 13
3 6 13
0 2 7
2 3 7
10 13 5
13 15 29
19 22 24
17 20 11
17 18 13
1 1 17
8 10 27
15 16 2
12 14 2
17 20 6
15 17 16
12 16 5
15 17 28
15 16 3
8 12 1
3 4 12
18 20 26
17 20 21
18 22 30
0 3 19
22 23 28
23 1 16
5 7 1
9 11 14
16 19 24
3 7 19
15 17 2
2 5 10
6 8 3
9 13 4
17 19 28
9 10 19
17 19 15
6 7 29
7 9 23
0 2 2
15 18 13
10 10 26
6 8 1
19 19 19
19 22 19
17 20 10
8 10 14
4 6 17
12 14 26
21 0 20
8 11 16
16 18 1
13 15 30
3 4 21
6 9 19
20 21 21
7 9 30
22 23 14
8 10 9
22 0 25
8 9 2
5 8 3
1 1 5
9 11 29
14 16 5
9 11 11
2 5 5
18 17 5
14 16 6
18 20 6
21 2 3
7 9 24
19 22 4
15 17 20
17 19 28
23 3 11
23 2 6
17 20 8
13 14 3
17 20 1
20 21 17
14 16 11
4 6 17
7 9 11
21 23 16
3 6 16
18 20 27
0 3 29
3 6 28
4 5 10
5 8 2
7 8 14
2 3 9
3 4 2
23 0 26
18 22 25
14 16 3
8 10 20
5 6 3
11 14 8
19 21 23
23 1 19
16 17 10
13 16 3
12 14 14
23 2 25
4 6 25
2 3 14
0 3 12
18 20 9
5 6 9
0 2 14
11 13 30
19 22 9
19 22 19
4 7 20
23 0 18
18 19 30
5 8 14
6 8 21
7 11 2
9 11 3
19 21 17
5 7 27
1 4 16
22 23 14
3 5 21
14 14 24
2 4 26
8 10 22
13 16 9
11 13 8
20 20 6
6 9 3
0 2 22
7 9 14
4 6 30
10 11 21
10 11 29
2 4 7
16 17 14
0 3 11
14 15 27
10 13 1
12 13 8
8 11 2
11 13 28
19 22 10
0 1 25
2 4 13
12 13 8
17 17 3
17 19 20
20 22 5
11 13 13
6 9 25
1 4 9
15 16 29
8 10 2
23 23 13
15 18 24
3 6 8
9 11 21
12 15 20
1 2 5
4 5 12
12 13 14
12 13 18
7 9 2
1 3 16
20 23 22
2 3 16
1 2 26
15 15 10
20 22 7
5 7 26
20 23 29
19 22 20
8 11 23
22 1 25
21 22 25
0 3 15
20 22 11
10 13 2
10 13 14
7 9 18
8 9 7
13 16 22
13 17 3
12 15 24
18 20 2
2 4 28
1 3 21
12 14 16
6 8 3
2 4 25
12 15 19
17 18 10
5 7 9
18 19 4
1 3 16
19 22 13
8 10 10
14 14 29
1 3 21
13 17 7
17 21 4
17 18 20
11 13 27
19 20 7
16 19 30
11 14 1
23 2 24
10 13 1
0 2 15
15 19 8
4 5 9
18 17 15
11 14 5
0 4 20
13 15 2
5 9 27
4 4 22
8 11 13
8 12 10
14 15 15
1 3 8
17 19 22
3 4 8
14 17 9
12 11 3
18 20 7
5 7 18
22 0 8
23 1 21
14 17 9
15 17 9
21 1 5
17 20 12
6 8 7
0 2 13
17 19 10
14 16 9
0 2 18
22 0 13
22 22 15
19 21 10
3 4 1
1 3 29
23 2 17
0 1 27
18 19 19
4 7 3
23 2 22
17 19 3
13 15 6
9 10 17
11 14 6
7 9 4
15 16 15
3 6 8
9 12 14
23 1 10
17 20 30
0 1 11
13 15 9
18 21 15
12 14 2
15 17 16
23 1 12
8 11 24
18 19 7
3 7 17
23 0 18
1 1 19
13 18 17
0 0 4
18 21 17
7 9 24
23 0 22
9 12 12
11 13 29
13 15 23
18 21 14
15 16 14
19 19 29
23 1 26
10 12 9
15 18 6
11 13 30
19 23 6
0 2 1
16 17 3
22 23 11
17 18 11
15 18 15
15 18 14
21 23 17
14 17 9
20 23 17
23 1 6
23 1 6
9 12 21
2 5 20
20 21 15
14 16 3
23 3 15
16 18 2
20 22 12
2 5 2
19 21 6
10 14 25
2 5 28
1 3 10
13 15 9
16 18 21
14 16 7
6 8 14
3 7 26
9 12 30
2 3 5
10 13 12
1 3 17
3 5 13
21 22 12
23 0 18
0 3 9
3 6 30
14 15 12
7 9 13
18 19 23
11 14 15
6 8 11
22 23 18
18 20 23
6 9 12
20 22 29
22 0 30
17 19 27
19 20 1
3 8 14
9 11 17
7 10 14
2 3 10
1 2 11
20 22 25
14 15 26
23 1 10
20 21 2
18 18 6
17 20 6
5 8 25
11 14 28
4 5 18
5 9 15
15 19 26
8 10 20
8 10 27
17 19 23
10 12 20
5 8 11
4 6 19
8 8 4
12 14 19
22 0 16
1 2 13
2 4 29
10 13 7
9 10 12
8 10 6
16 17 15
8 10 10
12 14 8
21 0 9
10 13 11
12 15 14
19 21 9
20 23 16
19 21 18
9 12 11
8 11 2
0 1 11
21 23 26
21 23 18
2 4 30
21 22 14
6 7 23
16 17 21
15 17 29
8 9 8
2 2 14
6 8 23
13 15 6
1 3 30
23 1 7
15 17 2
6 8 24
6 9 5
8 10 13
3 6 24
19 22 10
22 0 19
11 12 20
10 12 24
18 20 19
7 8 29
3 5 12
0 1 5
10 13 6
19 20 23
2 5 11
11 13 26
4 6 4
1 2 17
6 7 5
13 14 19
11 14 4
17 18 6
20 22 19
4 6 9
16 17 26
17 19 24
21 0 10
15 18 12
4 8 17
8 11 30
13 17 18
10 12 10
8 10 28
4 6 5
8 10 30
15 17 7
13 15 25
2 4 14
6 9 7
4 8 2
1 3 11
11 13 20
20 23 15
9 10 14
0 1 4
5 9 5
3 6 18
19 20 25
15 17 23
10 13 1
12 15 12
17 19 18
5 7 24
18 20 29
7 7 30
8 9 9
19 20 24
5 8 13
3 6 21
18 19 28
18 22 26
13 15 2
10 12 28
19 20 24
2 4 5
17 20 30
5 6 28
0 2 17
21 23 3
21 23 25
18 20 22
7 7 9
8 8 4
20 21 24
14 17 14
19 21 20
20 23 2
5 9 29
20 20 11
8 9 16
10 11 9
18 21 1
21 23 24
1 4 29
4 4 18
0 1 15
6 7 4
14 17 8
0 1 9
15 17 27
4 5 9
11 11 14
8 9 11
22 1 27
7 7 10
21 0 9
17 20 21
13 15 16
9 10 14
19 22 10
18 19 3
18 21 5
22 22 12
17 19 15
0 4 23
17 21 15
15 17 22
17 19 30
18 21 1
22 3 17
7 8 7
10 13 20
8 11 24
23 1 29
15 15 1
3 7 30
19 20 10
19 22 24
14 15 15
1 4 19
10 13 4
21 23 10
1 5 20
0 3 12
15 16 2
14 16 11
5 6 24
1 4 13
16 19 30
1 4 14
18 19 16
6 8 21
13 15 2
10 13 14
19 20 12
6 9 19
0 2 9
21 0 5
15 17 14
19 20 18
22 23 8
7 8 17
11 12 30
0 1 18
6 9 5
19 21 9
7 8 18
4 6 27
13 17 6
14 17 4
15 18 7
18 21 2
16 19 29
0 1 22
1 2 23
18 19 23
17 18 9
2 3 8
17 19 30
17 19 13
11 12 6
15 16 26
7 8 10
7 10 17
21 0 21
5 6 5
10 13 23
21 21 28
14 14 16
12 12 6
20 22 30
12 13 20
14 15 4
5 5 9
11 12 16
13 15 20
14 16 26
20 22 29
18 20 25
7 9 3
0 2 12
8 9 5
18 19 19
14 16 1
2 2 3
14 15 29
23 1 13
2 4 30
5 7 24
23 0 24
2 4 16
11 12 19
6 7 1
18 20 10
8 10 5
7 9 21
12 16 19
11 13 24
11 14 13
22 23 28
1 2 24
13 17 19
0 2 8
4 7 17
0 3 13
9 11 17
12 15 1
6 9 19
13 16 2
11 14 19
15 17 19
20 22 28
21 0 2
18 22 8
15 19 20
3 4 18
5 6 16
7 8 24
18 22 7
7 10 21
19 21 24
23 2 26
20 21 6
0 3 30
5 8 12
8 10 11
10 11 8
11 15 17
20 22 16
4 6 25
20 22 27
23 0 23
3 5 11
5 7 4
0 1 1
15 15 24
11 13 12
15 18 3
20 20 13
0 4 19
12 12 30
6 7 29
12 16 21
18 20 16
18 21 23
2 4 28
1 3 18
3 5 2
22 0 26
4 6 21
1 4 4
19 21 11
0 1 29
14 16 6
2 6 10
0 2 23
19 22 1
8 9 18
8 9 5
9 9 14
4 6 4
2 6 8
19 20 23
19 21 29
16 19 20
10 11 22
7 10 26
16 19 30
3 6 16
14 14 10
11 13 12
6 8 28
2 4 24
18 20 12
19 23 10
9 11 18
17 21 11
8 10 20
21 22 6
9 10 23
0 1 4
5 7 18
20 22 14
5 9 5
10 12 1
18 19 23
5 5 25
1 2 11
14 16 17
12 15 25
14 15 13
21 22 27
5 7 16
15 17 1
8 10 3
21 23 25
16 19 13
10 14 26
22 1 5
1 3 26
23 1 23
20 23 25
1 2 26
4 4 14
8 10 14
5 9 10
2 3 10
6 9 1
20 22 22
23 1 11
5 9 18
16 18 29
17 17 18
2 4 9
10 13 15
8 10 11
6 7 17
11 13 17
15 18 10
14 16 7
18 20 4
2 5 19
4 6 4
2 4 18
10 13 16
8 10 24
22 0 4
4 5 11
10 12 23
22 22 30
4 5 20
15 18 27
15 16 7
1 3 23
9 11 8
20 22 3
16 19 21
19 20 21
12 14 29
13 15 19
14 16 28
2 3 21
11 12 2
20 21 6
13 14 14
0 2 5
11 11 28
7 10 27
8 11 4
9 12 2
8 10 3
2 2 24
13 16 11
19 22 30
5 7 11
11 14 29
0 2 13
15 17 14
12 14 7
1 3 12
10 12 12
19 23 30
19 18 22
4 5 7
6 8 5
7 9 13
12 13 6
2 4 24
6 10 12
8 11 18
1 3 29
18 19 29
18 20 4
3 5 19
16 19 1
2 5 14
13 16 13
2 3 20
9 14 7
7 7 15
1 2 21
20 21 27
6 8 20
21 0 20
10 12 13
4 5 3
21 23 30
17 19 14
11 13 22
17 19 19
22 1 9
17 20 22
4 6 16
17 18 2
18 18 6
21 0 30
10 11 13
14 16 14
0 1 8
10 12 22
5 8 9
14 17 27
7 8 9
13 15 8
5 8 24
1 4 27
4 6 3
10 12 23
12 14 24
11 14 13
5 7 30
20 20 7
16 17 30
11 14 26
0 3 22
6 7 15
10 10 2
21 21 5
19 18 15
17 18 15
18 19 27
13 14 2
6 10 28
17 18 28
20 23 23
4 7 8
17 18 11
1 2 4
17 19 3
12 15 15
17 20 18
16 20 1
5 6 1
19 20 12
1 3 3
8 10 1
9 13 21
5 6 6
21 22 19
11 11 14
16 20 2
16 18 23
13 16 2
9 12 19
11 13 18
5 7 12
13 16 14
11 13 25
3 5 17
9 13 1
10 13 10
6 9 8
2 4 28
14 16 21
20 22 15
16 17 13
19 21 26
14 16 12
1 2 12
17 19 1
18 19 14
15 19 28
13 15 29
13 14 11
5 7 29
2 3 1
9 12 12
7 8 21
21 22 16
19 21 24
16 19 3
0 1 20
8 11 1
9 11 27
8 10 16
2 2 10
13 15 29
18 20 23
19 20 3
17 19 19
11 13 29
1 2 4
17 19 27
12 13 12
0 2 17
14 17 17
17 19 5
9 11 24
22 1 28
1 4 15
15 15 25
5 8 11
12 14 18
23 1 4
17 18 4
19 19 21
10 12 6
7 10 23
3 5 30
19 22 10
16 18 1
11 13 27
7 9 24
16 17 6
20 23 26
11 13 6
4 6 21
9 11 2
20 21 2
20 22 3
12 15 14
14 16 2
21 22 11
2 4 14
16 20 27
3 5 4
5 6 24
14 17 9
8 10 29
1 4 25
21 22 7
6 7 22
8 10 20
10 11 19
17 18 27
17 20 22
2 6 23
4 5 15
11 12 1
22 1 29
18 18 10
3 5 3
0 1 16
2 4 12
14 17 30
8 10 21
6 6 25
13 14 16
11 13 3
8 10 1
4 7 21
23 1 13
5 6 10
0 2 23
20 22 8
2 6 27
15 16 10
0 0 9
8 8 19
10 12 15
21 0 23
2 5 12
8 12 7
3 5 28
13 15 25
14 16 20
5 7 1
15 18 18
20 23 25
5 8 28
11 12 24
11 14 15
7 8 27
19 21 24
23 0 1
9 9 27
22 23 16
5 7 22
14 16 18
12 14 1
5 8 18
15 16 9
2 5 20
4 6 29
12 13 19
19 21 25
1 5 7
1 1 8
20 23 20
8 10 15
12 13 27
14 16 19
0 -1 10
15 19 19
8 11 12
17 20 10
3 6 2
6 9 5
11 12 12
17 21 25
10 13 18
0 3 9
9 11 23
19 19 9
0 2 23
3 6 10
4 7 25
9 11 24
19 20 12
10 12 21
19 20 18
18 20 2
17 18 29
16 18 16
9 12 26
20 23 30
7 8 8
21 22 13
17 18 16
9 12 23
8 10 13
0 1 23
20 23 11
21 1 24
5 7 30
20 22 1
15 18 24
21 23 27
0 0 19
2 4 16
12 13 22
6 7 2
16 17 17
11 14 6
3 4 13
20 23 15
0 2 27
9 7 19
3 5 7
0 2 21
16 18 30
4 6 8
17 18 22
23 0 13
16 18 5
18 20 12
0 3 29
19 20 13
21 23 2
15 16 30
21 22 15
12 15 30
22 23 26
11 12 28
15 18 12
7 10 1
4 5 3
6 8 25
23 1 5
0 2 19
5 7 6
12 13 18
9 11 2
5 8 15
2 3 9
23 2 5
18 19 8
7 7 17
11 14 12
5 6 15
5 7 11
21 23 17
4 7 2
17 19 1
12 15 25
23 1 2
14 16 23
18 20 4
6 8 23
17 22 21
4 6 23
18 18 28
1 4 20
5 7 16
12 14 7
5 8 23
16 18 28
5 8 7
6 9 22
1 4 15
6 8 22
18 21 13
18 20 28
8 9 9
3 5 28
16 19 19
1 4 30
10 11 15
5 7 4
3 3 27
3 4 25
11 13 16
5 6 15
8 9 2
8 10 17
3 4 5
22 23 28
19 20 9
21 23 27
2 4 24
23 2 11
22 0 3
18 21 22
2 6 25
3 3 5
22 0 3
16 18 30
20 21 9
8 10 23
18 21 14
0 2 14
21 22 14
23 0 18
12 15 3
19 19 1
23 0 2
14 17 22
14 17 15
23 1 20
22 23 21
1 3 11
9 11 24
19 21 19
23 0 20
10 13 17
8 9 6
22 22 6
4 5 23
2 5 26
0 2 29
22 23 22
4 5 7
23 0 23
12 15 23
16 18 14
0 2 12
1 6 16
1 1 30
11 12 4
3 5 11
17 19 11
6 7 5
0 3 17
16 19 11
9 10 5
20 22 9
0 1 5
4 6 12
11 13 13
16 19 22
15 17 27
7 8 18
21 22 10
3 7 22
11 13 4
1 2 10
19 22 1
17 19 27
12 15 6
8 11 23
1 3 8
14 17 15
2 3 23
7 8 24
3 5 28
12 16 23
16 19 30
7 9 8
10 11 14
12 12 3
12 13 25
17 19 27
16 18 5
10 13 15
5 6 12
12 14 24
15 18 12
2 4 12
4 4 28
11 15 28
6 6 21
13 15 24
17 22 8
22 23 24
9 11 20
10 12 20
23 0 29
19 22 30
18 21 17
20 0 30
7 11 26
7 10 15
12 14 10
4 6 24
3 5 6
5 7 12
6 8 28
13 15 6
4 6 22
17 19 11
10 13 26
0 2 14
23 3 2
15 16 12
17 19 8
10 11 29
6 7 19
19 20 26
5 5 22
13 15 21
3 5 27
12 13 28
9 10 8
18 21 18
22 0 4
0 3 25
18 18 10
5 7 22
5 7 15
17 21 25
21 22 14
0 1 3
19 21 4
23 1 21
5 8 17
9 11 15
22 22 16
22 21 2
14 15 10
8 10 17
20 22 30
15 18 19
22 2 17
19 20 13
1 4 3
8 12 24
1 4 24
10 12 27
12 14 18
12 13 5
16 16 19
23 1 9
13 17 9
14 14 8
17 20 26
17 19 6
16 15 11
8 8 12
21 22 11
17 19 4
8 10 20
13 13 3
0 2 17
3 7 3
21 1 2
11 15 9
7 10 27
4 5 26
20 22 14
4 6 6
12 15 3
2 5 25
18 20 19
21 22 2
12 14 11
0 1 28
2 3 26
0 1 11
0 2 13
9 11 21
6 8 29
16 18 6
23 0 24
22 0 8
20 22 22
15 14 11
10 11 19
4 7 3
0 0 24
20 21 10
16 20 14
22 1 23
16 18 10
3 6 5
10 12 8
17 17 26
16 17 12
5 6 2
23 1 1
9 10 6
22 0 12
6 7 18
3 6 17
5 5 15
20 22 10
10 13 24
3 5 4
16 17 5
10 12 23
15 16 13
1 0 3
18 19 17
13 15 22
3 5 16
7 8 17
8 10 30
16 19 8
14 15 30
3 3 4
0 2 30
16 16 5
16 18 18
1 3 15
1 5 9
9 11 11
20 22 17
17 20 5
14 15 21
12 12 17
20 22 16
6 8 26
8 11 1
8 10 18
7 10 7
15 16 26
15 14 18
1 1 30
15 18 10
20 22 10
16 20 27
8 10 1
3 5 22
8 9 14
3 3 29
10 12 23
23 1 2
12 14 11
2 5 5
9 12 27
20 21 22
17 19 1
10 13 15
18 19 2
1 3 21
11 11 6
14 18 29
19 22 9
13 16 13
15 17 9
7 9 12
0 2 16
1 4 30
10 12 5
13 16 16
13 15 28
3 6 28
11 13 28
20 22 22
2 5 22
3 5 7
10 14 9
14 15 15
14 15 11
9 11 16
1 5 8
16 18 15
4 7 27
10 12 25
21 22 23
14 18 28
14 16 9
16 19 4
18 20 2
13 14 30
13 16 15
10 11 30
7 9 3
5 8 20
18 20 20
20 23 6
4 5 29
4 5 30
12 14 5
23 1 15
9 10 3
19 22 26
8 11 13
15 19 16
5 7 13
0 3 24
14 16 17
22 1 7
10 12 21
20 23 6
1 3 30
11 13 13
0 0 30
2 2 18
16 18 30
16 18 25
15 17 2
3 6 3
17 17 19
8 10 3
15 16 2
3 6 17
6 9 19
17 19 5
20 21 1
23 23 9
15 17 23
8 8 12
16 20 8
14 17 11
8 9 30
4 7 23
21 23 24
17 19 13
22 1 1
10 10 6
3 5 27
23 0 23
9 12 3
22 23 3
20 0 11
21 23 6
18 20 9
21 22 26
7 9 9
1 3 8
2 4 10
6 7 21
4 6 2
1 2 7
7 10 12
19 21 14
22 23 22
0 4 20
11 12 21
5 8 14
2 4 27
12 14 30
1 3 22
5 5 2
6 9 10
13 17 25
18 20 7
13 15 3
8 11 25
14 16 1
12 14 28
16 17 11
5 8 29
12 13 4
3 6 8
8 11 18
2 4 9
10 14 6
2 5 21
13 15 5
10 12 2
4 9 28
19 20 22
10 13 18
10 12 18
8 10 22
11 13 23
0 4 11
13 16 15
19 21 26
6 10 24
14 16 10
13 15 24
5 7 5
14 17 22
22 1 24
23 0 24
8 8 15
22 1 25
18 20 20
2 3 27
19 21 3
7 8 20
3 5 22
14 17 3
9 12 23
11 14 27
17 19 15
19 22 26
17 20 17
16 18 30
4 4 7
21 2 30
12 13 25
13 14 3
3 3 13
19 23 23
20 21 11
8 9 12
3 6 11
10 11 10
6 8 28
13 16 16
7 9 26
23 1 30
15 17 17
4 5 4
17 19 8
5 6 10
15 17 9
3 4 20
8 11 21
6 7 13
20 21 25
16 18 26
12 13 19
2 3 1
22 0 12
12 13 14
21 1 3
2 3 27
11 12 25
14 15 25
9 10 20
4 7 26
2 4 12
22 0 4
12 13 29
18 21 4
16 18 28
23 0 29
2 5 9
14 14 8
12 13 26
14 16 1
4 7 11
12 15 8
16 17 9
19 22 6
19 19 11
22 0 30
20 22 28
8 11 6
23 1 25
19 20 10
20 22 9
0 0 9
20 23 5
9 11 1
4 5 4
10 10 2
14 17 23
12 13 10
8 9 25
8 11 25
4 6 26
5 8 11
13 15 6
1 2 12
4 7 20
21 23 8
3 5 2
16 18 18
20 22 23
2 3 14
4 7 11
23 3 19
6 9 23
8 11 4
12 13 28
13 14 9
1 3 12
23 1 11
20 22 24
4 5 15
18 20 2
10 11 13
1 3 29
10 11 30
3 5 15
9 11 7
9 11 18
13 14 5
15 16 19
19 22 6
10 12 20
3 4 25
17 20 8
7 8 24
8 9 23
20 21 15
22 1 23
22 23 2
9 10 4
16 18 1
9 11 26
15 17 16
21 0 29
18 20 5
7 9 3
13 17 2
8 10 29
1 3 18
15 16 19
3 5 6
9 12 18
23 2 21
10 12 3
22 22 13
18 19 28
11 14 17
4 6 13
3 6 2
13 15 13
4 6 19
13 17 13
14 16 14
1 3 9
1 3 11
21 23 15
14 14 7
12 14 29
4 7 29
21 23 22
5 6 11
3 6 14
11 14 20
20 23 22
18 18 14
16 18 27
1 1 1
17 20 14
13 15 9
5 9 28
1 5 20
10 12 15
9 12 6
2 3 12
7 9 2
5 7 22
2 5 28
7 9 15
8 10 1
10 13 18
19 20 19
20 0 27
17 18 4
22 1 13
19 20 22
22 1 29
7 9 8
1 3 26
6 9 27
10 12 15
3 6 4
0 0 15
10 12 4
17 19 8
9 12 7
14 17 6
20 22 24
2 3 5
22 23 17
12 14 7
11 13 29
0 4 16
6 8 10
23 2 16
13 15 20
23 0 7
6 7 16
20 23 21
5 7 23
9 11 14
5 8 13
9 11 2
20 22 10
7 11 2
18 20 14
2 5 7
0 2 23
8 10 3
10 13 3
13 15 28
16 18 16
6 9 12
10 10 11
4 7 10
9 12 1
16 17 29
3 7 27
21 22 2
1 4 17
15 18 4
23 1 20
4 5 15
6 9 21
8 10 17
19 21 4
15 16 15
20 22 28
16 18 16
22 23 22
9 9 28
16 18 11
14 15 30
12 13 2
9 10 14
11 11 1
0 2 26
15 17 3
19 21 27
14 16 7
4 6 1
11 13 5
5 8 15
2 5 20
23 2 9
21 0 22
18 20 5
10 13 7
2 3 7
14 15 7
17 20 11
1 2 28
11 14 9
20 0 8
8 10 23
13 16 14
17 19 24
19 21 20
16 18 10
4 6 22
15 16 24
12 13 5
9 10 17
21 23 19
9 11 24
4 7 4
9 11 15
19 21 7
22 1 8
5 5 13
2 4 21
10 12 25
23 0 26
17 19 7
1 5 22
13 14 25
3 6 19
23 2 15
15 15 4
19 21 21
22 2 20
14 16 17
14 16 21
17 18 29
12 16 26
18 20 1
11 13 30
18 21 14
21 22 22
21 23 17
2 5 23
16 17 5
16 17 27
12 15 18
4 6 14
17 19 24
16 19 25
21 0 8
19 20 28
10 13 1
0 3 27
23 0 25
19 20 12
11 12 1
12 13 29
13 16 20
21 22 11
9 12 19
1 2 29
18 20 7
7 7 21
4 6 21
18 21 15
7 7 30
9 12 24
16 19 17
23 2 5
10 11 8
21 23 19
7 9 7
4 6 30
0 3 18
16 20 9
18 20 29
5 6 17
3 5 19
18 20 16
15 17 13
0 4 19
0 1 23
16 17 11
2 4 26
21 23 20
12 16 14
22 1 30
23 1 3
20 22 2
21 22 20
7 10 7
23 1 3
20 21 21
4 6 9
14 16 15
3 4 15
3 5 3
15 16 14
19 21 30
22 0 11
1 3 30
4 7 30
22 0 24
0 1 15
19 22 7
7 9 6
18 20 10
22 23 28
6 7 1
22 1 14
4 4 23
10 13 6
11 14 16
9 12 13
3 5 23
13 17 28
14 16 20
11 14 24
16 18 25
10 12 2
15 18 13
14 14 25
1 1 17
9 9 5
12 14 18
15 18 28
17 19 12
19 22 27
19 21 12
14 15 17
0 2 4
10 12 12
8 10 27
14 17 28
21 23 24
21 22 18
8 10 27
0 1 4
1 3 7
8 9 23
2 5 13
23 2 20
20 19 24
1 3 27
11 13 13
8 10 25
2 4 18
19 20 5
19 21 25
3 5 27
1 4 16
22 2 11
8 10 22
17 20 30
15 19 11
22 0 29
2 4 14
17 18 3
5 8 6
0 2 12
14 16 22
22 0 20
18 19 27
11 13 15
21 23 5
1 2 5
8 11 3
2 4 26
0 1 16
10 13 27
6 7 27
15 17 2
20 21 3
20 23 21
0 3 7
13 15 12
5 7 13
9 12 26
12 13 25
10 12 15
23 1 29
3 5 26
10 11 1
22 1 4
17 20 28
11 11 29
5 7 25
22 0 20
6 7 19
7 9 24
12 14 18
16 17 13
17 20 11
0 2 3
11 15 13
7 8 30
12 15 30
4 8 10
21 23 5
5 7 22
8 10 19
22 1 21
13 16 20
4 8 9
23 3 1
19 22 22
23 1 13
9 11 17
8 9 27
8 9 5
4 6 21
18 19 16
2 5 9
11 11 1
14 16 26
21 1 12
8 7 5
13 15 22
18 22 7
10 12 8
8 9 7
19 22 9
18 19 1
6 7 5
0 1 18
12 17 30
12 14 7
6 8 14
7 10 8
16 20 18
21 22 16
3 6 20
7 8 10
21 22 18
4 5 20
17 19 24
22 0 16
9 11 6
14 17 7
22 0 17
1 2 18
18 20 30
1 4 3
17 21 26
11 14 18
14 14 27
1 5 26
9 11 18
6 7 22
17 18 26
6 8 2
12 14 17
19 20 20
22 22 23
4 4 23
18 20 8
3 5 18
11 11 17
20 22 2
10 12 30
11 13 7
4 6 12
11 13 20
2 4 7
9 11 11
11 12 3
13 15 12
9 11 25
21 23 8
8 9 16
23 2 29
20 20 5
14 15 27
16 16 4
10 11 6
14 16 26
9 10 2
12 13 10
17 20 8
17 20 6
3 7 23
17 18 20
22 1 1
9 12 24
21 0 20
17 20 11
18 20 25
13 16 23
4 5 19
19 21 8
22 23 29
6 8 8
22 0 3
0 1 12
2 4 2
13 15 6
7 9 11
10 14 28
18 19 6
6 8 12
19 20 15
6 8 10
0 2 27
3 6 8
3 6 28
16 15 2
0 2 6
11 10 11
4 6 29
22 1 23
5 6 10
5 6 26
2 3 14
1 2 28
7 9 21
1 2 18
5 7 2
6 7 29
13 15 30
6 9 11
10 13 25
5 8 4
7 8 4
0 2 29
17 19 7
11 11 22
17 17 21
12 14 30
18 21 8
3 6 24
13 17 4
15 17 25
6 7 18
12 15 6
19 19 12
0 2 22
1 3 16
21 22 19
19 21 14
0 3 9
4 7 30
4 6 7
5 9 16
23 3 12
23 1 20
18 19 2
1 1 27
9 10 12
14 16 26
17 19 1
9 12 24
11 14 4
0 1 16
17 20 27
17 18 30
5 8 20
0 2 14
8 9 22
18 19 1
16 18 25
19 21 19
2 4 22
23 0 6
2 3 2
1 1 17
8 10 18
18 21 5
11 12 28
6 10 6
13 15 15
11 12 8
10 12 28
8 9 29
14 16 14
0 2 17
6 7 1
18 20 15
1 5 9
20 23 5
6 9 27
17 18 13
10 11 12
20 23 27
15 16 27
0 0 29
15 17 2
5 8 23
9 11 24
20 20 14
19 0 3
19 20 24
8 11 6
10 12 26
23 2 22
8 9 14
16 18 9
10 11 25
20 22 12
6 9 19
21 22 21
8 11 22
1 3 14
10 12 25
6 9 18
13 16 29
21 22 27
14 16 20
1 2 23
18 20 6
9 12 2
2 3 3
5 8 29
16 18 19
6 8 23
18 19 12
14 14 26
23 0 9
4 6 24
1 3 9
19 22 22
5 7 21
22 0 13
18 18 6
7 9 6
13 14 19
14 16 23
1 2 3
5 6 30
10 11 8
16 17 10
2 4 7
3 3 8
5 7 3
4 5 22
0 3 27
16 20 22
19 21 4
16 17 7
7 10 30
14 16 2
14 16 9
15 18 25
21 22 9
22 0 30
19 21 11
1 5 11
11 13 16
13 16 20
20 23 18
5 9 26
12 14 5
9 9 15
19 21 11
18 20 18
16 17 18
19 20 6
12 14 2
10 12 14
20 23 2
17 18 6
14 16 18
8 9 2
16 18 27
15 17 29
3 6 29
22 2 2
7 10 19
8 9 16
2 5 29
20 22 3
15 16 15
12 15 9
12 15 9
9 11 8
20 20 5
5 8 8
20 22 1
5 7 17
14 16 28
2 3 9
8 10 10
10 13 3
6 8 18
10 14 5
23 1 15
9 13 30
6 7 4
21 21 17
3 6 6
12 13 24
13 15 20
5 6 26
15 18 2
0 0 15
8 9 15
13 14 3
17 19 14
8 9 29
9 11 6
11 13 30
13 15 22
16 18 13
12 15 2
22 23 1
18 21 19
20 23 25
2 5 30
7 10 25
16 18 24
12 15 21
8 11 20
12 14 12
4 6 5
13 15 17
15 16 5
3 6 8
4 6 25
17 18 9
1 1 12
16 18 6
15 17 30
21 23 3
18 22 8
14 15 22
18 21 1
16 17 29
0 2 16
7 10 29
5 8 21
9 13 24
13 16 9
2 4 26
10 12 28
