2600 30
27 22 29 12 16 30 8 1 23 27 9 3 21 7 12 30 11 23 18 18 9 17 17 27 4 20 29 17 2 19 
0 2 3
21 22 15
17 19 11
15 15 28
10 11 15
9 11 19
11 14 15
7 9 27
13 15 9
15 17 17
21 23 28
11 14 25
7 8 5
6 7 24
19 21 20
10 11 4
9 13 16
2 3 15
21 21 3
21 0 2
19 21 16
21 23 13
18 19 22
20 22 14
9 12 28
7 8 29
23 2 24
4 6 22
22 0 10
19 21 8
13 13 2
18 20 11
1 2 19
15 15 26
4 6 6
17 20 17
5 7 27
5 7 7
13 16 11
13 15 23
4 4 19
1 4 20
17 20 8
22 0 27
10 12 22
6 9 4
0 2 24
19 21 9
9 12 11
19 20 5
15 18 15
21 0 11
12 13 2
18 20 28
11 15 29
4 5 5
18 20 25
2 2 23
7 9 24
13 14 23
2 4 17
22 1 20
13 17 18
18 20 28
17 18 17
18 20 23
5 7 19
4 8 1
6 9 21
17 19 15
21 0 30
5 7 22
21 23 24
11 13 11
12 14 7
17 17 21
14 18 1
4 6 22
18 20 27
23 0 20
15 16 2
2 3 26
8 9 4
16 17 25
21 23 26
5 7 10
8 11 7
0 1 18
15 16 7
14 14 25
7 9 26
4 6 29
21 22 11
6 9 30
17 20 28
16 18 1
11 13 24
12 14 21
7 8 22
7 8 23
20 22 29
7 9 9
13 15 5
13 15 13
4 6 7
23 2 1
12 15 21
2 3 6
22 22 20
0 2 7
17 17 16
18 21 22
7 7 25
10 14 14
8 10 8
8 11 26
7 10 17
17 19 16
8 11 24
17 17 12
19 21 15
2 4 10
8 10 7
13 16 28
2 6 27
19 21 25
5 6 17
13 14 7
11 15 26
6 8 15
4 7 30
22 22 8
7 9 1
16 19 15
1 4 8
13 16 3
19 23 21
8 12 30
9 10 8
16 18 15
8 9 11
8 9 29
18 20 27
4 8 3
0 3 22
21 22 16
0 3 8
17 18 21
20 21 28
19 20 15
19 23 6
22 0 21
13 16 23
23 1 23
18 21 16
12 15 4
13 14 15
8 10 4
9 11 12
17 19 18
7 9 28
9 11 2
7 7 10
0 1 3
7 7 11
1 5 6
19 21 12
7 9 12
9 10 9
10 11 24
6 10 22
3 5 26
21 1 24
17 18 2
19 22 8
15 16 3
20 22 6
10 11 29
13 15 20
16 20 2
7 11 20
1 3 5
16 19 26
18 21 1
20 22 13
9 12 10
11 13 22
15 17 3
22 1 6
3 6 17
3 5 27
16 18 7
6 8 25
13 15 14
0 3 25
15 19 12
21 22 12
10 12 4
13 16 12
0 3 12
20 21 5
13 16 16
13 12 12
20 20 9
3 6 22
14 15 8
2 5 12
0 2 26
7 10 9
15 17 20
14 16 24
0 0 29
0 2 3
7 8 13
18 20 4
21 22 24
8 10 18
5 6 2
14 17 30
10 11 7
16 17 19
4 5 27
22 1 1
2 4 5
23 1 17
9 10 5
14 15 25
0 2 16
6 7 19
17 20 22
14 15 23
2 4 4
5 8 26
2 3 22
11 14 13
11 13 23
4 7 2
13 15 19
12 13 26
7 9 15
21 23 16
3 4 8
1 3 18
17 18 30
7 10 23
17 19 13
21 22 12
17 19 28
20 21 2
11 14 3
21 1 7
9 10 12
8 10 28
7 8 6
2 5 28
18 20 3
16 18 2
1 1 22
2 3 19
13 14 11
13 13 1
8 10 4
17 20 7
7 8 7
6 7 27
13 15 10
9 12 17
18 20 1
19 22 29
10 11 29
0 3 29
3 5 20
23 2 14
18 20 17
14 15 9
21 0 12
7 10 9
12 13 1
14 15 21
8 9 3
16 20 27
15 18 4
5 7 6
4 5 1
4 5 8
22 23 19
22 22 23
13 15 23
12 15 27
17 19 4
5 7 17
17 18 3
0 3 28
5 8 18
0 3 17
3 5 22
17 19 17
19 20 19
4 6 13
3 5 29
16 18 20
22 23 19
0 1 3
6 7 3
14 15 8
2 4 11
10 14 21
7 10 25
17 20 7
20 22 7
4 5 10
13 15 2
22 22 24
18 21 17
23 3 24
12 12 8
3 2 24
13 14 28
11 12 14
19 22 18
14 18 6
6 8 29
4 7 19
15 15 26
2 6 27
18 20 28
21 0 4
17 19 13
10 12 6
16 17 21
13 16 13
7 10 17
15 15 30
16 19 26
23 0 11
2 1 15
22 0 15
23 0 8
23 1 15
17 18 17
11 11 15
3 4 7
4 5 13
22 0 11
21 0 26
22 3 28
10 12 5
22 0 12
18 19 26
9 12 9
9 11 17
3 7 19
15 16 26
22 0 5
7 10 26
9 12 17
21 23 25
8 10 29
17 20 26
11 13 6
19 21 3
10 11 26
7 10 17
15 18 22
15 18 23
14 17 29
21 23 5
4 6 25
15 18 18
20 23 19
12 13 22
12 12 23
17 19 13
5 6 22
13 15 26
20 21 17
21 23 15
14 17 23
0 2 15
3 5 18
23 2 6
14 15 27
4 6 24
23 23 1
0 3 29
12 14 11
20 22 18
16 17 4
10 11 15
19 22 2
18 21 16
6 9 15
22 0 2
14 18 12
18 19 27
15 16 27
1 4 6
8 10 20
5 7 6
16 19 26
2 6 10
1 2 29
20 22 15
4 6 14
7 8 6
0 2 27
4 5 11
14 17 22
9 10 18
11 13 23
17 18 19
2 3 19
17 21 12
6 10 20
8 10 23
18 20 10
11 11 18
5 8 16
23 1 5
18 20 21
21 21 12
22 2 25
16 18 11
15 18 24
23 0 30
11 14 12
19 20 20
21 20 2
20 22 21
6 8 16
22 2 10
11 11 10
4 6 10
10 12 28
18 20 23
22 0 26
16 16 19
2 3 6
4 4 19
4 7 16
15 18 26
19 21 28
16 20 24
3 4 8
8 11 2
1 3 28
18 20 22
17 19 2
1 5 21
20 22 9
1 1 16
22 22 18
13 16 12
20 22 20
20 21 25
17 20 7
8 10 15
0 1 13
23 2 6
9 11 25
21 22 19
11 11 25
6 7 19
17 20 16
15 18 14
5 6 28
15 17 19
20 22 12
17 20 26
13 15 29
14 15 29
16 17 2
9 11 12
22 23 22
17 21 24
6 8 8
13 15 11
18 21 11
23 0 18
0 0 8
3 7 20
0 2 26
17 21 18
23 1 10
8 8 4
1 3 27
2 4 22
1 4 15
16 19 23
18 20 28
3 4 30
6 8 14
22 0 28
12 15 30
20 22 27
16 17 18
16 17 22
14 15 24
19 22 5
2 4 21
0 1 6
19 23 23
4 6 17
9 10 19
9 10 24
19 21 25
0 1 1
1 4 1
15 16 17
12 13 8
0 2 24
1 3 9
18 20 5
10 12 22
0 2 7
22 1 6
20 21 17
19 21 6
5 7 6
7 9 21
4 6 15
22 1 14
5 8 21
2 3 10
21 22 12
21 22 23
7 9 27
2 3 22
19 23 1
6 7 23
0 2 30
6 9 25
1 3 19
17 20 4
3 5 10
19 19 5
12 15 15
15 19 10
3 6 5
11 13 23
23 2 1
20 23 3
1 2 14
17 20 12
21 22 8
18 20 26
8 12 13
11 13 14
14 16 6
13 16 6
4 6 20
4 5 21
22 0 6
7 9 27
10 12 30
3 6 2
6 10 4
18 19 26
10 11 14
8 10 29
0 2 16
3 7 20
9 9 25
9 11 9
18 20 8
10 13 16
21 22 29
9 9 21
20 22 22
21 22 4
5 8 7
10 14 23
7 9 27
17 19 15
14 16 9
11 12 7
2 3 20
16 17 24
4 6 2
1 3 26
8 10 24
9 11 17
5 7 5
11 13 2
16 19 18
3 6 26
0 1 1
13 14 6
10 12 5
20 0 3
22 0 28
1 3 23
2 5 29
15 18 25
18 21 4
2 3 9
13 14 17
21 23 13
15 17 4
16 17 6
3 5 23
10 11 9
2 5 6
2 3 17
5 7 12
2 4 3
1 5 1
11 12 6
3 3 3
8 10 28
12 13 28
1 3 27
10 13 8
12 14 17
11 13 30
18 19 27
13 14 28
12 15 7
19 22 29
22 0 2
9 11 23
12 11 6
1 1 26
15 16 28
0 2 4
11 13 23
0 2 13
8 10 20
3 6 7
12 15 6
2 5 22
6 8 21
0 3 17
17 19 3
7 10 10
21 23 16
19 22 5
3 4 11
7 9 1
10 11 8
21 23 18
12 13 15
3 4 26
4 6 29
14 14 27
23 1 23
20 22 26
11 14 18
0 2 5
16 18 20
6 6 24
7 8 22
18 20 25
1 3 9
10 12 8
16 19 7
15 17 30
3 5 7
5 8 16
8 9 12
15 18 19
22 0 20
12 14 15
20 22 3
11 14 3
13 14 27
6 8 5
15 16 12
8 12 25
5 7 22
14 17 6
2 2 9
10 12 5
3 5 27
0 3 14
23 1 10
13 15 25
13 17 6
18 19 17
15 18 8
17 19 28
22 23 5
5 7 27
17 19 15
22 1 24
13 15 28
10 11 14
7 9 8
9 10 8
5 6 6
16 21 13
4 6 30
22 0 22
3 6 23
14 17 2
18 20 4
7 11 20
12 13 21
2 3 14
0 2 15
19 19 24
12 13 25
12 13 4
20 22 12
9 9 16
22 23 11
13 15 17
13 15 16
0 1 22
16 16 17
5 6 8
22 0 8
14 17 10
14 16 9
9 11 21
20 22 11
9 11 4
7 7 1
14 15 30
15 18 2
16 18 4
0 3 6
4 6 16
10 11 7
3 6 14
18 19 30
20 21 4
3 5 8
17 19 12
5 6 5
14 16 29
17 19 15
6 7 22
11 13 17
3 5 3
0 2 13
5 5 15
19 21 17
1 3 6
13 16 30
13 15 27
13 15 20
3 7 14
9 11 14
3 5 19
8 10 16
11 13 5
2 4 3
0 2 10
5 9 10
14 14 12
23 2 26
18 19 15
4 6 8
22 22 1
1 1 12
6 9 15
23 2 25
13 14 25
16 20 12
12 14 8
20 21 14
3 5 20
5 6 18
13 16 3
1 2 13
18 20 26
6 6 30
19 21 12
16 17 24
23 1 26
19 22 7
18 20 8
20 21 21
21 23 14
7 9 20
18 19 15
13 16 6
13 14 6
20 21 26
2 4 30
9 10 26
4 7 15
10 12 8
6 7 15
11 14 22
12 14 10
6 9 2
16 17 7
1 2 6
3 5 21
12 14 8
18 21 21
1 3 28
5 8 11
11 13 10
1 2 1
14 14 15
18 21 28
4 7 19
15 17 25
16 17 23
5 7 1
18 21 16
18 21 1
14 16 30
20 21 22
4 6 15
19 23 22
17 21 6
19 22 5
8 11 24
18 18 30
15 16 23
14 17 16
3 4 5
0 3 10
6 7 8
21 23 3
11 14 7
21 23 9
4 5 24
19 20 7
17 17 12
0 1 26
7 10 10
22 0 27
9 11 11
7 8 16
20 23 24
18 22 22
5 6 28
19 20 29
16 19 25
13 14 6
15 19 1
2 5 10
2 3 7
18 21 19
5 7 26
17 19 25
7 11 2
4 7 9
13 15 22
20 22 8
19 21 25
22 0 6
19 19 29
11 15 24
11 14 24
21 23 7
10 12 10
2 4 6
8 9 6
1 3 27
23 1 5
12 15 26
22 0 17
21 23 20
9 11 19
15 19 4
1 3 20
20 22 11
4 6 16
3 6 11
7 9 4
16 19 4
1 3 10
5 6 27
9 12 1
3 6 17
11 13 9
0 1 3
10 13 3
1 2 3
12 13 11
21 23 19
3 3 6
1 5 28
2 3 6
2 3 9
17 20 28
5 7 28
22 1 20
14 14 2
4 6 19
9 12 5
18 21 10
9 11 23
16 17 23
9 11 5
16 18 16
22 23 9
15 16 12
21 23 12
18 19 11
10 13 30
10 12 25
23 3 29
7 11 22
8 9 24
18 18 17
11 12 26
13 14 16
17 20 11
18 21 12
14 17 28
9 12 27
12 15 23
6 8 24
12 14 15
19 21 22
12 13 18
2 3 28
16 18 11
4 6 27
11 15 1
20 21 9
14 18 16
7 8 9
3 8 24
0 0 4
12 14 20
19 19 21
7 8 12
15 19 6
11 13 26
3 3 29
23 2 2
12 15 14
14 16 22
13 14 19
18 22 24
13 14 11
4 8 23
14 15 21
9 13 20
22 1 14
7 9 3
0 0 25
13 17 29
15 15 12
23 0 28
13 14 4
18 19 1
22 23 4
4 6 25
17 19 25
6 8 6
7 10 22
20 20 5
6 8 12
13 16 8
13 14 24
2 3 8
22 23 27
22 1 2
23 3 21
3 6 15
18 20 3
15 16 5
2 3 26
1 4 14
5 7 4
10 16 12
19 19 11
9 9 8
9 10 6
0 3 22
9 13 14
7 10 30
1 4 15
9 12 21
18 21 2
7 10 23
21 0 23
20 23 15
4 6 1
1 3 14
8 8 20
1 2 1
17 21 5
15 16 4
3 6 5
5 8 11
2 5 20
4 6 2
20 22 26
2 4 29
17 16 8
20 23 8
11 14 17
10 12 3
23 1 25
0 4 16
14 16 6
2 4 3
2 4 30
18 20 27
8 9 7
14 15 30
9 11 16
11 15 21
9 11 19
0 2 16
8 10 24
18 21 15
13 15 23
3 4 16
23 2 12
22 23 1
8 9 12
11 15 9
15 17 23
4 6 28
17 19 8
23 2 23
21 23 1
22 1 29
5 7 12
10 14 16
7 11 28
12 13 19
15 18 19
17 18 9
6 8 8
1 3 3
6 8 29
18 18 20
3 4 14
21 23 19
4 4 6
23 1 14
19 21 4
2 5 6
17 19 8
0 0 19
5 8 28
10 11 22
15 17 29
5 6 24
21 23 27
8 10 30
1 4 23
0 1 22
15 17 26
9 9 26
15 17 9
22 0 20
13 15 19
16 16 5
8 10 24
22 1 4
23 1 9
8 9 9
4 7 21
18 21 28
20 21 22
17 19 6
1 3 24
19 20 16
0 1 6
14 16 4
7 9 27
4 7 17
13 14 2
23 0 4
2 4 23
21 23 4
16 18 18
5 6 19
10 12 27
3 6 29
15 17 15
11 13 4
3 5 29
5 8 5
3 6 14
8 11 22
1 4 22
9 11 6
23 1 30
14 16 13
4 8 28
14 15 26
1 3 18
20 20 28
4 5 23
21 23 28
12 14 18
20 23 27
13 15 16
17 17 6
9 12 29
1 3 20
1 3 10
1 3 11
11 15 1
7 9 8
3 5 7
8 10 24
6 8 14
16 18 14
1 3 3
13 16 14
22 0 26
3 5 26
14 16 16
14 15 22
18 21 6
17 19 16
18 20 20
22 0 18
13 16 29
5 7 24
16 19 26
22 23 23
10 9 20
22 0 20
2 5 2
0 1 18
16 19 27
16 18 3
5 8 19
23 1 9
6 10 6
18 21 21
9 12 3
0 2 4
6 9 18
18 22 22
13 13 11
2 3 24
14 16 19
8 8 14
23 0 11
20 21 1
9 10 20
16 19 17
11 11 5
16 17 16
9 12 1
13 14 19
20 22 16
22 0 13
11 14 10
8 11 16
19 21 18
20 21 15
14 16 21
14 17 15
2 4 24
19 22 9
19 21 22
17 18 4
3 5 21
23 0 12
9 11 14
1 2 1
4 5 16
8 9 5
14 16 29
9 11 7
20 23 15
20 22 28
5 6 1
1 3 18
5 9 5
8 10 4
8 11 8
22 1 29
15 16 7
16 19 3
11 12 7
13 14 17
8 12 12
14 16 28
5 7 24
20 22 28
19 20 22
1 3 25
22 23 8
21 23 13
17 19 29
18 20 8
3 4 29
15 17 28
12 15 15
6 9 11
5 7 30
17 19 2
11 13 20
22 0 30
23 2 19
12 14 16
1 1 16
22 23 13
17 18 25
3 4 28
5 8 6
2 4 22
9 12 15
9 12 6
22 1 23
6 5 1
14 15 18
0 0 12
1 3 24
18 20 27
11 13 12
4 7 28
3 5 30
18 21 10
5 7 24
18 21 2
21 0 10
22 22 25
9 9 10
6 8 7
9 10 5
13 14 17
23 1 1
10 12 8
12 14 6
15 16 19
15 16 4
13 15 15
2 3 30
15 17 25
7 9 1
3 5 19
13 15 15
5 7 16
3 5 27
7 10 15
13 14 4
19 20 27
6 7 14
21 22 2
15 17 25
23 22 10
18 18 30
19 21 17
11 13 17
6 8 17
18 20 26
2 2 13
14 17 25
23 3 20
18 18 17
0 1 10
22 23 25
9 10 7
21 22 5
17 19 5
11 13 5
12 15 7
6 10 11
10 12 16
13 14 18
18 19 5
5 7 21
17 19 12
21 0 3
18 21 10
6 8 16
22 1 8
23 1 3
20 0 19
23 2 23
23 4 28
20 21 8
16 17 8
4 5 20
1 4 30
8 9 19
9 11 24
22 0 26
11 14 23
20 23 9
9 9 15
4 6 23
6 8 4
22 1 24
1 2 29
9 10 2
22 23 15
6 7 9
5 7 27
21 23 7
19 19 3
4 6 4
16 19 26
0 2 28
14 16 21
10 11 7
1 5 26
23 1 19
10 11 16
20 23 25
12 14 20
21 22 20
3 5 23
23 2 6
2 4 6
13 14 15
20 21 14
19 20 21
20 23 12
23 2 9
7 8 10
13 15 21
20 22 11
13 13 30
16 17 12
20 0 27
13 17 7
17 20 16
7 9 27
22 1 17
4 5 6
3 4 30
5 8 22
8 10 13
10 12 12
23 1 1
5 8 6
8 9 6
13 16 26
10 13 6
0 2 23
22 2 23
8 11 29
15 17 11
16 19 29
23 1 30
12 15 7
10 12 13
22 22 4
8 10 22
15 18 1
0 0 13
8 10 22
18 18 10
17 19 28
7 9 19
14 16 30
19 21 5
13 17 22
8 7 7
7 9 23
4 7 11
7 9 14
16 17 13
11 11 2
17 19 26
17 18 22
20 23 9
6 8 9
8 11 3
7 7 14
0 1 23
2 5 9
3 6 7
22 22 13
1 2 9
23 1 11
12 15 15
4 7 1
2 3 12
6 8 22
20 23 12
13 16 21
7 9 9
19 20 12
11 12 19
14 15 4
8 12 15
6 9 15
12 14 22
0 1 6
22 0 4
18 20 13
16 16 11
20 23 20
11 13 2
12 14 19
23 3 20
9 10 11
1 1 4
9 12 19
23 2 10
19 21 1
21 22 22
11 13 2
17 16 28
5 8 19
0 4 3
8 9 24
2 6 4
6 7 15
23 1 24
19 21 16
5 8 10
6 8 7
19 21 3
15 18 4
7 9 14
1 3 4
8 10 9
17 19 6
4 4 11
14 15 25
5 6 16
11 13 11
10 12 5
20 22 1
9 12 30
0 2 24
10 11 9
10 10 28
0 2 8
16 16 22
9 12 29
22 23 19
8 10 28
16 17 11
16 18 8
8 9 1
13 14 16
15 18 12
7 10 1
16 18 12
5 8 18
5 7 3
12 15 30
8 10 2
13 15 13
20 22 21
4 6 21
3 6 5
20 23 2
7 9 13
4 6 13
8 10 6
17 18 16
0 1 8
20 23 1
16 20 22
7 10 19
0 2 9
12 14 12
22 0 22
13 16 8
9 11 28
22 2 17
14 15 13
5 6 8
8 10 1
0 2 4
4 6 24
20 21 1
15 18 24
19 20 26
14 15 20
6 8 14
15 20 5
13 13 23
17 18 29
8 11 7
9 10 27
8 10 10
23 0 12
0 1 12
16 18 3
14 17 30
4 6 20
23 1 7
19 23 24
7 8 27
12 15 27
8 9 19
3 5 27
10 11 1
13 14 16
18 19 20
1 3 28
22 0 17
15 18 7
2 3 8
12 14 24
2 4 23
11 13 19
19 20 12
9 10 27
14 17 4
1 3 7
14 16 5
1 4 30
13 17 14
4 7 26
16 20 14
19 21 5
3 6 2
18 19 14
13 13 6
23 23 19
22 0 20
6 8 16
22 1 4
18 19 24
19 22 13
2 4 28
13 15 16
0 3 11
7 8 8
22 0 10
16 19 29
18 20 2
11 14 21
16 18 1
12 16 15
19 20 27
21 0 24
2 5 30
21 22 26
14 17 9
13 14 6
19 21 17
0 3 8
4 7 13
23 3 7
10 12 20
15 17 16
4 5 20
11 13 19
4 6 13
13 15 14
13 15 7
3 4 20
4 5 17
3 5 8
23 2 23
23 1 7
3 5 18
20 23 8
2 3 28
21 22 7
8 12 2
3 6 13
4 8 17
17 18 7
23 2 10
11 14 23
23 0 7
15 16 26
4 5 6
18 19 25
0 1 19
17 18 29
7 8 4
5 6 29
17 22 9
11 13 4
14 17 26
18 19 17
13 14 2
16 19 16
10 10 4
8 10 22
12 13 5
14 17 27
12 14 10
3 4 19
19 22 21
7 8 22
12 14 27
20 23 18
14 15 16
11 13 19
4 7 10
10 12 8
3 5 1
21 22 21
6 9 13
17 19 19
7 8 29
14 17 18
6 7 10
22 23 9
0 2 9
0 1 29
8 10 8
11 14 16
0 4 21
1 5 10
17 20 29
18 20 8
18 19 1
18 19 3
4 6 30
7 10 28
14 16 22
12 14 12
6 8 1
20 23 21
21 23 22
18 20 28
1 3 9
0 1 3
7 10 9
20 22 25
16 18 8
22 1 26
11 12 11
0 1 28
14 16 22
9 12 5
8 9 11
14 17 1
19 20 6
4 4 27
16 20 8
14 16 26
10 14 11
2 4 3
21 22 22
2 2 17
20 22 2
10 10 10
9 12 25
22 0 19
21 22 1
22 23 19
2 6 16
7 8 7
1 3 24
2 4 25
7 8 29
11 15 5
19 21 14
13 16 5
19 22 13
2 5 5
20 0 2
19 22 25
16 18 18
4 6 9
10 13 16
18 22 22
18 22 25
6 7 25
16 19 1
17 18 5
9 11 5
16 18 22
10 11 3
3 6 4
10 14 25
20 23 7
10 12 27
4 5 11
14 16 22
23 1 4
21 23 20
17 21 25
14 16 13
10 12 29
0 1 27
23 2 15
0 2 10
8 8 30
16 18 29
3 6 6
13 14 26
5 8 1
7 9 26
13 15 25
7 10 1
10 13 11
12 16 22
10 13 3
4 5 25
15 17 25
21 0 3
7 8 8
4 5 9
21 0 2
19 23 24
0 2 19
0 1 2
21 23 30
16 16 19
12 14 7
2 4 28
15 19 23
18 18 29
2 4 29
15 16 17
6 8 25
4 6 2
13 16 25
7 11 15
17 20 5
17 18 29
11 14 1
13 15 27
10 13 30
19 22 21
15 19 11
11 14 4
23 1 5
1 4 7
9 12 28
7 10 14
1 3 9
18 21 18
2 5 19
8 9 29
15 18 29
4 6 28
11 14 24
19 21 14
1 4 23
11 13 28
5 7 27
3 6 24
0 2 7
4 5 8
20 22 17
1 5 30
12 13 23
16 18 20
21 23 26
7 9 28
2 6 27
23 2 24
23 1 25
16 18 19
0 2 1
9 8 2
5 9 22
21 22 25
20 1 13
16 18 30
22 1 5
0 1 9
20 22 20
9 11 18
3 4 29
7 10 11
23 1 24
1 2 9
5 8 14
23 0 15
16 17 20
6 6 1
19 21 13
19 23 16
7 9 17
6 8 20
19 20 14
0 1 8
15 17 3
19 23 10
12 13 1
8 11 30
6 7 24
11 14 24
12 13 16
1 5 5
13 13 6
2 4 19
21 0 23
2 4 17
5 7 29
0 1 13
6 8 2
23 0 18
18 20 16
14 16 18
5 8 15
3 6 29
9 12 18
18 21 7
9 11 1
15 16 14
22 23 10
5 7 17
6 9 15
11 14 6
22 1 16
14 17 9
10 13 2
14 16 14
10 13 3
21 0 9
13 14 23
4 7 18
4 5 2
3 6 11
13 16 11
16 18 6
5 7 24
7 11 3
13 17 30
15 17 1
4 6 27
9 11 14
4 7 19
9 11 14
23 0 29
0 2 22
18 20 10
17 18 26
1 3 25
1 3 29
22 23 7
2 2 11
0 2 16
13 16 6
7 10 27
20 21 22
17 20 3
13 15 2
1 3 20
21 23 11
0 1 28
14 16 23
16 17 20
6 8 23
9 11 11
18 18 24
10 12 28
9 11 1
17 19 19
12 13 2
10 13 21
8 9 3
5 7 6
23 2 14
19 23 1
5 6 22
6 9 22
18 20 2
10 13 11
12 15 18
9 11 22
17 19 14
20 21 18
16 18 23
15 18 17
16 18 28
3 5 10
6 7 5
2 5 27
19 21 20
21 1 21
19 19 19
1 3 13
19 20 10
23 4 27
22 0 20
10 12 29
8 10 21
13 16 14
7 9 30
19 22 1
12 15 6
9 12 24
0 1 5
20 22 29
21 23 20
14 16 26
18 20 23
13 16 20
15 17 27
3 5 1
7 9 30
2 4 13
3 5 25
14 16 12
23 1 5
14 16 23
10 10 23
22 23 4
9 9 26
7 8 2
8 11 16
11 13 25
9 11 24
5 6 20
16 19 3
22 23 26
23 1 1
2 3 3
1 2 17
21 22 20
3 6 11
8 9 27
23 2 9
19 22 1
2 4 12
19 20 8
16 19 29
9 13 7
15 16 3
0 3 5
20 21 22
16 18 26
16 19 23
3 6 1
3 6 1
10 13 13
22 1 27
8 11 5
8 9 29
20 21 12
2 5 17
6 8 2
3 6 20
6 9 19
9 10 9
15 16 12
5 7 17
18 19 9
23 2 24
16 18 12
23 1 17
9 11 3
21 0 19
2 6 6
14 14 19
14 16 20
3 7 22
8 10 1
22 0 20
10 12 12
19 21 8
8 13 14
7 9 24
19 22 2
22 23 29
15 17 9
5 9 9
22 0 7
18 20 27
11 14 9
18 20 5
2 5 4
14 18 30
17 19 26
8 12 27
21 23 26
12 14 10
23 0 30
19 21 6
10 12 23
19 23 4
8 10 28
17 19 26
12 15 12
14 15 14
10 11 10
23 2 24
6 8 7
19 20 20
2 5 27
10 13 13
10 11 10
20 21 11
1 2 23
12 15 3
19 20 9
6 8 8
18 20 22
11 12 28
6 8 7
9 10 18
17 19 24
14 17 22
17 19 5
1 4 7
21 0 4
15 17 6
21 23 3
22 0 19
12 15 14
3 4 5
1 2 5
15 19 22
21 23 12
17 19 14
12 14 13
7 7 24
17 20 23
7 8 26
23 1 7
10 12 23
7 9 23
12 14 12
3 6 24
11 16 14
19 20 26
12 14 18
18 20 17
13 15 28
4 7 8
14 16 18
15 18 2
20 22 13
8 11 18
13 16 16
0 2 23
23 0 21
23 2 16
15 17 29
1 3 3
17 18 3
15 18 20
23 1 9
16 18 19
3 5 3
9 10 30
1 5 5
23 0 21
11 15 27
0 2 28
22 0 15
17 19 9
11 13 21
0 2 24
10 13 26
9 12 24
2 5 16
6 10 13
19 22 27
16 19 25
20 20 25
16 16 23
20 22 1
7 9 2
14 15 10
12 14 30
13 16 19
18 18 25
20 21 4
20 22 26
1 1 29
0 3 22
4 6 12
9 10 11
0 1 18
9 10 7
23 0 22
21 0 11
22 0 8
0 4 1
22 0 4
5 6 4
19 20 11
4 7 26
9 10 9
1 4 25
8 10 26
0 1 18
12 15 19
20 21 29
19 20 15
4 6 29
20 21 27
6 8 20
7 8 22
6 8 6
8 10 29
21 21 12
3 7 3
23 2 12
1 1 9
2 2 2
7 9 1
16 19 9
1 2 29
12 13 17
18 21 11
5 7 16
15 17 12
13 16 2
13 16 25
1 2 29
22 1 10
0 3 22
23 1 14
11 12 16
11 12 2
15 16 9
2 3 7
20 23 29
22 0 24
20 22 29
0 2 19
19 22 4
22 0 20
9 12 24
23 2 3
20 21 8
13 14 14
5 6 14
3 4 3
9 12 1
9 10 30
4 7 24
23 1 30
10 12 27
1 5 4
0 2 23
0 2 21
22 1 14
1 3 27
6 7 21
22 2 2
1 3 7
1 3 3
3 5 3
22 0 4
19 20 27
11 12 15
0 1 5
8 10 4
17 19 8
7 10 12
7 10 12
13 15 22
5 7 16
10 13 9
11 13 30
22 1 5
3 5 12
13 17 18
2 5 23
21 23 24
14 15 15
16 18 12
13 15 16
5 7 5
6 8 18
21 23 14
0 3 20
14 15 3
9 13 26
15 17 23
12 12 22
23 1 22
5 7 6
8 9 21
8 12 29
2 3 30
3 6 15
20 0 22
23 0 11
4 4 1
16 17 23
19 21 26
2 4 29
9 13 29
12 12 22
18 22 27
20 22 22
20 23 16
17 20 9
5 7 2
17 20 14
6 9 13
0 0 30
1 2 9
0 2 18
5 8 21
9 11 4
3 5 16
17 20 8
2 4 7
22 1 27
16 18 2
2 3 1
14 15 28
1 5 6
17 17 4
15 17 22
0 2 3
12 14 3
19 23 3
18 20 16
19 21 3
1 4 21
11 13 15
18 20 6
8 10 5
4 4 18
18 20 17
19 21 3
4 7 23
16 18 28
19 21 6
22 0 20
17 18 15
9 10 22
10 12 18
3 4 22
12 15 9
5 4 23
3 6 11
12 13 30
12 15 29
11 13 25
9 10 14
23 2 12
15 18 28
8 11 22
9 10 18
1 1 8
19 20 16
7 9 19
7 9 7
7 9 23
22 23 17
22 23 16
9 11 30
12 13 23
17 19 25
12 14 12
6 8 16
16 18 29
0 2 9
15 17 8
7 10 18
8 10 29
23 3 21
5 7 23
18 20 10
13 16 11
19 21 11
9 10 17
14 15 2
19 20 9
18 20 11
21 1 15
4 8 12
1 2 11
16 17 6
6 7 22
20 23 9
21 23 17
9 12 4
5 7 21
17 19 6
22 0 6
0 2 5
21 22 3
14 16 3
21 23 3
13 14 9
21 0 16
18 19 16
22 0 3
23 1 4
13 16 25
17 18 6
9 11 9
22 0 13
11 12 7
5 7 26
22 23 10
6 9 30
21 1 26
0 3 23
22 0 3
1 3 23
6 8 25
8 11 5
16 17 13
9 12 26
13 15 21
5 7 14
17 20 30
1 4 23
18 21 20
2 4 29
15 18 29
12 13 2
11 12 28
2 4 6
6 7 16
0 3 4
15 17 2
19 21 25
18 21 1
10 12 16
5 8 14
20 23 8
0 3 22
18 21 26
17 17 9
5 8 7
16 18 7
14 15 2
4 8 15
5 5 30
4 6 12
19 20 22
7 9 20
17 19 2
1 1 14
19 20 29
12 14 26
9 10 5
23 0 11
19 20 4
1 4 28
1 3 3
13 15 15
2 4 3
21 23 20
21 0 1
23 0 5
12 16 22
2 6 23
22 0 4
6 7 23
20 22 17
14 15 6
3 4 12
15 17 7
2 3 13
9 12 12
14 14 8
4 5 9
23 1 7
10 13 20
0 3 12
13 15 17
16 17 1
3 5 15
2 3 1
17 20 27
23 2 12
8 12 1
3 6 2
17 21 23
21 21 15
15 16 4
13 15 1
11 12 18
4 6 27
7 11 17
23 2 16
3 5 1
17 17 21
11 14 29
18 21 21
11 13 26
10 14 5
14 16 17
13 17 9
19 20 18
17 18 28
12 13 15
15 18 9
1 4 6
5 6 15
6 8 10
11 15 16
15 17 30
19 23 22
15 18 16
17 20 14
1 5 4
16 20 25
20 23 19
2 5 3
16 19 15
15 17 18
9 10 25
0 4 10
20 22 16
14 16 9
8 8 24
16 16 20
5 7 15
4 7 23
23 2 29
12 15 5
19 22 14
0 3 5
18 22 9
3 5 7
12 14 14
0 3 3
17 18 18
20 22 9
5 6 8
20 23 15
17 19 18
2 6 24
1 4 7
17 19 23
21 23 13
6 7 6
9 11 27
19 20 15
11 14 8
19 22 11
16 17 18
13 15 22
3 5 26
11 12 29
13 13 2
12 13 19
10 12 15
9 10 24
0 3 1
11 14 10
12 14 16
0 2 2
4 7 25
4 6 5
23 1 6
14 16 22
9 11 1
16 19 24
9 11 29
22 1 14
14 16 19
4 6 29
11 15 5
23 2 12
18 20 3
22 2 24
16 18 6
3 6 15
9 12 25
3 7 4
22 1 10
17 20 17
3 7 26
16 17 16
20 23 1
2 6 25
10 11 12
9 11 14
5 7 7
12 14 30
18 19 9
21 23 3
10 13 28
6 7 22
2 4 14
13 15 26
2 1 16
13 16 29
23 1 25
11 13 8
3 3 5
11 13 20
18 19 2
15 17 7
3 5 7
9 11 22
20 23 24
5 8 27
7 9 5
23 1 13
16 19 30
2 4 1
11 13 20
14 15 27
17 20 11
12 12 23
7 9 19
4 6 30
20 19 8
2 3 5
1 3 17
19 21 7
19 20 10
8 9 30
6 8 10
9 11 20
14 16 28
7 7 13
9 11 4
13 13 26
23 1 6
23 0 18
17 20 14
6 9 17
12 12 7
17 19 25
5 8 6
23 2 16
12 15 15
22 22 2
14 17 20
23 1 19
20 23 30
16 17 8
12 13 25
10 12 13
7 9 23
8 13 26
7 8 9
19 21 4
18 20 22
12 16 7
4 5 19
22 0 10
11 11 24
6 8 22
11 13 16
0 2 29
6 7 12
4 6 17
5 5 12
8 10 18
22 0 21
7 9 22
15 19 7
20 21 29
5 6 17
0 3 21
2 1 2
22 23 5
14 15 23
23 1 11
7 9 7
10 13 7
0 3 13
14 15 5
2 4 29
20 23 2
15 16 29
23 0 20
3 5 17
15 19 12
21 23 27
17 20 12
22 23 27
4 6 30
4 6 14
21 21 19
2 3 3
11 15 22
0 2 25
16 18 3
22 1 5
15 17 3
15 18 15
13 16 18
23 0 4
11 14 22
14 17 8
15 18 29
23 2 17
19 22 16
4 4 18
18 20 22
8 10 25
7 9 4
4 7 12
12 14 5
5 5 20
3 5 2
14 17 6
9 12 27
17 20 2
5 7 6
23 1 26
0 2 8
21 23 13
5 8 19
17 19 16
10 12 24
4 7 28
5 8 22
16 18 20
2 3 27
9 10 20
1 4 25
14 15 28
1 3 30
11 14 26
19 21 13
11 13 3
22 23 4
19 21 12
11 14 28
8 11 4
12 15 13
21 22 22
17 20 11
6 6 1
