2650 30
22 16 30 13 30 8 26 16 4 10 21 22 6 2 30 24 12 27 22 7 10 10 26 1 4 24 5 28 16 20 
14 17 11
11 13 17
6 8 3
22 23 27
10 12 22
9 11 17
7 9 2
8 9 2
10 11 6
19 20 19
21 23 25
19 22 13
16 17 13
5 7 19
16 18 9
19 22 29
8 10 11
2 4 4
0 3 3
4 5 19
23 23 10
9 10 16
0 1 26
12 15 28
19 23 9
17 20 19
14 16 1
5 5 3
20 21 23
15 15 15
12 13 18
14 18 26
16 18 22
23 1 15
19 21 18
9 9 5
19 20 21
22 0 28
3 5 15
13 15 20
3 3 14
12 13 7
21 0 12
22 1 27
23 23 10
20 21 24
17 20 22
17 20 1
9 11 24
11 14 21
4 7 1
16 17 1
6 5 1
12 14 21
11 13 5
8 9 22
16 19 25
19 20 9
12 16 6
10 10 7
7 10 16
6 7 21
17 18 25
13 15 1
9 9 1
4 6 23
17 18 6
13 14 6
5 7 26
15 15 7
9 12 19
15 17 20
22 0 14
6 9 29
8 12 24
9 10 12
18 18 10
18 20 1
4 6 16
1 3 29
17 18 9
20 21 30
8 9 11
9 10 7
1 4 10
16 19 3
6 6 8
22 1 2
12 15 12
21 0 9
18 20 20
21 23 8
17 18 6
19 22 29
20 21 8
11 13 2
12 14 17
6 7 3
15 18 4
15 17 23
20 23 6
17 20 3
5 7 4
5 8 28
1 3 22
10 13 10
14 16 10
18 20 7
17 21 16
3 5 19
6 8 7
4 7 1
18 20 15
21 22 9
10 9 28
0 2 1
10 13 10
10 14 20
11 11 25
14 16 14
6 9 12
2 3 22
1 4 11
4 6 23
6 7 18
19 22 12
16 18 26
23 23 5
5 8 19
20 23 18
4 6 30
23 2 9
0 1 30
20 21 10
19 21 4
18 21 2
19 22 13
3 5 21
21 23 20
21 22 28
7 8 4
22 23 2
16 18 30
22 0 4
15 17 28
22 23 8
9 10 8
2 3 2
7 9 24
1 3 3
15 18 26
15 19 15
13 15 14
9 11 12
4 8 12
19 21 26
15 17 10
11 13 21
5 8 6
10 11 19
9 12 8
21 2 28
7 10 2
6 8 9
19 22 30
18 20 20
13 16 28
9 10 20
23 2 15
1 4 2
1 2 12
23 23 20
12 14 30
7 9 20
12 14 30
18 20 12
18 19 5
9 10 26
15 20 23
15 17 1
13 17 3
4 5 25
2 3 7
15 17 30
18 21 11
1 4 26
14 15 3
8 10 27
19 21 11
18 21 27
6 8 6
10 11 6
3 5 5
13 16 30
7 8 23
3 5 19
8 8 9
14 15 16
6 7 3
7 7 2
23 1 21
17 19 2
5 7 8
19 20 18
5 6 18
13 14 6
2 4 11
18 20 17
7 8 7
12 14 27
23 2 13
23 0 29
16 15 2
10 11 30
21 0 30
11 12 20
22 23 21
2 1 2
14 17 1
21 0 6
21 23 29
9 12 9
5 7 17
17 19 24
16 18 12
2 5 8
19 22 3
14 15 7
6 8 18
18 19 17
17 20 27
4 6 30
22 0 9
6 8 15
15 18 6
13 14 16
16 18 22
16 18 12
10 11 8
5 6 7
0 3 28
19 21 4
10 14 23
22 0 2
3 5 3
18 19 7
12 15 30
7 11 19
22 23 26
9 10 16
15 18 15
17 19 22
5 7 5
4 6 27
23 0 4
20 23 18
9 12 23
5 6 30
13 14 13
5 6 18
2 4 17
7 9 1
13 15 23
21 22 2
4 6 18
22 0 4
6 7 5
1 3 24
13 13 8
12 15 24
12 15 26
22 23 15
15 18 25
6 8 17
7 10 22
8 10 10
2 4 30
15 17 4
2 4 12
16 18 10
23 1 19
9 12 22
13 15 5
13 14 1
9 11 8
4 6 18
17 19 19
8 10 10
19 20 6
20 22 8
4 8 30
21 0 10
2 3 17
17 19 23
2 4 7
16 18 28
4 6 28
1 4 9
20 22 25
5 7 9
11 12 8
10 12 28
15 16 8
13 14 19
7 8 1
15 17 28
1 2 9
0 2 10
9 10 9
10 13 28
6 7 2
18 20 9
10 12 7
5 6 15
16 18 14
1 1 9
18 18 11
3 7 19
20 23 6
10 13 10
4 5 19
2 5 3
12 15 9
15 19 6
14 17 11
22 23 28
15 18 16
23 1 26
19 21 5
7 10 5
18 20 9
15 17 7
7 9 13
9 12 5
23 2 30
5 6 14
5 9 3
19 22 25
23 2 3
8 12 5
5 9 23
14 17 21
10 13 3
6 9 16
21 22 20
16 18 16
23 1 24
1 3 25
22 0 26
19 20 30
12 14 5
7 11 7
9 11 10
18 19 30
15 17 18
8 10 13
15 18 14
16 18 5
22 23 6
16 19 24
17 18 25
9 9 9
3 5 10
13 16 28
19 20 27
2 4 23
5 7 19
1 3 19
10 13 5
4 5 24
12 12 30
9 10 11
23 3 11
9 11 20
8 11 20
6 9 24
5 6 4
21 23 21
18 20 20
5 7 27
22 0 17
0 1 24
20 23 11
21 22 11
17 18 12
6 7 16
23 1 12
13 15 28
2 4 3
21 22 22
14 16 30
16 20 22
15 18 14
2 1 25
7 9 9
5 8 25
19 21 2
5 8 14
23 23 7
9 11 3
0 3 12
18 19 20
22 0 9
14 16 4
11 14 18
19 23 14
1 3 6
6 8 11
14 17 17
5 8 9
16 16 15
7 9 28
19 22 29
9 11 1
12 13 6
19 20 12
23 1 23
23 23 25
20 23 20
20 22 11
21 0 16
6 8 30
5 7 19
21 23 14
22 22 17
17 19 27
1 3 21
18 20 24
10 9 2
13 14 17
16 18 8
16 17 7
0 2 4
11 13 20
9 11 6
7 10 7
13 14 6
9 11 15
10 12 6
4 5 19
9 9 19
5 7 4
2 5 25
3 4 17
18 20 24
17 20 3
4 5 8
4 7 3
14 16 26
21 0 5
6 9 16
5 6 13
11 13 15
1 3 8
23 1 28
3 6 6
9 11 5
17 19 13
13 14 4
3 6 16
15 16 27
14 17 25
11 14 26
6 7 17
21 23 7
4 8 14
2 4 15
11 11 4
3 5 13
4 6 30
20 22 3
15 16 30
20 23 3
20 22 29
21 23 23
20 21 10
2 4 11
17 19 25
22 1 16
17 19 23
15 16 26
3 6 12
10 12 15
0 4 12
23 1 25
9 10 15
7 9 19
18 18 11
20 23 22
17 18 14
13 13 29
8 10 27
22 0 28
6 8 14
23 2 14
4 7 5
14 15 8
20 21 14
0 3 14
0 3 29
15 16 1
0 0 15
0 1 22
0 2 12
23 1 16
10 12 16
13 14 25
20 23 21
7 8 9
19 21 29
0 2 6
5 8 8
19 19 1
0 1 14
23 2 17
9 11 24
9 11 8
12 15 13
7 9 4
16 17 20
22 0 27
6 8 10
0 2 24
11 12 11
1 4 10
17 19 11
0 1 23
14 17 6
23 1 24
5 6 25
17 19 29
19 21 18
16 21 29
23 1 29
23 2 8
19 20 18
6 9 12
3 7 24
5 8 30
19 21 7
19 20 1
23 0 20
0 4 20
15 17 29
13 15 21
12 14 7
2 5 20
8 11 16
18 20 26
16 19 30
2 4 7
6 9 19
16 18 21
1 4 5
17 21 26
14 15 6
17 19 17
5 6 16
20 23 12
14 18 28
10 13 30
20 22 21
20 21 11
19 21 6
22 0 28
13 14 26
8 10 26
14 15 28
9 12 13
19 22 13
7 10 10
4 5 8
13 15 1
12 12 22
6 8 6
20 22 30
19 21 5
10 11 26
18 21 17
13 14 4
7 10 15
14 17 30
10 12 28
20 21 19
8 10 27
22 0 1
16 19 19
7 8 23
20 21 29
18 20 25
18 20 19
19 23 5
14 16 28
2 4 23
10 12 12
19 22 17
19 19 25
3 5 6
14 16 28
17 20 6
12 13 25
21 23 23
15 17 11
8 9 4
0 2 28
2 5 13
19 22 1
7 11 11
5 8 1
3 4 1
6 7 27
2 4 14
6 9 8
1 3 6
5 6 15
17 18 29
16 20 23
16 17 11
19 20 15
9 12 26
16 18 22
6 9 17
19 22 12
16 16 29
16 18 4
16 20 30
9 10 14
20 21 29
12 15 9
6 9 14
8 11 12
13 14 25
13 16 24
18 19 13
8 8 13
7 8 21
11 13 9
13 14 7
17 19 18
1 3 30
22 23 13
10 11 3
6 9 6
12 14 5
6 9 26
19 21 6
12 13 8
4 4 18
14 16 6
10 12 9
15 19 14
13 14 21
19 22 6
16 17 17
18 20 28
5 7 28
2 4 28
9 9 28
3 4 21
2 6 29
16 20 3
23 0 17
7 9 21
9 11 3
1 3 4
22 0 16
14 16 23
19 21 13
21 0 16
8 9 9
12 14 10
0 1 2
4 7 1
15 17 25
12 14 30
20 23 25
6 8 13
17 18 14
8 10 25
9 12 30
17 18 6
6 8 1
23 2 5
8 11 23
17 20 1
11 12 27
0 3 25
12 14 8
23 1 27
15 15 22
0 2 12
16 18 28
21 0 15
7 12 11
12 14 20
10 13 8
15 18 2
13 16 13
0 2 26
9 10 29
13 15 8
17 18 9
18 19 19
22 0 1
22 23 26
20 0 25
15 17 19
12 14 22
7 9 22
2 4 16
17 19 7
4 7 3
14 16 11
22 1 14
23 1 3
3 4 2
7 9 3
22 0 26
15 18 4
22 1 27
17 19 4
4 6 22
8 11 3
0 3 25
23 1 20
5 6 28
13 15 7
17 20 7
6 8 30
21 23 9
19 22 5
8 11 22
12 14 8
23 1 24
21 0 6
19 20 8
23 1 21
13 14 10
19 20 29
11 14 30
3 4 27
22 0 16
10 12 14
2 2 11
8 10 16
3 5 29
4 5 16
6 8 21
10 12 14
20 23 7
6 10 10
7 9 26
17 18 14
0 1 29
3 5 17
7 9 2
14 16 20
3 5 1
6 6 5
17 21 12
18 19 26
1 4 20
7 8 22
0 2 26
18 20 16
22 0 23
22 0 24
19 21 15
5 6 14
5 8 26
17 21 12
8 10 20
22 23 23
11 14 22
6 8 11
20 21 18
2 5 29
11 13 25
21 22 11
0 1 1
17 20 16
15 16 26
21 0 21
11 12 14
4 6 30
15 17 6
19 22 23
21 22 10
4 7 7
6 7 9
1 2 5
11 13 29
6 7 3
20 21 13
6 7 30
2 3 23
20 0 6
1 3 1
12 15 20
3 4 11
18 20 19
12 14 21
18 20 1
19 20 14
11 13 10
6 7 3
16 18 16
1 2 10
16 19 8
6 7 1
3 6 8
3 6 8
15 18 29
19 22 15
15 17 8
5 8 4
17 19 12
22 1 21
9 10 27
0 3 8
3 5 18
6 8 7
0 3 12
4 6 10
22 0 8
16 18 17
14 14 11
13 15 2
12 13 19
13 16 11
4 6 16
8 10 1
14 16 16
20 22 20
18 19 22
8 10 14
12 15 29
0 2 13
8 10 1
2 6 30
18 21 4
14 16 3
21 23 3
5 7 6
5 5 19
18 19 25
2 5 26
0 3 3
9 11 17
12 14 17
5 7 21
4 6 24
11 12 10
23 0 6
2 5 2
18 19 18
7 10 25
1 4 12
4 6 18
5 7 24
1 2 30
23 0 12
5 7 14
23 0 16
10 13 11
17 19 8
19 22 4
6 7 30
6 10 23
16 18 19
21 0 9
22 23 4
15 18 2
8 10 27
23 1 26
3 6 24
7 9 17
19 22 25
18 21 22
1 2 25
1 5 14
22 0 1
12 13 17
0 2 3
1 1 23
15 15 14
8 10 3
18 21 25
21 21 2
22 0 9
13 14 29
11 13 1
20 23 30
20 22 9
7 9 24
4 6 8
9 11 3
19 21 29
17 20 30
19 22 24
1 3 29
15 15 3
17 19 21
14 17 3
4 5 9
14 17 16
20 22 21
22 0 23
2 3 12
16 19 6
14 16 16
11 14 25
20 23 1
0 2 7
13 14 23
18 20 20
6 9 10
13 14 3
15 16 1
11 15 2
17 20 28
23 2 27
2 4 13
3 4 11
12 15 8
1 2 24
12 13 15
8 11 12
23 23 1
23 1 7
10 12 11
9 9 9
8 10 15
6 8 23
17 19 28
22 1 4
14 16 4
1 4 2
14 14 29
8 10 15
3 4 7
5 9 20
16 18 19
2 5 6
17 19 30
19 21 25
2 5 24
9 9 28
18 20 10
11 13 13
10 13 30
16 19 12
23 1 27
4 7 16
0 3 1
19 20 19
12 15 29
3 6 23
4 6 10
15 16 23
4 7 8
20 21 26
18 19 5
22 1 15
13 15 24
6 7 7
10 12 10
15 17 15
22 0 27
18 18 4
15 17 10
21 23 12
4 5 12
13 16 16
8 9 28
19 19 15
12 13 24
15 17 22
2 4 6
21 22 20
8 10 5
11 13 9
6 8 5
1 3 27
4 3 8
2 5 21
16 20 22
3 5 29
17 17 7
15 15 10
20 21 21
14 16 18
4 7 11
21 23 1
11 12 23
0 2 6
4 8 3
18 20 9
2 5 28
13 15 17
22 1 8
6 7 10
0 3 5
12 14 5
10 11 15
4 5 10
3 5 10
1 2 22
22 0 13
19 21 2
2 4 23
18 18 12
5 6 14
12 13 15
23 1 4
0 3 17
15 17 21
8 11 16
15 18 26
18 20 21
11 12 16
5 7 2
12 14 14
21 0 1
9 12 12
2 6 7
17 18 6
3 6 15
3 7 26
7 8 23
18 19 27
21 23 2
13 15 10
4 7 28
13 14 15
16 18 5
20 22 14
17 21 24
10 11 7
11 13 4
11 13 26
0 3 22
16 17 19
2 2 13
11 12 7
22 23 9
8 11 11
10 13 12
5 8 7
6 8 2
10 12 9
11 16 9
13 15 22
14 16 19
11 13 22
23 1 7
5 9 27
1 4 26
19 21 15
9 12 21
14 15 12
2 4 30
23 23 25
6 9 29
3 5 12
1 3 18
21 22 7
9 12 12
6 8 30
23 0 18
14 16 28
23 2 8
13 15 12
6 8 28
4 8 2
16 19 5
8 10 11
3 4 29
12 15 11
3 4 5
21 22 16
0 1 6
23 1 10
6 9 25
0 2 24
14 16 5
11 13 25
23 0 1
18 21 28
10 11 16
20 0 18
10 12 17
7 9 13
14 14 27
5 8 28
19 22 8
17 19 18
10 12 12
11 13 7
17 20 10
14 15 27
17 19 5
0 3 19
23 0 21
16 18 2
11 13 24
19 20 13
17 18 7
12 15 17
16 17 8
5 6 19
18 19 17
7 9 1
11 14 18
16 19 20
6 9 9
6 10 22
21 0 28
6 7 10
12 14 10
7 9 12
21 23 30
14 16 23
16 17 18
5 9 20
14 16 24
2 3 26
12 13 19
23 2 7
22 1 22
17 19 16
6 7 25
10 10 13
22 1 21
23 23 26
10 13 6
19 20 17
14 14 22
5 7 28
2 4 25
9 11 22
23 1 17
0 2 14
0 3 24
12 13 14
3 5 17
5 6 8
6 10 4
21 0 15
21 23 4
13 15 25
16 19 5
6 8 17
19 22 27
4 7 2
1 1 8
23 2 8
20 21 2
6 9 10
22 23 9
18 21 9
15 16 30
17 20 10
20 21 19
14 16 25
14 16 12
18 21 7
13 15 16
2 5 20
19 21 2
10 11 20
13 15 24
2 3 16
22 2 16
2 3 28
21 19 1
3 5 16
1 3 14
14 17 16
22 23 5
16 17 15
15 17 20
4 7 25
15 17 7
10 11 30
6 8 29
15 16 19
5 9 26
23 2 9
3 4 19
4 7 25
5 6 27
13 15 7
7 10 23
6 8 10
11 14 7
2 4 23
22 1 27
16 17 6
12 12 6
20 23 27
13 15 22
13 15 6
15 18 7
1 2 24
6 9 3
1 3 19
10 12 18
15 17 7
5 6 23
4 7 14
15 16 13
11 13 19
17 20 17
4 6 23
3 7 17
10 12 29
4 5 7
21 1 9
15 19 14
15 16 3
5 7 12
12 15 8
17 19 7
12 16 29
4 6 25
19 20 4
12 14 17
8 9 3
20 23 23
14 16 22
12 15 5
13 14 30
21 0 19
15 17 14
3 4 27
16 17 17
23 2 9
17 19 22
9 10 6
22 1 12
10 12 2
20 21 14
15 19 10
23 2 24
18 21 11
12 11 11
7 10 21
17 20 14
3 4 30
3 6 16
4 6 28
8 8 6
5 6 13
15 17 28
2 4 7
14 14 19
13 15 6
11 11 24
13 17 26
10 11 22
10 11 29
1 3 3
14 15 28
1 3 28
3 5 3
21 23 25
16 17 9
12 14 14
0 3 27
5 5 29
10 12 20
2 6 21
10 13 24
22 23 3
16 17 1
4 7 14
5 8 28
4 4 13
21 0 7
7 8 14
4 6 5
6 8 1
23 2 3
23 0 6
17 18 30
8 10 28
19 20 19
7 10 6
10 14 4
11 14 14
10 12 8
16 19 20
6 8 28
16 20 18
6 8 18
2 5 9
5 5 6
11 13 11
9 12 25
4 5 27
21 22 4
5 6 6
10 12 28
22 0 30
21 22 6
9 10 4
18 21 17
22 22 26
23 1 24
20 21 2
6 5 1
3 7 9
12 15 14
15 17 29
5 7 24
19 21 11
3 6 26
23 2 9
11 14 27
1 3 11
14 16 10
14 17 23
20 21 27
6 8 3
17 18 2
3 5 12
10 11 3
5 7 21
19 21 10
10 11 10
0 5 18
2 4 4
16 19 1
1 2 15
23 0 10
17 19 9
23 0 9
5 8 8
0 3 7
8 10 13
6 6 7
19 23 1
13 13 2
7 10 6
11 14 6
21 0 1
13 15 5
7 7 18
15 16 25
7 10 6
2 4 15
0 2 20
1 4 18
14 16 27
15 18 26
15 16 3
18 21 30
11 14 16
4 7 6
19 21 24
3 5 26
21 22 10
13 14 11
16 19 2
10 11 28
8 10 14
16 18 15
12 14 11
4 4 15
11 13 22
5 7 25
5 6 14
9 11 13
21 1 3
13 15 5
17 19 5
3 5 3
17 19 28
20 20 6
7 9 26
4 6 21
15 15 3
17 19 23
17 17 15
6 9 14
0 1 8
14 16 13
0 2 6
2 2 23
9 12 11
17 18 28
9 11 23
6 9 1
20 22 9
7 7 15
23 2 23
5 8 8
19 21 5
19 20 19
0 1 15
2 4 2
9 11 6
3 4 28
14 16 6
9 11 20
18 20 9
15 16 28
17 18 21
6 9 14
13 15 15
10 13 16
10 13 28
0 4 26
2 3 29
10 12 7
9 11 18
16 18 12
15 16 15
21 23 12
13 16 30
3 5 10
8 9 22
12 12 4
2 3 25
12 13 3
23 0 26
0 2 17
17 18 1
3 5 6
18 19 16
7 9 15
0 2 19
3 5 25
15 18 11
14 15 3
6 10 22
19 22 18
6 6 21
20 21 7
21 0 4
7 9 28
11 13 24
2 5 21
22 1 20
3 6 23
12 14 25
6 7 7
16 20 11
5 9 15
10 12 30
17 19 29
10 13 15
0 2 13
8 10 5
12 13 21
0 3 4
16 18 21
18 19 6
2 4 14
2 3 24
16 17 21
7 9 20
12 13 11
22 23 3
19 21 13
20 22 7
19 21 3
17 20 4
10 12 29
3 8 6
1 4 19
8 10 9
15 16 10
20 23 26
13 17 4
20 23 19
12 15 8
9 11 15
11 14 16
22 1 14
10 13 15
21 23 4
4 6 11
4 6 15
9 10 13
4 7 14
8 10 10
17 20 13
7 9 17
18 22 12
10 12 27
15 18 5
10 12 21
14 16 5
16 19 11
4 6 12
1 5 19
12 13 5
7 8 6
9 12 30
15 18 30
21 22 12
12 13 9
19 22 22
5 8 25
14 16 29
12 14 19
19 20 30
6 8 30
7 8 7
11 12 14
15 19 10
11 13 4
10 13 2
9 12 14
0 0 19
23 2 7
3 5 24
6 6 24
5 8 4
14 15 23
17 19 19
18 21 5
4 6 14
7 8 15
8 11 10
23 1 26
5 7 24
20 21 9
3 4 2
17 18 8
1 2 17
16 17 30
6 10 18
4 5 10
18 22 5
23 1 8
2 5 14
1 3 25
3 5 21
11 12 23
9 12 11
20 20 30
8 10 23
1 1 6
22 1 15
14 16 23
5 6 4
0 3 27
17 19 1
1 2 22
5 7 9
19 21 29
23 0 11
3 5 6
22 23 10
16 17 20
1 4 2
3 5 11
15 17 30
23 2 6
16 17 27
18 17 1
1 4 12
1 2 10
21 21 23
19 21 21
1 3 18
18 21 6
9 10 17
15 18 10
17 18 9
12 13 15
3 5 7
2 4 12
8 10 15
15 18 2
5 8 5
19 21 20
6 9 7
9 12 12
10 11 1
16 19 14
8 9 9
20 22 18
20 23 29
10 10 28
4 7 2
17 20 20
23 2 16
10 12 13
9 10 13
3 7 14
8 9 25
18 20 12
6 9 2
15 17 10
2 4 11
20 22 5
14 17 14
3 4 7
21 22 12
1 2 17
20 21 28
12 14 3
7 6 16
13 15 14
22 1 17
16 18 28
9 11 23
14 16 14
13 15 28
0 0 1
10 12 16
14 17 24
14 15 10
11 15 5
16 19 5
18 19 20
10 13 6
4 7 2
17 19 3
20 23 6
14 16 15
23 1 20
18 19 4
6 8 1
17 18 4
23 2 24
9 10 4
14 13 12
21 23 19
14 16 2
14 16 9
13 15 11
4 4 8
15 16 5
16 19 3
13 15 2
19 22 29
14 15 3
7 7 23
7 9 15
21 0 23
16 16 20
23 0 29
11 12 4
17 18 28
13 14 15
2 5 22
17 19 5
18 21 26
19 21 16
20 0 29
0 3 14
0 2 29
14 16 21
12 13 19
0 2 28
5 6 23
15 16 14
7 8 29
11 15 3
11 12 7
5 8 10
5 7 14
5 7 30
18 21 18
7 9 5
2 2 6
3 6 13
7 9 4
19 20 23
14 18 24
1 1 1
16 18 7
23 0 26
10 12 29
2 4 6
3 5 16
12 16 3
20 21 29
7 9 8
6 8 10
3 6 18
7 10 8
13 13 24
0 1 22
4 7 26
9 12 14
14 14 20
10 12 8
18 19 19
22 0 12
23 1 17
17 18 14
11 14 21
3 4 21
19 21 7
6 7 22
17 18 14
4 6 11
0 3 1
20 23 26
7 10 9
8 12 25
14 16 3
3 8 6
9 11 7
1 5 25
18 20 17
22 0 11
0 3 9
12 12 4
10 11 29
6 8 4
22 0 14
19 21 16
18 19 7
15 17 8
12 15 14
14 17 25
10 12 8
1 0 10
5 6 4
13 14 4
16 19 16
7 9 20
21 0 29
11 13 30
9 10 1
22 23 29
2 3 23
6 7 29
2 5 24
22 0 20
7 9 9
22 0 19
14 17 27
11 14 25
3 6 19
20 21 24
19 22 1
12 15 13
5 7 22
1 3 22
9 12 3
11 13 28
15 20 10
21 23 16
8 9 20
17 18 18
15 17 2
9 12 10
6 9 5
2 4 24
7 10 17
0 2 16
12 14 4
18 20 5
14 14 6
12 14 19
1 2 12
18 20 22
1 3 21
8 10 20
2 3 30
21 22 13
19 21 14
7 9 24
7 11 21
23 2 30
1 2 1
19 23 12
8 9 7
0 2 12
23 0 20
6 8 8
17 21 5
21 22 17
14 15 26
11 15 30
11 12 10
16 19 9
16 18 10
13 14 29
4 6 26
13 16 11
10 13 22
3 4 14
23 2 29
21 23 27
19 22 2
3 5 23
20 23 30
22 23 23
11 14 18
6 9 13
21 22 15
12 14 25
18 17 26
8 9 5
16 18 12
14 16 19
11 13 28
2 3 29
6 9 11
18 19 24
20 22 27
5 5 18
11 13 3
9 11 27
16 18 18
4 4 24
1 4 28
8 11 10
18 20 14
1 3 4
14 17 25
23 1 15
11 13 5
10 11 16
10 12 3
1 3 19
4 8 25
7 9 24
1 2 9
23 3 8
21 0 1
21 23 7
13 14 9
1 4 29
19 21 27
2 5 16
4 5 14
6 7 18
4 5 28
16 18 1
1 3 15
20 23 11
7 10 16
16 19 13
19 22 30
12 13 3
10 13 17
10 12 26
1 3 20
10 10 19
12 14 1
2 5 19
10 13 3
13 13 5
19 22 11
16 17 16
13 14 24
5 8 8
15 19 6
13 15 11
16 19 27
19 21 21
18 20 16
13 15 30
15 18 23
14 15 12
13 15 19
16 17 15
6 7 15
9 10 30
22 23 10
2 5 5
15 18 7
12 13 11
1 3 3
14 16 11
23 1 8
18 20 9
9 10 18
8 9 3
22 23 4
8 10 7
23 2 24
7 8 22
2 4 27
2 3 25
1 4 16
6 8 5
3 5 7
22 0 4
4 6 4
1 1 23
3 4 18
4 7 21
7 10 29
15 17 14
4 6 15
10 13 11
11 13 27
4 7 25
10 12 26
15 16 11
19 20 1
4 7 18
10 11 18
15 17 23
10 13 24
5 6 27
5 9 16
8 9 8
1 2 26
0 1 15
17 21 10
0 3 11
16 18 3
11 12 10
5 6 5
9 12 23
16 18 13
15 17 7
13 14 23
22 22 28
18 20 27
18 21 7
6 9 7
22 0 11
14 15 3
3 7 13
14 17 16
21 23 20
11 13 14
14 15 14
0 0 15
13 17 14
10 13 15
19 21 26
22 23 13
11 13 19
5 8 22
6 9 10
17 20 15
8 10 29
14 15 10
2 4 10
12 14 14
2 4 13
2 4 15
5 7 11
17 18 12
8 10 30
18 20 19
15 18 27
6 9 23
21 23 18
3 3 9
3 7 6
11 12 29
14 16 27
20 22 29
12 16 17
2 4 8
7 8 28
15 19 27
2 3 4
0 4 11
21 0 13
7 9 16
3 5 17
4 8 26
19 20 20
15 17 13
22 0 22
17 19 14
17 22 19
0 3 24
16 18 13
12 15 18
3 6 28
7 10 28
12 12 1
12 14 21
11 13 18
6 5 4
18 19 23
16 19 15
20 21 21
20 22 19
17 18 10
17 19 5
12 13 10
23 0 4
16 19 28
14 15 6
5 7 17
3 5 22
12 14 5
16 18 23
18 20 3
13 14 10
14 16 18
9 10 12
3 4 7
3 6 3
4 5 20
12 14 20
6 9 28
23 2 6
21 23 22
6 9 14
2 4 13
21 20 13
9 11 4
15 18 12
1 4 7
2 4 14
15 15 17
11 11 21
16 19 12
4 7 9
15 17 2
0 1 12
5 7 8
8 10 5
2 4 30
2 5 22
20 22 26
18 19 6
7 9 19
2 5 22
0 2 7
16 17 13
23 3 7
3 4 15
6 8 8
16 17 9
12 14 29
14 16 15
0 2 30
22 23 4
7 8 29
19 20 10
21 0 15
6 8 6
13 14 21
17 18 25
14 17 26
9 12 8
19 21 26
4 6 6
8 10 9
3 5 1
22 2 27
23 2 19
21 23 26
14 15 5
21 0 16
9 12 18
23 0 19
11 14 18
9 12 9
3 5 28
21 0 5
22 23 23
6 10 29
5 7 21
16 18 27
11 13 10
21 0 2
3 3 1
16 17 19
1 4 2
11 13 29
8 10 19
19 22 7
13 17 25
1 2 23
16 15 15
2 6 3
7 8 26
7 9 22
6 9 4
13 15 22
4 4 12
21 0 5
18 20 1
14 18 28
14 15 13
18 19 28
23 1 29
11 13 10
19 21 17
20 22 17
22 2 16
13 15 14
7 9 17
22 23 4
4 7 11
9 11 30
20 21 10
9 13 20
9 12 13
13 15 26
21 23 5
23 1 9
1 5 24
8 10 28
0 2 24
21 23 4
7 8 2
3 5 3
6 8 26
18 21 27
23 0 11
11 13 2
2 4 10
9 10 5
6 10 5
22 23 22
9 14 14
21 23 27
12 14 15
6 7 9
12 14 21
0 3 5
10 13 17
23 2 4
12 16 7
10 12 23
8 10 27
0 3 10
12 14 19
19 21 21
9 10 26
8 11 3
0 3 29
11 13 24
9 12 14
16 19 1
2 1 18
0 2 24
10 13 22
21 2 10
18 19 12
9 13 29
18 20 21
12 14 1
22 23 19
19 20 11
7 9 21
18 20 23
21 22 3
5 7 9
2 3 12
1 3 6
4 8 28
5 8 25
12 16 23
7 9 18
2 4 18
9 14 2
16 18 9
11 11 6
21 23 3
10 11 11
4 6 2
16 20 10
10 11 12
2 4 26
0 1 23
20 22 29
12 16 5
1 4 2
14 17 6
15 18 22
7 9 2
4 7 15
6 10 29
22 1 19
18 20 2
19 22 9
21 23 10
12 13 21
10 12 16
10 13 28
10 12 13
6 7 17
13 15 9
8 11 11
14 15 19
7 8 28
19 22 6
22 23 11
9 10 17
12 15 2
17 18 2
12 14 12
21 22 21
12 14 14
5 8 23
4 6 8
0 2 13
3 4 3
6 8 19
23 0 11
3 6 13
1 3 12
23 2 16
9 11 3
3 5 1
17 20 28
8 10 9
2 4 12
4 6 20
8 9 26
19 22 30
0 3 29
19 21 6
10 12 14
12 14 27
13 15 17
7 9 30
21 20 3
12 14 19
10 12 3
23 1 21
7 9 22
2 5 30
16 19 13
10 11 28
14 17 9
14 15 15
9 11 7
15 16 18
0 2 17
8 9 7
7 9 18
21 0 17
16 18 1
16 17 28
9 10 19
1 2 14
4 6 2
19 20 3
22 23 4
13 16 10
20 22 13
10 14 16
11 14 18
6 9 30
10 14 9
1 3 21
21 23 17
4 5 16
19 20 2
21 21 7
1 3 9
2 3 2
20 22 9
5 7 27
6 8 3
0 1 19
3 5 25
14 16 13
14 15 3
21 22 11
2 4 12
13 14 5
1 2 28
1 2 9
22 0 14
23 1 4
19 21 19
15 16 22
14 16 4
9 12 21
14 16 23
3 3 18
13 14 1
10 12 25
0 4 13
20 23 15
14 17 30
16 17 24
4 6 7
22 23 6
13 14 30
3 5 18
8 9 23
20 22 30
11 13 13
13 16 14
3 5 20
6 10 29
12 18 11
21 23 30
8 10 26
8 8 1
14 15 11
3 4 8
6 9 3
11 13 8
11 13 16
16 18 16
7 10 17
13 14 23
16 19 4
1 2 30
11 12 9
8 11 11
9 9 8
7 10 14
1 3 9
0 2 8
21 22 18
17 19 28
10 13 7
10 12 8
6 8 29
5 7 29
9 10 20
3 4 7
4 5 10
23 1 26
8 10 29
16 19 7
11 15 6
22 1 15
23 1 25
15 15 8
9 11 27
6 8 12
21 22 22
22 23 16
6 8 17
22 23 20
16 18 7
10 12 19
6 7 23
7 10 7
8 11 2
20 22 23
17 18 29
23 2 18
12 12 13
2 4 12
19 21 11
9 12 13
10 12 16
0 1 11
4 6 30
21 22 8
5 6 2
9 9 13
22 0 9
4 7 21
2 4 10
5 7 28
21 1 16
21 23 16
14 16 20
6 9 2
3 5 10
9 9 23
21 0 15
1 3 21
19 21 19
15 16 13
23 1 16
2 4 19
22 2 1
10 11 22
4 5 25
0 2 12
3 6 6
5 7 29
23 1 14
19 21 27
6 9 30
15 18 18
19 22 15
9 10 17
22 0 19
0 2 8
19 19 14
15 16 25
18 19 15
13 16 4
16 19 22
6 10 16
18 20 15
4 7 3
16 17 14
10 12 21
13 14 3
11 12 24
8 10 19
21 23 16
0 2 26
17 19 11
4 6 1
17 20 28
23 22 21
7 11 8
8 11 24
22 23 15
15 18 25
23 0 27
0 3 29
12 14 17
14 16 15
1 4 26
4 7 9
22 0 14
4 6 12
12 14 29
15 17 10
10 13 5
4 6 4
18 20 12
17 19 26
8 8 6
7 12 28
16 17 19
20 23 29
2 5 6
10 13 23
12 12 2
3 5 14
18 18 24
5 6 30
6 8 5
4 6 5
14 15 29
17 19 9
6 10 19
11 12 5
11 12 8
1 2 23
12 15 5
23 0 8
9 12 11
0 1 24
11 13 14
12 16 10
11 13 25
20 22 29
19 20 5
23 2 5
11 12 19
11 12 12
13 14 24
10 12 26
11 13 21
0 2 14
15 16 23
2 5 17
5 8 24
17 19 9
11 12 3
5 7 24
9 12 22
3 6 6
0 2 19
10 12 6
20 20 4
12 14 12
1 3 28
21 23 28
6 7 20
20 21 20
10 11 3
22 0 30
8 11 16
1 4 7
19 21 23
11 13 26
19 19 25
2 4 15
15 17 13
23 1 1
8 9 3
12 14 22
5 7 12
4 6 17
9 10 16
22 1 22
17 17 12
0 2 13
1 4 10
21 23 17
7 9 27
0 3 18
22 2 10
9 11 19
12 14 13
18 19 10
13 13 6
3 6 7
2 2 2
3 5 26
5 5 22
1 4 13
19 19 11
20 22 6
5 8 29
12 14 20
7 10 1
9 12 1
23 1 10
0 2 15
14 15 16
21 0 4
19 20 12
14 15 25
9 12 27
2 3 2
23 1 12
23 2 20
2 6 10
18 20 29
12 15 23
19 20 14
7 10 3
15 17 26
12 13 24
2 4 13
4 6 21
17 19 25
16 18 15
0 2 9
15 17 29
22 23 6
22 0 1
13 15 22
11 13 17
23 3 4
21 22 11
9 9 15
8 8 7
2 4 17
22 0 5
12 15 3
14 16 19
1 2 30
17 17 29
17 19 26
20 23 29
9 11 7
7 9 10
3 6 1
23 2 19
0 3 18
19 22 24
11 13 28
1 2 12
18 21 30
17 20 7
10 13 25
0 2 10
18 21 16
6 8 16
22 0 23
6 9 7
20 23 3
22 0 11
12 14 18
20 22 14
3 4 26
18 19 28
1 4 15
2 5 4
10 12 26
11 14 13
13 15 8
7 9 21
22 0 12
13 14 24
6 8 7
8 12 29
2 3 3
6 10 8
12 14 11
11 13 21
11 13 30
11 13 23
9 11 15
8 11 29
17 19 29
2 2 5
16 15 2
23 2 13
22 1 3
19 22 9
23 1 22
9 11 11
23 1 27
21 23 7
20 21 24
4 6 5
2 6 7
9 10 3
4 5 29
17 20 30
18 21 24
3 6 7
13 14 2
22 0 9
17 18 11
1 5 8
14 18 19
1 4 6
22 1 12
14 17 5
11 13 8
13 17 22
9 10 17
18 20 26
5 6 22
11 14 26
15 17 25
8 10 3
22 1 6
15 19 18
12 16 5
14 17 14
16 18 4
4 8 28
19 21 4
1 1 18
21 21 15
15 16 19
11 13 6
14 19 30
14 13 18
1 3 29
1 2 30
14 17 10
4 3 9
16 19 9
17 18 24
8 10 26
15 17 9
23 0 2
9 11 4
18 20 3
20 21 7
0 2 21
23 23 21
18 19 27
14 16 30
11 12 30
