2740 30
10 24 1 14 29 26 26 21 8 6 2 5 18 27 8 8 13 10 15 30 26 22 1 16 28 7 9 11 13 5 
2 3 12
12 14 18
22 23 22
1 4 19
20 21 15
6 8 7
11 14 6
20 21 14
17 18 11
3 6 27
10 11 6
3 6 5
18 22 30
23 0 23
20 22 23
15 17 26
3 4 28
9 13 30
12 16 8
12 15 13
1 3 17
11 12 11
9 11 18
22 23 30
9 12 29
21 0 18
21 0 17
15 17 12
10 12 10
20 1 29
23 2 16
23 0 23
14 17 5
14 15 26
0 3 11
13 15 22
7 9 14
9 9 26
8 9 21
16 17 8
22 1 4
17 19 7
20 22 27
10 11 23
20 21 16
23 2 5
9 11 13
5 7 19
10 13 9
9 8 12
13 16 19
5 6 11
11 16 9
8 9 20
23 0 16
14 16 27
15 18 8
21 23 23
21 22 3
13 15 12
5 7 11
8 9 28
3 5 6
2 5 24
11 11 13
12 12 1
12 14 28
4 8 24
11 15 14
22 0 29
12 15 29
8 8 7
8 10 26
21 0 15
23 2 1
12 16 10
11 12 3
20 20 27
3 3 24
17 19 8
1 3 2
1 4 27
12 13 13
9 11 5
16 18 28
16 17 6
15 15 13
0 2 9
2 4 20
1 2 13
8 8 2
7 9 12
6 7 25
13 16 14
21 23 12
6 9 23
5 6 28
8 9 1
16 18 19
6 6 29
19 20 25
1 3 25
12 13 25
3 4 8
3 6 26
3 5 8
11 11 29
1 3 14
14 17 12
6 7 18
15 17 18
5 7 12
14 18 21
14 16 7
17 17 20
13 14 28
19 21 1
16 18 8
15 17 26
7 9 29
11 11 5
10 11 12
11 13 25
13 14 6
6 7 6
10 12 20
18 20 30
9 13 14
7 9 27
12 15 2
18 20 26
7 10 21
2 4 5
3 5 12
8 10 10
13 15 30
18 19 13
19 21 16
1 3 5
4 7 1
21 0 1
7 8 7
1 3 6
5 7 28
23 0 18
19 21 23
6 8 16
6 9 20
20 21 5
6 8 9
6 6 7
1 3 24
8 13 29
20 22 23
22 0 3
20 21 3
5 7 29
8 9 26
8 12 23
21 0 17
22 1 11
3 5 12
21 0 28
11 14 22
0 2 5
6 6 28
4 5 21
11 15 15
12 14 28
15 17 18
16 16 9
13 13 29
1 3 5
16 18 4
9 10 2
15 17 10
13 14 16
15 18 6
12 14 1
12 13 1
4 4 6
3 5 11
15 16 17
11 11 27
2 3 19
14 16 28
11 14 8
8 10 17
7 8 27
5 7 5
11 13 28
2 5 20
22 0 25
19 21 24
18 19 8
9 11 28
6 8 8
3 7 6
3 6 16
7 10 9
12 14 24
4 5 29
16 17 17
13 14 2
14 16 22
17 17 26
1 1 1
0 1 10
0 2 20
8 10 6
14 18 8
14 14 14
8 11 24
7 9 27
13 15 10
13 15 25
10 13 4
12 13 9
18 20 18
13 18 8
2 3 26
18 19 18
0 3 29
7 9 13
17 18 29
22 0 12
1 2 27
12 13 26
4 5 15
15 16 11
2 4 11
2 4 26
17 19 24
0 2 29
9 10 1
11 13 5
10 12 18
10 13 19
21 23 19
4 6 29
19 21 9
1 3 26
21 23 6
7 9 18
8 9 9
0 2 30
23 3 4
1 3 27
6 7 19
15 17 10
8 9 7
3 5 16
12 13 24
7 8 22
16 18 21
3 4 30
4 6 12
17 19 2
6 9 3
19 19 16
20 21 3
19 21 17
11 12 2
2 4 19
2 3 29
6 8 13
5 8 23
14 17 3
3 5 3
12 13 5
22 1 14
11 12 11
8 11 1
1 3 30
0 1 27
6 7 23
20 0 17
8 9 9
16 18 13
2 5 8
11 14 22
10 12 4
9 11 16
16 19 8
7 9 12
5 7 12
20 23 1
1 3 30
20 21 25
6 6 8
12 15 22
18 20 2
5 7 12
21 22 4
19 21 3
6 9 6
21 0 16
21 21 25
1 1 8
2 4 9
6 8 25
6 9 2
19 21 6
16 17 15
6 8 20
1 3 23
21 21 12
17 18 25
4 5 25
13 15 25
4 5 11
2 3 21
7 9 25
3 4 14
9 11 22
16 17 28
21 23 26
21 0 29
5 8 5
23 0 4
23 2 7
10 12 19
8 9 2
8 9 14
11 14 21
11 13 25
7 8 18
0 1 12
3 5 24
0 1 22
10 11 3
4 6 27
12 15 1
17 21 22
1 4 7
0 1 15
15 18 20
1 3 23
20 21 21
6 8 3
11 13 25
1 3 4
4 4 1
21 21 6
22 23 12
1 4 17
5 8 18
3 4 2
6 7 14
11 14 14
12 15 6
9 11 22
10 10 18
3 7 4
2 4 16
12 15 20
15 17 3
17 19 22
2 6 3
8 9 29
14 16 28
6 7 2
9 11 21
10 12 4
6 8 24
11 14 22
23 0 20
13 16 22
9 10 9
15 16 13
15 17 10
0 3 8
17 19 10
11 12 30
4 6 6
5 7 28
1 2 3
15 17 13
5 8 17
7 7 10
1 3 4
23 1 3
15 18 9
7 8 23
11 13 21
4 6 29
7 8 18
9 11 30
8 9 2
17 21 13
4 6 26
8 11 28
10 14 27
2 4 20
11 14 3
14 16 9
15 17 27
16 18 23
0 1 10
8 11 11
8 10 30
10 12 28
1 2 1
21 0 2
1 2 27
2 4 9
14 17 12
17 20 17
1 2 17
2 5 13
7 8 23
0 3 11
19 21 2
16 19 1
19 22 22
4 3 30
21 22 2
22 1 7
1 2 1
11 14 14
7 9 15
21 23 3
8 8 23
16 17 26
1 2 28
12 15 1
9 11 29
20 20 26
0 3 27
0 2 24
7 9 11
19 22 20
0 2 27
23 0 10
8 10 23
0 1 2
13 15 17
11 13 30
3 5 11
19 19 19
4 7 13
21 22 8
21 0 18
5 8 16
1 3 5
17 19 17
2 6 1
12 15 17
10 12 28
4 6 22
19 21 4
12 14 1
6 8 10
19 20 19
9 10 10
5 8 22
5 7 11
1 3 12
11 14 23
6 8 12
4 6 24
22 23 30
18 21 26
4 8 10
9 10 14
16 18 6
12 14 4
15 15 19
19 22 26
11 14 13
11 12 7
5 7 20
19 21 1
5 8 15
15 17 13
7 8 14
11 13 12
18 21 26
2 5 6
12 14 25
21 22 15
16 18 6
23 1 21
19 22 26
11 13 2
21 23 24
4 6 18
12 14 4
22 1 5
20 22 23
0 0 30
0 3 14
7 10 21
18 20 29
8 10 26
10 13 19
4 6 14
7 9 24
6 6 25
11 12 20
17 19 7
8 10 21
1 2 15
15 16 1
19 21 17
9 11 14
12 14 4
13 15 19
2 4 28
4 6 30
3 6 11
6 7 10
16 17 20
16 18 7
8 10 14
23 3 20
12 13 13
21 0 22
18 19 6
15 18 7
20 20 9
8 10 13
12 14 1
17 20 15
3 6 23
0 3 22
13 15 21
5 8 25
15 17 1
22 23 22
5 8 6
10 11 10
8 9 18
19 20 14
12 13 14
8 10 14
16 18 10
21 23 11
2 7 21
8 8 30
9 11 19
7 10 19
3 5 28
14 16 12
9 10 4
1 3 30
3 5 7
11 15 1
7 8 23
9 10 20
21 23 27
23 1 5
6 7 23
7 10 15
15 17 30
18 20 1
20 20 12
0 2 13
13 14 5
10 11 29
1 2 18
17 18 22
0 1 20
2 3 20
13 16 20
19 21 6
16 19 7
10 12 18
3 6 10
14 17 18
20 22 2
7 9 2
6 9 7
8 9 2
3 4 24
23 0 25
5 8 1
9 11 27
2 3 17
11 12 24
16 18 12
2 3 3
3 5 9
12 13 14
2 4 9
18 21 18
14 17 11
12 12 3
1 3 17
8 10 5
15 17 26
6 7 20
2 3 25
15 17 19
12 13 5
8 10 3
9 11 5
11 12 3
4 7 6
11 15 22
16 18 13
16 18 12
14 16 2
1 3 3
6 7 27
4 4 16
19 21 25
18 21 27
10 13 1
6 6 27
14 18 19
23 2 28
10 11 17
7 9 20
10 13 20
11 14 11
12 15 27
9 9 22
9 11 17
18 20 9
18 18 23
3 5 21
18 21 21
20 21 8
10 11 30
7 9 27
15 18 20
1 4 15
0 4 21
8 11 15
12 14 5
23 1 18
19 22 27
16 20 27
5 7 23
21 22 3
19 20 5
14 15 21
10 13 21
8 8 8
8 9 16
15 18 14
11 13 1
2 4 8
3 5 6
22 23 26
4 7 12
5 7 10
4 7 11
11 12 28
4 4 8
14 14 12
15 16 12
8 10 11
16 16 7
8 11 3
1 3 13
13 15 13
2 6 1
19 22 30
17 19 14
23 0 24
21 22 8
0 2 2
14 15 5
16 18 20
18 20 23
11 13 21
15 17 12
5 8 27
5 9 25
9 10 3
4 8 2
21 23 5
4 4 5
21 0 9
12 13 20
1 2 5
13 14 14
16 17 22
16 17 24
23 0 18
5 7 2
20 21 2
17 18 11
8 10 6
12 13 26
21 23 30
15 17 13
20 1 12
9 12 21
19 21 19
4 6 5
11 13 24
5 6 26
9 11 9
10 12 5
7 8 29
4 5 21
14 16 1
6 8 25
12 14 20
16 18 2
14 16 3
7 9 4
11 13 7
16 20 7
2 6 24
0 2 25
18 21 12
8 10 23
19 21 30
18 20 27
5 7 9
5 8 26
4 5 11
18 19 10
22 0 5
21 23 10
12 15 12
9 10 19
19 20 15
20 21 10
1 3 6
11 13 13
12 14 8
19 20 16
17 19 30
10 12 27
18 20 17
2 5 1
18 20 3
10 11 8
16 19 24
16 18 18
12 13 25
12 14 4
13 13 12
2 4 15
13 15 1
13 15 16
21 23 30
10 12 5
14 17 5
5 7 22
2 6 19
8 8 7
14 15 7
17 18 19
21 23 6
10 12 5
9 10 3
7 11 8
9 12 2
5 7 29
2 4 6
9 11 20
16 18 21
13 13 15
5 6 16
3 4 12
3 5 6
15 17 22
3 5 7
21 21 4
0 2 14
2 3 24
7 8 23
13 14 26
14 17 12
11 14 25
8 11 6
2 5 19
12 14 20
17 17 28
13 14 16
21 22 11
12 15 13
13 17 1
23 2 7
5 7 9
3 6 6
3 5 11
19 23 10
4 8 20
14 16 28
21 23 27
8 10 1
13 16 28
0 2 7
0 1 19
9 11 16
19 22 27
4 4 27
15 18 26
5 6 9
16 17 16
13 14 25
13 15 30
13 15 29
8 9 2
21 0 5
12 14 28
20 23 12
1 3 5
10 14 9
16 19 28
23 1 26
20 23 21
3 4 13
22 1 15
6 7 10
5 10 12
6 10 6
23 1 7
5 8 27
17 19 14
5 6 17
22 1 24
17 19 17
6 7 25
20 21 6
10 13 6
7 9 24
5 6 8
14 16 10
6 9 3
6 8 15
16 19 15
6 8 21
17 17 28
11 13 14
5 8 11
15 16 28
2 3 30
22 23 24
1 1 20
17 18 13
1 2 28
1 3 15
17 20 24
8 10 10
6 8 12
23 1 1
5 7 15
20 23 5
7 9 27
16 19 16
14 15 25
8 9 10
14 15 11
1 3 22
0 2 22
4 5 16
15 17 4
18 19 24
6 9 8
18 20 30
2 4 19
4 5 5
5 9 8
11 13 20
5 8 13
19 22 9
3 7 26
15 16 10
5 8 30
4 7 16
20 20 6
23 1 1
11 13 7
23 3 23
10 12 30
12 14 19
13 14 3
1 4 21
16 18 6
14 15 21
5 8 1
13 14 15
9 11 8
4 6 30
11 13 26
19 22 1
21 22 18
20 22 7
5 7 11
17 19 4
12 15 3
0 3 7
21 22 11
4 6 22
23 1 4
21 0 13
5 6 7
22 23 24
16 20 22
11 14 2
6 7 23
0 1 1
2 3 30
6 8 1
21 23 15
8 10 5
13 17 9
23 1 1
7 9 19
20 0 27
7 11 4
6 8 19
9 10 14
21 23 27
7 8 14
20 20 3
15 18 14
7 9 6
4 6 29
8 9 20
11 14 2
12 14 17
19 22 7
18 19 26
21 0 23
11 14 30
5 6 27
11 12 6
19 19 20
23 1 21
6 7 28
20 22 7
14 16 21
5 8 10
10 13 24
12 14 5
10 12 24
5 9 24
1 3 10
18 21 24
22 23 13
1 5 5
7 9 3
19 20 26
14 15 13
12 13 7
16 17 24
16 19 19
18 21 28
4 6 25
3 3 14
18 19 14
22 23 17
6 8 23
11 12 1
10 10 2
6 8 21
19 20 6
15 17 2
13 16 10
13 16 29
4 4 14
1 2 2
21 1 5
19 20 5
8 10 7
11 12 12
10 11 15
1 1 13
16 17 8
0 1 12
8 11 4
14 15 13
4 4 14
8 9 1
8 10 13
5 7 10
13 14 20
21 22 5
8 7 15
6 9 18
2 6 9
23 23 27
6 9 25
14 16 30
0 2 27
8 8 25
10 11 27
11 12 5
6 9 13
10 13 25
20 23 21
22 1 22
9 12 15
16 17 23
7 10 23
22 0 28
13 12 5
8 12 4
16 19 10
19 21 16
16 18 11
8 11 19
20 23 15
22 1 12
4 7 19
6 9 21
15 16 10
0 1 17
8 10 21
19 21 30
1 4 12
6 8 10
17 19 21
10 13 4
8 9 6
17 21 15
9 11 24
8 8 16
21 21 30
2 4 17
3 6 5
0 1 19
9 13 5
11 12 25
0 0 29
8 10 4
17 20 2
4 5 15
0 1 6
2 2 20
23 1 14
2 5 27
4 5 19
19 22 8
13 14 28
6 8 10
12 14 8
6 10 18
0 2 23
12 14 23
5 8 10
13 14 29
14 16 28
20 0 26
17 19 30
23 0 22
15 16 3
10 11 21
6 8 9
17 20 19
5 7 16
18 19 3
9 12 24
6 10 18
20 22 4
7 10 30
1 4 10
0 1 29
16 19 17
14 17 6
16 19 24
23 0 21
1 4 18
11 14 22
14 17 6
4 7 21
20 23 26
2 3 15
19 20 19
9 12 3
3 5 4
10 12 24
19 20 4
21 23 23
9 10 4
17 20 27
21 0 27
19 21 5
12 14 15
7 8 15
20 22 9
18 21 26
11 13 19
12 13 18
4 5 24
14 16 21
16 18 21
2 3 6
1 3 24
0 3 8
12 14 15
16 18 7
11 12 22
9 10 12
20 0 11
7 9 11
12 16 30
23 2 14
14 18 27
12 14 21
15 16 9
9 11 17
6 9 20
12 12 13
6 7 26
4 8 13
18 20 20
18 20 10
23 0 1
20 23 23
5 8 23
16 19 4
18 20 13
6 8 29
20 22 15
7 10 13
20 21 5
20 21 19
1 4 5
11 12 28
12 14 20
23 0 13
9 10 4
11 13 1
14 17 25
3 6 25
23 1 10
1 3 25
22 23 21
22 2 19
3 5 17
3 6 11
3 5 11
6 8 8
3 5 20
6 9 7
8 10 14
1 3 12
22 23 12
17 18 29
8 10 19
13 15 15
1 2 19
7 8 30
9 9 4
15 17 5
6 7 25
10 13 11
0 1 19
18 21 6
18 17 11
8 10 18
7 9 2
14 16 28
13 14 1
5 6 13
12 13 23
20 23 8
7 8 16
2 5 10
3 6 2
18 20 20
9 13 10
16 19 27
14 14 22
18 20 21
2 4 17
6 9 16
20 22 1
19 20 11
14 17 20
17 19 28
6 7 26
19 20 24
22 0 22
3 6 2
7 8 15
14 17 6
22 23 26
2 4 20
4 6 30
15 17 27
8 9 15
23 3 24
0 2 8
5 6 8
10 10 6
16 17 29
20 22 11
21 23 26
21 1 5
2 2 28
17 21 17
8 9 2
7 11 4
13 15 30
18 19 11
3 4 1
18 21 18
4 8 19
0 4 7
19 21 2
9 10 6
8 10 26
4 5 22
20 23 13
3 4 29
3 4 10
0 2 7
2 4 14
15 16 12
21 0 28
2 4 16
3 5 15
12 13 5
17 19 18
5 9 29
4 7 11
20 22 23
3 5 15
13 15 7
19 23 2
16 19 8
19 23 22
5 6 20
14 16 20
20 0 24
20 23 25
9 12 16
0 1 10
8 9 16
22 0 12
15 16 4
17 20 2
9 10 15
9 11 29
5 7 20
23 2 18
17 21 4
1 3 5
11 10 10
13 15 29
18 20 15
21 0 14
14 16 14
11 12 27
10 11 8
15 16 3
12 15 7
17 18 10
16 17 10
14 16 8
11 12 24
5 9 10
6 8 26
23 0 24
20 21 28
17 19 19
9 12 2
19 21 11
1 3 29
9 11 1
11 12 15
4 5 24
4 4 2
8 11 21
11 12 22
14 15 26
23 1 17
10 12 26
7 8 29
5 5 26
14 16 23
7 8 27
0 1 15
23 0 16
15 19 13
15 16 3
14 15 9
14 17 24
20 22 11
22 1 5
18 19 11
1 3 25
20 22 4
14 13 26
17 19 11
9 9 6
7 6 27
5 6 19
4 4 10
7 11 4
3 7 8
4 6 12
10 12 13
8 11 14
13 13 15
7 9 10
3 5 28
23 1 8
13 16 2
12 15 28
2 5 10
22 1 14
12 14 20
8 10 4
17 19 30
5 8 23
13 14 11
23 1 28
2 4 18
0 2 19
15 16 25
14 15 25
9 11 14
22 1 22
1 0 20
18 21 14
14 16 4
5 8 27
12 16 15
21 1 2
7 8 14
6 9 1
16 19 22
22 0 15
8 12 7
10 13 16
7 8 19
13 17 27
16 18 13
18 20 27
9 10 6
8 10 18
6 7 26
2 4 4
4 7 10
8 11 16
8 10 6
7 8 12
12 14 19
9 12 30
3 5 13
11 10 18
21 22 1
3 3 18
10 12 6
22 0 29
2 4 12
16 19 23
19 20 18
23 1 2
23 1 29
6 9 13
10 11 30
22 0 2
10 13 2
21 23 15
16 20 30
18 19 5
7 8 16
14 14 1
15 17 5
13 16 22
14 15 6
17 20 13
15 17 7
15 15 20
3 6 26
15 16 4
0 3 18
10 12 5
10 12 5
20 23 24
2 4 20
14 16 26
5 9 4
15 17 28
6 7 15
18 17 6
22 1 28
0 3 7
6 8 16
11 13 18
8 9 7
4 7 9
4 4 22
6 8 23
4 7 4
12 14 7
2 4 9
21 0 28
16 18 5
5 8 8
8 9 21
3 3 2
0 2 17
13 14 19
2 5 14
2 4 1
7 9 8
8 10 17
12 12 13
12 14 10
9 10 10
22 1 16
7 9 5
21 23 21
8 12 27
18 20 1
4 7 5
16 18 30
18 21 30
22 0 24
6 9 30
14 17 13
18 20 4
1 5 15
4 5 15
16 18 26
14 16 14
4 6 17
8 11 19
15 17 14
19 22 2
16 18 1
6 7 21
3 4 22
11 12 28
8 9 12
1 3 19
14 16 18
13 14 27
20 23 12
2 3 10
14 16 27
22 0 13
21 23 28
18 19 4
1 1 28
18 18 7
23 2 24
5 8 28
8 9 7
23 1 17
4 7 4
15 19 2
19 20 26
23 0 5
10 12 9
10 12 18
5 7 24
4 7 25
7 8 28
4 5 23
15 16 7
17 21 8
22 0 2
21 21 3
23 1 22
7 8 28
2 5 13
1 2 7
10 12 11
0 1 20
10 13 5
20 21 8
15 16 24
5 7 3
2 4 18
12 14 26
10 11 4
8 9 9
17 21 17
8 10 6
15 18 7
13 15 24
14 16 5
13 17 1
21 23 12
14 16 7
0 3 22
21 1 19
6 9 14
4 6 8
7 9 10
1 2 28
22 1 17
7 8 12
3 4 13
11 14 5
3 5 12
0 1 22
2 5 3
3 7 12
11 12 22
5 6 18
6 9 26
3 6 16
23 0 21
15 15 5
1 6 22
8 10 24
19 21 30
22 2 4
18 20 15
23 1 15
5 6 5
0 2 18
23 2 15
20 22 2
20 22 23
2 5 5
0 0 29
3 6 5
7 9 19
22 0 19
22 23 21
0 3 12
22 0 7
2 4 1
19 20 11
10 11 4
21 2 30
21 0 18
1 4 26
4 6 19
19 23 18
0 2 30
20 21 11
5 5 5
14 16 20
17 18 6
3 4 18
18 21 23
19 21 30
13 16 26
17 19 19
23 2 21
17 19 25
18 19 4
22 23 4
18 20 15
21 23 27
19 21 30
19 21 7
23 1 1
5 8 30
7 8 24
13 15 6
15 18 24
18 20 23
17 20 16
10 11 12
13 18 23
1 2 11
12 12 16
12 14 17
1 3 18
7 10 29
8 9 26
18 20 21
8 12 27
5 9 13
16 19 20
21 0 2
17 17 7
18 21 20
23 2 11
0 1 22
20 20 13
5 8 10
19 19 6
8 11 18
15 17 6
1 3 13
16 19 5
0 3 26
4 6 5
22 23 14
5 7 4
3 5 8
22 1 14
5 7 19
20 22 28
21 0 1
3 5 19
23 23 3
18 20 23
19 21 9
11 12 6
13 15 8
20 22 4
6 9 6
22 0 26
3 4 26
3 5 24
22 1 14
20 22 29
8 10 14
14 17 29
13 16 19
9 12 30
11 15 3
22 23 6
3 4 30
18 20 24
22 1 17
3 4 16
17 19 30
11 13 15
20 22 12
1 2 15
0 3 30
5 7 15
21 1 6
23 1 14
7 10 25
9 12 4
1 3 1
14 16 1
13 13 7
7 6 9
0 3 24
4 5 10
5 8 25
8 8 26
15 17 28
13 15 14
14 16 19
22 0 15
22 1 19
10 12 19
2 3 15
21 0 6
19 21 2
8 10 20
2 5 10
3 4 18
20 22 23
4 6 2
7 9 26
1 3 24
3 4 2
6 9 19
7 7 14
6 7 1
23 1 8
15 16 21
17 18 30
9 9 30
0 3 2
16 17 5
19 20 8
16 16 8
8 10 11
0 2 4
23 1 14
0 2 11
7 8 2
11 13 17
17 19 27
8 10 24
6 7 29
21 0 29
22 1 12
22 1 3
7 9 12
22 0 18
19 21 29
7 8 17
14 15 26
22 21 14
7 9 24
7 11 7
3 6 14
15 17 13
13 14 27
20 22 10
3 5 19
22 0 9
2 4 28
17 20 18
14 16 18
8 11 16
22 23 26
12 15 11
11 14 18
20 22 15
9 9 12
9 11 8
0 1 5
17 18 2
13 15 24
23 23 21
14 18 29
19 20 21
0 3 26
12 12 2
10 12 20
2 3 7
18 19 14
14 16 8
0 1 7
23 0 28
5 7 10
17 19 2
22 1 17
10 11 15
14 15 17
14 17 14
4 8 9
12 13 16
13 17 24
23 2 7
1 4 23
9 13 30
6 6 23
3 7 22
21 23 15
2 3 14
16 20 27
19 22 27
19 21 18
17 20 4
10 13 8
3 4 19
2 3 16
3 6 13
8 9 1
18 22 9
23 3 30
6 7 1
22 22 8
2 5 6
18 21 28
7 9 17
20 21 14
14 16 15
0 2 17
4 5 19
15 17 5
14 17 9
13 15 7
5 6 6
6 8 18
10 13 25
14 15 17
20 22 9
11 15 17
5 7 23
13 14 24
22 1 16
5 7 12
22 0 24
11 13 26
10 12 16
18 21 5
15 16 8
0 2 26
11 13 12
6 11 23
18 20 12
9 12 20
11 13 20
7 10 30
5 7 9
14 16 4
18 20 19
6 9 11
18 20 10
17 20 11
23 0 12
7 10 27
19 22 18
17 19 22
12 14 3
18 20 13
10 12 17
10 13 1
11 15 3
5 6 30
10 13 26
4 5 8
6 8 6
0 1 10
16 19 17
4 6 23
8 12 7
0 4 13
5 7 15
5 8 14
7 9 16
22 23 6
19 20 11
20 21 1
4 7 24
6 8 6
21 21 4
3 5 29
12 14 21
19 20 13
20 22 11
7 8 20
21 23 2
6 7 23
18 19 16
16 17 1
16 17 26
13 16 15
3 6 13
2 3 28
17 20 21
3 5 9
14 15 28
11 13 22
16 17 17
2 4 8
13 15 23
14 16 13
17 19 9
19 21 23
13 15 6
8 9 26
9 11 26
23 1 6
14 14 25
7 10 24
20 23 26
13 16 23
16 19 21
15 17 19
23 23 15
0 1 30
19 22 17
6 9 24
6 8 20
16 19 5
16 17 3
21 22 3
11 14 27
16 19 5
14 15 9
23 0 15
4 5 27
10 11 19
17 19 14
11 11 30
11 15 25
21 23 26
2 2 27
15 18 24
2 2 28
6 10 19
1 4 10
19 20 11
23 2 26
23 0 30
4 8 20
15 16 18
1 3 10
6 8 10
5 8 14
17 18 2
5 5 16
13 15 19
1 2 15
22 1 28
13 14 22
23 23 8
0 1 5
20 23 5
5 6 18
12 13 16
17 20 8
10 11 30
13 15 21
15 16 26
23 1 16
18 20 5
20 23 24
9 10 21
14 15 23
19 21 3
23 2 17
9 12 24
9 11 4
17 21 26
17 17 9
13 14 6
13 14 30
2 4 7
17 19 1
18 20 10
8 10 11
9 13 8
19 20 2
19 21 22
23 0 28
3 5 19
19 21 12
9 13 5
19 19 30
7 9 30
15 18 2
19 21 24
0 2 30
1 4 18
7 8 6
16 19 16
22 0 28
18 19 18
21 22 6
7 8 16
14 17 26
1 4 13
9 11 21
12 15 1
10 13 11
8 10 8
5 8 24
6 8 21
15 15 30
6 7 2
2 4 19
16 18 17
22 23 19
16 19 24
3 5 20
19 22 15
13 15 18
8 9 28
8 11 4
9 11 25
15 17 16
21 22 27
2 4 17
3 5 28
3 3 20
19 22 6
4 6 16
17 20 1
19 22 10
14 17 10
1 3 14
6 9 23
17 19 21
17 20 7
2 4 20
13 15 23
7 8 16
19 21 24
20 22 24
2 2 27
20 20 28
9 10 28
13 14 3
11 12 4
19 20 1
11 15 9
4 6 5
16 18 7
12 13 5
7 9 22
11 12 3
15 17 5
13 15 13
12 12 7
10 11 20
15 15 13
3 5 29
9 10 9
14 15 7
6 8 8
1 4 25
18 21 23
13 14 26
4 4 24
10 13 2
22 21 6
7 9 1
22 2 30
20 22 27
13 16 9
15 16 26
5 6 12
8 10 24
7 8 21
15 16 16
11 13 29
12 13 5
2 4 28
13 16 9
9 12 23
14 15 14
7 9 23
2 4 23
0 2 25
7 11 17
11 14 28
14 16 16
7 9 30
10 12 18
15 17 22
12 13 13
20 0 26
10 12 19
5 8 8
17 22 30
9 12 15
2 5 19
11 11 25
23 0 23
18 20 8
6 9 1
2 5 7
11 13 8
14 17 9
8 9 17
0 2 29
19 21 27
16 18 23
18 20 22
10 11 19
2 3 19
9 10 8
19 21 29
17 19 1
7 9 11
11 14 4
6 8 6
15 15 23
14 17 28
15 18 13
5 7 15
12 13 26
11 13 13
17 19 22
13 15 12
16 18 20
2 4 18
3 6 28
6 8 6
18 19 7
5 9 6
20 20 6
5 6 13
19 21 13
7 8 26
12 15 10
23 0 16
9 10 2
3 5 24
16 18 7
8 10 11
2 4 8
23 2 26
10 11 30
6 8 26
1 2 7
8 10 8
18 20 28
22 0 4
21 0 8
22 3 26
6 7 16
8 9 6
2 4 18
18 19 25
0 2 9
13 14 11
20 21 14
23 1 4
5 10 15
1 5 28
6 9 1
20 21 16
5 6 2
14 16 30
18 20 4
1 3 1
17 20 4
14 15 28
6 7 28
19 21 16
7 9 15
21 23 1
20 23 19
19 21 6
0 1 26
17 18 4
12 14 1
20 23 27
4 5 11
13 15 17
20 21 28
23 0 14
11 12 11
2 4 30
4 7 9
3 5 23
13 14 28
10 13 9
16 20 1
22 1 10
21 23 26
23 0 3
15 17 27
5 9 17
20 21 17
16 17 15
22 22 7
2 4 1
19 22 8
22 3 9
12 13 2
16 18 13
9 10 23
11 13 26
18 20 18
22 0 2
21 23 30
22 1 4
9 10 30
16 16 26
14 15 29
15 19 14
12 15 6
14 15 21
16 19 1
13 14 14
21 21 24
17 20 10
2 4 20
18 20 6
7 10 10
21 23 4
4 6 16
7 9 8
7 9 1
19 21 29
16 18 7
2 4 5
13 17 13
5 7 3
16 18 6
22 23 23
3 5 21
6 6 27
9 13 22
7 9 5
1 3 19
13 15 20
13 12 11
1 4 7
11 14 14
9 12 9
7 9 28
7 9 25
18 20 21
23 0 7
3 3 14
15 18 24
18 19 18
0 4 18
13 15 24
13 14 6
3 6 25
4 7 30
1 3 24
8 10 21
6 6 27
0 2 29
8 10 19
10 13 26
23 0 25
14 17 4
14 15 5
7 9 7
10 11 4
21 23 2
11 15 5
6 10 3
20 23 18
3 6 7
0 4 15
20 23 1
7 11 6
3 3 1
5 7 6
3 6 11
13 15 8
12 13 9
22 23 2
0 1 11
20 21 13
2 5 22
9 13 4
23 2 28
10 13 27
17 19 6
7 8 11
16 19 30
20 23 2
6 8 2
13 16 3
17 19 1
8 11 8
4 6 10
13 14 12
22 1 8
20 21 25
9 10 20
9 10 8
8 10 22
21 0 21
16 18 14
14 15 29
23 0 26
4 6 13
2 4 24
10 12 27
8 9 23
18 19 3
16 18 28
10 13 15
20 21 22
23 0 4
3 6 26
9 11 21
9 12 11
13 15 28
23 2 10
5 6 3
10 14 5
4 7 21
23 1 15
19 20 21
21 22 25
17 18 3
11 16 19
7 9 12
23 1 16
10 11 11
2 3 5
4 6 26
16 18 4
12 13 28
23 2 1
7 6 6
3 6 21
5 7 3
0 4 13
11 12 13
10 12 5
11 14 29
4 5 25
19 22 2
18 21 7
18 20 24
15 16 2
14 14 12
14 16 8
4 7 23
12 15 23
10 11 25
16 19 16
22 1 22
6 7 30
13 15 3
15 18 3
8 11 19
13 15 10
5 7 30
4 6 24
5 6 30
10 11 27
21 23 12
18 20 3
14 13 16
15 17 8
3 5 19
6 10 3
18 19 20
0 1 16
0 1 23
13 14 30
14 16 25
16 16 8
7 9 10
18 21 2
4 6 28
8 10 17
7 9 10
14 17 19
20 21 5
7 9 22
9 9 5
22 23 7
7 11 26
4 5 22
3 5 18
12 14 29
15 17 15
12 13 2
19 21 1
4 7 1
14 15 30
12 15 10
13 13 16
2 4 29
14 15 13
11 14 19
19 19 20
2 4 23
12 14 8
18 21 14
9 11 21
13 15 22
4 8 2
21 22 16
5 6 18
7 9 20
2 4 23
7 10 25
19 22 17
9 12 22
0 1 27
6 7 3
0 1 10
7 7 2
10 12 26
14 14 9
3 6 28
12 13 14
10 10 14
6 10 27
7 11 26
6 10 12
9 9 20
11 12 19
18 19 12
2 4 8
9 12 10
20 21 29
19 19 25
22 22 11
22 0 30
17 20 8
12 14 30
10 11 20
20 22 30
18 21 11
5 8 20
21 22 27
9 10 1
3 4 8
12 14 14
18 21 21
23 0 21
4 6 23
4 5 27
2 4 12
6 8 7
4 7 5
4 8 13
8 7 26
17 19 30
4 7 7
7 8 20
9 11 12
12 13 4
11 13 19
5 7 9
9 12 5
10 11 4
23 1 20
5 9 23
9 11 5
10 11 6
22 23 19
4 2 9
11 13 13
7 10 9
8 10 3
20 23 1
2 6 1
16 18 15
14 15 11
21 0 5
8 10 20
7 10 1
6 8 21
22 23 29
5 4 27
17 18 3
15 18 20
1 3 26
12 13 8
7 9 12
21 22 12
15 16 24
16 17 29
14 16 5
9 11 4
19 19 2
4 5 4
5 6 28
22 0 16
4 7 20
17 19 14
20 21 29
20 22 30
14 17 13
19 21 25
20 20 11
3 5 28
1 3 26
12 14 11
19 19 1
5 7 27
18 20 2
6 10 10
18 20 12
3 6 16
22 0 18
19 21 14
17 17 8
6 7 14
7 10 24
14 15 8
15 17 20
14 16 9
15 17 17
21 22 28
17 19 20
1 3 22
19 22 17
14 15 21
19 22 2
13 15 13
0 1 2
1 2 20
2 3 10
9 11 17
1 2 2
7 9 9
19 21 13
21 23 12
2 4 3
10 11 23
20 21 10
5 6 10
4 7 22
9 10 8
4 6 20
20 19 17
7 8 5
14 19 10
19 21 24
15 17 22
7 9 16
2 5 25
12 14 11
2 4 15
13 17 27
20 22 19
16 18 28
18 20 23
22 0 27
7 11 24
23 1 23
10 11 18
18 19 16
10 11 13
13 14 30
2 2 24
7 10 25
1 4 13
14 17 7
6 9 9
18 18 9
18 19 29
5 8 7
2 5 5
12 14 8
0 -1 17
6 10 11
22 1 25
0 3 24
15 18 24
11 13 29
14 14 16
23 1 10
5 5 28
18 20 28
23 2 15
23 2 29
1 6 17
20 22 23
23 1 11
15 16 27
23 1 6
3 4 13
18 18 9
5 8 9
1 3 15
4 6 6
12 13 13
11 13 15
11 12 10
11 13 3
11 14 17
8 9 18
20 22 10
20 20 8
22 1 14
14 18 17
14 18 16
14 17 25
16 18 2
0 3 7
16 17 10
15 17 2
7 8 21
13 15 12
2 3 6
22 0 6
18 21 1
9 12 28
12 14 22
0 1 9
14 15 5
0 3 27
5 9 6
12 14 29
13 16 18
16 19 26
15 18 22
4 6 19
23 23 6
3 4 17
5 7 5
2 3 29
16 19 10
19 21 20
0 2 14
3 5 27
12 12 8
17 20 6
1 3 17
6 8 6
3 7 4
20 0 17
13 15 6
21 22 4
13 13 4
8 10 14
13 16 1
12 13 14
11 14 11
20 21 14
5 8 11
19 22 15
22 2 9
2 5 9
20 22 14
9 11 22
15 18 4
4 6 9
19 21 20
13 17 1
22 22 1
2 6 2
9 9 13
16 17 9
6 7 30
15 19 30
13 14 5
6 9 28
19 19 14
4 5 14
5 9 28
4 5 6
5 6 28
5 7 16
15 17 29
21 22 8
6 8 14
23 23 17
8 10 17
18 20 13
22 23 7
3 5 28
6 7 26
16 17 9
20 22 8
1 2 8
20 22 27
15 19 17
15 16 10
1 3 14
6 8 1
18 19 23
15 17 20
1 4 2
3 6 16
1 4 8
11 13 11
13 14 10
6 9 24
18 19 5
7 10 4
0 3 7
22 1 13
14 16 26
13 13 13
12 13 19
16 18 7
10 12 9
19 20 15
17 17 3
18 21 22
22 22 5
13 16 3
20 22 2
20 21 29
12 13 23
1 2 11
17 19 20
14 17 7
13 15 28
6 8 8
17 20 7
14 13 23
23 2 10
17 21 4
11 14 1
17 19 28
8 9 13
18 20 21
13 13 22
6 8 5
1 4 17
17 19 26
4 6 13
3 6 28
11 12 22
20 19 20
6 7 8
16 18 19
13 16 23
1 2 18
3 4 17
8 11 18
22 1 13
10 11 19
3 6 9
1 3 20
14 15 16
4 5 23
20 23 6
1 3 6
21 0 12
6 8 24
2 3 4
13 15 1
20 22 9
7 8 6
10 12 30
16 18 12
15 19 28
7 11 9
20 23 4
7 9 4
0 3 13
17 19 6
21 23 25
1 2 11
12 14 10
7 10 30
8 11 29
10 13 21
1 4 26
7 10 4
10 11 24
7 10 12
0 2 2
16 17 21
22 23 13
20 0 23
2 5 25
14 16 17
8 11 3
1 1 30
17 19 8
2 3 7
13 14 8
17 18 23
4 6 4
21 23 30
0 1 12
14 17 24
20 22 2
1 5 24
0 2 26
7 9 22
18 20 30
12 13 4
9 12 8
10 11 12
17 18 21
20 21 20
3 5 9
10 10 2
0 2 18
6 7 2
11 12 1
8 10 30
19 22 10
19 20 19
1 2 27
22 2 16
14 16 9
6 7 26
10 13 13
1 3 24
17 18 24
0 2 8
22 23 6
18 22 18
18 19 18
0 0 5
23 1 2
23 0 8
8 9 20
10 11 4
1 2 18
0 3 3
22 0 28
16 17 26
