270 30
1 5 12 19 19 24 19 27 3 10 18 3 21 17 1 30 23 13 30 23 18 9 25 16 3 14 9 7 12 9 
10 14 27
18 19 15
23 2 11
14 18 21
20 20 6
9 9 24
10 13 30
18 20 18
18 19 15
1 2 5
19 20 17
13 16 10
19 21 9
13 14 24
20 23 12
22 23 29
6 9 19
16 18 14
7 7 21
11 14 21
17 18 30
12 14 14
8 7 17
21 22 17
4 8 3
23 1 27
19 21 23
9 13 9
6 9 11
1 4 14
2 4 15
18 20 20
6 8 12
14 16 24
21 1 24
18 19 18
19 21 23
19 23 25
0 4 6
6 8 27
10 12 2
16 18 29
16 17 10
0 2 7
4 6 12
9 11 16
14 17 16
18 20 6
20 21 8
20 22 6
22 22 23
16 17 22
19 21 8
4 7 22
20 23 21
14 17 28
13 16 22
17 18 11
11 12 26
5 8 25
6 9 19
14 17 9
12 13 16
1 3 1
16 18 29
14 16 5
8 11 21
8 11 23
21 0 30
7 9 25
14 17 18
1 5 14
5 9 21
18 21 21
1 4 14
10 14 5
18 18 9
14 17 16
7 9 7
1 2 2
5 7 2
9 12 7
6 7 30
9 10 14
16 18 20
1 2 1
0 1 13
0 3 15
8 10 16
14 18 30
5 8 9
23 2 3
2 5 8
11 13 5
1 2 27
11 13 17
7 11 18
21 23 9
22 1 7
15 16 3
6 8 19
7 10 6
14 16 24
0 1 8
13 16 21
20 22 28
11 13 29
1 3 9
10 11 3
0 2 13
12 14 4
1 3 12
18 20 5
4 5 2
7 8 20
0 2 20
11 13 15
4 6 26
20 21 8
20 20 7
20 23 6
0 1 12
7 10 2
4 6 7
19 21 19
21 0 25
20 22 2
2 3 29
22 0 9
3 5 24
5 5 7
5 7 12
8 10 25
16 19 1
8 9 30
4 6 19
13 16 21
19 21 21
8 9 8
2 3 17
2 3 9
7 11 15
9 10 5
5 8 28
11 13 23
5 8 16
1 2 30
14 16 20
23 2 2
9 11 20
20 0 6
12 14 24
8 11 12
11 12 2
14 18 24
8 10 19
3 4 23
16 16 21
18 20 2
4 6 5
11 13 25
17 18 1
3 4 28
22 2 30
20 23 14
20 21 6
8 9 3
19 20 14
8 11 9
9 9 2
18 20 2
7 9 11
5 8 22
0 5 19
6 8 25
12 13 25
3 6 3
17 17 4
3 7 20
1 3 10
8 11 15
17 19 15
21 22 18
12 15 7
0 2 7
0 1 1
22 1 14
23 1 3
1 3 29
20 22 16
6 9 2
12 14 17
12 15 20
21 21 23
15 17 9
10 12 25
2 4 22
4 6 1
14 16 29
18 20 13
0 2 30
20 20 22
22 0 6
12 13 8
17 19 17
16 18 24
16 19 30
23 1 15
0 0 11
14 14 17
5 8 26
6 9 18
13 15 26
11 13 8
8 10 1
11 13 10
16 19 2
3 5 15
16 15 19
19 19 14
9 11 8
6 8 20
3 6 16
11 15 18
12 16 23
20 21 11
20 22 28
23 1 1
7 8 18
16 18 13
4 8 14
4 7 3
15 16 2
20 20 25
12 13 11
22 0 17
3 5 21
14 17 14
3 5 27
21 22 25
13 15 9
13 15 24
0 4 24
7 9 11
17 20 7
19 22 13
20 23 5
22 23 14
4 5 21
10 10 6
14 16 1
4 6 21
1 2 17
4 5 24
7 9 27
4 7 7
20 23 12
12 13 3
17 18 7
13 16 5
1 2 2
18 19 15
22 0 10
11 13 4
8 10 19
8 11 21
10 10 23
5 6 11
2 3 12
10 12 23
