2750 30
23 17 4 7 1 18 20 29 12 14 23 25 26 30 8 17 2 15 20 26 21 24 29 18 26 16 13 15 1 23 
23 2 17
7 9 17
0 2 27
17 21 7
22 0 9
2 3 14
4 6 7
4 5 3
13 17 20
16 17 19
22 2 23
0 2 13
19 22 7
12 13 17
8 11 13
13 15 28
10 13 14
10 11 2
1 2 25
0 3 24
19 19 22
0 2 23
1 2 28
13 15 30
5 7 21
20 21 28
17 19 20
13 15 7
8 11 7
19 22 15
23 1 13
18 22 1
10 11 20
5 10 8
11 13 11
20 23 20
2 4 13
18 18 21
19 21 3
16 19 29
3 5 10
12 15 18
14 16 23
13 16 1
0 2 15
16 16 10
22 1 16
15 19 2
15 17 13
10 11 13
9 10 20
10 12 18
14 16 16
21 0 20
23 1 6
4 8 1
23 2 7
6 9 30
11 13 1
13 16 21
18 20 2
19 22 29
13 17 5
11 13 10
23 1 27
18 20 11
22 22 5
19 22 20
22 1 2
5 7 24
15 18 15
21 22 2
3 4 24
17 19 5
22 0 27
10 11 7
20 23 13
12 15 24
18 21 18
23 1 18
13 17 8
11 12 7
10 12 6
8 10 24
16 17 23
17 19 11
8 10 29
18 21 23
19 21 3
23 1 5
21 0 7
20 20 13
7 8 22
19 22 28
16 16 18
2 3 14
2 4 12
3 5 6
9 11 3
16 18 11
3 5 15
1 3 27
3 6 8
2 2 28
9 12 18
19 21 16
16 19 19
18 20 14
10 12 26
0 2 17
17 19 7
4 6 16
13 16 13
1 2 6
6 9 3
18 18 13
2 4 8
12 15 23
17 17 27
19 21 23
5 7 11
19 21 3
9 11 12
1 2 20
14 15 3
17 19 19
15 17 1
11 13 7
13 18 23
4 5 22
11 11 28
11 12 24
6 9 13
14 18 7
7 9 18
13 15 11
0 1 28
15 16 23
16 19 3
17 19 1
10 12 27
9 14 27
12 14 23
2 4 6
14 16 13
0 3 13
16 18 17
10 13 24
13 14 14
16 20 15
13 14 26
14 17 28
2 6 18
14 16 13
2 2 3
2 2 8
5 7 1
21 22 8
16 18 13
12 14 9
7 9 12
11 13 19
23 1 17
1 2 27
8 11 1
5 6 30
20 23 12
17 19 23
15 17 28
13 16 19
15 18 11
12 13 9
1 3 18
10 13 15
17 18 12
1 4 26
16 17 17
8 10 3
1 4 21
13 16 20
0 2 19
0 1 15
21 22 28
17 18 5
22 23 30
22 22 27
17 19 25
18 19 5
10 13 3
18 21 27
5 7 11
16 18 19
22 1 10
8 10 16
8 10 20
1 3 4
0 1 23
2 5 22
11 13 9
6 6 29
22 0 17
1 2 1
23 1 14
14 18 30
0 3 2
3 5 18
11 14 19
22 0 27
4 7 15
19 20 12
3 7 6
13 14 8
15 17 19
22 23 23
3 7 26
0 2 12
22 0 30
8 11 5
18 17 30
3 5 17
18 21 5
4 6 29
17 19 25
17 18 25
2 4 6
1 2 3
22 0 12
21 22 2
21 23 3
3 4 23
6 7 20
12 13 20
10 13 20
20 23 17
6 8 14
23 2 12
17 18 12
3 3 17
21 23 21
0 2 30
13 14 24
7 9 7
3 7 15
16 19 14
8 8 30
18 21 28
1 3 19
17 18 21
7 7 10
15 17 26
22 0 5
5 9 30
10 12 7
2 1 24
6 8 9
23 1 6
0 3 18
1 2 14
22 2 17
4 7 10
11 14 18
3 5 20
2 3 6
18 19 26
17 18 15
3 5 16
16 17 17
20 22 27
19 21 10
11 13 1
12 13 7
15 17 29
8 11 4
3 5 2
8 11 15
6 9 16
19 21 28
21 22 11
2 4 8
16 19 21
11 13 25
9 10 17
16 20 5
6 9 19
8 9 28
21 23 14
18 22 18
21 22 5
1 4 19
6 8 17
2 5 23
12 14 17
1 3 27
14 17 12
0 0 29
12 14 17
8 9 18
22 0 22
13 14 19
23 1 6
9 13 15
12 16 26
4 7 22
13 16 21
10 11 28
20 22 11
22 23 29
18 20 27
20 22 29
15 15 15
7 11 6
23 1 28
16 20 25
10 11 18
19 21 30
2 5 11
7 8 11
17 20 4
13 15 8
8 9 15
17 18 6
0 3 16
4 9 1
11 12 24
10 12 8
7 8 15
21 22 30
6 9 18
4 6 22
9 11 8
2 4 21
16 18 26
17 18 14
13 15 11
16 18 14
6 8 9
4 6 18
9 12 6
3 6 26
10 11 15
14 14 26
7 8 18
17 19 10
21 23 12
14 17 21
9 11 24
8 12 19
15 20 9
12 15 9
8 12 24
14 16 5
9 12 7
12 15 25
14 16 14
21 22 22
11 13 7
8 11 9
21 0 23
3 4 5
23 0 23
15 15 4
23 2 30
3 5 26
9 11 18
10 13 22
22 0 26
7 9 5
17 20 10
20 23 1
4 7 23
4 5 24
17 18 26
4 7 2
12 13 8
6 9 24
0 3 1
22 1 15
14 18 24
19 21 11
10 11 22
15 16 15
18 20 26
15 18 10
19 20 5
3 5 18
8 12 3
16 18 10
9 11 16
13 14 26
12 15 25
6 8 14
0 2 29
3 7 13
0 3 30
4 9 5
15 18 25
19 22 29
9 11 10
16 17 25
3 4 10
10 11 7
13 17 27
21 20 25
10 12 16
20 21 8
18 21 18
10 13 16
16 19 15
12 15 27
6 10 7
3 7 21
23 1 10
11 14 11
17 19 14
6 8 16
2 4 6
15 15 8
1 4 8
0 2 24
7 9 7
12 15 7
2 2 10
13 14 23
21 23 26
20 23 21
9 13 2
19 22 23
8 9 21
22 1 9
16 18 4
16 17 9
1 2 25
22 23 24
16 19 8
8 10 14
16 19 29
13 14 27
3 3 26
3 6 16
14 15 24
22 23 4
9 13 5
3 4 13
18 21 20
6 7 25
18 18 28
6 9 20
22 1 6
22 0 26
18 19 25
22 0 4
17 18 2
7 10 17
22 23 29
2 5 19
21 0 27
3 5 29
23 0 20
12 17 21
4 7 20
20 23 11
14 17 9
4 8 14
9 11 10
11 14 1
15 16 8
8 10 16
2 4 11
4 7 18
10 12 24
3 4 30
5 8 2
19 21 20
5 6 14
15 16 19
17 18 25
4 6 8
5 8 27
11 12 21
20 22 27
10 13 29
2 4 26
4 6 26
2 4 10
20 21 18
15 17 5
7 10 24
0 3 12
15 14 9
22 0 22
21 23 16
18 21 7
23 2 24
17 18 29
10 13 30
10 13 16
3 6 19
20 0 15
10 12 1
2 3 11
1 3 19
8 9 30
10 12 11
3 6 15
1 2 27
0 4 15
18 20 10
20 22 13
5 8 17
22 0 18
10 12 25
4 7 5
19 21 17
6 9 8
4 6 1
8 10 2
15 17 26
18 21 20
2 4 22
5 6 11
10 13 15
15 16 24
19 21 16
8 9 16
6 9 11
12 14 23
18 17 25
15 17 21
3 5 3
13 15 22
19 21 20
10 12 11
14 15 28
8 10 3
14 18 16
8 10 23
4 7 22
21 23 18
11 13 3
2 4 6
20 22 29
16 17 11
18 19 29
8 10 8
4 5 1
19 20 24
0 3 11
22 0 29
15 16 12
7 9 23
18 19 15
9 11 12
0 2 28
20 21 27
12 15 14
12 13 2
0 3 28
5 8 16
21 22 25
22 23 28
1 4 27
13 14 9
6 8 23
16 18 10
13 14 13
6 8 4
4 6 30
16 17 30
4 7 4
16 18 9
1 2 5
1 5 21
5 6 18
16 20 10
4 5 24
6 9 18
17 19 6
4 8 9
22 1 24
8 8 26
1 3 29
5 8 20
12 14 11
21 0 9
15 17 3
21 22 2
5 8 13
4 6 30
4 5 28
14 17 3
9 12 9
10 12 25
1 3 25
18 20 25
7 10 10
22 23 15
6 9 30
23 2 18
22 0 8
3 6 27
19 21 28
9 11 21
11 11 4
15 16 22
14 17 25
0 2 14
8 11 27
14 15 21
16 19 27
4 4 18
18 21 2
21 23 20
19 21 3
4 6 16
11 13 27
20 23 21
12 12 17
19 22 10
8 11 5
8 10 10
4 7 13
15 16 14
14 16 17
12 15 15
23 1 15
21 0 25
16 19 2
21 23 4
21 0 3
20 22 24
3 6 21
2 4 7
2 4 13
3 5 26
16 18 16
19 21 28
7 9 7
21 0 16
14 16 23
21 0 25
8 12 24
10 12 28
1 3 26
20 22 27
16 17 20
2 6 30
17 20 22
2 4 19
6 7 6
17 16 28
13 15 24
4 5 29
17 19 20
2 4 7
5 8 2
0 2 21
2 4 10
8 11 4
2 4 25
7 6 22
1 4 25
6 8 27
18 22 30
7 9 12
19 22 17
22 23 14
5 7 8
16 18 2
5 5 2
13 14 13
8 9 14
10 11 1
23 1 9
19 23 25
4 6 10
7 9 6
5 7 5
4 8 10
11 12 13
11 14 3
4 7 5
11 13 19
1 2 9
13 16 6
11 15 4
19 19 15
10 12 23
6 7 24
19 21 11
6 8 26
19 22 30
3 5 14
2 5 15
20 20 30
11 12 29
20 22 4
23 2 25
8 8 13
0 3 22
18 20 6
7 10 2
18 19 6
18 21 21
4 7 17
23 2 9
9 10 10
18 19 22
2 6 28
21 23 5
14 15 3
23 23 25
4 6 10
6 8 20
8 12 11
10 11 11
3 5 4
21 0 5
0 1 15
9 12 1
10 12 21
15 15 13
0 2 15
2 3 23
8 11 12
2 4 30
8 9 12
23 0 28
4 7 9
10 10 12
4 7 19
11 13 12
11 13 27
17 18 12
21 21 20
3 5 23
0 2 13
15 16 10
11 12 10
8 10 30
11 13 5
22 0 24
18 21 6
13 15 30
14 16 9
10 10 16
19 21 18
14 17 21
9 13 4
12 14 11
3 5 17
8 8 28
22 23 23
20 23 15
22 23 9
7 10 27
19 20 6
18 22 20
17 18 4
9 13 17
23 0 4
15 17 11
13 15 12
11 12 5
15 14 26
14 16 26
0 -1 7
4 6 18
6 10 20
4 6 2
2 3 15
17 18 25
22 1 28
20 21 16
8 8 25
8 12 12
12 15 14
11 13 19
12 15 20
12 13 6
5 8 29
18 18 3
12 15 22
20 23 14
20 22 20
2 5 13
19 21 13
9 11 11
0 3 24
9 10 13
0 2 18
8 9 15
2 4 21
14 17 13
4 5 27
2 6 2
8 9 29
21 1 15
19 20 11
22 0 3
3 4 12
14 19 12
17 21 8
13 16 4
13 16 12
18 21 15
13 14 22
15 17 18
21 22 24
11 13 15
4 6 27
16 18 14
12 12 6
17 19 28
15 17 2
17 19 3
22 1 25
21 0 12
16 17 12
9 11 10
1 1 1
17 20 9
9 12 8
10 12 27
1 3 4
6 7 5
0 3 10
5 8 8
7 8 21
3 6 25
16 18 27
18 22 2
22 23 18
19 21 14
18 21 8
5 7 4
16 20 26
23 0 6
0 2 22
4 6 22
5 7 15
16 18 30
16 17 28
8 10 30
8 11 23
5 6 29
22 22 23
13 14 14
21 22 25
20 23 8
5 7 13
7 10 12
2 4 22
17 19 17
23 23 28
19 22 25
23 4 18
17 20 20
23 1 5
21 21 4
16 16 22
17 19 20
14 16 5
8 9 15
12 15 8
18 20 17
8 11 2
3 6 4
9 12 1
17 18 22
6 9 4
17 21 16
9 11 3
20 23 30
17 18 16
3 4 13
21 21 27
5 8 20
21 1 12
15 16 17
0 4 27
7 10 6
9 11 20
7 11 3
1 3 24
0 1 17
0 2 1
21 22 25
4 6 26
14 19 11
9 11 13
5 7 30
22 0 20
3 4 13
8 10 16
17 19 18
13 15 20
10 13 13
10 12 23
14 16 22
8 10 8
21 23 29
20 0 29
15 16 24
12 14 27
22 23 14
9 11 24
16 18 6
10 12 10
16 17 11
17 21 14
4 7 2
5 6 7
21 22 13
14 15 1
5 7 16
3 6 12
3 6 23
11 12 10
2 5 19
5 7 15
18 21 27
8 11 2
16 18 20
21 0 22
13 14 2
3 4 19
10 11 4
10 13 26
17 19 14
1 3 15
8 11 22
23 0 27
1 4 18
7 8 6
20 23 25
20 0 27
10 13 30
2 5 26
12 12 4
9 10 12
3 4 20
2 5 23
23 3 18
21 0 24
5 7 18
18 20 2
5 7 28
3 6 12
16 17 1
9 11 13
17 19 27
8 10 14
3 5 14
3 5 6
19 21 4
16 18 10
17 19 14
15 18 19
14 15 16
3 4 15
3 6 21
6 8 26
15 16 10
16 18 7
10 13 27
3 4 8
2 4 7
21 22 16
15 17 24
14 13 24
7 10 7
1 5 13
8 9 25
9 14 21
13 15 30
4 5 4
12 13 24
12 13 8
1 1 7
19 20 6
13 15 4
12 14 14
11 11 24
11 14 4
5 6 24
0 1 29
19 22 27
2 5 30
0 3 11
19 20 12
0 3 2
20 23 25
4 7 1
7 9 2
8 9 9
16 18 30
16 18 24
20 23 24
23 23 28
5 8 18
1 3 18
12 12 22
7 8 5
21 0 29
10 11 11
0 0 8
19 20 20
9 11 2
20 23 3
9 10 7
3 6 1
12 14 21
18 21 17
20 21 12
3 7 25
19 20 5
3 5 11
21 0 1
1 1 28
7 10 22
10 13 19
18 20 4
1 5 7
0 5 4
1 2 25
9 11 2
9 11 22
3 5 26
15 17 5
21 23 17
0 1 13
11 14 25
3 4 12
12 14 28
6 5 5
2 3 3
22 0 5
10 13 20
13 15 2
20 21 7
7 10 4
15 17 16
6 8 10
3 5 21
21 0 13
2 6 27
12 15 11
13 14 25
5 8 5
20 0 23
6 7 29
0 1 28
11 13 26
5 6 30
3 5 7
3 5 19
21 22 2
11 13 1
21 23 27
13 13 28
8 10 11
19 20 11
7 9 1
11 12 17
20 20 11
5 8 2
19 22 9
6 7 28
16 17 24
16 20 8
5 8 11
14 15 6
6 8 10
1 1 23
20 19 6
9 11 22
22 22 21
4 8 18
21 21 10
17 17 7
4 5 9
3 6 18
22 1 20
4 5 5
2 4 17
13 17 10
1 2 14
8 8 15
19 21 1
22 0 21
20 22 15
6 9 30
19 21 4
4 6 12
9 10 21
11 12 1
19 22 13
11 13 29
8 9 3
18 19 6
3 5 28
9 12 7
23 2 24
3 5 16
18 21 25
1 3 19
7 8 18
11 12 28
10 13 14
23 2 29
8 9 22
16 19 15
19 21 28
17 19 28
17 20 21
12 13 27
20 22 9
2 6 9
15 17 14
11 11 11
4 6 16
12 13 3
6 9 12
15 16 9
14 16 4
2 5 27
7 9 25
0 3 29
21 23 26
18 21 7
8 11 24
1 2 8
5 8 6
13 16 29
9 12 21
23 1 23
21 23 4
13 14 7
23 1 23
2 4 23
1 3 16
12 14 23
14 16 24
7 9 13
20 21 1
8 12 20
2 3 25
8 10 8
18 21 14
7 9 10
7 9 20
0 0 4
19 22 13
19 20 29
14 17 2
15 16 26
22 23 13
15 18 12
1 4 2
16 18 8
4 7 2
8 10 11
18 17 21
5 8 25
12 14 19
6 7 19
0 2 11
17 18 5
3 5 17
1 2 15
21 0 19
12 14 20
12 14 2
16 18 1
20 21 28
23 1 19
5 8 4
17 18 25
9 11 9
7 11 17
5 7 16
10 11 23
8 9 6
18 21 13
22 1 26
2 4 21
10 12 29
20 21 27
7 6 24
4 6 30
22 0 15
7 9 5
13 14 8
1 3 19
14 16 24
23 2 13
6 6 23
12 13 25
5 8 15
22 23 19
15 19 7
0 1 2
1 4 22
14 16 7
10 12 4
1 4 11
11 13 10
7 7 2
16 18 8
8 9 8
15 18 11
8 10 27
18 19 9
13 16 11
21 1 28
1 3 7
12 15 19
12 14 22
16 19 29
9 10 17
15 17 30
12 14 16
16 18 29
6 10 16
0 5 17
3 4 30
10 15 16
19 21 4
2 3 5
21 23 21
11 13 26
11 14 4
7 8 1
15 15 2
5 6 27
12 15 6
12 13 22
23 1 25
17 19 25
13 15 14
0 1 24
12 14 22
13 16 1
10 12 17
14 16 1
20 22 26
12 13 2
14 14 1
8 11 18
7 8 19
10 13 11
22 0 30
9 11 16
0 2 30
14 16 19
18 20 16
16 19 6
22 1 30
18 19 17
18 20 15
2 4 11
1 4 24
8 11 17
1 3 9
5 7 29
8 9 22
2 3 22
19 23 9
3 4 1
23 3 5
12 16 3
3 6 3
0 2 10
12 16 23
20 21 12
3 6 5
20 0 10
19 19 30
11 14 25
0 1 3
17 19 22
2 5 28
5 7 28
2 2 6
5 9 18
23 23 15
7 10 19
17 19 17
3 7 25
1 3 29
14 16 11
14 17 19
19 22 21
15 18 6
21 0 5
7 7 20
6 11 4
10 14 7
23 23 11
14 15 25
21 23 9
6 8 25
0 3 7
4 7 11
20 22 7
13 14 10
16 18 28
0 2 13
10 13 30
18 21 22
4 5 13
16 18 24
15 17 26
17 20 14
12 13 21
5 4 22
10 11 29
11 13 28
20 23 18
2 4 4
9 11 19
12 15 8
12 13 20
5 8 3
13 15 9
12 14 26
16 18 6
20 0 29
16 18 29
6 8 17
5 7 15
5 9 12
4 4 19
20 22 2
7 10 12
4 6 8
14 16 16
23 0 6
5 8 8
11 13 29
9 11 3
11 12 2
14 16 5
15 17 17
2 3 29
14 17 1
17 19 27
6 8 7
18 21 24
8 11 17
6 7 1
23 2 1
9 13 13
6 9 29
23 1 29
15 17 18
1 2 17
9 11 14
7 9 22
10 13 14
15 18 6
7 8 15
1 2 21
15 16 24
13 14 25
18 21 23
11 12 10
3 5 28
5 6 2
17 22 8
4 6 24
9 11 25
9 11 16
12 14 23
21 21 11
5 7 5
10 13 30
2 4 2
18 20 5
3 4 11
21 22 3
18 20 12
0 1 19
20 20 28
21 23 13
21 23 21
16 17 26
0 3 5
1 3 8
19 22 24
13 17 2
2 5 19
23 23 28
12 15 25
14 16 1
20 0 26
11 14 1
1 2 11
17 18 10
16 18 28
23 2 28
12 13 21
10 11 6
0 0 12
4 7 12
5 6 10
3 5 4
3 5 11
0 3 24
18 20 22
22 22 15
18 21 15
1 2 22
18 21 5
10 13 19
15 19 11
12 14 8
12 15 24
22 23 11
5 7 29
6 7 27
4 6 8
1 2 14
7 9 7
22 0 13
21 23 20
1 4 2
6 9 16
2 6 4
5 8 4
22 1 20
12 14 5
6 7 7
17 20 30
7 7 21
16 16 22
21 22 4
5 7 27
15 17 16
19 21 27
12 14 3
9 11 8
23 2 27
5 8 18
7 9 14
14 16 2
13 14 11
11 12 27
12 13 14
5 6 5
13 16 13
15 18 28
19 19 21
17 18 12
7 9 8
12 14 24
21 21 18
21 23 8
7 7 15
8 11 16
14 16 22
5 7 16
21 23 18
17 20 26
10 12 5
1 2 30
10 10 12
18 20 14
8 11 26
4 6 11
23 0 9
10 13 11
7 7 9
21 23 22
11 12 16
9 11 14
17 19 25
19 21 30
1 2 22
2 5 14
22 1 10
8 9 17
14 16 26
10 11 28
18 19 5
22 22 2
16 16 10
16 18 15
6 8 18
13 14 29
13 17 12
0 1 15
17 20 2
23 1 5
0 0 21
22 1 4
6 7 17
5 7 4
0 0 20
21 23 20
19 21 3
5 5 15
2 4 26
2 4 24
14 16 23
11 13 26
7 11 27
7 9 7
21 0 22
10 11 19
19 21 27
6 9 16
3 4 6
12 15 9
8 10 23
10 12 13
4 5 7
11 13 24
16 17 15
20 21 19
3 6 21
8 9 4
11 11 8
2 4 29
4 6 2
17 19 2
16 17 13
23 0 15
13 15 29
17 19 19
23 1 10
3 4 24
1 4 17
9 11 2
1 2 17
7 9 20
18 18 13
13 14 2
23 2 24
18 22 18
20 22 20
0 1 17
15 18 21
7 9 16
10 12 23
9 11 26
12 14 10
5 8 5
11 14 15
13 14 4
8 9 10
2 2 13
12 13 24
2 5 27
13 13 2
15 15 10
17 21 23
18 20 26
2 5 5
10 11 19
8 10 14
10 13 7
0 3 9
14 16 15
2 5 29
0 2 18
3 3 11
7 10 3
10 10 13
14 15 24
22 0 17
11 13 4
20 21 1
23 1 28
22 23 30
10 11 6
8 9 20
20 20 14
8 9 18
14 15 27
7 10 14
16 19 18
9 10 22
3 5 24
2 3 19
15 15 1
22 0 23
21 22 20
6 6 27
5 9 15
12 13 28
3 3 15
1 2 30
6 8 10
0 4 16
18 18 14
3 6 6
2 3 4
8 10 28
4 6 2
8 10 19
22 23 2
9 11 13
1 2 10
13 16 16
2 3 30
16 17 11
5 6 12
1 2 21
12 14 14
14 16 19
14 14 11
21 23 18
22 1 2
16 20 12
21 22 25
20 23 29
4 5 21
2 5 29
18 20 30
15 18 19
20 21 18
12 13 4
4 6 9
7 9 5
12 13 23
8 11 21
23 2 28
1 3 1
5 9 30
13 16 24
15 15 12
2 4 9
1 4 14
10 12 28
3 5 16
13 15 7
23 1 28
18 20 19
23 0 21
13 17 7
3 5 6
8 9 23
21 23 29
17 19 6
12 14 16
6 8 14
0 3 19
7 9 26
11 14 17
14 17 2
7 8 22
22 23 25
10 12 20
14 15 12
21 23 29
17 19 15
1 1 6
22 0 14
23 23 22
4 5 1
1 4 2
7 8 2
23 0 2
2 5 22
18 20 8
9 11 5
8 8 8
9 11 1
1 3 26
17 21 9
16 19 24
13 12 5
13 13 22
15 18 15
6 7 20
10 13 24
14 17 2
11 13 6
12 14 2
5 6 13
1 3 10
19 22 21
19 22 20
18 21 21
21 23 6
8 10 23
15 16 21
3 6 27
1 3 27
10 11 11
9 12 19
5 7 24
2 3 20
13 14 20
6 8 13
9 11 1
12 14 7
15 16 23
12 15 8
10 12 29
18 20 15
5 7 26
8 10 20
2 4 30
13 15 16
5 7 15
5 5 1
15 18 19
6 9 3
2 5 25
20 21 16
9 11 5
19 21 20
8 9 17
7 8 30
2 2 1
12 13 24
17 21 15
0 2 5
1 2 27
9 11 28
6 10 23
17 18 15
7 7 4
2 4 26
2 4 4
14 16 6
4 5 20
22 23 13
22 1 10
3 6 11
5 8 3
21 22 16
4 5 6
5 7 3
14 16 16
6 7 20
18 20 4
3 4 23
18 21 10
4 6 2
16 17 1
8 10 20
9 11 26
20 21 22
1 4 30
12 15 2
17 19 25
12 14 14
7 10 21
3 4 7
2 4 1
0 1 14
9 10 16
21 22 16
22 22 1
6 8 29
1 3 25
3 5 19
3 6 7
5 8 20
4 7 30
20 0 4
10 11 16
11 13 26
12 15 7
12 12 4
6 8 11
20 22 2
9 10 20
17 19 6
18 20 14
22 23 22
12 15 22
4 7 6
21 23 4
11 12 20
3 6 12
10 12 2
7 10 2
10 12 11
0 2 14
11 13 13
8 10 11
22 1 30
12 13 13
0 3 2
6 7 19
20 22 14
17 19 26
18 22 17
2 4 17
16 19 20
9 10 21
13 15 7
10 11 25
15 17 23
6 8 13
9 13 9
19 20 4
20 21 5
23 1 26
12 15 27
20 22 12
6 9 9
17 19 23
2 4 14
11 13 2
16 17 14
2 5 28
12 13 20
1 3 14
14 18 28
16 18 1
14 17 11
6 8 13
21 21 22
12 15 10
16 18 29
23 2 14
7 9 27
12 14 21
16 19 1
8 9 29
10 12 23
5 7 19
17 19 4
16 17 12
15 18 21
19 22 15
8 10 20
2 3 30
19 20 19
11 12 5
12 13 16
10 11 15
15 16 28
19 22 19
16 18 15
17 19 27
8 11 7
23 1 7
3 6 20
12 15 19
4 7 22
19 22 19
7 8 10
22 0 26
11 13 7
11 14 18
11 13 4
22 1 28
2 6 13
5 6 20
18 21 1
18 21 23
22 0 29
8 11 10
18 19 6
0 2 8
1 4 4
22 0 3
6 8 20
12 15 1
8 9 15
12 12 4
16 19 10
23 3 13
9 13 13
1 2 20
8 12 4
2 4 9
5 7 4
9 12 19
23 2 25
21 0 3
14 16 18
23 0 30
0 2 16
17 20 29
1 3 1
20 22 16
1 3 21
5 7 2
2 5 11
23 0 12
16 19 2
8 10 24
17 17 24
7 10 20
8 11 17
7 9 15
15 17 22
12 15 30
0 1 6
19 21 27
3 7 24
0 2 24
12 12 23
23 2 29
20 23 4
3 4 19
11 13 16
4 6 21
1 4 3
1 3 16
3 5 2
6 8 12
13 15 8
4 4 9
14 15 9
2 4 30
7 8 8
16 19 22
21 1 2
9 12 23
22 23 22
7 8 10
17 19 14
12 12 29
13 17 26
17 19 3
21 23 16
6 7 2
21 0 16
23 0 26
19 20 19
6 7 17
14 16 7
17 19 20
13 14 30
16 17 24
7 9 5
9 10 18
8 9 20
4 4 25
2 5 18
19 22 2
21 23 1
17 19 18
18 20 3
17 20 29
21 21 11
8 10 30
14 18 4
2 4 26
19 21 22
3 5 19
19 21 17
13 15 22
0 2 13
6 8 9
22 23 15
16 17 13
10 11 12
3 5 11
0 3 14
11 15 19
12 15 1
15 17 18
18 20 3
16 18 14
14 18 8
6 7 3
12 13 30
0 4 19
5 9 20
6 6 15
20 21 14
3 7 25
11 13 15
11 14 22
11 12 21
6 8 20
10 13 1
6 8 3
6 9 6
9 11 13
1 2 5
3 6 11
0 3 22
1 4 10
7 7 14
3 5 22
4 5 3
3 4 21
2 3 6
2 5 5
12 13 3
3 6 11
4 5 3
5 8 17
21 0 11
5 7 3
14 17 24
17 19 18
6 10 30
3 6 10
21 23 23
18 21 20
9 10 27
19 21 12
10 13 28
6 9 27
18 19 24
17 18 13
21 21 23
6 8 12
6 7 4
5 7 22
6 8 27
21 0 26
19 19 29
0 3 27
22 1 12
4 5 23
18 20 13
23 1 15
22 23 21
23 1 29
2 4 12
9 9 3
1 3 22
6 9 22
7 10 11
5 8 22
8 9 15
9 10 12
13 15 27
8 10 10
21 0 5
7 10 24
10 14 28
19 20 26
14 16 28
9 11 29
15 17 1
11 14 7
11 13 17
12 14 17
10 13 2
11 13 13
4 5 25
17 19 17
15 16 11
1 3 1
7 9 7
3 7 30
21 0 22
21 21 28
2 4 19
18 19 21
12 13 23
1 1 21
14 17 27
22 1 18
2 6 16
2 6 18
17 17 16
8 11 11
6 9 30
22 1 25
21 23 7
17 17 21
15 17 29
5 7 28
1 3 2
3 4 4
18 19 4
16 18 19
7 7 28
18 21 28
5 6 11
17 19 28
14 16 24
19 21 7
9 12 17
20 22 7
1 2 10
22 0 23
13 14 9
5 7 4
17 20 24
17 17 22
5 7 14
14 16 6
6 8 23
8 10 12
14 16 23
16 18 9
14 17 15
1 2 7
21 22 19
19 22 3
22 23 2
11 14 11
17 19 11
7 9 14
12 13 20
1 2 15
5 8 11
16 18 22
12 15 21
1 4 10
0 0 18
22 23 2
3 5 20
13 15 27
15 17 17
16 16 25
21 0 5
6 7 23
3 5 3
6 9 12
9 11 18
7 9 30
18 21 8
1 5 6
4 6 19
12 13 14
20 21 13
9 11 13
16 18 29
19 20 7
12 15 3
12 11 3
3 5 22
0 3 11
17 18 30
3 5 16
21 22 25
9 11 27
19 23 17
8 11 24
6 9 5
11 14 19
22 0 19
23 2 8
16 19 3
2 3 11
21 22 27
15 16 2
2 5 4
15 17 3
4 5 16
7 10 3
9 12 25
5 7 6
1 4 15
4 6 30
21 1 2
0 0 24
12 15 19
4 4 12
4 6 3
11 13 25
4 6 6
21 21 3
10 11 21
4 5 4
19 19 11
13 16 19
14 17 16
8 12 23
6 8 1
16 18 10
5 7 12
0 0 29
6 7 9
20 22 20
17 20 6
9 10 24
6 8 18
8 9 22
1 4 23
13 15 25
0 2 8
2 3 21
14 15 12
0 2 25
12 16 8
15 17 17
18 21 16
10 13 13
20 21 13
13 14 25
21 23 28
13 15 9
20 21 21
1 4 30
9 10 2
21 23 8
0 3 24
7 8 24
12 15 26
14 16 24
20 23 30
13 13 26
19 20 18
22 1 15
14 16 16
4 5 12
20 23 7
3 5 3
1 3 14
19 21 27
2 4 30
14 16 24
7 8 17
12 15 7
9 10 7
7 9 8
3 5 19
4 6 30
11 12 30
22 23 12
14 16 9
19 20 29
4 6 18
8 9 24
16 17 20
9 12 14
14 16 29
19 20 24
14 16 27
9 11 8
15 16 19
10 11 9
0 2 28
20 22 23
13 15 24
2 2 25
0 4 25
5 6 22
14 16 25
5 7 3
16 15 30
23 1 21
16 17 20
23 1 6
9 12 15
9 12 15
21 23 21
13 16 17
18 21 4
23 2 1
10 13 5
18 20 22
2 4 13
12 16 15
8 11 22
18 21 6
23 0 3
22 0 16
1 2 19
11 13 7
6 7 9
4 8 2
17 18 7
5 9 11
10 12 20
12 14 14
0 1 22
21 1 6
2 4 9
21 0 30
23 2 12
13 15 5
4 7 24
16 19 28
6 7 24
0 2 6
20 20 19
19 22 9
19 21 19
21 22 13
9 13 29
5 7 9
12 14 18
10 13 27
16 17 12
15 18 25
2 4 20
1 2 23
15 17 18
20 22 7
10 13 17
19 22 27
5 7 27
22 1 23
10 11 13
1 2 22
1 3 16
10 12 12
1 2 20
3 6 6
22 0 3
16 18 20
13 15 2
6 8 26
18 19 18
0 3 16
22 23 6
0 3 29
18 20 6
2 5 13
23 1 13
15 17 5
16 18 9
23 0 10
13 15 7
18 18 2
16 17 18
16 16 28
14 16 28
10 12 29
15 16 7
17 18 18
22 23 8
5 8 3
10 13 6
11 13 8
23 1 17
6 10 7
16 18 27
15 17 2
0 1 21
16 18 13
15 18 3
10 13 26
17 20 2
21 23 16
7 10 28
10 10 13
2 4 13
7 10 19
2 4 1
15 19 30
9 11 27
5 7 23
3 4 17
1 3 30
9 13 5
0 2 19
5 7 29
1 3 29
21 1 30
2 5 7
22 1 18
5 5 15
9 10 11
16 16 19
2 4 1
11 12 18
5 8 1
2 5 7
14 16 5
5 8 3
14 16 28
18 20 22
21 21 9
11 15 22
20 23 4
23 1 30
5 7 9
2 4 12
2 6 15
0 2 19
10 11 20
15 19 3
17 20 8
17 20 27
16 18 7
13 14 27
21 22 12
15 18 27
6 8 18
14 15 22
21 23 4
19 21 21
21 22 3
12 13 19
0 3 18
3 4 19
11 14 1
3 4 19
11 14 11
22 0 27
4 8 1
3 4 27
15 15 6
20 21 20
12 13 1
15 15 27
5 7 20
17 19 1
16 21 6
5 6 8
22 0 10
17 20 4
9 12 16
8 10 25
14 16 4
1 3 1
2 4 25
8 8 12
20 22 30
4 6 13
20 22 10
0 2 20
0 1 27
8 10 21
5 8 1
22 0 27
20 22 27
2 2 14
14 18 20
19 22 16
23 23 16
4 6 11
2 3 17
4 4 8
20 23 28
20 1 15
19 21 12
0 1 11
13 16 15
21 22 5
3 5 22
11 15 25
17 19 10
22 22 25
9 10 9
11 13 6
8 10 9
1 4 23
9 8 23
21 22 25
13 13 4
22 21 20
9 10 18
11 14 1
19 20 27
21 21 20
21 23 6
12 13 12
23 0 8
10 10 22
7 8 8
5 6 20
17 20 25
9 11 16
9 12 26
5 8 17
10 11 8
1 3 21
9 11 21
2 5 27
7 9 29
18 20 29
21 23 2
17 18 27
0 1 30
14 16 9
21 1 27
12 16 11
7 9 20
7 9 8
22 1 12
12 14 9
6 7 9
19 21 10
3 4 29
11 11 1
15 17 25
6 6 25
8 10 29
6 9 8
12 14 15
10 12 29
7 9 24
20 22 24
21 23 25
2 4 14
10 11 10
13 14 3
2 4 4
20 21 5
9 10 3
10 13 5
3 7 11
5 8 19
3 6 25
22 1 29
7 8 27
19 21 12
5 7 11
11 12 1
18 21 29
16 18 1
2 3 29
17 20 27
13 16 25
10 12 13
14 17 19
14 16 19
8 11 8
16 16 3
4 7 23
20 22 1
7 9 14
23 23 16
20 21 2
0 2 11
14 17 26
5 7 16
12 16 6
8 11 18
8 11 30
23 1 23
20 23 25
6 8 1
9 10 30
9 12 5
14 16 1
23 1 18
4 6 21
1 2 8
20 22 8
7 9 8
3 7 17
0 0 24
11 12 26
12 15 30
0 5 7
11 12 7
16 17 29
16 20 19
18 20 15
2 4 25
6 10 15
5 6 13
12 15 8
19 21 26
23 2 24
10 12 9
13 16 16
15 17 21
5 8 10
23 0 3
16 18 23
13 17 27
5 7 18
5 9 10
3 5 12
9 11 6
23 1 3
14 16 11
18 20 27
19 20 10
17 19 28
16 18 25
7 9 30
1 3 7
20 21 16
6 9 20
4 5 3
22 0 2
20 22 2
20 22 9
19 20 19
18 19 28
22 2 13
8 11 6
5 6 28
14 17 10
23 1 11
2 5 12
8 11 30
14 16 30
3 5 2
17 18 25
22 23 5
18 20 4
22 1 16
4 6 10
6 7 3
23 1 18
19 21 13
19 19 27
3 6 26
9 10 4
1 2 19
21 23 3
20 22 17
15 19 1
21 23 22
14 16 8
23 0 12
5 8 16
9 10 19
23 1 22
2 3 10
4 6 8
19 22 13
14 15 15
10 12 22
5 7 6
15 17 18
20 22 19
16 18 1
10 14 14
4 5 2
8 11 22
7 10 12
22 0 20
7 8 30
20 22 26
9 11 26
18 20 27
20 23 26
6 7 26
10 11 14
13 15 11
0 0 9
13 14 2
7 9 4
16 19 6
7 8 21
23 2 3
11 15 7
23 2 18
14 17 7
8 10 1
18 19 7
19 22 3
9 12 17
22 23 16
16 20 19
18 20 28
1 4 14
20 20 16
20 22 28
23 2 3
18 20 2
12 14 7
8 11 20
16 19 16
13 13 30
9 11 24
21 22 15
13 15 10
4 7 24
16 18 6
13 13 25
13 15 14
19 21 4
9 12 30
23 2 24
14 16 28
19 21 29
0 0 27
6 6 15
21 22 5
5 8 12
14 16 23
1 3 9
18 21 20
15 17 26
22 23 25
21 21 9
5 5 15
9 10 15
11 14 16
15 16 23
21 23 12
7 9 19
16 17 6
12 14 8
4 6 10
13 14 17
21 23 19
23 1 5
21 22 3
7 9 6
21 23 22
17 19 2
13 13 16
22 0 5
17 18 4
7 8 1
20 21 27
19 21 14
0 2 11
21 22 6
11 14 2
11 14 26
0 3 13
14 17 5
9 12 16
15 17 15
14 16 2
20 22 13
3 5 16
15 20 25
20 21 11
4 6 26
3 6 3
9 11 27
4 6 4
21 1 1
23 1 3
15 17 27
21 23 29
14 16 30
4 7 25
21 0 8
9 13 14
8 10 15
17 20 10
1 2 24
12 14 7
20 20 1
16 18 29
2 3 12
8 11 18
19 0 18
1 3 9
15 16 24
18 21 7
4 7 3
0 2 23
23 2 28
18 19 1
2 5 7
14 15 2
22 0 30
0 2 29
17 18 2
12 15 23
18 20 10
1 3 12
16 18 12
21 21 28
11 13 14
9 11 28
6 8 17
0 1 23
16 16 14
