2700 30
3 26 24 11 14 13 4 9 20 8 9 22 15 9 26 27 6 11 22 11 4 9 3 14 12 6 26 26 16 8 
18 20 7
17 19 24
19 23 27
22 2 5
15 17 12
16 18 8
4 7 1
22 1 16
18 22 22
1 3 15
13 14 16
3 4 29
17 21 10
1 3 20
8 11 2
15 15 14
15 17 1
14 16 20
15 17 29
11 13 17
3 4 30
22 0 14
10 12 11
4 7 28
1 2 26
7 10 14
16 18 9
16 19 12
17 18 9
11 13 18
19 20 15
11 12 22
20 20 17
18 19 16
7 10 3
0 3 18
19 20 3
19 20 9
19 20 18
23 1 22
16 18 15
15 16 7
2 4 28
1 1 16
0 4 18
10 13 2
19 19 9
14 17 10
4 7 12
18 22 13
16 19 7
11 14 22
16 19 30
19 20 27
1 2 10
12 14 7
5 6 13
20 21 8
16 18 16
22 0 11
8 9 19
20 0 3
13 13 30
20 21 26
14 16 30
11 13 1
13 15 7
5 7 13
9 11 26
20 21 10
20 23 23
4 4 14
11 14 5
13 15 30
7 8 7
19 22 1
4 5 30
4 6 21
13 14 5
16 19 10
12 13 13
13 15 23
14 16 15
21 1 28
1 2 23
5 7 1
5 6 13
23 0 8
18 20 17
23 3 29
4 5 29
2 4 11
18 21 8
22 0 19
21 0 29
11 13 7
6 6 12
3 4 25
16 18 11
20 22 2
15 17 3
9 13 18
4 7 28
10 13 9
9 12 23
5 7 11
2 6 22
4 7 15
8 8 1
23 1 6
2 6 1
10 12 18
9 10 7
10 13 25
1 3 20
8 10 21
18 19 3
15 17 20
4 6 15
3 5 10
10 12 29
21 22 17
12 15 28
18 23 6
9 12 26
22 1 6
23 0 15
6 8 23
11 13 18
15 17 21
23 1 7
3 4 13
7 9 7
6 8 22
9 10 6
8 10 3
19 20 27
2 3 29
7 9 29
1 4 2
2 4 25
5 8 11
10 12 22
16 16 21
4 7 24
12 14 6
21 23 3
3 4 21
9 12 15
1 4 6
11 13 24
22 1 24
10 14 9
5 6 18
22 23 29
16 19 23
5 8 2
0 4 4
4 6 7
4 7 8
21 23 2
3 6 9
11 12 3
23 1 14
23 0 18
0 1 16
11 14 14
8 9 7
6 7 4
15 19 2
22 1 30
1 3 20
16 16 12
18 22 28
6 8 3
9 12 11
3 6 8
14 15 15
18 20 1
17 19 13
11 13 27
2 6 9
19 20 13
13 16 26
3 6 15
22 2 1
18 20 2
17 19 4
15 16 1
2 4 14
15 18 12
4 7 13
10 13 6
19 20 25
19 21 18
5 6 2
1 3 3
4 5 17
14 15 26
11 13 12
12 14 29
5 7 21
23 1 27
15 17 25
13 15 19
15 20 14
10 13 20
16 17 17
2 5 8
8 8 29
11 12 12
12 12 11
9 11 8
11 12 3
10 11 5
9 10 27
1 3 17
15 19 10
22 23 11
11 12 11
23 1 17
9 10 15
19 21 10
8 10 25
13 15 1
7 11 13
4 6 8
2 3 16
1 3 6
16 18 29
9 10 7
14 17 22
14 14 13
18 20 3
0 2 5
22 0 8
9 11 8
6 7 18
16 19 24
13 14 6
0 2 19
18 20 6
1 3 24
5 6 4
16 18 19
11 13 9
6 8 24
0 1 1
2 2 23
6 8 25
4 8 1
15 17 1
2 3 9
15 19 15
13 16 10
12 16 28
13 15 10
7 11 18
7 10 28
16 18 22
8 10 13
0 1 20
16 17 30
23 1 5
5 7 9
18 21 29
7 9 30
5 7 18
9 11 2
2 2 6
9 12 7
3 5 11
8 9 7
4 7 3
1 3 12
12 16 24
7 10 23
20 22 24
1 3 19
2 4 5
14 14 12
21 0 13
19 21 15
23 0 3
22 0 25
8 8 6
12 15 20
4 7 26
19 20 1
13 18 15
4 7 27
6 8 26
19 21 12
20 23 5
1 1 22
11 12 12
13 14 7
5 8 2
23 0 21
5 6 2
5 7 20
8 12 5
11 13 20
5 9 15
2 5 28
9 9 18
1 1 19
13 15 24
15 16 9
13 15 9
1 4 19
22 0 11
9 11 30
6 10 18
18 20 18
5 6 15
9 11 18
2 3 3
7 10 12
13 14 25
23 0 7
16 17 27
2 4 30
21 0 26
10 12 1
0 3 15
23 0 2
18 18 16
12 13 26
11 13 14
9 12 22
0 2 11
14 16 7
4 6 5
13 13 15
11 15 8
20 22 10
17 19 29
12 13 9
8 9 21
8 10 23
7 10 25
10 11 9
9 10 6
1 4 8
19 21 1
8 9 19
15 15 7
16 18 26
17 19 2
8 10 21
1 3 7
8 10 7
5 5 28
2 3 30
7 10 17
0 2 29
3 5 28
2 5 10
15 17 24
5 8 25
11 14 15
12 15 12
13 16 3
11 13 28
23 2 7
14 18 28
0 2 1
6 8 8
1 3 28
0 1 19
19 22 27
5 8 24
0 2 16
10 11 22
14 15 12
11 13 29
19 19 24
11 12 6
0 1 14
0 2 4
17 19 20
1 3 26
5 7 18
16 17 25
17 19 22
21 0 28
20 22 7
14 16 5
17 20 20
18 20 4
11 12 30
23 0 3
18 21 14
19 22 28
21 23 20
1 4 17
1 5 8
14 15 12
15 16 9
4 6 30
5 6 7
1 4 23
3 6 28
5 7 29
5 9 29
6 9 6
16 18 26
21 21 25
4 6 11
5 6 16
12 15 1
13 14 2
16 17 8
19 21 7
0 2 21
7 10 15
0 1 6
4 5 12
8 10 30
10 13 9
8 9 5
13 15 13
16 19 28
7 9 14
14 16 12
17 19 29
6 7 2
5 9 24
11 12 14
19 19 2
6 7 21
19 21 8
14 17 15
6 8 26
12 14 9
22 0 23
1 4 14
12 14 14
5 6 8
1 6 15
0 1 2
9 12 22
15 16 30
1 4 5
12 14 3
3 6 12
23 1 20
19 21 15
9 12 20
19 22 17
11 13 2
18 20 11
18 19 22
11 13 9
0 3 21
6 9 22
18 19 8
7 9 8
10 11 21
18 21 30
15 16 11
16 18 28
6 8 3
20 22 21
15 18 15
3 5 7
10 12 11
8 10 25
0 3 14
16 19 17
23 1 4
3 5 4
21 21 2
3 5 28
21 23 6
5 4 14
1 4 18
22 0 1
9 10 9
12 13 30
4 7 1
16 16 11
23 1 14
13 15 5
12 13 12
11 12 6
12 15 18
22 0 5
2 3 13
13 16 30
18 18 26
15 16 12
17 18 28
14 16 12
20 22 25
3 7 3
16 19 18
14 16 30
13 15 12
1 2 30
0 2 2
20 21 26
16 17 13
15 17 19
5 7 14
8 10 8
20 22 8
17 19 14
8 10 17
11 12 9
18 20 14
12 13 26
21 22 16
8 9 9
17 19 11
3 6 13
14 14 30
22 23 25
23 1 19
20 22 6
1 3 21
10 13 29
0 2 27
20 22 1
7 10 6
8 10 23
19 20 3
17 19 23
20 22 3
3 6 19
18 19 6
4 7 19
10 11 30
17 21 1
14 16 4
0 1 16
16 17 5
2 5 17
15 16 11
4 6 18
2 5 16
14 16 2
0 1 4
4 5 20
11 13 9
7 10 11
18 19 18
23 1 19
18 18 27
12 14 27
14 13 4
3 4 30
16 17 16
14 16 15
22 23 4
15 17 29
12 15 23
7 8 9
22 0 28
7 8 2
0 2 28
22 0 26
23 23 10
1 4 21
5 8 6
12 14 18
7 10 26
0 2 1
22 0 28
7 8 17
5 7 1
12 13 4
7 9 26
12 15 6
6 6 5
13 16 15
11 12 28
3 4 20
6 9 18
10 14 24
6 8 9
5 6 4
5 8 7
0 3 30
12 15 3
22 23 9
4 7 15
1 3 13
18 22 2
9 10 17
8 9 19
6 8 28
14 16 2
5 8 10
5 7 2
6 7 16
12 14 27
4 7 15
1 4 7
9 11 8
13 14 4
3 5 30
17 19 26
4 6 2
0 3 21
7 10 13
9 9 13
7 9 24
3 4 4
17 19 17
9 10 19
8 10 29
23 0 13
2 3 14
22 23 27
9 13 28
0 3 26
9 11 13
18 18 4
21 0 16
7 7 1
20 20 18
13 15 24
4 4 19
1 4 13
13 14 4
1 3 18
8 10 10
21 22 27
9 12 8
22 2 28
4 6 20
2 4 15
4 5 4
16 19 17
21 0 11
14 17 16
9 10 16
0 1 9
0 1 10
14 15 12
22 0 6
18 20 19
8 10 21
8 10 2
19 20 24
13 16 27
15 18 8
2 3 8
16 18 20
22 23 29
12 14 14
0 0 8
11 14 21
7 10 24
11 12 18
4 6 26
13 17 15
1 4 25
5 5 28
20 21 8
3 4 21
17 19 14
0 4 24
10 11 27
11 11 13
5 7 2
21 20 25
2 4 8
23 3 16
4 4 29
2 4 8
9 9 1
19 19 16
9 10 8
6 7 9
6 8 1
21 1 8
2 4 18
4 6 6
9 10 17
17 20 11
8 11 18
0 1 5
11 14 22
15 18 19
13 12 4
11 14 7
23 1 13
7 8 22
8 10 22
1 4 27
13 15 4
0 3 2
20 23 21
15 19 20
20 22 17
15 19 4
13 14 12
0 3 29
19 21 30
15 16 11
3 8 15
20 22 7
4 7 1
11 12 2
8 10 10
5 9 30
14 16 27
18 20 17
10 10 20
19 21 27
8 10 6
3 5 10
7 9 16
6 8 28
23 1 15
4 8 28
16 18 6
12 13 8
8 10 14
20 22 28
22 0 29
12 14 20
7 12 11
23 1 24
8 9 1
2 3 19
16 19 4
21 23 16
2 3 30
18 21 8
19 21 3
21 0 19
5 4 10
13 15 15
3 4 27
20 22 29
0 1 20
0 3 25
6 8 15
19 21 28
10 11 14
3 6 3
15 18 15
5 8 24
19 20 30
0 0 3
21 1 18
22 1 21
18 20 27
3 6 21
4 7 9
1 4 19
16 18 12
23 0 22
16 19 1
9 10 2
5 7 10
17 19 27
14 16 4
22 0 13
6 8 25
1 3 3
15 19 8
12 14 29
13 15 30
15 17 16
4 4 13
2 3 4
7 8 17
18 20 1
14 16 27
16 19 27
12 14 7
10 11 16
20 21 24
9 12 3
9 12 20
17 19 12
2 5 1
17 18 6
11 13 13
20 22 24
3 6 17
9 9 20
10 13 30
14 15 2
7 9 11
23 0 24
7 9 10
1 2 28
18 21 29
1 3 9
3 5 4
8 10 12
0 2 26
23 2 8
22 0 18
22 1 16
12 13 7
23 0 29
1 4 26
23 2 13
1 3 18
13 14 17
5 6 19
14 16 21
15 18 7
21 0 6
20 22 8
8 10 15
2 6 11
1 2 17
15 18 8
17 19 27
18 21 23
20 22 22
21 23 12
19 22 14
23 1 10
5 7 17
5 6 2
0 1 11
13 15 15
6 8 13
19 20 12
12 14 5
19 22 14
14 16 29
11 13 19
22 23 6
13 14 2
14 18 9
7 8 1
5 8 14
22 2 8
11 14 10
5 9 3
11 12 13
6 9 16
21 1 23
5 7 9
8 10 17
21 23 10
3 5 14
0 1 23
20 22 9
5 8 2
18 20 15
7 10 15
19 20 11
7 8 17
3 5 9
10 12 4
12 15 8
15 18 26
5 8 26
4 6 30
5 8 8
4 5 28
23 2 29
18 21 23
4 6 28
0 1 18
11 12 1
21 22 4
10 11 13
15 19 9
9 9 22
19 22 25
0 2 7
5 8 3
13 16 11
8 10 15
23 23 6
9 11 20
2 4 2
5 8 8
9 11 5
5 6 13
5 5 11
8 11 4
23 0 28
1 3 23
7 10 30
12 17 27
9 10 25
21 23 17
9 12 12
10 12 6
10 12 22
21 23 8
11 12 9
10 10 27
21 23 16
0 1 18
16 18 28
17 20 25
5 8 8
2 4 24
2 6 22
19 20 7
20 22 6
18 20 25
9 9 19
6 9 20
8 11 6
8 11 6
23 23 21
0 0 19
21 22 12
5 6 30
15 17 25
22 23 22
18 18 26
8 11 26
19 23 18
3 7 26
17 19 28
7 9 12
4 7 11
9 11 12
11 15 1
11 12 25
7 10 9
21 22 21
17 18 12
18 20 27
15 18 28
22 1 1
5 7 4
8 12 8
16 18 4
20 22 25
6 9 8
9 13 17
6 9 6
8 10 8
15 19 9
3 5 28
14 14 22
8 12 23
22 0 27
12 15 28
16 18 4
19 21 4
22 23 3
23 1 25
7 9 4
11 13 11
12 14 10
21 0 18
7 8 12
8 9 4
17 19 23
18 18 19
15 16 12
4 6 2
9 11 10
1 3 7
1 5 2
12 15 30
14 15 28
4 8 4
18 20 26
15 17 9
8 10 7
6 8 19
22 23 7
23 2 20
17 18 9
5 7 16
17 18 12
19 22 21
9 10 30
14 16 22
19 21 17
9 13 9
15 17 11
12 14 6
0 1 5
7 9 13
1 2 22
12 15 25
15 18 2
8 11 8
14 17 15
19 22 23
7 8 14
6 8 2
21 22 22
2 5 5
20 22 28
12 13 6
23 0 8
2 5 27
14 16 26
15 17 25
19 19 29
10 12 29
15 17 29
15 17 19
11 11 5
17 18 29
18 19 2
18 21 20
16 17 1
17 21 13
5 8 15
1 2 20
2 3 1
23 0 24
3 5 16
7 8 27
3 4 28
4 7 7
22 0 3
11 11 9
14 17 6
12 14 13
8 10 14
19 21 3
2 5 23
5 7 13
10 13 3
5 5 15
8 11 4
9 11 26
23 2 8
19 21 9
19 20 12
16 19 26
4 7 28
15 15 5
9 10 4
8 9 4
19 21 13
2 4 17
4 6 10
0 1 12
6 9 8
14 17 15
16 19 1
5 5 14
16 18 26
14 17 27
19 20 22
15 18 28
7 9 9
3 6 19
6 8 5
14 15 6
2 5 9
12 15 14
11 13 3
8 10 1
4 6 15
4 6 29
12 16 27
4 6 24
7 8 26
12 13 1
13 14 23
1 2 18
8 9 4
17 19 14
14 17 5
15 17 1
10 12 25
1 2 4
11 13 15
20 21 20
18 20 8
15 16 19
13 14 20
22 0 2
10 12 17
23 1 20
18 20 13
6 9 12
11 14 29
20 22 18
18 21 4
8 10 23
11 14 27
3 3 21
23 0 8
8 10 9
17 18 21
23 0 25
23 0 8
9 10 30
13 15 12
19 20 24
11 12 7
20 22 26
22 0 19
16 19 11
18 18 28
11 12 18
20 22 7
6 9 18
20 22 11
17 20 11
7 10 17
0 2 8
1 3 6
11 14 23
1 2 8
17 18 11
19 20 19
13 14 29
22 1 6
6 7 15
12 14 30
13 15 2
12 13 20
16 18 11
9 10 24
15 17 4
11 13 5
14 15 14
21 23 4
8 12 6
4 8 24
0 2 26
2 4 16
19 22 29
10 12 22
23 0 21
12 14 13
8 10 12
22 23 29
8 9 16
9 11 13
15 16 27
17 19 6
0 2 30
14 16 23
14 15 3
11 12 18
3 5 9
23 1 8
3 6 29
3 6 23
4 7 12
17 20 4
1 4 18
4 8 24
13 16 3
21 0 12
15 16 6
5 7 28
17 19 23
22 22 24
2 2 16
17 19 16
14 15 1
1 3 6
4 6 21
7 8 29
15 17 9
21 22 9
21 23 14
23 2 1
21 23 17
12 14 6
0 3 10
4 5 14
6 7 9
7 9 27
0 2 16
15 16 13
9 12 2
13 16 24
23 3 26
7 8 26
9 12 7
9 11 16
21 23 8
13 14 13
13 16 24
22 0 27
20 21 24
19 20 20
20 23 18
6 8 28
5 7 21
22 0 3
16 19 10
15 18 14
3 4 5
3 4 13
8 9 20
20 21 17
21 22 24
13 14 13
13 17 25
14 15 22
14 15 11
0 2 29
14 15 17
6 10 19
3 5 16
12 16 3
13 16 11
8 11 5
23 2 25
1 2 1
6 8 21
23 0 5
5 6 17
4 6 16
0 2 15
18 21 18
2 4 28
5 5 17
16 17 16
22 23 6
5 8 19
20 22 25
14 15 12
21 22 20
0 1 30
22 23 17
10 14 23
4 6 26
2 3 26
7 9 18
13 15 3
5 8 27
3 5 30
2 5 27
20 22 23
3 4 17
15 18 19
10 13 10
10 13 11
19 21 15
19 22 24
0 2 3
19 21 20
20 23 19
3 5 9
20 22 14
11 13 13
20 22 24
11 13 15
8 10 26
16 17 11
6 10 23
10 11 27
12 14 1
1 5 29
20 20 25
22 23 23
10 10 19
7 10 25
17 20 1
8 10 11
8 10 19
5 9 25
23 0 3
23 0 4
17 20 13
1 2 23
20 23 30
3 5 15
0 1 16
21 0 26
23 0 25
15 16 16
20 22 21
0 3 10
13 15 29
21 0 25
13 15 12
14 17 17
23 3 13
6 8 26
11 11 17
0 1 30
12 15 9
3 6 30
4 7 11
6 9 3
23 22 24
3 5 26
0 2 26
12 13 15
8 12 15
6 6 10
12 15 10
17 20 27
1 5 30
22 1 23
11 12 15
8 12 24
6 8 24
13 14 7
16 17 15
0 2 7
8 12 7
7 11 18
20 23 27
20 23 23
2 5 6
13 15 25
17 19 13
4 4 30
22 0 11
4 7 10
6 7 11
12 14 1
16 16 16
7 9 20
17 19 19
2 3 29
20 23 6
19 20 18
11 13 28
22 0 26
22 0 20
19 21 8
0 2 28
7 10 18
6 6 3
7 9 1
13 16 5
8 10 2
15 17 22
4 5 23
16 16 19
13 14 9
19 22 2
17 16 9
22 1 23
17 18 20
0 3 27
20 22 19
6 9 15
4 6 2
12 15 17
12 13 10
8 12 14
1 4 24
13 15 13
7 10 28
23 0 8
12 13 8
16 19 26
23 1 4
13 15 18
3 5 3
16 18 20
1 5 8
11 13 21
12 15 15
2 5 2
0 1 22
7 9 2
6 8 26
15 16 9
2 5 14
1 3 21
3 6 7
2 4 28
16 18 5
8 9 28
4 8 4
22 0 16
20 21 2
22 21 2
2 3 1
20 23 5
3 5 12
0 3 9
1 4 6
21 22 12
23 1 26
6 9 13
18 19 9
20 22 1
14 17 19
5 6 25
7 9 20
2 3 24
14 17 26
23 1 1
19 18 4
22 0 8
23 2 13
23 1 21
6 9 14
7 10 6
5 7 16
21 0 1
4 6 27
22 0 26
17 19 27
23 1 24
1 1 23
6 9 15
3 5 5
15 17 15
4 6 28
2 6 7
3 4 30
7 9 21
9 13 9
22 2 23
23 1 26
2 4 20
10 13 9
10 13 16
17 18 25
18 20 27
18 20 2
4 4 7
16 16 26
21 23 11
7 9 15
22 1 18
2 4 11
6 8 2
9 10 12
18 20 5
14 15 8
14 15 18
15 17 21
0 1 1
15 19 7
7 10 2
18 19 16
17 19 15
9 11 7
3 6 23
13 15 19
12 14 13
13 14 21
16 19 14
13 14 27
2 3 17
3 3 5
15 16 18
9 11 27
6 10 24
8 11 18
6 9 7
3 6 18
7 10 15
9 11 9
18 20 11
19 23 12
13 15 9
15 16 16
4 6 6
14 18 13
0 1 11
21 23 15
0 0 18
15 17 29
8 11 25
18 22 8
17 20 13
15 16 29
17 18 17
11 12 13
17 18 15
17 18 6
19 22 21
12 14 25
3 4 1
10 13 9
6 9 29
20 0 5
4 6 8
14 16 26
13 16 21
21 22 2
10 11 23
21 22 11
7 10 19
4 8 5
17 19 20
4 6 3
2 6 29
3 3 19
22 2 1
13 16 15
6 10 3
6 8 29
9 12 2
19 20 13
16 17 30
0 3 17
6 6 3
17 18 19
19 20 24
7 9 26
17 20 7
5 8 2
1 3 4
7 8 28
2 3 22
6 7 26
11 14 22
8 12 19
22 2 26
10 12 12
4 7 21
9 11 26
5 7 2
22 23 21
2 4 19
14 15 3
11 14 16
4 9 26
16 18 3
14 15 26
12 16 3
0 2 11
19 20 27
9 11 17
15 17 18
5 7 24
22 23 23
11 13 24
4 5 15
4 7 30
12 14 21
0 1 27
16 19 14
17 19 21
4 7 30
6 6 22
10 13 18
1 3 27
13 16 28
9 10 29
21 22 7
9 11 10
6 8 15
17 18 6
10 12 16
7 10 6
7 11 6
14 16 4
10 11 28
12 15 17
21 23 29
14 16 17
13 15 3
7 9 26
3 5 16
3 6 22
11 12 3
12 16 30
16 18 29
18 22 9
9 11 21
19 23 19
20 22 9
12 12 25
5 7 12
8 11 11
12 13 2
3 3 1
4 7 11
4 5 18
3 6 17
0 4 2
23 0 6
6 8 8
2 5 29
4 7 3
22 23 26
14 17 16
6 9 19
4 6 11
17 19 26
13 14 25
2 5 27
8 9 28
4 6 4
9 10 11
19 23 11
21 22 26
10 12 12
16 18 2
16 18 3
15 16 14
10 14 3
3 5 1
6 9 26
10 12 13
16 17 9
16 18 22
2 5 30
3 6 16
6 8 7
5 8 10
19 0 23
20 21 10
20 20 13
9 10 7
7 11 29
11 12 26
2 5 20
8 10 12
5 8 20
4 5 20
23 0 7
15 16 8
16 18 24
0 1 23
0 2 6
23 2 16
10 11 15
1 3 3
23 3 2
13 14 20
18 20 16
5 8 20
23 21 11
13 15 7
19 21 21
7 9 16
15 19 20
8 10 12
11 14 30
7 9 8
9 12 1
3 4 12
12 14 6
0 2 15
4 8 26
20 23 25
11 14 5
17 21 13
12 14 25
15 17 29
17 19 8
23 1 2
22 0 1
15 17 19
1 1 22
5 7 29
0 2 29
15 17 20
14 14 28
2 3 13
21 0 20
11 13 27
14 16 25
15 17 2
7 8 27
7 8 10
9 12 7
21 23 10
9 10 10
12 15 28
2 3 19
21 22 10
11 14 28
9 10 23
12 14 16
13 15 28
18 20 28
22 23 2
22 0 26
5 7 27
11 14 9
14 14 15
19 21 18
1 4 20
15 17 25
4 7 8
15 18 8
23 23 3
14 16 8
16 18 24
20 23 11
7 10 19
21 0 16
3 6 3
21 23 2
2 4 7
5 8 13
10 12 9
6 8 13
22 0 1
21 23 8
11 12 6
11 13 6
16 19 9
9 11 7
19 21 9
15 17 24
5 8 15
4 5 30
7 11 21
16 18 3
7 8 16
6 7 8
10 10 23
19 19 13
21 22 15
15 17 2
13 16 4
4 7 9
9 11 22
0 3 4
18 18 19
8 11 15
13 16 19
12 13 22
23 1 28
8 10 20
8 9 2
11 14 4
19 22 8
1 3 2
7 9 28
2 2 3
14 17 22
6 9 3
19 22 15
13 16 10
13 14 21
5 6 11
9 11 8
4 6 23
0 3 10
17 21 14
20 22 4
13 15 27
13 16 27
16 19 22
21 23 9
7 11 4
23 0 25
8 8 10
5 6 10
10 13 9
20 22 2
8 11 23
22 23 7
16 17 16
18 19 1
15 17 8
7 9 21
0 2 24
3 6 4
17 20 18
10 12 6
20 21 4
17 19 22
23 23 20
2 5 13
23 3 29
5 7 8
18 20 25
12 14 7
19 22 26
22 0 13
3 5 12
13 15 27
13 15 4
7 9 22
19 20 18
23 1 21
1 3 16
17 18 15
22 22 1
12 14 13
22 0 10
12 14 27
9 11 27
15 15 10
16 18 18
8 12 16
11 12 15
14 17 25
13 15 17
8 9 10
2 4 2
4 5 11
15 17 12
22 23 4
9 12 1
21 0 23
5 6 5
23 1 21
7 7 21
8 11 22
9 12 17
0 0 5
12 14 28
18 19 20
16 17 4
0 3 17
1 3 3
12 13 7
15 17 19
3 6 24
12 13 15
11 12 11
3 5 7
11 12 21
18 21 30
12 12 2
14 17 10
13 14 10
21 0 13
9 11 30
7 9 22
23 1 7
9 12 11
22 23 12
11 13 28
8 10 15
1 5 17
10 12 26
17 19 8
10 13 7
2 5 21
22 0 10
11 13 6
6 8 10
18 19 9
9 10 8
1 2 16
3 7 6
5 8 22
0 2 29
15 18 25
2 4 22
5 8 26
20 22 8
14 17 11
12 15 11
15 16 10
12 15 6
21 0 10
11 14 30
20 22 27
3 5 25
18 20 2
16 19 7
21 23 5
16 19 8
23 1 6
8 11 23
2 4 11
2 2 24
14 16 28
21 0 5
0 2 18
20 23 23
22 0 4
3 5 29
16 18 19
21 0 6
16 16 19
18 20 6
21 22 28
0 0 26
16 18 3
12 15 18
3 5 1
18 20 21
18 20 17
12 14 9
20 0 6
7 8 3
6 8 26
10 12 22
14 17 21
6 7 16
10 12 4
16 18 12
12 14 27
21 22 24
17 19 13
22 22 25
18 20 19
15 18 10
5 7 20
20 23 21
3 4 25
8 11 12
22 23 21
5 7 26
8 10 26
21 0 14
5 7 30
2 4 14
12 16 13
7 9 26
3 6 27
16 18 25
22 22 28
0 1 15
20 21 1
9 12 10
3 5 27
5 8 28
4 6 16
16 18 14
18 20 16
12 13 15
6 8 17
20 22 28
17 19 12
3 5 15
2 4 8
12 14 9
20 21 25
1 3 5
19 22 7
20 21 20
22 23 15
14 17 12
23 0 30
8 10 27
9 10 25
7 11 27
19 21 23
6 8 22
13 14 10
23 1 6
23 2 26
19 21 10
10 11 23
9 11 6
9 12 3
10 12 11
3 6 25
15 16 7
20 21 2
16 18 6
9 13 7
7 10 2
12 14 8
3 7 7
5 7 5
10 12 28
23 2 18
0 3 27
22 1 6
13 17 14
22 0 25
14 15 20
17 19 28
21 23 8
9 10 6
8 11 27
5 6 23
7 9 15
20 21 1
6 8 17
15 17 28
17 18 17
21 23 23
22 23 30
12 14 12
14 15 29
18 21 5
11 13 16
10 12 29
18 18 10
20 20 27
8 11 8
17 19 11
18 19 6
22 1 30
14 18 22
0 2 3
20 22 13
16 16 12
18 20 14
12 14 23
12 14 20
14 15 21
6 6 30
4 7 1
6 7 28
3 4 28
2 3 14
1 3 30
5 6 3
17 19 15
0 1 25
19 22 15
17 19 16
14 15 12
23 1 25
15 16 14
23 0 26
6 8 17
12 14 14
7 9 25
3 7 14
12 14 27
13 15 21
5 6 28
5 8 22
11 13 29
13 15 10
7 11 19
3 5 1
10 13 12
3 5 18
13 16 23
1 4 30
9 10 10
3 4 1
1 4 26
2 5 14
0 2 28
21 23 17
22 0 24
23 0 20
7 9 1
6 7 3
19 21 27
20 22 19
16 20 5
9 10 5
7 9 8
11 13 16
21 0 28
7 9 10
14 15 21
19 22 17
4 4 22
7 10 13
6 8 3
10 12 23
4 6 15
10 12 25
6 7 14
20 22 6
18 19 18
19 22 8
1 1 14
8 11 23
6 7 7
12 14 20
5 6 4
4 7 25
21 20 5
16 18 4
22 23 16
23 2 4
11 14 7
19 21 24
5 7 6
12 14 30
4 7 29
4 5 12
0 2 3
5 7 7
4 6 11
22 23 13
15 18 30
5 5 21
8 11 7
20 22 10
16 20 27
20 22 16
16 21 26
0 2 13
1 4 6
20 22 12
14 17 6
16 18 12
21 23 25
11 13 30
17 17 27
8 10 29
23 1 4
4 5 19
19 20 21
2 3 29
2 4 30
5 6 17
17 19 16
2 5 20
22 23 23
8 9 20
13 13 27
4 6 27
12 14 21
17 20 11
11 14 5
20 23 25
0 1 27
6 10 6
19 22 23
9 11 30
23 2 17
21 22 16
2 6 17
14 16 27
6 6 24
3 6 18
13 16 20
6 8 20
22 23 26
23 0 30
23 1 20
17 18 3
8 9 1
6 5 17
6 8 18
1 5 13
0 1 16
0 2 1
4 5 5
23 2 10
16 18 6
21 0 9
17 20 26
12 13 13
12 14 16
18 19 5
14 15 28
21 21 15
15 15 19
17 19 25
12 13 10
0 1 25
20 23 27
8 11 25
16 18 7
22 0 22
6 8 27
19 22 26
19 22 13
13 16 18
23 2 2
12 14 2
8 9 5
9 11 9
12 14 1
16 19 14
23 2 19
12 14 1
11 15 4
11 12 6
4 7 6
4 6 29
19 20 24
9 10 14
12 14 4
21 21 12
5 9 15
8 10 2
23 1 28
19 21 22
8 11 27
15 18 6
5 8 25
16 19 2
13 16 7
1 4 28
5 8 16
20 23 17
12 15 30
20 23 1
1 2 30
19 20 16
19 22 7
21 23 3
0 3 26
9 11 18
10 12 4
14 14 16
8 10 23
21 23 15
5 7 14
18 22 25
14 17 9
17 19 5
18 21 19
16 17 11
23 0 6
4 6 12
18 20 19
22 0 2
3 4 11
13 14 8
9 10 29
10 11 9
14 15 27
14 15 24
7 9 13
19 22 10
14 16 18
14 16 28
8 13 22
12 14 9
9 11 9
7 10 15
1 4 4
5 7 7
1 2 5
1 3 27
23 1 28
12 15 22
1 3 15
3 4 26
16 19 6
23 1 19
15 17 18
12 13 30
16 19 1
10 12 5
7 9 2
14 15 22
0 1 6
21 21 19
1 3 13
1 4 27
2 4 14
2 5 20
5 6 16
10 11 29
10 11 16
21 0 22
0 1 15
19 21 18
5 5 2
22 23 2
8 12 18
5 9 6
8 11 22
8 10 11
11 13 15
2 6 23
7 10 19
12 14 27
12 14 20
18 21 12
1 4 1
12 13 26
10 12 4
19 21 12
21 23 15
11 13 20
8 9 25
1 4 28
18 19 25
21 23 19
19 21 16
9 10 9
11 14 23
12 13 17
0 2 13
11 13 17
5 8 23
7 10 16
19 20 8
4 6 24
19 20 4
3 6 9
5 6 20
18 20 6
7 8 9
22 1 12
17 19 20
21 0 10
2 3 21
6 8 10
13 14 11
20 22 14
11 13 25
14 15 4
19 22 17
2 4 30
3 7 18
15 18 26
7 9 13
9 11 12
8 9 25
13 15 20
15 15 18
19 20 20
12 14 5
3 7 27
8 11 22
14 18 15
22 2 29
21 23 20
17 18 12
0 1 15
19 21 2
23 1 29
1 1 22
18 19 1
4 5 4
5 6 6
0 2 7
17 18 26
14 17 9
2 2 5
22 0 11
15 18 17
4 5 3
11 14 1
8 9 12
20 21 5
12 15 5
1 3 24
2 4 16
14 18 8
2 5 11
8 11 20
12 13 20
1 4 18
19 22 20
9 11 10
7 10 24
6 9 5
22 0 8
14 13 10
12 13 27
3 7 25
6 8 12
4 7 22
14 17 22
12 13 12
21 22 8
14 14 26
18 20 7
18 21 23
2 3 15
16 19 27
11 13 30
6 7 5
4 7 28
21 23 24
13 14 23
23 1 14
1 3 21
3 6 18
13 15 9
18 20 21
19 21 28
3 4 10
9 11 1
11 15 28
22 0 17
6 8 17
20 0 21
8 9 25
5 7 7
18 20 3
11 14 26
14 17 5
16 17 26
1 2 10
3 7 29
17 17 16
17 19 7
0 2 28
22 0 16
6 8 14
20 23 20
5 7 15
3 4 17
11 14 7
0 3 5
0 4 8
14 15 16
5 7 18
15 18 21
13 15 7
9 10 7
18 21 11
18 19 24
22 0 29
19 19 17
19 20 27
4 6 8
23 2 21
17 19 4
15 15 24
11 13 11
1 3 10
0 4 22
7 8 28
4 6 3
19 20 23
16 18 20
6 7 1
15 17 12
7 7 27
9 11 7
3 5 6
13 16 3
1 3 1
1 3 20
12 13 3
21 0 8
12 14 7
9 12 23
6 7 12
2 4 24
4 8 5
23 1 21
14 16 7
22 0 29
5 6 17
2 5 28
18 19 5
4 5 21
12 15 27
3 6 25
13 17 17
5 6 28
13 16 13
0 2 19
2 4 16
17 21 27
4 5 8
18 20 10
14 16 10
16 20 6
16 18 13
13 14 17
17 19 18
3 5 29
14 15 29
11 14 4
3 6 29
7 8 2
13 13 2
23 2 24
17 18 22
17 20 27
16 18 14
12 14 17
19 22 4
19 21 19
9 13 30
19 20 10
12 13 7
23 1 24
16 17 16
4 7 18
1 1 24
22 1 3
14 17 30
5 6 16
6 9 15
14 16 9
16 19 18
20 22 12
14 17 28
20 21 7
4 7 1
13 15 4
13 15 19
7 8 18
13 14 27
3 5 19
22 1 29
21 22 3
16 19 4
16 18 21
14 15 23
0 3 14
1 3 3
14 15 21
1 5 10
0 3 15
17 19 23
23 1 2
22 23 24
10 11 11
0 3 28
20 21 23
3 6 13
0 1 16
6 8 16
9 11 25
8 11 28
22 1 10
6 8 27
9 10 14
16 18 20
23 0 2
12 13 21
15 16 27
8 10 15
19 21 4
21 22 26
0 1 18
14 17 28
12 11 21
3 6 15
3 5 17
16 17 23
11 13 24
14 16 17
22 0 17
19 21 2
19 21 5
1 3 17
23 2 13
17 20 12
14 17 10
4 8 9
15 18 12
9 10 6
7 8 22
21 1 15
21 0 24
4 6 19
9 11 16
22 1 20
22 0 4
6 8 11
10 11 22
9 11 30
1 2 30
14 15 2
4 8 22
18 20 22
7 9 14
11 13 13
1 3 5
1 3 17
20 23 29
18 21 7
20 20 2
8 10 2
6 8 26
18 23 12
15 15 11
1 4 30
15 20 17
17 20 25
15 17 11
6 8 21
18 20 5
11 12 16
10 11 9
9 11 22
22 2 20
6 6 19
7 9 27
3 5 13
4 7 9
23 1 14
8 11 25
3 6 6
0 2 26
14 16 26
21 1 22
15 17 23
1 4 8
4 7 21
22 2 3
23 1 29
18 20 7
11 15 25
17 20 10
20 23 30
22 23 9
18 21 11
7 7 8
15 18 11
21 0 25
8 9 22
11 15 1
15 19 4
8 9 7
9 12 13
14 15 26
5 7 12
10 13 27
18 20 24
17 18 9
9 11 14
12 14 4
3 5 29
5 8 20
11 15 11
8 9 11
7 10 6
7 8 24
6 7 28
3 4 5
4 5 19
16 18 6
6 8 24
10 13 16
16 18 20
14 16 15
22 0 20
16 17 6
23 1 16
6 8 27
2 5 8
8 10 13
21 23 11
9 11 24
2 5 11
3 5 9
17 19 13
12 13 27
21 0 21
8 11 3
23 0 4
11 14 22
21 22 17
1 4 4
18 20 8
9 13 5
14 16 29
17 17 2
0 0 14
22 21 20
22 0 7
21 0 11
15 18 2
1 3 21
20 22 3
3 4 24
8 10 14
17 20 25
21 23 5
15 16 10
23 2 8
14 17 11
3 4 13
16 17 9
21 0 19
11 12 17
22 0 18
12 16 15
18 20 4
0 2 28
6 7 28
18 19 18
11 13 1
21 23 11
3 6 17
15 18 21
12 13 2
21 23 28
16 18 13
1 2 5
9 11 24
15 17 15
1 3 22
20 22 2
12 13 2
17 20 21
12 14 6
8 10 15
21 0 7
10 11 15
19 0 15
20 22 14
15 18 13
7 11 30
16 17 30
14 16 28
3 6 9
12 14 8
0 3 3
20 22 8
13 16 27
23 2 30
2 5 2
15 18 5
15 18 27
22 1 9
7 9 13
4 7 29
21 1 2
19 22 4
22 1 20
12 13 17
20 22 11
0 2 6
5 6 16
8 9 29
5 7 2
18 19 22
13 15 7
16 17 7
4 6 13
