2770 30
30 21 15 9 21 16 5 15 11 10 27 26 2 19 26 26 15 29 22 8 27 1 17 19 18 16 17 6 23 3 
0 3 1
9 11 2
12 14 17
8 9 4
11 13 22
12 14 4
19 22 22
18 21 25
10 11 30
20 21 25
14 18 10
0 2 7
2 5 9
8 10 12
13 15 29
15 17 17
21 23 23
12 11 2
12 13 4
6 8 24
9 11 19
5 8 5
7 10 27
12 15 21
9 10 25
18 20 26
19 20 4
2 3 18
19 20 4
2 3 15
10 12 16
1 3 30
15 18 18
20 21 15
5 8 25
13 15 7
7 9 6
0 2 23
4 6 24
23 0 24
5 7 15
5 8 30
7 8 11
16 20 21
13 16 18
12 15 29
1 2 5
8 10 13
8 10 13
1 2 1
4 6 11
15 16 3
12 14 23
15 16 17
13 16 27
18 19 6
23 2 3
2 5 1
16 17 12
19 20 27
9 10 24
13 16 11
7 10 7
4 8 1
1 4 25
18 20 29
20 21 29
9 11 6
10 12 5
15 15 11
21 0 15
3 6 1
5 5 10
9 11 1
23 1 24
8 10 1
18 19 26
2 5 12
23 0 13
7 8 13
4 5 24
4 6 25
14 17 21
11 13 1
0 2 11
18 23 23
10 11 15
19 23 25
10 11 11
9 12 3
19 21 10
19 21 12
8 10 13
2 4 22
9 10 8
18 21 11
3 7 18
13 16 15
7 9 9
3 5 11
23 0 13
19 23 21
11 12 11
15 18 20
4 6 5
11 12 6
22 1 3
17 20 26
23 0 18
15 16 22
21 23 23
16 18 18
9 10 27
18 20 24
19 20 12
22 0 16
19 23 13
22 23 1
8 9 30
3 5 20
12 15 25
4 6 30
20 23 2
21 0 3
16 18 5
5 7 27
23 1 8
4 6 1
1 0 11
2 5 2
10 12 29
12 15 9
16 18 7
8 12 19
9 13 18
7 9 28
22 0 23
7 9 1
16 20 29
8 10 1
8 9 28
19 22 9
5 7 28
6 8 23
5 4 20
10 11 4
7 10 10
14 17 8
12 15 15
3 5 7
2 4 17
21 0 9
1 4 20
17 20 22
21 23 25
9 11 12
8 10 4
20 22 17
7 8 15
21 23 14
10 13 19
6 9 14
21 23 30
20 22 4
6 9 6
7 8 9
11 14 9
1 3 22
12 14 3
13 15 13
6 9 13
16 17 15
9 12 26
18 22 15
4 5 2
3 3 17
12 13 29
2 3 19
19 19 21
1 4 18
4 5 23
13 13 30
20 21 9
1 2 5
21 0 2
16 18 24
15 17 12
15 18 8
7 11 25
3 4 27
1 2 1
16 17 17
13 16 20
11 14 16
19 21 17
15 17 10
20 22 25
16 18 11
12 13 3
12 15 9
21 23 8
2 3 20
18 19 3
22 1 6
23 1 27
1 4 17
1 2 27
17 20 6
0 0 22
8 9 5
8 10 18
9 11 9
12 13 18
19 20 16
16 18 16
15 17 30
15 18 2
13 15 30
18 19 21
1 3 4
8 9 16
1 3 7
17 19 15
23 1 29
17 20 12
16 17 27
1 4 5
8 8 21
10 11 23
21 22 28
9 11 26
1 4 13
6 8 20
22 0 7
15 18 7
6 8 21
11 14 2
2 5 14
1 4 24
6 9 23
9 10 9
14 15 26
15 17 26
4 6 22
11 15 2
4 6 13
1 4 15
10 12 12
23 1 1
8 10 21
16 19 2
2 3 22
0 2 6
16 18 7
8 10 11
13 15 16
9 13 29
17 18 10
15 17 7
19 21 25
3 5 12
5 8 13
22 22 4
10 13 4
22 0 23
12 13 17
19 21 12
10 13 26
10 13 22
13 15 16
19 20 2
15 17 17
22 23 17
1 3 5
2 4 18
18 21 5
17 19 21
22 0 28
17 21 1
6 8 24
6 5 27
16 20 22
11 12 11
9 8 30
7 7 18
19 21 5
13 15 27
10 12 2
10 10 25
0 0 18
0 2 16
0 3 13
6 7 11
1 5 4
1 3 20
17 19 7
1 1 28
4 7 26
16 17 27
16 19 19
14 17 3
21 22 27
8 9 29
6 8 13
1 4 1
1 2 18
11 14 8
1 2 2
2 3 12
2 4 1
20 23 1
21 22 30
13 16 30
19 20 3
4 6 2
18 20 30
9 11 19
15 17 20
11 13 12
6 8 3
12 14 11
18 19 28
1 4 16
4 7 3
21 23 6
19 20 19
13 15 15
0 2 7
17 20 9
15 17 6
19 23 3
1 3 27
10 11 2
13 13 8
23 0 7
22 1 26
21 23 14
14 16 18
6 7 17
2 3 7
12 15 15
4 6 7
18 19 3
23 1 18
1 3 7
20 19 29
11 12 25
20 22 24
9 10 16
17 17 25
23 1 14
19 23 10
13 15 21
8 11 17
6 8 14
7 9 30
22 23 9
1 2 10
23 2 3
20 21 17
15 17 19
12 14 1
5 4 9
20 22 19
3 4 28
18 20 15
21 1 12
11 13 25
2 3 4
1 3 14
2 3 23
13 16 18
2 2 17
23 1 18
5 7 5
3 4 16
16 17 10
12 13 10
1 2 12
16 17 29
20 22 6
19 20 24
13 13 9
10 12 10
16 17 25
16 17 29
4 6 17
4 6 8
0 2 13
5 6 26
19 22 12
8 10 17
22 1 10
14 16 30
23 3 15
19 20 22
3 5 6
3 5 6
18 20 3
9 13 27
1 1 6
9 10 30
11 13 25
23 0 22
16 17 12
7 9 1
10 11 25
2 4 4
21 23 8
17 20 24
22 1 28
20 22 12
17 18 5
22 22 12
17 20 26
4 8 10
12 13 13
16 20 11
6 8 24
2 5 25
8 10 12
10 10 3
3 6 22
13 15 24
7 9 26
20 20 3
5 8 18
11 10 17
10 12 3
9 11 22
10 13 4
2 4 26
3 3 4
15 16 7
0 1 16
14 18 19
19 21 13
20 21 21
10 14 9
7 10 5
3 3 28
7 8 24
0 2 9
19 20 16
0 2 25
21 23 20
1 5 17
4 6 13
6 8 2
17 19 20
0 4 2
12 15 14
19 23 1
13 15 9
17 20 19
0 0 24
10 13 17
10 12 3
16 19 21
12 14 18
19 21 28
21 0 21
19 20 11
9 10 16
10 12 4
2 2 9
12 13 15
11 13 19
6 10 17
3 3 24
21 23 21
19 22 22
15 16 26
11 14 25
21 22 11
10 13 10
23 0 10
3 5 15
10 12 21
23 1 24
8 10 4
2 4 19
10 13 13
6 8 22
4 6 1
12 14 9
11 13 15
16 16 4
16 18 5
6 9 25
4 6 4
17 19 23
1 3 17
7 11 10
2 3 20
2 3 6
18 22 23
14 16 5
15 18 4
10 10 25
8 9 16
18 19 3
3 4 22
10 12 19
7 9 25
0 2 21
11 13 25
20 22 9
12 12 13
18 21 1
1 3 19
4 8 26
14 16 7
14 14 11
10 10 26
13 13 7
1 3 6
8 9 28
7 10 28
12 13 4
22 0 13
5 7 16
21 23 18
21 0 3
22 1 28
0 2 9
12 15 12
21 22 7
4 6 27
15 16 27
22 1 27
16 18 15
0 2 15
3 5 30
3 6 3
0 3 11
1 2 24
14 17 7
15 17 12
13 14 3
10 13 28
0 3 22
7 12 3
10 13 25
0 2 20
4 5 4
14 18 10
15 18 11
5 7 25
1 3 11
11 13 2
4 4 18
17 21 2
18 20 13
6 9 1
7 10 5
10 11 24
2 3 29
17 19 4
12 15 14
23 1 17
3 5 5
9 10 4
23 2 8
22 1 26
21 23 29
8 10 14
9 12 8
12 14 18
22 0 12
23 1 23
22 0 15
22 0 22
9 13 20
17 19 21
18 21 19
21 1 8
22 20 20
1 4 8
14 19 27
15 16 24
17 18 22
20 21 4
14 15 17
2 3 18
17 21 24
7 11 26
16 18 27
7 9 6
7 10 19
11 14 17
0 1 8
21 23 7
5 7 4
23 1 15
4 5 23
16 18 1
1 4 11
17 20 28
11 12 18
8 10 10
13 17 4
1 3 12
6 7 3
8 11 9
10 12 13
18 19 11
13 15 6
6 9 15
12 12 2
16 19 12
19 22 20
8 10 26
13 14 30
10 13 13
6 7 16
7 8 18
17 21 14
1 3 9
20 21 8
20 22 5
0 2 23
3 4 9
8 10 4
13 14 3
8 9 17
3 5 6
10 13 19
17 19 25
11 11 29
15 17 29
0 3 24
0 3 28
17 21 6
0 2 14
19 21 11
16 18 26
7 7 10
21 23 5
23 2 18
9 9 16
4 7 5
12 14 3
2 2 27
21 1 16
6 7 27
11 14 17
11 12 15
21 2 19
16 17 10
16 18 28
0 3 3
9 12 18
0 2 3
12 16 1
11 13 17
14 18 1
13 16 2
15 17 11
10 11 26
5 8 14
23 1 27
0 3 17
4 6 14
0 2 3
15 16 27
3 6 20
3 5 14
13 16 25
17 19 16
12 16 9
20 20 26
13 16 6
16 18 7
11 13 25
11 11 23
11 12 29
19 21 2
3 5 18
10 11 14
5 8 5
6 9 9
13 15 5
10 11 12
20 22 4
1 3 19
2 4 30
10 12 18
12 14 28
12 12 6
3 4 22
5 6 17
14 16 29
1 1 14
18 22 11
9 11 5
21 0 29
15 18 27
0 4 22
19 20 15
3 5 15
8 8 12
17 17 6
18 19 3
10 12 12
13 16 29
4 6 11
7 10 20
14 18 19
15 17 28
15 19 23
0 3 15
8 13 22
23 1 18
23 1 25
21 23 6
19 22 27
6 9 11
21 0 24
18 19 13
10 13 28
12 15 26
17 18 24
16 19 14
19 20 22
4 5 20
13 15 22
8 11 16
2 4 19
13 16 1
15 16 11
10 11 16
10 12 24
11 13 23
23 0 23
22 23 10
6 8 12
11 13 30
14 15 7
5 7 12
9 12 27
6 9 26
8 10 25
23 2 14
3 6 22
18 18 11
22 0 20
6 9 7
21 1 18
14 17 13
0 3 3
23 1 16
15 17 11
8 9 1
6 9 7
9 12 28
6 9 3
7 8 21
4 7 7
2 2 8
16 17 21
17 17 1
22 23 19
15 16 24
5 7 28
1 3 21
5 4 8
3 6 27
16 19 17
14 18 7
14 16 11
7 9 7
0 2 23
8 12 6
19 22 9
10 13 17
2 3 22
16 18 8
19 22 12
20 21 11
9 11 13
4 7 26
11 13 1
12 14 24
11 14 29
8 11 5
19 22 26
2 4 20
0 3 15
8 11 15
22 23 10
9 13 19
8 11 5
21 1 16
15 16 13
13 15 5
19 20 21
15 18 4
19 21 15
12 15 17
12 14 13
13 14 1
3 5 27
10 12 4
1 3 8
20 22 11
0 4 23
2 3 30
0 3 1
8 11 3
13 16 22
8 10 17
8 12 5
19 19 6
9 10 4
23 0 18
3 4 5
7 11 28
21 0 10
0 0 28
16 18 25
23 1 1
9 10 4
13 16 11
5 7 22
2 3 9
19 19 23
23 1 23
20 20 28
21 22 12
7 10 28
20 21 26
11 10 10
17 19 10
12 11 23
16 18 29
16 16 18
13 16 5
2 4 15
11 14 27
4 5 2
16 19 18
23 1 1
0 1 21
16 18 13
13 16 24
10 12 18
2 4 9
11 12 16
12 13 12
21 22 29
12 13 20
12 14 19
23 1 20
23 2 22
9 12 9
0 4 19
16 19 22
13 14 29
23 1 15
20 23 3
16 17 23
17 21 8
10 13 7
11 13 11
15 15 21
19 21 25
1 3 17
20 21 29
15 17 25
12 13 26
20 2 14
22 0 20
7 7 24
1 2 26
0 3 16
15 17 20
8 9 30
15 17 24
15 17 5
11 14 16
3 5 22
22 1 25
16 17 3
0 3 16
1 3 12
6 8 5
15 17 25
8 11 24
8 10 28
11 15 10
6 9 20
14 15 19
23 2 5
5 7 26
17 19 1
23 2 2
1 4 28
22 0 30
22 1 6
9 11 22
14 15 10
13 15 15
22 0 7
21 23 11
7 8 29
22 22 28
16 17 8
14 17 24
17 17 19
21 23 26
1 3 25
3 5 26
7 11 14
20 21 22
13 15 25
15 16 9
22 2 17
12 13 11
13 13 2
17 18 7
1 3 25
7 9 19
20 22 19
13 16 30
6 9 20
21 22 17
20 22 16
4 6 7
16 18 9
17 16 5
19 20 13
10 12 20
6 7 5
5 7 30
7 8 28
15 18 10
6 10 23
1 2 10
15 17 6
12 15 28
1 4 14
20 22 26
23 2 2
11 11 15
3 4 9
21 23 16
5 7 24
2 5 10
1 3 1
17 18 23
7 7 30
12 14 6
15 16 9
19 21 16
6 8 8
0 1 4
10 12 29
7 9 3
11 14 8
10 12 17
1 3 3
4 5 27
22 23 25
3 4 9
23 1 30
21 23 24
15 17 10
15 17 26
6 7 3
15 17 9
4 7 24
1 3 28
23 2 4
23 0 27
4 6 24
19 21 25
0 1 12
1 1 9
4 6 7
7 9 7
6 10 2
7 9 6
13 15 29
6 8 25
2 3 7
11 12 5
5 8 21
11 13 20
3 4 10
22 23 4
19 23 2
10 11 3
10 13 8
17 16 19
7 9 17
11 12 26
13 16 29
9 11 4
19 22 4
19 19 14
6 7 12
8 12 28
13 14 3
17 20 5
18 19 3
16 17 24
17 20 22
13 15 10
22 0 13
6 7 15
20 21 12
13 15 2
2 4 23
15 17 26
0 0 2
0 2 19
19 22 28
20 22 17
22 2 3
8 7 12
2 3 24
9 11 14
7 9 2
1 3 25
19 21 10
5 6 27
19 22 10
12 14 2
11 13 9
13 14 22
1 3 4
8 10 17
14 16 6
11 12 9
16 18 26
5 6 17
11 14 10
15 18 12
3 5 30
7 8 23
11 14 21
19 19 3
12 13 29
20 23 7
2 4 29
14 16 16
1 4 27
12 15 30
5 8 18
11 13 26
16 20 12
18 20 3
7 8 30
1 4 20
8 10 21
0 2 17
22 0 19
5 7 14
3 4 27
4 3 13
14 14 25
12 14 17
13 14 3
12 14 27
19 21 18
17 18 22
19 21 19
1 2 9
23 1 4
2 5 14
21 1 1
5 6 25
23 0 30
19 22 27
13 14 18
23 1 19
13 15 26
21 22 17
6 9 17
4 4 4
22 0 26
19 20 18
8 12 12
18 21 16
5 8 24
0 4 2
0 1 12
4 6 25
14 16 14
15 16 12
19 22 10
17 19 16
5 9 25
7 9 26
17 19 20
3 5 9
13 15 2
11 12 22
22 1 5
1 3 29
10 13 27
19 20 29
11 12 2
23 1 17
8 10 29
13 14 13
13 14 30
22 1 29
3 5 14
14 17 9
23 2 10
10 13 14
18 21 6
4 5 12
9 12 20
22 23 8
23 3 28
14 16 21
21 0 21
1 3 15
9 12 20
11 13 9
19 20 16
8 9 28
16 19 15
12 13 10
2 4 17
1 3 27
4 6 30
3 4 26
4 6 21
12 13 13
15 17 24
21 0 27
7 10 29
22 0 12
10 12 30
13 15 13
10 12 19
22 1 24
15 17 30
23 2 23
2 3 9
6 8 6
10 13 27
10 12 28
1 3 3
0 2 18
7 8 25
0 2 22
4 7 5
0 0 7
22 23 5
23 1 25
5 7 2
20 23 30
11 14 19
8 9 7
17 20 14
11 11 9
12 14 21
13 15 25
21 0 23
7 8 9
0 2 7
20 21 22
14 16 16
21 0 25
18 19 8
12 14 5
7 7 16
4 4 20
11 12 27
8 9 21
11 12 9
16 18 9
17 16 1
10 13 5
10 14 17
7 9 17
4 5 30
12 13 22
3 6 28
10 13 21
11 12 24
3 4 14
15 15 21
23 0 13
20 22 1
18 20 11
15 17 24
15 18 7
15 16 29
11 13 21
3 5 18
20 22 25
21 20 8
18 20 10
23 0 5
9 11 22
10 11 14
12 12 14
11 13 18
11 15 9
2 3 7
1 4 14
18 19 21
9 11 22
13 14 19
5 6 5
14 15 12
3 5 26
20 22 8
6 6 24
13 14 6
1 4 11
20 22 15
22 1 16
22 1 7
2 3 12
8 9 13
12 15 9
12 14 21
4 7 17
7 9 10
4 6 7
17 19 13
9 12 6
3 6 2
20 22 9
3 6 30
9 11 27
0 1 2
21 23 20
21 21 22
22 23 28
7 8 27
16 17 12
18 21 24
14 16 17
5 7 15
10 11 22
19 19 9
14 17 10
20 0 24
7 8 6
18 19 27
20 21 6
6 10 8
7 10 3
6 9 17
2 3 2
14 15 12
11 13 13
1 3 28
21 23 16
0 2 13
8 9 20
20 22 15
2 4 4
22 2 12
15 18 13
9 12 29
2 5 11
6 9 2
7 8 25
0 2 12
11 13 20
2 2 13
14 15 16
18 20 8
20 23 26
11 13 10
11 13 21
10 15 25
19 21 9
17 20 5
20 21 30
21 22 26
4 8 21
16 18 30
11 12 21
0 3 8
17 17 11
11 14 2
11 13 17
5 6 8
11 14 20
15 17 5
20 22 16
4 7 25
12 15 9
15 17 20
23 23 28
15 17 17
20 22 2
16 19 30
12 14 12
12 14 26
8 9 30
19 19 7
12 15 10
16 18 4
5 8 24
20 22 19
23 1 18
14 16 14
8 11 24
1 3 15
1 2 6
11 14 15
14 15 21
21 0 18
16 18 9
9 11 12
7 9 13
17 19 5
16 18 28
0 2 4
18 20 3
7 8 2
13 16 14
10 11 22
16 18 14
0 3 10
14 15 9
18 21 4
3 5 17
9 11 17
4 6 27
21 22 5
2 4 4
7 8 18
23 1 20
23 1 5
12 13 7
15 17 28
10 12 8
2 5 30
4 6 26
13 13 29
5 8 30
18 20 12
22 1 12
16 19 8
5 5 27
9 11 23
18 22 17
2 2 16
10 12 23
9 11 9
4 5 4
13 13 10
5 8 3
1 3 18
19 21 29
10 11 14
3 3 27
16 18 11
14 16 27
8 10 14
22 1 14
2 3 26
22 0 28
7 8 24
3 3 4
4 3 17
14 18 22
21 1 10
0 0 28
6 7 18
23 2 15
20 22 24
16 19 11
16 17 29
16 19 27
0 2 19
1 2 20
2 4 2
13 16 29
4 4 4
23 23 10
5 8 1
7 8 9
0 1 4
22 23 28
10 12 11
22 23 3
4 5 9
20 22 30
4 5 13
1 5 22
1 0 5
10 13 7
18 19 18
12 13 26
12 15 21
6 8 1
13 16 19
1 3 9
21 0 12
6 6 2
15 16 17
12 14 29
15 18 27
8 10 18
4 7 20
17 18 17
1 3 17
22 2 19
22 1 20
13 15 20
19 22 11
20 22 26
19 20 22
14 18 23
21 23 20
5 7 2
7 10 28
6 7 22
20 0 27
23 1 9
1 3 3
11 13 27
19 20 27
2 6 20
12 15 17
7 10 28
10 13 20
17 17 17
11 13 26
22 1 19
2 4 27
11 13 27
19 21 14
21 23 6
4 7 10
9 11 17
23 3 7
16 18 1
7 9 19
18 21 29
8 10 25
12 14 26
17 17 11
20 22 17
1 3 1
5 7 27
23 1 4
2 3 28
20 22 20
22 2 26
20 21 8
9 11 11
15 17 11
4 6 19
17 17 24
20 23 24
9 12 28
12 14 22
12 14 18
15 17 18
3 6 2
13 17 7
16 19 21
21 23 26
17 20 2
11 13 30
10 12 10
12 14 27
23 1 11
18 20 22
10 11 14
9 12 26
12 14 23
21 22 30
14 14 16
6 8 13
14 14 23
11 12 9
21 23 1
9 11 4
3 2 13
12 15 7
18 20 23
13 15 4
13 15 12
18 18 6
4 5 12
18 20 21
14 14 29
18 21 14
1 2 22
16 18 4
8 9 21
7 9 14
0 2 20
18 19 16
15 16 1
21 0 2
4 4 30
3 4 19
22 0 29
13 15 7
20 20 24
17 21 19
19 21 15
13 15 3
15 17 9
7 7 7
9 9 8
23 0 6
23 23 22
11 13 30
4 6 17
0 3 11
18 20 18
14 16 13
7 8 29
0 1 16
9 12 19
20 22 26
15 18 28
13 14 20
6 10 24
12 15 15
0 3 19
12 13 30
5 7 9
1 5 29
20 22 3
15 17 4
13 16 17
0 2 21
18 19 27
4 6 30
12 13 7
18 21 13
18 20 22
17 21 4
17 18 29
7 9 24
12 14 21
22 2 28
3 7 18
6 9 8
23 2 4
19 21 17
1 4 27
5 6 20
4 6 25
5 6 25
7 9 7
21 0 16
0 1 4
7 9 27
3 6 28
21 0 19
15 16 24
13 13 25
8 11 14
14 16 21
23 0 13
2 4 25
0 1 29
14 16 19
0 1 9
11 12 2
18 21 29
5 7 10
23 0 8
16 18 11
18 19 6
18 20 21
7 8 2
6 8 30
23 1 13
20 23 30
12 15 6
2 3 1
20 20 17
11 13 27
9 12 11
10 11 27
5 7 8
8 8 26
21 22 4
7 7 1
0 2 12
17 20 22
11 12 9
20 22 26
14 15 19
5 8 24
17 18 6
6 11 25
3 3 1
15 16 7
22 0 4
6 10 7
2 5 4
6 9 29
23 1 13
1 3 27
11 12 17
19 21 29
10 11 20
5 9 10
22 23 11
11 12 15
9 10 10
17 19 9
2 4 11
11 13 16
13 14 14
13 16 11
18 19 23
6 9 28
21 0 25
17 18 25
9 12 15
1 3 23
3 5 16
14 16 26
15 16 30
1 4 22
18 20 2
20 22 4
5 7 25
23 0 25
15 16 25
15 16 30
0 1 21
11 13 19
10 11 22
2 4 18
16 17 3
14 16 26
7 11 8
1 3 12
2 2 20
17 19 24
15 16 3
4 5 29
4 6 9
11 12 29
11 13 9
22 0 3
21 0 17
14 16 21
1 4 10
12 13 15
2 4 15
16 17 2
5 5 28
21 22 17
23 1 29
20 22 2
4 7 29
4 5 20
0 0 4
5 4 14
4 7 1
12 13 27
16 19 8
13 16 29
21 22 14
11 14 18
4 6 2
5 8 29
5 7 17
3 4 17
20 21 22
7 9 26
12 14 25
1 3 2
2 5 28
5 8 29
4 6 3
4 7 5
21 22 4
7 8 30
4 6 17
0 1 16
4 5 22
0 2 2
5 7 4
16 20 11
5 7 4
23 2 10
12 13 28
13 15 23
15 18 29
8 10 17
23 0 2
3 4 7
0 3 17
7 7 11
13 16 26
4 6 25
16 18 5
1 4 20
3 4 20
11 13 1
6 7 14
3 6 8
2 5 10
0 1 30
4 8 30
23 3 26
0 3 30
5 7 24
15 15 22
15 18 8
6 9 14
0 2 26
20 21 24
17 18 7
11 15 7
7 10 4
9 10 20
2 2 23
21 23 2
16 16 8
11 14 14
4 6 19
10 11 30
22 0 23
10 10 27
15 16 9
5 9 27
15 16 7
3 6 15
17 20 13
2 5 7
19 22 24
14 15 27
20 22 14
11 12 21
21 23 24
8 10 5
11 13 19
7 10 17
21 22 5
21 23 17
5 7 14
16 19 9
19 20 24
1 3 11
16 18 30
0 1 14
1 4 12
3 6 20
1 3 22
23 3 30
9 10 12
2 4 4
16 19 3
15 18 22
16 19 11
9 10 27
23 1 20
16 18 3
8 11 20
21 22 22
7 10 22
4 4 23
7 11 22
1 3 4
6 10 1
2 5 8
3 6 29
22 1 23
14 17 6
0 2 8
8 12 23
3 6 8
3 4 6
23 23 17
21 22 30
11 14 14
6 8 17
17 20 8
11 14 18
1 3 16
9 11 10
21 0 13
18 20 16
20 22 23
19 20 18
7 8 21
13 15 29
11 12 11
0 3 6
3 6 28
4 6 5
6 6 11
10 12 25
7 10 3
5 6 21
22 23 1
8 10 11
16 18 29
6 10 17
12 13 9
23 1 1
5 7 6
23 23 15
23 1 14
20 22 13
21 23 29
0 1 8
21 0 14
2 6 23
18 19 18
16 18 16
2 2 3
6 9 20
6 9 30
3 6 2
21 0 21
9 11 3
14 17 26
4 6 15
12 13 5
13 16 29
9 12 29
4 6 16
5 8 19
8 12 29
9 11 15
2 2 21
1 2 26
19 23 4
14 16 13
13 15 2
19 21 20
4 5 2
4 6 8
7 9 2
8 10 1
21 1 7
16 19 29
5 9 18
20 21 2
15 17 4
3 5 2
4 6 17
8 10 30
21 22 19
7 9 13
11 13 6
20 23 26
15 16 23
18 19 23
2 3 21
3 6 10
13 14 22
3 4 14
15 16 27
1 3 3
19 22 24
20 22 12
8 9 6
2 5 11
10 11 4
8 8 9
4 7 4
19 21 27
11 12 17
4 5 12
2 3 10
12 15 17
18 20 7
13 14 25
23 1 15
10 13 1
4 6 17
12 14 14
21 23 30
3 3 15
15 16 2
9 10 1
12 15 17
0 0 11
11 13 10
2 4 12
12 15 27
8 11 1
14 17 30
4 6 8
18 20 8
1 3 4
22 0 29
1 3 11
20 23 14
6 7 20
3 4 30
17 17 16
23 0 20
8 10 27
9 11 8
18 20 6
10 12 8
5 7 15
8 10 14
11 13 21
0 2 20
2 4 4
23 1 28
2 4 23
15 17 5
11 14 17
11 12 25
17 19 11
10 11 22
16 18 3
10 11 14
7 9 20
7 9 1
10 11 27
18 20 28
18 20 10
1 1 21
8 10 24
19 21 11
7 9 30
16 17 20
7 10 22
18 20 17
12 16 27
16 18 11
14 16 19
2 4 9
13 17 10
18 19 17
15 17 4
5 6 4
11 11 28
12 14 16
16 18 4
1 3 13
20 21 1
15 17 29
14 18 1
2 3 23
20 23 4
2 5 15
4 6 28
13 15 15
15 19 5
18 20 20
11 14 18
10 13 11
20 21 26
1 4 15
7 10 5
18 18 22
21 22 5
8 9 14
7 10 25
14 18 17
2 4 28
0 1 27
11 11 30
11 13 19
2 3 30
0 3 25
22 23 19
19 20 7
21 0 3
22 0 29
5 6 9
5 7 12
15 16 22
8 10 17
17 18 24
20 21 20
18 22 1
3 5 21
23 1 26
21 22 20
23 1 4
9 11 12
1 1 16
9 13 6
6 8 6
4 5 2
14 15 25
8 10 19
13 15 4
2 4 16
0 2 1
15 16 2
18 21 29
3 6 13
1 4 30
9 10 21
9 12 20
21 23 27
16 17 4
13 16 6
21 0 28
13 13 11
2 4 18
10 13 10
23 2 3
17 17 17
18 21 12
8 9 5
5 7 3
14 15 9
1 4 20
3 5 6
1 2 11
5 7 21
5 8 8
22 0 22
19 22 8
19 21 21
6 7 14
10 13 4
6 9 14
1 3 13
14 15 4
23 0 19
9 12 9
19 21 19
19 20 19
20 0 24
4 7 15
23 0 29
20 23 4
10 12 9
2 2 11
13 16 8
2 4 7
1 4 16
10 12 9
15 16 17
15 17 18
8 11 6
10 12 13
7 11 30
10 14 10
1 4 20
9 13 4
20 22 7
20 21 17
17 18 11
21 22 20
19 22 21
6 7 14
19 19 17
23 2 19
1 2 17
22 1 24
2 5 1
7 10 11
6 9 28
9 12 10
23 3 10
4 7 11
16 20 12
22 0 21
15 17 7
22 1 1
15 16 8
10 12 2
20 21 23
12 13 25
10 14 6
14 16 23
21 23 2
3 6 21
17 19 11
7 9 1
3 4 12
11 14 1
6 7 8
6 6 15
15 16 10
13 14 19
5 7 13
4 5 6
5 8 10
2 5 25
6 9 28
1 2 17
10 12 2
6 7 19
21 22 15
22 23 1
10 11 6
6 7 11
2 3 24
10 13 28
14 17 27
1 3 7
5 8 7
5 8 2
0 3 26
1 2 28
0 3 3
23 0 4
3 5 24
4 6 4
22 23 21
23 2 20
19 22 21
4 8 8
18 21 22
19 20 28
11 13 2
0 2 18
0 3 26
5 8 7
4 6 28
9 11 17
13 15 2
12 13 8
1 4 29
5 6 16
19 23 9
7 9 30
11 14 12
19 20 23
7 9 19
0 1 18
19 20 8
15 16 7
14 18 8
5 7 22
23 3 15
2 2 5
7 9 30
1 2 25
7 10 2
1 2 1
12 14 29
1 2 29
2 3 11
2 5 7
0 1 11
13 14 25
18 19 22
3 2 8
11 14 19
12 15 20
5 6 26
20 0 24
2 4 30
10 12 29
8 10 24
14 15 29
3 4 18
7 9 16
9 9 4
19 21 8
2 3 21
16 19 13
6 8 20
12 13 19
18 19 20
19 19 9
1 2 30
22 0 7
23 1 10
13 15 23
18 21 18
15 18 22
13 14 27
18 20 9
2 4 4
0 2 12
10 13 8
22 1 13
11 14 26
20 23 7
3 5 24
23 0 16
23 23 5
18 19 9
22 1 26
14 17 30
9 10 12
4 8 18
6 9 3
1 2 19
20 21 11
2 4 6
18 20 28
3 4 10
18 20 10
21 22 10
2 3 11
14 16 30
19 21 29
2 1 29
23 1 20
14 16 27
19 22 30
17 19 25
14 18 14
5 6 24
15 17 5
19 20 22
14 17 22
12 16 11
22 23 3
23 2 30
22 23 29
22 23 25
2 3 13
16 17 7
22 0 29
16 18 17
15 17 30
9 12 16
11 14 20
11 12 28
20 23 26
19 19 9
13 12 18
19 22 6
11 13 4
0 2 11
13 15 29
5 9 30
20 22 28
13 15 21
4 8 26
23 1 26
11 11 18
8 10 7
17 18 29
17 18 3
12 13 20
0 1 23
13 16 11
2 3 22
5 9 8
6 9 12
12 14 2
7 10 10
13 14 3
11 12 22
17 20 25
6 8 4
22 23 2
1 2 25
11 12 8
10 10 19
17 19 30
2 4 22
4 7 16
16 17 25
21 0 15
8 9 28
21 21 12
8 10 27
18 21 9
6 9 5
22 0 3
11 13 3
21 23 22
10 11 6
17 18 27
4 7 12
7 8 18
5 6 25
1 4 29
11 13 14
9 11 21
7 9 9
5 5 26
11 15 19
22 2 9
13 14 26
12 15 25
22 2 29
4 6 14
16 18 1
3 6 22
22 1 26
15 19 17
16 19 3
6 8 29
6 8 10
6 8 16
7 9 23
9 12 1
13 17 24
21 23 8
18 21 16
15 18 5
0 4 20
17 20 27
12 14 7
6 9 22
14 16 5
7 10 18
17 19 20
9 11 16
17 20 19
9 9 11
21 23 18
6 8 10
16 19 4
6 8 10
16 17 24
6 6 30
9 11 7
8 10 22
11 13 17
4 6 3
8 10 26
20 23 30
7 8 19
3 6 9
17 20 19
6 8 19
0 3 14
18 21 9
7 9 17
14 17 12
3 6 24
17 19 1
9 12 4
8 12 25
21 22 14
12 16 5
11 14 5
13 16 3
20 22 24
9 11 9
23 0 13
15 16 15
3 5 15
11 13 17
5 7 25
0 1 27
17 18 28
5 7 21
4 7 15
19 22 7
22 0 30
13 16 24
5 5 23
20 22 19
8 8 2
12 13 28
8 10 9
18 20 4
8 8 9
9 11 8
1 3 16
19 21 9
4 5 24
22 0 24
8 10 24
6 9 10
4 5 28
19 21 25
13 15 13
18 23 15
12 14 10
3 6 23
12 14 6
21 0 24
9 12 14
2 4 21
11 12 10
10 10 5
10 11 12
21 21 1
7 9 22
13 15 30
16 18 6
3 6 22
18 20 16
18 21 26
6 9 27
18 18 21
9 10 17
20 22 3
9 11 3
20 22 15
2 3 17
17 19 14
2 2 29
11 14 16
1 3 27
13 15 25
18 19 26
4 6 20
15 16 21
13 15 4
11 13 10
3 4 13
21 0 17
19 21 11
11 13 16
0 3 4
3 6 17
3 4 9
22 23 20
5 9 18
3 5 4
10 11 25
5 7 5
0 0 24
13 13 6
12 15 26
19 21 14
5 8 23
6 8 28
7 9 23
15 17 1
10 12 24
20 23 22
7 8 18
0 2 18
11 13 1
8 10 3
21 0 24
17 19 7
21 22 11
12 13 4
8 9 23
23 2 8
16 19 2
12 16 11
22 23 7
14 15 5
6 7 26
23 1 15
0 1 25
13 16 29
12 15 20
2 3 24
20 23 23
10 10 12
18 21 17
12 12 15
22 23 8
22 2 15
7 8 11
1 3 26
2 4 9
15 16 16
19 21 3
13 15 20
16 19 22
3 4 6
5 9 19
23 0 15
0 -1 6
15 18 16
7 9 4
7 7 10
10 12 12
10 13 30
13 13 15
17 19 13
14 17 11
14 15 11
12 15 14
15 17 26
0 2 26
10 11 14
8 12 15
2 4 7
15 18 3
13 14 27
11 12 10
4 4 8
16 18 13
17 21 12
21 22 15
4 8 11
18 19 21
16 18 25
15 18 14
0 3 19
18 18 30
8 7 11
6 6 22
9 11 30
0 4 15
0 5 14
8 11 7
22 0 29
13 15 21
18 18 16
23 2 6
0 0 18
4 5 3
20 21 22
11 13 8
16 19 20
6 9 24
9 11 20
8 8 24
7 8 20
21 23 9
20 22 8
10 12 21
17 20 22
1 3 21
16 18 17
7 9 5
15 17 10
15 16 29
13 15 27
2 3 9
3 5 2
4 5 15
3 8 7
13 15 4
7 9 30
14 16 27
19 21 14
4 6 19
13 14 27
14 17 28
20 22 11
1 3 24
9 13 15
23 1 4
0 2 13
15 17 14
8 11 27
9 10 10
17 20 29
14 17 11
4 6 27
5 10 30
19 20 23
23 1 12
19 19 16
19 20 6
11 11 13
4 7 7
23 1 3
8 10 17
1 4 8
15 16 19
15 15 24
15 18 14
9 12 6
22 2 27
17 18 17
20 22 18
21 22 8
23 1 27
22 1 14
17 18 30
7 11 21
16 19 21
19 21 21
3 5 12
10 12 1
21 23 23
21 22 28
14 16 2
17 20 1
13 14 22
21 22 17
22 22 27
19 21 4
6 9 8
15 17 20
6 8 4
3 4 18
18 18 1
1 2 30
5 8 16
6 10 29
20 23 30
10 12 22
22 1 28
20 22 9
1 4 17
22 2 8
1 4 30
4 5 24
5 8 14
12 15 15
23 0 26
5 5 2
2 5 19
2 4 17
3 5 25
20 22 27
7 10 19
16 18 5
11 12 19
2 4 10
15 17 13
8 8 10
15 17 6
9 10 3
3 7 7
10 12 24
0 1 16
5 9 9
10 12 1
9 12 1
1 3 30
3 7 19
12 15 18
15 18 22
9 10 28
19 19 3
10 13 8
21 21 9
4 9 20
6 8 25
23 0 29
12 14 9
11 12 7
19 21 4
23 2 21
15 16 18
18 19 28
12 12 3
18 22 25
20 22 17
20 22 6
18 20 8
23 2 30
18 23 7
7 9 21
12 13 4
12 15 17
5 6 10
10 10 22
12 14 26
0 2 26
15 17 17
2 4 26
10 11 8
3 5 26
22 1 2
16 19 17
21 22 2
8 12 10
4 4 28
14 16 10
21 0 2
8 11 27
19 22 17
18 20 11
18 18 29
11 13 17
8 9 7
4 4 16
22 0 7
8 10 16
13 15 23
15 18 24
2 3 26
15 17 26
16 18 30
11 14 20
15 19 16
3 5 10
15 19 24
13 15 11
2 4 24
2 4 16
15 15 22
5 9 3
14 16 2
5 7 22
10 12 5
10 13 12
10 12 22
0 2 17
0 3 23
4 6 20
19 22 17
23 1 10
21 0 3
19 21 14
14 18 8
21 22 21
10 11 18
11 14 7
5 8 24
11 13 30
22 1 10
6 9 28
11 12 16
2 4 11
13 16 17
19 21 16
20 21 21
11 12 23
14 15 17
15 18 28
6 10 28
0 0 9
18 19 3
6 6 22
13 14 20
5 8 13
11 14 16
5 6 15
4 5 23
10 12 4
13 17 5
1 3 19
17 21 9
13 14 17
14 15 15
15 17 4
12 16 14
6 7 30
5 8 12
11 14 30
11 15 23
4 8 28
22 2 19
11 11 29
0 2 5
17 19 10
2 6 6
3 4 26
2 4 12
3 7 27
23 0 10
13 16 25
18 20 22
3 6 18
4 8 27
4 7 28
5 7 3
11 13 13
15 16 10
21 23 5
16 18 23
10 12 17
20 23 24
14 15 4
11 14 26
2 3 3
16 15 27
17 20 19
4 6 15
15 16 10
13 14 14
4 7 5
0 3 21
15 17 19
14 16 25
18 19 30
10 11 24
13 14 11
22 22 14
12 14 24
19 21 28
9 13 26
19 21 1
21 0 27
4 6 13
0 0 22
17 19 17
