2850 30
29 15 26 29 12 25 29 14 14 9 1 4 5 19 8 17 19 4 3 7 10 15 4 16 1 1 4 2 5 23 
1 2 8
9 12 23
17 19 10
17 21 20
16 19 18
8 10 8
18 20 18
12 13 21
7 9 18
23 2 7
6 9 29
4 6 5
14 17 11
22 0 3
17 18 18
3 5 18
6 10 12
7 10 13
6 7 5
22 2 12
1 2 28
19 23 30
18 21 25
18 21 2
8 9 30
1 4 12
11 12 14
9 12 5
22 1 23
17 19 5
4 7 4
21 23 22
17 19 26
9 10 11
8 11 24
5 8 27
16 18 28
19 20 24
21 0 5
4 5 11
23 0 13
16 18 30
2 5 9
1 2 27
23 23 5
18 20 9
20 22 28
21 23 24
14 18 3
21 23 28
18 21 30
17 18 17
16 18 11
18 19 2
19 21 4
3 5 17
0 1 30
1 3 26
16 18 28
16 17 16
3 3 25
3 6 23
6 8 23
15 18 20
3 5 14
1 3 24
23 0 19
4 6 27
18 20 13
0 2 10
23 2 7
12 15 6
5 7 6
7 9 4
18 20 28
1 4 14
13 15 13
1 3 24
9 11 9
3 5 19
22 23 14
20 23 2
10 13 1
21 22 14
22 23 8
7 9 7
3 5 4
16 19 25
20 21 22
5 7 6
15 16 3
1 2 11
5 6 22
2 5 8
23 23 18
13 16 2
15 17 26
13 15 17
4 6 7
15 15 5
22 22 2
19 20 15
14 15 8
21 0 13
18 20 22
14 18 20
13 14 12
11 12 8
5 8 10
10 13 8
5 6 10
10 11 20
14 16 7
8 10 10
7 8 14
21 0 2
9 11 24
13 15 20
23 2 22
20 21 21
12 13 20
0 5 3
18 22 30
3 5 9
3 5 8
22 1 6
20 21 26
15 16 30
18 21 23
10 11 13
7 8 12
1 4 11
23 2 13
17 17 16
2 2 22
22 0 2
22 23 28
15 18 25
9 9 30
10 12 20
17 19 21
13 15 25
15 18 22
16 17 15
6 9 11
20 22 3
9 12 19
10 12 1
11 13 28
18 18 29
20 0 30
8 11 26
19 19 22
15 16 13
16 19 18
22 0 20
19 23 1
7 10 9
9 11 18
6 7 9
9 11 18
2 1 22
20 22 6
18 18 26
21 0 24
18 20 28
17 20 28
15 14 27
11 13 14
20 23 9
21 22 20
17 19 15
22 23 13
8 11 18
17 18 29
0 2 12
17 19 3
12 14 16
10 13 11
2 5 10
16 17 6
3 5 16
6 9 12
11 12 6
7 10 5
20 23 19
11 13 2
13 14 4
2 4 8
13 14 3
5 7 4
19 22 12
12 12 7
13 14 24
14 15 30
16 18 7
12 13 26
19 22 27
15 17 28
13 16 29
20 22 14
8 10 15
4 5 20
6 9 15
21 0 6
17 19 8
12 13 15
9 11 12
17 20 9
3 4 17
19 0 14
14 14 23
4 6 27
16 18 6
9 11 23
8 10 28
15 19 29
12 14 9
3 4 22
18 20 13
5 9 14
3 4 1
11 15 14
15 17 26
18 20 1
8 11 26
13 17 24
21 23 5
19 20 4
18 21 7
21 23 21
18 21 4
14 16 29
0 1 21
8 10 21
23 0 28
9 11 18
19 19 10
19 18 27
12 15 13
1 3 19
14 16 26
11 12 25
6 7 26
14 16 29
1 2 12
17 20 3
21 23 12
13 16 4
19 22 30
3 5 9
2 4 15
17 19 24
13 14 5
19 19 15
17 18 4
20 23 10
14 17 22
9 13 3
10 12 10
18 22 2
21 23 2
0 0 26
20 22 7
13 14 6
4 7 6
0 2 24
1 3 5
14 15 7
2 4 16
13 16 15
14 16 12
7 8 20
13 16 22
18 19 9
14 17 30
18 19 30
20 22 9
21 22 9
7 10 3
9 11 18
15 17 25
9 11 27
11 13 8
14 15 28
2 5 20
13 14 26
11 13 1
5 5 25
3 6 26
2 4 17
20 0 13
4 7 13
14 16 25
19 22 29
16 18 12
0 1 6
22 1 27
1 2 8
9 12 25
11 11 18
12 13 8
23 2 29
5 8 25
10 12 8
11 13 25
6 8 6
6 6 26
1 2 23
4 4 24
19 21 26
23 2 21
14 14 29
0 2 14
18 21 22
15 17 13
17 20 19
7 9 10
16 17 23
9 10 29
20 22 15
18 21 16
0 2 29
3 5 1
18 21 25
0 3 17
16 18 28
1 4 12
18 22 22
23 0 6
16 19 19
1 2 4
23 0 3
16 19 29
8 11 16
18 21 11
18 20 20
7 9 25
10 13 16
20 23 22
5 10 2
22 23 2
6 9 26
20 22 13
18 20 23
12 13 8
21 1 3
2 3 18
1 3 3
23 1 3
14 14 8
22 0 4
3 7 2
8 11 17
2 5 9
19 21 13
17 20 2
10 12 6
18 21 26
2 4 16
22 1 26
20 23 14
5 7 11
4 6 1
4 6 9
5 6 29
3 4 5
16 18 29
0 2 7
14 16 29
3 5 5
15 18 8
23 0 15
22 0 30
1 4 22
7 10 25
18 20 28
19 22 30
17 19 16
10 12 7
9 9 24
0 1 9
0 1 23
20 22 29
10 14 1
14 14 29
18 18 16
0 1 15
2 2 29
11 11 6
20 23 4
8 10 27
7 9 30
6 7 12
11 12 9
10 11 16
12 14 9
19 21 18
13 15 12
4 5 24
21 22 15
9 13 13
8 11 26
11 15 30
22 23 1
6 9 10
7 10 9
15 17 14
9 12 15
5 7 20
21 23 21
7 9 30
2 3 23
12 13 19
7 10 2
7 10 15
11 14 13
5 7 4
7 10 29
19 21 8
23 1 5
21 22 29
2 3 14
9 11 17
16 19 26
15 19 4
2 3 30
12 14 20
6 8 21
3 4 11
8 10 11
3 6 8
8 11 15
12 15 15
0 2 16
1 4 15
0 1 18
7 9 21
3 4 3
17 20 22
13 17 13
20 22 6
20 21 3
23 2 3
16 18 30
2 4 7
1 4 25
21 0 6
2 4 15
18 20 3
6 8 12
6 8 16
9 13 24
17 19 9
5 7 8
4 7 22
12 13 13
9 13 25
6 6 3
3 3 13
23 2 6
18 21 8
6 8 7
18 17 8
14 15 29
12 14 20
13 16 15
22 0 18
22 1 21
12 15 25
17 19 1
6 9 26
18 19 20
22 1 21
18 21 18
2 3 16
11 11 6
7 10 3
3 5 29
7 10 16
15 16 18
20 21 21
11 13 15
13 13 21
5 6 24
18 19 7
14 16 18
4 5 8
16 17 19
18 20 20
16 18 15
15 18 1
11 11 8
15 17 13
7 7 18
12 14 23
16 18 18
8 9 20
14 15 29
18 21 5
1 1 22
14 14 23
16 17 7
4 5 22
19 21 19
19 21 24
3 7 23
10 13 4
8 13 12
3 5 15
20 23 2
22 1 28
21 0 14
5 8 12
12 13 27
3 5 20
16 17 8
20 23 18
20 22 6
15 17 25
1 3 30
19 21 18
17 20 23
8 9 4
18 21 7
18 19 30
17 19 3
21 23 7
1 4 9
14 15 28
3 6 19
21 1 13
18 21 26
5 6 5
2 5 5
18 21 8
9 8 21
15 18 30
13 15 25
20 23 21
18 20 18
8 9 26
2 3 19
6 8 2
11 12 26
1 2 6
23 3 11
22 22 30
4 6 29
18 18 22
4 6 2
8 11 15
19 23 1
16 19 23
0 4 20
8 11 11
0 4 1
9 11 24
0 1 4
12 14 16
4 6 11
20 23 3
19 22 20
19 22 1
11 12 7
4 7 19
6 10 11
10 12 12
6 8 8
5 7 16
16 20 12
10 12 24
1 2 29
10 11 4
2 3 15
23 2 13
15 16 21
9 9 4
1 4 11
7 7 19
21 0 25
12 13 8
20 22 5
20 20 13
2 4 4
16 19 29
22 23 17
4 7 25
10 12 14
13 14 27
4 6 29
11 15 2
10 12 14
17 20 3
7 10 18
15 17 22
0 3 19
8 11 24
4 5 16
18 20 30
8 10 28
4 6 12
21 22 17
14 15 4
7 8 30
22 1 2
11 15 25
10 13 7
18 20 25
23 1 27
19 21 26
8 11 13
17 18 15
11 13 13
11 14 24
9 11 21
9 10 6
21 23 3
6 11 6
11 13 9
20 23 28
10 11 29
10 13 14
11 12 20
4 7 18
18 20 20
16 21 26
20 23 9
21 0 29
16 16 23
19 22 19
11 13 23
9 12 14
21 0 24
23 1 21
5 7 2
8 11 3
10 12 6
12 15 19
1 3 19
21 22 13
22 1 8
0 3 13
2 3 27
9 11 8
8 10 17
18 20 8
3 4 13
17 20 16
6 9 4
2 3 3
11 15 26
4 6 9
11 14 23
6 9 29
3 4 18
0 4 12
21 23 4
14 15 20
22 23 6
1 0 11
7 8 17
0 3 24
9 12 7
11 13 22
19 21 9
10 11 28
23 2 9
12 15 21
17 19 30
21 23 6
16 19 5
4 6 7
1 4 4
5 6 26
5 5 27
18 19 11
16 18 12
16 18 17
22 1 15
7 7 8
19 22 15
12 15 18
1 3 20
0 3 6
0 3 11
6 7 11
0 1 29
0 2 3
7 9 16
21 21 25
8 9 2
6 6 25
21 0 3
4 6 28
11 13 9
1 2 15
7 9 29
14 17 8
17 18 10
13 15 19
0 3 13
4 5 28
10 11 20
0 3 28
15 17 16
11 11 6
2 4 23
9 11 25
9 11 16
6 7 16
17 20 11
1 2 1
22 1 18
21 22 6
1 4 3
11 13 4
1 4 22
6 8 13
18 20 10
2 3 15
15 17 12
21 23 30
8 10 21
13 12 24
2 4 23
20 20 27
9 9 29
12 13 10
12 13 7
5 6 28
9 10 30
6 8 10
20 22 11
11 14 23
19 21 4
20 23 14
21 0 24
12 14 21
17 20 10
2 3 13
10 12 23
7 11 4
18 19 11
23 0 18
8 11 30
5 6 14
22 0 8
13 16 11
0 2 4
23 1 25
21 22 16
21 23 29
14 18 13
9 11 17
0 3 6
0 1 26
6 8 4
9 12 2
21 21 20
9 12 22
12 15 14
7 8 18
18 20 25
2 3 7
20 21 21
0 2 23
3 5 10
11 12 5
18 20 29
6 8 12
2 6 30
10 13 16
1 1 1
8 9 4
12 14 2
7 10 19
23 1 7
21 22 18
9 13 12
19 19 19
0 1 23
7 10 21
3 6 18
0 0 29
19 21 27
6 9 3
18 21 13
18 20 24
15 18 11
8 11 7
23 2 7
5 7 30
9 10 15
20 21 5
20 22 26
14 15 9
6 8 1
4 3 21
6 6 10
16 16 13
2 5 3
12 15 28
10 11 26
9 13 28
13 15 5
10 13 6
3 6 11
15 14 11
21 23 30
21 0 23
9 11 12
0 4 21
17 20 21
0 2 1
1 3 22
14 18 20
22 0 6
2 5 21
17 17 14
23 1 18
5 7 26
23 1 2
21 0 25
20 23 14
20 23 29
13 15 13
8 11 8
15 18 9
13 14 5
11 12 5
15 18 17
7 9 23
8 8 30
10 10 9
23 23 9
3 4 17
14 15 19
4 6 13
11 14 2
4 4 5
2 1 14
16 18 10
22 23 11
5 8 18
8 9 17
21 0 24
15 16 14
23 2 13
0 0 9
2 6 27
0 3 29
6 9 23
23 0 29
19 20 26
19 21 21
5 8 27
11 13 22
8 10 3
21 23 12
4 6 2
19 21 3
19 22 26
7 9 22
14 16 20
1 1 15
5 8 17
13 16 7
4 6 11
0 2 3
17 19 15
5 7 22
0 2 15
11 13 11
9 12 1
9 12 28
14 16 11
5 7 28
6 9 28
13 15 26
10 12 6
19 18 4
10 11 13
18 20 11
0 2 13
15 18 17
19 21 8
22 0 2
6 7 10
12 15 23
2 4 25
12 16 30
4 7 25
4 5 19
18 22 9
14 17 3
21 22 17
7 9 6
22 0 22
19 21 14
21 0 20
16 19 10
9 9 21
3 5 26
12 12 25
3 4 9
18 20 17
8 11 24
13 17 21
0 2 22
21 23 28
6 10 28
0 2 2
9 10 16
22 1 6
6 9 17
1 2 14
10 11 3
7 9 9
2 5 28
3 5 14
20 22 21
2 5 18
16 18 29
14 15 7
18 18 25
7 9 16
6 8 4
1 1 2
19 19 30
11 13 24
4 7 21
14 17 11
20 21 11
0 2 1
14 16 5
6 7 13
9 12 25
16 18 17
23 2 1
14 15 22
13 15 9
20 21 28
3 4 28
6 7 6
16 18 2
3 6 25
0 2 9
14 15 13
18 20 4
20 20 13
5 8 6
7 9 4
14 17 17
8 10 26
17 19 19
12 15 20
3 4 15
0 3 5
16 17 4
4 5 10
15 18 18
14 15 25
2 5 1
23 2 17
20 23 12
6 9 15
12 13 24
5 6 8
6 7 6
8 10 23
14 15 15
6 8 18
6 7 6
13 16 24
19 20 15
22 0 28
6 10 30
15 16 6
11 11 13
6 9 24
0 1 24
19 18 23
1 4 3
10 14 13
8 9 1
8 9 11
21 23 15
13 14 22
2 3 23
12 13 30
1 2 19
18 21 22
19 21 23
0 3 9
7 11 13
15 17 25
18 22 9
7 9 14
16 18 29
17 18 19
3 7 16
20 21 3
17 19 23
22 0 8
3 5 3
23 0 10
14 15 3
23 0 6
3 6 15
0 1 5
15 17 10
23 1 7
16 16 14
17 20 23
23 0 14
8 11 18
17 20 19
17 19 14
10 11 5
7 9 2
15 16 19
1 4 5
23 0 7
22 1 16
3 6 17
20 22 18
15 17 15
9 11 23
19 20 15
2 4 13
15 16 10
11 14 14
7 9 1
2 4 28
7 10 2
18 19 26
19 22 14
1 4 10
10 12 23
10 12 10
5 6 6
0 2 15
5 7 27
0 4 30
21 23 3
22 21 19
16 19 9
14 16 6
21 23 24
6 6 8
9 9 6
19 19 4
15 17 27
6 7 18
8 10 28
7 8 5
5 7 19
18 20 12
5 7 2
15 17 19
12 13 28
17 19 6
17 19 12
20 21 27
16 18 18
12 16 3
7 9 28
2 4 29
20 23 28
12 13 10
12 14 29
8 10 12
15 15 19
23 0 28
1 3 14
6 7 2
21 21 25
4 6 9
17 18 25
1 4 21
15 15 26
12 13 11
9 11 14
6 7 2
18 20 9
18 20 21
18 20 16
20 23 7
6 7 23
4 7 26
18 20 9
20 23 18
13 15 13
22 22 1
13 15 10
16 21 7
8 9 17
1 3 9
7 9 30
2 4 26
12 14 23
21 23 14
21 23 22
22 1 23
20 21 4
17 17 10
7 9 8
7 10 14
10 11 21
2 4 18
6 7 13
8 12 12
1 4 9
4 6 24
8 10 15
22 0 11
3 4 4
14 18 10
18 19 30
11 13 12
17 19 9
7 9 26
22 0 16
15 20 5
11 14 6
15 17 19
9 11 21
23 1 6
13 14 21
2 4 5
18 19 21
11 12 9
10 11 8
16 20 7
16 19 26
17 19 13
22 2 11
3 5 24
23 2 10
16 19 29
10 13 3
10 15 21
10 12 30
23 1 2
3 6 28
8 10 26
14 16 13
0 3 2
14 16 22
14 16 22
14 16 9
10 12 9
7 10 7
12 14 12
19 22 14
0 3 2
14 15 14
3 5 20
0 1 7
5 6 11
5 7 16
14 17 2
3 6 9
20 21 21
8 12 11
17 18 12
6 9 30
7 9 9
4 5 2
7 9 28
0 1 24
9 13 18
3 4 15
19 22 9
2 2 23
4 7 14
6 9 29
11 13 15
6 7 15
12 13 5
3 5 17
0 4 7
8 11 7
22 0 24
22 23 22
11 13 8
20 22 5
23 0 9
18 20 6
0 3 29
20 21 8
23 2 17
14 15 18
7 6 12
4 6 20
10 12 10
21 23 24
13 15 16
18 22 13
22 0 8
12 15 6
2 4 6
15 16 13
4 9 29
2 4 16
4 7 22
12 14 22
14 14 6
23 2 30
13 15 24
11 13 4
1 4 20
23 2 29
6 8 19
0 2 14
12 13 1
18 19 26
21 0 13
16 18 12
23 3 20
3 6 8
12 13 10
19 22 15
3 5 22
21 23 22
6 8 18
18 20 29
14 16 14
5 6 23
0 3 24
1 4 19
14 16 25
13 15 29
13 16 12
2 4 15
4 5 2
10 12 4
6 8 22
20 22 9
6 8 4
2 4 25
8 11 14
23 1 11
4 6 3
1 3 13
10 13 14
10 12 17
6 8 4
23 2 17
2 4 2
13 15 26
1 5 2
16 17 30
8 11 7
20 22 10
2 3 24
10 11 30
0 2 15
2 3 22
4 5 4
12 14 19
21 23 22
3 5 9
17 19 19
17 18 22
5 7 3
18 21 21
3 5 4
21 23 5
6 9 22
5 8 12
19 20 26
23 3 20
21 0 23
15 17 19
22 1 27
15 16 25
14 16 6
5 5 12
12 15 13
9 12 4
10 13 12
13 16 6
16 18 29
19 21 10
16 19 14
1 4 23
5 7 10
22 21 15
20 21 12
13 17 7
12 14 18
15 17 27
10 12 11
23 2 18
16 19 22
8 10 3
3 7 24
6 9 23
11 12 4
16 18 30
7 10 11
4 7 10
0 2 7
2 5 28
3 4 5
0 0 7
22 23 23
22 23 12
8 10 17
13 15 26
23 1 6
15 17 21
14 15 5
11 13 25
7 8 9
15 15 28
12 14 5
10 14 3
15 18 13
4 8 21
4 6 30
8 11 30
6 8 13
5 7 24
13 16 3
22 0 14
16 17 7
7 8 21
11 13 26
8 10 3
4 5 7
11 13 23
6 8 7
9 12 18
5 7 17
4 4 29
2 5 29
5 6 13
9 9 4
5 7 23
8 8 30
17 19 25
6 8 7
5 10 4
5 6 24
19 20 18
19 22 25
11 14 25
10 11 29
18 20 18
21 23 10
4 6 5
2 4 13
23 1 4
6 9 4
18 19 18
21 22 16
5 8 15
11 13 7
9 9 6
13 15 6
18 20 14
23 0 20
19 21 18
6 8 19
22 23 11
20 21 8
18 20 11
9 12 24
9 10 24
19 23 11
17 20 30
7 8 30
10 12 24
5 5 6
19 22 22
8 9 21
21 22 5
19 22 7
17 17 2
23 1 18
16 19 29
21 0 2
19 21 1
15 18 15
22 23 15
4 4 5
8 9 28
8 8 20
9 11 19
13 16 14
4 6 21
21 23 6
16 17 10
19 20 13
10 11 29
9 10 18
2 4 11
9 12 8
0 3 23
21 0 15
7 8 1
17 19 18
14 14 21
18 21 25
8 10 7
16 19 5
21 0 20
16 17 28
10 12 29
10 13 9
4 7 30
3 5 3
23 0 2
21 23 27
18 20 25
5 8 6
10 13 7
10 12 1
17 17 17
11 12 21
13 16 24
11 14 11
12 14 21
23 2 2
0 1 22
21 23 29
18 20 16
12 14 10
16 17 26
5 7 3
23 3 10
23 1 9
4 5 30
1 5 22
12 12 19
17 19 20
3 4 22
21 0 12
7 11 18
2 4 4
5 6 21
16 18 24
12 13 12
13 14 23
22 1 3
0 3 17
11 13 29
3 6 26
23 1 24
17 19 7
16 17 28
3 6 20
5 6 22
20 21 26
16 17 6
19 22 15
21 23 16
17 18 12
15 17 29
6 9 14
2 4 24
9 11 30
23 0 26
16 18 11
1 3 14
15 17 19
16 18 29
15 18 22
2 4 26
9 11 12
23 1 16
9 11 20
23 0 7
4 4 15
14 16 7
3 5 8
11 13 23
13 16 28
23 1 28
3 6 30
6 8 29
8 10 6
16 18 24
9 11 25
3 4 22
15 17 11
20 22 20
13 15 4
5 7 24
22 0 17
17 19 30
22 0 4
5 8 24
22 0 2
4 5 24
12 13 1
0 1 8
19 21 4
17 20 18
0 1 17
17 19 10
1 4 25
21 23 1
12 14 29
9 11 21
16 17 2
7 9 17
11 12 4
2 5 17
23 0 24
21 23 28
0 3 5
15 16 13
20 21 8
12 13 20
21 21 16
13 14 9
23 1 3
18 20 11
0 2 26
21 22 18
19 23 19
5 6 17
15 18 26
17 18 30
9 11 8
10 14 15
5 8 29
14 18 28
17 17 9
2 4 19
14 15 13
16 19 2
10 11 18
4 5 4
19 19 9
14 17 6
11 14 2
17 19 15
8 10 25
19 21 5
23 1 2
18 21 30
17 19 25
11 13 5
23 0 21
2 5 30
3 6 5
23 1 22
20 22 3
22 0 7
17 19 11
7 8 14
18 19 19
1 1 15
5 7 25
9 10 1
17 18 7
7 8 5
20 23 6
20 22 7
13 13 22
5 7 14
16 18 27
21 0 16
21 23 28
17 19 14
8 11 29
12 13 1
13 16 13
12 15 16
15 17 3
8 10 20
18 20 6
2 5 8
9 10 17
11 13 20
14 18 9
15 18 7
23 0 3
6 9 30
22 23 18
17 19 8
1 3 18
17 20 25
15 17 11
8 11 23
0 3 13
16 20 13
6 8 13
4 5 6
1 3 11
18 20 3
1 5 10
8 9 19
22 23 11
3 4 30
8 10 7
8 10 12
10 13 14
14 13 20
21 0 2
7 8 20
1 2 1
5 7 28
0 1 5
7 10 28
20 22 3
23 1 8
11 12 2
0 1 5
2 3 9
0 2 9
3 5 24
12 14 19
8 9 15
4 6 3
18 20 23
4 7 30
4 5 11
16 17 1
3 5 22
3 4 23
16 19 10
18 19 10
2 5 24
5 7 12
16 18 20
14 16 18
20 22 4
23 1 21
7 9 19
15 18 4
16 18 13
1 3 10
11 12 8
1 3 12
13 15 6
9 13 6
3 5 5
8 12 10
4 6 6
5 7 30
3 4 24
19 21 2
6 8 13
14 16 12
20 22 15
4 3 17
11 13 11
0 3 3
22 1 14
23 2 2
18 20 15
22 1 20
6 8 28
18 21 13
17 20 29
12 13 11
8 11 14
18 20 4
14 16 26
5 7 8
14 15 17
21 0 6
12 15 24
20 22 15
11 13 4
21 0 1
0 4 12
5 7 25
1 3 20
0 1 23
15 16 4
19 23 10
3 5 15
13 17 7
5 6 8
14 17 28
1 4 12
2 3 24
12 14 16
18 19 19
16 15 6
12 14 7
19 20 4
5 7 6
0 1 18
12 11 19
12 15 1
4 6 10
10 12 8
18 18 27
22 23 24
9 11 23
15 15 30
21 0 7
15 17 24
4 6 26
12 14 21
4 6 18
23 1 12
11 12 22
19 21 18
7 9 23
16 17 18
21 0 27
17 18 16
17 20 8
6 9 12
14 16 17
7 9 24
23 23 27
8 10 12
17 19 5
1 4 19
16 17 3
7 8 3
8 11 5
3 5 27
11 13 3
12 15 26
5 7 7
2 4 10
16 17 30
14 15 25
8 9 28
13 16 5
15 17 21
17 20 24
12 14 10
14 16 23
23 4 19
7 10 20
18 20 18
14 15 17
10 12 30
9 10 12
23 0 30
23 1 12
2 3 17
1 1 4
22 0 9
9 10 18
23 3 16
12 15 11
16 17 11
1 4 6
7 8 21
6 9 19
2 4 16
13 15 4
5 9 30
2 4 17
22 23 24
19 21 23
18 19 23
0 2 19
11 12 20
6 8 25
4 5 22
16 19 22
18 20 26
0 4 12
3 5 4
13 16 16
20 22 21
20 22 29
15 19 26
7 7 12
8 11 26
3 6 23
21 23 11
4 4 7
10 12 2
5 8 24
17 19 24
11 12 27
8 10 18
11 13 25
3 5 7
22 1 24
10 12 19
21 23 29
3 5 16
22 0 18
1 1 20
8 11 27
21 22 13
14 17 10
22 0 14
1 3 18
12 14 25
21 23 28
9 11 12
1 3 14
12 16 21
19 21 25
7 7 5
17 18 13
6 7 24
19 22 29
15 16 6
7 10 22
16 19 4
11 13 15
4 5 3
22 0 3
10 13 10
10 12 11
12 14 25
21 1 20
0 2 27
8 11 23
14 17 7
17 19 28
15 16 18
8 8 30
6 8 24
10 14 30
14 15 18
11 13 7
1 3 28
7 8 13
20 22 26
20 21 7
14 15 21
10 12 14
18 19 22
18 19 18
11 14 30
0 3 29
15 18 16
16 18 29
20 21 6
18 20 4
10 12 1
11 14 9
19 20 4
2 4 19
7 10 29
11 11 30
17 20 16
4 6 21
12 15 12
4 7 1
2 5 1
21 22 21
19 23 20
1 3 22
20 23 23
4 7 10
7 10 19
8 10 25
10 11 3
3 4 11
22 1 11
17 18 16
8 11 8
12 15 15
5 7 3
19 23 16
13 15 29
12 14 11
20 21 21
1 2 9
5 7 8
19 20 12
10 11 26
2 5 8
15 17 4
10 12 8
13 15 27
9 10 6
15 18 18
13 16 11
13 15 12
16 18 11
7 11 7
23 0 20
0 1 17
4 5 11
17 18 24
20 23 15
16 20 5
9 13 23
13 14 30
13 15 6
7 8 12
15 16 26
5 9 14
3 5 5
13 14 22
3 5 4
9 14 28
14 16 28
17 20 23
2 4 25
1 3 10
5 7 11
5 7 24
4 6 24
12 13 14
11 15 23
9 9 4
20 21 26
19 21 12
15 17 28
13 15 19
0 4 11
0 1 3
10 11 10
8 8 5
4 4 23
10 11 2
21 22 29
13 15 26
3 7 17
14 17 16
23 0 12
22 1 10
6 9 24
6 7 25
9 11 10
3 5 2
1 5 11
4 7 5
20 22 11
1 4 19
6 9 23
6 8 19
13 16 22
7 9 7
9 11 1
21 0 3
11 14 5
9 8 16
21 23 28
6 7 6
11 14 17
8 8 8
12 13 15
20 22 4
22 22 24
23 0 9
14 15 9
9 12 26
0 2 23
13 16 11
9 12 29
5 8 7
1 3 20
20 22 28
11 15 15
12 13 9
1 5 3
0 3 19
5 7 2
3 5 28
2 5 19
19 22 7
5 7 28
23 0 12
12 14 18
1 4 1
3 4 4
18 20 28
11 13 6
23 0 14
15 17 28
22 23 13
19 20 6
15 18 27
4 7 8
0 3 20
5 7 5
9 11 30
21 0 21
9 12 30
14 16 4
10 10 23
12 15 23
19 23 23
15 15 1
10 14 26
2 6 16
22 2 2
15 17 22
8 11 26
1 3 7
8 11 13
14 16 1
7 8 26
16 19 12
6 7 28
18 21 16
13 14 5
6 8 7
4 6 3
15 17 11
16 17 19
23 0 1
17 20 5
12 15 11
23 1 27
21 22 9
6 8 24
8 11 10
2 6 28
13 14 26
8 10 5
16 19 26
23 1 24
14 16 6
20 22 30
20 23 7
4 5 13
20 23 29
10 11 12
18 20 3
20 0 11
8 10 8
20 22 30
1 5 21
2 3 2
19 23 6
11 13 24
11 15 4
6 11 21
2 4 23
0 2 21
4 7 26
5 9 11
15 17 26
7 9 16
21 23 15
2 4 12
23 0 9
10 12 20
15 16 20
22 0 29
8 11 28
9 11 21
16 17 18
11 13 21
18 20 3
5 8 29
22 0 27
17 20 1
19 20 14
8 13 26
7 10 4
13 15 24
2 5 11
16 18 25
19 21 30
18 19 10
13 14 9
0 2 7
8 9 24
16 19 17
11 12 24
5 8 25
19 22 8
12 12 11
5 7 13
4 8 2
16 19 22
13 16 29
20 21 2
2 3 24
13 12 22
5 8 21
21 23 21
1 5 29
3 4 29
4 5 18
7 10 13
2 5 10
2 4 6
5 7 11
15 16 27
16 19 29
21 21 16
3 3 12
7 9 23
18 20 1
18 21 22
23 1 9
21 23 17
16 18 30
15 16 27
17 17 20
11 14 24
15 18 8
12 13 26
17 19 15
11 12 23
8 9 20
16 19 8
0 0 19
21 23 14
11 15 15
5 9 30
11 14 29
1 3 6
6 9 5
17 19 17
23 0 27
13 15 8
21 23 11
13 16 17
14 15 19
22 1 28
23 1 18
8 11 2
17 19 12
6 7 3
11 12 6
19 23 28
5 8 10
13 15 15
8 11 30
8 8 23
14 17 1
3 3 8
5 8 14
0 2 7
7 10 5
1 2 28
7 8 24
15 16 11
16 17 19
9 12 15
15 18 24
21 23 13
11 14 17
8 11 1
23 1 11
22 0 5
3 5 20
10 14 3
14 15 22
9 10 23
23 23 9
7 10 18
17 20 5
1 3 10
5 6 23
21 0 9
16 18 3
4 6 24
15 16 4
10 14 15
3 5 27
9 12 23
7 8 19
15 16 6
17 18 2
19 22 4
7 10 21
23 0 22
7 10 1
12 14 17
18 19 28
10 12 25
4 6 11
10 13 2
20 22 12
2 5 24
7 9 16
21 22 12
22 0 30
10 13 15
9 13 2
7 10 19
13 15 15
17 20 1
21 23 2
15 17 2
8 11 16
20 22 13
15 18 26
13 16 28
14 17 12
11 12 13
14 16 25
6 8 2
6 7 24
1 0 13
0 1 30
21 0 9
15 16 19
9 11 27
0 1 26
3 4 24
19 21 10
3 4 1
21 23 13
8 11 20
0 1 11
18 20 5
15 17 21
0 1 23
13 16 22
23 1 7
16 20 19
4 6 3
14 15 6
17 18 15
13 16 13
7 9 8
13 14 13
11 14 6
10 12 15
10 13 9
13 14 14
11 13 29
4 7 19
13 15 16
11 12 23
8 10 13
18 20 21
1 3 7
18 21 2
20 21 15
11 13 20
14 15 5
23 1 17
18 19 30
6 6 25
22 0 9
11 13 23
12 13 12
2 4 7
4 5 9
0 4 27
12 15 28
20 22 25
23 0 25
17 18 20
12 13 3
23 1 12
17 17 28
5 5 30
14 15 22
10 11 25
5 7 4
20 23 20
7 9 21
0 2 12
0 1 11
6 7 11
9 13 28
14 15 5
19 20 12
0 4 10
2 4 28
16 17 2
15 17 17
2 4 3
20 21 8
12 14 27
8 9 14
20 20 27
1 3 27
7 10 4
23 1 15
6 7 5
22 1 14
17 20 26
10 11 29
14 15 11
2 4 28
1 3 30
2 4 18
19 21 19
3 4 13
23 0 7
9 12 23
4 6 12
17 18 13
13 14 15
15 17 16
15 18 7
13 15 28
11 13 8
11 12 29
22 23 9
6 7 15
22 1 23
14 16 9
22 0 26
18 20 23
16 17 5
2 5 19
2 2 1
17 19 5
23 2 14
15 17 13
13 14 16
23 1 7
11 12 4
22 1 23
23 22 7
11 10 10
3 6 5
6 9 28
12 13 7
8 11 24
16 21 15
13 15 4
23 1 27
14 16 2
9 14 30
19 21 22
21 23 4
18 19 19
0 2 27
22 23 8
9 10 19
10 14 8
17 20 4
1 3 7
18 22 5
21 2 18
18 19 8
21 0 22
7 9 29
19 21 16
8 9 12
4 4 23
3 7 7
11 12 2
19 22 27
2 3 28
0 2 21
9 12 21
10 14 6
16 19 29
5 7 26
11 12 18
21 1 18
4 7 24
23 2 4
18 19 30
12 14 8
3 5 20
20 22 6
6 8 28
10 11 6
3 6 29
7 11 21
14 15 16
8 9 16
16 19 19
0 1 14
11 14 13
15 17 22
9 10 2
0 2 19
16 17 9
5 7 22
18 21 12
20 21 9
1 3 21
19 23 10
17 18 1
16 17 3
5 8 16
6 7 16
9 11 14
13 14 2
14 16 17
15 16 15
22 2 9
14 15 20
1 2 10
23 2 28
12 13 10
17 19 30
22 0 12
0 1 23
21 21 29
3 4 13
7 9 7
7 8 28
5 6 8
2 5 19
18 21 17
15 17 17
8 11 15
16 17 18
16 18 8
21 23 1
2 4 16
4 6 22
0 3 19
7 9 27
10 12 19
2 5 4
6 7 19
5 8 19
14 17 21
3 6 25
15 15 18
19 20 28
13 16 16
4 5 25
0 2 19
3 5 14
6 9 18
7 12 28
8 8 12
19 22 14
0 2 4
2 4 21
5 9 1
11 14 19
20 22 5
19 21 12
4 7 6
18 21 23
19 21 6
1 3 9
23 2 3
10 12 27
11 12 24
6 7 27
12 17 20
18 23 14
15 17 18
2 3 13
14 16 20
1 2 29
9 12 30
2 6 13
1 3 17
9 12 9
13 14 25
19 20 19
9 12 19
9 12 9
22 0 9
19 20 30
17 20 7
5 8 27
9 12 6
20 22 27
13 15 5
12 11 16
19 20 8
10 12 9
7 10 9
7 9 22
11 13 1
0 2 11
10 10 20
1 3 25
7 9 1
6 8 14
21 23 30
23 1 12
22 23 8
16 18 3
14 15 14
10 11 15
19 19 20
2 3 22
16 18 10
12 13 11
11 14 22
14 16 5
18 21 25
0 3 10
16 18 13
0 2 26
23 1 23
10 9 25
20 23 5
22 0 7
3 4 17
0 1 7
21 23 6
23 2 28
8 10 8
1 2 30
1 3 18
0 1 16
1 4 11
9 14 19
23 2 9
13 16 15
9 12 22
20 22 4
14 16 19
13 15 3
9 12 2
18 20 9
19 21 2
9 11 12
14 18 22
18 19 17
8 9 7
10 12 15
4 5 6
13 15 7
12 11 18
15 17 16
9 11 23
0 0 23
13 14 15
6 7 9
8 9 11
11 15 8
13 17 22
8 10 9
1 3 21
18 20 23
23 2 1
5 6 11
14 16 23
7 8 11
3 2 11
3 6 11
18 19 19
22 1 21
8 10 10
14 16 30
11 15 26
18 22 28
16 18 25
13 15 21
3 5 26
23 1 28
8 11 7
6 8 12
17 19 25
2 6 12
15 18 17
19 22 30
19 20 15
0 5 6
14 17 4
20 21 3
17 19 14
23 2 9
16 17 1
12 14 30
12 16 6
10 11 22
17 17 8
4 5 17
17 19 15
5 8 10
9 12 28
10 12 11
15 18 28
16 17 6
4 5 30
11 15 28
10 12 12
7 8 20
11 14 7
23 1 4
23 1 13
4 5 11
13 15 16
4 6 9
4 5 16
16 18 12
18 19 1
8 10 9
20 21 22
5 7 21
23 1 1
2 3 3
9 11 20
3 4 9
0 3 6
8 10 19
3 5 3
14 16 25
13 13 15
1 5 16
16 17 20
9 13 26
18 21 27
9 11 6
23 1 11
4 6 17
21 21 3
18 21 8
21 22 2
15 17 1
4 6 14
16 17 22
23 1 19
18 20 20
14 17 4
18 20 18
23 0 14
14 16 8
8 9 18
5 10 15
5 8 25
17 19 26
17 19 11
13 13 26
16 18 28
20 0 10
6 8 15
6 8 10
6 7 15
15 18 29
13 16 17
3 5 17
16 18 29
3 6 8
14 17 1
19 22 30
18 21 21
19 22 1
11 13 7
1 2 10
6 9 15
8 9 8
6 9 7
11 12 7
8 10 3
12 14 24
9 11 26
22 1 11
23 23 22
1 2 14
17 19 30
18 19 26
12 12 15
1 2 17
21 22 30
6 10 16
12 13 20
19 19 10
19 22 17
6 4 19
10 12 29
4 5 3
22 1 23
19 21 27
12 15 16
11 12 15
7 10 18
4 6 6
14 15 3
1 4 4
6 6 13
18 20 2
23 23 13
9 11 15
12 14 4
9 10 15
14 19 10
2 4 10
11 12 21
3 6 15
7 10 22
21 22 26
17 19 17
12 12 18
17 17 11
2 5 26
3 4 30
12 14 17
12 13 4
9 11 1
14 17 8
23 0 8
8 11 11
18 20 16
22 2 11
15 16 7
22 0 2
7 11 21
7 10 14
4 5 11
6 7 16
19 20 22
20 22 6
21 0 4
3 5 22
15 19 7
1 5 7
11 15 21
3 5 16
5 8 6
7 10 25
18 18 6
17 19 15
9 11 22
2 4 7
17 19 27
12 13 14
5 8 17
22 23 6
9 11 19
1 1 28
17 16 7
20 20 21
21 23 27
22 23 27
21 22 25
4 6 26
21 0 14
4 7 18
4 7 24
6 9 24
22 0 4
10 14 23
16 18 10
22 0 19
9 11 20
13 15 17
16 19 21
18 19 22
17 21 25
16 18 7
13 15 23
21 23 26
20 22 12
4 5 7
23 1 2
10 13 6
21 23 8
6 8 3
17 19 4
13 15 29
17 19 6
10 12 8
10 11 22
2 4 2
22 0 11
13 14 18
17 18 15
9 11 4
19 21 27
18 18 15
19 20 15
15 17 2
19 22 18
0 3 28
2 2 23
17 19 18
16 20 23
11 14 30
0 2 27
7 9 8
6 8 27
7 9 23
4 6 2
22 23 14
17 19 22
8 11 7
22 0 21
18 21 23
16 17 29
8 12 28
15 19 30
10 12 4
12 15 1
2 6 2
23 1 15
23 0 14
1 5 14
8 12 5
20 22 7
21 23 5
5 6 5
9 10 5
17 20 15
19 20 3
15 18 4
16 18 15
2 3 12
14 17 12
4 6 23
11 13 23
17 17 2
11 14 15
10 12 15
12 16 6
1 4 18
19 21 26
6 8 13
22 23 20
16 18 30
5 6 25
5 7 26
18 20 22
23 2 8
13 16 19
20 23 10
2 3 12
11 13 4
4 6 11
5 7 11
20 20 20
11 12 26
11 14 5
21 0 6
5 6 21
6 9 20
0 3 3
8 9 14
9 11 21
5 7 24
13 14 30
3 4 9
15 17 9
14 17 14
20 20 22
20 22 19
13 16 21
9 10 24
16 19 24
7 9 30
15 16 14
4 7 19
11 11 10
13 14 7
4 6 6
10 12 9
4 5 21
8 9 3
7 9 10
19 20 9
8 10 20
13 14 10
10 12 9
15 18 7
11 13 16
0 1 6
10 12 10
9 12 11
17 19 14
20 23 10
23 1 4
19 20 17
