2810 30
21 13 26 22 10 12 4 27 30 29 26 7 22 17 2 6 16 16 6 30 24 1 7 12 5 3 5 2 14 5 
2 4 23
6 6 1
16 18 19
6 8 3
22 0 27
12 16 27
22 0 1
0 3 11
18 20 24
18 20 6
16 18 18
18 20 14
0 1 23
13 13 16
10 12 16
12 13 14
7 8 12
20 22 20
2 4 25
20 21 24
15 17 18
15 17 29
12 14 24
12 14 29
18 20 13
0 1 24
17 20 25
13 13 14
8 10 16
12 14 12
13 16 28
17 19 20
6 8 12
10 11 5
9 10 12
11 13 21
5 6 25
2 4 17
17 20 19
3 4 18
23 1 25
5 8 19
20 20 19
4 6 25
8 10 10
1 3 10
4 8 26
12 13 22
3 6 24
12 14 4
2 3 4
15 18 14
17 19 28
12 14 12
9 11 19
8 10 16
13 15 20
7 8 10
21 0 3
18 18 3
8 12 3
6 8 16
7 9 25
3 3 8
22 0 5
20 23 23
4 7 15
7 9 10
8 10 1
11 13 14
4 5 1
11 11 14
19 21 14
15 17 23
9 12 27
13 14 19
7 9 14
23 0 18
17 18 19
14 19 8
15 18 3
18 20 4
0 0 30
18 21 26
8 11 5
8 9 27
18 20 26
11 15 28
10 13 12
9 13 24
22 0 12
14 14 28
7 9 23
0 1 19
6 9 12
11 14 9
21 23 29
3 6 16
0 4 4
7 8 7
3 8 2
12 14 13
9 13 19
7 11 25
13 18 23
6 8 15
14 15 5
23 0 23
17 19 6
20 23 27
9 10 29
8 9 28
7 9 14
23 0 14
13 16 2
20 21 3
10 13 11
15 16 16
1 2 1
21 2 21
22 0 6
2 5 14
8 11 28
20 21 5
19 20 9
21 22 16
11 12 26
5 7 11
13 14 18
2 3 23
22 1 23
13 15 8
2 5 13
12 13 28
22 23 9
0 1 28
21 23 1
19 21 18
11 13 27
21 22 11
6 9 29
0 3 24
0 2 21
11 14 18
23 1 10
1 3 16
22 0 15
2 2 9
9 13 16
10 11 20
16 17 5
16 18 15
19 22 13
19 23 29
9 11 19
14 15 1
22 23 23
4 6 1
6 8 25
12 14 2
21 22 13
8 9 27
13 15 20
5 6 1
5 7 14
5 7 15
5 6 2
22 0 13
2 3 15
18 18 11
22 1 11
22 23 17
9 12 13
23 1 16
1 3 1
4 5 20
4 7 8
8 9 21
0 3 29
5 6 7
10 11 29
14 17 16
14 15 22
9 11 30
0 3 12
21 23 23
8 10 30
4 7 12
12 14 12
23 23 14
18 20 25
17 18 28
21 1 9
19 22 14
1 3 5
0 0 25
9 12 2
7 9 12
22 23 1
17 20 22
1 1 19
7 11 10
0 1 9
8 11 14
20 22 16
0 1 3
6 8 28
16 17 21
18 20 28
8 9 28
16 16 17
10 11 29
14 17 17
12 16 13
12 13 4
22 0 12
8 8 5
21 1 18
14 16 5
14 16 2
19 20 15
18 20 19
14 15 5
11 11 13
13 15 3
2 2 24
20 23 18
19 19 3
14 17 1
14 19 22
4 7 7
4 6 28
22 2 5
15 17 3
16 18 30
3 7 14
13 13 27
0 2 7
2 5 19
2 5 6
21 22 6
12 14 15
11 12 23
8 11 19
1 2 15
7 8 13
2 4 23
14 16 12
2 5 5
16 19 24
14 15 29
22 23 15
22 1 21
7 9 5
17 19 4
0 2 10
13 17 27
7 9 30
22 22 27
7 10 2
13 14 11
7 10 17
4 5 21
1 2 14
11 14 19
16 19 26
13 17 27
8 11 11
18 20 6
13 15 13
1 2 1
12 14 11
8 8 21
14 14 8
15 17 14
9 10 8
10 13 20
3 3 26
9 10 26
12 14 23
5 5 7
14 17 29
7 10 14
5 6 24
12 14 24
10 12 26
3 5 7
1 3 4
17 19 12
16 20 2
8 9 3
20 23 6
10 12 19
8 8 19
11 14 20
20 21 12
1 3 4
1 1 6
13 14 14
13 14 5
10 13 13
4 4 27
6 8 9
15 17 4
3 4 27
2 3 10
6 7 29
22 22 18
1 3 15
1 2 18
18 20 25
2 3 7
23 1 16
15 17 5
3 7 8
1 4 16
21 0 19
18 19 5
3 4 17
16 18 20
10 12 26
4 6 27
4 7 10
5 7 27
13 15 4
11 15 25
11 14 19
10 12 30
10 12 25
13 14 19
6 6 4
18 19 27
22 23 3
6 8 16
17 19 22
17 18 20
17 19 12
17 18 22
19 20 28
4 6 28
20 23 6
8 9 1
18 22 11
4 7 19
0 2 4
9 11 8
6 8 24
5 5 5
20 22 24
16 18 16
16 19 7
8 8 26
9 11 19
1 3 16
3 5 24
13 15 26
23 0 26
20 1 9
20 22 15
7 10 3
12 13 6
2 6 3
0 1 10
4 6 13
13 17 22
19 22 24
6 7 18
14 16 21
23 3 27
7 9 10
8 9 8
10 13 25
6 9 20
18 20 3
4 7 10
6 7 24
8 9 30
13 14 2
7 9 10
10 11 9
17 17 24
17 22 18
19 22 23
7 9 23
11 14 4
11 12 11
15 19 23
9 12 21
10 11 25
3 4 14
12 14 26
15 18 30
19 22 21
23 1 26
5 6 22
11 13 1
2 5 20
5 7 27
9 10 24
4 8 23
18 21 18
5 8 17
23 1 1
4 7 7
3 7 30
16 16 30
7 9 18
18 21 6
4 6 26
23 2 14
8 10 4
9 11 9
18 19 4
19 22 3
13 14 27
10 12 10
10 10 30
2 5 21
9 11 24
11 12 15
15 16 3
1 4 27
11 12 23
5 7 4
11 11 15
5 6 27
1 4 24
13 15 16
11 11 24
2 6 5
12 14 7
9 9 3
4 6 21
8 10 16
10 12 24
20 20 27
23 1 15
17 19 28
10 10 27
8 8 6
21 23 23
20 21 4
3 5 2
0 1 8
9 11 28
10 12 26
4 6 10
23 1 27
23 1 29
5 8 3
8 11 1
1 3 22
10 13 18
11 14 26
6 9 6
17 19 22
13 13 13
2 4 27
13 15 1
9 11 27
16 16 6
4 7 5
3 5 11
14 17 22
18 21 14
17 19 30
12 13 3
6 6 26
2 4 30
21 0 28
13 14 20
1 3 28
10 12 4
17 18 10
13 13 29
15 17 17
20 21 5
21 0 19
20 22 8
23 1 29
2 4 7
15 18 19
18 19 21
19 19 24
6 9 11
17 18 2
20 21 16
9 11 20
16 19 15
7 9 23
3 6 21
10 11 16
10 14 19
1 3 23
6 8 6
14 15 27
8 11 24
19 20 23
20 0 9
2 4 18
21 23 26
23 0 13
1 5 28
1 3 23
5 7 12
0 1 30
12 14 7
3 7 28
18 20 15
6 9 10
8 11 5
2 4 4
11 15 16
1 3 28
10 13 25
21 23 30
10 13 19
6 7 15
0 2 29
23 2 3
15 17 20
22 1 27
2 5 1
12 13 25
23 1 6
0 2 6
6 7 29
2 4 12
18 18 24
0 3 12
11 12 7
10 13 14
8 11 21
13 13 29
17 18 9
12 14 2
9 10 10
15 16 9
19 21 18
22 1 17
10 12 11
16 18 11
12 13 6
12 13 28
1 2 13
7 8 9
7 10 8
20 21 7
23 1 26
0 2 22
7 8 10
11 12 24
7 8 9
1 3 11
17 19 7
11 12 27
13 13 16
12 14 29
13 15 21
20 22 23
5 9 1
3 4 26
2 3 12
16 17 27
14 16 11
16 17 1
2 6 20
2 2 17
23 1 23
0 2 24
6 8 23
14 17 7
2 5 27
4 6 7
5 7 11
14 17 19
0 2 30
20 22 10
3 6 4
19 21 11
3 5 10
5 8 28
23 0 2
23 0 23
13 16 7
5 9 27
3 3 24
20 20 28
6 8 20
5 8 18
7 8 1
20 0 22
19 20 8
18 19 1
23 1 4
7 10 12
20 22 6
5 7 11
18 20 8
7 11 5
7 8 1
12 14 10
6 8 25
11 12 12
10 13 17
6 8 21
16 16 9
16 19 2
9 10 24
16 18 7
5 6 15
8 12 29
21 20 15
7 7 24
15 17 6
18 18 21
14 18 24
3 5 17
19 20 29
10 13 4
6 8 9
4 7 13
3 5 18
16 19 29
17 18 25
2 4 13
23 2 14
18 21 27
0 4 5
0 1 2
16 19 3
13 14 5
3 4 15
3 5 1
15 17 2
14 15 10
4 7 17
10 11 25
18 19 9
8 9 5
5 8 27
8 11 12
9 11 16
14 16 14
13 13 20
11 14 19
14 14 14
5 6 30
7 8 1
15 16 24
10 14 16
11 14 15
21 23 17
19 21 30
23 23 22
1 2 14
21 23 7
4 6 21
21 21 28
19 22 1
16 19 9
17 19 7
9 13 11
23 1 1
14 14 11
23 2 24
11 14 4
6 8 9
5 5 26
23 2 3
15 16 7
11 14 21
1 3 17
23 2 4
14 14 10
2 4 8
10 14 6
11 14 29
18 18 22
1 2 3
1 3 15
18 21 11
12 14 13
14 17 9
1 5 15
11 14 21
19 23 3
16 18 6
9 12 13
13 14 16
0 3 14
6 9 15
3 5 11
15 17 14
12 14 1
16 19 7
9 10 7
15 15 14
2 6 6
18 21 29
9 10 24
1 3 14
9 12 10
3 8 26
2 2 30
23 2 6
17 21 12
0 1 1
19 21 30
22 1 10
15 16 11
16 18 29
11 16 8
21 22 12
7 9 4
16 17 22
2 4 10
22 1 7
8 11 25
2 4 27
22 0 18
2 3 10
4 7 24
7 7 16
1 2 3
10 13 5
15 19 30
12 14 26
10 12 30
14 17 21
17 19 23
17 19 16
10 12 24
1 3 8
19 22 13
5 7 7
4 7 25
22 1 3
0 2 22
20 22 15
15 18 9
1 4 8
6 8 10
22 0 18
23 2 18
20 22 16
12 15 19
9 11 8
22 0 5
16 20 27
21 22 12
2 5 12
21 1 5
15 17 29
9 12 4
22 0 22
1 3 8
2 3 19
8 10 5
1 5 1
17 20 12
20 22 28
5 8 17
11 12 23
19 20 3
9 10 4
9 11 23
19 22 29
18 18 18
1 4 5
16 18 30
8 10 2
4 5 23
23 1 12
16 19 12
10 12 7
18 20 2
8 11 15
13 14 17
12 14 11
17 17 20
22 0 20
12 15 11
11 11 8
2 5 23
22 23 11
1 4 16
15 17 7
17 18 6
19 20 14
15 18 6
23 0 19
21 22 10
13 14 19
9 11 17
22 23 21
6 8 18
1 2 3
6 8 6
8 12 8
5 9 24
7 9 15
9 11 13
5 7 23
22 1 25
19 20 9
16 17 15
5 7 1
2 4 21
16 19 6
9 11 29
23 2 4
8 9 29
23 1 24
10 13 24
16 17 14
23 1 7
18 19 7
17 19 3
5 9 28
13 15 17
9 11 21
5 7 13
5 5 26
21 23 21
2 5 21
11 13 9
21 23 27
5 6 3
23 1 14
3 6 13
8 9 13
19 21 28
2 5 30
23 2 11
16 18 22
5 8 27
21 22 15
17 20 16
2 4 10
9 11 3
4 7 24
20 21 1
20 23 29
5 7 19
23 1 5
15 16 17
21 0 8
5 7 24
10 12 17
3 4 1
0 2 19
16 19 26
15 19 13
9 10 26
21 0 20
18 20 19
6 9 29
18 19 24
13 16 14
10 13 17
22 2 11
9 11 27
5 5 2
12 12 10
11 13 11
23 1 10
10 11 18
19 22 5
13 15 28
5 7 6
17 18 6
17 20 5
6 6 19
4 7 19
23 1 24
8 9 3
11 13 24
11 12 17
9 12 4
3 5 5
14 16 23
16 17 11
20 0 15
22 23 4
6 8 13
6 6 24
8 8 25
3 5 8
12 14 14
10 11 6
11 11 30
19 22 17
10 12 16
15 19 10
8 10 30
6 8 4
15 17 28
12 13 27
5 7 8
6 8 25
22 22 11
22 23 4
19 21 21
19 20 30
12 15 19
17 18 17
13 16 6
17 19 28
17 21 17
19 23 25
17 18 9
10 14 15
4 8 27
0 3 18
10 11 1
5 7 21
13 16 4
19 20 25
2 4 3
0 2 22
15 17 12
6 10 19
8 11 12
7 10 2
19 22 29
13 15 10
5 7 3
12 15 10
13 14 14
13 15 24
15 19 8
17 19 6
16 18 25
14 15 24
4 6 7
6 8 10
3 6 27
1 3 21
16 18 1
14 16 23
20 22 29
5 7 18
7 9 24
21 23 24
6 6 29
16 18 30
0 1 4
1 2 23
19 21 17
23 1 7
14 16 15
3 5 21
12 16 21
11 13 20
20 23 23
18 20 17
9 12 2
18 20 17
10 12 4
17 19 12
16 20 1
19 22 22
4 6 22
10 10 7
10 13 3
19 20 11
18 20 24
9 13 25
17 16 25
8 10 11
16 18 17
18 20 29
6 7 7
13 15 22
2 4 30
3 5 28
17 20 24
8 12 8
22 1 5
5 8 8
12 12 17
6 6 6
1 4 14
0 2 28
12 13 8
18 19 28
20 22 18
14 16 8
22 1 2
10 11 17
4 7 14
9 11 14
3 4 8
3 3 17
14 17 12
23 2 11
23 0 17
9 12 14
9 11 30
18 19 18
19 21 1
10 11 24
9 10 26
2 4 21
9 11 7
7 9 20
0 1 25
3 5 13
3 4 9
5 7 18
17 20 14
2 5 8
8 10 24
10 12 14
18 20 28
23 2 20
19 21 12
18 20 26
23 23 29
2 5 20
11 13 19
11 12 20
17 19 12
21 2 16
15 18 23
6 8 5
21 22 14
12 16 3
6 10 13
2 1 23
14 16 4
6 8 19
3 4 11
14 16 27
7 8 15
11 14 14
18 20 14
9 12 18
13 12 2
23 0 8
1 5 3
2 4 24
13 15 26
0 2 13
21 0 22
0 3 8
15 19 1
18 21 7
1 3 6
2 4 20
6 8 7
18 19 12
6 6 29
23 2 4
16 19 24
4 7 21
20 22 15
15 16 4
19 22 5
14 14 28
18 19 17
0 0 29
10 11 18
14 15 11
4 7 26
0 2 22
4 5 18
0 2 26
2 3 27
8 12 11
15 16 17
14 16 2
12 15 25
15 16 29
0 1 27
10 13 11
22 0 29
2 4 21
20 23 5
15 17 27
11 13 21
10 12 29
10 11 10
12 14 1
22 0 16
1 1 28
4 6 14
9 11 4
19 19 23
4 5 25
11 14 3
5 6 19
16 19 8
12 15 24
2 4 15
23 0 12
18 19 10
7 10 4
8 9 4
1 2 21
13 14 3
18 18 5
4 6 13
11 12 22
16 17 21
2 3 19
1 2 15
5 6 6
10 12 21
3 5 13
12 14 30
18 22 29
19 20 21
18 19 7
7 10 9
1 5 13
1 3 27
5 7 26
20 23 21
5 7 20
20 21 1
3 4 10
5 7 1
9 12 20
12 16 17
16 17 9
9 12 17
8 9 10
13 17 4
23 3 23
9 11 26
1 4 6
22 23 16
3 5 10
4 6 18
21 22 6
10 13 20
23 2 5
11 13 26
23 2 10
12 14 18
3 4 7
2 3 1
0 1 25
5 8 10
11 12 15
3 6 23
2 2 5
17 20 5
17 18 1
10 12 20
23 1 25
8 10 12
7 7 12
19 20 9
6 8 8
11 13 10
14 18 29
11 15 23
0 1 26
8 11 12
15 17 2
10 12 6
17 18 28
3 5 11
8 10 9
4 7 18
17 19 30
15 17 29
0 1 23
17 18 6
16 17 8
1 2 11
11 12 12
18 19 18
9 12 10
3 3 20
1 2 22
23 2 12
20 22 28
10 12 9
9 10 10
18 20 28
8 12 20
21 23 2
11 11 29
23 0 14
11 12 26
22 23 11
16 18 21
0 2 14
10 12 3
4 5 18
23 0 21
12 14 9
13 17 18
3 4 23
6 8 8
2 3 24
17 20 5
4 5 1
22 3 27
3 6 27
17 19 18
9 10 20
1 3 13
17 21 23
20 22 9
6 6 6
7 9 18
18 20 17
4 5 27
22 1 20
8 10 25
3 5 20
18 20 20
4 6 11
4 6 22
3 8 29
17 19 18
3 4 25
14 16 3
6 9 21
6 9 4
5 6 15
4 6 3
1 3 27
5 6 9
6 9 30
0 1 7
12 14 28
14 14 1
22 0 15
10 11 2
21 22 20
8 9 10
21 23 9
3 3 27
19 21 6
13 14 11
9 11 20
2 3 12
9 11 10
18 21 4
23 0 1
0 2 13
19 20 22
10 13 21
13 14 12
14 16 27
3 7 4
15 18 26
4 7 30
3 6 20
1 3 5
23 22 25
15 18 30
13 14 15
23 0 13
16 20 10
18 18 27
2 5 5
15 16 5
19 22 22
14 16 30
0 2 12
21 22 25
19 21 16
4 6 26
6 9 23
23 0 17
15 19 10
14 16 5
17 19 7
19 21 6
19 20 4
16 19 23
18 19 7
1 4 19
12 15 20
0 1 4
20 21 5
9 11 4
15 17 17
18 20 27
20 0 15
18 21 18
1 3 25
2 5 10
10 11 11
22 21 21
8 10 9
17 18 10
18 18 10
6 8 30
11 14 4
4 5 24
14 15 10
10 11 6
6 6 22
2 3 21
6 6 5
5 6 19
18 20 15
8 8 29
4 6 16
11 13 2
10 11 30
9 9 13
23 1 19
9 11 5
14 17 21
7 8 3
3 5 29
3 5 9
12 15 23
15 15 11
13 14 4
16 16 26
23 1 14
12 12 9
8 12 29
18 20 4
8 11 9
15 18 28
16 18 30
10 11 15
23 3 13
19 22 29
23 1 20
14 14 14
5 7 25
4 6 14
16 18 12
22 23 5
12 15 3
16 17 3
18 21 10
11 13 11
13 14 18
9 11 23
14 15 27
20 22 25
6 8 2
8 11 21
15 15 12
13 16 23
7 9 22
3 6 6
13 14 14
9 11 4
17 19 22
17 20 25
21 0 23
5 6 21
22 1 21
3 5 17
8 12 24
12 13 29
5 7 8
8 10 17
16 18 17
12 14 6
16 19 21
13 14 2
0 3 1
23 1 21
2 5 26
23 22 11
2 4 10
14 16 15
22 23 14
4 6 30
23 1 3
17 20 19
7 9 9
18 20 20
3 4 7
13 15 12
13 15 8
18 20 16
7 9 8
23 1 18
13 15 21
4 5 9
16 17 20
8 11 13
5 8 14
2 3 19
17 19 10
1 3 22
23 2 20
20 22 16
15 17 3
10 12 6
17 18 14
13 14 12
13 17 2
19 21 28
1 3 21
0 2 5
15 17 25
0 3 6
18 20 7
14 16 24
1 1 4
15 17 4
9 12 3
12 14 5
12 14 26
23 1 6
7 10 5
19 21 5
5 6 5
9 12 17
3 4 12
0 1 21
20 22 20
3 6 15
9 11 2
2 3 9
21 22 9
18 20 1
7 8 7
7 9 22
17 21 27
11 14 21
10 13 27
4 7 20
17 19 15
3 3 15
10 13 25
7 9 14
18 20 7
15 17 25
14 18 30
3 3 16
12 14 17
23 1 27
16 19 9
22 0 18
18 19 30
16 18 13
11 12 3
8 9 18
18 18 12
20 22 13
22 1 22
16 16 18
20 23 22
7 10 7
18 21 25
13 13 5
9 11 29
19 20 19
8 9 11
15 17 29
0 2 2
3 5 13
15 18 6
15 16 19
5 7 22
12 15 15
22 0 17
19 22 13
13 14 15
11 12 12
17 19 3
22 2 7
9 10 10
2 3 30
2 2 29
4 5 28
8 9 2
0 2 1
15 16 4
22 23 17
19 19 8
6 8 17
8 10 23
7 11 15
3 6 19
12 15 7
13 15 9
1 3 30
1 4 16
21 21 26
13 16 25
2 6 8
22 23 8
8 12 11
9 12 30
8 10 3
14 16 8
12 13 24
21 22 19
7 9 2
15 16 21
14 17 21
9 11 19
19 23 20
18 20 18
14 16 19
0 2 4
17 18 18
4 7 11
6 7 11
18 20 19
2 3 29
0 2 12
4 4 10
22 0 27
22 1 7
4 6 14
10 12 7
13 15 12
7 9 4
4 5 22
5 6 22
18 20 5
0 2 29
17 19 14
18 19 21
12 14 8
17 18 12
5 8 13
20 22 21
17 17 1
21 22 28
14 17 10
5 7 19
9 11 25
3 6 15
16 17 19
7 9 30
21 0 27
22 0 27
23 1 7
12 14 1
16 18 25
7 10 3
15 16 2
23 0 3
13 15 15
8 12 15
17 19 1
3 7 12
9 10 25
1 3 5
3 3 17
12 13 19
19 19 28
21 22 20
7 9 11
17 20 14
22 22 23
19 22 16
13 16 1
8 11 17
4 5 17
15 17 15
13 16 28
9 11 13
19 22 25
0 2 25
19 21 3
9 13 9
9 12 15
7 8 3
2 4 7
5 8 21
13 15 13
13 15 15
4 5 18
17 18 17
22 0 28
20 21 30
13 16 4
23 0 6
6 8 18
18 21 9
13 14 3
0 1 28
1 2 14
10 12 1
14 15 30
12 14 5
3 7 13
9 12 12
8 11 30
16 16 28
23 23 7
16 16 27
0 1 22
19 22 11
14 17 9
15 16 15
7 9 19
0 1 3
15 18 17
20 21 17
13 15 10
0 1 2
9 11 30
7 9 17
2 4 29
18 20 17
7 9 17
15 17 27
1 2 8
17 18 5
1 4 16
8 10 17
21 23 11
17 19 22
16 18 28
3 5 9
0 4 28
7 8 16
3 6 7
8 10 27
17 21 25
15 17 23
15 18 26
21 23 9
23 1 21
6 7 8
17 20 29
6 9 19
6 8 28
4 7 30
22 0 9
23 1 3
9 10 9
0 4 2
4 5 9
15 17 16
14 16 6
20 23 18
14 13 26
15 16 20
6 7 16
8 10 27
22 0 3
7 9 19
21 22 11
0 5 19
13 16 17
8 10 26
19 22 21
9 10 19
4 6 9
20 21 12
19 19 8
16 16 22
3 6 9
22 0 25
13 15 6
9 11 22
9 12 30
18 21 5
5 7 19
12 13 24
10 11 28
4 8 7
5 8 3
8 9 18
5 9 18
18 21 12
19 18 23
18 21 27
18 20 23
19 21 1
11 14 6
9 10 6
11 12 27
10 14 14
12 14 5
6 8 2
12 15 13
8 11 20
14 18 11
20 21 17
5 6 3
4 6 5
22 21 26
20 21 23
2 6 4
15 16 23
3 5 5
14 15 6
3 5 2
11 11 17
4 6 16
20 22 22
22 1 30
19 22 4
2 4 10
18 20 15
15 17 24
20 22 7
19 22 27
23 1 3
18 20 26
22 0 14
4 6 22
21 0 29
16 18 10
5 7 13
13 14 27
0 3 19
17 20 29
23 1 19
16 18 23
6 6 19
18 18 6
23 0 12
5 8 19
4 6 15
11 10 19
4 6 20
19 18 13
22 1 1
17 18 26
5 6 8
17 19 14
3 5 29
1 3 23
8 10 6
8 9 1
21 23 10
4 6 20
23 0 30
16 19 28
22 23 13
23 1 7
15 17 10
6 6 17
23 23 22
22 0 22
21 23 28
14 17 4
8 12 22
19 22 2
13 14 27
12 14 2
18 19 17
1 2 11
5 8 22
6 8 9
18 20 23
0 3 9
10 12 12
3 2 5
19 21 4
22 1 8
13 14 22
18 18 20
22 23 1
9 10 23
4 7 16
7 8 21
18 20 25
15 18 1
6 8 8
2 5 8
4 5 1
2 4 13
9 11 21
14 15 8
15 18 29
4 5 2
21 22 17
9 11 15
8 11 6
20 22 26
5 6 1
20 21 26
8 9 28
23 1 1
9 10 11
13 15 8
5 8 6
21 21 24
21 0 9
3 4 27
4 8 10
13 15 30
21 22 16
8 10 18
0 2 25
19 20 21
14 16 9
7 9 6
18 20 10
10 13 6
20 21 30
2 4 16
7 9 25
14 16 4
19 21 18
21 23 22
16 20 23
13 15 28
8 9 3
18 20 12
8 9 17
16 19 25
11 13 29
9 13 2
11 14 26
19 21 13
21 23 1
23 0 13
12 14 15
16 18 21
10 12 9
17 17 28
22 23 6
8 11 22
21 0 1
20 22 6
13 13 12
13 15 3
13 15 25
23 1 3
2 6 17
4 6 28
3 6 16
9 10 3
17 20 21
7 8 24
19 21 10
18 20 23
17 18 19
3 7 3
3 5 11
1 2 11
8 11 20
13 15 3
5 5 7
20 22 24
14 15 9
17 17 1
12 12 14
16 17 7
18 23 29
0 3 29
6 8 8
3 4 1
22 22 29
13 15 5
4 6 26
6 6 24
9 12 7
18 21 18
0 1 11
23 2 15
23 1 16
12 14 5
3 5 2
4 6 2
22 0 27
22 0 29
19 21 18
23 3 19
5 8 6
8 10 20
22 1 9
0 3 3
1 4 12
1 3 28
6 8 7
16 18 4
9 9 23
1 3 6
1 2 2
6 6 5
8 9 16
1 3 25
5 7 25
5 6 13
13 15 27
7 7 11
11 12 20
20 21 10
16 18 4
6 6 5
11 13 25
20 22 4
22 22 26
6 9 6
19 21 3
13 15 10
2 3 5
8 11 25
15 17 19
5 7 23
19 22 10
0 2 18
15 18 26
17 20 18
14 16 12
15 16 6
11 13 30
3 6 13
6 7 26
10 12 27
18 20 7
18 19 19
5 9 3
0 2 11
4 3 7
7 11 19
8 11 15
14 16 29
9 10 3
8 9 18
21 0 3
13 15 25
4 7 21
9 12 18
9 11 15
23 1 4
11 14 1
22 0 11
9 11 10
20 21 10
15 15 25
18 20 7
1 0 29
2 4 14
2 5 26
3 6 25
21 0 3
18 21 27
5 8 25
6 8 15
8 10 3
19 22 21
22 1 27
19 21 22
18 21 1
16 17 13
4 6 10
5 7 14
13 14 2
6 8 30
18 22 19
5 7 5
20 23 21
6 7 30
11 15 4
2 5 19
6 9 1
17 19 20
14 17 4
16 18 22
6 8 28
7 10 19
9 13 4
10 10 26
8 10 10
19 22 1
22 23 14
20 23 22
16 18 17
15 17 8
17 20 18
2 5 20
18 19 23
23 2 24
14 17 9
7 8 16
18 20 9
14 14 25
10 11 26
15 17 8
17 19 26
4 5 9
14 15 30
6 7 11
2 4 1
5 8 17
15 16 19
21 1 7
3 3 7
3 3 20
12 15 8
0 3 21
4 6 27
3 5 21
9 11 20
21 21 12
23 0 27
19 20 14
11 14 30
10 14 28
22 2 16
23 1 9
3 4 14
11 12 29
7 10 20
13 17 19
12 15 25
10 11 13
19 20 19
7 10 12
17 20 1
8 10 24
22 0 4
6 7 18
23 1 24
16 17 6
15 17 7
6 10 3
14 15 2
14 17 13
14 13 9
13 14 19
8 10 8
11 12 3
18 21 12
5 8 13
17 18 20
3 6 18
14 15 18
7 10 9
20 22 21
12 14 2
19 21 2
6 8 3
0 3 18
7 9 22
1 3 14
19 20 5
22 2 10
19 21 24
7 10 10
15 18 1
12 14 3
7 9 8
21 23 25
13 18 1
18 20 17
21 0 16
6 9 26
12 14 15
17 18 30
3 5 20
15 17 22
15 18 20
15 18 7
10 12 4
15 19 9
5 9 10
8 11 7
23 0 21
9 13 20
16 18 11
18 20 17
23 2 2
16 19 2
16 17 29
0 2 13
4 4 22
10 13 18
13 15 20
23 2 26
6 7 5
14 18 13
15 17 19
5 5 26
2 4 9
1 2 8
15 18 26
16 19 29
16 19 3
11 13 29
3 5 15
16 16 12
11 14 1
18 19 23
15 17 25
12 14 1
18 20 4
5 7 8
14 18 16
13 15 7
9 9 29
14 15 5
22 0 7
1 1 19
9 11 14
14 16 5
23 2 28
16 19 4
17 21 3
22 0 28
23 2 28
23 2 24
6 9 20
0 1 28
9 11 19
18 21 13
14 16 16
20 21 2
2 3 12
23 2 2
17 20 14
17 19 21
20 22 13
12 13 2
19 21 22
9 12 21
1 4 18
11 14 13
23 3 11
3 6 18
15 17 22
5 6 23
16 19 28
15 17 11
18 19 9
21 1 9
3 7 7
17 19 25
21 0 27
12 13 9
23 0 11
2 2 15
16 17 18
5 6 25
14 16 7
13 16 25
2 4 24
13 15 18
10 12 3
9 11 8
19 20 13
14 17 22
11 11 30
3 5 20
23 3 5
19 22 23
16 19 17
1 2 18
16 21 25
16 19 4
10 11 1
8 10 13
21 1 12
6 9 29
22 0 5
14 16 8
14 16 2
16 19 21
8 10 6
8 9 24
7 8 8
3 2 12
13 17 5
3 4 25
4 7 15
21 21 2
8 10 21
7 10 23
6 7 22
2 4 22
16 17 22
5 8 1
11 13 27
3 5 16
5 6 7
17 19 6
15 17 23
12 13 20
0 3 27
1 2 14
7 8 7
6 10 10
17 20 6
11 11 1
5 4 24
13 14 18
20 20 3
8 9 15
9 11 10
9 11 11
10 12 26
0 1 29
12 13 15
10 13 2
2 3 24
23 1 28
9 12 10
16 16 19
12 13 12
2 3 24
0 2 23
5 7 28
13 15 27
16 17 21
1 4 14
6 7 17
12 15 9
12 13 18
15 17 9
2 4 13
12 12 24
5 8 29
23 1 27
22 0 30
7 9 19
7 9 8
20 22 29
5 8 9
0 3 14
13 15 20
10 12 13
6 6 8
2 4 26
20 21 13
22 1 10
22 0 29
19 20 23
1 1 20
16 18 21
3 5 7
9 9 28
0 1 25
4 6 29
19 23 3
18 20 27
21 23 8
15 17 3
5 6 9
7 8 10
17 18 11
12 13 17
18 19 29
14 17 1
0 1 19
7 7 14
14 15 7
14 16 27
10 13 12
23 2 10
7 9 28
0 3 28
4 5 25
2 5 9
17 19 21
14 18 10
18 19 17
5 6 8
15 18 14
0 1 29
14 17 2
1 3 25
13 15 6
8 11 28
12 14 24
16 17 9
17 18 30
1 5 5
0 3 1
5 7 1
17 18 7
0 3 10
11 13 7
22 1 19
21 22 29
16 19 4
7 9 24
10 12 21
2 2 18
7 8 3
15 17 14
10 12 16
8 10 4
6 9 16
21 23 24
8 10 30
1 4 6
21 0 28
3 6 17
13 16 28
1 2 23
19 19 18
19 0 1
19 20 5
4 6 7
9 11 4
16 18 7
22 0 17
13 15 14
8 10 5
5 5 2
10 12 15
18 20 26
0 3 28
14 17 5
15 15 19
20 23 10
23 0 11
22 23 4
19 20 10
5 8 5
5 6 24
7 10 9
19 20 23
8 9 16
14 16 21
17 19 5
22 0 15
2 3 3
23 1 10
19 22 7
3 6 29
12 14 14
5 7 17
7 8 16
13 14 10
23 2 6
12 14 24
11 14 22
13 15 3
7 8 11
9 10 10
19 22 7
2 3 6
0 2 6
16 18 4
0 2 30
4 7 19
5 8 21
22 23 6
15 16 9
1 5 19
16 17 14
23 2 11
1 2 17
17 20 27
16 18 16
18 19 29
17 19 16
0 0 15
7 10 8
14 16 27
10 12 8
9 11 14
2 3 8
23 23 25
2 4 16
9 12 17
16 17 7
19 22 30
2 3 25
18 19 23
16 18 9
21 21 22
9 9 22
8 9 18
19 22 5
19 20 3
5 5 28
1 3 30
22 0 26
13 15 4
18 20 1
4 6 23
21 22 20
16 20 13
13 15 13
17 21 24
4 6 27
6 8 14
0 2 29
17 20 28
19 20 27
5 7 16
14 17 29
16 16 12
17 19 25
14 16 11
19 19 22
21 23 25
18 22 26
15 19 19
0 1 11
19 19 4
1 3 28
15 17 14
18 21 19
13 16 15
0 0 25
6 8 10
10 12 9
7 7 4
2 4 4
23 2 19
7 9 3
13 14 6
9 13 10
9 11 8
3 5 23
18 21 26
16 17 28
3 5 20
23 2 15
6 8 2
15 18 26
22 0 23
3 5 29
5 6 27
3 4 30
8 8 10
4 6 12
4 5 8
14 16 27
9 9 13
1 5 25
17 20 6
8 10 4
18 19 26
12 13 22
10 10 30
1 3 6
8 8 23
11 14 13
22 0 10
7 9 15
18 21 19
1 4 19
8 9 2
19 22 2
19 20 22
9 11 28
1 2 9
7 8 6
10 10 4
19 22 24
5 8 30
0 4 5
18 19 2
23 1 17
2 4 7
12 14 29
5 6 23
8 8 4
12 15 14
3 5 20
3 8 26
14 15 11
15 15 10
23 2 29
10 12 7
15 18 3
9 12 5
22 0 7
4 5 25
3 7 20
23 1 9
1 2 25
2 4 11
20 22 3
0 2 26
3 5 4
11 12 21
8 10 4
8 9 17
20 22 17
15 15 22
8 9 2
10 11 17
4 8 29
17 20 17
18 21 4
4 6 3
11 11 5
4 8 25
1 1 9
13 15 12
10 11 16
10 11 27
2 4 14
19 20 24
16 18 19
10 11 29
0 3 18
3 5 7
15 18 3
16 17 27
1 3 3
9 13 28
17 18 21
12 14 26
15 17 29
17 20 9
10 12 7
8 10 1
17 19 3
11 12 14
18 20 12
19 21 5
15 15 25
13 15 15
12 14 28
6 6 9
3 5 10
16 18 24
1 3 30
10 12 14
22 1 8
9 12 30
16 16 15
13 13 21
3 4 27
9 12 16
10 12 22
16 17 27
2 5 24
10 13 13
6 9 19
19 21 7
14 16 19
11 14 16
13 15 16
0 2 17
6 10 15
19 22 30
3 5 7
20 23 23
23 1 4
5 9 9
6 8 13
21 21 9
23 1 30
3 7 26
20 21 1
14 16 14
19 20 2
11 12 17
1 3 1
16 19 9
19 22 27
3 6 2
16 19 19
6 9 20
7 9 2
19 20 20
0 2 14
22 1 29
4 7 3
22 0 28
10 13 8
17 20 14
5 7 28
12 11 14
18 19 2
5 7 10
20 23 14
13 13 5
2 4 17
22 1 7
16 18 4
15 17 24
10 13 11
12 14 2
18 19 13
15 16 9
5 7 26
7 6 28
3 5 17
5 7 14
14 17 25
11 12 16
5 6 23
15 16 13
20 21 30
12 14 18
14 16 20
19 22 19
13 14 9
7 10 4
13 15 23
19 19 26
10 12 18
2 4 11
13 16 5
17 18 26
17 20 29
12 16 19
16 18 29
22 22 4
23 0 9
3 4 22
2 1 16
12 13 6
23 2 21
3 5 30
3 5 24
4 8 12
11 14 2
4 7 28
23 1 27
22 23 2
16 19 22
2 3 14
6 8 10
19 21 24
19 22 21
13 17 16
9 11 29
6 9 16
2 4 25
15 18 17
9 14 22
23 0 28
4 6 28
17 19 30
0 2 24
11 12 5
9 13 19
19 20 7
20 22 1
19 20 13
11 13 29
6 8 24
20 22 1
20 22 18
6 7 4
3 5 18
12 14 22
8 10 5
9 13 6
19 22 29
6 8 30
9 11 6
13 13 22
21 0 14
13 14 1
1 3 25
20 22 20
18 21 20
18 20 25
20 22 14
12 15 3
10 13 21
22 0 25
13 14 1
23 23 10
12 14 29
19 21 28
13 15 8
6 7 6
12 15 15
17 19 12
15 15 19
3 5 12
8 10 27
6 7 10
0 3 21
3 5 12
11 13 1
22 22 28
7 10 30
13 15 5
0 0 13
19 20 23
22 1 15
4 6 22
13 17 13
2 6 11
1 4 8
20 23 16
7 9 17
13 17 8
21 22 2
14 15 29
4 7 22
1 2 21
12 15 26
8 10 22
17 20 2
11 12 12
3 7 13
2 4 8
8 11 9
3 7 7
6 8 21
22 0 3
9 11 3
4 6 28
1 3 28
16 19 26
14 14 6
11 11 15
10 13 20
6 7 3
12 13 5
18 19 23
11 13 15
9 12 22
19 21 21
8 11 3
12 16 21
5 6 1
19 22 3
13 16 8
7 8 5
22 0 29
9 12 7
2 3 23
16 16 12
11 13 26
19 21 27
13 15 20
16 18 13
18 22 10
13 15 30
21 21 2
2 5 12
7 10 11
5 7 3
23 1 10
17 20 21
6 10 21
8 9 25
23 1 16
4 2 17
6 8 10
1 2 22
21 23 25
11 14 12
17 18 20
8 11 22
22 1 13
9 11 6
16 18 29
5 6 28
15 19 5
12 13 22
15 16 4
11 13 20
0 1 9
22 1 11
15 17 14
9 12 4
19 21 3
19 22 24
12 16 17
23 1 23
8 10 12
10 11 19
3 7 14
9 9 2
8 10 14
4 5 23
21 0 24
15 18 17
8 10 18
4 6 30
17 19 30
2 5 3
4 8 27
9 13 18
23 2 4
3 4 27
3 4 6
15 18 10
14 17 2
14 16 5
10 11 14
3 4 21
10 12 22
5 6 7
6 9 25
1 3 20
0 3 1
13 14 9
7 10 1
0 2 13
0 0 9
11 13 26
15 18 27
1 2 21
23 0 29
8 8 2
1 2 21
19 21 25
9 12 20
17 19 25
6 10 24
14 17 26
9 12 1
13 15 5
2 5 4
22 0 6
16 17 24
3 6 4
6 8 2
22 0 17
12 15 28
16 18 10
5 7 8
12 12 16
0 1 23
