2860 30
11 20 10 4 13 4 5 7 14 24 1 12 4 16 11 6 26 22 10 23 5 9 24 9 24 9 10 21 3 16 
4 7 4
19 21 5
5 8 30
0 3 8
14 16 22
10 10 25
15 16 13
20 23 25
4 7 23
17 20 12
9 11 2
20 22 13
18 19 5
10 11 5
19 22 10
7 9 13
0 2 30
21 23 6
14 15 4
7 9 14
23 3 17
3 6 28
1 2 11
8 10 11
0 1 25
13 14 1
16 18 11
10 11 15
17 20 3
10 11 20
7 9 11
17 19 21
8 10 2
23 3 5
6 9 23
8 10 16
2 5 29
13 14 13
11 11 13
10 12 22
9 11 12
0 4 9
10 14 29
3 5 27
0 3 2
8 11 16
6 8 9
9 12 25
19 21 26
5 8 7
4 7 5
4 7 29
6 8 23
6 7 19
9 9 6
15 16 16
8 10 3
4 7 27
19 22 26
22 1 28
7 10 10
2 3 2
17 18 17
12 13 1
16 19 15
10 12 6
2 5 21
11 14 25
14 15 10
15 17 11
12 14 29
13 15 19
20 23 16
21 0 25
15 17 26
11 12 14
6 7 23
3 7 7
1 4 3
4 8 9
7 10 11
18 20 22
21 0 17
1 3 29
6 7 3
3 5 29
14 17 14
22 1 3
23 1 19
0 0 18
23 0 13
6 8 20
21 22 4
12 14 1
11 14 26
20 0 26
21 0 2
7 9 13
17 19 1
5 8 12
20 23 1
23 2 11
8 9 13
10 14 12
19 21 11
6 7 4
5 8 17
6 10 6
0 0 21
5 7 21
18 21 25
18 20 28
16 18 19
17 20 27
6 10 30
5 8 25
11 14 16
18 21 14
9 11 15
19 20 8
22 1 11
15 18 27
16 19 16
16 18 26
7 8 22
20 22 13
8 9 5
7 8 24
5 7 5
7 8 25
16 19 21
16 19 19
22 23 7
14 15 27
19 20 4
18 20 25
14 15 26
4 7 4
21 22 10
21 22 29
3 7 9
15 16 30
3 6 14
17 19 28
6 8 22
7 7 12
20 23 1
1 4 4
4 6 10
5 6 5
0 0 16
14 16 17
8 9 5
21 0 6
15 17 6
1 4 9
11 12 26
15 16 20
8 10 7
4 4 13
19 22 3
19 23 27
17 19 8
22 0 2
14 17 20
19 21 28
22 0 26
23 1 9
13 16 20
10 13 21
12 15 16
19 20 2
15 16 29
8 11 11
9 12 20
3 6 21
2 3 11
4 4 16
21 0 17
7 9 17
21 23 14
20 21 22
14 15 10
19 20 25
6 8 3
14 17 11
17 19 23
6 9 8
15 17 18
20 0 10
7 9 19
21 0 17
4 6 30
19 20 6
3 4 11
2 3 23
8 11 22
14 15 3
15 16 13
14 16 8
11 13 2
8 9 11
5 8 18
21 0 4
22 0 27
1 5 7
14 16 16
7 8 15
15 16 30
5 7 7
10 13 26
11 10 16
16 20 12
10 11 26
7 9 17
14 15 23
2 6 12
8 9 22
9 12 15
19 21 9
16 18 14
5 7 16
6 7 24
13 17 3
1 2 20
19 21 2
23 0 2
16 19 27
19 22 9
14 15 15
9 12 19
4 6 21
8 11 11
16 17 2
17 20 11
19 21 3
2 5 30
5 7 7
3 4 20
11 14 30
2 4 1
12 12 24
15 17 6
11 12 25
9 11 21
14 16 10
2 2 3
19 23 27
1 4 21
20 21 18
18 20 15
11 13 16
15 17 7
1 3 14
14 16 2
12 12 13
5 8 7
9 9 25
7 9 21
13 14 29
2 3 7
7 10 3
18 20 22
17 21 6
10 11 7
16 18 6
12 13 20
4 8 23
18 21 26
13 12 2
17 20 4
3 5 11
7 8 6
11 13 30
17 19 30
23 1 20
18 19 14
1 3 23
9 12 18
10 12 20
22 0 24
17 19 26
15 16 15
0 2 20
19 21 7
21 23 14
21 21 1
2 4 20
7 7 5
5 7 12
13 13 2
22 23 3
4 7 18
12 13 5
15 17 11
18 20 19
6 6 29
4 7 27
9 10 24
23 0 17
9 12 14
13 16 2
20 21 27
3 6 24
19 22 29
23 23 25
16 19 23
19 20 15
22 0 21
15 16 7
20 23 11
1 2 15
8 8 28
9 11 16
14 16 20
2 6 18
13 13 5
15 18 6
16 18 17
1 3 8
9 10 14
0 3 17
23 0 25
7 8 3
6 8 10
11 15 30
10 12 17
17 19 28
1 3 29
18 19 13
11 13 23
17 17 10
19 20 17
0 1 2
21 22 26
14 15 17
18 20 29
12 13 10
3 5 21
8 9 21
10 11 9
8 10 20
21 22 13
21 22 23
13 15 11
9 12 21
6 7 23
18 19 15
13 15 14
3 3 19
14 16 20
12 14 30
0 3 18
1 3 14
21 22 4
2 4 30
2 4 13
0 0 13
15 17 11
16 18 16
12 13 18
8 11 15
19 21 3
10 12 29
13 16 21
11 13 17
23 0 13
4 6 19
11 15 1
19 22 29
1 2 13
5 8 21
23 2 8
19 21 20
0 1 23
13 16 10
22 23 28
23 1 30
22 1 7
8 9 6
16 17 22
13 15 25
10 12 15
10 12 1
10 11 3
10 13 25
8 12 1
12 13 10
7 8 19
11 13 24
7 9 27
3 3 26
16 18 20
19 19 26
0 2 12
9 11 11
21 21 21
2 3 28
5 7 30
13 14 19
17 20 29
4 6 14
4 7 2
14 17 20
4 4 3
16 17 24
23 2 23
2 4 27
10 13 18
11 13 3
6 6 25
19 20 5
12 15 28
20 0 20
18 20 1
12 15 1
0 3 26
16 18 3
6 8 27
4 5 1
14 16 29
4 8 19
11 13 27
23 0 3
0 1 10
11 11 11
0 3 16
23 0 13
14 18 16
3 7 24
15 19 15
6 8 3
15 17 16
18 19 9
19 21 12
19 20 30
23 1 6
7 9 24
22 0 27
21 22 4
6 8 2
14 16 19
22 1 27
19 22 2
8 9 2
6 9 6
9 11 20
17 19 1
5 8 13
11 14 5
19 21 23
2 2 17
0 3 13
23 1 1
10 12 1
0 3 24
14 15 29
14 14 24
2 4 7
9 11 17
15 16 15
10 12 18
2 8 7
17 19 16
22 23 12
9 11 16
16 18 28
12 14 25
3 3 28
17 19 16
4 8 13
11 14 16
20 22 12
12 14 11
20 22 25
1 2 19
8 9 28
9 10 19
12 14 22
16 16 28
16 19 19
21 1 10
11 13 5
3 6 30
5 6 21
20 21 25
4 7 10
4 6 16
1 4 28
23 0 17
7 10 9
21 0 8
3 5 17
21 0 25
7 8 2
21 0 19
15 17 28
8 9 23
8 10 12
15 17 7
10 12 23
22 23 19
8 10 14
11 14 16
12 14 12
20 22 14
6 8 30
9 11 26
0 1 13
22 23 25
10 9 25
12 13 22
10 12 12
15 17 30
19 21 1
22 0 3
19 22 20
16 17 23
4 6 27
16 18 8
17 20 6
7 10 17
1 3 14
15 18 15
21 23 4
3 7 1
9 11 13
15 17 18
5 8 30
15 17 15
5 7 18
17 19 7
22 0 5
16 19 18
15 18 10
21 0 7
17 19 11
22 23 14
22 23 18
6 8 4
15 17 25
1 3 13
22 0 9
3 6 30
11 12 16
20 22 27
19 21 1
20 23 14
12 14 13
23 2 6
20 20 24
10 13 23
3 5 25
2 4 8
3 5 15
1 3 30
0 3 2
20 23 6
8 12 14
19 22 24
21 23 2
13 15 6
8 9 1
4 5 3
23 2 27
19 21 23
8 12 24
8 9 17
20 21 16
15 16 30
23 0 20
23 2 1
1 3 11
23 1 24
18 19 13
12 15 9
10 13 26
7 10 17
1 2 3
6 9 6
3 4 15
20 21 5
22 0 8
13 15 17
16 18 28
20 22 30
7 10 1
11 13 25
7 9 1
10 12 23
15 17 4
23 0 9
0 1 12
11 15 9
16 17 5
23 1 11
6 7 26
19 21 15
23 0 21
13 15 12
2 4 5
5 7 23
16 19 21
7 10 24
21 23 2
20 23 6
16 18 7
2 2 16
12 14 7
4 8 11
1 3 18
23 0 9
17 19 29
20 22 24
18 22 12
8 8 26
20 23 19
16 17 21
10 11 9
4 7 18
18 21 4
1 1 14
3 4 16
12 15 7
14 17 13
20 21 6
21 23 27
4 6 18
19 22 22
6 7 23
23 1 15
14 16 26
6 9 4
14 15 19
9 13 7
23 0 28
1 2 6
9 12 5
20 23 9
14 17 17
11 13 2
4 5 30
0 1 12
13 15 5
1 2 5
5 8 13
22 23 8
21 23 29
12 15 8
8 9 30
19 21 16
2 3 30
17 18 1
14 15 20
10 13 27
2 4 26
7 9 25
11 11 19
23 1 1
0 1 9
0 1 24
17 16 22
7 9 30
14 16 16
19 22 16
2 5 17
22 1 29
18 19 21
2 4 16
9 13 24
12 15 1
6 8 2
16 16 3
22 23 2
15 17 8
15 17 28
17 19 19
0 1 26
6 10 25
4 4 6
13 15 18
19 20 17
9 10 14
9 11 9
18 20 19
11 13 14
18 19 15
7 8 1
3 3 30
4 6 14
19 19 4
16 16 28
17 18 8
7 8 10
23 0 2
17 18 14
1 3 29
14 16 11
7 10 16
1 3 7
7 11 27
5 8 16
8 9 13
7 8 20
17 18 23
16 18 16
11 13 2
0 3 19
19 19 2
14 19 1
21 23 9
18 21 22
5 7 28
22 1 30
5 7 20
13 13 20
13 15 18
14 14 12
2 4 8
1 4 22
5 7 7
7 10 3
15 16 14
7 10 18
4 5 21
16 17 7
21 23 29
11 12 24
7 9 4
8 9 16
0 1 16
18 20 11
4 6 27
9 10 24
2 5 19
0 3 12
14 18 5
8 11 6
20 21 22
20 22 18
15 18 20
23 2 11
20 22 11
2 4 19
10 10 23
7 9 19
11 12 28
0 0 7
18 19 5
18 22 14
15 15 12
16 17 22
8 10 10
6 7 18
10 12 22
13 17 8
9 11 11
17 19 13
2 4 20
15 16 4
16 20 22
22 23 27
19 20 14
23 1 5
13 15 17
10 11 14
15 18 12
7 10 14
8 10 27
13 14 7
7 10 4
14 15 18
8 11 23
16 17 1
3 5 20
7 9 21
13 16 28
14 15 10
16 18 1
9 10 23
19 22 21
14 16 12
11 13 4
1 3 25
10 11 28
3 5 21
6 8 23
3 5 9
13 14 18
9 10 26
23 1 27
11 13 18
3 4 15
22 23 14
22 0 10
22 1 8
12 13 4
18 19 18
9 11 14
9 11 6
7 10 1
22 0 19
3 5 28
8 9 1
20 22 6
13 15 9
3 7 24
20 21 2
10 11 30
17 20 16
3 4 25
4 7 16
8 12 11
5 6 21
13 15 11
20 22 12
6 9 8
9 9 28
16 17 2
19 22 26
13 16 7
16 19 9
1 4 11
8 10 17
19 20 22
21 22 23
1 4 11
17 19 25
15 15 17
12 14 3
8 9 4
19 22 17
6 7 25
4 4 13
10 11 30
14 15 1
16 17 14
15 16 10
10 11 29
6 7 10
4 7 16
13 16 5
16 18 17
8 11 19
1 2 26
18 19 11
12 13 24
9 10 2
17 17 17
8 8 26
10 12 9
21 23 4
18 19 4
2 3 14
23 2 18
18 20 4
23 1 28
18 20 6
0 2 3
0 2 5
22 1 10
11 13 27
12 13 2
19 21 9
5 7 10
6 9 12
21 0 7
1 4 30
23 2 11
13 16 28
12 12 22
17 19 12
3 7 27
5 8 5
2 3 1
2 4 8
7 9 9
13 15 1
20 22 1
21 1 19
18 20 7
16 17 29
5 7 4
17 19 25
21 23 18
6 8 15
7 9 5
13 14 18
0 2 10
9 10 16
15 17 9
3 6 10
19 21 5
9 11 7
12 13 11
13 15 30
15 15 4
17 21 23
18 20 30
0 2 10
10 12 28
15 17 19
20 21 12
12 14 29
0 1 12
9 11 25
11 13 15
16 19 21
11 14 9
18 21 4
19 21 11
15 18 20
7 10 26
17 18 15
6 9 10
17 19 22
10 12 12
10 12 8
1 3 17
8 10 9
12 14 27
7 8 22
14 15 2
5 10 22
2 4 21
18 21 29
17 19 27
23 3 24
9 11 5
14 15 9
21 22 6
17 18 21
1 4 7
9 10 11
21 22 24
12 15 1
8 10 4
12 12 29
5 8 16
11 13 6
21 0 3
7 9 9
13 14 28
7 9 23
19 20 25
6 7 13
14 17 7
8 10 28
10 12 25
11 15 9
0 0 25
3 5 28
22 23 10
0 3 17
13 14 14
5 7 4
12 15 4
23 2 28
5 6 7
13 14 15
2 5 5
19 22 23
13 13 29
15 15 27
20 0 8
21 0 29
21 23 10
10 12 4
6 6 4
2 5 11
5 6 25
11 12 23
9 11 4
10 12 25
10 13 30
6 7 29
21 0 17
3 5 21
10 13 22
7 9 19
14 18 18
8 10 2
9 9 8
22 0 6
7 10 5
1 4 4
17 18 9
8 11 8
16 17 20
9 10 26
20 23 27
7 11 15
9 10 28
21 23 15
12 14 3
4 6 20
12 13 17
11 12 30
16 18 22
14 15 29
10 12 7
15 17 9
15 17 22
1 3 20
12 10 11
16 16 29
9 13 29
0 3 5
2 4 15
11 12 7
4 5 13
7 10 6
3 4 28
17 16 22
6 7 21
5 7 15
11 12 12
18 20 27
7 6 7
19 20 16
2 4 28
1 3 13
13 17 9
6 9 13
23 0 11
13 16 18
8 9 29
23 1 30
15 17 24
0 2 7
16 19 10
9 10 3
11 13 23
17 19 8
22 0 27
23 3 14
9 11 27
7 11 25
7 9 7
17 20 24
13 16 29
16 18 20
11 13 27
0 3 9
15 17 5
10 11 26
12 13 17
19 22 12
6 8 23
21 0 26
21 0 16
5 7 9
11 12 14
8 11 23
19 21 5
17 19 8
7 8 11
9 13 3
2 5 1
11 12 29
21 0 9
6 9 2
18 20 30
15 18 1
4 7 2
7 9 30
9 11 13
3 4 8
14 15 26
8 11 22
9 11 12
10 11 27
17 20 26
23 2 10
7 8 15
13 14 15
14 15 11
3 5 10
16 18 27
17 18 11
11 14 7
5 8 29
22 22 7
3 5 22
7 9 29
3 5 26
0 3 12
3 4 5
12 13 20
11 13 16
16 19 20
21 23 22
20 22 1
15 17 16
20 22 24
19 21 16
2 4 17
3 6 20
7 7 2
20 23 1
8 10 15
16 18 8
19 20 8
10 12 17
4 6 5
19 21 8
8 10 27
17 19 5
10 13 27
17 20 12
6 8 16
13 15 2
23 0 18
4 5 28
19 20 30
15 16 30
9 10 2
4 4 19
12 14 24
6 8 20
17 21 7
10 13 10
20 21 3
18 20 26
6 7 15
12 16 11
2 6 8
1 3 29
11 13 24
19 23 17
0 1 20
8 11 26
20 23 4
18 18 19
11 13 4
5 8 24
2 4 21
23 1 9
16 19 27
18 20 16
1 3 19
20 22 28
17 18 9
9 12 21
0 2 18
23 0 4
19 21 18
20 22 8
18 20 29
6 7 4
15 18 27
0 4 22
20 20 16
22 0 6
1 4 7
21 23 13
6 7 30
1 2 20
6 8 10
10 12 26
0 2 19
2 3 26
7 9 27
5 7 16
10 10 4
8 9 2
11 13 10
15 18 19
10 11 14
19 22 22
5 7 16
19 21 13
1 2 12
6 10 2
6 8 5
7 9 26
18 20 20
22 0 3
14 15 29
9 10 2
5 7 20
8 10 26
5 8 16
8 11 11
7 11 17
17 20 16
23 2 23
22 1 26
14 15 11
5 6 14
19 20 15
13 16 27
3 5 25
15 16 6
23 2 28
16 18 25
23 0 22
6 6 4
21 23 13
19 23 5
3 5 5
10 11 20
13 16 14
22 1 10
10 12 3
21 23 7
11 13 21
7 11 2
1 3 30
4 6 18
1 3 23
4 6 14
2 6 16
5 7 29
14 14 13
22 23 15
9 11 19
0 0 11
6 8 11
8 9 4
12 13 1
15 18 26
16 18 17
5 7 29
18 19 25
9 12 9
17 20 12
19 21 19
22 0 24
22 0 27
19 22 19
0 2 12
7 8 20
4 5 1
7 11 15
4 6 16
4 5 30
1 3 19
21 22 10
23 0 7
8 11 8
22 1 26
20 21 30
4 5 15
14 15 26
17 19 12
7 10 29
8 9 25
17 18 1
11 12 26
21 23 23
6 8 18
22 23 24
18 20 11
18 19 12
3 4 1
13 15 26
4 5 12
10 11 2
8 11 22
19 22 24
3 5 19
21 0 24
22 0 26
7 6 16
6 9 22
10 12 26
13 15 11
23 4 6
4 5 26
2 5 13
5 6 21
5 9 6
1 2 3
7 9 9
8 11 19
20 21 22
10 10 1
16 17 3
20 23 20
5 9 8
19 21 9
4 3 23
19 22 16
4 6 30
19 20 10
23 2 23
22 0 3
14 17 8
18 18 2
22 0 5
21 22 14
17 21 10
20 21 29
20 21 21
2 4 29
8 10 18
20 22 12
20 23 22
14 14 2
4 5 26
21 23 5
15 17 22
5 6 14
3 6 17
0 -1 8
7 9 4
18 22 27
7 8 2
8 9 4
15 17 23
10 13 7
13 14 6
12 14 26
16 20 8
13 16 15
21 0 22
11 12 10
18 20 25
3 5 7
7 8 19
8 10 23
8 10 22
20 22 8
17 20 5
22 0 15
1 4 9
23 0 22
0 4 27
10 12 5
9 11 30
3 5 15
13 15 23
6 7 14
11 14 14
20 23 5
2 5 5
3 5 15
19 20 10
15 17 11
20 21 8
19 21 8
10 12 5
0 3 27
6 9 21
1 2 27
4 5 20
15 18 4
14 16 10
22 0 12
19 21 27
18 22 11
11 13 16
8 11 11
17 19 16
4 6 22
4 6 7
8 9 20
19 21 15
11 12 15
9 10 27
16 18 26
14 15 4
9 10 19
6 9 25
1 5 1
0 1 18
8 10 15
8 10 19
1 5 22
2 2 19
13 16 14
22 0 24
6 10 4
23 2 17
7 9 18
18 21 18
21 2 7
5 9 28
3 5 25
19 20 4
7 7 8
12 15 4
7 8 25
8 9 1
6 9 30
15 18 7
1 4 9
2 3 26
7 8 25
7 9 5
12 14 15
20 1 25
10 14 19
3 4 27
12 13 22
1 3 20
23 0 19
10 13 24
8 10 21
4 5 28
18 21 23
19 21 21
20 22 9
12 11 8
0 1 18
14 16 28
10 12 11
16 18 11
5 7 27
17 19 26
5 8 29
14 16 14
6 9 15
2 6 25
3 5 7
9 10 10
17 18 21
4 5 13
5 6 17
7 12 6
19 20 11
5 8 12
11 13 23
5 9 2
12 13 21
9 12 13
5 6 16
21 22 8
21 22 20
11 13 12
22 0 25
0 3 10
11 14 1
16 19 29
9 12 4
8 11 5
0 3 20
9 12 24
19 21 21
5 7 28
5 7 26
15 16 10
18 21 8
18 19 24
2 2 6
10 12 4
0 1 5
6 6 20
4 7 7
19 22 11
1 1 1
8 11 30
15 18 21
16 18 22
17 18 3
15 18 2
3 5 9
21 22 25
23 2 9
3 6 1
6 9 13
19 21 24
5 6 23
1 2 11
21 23 18
15 18 19
20 21 11
6 9 23
14 16 6
10 12 28
22 0 21
7 11 27
12 15 26
11 12 23
20 21 19
13 16 6
19 22 29
7 10 5
10 11 12
1 2 11
18 18 2
6 9 24
3 5 18
17 19 14
21 23 9
9 12 11
17 19 15
0 2 17
7 8 11
12 13 23
22 1 24
8 9 18
3 5 17
7 8 15
6 9 23
0 2 17
15 18 21
18 20 16
9 12 10
7 7 26
7 9 30
22 0 22
3 3 29
4 7 1
17 20 18
14 14 20
9 11 17
8 9 22
0 2 21
13 15 11
5 7 26
19 20 6
3 5 1
1 4 24
19 23 14
20 22 17
18 22 27
20 23 13
21 0 5
19 20 15
2 4 18
5 7 4
17 16 24
14 14 3
23 0 11
6 11 12
4 8 16
18 20 19
15 15 12
8 8 25
21 0 12
22 23 19
9 10 19
14 14 27
12 12 24
21 22 28
8 11 3
17 20 22
23 0 8
9 12 5
6 8 2
10 13 8
10 14 29
5 7 6
10 12 18
2 3 10
5 8 4
20 22 13
13 15 2
15 17 17
1 4 17
19 21 24
21 0 25
8 9 14
1 4 24
18 20 8
19 22 25
18 21 21
11 13 9
7 9 15
10 13 23
12 15 28
4 5 5
19 21 23
11 14 9
19 20 28
1 3 26
1 4 16
9 11 17
14 17 25
15 15 3
18 19 3
15 18 11
12 13 12
10 11 22
22 0 11
5 7 9
1 2 23
14 17 4
19 19 26
11 12 12
22 0 22
9 11 29
14 17 30
21 0 8
1 2 12
13 17 3
12 15 17
14 16 3
15 16 21
15 16 30
2 4 24
19 22 23
13 16 21
18 21 26
22 23 26
10 12 27
21 0 18
14 15 5
23 1 27
19 20 25
15 17 11
22 0 19
4 4 4
6 10 13
20 23 28
12 15 11
22 0 2
23 0 17
2 4 10
14 16 22
20 23 27
14 17 19
17 17 14
9 11 20
13 13 30
12 15 17
1 3 22
8 11 12
4 6 25
20 22 1
19 22 1
22 0 30
2 4 27
20 23 12
12 14 17
0 0 14
3 2 13
11 12 10
17 19 6
7 12 15
3 3 30
21 22 4
13 16 6
22 0 14
11 13 27
17 19 26
6 8 13
1 4 27
9 12 14
22 1 6
22 0 26
6 10 14
3 6 13
0 3 15
21 23 19
3 5 11
18 21 27
1 2 13
0 1 5
17 18 25
18 19 3
15 17 21
13 15 11
11 13 11
20 23 20
9 11 8
15 17 21
3 5 18
16 19 23
19 21 11
19 20 19
15 17 14
13 15 15
0 3 21
0 1 27
15 15 16
16 17 20
9 13 22
14 15 30
13 15 22
10 14 30
10 12 28
23 2 19
21 23 23
2 3 30
8 10 20
10 11 6
0 1 3
20 0 11
20 23 3
0 2 27
12 14 5
21 0 26
12 14 11
1 2 23
7 9 30
19 22 13
4 5 20
13 15 24
21 0 11
8 10 28
1 3 7
23 1 27
8 11 22
14 15 30
14 16 13
20 22 4
18 21 23
18 21 13
0 1 30
16 19 2
13 16 10
4 7 4
2 4 7
20 21 14
5 7 9
1 2 21
4 6 25
2 3 8
0 1 29
6 7 12
15 18 11
22 23 4
17 20 27
18 20 13
13 16 3
12 14 21
1 4 13
22 0 17
9 11 5
8 11 4
10 10 17
18 20 19
20 22 20
17 20 18
18 21 19
6 6 30
8 10 2
10 13 29
19 21 4
11 13 19
18 20 6
15 17 13
23 2 23
13 13 8
0 2 13
7 10 4
22 0 22
10 12 13
4 5 8
18 20 11
10 13 7
16 18 15
7 9 16
17 20 22
14 16 27
5 8 19
1 2 26
8 10 22
12 14 27
8 11 17
20 23 6
8 10 3
11 13 19
6 7 14
11 13 23
2 3 12
5 7 7
10 12 10
1 3 11
12 15 15
7 8 7
5 6 8
13 15 26
2 3 5
6 8 25
18 21 17
19 21 3
3 6 29
6 10 10
11 12 26
2 2 4
20 21 2
6 8 20
0 3 19
18 21 23
7 10 14
6 8 5
20 20 26
4 6 18
20 23 20
21 0 13
18 20 10
3 5 17
17 20 23
23 2 7
13 14 20
2 5 12
10 13 16
20 22 2
11 12 1
23 2 21
12 16 21
19 20 17
12 15 23
18 21 20
6 8 13
18 20 10
8 9 8
16 19 29
2 4 25
19 18 17
0 1 9
19 23 26
19 23 4
23 2 30
13 15 15
4 4 15
0 2 30
22 0 9
3 4 24
12 11 18
7 11 13
19 20 26
7 9 30
12 14 10
10 13 1
7 10 19
22 0 25
11 13 15
16 19 6
19 21 13
19 20 4
22 0 11
12 13 19
4 7 19
21 23 8
5 8 21
18 19 7
20 22 8
19 21 2
15 16 3
4 6 16
3 6 28
0 1 8
15 16 24
20 21 14
9 11 11
15 18 9
18 21 21
15 17 23
14 14 3
7 8 21
12 16 15
14 17 21
22 23 23
7 8 11
13 15 20
15 19 27
15 16 6
8 10 4
13 13 4
16 16 9
21 22 15
23 1 16
17 21 21
6 9 16
17 18 26
18 21 6
10 13 17
5 8 20
4 5 24
11 14 24
20 22 16
8 8 23
0 2 15
2 5 4
14 17 11
10 13 5
5 5 11
13 16 3
10 12 10
11 12 27
7 11 22
22 0 22
4 6 14
7 9 24
8 11 26
13 14 22
12 15 16
13 14 15
18 20 20
11 14 22
20 0 27
22 0 20
9 13 20
18 20 16
18 20 23
2 5 29
9 12 5
23 3 24
20 20 28
5 7 29
18 18 10
0 3 15
8 9 11
13 14 8
19 21 25
19 22 27
23 2 11
17 19 5
19 21 9
17 19 22
12 13 3
10 12 28
3 5 25
17 19 2
18 20 30
15 17 17
14 16 25
14 16 6
22 23 18
11 12 9
14 15 16
14 18 24
23 2 16
4 5 15
4 4 12
13 14 20
3 5 24
12 13 18
21 23 18
9 13 4
19 21 3
18 21 28
2 4 30
8 9 12
4 6 24
1 2 16
8 9 16
11 14 4
1 1 3
14 16 14
17 19 1
12 15 8
8 10 4
14 17 28
22 1 23
20 22 21
2 5 18
23 3 5
17 20 14
13 14 5
6 7 23
1 2 29
19 21 30
23 1 30
15 16 22
23 1 9
13 15 18
21 21 8
14 16 10
18 19 23
3 7 28
20 23 3
11 13 1
19 19 2
16 17 25
19 21 24
6 10 9
13 15 15
19 20 9
23 2 25
3 5 12
18 19 19
13 17 6
19 21 23
16 16 15
21 0 15
4 7 12
1 1 29
4 7 13
9 12 30
5 6 17
3 5 24
23 1 4
0 0 29
17 20 23
20 21 10
4 6 16
16 18 22
5 5 14
2 5 20
21 23 29
17 20 21
15 17 29
12 14 27
8 6 3
9 11 13
9 10 5
22 0 16
4 8 26
12 15 7
3 5 5
14 16 2
21 1 24
9 9 22
23 2 28
11 13 17
19 20 17
4 7 11
22 22 13
23 23 27
1 4 25
0 1 15
23 2 20
10 13 13
7 9 13
7 10 11
18 19 15
2 4 2
16 17 26
23 2 21
13 15 11
20 21 23
2 3 28
10 12 29
21 21 11
7 8 24
6 8 15
13 15 22
3 5 26
23 0 7
0 3 11
7 9 22
2 4 9
22 1 15
23 2 26
4 5 13
21 22 17
13 16 16
20 22 8
19 23 29
22 23 30
0 2 15
8 11 2
15 18 3
11 13 8
16 17 6
0 5 19
23 1 14
9 11 16
10 13 29
2 3 21
7 9 3
0 2 2
16 19 14
3 6 17
17 18 14
18 19 15
16 19 17
13 15 16
14 19 14
8 11 17
7 10 16
0 2 10
11 12 7
15 17 8
5 8 13
14 14 29
12 13 14
2 2 19
16 16 17
3 4 13
15 16 10
8 8 6
17 19 22
14 15 14
22 22 7
20 23 5
14 15 26
14 16 6
1 3 23
20 22 11
3 6 14
3 5 8
12 13 3
10 11 28
11 12 1
6 9 17
3 5 28
6 9 27
5 9 13
14 16 10
17 19 23
14 17 13
10 11 22
21 0 2
18 21 20
20 22 1
0 1 4
2 4 5
19 19 10
1 4 6
23 23 13
21 23 15
3 6 14
6 7 10
21 23 11
23 1 18
0 1 26
6 8 5
3 6 8
15 18 7
0 3 29
17 20 20
0 3 24
2 4 27
16 18 11
19 22 2
15 18 26
16 18 5
16 15 9
1 4 17
6 9 24
20 21 6
2 4 22
20 23 10
18 20 20
9 12 15
18 20 12
0 1 17
20 21 10
14 14 25
0 2 11
5 6 5
6 8 28
21 23 8
5 6 23
0 2 23
13 14 22
23 1 2
11 15 28
7 7 16
21 23 14
4 7 1
11 12 26
13 15 14
21 22 16
13 14 6
16 17 8
20 21 30
10 13 29
16 16 8
22 0 12
7 9 12
12 15 28
18 21 14
18 22 14
12 12 20
20 22 18
22 0 8
2 3 20
19 22 11
19 21 12
14 16 17
20 23 6
15 17 2
16 18 7
19 21 6
23 0 20
7 9 16
6 10 18
11 13 5
15 18 27
17 17 7
11 14 17
16 19 9
18 20 4
1 4 30
22 2 29
15 19 9
17 19 8
0 2 11
19 22 12
22 1 9
5 6 30
16 20 27
1 3 26
1 3 11
13 13 13
1 4 19
23 0 20
6 8 16
7 8 24
7 8 21
0 2 7
17 19 11
19 0 7
12 12 16
19 19 19
4 7 15
0 1 4
15 17 29
18 20 3
18 22 15
21 0 14
14 16 26
10 13 1
14 17 14
10 13 5
3 4 20
6 9 3
23 1 8
20 23 3
4 6 4
20 23 14
21 23 7
6 8 24
23 2 21
3 5 15
14 16 28
11 13 25
3 6 28
3 4 24
5 6 22
4 8 6
22 0 9
10 13 3
2 4 2
1 3 12
11 14 25
15 17 18
22 1 21
14 15 17
10 11 27
9 12 11
12 14 20
3 4 27
12 13 16
11 12 15
19 21 4
20 22 8
6 8 18
1 2 18
11 13 7
12 14 27
13 15 29
6 9 29
3 4 16
6 7 9
18 20 19
22 0 25
9 12 10
16 18 8
19 21 10
6 8 1
4 5 8
13 14 25
19 19 8
20 22 21
4 6 3
15 16 5
3 6 3
10 12 9
7 9 7
1 4 20
22 22 10
0 2 14
22 0 14
5 9 4
6 9 6
17 17 14
9 9 9
10 12 23
5 6 3
5 6 1
8 11 22
9 11 17
15 16 1
9 10 8
10 13 3
2 3 30
9 13 16
1 1 27
12 14 25
11 12 25
0 2 11
23 1 14
20 21 5
6 7 11
7 9 13
20 22 9
15 17 20
4 6 5
18 21 13
0 1 20
0 1 4
21 23 14
7 10 22
9 12 6
18 20 13
0 3 22
1 3 10
8 11 12
21 23 27
12 14 19
3 6 29
2 5 24
13 15 21
7 8 2
10 11 10
20 22 1
12 15 3
10 12 8
19 22 15
13 15 25
5 7 2
3 4 6
12 12 11
12 14 13
15 17 24
5 7 12
7 10 30
21 23 14
16 18 10
5 8 24
4 6 21
0 1 22
3 4 9
3 5 15
14 16 21
7 10 22
6 9 28
20 22 30
18 19 30
23 0 25
17 20 23
23 2 3
4 6 6
10 11 19
7 11 14
8 11 4
22 0 3
15 18 14
2 5 28
13 16 10
13 15 26
23 4 18
11 11 21
6 9 17
10 14 20
6 8 23
1 3 28
1 5 8
11 13 27
17 18 15
1 3 9
7 8 5
14 16 17
16 18 30
1 2 3
5 8 20
3 5 13
14 17 30
1 2 25
13 14 1
0 1 24
10 13 23
8 10 15
18 20 3
11 12 21
12 14 15
16 17 27
18 20 29
1 2 22
23 1 1
3 7 24
21 0 30
0 1 28
18 20 8
14 17 20
17 19 19
2 5 8
14 16 20
15 18 2
12 14 3
21 22 20
20 21 21
10 12 15
5 6 29
2 4 3
8 11 13
7 10 14
1 2 8
10 14 11
15 15 28
5 9 18
10 14 20
23 0 27
10 12 11
12 13 17
15 18 28
19 22 14
6 8 16
8 9 29
18 19 19
10 12 30
18 21 7
10 11 30
12 15 23
21 23 11
21 23 9
3 6 18
13 14 9
15 18 15
21 22 5
12 14 22
23 1 21
1 2 24
8 10 3
9 10 7
13 16 15
15 17 30
16 20 24
6 8 18
21 23 12
4 6 7
19 22 4
12 13 14
19 21 30
0 2 16
18 20 8
11 14 26
0 1 22
6 9 22
19 23 4
19 22 8
11 12 10
18 22 20
23 1 1
0 3 25
9 11 18
3 4 5
19 21 13
4 6 24
11 15 5
19 20 2
18 21 15
11 12 1
22 1 26
19 22 19
10 11 23
3 6 27
3 6 16
0 2 14
14 16 12
7 7 26
23 1 30
21 22 29
13 15 13
7 10 28
2 4 7
16 20 7
6 8 2
0 1 27
20 22 2
10 12 11
1 2 2
15 17 17
4 6 5
8 10 8
20 21 24
22 0 13
12 15 26
13 15 8
5 8 6
21 23 21
15 15 23
4 6 14
4 6 23
15 18 7
17 20 10
8 11 22
15 16 14
18 20 5
6 6 11
8 11 2
13 15 11
19 23 20
19 21 25
14 15 22
15 17 20
11 14 6
15 16 12
6 7 3
13 15 15
14 17 20
14 18 1
10 12 11
8 10 7
4 6 16
10 12 6
21 22 19
17 19 17
16 18 12
20 23 17
3 3 26
1 4 3
16 18 9
20 21 2
21 23 26
11 12 18
10 12 28
19 21 29
10 12 22
11 12 13
17 20 21
5 8 28
14 17 5
5 5 26
4 7 11
19 21 9
2 3 13
5 6 21
0 1 11
9 11 5
20 23 6
23 1 25
6 7 1
19 19 4
1 4 28
5 7 1
9 11 28
19 22 18
3 6 5
13 16 5
17 19 6
23 3 20
20 22 16
8 8 17
16 17 15
22 23 19
2 5 16
10 14 17
8 10 22
14 16 19
8 11 29
20 20 16
6 8 16
21 22 2
14 16 13
13 16 23
4 6 26
18 20 26
8 10 15
12 14 5
8 10 10
10 12 2
2 5 23
7 9 22
19 21 23
2 3 10
6 9 26
15 17 2
23 2 25
10 11 17
15 17 24
9 12 6
2 3 16
13 14 2
5 6 7
10 13 1
8 12 6
16 18 19
13 16 3
22 23 28
0 0 7
22 1 7
19 21 6
8 9 16
2 4 20
21 23 15
20 22 26
4 4 18
14 16 7
16 18 5
3 6 2
22 1 17
4 5 29
3 6 1
5 7 8
9 11 10
3 6 21
1 3 15
6 7 27
2 6 20
2 4 20
9 11 3
12 15 9
15 17 6
22 22 4
22 0 14
7 7 27
16 18 30
3 5 14
16 17 2
11 14 28
6 7 22
20 23 5
22 1 18
6 9 4
0 2 17
4 7 11
14 15 9
12 13 9
17 20 9
9 11 23
22 0 6
21 23 22
19 22 19
10 11 16
4 6 3
20 0 11
2 6 8
3 5 8
3 5 6
10 11 13
11 13 6
8 11 12
2 4 13
5 5 1
16 18 16
19 22 25
10 11 9
12 13 21
3 4 18
15 18 22
11 13 1
12 15 9
23 1 18
1 1 29
5 6 29
15 17 9
16 18 7
11 11 22
8 10 9
4 6 10
22 0 29
20 20 26
0 2 13
15 16 21
8 9 28
5 8 3
8 10 3
19 20 22
9 10 9
11 13 18
23 2 9
3 5 7
5 6 5
2 4 30
8 9 4
21 23 23
13 12 8
3 4 7
8 11 30
22 2 24
7 9 25
0 4 26
0 1 17
13 14 30
22 1 19
6 8 26
16 18 6
23 1 16
4 6 28
18 21 9
15 16 25
4 8 4
20 22 1
12 13 14
21 23 2
8 9 27
15 18 12
8 9 18
5 7 22
7 8 23
23 1 15
22 23 17
11 13 7
9 10 29
5 6 4
3 4 27
4 5 7
23 1 4
11 14 28
9 12 7
18 19 14
19 21 24
16 18 5
19 20 28
10 12 12
1 3 18
20 21 28
6 8 8
14 15 21
18 22 1
19 20 24
15 18 2
4 5 17
23 1 23
21 22 14
18 20 3
20 22 23
15 17 24
7 8 16
8 10 15
18 22 9
20 21 4
10 12 7
4 7 12
14 17 9
20 22 4
17 19 2
1 2 23
15 18 27
17 20 24
11 13 6
10 13 15
5 6 3
11 13 9
11 14 1
0 1 10
5 6 14
3 3 11
18 21 7
1 2 29
7 8 8
8 10 3
18 20 23
2 5 6
5 8 14
14 17 15
8 9 26
19 21 1
16 20 11
4 6 21
16 18 12
22 2 19
13 15 6
23 2 7
10 11 30
17 20 13
2 3 27
5 8 30
21 23 4
15 15 2
12 14 28
21 21 30
6 9 2
13 16 12
6 8 22
0 0 10
14 15 20
5 7 17
2 5 28
12 14 2
23 4 23
14 16 17
18 21 22
12 14 7
10 12 16
16 18 19
4 5 9
14 17 2
6 8 2
15 17 26
9 11 21
2 5 13
23 0 2
3 4 30
10 12 23
14 15 7
9 11 9
19 23 12
10 13 25
3 6 9
17 19 7
2 4 16
13 15 6
22 23 22
9 11 20
12 13 10
4 7 15
18 20 23
17 16 16
20 22 2
19 21 7
3 4 10
17 19 19
0 3 26
11 12 10
13 15 20
0 1 19
1 2 18
4 7 28
12 15 25
10 11 19
16 20 14
10 11 6
10 13 1
2 3 10
14 16 7
3 5 17
8 10 26
2 4 13
7 11 18
8 12 15
8 12 1
22 0 15
0 1 8
23 1 25
14 17 5
10 12 1
4 5 10
15 18 1
11 11 5
5 8 11
2 4 15
2 4 7
7 10 21
12 13 25
18 20 4
12 15 24
15 18 16
19 22 14
16 18 16
19 21 26
0 2 8
20 23 19
1 4 19
20 23 21
1 4 22
9 12 16
18 21 13
9 10 10
18 20 1
19 20 18
8 8 13
8 10 28
23 2 1
15 17 15
18 20 14
4 4 4
12 13 4
11 12 25
13 14 9
1 4 23
13 15 17
22 1 30
23 3 15
2 4 12
9 12 9
14 14 27
20 23 21
14 16 8
12 15 10
