2840 30
19 18 6 9 4 22 6 13 10 29 29 16 4 13 22 17 20 27 4 17 27 11 17 9 17 15 16 22 27 10 
19 20 21
3 5 30
18 21 7
15 17 20
16 17 5
21 1 10
13 16 5
17 17 16
2 5 30
10 12 1
10 14 22
9 11 30
18 22 5
13 16 13
5 7 26
11 13 18
0 3 21
15 17 4
11 13 18
13 15 10
19 22 22
21 22 14
16 19 25
18 20 22
2 6 22
4 6 5
22 23 21
3 6 11
11 13 27
22 2 12
19 22 12
15 17 18
15 17 29
15 17 9
9 12 28
13 15 9
17 19 21
7 9 19
4 6 23
17 20 23
4 8 12
17 17 24
9 10 5
15 17 2
7 9 15
17 18 19
5 6 8
13 14 19
11 14 14
8 12 21
19 20 25
17 18 21
10 10 18
19 20 11
21 23 26
8 9 25
14 15 3
0 2 20
2 5 14
23 1 23
22 0 1
10 12 23
12 15 24
18 19 5
10 12 17
1 2 13
11 12 16
14 15 20
4 6 5
7 9 29
15 17 18
13 15 14
20 23 11
22 0 12
15 17 8
18 20 22
8 10 13
19 21 11
8 10 16
20 23 18
12 15 9
9 12 14
1 4 21
6 8 11
12 14 5
2 3 20
10 12 26
15 18 6
21 1 5
0 3 28
0 1 30
15 16 28
1 2 12
8 11 13
7 10 22
2 4 26
22 1 11
17 19 26
23 1 21
4 5 30
0 2 15
7 9 22
2 4 2
23 23 19
3 5 17
6 9 25
17 19 23
10 11 3
11 14 17
3 6 6
4 7 20
9 11 11
1 3 23
9 10 27
8 9 9
16 19 7
4 6 8
15 16 12
7 9 12
10 11 14
21 20 16
5 6 11
3 4 12
16 18 9
20 23 1
21 23 21
4 5 15
2 5 24
5 6 19
16 17 28
16 19 28
4 7 4
7 8 15
19 20 2
14 17 1
2 4 17
20 23 8
6 8 16
12 14 6
6 7 12
13 14 21
13 14 10
13 14 27
20 23 15
16 18 23
5 8 24
0 1 15
2 4 10
18 20 20
20 23 22
1 3 21
14 17 25
14 16 6
20 23 11
20 20 15
8 9 29
5 6 10
17 20 23
2 4 26
1 3 15
3 6 8
19 19 1
18 19 5
1 3 16
1 2 11
12 14 24
10 11 4
3 4 8
4 5 30
6 7 9
10 10 28
5 6 17
1 4 18
17 20 5
20 0 21
2 4 29
16 20 5
5 6 11
10 13 9
8 12 13
10 13 12
6 7 12
12 13 3
20 21 14
12 15 10
20 22 26
1 5 11
21 0 12
9 10 7
10 12 12
23 2 26
19 22 4
20 22 26
17 18 13
7 8 19
6 8 2
22 1 14
15 19 4
10 10 19
11 12 14
12 13 29
22 0 13
4 5 30
23 3 30
17 19 12
2 5 1
12 14 22
4 6 30
11 10 9
15 18 17
15 16 21
10 10 17
11 13 10
20 22 17
20 0 19
11 13 4
13 16 29
16 20 29
5 7 30
4 6 30
20 22 2
1 2 30
15 17 7
4 6 14
9 11 6
18 21 19
15 18 26
0 3 6
12 14 16
13 17 12
2 5 17
0 1 3
1 3 6
8 11 6
12 13 8
22 0 8
10 11 15
11 12 29
4 5 3
15 17 11
3 5 29
15 17 15
7 8 3
5 6 4
0 1 26
19 20 12
2 3 7
17 20 4
18 23 14
15 15 20
13 16 5
23 23 8
10 13 25
20 20 28
5 7 16
23 2 4
11 15 12
4 6 23
14 16 21
14 17 2
11 13 3
19 20 9
4 5 10
0 1 24
4 5 9
12 14 7
5 7 14
21 23 10
21 0 7
22 23 14
15 19 30
18 19 1
13 14 14
14 14 18
20 22 8
7 10 23
0 2 3
1 4 19
19 20 5
17 17 19
0 2 26
17 19 22
21 23 23
5 7 21
4 7 3
12 14 5
20 22 5
21 0 11
1 3 20
20 22 14
13 17 13
13 14 21
4 8 6
8 10 7
4 8 19
11 13 5
8 11 27
15 17 28
14 16 1
2 3 8
9 11 13
18 19 23
6 8 24
8 10 18
16 18 2
15 16 9
6 9 18
1 2 17
23 1 25
7 7 6
20 22 12
8 10 27
23 1 29
23 1 8
18 21 11
9 10 5
11 14 28
2 5 14
21 23 19
10 13 13
22 2 3
17 19 19
10 11 8
7 10 5
11 14 14
0 1 30
13 15 20
6 8 22
7 10 1
19 20 19
11 13 7
1 1 26
10 12 17
4 7 9
23 1 2
22 2 17
12 14 5
14 15 15
12 12 9
8 8 3
12 13 16
16 18 11
2 5 5
2 3 10
23 2 21
11 13 6
21 23 3
11 14 14
9 12 14
21 21 16
5 9 22
14 16 28
5 7 18
22 0 28
16 18 25
1 3 1
1 3 22
16 19 23
23 1 18
13 15 24
21 23 21
15 16 10
18 20 17
23 3 13
3 7 24
7 9 6
21 1 18
5 6 21
18 20 20
15 17 7
3 6 3
3 6 3
15 17 2
13 16 24
4 5 28
9 11 29
19 21 9
12 11 16
5 8 19
5 6 7
17 18 19
9 11 26
7 9 17
8 9 25
12 14 11
8 10 23
22 23 17
17 21 1
12 13 4
10 10 9
7 9 12
6 9 22
17 21 11
11 14 24
2 3 17
16 19 2
4 5 24
0 3 5
11 11 29
4 6 23
1 1 28
18 22 12
14 16 12
7 7 8
13 15 19
19 21 21
19 20 9
14 16 28
12 13 5
1 4 2
12 15 13
19 22 23
12 14 3
15 16 18
0 2 26
8 10 26
22 1 19
1 2 24
14 15 5
12 14 9
23 0 16
0 2 4
6 7 30
19 21 17
20 23 4
23 3 19
3 5 27
16 20 19
10 10 9
21 23 14
10 14 26
17 19 4
12 14 22
6 6 24
23 1 23
19 21 21
1 4 26
4 8 23
23 1 15
14 17 2
7 10 13
6 8 29
22 0 9
11 12 21
23 1 10
7 7 5
18 19 16
11 14 25
18 19 13
7 8 17
1 2 15
2 4 2
12 13 17
20 21 28
5 6 16
9 11 7
3 4 7
5 7 9
22 23 9
3 4 25
22 0 1
21 23 24
22 0 18
0 1 7
13 15 12
11 14 25
3 6 27
14 16 20
2 4 15
19 22 16
2 6 14
9 11 26
14 16 7
5 6 22
8 10 2
14 15 21
18 19 4
23 3 4
7 9 30
23 2 21
7 8 21
7 10 26
21 20 8
3 6 16
8 11 2
22 1 17
12 15 24
6 8 11
16 19 30
3 5 13
21 0 30
22 1 22
11 13 19
6 7 13
10 14 12
9 11 9
10 12 6
3 6 30
0 2 12
7 7 15
10 12 6
23 2 9
8 9 21
21 0 7
5 7 28
13 14 26
18 21 11
19 21 8
2 5 26
2 3 12
18 22 30
16 18 3
2 2 4
15 16 18
19 21 15
17 20 10
13 17 3
8 10 15
5 7 4
12 15 28
7 9 22
16 18 17
5 8 1
10 13 24
7 9 1
8 9 18
7 8 18
23 3 17
0 2 30
5 6 15
7 9 29
8 10 20
4 6 10
6 8 9
18 20 19
14 16 1
12 14 8
10 13 8
1 4 15
14 15 12
13 16 16
3 4 28
8 10 28
1 4 14
11 13 30
10 12 13
13 14 3
18 20 30
20 21 15
19 21 14
11 12 30
11 13 17
7 10 14
12 15 7
2 3 4
18 19 9
20 19 10
10 11 28
14 15 9
16 17 24
7 9 29
5 7 4
14 17 11
23 1 5
12 14 19
12 15 23
23 1 21
5 6 27
20 22 6
6 8 18
4 5 6
9 10 10
14 18 19
3 4 13
11 13 27
18 21 13
3 5 30
17 18 10
13 15 4
2 4 25
10 11 16
20 22 2
20 22 9
17 20 17
22 22 6
14 16 19
8 10 9
6 8 18
21 23 6
23 3 20
20 21 26
1 3 21
18 20 20
3 4 16
16 18 5
19 23 12
19 23 7
18 19 7
14 16 17
1 4 29
7 10 3
20 22 29
3 5 6
4 8 9
6 7 21
10 11 14
7 9 18
9 11 11
13 14 26
7 8 24
17 20 6
5 8 30
11 13 11
9 10 7
23 1 3
3 6 19
9 9 8
8 11 12
6 7 27
11 13 6
6 10 10
20 23 30
10 12 5
10 10 30
15 17 24
14 17 2
17 18 25
18 20 5
15 16 3
14 17 2
11 13 3
8 10 26
23 1 3
7 9 23
4 5 19
9 11 9
14 15 21
0 2 24
12 14 23
0 2 8
22 0 11
3 5 29
15 17 1
1 2 4
0 3 18
20 20 2
1 3 3
5 6 24
8 11 30
23 23 9
9 12 4
9 11 19
20 21 21
15 19 4
13 15 21
4 5 20
2 3 27
8 11 3
17 19 21
15 16 9
16 17 30
0 3 27
5 7 18
21 23 22
8 10 26
15 17 14
6 8 14
19 21 21
19 22 25
5 7 10
22 1 1
7 8 28
9 11 7
5 8 18
16 17 18
14 16 12
14 16 23
1 5 14
23 1 10
15 17 19
7 10 12
10 11 30
5 9 17
10 14 27
11 13 25
13 16 8
18 22 22
12 14 30
14 16 12
6 7 4
16 18 21
4 6 1
11 14 14
3 6 9
2 5 22
15 16 9
20 23 18
16 20 6
16 18 20
13 15 26
17 18 30
16 19 12
23 1 27
2 3 5
21 22 19
0 1 4
0 0 28
7 10 8
14 15 12
17 17 13
22 0 24
17 18 26
0 1 10
9 11 2
14 15 7
23 0 1
5 7 16
22 0 29
9 10 8
6 7 28
20 22 12
8 11 29
15 16 21
13 16 24
22 0 12
17 19 1
12 14 2
1 4 25
22 23 28
16 19 18
23 2 30
0 3 10
20 21 22
18 18 14
23 3 27
23 1 11
2 3 15
12 13 4
10 12 25
7 8 7
22 23 8
5 9 8
16 19 3
12 13 27
13 17 22
19 22 21
10 13 2
6 9 19
8 11 15
11 13 3
6 8 8
19 20 21
13 15 4
2 3 28
19 22 13
4 7 9
3 6 29
19 20 3
7 9 22
3 5 1
22 0 30
1 3 1
6 10 28
12 15 14
19 21 20
12 14 25
11 13 2
19 22 29
9 11 28
2 3 17
13 13 20
20 22 26
17 18 28
9 11 20
21 22 26
13 15 28
2 4 15
16 17 6
6 9 20
8 11 8
22 0 20
19 21 17
0 1 28
3 6 17
6 8 6
14 15 3
8 10 19
4 4 15
21 22 27
1 4 5
15 18 4
4 4 19
22 0 25
2 4 9
23 2 4
15 15 28
1 3 4
2 4 28
19 19 19
16 18 22
19 21 30
19 21 9
15 16 18
3 6 2
13 15 17
23 0 16
5 8 30
16 17 1
7 11 19
9 12 26
9 11 11
21 23 17
12 14 11
19 20 12
6 9 13
11 11 27
0 1 24
14 16 1
6 9 30
15 17 28
23 0 19
15 17 4
22 0 20
12 13 4
6 6 27
18 21 4
17 18 8
9 9 3
23 1 29
16 20 16
14 17 21
20 23 30
16 19 11
19 21 1
5 7 3
17 18 19
4 7 16
22 22 28
11 14 1
1 4 20
6 7 23
16 20 21
17 20 27
16 20 19
13 15 1
3 6 16
9 10 20
11 13 7
8 11 3
0 2 14
5 7 20
17 20 13
14 16 9
7 8 16
23 1 18
11 13 9
16 20 7
19 22 15
23 0 9
11 14 17
2 4 10
4 6 27
22 1 3
9 10 15
2 4 9
22 0 19
10 14 4
17 20 9
18 20 6
15 17 29
12 13 18
18 20 3
16 19 23
21 21 11
1 4 18
11 14 29
3 5 12
21 0 26
17 20 7
21 23 6
6 8 14
3 4 5
10 13 3
4 7 17
10 11 21
22 23 15
11 12 11
20 20 17
13 17 11
23 3 12
16 20 2
20 22 14
15 17 18
19 22 20
0 3 23
6 8 21
2 3 10
3 5 26
1 3 17
1 3 25
9 10 1
16 17 17
13 15 25
2 4 30
0 2 1
4 7 15
17 20 22
1 2 28
2 4 29
9 11 17
16 19 27
2 3 30
11 14 13
22 0 22
16 18 5
9 11 22
0 2 6
15 17 10
1 3 6
6 8 22
2 3 17
6 9 6
4 8 21
19 22 19
7 11 20
17 21 4
23 1 18
14 17 13
12 13 2
21 0 8
21 21 28
1 4 22
2 5 2
5 9 21
23 2 11
14 17 13
18 21 21
7 8 6
2 3 11
23 2 9
15 16 2
2 4 14
19 22 18
4 5 17
22 0 3
10 13 2
23 1 6
11 12 14
18 19 5
15 17 9
10 13 1
1 3 3
10 13 30
14 18 14
20 21 16
9 11 13
14 16 11
18 20 13
15 17 23
11 11 5
11 13 9
5 6 28
9 12 4
9 12 16
7 9 7
8 9 2
23 2 6
13 15 17
17 21 20
21 0 30
2 6 11
23 0 25
17 18 8
11 15 21
20 22 9
16 18 4
19 20 16
13 13 15
18 21 6
14 15 23
10 11 16
17 21 1
18 21 8
10 11 11
14 16 13
9 13 7
23 1 30
17 19 3
19 22 20
9 12 2
1 4 1
0 0 8
5 8 19
3 5 7
2 3 19
16 18 22
19 21 3
21 23 18
7 9 1
0 3 17
19 20 19
0 4 28
8 9 15
3 6 16
17 20 10
20 22 10
10 11 21
21 23 9
5 7 1
2 5 4
13 13 9
19 22 17
4 7 12
20 0 30
4 4 24
4 8 28
21 23 16
1 4 22
10 10 2
1 4 22
4 6 18
7 8 22
5 8 26
15 16 8
1 3 1
21 22 24
5 7 8
19 21 11
6 8 29
22 0 29
12 13 25
23 2 20
5 9 10
1 4 13
1 4 25
7 9 15
23 23 1
4 5 1
21 23 16
4 5 17
17 18 24
1 2 14
9 13 6
2 3 2
21 22 24
21 23 20
5 8 3
9 10 24
10 13 18
8 11 23
20 22 11
10 11 6
22 23 5
22 1 27
0 2 25
2 4 27
21 21 9
10 14 13
12 14 28
7 8 23
2 3 14
3 4 29
18 20 21
10 11 25
4 7 10
4 7 13
14 17 18
18 20 8
0 1 6
19 20 4
11 13 28
17 19 27
14 16 16
8 9 26
18 20 29
17 18 22
23 1 5
18 21 30
5 8 30
6 9 13
23 3 20
9 11 1
5 7 18
1 4 17
3 4 12
20 23 8
20 22 8
20 21 3
21 1 7
14 16 17
13 16 12
17 19 5
20 22 26
21 0 15
22 1 16
1 3 4
12 15 28
2 4 14
3 4 21
9 11 29
20 19 10
4 7 18
4 8 30
16 18 18
9 12 27
14 14 9
1 1 15
23 1 13
1 3 14
9 11 28
4 7 7
8 9 2
8 11 12
10 13 21
16 18 2
13 14 12
1 1 1
17 21 22
18 17 19
8 9 25
23 0 9
8 10 4
12 16 13
20 23 17
10 12 18
9 11 4
21 22 7
6 9 9
21 0 4
2 5 28
19 21 15
18 18 26
6 9 14
9 11 22
5 8 25
0 4 22
19 22 11
9 11 1
0 2 17
6 10 8
17 19 12
11 16 10
20 22 30
18 19 11
17 18 1
14 16 5
18 21 15
8 12 8
2 4 13
7 9 21
3 6 2
17 19 28
4 7 2
14 16 5
1 5 23
2 4 18
8 10 23
21 0 15
9 12 8
10 11 13
22 0 11
5 6 18
4 6 9
11 14 14
9 11 21
2 4 2
2 4 24
22 1 13
23 1 11
1 3 8
20 20 3
13 14 6
13 15 30
5 7 26
23 0 16
21 22 12
1 3 24
13 14 28
10 12 19
5 7 25
13 15 17
18 21 15
18 18 3
2 4 30
14 16 28
4 6 22
1 3 27
22 1 17
16 18 9
21 22 10
17 18 30
22 0 19
15 17 22
1 2 19
15 16 30
3 5 2
6 8 30
3 4 5
20 22 13
17 18 18
7 8 20
20 21 10
14 16 10
20 23 29
10 13 6
21 21 17
14 14 16
11 13 2
13 15 2
8 11 27
8 10 10
8 9 29
17 20 7
0 3 2
17 18 11
14 16 19
2 6 16
17 19 27
18 19 18
4 5 18
22 23 2
10 12 16
12 11 18
14 16 14
7 8 5
9 11 29
19 20 23
15 18 20
4 5 13
9 10 15
14 18 3
11 13 28
1 3 21
22 0 25
4 5 12
15 18 8
11 14 11
18 22 30
20 22 3
18 19 15
18 21 14
12 14 26
11 15 10
9 10 5
17 20 13
5 5 27
8 12 19
12 15 21
8 10 17
19 22 16
13 14 5
2 4 1
5 7 25
6 8 6
12 15 20
8 10 19
22 23 26
0 1 19
1 2 22
7 9 25
15 16 25
0 3 14
22 0 3
23 0 24
20 22 5
11 11 26
9 10 15
19 21 5
5 8 21
11 12 20
22 23 6
6 9 7
7 10 21
20 22 12
18 20 8
1 4 22
20 23 12
0 2 1
14 15 15
16 18 2
15 19 23
1 2 21
11 13 19
16 18 18
16 19 17
7 9 7
16 17 2
21 22 15
17 19 12
19 22 6
8 10 9
17 18 12
1 3 21
20 23 1
16 19 24
11 12 23
0 1 14
1 3 23
23 0 6
17 18 23
13 16 20
22 22 30
7 9 23
2 2 14
4 5 16
13 16 8
19 19 10
18 21 17
17 20 20
1 4 24
23 2 1
15 16 25
11 12 21
23 2 28
11 15 13
10 11 21
14 16 23
18 21 30
7 10 9
21 0 15
9 11 24
5 8 30
3 3 6
0 1 1
2 4 17
5 7 23
12 15 7
16 17 29
13 15 18
7 10 14
23 1 28
4 7 15
2 4 3
8 9 15
16 18 23
13 14 19
14 17 19
0 3 29
12 15 24
1 4 22
19 22 26
7 8 29
6 10 14
9 10 25
13 15 26
14 16 4
17 20 8
0 3 5
9 10 10
9 10 27
17 20 15
14 17 2
15 17 17
12 15 6
8 10 22
10 13 30
17 20 15
8 10 10
19 22 3
20 21 14
16 17 22
17 21 7
8 11 24
6 10 25
23 1 4
2 4 17
18 18 14
21 0 22
4 6 21
16 19 29
9 12 19
16 19 20
23 1 18
10 12 22
21 23 25
0 2 14
3 5 23
1 4 12
0 2 6
13 17 27
18 19 11
21 23 8
19 21 12
17 20 19
17 18 4
21 22 15
23 1 17
12 13 18
22 0 29
0 1 7
2 6 26
1 4 25
20 21 21
16 16 13
1 2 9
6 9 13
2 3 19
21 23 3
10 12 26
15 18 1
13 16 24
3 7 19
2 3 28
2 4 15
9 12 7
22 23 14
21 1 28
5 5 5
4 7 3
14 16 26
6 7 29
21 0 9
6 8 19
0 1 25
6 7 22
16 18 24
15 17 25
2 5 14
14 14 2
18 19 8
21 22 20
16 17 2
20 23 13
18 20 28
2 4 25
20 21 9
7 9 24
17 18 25
10 13 19
20 23 25
10 11 17
15 16 24
18 20 21
4 3 4
11 12 8
19 21 4
5 6 16
7 10 30
11 12 14
6 7 27
23 3 18
21 22 2
14 15 16
21 23 16
18 20 4
23 1 18
11 13 8
6 9 9
15 16 17
8 10 29
21 23 1
0 1 8
13 14 30
19 22 21
21 23 22
20 23 30
6 8 28
14 16 20
0 3 11
12 14 29
2 6 17
1 2 15
15 18 28
6 10 1
14 17 8
10 12 11
5 8 20
18 20 13
13 17 15
1 3 10
3 5 4
22 1 4
12 14 4
8 10 26
17 21 23
20 23 11
12 13 23
15 15 9
13 16 12
20 0 3
21 0 9
15 18 11
13 15 4
23 0 8
4 5 9
12 16 18
9 8 17
22 23 8
14 18 25
16 20 5
12 15 15
22 23 22
14 15 3
22 23 8
18 19 3
7 10 28
9 10 22
11 12 4
10 11 17
18 19 27
13 12 16
17 19 28
3 5 16
17 21 4
8 11 18
15 16 8
13 15 22
8 10 16
16 17 17
8 11 23
11 15 18
8 9 24
1 4 22
5 6 25
18 20 23
12 15 20
15 18 16
17 20 19
13 15 2
20 23 14
9 10 10
9 10 20
19 20 12
13 15 3
4 4 16
5 6 4
12 15 17
11 13 16
5 7 21
12 14 8
10 12 9
11 12 24
13 17 17
22 1 13
7 6 3
20 22 23
8 13 25
3 4 29
21 0 17
11 14 25
9 10 27
13 16 21
0 3 29
10 11 16
20 21 14
10 13 27
13 14 30
21 22 19
10 12 20
15 16 10
18 19 23
17 20 23
14 17 13
0 2 10
21 23 17
22 1 13
2 3 15
17 19 14
7 7 23
14 16 10
6 8 24
18 20 10
1 3 27
17 19 29
19 22 19
11 12 3
5 7 9
23 0 3
20 22 2
18 17 24
17 19 24
0 3 9
23 2 13
2 4 11
4 5 5
21 22 17
23 0 27
14 16 7
20 21 29
5 7 20
2 4 21
2 4 26
10 13 15
10 13 12
14 16 30
6 7 2
22 23 1
5 9 1
12 13 7
11 13 14
11 12 30
9 11 10
3 7 9
10 13 4
6 8 17
6 7 20
21 23 18
18 20 9
5 6 18
19 21 26
10 12 19
13 16 15
1 3 2
7 9 23
14 14 23
10 12 2
18 20 26
16 18 16
10 11 1
0 2 2
3 5 15
4 6 5
22 1 1
23 2 15
5 10 19
23 1 7
2 4 26
7 9 15
5 5 30
7 7 14
15 18 16
23 0 29
16 17 19
5 8 5
5 6 5
1 3 20
2 5 18
7 9 16
13 15 2
14 15 4
0 0 22
10 12 26
0 2 11
22 23 4
12 15 10
6 9 17
17 19 6
6 9 16
3 6 21
15 16 15
20 23 20
5 6 29
21 1 4
0 2 13
14 16 14
16 19 5
15 18 30
11 13 5
13 15 21
14 15 17
20 22 1
15 17 26
5 6 6
12 14 12
12 15 21
16 19 20
12 13 6
12 14 23
5 7 22
11 14 9
14 16 14
21 23 22
21 23 1
3 3 6
2 4 25
4 6 18
22 1 7
6 7 12
10 13 20
20 21 3
21 0 24
19 22 4
0 2 18
16 18 5
1 3 14
8 10 25
3 5 1
9 11 13
8 10 5
18 21 30
13 13 23
23 0 25
4 7 18
10 12 30
15 16 26
2 3 1
19 21 8
6 9 25
10 12 25
12 13 30
16 19 24
9 11 2
20 22 4
23 3 13
7 9 17
19 20 14
17 19 18
2 6 11
23 0 13
17 18 4
2 4 23
3 6 10
18 19 20
23 0 23
22 23 12
0 -1 2
7 8 23
18 20 5
7 9 10
22 1 13
5 6 20
21 23 14
23 0 3
5 7 4
5 6 27
10 12 18
18 18 3
15 17 12
14 17 27
16 17 20
17 18 13
21 22 9
0 1 13
12 15 16
15 18 7
12 14 29
11 14 19
20 22 4
10 13 16
19 19 21
22 23 16
16 19 18
5 7 1
3 4 22
0 2 4
8 11 19
0 0 21
12 15 10
16 17 16
10 11 13
13 15 18
3 7 21
17 17 15
18 19 28
11 11 19
22 0 26
7 8 15
22 23 17
6 6 17
4 7 15
6 7 7
16 17 17
7 9 18
15 15 12
23 2 27
10 13 8
18 19 12
13 14 3
11 11 11
10 14 27
14 17 2
2 5 15
0 1 28
8 9 28
14 17 21
20 23 3
10 10 13
3 6 2
4 7 23
18 20 19
1 2 19
7 10 2
15 18 21
3 6 14
21 23 28
2 3 10
12 13 17
11 12 7
21 23 13
9 12 3
9 11 30
14 16 2
15 17 29
19 22 25
13 16 26
1 3 15
12 13 24
13 15 6
14 16 21
9 12 1
23 4 22
2 4 11
9 11 23
15 15 18
17 19 15
6 5 10
21 22 21
17 19 16
11 11 10
17 21 10
8 10 17
18 21 11
19 22 15
7 9 22
13 16 14
23 1 19
7 8 15
23 1 21
8 9 17
9 10 26
0 4 23
4 6 14
19 21 24
8 11 28
8 9 13
16 18 18
18 20 1
4 8 1
18 20 10
21 23 28
1 2 28
21 23 29
12 14 15
2 3 15
14 16 2
10 13 8
20 20 11
14 16 28
3 4 26
9 13 23
21 0 13
17 19 8
14 16 18
1 3 2
23 2 12
8 11 22
14 16 2
19 21 21
2 4 25
8 12 15
10 12 30
18 20 10
20 0 26
6 8 18
20 23 22
16 19 10
21 23 16
4 7 3
23 2 11
12 13 1
5 8 29
3 4 21
12 14 16
7 8 22
13 15 27
3 6 30
18 20 11
6 8 2
15 17 22
9 9 25
9 10 24
22 0 12
12 15 16
9 11 1
23 1 10
21 0 14
7 9 18
5 8 8
0 2 11
8 12 12
6 8 14
0 2 22
11 14 16
19 20 5
0 2 12
5 7 12
9 10 28
2 4 7
22 0 27
10 11 13
8 10 6
15 16 3
16 16 8
10 13 11
6 8 4
2 4 17
1 2 17
18 19 7
15 15 22
4 7 24
19 21 13
2 4 22
9 11 23
6 6 15
9 10 8
4 7 23
17 20 1
19 21 27
23 3 2
8 11 19
18 20 12
18 19 15
4 6 20
20 22 23
15 17 12
2 4 27
20 22 22
17 19 30
13 14 20
19 20 6
17 20 8
21 1 19
14 17 8
11 12 8
23 0 6
9 10 4
13 16 9
14 15 29
16 17 20
11 12 10
6 9 7
7 11 25
23 1 11
3 5 9
6 8 9
6 6 5
3 4 11
10 9 3
12 15 24
23 1 15
13 15 6
17 19 10
18 19 3
13 15 21
1 4 12
18 20 13
3 5 26
21 0 14
4 5 8
19 20 10
14 18 14
11 10 14
2 3 29
16 17 25
20 22 22
22 1 8
4 6 25
15 16 29
0 2 15
6 7 15
7 9 17
12 13 19
22 2 17
22 0 9
6 7 10
15 18 19
21 22 7
15 17 6
14 16 2
3 6 13
5 8 8
19 20 10
6 7 1
22 1 12
10 12 25
10 12 24
6 7 4
19 20 24
20 20 28
17 16 9
11 13 28
22 1 25
10 12 12
5 8 2
5 7 28
18 20 14
0 2 6
2 7 6
13 14 2
18 22 2
23 4 5
22 0 27
22 23 1
5 9 20
22 0 5
8 10 10
18 20 9
18 18 12
8 10 19
22 1 15
22 23 9
16 19 10
0 1 12
0 3 28
21 23 9
13 16 27
14 15 12
13 15 18
22 1 9
8 11 19
8 10 1
0 0 6
19 21 23
0 2 30
2 5 30
6 7 7
23 2 11
1 4 23
12 13 28
8 11 4
4 5 11
19 20 25
13 14 30
4 6 26
9 10 13
5 8 21
20 21 23
4 6 15
1 2 11
8 11 6
3 6 22
12 14 7
20 22 30
12 16 11
23 1 3
8 10 30
16 19 28
7 8 17
12 15 8
7 8 12
2 4 9
20 0 13
22 0 3
22 0 28
1 2 25
6 8 2
20 0 30
13 15 1
0 2 18
4 6 6
12 13 29
1 5 17
16 17 10
17 19 6
9 12 12
4 6 28
22 2 2
0 1 10
22 23 23
4 5 22
0 2 1
22 1 18
17 18 3
11 12 27
0 2 30
19 21 22
0 1 23
2 3 2
19 21 25
3 4 5
2 4 8
1 3 25
19 21 20
12 14 2
2 3 23
18 19 9
12 14 3
15 16 7
8 8 10
13 16 9
11 12 8
8 9 9
4 7 17
10 14 26
6 10 18
21 22 4
4 7 6
0 1 6
4 5 2
17 19 26
22 23 20
21 23 10
7 8 4
0 1 7
10 14 5
22 23 23
8 11 9
17 21 22
17 18 22
23 1 1
15 17 8
9 10 20
6 8 17
0 0 15
2 3 10
22 1 15
11 13 25
1 3 23
15 16 1
6 7 26
23 1 11
19 19 9
3 3 18
21 23 7
5 7 3
2 5 28
21 0 23
22 23 22
0 2 7
4 7 22
8 9 16
16 19 21
2 3 6
15 17 24
4 6 26
14 15 5
11 12 4
9 12 2
0 1 7
21 20 4
11 13 6
11 13 16
3 5 6
18 20 24
20 23 30
9 11 21
2 4 20
1 3 14
21 23 27
8 10 19
1 1 7
7 9 7
7 8 2
5 7 18
1 3 9
15 16 8
8 10 16
21 23 25
13 15 1
22 1 12
13 17 22
20 21 21
8 10 2
15 17 12
22 23 15
3 4 25
23 1 28
10 11 11
14 15 2
21 1 3
11 12 13
1 2 12
14 14 3
9 12 7
7 8 10
1 3 12
8 8 16
1 2 23
23 0 2
7 8 21
5 7 25
16 17 30
11 12 1
14 16 3
0 4 25
16 18 27
17 19 15
8 10 29
6 10 14
5 7 21
3 4 4
13 16 15
16 17 20
12 17 18
8 11 4
5 7 14
1 2 25
9 9 13
8 11 14
14 16 10
16 18 10
22 1 26
22 0 20
21 0 17
13 15 13
20 22 21
1 5 5
4 6 26
17 20 6
4 8 24
16 20 22
9 11 20
19 21 27
7 8 16
15 16 15
9 11 7
0 4 12
10 11 9
6 8 4
3 5 14
0 1 24
7 9 24
4 6 23
3 5 17
19 21 29
5 6 11
5 7 29
9 12 9
7 9 13
14 15 2
15 16 25
23 0 18
18 19 3
3 5 23
17 19 2
17 19 21
23 1 29
4 6 3
1 1 18
0 1 13
22 1 5
6 9 24
12 13 5
11 13 3
12 15 15
13 14 27
21 23 9
15 19 18
4 7 12
6 8 13
9 11 3
10 13 29
20 22 9
22 23 2
7 10 20
2 5 26
4 8 9
10 12 3
9 10 22
20 22 19
18 18 13
19 20 30
18 23 26
17 20 24
10 11 15
7 10 27
3 4 19
12 13 25
6 9 12
3 6 7
22 2 18
17 20 13
2 3 24
18 20 19
11 11 17
11 14 10
12 14 29
17 19 16
15 16 22
13 16 25
7 8 14
11 12 30
15 18 16
3 5 25
15 17 11
17 18 30
17 20 22
9 11 14
17 20 17
4 7 4
12 14 17
14 16 25
21 21 20
0 3 28
10 11 1
3 5 9
13 15 20
17 19 24
16 16 16
6 9 10
8 10 26
2 5 15
18 18 27
13 15 18
3 7 24
14 17 1
13 15 15
19 22 4
18 21 25
14 18 7
21 0 19
22 23 26
15 17 3
13 13 18
14 17 8
2 4 22
20 22 19
10 11 29
5 6 28
8 9 11
9 11 6
2 3 21
20 21 9
4 4 16
16 18 12
18 18 17
16 17 5
6 8 4
18 20 22
2 5 1
20 22 3
16 19 21
20 0 14
18 18 6
20 21 5
10 12 10
15 19 24
19 20 15
6 7 22
7 11 9
21 1 5
2 4 2
5 7 10
10 12 1
12 13 29
20 21 23
11 13 14
13 16 8
4 6 22
20 21 19
8 11 5
14 15 29
13 15 1
21 22 22
22 23 26
13 16 20
17 19 27
4 6 21
9 9 18
5 6 20
6 9 9
0 2 20
15 16 21
23 3 8
14 14 10
22 0 13
20 23 2
12 13 27
9 10 5
16 17 12
17 20 5
10 14 20
6 10 12
21 23 3
12 14 23
9 11 15
17 21 18
5 7 23
20 21 24
1 3 12
3 5 13
7 10 12
22 1 8
22 0 13
3 5 10
21 22 20
19 22 11
15 18 18
11 13 20
18 20 21
5 7 7
7 10 30
17 18 6
21 0 2
8 10 25
11 12 27
13 16 23
13 14 22
21 22 29
6 6 20
21 0 12
19 21 1
0 1 14
5 5 14
0 2 26
18 18 2
21 23 15
16 18 29
12 15 16
16 16 13
11 13 10
12 13 15
2 4 24
18 20 20
12 14 19
11 13 29
12 15 3
9 10 2
11 14 15
20 21 13
23 1 19
11 14 13
12 13 2
3 7 18
5 6 27
16 18 24
17 19 12
1 3 19
11 12 1
15 15 2
20 23 17
11 14 26
9 11 25
9 12 16
7 8 20
16 17 10
13 14 6
19 22 8
23 1 6
17 20 14
7 8 24
23 2 15
17 19 28
7 9 2
0 3 15
21 22 6
9 10 5
13 15 11
20 22 12
18 21 11
12 14 16
13 14 2
22 0 25
12 15 20
13 13 2
18 20 1
18 19 3
8 9 26
17 19 22
11 12 12
5 8 16
11 13 8
0 2 5
15 16 30
13 15 7
2 3 10
14 15 9
22 0 10
10 9 7
6 7 5
22 0 23
10 11 10
14 15 28
3 4 28
16 15 25
17 17 13
7 10 5
11 15 10
20 23 17
14 16 6
7 8 25
13 15 5
5 7 1
17 21 17
22 0 8
19 20 27
5 7 20
7 10 15
20 22 18
7 7 23
9 12 17
4 5 2
13 14 2
21 22 23
2 4 15
7 9 1
14 17 18
23 2 19
0 2 8
19 20 28
23 2 4
13 16 7
2 5 8
7 9 21
22 0 26
22 0 11
7 8 21
3 5 7
16 19 16
7 8 13
14 17 20
2 7 21
14 16 7
19 21 3
4 7 27
10 12 2
19 21 6
21 23 19
19 19 25
0 4 18
13 15 11
3 5 12
23 23 17
10 11 8
6 7 22
2 5 6
6 8 18
11 12 15
12 13 22
13 14 20
16 17 1
5 6 13
21 23 26
3 5 10
2 4 4
1 5 6
23 0 12
5 7 28
11 11 15
21 0 19
5 7 7
5 6 17
4 6 4
18 18 25
16 18 13
16 18 20
18 19 18
11 13 6
2 4 28
22 1 24
20 22 4
4 5 12
12 13 4
20 22 6
13 15 7
18 20 30
5 7 12
12 12 16
17 19 17
23 2 29
15 16 18
20 0 17
12 13 1
20 23 14
18 22 25
16 19 10
10 12 12
11 12 26
20 22 9
6 8 15
10 13 25
9 11 30
21 23 24
16 16 25
14 16 14
22 0 1
17 19 8
20 23 20
4 8 10
16 17 18
13 13 25
5 6 20
9 11 22
1 4 23
6 8 21
15 16 14
15 19 25
2 4 6
5 8 26
2 4 13
8 9 13
17 17 5
1 5 26
12 14 21
2 4 1
9 11 11
5 6 16
0 2 18
15 18 20
12 16 14
18 23 10
12 13 10
17 18 19
9 12 13
16 17 21
8 9 30
7 7 5
14 16 21
4 6 21
7 8 7
22 23 29
16 19 8
9 10 20
15 17 5
13 15 14
21 22 20
19 20 18
1 3 3
6 6 9
17 19 24
21 21 1
8 12 19
7 8 16
19 20 23
20 22 18
0 2 11
19 21 25
17 19 26
1 4 7
21 0 24
9 10 27
22 0 12
9 12 27
21 22 18
5 8 7
21 22 7
21 1 28
8 9 6
22 1 23
12 15 1
7 10 25
6 7 20
2 2 12
7 8 10
20 21 13
14 17 29
3 5 22
19 20 29
14 17 2
7 8 22
4 6 22
18 20 9
16 17 5
23 1 8
15 18 12
9 11 30
11 13 14
2 4 12
17 20 27
12 13 10
13 15 30
22 1 17
19 22 26
22 1 4
18 21 8
12 16 17
3 6 17
10 13 27
19 22 3
16 18 17
20 0 12
20 22 3
13 16 20
16 19 20
3 6 1
6 8 7
21 22 14
17 21 12
9 13 16
23 3 18
13 15 19
17 18 16
16 17 23
13 14 30
10 10 11
12 14 18
18 19 10
10 14 7
12 15 8
11 13 2
19 21 8
3 6 3
11 14 9
22 23 25
11 14 15
2 4 30
19 20 25
22 22 8
11 12 15
14 16 4
18 20 29
20 23 9
15 15 7
13 15 21
17 19 9
11 13 24
17 19 15
23 0 5
22 0 30
9 10 20
3 6 1
4 4 30
12 15 12
9 10 9
18 19 5
4 6 11
8 9 24
22 2 15
11 13 6
16 17 17
21 0 1
11 14 25
12 13 25
22 22 23
11 12 21
11 11 8
5 8 26
14 18 23
9 11 23
3 5 19
11 14 7
19 22 14
22 1 1
15 18 19
1 3 20
9 9 6
9 9 24
11 12 4
21 1 29
14 15 20
1 2 10
18 18 5
6 8 7
8 10 16
15 18 26
6 8 4
21 23 17
4 6 25
8 7 17
14 16 24
23 1 19
11 11 25
1 4 22
21 23 10
3 5 5
11 11 1
6 9 11
13 16 22
8 9 9
19 21 17
13 13 20
11 15 22
18 19 22
1 3 29
13 15 18
18 20 11
9 12 2
15 15 5
18 21 22
15 17 18
17 19 27
12 13 2
13 17 10
7 9 9
11 12 19
1 3 26
10 13 1
12 14 26
0 2 29
3 5 4
6 9 9
14 16 20
16 17 18
12 15 3
19 21 30
6 8 10
15 16 17
16 20 26
5 8 22
9 11 14
19 21 19
19 20 22
2 4 27
21 0 27
5 6 18
18 19 27
14 17 30
1 3 17
16 17 12
6 8 29
18 22 28
4 6 12
18 19 8
22 0 27
5 8 6
0 2 18
1 4 18
21 0 24
0 3 30
20 22 26
10 13 30
11 12 3
14 18 10
18 19 5
8 9 29
0 4 5
5 7 14
3 6 29
22 0 18
16 17 18
14 15 3
8 12 5
14 17 16
13 17 15
18 19 2
12 15 10
8 10 13
12 13 13
12 14 15
21 23 9
8 9 14
14 16 13
6 8 7
1 3 28
23 3 10
2 5 12
21 22 17
5 7 10
10 12 12
13 16 6
10 11 9
13 18 29
6 8 14
17 18 6
21 0 29
20 21 10
6 8 3
11 13 9
1 3 5
3 5 19
13 15 22
9 12 4
2 2 7
0 2 23
3 4 9
16 17 2
9 10 7
7 8 18
16 18 15
22 23 21
