2920 30
29 5 28 21 26 30 7 23 2 29 30 25 15 5 19 29 7 7 21 2 24 18 7 9 9 19 4 27 16 20 
7 9 16
8 9 26
12 13 20
0 3 9
11 14 6
22 23 13
12 14 13
3 5 18
6 8 16
16 16 1
18 19 28
15 17 4
2 4 17
3 7 29
18 19 14
10 11 21
12 14 13
4 5 18
8 9 23
9 13 30
5 6 8
6 9 8
3 5 26
20 20 17
5 6 17
22 23 6
3 5 20
16 18 23
2 3 23
12 14 23
19 22 3
23 0 14
4 8 5
12 15 16
9 11 19
5 7 27
16 19 21
11 13 27
10 11 18
19 20 26
10 11 21
6 8 3
17 21 22
11 12 21
23 0 6
9 11 27
14 15 21
10 11 14
12 15 20
13 14 14
10 12 9
22 0 17
7 10 13
22 23 6
16 19 2
22 23 26
23 1 9
18 18 12
22 0 18
1 3 20
20 22 14
22 23 29
7 10 17
1 2 5
9 11 15
20 21 19
15 18 18
10 11 18
4 5 11
0 3 16
4 8 14
21 23 20
16 17 10
16 18 21
21 20 4
22 23 24
22 23 11
14 17 24
23 1 17
6 7 20
4 5 18
11 13 3
20 23 15
19 22 5
4 6 16
4 8 17
17 20 6
10 11 22
4 8 13
3 5 30
22 0 9
17 19 14
3 4 7
8 11 1
13 17 5
16 20 18
1 2 4
18 21 15
6 6 8
5 8 18
8 10 3
9 9 11
8 10 5
17 18 23
21 22 17
17 20 19
12 12 28
8 13 25
8 11 2
9 11 10
6 10 11
6 9 13
6 9 9
10 12 4
14 15 1
0 0 13
18 21 21
10 12 16
12 16 30
13 15 27
14 17 8
3 4 12
20 22 25
8 8 6
16 20 26
12 12 27
23 0 4
11 13 7
23 2 5
1 4 1
10 10 13
4 5 7
13 15 22
0 2 24
21 23 18
22 22 26
7 8 15
12 13 8
10 12 12
2 3 17
19 22 25
7 10 5
19 19 5
7 7 20
17 18 18
7 10 3
23 2 5
4 5 20
8 10 10
12 14 5
8 9 17
3 3 2
9 11 12
7 10 3
0 2 23
5 7 12
2 3 13
13 14 30
18 20 11
22 1 25
2 3 22
2 4 1
11 12 25
6 7 14
11 14 24
4 6 16
12 17 2
22 23 13
20 21 27
1 2 6
9 12 14
13 15 1
19 21 8
7 9 4
5 6 7
11 11 19
6 8 25
10 12 1
1 4 23
23 0 9
20 22 22
0 3 29
20 22 27
9 11 6
13 17 20
0 1 12
10 13 18
0 3 25
7 9 19
16 18 22
13 17 24
7 8 9
12 14 24
0 3 18
19 20 7
18 19 24
8 10 3
15 17 30
11 13 15
5 7 1
16 19 2
13 16 12
6 8 10
16 19 27
11 13 1
18 20 19
23 0 7
21 1 5
18 18 18
15 19 1
12 14 24
12 14 15
14 15 7
20 23 7
23 2 27
4 7 4
22 1 5
6 8 1
18 18 3
22 0 17
23 2 23
23 1 16
21 0 14
4 5 7
11 12 30
21 21 24
16 19 25
9 10 13
15 18 11
18 21 6
22 0 10
16 17 16
6 9 6
11 13 11
11 12 14
0 0 13
13 13 3
18 19 19
12 13 7
20 23 1
23 23 14
14 18 3
4 6 15
0 1 11
12 14 20
16 17 1
2 4 27
2 4 2
13 14 26
12 12 17
22 23 7
15 16 5
21 22 3
8 10 27
18 20 29
5 8 4
6 9 26
5 7 7
2 3 13
0 1 19
11 13 8
7 9 22
15 18 23
20 23 19
1 3 23
11 11 3
18 20 21
16 18 24
9 13 1
6 8 14
10 12 16
2 4 22
1 4 4
2 4 17
20 21 28
0 2 17
16 17 4
3 4 17
21 23 29
5 6 6
8 11 24
4 6 1
8 10 18
14 17 18
0 0 23
13 15 7
5 7 25
20 23 25
4 5 19
6 8 19
18 22 18
3 4 11
13 15 8
7 9 23
21 22 28
6 7 29
9 12 26
18 20 16
4 8 26
10 12 8
7 9 7
16 19 3
12 14 3
16 19 3
7 11 22
6 9 18
16 18 19
17 19 3
14 16 5
17 19 6
7 9 1
20 21 10
18 19 23
18 19 8
11 11 10
11 14 20
3 4 15
23 1 17
9 9 10
4 8 21
21 22 4
3 4 16
5 7 3
15 17 10
22 0 10
23 1 18
12 15 14
5 7 17
1 4 26
15 17 29
9 10 25
1 2 15
8 9 22
9 12 8
6 8 15
8 10 10
0 2 6
2 3 17
3 6 10
23 0 6
9 11 11
19 22 24
15 17 29
7 9 29
10 10 4
20 21 17
13 16 16
19 21 2
17 18 13
10 12 30
19 21 25
20 22 27
15 18 24
6 8 13
23 1 8
22 0 4
13 15 12
7 9 29
20 1 1
23 0 12
11 12 21
6 9 28
8 11 5
6 8 27
2 3 8
11 12 29
21 23 5
20 23 4
6 8 20
9 11 24
7 9 17
1 1 21
6 8 4
11 13 12
12 13 9
15 16 6
9 10 3
10 12 30
1 3 15
21 23 4
5 8 3
5 8 8
18 19 23
21 1 7
18 19 25
7 8 27
18 22 3
2 4 14
19 21 14
18 20 15
17 21 30
1 1 20
23 1 8
10 13 3
11 12 22
16 19 24
15 17 6
11 14 28
23 1 6
10 10 24
8 9 8
8 9 26
1 2 16
11 12 29
21 0 30
21 23 23
8 10 15
20 22 8
10 12 27
7 9 26
10 12 17
16 17 29
13 15 16
11 13 29
8 8 30
3 6 13
6 8 6
3 7 30
4 7 11
11 13 27
20 22 9
11 12 23
18 20 22
2 5 23
6 8 12
6 9 26
7 9 30
11 12 6
10 12 13
1 2 27
5 7 11
15 17 9
20 21 14
8 10 4
20 22 12
4 5 29
21 23 7
6 5 25
9 11 6
5 8 29
19 22 27
12 14 1
20 20 30
10 11 18
23 0 8
15 18 24
12 16 27
21 23 30
8 8 16
17 19 15
16 20 30
6 9 26
13 15 6
14 17 5
16 17 20
11 12 16
4 8 10
22 2 3
14 16 14
5 5 10
4 7 29
17 19 9
22 1 22
11 12 3
12 15 30
17 19 7
6 7 20
12 14 12
4 6 14
4 7 30
16 18 26
20 22 23
11 15 20
12 14 16
18 21 29
11 13 7
7 9 24
6 8 23
0 2 10
8 10 18
9 12 5
10 11 24
2 6 29
5 7 15
6 9 27
14 14 20
19 19 11
13 16 4
21 23 8
20 22 21
12 14 10
3 5 17
0 3 28
11 14 10
22 23 14
22 0 13
1 1 12
18 20 15
23 0 8
13 15 6
11 13 1
9 12 20
14 17 20
15 17 26
8 10 4
1 4 7
15 17 29
17 19 29
11 13 13
17 17 8
12 13 4
12 14 21
21 22 10
11 12 30
10 12 9
9 10 2
4 5 21
16 18 26
23 1 10
1 4 1
7 8 23
19 21 24
17 17 11
22 2 27
8 10 1
14 16 18
21 22 10
19 19 18
10 11 5
8 10 3
17 20 4
8 8 22
8 11 4
4 4 30
12 14 16
16 20 8
20 0 7
0 1 13
4 6 4
20 21 3
8 10 28
8 12 10
15 16 1
10 11 21
7 8 19
4 8 7
1 3 24
14 16 21
21 1 22
14 16 17
0 1 26
16 17 3
13 15 14
5 6 22
2 4 16
0 2 15
17 19 22
5 5 15
20 23 9
1 5 2
17 18 17
6 10 22
8 10 26
5 7 25
6 7 7
1 4 13
19 22 14
2 4 19
12 14 22
19 21 28
20 21 27
17 20 4
12 13 20
5 7 16
13 16 23
1 3 13
12 16 26
22 23 8
3 5 25
0 1 24
5 6 21
18 21 17
9 9 29
2 4 18
23 23 22
5 6 28
8 8 12
16 18 10
16 20 11
16 18 8
18 19 12
19 21 5
5 6 5
5 7 14
10 13 8
0 3 29
2 6 7
3 5 15
2 6 7
18 20 17
10 14 12
18 20 25
5 9 7
5 6 29
14 16 13
18 20 17
15 19 13
13 15 9
7 9 26
11 13 25
14 14 7
3 4 25
12 13 2
3 3 19
17 19 25
12 12 20
7 10 29
11 12 9
12 15 7
0 3 30
3 5 26
14 14 16
23 0 7
0 3 20
22 0 5
23 1 13
17 20 17
9 12 19
12 14 7
1 2 17
11 14 27
15 18 15
8 11 26
1 3 8
3 6 11
10 12 1
1 6 3
20 22 1
22 23 8
17 18 1
21 23 29
3 6 4
12 14 6
22 1 17
19 21 27
9 10 17
1 4 19
4 8 3
19 23 24
13 15 14
4 7 28
4 6 11
15 17 15
18 20 28
22 1 14
0 2 8
22 23 4
0 2 26
9 12 1
13 14 8
12 13 23
14 16 21
4 5 21
2 4 9
4 7 16
9 11 12
16 20 25
16 17 26
18 21 15
8 11 6
10 13 26
15 17 27
1 2 1
4 4 26
9 9 30
15 16 29
7 9 19
23 2 19
21 22 9
1 2 28
10 14 30
23 0 26
1 2 11
9 11 18
8 10 2
6 8 19
23 0 21
17 19 10
4 7 26
13 16 22
14 16 16
16 18 10
22 23 11
18 21 12
2 4 3
16 19 5
16 18 3
14 14 21
9 11 17
8 10 8
9 12 19
4 7 16
20 20 4
8 10 7
12 13 1
16 19 19
4 6 6
21 23 20
12 15 2
17 19 14
16 19 25
22 0 19
21 23 17
21 22 9
1 2 14
2 4 10
13 15 9
3 4 26
16 19 3
0 0 17
8 10 13
19 21 19
3 4 3
4 7 12
15 17 18
15 17 29
23 2 18
14 17 11
12 14 21
14 15 10
18 20 21
18 21 5
23 1 15
4 6 25
7 8 12
8 11 3
23 1 3
17 19 6
18 23 2
20 23 29
11 15 5
14 15 10
0 3 3
16 19 6
16 16 8
3 4 8
0 2 4
11 13 6
13 13 4
20 22 8
21 21 23
17 20 15
9 11 20
23 1 29
19 20 19
4 7 12
5 5 8
16 19 24
6 8 24
5 7 25
12 13 28
18 20 8
12 14 9
11 11 17
19 20 13
6 8 10
8 10 28
14 17 23
23 0 29
1 1 28
16 19 4
17 21 4
8 11 5
22 1 26
20 22 26
5 9 21
14 17 4
22 22 24
7 9 19
10 11 28
20 19 25
1 5 5
11 12 28
14 15 15
6 8 10
3 4 29
0 4 2
10 10 12
4 7 18
6 8 11
10 11 5
6 8 16
23 1 20
13 16 4
15 18 29
16 18 7
2 5 29
19 22 20
10 14 22
14 17 22
20 22 4
15 18 16
18 19 3
3 6 21
22 0 13
11 11 27
20 21 4
6 9 7
23 23 23
15 17 5
8 11 16
19 20 11
1 3 3
23 23 28
20 22 27
23 23 18
10 13 24
15 17 18
12 13 9
13 14 4
6 8 18
8 9 21
11 12 2
22 23 11
19 22 9
6 9 15
21 23 4
3 5 17
1 4 3
11 13 4
14 17 4
0 2 6
15 18 24
8 9 2
7 10 1
2 5 9
6 8 20
8 11 1
20 22 15
2 3 7
8 9 24
8 9 11
7 9 19
10 13 26
9 12 12
22 1 2
20 21 22
23 2 22
18 19 6
12 14 27
22 0 25
18 20 2
8 10 30
11 12 14
17 22 3
8 10 13
16 17 6
4 5 14
14 14 29
14 16 26
22 1 11
14 16 26
13 16 5
19 20 16
16 20 28
3 5 13
5 9 22
18 20 2
19 21 7
6 7 18
15 15 2
21 0 27
0 1 29
21 0 18
17 20 14
9 12 25
16 18 18
1 2 3
20 22 5
15 18 15
13 13 14
6 7 5
16 16 15
3 6 2
9 10 16
3 5 11
15 17 15
0 2 13
9 11 24
16 18 27
16 19 26
9 12 28
17 18 9
2 3 14
20 22 7
5 7 12
7 10 16
0 1 28
16 17 14
15 16 9
20 21 17
21 23 15
15 16 10
20 23 14
8 11 24
3 6 20
0 1 12
3 4 17
1 3 22
18 19 9
11 14 1
23 0 30
3 6 26
16 18 17
8 9 24
18 21 6
0 3 3
18 19 26
8 10 9
14 17 7
5 8 28
9 11 20
23 2 30
15 16 10
6 9 10
15 17 7
4 6 15
20 23 27
10 14 4
6 7 12
6 9 8
8 10 29
1 5 25
13 14 30
2 3 19
6 10 21
3 6 24
2 4 3
22 2 16
21 0 21
8 10 8
23 0 19
16 18 5
4 5 27
1 1 6
18 20 8
21 23 24
4 6 30
5 7 19
14 18 17
16 19 4
20 23 26
22 0 20
21 22 12
8 12 10
21 0 7
18 20 7
1 4 24
5 7 7
5 7 4
12 15 17
16 19 3
5 7 17
17 19 9
7 8 22
15 18 12
19 22 24
11 14 30
18 21 11
4 6 13
10 12 15
5 8 10
13 13 22
5 7 23
7 10 4
0 0 2
21 0 27
5 7 9
1 4 27
12 13 30
4 7 6
17 19 13
7 10 13
14 15 30
11 14 22
4 7 10
7 10 27
14 16 10
3 3 29
11 15 3
7 8 7
21 0 9
5 7 13
2 6 1
2 4 8
7 7 18
6 7 3
1 3 2
17 19 11
23 3 23
20 23 25
22 2 15
21 23 22
23 3 23
22 1 5
5 7 27
2 5 23
18 20 18
13 13 15
5 5 7
18 20 25
7 10 22
4 4 6
1 4 15
19 21 11
13 15 13
5 7 15
23 1 3
3 4 4
3 5 15
3 4 8
20 23 22
9 11 16
17 18 16
16 17 15
21 0 15
8 10 14
2 5 3
13 15 20
11 13 14
2 5 5
12 13 16
5 8 30
10 11 9
9 10 7
10 12 2
1 4 21
18 19 28
12 15 23
9 12 9
13 15 13
1 4 17
22 0 9
19 21 17
8 9 24
13 15 30
3 5 6
3 7 28
17 20 11
23 1 28
12 16 1
1 3 13
14 16 5
4 7 8
1 3 25
19 23 2
8 10 23
8 11 1
9 11 8
18 21 20
2 3 6
16 19 11
3 6 18
21 23 2
8 8 18
4 4 7
20 23 15
15 17 1
19 21 23
8 11 30
23 1 1
5 8 29
13 16 27
6 7 1
17 19 19
20 23 10
8 11 26
16 18 13
19 20 1
12 14 5
20 22 14
17 18 1
3 6 3
22 0 15
0 2 26
9 11 21
19 21 6
11 13 13
19 21 4
11 12 7
20 22 17
18 20 10
20 22 15
5 6 26
1 2 7
13 16 17
9 12 19
20 20 30
7 9 17
20 23 28
15 17 19
18 19 8
10 13 5
20 22 30
10 12 7
9 12 12
22 1 23
16 17 7
18 21 24
12 13 14
17 18 23
14 17 29
11 13 20
23 3 7
20 0 27
3 5 22
3 6 21
17 18 22
23 0 30
16 19 22
15 16 16
4 6 27
11 12 8
6 8 6
6 7 5
17 20 15
9 10 18
17 19 3
10 10 28
16 19 15
3 5 4
11 14 21
18 20 9
20 22 2
11 12 18
20 22 25
16 17 11
17 20 14
7 8 14
23 1 9
0 2 5
19 21 12
15 15 11
2 4 3
19 20 24
14 16 1
3 5 14
4 6 29
16 16 10
5 7 2
23 1 27
10 14 5
6 8 24
13 15 30
11 13 9
8 9 2
0 1 16
1 5 16
1 3 9
20 21 18
17 18 5
6 10 16
19 21 15
20 23 16
1 3 28
22 23 29
14 15 18
21 23 1
11 11 23
19 19 21
23 1 9
8 10 17
12 14 19
20 23 9
3 4 12
19 22 12
6 8 24
23 0 2
20 22 2
17 19 24
19 22 4
16 18 25
8 9 9
18 20 26
6 8 26
15 17 4
4 6 20
20 22 14
19 20 28
4 7 16
13 15 22
10 13 16
23 2 20
17 21 8
16 18 23
8 11 7
2 2 27
1 4 25
17 21 9
7 9 1
17 19 26
20 22 11
11 13 2
0 2 9
1 5 28
20 21 6
21 0 2
11 14 15
7 9 7
8 8 20
9 11 6
21 0 13
1 1 9
23 0 17
18 19 30
4 7 28
20 23 20
15 17 27
0 2 16
16 17 13
4 5 29
3 4 6
0 2 28
21 22 8
15 17 1
23 0 25
7 10 16
18 19 14
19 21 15
8 11 16
12 15 22
13 15 12
1 2 12
5 9 5
9 10 10
7 8 11
18 21 9
17 17 20
22 2 7
3 6 21
14 16 18
7 10 14
16 18 20
10 10 15
0 1 3
16 17 25
15 16 19
15 17 23
19 23 2
16 18 16
2 3 30
4 7 7
12 15 25
19 21 28
14 17 15
9 11 6
9 12 6
15 18 2
4 5 14
19 20 21
8 10 14
2 4 8
9 10 8
1 3 21
18 19 15
7 10 20
10 12 27
15 16 18
11 13 30
11 12 4
19 21 15
20 22 26
7 9 26
14 16 27
16 17 6
15 16 6
22 0 13
21 0 9
3 6 3
11 13 14
12 12 25
13 16 14
8 9 14
6 8 14
10 11 20
23 22 24
22 0 20
20 22 19
5 7 4
22 0 10
3 7 17
3 7 30
22 1 30
15 18 18
6 9 28
20 23 2
19 21 21
3 4 16
0 2 28
0 2 24
2 3 12
2 3 13
5 8 2
9 11 12
0 2 28
11 14 30
15 16 21
16 18 14
20 22 5
1 2 4
14 16 5
12 13 7
12 13 8
10 13 14
19 21 20
23 1 21
21 22 18
4 5 3
17 18 6
14 17 22
7 9 20
4 7 14
3 5 5
15 17 2
19 21 29
3 5 3
20 21 15
7 8 9
17 18 28
23 0 27
9 11 6
11 15 12
11 12 4
13 14 21
20 23 29
6 7 15
7 9 23
6 9 29
8 9 22
21 0 27
16 17 21
9 11 19
3 5 1
11 12 12
8 11 1
8 11 5
7 11 18
21 19 17
9 10 1
2 4 27
15 17 11
7 8 6
6 8 5
7 9 25
3 6 16
13 13 12
7 9 19
23 3 15
17 21 6
13 15 2
5 6 14
22 23 13
0 3 30
14 17 12
22 0 14
6 7 24
0 0 9
6 9 19
5 8 29
0 4 12
4 6 24
10 12 3
6 8 16
13 16 8
10 12 28
16 16 30
12 12 17
7 10 4
1 5 22
8 10 28
1 3 14
22 0 22
18 18 26
0 3 26
9 14 5
9 12 4
7 9 18
16 17 18
23 0 11
15 17 6
16 17 13
20 20 27
10 11 21
2 3 5
21 23 5
20 21 22
15 16 7
18 20 17
19 20 28
9 11 28
18 20 17
0 1 14
1 4 29
8 7 30
9 11 18
6 6 12
21 23 29
21 23 19
23 0 19
3 4 4
16 18 8
21 23 24
19 19 27
11 14 25
16 18 20
18 20 8
6 8 24
17 18 15
23 0 28
6 7 8
1 3 23
10 10 10
2 6 17
10 12 5
23 1 28
16 16 24
0 1 29
9 11 10
18 20 6
6 8 23
18 20 6
14 17 21
3 6 14
10 13 25
11 12 18
3 5 23
6 9 27
18 20 7
7 8 25
8 13 7
12 15 13
19 20 20
21 23 1
21 23 3
22 1 15
19 19 14
13 14 18
21 0 19
5 7 24
1 2 19
7 10 10
4 5 21
8 9 3
6 9 24
1 4 9
19 22 30
0 2 30
13 15 4
11 13 23
7 9 1
14 17 22
17 19 22
9 11 1
10 12 15
8 11 24
14 17 11
23 0 21
18 20 4
17 19 7
2 5 17
14 15 16
14 17 26
17 20 13
0 0 12
18 20 15
20 21 27
22 0 5
12 15 14
4 6 9
11 14 23
23 0 8
12 14 15
15 16 10
4 8 10
8 11 4
22 0 1
22 2 13
10 12 27
8 10 11
0 3 13
7 8 12
22 22 1
3 5 13
3 6 2
17 18 9
11 13 21
14 15 12
21 0 22
5 6 6
20 22 10
18 20 28
22 1 6
15 16 6
16 16 27
13 17 20
16 17 24
0 3 7
4 6 5
11 13 7
23 1 18
10 12 12
8 8 21
12 13 12
22 2 28
9 9 7
12 11 28
1 1 11
11 12 25
17 18 1
9 12 10
4 6 19
5 8 14
23 1 24
14 17 26
2 3 11
4 8 9
11 13 30
13 16 2
5 5 17
0 3 7
0 1 12
18 19 30
18 20 8
5 9 6
7 9 29
21 23 29
3 3 17
16 19 22
23 1 5
19 21 11
7 9 25
12 14 10
16 19 10
22 0 19
2 4 19
11 13 12
10 13 22
17 20 6
4 5 8
16 17 21
3 3 10
19 20 3
18 21 13
7 11 26
8 10 19
11 14 24
19 21 2
23 1 9
21 0 15
4 6 19
14 16 14
4 6 6
2 4 7
4 7 3
15 17 12
3 7 8
4 6 24
14 17 3
15 16 17
23 3 8
9 13 30
7 9 10
2 3 18
1 2 24
15 17 24
8 11 26
9 12 30
5 7 20
7 9 24
0 2 6
23 1 21
16 19 27
0 3 27
6 8 30
20 23 4
10 12 23
5 9 5
19 21 13
16 18 9
10 13 23
7 9 19
17 20 19
13 16 14
23 1 15
17 19 24
18 21 6
0 -1 25
2 5 8
21 0 18
9 12 20
22 0 29
16 19 25
10 10 2
14 15 28
19 19 7
3 5 26
13 14 6
14 17 16
1 2 5
14 17 17
9 10 18
19 21 18
12 14 14
8 9 23
0 4 3
22 2 14
6 7 23
11 12 4
19 21 30
8 9 26
8 9 11
15 16 8
17 20 27
19 21 26
5 7 12
19 20 25
11 13 12
9 10 11
17 18 1
22 1 3
17 20 24
22 23 9
5 7 16
15 15 22
16 19 7
10 10 9
18 20 14
23 2 9
13 16 20
6 6 24
12 14 23
16 16 9
10 13 8
8 10 16
6 6 26
8 10 10
22 0 30
19 21 30
0 1 2
11 12 15
5 7 8
3 4 2
11 11 7
11 12 23
22 2 10
20 22 5
20 21 27
20 22 5
6 7 26
18 19 6
5 7 23
23 1 3
19 21 6
11 14 24
11 13 17
22 0 24
4 7 1
16 19 19
14 14 30
18 20 24
19 20 21
1 2 5
22 3 7
9 13 7
1 4 21
17 19 17
22 23 7
14 15 2
14 17 12
14 17 1
1 2 28
12 14 1
0 2 9
4 6 8
11 13 30
14 15 1
17 18 24
20 22 9
22 0 1
4 6 7
1 5 26
14 15 7
2 6 11
4 5 25
10 13 1
1 2 30
3 4 1
17 19 17
21 21 8
6 9 4
5 6 24
12 13 23
14 14 16
14 17 2
12 14 19
17 20 24
6 7 26
15 17 25
12 14 22
2 6 25
21 0 26
17 19 10
1 4 4
19 21 1
14 15 2
15 15 13
18 20 2
8 11 6
8 11 10
20 23 13
5 9 8
1 3 1
18 23 28
7 9 5
15 16 4
15 18 8
8 11 9
3 4 24
6 8 20
13 17 6
0 1 7
16 19 17
7 8 5
6 8 16
5 7 4
10 13 5
2 3 13
19 21 14
8 9 6
20 23 3
19 19 6
6 8 21
14 17 9
20 21 25
18 20 6
8 11 15
9 12 19
1 2 16
0 2 20
5 7 22
20 21 21
7 10 30
1 3 12
1 3 12
22 0 25
3 5 11
19 22 10
14 15 1
0 3 15
2 4 16
3 5 5
12 14 18
3 6 19
9 12 1
8 11 11
7 9 26
14 16 11
19 21 17
2 4 30
11 12 5
10 13 24
10 14 5
17 21 14
4 7 21
11 14 17
14 17 28
19 22 16
21 22 6
16 18 1
13 16 13
0 1 8
22 23 9
16 18 1
15 16 10
13 15 26
9 11 30
18 20 2
13 16 24
11 15 16
14 15 19
15 16 2
8 10 3
2 3 21
10 12 1
21 22 13
11 12 18
20 22 4
16 17 24
18 21 27
9 9 13
4 7 15
15 18 26
8 10 18
0 2 24
8 9 5
20 21 11
3 5 2
11 11 3
21 0 28
15 17 25
3 4 18
23 1 10
22 0 14
16 17 27
9 11 6
2 5 21
6 9 29
21 22 19
17 16 20
11 13 2
1 3 2
16 18 1
11 13 20
11 12 23
13 16 2
0 3 9
0 2 15
19 23 22
12 15 16
14 14 15
16 18 16
5 7 12
21 22 9
22 0 20
10 12 19
1 4 26
2 3 25
3 6 24
10 12 13
8 10 6
15 16 16
12 14 30
19 20 24
9 10 30
20 23 27
15 18 21
10 11 11
22 0 10
19 21 21
14 16 2
23 3 20
4 5 11
22 23 2
22 23 14
20 23 1
9 12 5
6 9 29
14 15 2
1 4 10
14 18 19
7 12 11
8 8 30
13 15 5
6 7 27
22 0 9
13 16 21
18 21 18
1 4 26
0 2 2
3 3 17
4 6 9
23 4 27
17 19 7
8 9 3
16 17 23
22 0 22
0 3 18
0 0 24
20 21 26
13 15 26
3 5 14
0 2 8
1 1 21
23 1 21
22 0 23
10 15 3
4 6 2
19 21 28
23 1 19
0 1 25
0 2 3
6 7 11
3 4 5
10 12 29
12 14 12
4 7 1
10 11 17
23 1 6
15 14 14
15 17 13
1 2 5
21 0 2
12 15 18
9 12 27
17 20 28
23 1 10
19 20 12
19 20 9
14 16 1
11 12 29
18 21 17
20 22 25
13 16 22
11 13 14
18 21 28
16 17 8
13 16 11
5 6 17
15 15 8
22 1 15
11 12 18
6 8 2
19 21 15
0 2 21
19 22 28
11 12 28
4 6 19
7 8 19
20 21 8
6 9 23
16 17 5
4 6 1
20 23 2
4 4 22
22 22 18
21 23 11
3 6 8
20 21 4
19 21 27
10 10 29
16 17 5
14 15 2
5 7 5
9 12 15
22 0 12
6 9 26
17 20 20
19 20 17
11 11 23
5 8 17
19 20 7
17 19 22
5 5 9
17 21 4
14 15 4
22 23 17
4 6 25
2 4 13
5 8 10
22 0 6
21 0 16
13 16 17
2 4 3
4 6 18
1 3 27
23 2 1
23 1 15
12 14 17
23 2 28
17 19 13
21 22 18
18 20 17
19 23 10
7 10 6
2 4 12
8 10 28
5 6 25
22 0 6
12 14 30
0 1 19
10 11 25
7 11 21
23 0 4
9 13 11
19 20 28
9 11 9
7 9 22
22 23 19
3 5 25
18 20 26
12 15 4
18 19 8
13 15 5
20 21 26
3 5 9
20 21 8
1 2 3
8 9 5
15 16 15
1 3 7
8 11 14
1 4 30
12 15 17
4 6 22
17 19 2
8 9 22
0 2 13
17 19 24
4 6 29
13 15 24
18 22 14
7 9 28
4 7 17
6 9 27
17 18 8
10 12 28
17 20 1
16 18 14
0 1 28
8 10 10
5 7 23
18 21 10
17 18 17
9 11 10
6 6 30
5 6 2
1 2 2
22 0 20
19 21 26
7 10 28
10 13 6
7 7 22
13 15 28
13 14 20
22 23 6
1 2 22
9 10 28
3 4 28
20 22 21
7 9 12
11 14 25
2 4 19
3 6 30
5 8 26
0 1 11
12 15 23
15 19 16
17 18 25
8 12 17
7 10 24
3 4 12
18 20 26
4 7 26
11 15 11
14 16 13
11 14 7
18 20 22
11 13 21
18 20 1
19 20 19
17 21 26
12 12 28
22 23 23
6 7 9
23 2 30
13 13 17
22 0 15
6 9 13
17 21 10
4 7 7
16 19 12
0 3 25
19 20 7
7 8 26
2 4 7
20 22 29
18 20 12
7 10 20
4 4 28
12 16 23
0 2 9
17 20 23
0 2 2
19 20 29
23 0 8
2 5 26
19 23 17
0 2 10
1 3 7
19 22 25
19 21 5
6 6 26
4 6 8
16 18 25
14 17 29
18 20 12
6 7 13
0 2 26
12 15 15
20 21 12
7 8 18
17 21 6
15 15 19
16 18 8
0 3 11
22 1 11
6 7 15
1 3 2
19 22 27
23 0 28
3 4 17
16 19 18
22 23 29
15 17 16
21 1 2
13 15 16
9 12 8
21 0 4
11 14 13
14 15 10
18 20 29
23 2 10
5 7 15
8 10 7
22 23 17
13 17 28
9 10 19
3 5 28
11 14 5
10 12 28
10 13 9
6 7 28
8 10 23
11 13 25
19 21 13
13 15 17
9 9 4
18 21 21
8 10 1
15 17 15
5 7 6
18 22 6
4 6 18
14 16 15
21 23 15
4 5 4
3 6 24
17 19 6
18 19 14
10 13 28
1 5 8
2 3 27
6 7 11
17 19 28
12 13 8
2 3 17
22 1 28
1 2 5
9 11 18
7 8 22
14 14 17
12 14 9
0 1 12
6 8 20
3 6 25
20 23 2
2 4 4
4 7 27
13 15 13
11 14 22
8 11 18
9 12 13
6 7 26
15 17 27
15 19 16
0 1 23
20 22 3
23 0 16
18 20 4
18 19 18
1 3 1
0 2 11
1 3 2
9 11 26
13 15 5
10 11 8
1 3 9
2 5 24
5 7 21
22 1 5
12 13 10
15 16 20
12 14 27
20 21 30
3 4 29
14 17 20
11 13 1
10 12 11
19 21 9
20 21 22
18 20 23
7 8 22
2 5 13
23 0 12
12 15 10
12 12 22
7 8 15
23 2 25
14 15 23
16 18 19
0 3 11
5 8 29
2 4 12
10 12 8
20 22 25
1 2 26
17 19 15
15 18 28
8 10 26
0 2 1
7 8 23
23 0 6
4 5 8
5 6 19
13 15 26
20 22 8
5 6 15
21 22 13
1 2 2
3 4 20
5 8 30
17 19 6
20 21 18
19 20 10
23 1 22
20 22 17
17 19 18
0 2 13
9 10 13
7 10 3
18 19 5
21 22 12
23 1 18
1 2 18
21 1 3
19 21 23
8 10 23
21 23 10
0 2 16
20 23 17
11 13 10
10 14 22
5 8 8
17 20 27
15 17 17
19 21 16
19 21 25
4 6 8
8 11 12
19 20 5
21 1 13
22 1 28
16 18 16
13 13 16
15 17 4
8 10 13
16 17 19
12 15 21
2 3 15
7 8 16
1 3 22
20 22 17
12 14 26
12 13 1
0 2 1
1 3 13
3 6 11
10 12 18
13 16 20
8 11 7
23 0 25
1 4 15
14 17 19
15 17 29
0 4 1
3 6 17
16 20 19
9 13 4
11 13 16
15 17 15
4 8 25
8 9 8
3 5 17
21 0 27
16 16 20
4 5 3
7 10 5
7 9 25
10 11 17
0 2 8
1 3 8
18 20 13
22 23 26
2 4 18
10 12 8
2 5 18
1 2 26
9 12 21
19 20 7
19 21 25
16 17 24
17 19 28
7 8 21
13 15 11
17 19 27
18 20 16
20 21 10
23 2 24
13 15 26
13 15 27
8 10 5
9 11 21
4 6 25
3 5 28
19 21 20
20 22 11
20 23 15
7 9 29
20 23 29
19 21 21
18 20 21
10 12 8
7 9 3
16 18 28
5 8 30
13 14 13
12 14 20
8 10 8
13 16 10
3 6 10
1 2 18
16 19 23
10 12 25
10 12 17
19 22 20
2 3 29
22 0 3
10 12 21
13 14 6
2 4 23
11 14 8
18 19 15
0 2 8
17 19 23
9 10 10
22 0 28
11 14 27
7 10 20
14 15 13
17 18 23
12 14 3
2 5 13
18 20 29
12 13 24
12 15 15
1 4 13
4 4 21
7 10 7
5 8 30
13 14 23
10 11 14
17 19 27
18 20 25
18 21 25
22 1 9
5 6 19
3 4 13
8 10 8
0 1 3
20 21 30
11 13 8
4 7 5
6 8 21
11 11 18
1 3 28
11 13 25
12 13 28
17 19 30
19 21 5
7 9 18
17 19 9
18 19 2
1 2 15
10 12 11
23 2 15
16 19 1
15 16 3
14 15 28
11 12 14
22 1 4
7 11 18
15 16 13
11 14 19
23 0 23
15 20 16
2 4 17
13 13 27
22 0 18
10 12 6
12 13 23
0 1 12
3 6 13
21 22 15
9 11 9
21 0 25
19 21 8
7 9 23
17 19 4
23 1 19
18 20 19
15 17 25
18 19 8
18 20 13
8 10 7
10 12 1
14 16 13
0 3 20
8 11 21
10 11 9
18 21 12
2 5 10
1 5 4
7 10 12
18 20 26
11 12 30
16 20 29
17 18 16
12 14 12
5 7 2
1 3 16
21 23 17
7 9 26
19 21 26
4 6 26
15 15 1
4 7 28
18 19 1
14 14 5
0 3 23
10 12 21
12 13 24
23 2 11
14 16 10
8 10 26
14 15 24
6 8 12
17 19 4
14 15 7
15 16 14
23 1 3
0 1 23
23 1 11
13 14 22
11 14 18
18 19 26
18 20 23
1 3 22
2 5 23
12 15 24
3 4 19
7 10 22
9 10 6
23 0 1
21 22 3
4 6 29
2 3 10
1 2 16
20 0 9
22 0 23
9 12 25
9 13 9
16 18 11
15 16 30
10 13 8
16 17 27
19 21 25
19 21 2
14 15 30
15 17 21
8 9 18
4 5 29
12 15 21
19 20 28
1 2 15
23 1 5
10 13 10
5 7 29
23 3 27
22 0 21
1 3 10
14 18 19
3 4 20
13 15 14
15 16 23
1 4 14
4 6 10
20 23 7
23 0 7
10 11 19
16 18 9
10 13 22
15 17 22
13 14 7
17 18 3
23 1 6
16 20 26
17 18 17
21 22 20
9 10 13
22 1 7
8 11 26
17 19 23
14 15 6
16 16 26
3 6 26
0 2 5
12 14 14
21 23 23
3 4 17
19 19 11
4 6 12
15 16 26
4 6 30
6 7 9
15 18 28
19 21 30
23 0 7
4 7 4
4 5 13
15 17 3
15 16 25
16 18 19
1 3 2
17 20 23
19 22 20
4 6 5
6 7 7
3 6 21
6 7 1
3 4 20
8 10 29
20 23 27
21 22 19
11 10 11
23 2 11
2 3 30
6 9 11
19 22 6
18 21 4
2 4 20
10 10 29
5 7 5
18 17 12
2 4 4
17 20 12
1 2 19
3 6 22
7 9 28
19 23 4
1 3 18
8 12 22
9 11 24
11 14 29
0 2 3
12 14 15
21 23 13
8 11 7
9 11 13
19 21 10
17 20 6
22 23 13
5 8 27
21 22 16
17 19 25
9 10 23
15 16 18
13 15 12
5 6 12
6 10 28
7 6 19
9 13 22
1 0 1
5 7 5
12 15 7
10 14 5
23 2 15
18 20 15
0 3 4
9 12 28
22 23 20
3 4 25
0 2 25
7 9 18
6 8 8
1 4 4
21 0 2
16 16 27
1 4 13
0 1 10
21 23 8
1 1 10
10 11 14
15 17 15
19 21 24
14 17 26
13 15 27
11 12 1
21 23 17
2 6 4
13 15 16
13 16 19
10 13 14
23 1 19
21 21 5
17 19 19
15 16 19
10 12 24
8 11 30
22 23 24
15 17 5
19 22 8
14 17 1
22 0 27
19 22 15
7 10 12
5 4 27
20 21 9
21 23 13
11 12 10
5 8 22
11 14 28
12 13 24
14 16 12
20 23 29
21 0 30
9 11 20
19 21 21
22 0 24
14 15 7
11 11 6
13 15 19
7 8 27
20 22 24
2 4 21
7 9 8
22 23 11
5 5 30
19 22 1
11 14 21
5 8 2
14 14 8
12 14 11
0 3 17
7 10 23
18 22 15
11 13 18
5 8 11
5 7 9
12 12 26
14 14 3
13 17 12
13 16 28
16 18 14
20 22 1
10 12 9
11 13 13
2 5 11
2 4 15
19 21 15
11 12 18
9 10 22
23 0 14
10 14 25
15 16 6
8 12 10
4 6 18
4 7 11
3 6 6
19 23 8
9 13 4
3 5 12
15 17 6
3 6 11
0 2 25
19 22 18
1 4 7
0 2 26
9 9 28
23 3 1
3 4 9
19 20 23
22 23 18
10 11 12
1 4 15
8 11 9
23 1 18
5 7 30
4 7 23
18 19 7
22 0 27
17 19 30
10 11 8
6 7 15
18 20 22
20 0 26
2 2 22
6 6 22
15 18 16
1 3 7
16 18 23
21 22 4
2 3 5
14 15 10
12 13 11
2 4 5
5 6 8
10 11 12
16 18 10
12 14 23
8 10 21
8 8 12
2 6 28
22 23 12
8 10 29
2 4 1
20 23 3
23 2 14
14 16 23
11 13 1
7 10 10
23 1 16
17 21 26
9 11 26
16 17 26
2 3 10
3 4 27
9 11 29
13 15 1
23 0 6
8 11 3
10 12 14
20 23 23
17 20 24
20 21 26
1 4 17
2 4 13
4 5 11
9 12 25
2 4 30
16 18 9
20 21 14
16 18 16
12 14 12
8 10 6
8 10 22
13 14 27
13 14 5
20 22 12
23 0 4
16 17 14
22 1 2
18 19 4
0 3 30
2 4 11
13 15 24
0 1 20
17 19 27
13 15 2
15 18 21
3 5 22
12 15 15
18 20 8
7 11 12
15 16 17
4 6 27
18 19 6
12 14 12
14 16 27
20 23 5
5 7 20
1 3 28
10 12 12
7 9 10
12 15 26
5 7 25
15 17 1
0 3 30
3 4 9
10 12 7
13 15 25
0 0 2
1 4 3
13 15 15
10 11 27
2 4 24
15 18 24
19 22 7
14 14 1
19 21 18
19 23 2
20 22 6
0 2 13
20 23 29
2 5 23
11 13 15
8 10 20
16 17 24
19 20 19
5 8 16
22 23 2
21 22 25
10 13 22
10 12 10
5 6 8
14 17 9
0 2 8
2 4 21
15 16 9
15 16 23
3 3 2
5 6 7
6 8 29
5 6 8
2 3 15
12 15 25
4 6 27
23 22 1
15 16 20
11 11 24
14 18 8
8 8 5
17 20 30
15 17 30
11 14 2
0 0 22
6 8 12
14 15 1
15 18 16
13 15 3
6 10 4
19 21 24
13 14 28
1 3 4
1 3 5
20 21 5
13 16 26
17 19 18
3 6 11
0 4 5
7 9 26
9 11 27
3 5 30
17 18 20
19 22 14
17 20 14
10 10 7
21 23 10
22 23 18
11 13 21
18 19 29
12 13 1
5 7 23
13 15 14
5 7 22
20 22 22
9 11 6
21 0 29
7 9 6
11 12 15
19 22 15
6 8 16
8 10 19
6 8 3
3 4 11
13 14 13
12 13 14
16 17 23
21 23 17
23 0 4
7 9 11
22 2 30
10 11 28
2 4 9
8 9 1
10 13 23
22 1 12
15 16 23
3 4 1
15 18 27
2 5 30
20 21 5
21 23 13
16 17 30
16 18 5
12 15 4
19 22 10
19 22 2
9 11 27
2 3 10
20 21 20
18 20 29
17 22 8
20 22 19
22 23 1
19 19 29
9 12 30
7 8 15
18 20 22
8 10 18
18 21 12
