2960 30
15 17 24 14 20 7 5 17 18 28 15 1 28 14 23 9 18 3 1 9 12 21 9 1 16 6 9 27 8 3 
14 18 24
12 12 24
5 6 19
15 18 3
18 20 13
0 1 25
6 9 4
17 19 2
9 10 15
1 4 16
11 14 18
23 0 23
8 10 24
23 2 10
12 15 11
11 14 13
15 16 27
23 1 22
0 1 26
23 2 4
11 12 22
13 15 1
6 7 26
16 17 7
7 8 9
18 21 21
15 16 3
0 2 18
0 3 22
17 16 12
12 15 28
17 18 3
21 22 19
13 15 2
23 1 29
23 3 20
3 5 21
12 15 16
18 21 19
5 7 11
8 11 1
12 12 4
13 15 12
4 4 10
16 19 25
17 18 28
8 10 9
7 10 12
22 1 8
3 6 24
10 13 18
22 0 3
0 2 3
19 21 8
9 12 18
19 22 8
12 14 11
9 10 7
15 18 1
12 14 21
22 0 25
12 13 17
1 2 4
6 7 24
14 15 30
8 8 29
21 23 27
7 8 27
17 20 26
6 8 17
19 22 5
18 20 23
15 17 5
12 13 16
9 10 12
22 22 11
16 19 21
1 3 9
3 6 21
3 5 8
16 17 28
20 0 13
22 0 24
22 23 23
16 16 20
16 18 21
11 12 13
19 22 19
1 4 21
21 1 3
4 6 27
10 12 30
14 15 3
3 6 14
23 2 24
5 7 29
23 0 4
9 11 10
5 7 9
20 21 29
15 17 25
7 6 17
0 3 8
3 6 30
12 13 8
8 9 22
5 7 24
7 10 30
0 3 4
13 17 24
13 16 12
18 19 22
4 5 16
19 21 17
13 16 12
23 23 11
21 0 3
13 14 20
9 13 7
10 11 11
13 15 19
19 21 4
18 21 20
0 2 25
3 3 10
11 13 19
21 22 25
19 21 24
2 3 3
9 10 13
22 0 25
19 21 24
11 13 12
9 10 14
15 19 27
13 16 5
10 12 7
14 15 14
16 18 20
17 19 22
4 5 19
5 6 6
2 3 18
8 12 1
10 13 20
19 22 1
20 22 25
17 19 18
12 13 14
18 19 6
16 17 13
14 16 29
22 1 6
16 19 9
11 14 7
15 18 30
4 6 25
17 19 25
17 17 20
15 16 28
4 7 8
3 4 4
4 7 28
5 7 20
12 13 14
22 22 11
15 18 1
14 16 21
20 22 23
7 9 16
13 12 4
13 15 2
10 13 24
10 13 22
11 12 7
16 19 25
9 11 2
4 8 29
14 16 23
20 23 30
8 10 19
21 21 6
23 0 26
7 10 17
20 21 24
11 12 24
18 21 17
4 9 21
17 20 25
13 15 13
14 16 8
7 9 21
13 15 10
19 22 26
7 9 12
18 21 26
8 11 23
10 11 26
11 12 18
8 11 11
4 6 22
13 14 18
2 3 13
18 19 25
18 19 1
6 9 8
15 17 19
3 6 24
1 3 23
2 3 11
9 11 16
1 5 18
15 16 20
11 13 2
14 15 29
8 10 26
1 2 26
12 16 4
3 5 14
22 0 17
5 5 26
20 23 4
23 1 23
10 11 30
19 20 16
22 0 27
7 10 26
6 9 12
19 22 7
12 13 28
11 13 4
15 18 19
21 23 27
4 7 27
16 17 14
11 11 17
21 0 24
9 11 23
15 19 12
20 23 28
10 13 26
3 4 25
5 7 29
17 19 20
5 7 30
13 15 29
11 13 18
10 11 19
8 9 28
4 6 14
20 0 17
0 2 21
15 16 23
6 9 22
2 4 5
3 7 26
11 12 13
16 17 5
21 23 12
4 6 23
19 20 15
15 16 4
6 10 20
8 9 21
17 19 17
11 12 24
16 19 10
13 14 21
3 3 17
6 7 4
7 11 30
4 8 24
13 16 25
3 5 5
12 15 23
21 23 22
20 22 24
23 1 22
12 12 14
19 20 29
6 7 28
16 18 12
13 16 10
9 10 29
14 16 17
21 22 12
23 23 18
10 12 25
16 18 24
2 4 26
4 8 2
3 3 16
11 13 3
3 6 6
20 22 2
17 20 20
18 19 2
19 23 8
22 0 14
11 13 23
18 19 13
5 7 28
6 8 4
17 19 23
22 1 15
0 1 30
1 4 6
10 13 23
10 13 13
3 6 30
15 18 27
2 4 9
1 3 24
6 7 29
5 6 24
13 16 19
3 5 16
15 17 22
1 2 30
6 7 23
1 3 8
8 11 24
15 17 29
22 0 23
4 7 11
0 1 14
20 22 23
18 20 6
10 12 26
22 23 30
1 4 8
9 11 18
13 15 28
6 9 10
0 1 25
6 8 26
21 23 21
17 19 5
10 11 30
6 8 12
17 19 5
8 10 22
9 12 27
22 0 10
6 8 10
6 9 19
23 1 19
1 5 20
10 12 15
4 6 30
18 21 18
17 18 18
9 10 28
14 16 29
23 2 19
11 14 21
3 4 4
19 22 13
7 9 13
22 0 20
23 0 18
7 9 17
16 18 14
4 6 21
0 3 23
2 5 13
22 2 16
11 14 20
9 11 13
3 5 10
9 12 28
3 4 5
15 17 26
12 15 30
21 22 25
16 18 21
3 3 21
21 23 17
22 0 22
3 3 26
12 15 1
8 10 3
2 2 24
12 15 5
21 22 27
2 4 15
0 2 2
13 15 9
21 21 1
20 22 10
20 22 17
4 7 3
4 6 25
1 4 12
17 19 30
1 4 6
4 5 17
16 17 22
10 11 22
5 8 16
22 1 8
16 18 22
5 7 10
14 17 6
20 20 11
2 3 30
21 22 10
12 14 20
22 0 28
9 11 25
20 22 4
6 11 2
14 17 24
4 7 22
9 10 22
0 2 27
1 3 19
16 19 7
14 16 5
20 0 10
9 11 15
19 21 18
23 2 13
9 12 17
6 9 28
12 13 8
22 2 23
20 23 26
14 16 11
18 19 29
0 2 12
14 16 7
19 19 8
10 10 19
23 0 12
14 17 15
8 9 11
9 9 2
22 1 16
17 19 1
19 21 18
20 22 14
5 6 16
22 23 27
2 5 21
2 5 25
5 10 2
11 14 25
23 1 21
4 4 12
11 14 17
17 19 29
6 8 2
21 23 26
6 8 20
0 3 7
22 1 7
5 9 10
20 22 1
0 2 18
1 1 25
3 4 18
8 10 23
1 4 27
5 7 28
15 19 30
23 1 5
6 9 21
10 11 19
14 18 17
19 22 8
22 0 26
3 6 29
3 6 9
20 22 9
2 6 22
2 4 16
23 1 2
22 22 26
9 11 3
13 13 5
4 5 25
23 0 16
6 10 1
0 3 2
10 10 5
18 22 29
4 5 1
7 9 26
3 4 6
17 19 26
18 19 25
19 22 5
19 21 4
7 9 2
18 19 9
3 4 7
15 15 16
14 17 4
15 15 14
11 12 4
21 23 22
13 16 28
1 3 28
12 15 10
5 4 21
9 9 25
1 1 9
1 3 14
16 18 19
16 18 18
17 20 30
1 4 9
20 22 7
0 5 5
10 12 25
22 2 4
22 0 25
7 8 22
8 9 19
14 13 29
4 6 1
16 19 24
17 17 29
1 2 20
10 12 26
5 7 13
19 21 23
9 12 11
14 17 18
19 20 25
18 19 6
13 14 27
5 9 11
16 17 25
13 15 14
1 3 25
1 1 27
17 20 1
16 17 19
23 1 16
0 3 3
9 12 21
18 19 16
17 18 21
13 16 28
11 14 1
16 18 22
21 23 11
22 23 21
3 4 24
12 13 14
0 3 15
21 0 21
11 14 26
19 20 15
3 5 3
5 6 17
22 0 6
6 9 15
10 13 15
7 9 4
8 10 10
19 23 19
4 6 9
22 1 21
15 18 13
16 17 19
9 10 28
15 17 7
5 6 6
3 5 29
9 9 26
19 22 21
10 13 13
6 9 12
4 7 3
20 22 18
9 10 2
2 4 16
21 22 26
3 5 21
17 19 23
10 13 30
17 19 15
5 9 21
18 21 18
2 4 5
16 17 24
4 8 11
16 20 25
16 17 9
0 3 22
8 10 10
22 0 20
8 10 30
22 0 29
22 1 27
13 14 29
20 22 26
6 7 5
20 22 1
12 13 25
22 23 20
19 20 27
8 10 19
7 9 15
5 5 23
14 16 5
23 0 21
2 4 30
22 2 27
10 13 4
7 10 9
0 2 4
22 0 4
12 14 25
19 21 4
2 6 23
20 21 1
2 3 22
16 18 10
14 16 2
3 6 3
1 4 29
4 7 25
22 1 4
7 9 14
6 9 13
7 10 13
16 20 28
3 5 20
6 7 16
6 7 6
1 4 5
2 5 9
18 20 27
7 9 3
17 18 24
7 8 17
19 21 14
9 11 15
0 3 25
19 21 15
12 14 22
4 7 11
15 16 16
19 20 8
22 0 11
1 2 17
4 7 25
7 11 20
5 7 29
9 12 24
0 1 10
10 13 30
23 2 28
8 11 18
6 7 17
5 8 18
7 9 9
13 15 22
16 18 18
9 10 22
19 0 21
12 13 6
9 12 3
17 18 16
16 18 17
22 23 5
22 0 12
20 23 7
20 21 25
22 0 20
12 14 25
19 21 21
1 3 18
9 10 22
19 21 29
10 13 8
22 0 8
14 17 11
5 6 8
8 9 7
23 1 3
4 6 2
21 22 20
12 12 19
11 14 13
0 4 27
18 18 4
2 4 27
7 8 26
0 1 27
11 13 18
2 3 29
19 20 1
11 14 17
14 17 17
20 23 24
0 5 10
8 11 17
9 11 9
8 12 30
2 5 10
19 20 5
8 9 26
3 6 2
6 8 1
7 9 11
22 23 11
16 17 28
16 19 26
2 3 21
11 13 8
6 9 19
0 2 14
10 12 26
15 16 27
6 7 21
14 17 28
19 21 19
3 5 13
10 11 18
5 7 24
8 9 1
21 22 4
19 21 13
4 8 9
12 12 16
20 22 11
8 9 27
4 7 7
3 6 2
15 17 21
8 9 22
16 19 21
9 11 30
13 15 10
23 1 5
0 2 10
5 6 5
6 7 2
20 21 20
21 0 7
15 17 10
21 0 14
6 8 14
15 18 15
4 6 25
3 5 29
11 12 5
22 22 30
22 23 30
6 9 14
21 23 5
16 17 12
16 17 11
14 17 22
8 11 3
6 9 6
23 0 21
12 15 25
3 7 17
2 4 25
20 21 3
10 11 15
7 9 23
10 12 8
15 16 22
7 10 21
7 10 17
5 7 22
21 22 15
20 22 11
4 6 26
1 3 17
10 11 20
21 0 11
23 0 30
12 14 3
11 13 21
11 13 27
23 2 14
5 9 7
7 8 28
18 22 5
10 13 10
14 15 18
17 20 25
11 14 10
9 9 1
10 9 13
5 6 17
10 12 24
18 21 23
9 12 26
15 18 7
4 7 23
0 3 16
12 13 13
18 20 28
10 12 30
9 12 25
0 2 7
0 3 21
20 21 9
16 18 21
8 10 11
14 16 17
2 3 7
12 15 29
17 20 7
6 7 20
9 12 4
5 8 28
4 4 20
9 10 12
22 1 14
23 1 11
20 22 20
20 20 15
9 11 12
21 0 20
17 20 19
4 3 13
5 9 21
11 12 18
15 18 11
4 7 20
1 1 21
17 20 6
14 15 1
23 0 2
15 16 30
9 11 17
16 19 10
16 18 16
0 2 9
3 7 17
4 5 8
15 17 26
1 1 12
16 17 27
1 3 5
6 9 10
22 0 1
3 6 27
10 11 11
23 1 5
9 11 14
19 22 10
13 16 27
10 12 28
1 4 5
2 4 15
20 20 27
11 12 3
22 23 27
18 19 4
14 17 9
22 0 18
22 1 30
8 9 5
7 10 26
7 6 12
6 8 20
18 20 29
10 14 12
17 19 21
8 8 30
14 16 13
13 15 10
0 1 4
17 18 8
9 12 22
4 6 22
23 1 15
0 1 24
20 23 16
10 12 1
21 0 22
22 23 21
5 5 18
11 14 4
17 19 9
6 7 11
1 2 28
11 13 27
6 7 29
23 1 21
22 0 1
12 14 21
23 1 5
4 6 30
4 6 21
8 11 23
6 8 17
10 12 10
14 16 23
21 23 29
3 6 20
20 22 16
16 18 12
4 5 21
2 3 17
22 23 28
21 23 18
3 5 22
22 0 28
3 4 4
2 6 17
23 2 23
13 15 22
0 3 28
13 15 24
10 13 14
20 22 10
2 5 16
7 9 22
12 14 25
1 3 16
7 8 9
17 18 26
21 0 26
17 19 4
17 21 30
0 1 18
0 3 16
6 9 25
9 11 17
18 21 4
1 4 29
13 15 27
7 9 10
14 16 3
3 5 16
17 19 29
18 21 2
13 16 22
18 22 12
9 12 8
1 3 5
13 14 3
13 15 4
11 14 26
7 8 11
12 14 13
12 15 2
14 18 27
9 11 15
10 13 1
15 16 24
9 10 23
6 8 2
21 0 21
21 22 1
16 17 7
21 22 5
4 5 1
8 12 21
18 20 3
23 1 8
17 21 6
17 19 14
4 6 18
15 17 2
18 19 13
4 6 13
14 15 23
13 15 14
6 8 8
17 18 12
9 14 26
12 14 10
18 19 6
16 18 14
10 13 29
23 3 16
5 7 28
22 23 25
22 0 26
14 16 21
1 2 24
5 9 8
17 19 20
21 22 30
21 0 23
5 7 15
8 12 7
17 19 23
7 10 29
18 22 4
7 10 2
1 6 29
19 22 19
10 14 16
18 19 21
22 0 14
4 6 13
0 3 17
10 12 27
2 5 6
8 10 30
8 10 2
6 7 19
21 22 25
21 23 6
3 5 27
9 10 29
7 9 22
10 12 5
6 9 11
6 9 15
4 8 27
21 0 3
22 23 7
19 20 30
16 19 15
12 12 8
21 22 7
6 8 30
19 22 5
20 0 14
22 23 23
21 0 25
2 4 1
10 12 9
18 19 6
2 4 1
3 6 26
22 1 21
22 0 14
12 13 9
6 8 17
5 6 1
9 11 19
14 16 5
8 9 3
16 19 5
22 23 17
7 10 24
18 19 5
4 6 3
9 11 8
15 16 2
17 19 10
20 23 19
23 2 15
9 12 3
2 5 12
5 8 19
17 19 27
1 3 17
13 16 10
4 6 24
7 10 1
2 4 16
10 14 3
13 15 19
23 1 23
0 2 20
17 20 15
18 20 19
12 16 11
22 0 23
6 6 26
7 9 19
8 9 18
3 5 24
3 6 4
22 0 20
7 9 11
7 9 19
5 7 26
3 5 8
1 2 25
21 0 3
12 16 23
1 2 5
10 12 10
15 17 12
2 4 29
11 13 28
22 0 30
16 17 9
7 8 1
21 23 10
1 4 30
2 3 12
3 5 10
11 12 25
7 10 19
21 0 4
1 4 14
23 1 1
0 1 19
8 9 28
0 1 30
22 0 5
2 5 25
0 3 7
22 2 2
10 14 8
1 4 16
20 23 30
19 21 19
22 1 25
3 5 21
23 3 11
17 19 9
11 15 28
12 14 2
3 4 15
18 18 12
23 22 13
10 12 5
18 20 20
1 2 26
12 15 11
7 8 21
4 6 4
21 21 28
0 2 11
2 2 14
15 18 7
1 2 18
13 17 13
21 0 23
21 1 19
5 7 8
23 2 12
7 9 3
4 5 9
19 21 12
18 19 29
22 23 9
18 18 25
5 7 18
15 19 27
20 22 11
15 18 27
15 16 5
23 1 26
3 6 9
14 16 23
8 11 3
6 7 19
7 9 3
14 15 20
12 15 24
13 14 27
2 3 15
9 11 28
12 14 26
17 20 21
12 15 20
20 23 22
10 11 24
17 19 23
3 5 7
23 23 29
20 22 8
12 13 7
9 10 6
19 20 21
17 19 19
4 5 17
18 19 23
23 2 6
11 13 15
4 6 21
4 7 24
3 5 26
2 3 3
16 18 11
10 12 6
2 3 10
18 20 21
17 18 6
21 23 29
5 8 27
6 10 1
0 1 23
7 9 10
1 3 10
18 20 11
4 4 13
12 15 22
5 7 26
16 18 6
2 4 27
23 0 14
5 6 11
12 13 4
21 0 24
17 20 13
19 20 28
17 19 29
9 8 15
9 12 13
4 6 30
12 13 13
14 15 28
23 1 25
2 4 16
15 15 11
4 6 30
1 2 21
20 22 15
7 9 23
21 23 17
19 19 8
2 4 4
13 14 5
12 12 27
7 10 20
1 3 23
14 16 13
19 21 21
2 4 30
1 3 26
11 12 19
5 7 19
16 18 8
23 1 30
19 21 9
3 6 28
9 11 8
20 22 24
5 7 26
7 9 5
7 9 16
4 7 4
7 9 25
11 15 8
10 11 5
17 18 7
17 20 25
20 22 11
14 17 19
0 1 7
10 12 9
19 21 17
9 11 8
7 9 18
0 2 7
18 20 15
20 22 16
22 1 15
1 4 28
22 2 10
5 9 21
3 4 24
3 5 15
13 14 16
23 23 21
23 0 4
4 6 13
6 8 22
17 19 16
9 12 6
11 12 7
20 23 2
9 11 17
12 14 8
9 10 19
19 21 27
8 12 7
9 10 30
2 3 23
13 13 8
23 2 18
20 20 23
15 16 28
12 14 7
18 20 1
16 19 5
0 1 10
19 22 21
22 1 10
11 13 17
22 1 2
0 4 29
5 7 13
2 4 18
10 12 23
4 6 8
5 8 29
3 6 7
1 4 14
10 10 3
10 12 19
20 21 5
14 17 1
15 17 18
13 16 24
9 11 6
18 19 16
23 3 28
5 7 11
12 15 18
15 17 8
18 20 30
10 13 28
12 13 12
18 20 18
6 6 18
6 9 21
19 19 23
5 7 11
12 15 12
2 4 17
7 8 19
6 6 14
19 20 25
11 13 27
19 20 9
1 3 7
17 18 4
9 11 2
13 13 17
6 7 14
13 16 25
21 22 20
12 13 4
4 6 15
7 8 24
14 15 16
8 10 6
7 8 22
14 16 11
18 21 23
12 13 10
10 13 16
7 10 17
1 3 25
9 9 20
1 3 29
18 20 6
13 13 7
1 2 6
2 5 26
17 18 20
18 18 12
20 21 10
16 17 15
7 9 24
18 20 12
14 16 28
6 8 20
15 17 23
22 0 7
18 22 16
23 2 6
7 8 1
9 10 12
22 0 14
10 10 16
0 2 25
15 16 10
22 1 18
11 11 16
9 12 17
22 22 29
15 16 26
23 0 7
10 11 28
15 18 15
3 6 30
17 18 21
19 21 18
8 10 23
22 0 25
3 5 13
9 12 17
12 13 17
16 19 15
22 0 25
20 23 4
9 8 4
17 21 14
7 9 8
22 0 12
4 7 23
13 15 24
17 19 5
17 19 2
19 20 28
3 5 24
15 18 2
14 17 21
22 0 9
7 9 24
0 0 28
13 17 23
16 19 22
8 10 7
14 15 13
20 23 17
13 15 30
10 11 21
15 17 22
17 19 14
18 19 7
3 4 25
5 7 11
0 1 10
0 1 24
22 0 28
15 18 14
2 5 28
0 2 24
15 17 10
16 17 8
7 9 15
20 22 4
1 3 20
17 18 15
8 8 9
0 2 11
1 3 19
16 18 11
13 16 4
5 6 19
1 2 3
5 8 6
5 7 24
12 15 3
7 10 18
19 19 7
11 14 13
8 9 6
1 4 10
20 22 20
18 22 30
22 1 23
10 11 12
9 12 14
20 22 2
23 2 25
21 23 28
3 5 10
23 0 14
12 14 2
15 16 10
18 20 29
19 20 14
22 0 11
19 20 13
3 4 12
19 20 27
19 21 5
1 3 1
5 7 10
8 9 19
1 4 22
21 23 2
17 18 4
23 2 17
16 18 7
8 9 22
22 2 13
1 4 1
16 19 27
19 20 1
3 5 30
23 0 17
20 22 26
18 21 19
7 10 7
15 15 24
21 0 25
0 0 23
3 5 6
11 12 22
6 9 19
23 1 19
3 6 9
13 16 19
21 22 8
13 14 16
8 10 26
12 13 28
13 16 23
11 13 19
11 12 7
20 23 1
4 6 12
22 2 6
14 16 7
14 18 1
19 21 27
20 21 10
14 17 21
12 15 14
10 11 27
4 7 5
1 3 12
17 19 5
0 1 6
16 20 12
13 13 6
1 2 20
13 15 28
9 10 11
13 16 1
11 13 4
22 1 27
17 18 1
2 3 5
3 4 16
18 20 28
12 14 22
4 5 5
1 3 22
1 3 17
1 2 18
5 8 19
5 8 27
8 10 16
1 2 22
3 5 3
14 16 5
5 5 12
21 0 13
18 20 29
16 16 18
22 0 1
8 10 9
1 0 14
0 1 17
9 12 9
10 13 7
18 20 5
10 11 10
9 12 10
15 16 22
12 13 29
5 7 2
2 3 1
18 18 25
6 7 10
13 15 14
10 12 26
11 12 22
15 18 6
10 11 8
4 9 23
0 2 28
15 17 26
21 0 9
10 12 20
11 14 3
22 2 9
1 4 23
9 12 26
17 17 13
18 19 16
7 10 27
14 16 3
22 1 14
0 3 11
5 6 11
21 0 3
23 22 1
1 2 11
15 16 17
9 11 7
16 17 21
19 22 16
12 14 25
9 9 20
11 13 25
21 1 27
23 1 2
10 13 25
13 16 19
22 0 17
18 20 17
7 10 20
22 0 23
20 22 27
12 14 19
22 0 27
3 3 23
11 11 10
0 2 19
16 19 20
3 6 17
22 0 7
1 4 27
12 15 1
11 12 23
21 22 27
16 21 13
19 20 7
23 2 4
1 4 17
6 9 20
11 12 24
3 6 11
12 15 10
23 1 23
9 10 3
8 12 6
13 15 22
16 17 13
13 15 19
10 13 2
6 8 15
18 22 29
1 2 17
0 2 2
7 11 5
12 14 5
16 17 28
15 17 18
14 15 28
18 20 11
1 3 30
13 14 29
14 17 19
10 12 17
6 7 8
19 20 22
8 10 26
12 14 11
6 9 4
17 19 10
6 9 15
20 23 1
7 10 10
0 3 27
12 15 18
18 21 16
4 7 3
1 4 22
16 20 19
11 12 18
23 1 6
15 16 8
18 20 22
9 10 23
15 16 8
6 8 17
5 5 18
9 10 1
17 19 3
6 8 4
23 0 9
16 19 1
20 21 6
6 8 24
9 12 11
5 7 2
17 18 18
0 2 4
3 4 18
12 13 8
2 5 16
5 9 24
23 2 11
20 21 20
0 4 19
5 8 17
1 4 20
6 8 22
21 21 15
3 5 26
12 13 15
9 11 1
23 1 9
0 2 4
5 8 13
16 19 17
8 9 28
12 12 5
8 12 29
22 0 23
10 12 18
15 17 29
9 12 7
2 4 9
15 18 3
9 11 23
21 23 1
2 4 11
17 19 18
16 17 14
4 5 19
17 19 7
1 2 22
9 11 20
8 9 25
9 13 15
1 2 26
17 19 27
9 10 9
23 4 4
9 12 6
2 4 18
22 23 4
16 18 20
10 12 4
17 18 1
21 22 1
13 16 11
3 4 19
10 12 8
15 16 1
7 9 11
19 20 27
4 5 26
11 13 9
9 11 26
17 20 28
23 2 20
19 23 2
12 15 21
10 13 13
15 18 11
16 17 26
8 10 8
3 5 25
5 7 3
22 0 1
20 21 15
2 4 22
10 11 8
0 2 29
11 13 13
3 5 19
10 13 14
17 20 5
17 19 21
10 12 28
3 4 10
17 20 30
6 8 19
11 15 2
0 3 21
19 22 19
3 5 14
23 23 6
15 16 24
7 10 23
2 4 2
2 4 28
3 6 1
1 2 7
14 16 6
3 5 4
14 14 13
14 18 22
11 14 3
20 0 13
9 11 22
18 19 11
7 9 24
12 15 21
7 9 17
14 17 1
8 10 2
15 15 27
20 23 15
3 5 9
18 22 2
11 13 14
11 12 13
19 20 6
19 21 21
17 18 28
5 8 24
12 13 2
17 19 6
6 9 5
19 21 9
22 22 5
2 3 4
11 14 10
11 13 19
9 11 30
19 22 9
19 22 3
16 19 17
1 3 5
2 5 21
10 12 10
20 22 18
15 18 27
9 12 18
19 21 27
12 14 4
18 20 17
23 1 28
0 2 28
5 7 21
20 22 25
9 11 22
16 18 5
4 8 20
14 15 10
3 6 28
6 8 14
17 18 26
12 15 2
8 9 26
10 13 1
16 18 11
4 5 30
3 5 11
18 21 11
13 16 5
15 17 6
16 19 12
21 1 9
4 6 6
19 21 29
18 18 11
21 23 1
4 5 21
23 0 16
13 15 10
14 16 6
11 13 27
16 17 22
6 8 12
1 4 13
19 20 5
20 0 3
4 4 24
9 11 27
21 22 25
13 17 16
5 7 16
4 7 28
17 21 12
9 11 27
5 9 16
15 16 3
18 21 13
15 16 29
9 11 20
20 21 21
0 2 19
2 4 15
10 12 18
16 19 3
20 21 27
21 23 24
6 9 23
9 10 14
13 14 17
4 6 9
9 10 2
4 7 6
3 4 14
20 21 21
17 19 24
7 8 14
17 18 7
17 19 25
8 12 2
17 18 14
16 19 20
9 10 14
11 13 6
8 9 22
21 23 7
20 21 19
22 1 18
1 1 10
12 15 5
16 17 13
1 3 2
7 10 21
7 7 15
2 3 15
17 18 19
16 18 10
18 22 12
16 18 1
2 4 30
16 17 13
20 22 7
20 0 29
5 7 30
3 5 30
3 5 12
22 1 1
17 18 2
0 3 1
19 21 20
13 14 2
12 14 17
21 23 19
6 10 24
4 6 30
5 8 6
16 17 8
8 11 4
22 1 14
12 14 4
20 22 24
15 19 18
12 14 30
5 8 26
13 15 9
6 7 14
16 18 26
7 8 13
10 12 29
5 5 19
6 8 23
8 10 7
0 2 22
16 17 8
16 19 16
14 17 11
16 18 21
2 3 25
16 18 10
5 7 10
18 21 30
19 21 12
17 20 5
19 23 14
1 2 7
22 23 29
1 4 29
0 2 5
6 9 16
3 5 24
19 20 27
21 0 19
15 16 24
19 20 9
16 19 11
0 4 23
10 13 22
14 16 28
16 18 10
20 21 9
5 6 10
18 20 28
21 0 17
7 7 22
17 17 1
14 17 28
4 5 20
10 12 22
3 5 3
21 22 13
9 11 20
23 1 25
2 3 28
12 12 20
17 18 29
19 22 7
17 18 19
2 3 8
7 9 19
19 21 10
8 11 2
12 14 23
23 0 20
2 2 14
2 4 29
5 7 2
11 12 3
1 4 25
23 4 29
0 3 2
15 16 23
14 17 14
6 8 4
5 8 26
14 15 21
10 11 12
9 11 15
1 3 15
23 1 27
15 18 25
6 8 3
10 13 10
9 11 2
19 21 16
3 4 3
7 9 15
17 18 23
9 11 19
22 0 6
1 6 20
16 18 28
13 14 2
3 4 4
1 2 29
17 19 5
21 23 29
0 1 26
11 12 23
5 9 29
6 8 22
9 10 8
5 6 27
1 3 4
16 19 30
16 17 23
10 13 19
3 3 2
19 21 5
18 18 28
10 12 28
12 14 23
10 11 15
14 15 1
6 10 21
13 14 20
2 5 22
21 0 25
16 19 27
12 13 4
18 19 9
19 21 2
20 19 15
5 9 25
2 6 11
18 20 27
9 11 17
19 19 1
9 11 13
7 9 23
8 11 6
2 6 6
15 17 14
20 21 20
18 21 8
4 6 5
14 16 6
12 15 2
20 22 15
22 0 2
7 9 13
12 15 8
6 8 30
15 17 17
4 6 13
20 22 25
13 15 6
7 8 1
19 21 14
5 7 12
20 21 15
16 19 14
22 23 9
19 22 18
11 11 16
23 1 10
12 15 16
18 19 22
16 19 20
5 7 8
3 6 25
9 11 14
8 8 12
20 0 13
17 19 23
12 14 3
19 19 10
13 17 8
20 22 28
11 14 16
18 20 30
18 19 13
5 8 25
12 13 9
22 1 27
17 18 14
2 6 5
16 17 25
22 23 11
1 3 19
4 6 29
2 5 4
3 5 9
12 13 23
7 8 1
18 20 25
14 17 30
14 15 5
15 17 6
8 11 2
19 22 25
7 9 3
7 10 23
12 14 1
23 2 9
8 9 24
18 19 21
17 20 3
13 15 5
21 0 12
21 23 24
0 3 8
8 10 26
0 0 29
3 6 6
18 22 21
16 18 17
2 5 28
18 22 18
16 17 21
16 19 22
10 12 2
14 15 21
22 1 7
20 23 15
22 23 30
21 22 22
6 7 19
6 7 15
2 3 16
2 4 30
4 6 3
6 9 27
19 21 29
18 21 16
7 10 13
1 3 7
10 12 24
18 19 26
21 0 24
19 19 28
23 1 14
10 13 6
16 19 1
18 22 23
13 14 3
11 13 24
21 1 12
7 9 12
23 2 18
10 12 5
15 19 17
1 2 20
7 9 3
8 9 28
1 3 27
1 3 29
19 21 4
8 10 18
2 4 13
13 17 11
10 13 17
9 10 1
10 12 21
1 -1 1
0 2 30
12 14 10
14 16 16
12 14 18
1 4 3
12 13 18
8 9 24
11 12 11
4 5 3
19 20 13
6 9 1
14 15 10
9 11 10
23 3 1
17 18 24
7 9 30
18 20 30
16 22 5
7 9 29
9 11 24
18 19 21
11 13 10
22 0 30
21 23 6
16 17 27
17 20 6
13 16 26
14 14 6
14 16 29
17 19 13
4 5 20
1 3 23
9 11 2
3 7 10
14 16 14
8 11 18
13 13 10
17 19 12
21 23 1
0 2 17
20 21 19
15 17 21
10 12 27
12 14 29
12 13 7
15 18 12
7 9 3
17 18 23
6 8 18
17 18 28
18 19 27
22 23 21
20 22 29
22 22 4
20 22 9
4 7 8
1 2 27
17 18 15
0 3 8
13 16 11
4 5 22
4 7 4
11 13 10
23 2 22
12 15 5
4 6 29
4 4 16
9 13 18
15 16 19
21 23 29
20 20 23
0 0 8
17 19 5
0 2 15
13 14 23
8 10 29
15 18 12
19 21 15
16 18 16
23 1 15
21 0 29
12 14 11
7 10 25
8 7 23
18 20 3
15 17 12
13 15 14
6 7 2
16 17 4
7 11 11
11 12 22
4 4 17
18 19 16
16 17 12
1 2 4
3 6 21
9 12 17
3 5 11
21 22 16
0 2 28
18 19 30
11 14 16
11 12 25
9 10 22
20 21 27
9 11 4
1 3 9
6 9 25
7 9 26
17 18 21
12 12 15
23 1 11
22 0 29
17 20 10
8 12 13
15 17 30
16 17 28
11 14 16
8 11 8
15 18 27
15 17 24
8 11 1
12 14 21
6 8 17
17 21 8
22 0 1
17 20 21
0 2 7
6 9 19
8 12 12
21 23 20
2 6 19
22 1 16
13 16 17
6 7 1
20 21 9
21 23 2
19 23 13
13 17 20
7 9 27
3 4 30
23 22 1
17 19 27
8 10 13
6 8 12
7 8 26
21 23 25
1 3 12
15 15 19
7 8 22
22 0 20
7 8 13
0 3 7
12 16 27
18 20 30
9 11 1
5 8 26
23 2 21
4 7 26
17 19 9
7 9 25
4 6 4
17 19 14
2 3 9
4 6 5
21 23 13
22 22 12
15 19 5
22 23 25
23 1 14
20 21 22
1 3 4
3 4 8
13 15 21
19 21 19
0 4 18
17 18 4
19 21 20
5 8 10
9 11 24
10 11 16
4 5 27
3 4 1
21 23 18
5 8 23
10 12 2
17 20 25
16 18 13
4 6 11
5 7 28
16 18 7
16 18 3
6 6 26
0 4 15
16 18 6
11 13 28
19 20 29
14 18 26
22 0 8
6 7 14
1 2 6
3 6 11
15 17 29
9 10 17
0 2 27
21 22 6
2 3 16
13 15 28
12 14 27
7 9 25
16 18 7
0 3 23
18 21 13
8 8 4
20 23 2
12 14 13
4 6 29
20 21 20
14 17 21
18 19 20
13 15 4
9 12 27
13 15 15
11 13 3
4 4 25
17 20 17
17 19 10
0 4 10
8 9 22
13 15 5
20 22 4
8 10 2
4 6 23
23 1 4
9 12 9
3 6 7
15 16 13
19 22 28
7 9 6
17 20 11
12 13 30
0 2 25
11 12 21
4 5 19
18 19 2
13 16 12
4 6 14
14 17 13
12 14 8
15 16 7
1 3 3
23 2 16
1 2 20
7 8 29
1 5 5
5 7 9
20 22 10
11 14 26
1 2 3
14 15 5
2 5 5
17 19 23
13 16 24
12 11 20
14 15 15
14 16 22
11 12 1
15 18 13
19 20 27
19 21 13
6 10 8
5 8 26
13 14 30
16 17 18
15 16 5
0 0 14
4 6 14
2 3 6
11 13 12
2 5 22
21 0 15
1 4 27
7 8 16
2 5 24
6 9 22
15 17 8
10 11 22
13 15 20
1 2 24
6 6 21
10 14 4
16 19 6
18 20 16
11 11 28
12 16 8
23 0 18
8 11 28
6 7 15
5 6 5
18 22 28
14 16 27
21 1 15
1 2 18
23 1 9
23 0 1
3 5 29
2 3 12
20 23 20
9 12 29
11 12 5
18 20 18
11 13 21
3 5 5
2 4 11
13 15 22
0 2 30
12 14 14
5 8 7
13 15 16
9 11 16
23 1 27
14 15 20
3 4 18
0 1 16
10 12 15
1 5 19
13 16 30
0 2 6
3 5 18
14 14 7
20 20 2
3 5 1
4 7 8
22 1 20
13 14 17
6 7 12
20 21 4
7 9 18
17 19 30
2 3 9
22 23 29
6 9 18
20 23 9
23 0 25
0 1 19
12 14 21
12 15 10
18 22 27
18 20 14
21 22 6
22 2 4
18 19 23
23 0 13
0 0 25
6 9 13
23 0 27
10 12 17
20 22 4
11 14 26
14 16 29
15 18 24
15 17 23
14 15 13
0 2 27
22 2 13
5 6 24
1 1 13
6 7 14
17 20 10
13 17 21
16 18 19
8 10 25
16 18 10
5 7 3
4 7 23
23 23 24
5 8 4
2 5 22
19 22 19
18 21 18
10 11 24
10 12 6
8 12 2
3 5 25
0 3 30
7 8 16
3 5 12
13 15 8
1 3 18
9 10 25
2 2 26
18 21 9
4 5 27
1 4 16
20 22 19
20 21 17
20 22 25
14 16 13
7 8 16
23 1 6
15 18 22
23 1 29
0 0 28
9 13 20
8 11 13
17 18 14
2 4 23
0 3 13
11 13 15
22 1 14
1 4 25
9 13 16
7 8 18
16 17 4
22 0 19
16 18 8
17 19 24
19 22 16
19 21 16
1 3 20
22 0 19
11 12 3
13 14 16
11 15 14
23 2 4
10 11 1
9 12 26
17 19 22
14 18 4
4 6 30
11 12 9
9 11 16
14 17 23
16 20 30
1 2 18
0 4 8
19 22 27
15 17 28
9 10 3
12 14 8
17 19 4
19 19 25
2 5 4
20 22 14
20 21 26
3 4 2
17 18 4
7 10 12
16 19 15
10 13 8
14 16 1
8 9 4
14 15 2
19 23 16
1 4 22
9 12 28
16 18 1
4 8 13
12 15 16
17 19 29
5 8 19
21 0 3
18 20 13
23 2 8
18 21 29
2 4 5
4 7 27
1 3 12
7 8 29
0 3 13
20 22 21
18 20 14
21 22 2
7 7 18
17 21 22
3 2 9
16 17 26
17 20 13
13 14 12
4 6 12
23 1 25
12 14 9
8 8 14
19 20 6
17 19 8
12 15 5
22 1 20
14 17 3
3 4 29
18 18 14
10 14 18
22 2 15
2 4 8
23 2 10
19 22 17
10 13 13
1 4 12
1 3 10
5 7 15
15 17 2
2 3 22
8 10 16
1 3 23
1 4 26
6 8 11
16 18 24
14 15 28
12 15 25
21 23 27
0 1 15
7 9 23
22 0 30
9 11 7
10 13 5
9 12 22
12 13 26
8 10 22
19 20 26
23 1 20
5 7 21
17 19 10
4 5 13
15 18 29
5 7 18
4 7 21
17 20 14
7 9 1
16 17 15
5 6 14
22 0 19
6 8 29
18 18 27
3 7 9
1 1 16
12 13 5
18 22 25
11 13 29
20 22 25
19 21 7
0 2 15
22 0 5
11 14 7
17 19 9
2 4 10
2 3 3
22 0 27
10 12 30
1 5 14
6 7 25
17 19 9
19 23 25
20 20 3
0 4 4
15 18 3
12 14 15
0 1 7
1 3 19
11 12 5
20 21 3
17 20 27
18 20 6
1 2 6
16 17 2
12 15 1
21 23 7
20 20 24
6 9 13
19 22 10
5 5 9
4 8 5
21 21 9
9 10 18
10 12 21
18 21 7
11 14 6
5 7 6
22 1 9
14 15 1
19 21 29
18 19 6
7 11 19
18 19 16
12 14 16
0 2 20
19 21 9
18 19 21
23 0 14
12 15 23
18 21 12
21 23 24
23 1 30
19 22 13
2 4 4
19 23 22
23 0 30
17 17 3
13 15 22
2 4 1
6 7 22
0 1 9
10 11 9
15 17 2
9 11 14
5 7 11
12 16 18
20 22 1
23 2 13
10 12 12
0 3 17
5 6 20
17 20 13
23 2 21
15 15 7
13 14 7
4 6 9
16 17 19
7 9 6
0 2 15
1 3 13
19 21 22
12 14 7
3 3 17
0 2 10
9 11 11
22 0 25
3 4 15
9 10 17
3 3 25
20 0 6
19 20 27
19 22 14
19 22 14
5 6 7
1 4 3
6 7 27
15 19 28
2 4 20
0 1 25
1 2 8
2 4 29
8 9 2
11 13 30
17 19 1
13 15 12
9 11 10
14 17 24
7 9 26
15 17 27
11 12 20
19 21 18
6 8 15
1 3 1
1 5 13
2 3 12
6 8 19
7 7 2
12 15 26
21 23 16
12 14 3
19 21 22
15 16 20
22 22 26
5 7 29
17 20 9
0 1 22
9 10 23
12 14 24
4 6 21
12 14 2
19 22 8
21 1 27
19 21 9
11 12 25
11 13 22
16 16 4
6 9 4
23 0 6
15 18 13
13 16 23
11 15 27
20 21 13
13 15 13
6 9 24
17 19 26
14 17 19
7 7 12
4 5 8
6 7 27
3 6 16
1 2 14
21 23 8
6 7 28
9 10 15
6 8 2
6 8 14
20 20 4
6 9 27
0 3 6
9 11 12
2 4 15
15 15 25
2 4 21
11 14 4
3 3 3
20 22 6
20 22 16
9 11 9
19 20 26
10 12 1
1 2 19
13 14 23
17 18 28
5 6 21
3 6 24
1 4 13
20 22 12
15 16 25
2 3 23
7 9 11
14 14 20
13 16 3
14 15 9
10 12 30
4 6 16
2 2 15
9 11 2
2 5 23
4 6 28
10 13 30
17 19 22
10 12 21
12 15 3
6 7 7
9 12 16
21 23 24
18 21 12
17 18 5
13 14 5
16 19 18
13 14 7
1 3 3
3 4 18
6 10 5
10 13 8
6 10 16
1 4 25
7 9 20
20 21 28
22 1 24
23 1 19
1 3 27
9 12 4
12 16 7
7 6 12
23 1 2
20 22 14
15 18 30
3 6 23
6 7 13
12 14 18
20 23 12
12 16 23
17 16 15
6 7 24
14 16 2
6 8 9
3 5 26
1 2 25
1 4 14
12 14 7
23 23 30
11 12 29
15 16 24
2 4 15
19 20 23
21 22 26
0 4 1
14 14 27
18 20 29
18 20 20
20 23 10
16 16 11
9 11 10
3 6 7
11 14 3
23 0 13
1 3 14
2 4 4
10 13 15
18 19 30
16 19 14
19 20 30
20 22 25
21 23 9
4 4 7
20 22 27
0 3 26
23 2 28
12 14 7
14 16 9
15 17 28
23 1 6
