2980 30
24 26 25 23 4 30 11 21 13 8 26 23 26 16 18 11 6 29 29 9 9 9 15 29 24 26 15 22 3 22 
19 23 25
3 5 13
1 2 13
9 11 11
9 11 14
9 11 25
18 21 11
3 5 27
18 21 26
10 12 26
9 12 5
23 1 23
12 14 23
11 15 8
20 23 15
9 11 25
21 21 19
10 11 12
1 3 9
19 21 16
10 11 23
2 5 14
5 6 29
21 1 22
11 15 29
0 3 10
7 9 13
10 13 28
19 20 29
10 12 18
4 3 23
18 20 7
15 17 10
2 5 28
1 3 10
23 1 19
13 15 23
14 17 1
3 4 29
14 17 24
13 15 17
0 3 22
20 23 19
1 3 7
7 8 27
4 5 9
12 13 14
19 22 5
8 10 12
7 10 14
13 15 22
8 10 1
0 0 22
13 15 25
20 0 30
11 13 24
16 18 13
19 20 28
21 23 23
3 5 15
12 14 28
21 1 8
18 19 17
1 4 4
21 22 20
11 13 26
9 11 2
7 8 1
1 2 18
5 8 19
9 12 13
15 20 10
5 6 23
0 1 26
6 8 22
4 5 10
12 14 8
19 21 5
0 1 17
9 13 14
19 21 25
7 9 13
16 16 6
15 17 26
20 23 18
5 7 11
1 4 6
18 18 18
1 3 25
4 6 24
17 20 14
8 10 11
1 2 19
20 23 17
2 4 18
18 19 12
20 23 10
5 6 18
17 18 14
15 19 6
18 21 25
5 6 14
19 22 13
23 2 2
6 10 26
7 11 8
2 3 14
3 6 28
10 12 2
11 13 9
4 6 18
22 0 8
1 4 27
20 23 14
3 5 7
5 7 30
1 4 9
9 11 15
20 21 27
8 12 1
23 3 25
3 4 19
12 15 14
10 12 10
8 12 8
7 8 26
6 9 15
13 15 8
23 2 28
4 6 12
20 22 25
18 21 21
13 16 3
1 2 20
0 2 13
21 23 15
16 19 6
0 2 7
23 2 26
16 19 12
18 19 11
1 3 15
4 5 17
20 20 25
2 5 30
6 8 18
5 9 12
15 17 2
16 18 9
3 6 25
16 18 19
12 15 30
14 16 14
7 10 29
16 18 6
17 19 20
3 5 23
19 23 11
13 15 8
18 21 14
23 1 19
6 7 26
14 17 30
5 7 30
13 14 21
5 8 29
22 1 19
16 20 9
14 15 5
1 3 16
7 7 9
18 19 21
15 19 10
6 9 18
2 5 3
3 6 24
18 20 25
10 13 27
18 21 11
12 14 21
11 13 19
22 23 23
14 17 30
5 6 2
18 22 13
19 21 17
11 15 2
12 13 8
10 12 8
18 21 26
19 22 17
14 17 15
9 10 15
3 4 18
7 7 2
7 8 6
5 9 18
13 16 30
13 15 20
11 12 1
8 11 29
15 17 9
8 10 30
22 23 5
4 5 2
17 19 7
17 20 20
20 23 15
19 19 4
10 13 16
14 16 4
12 16 10
9 11 17
20 22 7
14 15 15
2 5 30
1 4 5
19 20 2
17 19 1
20 23 3
13 14 19
7 9 30
23 3 23
11 14 12
20 22 26
15 16 16
17 18 18
11 13 22
18 20 8
21 23 10
10 11 6
13 16 4
16 18 12
22 22 21
6 9 30
18 19 2
5 9 10
20 22 25
0 1 24
13 15 9
14 16 4
8 9 11
3 4 4
22 0 16
2 5 19
16 18 22
6 9 13
4 5 28
8 10 4
19 21 3
13 14 13
0 1 8
1 2 19
14 15 17
12 14 4
15 17 16
11 13 5
5 7 13
3 7 26
12 15 27
9 13 20
7 11 27
18 20 20
4 7 26
10 12 28
19 21 29
20 23 28
8 10 24
19 22 17
17 20 19
10 12 21
12 16 26
2 4 21
20 23 18
2 2 25
6 6 10
9 11 5
17 20 16
22 0 30
9 11 14
11 12 27
22 1 21
22 0 7
15 17 17
4 6 30
18 21 12
13 15 21
5 7 21
13 15 14
17 20 25
11 13 26
16 19 29
19 20 28
22 0 28
8 9 16
16 19 29
14 16 27
11 12 29
19 23 8
10 13 3
19 21 27
21 23 29
12 15 1
21 1 7
12 14 5
17 20 5
6 9 27
23 0 12
14 17 22
13 14 24
9 11 30
1 3 28
10 12 27
17 18 27
11 12 14
10 11 19
17 19 17
0 3 7
4 5 13
20 22 21
18 19 15
2 4 22
2 4 14
23 2 11
11 14 10
18 19 24
12 14 27
12 14 23
21 0 8
7 9 25
3 4 25
21 22 23
20 22 27
1 3 18
21 23 15
2 4 12
4 5 2
16 16 22
2 4 24
22 0 14
7 9 24
5 8 23
22 23 1
6 9 24
1 5 6
11 11 13
15 16 9
5 6 19
19 22 3
15 16 17
3 5 29
6 6 14
8 8 19
6 9 16
21 23 17
1 4 6
2 2 21
21 23 4
23 0 12
2 6 24
14 15 14
0 2 16
19 20 19
22 0 13
5 6 9
10 13 21
11 14 23
19 21 3
22 0 17
11 14 27
5 9 2
2 4 10
14 16 2
5 6 18
12 14 15
4 6 13
3 4 23
15 15 2
0 2 29
10 12 27
8 8 20
23 23 18
14 16 1
17 18 24
14 18 12
11 12 19
18 20 1
5 6 19
9 12 4
3 5 13
15 17 12
14 15 17
8 11 12
5 6 10
23 1 12
6 8 24
11 13 6
6 7 4
1 4 23
6 9 19
3 5 5
10 12 30
2 5 21
0 1 12
15 17 22
3 6 28
12 13 11
22 1 2
8 9 16
4 6 14
4 5 24
5 6 5
21 0 18
11 13 29
7 9 7
13 15 2
0 2 19
21 23 8
0 2 2
17 20 15
8 10 24
4 4 10
9 10 7
18 21 3
13 15 26
17 17 8
14 17 13
4 5 13
22 1 6
0 2 12
20 20 15
13 17 24
7 11 24
6 8 20
17 18 23
9 11 2
17 19 18
0 2 11
15 17 26
12 13 17
5 7 18
18 20 16
20 22 19
17 20 24
23 2 14
9 11 17
1 2 25
21 0 3
0 1 20
23 1 25
21 23 18
12 16 13
9 11 23
7 10 12
21 0 19
10 12 29
22 0 5
12 13 11
20 21 30
12 15 20
11 13 14
6 8 23
22 0 5
6 9 20
19 22 19
0 2 28
2 4 9
19 22 15
3 6 10
20 22 20
19 22 30
3 5 27
20 22 6
10 10 22
1 4 28
10 12 2
1 3 30
14 15 2
3 6 11
13 14 29
13 16 29
11 14 1
2 5 16
20 22 2
17 19 21
10 11 29
6 7 27
0 2 29
17 20 11
20 22 19
16 17 9
23 1 21
20 23 7
7 9 22
13 15 26
9 10 22
3 4 27
19 23 1
6 8 22
18 18 15
19 22 14
21 23 3
22 1 17
2 5 11
22 0 22
10 12 14
11 13 4
3 3 6
15 15 16
7 10 4
15 17 30
1 5 9
11 13 2
22 0 4
18 21 3
21 23 10
5 7 15
11 14 14
6 8 19
6 8 28
22 0 23
23 1 18
2 4 10
6 9 10
8 9 23
2 5 15
16 17 9
12 14 15
6 9 23
2 3 19
20 20 6
15 18 10
9 11 6
11 11 9
11 14 16
0 2 7
23 2 10
10 10 22
20 21 17
10 12 9
22 2 19
14 15 26
20 23 29
17 18 18
13 13 30
1 4 18
20 23 29
9 11 26
20 20 26
19 22 5
17 20 7
22 0 3
3 2 2
11 12 25
7 9 15
20 20 30
18 20 17
15 19 19
4 8 21
5 7 21
21 0 23
23 0 22
21 23 18
1 1 1
20 23 10
9 12 25
18 20 16
17 19 14
12 14 24
21 23 18
3 6 8
11 14 24
15 17 6
4 5 8
19 22 5
1 4 29
20 1 18
17 21 8
11 10 3
10 13 28
15 18 16
13 14 6
2 2 17
14 16 3
23 1 25
1 2 27
15 17 9
19 21 28
1 3 24
14 14 3
22 0 3
14 17 10
6 8 23
18 18 3
11 13 14
15 17 8
8 11 1
9 11 10
15 17 22
0 1 13
16 18 5
12 12 19
10 14 27
11 13 6
19 20 12
9 13 3
2 6 8
19 22 28
0 4 1
16 19 14
23 2 25
16 18 1
23 23 3
11 13 11
2 5 28
15 15 20
8 9 28
4 7 24
0 1 16
1 3 16
11 14 11
1 2 26
20 21 24
3 4 22
9 10 20
21 22 11
22 22 3
5 7 23
18 22 15
9 11 26
2 4 4
5 7 18
16 17 17
23 2 13
11 13 20
9 13 19
1 4 23
18 19 23
23 2 24
20 22 28
2 4 21
15 17 8
3 4 26
17 19 18
4 7 16
6 8 14
12 13 22
15 16 12
12 13 22
14 16 10
23 0 18
10 13 18
2 5 16
4 5 3
21 22 1
20 23 14
20 21 6
4 7 3
9 11 21
18 20 12
21 23 6
20 23 17
9 10 19
23 0 14
13 15 5
11 12 6
8 10 24
16 18 23
23 1 12
4 8 28
14 18 21
0 0 10
5 8 18
10 11 14
9 9 30
18 20 28
3 5 9
1 4 28
14 16 1
21 22 21
16 18 6
19 20 18
9 12 28
3 5 20
18 20 4
19 22 11
12 14 1
23 2 6
23 0 8
2 3 12
2 3 24
14 17 18
2 5 2
4 6 20
20 23 22
4 7 6
23 1 9
6 8 10
1 5 19
7 10 9
20 21 7
20 21 19
2 4 16
20 21 17
2 3 30
14 17 24
4 7 20
14 17 16
18 21 9
15 16 2
17 20 14
19 20 22
1 2 17
2 4 1
23 1 24
22 0 9
9 12 5
16 19 23
14 18 28
9 11 26
0 2 15
7 8 1
6 7 16
7 9 11
9 11 12
3 6 7
19 21 24
21 0 7
1 3 20
9 12 9
13 17 27
8 11 14
16 18 27
7 10 28
12 15 15
16 19 11
23 0 15
11 11 6
12 14 10
2 5 12
16 17 7
10 13 13
17 20 14
14 14 16
23 1 6
14 14 10
11 12 1
7 9 5
5 8 14
9 12 22
13 15 8
11 15 2
23 2 5
18 20 21
1 4 5
5 8 19
23 1 26
14 16 5
7 8 29
4 6 2
11 13 20
20 20 16
1 4 11
16 17 30
20 0 4
4 7 13
9 10 12
2 5 19
9 10 29
7 10 23
1 3 20
7 8 6
15 17 15
10 14 22
22 1 3
17 19 12
4 5 29
4 5 20
3 4 12
13 15 23
17 19 26
22 22 9
5 7 4
11 13 29
3 5 16
23 23 26
11 13 7
7 7 2
9 10 17
3 4 18
17 17 6
5 8 8
1 1 9
8 12 12
7 8 27
16 19 5
7 9 1
4 8 27
14 14 27
8 10 5
9 12 3
14 18 3
14 17 20
17 19 29
7 10 17
9 9 6
20 20 17
11 14 30
15 16 24
13 15 7
19 23 3
6 6 8
17 18 9
5 7 16
22 0 30
8 10 9
17 19 3
22 22 7
18 21 3
16 17 29
20 20 1
13 13 19
5 6 11
9 11 20
3 6 1
21 22 19
15 16 15
22 22 18
4 7 24
6 8 22
14 14 21
1 2 4
22 1 21
3 5 22
4 4 24
20 20 10
11 12 9
14 15 16
19 19 13
17 19 27
22 23 22
21 23 14
20 22 23
12 13 29
10 11 6
1 3 6
23 23 2
21 22 24
0 1 25
23 2 6
22 2 19
11 14 7
12 15 23
13 16 15
9 9 28
14 17 10
16 19 3
7 8 18
18 20 24
3 4 16
2 6 23
11 13 27
17 19 6
13 15 18
10 11 5
4 5 5
16 19 15
20 22 23
8 10 17
1 3 5
20 23 14
17 17 29
3 5 14
13 14 29
16 18 2
22 0 15
18 20 3
9 12 30
16 19 11
10 11 18
21 23 21
23 1 16
22 23 13
23 0 3
9 11 5
2 6 19
17 19 4
16 18 30
19 21 18
16 17 12
15 16 18
19 20 10
21 23 22
3 4 18
1 4 16
14 17 5
20 23 29
0 3 29
7 8 6
0 3 25
14 15 28
2 3 15
16 18 1
18 19 15
18 21 2
17 20 27
0 4 23
14 18 12
10 12 12
23 2 25
17 21 11
17 20 20
0 4 24
23 23 4
6 7 26
1 3 27
2 4 3
18 20 9
12 14 29
11 14 27
15 16 5
3 5 2
3 6 10
16 18 10
5 6 30
6 7 3
21 22 22
14 15 17
10 14 24
10 14 19
22 21 25
15 17 29
10 12 18
1 3 23
13 15 10
7 7 14
8 11 9
18 20 13
5 7 29
16 17 29
5 6 18
16 18 7
9 11 6
13 16 19
7 9 11
22 23 18
14 16 1
8 10 21
15 18 30
23 1 27
2 4 24
16 18 4
14 15 16
14 16 10
15 17 18
18 19 25
17 19 27
14 15 29
7 8 5
4 5 29
23 1 1
10 12 7
17 17 18
4 6 28
19 19 19
14 16 9
11 12 22
10 12 16
15 16 16
17 20 7
8 10 25
23 2 13
14 15 5
23 1 29
0 2 26
19 21 1
17 19 9
9 10 12
17 21 1
6 8 8
18 20 8
13 15 10
4 4 26
3 5 15
17 20 2
11 12 5
5 8 14
1 2 8
17 21 10
8 11 2
5 7 15
21 1 21
7 8 9
7 10 18
23 1 17
18 20 23
2 3 3
5 6 1
6 8 5
17 18 12
14 16 15
10 12 4
16 17 25
9 11 3
16 16 1
7 9 15
20 22 14
10 11 1
13 15 9
14 14 18
9 11 30
8 12 2
21 23 12
22 23 16
8 9 22
9 11 3
17 19 11
2 5 14
19 23 17
22 1 20
0 2 4
9 12 11
22 2 22
23 1 28
7 8 9
1 3 2
17 20 4
2 4 7
0 2 8
1 2 27
15 18 19
3 4 23
20 23 7
14 16 29
21 22 11
12 16 26
4 7 6
9 12 15
22 23 8
16 17 5
10 14 8
17 19 12
17 19 8
10 13 19
23 3 19
21 22 5
12 14 12
11 13 17
21 23 8
19 21 1
1 1 12
19 22 23
9 9 18
22 1 13
12 14 29
8 11 2
11 13 3
21 0 4
8 10 13
14 17 24
2 4 1
8 9 6
7 11 21
23 0 10
6 10 9
8 9 7
12 14 29
22 1 6
13 14 26
20 23 5
19 20 29
20 22 16
16 18 30
6 8 16
11 14 30
14 15 4
9 11 6
1 4 18
23 23 30
12 14 24
18 20 21
9 11 16
18 19 12
10 11 12
8 9 13
22 23 18
2 5 16
22 2 25
22 1 18
23 2 13
21 22 23
5 8 7
23 0 26
7 9 16
8 12 20
14 15 18
17 20 19
14 16 29
23 0 6
4 7 9
17 19 28
6 8 5
4 6 25
1 3 9
0 2 13
13 14 18
9 10 9
15 18 17
13 13 19
17 17 20
10 12 5
8 11 11
20 21 25
10 11 5
22 22 11
19 20 20
6 8 26
10 13 13
8 11 27
13 15 14
2 5 30
22 0 7
8 9 13
17 19 14
0 3 28
23 0 11
5 6 14
13 15 20
14 16 27
11 13 7
7 9 22
10 11 3
17 20 25
0 2 22
0 3 5
12 15 12
15 17 16
23 3 2
4 5 24
23 23 12
19 22 6
18 20 27
1 3 1
13 15 8
0 3 1
10 11 23
16 17 26
14 14 14
7 9 4
11 13 24
14 15 8
21 23 16
12 14 14
10 11 16
8 10 7
23 4 23
10 13 18
20 21 25
19 22 8
15 17 24
21 0 28
8 10 24
17 18 17
14 14 7
14 17 28
16 18 19
22 1 21
19 22 12
13 17 3
4 7 1
17 18 11
20 21 6
2 4 22
20 22 23
16 17 10
20 23 21
15 17 15
3 6 27
23 1 16
14 17 11
21 1 1
14 16 15
7 9 22
21 22 7
18 19 20
5 7 25
2 3 10
12 13 15
9 12 26
22 1 9
3 6 10
7 9 10
15 17 7
16 16 21
17 19 5
1 3 7
13 15 26
14 15 12
8 12 3
14 14 20
10 13 7
1 4 14
5 8 12
6 9 1
6 9 9
15 18 13
9 13 24
0 2 9
11 14 10
16 20 30
22 23 4
1 3 30
1 3 2
5 5 1
23 1 22
6 8 15
2 3 15
14 16 5
2 3 8
4 5 30
12 15 21
10 12 26
22 1 19
17 19 27
6 8 15
9 11 12
13 14 9
19 23 11
11 13 27
5 9 2
22 1 6
21 0 26
4 6 12
10 12 16
5 7 4
10 13 21
6 8 13
1 2 22
8 10 8
9 12 3
0 0 29
9 12 26
8 9 6
9 10 30
9 11 2
1 0 20
12 15 5
12 14 13
18 20 12
10 11 7
7 9 30
23 1 8
13 14 27
5 6 19
3 4 30
7 10 2
13 15 27
0 2 25
19 21 18
15 16 24
21 23 24
13 14 19
18 21 24
10 12 2
2 3 1
8 11 12
4 5 15
10 12 21
22 1 27
17 20 17
16 20 11
21 22 8
22 1 12
19 21 9
1 3 17
5 7 18
8 9 7
13 15 18
22 0 30
12 15 23
8 8 29
11 13 30
13 15 22
9 10 24
9 12 12
22 0 9
23 1 1
17 18 11
7 9 7
5 7 11
22 23 5
20 22 29
2 4 4
21 22 8
11 12 21
0 3 25
0 4 2
0 1 11
10 12 9
20 0 30
3 6 14
4 5 6
23 0 4
6 7 15
18 20 4
14 17 26
11 13 21
23 0 8
23 1 22
5 5 1
19 22 13
3 6 1
20 23 5
23 0 30
2 5 1
21 23 16
17 17 13
2 4 29
11 12 26
23 1 8
3 5 23
5 6 26
23 0 6
3 4 3
19 22 10
22 1 24
0 3 4
13 17 30
21 23 5
8 11 13
3 5 22
2 5 30
11 13 2
12 12 20
0 3 28
21 23 22
19 0 10
9 12 13
14 15 6
21 0 22
1 4 5
12 14 17
7 9 7
17 19 17
11 13 21
20 22 27
15 18 4
12 14 6
7 8 6
15 19 8
5 6 28
8 10 15
5 7 18
21 0 30
1 3 6
17 21 4
17 20 18
21 0 22
11 13 12
13 15 30
16 17 26
3 4 20
8 9 7
12 15 7
17 18 9
18 20 28
4 5 26
16 18 26
17 19 11
17 21 3
23 1 15
10 14 20
7 9 5
19 21 8
11 11 26
13 16 1
13 15 1
7 9 20
7 11 2
2 4 22
0 2 9
13 16 18
3 4 11
20 21 25
15 16 22
2 4 10
7 10 21
19 20 17
3 6 2
12 12 10
20 22 19
4 6 27
11 14 6
11 14 2
23 23 28
15 18 9
21 1 10
2 4 19
22 1 16
5 6 20
17 17 9
20 21 24
0 2 26
9 10 8
5 7 13
13 15 30
8 10 6
0 1 27
6 9 2
17 18 4
1 5 15
4 7 8
7 10 30
8 10 11
11 13 14
16 18 27
13 14 30
16 18 11
12 13 8
6 7 8
2 3 23
1 3 18
8 10 23
1 3 5
23 2 3
6 7 19
21 23 23
15 17 3
16 18 26
22 22 7
0 2 4
3 4 4
9 10 7
7 9 17
5 7 3
22 1 29
12 14 11
7 9 15
3 7 25
6 8 25
4 6 29
17 21 25
2 2 2
0 4 29
16 17 5
18 19 15
15 17 29
4 6 7
16 20 1
21 23 17
20 23 28
12 15 20
3 5 2
13 15 30
2 4 3
8 10 4
18 21 4
14 17 7
7 8 25
1 3 29
16 17 23
14 17 24
22 0 18
0 3 22
23 23 16
2 5 7
10 13 12
11 15 2
6 9 25
21 23 10
22 2 29
21 23 19
10 14 4
9 12 28
5 8 15
12 15 6
2 3 3
14 15 21
9 11 16
17 20 23
20 23 12
22 0 7
2 5 20
19 21 13
7 9 2
18 20 11
0 1 22
22 1 13
10 13 25
4 5 15
7 8 6
1 1 30
20 22 6
20 22 18
15 16 28
12 13 16
22 0 22
5 6 5
2 5 5
6 8 27
12 13 3
20 21 22
23 1 20
22 23 19
6 8 3
17 18 17
12 14 24
16 18 11
2 4 9
0 0 5
7 9 18
2 5 5
17 19 5
0 2 9
19 21 16
23 3 20
23 1 6
20 23 22
18 21 3
15 16 8
17 20 6
23 23 11
15 16 20
11 13 11
20 22 7
13 15 6
17 19 7
19 22 18
6 8 19
15 17 1
6 7 10
22 1 24
15 18 16
11 14 6
4 6 12
14 16 3
2 4 15
20 22 10
9 10 7
16 18 12
17 21 22
9 13 11
15 15 13
13 14 15
2 4 16
9 10 9
22 0 14
14 15 4
2 4 1
11 13 22
16 18 24
14 16 1
20 21 13
8 9 3
16 16 15
7 8 28
12 15 7
0 1 7
18 20 4
19 22 18
5 7 7
4 6 9
7 9 25
5 7 30
10 12 6
4 6 9
11 13 1
17 19 25
10 12 1
10 12 30
20 22 3
8 8 10
13 15 26
21 22 1
20 20 11
8 9 15
22 23 16
11 16 3
0 2 15
8 10 6
19 22 21
14 16 13
21 23 6
10 12 21
7 8 20
20 22 18
23 0 9
15 17 15
22 2 19
9 10 7
15 18 10
18 21 21
22 1 10
20 22 21
2 4 18
11 13 14
13 14 5
5 7 13
8 11 27
14 15 22
13 15 26
20 21 30
8 8 7
8 10 24
2 3 5
7 8 21
16 18 22
18 20 29
2 4 29
9 10 6
2 4 21
3 3 2
22 0 20
11 14 23
4 9 2
1 3 30
2 5 19
17 19 20
15 17 3
18 21 8
12 14 17
13 15 2
3 6 23
18 20 24
8 8 28
11 15 7
18 21 22
8 10 7
2 5 17
2 3 5
7 8 25
9 13 16
22 0 2
15 19 16
9 12 2
3 5 2
5 6 23
15 16 29
15 16 30
14 16 7
17 19 6
2 4 16
15 17 21
22 2 30
11 14 13
9 11 27
9 12 20
15 16 12
6 10 26
10 11 13
13 15 5
3 5 2
21 23 20
2 5 9
8 9 19
15 16 12
17 19 4
13 14 2
12 13 2
21 23 23
3 4 12
7 8 2
19 19 27
22 0 25
12 16 18
6 7 8
12 15 3
16 17 16
20 22 14
17 18 7
8 10 17
0 3 2
10 10 30
19 21 24
0 1 16
19 20 24
10 11 26
19 20 27
12 15 2
7 9 19
14 16 27
20 22 6
8 9 5
14 15 7
1 5 29
9 11 16
13 16 25
19 22 3
17 19 29
11 13 23
6 7 8
22 2 9
2 3 29
10 12 21
11 13 17
12 15 13
3 5 9
21 0 21
14 16 19
6 9 13
18 19 4
1 2 4
11 12 24
12 17 17
2 6 25
18 20 3
22 0 16
3 6 16
17 17 7
3 4 8
7 9 8
22 0 5
12 15 1
21 0 1
10 12 28
2 4 12
4 6 20
1 2 6
23 1 28
9 11 23
10 13 8
6 8 28
18 20 15
0 0 9
11 14 4
5 6 15
9 11 8
5 7 5
2 3 16
4 7 12
6 9 12
14 15 19
10 13 27
3 6 22
16 19 28
13 15 12
14 16 16
11 12 29
7 8 2
10 13 1
15 17 19
0 2 19
0 2 19
16 17 8
18 17 12
13 15 20
2 5 24
4 5 25
5 8 8
15 17 27
16 19 11
10 11 26
13 15 30
6 8 22
11 13 15
3 5 13
10 12 25
21 22 9
12 15 4
23 0 23
8 11 15
10 11 4
1 3 30
3 5 21
17 16 13
8 12 1
17 18 20
17 18 15
3 5 15
6 8 22
5 7 4
5 6 4
3 5 14
17 21 16
15 18 1
19 19 16
2 3 20
13 15 16
22 22 27
19 20 25
4 5 14
10 12 17
10 11 23
14 16 26
4 7 18
3 6 14
21 23 18
10 11 26
16 18 14
10 12 20
23 0 26
0 1 24
8 9 30
13 13 28
21 22 29
2 4 16
9 11 12
18 19 6
20 22 8
14 15 23
17 20 18
23 0 19
22 23 27
6 9 26
21 22 17
4 7 11
6 8 23
18 20 29
18 20 22
19 21 11
5 9 19
14 16 12
4 6 25
13 14 25
3 5 7
7 9 14
20 21 2
9 11 9
23 23 22
16 18 25
12 14 12
5 8 30
12 14 19
16 18 7
8 10 30
6 9 4
11 14 6
15 15 13
2 4 25
7 10 18
8 10 9
8 11 15
7 9 28
13 14 6
22 0 23
8 8 3
16 19 8
22 23 30
8 11 23
23 1 15
11 15 26
5 6 13
11 12 10
2 4 11
19 20 11
15 17 22
1 3 1
6 7 17
9 11 6
4 6 28
16 17 12
19 20 2
4 5 25
5 7 15
4 8 11
17 18 25
15 17 28
14 15 21
18 20 27
11 15 2
6 8 7
15 17 17
23 0 13
13 16 11
20 0 25
11 13 20
8 9 2
15 15 3
1 4 6
1 2 27
15 18 14
23 23 29
17 17 10
14 15 14
14 17 18
8 10 27
0 2 15
8 10 30
12 13 23
4 5 8
3 5 15
20 21 26
3 4 14
21 0 15
23 23 28
6 7 20
11 14 30
19 20 5
19 19 6
17 18 5
5 6 16
22 0 3
15 16 20
18 20 9
22 0 5
2 4 14
20 23 6
23 1 9
1 4 17
3 7 1
20 21 27
12 14 30
2 3 29
11 13 27
0 2 6
17 19 2
8 11 15
22 1 26
23 0 10
10 13 30
16 17 3
22 23 18
11 13 30
7 9 17
11 13 19
18 21 23
0 1 22
14 15 19
6 7 19
12 14 23
16 17 5
17 18 21
16 20 29
12 13 4
12 15 4
2 5 19
23 1 2
4 8 29
2 3 9
0 3 15
4 5 28
10 12 11
4 7 7
13 15 10
6 7 22
20 21 5
14 16 12
16 18 26
16 18 12
14 16 16
3 4 19
13 16 29
2 4 11
13 15 6
16 17 21
17 19 17
0 2 10
22 0 28
20 20 27
7 8 10
5 8 18
7 8 20
2 4 10
16 18 20
9 11 20
11 12 22
0 2 9
17 19 19
18 19 10
6 8 30
10 11 13
10 11 24
7 9 17
16 19 14
15 19 10
17 18 1
12 15 1
22 23 29
8 9 14
11 15 29
2 6 14
4 6 17
12 12 1
16 19 17
9 11 10
18 20 19
19 21 30
18 20 10
23 23 23
1 1 13
10 13 30
5 6 4
2 3 17
0 2 5
6 9 8
5 7 17
14 15 28
13 15 5
3 5 30
22 0 24
0 3 7
1 3 10
13 15 4
3 4 17
15 16 15
16 18 23
16 18 4
2 4 5
6 9 5
15 17 21
15 17 27
21 22 18
15 16 27
4 6 17
22 3 23
1 4 14
18 18 19
4 5 14
2 4 8
3 5 29
7 10 6
10 11 5
0 3 13
16 19 1
12 15 24
6 9 7
15 17 14
9 10 10
6 8 16
5 7 3
18 21 21
13 13 1
23 1 24
12 15 5
18 19 18
5 6 20
1 4 17
6 7 20
0 1 1
21 23 14
22 0 21
23 2 14
4 6 18
10 13 15
18 21 20
5 7 3
12 14 12
1 4 27
13 15 22
7 10 19
16 18 1
14 17 20
0 3 3
12 15 9
7 10 30
18 22 9
13 15 12
1 3 15
16 17 30
9 10 19
14 16 13
10 11 13
23 3 12
22 0 29
20 21 22
12 15 8
17 18 22
2 2 28
2 4 11
23 2 23
17 20 13
10 11 11
2 3 1
4 7 10
9 12 20
2 4 10
10 13 16
21 0 14
14 16 25
7 9 15
4 6 6
16 18 2
0 2 7
23 1 13
19 21 18
3 7 15
6 8 11
6 8 21
7 9 9
8 9 3
7 11 17
12 14 29
19 21 7
11 12 3
2 4 30
20 21 26
13 14 14
22 22 21
0 2 15
12 15 27
6 9 27
7 10 11
22 3 24
0 2 17
23 2 18
19 21 24
12 15 28
21 22 18
3 4 2
9 12 27
16 18 2
21 22 5
2 4 25
3 5 11
5 8 27
1 3 6
11 12 15
6 9 25
13 15 9
14 14 27
21 23 15
22 23 29
17 19 28
16 19 1
11 13 9
12 13 28
13 15 15
8 11 18
12 13 30
12 14 10
8 8 29
17 18 13
18 20 18
10 12 25
11 13 29
4 7 12
14 16 8
10 10 8
0 4 7
10 10 14
6 8 27
20 22 30
22 0 1
20 22 22
14 17 9
18 20 15
20 21 9
23 2 5
16 17 2
2 4 12
20 23 6
17 20 16
13 13 25
1 3 13
6 9 18
18 20 11
10 12 27
16 19 8
12 13 21
4 6 1
7 9 16
14 16 14
22 1 5
4 6 25
4 5 22
6 9 16
19 20 16
11 13 14
17 18 3
8 11 26
8 10 5
21 23 26
14 15 20
8 10 22
18 20 22
8 8 25
23 0 24
22 1 26
1 3 30
16 18 20
21 23 13
8 11 15
19 21 19
21 23 26
10 12 26
21 1 11
17 19 16
5 7 4
13 17 23
0 1 23
18 21 28
10 11 11
0 1 2
12 14 23
21 0 10
8 10 25
13 15 28
2 5 18
6 9 26
0 2 4
3 7 15
1 2 24
13 13 17
2 2 3
15 16 29
9 12 8
23 2 13
15 17 19
16 19 13
10 13 15
2 3 13
10 13 9
3 6 15
6 9 8
6 10 15
2 4 27
2 4 10
18 20 17
5 8 18
19 20 27
16 18 14
14 16 12
4 5 1
0 1 13
22 0 1
11 12 5
22 0 2
23 1 17
15 18 13
5 6 16
5 6 30
12 14 29
8 10 22
2 3 16
20 21 7
2 4 2
15 17 15
14 16 15
4 6 25
7 10 4
21 21 18
1 4 1
15 16 16
4 6 24
15 18 30
6 9 23
7 9 10
13 16 29
1 2 4
22 1 11
13 15 27
13 15 5
3 6 27
17 20 12
22 0 28
11 11 17
21 0 11
7 9 15
6 9 3
23 1 22
1 3 8
13 14 4
1 4 13
8 9 27
1 3 7
9 11 1
2 5 16
23 0 2
16 19 7
15 17 23
23 23 13
3 5 19
4 6 4
7 10 28
6 7 7
0 1 23
16 17 3
23 1 9
7 8 25
1 4 18
23 1 20
1 3 4
1 4 20
18 21 4
3 5 16
14 17 2
1 3 25
7 10 23
2 3 2
9 10 18
14 17 5
7 11 14
10 12 1
3 5 16
15 16 14
19 21 5
18 19 10
23 23 10
23 2 14
20 22 28
19 23 10
16 17 30
4 6 17
9 11 17
13 16 11
4 5 13
22 23 7
6 6 28
4 4 24
12 14 14
8 11 16
19 22 5
23 2 7
19 21 2
12 14 9
18 18 13
19 20 9
19 21 21
17 19 2
11 14 12
2 2 25
17 17 23
8 9 27
19 20 4
13 15 30
23 1 15
8 10 4
20 23 30
13 16 24
3 5 25
3 6 11
3 5 23
23 1 11
1 4 10
18 21 5
9 12 15
7 9 28
13 14 10
4 8 21
6 8 21
20 23 27
23 1 10
1 2 20
0 3 13
8 11 28
21 23 5
3 3 13
3 6 7
6 8 17
8 9 26
21 1 12
9 9 1
4 5 19
14 15 11
15 18 20
16 18 19
7 10 13
4 5 4
10 10 21
3 5 13
6 10 25
11 13 21
1 3 19
14 17 22
22 0 23
21 21 1
10 12 16
23 2 13
23 0 3
1 2 12
19 20 30
12 12 7
23 1 16
16 18 2
16 19 1
23 2 1
15 19 10
12 11 20
15 16 26
8 10 24
22 0 10
0 3 8
1 3 6
4 5 19
17 20 18
8 9 2
16 19 12
9 10 15
9 12 23
17 19 3
6 9 12
11 14 20
9 10 5
16 18 12
19 21 3
14 15 11
20 22 4
7 9 18
23 1 4
13 15 9
9 11 25
21 0 1
14 15 12
0 2 27
11 13 4
18 20 5
2 4 25
12 15 9
5 7 13
18 21 9
19 20 10
22 0 22
1 3 6
7 10 9
13 14 2
0 2 17
12 13 6
8 10 1
0 2 23
22 1 28
6 8 21
10 12 9
15 18 2
14 15 17
16 19 13
17 18 27
18 21 12
19 0 13
9 12 15
21 23 24
23 0 8
23 1 10
0 4 29
2 2 5
21 23 7
4 5 19
9 12 8
1 3 25
19 21 20
20 21 18
18 20 8
10 11 2
3 4 9
14 15 4
0 1 23
15 18 3
22 23 4
22 0 8
22 23 5
7 8 16
1 2 10
12 16 8
5 7 27
8 9 26
12 15 11
0 3 18
10 12 24
5 6 11
5 6 11
12 14 10
12 14 24
0 1 9
7 8 13
2 3 3
22 0 16
8 10 19
4 7 26
15 17 17
5 8 16
11 14 9
16 18 24
9 11 14
1 3 17
6 8 19
10 11 11
16 18 23
2 6 28
9 11 26
9 12 5
6 8 12
11 12 27
18 21 7
23 2 28
3 4 17
0 1 11
14 16 5
18 20 23
7 10 5
6 6 5
20 22 4
1 2 24
16 18 14
19 22 30
2 3 7
9 12 1
3 6 4
22 2 1
6 8 26
3 5 29
11 13 3
2 3 16
6 9 23
21 23 17
7 9 10
23 2 21
17 18 16
21 23 4
12 15 11
2 5 5
8 8 10
13 14 12
1 3 2
20 20 20
10 11 15
6 9 25
2 3 13
7 9 12
18 20 1
10 13 18
14 15 10
11 13 13
8 10 23
1 4 12
0 1 24
13 16 16
2 5 19
19 22 5
17 18 6
20 23 2
19 21 14
18 20 7
21 0 8
10 13 14
18 22 20
15 17 15
17 21 12
11 12 6
1 3 7
2 4 21
0 3 27
23 1 20
4 6 9
10 14 21
15 17 13
3 2 8
23 2 14
23 0 20
7 8 3
20 22 1
9 11 29
7 10 4
9 11 27
0 2 20
13 16 7
17 19 6
11 14 23
6 6 15
1 4 28
23 0 9
22 0 1
15 17 4
10 11 9
8 9 2
14 16 2
2 4 30
1 5 10
0 1 7
8 10 24
4 6 28
4 6 7
2 4 25
17 20 29
5 8 24
14 15 5
7 10 3
6 7 11
10 12 19
18 21 11
15 18 29
7 7 22
17 18 18
8 9 11
8 10 20
10 11 6
10 12 27
8 10 30
14 15 18
3 5 30
16 18 5
19 21 5
2 4 21
7 11 6
2 4 16
4 7 15
3 6 9
1 4 25
5 6 14
16 19 5
6 8 22
14 16 20
16 18 23
11 12 5
5 8 16
17 21 30
7 9 28
20 22 6
12 15 1
23 1 10
19 21 30
15 15 18
8 10 9
2 3 29
6 8 3
11 14 12
14 15 17
17 20 2
7 8 27
0 1 7
16 18 8
14 17 5
12 16 26
3 6 27
5 7 9
5 7 16
11 12 23
21 23 16
1 2 30
10 12 8
12 15 16
23 23 16
5 8 19
8 10 3
9 13 9
0 4 29
6 8 9
17 20 8
19 23 12
15 17 1
20 20 21
13 14 25
21 1 8
6 8 23
12 14 14
2 3 28
4 8 17
10 12 1
21 0 17
6 9 12
8 9 8
1 2 19
14 16 26
3 5 21
14 17 5
6 8 21
16 18 15
6 9 20
16 19 1
11 13 10
23 0 25
20 21 5
9 13 7
18 22 20
3 5 8
17 17 7
7 9 12
11 13 27
0 2 26
15 17 9
18 20 6
10 12 26
10 12 10
17 17 11
4 5 14
0 2 4
5 8 30
6 9 5
1 4 2
4 7 10
9 11 13
14 16 9
13 15 25
13 14 28
5 6 28
7 8 27
0 4 30
3 5 29
19 22 14
17 19 26
5 7 1
23 3 29
13 14 18
15 17 13
7 10 5
21 22 27
2 5 30
17 19 22
19 21 22
11 14 30
19 21 8
5 7 3
15 16 22
13 17 21
12 14 13
20 23 3
6 9 2
2 4 25
16 19 3
12 14 24
1 3 20
23 1 16
23 23 30
9 12 21
3 4 29
1 4 18
17 19 15
7 8 20
7 10 16
11 13 8
14 16 29
18 21 21
4 7 17
23 1 11
20 21 13
18 20 30
21 0 27
4 5 17
22 22 6
20 22 15
3 4 3
5 6 16
16 18 29
3 5 16
18 19 28
3 4 28
12 14 13
13 15 1
21 0 7
19 23 7
9 12 25
2 5 26
18 21 24
13 15 24
21 0 22
18 19 5
5 5 4
0 1 7
11 15 1
10 12 17
19 21 15
8 10 16
19 22 2
20 22 8
0 1 7
20 1 13
0 4 30
20 23 15
0 2 1
21 23 13
17 19 6
15 17 16
22 22 18
18 19 19
23 0 4
9 10 26
22 3 19
15 16 7
9 11 1
20 20 12
21 23 20
4 5 10
19 22 15
8 8 26
21 22 19
14 17 6
0 2 8
21 1 29
8 9 12
2 3 6
14 16 21
16 19 2
4 6 26
6 8 13
3 4 7
2 5 4
10 13 20
11 13 2
5 5 13
0 2 8
13 15 23
11 14 6
23 1 7
1 3 24
3 5 29
15 16 4
12 15 25
16 18 23
8 11 19
11 12 5
4 7 14
19 22 2
14 17 1
14 15 3
20 22 4
2 4 23
16 17 20
20 23 14
3 6 18
14 17 9
12 16 2
0 1 15
20 23 17
6 8 6
5 6 24
14 16 25
6 9 17
9 12 22
4 4 1
15 17 2
7 10 3
13 17 19
1 1 4
16 17 25
22 0 19
2 2 6
19 21 27
16 18 5
4 6 13
12 15 8
6 8 11
13 15 19
7 8 13
16 18 18
23 0 1
4 7 9
3 5 30
1 4 15
11 13 19
2 4 11
9 10 28
14 15 5
7 9 4
0 4 19
7 8 3
18 21 22
0 3 16
10 11 22
23 0 22
21 23 26
19 20 25
19 21 7
22 0 28
17 18 27
3 4 25
14 16 13
3 5 22
15 20 17
15 17 12
18 20 24
11 11 11
23 0 28
1 2 5
9 13 11
7 9 20
4 4 7
15 19 14
4 8 28
6 9 27
11 13 24
21 23 9
18 21 2
3 4 23
23 3 2
8 10 21
1 3 16
8 11 27
17 18 28
20 19 10
11 13 24
18 21 8
3 5 13
22 0 9
11 15 29
12 15 20
0 1 27
5 7 10
16 17 21
10 12 30
17 17 11
8 11 24
1 4 27
12 14 13
1 3 8
17 17 24
10 13 12
7 10 9
5 6 6
18 19 30
20 22 14
11 13 22
0 2 13
8 9 27
15 18 17
22 2 6
2 5 5
16 18 10
1 4 28
11 15 2
23 3 8
4 6 24
11 12 17
16 17 6
11 12 11
23 1 2
17 18 5
17 19 29
5 8 2
6 9 21
22 2 8
20 21 12
22 1 23
17 21 17
8 10 9
12 15 17
7 8 7
3 6 12
0 3 13
9 13 10
15 16 23
10 12 13
17 19 1
12 13 14
14 17 18
5 6 4
0 1 10
11 13 8
7 10 9
6 7 2
16 17 10
14 17 21
17 20 26
1 4 21
16 17 28
5 7 16
1 4 28
22 0 12
2 4 11
6 7 27
17 19 6
3 6 8
13 13 17
21 23 26
9 12 25
9 9 3
12 14 18
11 13 12
17 21 13
1 4 20
15 17 23
22 23 21
18 19 20
23 2 13
16 18 18
4 6 30
22 2 16
21 23 11
0 3 11
5 6 1
5 8 27
22 0 1
6 8 22
20 22 5
10 14 4
12 14 28
11 13 18
18 21 21
19 20 26
20 22 24
7 8 10
15 16 20
6 8 29
20 20 6
23 0 11
10 13 17
4 6 4
18 21 16
10 12 18
19 22 14
6 6 11
20 22 12
13 15 16
