290 30
15 20 8 2 30 12 16 27 26 16 24 19 4 12 16 24 25 4 4 9 13 11 26 1 23 23 21 27 30 25 
19 22 5
22 0 17
3 6 21
14 17 2
6 9 10
3 8 7
11 14 17
7 8 30
2 2 28
14 14 28
19 20 15
12 15 2
5 6 14
17 19 19
7 8 20
4 5 2
2 3 27
20 22 29
19 20 9
18 20 23
1 4 22
13 17 12
5 8 27
17 17 22
3 2 25
5 8 14
9 11 10
8 10 2
16 17 12
1 3 14
16 16 3
21 22 19
3 5 4
20 21 30
10 13 15
18 20 2
0 0 30
12 15 29
14 16 16
17 17 7
12 14 30
12 14 30
18 20 8
18 19 20
11 14 1
23 2 30
9 10 22
5 8 27
9 10 15
16 18 24
7 10 28
19 21 3
2 2 4
15 17 19
0 3 3
5 7 1
12 14 30
10 12 26
19 21 6
18 20 25
19 21 23
22 23 25
17 18 20
12 14 15
1 4 28
10 12 24
1 2 26
15 19 13
23 0 17
6 10 7
7 9 26
17 19 3
23 2 4
18 20 26
19 20 20
8 8 5
1 2 18
19 22 1
17 19 26
13 17 28
13 16 11
6 6 24
21 0 23
14 17 21
14 17 12
22 23 5
15 15 20
18 21 23
9 11 17
0 4 19
2 4 17
5 8 26
3 5 4
16 18 30
10 11 26
1 3 15
18 21 14
7 10 1
1 3 1
19 21 11
14 15 6
23 3 16
16 17 7
16 17 11
20 22 2
8 9 23
17 20 12
4 7 4
4 4 4
21 23 6
18 19 6
2 4 27
13 15 26
7 8 18
5 6 25
23 0 2
12 15 4
3 4 28
7 8 4
19 19 6
13 16 23
22 23 26
21 0 2
16 18 27
0 2 25
6 9 20
16 19 17
22 1 5
0 1 25
19 20 10
10 11 9
23 1 2
13 14 5
6 6 22
11 12 6
21 22 20
15 16 30
3 6 7
19 21 24
10 11 5
23 0 23
1 3 2
20 22 25
20 20 21
17 20 1
2 4 4
22 2 27
6 7 5
16 19 20
6 9 24
5 7 23
10 13 16
21 22 13
1 2 24
1 2 3
18 20 1
21 0 26
21 23 30
22 2 18
1 2 22
2 3 10
22 23 26
22 23 12
13 16 6
1 3 20
21 0 2
16 19 24
8 11 15
5 6 22
1 3 2
2 5 7
22 0 21
22 0 12
12 13 27
16 19 18
18 19 25
18 20 21
19 21 17
19 20 11
22 1 24
11 11 8
13 13 1
3 5 28
18 20 13
7 9 9
19 21 28
2 3 1
3 5 2
14 17 13
19 22 3
3 5 9
15 16 23
13 16 29
0 1 30
3 6 19
3 5 20
11 11 2
18 21 12
5 7 29
21 0 3
13 16 17
12 14 4
20 22 14
11 11 13
7 10 21
13 16 24
0 2 1
8 11 2
3 5 5
17 19 18
0 1 13
0 3 21
5 6 1
6 8 17
0 4 17
21 22 2
21 1 6
3 5 19
6 9 13
23 1 3
13 15 28
22 0 28
9 12 6
21 22 21
9 12 29
19 21 2
13 16 25
18 20 11
23 2 16
20 22 22
16 18 2
13 15 20
19 22 5
12 13 25
16 17 21
2 3 27
6 9 19
4 6 24
18 20 22
2 4 7
5 6 21
21 21 7
18 21 12
18 17 5
2 5 24
20 23 3
10 13 23
13 15 22
1 3 30
11 13 24
20 0 22
4 6 4
9 11 9
5 6 7
7 10 9
2 5 12
6 7 14
11 13 2
12 12 10
9 11 18
17 19 10
6 7 23
17 19 1
4 6 8
15 15 11
11 12 23
15 18 1
12 14 16
11 15 11
0 2 25
11 13 1
14 16 30
13 14 27
7 9 26
5 7 7
0 2 21
23 0 25
2 4 11
11 14 25
3 5 16
20 22 15
0 3 19
1 2 17
2 5 26
17 19 23
22 0 24
6 6 28
23 0 2
2 5 24
20 21 4
