3040 30
24 13 22 7 8 24 22 14 4 23 30 1 1 28 28 7 11 28 19 3 8 21 13 8 8 20 20 30 13 14 
15 17 12
11 14 21
13 15 22
9 12 13
19 20 12
8 10 24
23 0 1
3 5 9
16 17 8
6 8 22
11 14 2
15 16 28
17 20 3
3 5 18
15 15 19
12 12 6
19 21 9
22 23 27
12 13 11
22 23 10
18 20 20
16 19 24
6 7 17
10 12 17
4 5 25
14 16 27
18 20 2
16 18 21
22 22 14
14 17 1
6 8 26
5 6 1
1 3 23
2 4 10
9 12 17
2 3 21
1 1 12
16 19 30
8 10 11
13 13 10
12 13 10
6 7 7
9 11 13
12 14 27
17 18 25
18 21 1
14 16 18
7 9 18
18 21 12
5 7 30
2 4 19
16 19 7
22 0 7
16 17 17
23 1 5
11 10 7
8 10 27
22 1 25
9 12 8
6 8 2
19 21 22
21 22 9
8 9 23
1 3 23
19 21 13
18 20 19
4 5 10
0 3 27
10 11 14
13 15 22
22 23 15
21 21 30
12 16 28
2 5 23
23 2 18
3 6 17
5 7 29
15 16 19
20 22 25
7 9 7
6 7 19
15 16 8
19 21 28
1 4 12
10 10 7
4 5 2
10 13 19
10 12 28
11 15 25
5 6 24
14 15 9
7 8 28
13 14 20
4 7 9
7 8 29
20 22 12
4 7 15
14 16 29
9 10 9
23 23 3
12 14 3
15 17 20
22 4 18
18 21 16
3 5 23
12 12 30
23 2 26
4 7 15
17 21 21
21 23 1
15 17 21
5 8 4
3 5 7
5 8 26
14 17 2
22 0 23
12 13 7
22 22 20
2 2 16
12 13 27
18 19 22
5 6 19
8 10 11
20 22 12
19 22 27
20 22 14
2 3 15
11 14 9
22 1 24
14 14 11
0 1 24
21 23 1
11 12 17
7 10 18
23 1 5
15 17 20
21 22 12
13 14 30
9 12 3
14 18 7
17 18 10
23 1 27
5 7 17
8 8 16
4 6 4
20 23 6
15 17 7
8 12 9
0 4 22
3 5 23
16 19 11
18 21 17
3 4 7
6 9 6
10 12 2
2 3 7
1 3 29
10 12 14
23 1 24
20 20 13
17 19 1
5 5 26
8 10 8
11 13 29
13 14 25
8 9 3
19 19 15
16 20 11
4 6 4
3 5 7
2 5 11
2 5 14
14 15 5
4 6 17
9 11 15
21 22 26
12 15 4
23 2 23
5 7 13
14 16 10
19 22 25
20 22 1
7 9 28
4 6 3
9 12 22
11 10 2
7 8 11
16 17 30
7 9 3
14 17 30
14 16 15
15 18 18
15 16 20
14 16 21
8 10 25
17 18 25
12 13 26
22 22 25
21 22 8
22 1 7
20 22 29
21 23 7
22 1 30
8 9 7
18 20 22
3 7 23
15 17 26
13 14 7
8 10 7
15 16 5
1 2 22
18 21 16
20 22 12
11 13 2
14 16 22
22 1 8
0 3 17
0 2 21
2 5 14
21 22 13
0 1 13
23 22 22
13 15 26
5 7 15
23 0 26
21 23 27
21 0 3
16 18 5
13 17 4
15 17 7
11 14 18
2 5 28
17 17 17
6 8 6
18 19 1
5 7 29
4 6 14
9 11 20
1 2 19
1 4 29
6 9 20
23 1 10
6 8 2
18 20 11
20 21 13
9 12 26
22 1 26
19 21 9
0 3 28
15 19 30
16 18 13
22 1 2
8 10 3
3 6 3
1 3 6
15 17 6
11 13 8
8 10 23
0 1 1
1 4 21
21 1 9
4 7 3
7 9 5
1 2 7
23 2 2
2 6 7
23 1 19
19 21 27
4 7 29
10 12 30
0 1 12
2 4 28
18 21 9
19 0 10
17 19 1
20 23 26
2 3 15
21 23 29
3 6 7
22 0 2
21 21 18
9 10 13
11 12 29
12 13 22
11 13 16
5 7 4
18 20 19
16 18 11
15 17 14
18 21 19
12 14 25
19 20 8
17 17 19
23 2 28
5 6 26
6 8 19
15 18 15
3 6 24
18 22 26
22 0 14
16 21 19
19 22 1
0 0 8
2 4 19
0 2 20
8 10 10
18 22 19
6 8 29
16 17 30
22 0 24
12 13 12
21 22 18
3 6 12
13 15 3
3 4 20
15 18 16
18 21 12
19 21 30
4 5 20
4 6 20
5 6 14
18 21 5
2 3 29
14 17 27
23 2 2
21 0 26
15 17 27
7 8 7
12 16 8
22 3 5
17 21 8
22 2 25
9 11 21
10 13 29
14 16 25
14 15 14
4 6 20
15 18 22
20 23 6
11 13 29
17 19 24
8 10 19
20 22 17
15 16 22
1 2 22
16 17 24
5 7 5
14 17 12
5 7 25
14 16 25
13 15 15
1 4 14
18 21 12
4 7 18
15 17 4
4 4 20
2 5 18
17 19 3
4 7 18
5 5 28
2 4 12
7 12 22
21 23 25
0 2 6
14 16 25
10 12 3
9 11 13
12 15 25
1 4 30
7 10 3
18 20 2
14 16 28
17 20 23
11 11 20
15 16 8
12 13 28
14 16 14
3 4 27
18 19 3
7 9 1
15 15 11
8 10 16
9 11 27
12 14 23
6 6 5
19 22 1
21 22 10
15 16 28
0 3 6
10 12 1
11 11 20
8 10 2
18 19 30
5 4 15
7 9 23
3 6 16
14 16 28
16 20 19
9 11 13
17 18 13
16 19 21
6 8 30
12 13 17
21 23 9
16 17 30
10 11 26
2 3 14
7 9 10
6 7 11
20 23 23
21 0 8
11 15 23
13 14 16
16 18 25
0 1 11
12 14 12
20 0 7
4 7 6
15 17 24
13 15 26
12 15 18
18 18 25
18 21 16
22 1 21
16 18 21
0 2 11
9 11 10
18 19 15
15 18 4
7 10 27
23 1 20
1 4 16
20 21 12
16 18 27
5 5 9
11 11 13
20 22 29
1 3 17
14 14 4
17 19 15
17 20 17
16 17 21
1 4 19
17 20 30
3 6 28
12 16 13
10 14 9
8 9 13
14 17 14
11 13 25
22 1 12
9 11 4
13 15 18
22 1 9
15 18 23
17 19 15
13 15 17
23 2 5
18 19 2
2 2 12
21 23 18
22 2 7
8 9 15
8 10 6
11 12 11
1 3 8
19 22 28
21 22 18
8 8 1
21 23 24
0 2 6
4 6 3
20 23 19
10 12 1
23 0 27
2 3 29
1 2 6
4 8 12
11 12 17
15 17 12
11 15 18
13 15 25
2 7 19
18 19 26
21 23 2
7 10 25
10 14 6
16 18 28
15 14 12
14 16 28
21 0 23
10 11 1
0 3 6
21 22 13
13 15 26
14 16 22
16 18 22
18 20 14
13 16 13
2 4 5
3 5 14
11 13 10
19 21 5
22 0 14
7 8 6
4 5 3
19 20 2
7 9 30
6 6 10
11 13 11
22 1 21
20 21 16
0 2 2
20 22 6
5 9 4
10 12 19
22 22 30
5 7 2
15 17 26
10 12 7
11 14 23
14 17 26
19 20 12
23 2 1
12 12 19
0 2 18
17 20 16
10 10 29
19 22 20
3 3 3
7 9 18
17 20 24
14 17 23
15 16 4
19 20 14
23 2 17
10 11 2
19 21 9
3 5 17
11 13 14
17 19 25
4 7 1
12 14 18
21 21 13
0 4 8
13 15 3
22 0 15
23 0 1
2 4 1
22 1 14
7 9 23
6 7 3
1 3 22
23 0 11
20 21 24
19 20 22
14 17 17
7 9 17
5 5 29
3 4 27
23 1 16
21 22 24
14 13 18
22 0 26
8 11 21
8 9 9
22 0 19
10 13 25
5 7 26
22 0 3
16 18 21
8 11 25
2 3 13
7 11 4
4 6 19
16 18 12
1 4 21
17 19 27
5 8 17
11 11 3
7 9 19
18 21 6
13 16 9
23 0 21
15 14 11
21 23 10
9 10 22
14 16 9
13 14 28
13 14 14
1 2 5
16 18 19
20 21 20
4 6 29
13 16 9
1 3 23
0 2 1
19 21 2
0 2 10
22 23 21
4 7 11
12 16 6
23 0 22
23 1 3
11 12 28
18 20 18
16 18 3
4 6 17
18 19 11
10 13 8
5 7 11
21 23 26
1 4 7
23 1 1
8 10 10
21 0 20
23 0 23
18 21 11
2 3 1
22 23 5
9 10 18
8 9 8
0 3 28
3 6 8
9 11 19
1 2 22
14 16 20
23 2 9
8 10 30
15 17 26
8 9 28
5 8 14
9 10 7
10 10 26
12 15 30
6 7 27
14 16 27
14 15 29
15 17 8
0 2 21
5 8 20
21 22 23
21 23 23
2 4 20
6 8 7
10 12 20
9 9 11
6 9 5
8 12 30
18 19 14
18 22 26
8 12 27
1 4 14
0 3 18
13 15 19
19 23 15
0 1 9
6 7 18
16 17 30
1 3 4
5 5 3
0 2 12
19 20 7
1 2 7
13 14 30
12 14 15
12 13 15
0 2 1
8 10 2
14 16 20
18 20 29
13 15 28
12 16 4
7 10 28
19 19 25
3 5 24
12 15 8
5 6 12
19 22 14
15 17 11
8 8 15
13 14 19
1 2 30
22 1 2
0 3 12
2 5 12
3 8 6
20 22 10
5 7 10
15 16 22
23 1 4
7 10 5
2 3 14
2 3 3
2 4 13
4 4 25
23 1 23
2 4 18
19 21 11
10 12 29
8 11 12
7 9 3
8 11 23
3 6 21
8 10 13
16 19 26
11 13 4
6 8 12
12 14 7
19 21 1
22 22 14
10 14 2
12 15 19
20 23 26
19 21 20
18 20 26
0 2 21
17 18 21
1 3 5
14 16 5
3 4 2
12 13 6
4 6 23
1 3 17
4 6 26
20 22 2
7 11 14
21 23 6
16 16 4
1 3 18
5 7 1
7 9 21
23 1 28
6 9 7
15 17 10
19 20 3
4 6 5
2 4 17
21 23 4
7 9 4
23 0 15
22 0 11
23 0 30
10 12 13
23 23 29
16 17 17
4 6 28
17 19 4
23 1 17
20 21 8
18 20 3
13 15 2
18 21 21
0 3 30
2 4 22
16 17 13
17 18 12
2 7 23
3 5 14
3 6 7
3 5 18
14 15 29
12 14 3
2 4 3
15 16 23
7 8 1
12 14 15
14 16 11
3 4 29
4 6 16
1 4 29
22 23 30
14 15 22
11 14 14
21 0 13
12 14 16
20 21 24
19 21 13
20 21 30
19 20 13
19 23 20
12 11 14
1 3 7
17 17 21
18 19 11
21 23 7
20 21 5
1 3 2
16 17 6
9 9 24
20 22 18
17 19 2
7 11 18
12 13 21
16 19 30
15 17 16
5 8 14
16 18 16
14 15 2
12 14 22
17 18 1
17 20 17
9 11 23
17 18 1
21 0 27
15 17 16
7 8 7
12 14 25
20 23 12
17 18 2
14 15 6
16 19 28
8 8 26
15 17 3
20 22 10
12 16 7
14 15 23
4 6 6
17 19 16
23 0 27
19 22 13
9 9 8
2 4 29
15 15 22
17 18 11
5 7 13
8 12 6
20 22 9
13 15 14
11 13 28
7 8 3
3 5 27
3 7 5
17 20 16
15 17 17
10 11 11
14 15 11
5 7 16
6 9 15
22 0 24
13 16 10
8 11 26
20 23 19
9 11 29
15 18 11
12 16 3
10 11 25
3 6 30
23 1 27
19 21 3
6 8 8
4 5 27
16 19 2
9 11 26
19 21 8
18 21 5
0 1 14
5 6 16
4 7 6
2 5 21
22 23 1
5 6 30
12 15 25
13 15 17
6 8 23
22 1 16
18 22 3
22 1 6
11 14 24
5 7 2
20 22 25
20 21 7
6 9 27
7 9 13
20 23 12
9 9 3
23 2 18
3 5 29
13 14 3
8 11 17
12 14 1
12 15 30
1 4 16
21 1 25
18 20 28
3 6 29
13 15 9
22 23 6
19 21 7
13 16 3
16 18 3
13 16 21
2 4 7
4 6 17
21 23 14
13 14 24
2 4 11
5 6 4
12 12 7
2 4 2
3 5 8
6 8 28
1 2 28
15 17 21
11 13 18
1 4 10
5 6 3
3 5 15
1 3 27
2 3 17
15 17 20
22 1 10
20 20 2
1 5 3
23 3 4
7 9 28
17 19 18
6 8 17
1 4 1
18 20 11
12 14 12
15 18 2
8 10 23
18 21 15
17 19 3
7 9 10
0 2 21
5 7 2
11 13 7
21 23 21
15 17 3
7 11 4
6 9 27
6 10 20
12 14 16
7 8 26
21 22 5
12 13 8
5 6 15
21 23 4
18 21 27
7 9 1
5 8 2
19 21 1
12 14 26
22 23 21
11 14 17
10 10 12
6 10 19
21 23 20
12 15 7
4 7 24
23 2 11
14 17 24
12 13 26
2 5 17
5 8 12
23 2 10
20 22 20
11 14 16
5 7 15
20 21 26
5 6 22
23 1 10
8 11 20
17 19 1
20 22 28
20 21 25
14 17 30
18 20 26
7 10 20
6 9 25
1 4 21
9 11 26
2 5 8
7 9 17
14 17 8
2 5 9
5 5 5
12 13 30
17 19 6
23 2 8
5 7 18
3 6 13
15 18 18
3 5 5
13 17 5
0 1 17
17 18 3
6 7 20
5 7 14
21 23 4
11 12 13
10 12 3
16 17 30
0 3 3
9 10 7
14 15 23
6 8 5
14 15 30
2 5 20
1 5 21
12 14 15
12 14 28
12 13 24
10 12 11
5 6 14
22 1 17
20 22 18
2 4 3
23 1 17
6 9 24
20 22 7
9 12 10
6 9 4
10 11 2
15 17 27
18 21 28
22 2 28
23 1 2
10 14 27
16 18 17
9 12 7
10 12 3
2 5 25
23 2 8
14 16 30
14 18 26
7 10 16
16 18 18
2 4 28
19 21 3
9 10 12
11 12 30
21 22 19
7 9 11
4 6 13
13 14 8
0 1 28
19 21 17
20 20 24
22 0 18
2 6 15
13 15 13
16 17 29
21 22 6
7 8 3
12 14 25
22 0 16
4 7 30
10 12 3
11 12 20
4 6 19
18 22 7
0 3 27
23 1 12
9 10 7
12 16 17
16 19 10
14 16 3
5 8 20
13 14 16
17 19 5
23 1 29
7 8 24
21 21 20
8 9 10
9 9 27
22 0 1
4 6 8
17 20 12
21 22 1
19 21 20
17 20 20
9 11 7
21 0 21
11 14 28
9 10 24
14 15 3
13 15 19
18 20 14
11 13 4
8 9 22
7 8 19
18 21 16
3 4 27
15 16 1
16 18 18
6 9 27
10 12 18
1 1 9
22 1 14
5 8 27
8 12 8
21 22 26
1 2 27
17 17 14
4 7 14
9 12 5
14 16 13
23 2 15
14 17 5
3 5 26
13 16 24
10 13 12
17 21 21
4 5 26
22 2 2
13 14 16
7 9 20
4 6 14
5 6 17
12 12 13
21 22 30
3 6 29
8 9 13
19 22 27
8 10 22
19 21 11
7 10 1
0 0 20
16 19 12
17 19 9
15 17 14
14 17 25
14 18 10
23 1 12
23 1 30
10 14 15
0 3 14
19 22 18
10 14 16
21 23 15
6 8 30
23 1 12
4 7 27
10 14 23
7 9 11
23 1 30
21 23 26
21 23 1
13 14 23
18 17 21
9 10 9
0 2 22
23 1 30
7 9 9
11 14 22
23 2 2
15 18 4
2 3 13
8 9 21
23 1 4
11 13 8
5 9 15
9 10 30
23 1 12
21 0 27
15 16 29
11 12 30
21 1 5
6 8 11
1 3 3
13 15 26
8 9 18
17 20 11
20 22 15
8 11 12
18 21 2
9 11 21
18 19 19
1 4 5
15 16 2
12 16 3
7 8 8
8 10 19
15 19 26
13 18 18
8 9 30
8 11 26
3 5 1
6 8 1
8 10 29
1 3 15
14 16 2
19 21 17
17 18 2
19 22 8
13 16 15
9 10 20
11 14 27
0 2 27
9 11 24
13 15 26
17 19 18
19 20 15
5 6 22
15 18 7
5 7 29
19 22 9
7 11 25
21 23 30
22 0 30
5 8 13
1 2 10
3 5 17
5 7 7
17 19 12
10 11 29
10 12 30
3 4 18
21 23 12
13 16 6
13 13 13
15 17 16
15 16 1
19 20 19
15 18 29
7 9 14
16 19 27
18 19 12
22 23 24
22 1 25
12 13 3
18 19 2
22 0 3
11 13 29
6 10 15
11 11 9
16 18 3
3 4 25
6 9 9
21 23 26
19 21 25
6 9 8
7 10 5
11 11 12
10 14 22
23 1 16
15 14 12
0 2 9
7 8 11
3 4 2
7 11 11
5 7 17
10 11 24
21 23 15
13 16 30
21 1 30
16 20 11
10 12 7
16 19 20
19 19 11
21 0 30
3 6 23
0 2 17
19 0 25
12 14 4
14 15 26
5 9 21
22 23 26
5 7 9
14 15 4
18 19 6
4 5 9
22 2 19
13 16 14
17 20 26
22 0 20
23 3 29
17 20 21
19 19 2
3 7 27
3 6 16
1 3 14
0 3 4
4 4 21
10 10 24
22 23 16
6 9 20
21 23 24
6 8 10
8 9 8
15 17 30
4 7 3
19 20 12
18 21 6
21 23 13
10 11 7
22 23 30
18 19 10
15 16 25
10 14 26
11 14 4
7 10 4
6 7 11
22 2 11
9 12 29
0 2 18
8 11 28
5 8 23
21 23 9
17 20 22
1 3 26
4 7 13
3 4 6
3 6 22
13 15 6
23 0 4
10 13 13
9 11 16
23 1 11
2 5 23
16 18 24
14 15 5
23 0 30
7 8 10
3 4 23
20 22 13
13 17 21
20 23 9
20 22 15
21 0 17
4 6 20
4 6 14
13 15 28
10 14 1
11 12 22
11 12 23
3 4 18
2 3 10
22 0 1
7 9 22
11 13 27
19 22 16
13 14 18
23 0 12
6 9 16
2 4 5
23 2 2
15 17 12
6 8 15
2 5 25
20 21 2
2 4 15
11 12 2
2 5 15
20 22 3
21 21 22
5 7 13
0 2 4
18 19 21
6 7 1
4 7 1
5 8 8
21 23 11
20 23 22
2 3 13
8 9 28
23 1 27
19 21 27
20 20 2
9 11 11
17 19 28
15 17 12
4 8 22
7 10 8
12 15 30
2 4 24
16 18 30
4 8 10
19 21 19
16 19 3
1 4 21
22 1 1
3 5 11
5 7 13
7 8 9
5 6 10
23 1 23
7 10 10
9 11 24
1 4 19
2 4 8
8 12 24
13 13 18
15 17 22
6 8 12
17 20 12
23 2 12
22 0 20
13 14 17
17 19 26
16 18 26
20 21 20
8 12 7
11 13 8
6 9 29
17 17 27
22 0 27
7 8 10
9 10 27
23 2 23
6 8 11
21 0 27
10 11 13
17 19 4
4 6 4
11 15 20
0 4 25
21 23 30
4 4 7
4 6 18
5 6 11
9 10 7
23 0 1
2 3 1
7 8 6
1 3 24
5 8 23
13 14 13
1 3 28
10 12 11
18 19 6
17 20 18
17 20 17
5 8 3
3 4 7
19 20 29
0 1 13
15 17 10
4 7 26
18 20 19
9 11 16
0 2 12
3 6 10
14 18 4
5 7 10
4 4 19
19 19 27
19 22 20
20 23 6
0 3 13
7 9 7
20 21 23
20 22 7
0 1 26
9 10 8
0 0 30
22 0 10
4 5 8
23 3 26
0 2 4
13 15 2
12 14 11
6 8 23
0 2 18
16 19 1
5 7 25
20 23 10
4 5 19
7 10 21
6 6 22
18 20 8
6 8 26
11 12 16
13 13 12
3 5 16
14 15 13
2 3 21
11 13 10
22 22 13
9 11 24
21 0 23
21 22 14
17 16 20
17 19 30
13 15 17
22 23 5
14 16 23
11 12 21
17 20 21
18 20 4
10 10 14
20 22 16
10 13 22
9 12 13
10 12 15
7 7 17
16 16 30
12 15 28
8 9 8
7 9 4
2 4 30
3 5 15
0 1 17
7 9 29
11 14 21
5 7 19
18 21 30
22 1 17
21 0 2
3 6 16
11 13 25
15 19 21
5 8 26
10 13 5
13 16 20
5 6 17
3 5 9
4 6 10
8 10 9
5 8 26
10 10 24
12 14 1
21 0 19
5 7 26
0 3 6
7 8 2
6 7 23
18 22 7
3 5 6
8 11 2
1 3 9
0 3 1
5 8 1
12 14 27
11 13 19
11 13 2
7 9 8
0 1 4
6 8 13
21 21 3
4 6 18
8 10 21
18 18 6
19 21 10
16 18 28
3 5 23
2 4 2
14 16 25
21 0 12
23 0 15
18 22 19
19 22 2
22 23 5
3 5 30
4 5 6
7 8 13
1 4 22
12 14 19
17 19 12
16 17 30
3 5 24
17 21 21
18 20 2
10 13 11
16 17 15
23 1 14
14 15 26
3 6 25
17 18 13
15 18 7
10 13 11
22 2 21
21 23 5
21 23 4
19 21 11
16 18 11
6 8 30
0 2 22
0 2 20
7 9 9
3 6 9
6 8 23
6 9 22
11 13 7
7 10 18
11 12 25
22 0 7
5 6 29
23 2 25
1 4 16
9 11 3
17 19 23
16 18 10
3 5 7
16 19 22
12 15 13
10 13 23
23 2 12
1 3 14
10 12 6
7 10 7
3 5 24
23 1 7
7 8 3
19 21 22
9 11 2
3 6 27
21 0 29
0 2 29
5 6 20
18 20 18
7 7 16
10 13 15
11 12 2
6 8 12
22 22 3
9 11 6
7 10 23
19 20 30
21 22 2
16 19 30
9 10 29
22 23 10
18 19 24
22 2 8
0 2 30
8 10 3
0 1 17
9 11 2
7 9 14
4 5 17
6 6 15
22 23 16
12 15 13
15 17 25
20 22 8
0 3 20
9 11 23
1 4 17
8 10 17
5 8 16
2 3 24
8 11 7
22 0 8
2 4 18
5 7 10
13 17 27
9 10 28
11 14 14
6 9 14
12 13 27
10 12 25
9 11 19
12 16 16
18 19 6
5 7 15
3 5 18
14 16 19
0 2 28
10 14 7
17 18 24
19 22 16
15 15 8
4 7 19
14 15 11
7 7 10
20 22 21
21 23 14
17 19 24
1 2 13
18 22 5
11 13 3
3 4 8
20 22 17
8 10 3
14 15 5
7 9 8
0 3 12
23 3 23
15 17 14
4 6 15
14 14 6
23 0 19
21 22 7
12 14 4
8 8 19
16 19 20
13 15 28
7 8 19
6 7 7
11 13 5
20 21 10
0 2 17
7 9 2
0 3 21
17 17 2
0 2 30
14 18 23
19 20 14
7 10 13
0 3 29
16 18 8
14 17 14
23 0 18
15 16 13
20 0 20
20 21 16
3 4 10
15 16 17
1 2 2
19 21 12
18 20 30
3 6 17
5 7 8
21 22 2
15 18 13
4 7 14
10 12 7
14 18 14
4 5 11
23 0 27
13 17 16
2 5 9
5 6 15
14 16 10
5 6 15
20 22 13
0 2 6
13 14 1
3 5 16
22 2 16
18 19 2
9 11 12
2 3 1
21 23 21
21 0 26
6 9 25
4 7 8
17 19 1
21 23 12
2 3 9
10 10 2
18 19 19
19 22 25
7 11 4
13 14 20
23 1 16
19 21 30
5 7 8
0 2 2
6 10 8
3 5 18
6 5 1
0 0 1
7 10 28
18 20 13
22 0 17
3 5 13
12 14 25
12 12 20
23 2 21
9 11 21
11 14 11
14 15 4
22 1 27
9 10 9
7 8 1
4 7 3
6 8 23
14 15 8
23 3 29
7 9 15
8 11 24
18 21 20
23 2 18
5 9 8
19 21 16
23 1 24
0 3 29
4 5 18
7 8 16
7 10 25
6 8 29
17 18 17
23 1 14
10 13 27
21 0 9
17 19 2
11 14 25
21 23 28
11 14 27
21 23 28
8 10 8
17 20 10
6 7 3
2 4 28
10 15 5
8 9 12
21 23 19
0 2 9
7 9 1
5 7 19
21 21 21
6 8 30
13 15 27
20 22 29
1 3 16
5 7 17
15 17 6
16 17 25
0 5 3
21 0 13
18 22 28
14 16 2
11 12 1
1 2 24
8 9 24
5 6 9
8 11 4
21 0 22
6 8 4
22 2 9
10 11 6
18 20 24
0 0 25
12 14 7
12 13 24
16 17 2
19 22 15
14 15 9
11 13 9
17 19 25
3 3 14
1 1 30
23 1 26
3 5 14
5 5 1
9 10 21
7 8 30
0 2 15
18 20 19
18 18 15
9 12 30
5 7 2
16 15 18
12 15 4
14 16 15
12 14 6
16 17 1
21 23 27
10 11 11
17 20 7
22 0 15
7 10 15
1 3 15
6 8 9
6 9 12
23 2 23
6 8 12
4 7 19
23 1 3
21 21 19
13 15 20
15 16 16
14 16 2
6 8 22
9 11 10
22 2 20
22 0 22
21 2 10
8 11 21
18 21 28
22 1 8
4 6 9
2 4 14
12 15 17
8 10 6
14 16 16
21 23 19
5 7 21
0 2 15
0 1 1
16 17 9
10 10 20
14 19 2
8 10 27
0 3 4
7 10 2
3 5 4
23 0 20
0 4 5
2 3 19
20 22 5
11 16 22
1 5 16
12 16 11
13 16 26
0 2 24
15 16 17
23 1 6
23 2 15
6 7 27
16 19 9
2 5 16
6 7 11
21 23 30
23 1 27
23 2 25
10 12 3
7 9 28
5 7 18
2 4 13
19 22 19
22 0 20
19 21 18
7 8 8
9 12 1
12 15 17
6 7 4
14 15 3
13 15 26
9 10 7
15 17 12
15 17 25
23 3 19
9 10 1
9 12 12
23 1 7
22 1 26
5 6 12
21 0 22
10 9 7
5 8 21
20 23 6
4 5 5
22 23 15
5 8 19
18 20 30
0 3 19
6 9 14
23 0 12
5 4 14
10 14 8
5 8 21
8 11 14
8 10 15
4 7 13
17 19 8
10 12 30
14 17 24
5 5 13
23 1 17
19 20 3
0 0 3
20 22 15
14 15 27
17 20 14
8 7 30
14 16 3
20 23 3
9 10 9
0 1 2
22 0 28
20 22 11
12 14 10
4 4 6
18 22 27
8 9 6
5 6 3
18 20 13
11 15 2
21 23 16
19 21 7
20 20 8
10 11 20
12 14 6
17 21 27
22 0 14
14 13 5
2 4 6
10 13 29
21 0 20
7 9 13
21 23 26
9 13 6
20 23 15
11 11 13
18 21 23
14 17 30
4 6 30
11 14 14
3 6 11
20 21 5
15 16 20
8 9 18
17 18 10
22 0 5
23 2 13
2 3 17
13 16 24
18 20 19
7 8 23
17 19 3
6 8 6
19 21 29
18 20 7
16 20 26
17 20 11
16 19 24
20 22 4
15 18 21
18 18 29
6 9 16
20 21 28
8 9 6
11 13 25
22 1 5
13 15 22
17 19 23
18 19 8
21 23 14
6 6 26
12 15 3
17 20 25
11 15 26
4 5 12
9 10 8
8 11 21
12 12 20
13 15 12
6 8 22
2 5 14
7 10 16
3 5 29
9 12 5
12 15 28
9 10 10
4 6 10
14 14 17
1 3 21
13 15 11
10 12 23
4 5 11
11 12 17
4 7 30
14 17 25
2 4 17
5 8 2
22 0 2
7 10 3
23 2 2
3 6 9
16 19 24
23 2 28
5 7 23
14 15 15
21 21 20
3 6 24
16 18 7
13 14 16
6 8 10
4 8 15
18 21 5
8 10 8
11 12 10
8 10 28
12 15 6
20 23 17
3 5 22
14 15 25
0 1 17
18 20 24
15 16 4
6 8 9
11 14 12
19 21 14
9 10 30
7 10 27
22 1 18
6 9 24
0 3 16
10 12 17
15 17 13
4 7 9
13 14 11
16 18 3
15 16 28
16 17 29
22 0 18
7 8 1
8 7 3
3 5 2
11 10 28
21 0 16
8 9 12
3 5 8
8 9 4
2 4 22
5 6 21
20 21 9
12 15 20
18 20 17
19 21 23
9 11 26
14 15 17
20 23 4
7 9 19
6 10 23
8 10 5
17 17 3
18 21 3
9 12 19
6 9 24
19 21 11
1 2 20
18 20 26
11 14 26
3 6 2
22 0 16
14 17 27
9 11 18
13 14 9
11 14 21
21 22 3
19 20 22
7 10 30
3 5 6
6 7 3
18 19 26
3 5 21
9 11 17
3 4 9
10 14 15
12 12 21
14 16 22
11 13 2
6 7 4
7 9 16
1 4 21
17 19 17
23 2 9
10 12 8
0 1 2
10 13 27
8 9 30
17 19 17
14 18 1
5 7 10
23 2 22
18 19 26
3 3 19
2 5 24
18 20 13
11 12 7
19 19 24
20 22 13
4 6 5
8 9 7
12 14 7
1 3 21
1 3 22
0 4 7
21 21 11
3 5 11
3 4 10
0 2 19
18 18 11
13 15 2
13 15 22
23 2 26
20 22 8
20 0 10
6 8 21
18 20 28
20 0 3
20 22 2
0 2 9
18 19 17
13 15 12
3 6 9
6 10 29
17 20 2
18 21 12
13 14 22
16 18 9
21 22 11
5 8 15
15 17 14
20 21 6
10 13 15
1 2 1
3 5 24
13 15 14
1 5 26
8 10 3
9 11 24
7 9 23
22 0 14
10 11 4
19 21 25
20 22 10
0 2 8
17 19 12
5 6 11
6 8 3
18 21 9
5 6 8
10 12 1
7 10 26
9 13 17
16 19 29
2 3 1
20 22 28
2 4 16
4 6 20
5 7 25
10 12 12
9 10 26
9 12 5
6 7 21
18 20 29
12 13 4
15 17 20
17 20 30
20 21 24
19 22 26
3 4 22
6 7 20
0 3 10
9 10 5
16 18 2
4 7 29
20 21 21
4 7 3
9 11 1
3 5 28
20 22 5
8 12 23
14 16 12
0 3 9
22 22 25
18 22 9
1 1 7
15 18 2
9 11 12
13 14 6
1 3 9
4 6 20
1 2 21
0 1 22
18 20 13
23 0 20
10 11 26
12 13 25
19 20 27
4 7 14
19 20 1
16 19 2
22 1 28
18 19 24
14 16 21
0 -1 22
14 16 28
0 2 12
5 7 9
19 21 5
2 6 21
4 5 2
21 23 23
9 12 10
18 20 27
17 19 28
12 15 14
21 23 26
21 23 14
13 14 25
23 0 27
5 7 2
6 8 12
10 12 17
11 13 20
23 2 29
4 6 15
3 5 21
6 8 5
1 3 22
6 7 17
19 20 16
10 11 29
23 2 18
5 7 19
2 3 24
11 15 4
1 5 13
1 3 4
6 9 14
18 20 24
19 22 10
14 16 24
6 8 29
17 17 8
10 13 10
11 12 23
2 4 20
7 7 20
15 17 6
14 15 4
14 15 11
10 11 22
0 1 28
8 9 1
5 6 9
3 4 5
1 3 21
14 18 6
18 21 28
9 8 12
11 12 13
3 3 7
5 9 16
16 19 5
22 22 12
0 1 17
5 6 9
2 1 8
11 13 7
3 5 10
7 8 20
8 10 15
7 8 27
9 12 11
20 22 25
10 11 7
8 9 20
20 22 3
17 18 19
17 20 26
10 14 23
14 16 17
0 2 18
21 22 4
3 6 25
20 22 10
13 15 9
12 14 3
23 2 21
8 11 10
11 12 6
16 19 4
15 18 22
21 22 13
18 21 19
6 8 5
9 10 21
5 7 28
14 15 18
17 19 15
17 18 12
20 21 1
19 22 10
10 11 16
14 16 27
6 8 17
21 23 4
11 12 7
16 17 17
2 6 30
8 11 21
21 23 19
2 6 10
2 3 6
10 12 18
20 22 5
17 19 12
9 10 1
7 8 1
8 10 23
20 21 9
0 2 20
17 19 15
8 11 26
20 22 29
21 23 28
9 12 8
11 12 9
0 2 20
10 11 3
19 22 24
22 23 20
18 18 16
23 1 16
17 19 8
9 11 23
16 19 8
5 8 22
23 2 10
14 14 29
3 7 16
21 22 23
9 11 11
3 4 17
3 4 19
12 14 21
7 9 20
0 2 11
9 13 10
12 15 10
22 23 30
0 2 16
16 18 11
5 7 19
2 3 7
5 8 27
15 17 16
15 18 21
20 20 3
17 20 1
0 2 18
21 22 5
17 20 18
8 10 3
14 17 12
12 13 30
16 19 21
2 5 5
22 22 3
22 22 19
12 15 15
0 2 3
16 18 24
3 6 18
22 0 3
17 19 6
14 15 27
11 13 19
20 22 23
23 2 17
14 14 9
21 0 27
21 22 1
4 4 11
17 17 25
13 14 7
0 2 18
9 12 2
10 14 21
19 21 6
17 19 27
6 8 3
8 8 27
10 12 30
18 19 8
17 18 24
3 4 12
17 19 20
8 10 14
10 12 19
2 4 29
22 22 11
13 13 25
3 6 22
5 9 7
20 21 13
19 20 15
22 0 20
20 21 15
5 8 29
23 2 23
21 23 11
0 1 4
10 13 20
15 16 15
22 23 29
18 19 4
14 16 14
22 0 3
21 0 4
2 5 21
23 1 18
7 8 25
13 14 1
1 4 24
8 8 22
4 6 13
19 23 9
11 13 22
17 18 17
19 22 30
22 0 29
22 0 20
17 18 8
17 19 11
19 22 21
8 10 20
14 14 22
14 17 18
12 16 1
17 18 2
11 13 25
9 10 13
17 18 12
9 12 25
5 7 13
15 16 23
18 19 26
7 10 14
20 22 24
9 11 16
13 15 7
21 23 14
3 6 30
2 3 12
13 14 6
5 9 3
17 19 16
1 2 11
3 4 6
8 11 16
0 1 24
9 11 25
3 5 17
1 3 4
21 22 11
15 16 22
23 2 27
23 2 11
3 7 30
21 0 26
7 9 25
2 6 5
14 17 10
14 16 26
21 21 10
16 17 9
18 21 6
14 16 4
11 11 30
4 7 6
0 2 22
18 22 14
0 2 15
20 21 2
18 19 21
6 8 18
22 0 9
19 21 19
11 11 18
21 23 12
11 15 13
23 2 6
2 5 12
10 12 7
2 2 15
5 6 12
20 22 22
6 8 1
20 21 15
6 7 13
18 20 6
8 11 25
13 15 24
15 17 15
17 20 17
3 4 12
5 6 21
17 19 30
6 8 26
0 2 25
15 17 21
18 20 29
21 23 5
11 13 7
10 13 18
20 23 20
19 21 17
15 15 11
0 2 10
18 19 24
1 3 13
8 11 26
19 22 26
20 0 26
13 16 5
21 0 5
19 22 16
16 17 24
22 23 28
22 23 5
8 9 10
21 23 1
9 9 25
9 13 9
11 13 11
16 18 2
23 1 18
15 17 20
2 3 17
10 12 28
18 19 16
1 4 15
23 2 7
21 23 23
2 3 15
17 19 2
18 21 18
11 12 12
9 10 3
20 23 28
0 3 27
15 17 30
13 15 27
23 3 19
6 9 1
3 5 16
14 16 30
0 2 30
2 3 23
0 2 5
20 23 18
7 9 24
9 12 30
10 12 15
6 8 23
15 17 12
15 17 30
11 13 15
1 3 1
3 6 27
15 17 28
9 12 9
13 14 9
11 12 13
17 18 21
18 21 16
23 0 22
21 22 25
2 5 4
11 13 2
14 16 3
10 12 7
6 10 23
4 8 25
23 0 10
6 8 23
4 8 20
1 4 5
6 10 8
10 13 24
19 21 10
16 18 30
22 23 22
5 7 19
21 0 6
13 16 3
9 10 11
22 2 7
14 15 25
21 22 18
13 15 7
20 21 3
2 3 6
12 14 23
7 8 6
0 2 3
9 12 17
19 21 14
9 10 26
18 20 20
9 11 23
0 1 13
1 4 21
12 15 2
2 3 30
23 2 20
1 2 15
8 10 21
15 16 19
2 4 7
21 0 17
7 8 6
11 12 6
9 11 15
1 2 18
8 10 26
10 12 25
10 12 3
10 12 16
22 23 2
2 5 26
21 21 24
15 16 2
23 1 4
12 15 3
1 2 16
4 7 21
22 0 18
8 10 19
3 6 7
7 9 14
16 19 17
6 6 10
17 19 28
6 8 27
18 19 27
0 2 12
5 7 1
23 2 30
22 1 17
20 22 29
16 17 9
13 14 2
5 8 28
15 17 27
13 16 29
8 10 18
5 6 1
6 8 18
0 1 21
11 13 4
8 13 6
1 2 21
7 9 6
12 12 23
17 19 26
3 4 25
14 16 9
21 23 27
16 19 7
11 14 18
17 20 19
8 10 9
16 17 16
16 18 21
22 0 24
18 19 3
3 6 29
15 19 12
5 7 30
21 23 25
8 11 18
23 1 1
1 4 25
5 6 27
15 18 13
15 16 15
8 10 6
16 17 22
2 5 11
17 21 18
10 13 22
15 19 18
21 22 17
17 17 3
15 17 23
9 10 21
22 23 6
9 10 24
4 6 6
13 15 25
13 15 25
13 15 29
12 12 1
3 6 13
21 0 14
13 15 5
15 16 21
2 2 25
17 18 4
6 8 23
18 21 6
11 13 23
9 12 2
4 6 11
21 0 18
12 13 28
16 17 9
7 8 6
12 13 30
19 21 19
11 12 20
15 17 21
1 5 10
19 18 26
22 1 9
7 9 1
6 8 7
10 13 10
17 19 6
4 3 4
1 4 14
18 21 17
18 20 11
17 20 2
6 9 8
13 14 10
20 21 3
4 7 1
8 10 15
2 5 30
1 4 19
19 20 15
7 8 14
5 7 8
13 15 29
10 11 1
17 19 7
16 19 20
9 10 25
7 9 3
21 22 14
23 2 24
11 13 9
5 7 6
22 1 5
10 10 28
20 21 27
20 22 13
21 0 28
9 12 1
13 15 10
21 0 19
16 17 22
20 21 17
11 12 1
22 23 25
22 1 6
11 12 30
22 0 5
13 14 21
9 11 5
6 7 16
21 22 19
9 10 15
10 10 15
2 3 1
22 1 19
9 11 20
11 13 14
20 22 6
21 22 10
6 7 9
23 23 11
1 4 14
19 22 3
19 21 4
7 9 15
1 5 24
12 15 14
14 17 23
14 16 17
6 7 12
18 20 29
21 0 20
22 22 11
3 6 1
13 14 28
6 6 11
4 5 4
2 4 26
6 8 13
15 17 7
0 2 27
12 13 12
15 17 26
22 3 1
16 16 28
4 6 8
12 15 4
15 18 25
15 17 16
12 16 3
12 14 6
11 13 13
21 23 14
7 9 30
22 0 14
14 17 13
13 14 6
6 8 14
11 13 29
5 8 17
19 20 8
9 10 5
14 16 6
21 0 18
15 17 3
16 19 27
11 14 6
13 13 16
16 19 29
11 12 17
6 9 14
11 12 11
22 0 29
2 5 10
22 23 18
9 12 28
15 15 28
3 7 15
22 23 26
22 23 4
3 6 11
14 18 17
13 16 26
8 9 12
15 17 21
11 15 11
2 3 3
13 14 2
3 4 26
2 4 24
3 2 19
11 12 18
9 12 25
17 19 22
9 11 18
2 5 23
22 0 1
20 22 14
9 11 6
6 8 6
8 12 22
7 10 7
12 13 25
1 2 4
1 3 29
4 6 20
4 6 23
9 11 11
10 12 3
10 12 19
2 5 10
15 18 15
11 13 27
5 8 24
2 4 20
13 14 8
15 17 29
19 20 7
21 20 13
1 4 12
1 2 10
15 17 14
20 21 8
17 19 14
21 0 22
2 5 11
20 23 2
5 7 12
2 5 12
15 17 23
3 6 1
0 2 28
8 11 13
21 23 8
0 2 22
16 19 19
17 19 27
19 21 4
22 0 26
4 4 11
3 5 20
22 23 15
20 22 6
18 19 4
12 16 6
19 23 14
3 3 14
15 17 20
20 22 16
12 14 17
23 2 25
13 15 29
6 8 18
0 2 12
4 6 3
13 15 30
23 2 11
2 4 12
1 2 15
21 22 18
8 7 16
10 13 9
21 23 20
9 10 21
3 6 27
23 0 9
19 21 25
1 2 19
14 19 28
23 2 20
2 5 16
10 14 16
17 18 1
11 12 12
7 10 8
5 7 3
16 19 7
4 7 26
7 9 13
21 22 24
18 21 7
12 15 19
13 15 29
5 7 30
4 7 12
17 20 25
19 21 12
0 2 1
11 14 14
17 16 16
3 5 16
16 18 25
2 3 9
12 14 22
16 18 3
5 6 1
14 16 7
17 19 28
5 7 3
7 8 11
7 9 19
6 9 20
21 21 19
23 0 23
19 22 19
16 18 18
9 10 21
16 17 3
11 13 11
17 19 21
4 4 3
14 17 26
8 10 5
13 15 29
5 7 23
10 11 2
4 7 22
19 20 5
14 15 6
4 6 10
19 20 2
10 15 26
3 6 6
11 13 28
11 12 8
23 1 26
