3090 30
22 15 20 29 29 19 15 27 29 5 24 21 23 5 21 19 13 17 12 22 5 24 24 7 25 4 28 4 11 14 
12 14 29
21 23 22
11 13 19
15 19 25
17 19 11
9 11 6
15 17 21
14 16 7
8 10 8
22 23 27
13 14 24
5 7 13
17 19 1
17 20 9
7 9 17
14 16 11
21 23 14
20 22 2
11 14 28
17 20 19
2 5 22
19 21 3
19 21 29
10 12 23
19 21 26
5 8 27
18 22 3
9 10 22
15 16 4
8 9 21
1 3 25
18 20 22
21 21 7
5 7 22
11 14 17
5 6 24
9 12 13
7 9 13
1 2 12
9 11 10
9 12 13
22 0 24
6 8 24
18 19 3
10 12 13
1 2 2
11 12 23
0 4 15
8 10 30
8 10 24
18 22 29
14 16 11
19 20 20
18 21 16
6 8 27
21 0 12
18 22 25
16 19 17
13 15 10
14 15 19
7 11 9
4 6 22
8 9 30
10 11 8
23 2 4
4 6 6
5 8 9
22 0 8
6 8 17
21 22 28
4 6 1
2 4 30
1 3 24
20 20 12
3 5 28
20 22 29
14 16 28
16 18 29
22 23 13
13 15 5
19 20 16
17 19 18
23 1 20
15 17 5
0 2 14
16 19 4
22 1 18
2 6 16
17 19 7
14 17 11
9 11 9
10 11 3
21 23 8
20 21 11
9 12 23
15 18 29
4 6 22
13 15 25
20 22 28
3 6 27
19 21 29
9 10 17
11 13 11
13 16 4
7 8 7
14 16 29
20 23 24
0 1 22
11 14 12
13 15 26
22 23 19
5 7 30
5 7 26
6 8 9
15 18 28
10 11 30
15 16 13
17 19 16
15 17 15
9 11 6
1 2 4
20 22 27
13 16 29
23 0 20
19 20 20
14 19 9
15 16 13
10 12 30
7 8 26
16 18 3
14 13 19
9 11 16
9 9 20
15 16 14
23 3 22
9 11 6
17 19 30
0 2 29
3 4 21
18 19 19
18 22 13
18 20 29
10 12 21
19 19 25
7 8 3
7 7 19
3 5 3
5 9 23
4 6 5
10 13 17
19 21 30
20 0 28
3 4 22
17 19 14
15 16 28
16 18 26
2 5 30
11 14 27
6 9 17
6 8 8
17 19 16
19 21 28
18 20 28
20 0 25
5 9 24
10 10 7
17 21 12
6 7 17
9 11 21
18 19 2
6 9 9
2 5 18
5 8 24
3 5 2
22 1 17
4 6 15
10 12 7
21 23 29
4 6 14
15 20 23
2 3 23
19 21 29
3 5 13
13 17 10
8 11 20
11 14 4
6 8 25
13 16 11
17 18 10
16 18 10
7 10 16
23 1 29
23 2 1
17 18 21
19 23 1
21 23 18
0 3 21
5 9 24
13 15 8
21 22 20
16 19 27
16 16 24
12 13 19
6 7 28
10 12 12
19 22 26
3 5 2
12 14 8
23 1 27
14 17 26
8 10 8
21 23 16
10 12 24
5 8 27
15 16 7
17 19 15
18 20 23
16 20 17
3 5 13
7 10 19
10 13 2
20 21 10
6 8 21
14 17 22
8 11 15
2 3 14
10 12 29
3 7 3
4 6 9
19 21 25
11 13 30
7 10 8
13 15 5
21 1 21
3 6 16
19 20 21
14 16 5
14 17 29
22 23 4
3 4 16
15 17 7
16 17 26
9 12 29
1 3 6
11 12 2
13 14 14
18 21 1
9 11 23
19 20 10
8 11 11
5 7 15
0 3 18
7 9 8
12 13 17
8 9 17
6 8 29
0 3 9
16 17 5
2 5 7
6 9 26
12 13 25
0 2 19
6 6 11
20 22 25
10 11 26
1 2 14
20 22 22
15 18 6
9 11 10
0 4 18
4 6 15
9 10 30
13 16 8
6 7 1
6 9 5
7 9 1
1 4 4
8 10 15
10 11 18
2 5 27
23 0 13
3 5 4
8 11 28
11 13 24
15 19 26
17 20 23
0 3 24
7 9 2
7 10 1
0 2 25
14 17 7
7 7 8
5 6 12
8 10 13
9 11 8
12 14 30
10 11 11
3 6 18
17 17 12
9 12 17
8 11 29
18 20 28
20 23 11
20 22 3
15 17 6
12 14 18
17 19 25
7 10 28
15 19 30
6 7 21
7 9 22
5 7 22
0 2 10
21 0 24
16 18 1
5 6 30
2 4 13
2 5 10
22 1 22
7 7 25
13 16 24
5 7 15
21 22 4
16 19 8
13 16 30
13 14 22
18 20 11
18 19 1
22 23 11
6 10 16
10 13 8
18 20 5
0 3 29
4 5 3
8 9 18
20 0 19
16 20 4
21 22 30
20 22 2
9 9 9
22 0 29
4 5 29
14 15 22
21 0 17
18 20 26
21 0 25
7 9 19
19 21 26
10 12 9
0 2 24
14 16 29
15 17 18
21 23 12
14 16 21
9 11 28
7 8 9
4 7 28
7 9 15
14 16 26
9 12 24
21 0 28
5 6 25
19 22 24
3 5 15
16 18 2
9 10 13
6 9 30
3 6 28
5 6 4
19 20 22
3 6 9
0 3 12
15 18 8
13 13 14
23 2 15
20 21 30
19 21 14
15 16 7
17 18 5
6 8 10
2 4 27
4 6 14
2 5 22
18 20 26
8 11 27
18 19 16
23 1 15
5 7 23
9 12 8
17 19 9
4 6 15
10 12 17
10 12 10
23 0 29
18 21 4
13 17 21
19 21 30
13 16 21
3 6 29
9 12 11
5 7 6
17 20 20
16 17 11
18 21 2
9 11 10
12 15 29
20 21 8
19 21 20
1 3 27
2 5 15
12 14 2
22 23 4
9 11 29
9 11 19
6 6 9
9 11 14
5 7 14
19 23 9
4 6 16
6 9 30
13 16 3
13 14 4
9 11 1
7 9 15
13 12 2
18 19 8
9 12 21
0 2 14
12 14 18
10 12 18
15 16 20
14 14 30
18 18 14
22 23 11
12 12 14
1 3 24
15 16 18
4 6 24
8 10 7
14 16 24
2 5 2
13 17 15
15 16 6
2 4 18
2 3 1
5 6 23
14 16 1
7 8 23
9 9 24
7 8 10
10 10 10
20 20 2
14 16 3
21 0 14
19 20 30
15 17 19
15 17 8
9 11 1
0 1 8
2 5 12
12 15 20
12 17 25
12 15 3
22 0 16
9 11 11
10 13 3
2 7 4
9 10 5
15 17 8
13 15 19
2 4 5
0 2 17
21 23 27
21 22 9
12 13 19
22 23 22
4 6 12
14 17 23
2 3 11
6 8 20
2 4 29
15 17 6
7 9 5
7 10 29
2 4 3
19 20 17
22 0 17
2 5 15
16 18 13
21 0 3
18 20 5
9 12 5
7 10 5
16 19 26
4 6 30
16 17 17
0 1 14
12 13 7
19 22 3
14 16 23
2 4 26
6 8 28
8 10 11
10 12 16
10 12 28
2 5 17
0 2 5
1 3 3
11 13 1
11 14 18
8 11 5
4 6 15
23 2 14
0 2 17
7 8 25
16 19 9
3 5 27
5 8 20
23 2 8
19 20 1
15 17 26
14 17 18
6 5 13
9 11 7
5 8 18
2 4 3
23 3 30
2 4 22
16 18 1
6 9 24
7 8 30
16 20 23
7 8 11
17 19 20
16 16 18
16 17 22
18 20 16
11 14 22
4 5 27
6 8 11
13 15 12
23 0 2
0 3 16
9 10 23
23 23 29
12 13 23
1 2 4
21 23 26
5 7 26
19 21 22
6 8 30
21 0 28
9 12 2
20 23 19
11 13 10
5 8 14
22 0 8
9 11 23
22 0 24
5 7 16
12 16 18
14 15 23
6 10 19
16 18 18
3 3 11
16 17 21
22 23 5
16 17 10
16 18 9
2 6 10
11 13 19
23 1 20
23 0 10
2 6 3
7 9 19
19 21 7
2 2 24
23 0 18
5 7 21
8 11 15
22 23 8
13 14 14
5 7 3
13 14 24
19 20 30
13 15 22
23 1 3
0 3 29
2 3 4
9 10 9
17 20 25
12 14 1
8 10 3
6 8 18
21 23 11
20 22 10
0 1 1
12 13 17
18 18 12
14 14 3
0 2 14
2 5 18
2 4 24
7 9 17
0 1 8
13 15 30
17 19 5
14 16 2
3 7 14
2 3 9
12 15 7
9 10 22
10 12 16
16 17 10
17 20 10
18 20 3
19 22 5
3 5 27
12 13 23
5 8 25
23 0 2
17 18 12
2 2 25
14 16 9
9 10 29
3 4 29
13 14 10
13 15 19
1 2 30
3 5 28
1 3 9
5 8 9
8 13 26
22 2 8
17 20 19
19 22 17
1 3 24
21 23 10
23 1 10
1 3 7
21 0 1
19 21 11
1 3 13
5 8 8
17 21 25
21 23 23
12 14 3
12 16 12
21 23 29
16 18 14
20 22 30
18 19 5
3 4 16
14 14 17
17 20 2
19 20 6
11 11 10
9 11 14
10 12 3
18 20 28
3 6 2
1 4 21
0 1 18
21 0 18
22 0 17
12 13 8
0 2 19
16 19 7
11 14 11
13 14 14
14 18 8
19 21 15
9 12 14
22 0 22
13 15 16
12 15 14
11 12 10
19 19 25
1 3 28
17 18 1
16 18 10
11 13 14
18 19 7
20 22 22
8 9 17
13 14 26
15 16 1
3 5 15
0 2 5
3 6 18
6 9 27
7 9 6
0 1 20
16 18 9
9 10 3
5 7 12
14 16 14
13 17 28
11 13 19
8 9 19
8 9 1
21 1 30
22 0 9
9 12 22
19 22 28
2 3 26
11 13 11
11 12 21
3 4 28
9 10 4
21 0 4
8 10 24
22 23 29
10 10 13
15 17 12
7 9 29
16 19 17
2 4 6
23 1 27
9 10 11
12 14 5
2 5 28
23 23 9
11 14 23
18 20 13
15 18 6
4 5 2
17 18 30
4 6 3
22 0 3
19 20 13
17 17 12
22 1 5
19 21 24
6 8 15
5 9 14
12 13 10
14 15 17
3 5 23
10 12 2
1 3 24
2 3 6
8 10 16
7 10 15
11 13 1
19 21 29
0 2 29
11 12 24
5 7 4
10 14 7
5 9 20
15 16 6
18 19 9
3 7 10
11 11 24
23 1 9
16 19 25
22 22 10
20 0 14
6 8 2
1 2 14
16 18 2
19 20 6
20 22 9
4 7 11
5 7 15
13 16 16
13 15 9
19 21 5
17 19 20
0 1 3
16 18 21
19 20 22
6 7 24
10 10 1
19 21 2
20 20 8
9 12 17
21 23 27
12 12 3
13 15 4
0 1 23
22 23 11
21 23 2
14 13 28
23 2 21
15 18 20
0 1 11
11 14 7
4 6 29
19 21 26
18 20 5
20 23 7
21 23 5
1 2 1
21 22 2
18 21 21
19 21 22
7 8 3
4 5 14
13 14 10
14 15 21
15 18 26
8 11 13
21 21 11
18 19 4
9 11 20
18 20 3
21 0 30
20 21 27
22 1 6
10 13 2
3 5 1
11 14 6
11 13 18
0 3 22
8 11 12
8 11 21
1 3 14
19 22 4
7 10 19
19 22 10
21 23 3
16 18 3
10 12 23
16 17 28
6 8 19
20 22 20
15 17 6
4 6 4
1 3 9
18 20 28
17 19 13
20 22 29
19 22 15
5 8 30
4 7 12
6 6 27
8 9 8
3 5 20
19 22 17
15 18 17
21 23 19
11 14 27
0 2 7
8 11 3
22 22 23
17 18 16
0 3 21
9 11 29
15 17 19
15 17 18
15 17 11
16 16 9
3 3 24
2 4 18
23 0 19
18 21 11
22 22 19
1 4 6
18 21 3
10 12 15
2 4 15
8 10 8
0 2 24
7 11 28
7 10 23
20 23 7
8 11 11
5 7 27
14 15 14
19 21 5
15 16 7
20 22 4
3 6 28
22 23 29
9 9 25
13 15 17
2 5 27
12 15 1
22 1 20
0 2 20
21 22 28
1 4 1
12 14 24
20 22 24
8 9 28
5 6 16
0 1 13
19 21 1
11 12 6
6 9 14
12 14 15
11 13 4
3 4 18
22 2 29
21 0 10
10 12 5
1 2 19
13 16 11
7 10 27
20 22 17
10 14 21
5 6 27
8 11 12
9 12 16
6 7 17
5 7 15
1 5 12
15 17 23
4 6 25
12 15 23
2 6 7
5 8 29
0 3 23
5 6 9
12 13 4
22 23 30
10 12 30
5 8 14
16 19 14
13 16 7
4 7 23
14 16 17
14 16 3
2 3 11
15 17 17
20 22 15
8 7 12
5 7 12
6 8 29
12 13 10
11 13 27
1 1 19
23 23 9
6 8 30
15 16 3
15 17 28
4 5 22
15 17 14
21 22 6
7 9 13
12 15 10
6 8 23
23 1 30
2 4 20
2 3 19
17 19 15
20 21 10
7 9 12
5 7 30
13 16 8
11 12 8
4 5 5
2 4 20
12 13 23
9 13 29
18 21 27
22 22 5
20 22 20
8 9 28
4 7 19
1 2 3
15 17 24
17 18 1
4 7 26
19 20 22
17 19 9
10 12 27
22 23 16
13 14 21
7 8 2
19 22 5
10 11 21
11 13 27
1 3 26
14 16 3
1 3 29
8 11 30
14 19 16
6 9 6
16 19 8
19 20 15
4 6 15
20 22 15
4 6 23
0 3 3
8 10 12
2 5 17
17 17 12
20 22 20
6 9 18
20 21 3
6 8 9
11 12 8
13 16 8
19 22 2
21 23 23
14 17 22
21 0 4
23 3 10
10 11 24
19 21 8
14 18 18
2 5 18
16 18 11
16 20 6
6 6 26
6 7 15
23 2 10
21 22 24
13 14 13
18 18 24
0 2 14
19 21 5
19 21 4
10 12 10
12 15 29
0 1 3
7 8 27
3 5 1
19 20 4
2 5 16
21 23 14
3 5 6
4 8 18
7 10 20
23 1 7
17 18 16
12 14 17
6 10 18
11 13 4
3 6 10
15 17 27
22 22 5
21 23 26
1 3 28
23 2 7
21 22 18
7 8 26
3 6 25
12 14 29
0 2 27
17 19 22
13 16 18
17 20 24
11 12 20
8 10 11
21 0 28
9 11 16
2 5 15
13 15 13
3 4 7
0 1 3
21 23 18
16 21 6
6 7 8
8 10 23
1 2 2
17 17 1
20 21 18
7 8 22
4 6 19
22 1 1
16 19 9
2 3 3
18 19 27
16 18 17
9 12 18
22 23 4
17 18 30
6 7 21
19 20 2
23 2 1
13 16 27
23 1 13
20 21 23
20 22 18
15 18 28
8 11 17
13 15 12
11 13 1
4 7 28
5 8 6
7 8 2
20 22 17
2 3 12
11 15 8
5 7 24
17 19 16
11 14 14
22 1 1
2 3 12
14 16 5
4 5 21
7 8 8
18 21 15
8 10 4
5 7 29
18 20 6
0 1 15
16 18 19
0 2 9
8 9 21
10 13 15
10 11 12
6 7 21
9 8 4
2 5 2
21 23 4
16 19 21
10 12 4
17 18 16
2 4 30
18 19 24
0 3 19
10 12 8
4 8 19
19 21 14
0 2 4
15 19 23
23 23 16
20 21 7
12 13 30
17 20 24
17 19 2
21 23 26
2 3 14
2 3 2
22 0 29
12 15 2
1 2 5
8 13 27
23 23 4
6 8 10
2 4 25
7 9 5
3 6 13
20 21 13
2 5 4
4 7 29
7 8 2
3 5 1
0 1 1
4 7 26
14 17 23
17 19 12
17 19 21
21 20 3
3 4 22
2 3 2
8 8 23
19 22 9
2 5 20
18 20 12
21 0 19
4 7 26
12 14 16
13 13 3
18 19 21
9 10 13
23 1 16
7 10 28
23 1 4
18 19 4
19 21 12
22 23 16
20 21 11
21 22 29
21 0 30
16 18 21
0 3 20
16 18 17
22 0 2
12 13 29
4 6 5
4 6 25
16 18 17
12 14 29
16 18 8
1 5 10
11 13 29
12 15 7
8 7 27
6 9 10
17 19 3
1 5 29
1 3 27
1 2 9
1 3 6
9 10 30
7 9 8
8 10 7
13 16 7
20 22 17
21 23 28
13 16 11
21 21 30
11 12 15
2 2 12
19 23 10
23 1 11
12 15 27
10 13 9
4 8 14
15 17 20
12 13 25
22 23 19
12 16 27
13 16 10
11 12 7
14 17 22
20 22 9
8 11 20
3 4 28
0 1 21
21 0 20
10 12 11
18 20 4
6 7 16
21 0 12
21 23 13
18 20 30
18 21 19
19 22 19
23 1 23
18 20 28
17 18 4
4 7 18
9 11 19
16 18 20
1 6 4
7 9 23
1 2 11
21 22 3
17 21 27
2 6 27
23 2 22
18 22 21
6 9 29
13 14 29
18 19 14
1 1 1
6 9 11
1 3 28
17 19 13
0 2 27
15 18 30
13 14 19
7 9 28
18 20 25
16 17 19
22 22 29
1 5 21
5 7 5
4 5 13
15 19 13
11 14 17
4 6 4
17 19 1
19 22 25
8 10 26
15 16 11
17 18 13
5 5 15
22 2 20
7 8 25
0 4 7
0 2 24
8 12 17
16 18 28
6 9 4
5 7 23
9 10 20
21 23 30
12 14 18
15 15 26
21 22 1
2 3 6
15 18 25
5 7 16
10 10 29
16 19 4
6 7 3
13 13 26
16 17 11
23 2 26
6 10 16
7 8 26
23 1 29
0 3 13
11 15 15
2 5 16
6 6 29
18 22 27
5 8 20
0 3 1
4 7 18
6 8 3
8 11 29
16 20 16
11 14 9
2 3 6
20 23 4
23 2 20
16 19 28
23 2 5
18 22 26
6 8 22
0 1 15
9 12 10
14 15 17
12 14 5
15 17 23
12 15 19
16 19 16
14 16 16
20 22 8
6 8 11
22 0 20
14 16 27
9 11 30
19 22 12
19 22 24
8 9 21
5 8 19
16 17 15
15 17 24
3 5 2
23 1 8
16 18 7
11 12 30
0 0 25
20 21 23
19 22 17
20 23 19
23 2 5
15 17 15
8 11 21
20 23 1
2 4 6
13 14 30
15 17 25
18 20 27
6 6 8
22 0 10
0 0 10
14 16 28
11 14 1
8 8 12
8 10 15
17 20 17
0 2 3
9 14 3
23 1 9
16 17 23
7 11 13
9 9 20
1 2 15
13 15 4
19 20 6
3 5 11
5 8 23
22 1 15
10 10 9
23 3 15
14 16 2
16 18 8
17 19 17
21 23 2
19 20 17
21 0 28
8 8 1
0 3 24
7 10 25
3 6 29
3 5 28
16 18 26
2 4 15
23 1 9
20 22 2
2 5 6
18 19 27
7 9 5
10 13 24
9 11 7
5 7 17
13 15 12
0 2 20
18 22 24
19 21 28
17 19 19
7 9 10
15 17 1
23 0 9
14 15 3
14 15 20
4 5 22
12 13 28
6 7 5
8 10 9
23 0 8
20 21 6
8 10 27
13 16 27
6 6 11
20 23 10
9 12 24
10 12 3
14 15 28
14 17 27
3 5 6
3 5 23
22 0 24
18 21 13
14 16 6
6 8 29
23 22 7
1 4 7
21 21 14
3 5 12
3 5 11
0 1 21
17 19 5
14 15 11
14 17 24
17 18 17
11 15 26
7 10 17
19 21 5
2 6 22
1 3 9
16 16 17
14 17 9
23 0 3
8 12 8
7 10 16
13 15 5
23 2 3
20 23 2
13 15 30
14 16 11
21 23 4
2 3 10
23 2 15
6 7 1
8 10 4
15 16 20
23 1 4
23 1 3
17 16 13
23 0 17
20 22 5
2 6 30
6 7 17
2 5 17
0 3 14
5 8 6
1 3 25
4 7 1
5 6 18
16 20 13
9 13 16
22 23 15
23 1 28
5 7 26
2 5 14
10 12 12
18 19 13
13 16 25
5 7 25
18 21 12
20 20 9
7 8 6
9 10 9
22 1 25
8 10 4
3 6 28
7 9 7
16 18 12
9 11 7
1 3 1
2 4 2
8 10 15
3 6 2
16 18 17
9 12 26
13 15 18
10 13 3
19 22 3
2 4 18
20 23 19
18 19 2
2 3 9
10 13 27
12 14 30
0 2 6
20 22 4
19 22 19
8 7 8
19 21 7
2 4 12
13 14 15
6 7 5
13 15 19
10 11 30
6 9 26
13 14 26
19 21 29
18 20 30
5 6 1
14 17 16
8 12 27
22 0 9
7 8 6
19 21 16
7 9 1
6 8 24
11 13 8
6 9 2
22 0 3
2 3 18
3 6 2
5 6 26
22 1 16
18 21 9
5 7 21
2 5 5
12 14 12
3 4 8
14 16 30
3 4 11
6 8 11
8 11 3
23 2 4
19 22 24
5 6 25
4 7 2
18 19 24
0 1 11
19 23 12
6 8 9
17 20 20
0 0 8
5 6 1
17 18 8
3 5 11
13 17 13
16 17 29
5 7 13
16 18 11
6 8 15
4 7 5
13 15 12
11 16 22
9 11 2
15 17 14
2 5 22
9 10 19
22 2 15
18 19 17
5 8 4
4 7 2
21 22 24
6 9 30
22 0 7
6 8 19
15 18 8
4 6 4
20 23 16
4 6 22
18 20 29
4 8 30
12 14 26
22 0 8
10 12 20
22 0 9
10 13 5
17 19 11
8 8 8
5 7 10
19 21 30
7 9 16
13 15 30
8 9 23
7 9 22
1 5 2
7 10 19
20 0 21
1 0 10
13 15 20
23 0 13
19 21 8
15 17 3
1 2 17
16 17 5
10 11 1
21 23 2
23 23 8
6 7 18
7 7 26
9 11 16
15 16 21
7 8 25
20 22 10
14 16 22
13 15 12
1 4 22
8 9 6
16 18 12
1 3 18
19 22 19
19 21 29
23 2 3
16 16 5
7 8 4
2 4 20
10 10 21
13 15 21
14 16 15
11 12 11
23 1 11
0 3 2
9 12 1
0 1 14
14 16 12
15 17 3
2 3 11
10 13 9
6 9 26
9 10 18
12 13 12
1 3 29
8 8 17
5 8 21
5 9 7
14 17 3
12 14 10
23 23 4
17 19 22
9 10 26
7 10 12
16 19 8
22 2 20
0 3 3
17 20 24
19 20 1
20 21 5
6 7 4
23 1 13
18 20 29
15 16 21
0 0 22
23 1 23
16 17 12
6 8 8
21 23 13
8 10 7
8 9 16
21 23 14
0 0 16
7 10 12
17 19 20
16 20 23
10 14 18
8 11 10
3 5 27
6 9 19
19 20 19
1 3 20
23 0 8
15 17 28
12 14 27
1 3 29
18 20 8
3 4 11
2 5 23
6 8 18
19 21 12
12 12 8
16 17 6
14 16 18
1 3 7
14 15 29
13 15 12
19 22 14
4 6 26
21 23 29
14 14 13
10 11 6
2 3 8
15 17 19
11 13 28
8 9 2
12 14 14
15 16 8
2 4 29
17 18 4
23 0 15
10 13 17
16 20 7
22 1 22
8 12 17
16 19 28
17 19 22
0 3 4
20 22 28
3 4 3
17 18 8
14 16 17
23 0 7
6 7 10
11 13 27
1 3 26
12 13 25
11 14 11
20 20 15
8 10 13
6 7 15
14 16 21
21 0 8
10 13 24
2 3 3
19 20 4
14 15 2
20 23 3
21 1 5
21 0 15
13 15 2
13 14 25
5 7 17
13 14 5
1 5 16
3 6 17
10 14 2
14 17 26
0 1 25
6 8 8
14 14 2
14 17 29
7 8 5
3 5 16
3 7 27
16 18 8
23 0 11
16 18 10
0 1 24
9 11 16
18 19 20
22 23 6
16 19 27
16 18 8
8 11 8
16 17 16
5 8 25
22 0 7
3 5 7
14 16 11
0 3 26
16 18 10
23 1 16
18 21 5
0 3 5
15 15 12
14 16 10
17 18 13
23 23 9
22 1 21
18 20 23
16 18 18
14 16 4
12 14 6
2 6 11
7 8 22
19 20 24
6 9 16
3 5 8
22 22 25
3 4 1
12 15 28
13 15 22
6 9 6
20 22 9
1 3 5
19 22 2
3 7 12
1 3 23
19 20 17
18 20 2
19 19 18
22 1 18
10 12 24
1 5 13
17 20 27
0 2 30
7 8 6
15 18 22
22 23 5
10 9 29
12 14 23
6 8 15
7 10 10
15 18 3
5 7 11
23 1 19
8 10 4
5 7 12
8 11 25
9 11 27
11 14 2
2 3 19
7 11 12
7 10 29
16 17 24
17 20 25
13 13 9
10 12 13
14 16 20
10 10 24
6 6 14
0 2 30
1 5 12
10 11 15
14 15 24
8 10 19
4 6 6
10 13 7
14 16 6
15 18 9
7 9 2
3 5 26
19 18 19
1 1 3
11 12 29
3 3 10
14 15 6
16 18 29
22 23 16
1 3 28
5 9 23
9 11 11
0 2 15
9 11 3
14 15 4
4 7 15
7 9 7
14 15 23
5 7 7
23 0 25
2 5 27
19 20 24
10 12 2
7 8 23
7 10 24
8 8 29
17 18 20
17 19 25
3 5 2
19 22 27
6 8 8
5 8 20
0 2 8
3 3 12
15 17 25
17 18 24
10 13 30
5 4 8
1 2 8
22 23 16
2 5 4
15 16 16
8 9 2
16 18 6
2 3 5
5 8 28
11 13 28
17 17 3
2 4 21
16 18 25
19 22 1
10 12 30
4 6 12
10 11 19
12 13 18
18 21 11
4 3 12
17 20 24
2 2 17
8 11 25
5 7 11
9 11 29
20 22 18
12 14 10
9 11 17
18 20 21
8 9 1
19 21 13
13 15 8
3 4 12
9 13 18
0 4 19
18 21 9
4 6 16
9 10 14
0 3 5
6 6 2
18 21 6
4 6 28
8 9 14
5 9 12
0 4 11
9 10 8
3 5 13
0 2 3
9 11 2
15 16 28
13 16 5
19 21 11
0 2 7
20 23 27
12 13 25
21 0 12
13 16 16
8 11 14
9 10 24
7 8 17
22 1 20
2 3 24
5 7 14
3 5 26
13 14 14
3 5 5
0 2 10
4 4 8
23 2 14
12 15 12
5 7 9
20 21 23
8 11 29
11 13 8
7 9 9
22 1 29
18 20 4
19 22 8
8 10 4
15 17 16
23 0 17
23 1 12
20 21 8
13 14 17
21 0 10
9 10 12
13 15 30
8 11 23
12 13 17
17 20 5
11 15 17
11 13 29
0 2 20
6 7 22
5 7 22
6 8 16
7 11 26
6 8 9
21 0 14
23 2 9
16 17 24
19 23 1
10 12 3
23 1 13
17 20 7
5 8 8
18 21 16
23 1 7
10 13 20
2 3 11
17 19 29
11 12 9
22 0 2
21 0 17
4 6 21
15 17 21
10 13 8
12 14 5
1 3 9
15 17 18
7 10 1
1 3 2
2 6 10
13 14 17
19 21 7
4 6 22
14 18 9
13 14 13
16 17 12
19 22 14
8 10 14
9 12 21
20 22 3
10 12 11
3 4 4
2 5 21
5 5 7
17 20 12
13 15 4
2 3 6
5 7 28
11 14 3
23 0 9
7 10 19
7 9 5
21 23 21
4 7 28
7 9 6
4 6 18
11 13 13
9 11 18
20 22 8
11 12 16
23 23 8
15 17 28
6 8 26
14 16 24
19 21 12
18 19 11
19 21 1
0 1 28
15 18 8
17 19 18
8 10 25
15 17 20
21 22 2
16 17 7
16 18 18
11 13 25
2 6 5
15 18 18
1 3 27
13 16 11
18 20 28
12 12 8
11 12 28
0 -1 21
5 7 27
6 9 4
18 19 12
2 5 27
19 22 24
9 11 15
10 11 5
15 19 18
13 15 11
20 21 30
6 8 2
10 12 15
22 0 16
3 5 7
23 1 25
14 17 28
13 15 23
7 10 3
22 22 19
8 11 14
0 2 12
23 2 2
21 1 27
5 7 14
11 13 7
20 22 21
8 12 16
20 22 17
18 20 1
19 21 23
21 22 17
8 10 14
15 17 6
21 22 21
14 17 14
8 10 28
22 22 29
13 14 9
7 9 25
7 9 14
6 9 29
7 11 27
10 10 27
6 7 1
16 19 28
19 21 30
3 4 23
23 2 6
7 9 4
9 11 24
5 7 20
3 4 27
15 17 15
22 0 16
7 9 1
19 22 15
19 21 18
1 5 13
21 0 22
22 0 30
2 5 12
5 7 12
15 19 23
22 1 11
19 22 13
17 19 18
22 23 30
19 21 18
16 17 21
20 0 12
10 12 24
10 9 7
3 6 3
2 4 8
12 13 27
7 8 19
16 17 16
19 20 25
9 10 24
18 19 10
7 10 26
21 0 5
19 20 29
23 1 5
17 19 10
15 19 16
21 1 15
9 13 14
12 14 27
5 7 13
18 20 30
4 5 6
23 2 9
22 0 9
21 23 28
0 3 28
20 23 24
20 0 12
16 21 18
1 4 23
22 0 24
6 7 20
5 10 19
20 22 18
23 0 1
5 8 16
2 4 20
21 23 4
14 14 27
23 23 20
15 17 19
17 19 6
20 22 29
12 16 16
21 23 13
22 0 28
20 21 16
14 17 27
15 17 19
22 0 27
9 11 25
5 7 25
16 18 2
2 5 8
17 19 11
21 23 4
1 4 11
10 11 28
7 9 21
10 12 10
13 15 12
5 7 23
5 7 4
15 18 17
13 16 19
12 14 3
18 20 22
5 9 9
6 7 8
8 11 19
13 14 3
2 4 20
14 17 6
23 1 18
2 5 1
5 8 22
10 11 22
4 6 18
4 7 7
21 22 6
11 12 5
18 21 27
13 15 21
18 21 2
8 10 20
2 3 13
5 7 16
3 6 1
6 7 18
16 19 23
15 18 9
12 13 8
3 5 12
15 16 11
4 6 24
7 9 20
17 19 7
14 17 8
9 9 19
3 5 30
11 12 30
10 12 16
0 3 21
21 0 3
8 9 22
3 6 13
8 10 2
9 12 24
5 7 21
14 15 14
22 0 27
16 20 29
13 14 21
17 18 10
17 20 4
13 14 3
18 20 4
4 5 26
2 4 16
5 9 14
19 22 2
18 20 30
19 21 18
23 0 20
21 0 25
3 5 10
2 4 18
2 3 7
7 5 22
23 2 22
20 21 4
23 1 17
15 18 17
8 9 25
15 18 5
6 8 1
15 17 13
14 17 5
5 7 7
4 7 29
9 11 21
3 6 13
22 23 16
0 3 4
19 20 28
19 21 21
22 0 29
4 5 24
7 9 28
12 15 25
1 3 23
5 7 30
21 22 6
21 22 11
17 18 8
23 3 5
4 6 10
3 5 26
13 13 27
21 22 1
8 10 9
16 16 24
9 12 10
17 19 5
5 7 14
13 15 5
10 12 9
1 1 16
10 13 23
8 10 30
15 16 18
11 13 27
14 16 10
17 20 26
3 4 25
6 8 17
0 3 11
8 9 20
14 17 3
17 20 27
7 10 17
9 11 25
17 20 16
0 2 27
15 16 21
17 18 10
7 8 18
15 17 22
11 13 29
1 4 21
4 4 18
19 0 19
14 16 24
23 23 13
19 21 29
17 20 13
19 21 6
16 17 3
23 1 28
16 18 30
9 11 2
5 7 1
4 5 3
23 0 21
20 23 15
10 12 5
13 15 29
21 22 17
2 4 1
3 5 5
14 14 11
14 15 4
10 11 28
1 2 6
23 1 3
19 21 12
21 0 28
8 10 16
2 4 14
17 18 30
1 4 26
18 20 17
15 17 10
7 9 28
11 12 9
19 21 16
15 18 11
8 12 18
9 11 9
5 7 4
10 11 18
7 11 4
10 14 21
21 0 12
18 19 6
10 14 14
0 2 8
9 12 6
4 5 9
8 10 7
2 4 29
7 9 10
14 15 13
1 3 25
6 9 18
15 19 3
22 23 4
4 6 10
0 2 18
8 10 22
15 16 27
11 13 3
20 20 5
7 9 14
1 3 22
3 4 10
20 21 17
21 0 28
7 9 27
13 15 19
2 4 23
19 21 14
18 19 3
7 9 14
7 10 26
5 7 1
23 1 12
12 15 3
4 5 6
14 17 12
8 11 17
3 5 16
21 22 17
18 20 2
21 23 21
22 1 14
18 18 27
0 1 20
4 8 8
11 13 28
16 16 16
18 18 9
4 6 30
8 11 5
18 18 18
19 21 19
17 19 22
15 17 27
17 17 2
3 5 24
4 6 2
9 11 9
18 20 10
4 6 29
21 23 3
19 20 1
10 11 7
13 15 3
11 12 5
22 23 4
18 21 21
19 22 30
6 8 8
7 8 14
18 20 15
13 13 24
22 2 24
12 14 26
6 9 11
16 19 20
4 7 18
11 13 25
17 18 7
6 8 30
10 13 1
9 12 8
9 12 24
20 22 12
11 14 6
3 4 13
2 4 20
16 18 5
4 5 14
6 8 23
14 16 26
18 20 6
20 21 14
1 2 13
3 4 21
9 14 8
4 5 15
8 11 30
21 22 30
1 4 17
16 18 14
17 20 12
23 2 25
12 14 15
20 23 18
14 16 10
20 22 5
2 5 9
20 23 5
3 5 2
3 6 10
8 9 1
2 5 7
15 19 12
11 13 10
4 6 2
13 15 16
17 19 3
10 13 1
11 13 3
13 15 23
4 4 16
1 2 11
10 13 1
23 23 2
12 14 7
4 6 22
17 20 21
21 0 11
8 9 27
11 14 29
15 16 24
16 16 4
3 6 11
20 22 2
2 5 3
9 9 1
5 8 4
14 16 8
18 19 1
4 6 20
18 19 15
5 8 18
14 16 26
12 13 10
0 1 14
10 13 11
4 7 8
4 6 11
22 0 22
8 11 27
19 20 11
9 13 29
22 22 7
19 20 11
1 4 2
12 14 17
1 4 15
13 15 14
15 17 21
22 2 2
22 22 12
10 14 29
9 11 15
21 23 9
10 12 24
19 20 12
2 4 19
22 0 6
21 0 15
23 1 8
22 23 27
19 22 18
19 21 9
15 17 11
4 4 15
10 12 3
12 15 4
3 5 21
14 15 17
9 11 7
14 15 20
11 12 23
2 3 24
23 1 4
13 14 16
17 20 14
19 19 26
7 10 24
14 17 23
12 13 18
5 9 23
1 2 15
4 6 18
17 18 16
4 7 26
11 14 27
1 3 10
8 13 8
10 11 3
14 16 14
9 11 29
3 5 30
22 0 15
19 21 29
21 22 2
15 17 24
17 18 13
22 1 6
6 9 14
20 0 23
1 1 30
16 18 26
7 8 7
21 21 30
2 4 2
22 23 28
23 2 26
15 16 4
12 15 10
9 10 27
5 7 21
3 4 16
6 11 22
1 4 21
16 18 10
14 16 6
10 13 16
5 6 2
11 13 29
10 13 13
10 12 24
3 5 29
21 23 7
6 9 19
21 0 5
2 6 3
2 2 5
13 15 24
21 23 28
19 22 18
13 15 29
8 10 16
3 4 2
6 7 24
5 6 5
0 3 18
16 18 15
8 11 15
0 2 20
19 22 24
18 22 18
16 19 27
1 4 20
2 4 12
13 16 27
10 12 26
7 8 23
12 14 2
2 3 12
15 16 4
4 5 27
13 17 16
4 7 14
12 15 13
3 6 21
1 4 13
3 5 7
16 19 7
7 8 11
19 21 5
17 20 10
23 0 8
22 23 21
20 21 1
17 19 9
8 10 15
7 8 28
19 20 30
14 16 27
0 2 27
13 17 26
19 21 1
1 1 11
11 13 27
15 16 20
1 4 3
21 22 7
19 19 14
9 10 13
21 22 22
12 13 28
21 22 19
0 3 12
6 8 16
18 19 17
16 17 28
18 20 21
7 10 24
18 19 12
19 20 26
18 19 9
6 9 11
18 20 2
21 0 19
17 19 30
7 9 20
0 3 12
11 13 17
8 11 24
7 9 10
0 2 19
16 17 11
0 3 2
16 18 19
7 8 24
23 1 11
16 18 17
18 20 8
16 19 10
22 1 6
1 5 29
7 10 30
5 6 21
16 18 6
15 17 19
13 14 8
19 22 3
4 5 21
23 23 30
9 12 20
18 20 28
3 5 15
5 7 15
1 1 10
5 6 22
22 1 14
18 20 19
6 8 18
11 13 19
2 4 26
23 1 14
9 10 16
6 6 13
21 22 29
16 18 8
21 1 28
4 7 10
4 8 3
21 23 13
6 8 16
7 8 10
8 10 17
1 2 10
11 12 24
17 18 20
5 7 5
18 21 8
23 0 15
18 21 15
1 3 24
22 22 12
0 0 12
19 20 5
19 20 4
14 17 5
13 14 25
15 16 25
20 21 24
12 15 28
17 19 30
9 11 9
19 21 21
15 17 26
16 19 7
19 20 25
9 11 21
9 11 29
23 0 19
3 4 7
23 1 24
0 2 5
14 17 15
17 18 26
2 4 23
10 13 28
1 3 22
21 22 6
23 1 6
11 13 7
14 15 3
5 7 14
1 3 8
2 3 19
6 9 16
2 4 9
12 15 25
18 19 10
0 1 24
0 2 16
22 0 4
21 22 23
9 12 13
17 19 29
2 5 18
20 21 13
8 10 14
13 15 18
15 20 19
4 5 2
13 13 19
20 21 1
19 21 14
11 13 27
17 18 19
11 14 23
5 7 19
9 11 3
22 0 17
15 17 29
13 13 26
14 15 30
16 19 16
12 13 2
5 7 20
22 22 27
1 5 11
4 6 27
16 18 20
11 13 17
2 4 29
4 5 28
1 5 24
16 18 30
22 2 28
23 0 3
3 5 10
9 12 21
17 19 15
10 11 14
11 12 17
8 10 26
17 19 24
21 23 4
9 11 13
3 5 25
10 13 19
18 21 3
20 0 14
5 6 8
17 21 17
21 23 29
20 0 30
21 0 28
13 14 19
15 17 19
2 3 1
18 19 17
21 22 24
11 14 28
16 19 11
9 13 11
7 8 1
12 15 30
8 11 1
17 18 16
22 1 4
14 16 22
17 20 22
7 10 21
9 11 26
19 21 27
11 13 16
23 1 20
7 10 18
23 0 25
18 20 22
13 14 26
8 11 4
2 5 6
17 20 17
18 20 3
13 13 10
19 20 27
11 14 20
9 10 27
3 5 12
8 9 18
10 10 3
6 9 2
13 15 14
5 8 3
8 9 15
20 21 3
7 9 14
14 16 23
3 5 23
8 10 13
13 15 27
8 10 3
16 16 15
14 16 5
23 1 30
3 5 2
13 15 6
20 21 17
7 10 10
19 21 26
3 6 28
6 7 18
12 12 13
12 13 5
18 20 17
14 14 1
16 18 3
3 7 18
1 3 23
9 10 9
12 15 23
1 3 17
1 3 20
13 16 25
3 4 5
12 13 5
15 16 24
16 19 8
14 17 9
9 10 16
0 3 25
15 16 21
21 1 11
16 20 7
9 11 25
15 15 14
15 17 19
2 4 9
13 15 29
1 3 16
3 6 14
13 16 21
10 12 11
17 19 13
20 22 21
22 22 21
2 4 6
7 11 6
11 13 23
8 12 15
10 11 2
0 3 8
0 1 24
16 20 10
1 2 30
3 6 16
5 6 26
19 19 7
20 23 23
0 2 9
12 15 22
5 8 8
4 4 3
21 23 8
12 14 1
12 16 21
15 17 30
21 22 26
7 7 5
11 13 18
17 18 8
15 17 4
8 11 29
22 2 6
11 13 21
20 21 26
3 5 13
21 23 26
18 20 14
9 8 23
13 15 17
0 1 21
2 6 25
0 4 24
20 22 19
23 0 22
13 15 20
21 1 17
4 6 18
20 22 10
0 2 14
10 13 6
20 23 16
7 9 20
13 16 3
17 21 23
15 19 7
5 6 4
21 22 21
16 17 20
4 5 23
2 3 2
14 16 12
3 5 12
6 7 14
16 18 16
14 16 14
9 13 11
17 20 9
11 13 11
4 6 26
22 1 24
21 23 21
12 14 27
15 19 11
19 21 29
9 12 27
22 23 10
5 7 1
20 23 24
4 4 7
9 11 15
0 3 16
3 5 10
12 15 23
15 16 25
14 14 16
0 2 9
2 5 25
15 18 14
18 20 27
17 18 18
12 14 3
4 6 29
3 5 21
14 16 5
19 19 7
3 4 8
11 14 27
17 19 10
13 14 11
8 10 24
21 1 14
9 10 21
18 20 17
23 1 29
21 23 28
9 11 12
9 11 25
21 23 15
7 10 16
6 9 23
19 22 16
22 1 26
7 8 5
1 2 16
0 3 17
22 0 4
7 8 6
22 0 24
11 13 20
2 4 20
1 3 18
22 1 28
9 11 26
12 14 9
19 21 4
15 15 26
0 2 20
1 4 24
8 11 26
8 9 18
6 8 10
3 4 29
19 22 27
2 5 18
11 13 2
12 14 23
4 6 5
14 17 2
17 18 6
23 2 28
1 2 2
15 16 25
18 21 2
9 11 4
12 14 26
2 4 30
10 10 29
19 23 30
9 10 4
3 6 26
1 5 13
15 17 19
6 8 7
0 2 9
8 10 2
10 14 19
13 14 24
6 10 11
14 17 17
13 17 17
13 14 8
17 20 27
13 15 25
3 5 27
1 1 12
1 3 27
6 9 16
20 23 26
2 3 30
4 6 15
8 10 27
3 4 19
12 13 7
20 21 20
8 12 26
16 18 5
17 20 30
9 10 12
11 13 15
10 12 4
16 17 18
15 17 3
17 20 4
0 1 3
9 11 2
3 5 27
16 18 13
0 2 11
22 23 15
1 3 28
14 15 24
10 11 8
17 19 5
22 1 1
21 23 23
11 14 4
11 12 13
19 21 8
17 18 13
3 6 14
15 17 23
21 0 9
21 22 25
