3170 30
11 8 6 8 26 4 28 27 8 20 29 24 28 12 26 8 22 3 30 3 5 7 28 12 6 21 30 22 3 3 
20 22 3
15 17 13
20 21 23
4 7 4
15 17 24
8 11 22
11 13 28
5 6 30
12 15 20
23 1 14
8 11 2
21 23 7
8 11 27
21 22 6
16 16 2
22 23 10
12 14 6
9 11 11
9 10 7
6 7 17
8 9 8
20 23 17
21 23 28
2 5 2
9 11 28
19 21 16
18 21 3
13 14 28
2 4 18
22 0 9
7 9 23
12 14 17
15 18 18
3 4 24
19 22 27
10 12 1
21 0 13
18 20 27
7 8 29
17 20 20
23 0 16
13 14 22
1 3 21
7 8 23
23 2 21
10 12 4
16 20 9
4 6 29
2 5 10
18 20 26
17 20 3
18 22 7
15 16 18
19 22 23
23 0 22
5 6 7
11 12 16
1 4 30
23 1 8
9 11 25
9 11 13
14 14 9
18 20 17
22 23 5
9 11 19
11 13 2
17 19 13
11 13 11
9 11 1
17 18 3
14 17 13
21 23 28
12 12 14
10 12 29
11 14 26
5 6 16
4 6 9
5 7 17
10 12 4
15 17 22
19 21 21
12 14 18
9 13 19
15 16 6
19 20 22
6 7 7
19 22 26
14 16 6
6 9 27
6 8 25
6 8 22
9 12 28
5 7 18
11 11 8
8 11 20
17 20 30
17 18 2
19 22 8
22 1 7
7 10 22
2 4 24
0 2 27
13 16 10
13 15 4
15 17 14
8 11 24
19 21 15
0 2 2
9 9 5
21 23 11
11 13 12
11 13 25
19 20 20
6 9 28
21 23 28
8 10 4
3 6 8
18 19 22
22 0 4
5 6 22
10 14 22
7 9 13
10 11 17
5 6 7
10 12 2
6 7 9
20 23 5
14 17 1
7 8 1
10 12 20
14 15 28
10 13 5
11 13 6
7 10 17
9 10 23
5 7 11
5 5 4
8 10 14
12 15 13
18 21 2
0 1 3
15 17 12
2 4 19
11 12 26
5 7 4
13 15 20
6 8 5
15 17 12
0 0 9
16 17 18
18 21 9
15 15 28
6 8 16
9 10 9
6 6 8
4 5 4
7 11 11
4 7 30
12 14 10
8 9 29
21 1 30
8 10 26
20 20 21
9 11 16
12 14 17
17 18 22
7 10 20
20 23 24
19 22 19
17 19 2
16 17 27
7 8 24
2 4 25
7 9 8
10 12 15
10 11 21
19 21 10
6 8 17
23 1 26
3 4 25
13 15 14
8 9 16
21 22 21
21 23 13
2 5 9
13 14 30
5 8 24
4 6 20
11 12 15
12 14 16
7 10 23
22 23 22
14 15 15
2 5 9
15 18 19
12 13 16
2 5 11
19 21 14
11 14 27
22 1 30
8 11 20
14 17 15
12 14 25
1 1 16
12 13 2
21 0 20
3 5 26
23 3 14
7 10 6
18 20 2
8 10 18
2 5 3
3 4 16
6 8 19
15 17 23
16 18 13
18 20 26
3 5 9
20 0 1
10 13 16
22 23 1
1 3 14
5 8 30
19 22 13
1 3 27
2 5 25
8 11 17
5 7 9
0 4 22
14 19 20
4 7 18
4 4 12
19 20 3
15 18 16
3 4 26
5 7 5
7 9 28
13 17 4
5 7 22
22 1 20
15 18 26
16 17 29
21 23 30
8 10 17
11 13 7
21 0 3
4 5 8
20 23 15
14 16 24
23 2 1
16 16 20
21 22 5
10 12 10
17 19 16
11 10 4
23 2 12
23 1 26
14 16 29
0 2 5
7 9 13
15 19 25
1 3 21
11 13 7
8 10 29
9 10 1
9 10 20
7 9 28
15 16 29
9 12 8
12 14 22
8 10 25
14 17 23
7 9 11
6 9 6
19 19 17
11 13 10
12 14 22
21 23 23
1 4 24
23 1 13
5 6 17
11 11 28
18 20 2
11 13 28
5 8 29
15 15 2
19 23 25
15 15 16
17 18 13
23 1 4
9 11 28
5 9 18
9 12 15
2 4 24
14 16 11
10 13 5
0 2 14
11 13 4
14 16 14
14 15 3
4 4 19
9 10 3
2 2 30
4 5 26
4 7 30
22 0 28
17 18 23
16 18 25
18 21 4
20 21 7
22 1 27
21 0 18
23 2 5
10 13 15
15 18 14
21 23 11
20 22 11
22 1 9
9 12 13
5 7 22
5 7 3
1 3 27
3 5 22
15 16 10
4 5 30
7 8 23
0 4 30
17 18 21
16 20 14
8 12 18
20 21 8
23 2 13
3 6 10
11 13 8
22 23 7
20 23 14
10 10 30
12 12 1
17 18 22
19 21 12
0 1 20
13 14 10
4 5 27
4 6 28
22 0 5
19 23 17
9 11 5
14 15 20
21 22 4
6 9 17
9 11 20
8 10 11
5 6 26
5 7 20
12 14 8
16 17 25
16 18 29
12 14 14
7 8 28
2 4 4
1 3 12
16 17 25
10 14 17
9 11 6
12 14 6
12 14 11
16 18 13
10 13 3
4 4 22
16 18 22
17 19 5
13 14 27
10 12 22
19 21 12
8 10 11
8 8 16
5 7 12
2 3 25
17 17 19
1 4 22
8 10 1
17 16 4
14 17 28
7 10 8
3 5 19
4 8 15
15 16 12
11 13 25
4 7 9
12 13 10
2 2 3
14 17 11
0 1 22
1 2 20
16 19 28
0 2 22
7 9 26
22 0 6
22 23 3
20 23 26
7 9 20
13 15 21
4 7 29
4 5 1
20 22 2
20 21 6
7 10 30
11 12 25
10 12 29
17 20 28
8 11 27
2 4 14
20 23 26
21 23 22
2 4 21
1 2 25
0 3 24
6 7 30
9 12 5
22 0 20
11 13 23
18 19 4
12 13 13
12 14 22
16 19 12
3 4 15
2 4 27
6 8 12
18 20 5
20 23 28
22 0 29
3 4 25
7 10 28
11 13 17
1 3 28
4 6 23
1 2 26
10 10 28
5 6 28
7 9 8
16 17 15
20 23 22
16 17 3
5 8 19
20 23 3
12 14 4
20 22 4
15 18 23
7 9 30
19 22 12
8 9 10
15 18 29
22 1 3
22 23 6
23 2 30
0 4 13
20 19 3
19 22 19
0 2 4
2 4 24
23 1 21
17 19 5
18 21 2
1 3 16
5 6 9
12 15 15
4 7 13
17 19 12
23 1 27
12 14 17
12 13 8
17 20 26
21 22 7
21 23 3
20 21 3
17 19 22
9 12 30
23 0 19
21 0 10
3 6 9
16 17 30
3 4 2
12 16 21
14 17 12
14 17 13
18 20 13
16 18 26
3 6 2
10 12 22
9 12 21
4 5 20
22 23 8
16 18 27
5 8 29
7 11 23
14 17 15
18 21 3
23 3 15
13 14 3
7 9 19
14 15 3
1 4 18
18 21 3
13 15 1
6 8 9
13 14 16
0 3 2
11 13 8
15 16 23
13 14 12
19 20 2
18 20 25
8 10 30
21 23 21
3 7 18
4 6 14
5 7 15
15 16 5
4 6 26
21 23 24
7 10 13
8 10 20
1 2 29
21 22 7
13 15 25
6 7 11
18 19 24
9 10 24
15 17 3
17 20 13
2 4 20
21 23 3
23 1 5
7 9 29
3 4 8
8 11 8
0 3 17
2 4 3
19 20 30
8 9 10
8 9 25
22 0 13
18 19 18
2 3 14
1 2 24
15 17 16
10 13 25
2 5 25
6 7 12
7 8 21
6 6 28
13 15 22
12 13 3
9 12 10
11 15 23
5 6 5
1 3 22
19 22 18
21 22 8
5 7 3
18 19 22
2 4 22
14 17 10
20 22 28
3 4 5
15 16 22
23 0 3
14 17 22
9 11 23
12 13 15
1 3 10
2 5 9
9 12 21
1 2 22
18 21 16
8 11 16
15 17 25
8 10 4
19 21 19
4 4 21
19 20 7
23 2 4
7 10 8
8 9 25
22 1 19
16 18 14
8 11 11
4 6 26
21 21 9
8 10 17
22 1 2
19 21 13
0 2 30
18 20 23
7 12 1
14 16 4
13 15 20
3 5 21
22 3 5
23 2 24
9 10 23
17 19 3
21 1 21
1 3 5
22 0 8
3 5 20
23 1 23
2 3 18
1 1 9
3 4 19
23 0 18
17 18 21
14 16 16
12 13 10
14 16 27
2 3 6
16 18 26
23 1 20
15 17 13
22 22 8
20 23 20
8 10 10
10 11 3
19 22 24
14 16 29
5 5 22
9 10 27
11 12 10
12 14 28
16 18 4
22 1 7
15 18 25
17 20 30
12 13 3
21 0 17
16 16 21
7 7 3
23 2 17
4 6 22
20 22 19
12 14 12
16 19 30
14 17 25
11 14 3
4 4 3
9 12 12
18 19 29
6 10 29
6 9 4
17 18 26
12 14 12
13 15 7
16 19 6
4 7 8
0 2 19
22 0 5
16 17 16
12 16 29
1 2 19
23 2 4
17 21 23
8 10 3
18 18 22
0 2 3
0 2 21
23 2 22
10 11 17
6 8 5
22 23 30
13 14 22
6 7 6
14 16 15
13 16 8
22 2 6
3 5 7
15 18 25
17 20 14
23 2 26
3 7 18
23 1 15
15 14 23
6 8 1
16 17 19
2 4 29
5 7 30
15 19 17
23 1 2
21 21 16
13 15 24
8 10 19
20 23 28
12 13 4
10 12 10
7 9 21
16 18 14
4 5 25
7 11 30
21 22 7
21 23 12
4 3 24
16 18 2
3 5 10
23 2 23
17 20 7
10 12 20
0 3 12
23 1 14
11 14 15
17 17 26
5 7 12
18 20 27
9 10 27
16 17 12
14 18 27
15 17 21
13 16 16
23 1 20
22 23 24
11 14 15
14 18 16
7 8 8
22 0 17
14 14 5
1 3 1
0 3 12
9 11 11
0 2 1
11 12 5
4 7 12
7 9 2
14 14 2
13 16 26
15 18 19
6 10 28
15 18 18
18 19 2
5 6 30
3 5 25
20 23 30
23 0 4
2 6 24
9 10 21
2 4 12
19 22 1
20 21 29
23 0 21
21 23 4
17 19 21
14 14 3
13 14 19
22 0 28
8 11 7
20 22 4
9 10 20
7 9 30
5 8 22
8 11 1
20 22 5
3 5 30
18 22 18
7 8 7
4 6 13
7 11 1
19 20 7
21 22 5
8 12 14
22 23 5
15 18 4
3 4 2
9 11 5
22 23 4
8 11 16
2 3 22
16 19 21
4 5 28
20 21 17
17 19 28
22 23 7
7 9 5
12 16 15
11 13 8
15 17 18
10 13 28
15 17 10
2 5 29
7 8 14
13 15 27
15 18 30
11 13 23
6 8 17
15 16 26
19 21 17
7 10 26
19 20 22
16 18 16
12 16 7
17 19 4
3 5 7
1 4 29
3 6 28
5 8 25
14 14 13
13 15 26
0 2 15
7 10 3
16 17 9
7 8 1
23 3 16
8 9 6
21 22 5
23 1 3
4 7 25
9 12 29
18 19 1
6 8 28
9 11 9
21 0 29
8 11 28
14 16 11
11 13 5
4 8 19
2 5 12
11 13 15
5 8 7
4 4 1
1 3 10
14 17 9
3 7 8
6 9 27
13 14 7
2 4 25
19 23 8
14 17 15
1 3 23
0 1 13
0 2 16
23 2 3
4 6 18
22 23 16
20 20 28
21 1 26
1 3 17
1 3 24
14 17 9
18 20 3
5 7 6
1 4 20
14 18 14
15 18 23
19 21 11
10 11 24
12 13 25
10 13 17
1 5 27
20 0 15
10 13 30
15 16 19
18 21 12
19 22 29
6 8 8
9 10 7
9 10 25
18 20 8
12 13 12
12 12 30
17 19 15
16 19 8
15 19 23
6 9 16
4 6 25
18 21 26
12 15 29
17 20 29
2 3 14
4 5 9
15 18 13
2 3 17
19 21 20
10 11 21
6 7 11
1 3 15
23 0 21
18 19 24
16 17 9
16 17 8
11 14 20
11 11 2
10 13 14
23 0 1
18 20 17
21 23 1
6 9 10
10 11 1
23 1 1
2 4 12
23 0 1
21 1 7
13 15 21
6 9 13
20 23 8
17 20 30
19 22 17
15 19 22
13 14 18
6 8 10
14 16 6
3 4 12
8 11 16
7 9 22
15 18 12
13 14 6
14 17 14
17 17 15
11 15 30
11 11 16
19 20 29
0 1 29
16 18 9
4 6 18
23 3 5
21 0 17
18 20 27
17 19 17
10 11 13
21 0 18
10 12 7
12 14 6
12 13 24
5 7 24
19 22 8
13 15 27
5 6 1
21 23 13
0 3 27
21 22 20
9 11 17
4 6 29
9 12 3
15 17 12
8 10 4
16 17 19
2 4 14
21 22 14
13 15 19
14 15 11
2 3 9
5 6 11
21 22 8
16 18 20
0 3 9
21 23 26
6 7 7
1 3 12
20 23 14
9 10 30
3 6 23
11 14 29
6 8 6
19 23 17
11 14 16
5 6 7
21 22 14
19 21 24
16 18 30
14 15 8
9 13 29
3 5 29
15 17 7
20 21 24
12 14 27
8 10 3
3 6 1
20 23 13
3 7 16
11 15 21
19 21 11
21 22 22
0 2 5
19 19 17
23 2 9
21 0 27
18 20 1
0 0 4
10 14 8
11 13 27
22 23 4
5 9 25
16 18 4
14 16 9
18 19 7
0 3 9
23 2 21
10 11 16
2 5 18
11 13 17
9 11 30
13 13 7
14 16 15
11 14 17
5 7 8
9 11 22
0 2 17
23 2 19
15 17 12
19 20 23
13 16 25
22 1 12
3 5 22
16 18 18
2 4 26
11 13 8
1 2 23
9 11 21
0 3 5
2 4 23
13 15 15
23 0 3
23 3 30
20 22 28
1 3 15
14 16 23
11 14 15
12 14 11
15 16 24
15 15 10
8 12 28
19 21 4
17 20 27
21 0 15
9 11 19
13 15 13
8 8 8
4 5 10
15 17 2
6 7 19
23 2 8
10 12 16
4 6 28
10 12 20
4 6 8
9 10 30
5 7 20
15 19 20
22 0 26
5 7 16
16 20 7
8 9 17
12 15 3
20 21 2
6 6 24
3 5 7
10 13 12
11 13 10
7 8 19
0 3 11
10 12 16
15 16 25
4 6 16
11 11 8
22 1 3
15 14 13
15 17 5
19 21 1
6 8 17
1 3 8
2 4 29
16 17 6
11 13 24
23 0 26
10 14 15
23 1 24
4 5 12
23 2 25
0 3 4
6 9 9
2 4 10
1 5 29
16 20 2
2 6 14
22 0 11
17 17 11
17 21 21
15 17 14
8 8 8
19 23 10
5 8 13
3 6 2
7 8 4
4 7 6
15 17 7
0 1 22
4 7 20
23 2 1
7 9 12
2 2 30
18 20 25
7 10 17
18 20 17
2 4 10
22 2 21
0 2 21
6 8 5
22 0 29
20 23 3
16 18 27
19 22 26
16 18 29
1 4 12
22 1 19
4 6 17
15 17 30
6 7 14
20 23 4
23 1 11
7 8 5
18 21 8
2 3 23
19 20 11
8 11 10
10 12 11
16 19 9
14 16 11
1 3 12
9 12 12
22 23 23
11 13 1
4 7 25
5 8 28
22 0 28
23 0 13
8 11 22
8 10 27
4 5 14
19 21 15
10 13 17
11 14 21
18 22 22
21 1 23
11 12 1
23 1 17
1 4 8
10 12 14
21 23 26
23 2 5
11 12 11
18 19 1
19 22 1
15 18 8
5 6 19
21 23 6
20 0 23
1 5 1
23 2 20
21 0 23
3 5 1
12 14 30
19 21 16
21 1 12
19 22 18
16 17 6
18 20 23
5 7 11
16 19 20
11 13 13
4 6 28
4 6 11
2 4 6
6 8 22
6 9 4
18 19 22
22 1 5
6 9 7
23 2 16
4 6 14
16 17 7
16 18 5
8 9 20
16 17 18
8 7 25
3 6 9
12 12 16
1 2 17
16 19 3
10 11 10
11 13 8
10 13 25
16 20 30
8 10 12
9 10 13
15 18 13
17 19 5
1 2 11
2 4 4
2 4 10
2 3 18
8 12 24
16 19 14
14 14 27
16 18 1
8 10 22
12 15 23
15 18 26
10 11 5
18 22 12
10 13 9
23 1 26
9 11 24
23 0 23
21 0 25
23 1 5
15 16 7
19 23 18
16 17 2
1 4 6
8 7 16
14 17 3
0 3 2
11 14 28
23 2 27
14 16 24
9 12 4
7 8 26
5 8 1
2 3 10
22 1 20
10 13 3
8 11 22
6 8 18
14 17 14
4 6 22
17 20 14
5 8 27
13 15 28
20 22 4
20 22 9
5 7 7
11 12 23
4 6 3
23 1 4
9 10 5
5 7 12
9 12 12
20 22 29
15 17 26
15 17 17
20 21 18
15 20 7
22 1 12
1 3 17
17 17 9
4 6 26
16 19 10
1 2 9
15 15 18
11 11 9
13 14 22
21 1 20
17 17 26
16 20 16
21 22 6
1 4 5
4 5 23
12 14 2
23 2 7
7 10 12
6 9 15
21 0 22
7 9 20
1 4 24
11 13 17
11 12 24
18 19 8
17 19 8
10 11 29
20 22 28
16 19 27
12 16 7
16 17 23
4 7 27
20 22 25
10 15 10
14 16 30
11 14 8
16 19 11
17 19 24
11 14 5
8 12 9
6 7 28
11 12 2
5 6 22
8 8 21
1 4 26
14 15 17
19 20 16
11 13 9
8 10 27
10 12 1
9 10 21
12 14 4
1 2 18
0 2 6
7 9 17
13 16 21
5 6 12
6 10 3
7 9 18
6 8 16
0 2 10
13 16 20
1 2 10
0 3 16
5 7 10
0 2 18
10 11 26
16 18 1
8 10 13
8 12 5
5 6 1
6 8 15
8 10 15
22 0 22
18 20 10
8 10 9
16 18 11
23 1 20
13 15 10
11 11 20
12 12 28
10 13 6
7 11 14
1 4 14
15 16 28
18 21 27
10 11 20
9 11 20
22 1 7
1 3 25
8 11 13
15 17 3
9 10 16
4 6 19
21 1 29
21 0 9
9 12 16
21 0 13
4 7 7
22 0 5
21 0 2
3 5 22
1 2 18
16 19 24
3 5 21
15 16 4
17 19 24
20 21 7
7 8 13
11 12 27
4 4 30
9 10 25
21 0 13
14 17 3
5 8 20
18 19 30
8 10 19
16 19 14
19 20 3
8 10 1
22 1 5
13 16 19
20 23 1
15 16 16
8 12 5
12 13 21
0 3 29
9 11 2
2 3 5
11 14 18
1 3 5
6 9 28
16 19 12
12 14 28
15 17 24
5 7 20
6 9 4
8 11 9
20 23 20
2 4 21
3 5 4
1 4 14
12 16 1
9 11 18
16 19 25
8 11 12
9 9 30
12 14 6
5 7 18
1 2 3
9 9 20
2 3 13
16 17 15
20 22 15
21 22 17
20 22 20
14 15 21
2 3 22
4 6 18
12 14 9
7 9 24
5 7 9
11 11 15
23 0 4
6 9 15
6 9 20
10 11 11
20 21 3
22 1 27
15 17 18
1 2 4
18 20 16
10 13 13
4 6 16
6 8 11
22 0 12
13 14 6
11 14 11
21 22 10
22 1 4
19 21 4
11 13 27
12 14 23
3 4 25
9 12 2
1 3 2
17 19 1
5 5 18
6 7 17
17 18 30
5 9 10
13 16 25
0 4 5
23 1 23
23 1 3
21 22 6
2 6 21
20 21 18
19 22 25
10 11 9
6 8 19
4 5 18
12 15 24
11 14 26
0 3 10
21 23 20
5 8 26
12 15 12
3 4 18
15 16 1
2 3 26
0 4 12
16 18 10
13 15 7
20 23 1
9 11 12
10 12 23
19 21 20
6 8 10
5 8 15
16 18 29
11 11 17
13 14 23
20 21 17
6 8 30
10 11 25
17 19 8
14 19 5
22 1 15
7 10 5
11 12 17
7 7 21
10 12 13
2 4 17
0 2 10
6 7 30
22 0 10
18 19 5
1 4 10
14 16 6
2 3 27
21 0 22
8 9 4
0 3 28
7 8 16
0 4 23
21 23 26
22 23 4
1 4 8
18 23 17
19 21 29
23 0 18
11 13 16
16 18 17
3 6 11
13 14 26
8 10 27
20 23 9
1 4 22
1 2 2
23 0 19
4 5 3
13 14 24
19 20 24
22 1 13
14 16 29
17 18 20
22 1 7
12 15 23
23 0 2
13 14 20
12 14 21
14 18 25
16 16 21
15 17 29
5 8 10
15 18 26
21 0 30
19 21 17
20 20 20
18 19 26
7 8 15
19 19 2
8 11 2
20 21 6
9 12 10
3 6 25
12 14 1
22 0 5
20 22 15
3 6 12
4 5 29
3 4 15
7 9 23
23 2 14
3 5 18
10 12 9
2 6 15
6 7 2
14 16 27
22 1 8
10 12 13
15 17 30
13 14 12
20 22 18
4 6 28
21 22 4
13 14 22
1 2 15
7 10 29
18 20 29
6 8 24
14 16 4
16 17 30
14 17 29
3 6 19
23 1 18
2 1 1
22 0 22
9 11 2
5 8 9
9 10 23
0 1 12
13 16 7
16 19 5
4 7 11
17 19 18
8 8 30
4 7 29
6 7 16
19 20 23
14 16 30
19 22 27
5 6 8
9 10 17
19 21 25
19 23 8
9 11 8
15 18 4
0 2 19
2 4 30
4 6 2
16 19 1
2 4 10
7 10 19
12 14 12
1 4 22
11 12 30
4 6 23
8 10 24
23 23 4
21 23 22
5 5 27
19 23 26
20 23 5
22 0 24
14 17 21
21 23 8
6 7 12
19 19 23
23 1 9
23 0 9
10 12 2
20 22 24
3 5 19
4 7 5
3 6 6
6 8 22
5 6 2
6 9 5
11 13 30
3 5 24
10 11 20
22 23 14
7 10 9
12 14 1
15 16 15
22 0 23
1 3 1
23 0 15
21 23 7
6 8 25
8 12 7
23 0 6
9 11 8
23 1 3
18 19 9
9 12 11
1 2 10
2 3 10
2 5 3
22 1 11
23 0 25
14 17 12
14 16 22
21 23 9
12 14 20
22 1 14
10 14 29
14 16 11
5 8 7
22 23 25
17 18 23
21 22 16
4 7 11
6 9 20
6 8 3
16 17 15
14 16 20
22 0 18
1 5 10
11 12 7
7 10 10
11 13 24
15 16 25
10 13 19
10 12 17
12 14 9
6 9 29
16 19 18
14 16 23
0 3 23
14 17 19
14 15 16
8 9 12
6 7 10
5 6 24
21 23 22
20 21 15
11 12 8
5 8 28
17 19 4
23 2 30
1 3 15
4 4 19
3 4 6
11 13 21
9 11 11
10 12 21
19 22 23
10 11 27
3 5 25
17 20 7
16 17 13
8 10 18
4 5 16
1 2 17
0 2 7
2 3 11
11 12 2
10 11 28
4 7 5
21 21 1
6 10 13
22 0 22
9 12 13
10 12 4
1 4 29
11 14 15
3 5 16
4 7 24
8 11 14
22 2 14
19 21 28
17 16 20
5 7 12
9 12 19
9 11 19
4 6 15
23 1 23
3 6 22
1 3 15
3 4 19
22 2 29
21 23 28
4 6 3
17 19 11
17 19 4
14 15 25
3 4 23
22 2 27
2 2 18
14 18 8
14 15 28
15 17 8
12 13 26
23 0 19
21 22 3
3 6 16
9 11 10
22 23 26
5 7 28
14 17 5
22 23 13
1 4 14
1 3 24
18 20 24
2 2 6
23 1 15
8 11 12
9 11 7
3 5 22
17 19 23
8 9 24
0 2 27
5 7 2
17 19 30
4 8 15
13 15 1
15 16 10
12 15 19
17 20 17
13 16 20
1 1 22
3 6 27
21 23 5
3 6 16
22 22 8
21 23 18
1 3 14
2 3 19
2 4 23
0 3 17
10 13 28
2 4 5
17 19 27
18 21 6
19 22 15
10 13 14
23 0 13
17 18 27
15 18 18
20 23 28
13 16 21
4 5 4
18 21 25
21 22 25
14 17 23
7 8 7
2 6 16
7 7 14
15 18 3
9 11 23
7 10 23
7 9 29
17 21 13
10 12 26
8 8 3
16 18 14
4 5 22
5 7 27
2 4 21
20 20 6
20 23 25
18 21 21
14 16 20
18 21 19
22 1 26
21 22 11
6 7 9
2 1 18
8 10 27
18 20 7
0 2 19
7 6 25
21 22 23
13 14 7
13 16 25
4 3 8
19 22 12
18 19 4
13 15 8
2 7 14
19 21 30
16 17 20
9 10 18
11 15 4
15 17 1
8 11 9
6 8 30
2 4 20
9 9 6
8 9 30
23 23 18
11 13 21
15 18 3
14 17 5
0 2 4
12 15 5
5 7 9
1 2 14
6 8 2
9 11 2
4 7 7
21 0 24
21 22 16
4 7 26
6 8 29
18 20 7
1 4 8
22 0 29
10 10 23
2 3 12
11 12 13
9 10 30
2 5 26
3 4 6
13 17 12
10 12 3
0 3 2
6 11 11
16 18 23
22 23 2
1 2 14
0 1 13
1 3 8
22 0 27
7 11 17
17 19 18
2 4 23
8 9 3
10 11 30
20 22 27
7 8 28
9 11 26
1 5 25
9 10 17
12 14 6
18 18 29
21 22 27
7 9 23
15 17 1
0 1 24
18 22 30
16 19 18
0 2 21
23 0 7
22 0 14
8 10 3
6 10 25
21 0 24
8 11 22
8 9 3
1 5 4
19 21 24
12 14 12
20 22 21
2 3 14
20 22 26
23 23 13
2 4 2
18 20 29
2 4 26
20 21 8
20 21 19
4 7 19
11 13 4
3 7 17
20 22 4
7 7 20
22 0 23
11 13 12
4 7 21
16 19 4
2 5 12
5 7 14
2 3 11
2 5 15
0 4 21
19 20 22
12 15 19
4 5 9
1 2 11
5 8 23
7 10 29
3 5 7
16 17 13
7 10 20
16 18 25
7 9 8
23 2 1
20 23 18
17 20 14
21 23 26
10 9 6
5 6 7
2 4 9
21 23 1
8 11 22
23 1 7
11 14 25
8 10 20
10 14 18
14 16 1
23 1 7
13 14 28
15 16 13
19 21 12
0 3 27
11 13 9
5 6 4
1 3 16
0 2 24
13 16 16
7 9 10
7 9 3
22 0 10
18 20 12
4 6 15
16 19 26
23 2 23
14 18 7
4 8 25
4 4 24
15 16 27
20 22 22
11 13 12
22 1 7
22 1 5
21 23 6
1 3 17
23 1 13
5 6 7
4 7 28
4 6 3
20 23 13
15 16 30
23 3 13
6 8 17
8 9 27
8 10 6
19 20 18
22 23 4
4 6 10
6 8 2
11 11 23
17 20 20
17 17 3
19 20 3
7 9 22
23 2 12
14 14 2
7 10 6
20 22 3
7 9 20
7 10 19
21 22 23
23 2 7
18 19 13
15 17 13
10 12 3
16 19 23
2 4 11
17 19 8
13 15 29
10 13 4
18 21 30
10 13 18
23 2 5
17 19 29
11 13 19
13 16 29
6 9 2
22 2 19
17 20 7
5 8 22
1 2 30
15 19 14
21 0 5
13 15 1
12 15 6
23 1 14
21 0 11
10 11 22
9 11 4
9 13 13
22 23 29
14 14 11
19 21 28
19 23 7
18 19 19
16 18 14
13 14 12
7 8 30
17 18 9
9 11 16
13 14 16
5 6 4
22 0 30
1 4 20
0 3 4
15 18 4
1 4 23
16 18 28
10 12 21
19 22 14
13 15 17
11 14 19
23 2 4
14 14 4
20 23 11
13 14 24
11 14 27
3 6 30
9 11 21
18 19 4
6 7 21
19 23 2
11 12 3
3 4 5
1 4 13
3 4 5
9 11 27
17 18 3
8 9 30
2 4 23
12 15 8
4 9 17
22 0 20
20 21 21
15 17 26
0 2 16
20 22 23
19 22 13
18 20 13
6 8 5
20 22 2
9 13 5
20 23 16
15 18 9
0 2 19
7 8 14
23 4 11
17 21 12
1 4 26
23 1 20
10 12 1
3 5 9
15 17 10
11 13 4
8 11 19
12 14 23
12 13 5
22 1 10
23 1 15
12 13 2
1 3 29
21 23 4
12 13 25
2 4 9
12 13 1
20 23 1
20 23 28
16 18 17
2 4 8
0 4 21
18 20 16
11 13 26
14 17 22
9 11 23
7 10 24
19 22 21
17 18 19
6 7 14
0 3 30
0 2 20
6 8 8
0 1 9
15 17 12
20 23 26
23 0 30
9 12 25
19 20 15
10 12 19
23 3 21
2 5 30
20 21 13
1 3 22
6 7 3
9 12 17
14 15 22
21 0 9
0 1 20
4 5 8
12 14 11
17 18 1
2 4 29
10 10 20
23 1 1
4 5 11
6 9 19
19 21 2
13 15 25
2 4 2
3 5 14
23 3 17
19 22 12
15 19 1
11 13 29
23 0 9
6 8 21
14 15 27
13 15 27
1 3 28
16 19 11
10 10 25
1 2 30
9 13 25
8 8 10
9 9 9
7 9 1
18 19 22
11 12 14
11 14 8
14 15 13
8 10 8
6 8 14
10 12 27
22 1 5
17 17 5
17 18 28
16 19 7
9 12 21
19 22 30
8 10 23
3 6 9
20 23 5
10 13 24
15 17 21
6 8 24
19 23 20
19 19 25
14 17 16
15 18 8
15 16 25
0 2 17
4 7 11
15 16 26
19 20 1
4 7 17
6 8 22
18 21 2
16 17 2
23 3 5
23 0 2
23 0 15
13 16 25
2 4 27
7 9 11
10 12 30
21 22 1
5 6 27
12 14 7
9 10 20
5 8 24
7 9 8
5 7 25
7 9 23
14 16 19
3 4 24
13 15 26
6 7 24
11 13 10
4 4 12
21 22 21
2 5 28
11 14 4
5 6 29
10 11 6
4 4 2
18 22 25
0 3 4
16 18 30
11 13 25
19 20 8
6 8 30
4 7 16
8 9 23
8 11 16
23 2 25
21 22 26
13 15 13
22 1 18
17 19 19
10 13 17
1 3 10
13 15 24
23 2 29
16 17 8
1 2 29
23 0 25
20 23 19
3 3 3
16 20 7
10 12 15
4 5 29
1 4 4
10 12 6
2 4 9
21 23 3
20 23 25
19 20 23
6 7 17
12 14 11
19 20 4
1 2 7
0 0 26
0 2 27
4 5 16
13 16 14
19 19 10
0 3 6
20 21 22
10 14 13
20 22 7
22 1 10
20 22 9
15 17 4
5 9 10
12 12 4
5 7 21
16 17 27
10 13 27
14 16 19
6 8 28
0 3 25
7 10 29
6 8 27
13 16 5
13 16 7
19 21 26
3 5 12
20 23 8
7 10 12
10 13 4
23 1 28
22 1 7
6 7 15
15 16 20
15 18 15
12 16 4
22 1 10
17 22 13
3 5 6
20 0 10
14 16 11
11 13 29
19 20 8
7 9 15
6 8 1
21 22 22
20 23 24
20 23 14
6 9 30
10 12 9
6 7 16
7 9 7
14 16 7
0 2 20
14 14 3
23 2 12
13 15 7
18 20 12
9 11 23
18 20 19
7 9 3
10 13 22
1 5 22
14 16 9
17 18 21
4 5 1
14 15 14
13 16 20
4 5 18
19 22 26
12 14 28
20 22 8
23 1 12
5 7 13
11 12 9
4 6 12
23 2 20
6 7 5
15 17 12
16 18 12
23 4 21
10 12 21
3 6 16
6 7 10
4 5 19
7 9 14
13 15 11
17 18 23
7 7 19
11 13 15
10 12 20
17 21 30
15 17 13
0 2 11
0 3 16
9 11 4
9 9 15
18 19 10
10 12 29
1 2 3
13 15 5
15 17 11
6 8 2
23 1 16
16 16 2
7 10 9
5 6 4
5 6 3
15 16 12
9 11 10
0 2 24
23 3 9
1 3 15
15 18 9
22 1 14
5 8 11
21 22 6
2 3 5
0 1 27
10 12 14
19 20 19
17 17 13
10 11 4
0 3 12
12 14 4
17 20 14
12 12 5
13 17 26
6 7 12
22 23 6
5 7 13
20 22 1
17 17 4
10 13 18
2 3 10
13 13 29
22 0 8
12 15 11
7 9 22
1 2 24
5 8 26
7 9 27
20 23 4
4 7 13
16 19 17
9 11 7
19 19 29
9 11 28
6 9 13
10 12 28
3 5 4
21 22 10
17 18 7
19 21 8
12 14 11
0 2 29
5 7 20
5 9 27
11 13 18
20 23 17
18 21 20
7 10 7
20 22 16
9 10 5
16 18 15
9 11 28
21 21 6
3 5 15
20 22 24
22 1 22
7 9 17
12 14 20
17 19 10
14 16 18
12 14 2
20 23 24
12 14 17
13 14 23
1 2 17
12 15 6
7 10 14
2 7 15
21 22 16
12 15 7
21 0 15
16 16 30
10 13 1
8 11 22
6 7 3
5 6 8
3 4 2
20 22 6
2 3 24
13 14 7
22 23 3
2 4 20
23 1 22
0 3 20
15 17 4
17 19 2
13 15 2
18 20 30
13 14 23
23 1 12
18 21 22
3 5 19
5 7 16
23 2 17
6 8 5
4 7 12
2 6 12
4 6 15
8 7 4
15 18 8
7 10 19
14 17 17
8 9 19
3 3 25
9 11 10
12 15 1
16 19 27
16 17 13
23 23 17
10 13 27
2 4 21
16 18 24
23 0 1
22 1 27
8 12 18
2 3 2
4 6 13
10 12 10
9 12 12
11 13 3
22 0 13
14 17 10
19 21 13
8 11 26
22 1 16
20 23 8
8 10 5
21 23 18
2 5 16
2 4 25
1 4 14
20 22 4
7 9 30
16 18 8
16 17 17
0 5 10
20 22 26
0 3 25
15 17 9
13 15 18
6 9 30
3 4 7
19 19 9
12 15 30
14 15 13
13 15 25
7 9 19
0 1 1
5 8 20
8 11 26
8 10 11
16 19 28
6 7 15
1 3 5
2 4 11
13 15 22
10 14 24
19 20 28
9 9 26
3 4 9
7 11 21
9 11 10
13 15 10
12 13 22
12 14 3
6 9 19
7 10 16
16 19 16
21 22 5
10 9 19
11 14 29
2 4 5
21 22 30
3 4 18
1 4 25
6 9 30
20 22 4
23 2 8
9 10 11
13 15 20
16 18 14
7 9 11
13 16 30
18 18 19
6 7 30
14 16 14
16 18 20
11 13 14
8 12 20
20 22 7
1 4 2
22 3 27
9 12 14
1 2 21
23 2 19
9 11 3
12 15 9
4 6 17
15 19 28
21 22 14
4 6 25
22 1 1
22 23 22
17 19 21
6 9 17
14 16 30
17 18 22
1 1 12
18 20 16
17 18 20
16 19 11
14 16 14
23 4 19
4 5 15
21 0 29
13 16 29
13 15 27
3 3 13
5 7 4
1 2 4
19 20 20
2 4 28
14 16 23
19 20 9
23 3 26
6 9 2
0 1 9
21 23 8
12 14 3
18 21 24
1 4 6
14 15 29
8 9 18
16 16 3
6 6 25
19 22 18
2 4 21
21 21 23
14 16 15
5 7 21
12 15 20
12 14 26
10 13 23
14 16 9
15 17 14
18 19 3
10 14 21
11 12 28
0 1 22
11 13 18
3 5 21
14 16 8
16 18 17
17 17 6
13 13 3
23 2 9
11 12 15
16 17 29
17 18 12
6 7 13
14 16 28
5 7 22
23 2 12
6 8 15
4 6 21
20 21 29
15 17 11
5 6 19
20 21 13
23 2 1
7 9 1
3 5 19
10 13 25
15 17 22
5 7 16
17 18 25
1 3 24
7 10 4
1 3 16
4 8 8
6 8 29
21 23 18
14 15 10
12 15 13
7 8 17
19 21 25
22 1 6
9 12 16
23 1 13
11 14 4
4 6 18
12 13 27
16 18 30
14 14 11
17 18 8
23 23 25
12 14 15
7 9 5
11 13 27
20 20 5
15 18 5
21 23 4
3 5 19
5 5 12
19 21 20
23 1 26
11 12 27
19 22 11
7 8 4
3 5 25
3 6 15
17 18 26
6 8 4
20 22 12
13 15 23
6 6 4
21 23 24
4 5 19
19 21 3
20 22 9
10 12 5
20 21 22
9 10 25
22 23 4
16 17 5
5 8 1
9 11 30
21 0 22
9 11 29
22 1 28
13 15 25
8 11 2
13 15 16
14 17 1
4 6 11
4 7 17
12 13 20
3 5 23
19 21 6
5 7 4
0 2 21
10 11 3
17 20 25
17 19 14
1 4 7
9 10 24
22 1 28
20 20 9
2 1 16
11 12 15
0 0 1
23 2 10
5 6 17
10 13 28
0 0 30
21 0 15
2 5 18
9 11 1
16 18 23
1 1 11
14 16 27
17 19 13
17 19 22
12 14 4
6 8 24
5 7 12
9 11 14
18 19 10
20 22 18
13 14 19
3 3 19
3 4 13
12 13 14
11 12 2
2 4 22
21 23 13
16 18 13
0 3 28
23 2 23
4 5 14
5 8 26
2 4 18
4 8 6
4 7 21
17 18 20
2 5 18
16 17 30
0 1 28
8 10 6
11 12 2
17 20 15
19 21 2
1 2 11
1 5 19
3 6 30
8 11 3
21 0 28
13 16 23
16 17 28
11 13 19
22 1 23
11 13 30
1 2 11
16 19 21
4 6 6
13 15 13
18 21 5
8 10 3
10 11 19
22 23 11
5 7 13
1 5 4
10 11 24
1 3 26
12 14 29
12 14 6
16 19 30
11 13 13
13 15 9
9 10 23
9 11 23
5 7 22
17 17 5
5 8 7
22 0 21
6 8 10
13 16 14
16 19 12
17 20 23
14 16 22
11 13 26
21 22 12
12 16 7
10 12 1
22 23 2
13 15 26
0 1 28
0 1 28
10 11 4
2 3 14
19 23 8
1 2 23
20 22 29
0 1 16
13 15 16
15 17 25
5 6 9
4 6 15
21 1 24
17 18 30
8 9 17
21 21 13
6 8 4
17 20 29
14 17 14
22 0 8
18 17 5
12 14 6
12 13 5
3 7 28
3 7 24
2 4 25
15 17 25
15 19 26
22 1 7
0 2 14
22 0 19
16 17 21
1 4 8
19 22 23
12 15 1
2 3 5
12 12 6
12 13 16
18 20 6
17 19 13
14 17 2
2 5 16
7 8 5
12 13 2
7 10 17
17 19 27
7 11 29
19 20 19
14 16 15
7 7 11
4 6 25
23 2 28
14 16 4
15 16 26
15 17 10
5 7 4
13 14 29
3 6 3
19 20 9
0 1 11
8 11 19
7 11 15
17 20 7
16 19 23
2 4 8
19 20 3
8 9 3
22 1 15
19 23 14
17 19 1
7 10 2
13 16 28
12 14 4
20 22 16
6 8 22
23 1 9
8 9 8
3 4 16
17 18 11
17 19 13
6 10 14
10 12 17
0 3 3
0 2 3
9 11 16
16 18 29
13 15 13
14 15 12
9 12 8
21 0 16
10 13 6
0 1 2
3 4 25
23 3 15
12 12 4
0 3 16
0 1 9
7 9 18
15 18 30
9 11 20
10 12 13
20 23 2
13 13 30
20 20 8
19 21 29
0 3 9
12 14 3
19 22 19
13 16 1
19 21 17
9 10 2
7 8 11
5 7 8
15 17 5
19 20 25
17 19 2
12 13 25
3 5 6
21 21 25
19 22 30
13 14 15
20 22 27
19 20 13
19 19 13
8 11 9
23 2 19
7 8 18
14 14 6
12 15 5
3 8 20
17 20 19
6 8 25
21 22 14
2 6 2
16 19 6
4 7 28
5 7 26
11 14 20
2 5 5
16 17 16
15 17 5
7 9 26
15 17 15
17 19 2
12 14 11
4 5 30
15 18 30
17 17 19
7 10 22
18 21 29
16 18 28
18 20 12
2 4 7
3 4 4
14 14 19
7 10 3
11 14 9
4 7 11
17 20 3
14 17 9
6 8 7
17 19 8
10 11 10
3 7 24
17 19 4
17 20 17
19 22 30
18 21 23
17 19 29
14 17 3
20 21 5
11 12 8
5 7 30
4 5 25
9 12 9
23 0 8
2 3 8
19 21 19
1 3 3
3 5 29
8 11 27
8 11 16
4 6 22
23 0 13
7 9 22
23 0 5
14 17 8
8 8 13
21 23 14
9 12 13
23 2 19
9 12 17
14 16 16
13 13 28
14 17 28
22 1 2
23 2 8
10 12 1
11 12 21
12 15 21
16 20 13
22 1 26
14 15 3
11 12 28
16 19 14
7 9 20
3 4 18
8 9 8
5 6 28
2 5 3
5 7 20
2 3 28
9 11 5
14 15 10
10 14 15
11 13 1
22 1 16
9 9 20
8 11 16
10 12 9
18 20 14
15 17 21
14 16 15
5 7 20
8 9 30
23 1 10
2 4 12
9 11 13
10 10 25
3 4 9
14 16 18
3 3 16
1 4 8
4 4 28
19 21 2
11 13 15
12 13 25
6 8 20
23 2 8
5 8 15
12 14 26
8 11 25
16 16 18
14 16 24
5 8 25
19 21 12
7 11 28
21 0 1
1 3 6
15 16 13
9 11 11
5 6 24
12 15 28
7 9 19
7 10 8
10 12 12
20 21 7
2 3 14
3 6 3
16 19 10
19 21 21
5 7 5
6 8 10
21 23 18
3 3 14
13 16 24
12 13 28
15 17 18
17 18 24
4 5 24
11 14 30
22 0 24
20 22 15
6 8 6
6 8 23
17 20 16
19 19 19
8 11 25
15 18 15
14 17 15
1 2 21
0 2 14
1 4 23
3 4 26
3 6 16
3 6 21
19 22 26
6 7 24
18 18 7
14 16 16
2 3 14
13 17 14
11 14 18
18 19 27
12 14 21
15 19 12
1 3 19
16 19 15
4 6 29
0 2 25
20 21 16
13 15 20
17 19 14
2 5 25
13 13 3
7 10 22
0 1 16
9 12 26
18 21 30
13 15 6
14 15 25
21 22 20
18 23 23
15 16 27
21 21 7
11 13 6
16 18 4
9 12 15
18 19 10
8 10 8
18 18 10
8 10 5
13 15 3
1 5 10
2 4 22
4 7 12
20 23 8
13 16 20
0 2 6
11 13 1
6 9 18
1 2 27
22 1 20
19 21 20
8 10 6
16 19 17
11 13 6
18 20 14
9 12 7
17 19 10
2 5 27
18 20 17
0 3 13
3 3 22
12 11 18
0 2 28
3 5 20
18 21 21
20 20 23
23 2 10
4 9 14
3 5 6
16 17 5
0 3 11
20 22 19
7 10 29
8 9 25
10 11 3
1 3 21
7 10 16
11 13 11
5 7 22
14 16 24
21 23 7
5 7 23
3 5 10
5 6 20
21 23 14
