3160 30
5 26 12 2 10 29 2 13 3 2 12 12 9 16 26 29 30 17 5 28 28 11 9 2 16 26 13 19 30 13 
1 2 14
15 17 5
5 7 3
7 8 25
16 18 18
16 17 22
15 17 16
8 12 18
6 8 10
2 3 2
23 1 25
18 20 25
8 10 25
4 6 11
7 9 12
5 6 7
6 7 10
6 7 8
18 20 22
17 19 4
23 1 15
2 4 30
17 20 23
0 2 23
9 11 22
20 21 2
10 12 23
23 0 26
17 18 21
14 16 13
16 20 13
3 6 20
13 15 24
21 22 6
18 19 15
3 4 16
20 21 13
6 9 24
2 3 23
17 17 6
23 2 24
12 15 19
8 10 23
18 20 13
19 21 30
0 2 2
16 18 13
6 10 28
1 3 22
16 16 17
17 19 25
22 1 11
10 13 27
22 23 6
9 12 13
6 7 25
8 10 1
4 7 10
4 7 12
7 8 21
5 7 2
11 15 25
10 11 7
22 0 16
15 18 22
22 0 11
0 2 5
1 2 18
3 4 20
19 22 6
13 15 4
0 1 28
4 7 5
13 15 23
10 13 13
8 11 28
20 22 29
23 1 24
19 21 25
9 11 8
22 1 8
18 20 24
19 22 26
8 11 28
3 4 8
1 4 21
22 1 27
10 11 27
2 5 6
20 22 9
17 18 15
14 15 17
5 10 19
14 16 15
14 17 16
23 1 16
19 21 14
8 11 5
16 18 19
1 2 18
8 12 29
3 6 11
1 3 21
11 14 19
7 9 21
8 10 24
0 2 8
21 0 6
20 1 13
3 5 14
18 20 7
22 23 23
16 18 14
16 16 17
4 7 18
23 1 25
4 5 30
23 1 25
0 3 29
6 8 8
21 22 18
21 0 20
21 22 19
13 14 5
21 1 15
11 13 2
1 3 26
4 6 12
4 6 3
22 0 9
8 10 9
14 14 18
1 4 21
20 22 23
21 23 4
12 14 9
11 10 30
20 0 18
7 10 25
19 22 21
21 22 11
2 3 29
14 16 27
19 21 23
7 9 14
1 4 3
23 0 28
12 14 29
1 3 8
17 20 29
2 2 2
4 5 19
12 13 9
7 9 2
5 9 25
5 7 13
18 21 10
21 0 5
4 7 5
21 0 9
1 3 23
17 20 12
5 6 13
12 15 25
23 0 15
5 7 24
9 12 2
0 2 10
16 18 14
13 15 6
3 6 27
1 3 14
16 19 10
9 10 27
10 12 20
12 15 3
23 1 21
11 14 8
14 15 17
0 2 11
4 5 21
5 7 26
3 5 19
20 22 7
18 20 10
4 8 12
21 22 10
21 22 21
15 17 11
0 0 19
8 10 24
16 17 6
16 17 6
6 9 19
7 8 20
23 1 28
9 13 16
12 13 20
9 12 4
20 22 11
4 6 17
21 22 3
0 2 4
18 21 22
20 0 6
6 9 1
2 5 4
7 9 20
19 21 12
22 23 3
20 22 28
13 15 18
14 16 24
0 1 7
15 17 8
14 16 17
1 2 2
0 2 26
6 8 18
3 6 28
15 16 29
1 4 21
20 23 8
17 19 19
1 2 14
9 10 18
22 1 28
21 23 1
8 10 1
17 20 8
0 2 13
4 6 8
1 3 20
2 3 24
15 15 8
4 5 7
20 23 20
12 13 2
18 21 26
8 11 20
0 2 24
5 8 12
7 8 13
1 3 8
20 23 9
12 11 17
2 4 4
23 1 25
20 20 23
6 7 25
17 17 29
12 15 27
19 19 2
22 23 9
11 14 22
19 20 21
11 13 2
9 11 30
5 7 13
23 2 1
2 3 12
17 18 30
23 1 7
18 20 17
20 21 16
3 5 20
23 1 18
1 1 24
23 1 1
16 18 4
11 13 22
9 11 26
18 22 26
5 8 26
3 2 16
20 23 18
15 17 14
9 11 25
22 0 6
14 17 20
19 20 12
12 14 8
12 15 12
10 11 15
4 4 27
1 5 27
22 0 5
14 16 8
11 14 5
13 16 14
12 15 9
14 16 15
23 3 13
22 1 5
2 4 1
18 21 26
22 2 22
5 5 12
4 5 25
16 18 14
16 18 19
15 17 29
17 18 21
16 18 2
20 21 25
9 10 20
14 15 16
23 2 26
14 13 11
17 20 2
19 22 15
7 9 12
19 21 28
15 16 11
22 23 1
23 4 15
21 0 10
14 15 26
7 9 23
15 16 17
4 7 12
23 3 29
17 18 20
10 12 14
23 1 19
17 19 10
11 15 7
22 2 20
13 16 21
5 7 27
10 12 16
13 14 7
6 8 18
3 5 9
4 7 13
0 2 21
12 16 22
5 7 7
3 5 21
16 19 22
16 18 12
15 18 1
8 12 5
4 4 19
14 15 26
8 10 12
0 2 15
1 2 18
20 21 14
22 0 15
19 22 22
5 7 1
10 10 15
18 18 16
22 23 21
9 10 10
19 0 12
23 2 30
7 8 18
11 12 23
17 20 4
10 12 17
15 17 22
2 3 5
3 6 20
9 12 28
11 13 19
13 15 13
4 7 5
6 8 8
5 7 3
7 9 28
4 7 19
18 18 4
23 0 4
16 20 17
0 3 16
4 5 9
17 19 27
8 11 15
13 14 21
19 21 29
18 20 26
20 23 25
9 13 3
1 2 17
0 2 8
17 21 2
17 20 9
1 5 15
10 12 15
5 8 15
13 16 5
13 15 19
8 12 24
18 20 29
18 20 5
5 7 13
10 13 24
13 15 20
20 23 6
2 5 25
18 20 15
22 0 24
5 5 14
13 13 19
20 22 5
0 0 21
15 16 18
7 9 14
7 9 11
11 14 4
11 14 12
5 8 7
3 6 1
1 4 21
3 5 26
12 13 9
15 18 1
23 1 6
4 6 8
9 12 26
3 4 18
9 12 11
12 13 27
22 1 6
0 2 21
4 7 13
7 9 19
23 0 1
5 7 17
14 18 25
3 5 21
7 11 26
1 3 26
21 21 20
6 8 25
2 5 14
9 12 13
15 15 4
2 5 17
12 13 19
2 4 19
4 5 21
15 18 6
12 13 13
13 16 13
4 6 2
17 20 21
7 8 23
22 23 4
12 15 13
11 15 19
20 21 13
4 5 6
4 7 22
2 5 6
11 14 11
22 0 25
3 5 30
1 3 29
11 14 23
17 18 27
13 15 15
2 3 25
19 20 26
10 11 18
0 3 25
14 15 15
4 7 10
1 4 7
9 10 6
23 0 19
23 0 16
17 18 24
18 18 29
17 20 14
23 1 12
7 9 20
0 4 20
5 8 14
0 4 1
16 19 17
16 19 8
15 17 15
2 5 26
4 6 9
3 5 18
3 5 26
23 0 8
22 1 30
2 5 10
6 7 28
13 14 22
15 19 29
21 0 7
18 20 15
3 5 6
1 3 30
16 19 20
13 16 10
1 3 14
16 19 27
22 23 12
14 16 20
13 15 2
6 6 24
8 11 4
18 20 15
22 1 25
1 3 8
7 9 9
10 12 17
12 14 8
2 5 9
2 5 22
9 10 17
0 3 27
3 5 8
19 22 26
20 22 11
22 0 20
20 20 26
18 20 23
0 2 24
19 22 20
3 5 14
22 23 24
13 13 29
4 6 15
1 3 6
2 3 21
22 23 28
17 20 23
22 0 6
14 16 20
5 6 16
13 15 24
17 19 3
10 13 16
20 23 4
3 5 22
14 15 29
8 9 4
7 9 19
11 12 10
20 0 14
22 1 22
5 7 23
2 4 28
22 23 4
1 4 1
11 11 15
17 19 13
10 13 7
13 15 4
7 10 3
22 0 22
13 15 11
13 16 13
10 12 12
21 23 11
9 10 15
17 18 9
18 21 25
9 13 13
0 2 12
0 0 3
10 12 10
5 8 12
5 7 16
20 23 20
4 6 27
23 2 24
11 13 22
18 19 18
1 3 18
9 11 14
16 20 11
23 2 14
17 19 7
6 8 17
2 3 16
6 9 17
0 0 15
14 15 4
14 16 2
7 9 14
19 20 12
1 4 5
7 10 4
13 16 14
8 10 24
10 11 6
16 18 18
9 11 14
4 6 9
12 13 19
3 4 12
11 13 20
20 22 24
10 14 30
7 9 7
12 14 14
3 5 19
21 23 26
17 21 19
0 2 14
12 13 19
21 23 23
4 6 19
6 7 10
17 19 4
7 10 4
16 18 3
22 1 26
10 12 15
14 15 22
5 8 24
9 12 6
16 19 21
11 13 27
19 21 26
13 16 9
11 13 18
23 1 28
8 10 14
11 12 8
23 2 17
17 19 7
3 5 26
19 21 30
16 19 30
11 12 15
11 13 10
5 7 11
13 15 2
8 11 16
11 12 9
5 6 9
15 16 11
16 18 11
9 9 1
17 19 5
12 14 3
4 6 24
20 21 27
0 1 21
8 12 2
17 19 15
14 16 18
20 23 28
13 17 8
5 7 17
22 0 8
15 17 29
23 2 1
16 17 22
14 17 22
12 14 20
22 23 14
16 17 16
1 5 23
13 13 1
18 22 16
8 9 12
23 2 14
20 20 14
20 22 10
20 0 25
0 0 19
7 10 30
4 9 18
20 23 24
23 1 22
14 15 8
12 15 28
20 0 25
1 5 21
9 10 4
3 5 9
2 3 15
17 18 3
5 7 16
19 22 26
19 20 25
23 1 13
16 19 13
5 5 13
13 14 25
3 6 27
7 11 6
3 4 24
1 4 17
12 14 7
13 16 30
3 7 12
18 20 24
8 9 21
23 2 20
10 12 8
12 13 30
12 14 24
3 5 20
7 8 20
5 7 3
21 21 1
13 15 16
17 16 5
20 22 14
11 14 25
8 10 1
15 16 12
0 1 19
3 4 18
19 21 13
23 1 18
22 2 11
3 3 12
21 22 29
21 22 8
22 0 14
8 10 24
17 18 11
14 14 5
21 21 17
19 23 25
16 20 18
18 20 27
11 12 11
0 1 1
21 0 21
15 18 30
19 21 27
1 2 17
23 1 6
20 23 7
20 21 20
11 14 9
8 11 21
14 16 29
14 15 25
0 3 21
8 10 4
21 22 9
13 15 22
1 4 26
17 20 18
9 13 9
2 4 14
17 18 16
19 21 8
21 23 11
9 11 13
22 0 28
5 7 4
15 16 7
13 14 29
10 12 23
16 18 28
7 10 11
20 22 3
18 19 22
11 13 4
21 23 8
15 18 13
14 17 8
2 4 21
6 8 16
14 16 28
10 11 15
6 7 26
8 10 11
9 11 12
1 4 12
17 18 22
23 0 10
2 5 16
20 22 7
4 5 24
9 10 27
2 4 22
11 13 16
0 1 23
12 16 3
13 13 11
23 2 16
10 12 17
12 16 17
18 20 24
19 22 13
21 0 22
20 23 2
11 14 11
2 5 2
6 9 7
7 9 14
14 16 16
13 16 26
21 23 17
16 19 11
9 11 3
19 23 4
22 0 16
1 4 3
16 17 20
2 3 19
14 18 23
3 2 7
23 1 26
14 17 7
14 15 24
3 4 12
8 9 24
17 19 27
23 23 4
18 19 5
13 14 15
9 13 2
12 14 23
7 8 1
19 21 23
10 12 8
3 2 24
9 11 11
10 11 29
18 18 28
3 5 8
16 18 9
23 0 15
0 2 26
5 7 16
20 23 10
10 14 26
19 22 23
4 6 2
9 13 22
11 13 14
5 7 24
4 6 26
15 18 22
23 1 17
23 2 6
20 23 10
10 12 5
8 10 24
19 21 21
5 8 6
11 13 2
18 18 21
1 5 2
13 15 29
1 2 24
6 7 12
6 9 20
5 6 28
17 19 26
23 1 3
18 18 21
2 3 13
14 16 22
1 3 8
16 19 22
17 19 13
11 13 23
16 19 22
20 21 21
20 22 1
20 22 28
5 7 14
0 3 8
11 12 18
3 6 5
20 23 9
5 8 5
16 20 1
14 16 4
3 6 28
12 13 17
10 12 10
16 18 1
14 16 18
20 23 12
16 19 20
16 17 19
0 3 1
18 19 2
20 21 29
11 12 17
17 17 26
18 20 11
16 19 4
15 18 1
19 21 9
16 18 18
17 17 28
19 20 17
7 7 5
9 11 26
21 0 18
14 17 3
11 12 19
4 4 10
19 21 17
18 21 15
11 15 2
5 7 18
2 4 30
21 22 7
16 18 4
21 23 13
4 4 6
8 10 6
7 8 12
13 15 22
16 17 2
2 5 7
0 1 11
20 22 14
13 14 5
11 13 1
23 2 26
16 19 5
11 14 18
5 7 5
2 5 30
9 10 25
5 7 1
8 10 26
23 2 17
17 21 28
11 13 1
16 19 25
15 17 16
20 21 11
6 9 6
14 18 27
3 4 8
17 19 30
15 16 30
23 0 25
8 10 12
23 1 30
18 21 14
10 11 24
19 21 27
2 4 27
17 20 13
7 10 14
2 4 3
9 12 18
2 5 20
3 4 6
12 14 21
6 9 13
17 19 15
10 11 17
17 17 8
19 22 13
11 11 10
20 23 6
19 22 16
3 6 16
6 8 4
0 0 28
22 0 21
21 0 25
5 8 23
9 10 7
16 20 20
8 10 10
13 17 9
2 3 17
13 15 20
13 16 13
8 11 2
15 16 6
1 3 12
21 23 16
9 11 9
1 3 15
10 12 12
2 5 2
17 18 22
4 6 7
20 21 23
15 17 1
9 11 4
2 3 21
5 8 24
11 14 3
16 19 13
15 18 21
18 20 13
11 13 10
19 21 24
8 9 25
13 16 29
6 8 28
8 8 15
22 0 14
12 12 25
14 16 9
21 0 2
19 21 2
8 11 9
11 13 21
3 4 26
22 22 10
23 1 18
1 2 17
20 22 1
20 21 13
13 13 5
8 10 1
23 1 26
6 7 19
19 21 17
11 12 12
18 19 17
19 20 24
2 6 29
16 20 6
16 19 28
9 11 5
22 1 30
10 12 23
18 21 7
16 19 6
11 13 27
18 20 21
20 22 17
8 10 21
16 17 19
9 11 17
1 5 24
23 1 27
9 10 9
16 20 13
0 2 13
4 5 6
6 6 26
22 1 12
21 21 5
11 14 13
20 21 28
15 15 29
5 7 10
8 11 10
23 2 11
22 0 23
2 2 20
12 13 15
1 3 1
11 13 11
4 6 20
7 10 27
9 9 13
6 9 9
12 14 10
8 10 29
11 11 19
1 4 30
4 5 17
6 8 21
1 4 19
17 19 14
13 14 23
12 15 25
14 15 8
19 22 1
20 21 23
19 21 4
9 9 10
11 13 15
23 1 17
17 19 10
1 2 16
23 1 19
6 10 16
6 7 30
17 17 2
13 15 11
15 15 27
21 21 26
16 18 17
12 14 18
22 23 28
0 2 20
23 0 14
0 4 7
11 14 30
17 19 12
4 6 22
22 0 2
22 23 29
22 23 27
2 4 10
4 8 16
3 4 10
17 20 7
21 23 6
11 14 25
9 13 28
2 4 4
14 17 2
22 23 18
10 12 28
13 15 24
9 9 8
22 23 30
21 22 14
11 15 17
5 6 14
1 4 11
2 1 24
7 8 8
7 7 14
3 5 6
12 13 2
5 8 24
9 11 2
12 13 25
21 22 15
7 10 10
23 2 13
23 0 3
1 2 26
6 9 19
1 2 21
6 8 1
3 5 27
8 12 29
2 4 22
6 9 2
23 2 4
22 1 17
18 21 4
11 13 28
15 17 11
21 23 11
18 22 29
21 22 18
22 0 23
19 20 8
23 0 8
1 3 3
14 14 29
15 16 18
21 23 18
21 23 7
10 14 6
19 21 26
10 12 2
14 15 19
4 4 2
15 18 18
21 0 18
2 4 20
11 14 10
11 12 28
23 1 6
18 20 1
2 3 21
0 2 6
14 16 20
14 15 19
15 17 3
1 3 21
11 12 29
10 10 12
4 7 24
12 15 3
6 8 13
16 19 29
8 8 8
16 16 28
5 6 15
6 8 17
12 15 12
8 11 11
3 4 14
3 3 28
10 11 8
7 10 4
8 10 18
9 10 3
21 21 13
0 3 28
8 8 18
3 5 30
17 20 23
21 22 1
23 1 26
2 2 27
3 7 28
19 21 2
15 18 4
12 14 3
4 6 8
12 13 10
5 8 12
9 11 27
6 9 8
11 14 29
21 1 24
10 11 9
19 21 13
1 4 23
8 11 12
18 21 12
14 17 22
2 6 9
21 23 12
14 15 3
9 9 2
4 5 5
7 10 10
0 2 6
17 20 19
15 17 21
0 2 22
12 14 8
3 6 3
17 19 8
20 21 9
18 20 7
12 15 25
15 16 14
3 6 6
19 21 4
19 22 15
0 2 24
21 22 18
22 23 12
5 6 29
18 20 4
15 17 17
12 14 5
9 11 6
19 21 1
17 21 24
20 22 12
18 20 13
17 20 17
22 1 13
20 20 23
20 22 10
3 4 18
14 15 18
13 14 15
18 21 19
12 14 20
11 12 14
1 4 29
17 19 22
15 18 29
6 7 20
6 8 9
6 9 11
22 1 21
2 4 29
7 11 12
20 22 23
9 11 9
21 22 12
8 10 5
0 4 2
11 14 29
19 22 5
0 2 22
15 19 19
6 10 25
11 14 2
19 21 16
22 23 12
22 0 27
19 20 15
8 10 30
0 0 10
23 23 24
2 3 16
4 6 22
17 17 7
3 6 30
22 0 22
8 10 9
10 13 24
6 8 5
17 19 20
12 13 20
6 8 27
15 17 10
7 9 7
18 19 16
4 6 25
9 10 14
0 3 4
17 19 14
3 5 6
23 1 25
12 14 27
7 10 6
15 17 21
19 21 26
18 22 18
10 10 25
20 21 27
9 12 28
22 0 4
18 19 3
9 10 4
17 19 21
23 3 22
1 3 2
14 14 21
13 15 5
19 20 8
17 18 12
2 6 14
8 10 24
6 9 24
15 16 16
13 17 14
14 14 20
12 13 28
5 6 30
20 22 25
12 15 5
18 21 28
5 6 3
14 16 2
22 1 19
21 22 22
1 2 12
7 10 12
14 17 20
2 3 30
13 16 4
4 7 25
6 10 17
7 8 10
21 23 12
7 8 6
1 3 13
16 20 3
18 21 4
15 18 30
10 14 28
8 11 6
14 16 21
10 12 25
14 15 24
3 4 29
16 17 25
13 15 15
6 9 15
4 5 19
22 1 25
18 21 23
16 17 30
4 8 15
16 18 22
8 10 24
2 4 15
19 22 18
1 2 4
12 14 23
8 10 23
20 22 24
18 18 20
22 1 29
5 7 26
16 18 15
18 20 6
3 4 15
23 23 3
5 7 16
20 22 25
16 20 7
16 17 4
17 19 20
12 14 29
14 16 24
16 17 26
17 19 20
14 17 21
11 14 15
21 22 17
5 7 8
7 10 26
6 7 25
1 4 14
14 16 19
5 7 23
22 0 15
10 11 8
3 5 5
5 7 29
12 15 21
2 3 20
7 7 17
1 4 8
7 12 26
13 15 9
22 1 10
13 13 30
6 10 1
15 16 11
23 0 8
12 14 10
16 18 11
12 14 27
8 9 4
3 6 12
11 13 17
7 10 24
16 17 29
10 11 23
0 3 6
3 5 19
13 15 14
7 9 30
0 0 11
13 16 2
5 7 8
9 14 1
22 22 13
10 11 21
9 12 18
12 12 7
13 16 24
1 5 13
14 15 6
17 19 3
7 10 17
12 14 15
18 19 1
18 21 2
8 11 25
22 0 7
4 5 4
8 12 11
20 0 24
13 17 10
9 9 6
2 2 12
19 22 9
19 23 27
15 18 21
21 23 26
15 17 18
21 23 22
22 1 1
9 11 5
0 1 22
0 3 4
5 6 6
14 16 19
8 10 5
22 0 9
11 13 30
22 23 22
18 19 9
7 9 22
23 23 18
20 23 12
6 8 21
12 14 12
11 13 2
4 3 11
3 5 3
0 4 25
0 1 12
19 19 30
2 5 24
13 14 10
9 13 21
8 10 3
2 4 6
21 1 15
22 1 7
17 19 9
3 5 26
19 21 14
12 15 21
6 8 9
2 4 2
0 3 14
0 1 1
14 16 3
8 10 23
21 0 10
16 19 5
21 0 15
8 10 11
1 4 9
18 19 12
1 2 14
10 12 12
0 3 4
0 3 3
3 6 6
3 4 21
10 13 16
0 1 27
20 22 8
18 19 22
3 5 16
21 22 3
14 15 28
7 8 1
6 8 21
17 20 25
16 17 23
17 20 5
0 2 20
2 5 18
1 4 27
3 4 12
17 19 28
6 9 28
22 21 28
10 14 25
23 2 8
9 14 6
14 16 17
2 4 19
22 1 6
20 21 17
19 22 8
16 18 29
16 18 10
8 9 23
9 12 7
23 2 14
22 0 8
4 6 13
13 15 8
15 17 30
16 18 8
11 13 9
18 19 18
20 23 2
10 12 20
19 19 16
23 2 15
5 5 12
5 7 6
23 1 26
18 19 3
21 1 12
11 13 6
15 19 26
4 8 14
20 23 7
6 7 13
23 23 19
0 2 13
1 2 24
7 10 26
1 4 22
14 16 7
12 14 12
7 10 8
7 7 13
22 0 30
3 5 16
12 14 11
20 23 27
12 15 22
0 3 3
23 2 18
22 23 5
16 18 6
17 20 15
5 6 4
13 15 12
14 15 16
1 3 9
4 6 2
0 2 7
8 9 16
20 21 9
14 16 25
0 2 11
18 20 18
1 2 30
2 5 12
5 5 6
7 10 4
17 18 25
8 10 24
3 5 24
12 12 28
10 14 17
4 7 13
3 3 14
14 16 27
23 2 18
13 14 5
16 17 21
23 2 13
11 12 29
19 20 6
8 7 3
22 0 15
11 14 11
4 4 21
4 7 17
22 1 26
21 1 11
17 17 24
10 12 16
13 15 9
17 19 21
21 0 21
14 17 6
2 3 6
4 7 20
21 23 26
13 15 29
19 21 19
5 7 25
4 7 28
7 10 25
21 22 15
0 5 2
21 22 24
13 16 7
7 10 2
2 4 29
2 5 2
4 8 26
11 13 21
15 18 28
15 18 13
2 4 10
1 3 20
17 19 13
9 11 9
6 8 9
0 2 13
22 23 4
14 16 19
23 0 21
10 12 2
0 2 24
14 15 11
15 16 3
13 15 21
3 5 19
13 15 14
16 18 8
2 3 10
16 17 8
13 14 10
0 2 20
17 18 11
21 23 17
11 13 25
17 18 26
3 3 10
18 18 25
23 23 7
14 15 28
14 15 19
12 13 7
2 3 9
20 22 28
10 12 5
22 23 4
23 1 17
2 3 17
21 0 7
17 18 19
8 9 16
18 18 16
14 16 4
17 18 9
18 19 25
13 13 24
19 22 26
9 13 30
19 19 5
15 17 10
16 17 29
5 7 12
9 11 11
12 13 8
20 21 26
23 1 28
19 21 20
9 11 18
0 1 15
6 7 8
21 0 9
9 11 27
15 18 16
20 23 4
7 8 4
21 22 20
15 16 22
15 17 13
13 14 18
10 12 12
23 0 6
7 9 4
23 2 11
5 6 16
21 23 17
3 7 29
1 4 12
9 12 3
9 11 7
6 8 30
4 6 20
13 15 24
0 1 24
4 8 5
9 12 16
17 19 21
14 17 30
19 22 29
4 7 5
5 6 29
11 13 10
22 1 1
2 4 14
21 22 24
6 7 16
0 2 24
9 12 18
3 5 29
1 3 19
15 16 23
3 5 13
16 17 27
8 10 9
7 10 27
14 17 22
5 7 2
19 21 9
17 17 20
3 6 19
11 13 30
3 7 25
12 14 18
3 5 27
18 18 28
6 8 26
13 14 30
6 8 19
14 15 6
5 6 5
22 0 12
18 23 1
18 21 27
9 10 29
12 15 20
10 11 2
6 8 1
14 16 22
17 21 1
23 1 30
2 5 9
3 4 16
22 0 6
8 10 21
18 19 11
9 11 7
4 6 5
23 2 7
16 19 2
14 15 1
11 14 7
6 8 30
10 13 23
9 12 25
22 22 14
3 5 30
22 0 10
17 18 30
9 12 23
13 15 12
17 19 21
11 13 19
2 4 19
2 3 24
9 11 2
14 18 4
19 20 11
1 3 16
8 10 9
0 2 5
22 0 7
7 10 3
2 3 28
12 14 1
20 21 9
17 20 23
5 7 22
4 7 26
4 5 27
21 0 25
2 2 8
6 8 24
5 7 19
4 6 20
21 23 20
20 20 8
9 12 23
16 18 25
3 3 16
16 18 30
23 2 29
13 14 15
2 4 20
5 7 1
12 14 21
9 10 4
13 15 16
21 22 2
7 8 17
20 22 20
16 19 6
6 7 4
22 23 6
22 0 16
21 23 18
19 22 26
5 6 9
20 21 1
5 7 29
1 3 12
2 5 11
0 3 23
23 1 29
6 6 15
20 23 22
14 14 30
7 10 5
11 14 30
15 17 21
18 20 9
0 3 2
11 14 18
0 2 5
9 11 15
4 8 28
7 10 27
23 2 21
9 10 7
7 9 26
7 9 12
21 0 20
22 23 24
0 1 5
0 1 13
18 22 22
11 12 5
16 19 29
1 2 29
4 5 4
6 8 26
16 18 16
9 10 22
8 9 16
14 15 16
12 12 11
2 5 7
0 2 20
22 23 9
1 3 10
10 13 26
2 7 13
5 5 25
15 18 22
8 10 23
23 23 5
7 9 19
20 21 1
2 2 8
9 12 7
17 20 6
20 21 7
22 23 6
3 5 30
4 7 22
18 19 13
12 13 17
21 0 9
17 20 6
6 8 3
8 11 3
3 5 8
5 8 17
11 11 10
10 11 25
9 10 27
19 21 24
12 13 12
20 21 20
19 21 7
12 14 29
22 23 3
18 20 22
20 23 8
12 13 28
12 13 24
8 10 11
0 3 1
13 14 14
9 10 21
3 6 12
15 18 27
16 17 12
15 19 6
15 18 29
15 16 3
14 17 18
3 4 28
3 3 29
17 19 7
11 14 7
19 21 29
15 19 21
13 16 4
4 5 22
15 17 18
11 13 26
4 5 18
16 17 14
6 7 27
13 13 1
13 14 5
1 3 2
21 1 2
14 17 29
22 0 28
19 19 14
10 12 27
18 19 2
6 9 11
9 11 20
18 22 23
2 3 30
4 6 26
21 1 27
11 12 2
0 1 5
6 8 4
15 18 4
11 12 25
20 22 1
15 18 25
16 19 24
1 2 13
9 11 30
19 21 26
11 13 24
11 10 6
5 7 22
21 23 22
14 15 3
12 14 21
12 14 21
18 18 3
15 19 13
2 5 7
6 8 14
18 21 16
3 6 12
20 22 30
22 23 28
17 20 14
4 6 3
0 1 7
18 19 30
20 21 22
2 5 2
14 16 11
10 11 19
22 0 25
14 15 16
14 17 7
9 10 29
1 2 22
17 20 4
20 21 16
16 16 6
16 17 23
0 2 12
23 1 11
11 13 13
7 9 6
8 9 16
2 4 7
12 15 28
2 3 18
0 1 24
7 8 29
15 17 15
7 11 7
16 20 3
20 22 30
13 15 11
22 0 3
15 18 30
14 15 4
17 19 15
23 23 19
20 21 20
19 19 13
0 1 22
0 1 19
2 4 2
21 23 4
22 23 25
0 2 10
14 17 17
13 14 18
18 22 29
19 21 2
12 12 14
8 9 5
1 4 5
19 21 28
19 23 26
10 12 24
5 6 4
10 13 24
1 4 2
21 23 23
12 15 20
0 0 22
11 14 2
9 10 30
10 13 24
4 6 1
19 23 20
7 9 16
0 2 3
5 8 16
21 23 4
4 7 5
4 7 11
3 5 9
14 16 4
0 0 20
19 22 7
19 21 13
10 11 7
17 18 15
19 23 6
9 13 14
1 3 17
4 6 19
14 17 29
20 20 23
20 23 17
19 21 5
10 13 9
17 20 25
0 2 12
1 4 7
18 20 2
12 14 16
13 15 2
17 20 8
12 15 28
18 19 10
10 13 17
5 5 15
13 15 27
13 16 24
11 15 17
7 8 18
4 6 13
2 4 16
3 5 4
19 20 19
0 2 9
21 22 7
16 16 10
11 13 10
2 2 9
9 11 14
16 18 9
20 23 8
6 8 5
14 16 21
10 10 11
12 14 4
13 15 28
2 3 21
20 22 13
4 7 29
22 0 24
6 7 22
22 0 23
10 12 27
18 20 11
12 14 8
16 18 13
22 22 16
7 8 10
21 22 21
3 6 19
11 13 20
20 23 19
10 13 18
7 8 2
10 11 20
16 18 1
5 7 10
13 15 13
7 8 28
3 4 24
9 11 17
13 16 17
1 3 4
8 9 16
4 6 25
19 20 22
21 23 12
6 8 9
12 16 8
22 0 2
2 5 13
18 19 10
5 6 6
8 10 18
2 5 9
23 4 11
10 13 25
8 10 30
15 15 10
23 1 6
3 4 13
6 7 16
0 2 25
23 2 10
18 21 9
21 0 16
2 5 27
23 3 19
20 22 26
0 1 30
10 13 19
16 20 29
16 19 21
0 5 13
15 18 22
19 19 16
17 18 4
9 11 17
20 22 19
10 12 6
17 18 4
12 14 29
11 13 5
18 20 14
2 2 10
4 7 2
5 7 25
8 9 5
9 11 2
20 21 14
5 7 24
3 5 4
20 21 22
9 12 26
7 10 26
10 11 16
7 11 13
16 17 14
20 21 16
8 10 15
18 19 9
1 2 24
17 20 2
14 15 9
9 10 8
5 6 3
14 15 26
0 1 16
10 12 4
10 13 3
16 18 16
8 7 9
13 16 27
23 23 27
17 21 13
9 12 21
10 12 23
0 3 6
19 20 5
10 12 19
20 22 8
21 22 30
18 21 22
8 9 26
7 10 28
12 15 21
5 6 3
11 14 6
19 20 24
20 22 5
20 21 25
14 16 5
17 20 15
4 7 5
11 12 1
9 12 9
5 7 20
21 22 7
23 3 30
18 20 24
19 21 21
11 13 19
13 14 25
5 7 8
12 16 6
11 13 2
12 14 15
7 9 18
10 11 12
11 12 12
8 12 30
8 10 4
6 6 30
12 13 8
23 1 18
0 1 18
21 0 5
0 3 25
10 12 14
12 16 1
20 22 26
3 5 24
22 0 18
22 0 10
12 15 17
5 7 24
11 14 12
6 8 26
7 7 5
4 5 16
17 20 2
11 14 13
11 11 20
3 3 7
7 10 11
1 4 17
7 10 15
21 23 20
10 13 22
18 20 10
2 4 10
18 22 12
20 22 29
1 1 2
8 10 22
6 7 26
14 17 25
20 22 5
11 14 2
11 13 8
12 14 7
7 9 20
6 8 10
10 12 25
16 19 26
0 3 13
21 22 29
13 15 23
17 18 20
5 7 14
8 11 19
21 22 3
10 11 15
8 10 7
4 6 26
20 21 21
4 6 7
10 13 7
0 1 22
15 17 4
20 21 27
1 3 28
3 5 7
20 21 11
14 17 15
2 3 21
22 1 6
23 0 9
5 8 26
23 1 15
1 2 12
0 3 10
2 4 27
0 1 26
20 23 16
4 8 6
15 16 28
8 11 3
23 4 29
7 10 5
22 0 23
13 15 8
14 15 28
20 22 28
2 4 19
18 21 18
10 13 3
23 2 19
18 21 21
18 19 30
21 23 27
9 9 4
7 9 27
7 9 25
5 6 4
7 12 29
7 9 22
8 10 15
13 18 5
0 1 20
22 23 6
23 0 21
0 1 29
14 16 21
13 15 14
2 5 11
23 0 25
19 22 20
3 6 20
5 6 27
1 3 18
20 23 5
2 6 15
12 16 27
12 13 12
16 16 22
19 19 1
18 19 14
11 13 28
22 0 1
1 2 29
10 13 17
14 16 20
18 20 15
3 3 8
13 15 9
8 9 22
6 8 23
6 10 18
18 19 3
2 5 26
3 5 27
17 19 1
10 12 25
20 20 8
2 5 29
12 15 26
16 18 4
12 15 25
7 8 14
2 3 11
1 5 20
23 1 19
22 23 12
6 7 18
20 23 19
11 13 14
16 16 18
8 11 14
14 16 20
2 5 4
1 4 18
4 6 29
19 22 19
9 11 25
15 17 26
9 10 7
16 19 11
11 11 16
6 10 28
23 0 30
12 15 15
10 12 3
20 21 14
19 21 13
3 6 4
22 1 21
8 10 10
10 13 25
5 8 3
17 19 26
17 19 16
2 4 13
21 0 14
0 2 22
23 2 14
13 15 18
9 11 27
14 15 1
12 13 19
14 16 10
6 8 23
0 2 24
20 21 19
22 22 13
17 18 13
7 8 19
16 19 30
10 12 19
15 15 12
17 19 28
20 22 19
22 23 14
3 4 14
4 5 5
23 1 30
17 18 12
10 14 4
15 18 30
23 2 13
9 11 4
20 22 20
21 23 29
15 19 28
17 19 4
13 14 9
5 8 15
23 1 12
4 6 20
5 6 17
3 5 7
9 11 21
11 14 26
20 20 21
19 21 2
15 17 12
18 20 25
2 4 8
21 21 23
0 3 28
1 4 4
20 22 18
20 23 6
0 2 22
8 9 18
7 8 12
2 3 3
8 10 21
23 0 4
9 13 30
14 16 16
13 16 8
21 2 7
11 12 3
0 4 12
13 17 11
21 23 26
2 4 22
3 4 25
21 21 16
19 21 23
0 0 17
22 1 16
15 17 29
6 9 20
12 15 7
22 1 5
14 17 7
13 18 6
16 18 24
8 8 12
2 4 9
20 0 2
6 8 17
11 13 12
9 11 19
20 23 2
18 20 16
19 21 2
11 13 9
5 7 9
19 18 10
16 17 30
22 1 4
3 5 5
10 11 6
14 16 6
23 1 22
10 13 19
6 8 28
16 19 22
9 11 1
21 0 5
8 12 29
22 22 16
1 2 6
22 23 25
2 3 13
4 6 19
3 7 13
10 12 13
1 5 6
14 16 18
12 15 28
22 1 3
23 0 13
0 3 4
2 4 27
9 13 30
4 6 30
0 1 16
5 8 4
19 20 10
9 11 6
4 7 13
4 5 22
10 11 17
13 15 17
17 19 24
8 10 18
0 2 4
4 7 11
22 1 21
22 1 30
20 22 2
19 19 7
13 14 9
16 18 15
23 3 28
16 19 22
12 15 8
17 19 12
7 10 12
4 5 20
17 19 15
20 20 30
19 22 4
2 4 4
12 15 5
20 20 3
17 19 19
12 14 17
7 10 16
12 15 30
14 16 13
19 22 2
21 0 14
1 5 25
16 18 21
22 0 15
2 5 17
14 15 28
21 23 3
13 16 22
5 9 18
15 16 23
13 14 15
8 9 3
20 23 20
4 7 4
10 11 19
5 8 5
21 0 20
14 16 18
21 23 12
0 0 14
21 22 10
20 22 15
3 5 23
4 6 25
14 18 5
0 -1 4
10 15 23
6 7 2
2 3 25
12 13 21
12 13 5
8 11 26
6 9 24
7 9 16
7 9 5
4 6 15
13 16 7
23 1 13
22 1 15
12 12 2
12 14 13
18 20 5
19 22 11
17 18 26
11 11 3
6 9 17
2 1 13
9 11 16
5 8 7
1 3 2
13 16 25
16 17 4
7 8 11
12 12 1
23 2 19
17 19 17
15 17 21
14 16 4
9 10 7
19 21 29
4 7 12
15 19 12
5 6 5
2 4 6
23 2 17
3 5 21
11 13 9
10 12 10
18 18 15
20 23 3
20 23 25
23 2 5
18 19 28
2 5 14
2 4 3
0 3 30
0 3 9
21 22 30
13 15 1
19 22 3
10 13 9
18 21 7
21 23 8
21 22 18
17 19 7
3 7 3
21 21 25
8 10 25
0 2 11
19 22 22
13 15 11
20 23 24
10 13 29
14 18 27
5 7 24
14 17 21
15 17 10
23 1 5
20 21 25
21 0 4
18 20 23
12 14 18
10 11 27
5 6 6
3 5 19
10 11 10
13 16 1
17 17 22
7 9 5
7 9 2
10 11 21
14 14 22
14 16 6
18 19 11
23 2 28
15 16 27
1 3 6
1 5 29
16 18 29
2 4 4
22 0 29
12 15 4
13 15 6
16 16 30
0 0 20
17 20 8
8 10 4
18 20 8
5 7 3
7 7 18
16 18 2
21 0 12
20 22 27
15 18 26
20 0 2
4 5 1
6 8 27
16 19 20
10 14 25
1 4 20
15 17 28
16 17 10
16 19 27
5 9 24
12 14 23
7 10 25
2 4 26
23 2 13
7 10 2
15 15 29
23 1 18
0 1 7
7 9 7
7 8 7
19 19 21
16 18 15
12 13 17
21 0 7
7 8 2
3 6 20
12 13 16
13 15 7
15 14 10
8 11 27
22 0 26
16 18 15
13 15 3
1 3 12
3 6 19
17 20 12
2 4 21
15 17 7
18 21 8
12 14 1
14 15 27
5 7 7
0 2 8
20 22 2
4 4 8
16 18 19
23 1 5
22 0 8
5 6 10
19 18 5
15 17 22
18 19 9
4 7 3
23 1 28
6 8 26
7 8 25
18 21 14
23 2 2
20 22 8
22 0 22
1 3 4
6 7 29
0 3 6
14 15 30
18 22 6
22 23 28
21 0 23
21 0 26
9 12 5
17 19 12
3 7 29
6 8 12
19 20 15
6 9 11
16 18 29
17 19 7
5 8 20
21 0 16
20 1 7
12 14 19
8 12 1
15 18 18
6 8 1
15 16 18
19 22 30
16 17 17
19 21 18
20 22 3
3 7 19
23 2 12
17 19 7
4 4 19
22 1 16
4 7 10
23 0 4
16 17 27
19 23 22
8 10 20
1 7 23
8 10 12
10 12 11
21 23 6
23 2 9
15 18 27
14 15 13
2 4 21
8 11 1
21 22 5
5 8 30
23 3 9
17 17 20
10 13 27
3 5 7
2 5 2
4 6 22
5 6 12
13 16 28
1 4 15
14 16 20
16 18 3
8 11 12
10 13 9
16 18 24
14 16 8
22 2 8
2 7 30
7 11 7
3 5 12
13 16 8
3 5 2
1 3 5
10 12 16
8 9 7
1 3 1
4 6 16
19 21 13
1 1 18
9 12 23
3 4 6
7 7 4
2 3 20
16 18 17
9 9 24
22 1 20
7 11 10
12 13 23
16 20 21
17 20 22
13 17 28
19 21 22
4 7 5
13 15 28
4 4 1
6 7 30
2 3 2
22 1 25
19 21 28
17 20 6
9 10 25
17 20 23
15 16 15
21 23 25
3 6 24
1 1 22
19 22 1
21 23 4
17 19 6
15 17 30
12 12 12
15 17 14
18 22 21
10 11 22
7 9 25
6 8 14
13 16 22
12 12 11
20 22 13
22 1 12
11 11 8
13 16 6
20 23 15
23 0 10
10 13 2
6 8 15
22 1 4
15 17 7
22 0 28
13 15 9
18 20 26
13 15 30
23 0 10
19 18 19
18 21 19
23 1 11
15 17 2
20 23 8
16 18 4
3 5 8
8 10 21
12 16 14
23 1 11
8 11 18
2 4 27
0 1 10
0 2 8
4 8 21
21 22 26
4 6 24
22 0 17
15 17 26
13 13 23
1 4 9
4 5 6
11 14 20
5 8 17
13 16 28
12 12 12
5 8 13
23 0 21
5 6 28
18 21 5
5 9 5
7 9 8
6 8 3
9 12 17
10 12 10
17 21 9
0 1 28
5 5 30
18 20 6
11 12 16
3 5 11
17 21 4
4 8 22
9 11 4
3 5 26
4 7 15
21 23 10
3 5 30
11 12 14
18 20 9
13 15 3
12 15 4
8 11 15
10 11 7
21 1 10
21 22 24
22 0 25
13 14 12
19 19 21
5 8 21
7 10 2
14 17 12
11 11 1
13 15 6
9 11 16
7 9 12
4 6 12
12 14 10
11 15 2
0 1 18
2 3 27
18 19 8
16 19 23
11 14 9
7 10 14
21 23 25
11 13 9
2 4 3
16 18 17
18 20 15
6 8 21
22 1 14
11 15 28
9 10 22
20 21 19
1 2 22
2 4 5
23 1 5
15 19 1
23 23 19
19 21 22
5 10 1
20 23 5
5 8 16
5 6 22
23 0 30
1 0 24
2 3 27
22 1 15
18 21 5
21 23 15
14 16 28
10 14 4
6 7 24
11 13 9
8 10 30
8 10 10
16 16 13
1 4 11
16 18 24
2 5 3
13 14 16
4 6 19
13 14 2
4 6 25
15 16 14
10 12 30
19 20 14
2 4 11
19 20 3
3 7 1
21 23 9
23 1 9
15 17 11
6 9 22
23 23 25
11 14 24
20 21 26
9 11 2
13 13 12
8 11 17
13 15 18
11 14 26
6 8 10
20 22 15
3 4 25
0 4 17
21 0 13
23 1 9
10 14 5
3 6 7
16 18 24
22 0 19
21 0 23
0 0 15
13 16 14
20 23 28
15 16 19
7 7 28
20 21 4
23 1 11
21 23 8
2 4 11
17 20 26
20 23 10
2 4 1
22 1 15
9 11 1
20 21 25
1 2 9
11 13 29
14 16 29
13 16 24
6 7 30
13 15 3
2 4 4
18 20 5
9 14 3
0 1 20
11 13 10
11 13 25
18 19 12
8 10 9
17 17 29
17 21 2
10 11 2
8 11 30
10 11 15
4 8 29
22 0 24
10 12 25
16 18 15
7 9 9
18 20 10
18 22 16
2 3 23
3 4 24
15 15 19
19 21 3
7 10 21
22 0 6
12 16 1
1 3 28
11 13 3
8 11 2
12 12 4
13 16 18
20 21 4
20 22 16
1 3 5
9 11 1
19 23 3
23 23 25
3 5 24
7 8 16
1 3 8
4 4 25
9 11 7
21 22 4
14 16 26
15 17 15
2 3 5
15 18 4
6 6 17
9 12 3
8 10 4
6 9 21
6 6 27
12 14 17
21 1 17
3 6 13
19 22 12
16 18 15
13 14 22
5 6 24
1 5 15
3 4 21
19 21 4
9 11 10
22 1 14
4 6 2
17 18 28
15 17 2
0 2 19
23 23 7
20 22 5
10 10 24
6 8 11
7 7 1
3 6 10
21 23 13
4 7 28
2 4 7
17 19 2
20 22 4
4 6 18
1 3 2
19 20 5
21 23 23
12 13 13
13 14 9
5 9 3
12 15 2
15 16 2
10 11 28
18 21 26
13 15 9
5 7 13
14 15 18
5 6 26
2 4 7
23 1 8
23 23 30
22 0 9
22 1 5
7 8 20
17 19 20
12 15 9
10 12 26
18 21 3
2 4 16
0 1 8
12 15 5
11 13 9
7 9 25
14 16 25
9 11 10
0 1 19
16 18 29
6 8 29
