3110 30
1 26 6 23 17 15 16 19 8 29 1 27 23 25 20 10 29 22 4 7 27 20 23 7 3 29 28 30 1 12 
4 7 24
2 4 17
7 7 2
17 18 7
7 8 16
13 13 12
22 2 29
15 18 14
12 13 25
3 5 16
18 19 18
15 17 14
22 2 6
7 7 14
1 3 29
15 16 13
9 11 16
1 4 15
13 13 18
0 2 21
23 23 27
10 13 13
12 14 23
14 15 11
5 6 9
8 10 2
14 15 13
15 17 24
10 12 18
7 9 23
19 21 9
20 21 7
6 6 30
12 14 6
14 16 8
13 14 9
13 15 21
20 23 23
7 9 28
23 2 30
3 5 17
4 3 15
15 17 25
11 13 20
12 16 12
0 2 3
20 21 8
18 20 23
21 22 30
20 20 9
22 0 25
10 12 2
6 7 6
18 20 19
3 7 11
5 7 14
4 5 11
5 5 10
16 19 9
3 5 27
21 21 22
6 9 22
14 15 6
8 10 12
17 20 9
6 9 14
17 20 28
22 0 16
0 1 12
13 14 26
17 18 19
19 22 8
13 15 22
4 7 23
20 22 25
5 7 6
12 13 30
3 7 22
3 3 24
22 0 19
11 12 29
19 20 15
6 7 12
21 22 2
6 7 28
10 13 27
5 7 23
3 4 28
20 20 28
14 16 26
4 4 2
13 14 14
21 23 30
15 16 20
0 1 6
3 4 26
17 21 2
13 15 20
2 4 27
14 14 30
12 13 27
15 18 21
12 13 7
18 20 3
17 19 6
19 21 27
23 1 29
7 9 17
21 23 5
23 0 3
9 11 11
3 7 13
3 5 21
19 23 15
15 17 13
10 13 11
1 3 8
7 8 4
8 10 4
18 19 2
20 22 16
9 11 26
6 8 17
15 17 28
22 23 9
11 14 21
4 8 26
22 22 13
11 13 7
11 14 17
9 12 5
14 15 6
23 2 27
7 8 2
4 7 14
22 1 11
4 3 20
13 16 25
23 1 9
11 12 29
19 20 3
6 7 12
12 13 16
2 5 9
5 7 23
5 7 11
2 3 14
10 12 9
22 0 27
20 22 26
9 12 4
17 18 22
0 2 1
19 22 5
22 22 29
0 -1 19
2 6 10
10 13 16
7 8 13
10 11 1
20 23 11
23 3 28
15 19 25
10 13 29
22 0 13
10 12 4
6 6 13
16 19 12
21 23 27
21 22 2
18 19 18
14 16 22
5 8 15
22 1 6
8 11 24
19 22 13
15 17 30
1 3 5
18 21 24
19 20 13
23 23 11
2 4 22
0 2 19
10 11 17
0 2 14
7 11 2
4 4 24
23 1 4
12 13 11
3 6 24
17 19 29
16 18 7
22 23 16
8 10 24
8 10 14
5 8 25
21 22 19
7 10 20
1 3 29
22 0 4
0 2 23
11 13 1
18 20 10
7 10 20
0 3 23
2 5 16
2 5 13
11 15 23
23 1 17
16 18 29
12 15 3
20 22 1
8 9 5
6 9 5
2 6 15
11 14 13
9 11 9
12 15 10
18 19 22
5 7 30
19 22 9
6 8 28
3 7 14
14 17 30
4 6 1
15 17 3
20 22 16
2 4 30
1 3 29
7 8 9
4 4 27
1 3 7
4 6 9
3 4 16
6 7 4
3 4 19
14 17 10
18 20 6
19 21 16
0 0 21
5 8 3
21 23 15
23 0 20
18 19 6
15 19 29
15 18 6
22 23 12
23 1 29
14 16 20
21 0 15
6 8 6
19 21 2
0 2 1
14 14 18
15 17 19
9 12 1
16 18 6
10 13 6
0 2 22
16 17 19
19 21 12
11 13 30
13 14 30
3 6 15
3 4 26
17 19 29
21 0 21
4 5 22
15 17 28
11 14 30
11 14 5
19 20 30
2 5 5
12 12 30
14 17 16
8 10 9
13 16 27
0 3 19
23 2 24
8 9 4
14 17 1
16 18 26
3 4 26
8 9 28
12 13 12
10 11 6
20 22 16
8 10 30
19 22 21
8 10 30
0 1 24
14 16 19
4 7 25
19 21 21
10 11 29
14 15 18
4 5 2
7 11 2
22 0 9
10 11 17
7 10 26
16 17 26
12 14 10
4 5 28
2 5 27
6 7 30
6 9 2
13 17 12
21 23 5
23 1 2
22 0 28
15 17 6
14 15 5
2 7 11
19 23 14
18 19 4
14 14 28
14 17 13
13 14 19
1 2 16
4 7 7
12 14 7
22 0 20
19 20 29
18 20 26
6 9 25
5 7 15
6 8 30
20 22 11
21 1 6
17 19 8
0 1 1
2 5 20
4 5 24
12 13 24
10 12 27
22 1 28
16 18 21
23 1 13
14 17 4
6 6 22
11 13 14
13 13 2
10 12 26
1 4 24
12 13 18
2 1 11
22 22 25
2 5 17
0 2 26
19 20 28
12 14 19
14 16 10
5 6 14
21 22 16
14 16 1
0 1 11
9 10 19
6 9 27
12 13 19
12 14 5
8 11 12
20 0 27
5 5 3
22 0 23
6 9 9
13 14 5
22 1 21
15 17 2
1 2 30
9 12 23
12 12 7
6 8 18
2 3 28
0 1 29
21 23 21
17 17 4
10 12 30
23 1 14
6 8 3
3 3 7
2 5 4
17 18 10
17 21 5
17 21 24
23 23 28
11 12 27
6 8 12
6 8 5
12 13 17
21 23 24
0 3 1
18 19 3
6 8 12
23 1 13
14 14 25
19 20 14
23 1 19
11 13 2
9 10 10
6 7 9
11 14 2
9 10 10
20 23 13
5 7 25
15 17 12
15 16 29
5 7 26
12 14 3
22 1 25
22 23 17
5 6 13
13 15 28
12 12 18
13 15 24
22 0 4
1 5 16
18 21 4
5 8 22
23 1 2
17 19 16
8 12 30
22 0 21
22 1 27
20 22 9
9 11 9
5 8 24
3 7 11
4 6 10
13 15 1
8 10 1
14 15 21
15 17 5
3 5 24
13 14 18
6 8 10
12 16 25
18 21 6
21 0 1
6 10 14
12 14 27
16 18 23
11 12 14
11 13 10
22 0 9
6 9 21
14 17 7
17 17 7
8 9 6
10 12 5
12 13 6
14 16 4
10 10 29
17 20 21
9 12 14
0 3 29
19 21 4
12 13 20
15 18 26
21 23 5
16 18 2
19 22 15
7 9 10
18 22 2
0 2 25
11 12 21
9 9 11
13 15 1
0 2 24
4 4 7
2 4 2
0 0 8
23 1 11
12 13 13
14 15 29
3 5 9
20 22 11
7 7 1
17 19 5
9 11 15
22 21 21
11 13 10
22 0 30
3 6 14
10 11 13
13 16 30
15 17 13
1 2 27
21 21 23
17 19 25
21 23 2
23 1 14
12 12 3
19 23 2
12 15 4
7 7 1
9 9 16
12 14 13
5 7 10
9 10 2
3 5 14
1 2 20
8 9 18
11 15 14
3 5 14
0 2 23
23 2 29
8 8 7
13 13 1
12 13 21
4 6 5
12 14 26
23 2 6
19 22 16
3 6 22
12 16 12
9 11 14
1 3 20
1 4 6
21 0 19
13 15 10
17 18 8
18 21 6
6 7 1
23 1 17
8 9 25
16 19 14
17 20 19
3 5 17
3 6 14
22 1 17
15 16 17
16 20 7
19 20 28
19 23 23
14 17 21
1 2 19
4 6 14
23 0 30
19 21 4
2 4 5
19 20 3
18 20 12
1 5 12
20 23 14
1 3 21
1 2 11
3 6 4
13 14 7
10 11 6
13 15 18
5 8 28
4 6 4
0 2 10
23 1 11
11 13 29
12 14 5
4 6 24
4 6 3
18 19 3
14 16 19
6 8 6
0 2 26
17 18 2
4 5 18
5 8 17
0 4 4
11 14 8
5 6 14
11 11 30
0 2 7
4 6 24
16 18 14
23 4 29
23 2 17
4 7 3
18 20 7
2 5 28
21 0 4
20 0 25
10 14 25
9 12 14
5 7 5
9 11 5
10 10 4
10 11 27
17 18 8
1 4 27
6 9 30
15 17 2
2 4 16
9 11 9
1 3 21
16 19 20
15 19 6
8 10 21
21 0 15
19 21 3
5 8 30
22 23 15
4 6 28
20 22 29
8 11 15
13 14 18
3 5 16
10 14 17
11 13 21
23 0 6
18 20 10
0 3 23
23 3 27
9 9 29
3 4 8
23 3 10
7 8 12
0 2 13
2 3 18
3 5 15
21 0 12
15 17 16
20 22 6
11 13 23
17 19 7
18 20 15
10 11 23
8 10 8
23 0 30
11 14 20
14 15 10
22 1 14
23 2 13
15 17 17
19 20 17
9 10 7
18 21 20
20 20 13
2 4 6
10 11 19
7 9 4
7 9 1
14 17 15
3 6 8
14 15 14
17 20 17
17 18 17
16 18 30
17 20 10
20 22 1
23 2 12
9 11 11
9 12 20
19 22 24
23 1 22
20 22 17
15 17 3
9 11 28
22 2 23
14 18 9
17 19 8
19 22 22
12 15 17
20 21 26
16 19 24
21 0 13
10 12 3
20 21 26
1 3 6
6 7 21
11 14 6
13 16 19
14 15 10
20 22 28
13 15 20
8 11 6
15 20 18
8 8 6
23 2 22
11 12 27
17 19 8
10 10 23
23 1 16
6 9 26
18 19 8
8 12 2
13 17 30
10 11 18
11 13 21
22 22 11
1 3 19
10 11 16
2 6 7
16 17 7
11 14 23
1 4 11
10 11 22
20 22 23
15 17 18
1 2 5
12 14 7
5 8 22
21 1 11
0 0 27
15 17 17
3 6 20
20 23 3
1 4 9
23 2 25
1 3 30
20 22 29
4 7 22
21 23 2
0 2 9
17 20 24
20 22 12
10 11 6
21 0 29
14 14 5
17 20 12
20 23 30
12 15 24
19 21 21
22 0 14
12 14 18
16 18 24
1 3 27
12 15 12
0 2 5
8 10 2
8 9 16
18 20 14
13 15 7
7 10 27
20 23 24
12 15 20
9 10 26
11 13 24
10 12 11
11 15 26
4 7 17
22 23 18
21 23 26
18 19 1
4 6 18
7 10 21
8 10 19
17 21 26
17 19 14
18 20 30
10 10 26
6 7 26
15 17 14
6 9 2
0 0 7
17 18 25
21 1 26
6 5 12
2 2 24
11 13 2
16 17 6
21 22 1
13 14 15
20 21 1
15 18 16
2 4 29
15 18 17
21 21 7
11 13 4
20 22 6
1 2 22
8 10 21
21 23 15
16 17 13
6 8 27
13 15 12
18 20 6
18 20 3
13 15 22
4 6 29
1 3 20
6 9 15
2 4 19
20 23 6
3 4 21
18 21 17
15 19 23
9 12 20
2 4 27
3 5 22
5 8 18
4 5 18
3 7 18
3 4 21
9 10 26
16 16 3
6 9 20
17 21 2
21 23 16
15 16 27
16 19 19
0 2 8
5 7 16
8 10 3
1 4 8
7 9 7
10 11 17
0 0 22
10 13 2
3 5 8
0 3 11
23 1 11
9 11 4
20 21 28
14 16 22
7 9 21
6 6 7
1 4 15
8 11 30
19 21 28
16 16 19
19 21 9
21 22 5
19 22 6
8 9 12
17 19 19
21 23 10
21 23 14
9 11 23
17 19 5
8 11 17
0 3 20
18 21 29
20 22 22
21 23 15
4 6 9
15 16 23
7 8 8
17 18 13
17 19 7
14 17 15
9 12 21
22 0 6
10 11 5
2 5 18
2 5 2
10 12 12
1 5 26
18 21 3
3 4 23
22 1 19
6 7 21
21 20 2
3 5 8
0 1 18
14 16 29
10 12 25
2 5 13
21 1 1
15 17 24
11 12 17
0 3 24
1 5 7
14 15 6
10 13 15
6 8 22
2 5 14
9 11 22
6 8 25
14 16 3
9 11 11
21 0 5
17 20 12
17 19 27
6 8 29
16 20 10
12 13 16
7 9 10
0 0 10
14 17 28
9 11 14
20 22 19
23 1 13
5 4 7
22 1 7
17 19 1
5 6 30
3 5 21
9 11 18
17 18 8
2 4 29
21 1 9
10 10 19
2 3 9
23 3 19
0 2 21
5 6 1
8 11 12
1 2 27
14 16 6
10 10 13
17 18 29
17 19 17
9 12 21
2 6 12
13 15 3
0 2 8
20 22 2
20 22 29
12 13 30
22 0 20
21 23 11
14 17 20
6 8 10
6 8 12
13 13 14
0 3 28
15 16 21
11 14 9
0 2 12
6 9 28
4 7 5
8 10 10
0 2 17
10 12 20
19 20 21
18 20 4
4 6 26
4 4 11
6 6 17
14 17 26
0 3 11
17 17 27
6 8 4
18 19 20
19 22 5
13 13 28
12 14 23
16 17 6
21 22 16
1 4 17
22 22 29
1 3 3
21 23 16
10 13 22
20 23 20
7 11 10
0 3 14
12 14 25
12 15 16
4 6 29
14 15 2
4 5 30
20 22 30
6 8 20
21 23 8
7 9 17
11 13 30
17 21 23
18 19 23
1 2 21
22 1 17
10 12 1
6 10 19
10 11 18
4 7 20
10 12 28
22 0 29
9 11 5
22 0 9
22 22 6
20 22 15
9 9 19
10 12 1
16 18 14
21 22 22
14 15 18
1 3 12
5 7 4
16 18 15
23 2 20
17 19 10
18 21 6
12 13 28
20 22 21
20 21 26
0 1 22
16 20 26
11 14 24
0 2 10
4 6 5
6 8 24
9 13 16
1 3 30
22 0 28
4 7 27
13 16 22
9 11 29
23 1 27
23 2 5
3 7 15
6 9 13
6 9 5
5 7 15
22 23 17
20 22 23
5 7 14
17 18 23
1 3 26
13 14 5
8 10 22
3 5 10
19 21 3
11 14 27
13 15 9
23 2 7
10 13 9
4 5 1
3 4 25
22 1 6
11 11 3
19 21 22
1 2 12
5 8 8
18 20 24
21 22 5
7 10 13
21 22 4
12 11 15
11 14 5
16 19 21
10 13 28
4 7 9
21 23 19
16 19 27
7 8 18
7 10 15
12 12 7
23 1 12
22 23 27
4 6 12
4 6 20
18 21 1
21 23 16
17 21 15
0 1 19
20 21 29
20 22 6
9 12 12
20 22 25
10 12 20
23 4 24
8 8 23
11 13 19
9 10 18
14 18 2
2 6 2
18 19 2
8 10 16
3 5 1
12 12 18
14 13 27
7 10 30
4 6 8
0 3 27
13 17 21
21 0 29
20 22 30
8 11 4
20 22 24
23 0 8
17 19 7
7 10 2
3 5 8
12 14 11
5 6 26
20 22 27
6 8 25
14 15 11
8 11 22
18 20 25
4 7 23
11 13 18
8 12 15
15 16 15
17 20 9
14 16 4
10 12 14
2 5 17
14 16 22
12 14 2
15 18 7
2 3 17
6 10 10
22 23 25
11 12 6
22 23 24
16 19 11
8 11 22
10 13 5
6 8 23
8 12 16
21 23 11
12 15 30
1 5 14
16 19 30
19 18 6
11 13 11
14 17 10
11 12 2
9 11 14
13 14 17
21 23 22
21 23 20
23 1 2
20 21 16
0 2 30
7 8 17
20 22 5
23 2 9
0 2 14
14 16 16
1 3 6
10 12 8
10 10 16
3 6 14
7 8 30
7 9 27
4 8 6
5 10 30
20 21 13
9 11 27
22 23 22
21 22 25
14 16 28
10 11 8
21 22 14
13 15 14
6 7 18
21 23 5
4 6 11
22 1 26
22 1 12
0 2 23
23 0 16
14 16 19
22 0 14
13 15 10
5 5 30
16 16 23
1 1 23
15 18 26
19 22 8
16 18 25
18 20 21
20 22 30
12 13 29
5 6 27
0 0 14
7 10 22
11 13 21
21 23 28
4 6 1
21 23 21
11 13 16
20 22 25
0 2 29
5 7 9
8 10 4
0 2 15
18 19 16
22 1 2
17 18 2
20 21 26
9 12 1
23 1 5
15 17 17
13 14 11
19 20 25
21 22 9
17 20 28
9 11 27
10 11 22
1 4 21
12 14 27
15 18 25
21 22 17
3 5 10
8 9 23
11 13 10
8 9 1
18 19 27
12 14 6
17 20 27
21 22 24
22 0 2
5 6 8
2 4 11
2 3 10
1 3 6
0 2 12
10 11 28
21 22 28
18 22 17
2 2 23
22 23 10
3 5 27
4 7 9
22 23 23
22 0 11
22 0 19
8 10 20
16 18 5
20 20 23
23 1 29
20 23 5
2 5 6
4 6 2
21 23 8
7 9 20
16 18 25
9 11 22
18 20 10
20 23 7
16 18 11
18 19 27
17 20 6
4 5 24
5 8 26
7 9 2
2 4 25
10 11 9
10 12 22
14 17 26
17 19 21
23 0 17
7 8 15
7 9 13
7 11 5
15 17 11
21 22 18
20 22 26
19 22 15
4 5 13
15 16 5
11 14 18
8 12 23
9 10 21
20 20 17
18 20 30
16 18 18
7 9 28
21 23 26
7 9 18
10 13 6
4 6 2
8 10 26
1 4 13
8 9 29
3 4 1
3 5 5
6 9 23
11 13 25
0 1 12
1 2 17
6 7 5
14 15 13
2 6 7
0 2 17
12 14 9
0 1 30
22 1 23
8 12 22
22 0 17
0 1 4
2 5 16
16 18 13
7 8 9
1 2 17
5 6 2
3 5 13
23 2 20
18 20 28
21 22 4
13 14 10
3 3 14
23 1 7
18 20 17
3 6 7
21 23 20
0 2 13
21 23 14
14 17 15
20 23 27
9 9 28
9 13 15
15 15 1
1 4 6
7 8 12
2 3 21
15 16 6
14 16 9
14 16 4
23 1 11
19 20 4
2 5 10
1 3 3
19 20 7
14 16 21
19 21 9
20 22 22
4 6 6
10 13 30
16 17 25
18 22 9
22 0 23
13 16 2
8 10 28
1 2 12
18 20 6
13 17 18
11 13 11
9 11 25
3 4 27
17 19 20
23 0 8
13 14 19
23 1 29
3 5 29
12 14 30
1 3 19
19 23 25
23 2 29
15 18 1
13 17 13
10 11 14
22 23 23
6 8 18
10 14 14
19 20 12
19 21 26
9 10 24
9 12 5
1 2 13
21 23 22
5 8 15
8 11 4
23 2 30
21 22 18
21 23 22
10 15 11
13 16 26
13 15 20
4 7 4
5 8 6
18 18 16
10 11 7
1 3 4
13 15 28
9 12 29
17 20 22
14 17 28
21 0 8
23 0 7
21 0 1
7 7 13
12 14 13
5 6 27
19 22 24
22 23 2
1 2 15
6 9 10
9 11 27
21 22 16
16 17 12
4 5 11
23 0 21
20 23 14
7 9 5
11 11 23
13 15 2
14 16 10
10 11 28
0 1 25
4 5 8
7 9 4
15 16 13
11 12 30
12 14 14
6 7 7
1 3 13
19 22 5
15 17 24
16 18 26
20 0 16
21 0 22
4 8 18
7 9 15
17 20 4
3 6 6
12 13 11
17 18 3
1 4 12
19 20 30
8 9 24
15 18 9
2 4 21
13 14 4
20 23 2
5 7 15
9 11 25
7 8 6
21 22 19
13 15 10
11 14 12
13 15 24
11 12 12
9 11 6
6 7 27
11 13 12
13 12 21
4 7 7
13 15 30
1 4 3
13 16 23
21 1 8
14 15 27
19 20 16
22 0 11
19 20 25
1 4 23
11 14 12
0 2 23
10 13 15
13 15 28
19 21 29
4 6 15
6 7 21
15 16 27
9 11 24
18 19 11
15 17 27
5 8 10
9 11 29
17 21 28
17 18 21
12 13 28
1 3 11
3 2 20
8 11 9
20 23 27
15 18 22
14 16 15
11 13 17
13 14 9
0 2 19
2 4 7
16 17 29
4 6 9
19 20 1
12 12 24
6 8 10
11 13 12
8 11 26
9 11 18
9 11 16
3 4 5
21 22 23
14 15 26
1 3 21
21 0 5
4 5 15
16 16 6
23 1 12
13 14 9
5 7 6
10 12 26
15 17 12
17 19 18
22 1 15
6 7 30
17 20 7
7 9 1
15 17 26
3 5 17
11 13 21
9 12 1
5 8 5
3 6 18
8 10 7
20 22 14
8 10 7
11 13 3
20 0 17
1 3 16
20 22 22
2 5 23
7 8 11
3 7 17
14 16 28
17 18 11
4 6 14
5 7 24
4 5 11
0 1 28
19 22 17
14 16 19
12 14 6
15 18 28
13 17 5
17 20 6
15 18 23
8 10 27
16 17 29
17 20 5
21 23 29
8 10 5
13 13 27
1 3 1
16 18 25
13 16 27
9 11 17
3 6 19
14 16 30
13 14 17
9 12 8
4 5 6
1 1 24
15 16 6
16 17 21
15 18 13
5 5 19
7 10 8
9 12 29
8 10 26
22 1 21
1 3 18
18 19 13
0 4 30
3 7 25
3 6 7
10 12 23
18 19 17
6 7 14
17 17 2
6 6 12
14 15 17
1 3 19
5 6 6
14 17 6
22 23 28
6 7 7
9 10 29
5 8 25
5 6 2
20 23 28
4 7 22
7 9 3
20 21 27
13 14 9
15 17 24
3 5 2
23 23 13
8 10 28
18 19 22
16 19 17
2 4 16
13 15 14
19 21 17
18 20 1
18 19 7
19 22 2
15 17 7
3 6 22
9 12 5
13 15 3
19 21 15
23 2 20
16 17 4
13 14 25
5 9 24
3 5 18
23 2 20
4 7 3
19 23 20
21 22 18
19 21 6
18 18 12
2 4 5
5 7 30
13 16 10
11 12 7
8 10 23
5 9 16
0 0 20
6 10 14
12 15 13
23 0 18
21 22 8
23 2 16
1 2 20
9 10 21
3 5 22
21 23 15
14 17 27
9 11 16
19 21 1
19 22 24
23 23 13
21 0 15
14 16 2
11 14 1
1 2 25
8 9 26
6 9 20
3 5 21
20 22 21
11 14 19
8 9 7
7 9 25
15 17 15
8 12 9
6 9 27
3 6 12
0 1 18
11 14 30
2 5 27
12 13 30
21 23 8
22 23 9
10 13 2
15 16 6
18 20 27
10 12 13
12 16 10
14 15 19
9 10 18
14 16 26
22 0 16
7 8 30
11 13 24
8 10 29
15 17 29
6 8 27
15 17 15
10 12 18
10 12 11
18 20 22
21 23 17
1 3 13
21 0 1
23 1 22
16 15 10
5 6 26
10 11 18
4 5 12
10 11 9
1 3 26
23 1 3
20 22 6
6 8 25
11 14 13
9 12 16
11 13 19
6 9 6
11 14 1
13 12 27
22 1 28
6 7 7
5 7 6
8 10 5
19 20 24
3 4 16
12 15 22
12 12 5
12 13 12
21 23 4
3 5 7
21 23 2
20 23 18
6 9 3
4 4 1
1 3 13
16 16 12
13 15 3
17 18 21
13 15 26
17 21 18
12 14 2
12 14 1
19 21 1
11 15 11
3 5 18
18 20 21
8 10 4
23 1 8
16 19 19
7 7 21
14 15 29
1 2 16
6 7 19
20 22 26
7 8 20
19 20 12
17 19 14
21 21 25
1 5 16
11 14 19
8 12 9
9 12 10
17 18 11
9 12 17
20 20 17
13 15 5
21 0 2
16 18 26
11 11 7
9 11 14
12 14 1
2 5 17
2 5 16
15 15 12
14 16 18
16 18 24
9 13 1
1 1 12
0 1 30
13 15 6
20 22 25
14 15 15
16 17 22
20 22 16
18 20 24
4 8 5
8 9 3
20 23 24
14 17 20
1 3 4
5 6 6
10 13 24
4 5 24
7 11 21
18 19 27
4 7 26
14 16 12
10 12 6
19 19 13
21 0 21
1 3 8
2 5 3
15 16 13
20 21 30
20 20 20
5 6 14
1 4 5
17 19 21
11 11 18
14 16 20
17 18 21
0 2 16
21 22 13
3 4 11
9 12 11
15 18 3
3 6 8
12 14 4
11 13 8
7 8 18
1 4 8
9 11 5
12 14 3
16 18 8
3 5 12
12 15 27
11 13 13
13 15 24
0 2 8
21 23 12
17 19 27
5 7 13
7 10 26
5 6 13
18 20 7
13 17 19
23 4 2
11 13 30
19 21 11
15 17 14
16 17 20
7 10 1
14 17 24
17 18 8
4 6 6
14 15 2
4 5 15
15 18 23
15 17 11
15 19 18
17 19 27
12 15 3
0 2 6
21 0 17
21 22 26
5 6 1
7 9 6
7 10 13
22 1 6
6 9 5
9 10 1
6 9 4
20 22 2
5 7 16
7 11 1
21 0 19
3 5 3
13 16 26
8 10 17
20 22 18
14 16 22
7 9 2
19 22 21
15 16 10
6 8 29
15 17 22
10 11 3
0 1 20
10 12 18
3 6 11
10 11 25
0 2 22
10 12 17
6 8 2
21 23 1
6 7 2
11 13 4
15 16 17
11 13 4
5 7 5
2 4 3
21 22 22
3 6 23
0 3 10
2 5 24
5 8 26
0 3 30
15 16 25
1 1 8
5 5 7
22 1 24
13 15 12
16 20 24
10 12 21
20 23 18
10 12 24
19 21 22
10 13 29
5 6 5
0 1 12
6 9 30
6 8 6
16 19 28
23 2 29
16 18 17
8 12 20
22 1 1
9 12 29
4 5 8
6 8 10
11 11 18
22 1 19
7 9 29
7 8 15
2 4 6
6 7 7
13 15 21
1 2 2
8 11 19
13 15 19
0 2 29
11 13 29
13 16 19
8 10 28
0 4 11
9 11 23
22 22 15
22 1 22
21 0 1
7 9 25
22 0 13
5 7 1
3 5 26
4 6 24
7 8 7
13 16 5
4 8 26
19 21 20
18 19 24
21 23 3
16 18 1
19 21 27
22 23 26
13 14 11
6 8 24
6 9 22
6 7 29
12 15 28
6 7 14
18 21 24
1 4 23
23 2 7
5 7 18
5 7 14
15 17 13
20 22 3
23 1 12
20 0 24
1 4 8
17 18 16
20 22 22
5 7 27
6 9 2
6 8 4
21 0 1
11 13 16
23 0 29
11 13 12
16 17 8
7 8 23
20 23 28
18 21 3
9 10 7
13 16 8
16 18 5
9 12 4
14 16 17
7 9 10
0 2 28
4 4 20
3 6 12
3 5 14
2 2 27
12 13 18
22 0 20
19 22 1
18 19 25
11 14 8
7 10 16
9 10 23
11 13 18
9 12 4
0 4 15
22 0 12
13 13 8
14 17 10
2 4 12
0 2 3
3 3 5
8 10 13
20 21 8
1 4 16
5 7 5
23 3 1
10 12 28
21 22 27
19 22 18
18 20 18
14 17 5
8 11 8
12 15 9
23 0 20
3 4 26
8 10 6
10 14 14
12 14 17
7 10 16
22 0 24
3 4 14
4 4 2
10 10 13
0 3 10
0 2 4
22 1 12
12 16 26
5 9 3
10 12 17
5 7 10
19 19 16
20 20 18
2 4 3
8 11 30
16 18 26
13 14 15
6 9 15
2 4 10
7 8 30
15 18 13
8 11 7
17 19 22
22 0 30
11 11 25
14 16 30
9 12 3
3 5 19
1 4 14
14 16 29
2 2 19
14 16 29
1 2 14
19 21 20
3 5 17
21 22 29
2 3 6
9 10 21
8 10 12
20 22 27
15 16 20
9 12 7
20 21 28
0 3 28
7 8 17
2 6 10
1 4 16
23 1 6
0 1 26
6 9 16
3 5 13
2 4 10
16 18 5
19 20 27
8 8 14
8 9 17
20 23 26
22 1 7
12 13 3
1 3 26
18 20 14
9 11 10
11 14 5
5 7 10
22 0 10
22 0 14
11 13 27
3 5 20
18 18 8
10 12 9
2 3 26
15 17 22
8 10 13
18 19 20
20 23 23
3 3 24
9 10 5
14 16 3
12 14 17
1 3 9
16 16 29
0 1 12
21 23 6
3 5 12
23 2 27
15 18 30
0 3 25
20 20 23
8 10 12
3 5 25
23 1 25
21 22 21
14 17 4
6 7 22
2 6 13
5 7 18
18 21 20
23 1 30
9 11 2
11 15 6
6 8 25
14 16 28
10 12 17
22 23 15
8 10 25
22 0 5
1 2 19
19 21 20
12 14 15
19 21 18
7 7 5
18 21 2
14 16 22
21 1 7
4 7 7
5 7 1
4 7 9
6 9 18
15 17 27
6 7 13
20 22 7
17 20 15
22 0 29
13 15 8
15 16 7
15 15 4
10 14 3
3 6 25
14 16 16
7 6 29
11 12 25
6 8 3
13 15 4
21 0 22
0 3 6
9 10 16
12 14 15
1 4 23
22 3 20
7 10 16
13 15 7
14 15 30
1 3 10
12 17 30
21 22 3
23 2 26
2 2 19
15 16 23
8 9 25
0 4 29
11 14 9
12 14 8
6 8 17
1 4 28
23 3 4
12 15 11
13 16 8
17 20 8
3 4 10
17 19 19
17 20 10
20 0 23
4 7 23
12 13 27
9 11 1
23 1 27
10 11 10
10 12 18
16 19 5
0 2 2
9 9 26
3 5 9
13 16 5
0 1 14
3 4 1
5 7 11
1 4 1
16 18 5
18 17 2
20 23 5
10 13 28
7 10 11
5 8 17
8 11 6
3 4 6
5 7 24
8 9 27
11 12 25
15 18 14
4 7 5
2 5 8
19 21 28
1 3 8
16 19 13
1 5 25
2 3 10
17 18 10
23 1 29
2 4 23
0 3 1
22 1 10
1 5 25
16 19 9
6 8 15
22 1 27
7 7 25
16 20 6
21 23 30
20 22 30
22 0 14
17 19 9
14 16 24
16 19 1
17 19 2
15 18 24
16 19 21
1 4 7
11 13 17
16 18 6
0 1 29
12 13 13
21 1 19
1 3 22
13 15 27
8 9 29
17 19 1
23 1 4
1 1 8
4 5 17
15 16 10
6 7 16
10 12 2
12 12 19
15 16 23
1 4 3
22 1 3
3 6 10
5 8 3
3 5 20
1 3 30
12 13 16
6 7 9
23 1 14
21 0 30
1 3 17
6 8 2
10 12 10
22 1 19
10 11 1
2 5 20
8 9 7
4 5 3
10 12 8
19 21 24
18 19 21
15 16 18
1 4 7
15 16 20
4 7 7
8 11 9
0 2 22
10 10 28
2 2 16
16 19 22
22 1 2
1 3 21
14 16 26
9 12 17
16 17 7
12 14 7
16 19 24
13 15 18
7 9 22
7 8 11
0 2 8
3 5 5
12 15 7
9 10 9
0 2 9
14 16 20
10 11 13
18 21 21
12 14 17
20 22 10
23 0 14
11 14 22
13 14 4
0 3 1
0 2 11
19 21 20
7 9 1
3 6 9
10 13 17
4 4 30
15 17 28
16 17 28
9 10 27
17 20 6
8 8 19
6 8 14
20 20 6
5 9 8
3 7 3
23 0 23
5 7 1
22 0 9
23 1 27
8 7 13
2 3 15
20 22 7
11 11 10
14 16 14
13 16 14
20 21 4
18 20 11
18 19 23
17 18 28
6 7 23
5 6 24
16 17 17
0 3 9
7 9 1
21 22 20
18 20 25
18 19 4
4 6 4
7 9 1
18 21 7
11 14 7
23 0 28
9 11 3
23 3 15
8 10 17
3 4 13
14 17 16
6 8 24
7 9 6
18 20 6
22 0 3
14 17 20
2 4 7
14 18 25
20 23 4
13 16 21
23 1 11
9 10 12
10 13 23
16 18 26
1 1 1
2 4 6
9 12 8
12 14 10
2 6 16
3 5 22
23 2 27
1 3 11
17 18 16
8 9 13
7 9 1
2 4 10
13 15 27
11 13 13
18 20 9
17 19 14
18 20 18
10 12 21
5 8 12
20 23 17
10 13 26
17 19 13
3 5 1
12 16 21
16 20 6
8 10 11
19 21 6
2 4 27
12 15 20
2 3 12
22 23 2
21 0 5
5 10 17
19 21 19
10 11 22
16 18 4
23 22 6
18 19 1
20 20 28
14 14 12
15 18 5
7 8 28
17 17 8
6 7 12
2 2 19
13 15 29
17 19 22
19 21 28
16 16 30
15 16 20
13 14 27
1 2 30
8 10 28
14 15 22
13 16 7
17 19 27
16 20 28
22 0 14
20 0 17
21 22 11
8 9 3
9 11 9
6 8 10
2 4 7
10 12 20
9 11 8
23 0 3
17 18 1
5 7 5
0 4 30
6 8 29
11 12 18
10 13 13
14 18 15
1 3 21
1 3 6
21 0 26
1 3 13
3 4 29
18 19 12
13 16 19
19 21 4
14 15 10
20 22 21
4 7 4
19 20 14
2 4 11
22 0 9
9 9 19
23 0 30
18 19 29
13 15 6
9 12 18
10 12 20
10 12 15
18 19 22
15 15 3
11 13 6
9 11 29
16 17 2
22 1 11
14 16 1
9 11 14
4 5 28
20 20 8
15 18 7
20 19 23
4 4 4
3 4 22
9 11 20
2 4 2
1 3 19
10 12 28
22 0 23
21 0 28
10 13 15
11 13 13
18 20 3
14 15 17
5 7 30
11 12 14
3 5 14
12 14 17
22 1 30
1 3 25
4 6 24
20 20 30
17 18 18
12 13 3
4 6 23
14 15 11
9 10 3
21 23 17
3 5 18
16 16 5
13 16 27
16 17 26
15 16 22
13 16 21
9 11 15
16 19 12
18 20 15
1 2 10
2 3 12
9 11 12
16 17 7
17 21 12
3 4 24
10 11 26
9 13 27
8 9 10
7 9 13
17 19 7
8 7 10
3 5 19
6 8 13
22 0 3
19 22 24
20 21 23
16 18 18
8 10 5
10 11 16
7 9 7
14 16 8
13 16 22
2 6 8
1 3 7
17 19 24
7 9 23
5 7 19
12 13 21
23 23 21
8 11 12
5 10 27
9 10 19
18 20 6
17 20 27
16 18 27
9 12 4
3 5 11
0 2 3
18 21 4
11 14 9
14 16 8
8 10 4
4 7 26
13 14 8
10 12 23
1 2 9
18 19 22
21 23 21
5 7 17
1 3 19
4 7 24
18 19 21
3 5 1
9 11 19
5 8 15
23 2 6
18 19 14
23 1 25
11 13 22
8 9 24
10 12 12
9 12 2
4 7 30
10 12 9
10 12 11
23 1 29
11 14 19
16 18 18
0 1 27
15 15 30
17 19 6
9 13 12
15 15 2
9 11 12
20 21 8
1 4 13
18 21 25
11 14 3
3 4 7
18 21 1
0 2 15
9 11 30
4 4 12
21 0 6
0 3 9
17 18 5
20 23 20
8 10 30
1 4 5
11 14 7
1 2 17
0 2 13
0 2 2
18 20 3
18 18 27
9 10 29
8 9 28
19 22 23
2 4 26
17 19 26
10 13 30
19 21 10
1 2 28
18 21 11
0 4 15
14 15 27
12 16 22
14 16 28
7 8 3
0 2 18
3 5 7
7 9 17
4 6 30
23 3 12
18 21 22
11 13 9
0 1 22
19 22 2
14 15 1
3 4 28
2 3 10
1 4 3
0 3 30
4 5 22
6 7 20
5 6 21
4 6 14
16 18 14
16 20 18
2 4 26
4 5 29
5 8 15
6 7 8
8 10 26
10 11 18
19 20 25
12 14 5
23 2 21
17 21 29
17 21 10
2 4 29
10 13 21
8 10 20
17 20 15
5 7 9
3 4 17
0 4 28
10 11 28
16 17 11
15 17 7
10 11 12
16 18 29
23 1 12
7 9 21
13 15 25
11 13 24
7 8 19
2 4 28
9 11 3
9 10 23
3 3 26
2 1 12
0 1 16
5 6 3
18 20 23
9 9 14
7 8 30
15 18 18
9 12 16
17 18 10
18 20 22
15 16 18
18 21 10
5 8 14
20 21 14
0 1 15
2 4 8
1 2 23
6 7 1
15 17 14
9 12 6
2 4 15
20 0 20
3 4 16
3 4 1
19 21 4
8 11 17
3 5 25
9 10 6
9 11 26
7 11 14
9 11 10
17 20 14
4 5 25
17 20 11
1 3 12
19 21 8
15 17 22
19 21 7
9 11 19
15 18 14
17 19 5
9 10 27
21 23 22
22 1 16
16 15 5
21 22 14
12 13 27
9 11 10
19 21 9
12 13 29
14 16 30
9 10 9
12 16 9
21 0 21
19 21 17
4 5 11
22 1 28
17 18 1
8 11 1
0 1 7
14 17 13
10 12 24
9 11 27
22 2 5
2 3 13
1 4 9
23 1 27
3 6 18
18 19 22
22 23 2
2 7 28
7 10 13
14 15 19
3 6 2
23 0 2
3 3 29
13 16 20
14 15 2
4 6 8
20 21 23
11 15 5
19 22 20
11 13 18
3 3 25
17 18 7
5 6 6
20 23 2
10 11 21
2 4 3
0 1 2
20 21 16
20 23 26
19 21 1
9 11 20
15 17 20
7 9 24
23 2 5
23 1 23
3 6 15
20 21 7
5 5 12
12 14 23
3 6 27
8 8 14
6 9 14
23 2 9
2 2 16
15 16 19
20 20 14
11 14 25
23 2 24
16 18 2
8 11 5
20 23 16
23 1 20
3 6 9
22 23 15
15 15 15
6 9 5
10 13 16
2 5 19
2 3 4
23 1 18
14 17 18
12 12 4
2 4 26
17 18 29
3 4 12
7 10 3
12 15 11
17 20 17
11 11 30
21 22 18
15 17 8
1 2 1
4 5 19
4 6 6
21 1 30
10 13 8
13 16 24
0 4 12
17 18 4
5 8 17
23 2 4
20 21 29
10 12 12
14 15 26
22 0 7
5 7 27
1 3 11
17 19 18
15 17 25
6 8 1
0 2 14
8 10 18
7 9 30
7 10 16
13 12 12
2 3 18
5 5 18
13 14 30
21 0 9
10 12 14
2 5 10
9 11 21
11 11 10
11 13 14
22 2 17
6 7 18
23 3 21
12 14 8
4 5 21
4 6 23
14 16 9
19 21 13
7 8 13
3 4 25
12 17 4
0 2 2
9 9 10
0 3 13
19 21 17
13 14 10
20 21 4
6 8 25
14 17 15
5 6 6
9 12 4
11 14 21
16 19 13
15 19 17
9 10 30
11 12 15
21 1 28
20 23 28
21 21 13
20 23 14
12 13 13
14 17 14
9 10 22
6 8 28
0 1 26
7 7 26
3 6 12
1 3 22
6 7 10
23 1 8
18 20 19
14 16 1
1 4 27
21 22 4
3 5 19
23 1 8
7 7 2
10 15 29
19 20 30
19 21 13
16 19 30
19 21 29
6 8 23
0 1 3
0 2 16
16 18 30
8 10 28
1 3 14
16 20 10
4 6 27
12 13 5
5 8 24
16 18 19
23 0 9
6 8 22
21 22 4
16 17 11
5 7 20
23 2 18
7 9 18
14 17 15
2 6 22
23 1 9
13 15 1
23 0 13
14 16 22
13 17 13
10 11 3
4 5 28
6 8 11
21 21 23
15 18 27
20 21 23
19 21 17
21 22 22
19 20 12
8 11 22
20 21 1
3 5 17
20 22 24
8 10 10
18 19 22
4 6 7
0 0 30
16 18 28
18 21 29
14 15 10
18 18 30
10 13 28
22 0 21
12 13 1
20 22 12
11 10 20
23 1 5
9 12 7
7 9 9
2 2 18
19 22 29
16 19 10
6 10 17
14 16 7
2 6 14
11 13 13
4 5 13
7 8 24
14 15 29
23 1 14
23 0 17
15 17 24
1 3 16
5 7 28
7 8 16
17 18 10
19 23 22
1 3 4
2 4 21
7 9 22
21 1 18
11 14 9
0 3 4
13 16 16
2 4 20
1 2 23
17 19 21
15 16 3
16 19 26
2 4 7
21 0 30
5 6 11
0 0 19
7 9 10
13 16 22
8 11 21
0 2 17
15 17 18
17 19 27
21 0 1
21 23 4
20 22 27
20 22 30
12 14 1
8 9 3
13 14 3
3 7 17
22 0 22
2 4 17
0 1 16
20 20 14
14 15 2
12 13 11
19 20 27
1 2 11
23 3 30
23 1 7
12 15 21
11 13 25
13 15 22
13 16 19
11 12 30
19 21 18
18 21 23
16 18 23
17 19 29
17 19 5
6 9 21
0 3 2
19 20 1
13 16 22
16 17 5
6 7 14
0 1 8
5 7 4
6 8 1
12 14 10
19 20 22
6 8 12
13 14 27
17 19 26
23 1 2
21 23 19
2 4 27
8 10 6
19 21 20
20 20 14
8 10 24
9 12 5
12 13 24
23 1 12
14 16 16
2 4 5
9 12 18
20 20 6
9 10 21
7 11 13
9 11 28
10 11 5
19 21 26
3 7 30
15 18 14
1 2 24
12 14 21
15 16 8
22 0 9
11 13 5
20 23 12
14 16 30
12 15 25
2 4 11
10 13 29
1 2 22
16 18 26
16 20 21
12 13 6
4 6 27
3 5 12
16 17 7
5 6 5
18 20 9
1 4 9
13 15 5
11 15 9
16 16 29
20 20 9
6 8 22
6 6 27
15 18 29
2 3 29
17 20 20
21 22 18
22 0 19
8 10 11
22 2 17
15 16 19
14 17 10
21 23 19
18 20 26
15 17 18
22 0 5
17 19 28
21 22 11
1 5 16
6 8 23
21 1 19
9 11 13
17 19 10
15 16 18
22 23 8
5 8 3
22 0 16
20 21 25
22 0 28
5 7 15
4 7 11
4 7 15
20 22 7
13 14 10
16 18 3
10 12 11
16 20 6
17 18 16
12 15 1
0 2 16
14 18 18
9 11 2
18 18 2
18 20 21
7 9 22
12 15 4
19 21 3
1 3 17
7 9 23
2 5 30
7 11 9
13 14 24
19 20 12
23 1 29
23 2 2
22 2 14
22 1 15
7 8 2
2 3 28
3 3 4
12 13 2
21 0 16
11 14 21
6 6 30
17 21 9
1 3 24
18 19 9
17 19 4
5 6 11
8 9 19
23 23 7
13 15 23
23 1 17
9 9 21
9 13 17
19 20 20
8 9 12
22 1 28
4 4 25
12 14 23
14 17 7
2 3 9
6 7 11
2 4 15
13 14 7
9 11 1
