3180 30
23 29 17 26 4 1 15 15 27 11 2 13 1 21 12 14 17 6 28 4 17 23 16 27 26 30 6 9 22 15 
12 16 9
7 8 17
19 22 15
7 10 5
2 3 15
19 21 23
18 20 16
11 13 18
14 16 24
4 5 12
6 7 18
23 0 26
7 9 17
11 12 11
13 16 22
5 7 25
23 0 13
10 11 6
0 3 24
1 4 10
18 22 8
16 18 22
15 17 21
16 17 3
11 14 5
5 8 5
9 13 29
6 9 7
12 12 19
4 4 25
17 21 9
1 3 11
3 4 10
16 17 7
18 22 23
6 8 27
10 13 1
21 21 1
12 15 29
4 5 13
22 0 7
13 15 13
3 3 5
6 9 20
18 21 30
14 16 9
3 6 29
0 4 16
8 10 24
17 20 29
2 3 17
5 7 25
17 19 16
17 20 3
8 10 14
15 17 7
1 3 22
22 0 10
2 2 20
15 17 30
18 20 10
5 5 5
18 20 23
14 14 28
5 8 28
12 11 23
16 19 21
18 20 21
10 12 8
11 13 1
5 8 4
22 1 3
23 1 29
19 23 3
1 2 27
7 8 6
20 23 21
5 6 10
12 14 19
11 13 7
20 22 8
11 13 11
10 13 30
2 3 14
23 23 6
13 15 24
11 11 1
20 20 10
7 9 27
20 22 7
20 21 21
16 18 5
16 18 20
11 13 7
7 9 22
3 8 1
10 12 28
0 0 22
17 20 9
1 3 26
6 7 14
10 10 28
17 20 15
0 2 7
19 22 5
11 13 28
16 18 22
3 4 14
4 7 7
16 17 30
19 22 3
16 18 1
4 7 11
17 18 5
21 22 11
9 11 19
19 21 25
13 14 29
17 18 1
22 23 30
15 18 2
6 8 29
20 22 26
0 4 29
4 7 16
23 2 12
7 9 12
21 22 3
13 16 1
17 19 14
17 15 3
0 2 21
9 11 10
4 6 2
16 18 10
12 13 11
7 8 16
23 23 4
5 8 30
22 23 14
0 3 18
11 14 2
2 4 25
7 11 20
3 5 23
19 21 28
22 0 7
1 3 20
12 13 1
20 22 20
17 18 25
18 19 2
9 11 30
14 17 14
13 14 7
21 0 7
4 7 16
9 11 11
20 21 13
22 0 5
20 23 7
22 0 28
3 5 22
8 10 26
7 10 2
20 21 3
4 7 28
3 4 6
14 17 21
19 22 9
1 2 7
1 3 7
5 7 5
10 12 12
9 11 13
5 8 28
9 10 10
2 5 22
14 15 5
3 5 11
20 21 23
19 21 30
11 13 1
0 0 26
9 11 26
22 23 25
9 11 22
21 0 16
8 11 18
19 21 3
17 20 5
8 9 24
18 20 13
17 20 28
22 0 26
18 20 6
14 16 3
6 6 4
9 12 5
15 17 28
5 6 24
9 12 22
21 0 25
7 8 10
23 3 10
12 15 18
1 4 24
1 3 1
10 13 4
13 15 6
9 10 16
3 6 26
13 16 14
14 17 2
18 19 2
4 5 1
15 16 13
10 11 26
1 2 9
1 3 3
5 8 9
9 12 22
22 1 5
4 7 19
22 1 5
21 22 14
12 12 9
16 18 13
7 7 25
18 18 13
14 15 4
23 2 20
17 20 4
12 14 14
18 19 15
10 10 30
10 13 19
7 8 22
23 0 6
7 10 5
11 12 16
4 8 20
9 9 23
1 5 21
10 11 18
10 12 10
4 6 28
16 17 13
22 0 15
9 10 26
15 17 3
9 11 27
9 11 22
2 4 19
8 10 25
14 17 24
15 17 1
6 8 30
8 10 8
18 21 1
3 6 25
6 7 21
23 2 9
10 12 25
16 17 19
23 23 11
9 12 20
8 9 6
18 20 14
12 14 3
18 20 23
0 2 20
22 1 25
14 17 26
23 1 3
13 14 27
16 19 7
23 1 16
11 14 27
9 12 17
22 1 24
8 11 21
23 2 27
1 5 18
14 16 30
6 7 8
7 9 16
20 23 17
11 13 19
18 21 7
16 17 28
19 23 15
23 2 25
16 17 28
23 0 10
2 5 13
10 14 17
12 15 20
16 18 17
13 16 12
7 12 9
6 7 16
0 1 19
10 11 21
1 5 19
11 13 12
15 16 29
9 12 18
0 2 21
2 4 29
20 21 26
17 19 29
13 17 22
17 20 7
3 4 20
7 10 22
13 14 18
19 22 19
7 8 6
20 22 10
15 18 29
11 11 17
15 17 28
7 8 14
6 7 7
23 2 13
21 0 3
8 9 7
22 0 24
4 5 8
13 15 4
21 0 2
4 4 17
22 0 16
3 4 17
0 2 29
17 19 5
17 18 17
4 7 8
9 11 24
17 20 8
12 16 8
21 0 3
7 12 15
23 1 28
8 9 11
20 22 4
21 22 16
5 7 15
2 5 19
1 2 18
12 16 13
5 6 16
15 18 6
3 5 2
5 7 29
12 14 4
21 23 15
11 14 29
13 16 13
14 15 1
19 19 15
8 11 24
20 21 6
19 20 23
7 9 2
22 1 3
21 0 14
16 19 2
15 17 18
5 8 8
8 10 23
2 4 12
8 9 16
7 8 2
13 14 24
14 16 8
15 18 15
0 2 27
13 14 2
17 18 5
8 12 3
0 3 23
13 16 30
5 7 19
10 12 4
20 23 29
18 20 23
14 16 28
3 4 25
23 1 12
5 7 27
21 23 21
4 6 22
8 11 5
1 3 23
11 14 21
20 23 20
20 21 11
9 10 26
10 10 22
15 17 21
9 11 28
5 8 27
4 5 7
11 13 1
0 2 28
8 9 1
10 13 28
17 19 1
16 20 5
8 10 1
12 13 14
23 1 1
8 10 15
14 16 14
20 21 25
19 21 5
12 14 17
8 10 5
21 23 19
21 23 20
10 11 4
6 8 26
3 4 30
9 11 21
6 8 5
16 19 24
21 21 24
7 9 1
12 13 29
14 15 13
10 10 25
4 6 29
21 0 23
9 12 7
9 11 10
0 2 27
16 19 26
14 16 5
11 13 11
4 6 16
6 7 25
6 8 6
21 23 30
13 14 16
11 11 26
23 1 16
7 9 29
10 13 8
3 4 22
6 7 25
4 6 10
21 23 2
3 5 27
14 17 27
21 22 19
23 2 25
13 15 3
4 6 4
23 1 8
17 18 24
22 0 27
10 14 28
4 7 13
7 7 18
13 15 20
5 7 2
16 16 4
23 1 7
19 19 10
1 5 15
17 19 27
1 3 19
13 14 13
19 21 14
23 1 6
11 13 21
22 0 9
5 10 21
15 19 26
23 1 20
9 11 26
18 21 29
1 5 11
7 9 18
1 4 1
4 7 29
13 15 15
0 1 11
15 15 26
20 22 23
17 19 10
16 19 11
15 17 27
7 10 17
1 3 5
11 14 5
19 22 7
1 2 22
10 14 29
15 19 26
0 2 13
23 2 23
14 16 1
4 6 4
5 9 15
22 1 21
19 21 2
3 4 11
6 7 12
11 12 6
9 12 21
21 0 19
9 10 2
0 2 15
3 5 12
16 18 16
18 17 28
1 2 30
7 9 12
13 15 4
13 14 3
2 2 15
22 23 9
1 4 12
3 6 23
2 3 12
0 1 28
10 10 2
17 21 10
12 14 20
13 14 9
23 2 18
16 20 18
22 0 6
15 16 7
10 12 29
12 14 19
20 22 19
23 23 9
1 2 11
12 14 19
22 1 12
21 23 1
11 15 10
15 16 16
4 6 4
21 23 21
7 9 29
20 22 7
1 2 27
3 5 16
4 6 21
22 23 3
0 2 16
8 10 8
6 8 13
9 11 8
13 15 27
10 13 21
18 20 16
19 21 11
9 11 17
21 23 14
20 19 30
8 11 23
18 19 11
18 21 16
3 5 20
18 20 22
6 8 13
8 10 5
16 18 16
21 23 19
9 12 16
21 23 10
5 8 23
16 18 20
13 16 23
19 19 28
22 1 3
6 7 22
17 19 2
21 22 25
1 1 23
21 0 18
2 4 11
17 19 21
4 7 25
4 7 29
13 17 22
12 13 7
10 13 23
11 14 3
0 0 17
2 3 1
14 17 18
3 3 16
4 7 30
20 23 1
5 7 1
5 8 18
17 19 25
9 12 5
11 13 1
21 22 17
18 20 26
7 12 3
13 16 5
12 12 14
0 2 30
15 14 17
11 15 22
3 5 25
19 22 11
15 17 26
6 10 23
18 20 28
20 22 14
23 0 23
1 2 24
13 12 5
8 9 28
16 17 1
23 0 15
8 10 15
8 9 14
17 19 12
13 14 14
22 23 17
19 20 9
5 7 12
4 6 14
16 17 19
13 14 26
21 1 23
6 9 29
14 16 20
16 17 17
2 4 30
2 3 25
1 2 9
2 4 16
13 16 18
10 12 2
21 23 10
20 21 14
2 6 20
1 3 17
17 18 28
2 3 7
20 20 21
19 20 25
5 5 23
23 23 8
15 17 21
19 21 17
13 15 21
19 22 10
14 16 18
9 9 14
16 19 25
2 3 13
6 8 28
21 23 15
6 9 3
17 20 29
9 10 19
0 2 15
5 7 19
9 12 15
5 7 30
5 7 22
20 23 6
7 7 4
3 5 3
15 16 30
4 5 29
10 12 16
5 6 27
14 15 8
11 14 7
11 12 16
3 5 30
2 4 8
23 1 19
16 18 11
2 3 25
20 20 28
6 9 29
12 12 17
20 23 6
5 6 1
9 10 11
12 14 18
17 19 15
20 21 21
5 5 16
2 2 4
6 9 21
7 8 6
11 12 13
3 7 2
18 20 2
20 21 7
0 1 8
15 18 16
14 17 9
23 1 23
9 11 3
21 23 13
8 12 10
9 11 22
12 14 4
19 20 1
14 16 11
18 20 13
21 22 15
6 8 10
17 18 24
5 7 2
20 22 30
16 19 27
10 12 17
20 22 8
12 14 7
13 16 11
11 14 17
2 3 4
22 1 1
22 1 23
0 3 19
8 10 16
17 19 16
11 13 11
22 1 19
8 10 30
21 23 21
10 11 28
18 21 7
13 17 19
17 18 10
14 16 15
6 9 13
23 1 1
20 21 29
15 18 21
9 10 11
5 7 13
0 3 21
19 20 11
18 21 21
9 11 7
4 6 7
2 5 5
2 4 14
19 21 28
18 21 9
23 1 7
9 12 30
22 1 21
2 3 2
14 16 28
13 15 4
12 13 22
21 23 20
19 21 28
2 4 8
8 9 4
7 8 29
22 23 7
19 21 7
21 0 6
4 3 9
18 21 5
3 6 23
11 13 14
1 3 15
18 20 2
1 4 22
14 15 4
2 4 26
11 12 21
19 21 19
1 3 25
14 17 26
10 11 26
1 3 18
10 11 16
11 13 28
7 10 20
18 22 3
15 18 27
16 18 6
21 0 18
23 23 17
12 13 26
14 17 2
13 17 27
6 9 16
16 18 21
13 15 8
7 11 1
16 19 2
17 19 20
7 9 15
18 20 20
9 12 19
16 18 16
11 14 21
17 20 12
16 16 22
21 0 10
20 21 13
23 1 24
11 11 3
12 15 3
11 12 11
11 13 15
11 13 6
16 17 27
10 10 21
5 6 19
6 10 20
1 3 20
7 9 11
11 12 7
1 3 1
11 12 7
1 3 19
11 13 4
3 7 7
4 5 3
7 10 7
15 17 9
23 2 7
9 11 16
20 23 1
14 16 2
11 13 27
16 19 30
5 6 26
20 0 19
19 21 16
11 13 20
17 19 19
4 7 10
4 6 25
17 19 15
10 11 6
19 22 13
0 1 21
6 7 24
5 7 18
21 23 23
17 19 12
6 6 22
13 14 18
12 14 18
14 15 18
17 17 15
5 6 15
23 2 16
10 13 19
23 1 22
1 3 6
21 23 18
5 7 20
22 0 20
8 10 26
10 13 15
9 10 17
8 10 8
6 8 27
17 19 27
7 9 13
23 0 18
16 18 12
23 2 6
4 6 8
10 13 11
3 5 3
14 17 29
9 10 3
2 4 20
17 18 9
16 19 6
1 3 25
6 8 8
12 14 10
5 7 22
12 13 28
23 23 26
5 7 21
6 9 18
22 23 19
19 19 30
17 18 2
7 9 19
20 23 11
9 11 28
11 12 26
1 2 2
5 7 12
8 11 25
21 0 18
11 14 26
23 1 7
8 10 18
23 1 30
6 7 1
9 10 8
18 20 20
12 15 19
19 23 23
0 2 22
6 9 6
2 3 21
22 0 18
22 0 9
20 23 13
23 2 9
6 7 11
5 8 6
8 10 17
14 16 25
16 20 28
6 7 1
18 20 12
20 0 16
9 11 24
22 0 22
13 15 26
7 9 1
21 23 18
19 21 20
8 11 2
20 20 19
14 17 29
7 10 29
17 19 15
18 19 11
11 13 15
10 11 16
3 5 7
19 21 26
8 10 16
6 9 3
14 16 22
0 3 6
10 12 11
6 8 4
15 18 7
10 12 24
11 13 16
5 7 8
11 12 16
10 13 23
1 1 9
8 11 7
21 22 30
21 0 12
20 23 10
12 13 15
12 14 8
17 20 7
5 7 19
1 3 9
1 4 4
21 23 23
1 2 12
17 19 23
4 5 19
7 8 25
1 1 24
18 21 15
8 9 15
4 7 13
3 5 4
18 21 25
18 23 20
5 8 21
1 3 25
6 10 25
22 0 4
15 18 11
0 2 6
16 18 3
1 2 1
0 2 5
12 13 22
11 13 24
0 3 20
18 21 11
1 1 17
6 8 8
18 20 3
6 9 13
0 3 19
6 9 29
4 5 4
10 13 8
2 5 24
1 2 12
1 3 28
22 0 2
15 17 17
7 9 2
21 0 8
17 19 23
17 18 26
7 7 16
2 4 28
8 10 11
3 6 22
0 1 8
15 19 8
22 1 3
19 21 21
7 11 1
11 14 1
6 8 27
15 17 23
8 11 26
1 4 20
8 11 15
1 5 20
20 21 17
21 0 3
5 6 27
7 8 22
1 3 21
8 9 10
1 4 14
12 15 20
12 14 1
22 23 13
4 6 10
16 17 8
11 11 25
4 8 11
16 17 23
10 13 9
18 19 4
1 4 10
12 12 8
15 17 9
20 21 9
1 4 30
2 5 14
12 13 7
9 11 24
2 5 12
1 3 19
21 23 17
13 12 8
12 14 15
10 13 24
4 6 9
4 6 6
21 23 22
0 4 17
9 9 23
11 14 12
23 3 20
18 21 10
8 11 27
21 23 5
11 13 19
12 15 16
6 8 19
1 3 4
0 2 26
15 17 6
22 23 3
14 16 4
4 5 7
20 22 15
23 0 10
2 5 15
8 8 30
7 9 6
13 15 10
0 3 9
12 16 2
22 1 7
5 7 4
21 23 2
15 14 14
23 23 2
4 7 30
14 16 10
16 18 11
1 4 23
20 21 5
4 6 15
5 6 6
3 4 25
20 22 27
18 21 3
7 8 26
13 15 26
4 7 8
0 3 6
14 16 5
6 7 20
18 19 1
10 11 27
11 14 25
23 1 2
7 9 27
5 7 3
3 5 25
12 13 20
0 2 19
15 19 14
16 19 27
20 21 14
20 23 6
5 5 30
15 16 18
4 6 13
14 16 26
14 17 23
11 11 16
12 14 1
9 11 26
1 3 3
1 4 2
1 2 23
13 15 30
17 20 11
20 23 1
12 13 25
19 22 15
16 17 16
13 15 16
3 5 20
16 19 26
17 19 1
17 19 22
8 11 2
10 10 16
5 7 5
20 20 6
14 17 10
22 22 29
6 10 5
20 23 23
18 21 3
2 4 28
18 20 16
5 7 25
13 17 14
14 17 16
2 2 10
3 6 28
1 2 2
21 23 25
18 19 18
21 22 3
19 20 27
8 10 1
20 21 30
16 18 7
7 9 17
20 22 6
11 14 24
0 3 23
17 19 4
10 13 1
6 9 25
6 7 23
9 12 5
11 13 24
4 5 17
13 15 2
10 12 30
17 19 11
13 15 8
22 0 1
22 0 10
12 15 15
19 20 20
11 14 30
2 5 19
2 3 23
23 1 24
19 18 7
10 12 18
10 12 12
19 20 7
3 5 30
17 21 19
18 20 29
10 12 6
5 7 8
7 10 10
12 14 28
0 3 22
13 17 17
22 0 25
4 5 30
20 22 3
12 15 10
9 12 9
8 10 2
1 5 15
6 11 27
0 3 25
11 14 13
1 4 20
15 17 1
8 11 16
17 18 15
3 6 7
18 19 5
15 17 22
21 0 22
1 2 21
0 3 8
13 16 28
7 9 16
12 14 19
2 2 29
22 23 13
4 5 21
21 22 13
2 4 7
20 1 15
13 14 20
18 21 13
17 18 23
21 23 8
1 2 5
23 2 3
3 6 18
13 14 13
14 15 2
0 2 23
0 2 13
1 3 30
6 8 12
4 5 20
8 12 10
10 10 30
20 22 24
8 10 18
14 14 25
18 20 24
23 23 24
8 9 9
17 17 5
4 4 9
23 1 19
6 7 19
14 14 2
14 15 25
12 16 27
0 3 6
17 18 22
6 7 19
11 12 20
7 9 29
4 5 16
23 1 30
4 6 21
20 20 24
16 17 20
20 21 27
5 8 13
17 18 3
2 4 23
6 9 8
5 9 1
22 0 14
10 13 6
18 17 29
22 2 21
9 13 20
19 23 23
15 17 4
7 8 1
18 20 30
16 18 20
19 20 10
14 15 16
6 8 27
11 12 4
2 4 4
6 8 16
19 21 5
21 22 24
4 6 9
4 7 20
19 20 30
6 8 11
22 1 29
10 13 19
5 8 27
20 22 20
11 12 29
22 23 28
10 11 1
13 14 26
15 15 18
2 3 28
18 20 30
16 20 28
9 12 30
9 10 16
23 1 13
9 9 18
21 1 10
6 7 17
23 2 9
5 8 8
2 4 1
16 17 14
0 3 5
23 2 25
23 3 16
2 2 14
23 1 13
15 18 18
10 11 15
16 17 2
4 6 4
5 7 18
5 8 6
7 8 7
8 10 12
2 6 3
9 14 30
10 13 23
19 21 17
20 23 29
4 6 16
18 19 11
3 6 9
3 6 12
2 5 19
2 4 14
12 15 17
17 18 27
9 10 9
10 11 1
4 6 11
8 11 17
0 2 15
23 2 17
6 7 22
18 18 19
23 0 1
18 20 27
18 22 9
19 19 8
8 11 15
20 21 15
16 17 6
17 18 18
5 7 5
3 4 26
16 17 1
6 8 4
2 4 3
9 12 18
15 16 21
16 20 16
8 11 6
2 4 21
10 12 30
18 19 13
20 0 17
2 3 18
7 9 10
5 7 24
5 7 27
5 7 11
12 13 12
19 19 10
13 16 1
1 3 10
18 20 10
14 16 15
18 21 8
14 16 21
10 11 12
12 16 27
18 19 18
21 23 21
12 14 17
14 18 2
6 9 28
17 18 15
23 2 4
7 11 12
5 7 23
23 0 14
0 2 28
21 22 8
5 5 4
3 6 28
2 5 10
19 20 19
8 8 8
11 13 25
17 18 14
12 13 5
11 13 25
16 19 3
16 17 9
15 17 7
11 12 15
22 22 22
11 13 4
19 22 17
8 10 14
22 1 10
9 11 8
21 1 6
8 9 28
4 6 8
19 21 11
1 2 15
8 9 8
8 10 17
15 16 30
20 21 8
13 14 12
7 8 30
2 3 30
2 3 19
18 18 13
15 17 15
6 9 19
12 15 17
16 17 1
20 23 20
4 4 29
0 1 24
16 16 27
16 18 20
8 9 12
3 4 11
13 16 21
16 18 6
6 8 7
4 7 3
14 16 7
2 2 6
2 2 21
20 0 23
5 9 15
6 7 10
6 7 14
21 23 25
4 7 9
23 0 16
19 20 18
1 4 6
18 17 10
15 18 14
18 18 2
19 23 26
2 5 20
2 5 4
2 4 17
14 15 16
20 23 14
4 6 18
12 14 17
12 15 29
12 14 14
4 7 16
4 9 29
15 18 7
17 20 18
0 3 9
0 3 4
1 3 9
13 14 16
22 1 14
8 9 14
3 4 20
15 15 1
14 16 25
4 6 26
14 18 20
16 19 17
10 13 23
11 13 18
1 3 9
4 5 27
3 3 13
19 20 24
20 23 4
5 9 27
15 17 1
15 19 16
3 4 12
10 12 2
9 11 14
20 22 27
14 17 30
13 14 5
16 18 13
3 6 10
6 8 21
2 4 17
22 0 15
16 18 18
21 23 25
6 9 20
16 18 23
10 13 3
5 7 12
21 0 28
12 13 19
13 16 8
14 16 27
17 19 11
12 14 30
8 10 15
17 17 12
23 0 27
5 6 10
17 18 27
22 0 2
3 4 6
20 22 23
19 21 10
7 7 28
1 3 10
7 10 13
5 5 12
16 19 2
1 5 22
11 12 4
0 1 4
4 6 27
6 8 18
20 0 11
9 10 10
20 19 18
21 22 8
20 0 26
15 17 21
13 13 8
3 6 18
5 7 25
4 8 24
18 20 26
1 2 10
0 3 22
21 22 23
6 8 23
0 3 14
7 9 4
12 13 10
4 6 12
22 0 21
4 6 15
2 4 7
20 0 16
0 4 17
5 6 11
1 2 28
16 18 10
4 4 3
16 18 29
9 10 27
10 11 1
8 11 22
12 14 30
15 17 5
14 16 30
5 5 5
20 20 7
23 3 11
21 23 24
15 16 9
4 6 26
3 4 6
3 3 13
21 23 8
4 6 30
3 5 2
7 9 25
3 4 2
11 15 12
0 1 1
19 21 10
9 12 15
8 11 8
20 20 16
3 5 15
9 11 6
11 12 8
10 13 14
2 4 28
6 8 12
3 4 29
13 14 12
14 18 25
19 19 26
2 5 21
3 2 5
15 17 2
19 21 4
4 4 3
7 10 28
14 15 12
16 18 30
20 21 11
2 3 16
4 8 2
14 17 12
18 18 9
7 8 22
9 10 21
9 10 4
11 13 16
20 23 7
21 0 16
14 14 1
0 2 11
6 9 23
16 17 21
10 12 5
19 20 10
18 19 3
20 21 10
13 16 7
20 22 18
18 20 16
0 2 12
15 17 30
18 20 3
5 6 12
3 5 14
1 3 30
2 3 10
19 23 8
20 23 26
13 15 27
22 1 27
2 3 24
20 23 15
0 2 7
13 16 6
1 3 10
21 22 13
12 14 25
13 17 2
23 2 22
23 1 18
4 6 2
6 10 14
11 14 22
11 13 2
9 12 3
20 22 2
9 10 15
19 21 27
23 0 27
17 20 8
19 21 12
9 11 20
12 15 18
21 0 19
6 9 29
22 23 27
12 14 4
4 9 9
20 23 10
12 13 19
5 7 14
4 4 4
13 17 29
14 14 11
10 12 6
20 21 24
23 0 28
14 15 20
19 21 23
5 8 14
0 2 25
9 10 8
23 1 2
20 21 14
4 6 27
5 8 20
12 15 24
20 21 22
6 9 29
2 4 21
15 17 10
0 2 4
6 8 21
20 1 28
21 23 30
14 15 14
12 13 3
4 5 20
0 3 18
9 11 6
17 20 17
22 23 20
15 17 9
19 21 14
6 8 24
17 18 25
10 11 6
6 9 26
12 13 6
17 18 13
17 20 1
6 9 8
18 21 22
13 16 18
22 1 7
20 0 9
17 17 11
1 3 23
10 14 21
7 7 5
22 23 6
5 8 9
14 18 4
4 8 23
4 6 9
12 13 26
13 14 17
14 15 30
13 15 10
23 2 20
8 11 16
5 6 23
5 7 11
15 17 8
16 19 1
5 9 22
1 3 22
1 3 21
18 20 13
18 21 19
18 18 28
13 14 14
4 6 24
9 12 3
20 23 22
8 11 2
4 6 8
0 3 17
7 9 22
6 7 18
14 17 22
7 8 21
2 5 12
13 16 22
16 19 23
19 22 12
4 6 19
17 20 2
14 15 8
20 22 15
15 18 20
19 22 27
20 22 13
17 19 12
1 3 10
4 7 16
7 9 14
11 12 2
0 1 15
16 19 23
1 2 1
9 11 25
2 3 11
16 18 19
1 4 5
10 10 19
5 8 22
22 0 16
3 4 20
11 13 22
16 18 27
1 3 27
18 20 7
22 1 2
20 22 5
23 0 18
21 22 23
11 14 23
22 22 21
6 9 18
9 11 14
8 10 10
20 22 6
16 19 14
12 14 8
11 13 10
9 11 23
22 23 29
19 21 19
4 6 18
20 21 13
17 17 17
8 11 17
3 5 25
23 1 21
19 21 25
0 3 12
20 23 29
17 19 15
2 4 22
9 11 12
12 14 28
14 15 20
5 6 14
3 4 2
21 23 10
22 23 10
13 15 26
8 9 22
7 10 23
4 6 7
11 13 2
12 13 8
3 6 13
20 21 26
19 21 22
11 11 3
15 17 15
16 18 27
4 4 19
22 1 8
13 15 4
21 0 13
20 22 12
19 20 24
18 20 24
0 3 22
4 7 13
18 19 4
3 6 10
11 14 21
3 5 30
23 1 11
17 19 24
20 23 7
6 7 5
10 13 15
18 21 19
10 11 24
1 4 16
21 23 26
2 5 10
22 0 16
15 14 9
3 6 11
17 18 12
0 2 22
6 10 3
21 0 27
7 10 24
12 13 22
14 16 26
22 0 4
10 10 28
13 15 17
3 7 27
17 16 22
5 7 27
20 22 17
12 15 19
6 10 28
3 5 8
23 1 15
11 12 1
7 9 2
4 6 15
7 11 30
1 3 25
2 4 10
6 8 1
6 8 12
23 23 19
14 15 26
10 12 20
7 10 7
13 14 29
11 13 22
22 2 26
17 19 19
21 21 4
20 21 4
12 14 18
0 1 27
3 6 17
17 19 4
21 0 10
8 11 16
8 10 18
13 15 24
3 6 4
19 23 4
5 8 17
19 21 8
20 22 17
9 11 7
5 8 25
13 14 15
8 12 11
10 13 13
1 3 2
6 8 12
19 20 15
6 10 12
3 4 28
7 10 15
16 18 26
20 22 21
13 18 13
17 17 7
6 7 18
18 20 20
21 22 11
15 17 19
23 0 13
8 8 25
2 5 23
9 12 14
17 17 1
6 9 28
21 23 29
5 7 6
14 15 20
15 16 17
8 10 3
22 22 2
17 19 17
9 11 18
15 18 8
1 2 16
12 13 20
16 18 26
23 1 17
11 14 2
10 12 3
8 10 23
5 9 15
5 7 14
10 12 23
12 14 11
18 19 10
0 2 25
14 16 4
12 13 10
17 17 17
3 4 16
18 20 16
7 8 13
18 20 13
17 18 5
4 4 7
4 5 5
2 4 3
18 20 30
23 2 21
23 2 11
11 13 5
14 18 21
1 1 20
3 3 20
3 6 21
5 7 8
11 15 5
7 9 7
20 21 17
0 2 15
6 6 7
6 6 17
9 11 12
13 15 1
2 4 12
15 17 16
14 17 11
3 5 19
16 17 1
15 19 12
18 20 8
20 22 27
14 16 18
3 6 22
23 3 17
14 17 12
9 11 21
13 14 28
17 19 9
23 0 23
22 0 5
17 18 3
12 13 28
11 12 1
18 21 27
3 5 25
6 8 2
1 3 3
3 5 23
3 4 28
0 2 11
21 2 9
3 5 3
10 13 20
15 18 2
6 7 23
23 1 6
4 6 20
19 21 15
20 22 23
6 8 20
21 0 28
8 10 7
0 2 24
13 14 1
0 3 22
12 13 16
13 16 20
9 11 12
7 9 4
21 22 5
10 12 3
7 9 16
23 23 8
7 9 4
23 1 10
15 16 5
7 8 21
22 1 12
14 17 6
6 6 14
16 18 16
17 18 3
8 11 25
7 11 6
6 6 17
14 16 6
16 19 4
2 3 29
0 1 23
5 9 17
5 7 20
5 8 13
19 20 5
3 6 19
18 21 25
14 16 5
10 11 15
0 2 18
18 21 14
7 9 17
3 8 18
21 22 28
15 16 21
1 3 13
15 15 2
5 7 6
21 22 11
13 15 3
15 17 6
10 14 3
8 8 13
9 12 13
6 8 27
20 21 1
6 7 14
18 18 25
10 13 18
2 4 18
5 6 21
8 11 20
3 6 17
22 23 10
4 8 18
16 19 25
7 10 28
2 2 8
3 4 2
21 23 19
15 18 22
0 1 28
18 19 9
3 5 21
7 7 15
3 5 20
8 11 14
23 0 18
4 7 12
21 0 4
2 4 16
19 21 7
16 17 28
16 18 19
15 19 9
3 4 12
5 7 26
11 15 13
1 3 23
2 5 2
4 7 5
19 21 27
14 16 24
7 7 16
16 18 8
15 13 24
23 2 16
18 21 4
12 14 3
10 11 3
3 6 10
11 12 23
1 4 29
2 4 10
0 3 12
10 12 24
19 22 12
7 8 1
20 22 18
11 13 21
3 5 21
15 18 27
8 9 12
7 9 30
9 11 5
15 15 8
9 12 19
12 16 4
3 4 22
6 9 20
4 6 30
3 5 22
22 1 11
2 2 9
7 10 23
8 9 8
4 7 24
19 21 3
4 5 3
7 9 21
8 10 8
19 19 16
14 15 20
10 13 11
5 7 24
9 11 19
0 1 9
11 12 30
16 19 27
19 23 6
10 12 12
12 14 9
1 4 29
3 5 25
3 6 10
11 11 20
6 7 20
17 19 12
12 14 14
4 5 6
18 19 2
0 3 8
3 4 22
23 0 21
10 12 27
16 17 4
20 23 17
10 11 14
21 22 7
17 19 17
11 14 13
9 10 9
15 16 1
21 0 5
15 16 1
8 10 8
9 12 30
6 8 10
23 1 17
11 11 9
0 1 19
13 15 5
6 7 9
2 3 22
23 1 14
22 2 16
12 15 16
3 6 9
18 21 1
4 5 28
14 17 30
2 5 25
11 15 2
19 20 22
7 9 15
15 18 15
1 2 8
10 11 19
19 20 19
13 15 28
13 15 29
13 16 9
15 17 3
2 4 16
4 5 28
7 10 8
8 10 25
16 17 7
23 1 8
14 15 29
10 11 10
11 14 11
6 8 1
12 13 4
3 4 21
4 5 12
6 7 22
11 12 24
14 15 18
13 14 27
6 7 4
13 16 25
16 19 22
20 23 22
22 1 25
14 18 6
12 13 6
3 6 17
17 19 14
16 18 11
9 11 4
12 13 22
5 6 29
10 12 8
19 22 19
1 2 6
14 18 11
0 0 8
20 21 21
2 3 23
8 11 15
6 9 26
11 13 9
16 16 28
5 8 14
6 9 25
16 18 17
10 11 21
6 9 1
21 22 25
10 12 26
21 0 1
20 23 22
21 23 23
17 19 8
4 7 5
20 22 22
16 17 15
3 4 13
19 22 12
8 11 16
11 9 28
2 4 27
23 1 20
15 17 11
22 1 10
4 6 17
2 4 9
21 0 4
12 13 1
20 22 16
14 15 13
16 19 14
7 9 3
3 8 20
5 7 19
11 12 23
9 12 25
10 11 13
7 9 9
2 4 27
22 23 9
18 19 15
19 23 8
4 6 9
15 19 13
10 12 7
23 0 9
14 14 8
13 15 10
5 7 2
22 0 4
15 18 23
6 8 13
12 14 14
5 8 30
19 0 19
13 17 19
1 4 1
8 11 29
20 20 27
23 2 16
20 23 24
20 21 14
8 9 7
21 22 5
21 23 26
13 15 19
18 20 28
17 18 18
3 5 6
23 0 20
23 2 14
21 23 20
1 3 19
4 5 2
17 19 27
3 5 19
2 6 28
20 21 13
23 2 2
20 0 6
19 23 27
10 13 22
14 16 7
13 15 20
10 13 25
10 13 14
11 13 30
15 18 13
0 3 23
0 4 1
9 10 23
6 9 14
14 16 15
0 3 15
15 17 26
20 22 23
4 5 25
20 23 28
2 3 26
9 11 27
5 7 23
18 21 12
21 21 2
10 9 29
17 18 10
15 17 16
14 14 10
12 13 25
7 8 5
7 9 21
21 22 1
3 4 23
2 5 6
13 14 11
6 9 16
10 10 27
19 20 11
19 20 21
17 18 27
22 2 7
13 14 21
15 16 6
11 13 15
15 18 11
3 4 13
6 6 4
14 15 2
14 16 25
22 0 21
10 12 16
8 9 12
12 13 13
17 21 10
11 14 5
18 19 5
3 6 4
1 3 15
5 9 26
13 14 27
16 17 10
19 20 25
21 22 13
6 8 11
16 17 29
14 16 17
0 1 1
10 12 28
12 14 24
7 11 23
12 15 3
9 12 28
6 9 28
0 3 7
18 19 6
23 1 11
14 17 7
3 4 28
17 17 29
4 7 18
9 12 19
12 13 12
18 21 20
8 10 21
8 9 13
12 13 2
2 5 14
22 1 26
14 15 22
1 2 20
18 19 16
11 11 11
4 6 9
19 23 7
11 13 2
22 1 26
1 4 29
9 12 7
4 6 29
23 2 7
9 11 13
11 12 15
20 21 16
21 0 15
6 7 12
4 6 6
14 15 13
0 3 1
18 20 29
17 19 11
3 7 8
4 5 16
18 19 21
20 23 3
20 0 15
9 11 22
19 22 20
0 1 23
9 12 15
4 7 5
0 2 6
8 9 6
6 7 8
3 6 3
1 3 18
5 8 4
21 23 21
18 21 22
22 0 25
19 22 4
11 14 8
22 1 20
9 11 15
10 10 26
6 8 6
21 22 6
6 8 25
8 8 11
18 19 4
19 20 5
7 9 11
10 12 27
20 23 3
3 5 1
8 11 8
14 16 21
14 16 12
22 0 25
6 9 11
18 19 15
15 18 13
1 3 9
13 13 10
21 23 22
11 12 15
15 17 13
7 9 10
16 18 11
4 6 22
3 3 18
9 10 4
12 14 19
12 14 15
8 10 9
5 6 25
6 9 25
14 17 15
3 8 8
6 9 25
16 18 15
12 16 18
4 7 18
8 9 29
22 23 23
19 21 12
12 14 8
8 10 5
3 6 16
9 13 4
0 1 3
16 18 5
12 14 26
22 23 1
9 10 16
15 17 12
14 15 5
2 4 22
6 11 11
0 1 8
0 4 7
20 23 30
14 15 27
3 5 13
22 0 24
14 16 7
13 14 15
6 8 11
12 13 1
9 12 22
15 17 29
9 11 7
17 18 24
13 16 10
19 20 22
14 14 4
4 5 20
16 18 18
22 2 28
2 4 26
1 4 29
18 19 28
23 2 10
18 19 3
6 8 10
16 17 11
18 18 20
23 0 30
18 19 13
7 11 28
12 14 12
1 2 14
11 14 12
15 17 17
6 8 14
11 12 27
12 14 5
9 10 2
14 15 20
6 8 19
11 12 20
3 5 21
10 13 6
4 5 9
4 7 22
3 4 13
19 21 19
16 18 14
15 19 15
7 9 21
15 16 12
6 8 28
8 10 16
12 14 7
4 4 30
9 11 17
15 19 23
23 1 29
13 16 10
6 9 16
17 20 15
23 0 16
4 5 12
1 3 8
5 8 14
11 12 23
14 16 27
22 3 6
4 6 22
1 3 25
0 3 24
13 15 8
22 0 8
13 16 16
3 5 9
10 11 7
22 1 29
20 23 11
15 18 5
13 16 21
18 19 15
14 16 24
13 16 14
0 3 1
10 11 27
1 3 22
20 22 14
16 17 20
14 15 5
12 14 22
6 7 11
17 19 8
22 0 25
3 5 21
3 6 21
20 22 4
4 6 7
5 7 3
6 8 14
11 14 6
8 9 16
18 22 17
5 8 26
18 20 17
6 7 8
23 1 18
5 7 16
21 23 23
22 0 14
17 17 22
13 15 26
17 19 16
1 3 5
15 17 20
0 4 8
1 2 27
0 1 17
11 12 5
22 0 26
14 16 14
9 10 23
2 3 17
2 3 9
11 13 11
22 1 6
7 9 7
8 10 29
7 9 25
3 4 29
22 0 14
18 22 21
16 17 16
16 18 2
5 6 18
21 22 5
4 4 26
5 6 6
17 19 1
19 22 14
11 13 17
16 18 3
3 5 23
23 0 3
3 6 22
21 23 7
10 11 20
15 17 3
3 5 17
0 1 13
14 15 8
1 2 3
23 2 2
23 23 5
8 10 14
7 8 12
18 19 12
7 10 1
3 6 7
0 3 29
2 5 16
2 4 12
5 8 14
8 11 5
7 8 1
17 18 26
5 8 5
8 8 29
19 22 24
1 4 3
10 12 13
11 13 8
15 18 25
5 7 3
5 6 29
17 19 18
3 4 26
18 19 19
22 0 29
8 10 1
16 18 12
8 10 22
8 9 20
12 13 5
8 11 25
4 6 9
20 21 21
7 11 8
5 6 27
20 22 14
0 1 3
3 5 9
7 10 15
5 8 6
1 3 30
8 9 14
2 3 26
11 13 29
15 17 27
7 9 9
12 15 4
6 8 24
19 21 22
23 2 12
11 14 12
13 15 27
6 9 14
0 4 11
22 1 10
5 7 23
11 13 8
4 8 14
16 18 27
15 16 23
1 2 12
23 23 11
13 17 9
15 18 17
2 6 3
12 13 4
8 10 27
16 18 19
9 9 27
7 9 14
1 2 21
5 9 21
0 2 21
7 10 10
12 15 8
8 9 26
5 6 25
23 2 2
3 3 6
21 22 2
17 19 12
18 19 10
9 14 24
23 1 28
17 19 23
22 0 26
7 10 22
18 21 3
4 6 22
22 1 16
4 7 15
1 4 18
2 4 18
5 8 23
17 20 23
16 18 18
20 21 18
1 3 1
10 12 12
3 5 14
4 6 30
22 0 6
4 6 29
18 21 18
20 23 29
21 22 15
21 23 2
8 11 9
10 12 30
3 6 13
14 15 18
5 7 17
6 7 17
17 19 2
23 0 19
15 16 4
11 14 16
6 9 6
1 4 30
14 15 25
16 18 23
16 17 3
23 0 2
15 17 22
5 6 19
18 20 18
1 4 5
21 23 27
18 20 11
15 17 4
22 2 7
15 18 5
0 0 10
16 17 6
6 6 22
22 1 13
9 10 3
23 1 6
23 2 5
22 2 24
12 14 4
23 1 18
11 13 4
13 17 1
10 14 18
18 19 3
9 11 24
17 19 30
9 10 5
20 23 5
14 18 28
11 13 22
20 22 19
2 4 21
22 23 16
3 5 1
17 21 11
22 0 15
4 6 15
4 6 26
17 18 28
14 15 13
1 5 18
21 23 21
12 15 10
22 0 24
23 2 16
16 16 17
17 20 4
7 8 6
22 1 1
3 6 23
12 14 7
18 20 8
23 2 26
18 22 25
13 16 28
14 16 20
6 9 20
15 18 5
5 8 18
15 17 10
22 23 2
6 9 5
9 12 25
4 7 18
1 3 30
1 4 9
6 9 26
11 12 4
20 23 1
7 9 19
4 7 6
16 18 8
14 17 1
22 1 11
5 8 30
22 0 10
2 3 23
2 4 25
22 23 7
2 5 27
11 12 7
3 4 26
13 17 6
2 5 16
19 19 26
20 23 29
13 14 19
15 17 16
0 1 16
15 18 25
11 12 24
21 23 27
2 4 16
22 0 18
16 20 16
11 13 4
13 14 16
19 21 11
3 5 23
18 20 28
14 17 20
8 11 14
8 12 25
11 14 27
19 22 7
1 3 14
18 21 22
4 6 13
5 5 4
5 7 27
0 3 23
7 10 4
19 20 12
19 21 17
8 10 26
0 2 24
2 5 16
20 23 12
2 5 27
6 9 16
12 13 19
1 4 23
15 18 30
18 22 23
2 2 16
11 14 13
15 19 27
2 5 24
20 22 24
4 7 11
1 2 8
19 22 9
17 19 10
15 16 21
9 11 3
19 20 8
3 6 1
1 2 24
3 4 7
16 17 5
1 5 25
12 14 13
18 20 16
2 4 24
10 12 15
5 8 22
12 11 13
22 0 7
9 11 25
12 14 5
14 15 3
20 22 15
1 2 11
8 9 23
3 3 20
12 15 28
10 12 8
12 14 11
22 0 4
9 11 12
16 18 8
5 6 25
9 11 8
15 17 26
23 0 1
15 19 11
1 4 6
9 12 10
13 15 16
22 23 23
9 10 15
20 23 13
1 2 29
4 6 21
22 0 5
2 2 30
3 7 26
20 0 26
11 15 11
3 4 30
21 23 25
14 16 24
7 10 8
19 19 17
17 17 28
15 18 7
3 6 12
6 8 17
4 3 29
4 7 9
0 3 27
4 6 29
11 13 1
21 23 10
11 12 18
23 1 23
14 19 16
16 18 14
20 21 6
20 22 16
10 12 22
17 19 1
13 15 22
22 22 18
16 17 17
21 21 2
5 8 17
2 6 10
2 4 12
13 14 24
22 0 18
5 7 30
23 2 17
7 9 30
1 4 2
15 17 2
11 12 3
12 15 20
18 21 30
9 12 20
3 5 29
21 0 7
23 1 22
19 19 19
6 8 11
15 18 25
23 2 3
5 8 24
21 0 23
3 4 5
8 10 6
10 11 12
22 22 7
7 10 3
7 7 27
17 17 4
15 18 15
23 2 3
4 6 5
16 18 21
12 14 27
14 16 2
20 22 3
19 21 27
3 5 5
8 8 22
17 18 11
5 6 30
19 21 1
10 13 20
17 18 11
15 17 21
15 17 26
21 23 1
18 22 18
16 17 26
22 22 21
23 1 27
19 21 7
23 3 26
7 9 6
13 16 4
6 9 7
12 12 16
10 13 12
1 4 28
8 8 13
17 18 25
7 9 11
13 14 10
9 11 29
12 13 24
13 15 8
17 19 20
10 13 17
23 1 21
4 5 11
16 17 5
11 11 10
0 3 22
7 10 7
18 19 18
23 0 28
22 1 8
9 11 22
10 13 12
3 3 21
21 23 6
19 20 22
11 13 9
22 1 30
5 5 5
3 5 2
13 14 27
9 11 15
22 0 3
16 18 28
9 12 3
19 21 3
13 15 13
9 11 15
11 14 9
7 10 30
23 1 26
19 22 23
4 5 20
8 10 29
0 3 27
17 20 12
16 16 14
17 20 11
17 19 20
22 0 3
13 14 28
17 18 14
20 22 23
21 0 13
7 10 28
6 9 11
19 22 5
13 16 2
16 19 30
19 22 10
0 1 2
0 2 30
9 12 23
7 9 24
15 17 13
15 15 23
9 11 25
20 20 21
7 10 1
17 21 14
16 18 8
7 9 12
6 10 15
4 6 1
18 21 29
1 3 20
9 10 13
20 21 21
15 17 13
5 8 1
22 0 4
0 2 18
8 12 27
16 18 13
13 16 16
18 20 30
4 6 30
18 19 22
14 17 18
22 1 15
3 5 2
9 10 22
9 9 18
2 5 13
16 17 4
12 13 6
23 0 11
12 14 20
22 0 8
22 0 4
8 10 11
20 23 26
18 21 8
18 20 26
18 20 17
13 16 20
1 4 4
3 5 12
21 23 7
23 2 30
14 15 21
3 5 16
9 13 21
14 16 21
7 10 17
22 1 2
0 3 10
17 19 22
15 16 2
7 8 16
