3130 30
24 23 12 9 30 2 7 29 20 14 24 21 8 11 6 30 29 25 27 2 28 25 14 8 12 25 7 8 16 21 
19 23 3
12 15 2
0 2 21
4 7 23
22 23 4
5 7 12
16 19 21
11 14 3
23 2 3
13 14 14
0 2 11
9 8 5
17 19 14
17 20 11
18 21 13
12 13 10
4 6 15
13 13 26
17 18 5
17 19 21
14 16 2
21 22 13
15 17 5
11 13 14
10 12 26
2 5 19
19 21 1
5 8 22
7 10 17
18 19 5
2 4 10
22 23 11
10 11 6
5 8 4
13 13 5
17 17 14
19 21 29
2 4 8
20 23 2
23 1 28
21 0 20
9 10 26
12 15 16
5 8 15
19 23 23
10 13 9
15 16 26
8 9 10
15 15 1
12 14 24
16 18 9
15 16 5
9 11 1
12 14 6
4 4 1
9 10 29
11 14 26
14 16 4
6 8 7
6 9 27
20 22 12
12 15 4
7 8 24
18 21 5
7 11 12
16 18 2
7 8 13
13 15 2
19 20 27
13 15 20
4 7 14
22 0 29
18 21 21
6 9 27
1 1 28
17 18 29
14 14 6
20 22 1
20 23 16
8 10 1
7 7 27
2 4 28
3 5 4
17 20 2
21 0 30
5 6 11
6 8 16
6 8 27
16 17 5
16 17 27
11 13 2
8 10 8
5 7 25
20 23 24
4 4 29
8 10 4
1 2 13
10 10 21
7 8 26
3 5 6
19 21 15
1 3 12
16 19 8
20 20 29
14 17 10
10 11 27
17 20 13
3 4 30
21 23 17
15 17 1
21 22 28
11 13 20
12 15 19
13 16 20
21 0 9
14 17 16
4 7 12
16 15 8
18 20 19
17 19 11
14 19 14
7 9 12
11 13 30
14 16 20
12 14 20
6 10 6
18 19 14
15 19 15
1 3 10
22 23 9
5 6 27
3 5 21
9 10 7
18 19 4
12 14 29
6 9 12
13 15 28
17 18 8
5 7 24
9 11 30
11 13 2
5 7 8
15 16 22
6 6 11
13 14 29
0 2 17
1 3 24
11 12 23
15 16 18
10 11 12
16 17 1
22 0 19
4 8 2
17 18 24
8 10 29
4 7 26
19 20 7
19 21 19
15 16 28
11 14 25
15 17 3
17 16 17
10 13 20
12 15 12
14 16 6
0 3 1
4 4 17
5 7 12
5 6 15
13 16 28
19 20 17
4 5 16
2 4 2
23 1 12
3 4 8
9 11 6
11 12 24
16 17 22
6 7 21
16 18 30
17 20 2
15 18 12
22 0 22
9 11 13
15 17 25
5 6 9
12 14 21
17 19 23
10 12 29
22 0 12
19 21 1
6 8 7
13 15 26
14 15 18
17 19 16
15 16 18
3 4 24
16 19 16
10 13 17
11 14 7
23 1 11
6 8 4
21 22 21
2 5 3
22 0 4
14 16 12
5 6 20
8 8 23
9 9 23
17 19 18
11 12 27
5 7 3
22 0 2
9 10 6
17 19 12
16 17 27
4 7 24
16 21 30
6 7 28
9 11 22
6 8 19
18 20 3
11 13 1
5 8 21
17 19 9
16 18 2
2 3 21
15 18 9
4 6 10
2 5 28
10 12 18
20 22 27
15 16 8
7 10 6
0 2 27
23 0 23
17 19 17
9 12 20
5 8 25
12 15 5
11 14 9
3 6 7
16 19 26
23 1 1
9 11 21
2 4 26
20 23 12
19 20 2
22 1 12
4 7 15
13 12 6
5 7 25
19 21 13
15 18 26
0 1 7
12 15 28
17 19 23
2 4 29
14 17 25
2 4 13
22 1 24
15 18 29
1 3 28
21 0 16
6 7 28
17 20 17
4 5 12
0 4 12
20 23 25
22 23 10
17 18 22
17 18 24
14 16 17
20 22 11
22 0 13
21 23 19
8 9 13
10 11 2
1 3 1
7 11 23
4 6 18
15 16 13
7 11 24
21 23 19
14 15 2
8 9 30
3 3 19
20 21 24
14 16 30
1 4 2
23 2 28
16 18 13
10 12 10
15 17 25
18 19 26
22 1 20
5 7 16
23 2 20
8 9 25
15 18 22
9 11 28
7 8 10
6 7 18
7 9 9
10 12 12
10 12 1
15 17 3
2 5 22
12 14 3
12 14 14
2 4 21
7 9 12
11 14 18
16 19 10
11 16 5
9 10 25
0 3 26
1 4 22
9 11 17
14 15 10
14 15 5
10 13 4
20 23 11
10 10 22
14 15 15
0 2 16
17 19 3
5 9 24
4 7 29
19 21 27
16 19 20
16 17 25
16 17 9
11 14 23
8 11 10
11 13 3
0 3 5
23 1 6
16 17 26
22 23 5
19 20 19
10 13 3
0 3 6
13 17 6
18 20 3
18 19 15
12 14 5
3 5 19
0 1 27
2 3 23
12 14 7
6 8 28
1 3 12
20 22 10
17 19 27
2 5 19
13 13 28
15 16 19
6 8 14
13 16 15
17 20 10
5 7 13
8 12 20
18 22 19
18 21 19
21 21 1
11 13 18
3 5 30
19 21 28
18 22 7
1 3 13
2 2 25
1 3 10
11 12 16
5 5 13
14 17 18
22 0 13
8 9 15
21 0 3
6 10 3
22 23 13
1 3 24
15 17 11
7 8 1
10 15 17
6 7 20
4 5 28
7 8 5
1 3 7
18 19 27
9 11 27
19 22 5
10 11 2
19 20 20
23 3 19
2 5 10
14 16 11
3 5 8
16 17 16
20 21 29
6 8 3
6 8 22
2 5 28
5 8 14
13 15 5
6 10 4
22 0 20
21 22 20
16 17 6
21 0 26
0 3 23
5 7 23
9 10 25
14 15 7
13 16 2
7 10 21
17 19 10
13 14 15
13 13 5
21 23 21
11 16 1
1 4 18
7 10 8
7 9 11
3 7 13
12 16 11
18 20 5
3 5 24
0 2 14
13 16 25
5 7 14
12 14 7
10 13 1
19 21 6
17 19 19
12 13 4
6 8 25
5 7 2
2 3 24
10 12 14
14 16 27
14 16 14
15 18 18
13 14 12
13 15 18
12 14 22
11 13 23
13 14 1
12 15 12
17 20 26
6 8 8
0 2 15
12 14 6
11 12 3
14 16 9
21 23 18
0 1 5
14 16 23
1 1 21
16 17 20
14 15 8
13 15 3
13 16 13
6 9 15
11 12 4
23 1 22
13 16 26
14 19 13
20 22 15
20 21 29
23 1 7
20 23 26
10 10 16
6 7 29
19 20 25
19 21 18
0 3 15
18 21 27
22 0 15
3 6 28
23 1 23
13 16 10
14 16 23
20 22 19
6 8 2
3 4 27
10 12 28
15 19 30
14 17 13
16 18 26
21 22 29
4 6 15
16 15 6
3 5 24
23 2 4
20 23 20
23 2 20
15 18 17
7 10 10
19 22 12
17 18 22
23 2 17
1 3 16
5 6 11
23 3 29
2 7 11
9 9 8
22 23 6
16 21 4
13 14 29
15 16 20
18 19 29
17 20 6
17 19 1
7 9 6
5 6 29
17 20 9
20 22 29
18 19 15
1 2 2
6 8 14
9 12 24
3 6 3
16 17 16
6 7 24
15 15 16
11 13 18
5 6 7
10 12 23
6 8 27
20 22 20
15 17 14
1 4 5
13 14 20
12 15 14
4 6 23
0 3 22
12 15 25
21 23 16
18 20 13
20 22 7
6 7 27
10 12 22
14 17 23
13 16 6
23 1 15
23 2 26
2 4 1
7 11 7
6 9 27
9 12 15
17 19 23
3 4 9
23 3 11
15 17 19
11 14 18
13 15 1
11 12 22
7 9 1
8 12 23
10 12 30
2 3 30
11 14 6
13 16 4
13 12 8
17 19 12
22 1 11
0 1 12
3 5 28
17 19 10
22 23 2
21 23 2
19 20 27
5 8 9
16 17 7
23 1 28
17 19 30
1 1 2
20 23 9
20 23 13
14 15 21
22 0 29
22 23 21
7 9 10
18 20 5
7 9 8
8 9 25
6 7 21
10 13 24
16 17 20
15 16 22
0 2 4
20 22 16
3 5 18
10 12 11
18 19 3
19 22 8
15 16 2
9 11 17
10 12 22
2 5 25
1 3 22
16 19 8
15 17 26
15 17 13
16 19 1
0 2 23
13 16 30
2 4 12
6 7 2
21 22 19
17 19 2
0 1 25
1 4 3
19 20 13
2 3 3
3 7 28
21 23 23
9 10 18
12 12 29
16 17 6
10 10 27
2 4 12
15 18 15
21 23 20
22 1 14
0 1 20
12 13 23
18 20 17
20 22 18
9 12 27
12 14 2
19 19 30
17 19 23
22 1 8
6 7 8
8 9 21
14 16 19
3 5 29
7 9 15
4 5 18
9 12 23
8 8 29
19 20 10
11 14 4
15 16 30
5 8 28
12 15 4
14 14 23
14 15 17
6 9 30
10 12 9
16 21 13
7 8 18
3 4 24
15 16 28
23 1 16
16 17 6
23 1 22
11 14 14
4 6 6
13 15 6
6 9 23
7 9 27
5 9 20
2 4 30
14 18 20
13 17 5
19 20 13
9 12 30
15 18 23
3 5 17
14 15 14
2 3 13
3 4 29
4 6 16
22 0 2
13 15 11
1 4 20
20 19 2
2 4 24
16 20 20
1 1 20
12 13 25
5 7 20
15 18 9
9 12 15
4 7 4
22 1 30
22 1 27
20 23 7
3 4 21
20 21 28
4 7 11
4 6 19
9 11 1
8 11 24
5 6 1
6 8 11
15 16 9
13 17 26
23 1 6
7 9 14
18 20 16
5 6 25
8 10 22
18 20 14
0 1 19
11 13 11
10 11 13
6 8 22
12 13 29
20 23 24
4 8 15
12 16 4
16 18 7
7 8 20
7 9 28
22 2 7
6 7 9
7 11 7
12 13 22
5 8 18
16 18 19
17 19 19
19 22 4
8 9 18
4 8 24
16 18 27
14 16 13
2 5 20
11 14 6
13 15 20
13 15 25
4 5 28
13 16 26
12 14 27
21 23 12
5 7 22
7 8 1
1 4 29
7 11 22
1 3 9
9 11 7
8 12 10
10 12 9
8 10 12
16 18 12
2 4 3
20 23 15
20 21 7
10 12 6
10 12 4
19 21 17
19 21 15
18 22 1
0 4 24
8 11 23
16 18 6
6 8 30
22 22 21
10 12 5
14 15 28
1 2 5
10 12 13
9 11 27
17 21 18
15 19 18
11 14 25
6 9 23
8 11 11
2 5 4
4 5 11
4 6 2
17 17 3
0 1 12
8 10 7
18 21 17
12 13 21
7 7 15
18 19 10
4 5 10
23 1 18
5 6 13
7 11 27
20 21 18
10 11 12
3 4 19
21 23 3
5 8 22
7 8 23
7 9 26
4 7 20
0 2 24
23 2 22
23 1 20
20 21 21
19 20 14
2 3 10
19 21 1
7 9 26
4 6 29
17 18 14
5 6 23
16 18 16
9 12 28
11 13 16
8 10 1
0 1 30
15 17 18
7 10 10
1 3 24
12 13 30
2 5 5
9 10 23
12 13 18
21 0 27
18 19 26
7 10 29
4 5 17
13 15 25
17 18 22
18 20 23
22 23 14
21 0 22
14 16 4
3 5 1
9 11 2
4 7 5
6 7 26
18 20 1
8 10 22
9 11 26
18 19 23
7 8 13
2 4 2
17 18 4
0 2 18
19 20 16
0 2 25
9 12 7
10 12 17
5 8 24
15 16 27
15 18 27
1 5 29
4 6 9
21 22 24
8 11 19
15 16 7
13 15 6
13 15 29
14 16 22
22 0 25
20 23 21
18 20 12
0 1 10
4 7 24
19 21 7
3 5 9
21 1 26
10 13 28
8 10 22
15 16 28
12 13 24
3 4 15
0 1 28
5 8 16
23 1 4
11 14 29
4 5 7
19 20 18
4 6 4
10 11 5
14 15 26
12 14 16
11 13 23
16 17 17
1 3 2
6 7 5
20 21 3
15 16 18
0 2 28
20 22 2
15 16 17
10 14 20
18 18 26
21 1 9
4 6 6
1 4 23
15 17 24
2 7 6
15 18 24
21 22 29
6 7 30
22 1 30
23 1 3
0 3 20
23 1 3
15 18 3
18 20 3
2 4 1
22 0 14
20 21 21
23 1 2
9 9 24
7 11 5
10 12 1
7 10 23
5 6 19
17 19 27
18 20 3
21 22 19
15 17 20
8 8 7
21 23 1
12 14 3
3 6 11
11 12 20
9 11 15
0 1 26
22 0 20
9 10 5
13 16 9
15 17 30
3 7 18
13 15 23
18 20 4
7 9 20
14 15 17
18 22 20
7 10 16
8 10 18
2 5 29
0 3 17
19 21 7
19 21 25
10 12 10
11 10 6
6 8 20
18 20 14
23 0 25
15 18 2
18 20 8
1 2 13
1 3 1
4 7 15
4 7 23
8 10 29
1 2 14
9 11 19
1 5 5
19 23 26
9 12 26
6 9 12
1 5 20
18 18 10
2 4 2
12 13 9
6 8 14
12 13 28
4 7 11
3 4 9
4 5 26
6 9 19
20 22 4
15 18 8
4 5 21
20 21 21
1 3 8
16 18 10
20 23 12
22 0 1
23 1 7
10 12 11
14 16 26
21 23 16
20 23 9
18 20 5
0 2 8
11 13 16
8 10 5
10 13 2
23 1 29
6 7 28
8 9 21
4 5 28
13 14 2
11 13 23
15 17 28
9 9 27
5 6 3
5 6 12
4 7 7
0 4 17
8 12 24
23 2 22
17 19 29
20 21 17
23 1 19
5 8 17
23 2 24
0 0 8
1 4 11
15 15 21
6 8 8
2 4 24
10 11 18
13 15 1
23 1 5
15 17 20
0 2 5
11 12 22
13 16 30
16 18 26
23 0 10
20 23 23
18 19 19
10 12 11
20 23 27
6 7 23
22 0 22
14 15 6
16 18 15
6 9 8
1 3 23
22 23 10
11 12 11
21 20 7
2 5 22
14 18 6
5 6 30
3 6 24
18 20 8
20 22 29
4 7 19
18 19 11
7 9 5
19 20 13
20 21 5
23 1 24
22 0 5
0 2 13
2 3 11
22 23 23
5 8 18
15 17 21
10 12 26
19 22 28
13 15 12
18 20 1
18 21 8
4 5 11
16 17 11
12 14 25
5 7 4
12 11 1
4 8 7
13 16 13
9 10 16
11 14 25
1 3 3
4 6 2
18 20 8
9 12 18
17 20 30
18 20 11
18 20 5
21 23 1
11 13 6
19 21 4
9 11 1
18 20 27
23 1 30
6 10 11
1 2 14
2 2 17
23 23 16
3 7 17
13 17 10
5 7 7
16 17 16
0 1 19
23 2 27
19 21 25
16 18 3
0 1 28
18 21 1
17 20 17
7 8 18
19 22 29
4 6 17
23 2 5
12 13 12
15 16 2
12 12 10
22 23 30
3 5 24
15 17 11
7 7 25
22 0 15
1 3 19
13 14 18
0 1 15
6 9 10
6 8 16
16 15 5
8 9 13
18 21 9
12 14 5
11 13 17
10 11 2
14 18 30
4 6 17
22 0 24
16 17 13
1 3 11
19 20 13
2 4 3
4 5 6
17 18 4
0 0 8
15 19 1
22 0 30
20 21 10
3 4 3
2 3 14
7 9 15
8 10 16
2 6 11
18 20 25
5 6 22
13 16 26
12 13 14
8 9 26
18 21 5
14 17 19
22 23 8
1 6 24
10 12 16
2 2 18
1 4 12
23 1 21
16 19 23
9 10 18
1 2 19
20 0 9
4 6 26
10 11 22
2 5 5
15 17 21
9 10 28
16 19 17
0 2 23
16 20 8
17 18 4
14 17 22
6 8 7
4 6 13
5 7 3
11 13 27
13 16 8
16 20 10
9 10 10
19 22 30
3 6 28
1 4 22
19 21 28
7 10 17
2 4 29
6 8 5
11 14 25
1 2 23
23 4 16
13 14 1
4 6 23
15 18 13
23 2 26
7 9 22
14 16 10
0 3 18
6 9 5
3 6 29
21 22 10
1 1 14
4 7 8
0 3 9
23 1 1
23 0 26
0 2 18
15 17 6
23 3 23
1 3 10
13 15 6
0 3 24
22 0 23
6 9 15
16 17 7
10 12 4
4 6 29
17 19 6
12 15 23
2 4 18
0 0 12
9 10 5
2 4 12
6 9 22
15 15 28
11 14 26
21 23 18
15 17 7
22 22 26
18 20 27
8 8 1
2 3 18
0 2 25
11 13 3
22 22 6
8 9 24
5 8 15
14 17 16
8 10 12
22 1 10
15 17 7
17 21 27
21 0 20
4 5 23
11 11 18
16 16 21
6 9 6
19 21 9
14 15 28
21 0 2
10 12 1
11 12 8
14 16 25
14 17 23
19 22 21
17 20 7
2 5 21
17 19 14
17 20 22
2 5 17
7 9 19
4 7 2
5 7 9
6 7 26
4 4 13
5 8 7
20 23 13
10 11 11
12 13 27
5 6 29
15 16 23
4 7 30
7 9 14
11 13 5
5 7 21
9 10 25
11 14 28
17 18 29
19 21 9
21 23 15
1 3 5
13 16 29
14 17 11
5 8 12
4 6 23
9 11 6
9 11 13
1 3 30
11 13 9
5 7 9
9 12 18
11 12 28
19 22 23
7 10 23
10 10 28
16 18 5
2 5 29
4 8 30
14 15 8
14 16 19
8 10 6
3 8 27
9 10 19
0 -1 29
5 9 19
12 15 18
0 2 3
16 18 29
9 12 6
12 14 6
4 7 30
23 0 12
21 23 4
14 16 25
23 1 8
7 9 26
8 10 17
22 1 28
11 12 15
7 10 25
13 16 30
23 1 29
20 22 26
8 11 18
12 13 9
11 12 14
12 12 15
20 22 6
12 14 2
22 0 28
12 15 5
6 8 11
18 21 8
10 12 14
11 13 17
8 9 13
4 6 18
20 22 2
2 3 8
4 8 26
14 16 20
5 8 27
19 22 8
16 19 5
11 14 18
11 12 10
13 14 22
11 13 25
12 13 13
8 10 13
12 15 28
8 10 10
5 7 15
10 10 21
4 7 29
12 12 18
14 17 11
1 3 4
8 10 11
17 17 27
8 10 13
11 12 24
21 23 14
21 23 16
13 15 10
6 9 27
6 9 18
4 8 1
0 1 1
4 5 13
22 4 21
22 22 3
16 17 17
10 14 13
2 4 6
10 11 19
18 20 20
14 18 13
3 5 30
10 12 18
12 13 18
22 1 22
1 4 3
0 1 29
1 2 25
8 10 16
17 19 8
7 10 25
22 0 25
8 11 4
21 0 2
22 0 23
19 20 3
1 4 2
2 3 11
13 15 16
7 9 13
15 17 21
1 4 26
14 16 29
5 7 26
13 15 7
2 4 17
17 18 16
19 22 24
4 6 5
7 9 25
13 15 15
7 9 18
0 2 9
19 20 17
2 4 13
9 10 26
11 12 27
2 4 21
13 16 3
21 0 4
1 2 20
18 20 2
12 14 18
19 19 21
14 15 17
13 15 15
13 15 13
0 3 11
0 2 2
20 0 7
16 18 15
6 6 17
23 1 1
12 13 13
12 14 26
4 7 28
5 8 11
10 13 9
9 11 26
21 23 11
1 4 8
1 4 16
1 2 18
5 7 30
2 4 21
20 21 2
11 13 15
4 6 1
16 17 25
8 10 4
10 13 29
1 2 6
7 10 19
16 18 3
3 5 29
19 22 7
21 0 7
17 19 12
23 2 30
15 18 21
22 22 26
10 12 1
16 18 1
2 4 20
7 8 22
16 18 23
18 20 21
3 7 22
17 18 22
11 11 27
17 18 23
16 18 5
18 22 16
11 13 15
17 20 25
20 22 8
5 8 16
7 9 8
22 22 11
4 6 17
0 3 16
4 5 10
16 16 5
6 9 12
16 18 18
23 2 28
23 1 3
20 22 22
22 1 7
20 22 27
16 18 17
1 2 17
10 10 8
13 15 20
3 5 7
15 17 30
13 16 30
8 9 13
1 3 18
1 4 1
18 21 5
10 12 24
2 4 19
16 19 2
15 18 26
15 17 4
5 5 27
5 5 13
23 2 13
8 10 2
12 13 7
15 17 8
6 8 27
21 23 20
13 15 27
6 8 8
4 5 22
14 16 2
20 21 8
13 15 1
20 23 5
6 7 14
5 7 29
14 16 30
10 13 14
0 3 18
4 6 28
0 1 9
3 5 21
11 12 13
4 6 15
2 3 29
22 22 15
10 15 25
20 22 25
6 9 25
2 4 22
4 4 15
0 1 20
20 0 10
3 7 13
20 23 20
5 8 1
16 17 24
4 6 12
15 17 9
21 0 7
16 18 9
10 13 4
5 8 6
15 16 17
1 2 27
3 6 19
8 11 13
13 14 15
7 10 8
19 21 23
3 5 8
3 5 11
12 13 18
22 0 8
14 15 4
20 22 25
2 3 14
5 8 14
13 16 15
10 11 24
16 17 2
15 16 29
20 20 28
17 19 27
19 20 4
19 17 13
14 17 16
2 5 27
16 18 23
16 17 18
18 19 24
13 16 14
23 1 4
10 14 19
19 22 4
12 16 14
6 7 6
7 9 25
20 22 7
22 0 6
12 13 18
5 9 21
12 13 16
16 21 15
16 18 8
15 19 17
13 15 27
11 13 9
23 3 3
1 3 1
4 5 1
2 4 13
21 23 17
8 11 10
17 18 11
15 16 28
6 8 24
12 13 26
0 3 24
16 17 11
18 19 13
4 6 28
6 8 30
23 1 15
8 11 1
20 22 5
5 7 18
15 16 22
2 6 30
8 8 6
5 7 1
1 3 26
4 6 14
7 8 23
15 17 30
0 5 8
0 3 11
1 3 15
22 1 20
19 23 25
2 3 5
7 11 16
21 21 28
23 1 28
0 2 29
2 3 20
12 13 13
8 10 14
20 0 3
9 12 1
6 7 29
9 11 20
10 11 3
13 15 2
8 9 28
9 12 22
8 12 4
1 2 24
14 17 18
14 16 5
22 2 19
23 2 29
22 0 12
18 20 8
18 21 8
10 15 11
17 20 7
1 3 29
0 3 17
1 4 21
12 13 9
15 17 20
19 20 28
19 21 7
2 2 8
23 1 9
15 15 13
21 0 22
20 21 26
2 5 23
21 23 24
17 18 20
15 15 27
6 7 19
19 21 12
8 10 6
16 19 4
7 9 24
6 8 8
7 9 14
14 15 18
9 12 23
13 15 4
16 19 20
11 12 23
13 15 7
11 13 14
22 0 1
14 15 13
22 1 26
18 21 5
0 3 30
1 3 8
3 6 6
22 3 19
8 10 10
4 6 6
13 15 24
18 20 10
7 9 10
16 17 19
13 14 30
3 5 29
22 23 30
14 15 22
7 9 28
16 19 23
3 4 14
0 5 25
21 22 16
1 1 17
16 18 1
9 9 24
23 23 25
18 22 5
1 1 29
8 8 21
7 10 27
16 19 30
4 8 18
4 6 15
20 21 1
21 0 10
17 19 6
1 2 2
18 22 19
21 22 1
20 23 15
0 -1 21
23 2 20
20 21 7
23 2 8
8 9 4
7 8 21
13 14 7
8 11 26
23 1 29
19 21 28
10 12 30
16 17 27
12 15 6
7 8 8
21 0 3
17 17 1
15 18 1
10 12 8
1 2 19
22 0 15
9 10 8
10 13 5
13 14 12
23 1 6
12 13 6
9 13 24
5 8 6
11 13 27
21 23 3
2 6 24
17 18 28
12 14 25
22 1 11
15 17 2
22 23 16
18 19 9
15 18 13
7 9 9
3 5 7
12 13 18
21 0 7
7 8 21
19 21 15
23 0 9
20 23 13
7 9 2
3 5 19
21 23 1
19 21 10
0 1 6
1 3 13
10 11 30
12 14 9
14 18 5
21 22 22
4 8 7
12 15 25
13 15 18
15 17 18
18 21 21
8 11 9
6 8 23
15 18 9
18 19 14
14 16 7
10 12 7
18 19 27
12 14 22
21 23 22
14 16 9
22 0 19
9 10 10
20 23 5
6 8 12
19 20 9
23 2 20
21 23 25
14 17 26
5 7 20
3 3 28
4 6 26
16 18 13
19 22 23
3 5 17
4 5 25
23 0 19
18 21 28
20 23 13
8 10 16
23 1 30
7 7 30
17 19 16
19 21 2
11 14 22
5 7 14
22 2 8
2 4 7
7 9 30
3 4 29
17 18 2
7 10 21
10 12 4
8 11 22
12 15 6
19 22 24
2 4 2
16 18 13
21 22 6
17 18 12
8 10 24
10 12 7
2 3 17
0 2 23
2 4 30
13 15 4
19 21 6
13 17 3
2 6 15
6 9 23
14 16 28
10 13 21
22 23 28
14 15 9
21 23 10
19 21 23
3 6 6
1 3 6
17 20 16
16 18 27
12 15 4
11 13 23
3 6 22
17 21 2
1 4 22
12 14 25
6 6 8
11 13 19
13 13 18
5 6 5
2 6 3
11 13 26
16 19 28
20 21 12
1 3 1
0 2 4
13 15 19
20 22 3
10 13 11
13 15 11
18 20 23
0 0 12
10 11 18
4 6 25
12 14 28
17 18 28
15 17 17
11 13 12
0 2 22
3 3 13
8 11 23
6 8 28
1 2 2
5 7 13
12 13 6
20 21 19
12 12 18
11 13 23
10 11 12
17 19 6
10 12 1
4 7 9
3 6 25
4 4 10
3 4 6
22 1 17
4 8 10
13 14 22
10 13 13
0 4 28
10 12 6
19 22 5
20 22 26
6 7 15
13 13 10
23 1 21
20 0 2
23 1 14
23 1 21
15 16 29
6 9 14
18 20 28
8 9 18
19 20 14
14 16 5
9 10 3
13 14 7
12 14 16
4 7 25
4 3 27
13 15 6
21 23 9
22 22 26
4 5 8
10 13 27
11 14 12
4 4 9
14 14 5
15 18 23
3 3 23
17 19 20
7 10 6
0 1 16
21 23 17
15 16 28
6 7 18
20 23 30
19 20 18
13 14 24
20 21 7
9 13 19
0 2 24
15 16 11
14 16 22
11 11 25
9 11 22
5 6 12
16 19 1
16 19 30
14 16 1
22 23 4
12 14 4
5 7 10
19 21 30
1 1 3
12 12 22
15 16 5
7 10 20
1 2 27
9 11 28
17 20 12
6 6 21
22 1 20
11 12 8
12 15 21
3 5 21
6 9 15
11 15 7
0 2 26
16 19 30
9 11 24
11 14 20
23 1 23
23 1 19
5 9 12
0 1 25
0 3 1
21 23 29
17 21 10
14 16 11
23 2 3
7 8 5
4 7 14
14 15 3
21 0 23
17 19 2
1 4 29
17 20 8
8 9 30
22 0 3
10 12 13
0 3 28
22 0 13
10 11 5
5 7 25
9 14 21
10 13 28
9 11 3
17 19 7
3 5 27
5 7 11
14 17 8
11 13 18
5 8 10
14 15 2
18 22 27
8 10 18
20 21 16
4 7 14
0 2 23
5 7 11
9 12 9
11 14 2
2 4 23
7 9 17
14 15 2
6 8 14
3 5 14
12 17 11
9 10 29
20 20 6
15 18 16
13 15 4
21 0 15
4 4 5
0 1 17
20 22 30
20 23 26
18 21 24
18 20 2
22 0 12
8 10 2
5 7 7
3 5 4
4 7 23
10 12 25
8 9 27
21 23 9
4 5 30
8 10 7
21 0 29
15 17 30
14 17 3
4 7 29
7 11 26
8 9 9
3 5 25
20 21 19
16 19 2
18 21 19
14 17 5
0 2 20
21 23 30
10 10 8
17 20 17
22 0 2
18 20 9
16 18 8
22 1 24
10 14 15
3 5 1
1 4 11
20 22 16
5 7 20
21 23 7
16 19 12
22 2 26
1 3 19
19 23 26
7 11 3
17 18 18
1 2 11
5 6 15
21 0 3
18 21 9
7 10 9
3 6 11
21 22 30
4 5 29
21 0 27
0 3 7
11 14 14
16 18 5
2 4 17
21 22 29
14 17 17
18 22 6
13 15 1
22 1 24
3 7 4
16 18 9
22 23 1
17 18 27
9 10 25
18 20 25
23 0 29
19 20 30
8 12 2
6 9 3
13 16 27
12 12 19
1 4 13
4 5 6
8 10 6
4 7 10
8 8 12
17 17 16
6 9 17
9 13 1
8 10 20
2 4 15
5 6 30
2 2 17
11 15 26
22 0 10
0 3 2
16 20 28
11 15 12
13 14 27
12 15 27
19 19 25
0 1 29
10 12 14
7 8 18
13 16 24
1 4 1
16 18 8
15 18 22
5 8 20
18 22 7
17 19 11
18 20 10
21 23 1
23 0 3
16 18 9
2 2 23
23 2 19
8 8 29
23 3 9
10 12 15
1 3 4
15 17 14
15 18 6
2 5 14
3 7 16
8 10 6
11 13 10
6 8 1
0 1 7
11 14 2
9 10 4
4 5 24
12 14 16
7 10 18
2 4 22
16 19 13
4 9 12
3 6 3
7 10 21
2 5 6
23 1 23
7 8 14
21 22 19
3 6 14
5 6 29
22 0 27
16 18 27
14 15 18
12 16 14
16 19 22
8 9 4
2 4 1
1 2 10
0 2 4
19 21 20
21 0 1
18 21 15
9 10 8
1 3 25
10 12 18
21 0 10
11 14 9
2 4 27
18 21 11
11 13 26
5 7 2
7 10 3
20 23 21
21 22 4
0 3 30
22 1 4
23 1 3
11 14 1
11 15 29
3 5 16
3 7 4
17 21 16
4 6 14
11 11 8
7 8 27
16 19 1
2 3 5
11 14 11
18 20 2
18 19 21
19 21 26
3 7 21
17 19 27
22 1 23
4 6 19
6 9 28
16 17 2
19 22 19
19 21 11
9 10 24
6 10 1
21 23 17
9 12 1
15 17 25
6 8 18
18 20 8
3 5 28
10 11 7
1 4 6
16 19 16
7 9 7
6 8 28
7 9 16
5 6 28
4 9 9
11 14 26
7 8 14
4 6 21
10 11 2
4 8 15
7 9 8
10 12 2
14 18 11
2 3 19
22 2 16
2 4 20
14 17 4
1 3 20
18 20 19
8 10 27
11 12 12
13 16 10
15 18 1
15 19 17
11 12 16
19 22 22
7 9 2
0 0 26
21 23 22
10 10 29
8 10 23
0 2 7
13 15 7
2 5 9
22 1 29
19 23 5
3 4 22
8 11 6
14 16 26
13 14 12
1 2 28
17 19 13
10 10 9
5 5 6
8 10 29
0 1 6
23 2 25
13 16 28
14 16 29
0 3 21
17 19 15
23 0 15
15 18 25
5 8 10
17 18 24
22 23 10
9 11 24
12 15 25
13 17 4
1 2 4
23 2 19
13 15 22
14 17 29
15 17 27
6 9 27
21 0 24
12 15 5
22 23 5
5 7 5
11 13 23
6 7 9
8 10 15
12 12 28
13 14 30
6 7 9
11 13 22
16 18 25
8 9 7
15 20 23
0 2 12
20 21 4
2 4 25
3 5 13
13 15 7
11 13 21
19 20 30
6 9 19
7 9 2
9 11 1
5 6 13
4 5 10
22 23 5
10 12 22
0 1 30
5 7 13
1 4 2
9 11 2
3 6 14
3 7 22
7 7 24
4 6 22
3 5 26
16 17 9
20 22 6
22 0 23
16 18 19
12 14 11
1 3 25
17 22 8
7 10 3
10 13 3
15 16 5
6 9 19
4 6 3
2 4 18
12 15 1
7 11 25
22 0 22
3 5 17
10 12 20
21 23 5
17 20 29
16 18 21
6 6 4
17 20 28
18 20 7
6 9 8
21 0 8
0 3 29
16 16 4
2 3 10
23 1 5
19 20 17
20 22 11
22 23 29
3 6 16
9 10 6
21 1 19
21 22 26
6 8 14
19 22 6
19 20 1
14 18 15
2 3 16
1 4 30
18 17 7
17 18 8
7 8 23
12 15 9
16 21 20
6 7 14
11 13 27
22 1 30
20 22 7
22 0 23
16 18 21
15 16 27
23 0 19
17 20 4
0 3 16
2 4 2
13 15 8
20 23 26
3 5 12
20 22 15
13 14 17
18 20 17
8 11 6
3 4 1
18 21 16
13 15 20
2 5 11
10 12 15
0 0 24
2 2 29
7 9 2
7 10 28
22 1 16
11 13 28
9 12 26
9 10 11
23 0 23
22 2 9
18 18 8
6 9 22
21 23 24
9 10 5
7 9 17
19 21 20
14 16 2
10 13 5
1 4 30
16 17 12
8 10 28
16 18 11
13 14 13
22 0 5
19 21 6
17 17 13
1 4 18
2 4 30
5 7 27
10 13 20
16 18 11
1 3 15
11 15 21
11 14 27
13 15 10
13 16 12
13 14 6
16 19 13
11 15 25
0 1 18
14 15 7
5 8 7
12 14 24
9 12 26
4 8 18
17 20 6
21 22 21
14 15 13
23 2 9
0 1 6
22 0 12
0 3 18
6 9 13
6 7 27
13 17 27
21 0 9
11 14 23
13 14 5
20 22 23
13 14 13
3 6 13
19 19 10
15 19 1
4 6 19
6 9 10
19 23 15
10 12 11
8 10 27
6 8 22
20 22 21
12 12 29
21 23 9
17 20 27
6 8 20
9 9 15
13 15 26
21 23 19
23 23 14
17 19 3
12 14 1
2 5 4
15 19 30
14 16 29
4 5 7
23 0 25
4 4 1
21 0 19
15 16 23
20 22 22
17 19 10
8 10 9
13 15 9
17 18 7
1 3 1
5 7 28
7 9 25
22 23 6
10 11 11
0 1 13
2 3 29
17 20 19
2 4 24
18 21 27
16 19 14
17 19 24
2 4 7
5 7 8
5 7 7
10 11 24
17 19 12
12 13 30
12 15 24
0 3 26
13 16 29
20 22 6
16 17 5
20 22 2
14 17 26
2 3 1
10 13 1
14 16 25
9 13 14
13 17 18
11 13 19
14 16 18
21 23 16
15 17 10
0 2 14
4 6 2
15 16 13
4 6 2
1 3 1
19 23 14
20 22 25
19 20 6
10 13 25
6 10 20
1 3 8
23 0 22
11 13 13
21 23 25
5 7 30
12 14 14
7 8 16
0 3 25
17 19 3
2 5 29
20 22 10
10 13 10
8 9 21
16 17 20
19 20 6
1 4 10
0 2 14
11 13 11
19 22 22
0 3 29
10 14 19
5 6 26
20 22 30
3 7 14
6 8 3
23 0 2
10 12 13
14 16 23
21 23 9
8 10 29
1 3 3
8 10 13
15 17 28
8 10 11
22 0 22
22 1 10
14 16 21
21 22 14
7 8 14
20 22 1
4 6 17
18 19 23
15 17 24
15 18 30
2 4 6
5 6 6
1 3 4
13 15 17
8 11 24
2 6 28
8 10 7
0 2 20
21 22 2
5 5 13
11 15 15
11 12 15
13 14 7
13 14 8
10 12 18
19 22 30
15 17 15
10 11 5
22 1 2
2 2 11
5 6 19
22 0 27
18 19 5
0 1 1
15 17 9
13 15 29
20 20 27
1 3 1
18 19 26
18 21 20
13 16 20
20 22 13
10 10 20
1 1 22
3 5 19
6 8 3
20 0 11
20 22 17
15 15 22
21 0 16
11 14 24
14 17 11
22 0 3
11 15 14
8 8 15
11 13 24
13 15 13
20 23 9
23 1 25
9 10 11
21 22 22
22 22 24
18 21 10
4 6 10
9 10 9
17 18 20
17 18 20
18 19 19
14 14 7
14 16 6
7 9 26
0 1 26
16 19 27
23 2 26
1 1 28
16 19 14
6 7 12
1 4 9
6 9 28
2 4 12
12 13 7
12 14 9
1 3 26
4 7 23
22 1 28
3 5 24
20 23 24
11 13 25
11 14 11
23 23 5
14 16 6
19 20 22
3 6 28
22 0 11
10 12 14
15 17 12
16 19 17
13 16 30
17 19 18
21 22 1
11 12 25
14 15 9
3 5 12
8 10 24
6 10 25
4 5 28
8 9 26
19 22 24
19 21 28
2 5 29
17 19 25
15 19 18
11 14 15
3 7 16
6 9 14
22 1 21
8 12 28
6 8 4
20 0 8
14 16 19
14 17 26
10 11 5
10 13 27
22 23 2
4 6 28
9 11 21
15 18 4
10 14 12
13 15 6
5 5 2
10 13 5
7 10 28
4 5 25
15 17 23
10 11 27
18 18 4
0 3 22
20 23 5
0 2 21
14 16 3
1 4 21
20 22 14
12 15 4
15 17 16
0 1 21
2 4 27
1 3 27
23 2 8
15 17 15
9 10 13
23 2 18
9 11 15
1 4 9
8 11 28
0 0 29
22 23 28
22 1 13
9 12 23
1 2 24
0 2 18
7 9 23
12 14 1
0 3 14
3 5 9
8 11 5
3 7 18
11 14 26
5 6 27
10 12 3
2 4 28
10 12 1
10 13 30
3 4 25
19 21 9
7 9 3
0 1 14
17 18 21
5 7 15
19 20 19
19 19 2
18 20 19
11 11 25
7 9 22
7 9 30
3 6 5
19 23 28
2 5 13
1 3 12
23 1 26
10 12 28
19 21 4
15 16 26
0 1 10
4 6 11
22 0 1
4 5 3
6 9 12
13 16 1
7 11 24
11 15 26
21 0 15
13 15 21
16 17 26
7 8 27
2 4 23
19 20 30
21 1 2
18 20 27
5 7 17
16 18 29
15 17 22
2 6 10
13 16 12
1 1 15
11 13 20
20 22 15
5 6 7
10 12 14
3 5 10
23 0 4
0 0 9
11 14 18
16 18 17
18 19 18
1 2 23
4 9 29
8 8 25
9 10 16
5 7 28
10 13 26
1 3 11
11 14 24
23 2 28
22 23 12
3 5 6
12 12 29
11 13 1
0 2 23
20 20 10
10 12 23
12 14 23
16 18 1
0 2 23
3 5 22
16 17 26
21 22 5
18 20 1
10 12 28
23 0 25
15 18 17
16 18 15
2 5 12
17 19 1
9 11 3
22 0 25
20 19 14
14 15 28
9 12 23
16 19 7
4 7 17
14 17 27
2 4 3
1 3 17
11 14 15
1 3 7
21 23 30
8 10 20
11 13 17
8 11 24
15 18 24
8 11 28
17 20 10
20 23 26
8 10 26
20 23 15
5 6 10
6 8 2
11 12 24
10 10 17
14 16 4
1 4 3
5 8 28
19 22 13
11 13 17
21 23 4
5 6 26
3 5 5
16 18 6
0 3 5
18 19 10
20 21 11
4 7 12
19 21 22
7 8 11
3 5 28
14 16 22
5 8 6
20 23 12
17 19 4
8 10 22
18 19 3
2 4 5
21 0 14
22 23 9
3 5 12
22 1 28
2 3 6
14 14 30
16 18 13
7 7 11
3 4 29
15 17 18
12 13 20
19 20 15
9 12 23
22 23 12
0 3 12
13 16 25
0 1 12
9 11 28
23 1 7
6 9 28
12 12 12
5 8 19
11 14 29
9 10 17
2 5 17
12 13 23
3 4 23
20 22 13
2 3 20
3 5 6
11 14 19
19 21 24
8 10 17
18 21 16
16 20 2
7 10 8
3 7 26
17 19 26
21 23 17
17 19 11
8 10 6
15 18 10
10 12 17
8 10 18
15 16 29
5 9 9
4 8 8
16 18 18
3 5 15
0 3 5
12 13 25
9 11 5
12 13 30
16 17 15
18 21 23
5 7 17
10 12 3
5 6 1
7 10 15
21 1 13
5 7 28
20 21 4
2 5 17
20 23 11
3 5 11
22 22 11
23 1 6
19 23 22
14 15 13
22 0 24
7 9 14
22 1 8
20 21 30
0 1 6
13 15 20
19 23 2
0 0 9
22 1 13
21 0 2
17 20 8
19 21 4
16 20 17
21 0 17
2 4 19
0 2 15
20 22 24
18 19 16
21 22 1
21 1 15
17 18 14
13 17 11
14 17 11
15 18 27
11 12 17
3 7 12
18 18 8
21 1 26
2 4 5
3 5 13
17 19 7
6 8 4
0 1 9
10 13 13
17 20 27
20 22 19
22 2 1
20 22 16
7 9 14
7 9 22
13 16 7
10 13 20
12 13 8
18 20 14
20 21 18
22 0 15
10 11 1
7 9 21
6 9 18
23 1 22
7 7 18
20 22 15
22 0 20
1 3 24
19 21 13
0 2 8
23 1 10
15 17 2
17 18 9
18 20 1
17 20 20
9 10 5
12 14 11
15 17 18
7 9 26
17 19 25
2 5 14
6 7 4
21 0 7
10 12 21
4 8 29
3 5 30
19 20 24
0 3 20
2 5 29
17 18 5
2 3 1
16 18 28
17 19 7
20 22 13
0 3 9
23 2 12
19 21 23
21 23 26
8 10 22
4 4 12
1 3 23
5 9 29
2 4 29
0 2 21
8 11 27
11 13 24
1 1 28
5 7 5
20 23 28
15 16 28
8 10 28
15 18 23
23 1 27
19 21 17
1 4 14
14 16 3
12 14 28
18 22 10
22 0 21
12 13 2
12 14 27
4 5 22
4 6 4
13 14 10
23 2 19
14 15 9
4 6 22
12 13 29
4 5 29
3 3 15
9 9 5
14 16 13
14 16 10
7 9 17
22 23 7
18 20 25
14 15 5
8 9 7
8 9 24
4 7 7
18 20 9
19 22 24
16 19 2
4 6 1
23 0 23
9 10 14
23 0 4
3 7 10
10 13 12
4 6 14
2 4 23
11 13 10
14 14 4
23 0 15
3 6 20
20 0 1
20 21 6
2 3 24
20 23 2
7 7 12
8 10 1
3 5 24
19 21 17
4 6 23
18 20 1
6 8 25
18 21 16
8 11 30
19 22 4
6 9 12
2 4 22
11 13 25
12 15 9
5 10 3
20 22 23
1 0 3
23 2 18
17 17 5
5 8 26
12 15 29
6 9 22
2 5 6
22 0 5
19 20 29
16 20 13
7 9 3
2 3 27
17 19 20
23 2 5
12 15 15
20 22 25
3 7 26
23 0 19
20 20 27
19 22 7
0 2 13
5 8 23
5 8 8
2 5 20
13 16 24
16 19 17
11 14 21
4 7 2
22 23 22
20 22 26
4 5 9
13 16 20
20 22 4
22 2 30
7 10 2
12 13 19
2 3 1
21 0 22
17 18 30
1 3 19
10 14 17
16 18 17
23 23 28
0 2 28
16 20 2
