310 30
27 10 27 22 22 16 25 13 19 15 5 28 8 20 17 15 1 1 9 5 5 13 9 5 29 21 23 2 5 21 
2 5 20
6 8 5
3 6 4
11 12 25
12 13 23
7 7 6
18 21 12
18 19 20
18 21 28
4 5 27
13 16 29
14 17 27
9 12 3
13 15 19
7 9 8
8 10 17
5 7 13
9 8 7
17 21 5
17 20 3
3 5 20
13 16 19
1 3 3
9 12 25
9 10 22
9 10 14
18 20 21
6 8 10
17 20 14
4 5 21
11 14 13
5 7 28
23 0 4
21 23 30
15 16 17
23 3 2
10 12 20
3 4 13
23 0 22
10 12 21
11 14 4
23 1 24
3 5 30
2 3 16
1 3 12
6 9 27
16 19 26
21 23 11
12 15 21
2 3 19
9 11 14
7 10 6
22 23 27
7 11 28
13 15 16
20 22 20
19 21 18
19 21 9
5 7 8
7 9 18
13 13 21
0 1 3
19 22 13
17 19 27
19 20 18
21 0 28
11 13 27
22 23 4
3 5 21
2 6 14
21 21 12
15 15 21
13 15 23
11 12 24
14 17 1
7 10 29
9 11 14
2 3 26
23 3 2
18 20 14
10 12 14
1 3 10
9 11 30
12 13 19
17 18 5
7 8 1
18 19 12
17 19 2
18 20 20
4 5 5
17 19 16
23 2 28
4 6 28
21 22 13
15 17 15
21 23 30
20 21 9
11 12 28
15 17 21
2 3 9
16 19 15
12 13 15
8 11 6
7 9 13
6 9 14
5 7 25
10 12 22
4 7 15
12 14 1
21 22 5
14 15 23
2 4 5
13 15 18
16 18 4
0 2 15
22 0 30
13 15 12
0 2 11
5 6 20
19 20 16
9 11 29
16 19 16
9 11 21
4 6 14
11 12 13
13 16 19
3 5 15
18 21 2
4 5 23
11 13 29
2 3 25
22 23 15
16 18 6
19 20 5
3 6 20
8 10 30
0 1 12
4 8 7
7 8 17
18 21 9
20 1 22
20 21 8
16 17 22
4 5 11
14 15 11
0 3 10
20 22 10
2 3 21
9 9 16
6 9 15
15 17 15
18 19 18
4 6 25
17 19 30
13 15 13
15 16 18
6 8 14
5 6 2
5 8 6
21 22 5
10 11 20
17 20 10
10 12 21
12 14 20
2 3 25
9 9 23
5 8 23
16 18 19
0 3 10
17 19 16
18 20 8
6 9 9
11 13 3
19 23 17
5 5 3
2 5 12
20 22 15
22 22 14
16 19 17
16 18 18
14 15 8
12 14 10
8 10 8
21 23 20
20 22 24
21 23 13
7 8 7
3 3 17
19 20 24
20 20 16
23 1 4
0 2 27
2 2 21
18 21 30
18 22 10
23 0 18
4 5 2
19 20 12
6 7 22
0 2 29
15 17 6
5 6 23
11 15 4
22 23 17
2 4 22
18 20 23
2 6 10
3 5 17
8 11 16
1 3 4
1 3 7
8 9 22
8 10 24
2 3 19
2 5 4
0 1 25
6 9 11
3 5 18
11 14 10
16 18 1
5 8 7
15 17 6
8 8 24
7 9 2
13 15 3
3 5 6
17 18 1
15 18 14
14 15 19
16 16 26
14 17 22
0 2 14
17 20 24
23 0 16
16 16 23
0 1 13
14 14 19
2 4 13
4 5 19
14 16 11
20 22 8
9 11 18
3 5 13
18 20 22
13 13 14
3 6 24
12 14 3
11 13 7
2 4 26
21 23 23
15 17 25
19 20 14
9 10 24
16 18 16
23 0 30
11 14 16
12 14 13
6 8 21
12 14 22
22 1 18
16 18 17
11 13 24
18 20 22
22 0 21
21 22 9
16 19 14
20 23 27
12 14 15
11 13 16
11 14 3
10 11 4
1 2 6
21 22 7
15 15 22
0 3 2
5 7 3
12 14 21
0 1 20
4 8 9
10 11 4
19 21 24
14 17 25
13 14 15
17 20 14
1 4 21
0 2 10
19 19 6
23 0 28
13 16 25
18 19 3
17 19 28
0 2 10
1 3 6
16 17 29
22 1 2
17 18 20
0 2 18
6 11 14
13 15 9
23 1 22
16 19 4
7 10 16
10 12 28
9 11 8
4 6 21
22 0 8
23 1 14
6 10 24
2 5 28
11 13 22
