320 30
25 27 29 26 20 4 13 17 8 21 12 1 4 13 15 3 21 19 13 13 3 9 19 9 30 17 21 19 12 29 
23 1 17
16 20 15
0 3 9
13 16 1
7 10 24
9 10 6
15 18 11
3 4 14
2 3 3
17 20 13
14 15 24
13 12 24
23 2 23
19 19 17
9 11 25
13 13 1
11 14 23
9 13 11
22 0 8
11 14 1
5 6 18
15 15 13
7 9 13
19 20 22
23 0 10
2 4 30
15 18 29
5 7 24
17 19 16
2 4 25
17 20 7
3 4 3
14 15 22
18 20 22
2 4 27
18 20 7
2 4 13
1 3 6
23 0 7
7 10 26
23 1 18
23 2 1
2 4 23
17 21 21
20 23 10
21 0 20
6 8 10
3 5 20
0 0 17
19 22 9
14 18 24
7 10 15
19 22 12
16 18 17
19 22 18
18 19 19
8 10 29
10 12 3
9 9 1
7 8 30
14 17 14
19 21 14
23 0 18
15 18 13
10 12 19
16 19 30
13 15 23
4 5 1
4 6 24
20 22 25
1 2 2
1 4 30
22 0 3
17 19 30
17 21 21
21 1 9
20 23 18
9 11 30
15 18 28
12 13 12
22 22 14
20 22 21
4 4 26
22 0 19
14 16 9
22 1 11
11 14 8
2 5 8
1 3 1
6 10 19
14 15 4
11 14 12
18 22 8
20 0 24
7 9 6
17 19 25
3 6 18
14 17 30
3 5 11
5 6 24
16 15 8
23 2 18
21 0 3
20 21 24
0 2 12
21 22 26
9 12 15
15 15 1
11 12 4
18 19 1
9 11 24
20 23 12
6 8 18
21 21 17
13 15 20
23 1 20
7 8 20
17 18 21
19 22 17
17 19 2
1 4 13
1 3 16
21 22 13
14 14 20
12 14 14
9 10 16
18 21 16
6 7 4
9 11 3
7 10 30
9 10 24
13 16 20
23 0 18
6 7 2
0 1 11
5 5 13
9 11 18
19 21 8
7 8 1
14 17 6
13 15 22
8 9 5
1 3 29
9 11 4
22 2 24
6 9 20
1 4 27
21 22 24
20 23 27
0 3 19
16 19 6
14 16 9
15 17 5
11 15 18
11 14 16
17 19 22
21 23 15
14 18 11
5 7 29
13 15 9
13 15 7
20 22 26
14 16 21
21 0 27
22 1 11
5 6 24
23 3 15
5 6 11
21 23 6
21 23 25
19 23 1
17 19 13
2 3 20
21 22 6
23 1 3
3 7 24
7 7 17
8 9 22
14 15 20
18 19 5
6 7 7
10 11 18
12 14 29
7 10 21
20 21 10
19 21 22
7 10 19
5 7 17
20 23 15
6 7 21
1 4 25
8 10 15
1 2 23
2 5 6
6 7 30
12 12 29
5 8 15
15 17 25
22 23 4
1 1 26
8 10 9
4 7 14
21 23 3
11 13 23
13 15 26
12 13 4
14 15 23
5 7 23
6 7 10
14 14 16
18 22 16
11 12 28
6 8 12
1 4 4
12 16 28
5 7 21
13 14 20
16 18 8
4 7 8
9 11 7
11 13 14
11 12 2
21 22 9
21 0 10
6 8 16
22 22 11
5 7 6
14 16 18
15 19 7
7 9 10
22 23 19
4 6 17
9 11 27
10 12 5
23 2 5
15 18 27
3 4 19
17 18 28
17 18 18
12 15 9
13 15 20
14 16 3
7 9 8
20 22 2
21 0 26
23 0 27
8 12 14
1 3 24
16 17 7
2 3 15
5 9 10
4 8 20
14 16 3
10 14 19
16 18 24
23 2 27
14 16 15
15 17 4
5 7 21
20 22 24
18 21 20
1 5 9
1 3 21
0 2 14
0 3 24
13 14 27
21 23 12
0 1 5
8 11 6
8 11 12
9 12 10
13 15 21
6 8 1
13 15 25
5 6 7
18 19 7
19 20 15
14 16 23
23 2 30
11 13 15
15 19 30
16 18 19
23 0 13
21 21 14
5 7 4
3 5 10
21 21 21
13 17 26
16 17 3
19 19 7
12 14 22
23 1 22
22 23 12
10 11 23
15 19 5
4 5 19
23 2 26
13 17 15
7 10 7
19 22 3
7 8 20
19 20 25
15 16 10
6 8 12
5 7 16
9 13 7
22 0 5
9 8 28
15 16 8
10 11 29
5 7 16
11 12 24
20 20 17
15 17 22
7 9 30
22 1 27
10 12 9
4 5 15
21 23 8
4 6 3
