3280 30
30 15 17 8 19 29 8 8 19 10 3 10 19 17 17 9 1 11 29 18 9 4 7 16 4 4 13 13 10 22 
10 9 13
2 2 1
6 10 7
23 2 10
3 3 20
3 6 6
0 3 26
6 8 23
23 2 11
19 23 7
18 20 17
18 20 17
16 16 2
22 2 28
21 23 19
9 12 20
14 16 13
1 2 3
23 0 21
6 7 3
16 19 30
22 2 7
1 3 26
7 9 13
0 2 3
8 10 2
19 22 25
19 21 5
1 2 23
3 4 17
22 0 6
22 0 25
18 18 20
0 3 6
19 20 5
14 17 12
14 15 23
14 16 12
19 21 6
19 21 29
22 23 13
8 10 25
7 10 15
19 22 7
3 4 4
1 3 12
0 2 28
3 4 25
19 21 25
6 9 26
17 18 29
6 8 5
6 8 23
18 20 5
21 0 23
10 10 10
0 2 25
1 3 9
13 15 29
12 13 27
2 4 3
8 10 24
5 8 14
13 16 1
13 14 21
2 3 28
7 9 15
0 3 24
14 18 29
5 9 15
3 5 5
22 0 2
20 23 2
21 0 22
14 17 17
15 17 4
3 5 24
4 6 21
21 0 16
1 3 23
4 7 5
8 11 6
1 4 25
17 18 18
13 14 10
14 17 22
20 23 8
10 13 8
6 10 20
0 1 14
19 21 13
19 20 12
17 19 22
21 23 30
22 23 19
8 9 21
23 1 12
5 10 28
0 2 18
5 5 27
14 18 25
6 8 27
16 17 7
14 18 17
17 19 4
9 10 24
11 14 12
23 2 12
2 3 10
12 13 25
16 17 13
14 16 30
18 19 12
16 18 13
13 16 10
18 19 4
12 14 5
6 8 12
11 14 18
12 14 18
11 14 14
23 2 5
3 6 7
7 8 6
10 11 11
17 18 30
11 13 5
0 0 16
16 18 26
20 23 7
12 14 6
6 7 15
16 16 5
16 18 16
6 8 3
17 19 28
22 0 25
17 18 7
18 21 26
5 7 24
14 16 21
17 19 12
0 1 25
23 1 4
17 19 27
20 21 26
13 15 1
18 22 1
21 23 18
15 14 16
14 16 14
21 0 14
6 8 6
4 6 3
10 12 20
19 21 25
4 7 14
18 23 25
10 12 3
14 15 9
19 21 6
15 17 22
7 10 4
4 4 3
16 17 11
2 5 13
4 6 13
16 20 23
16 19 4
17 21 19
15 18 22
15 16 5
7 10 23
9 11 8
8 11 28
7 7 8
0 3 9
11 14 11
16 17 27
9 11 22
1 1 30
6 8 2
16 17 10
4 7 19
10 11 16
16 19 18
13 16 15
6 9 7
23 1 13
14 16 16
19 20 26
15 17 16
17 20 15
16 19 20
23 2 25
13 15 17
14 14 25
10 12 1
6 6 29
2 4 4
10 13 22
7 6 25
20 21 19
13 15 23
14 16 2
12 14 30
23 1 26
9 8 13
4 3 7
11 12 12
22 23 23
9 10 21
18 19 22
21 21 12
11 13 8
14 16 1
6 8 22
9 10 13
9 10 29
12 12 13
22 1 12
7 10 5
11 13 7
6 8 1
4 8 14
20 22 8
13 14 15
14 17 11
14 16 22
6 8 15
2 5 14
23 1 24
18 21 15
11 15 26
0 1 26
21 23 28
9 11 26
21 22 17
17 19 4
8 12 12
22 0 11
22 23 25
16 18 23
21 23 21
7 10 10
22 1 25
6 7 11
22 23 6
3 4 29
18 20 4
19 21 6
3 4 28
0 3 22
18 19 3
8 10 15
3 5 9
13 15 18
17 19 28
3 6 6
18 19 27
13 16 12
1 6 11
7 10 28
11 13 22
4 6 24
6 8 19
12 14 20
12 15 25
11 12 15
12 14 15
10 12 1
0 2 24
16 18 29
14 17 24
0 1 2
0 3 18
18 21 9
6 9 16
4 6 3
14 16 5
5 7 12
21 22 20
21 23 20
15 18 26
16 18 17
10 13 8
20 21 19
15 18 28
6 7 23
22 1 25
14 14 10
14 17 22
0 2 20
17 19 3
3 4 15
11 12 20
14 16 18
7 9 2
8 11 3
8 10 17
15 17 3
1 3 17
6 8 4
13 15 12
1 3 10
17 21 14
23 0 27
21 23 1
23 1 15
20 21 14
18 20 7
15 16 22
2 4 22
23 0 18
8 10 16
5 5 27
16 19 16
10 12 22
19 20 20
19 21 22
20 22 3
20 21 30
15 17 9
4 5 2
16 21 22
3 5 26
4 6 15
3 4 6
8 10 4
20 21 9
5 7 3
1 1 19
16 19 22
19 21 4
13 14 10
23 1 10
16 16 26
13 16 5
12 14 7
4 6 10
12 13 28
8 11 8
11 11 22
23 2 2
7 9 10
20 21 7
12 15 15
1 4 20
18 19 5
7 8 28
4 6 3
11 13 8
23 1 10
9 12 5
7 9 30
21 22 5
14 15 24
17 18 22
6 7 26
5 6 18
8 10 4
15 16 12
3 5 6
9 11 11
19 20 30
22 0 27
2 3 17
9 11 24
3 5 6
2 4 29
14 16 6
23 1 9
1 4 27
15 17 20
1 2 14
22 2 16
11 13 26
4 3 15
22 23 18
3 5 21
19 21 1
14 15 29
9 10 29
22 23 12
2 4 2
17 19 23
6 7 17
12 14 28
23 2 12
8 10 12
19 21 5
22 0 3
21 22 17
8 10 25
23 0 11
22 23 9
8 10 18
1 3 30
5 8 5
5 7 18
17 21 29
15 16 10
0 1 9
0 3 24
16 16 28
20 21 24
13 14 14
16 17 2
16 19 5
16 18 5
19 20 30
1 4 9
21 0 8
8 8 24
3 6 25
3 4 7
20 22 27
17 19 13
17 20 9
6 8 22
4 5 17
5 5 19
13 14 23
2 5 7
9 10 26
6 7 29
1 2 27
10 11 18
7 9 12
15 16 10
4 6 29
12 13 22
16 18 17
3 7 17
14 17 16
9 11 3
7 9 28
9 13 1
23 0 19
22 23 4
0 2 11
13 18 5
7 9 1
13 16 18
20 23 27
4 7 27
3 7 5
23 0 10
6 8 2
10 10 2
21 23 11
22 23 11
2 3 13
6 9 12
11 12 15
23 0 11
11 12 18
11 14 11
3 5 21
4 6 15
14 16 4
5 7 23
5 8 28
22 23 24
9 12 15
11 13 24
12 15 22
10 13 18
19 20 5
1 2 9
20 22 7
14 17 15
6 9 16
8 8 3
9 11 27
6 7 28
11 13 16
1 4 25
11 14 26
18 20 19
1 2 11
14 15 6
1 4 10
1 4 22
2 3 19
11 15 10
16 20 21
6 8 7
2 2 22
4 6 22
18 21 1
6 5 15
17 19 28
0 2 20
3 3 13
6 9 8
17 19 29
4 7 28
6 9 23
7 10 26
6 6 22
7 8 20
22 1 29
3 4 7
20 22 9
15 17 17
5 6 16
7 9 24
12 14 27
2 6 10
11 12 10
0 3 18
19 21 15
19 22 15
10 12 10
20 20 14
8 10 24
18 20 21
2 2 17
8 11 1
21 22 25
6 7 17
4 7 6
14 15 8
14 16 17
15 17 2
6 9 10
20 22 29
4 8 30
9 12 24
21 0 6
7 11 14
21 23 26
1 1 13
1 2 3
18 19 23
1 3 7
17 16 18
7 9 9
23 0 28
4 6 29
18 21 19
5 7 9
2 5 4
12 13 4
6 8 22
18 19 10
23 23 18
2 3 21
10 11 11
5 6 6
8 10 29
18 18 17
14 16 23
21 22 22
8 10 15
11 11 25
6 7 2
22 0 8
19 21 1
1 3 6
19 20 28
14 17 22
2 3 16
18 19 5
7 8 21
18 20 21
12 13 30
7 10 21
19 20 3
18 21 9
17 16 17
23 2 27
17 18 7
22 1 10
12 15 14
15 18 3
8 10 24
10 13 5
20 22 3
13 17 6
15 18 22
14 15 14
17 19 10
9 12 15
2 3 21
16 17 12
7 9 7
11 14 9
23 2 16
9 12 28
1 5 16
15 19 18
13 16 23
6 7 22
0 1 23
2 4 8
17 19 9
6 9 17
20 22 14
16 18 21
18 21 2
3 5 28
9 11 5
10 12 22
16 20 10
2 5 6
17 18 22
10 11 7
11 15 25
15 16 10
8 10 14
20 22 22
2 6 19
22 0 18
16 16 6
12 13 24
6 8 23
16 19 8
21 23 26
23 0 17
4 5 28
7 8 27
12 15 22
10 13 2
14 15 30
19 20 13
10 14 4
15 17 10
4 6 24
7 9 7
8 8 3
6 9 29
10 13 10
1 3 10
17 19 17
1 3 4
3 5 10
17 19 1
22 23 27
3 6 28
14 16 15
8 8 22
1 4 22
0 4 6
23 1 27
22 0 5
7 10 13
17 17 1
10 12 3
13 14 2
23 0 19
15 17 25
3 5 19
14 17 19
16 17 19
16 19 22
13 15 16
1 2 6
13 14 29
2 4 13
5 5 14
9 12 8
22 23 21
1 3 27
3 5 2
1 4 11
22 1 29
22 0 13
2 3 20
14 15 2
5 6 3
1 3 19
2 4 29
10 12 14
5 7 15
9 11 14
0 1 14
14 15 5
4 7 27
15 19 23
9 12 4
7 9 14
15 18 30
16 16 18
4 5 25
2 3 30
16 18 11
22 22 1
7 9 21
21 23 27
23 23 29
8 10 7
9 11 6
10 11 11
17 18 23
22 1 21
4 6 22
18 19 22
2 5 2
12 11 15
10 14 29
7 10 20
17 20 11
1 3 10
2 4 29
21 23 18
10 10 12
5 7 5
8 12 25
9 12 27
11 13 7
7 9 8
9 11 22
1 3 3
11 12 21
19 23 19
2 4 11
17 19 14
12 13 29
5 7 25
17 19 10
15 17 12
18 20 13
11 14 22
10 11 20
9 10 22
7 10 29
5 7 4
5 8 19
22 1 13
15 18 12
19 22 17
4 6 1
21 0 24
3 4 16
22 23 9
3 4 18
6 9 23
22 0 23
5 7 24
15 20 29
10 12 1
13 15 5
19 22 29
4 6 17
14 15 29
23 1 14
22 22 22
19 21 20
2 4 19
16 18 26
0 3 4
1 3 2
20 22 30
0 1 14
3 6 2
12 14 12
19 22 17
8 10 28
22 2 28
18 21 6
12 13 14
10 12 23
17 18 14
5 7 1
5 8 27
8 11 18
6 9 26
21 21 7
0 1 7
1 3 14
18 22 18
20 22 10
15 17 11
21 22 4
9 10 5
20 22 20
21 23 9
16 19 18
5 8 8
8 10 27
18 22 21
21 22 6
10 14 9
16 18 24
8 9 5
6 9 25
1 2 10
5 8 8
2 4 16
20 23 6
22 2 10
6 7 13
6 7 19
22 2 2
10 11 9
0 1 10
2 1 14
23 0 19
11 13 22
9 12 21
9 10 15
22 2 4
4 5 18
12 14 10
9 13 11
17 20 27
18 19 20
14 16 8
0 2 15
15 16 20
21 21 4
8 8 3
11 11 24
22 1 12
0 3 12
1 3 6
0 3 2
10 12 10
7 9 14
4 8 14
8 10 2
6 8 17
23 0 28
7 9 10
4 6 17
17 19 15
8 11 28
5 7 1
6 8 1
8 10 29
19 21 10
19 22 6
15 16 24
2 4 23
15 17 26
0 1 23
23 23 13
18 22 4
1 2 3
13 17 13
20 23 8
10 12 3
16 16 19
19 23 7
1 3 12
1 4 12
4 7 21
11 13 11
13 13 24
5 7 15
21 22 27
16 19 1
1 4 2
4 6 18
5 7 24
21 22 3
14 15 22
16 16 14
2 4 5
17 17 20
21 22 26
4 7 18
19 20 10
14 16 28
11 12 1
8 9 1
8 11 26
13 16 18
2 4 24
10 13 12
13 14 8
11 13 30
17 18 21
19 21 9
7 8 13
21 22 2
19 20 20
2 5 8
0 3 20
5 7 16
6 8 7
4 8 25
16 18 6
22 23 22
21 21 10
2 3 21
19 21 3
21 23 23
12 12 11
3 5 5
3 4 9
6 10 25
9 11 12
20 23 12
18 20 26
8 10 30
17 20 13
13 14 2
6 9 29
2 5 29
4 5 12
16 17 23
14 16 21
4 5 10
6 7 27
15 17 25
19 21 13
21 23 7
18 19 9
8 10 13
6 6 14
15 16 8
23 1 13
16 17 25
8 10 19
14 17 16
9 10 8
6 8 27
21 23 13
18 19 14
3 5 18
9 12 24
14 16 23
13 15 1
5 8 5
4 6 17
10 13 24
9 13 2
17 20 11
21 23 1
5 8 4
18 20 30
1 4 2
2 6 10
19 22 10
10 13 16
2 4 16
18 19 7
12 16 11
10 13 24
5 8 16
0 3 12
5 7 29
14 15 2
3 6 22
19 22 30
17 18 10
10 9 12
23 23 25
11 13 19
4 6 4
9 12 29
22 21 30
11 14 10
14 16 10
8 9 28
7 9 2
11 13 26
23 2 24
2 4 3
7 9 26
21 23 21
1 5 26
10 13 2
3 5 29
8 12 15
4 6 26
22 23 2
5 7 22
3 6 14
1 2 2
6 7 30
18 20 1
15 15 7
16 18 29
10 11 7
0 1 18
21 22 17
3 4 7
3 4 25
14 17 7
0 2 26
10 12 29
2 4 18
8 10 7
18 20 16
1 2 10
15 17 6
2 4 5
7 9 14
10 13 9
11 12 22
7 8 28
12 14 11
9 12 5
13 14 19
3 4 27
12 14 4
23 2 23
7 12 8
6 8 6
10 13 8
19 20 28
14 16 6
3 5 21
1 2 26
0 2 30
1 3 8
22 23 6
9 10 13
2 4 8
16 18 19
22 1 19
16 18 14
17 18 30
10 13 23
1 3 15
11 12 14
19 21 9
4 5 14
4 5 30
2 3 29
21 22 20
9 11 15
23 2 18
13 16 10
7 8 8
10 12 5
18 20 29
15 17 8
19 20 9
15 17 28
14 16 28
5 7 16
19 22 9
14 15 18
3 3 5
23 0 16
3 7 12
10 13 5
2 6 11
23 1 21
13 15 24
9 11 12
6 8 27
10 11 4
19 23 5
4 6 8
22 1 11
12 16 26
17 20 29
0 4 29
1 3 18
11 13 3
13 15 11
3 5 4
4 7 13
22 1 25
20 22 3
15 18 3
3 4 18
4 6 28
8 11 24
5 8 24
18 22 1
19 20 8
17 18 20
9 12 11
18 19 9
16 18 22
23 1 5
9 11 2
12 15 13
15 17 16
2 4 14
20 22 27
10 11 10
0 3 9
8 11 22
13 15 9
20 20 17
13 15 30
21 0 8
17 21 9
9 11 18
9 12 17
5 8 11
0 3 1
18 21 13
7 9 23
10 12 23
9 12 23
18 19 8
5 5 15
7 9 4
9 11 10
6 9 9
20 0 13
20 0 16
9 10 1
10 11 28
3 5 10
7 10 25
7 10 26
21 23 10
22 0 30
10 9 12
17 17 3
17 19 27
2 4 2
3 4 26
16 17 14
18 22 4
9 11 2
4 4 28
3 6 5
1 3 17
6 7 20
1 3 23
10 11 18
5 6 6
0 2 14
8 9 23
14 18 12
11 12 8
5 8 7
8 8 25
4 6 3
12 14 16
9 11 2
22 0 24
20 21 7
4 6 23
9 12 20
8 9 15
0 1 28
1 3 11
0 2 11
4 6 27
20 22 11
11 13 4
10 12 6
17 19 5
22 3 10
2 3 24
16 18 26
0 3 20
18 19 30
9 10 16
21 22 6
14 16 21
9 11 27
20 0 22
22 0 15
0 3 15
16 17 1
6 8 2
6 9 9
18 20 26
5 6 30
21 22 16
3 5 22
17 18 24
13 16 11
8 9 27
15 18 27
13 15 28
13 15 17
16 18 10
16 19 8
19 20 3
10 11 12
22 0 24
10 13 12
2 5 11
15 15 6
13 14 3
10 12 11
23 0 14
8 10 18
13 15 4
18 19 4
7 10 2
8 11 17
4 8 15
12 14 18
12 15 10
6 9 28
4 4 2
9 11 30
19 20 26
6 8 6
20 23 14
13 14 2
2 2 21
23 2 27
13 15 23
14 16 29
5 7 14
18 20 30
20 21 15
2 3 29
15 17 7
23 1 16
14 16 6
20 23 13
23 1 13
18 22 18
2 5 22
0 2 30
18 20 21
16 18 6
19 21 8
8 10 27
19 21 27
9 11 26
10 14 10
16 18 18
0 0 4
10 11 27
16 17 10
2 4 20
23 3 14
2 5 7
0 2 20
9 11 9
19 21 30
23 1 27
8 10 16
2 3 13
2 5 6
14 16 21
10 13 27
3 5 14
3 6 20
14 17 17
11 14 6
6 10 27
10 12 14
5 7 26
17 18 5
0 3 24
2 4 14
23 2 20
20 0 18
4 7 11
9 11 9
6 9 2
19 21 15
16 19 15
7 10 14
3 6 13
20 21 26
10 12 7
22 0 19
10 11 23
8 9 11
13 15 10
5 6 11
12 15 19
20 23 6
13 14 28
1 3 11
12 13 14
12 15 2
8 9 20
19 20 9
20 21 17
19 21 6
9 12 16
18 20 17
8 11 6
0 2 7
18 19 10
10 11 3
5 8 13
2 4 27
14 17 30
12 12 20
3 4 10
7 7 25
21 23 30
6 8 10
9 12 6
6 5 4
21 23 28
0 2 14
11 13 18
14 15 10
5 6 29
6 8 20
1 3 30
16 18 17
18 19 30
23 1 16
5 7 21
20 23 24
5 6 21
20 22 25
15 19 4
10 13 17
11 12 24
16 16 13
8 9 19
4 7 10
21 22 30
9 12 26
9 9 20
10 13 3
8 10 12
20 23 3
14 16 14
5 6 6
17 19 16
18 19 19
14 17 17
13 14 21
0 2 25
13 14 14
11 13 17
8 10 17
15 17 18
15 16 2
17 19 8
15 17 12
5 8 24
4 6 16
14 15 22
21 0 26
16 18 13
13 15 6
18 20 13
11 13 22
2 6 19
8 10 25
4 5 25
0 2 29
10 12 18
20 19 28
13 16 6
22 0 24
7 9 16
19 20 30
10 11 25
3 4 5
15 19 26
19 21 3
21 0 3
8 10 23
18 22 9
14 14 14
7 9 14
10 12 14
13 16 27
10 13 12
22 0 28
22 0 5
17 21 21
16 18 21
6 9 10
7 9 23
15 17 26
11 13 23
7 8 4
13 14 19
9 12 3
18 20 12
2 3 17
16 18 2
18 22 22
18 18 26
8 11 6
0 2 10
15 16 1
13 13 8
17 18 4
19 22 20
7 8 23
14 16 14
10 12 22
15 18 23
22 22 23
18 20 1
14 18 15
14 16 26
2 2 17
4 5 29
4 6 22
2 5 26
1 2 9
2 4 30
8 10 18
17 18 23
0 3 6
3 5 2
18 20 21
14 16 6
18 21 9
19 20 27
16 17 14
10 13 9
21 0 7
18 21 7
2 6 1
23 0 8
0 2 20
5 8 26
21 0 4
14 14 28
23 1 22
21 0 13
9 12 24
21 1 6
0 4 1
13 12 7
10 12 16
21 0 14
9 11 4
7 10 24
11 12 21
6 7 25
20 22 24
0 2 24
22 23 19
0 3 2
2 3 12
18 19 2
9 10 14
21 22 14
19 21 9
4 7 30
17 18 27
1 2 9
7 10 14
6 7 19
23 23 16
22 0 26
7 11 25
19 19 13
21 21 20
11 14 23
8 11 13
10 13 28
22 0 6
23 1 9
5 8 7
11 12 5
15 16 5
6 8 13
4 6 13
1 3 28
9 10 16
11 13 27
2 4 14
12 12 26
9 13 5
17 19 14
3 4 24
20 22 2
14 15 2
14 15 15
13 14 24
14 16 17
9 12 28
11 11 19
2 3 28
14 17 26
13 16 27
13 15 10
22 0 13
22 0 5
20 22 1
9 12 3
2 4 7
16 16 19
21 23 16
21 23 8
1 3 1
1 3 1
3 4 11
10 13 5
14 16 17
2 5 10
4 7 23
19 22 25
23 0 12
19 21 1
9 10 14
20 20 25
17 20 23
9 12 30
16 18 7
1 2 22
13 16 25
20 22 2
6 9 3
9 12 18
14 17 26
15 16 8
18 21 10
6 7 5
23 0 30
2 6 9
16 18 4
6 9 7
16 17 15
12 13 4
3 5 16
12 15 7
22 1 15
8 11 9
4 6 4
15 17 1
16 19 10
17 20 25
3 5 16
13 16 26
1 3 27
9 10 7
22 0 21
20 21 18
21 22 7
9 12 19
10 11 11
20 21 20
5 7 17
6 7 14
11 11 23
7 9 16
23 1 22
12 14 22
7 10 5
1 2 17
21 1 21
3 6 27
14 16 8
14 16 24
1 5 21
23 2 10
18 21 9
3 5 5
18 18 26
6 7 5
7 9 1
4 6 25
8 11 6
17 19 11
23 0 12
12 15 9
18 21 29
17 18 25
6 8 12
11 11 17
2 5 19
4 6 26
18 19 4
18 20 27
21 23 15
8 9 4
1 2 28
15 17 6
3 6 27
5 5 16
14 14 27
0 3 25
11 11 20
6 9 30
8 8 18
4 7 17
2 5 30
19 22 22
22 1 28
9 12 6
20 23 10
20 0 15
9 9 18
15 18 27
17 18 30
14 16 27
14 16 13
15 18 7
19 22 11
8 10 2
17 18 29
22 0 25
5 7 25
2 5 21
6 8 3
8 10 24
11 12 25
5 6 20
3 6 30
12 13 23
4 4 14
2 5 21
20 22 18
8 10 3
22 23 20
16 19 5
22 0 26
21 23 25
1 3 15
2 4 20
11 12 27
10 13 24
3 5 12
19 21 2
19 21 10
15 14 3
18 19 23
10 12 22
16 20 10
16 20 22
5 8 13
12 15 4
2 5 18
9 12 11
4 6 23
13 15 9
13 14 5
10 12 26
1 3 21
20 21 7
22 0 20
9 12 30
1 4 2
18 20 4
5 8 6
22 1 2
9 10 22
2 2 30
20 21 13
21 23 8
22 0 30
10 13 19
5 6 10
5 9 29
1 1 14
10 13 20
1 2 19
12 15 21
3 4 20
6 9 15
0 3 5
19 20 18
4 5 3
1 3 18
15 17 2
21 0 15
1 1 25
23 1 8
0 0 24
23 1 25
19 22 19
8 10 11
15 16 15
6 9 11
9 12 19
22 22 9
19 22 15
19 22 8
11 13 9
16 15 17
12 13 21
16 16 7
10 13 25
16 19 28
10 12 26
19 22 6
12 15 25
18 21 1
7 9 14
4 7 18
21 0 26
14 16 3
13 15 29
5 8 25
3 4 25
3 7 3
11 13 10
0 1 19
1 3 20
16 18 4
12 14 26
7 11 2
13 15 11
10 12 20
5 7 18
9 13 28
12 14 12
5 6 17
18 22 7
14 15 9
14 14 4
11 13 13
19 22 24
20 22 21
17 19 14
21 22 27
18 20 16
19 22 22
1 2 22
11 12 26
10 11 12
15 16 18
11 14 23
11 14 4
17 18 4
6 9 11
0 2 18
13 14 9
15 16 24
18 21 1
19 21 30
9 11 2
20 22 20
11 12 11
16 19 13
12 14 25
4 5 16
3 5 6
9 11 22
11 13 15
19 22 3
4 7 16
20 22 30
8 9 17
15 17 28
0 3 27
16 18 18
19 21 26
11 13 4
7 9 16
18 21 19
14 16 29
18 21 19
3 6 24
8 10 21
2 5 30
16 18 3
16 16 18
11 13 24
12 14 4
0 1 30
6 9 7
21 0 8
7 9 20
5 7 25
15 16 18
20 22 19
21 22 21
2 3 2
5 8 27
20 21 21
16 18 17
16 18 5
5 8 10
18 22 7
8 10 6
17 19 14
16 18 17
22 0 14
21 23 17
5 9 30
18 19 16
13 14 6
3 5 1
11 13 23
3 5 27
11 13 13
21 0 8
11 13 26
17 19 15
14 15 3
1 4 2
8 10 26
0 1 17
22 1 18
22 1 24
7 8 26
9 12 17
10 13 23
12 14 9
4 8 15
14 16 24
11 13 22
12 15 11
19 21 16
14 17 25
3 4 14
10 13 16
16 17 13
16 19 25
11 11 28
19 23 8
19 21 6
9 10 9
9 12 1
10 11 13
14 16 16
8 11 29
0 2 27
21 23 23
4 7 11
11 13 16
11 13 4
18 20 3
21 23 11
0 4 5
20 23 4
1 5 4
4 6 28
8 10 30
1 2 17
11 12 7
1 2 6
15 17 9
6 8 12
7 7 21
22 23 18
1 4 20
11 14 23
20 21 29
0 2 12
0 3 5
17 17 2
4 5 15
4 6 1
21 23 16
0 2 3
2 5 16
8 11 22
20 22 18
15 18 11
16 18 5
0 1 18
11 13 1
17 21 7
18 20 13
11 12 7
15 17 11
6 8 6
0 3 3
22 0 26
8 10 15
18 19 10
20 22 17
21 0 22
4 6 25
22 23 3
19 22 11
16 17 24
12 14 28
4 6 16
1 4 16
16 18 1
1 4 12
13 14 21
15 16 6
15 15 29
16 17 5
4 5 1
11 14 9
23 1 11
16 16 10
1 2 13
20 23 18
3 5 17
17 20 10
11 12 25
17 22 19
11 13 3
6 6 2
8 9 13
17 18 9
16 19 21
13 15 16
4 5 27
16 16 19
11 12 11
12 15 9
21 22 27
15 16 18
16 18 17
6 9 16
18 21 2
15 16 8
2 3 19
4 6 26
8 10 17
6 7 15
2 3 15
20 23 27
16 18 21
13 15 22
13 14 2
15 16 17
0 4 29
0 1 6
16 17 21
13 14 23
23 1 16
23 0 24
11 12 15
23 1 5
0 0 23
19 21 2
15 16 16
0 4 3
7 8 28
19 20 4
17 18 29
12 13 7
21 21 23
20 21 20
6 8 17
2 5 11
6 8 15
1 4 1
23 1 27
20 20 7
14 17 16
1 3 19
9 12 29
9 9 22
22 0 10
19 20 29
21 22 26
17 19 21
8 11 13
3 3 8
17 19 5
16 17 16
18 19 12
17 20 2
11 12 4
16 17 27
13 16 20
11 13 2
18 19 18
6 7 2
8 9 18
22 0 15
5 6 28
3 4 5
20 22 16
6 8 27
11 12 26
10 13 27
17 19 20
22 0 4
11 12 7
21 23 19
23 2 16
6 9 23
21 22 9
2 3 11
8 10 29
15 17 7
4 6 9
4 6 23
10 12 13
2 5 17
13 14 25
13 14 18
4 5 10
7 8 8
13 15 26
1 3 13
17 18 1
1 3 18
15 16 29
10 11 10
19 22 15
5 7 22
2 4 28
18 21 19
9 11 16
15 15 2
8 9 1
8 10 26
7 8 18
19 22 22
10 11 7
9 12 24
1 3 1
11 14 15
16 15 10
3 6 15
8 8 2
21 1 7
10 12 24
9 9 12
8 10 9
2 4 23
15 18 12
8 11 2
20 0 23
20 23 9
16 18 5
14 16 25
5 9 4
1 3 9
7 11 9
6 8 20
16 18 12
5 7 20
17 19 14
6 6 11
10 11 12
8 11 13
9 11 14
0 4 7
23 1 23
22 23 10
14 16 16
10 11 26
22 23 30
0 1 13
15 16 8
13 14 20
11 13 18
5 7 18
4 5 18
5 7 8
0 2 27
12 13 30
8 10 22
7 9 27
21 22 18
21 23 16
17 19 23
8 10 22
7 9 5
6 8 12
2 5 3
9 11 18
21 22 22
9 12 21
13 17 28
23 0 20
3 6 12
7 9 26
3 6 27
23 1 20
23 2 10
11 14 2
22 0 4
21 22 16
21 22 27
2 4 4
18 21 24
21 23 25
20 23 15
14 15 22
11 14 21
23 2 20
17 18 28
13 16 23
22 1 27
3 5 22
20 22 23
13 15 3
16 19 4
22 0 10
1 2 17
3 5 11
19 22 28
8 9 2
17 19 9
9 12 15
2 5 2
20 23 7
21 22 10
6 9 30
9 12 11
0 2 22
15 17 22
6 10 2
18 20 2
3 6 14
7 10 27
17 19 20
14 16 16
6 9 20
13 15 7
15 20 6
19 21 28
21 23 25
23 1 28
15 18 3
5 7 19
12 14 9
16 17 4
9 11 2
9 11 27
20 22 14
2 5 17
5 7 4
17 19 19
8 10 12
5 8 15
6 7 18
4 7 7
13 13 16
1 2 27
4 5 19
11 12 1
22 2 21
6 7 16
13 16 27
8 12 13
10 11 9
18 20 5
0 3 5
10 14 18
7 8 11
5 6 11
20 21 24
13 16 4
6 8 23
17 20 5
10 12 19
9 10 10
5 7 9
7 9 11
2 3 28
4 4 16
9 11 17
19 19 16
6 9 19
20 23 3
12 13 22
16 17 1
12 14 9
7 10 4
14 17 29
11 14 29
1 3 28
10 14 28
7 10 30
22 23 21
23 2 6
18 23 21
19 22 28
5 6 16
17 19 27
5 7 23
11 12 28
19 22 22
12 13 23
12 14 14
20 21 22
17 20 23
16 18 16
0 3 1
1 4 30
18 18 3
8 11 19
23 0 22
10 11 3
13 15 12
3 5 19
5 8 11
9 9 29
9 12 14
12 14 11
16 17 3
4 7 17
13 15 19
0 1 30
10 12 3
8 11 25
16 19 22
10 10 7
21 23 10
11 15 11
22 2 15
7 10 24
9 12 2
8 10 29
21 23 28
11 13 9
7 9 7
16 18 30
9 11 25
0 2 26
11 13 16
12 13 12
15 16 8
4 4 4
19 21 17
20 0 18
13 14 1
18 21 5
11 11 8
5 8 2
10 12 3
13 14 3
10 11 19
5 7 16
11 10 27
21 23 14
13 14 15
5 7 15
7 9 24
16 17 18
3 5 30
17 19 2
10 12 20
8 8 9
21 23 4
7 10 7
10 13 13
8 10 29
15 17 6
4 8 9
11 14 13
16 19 19
16 17 12
10 12 15
4 7 19
7 11 12
19 21 7
2 4 6
20 21 26
4 7 21
14 17 8
13 15 26
19 20 3
7 8 19
22 22 26
2 4 15
4 7 21
20 22 16
4 6 5
17 19 24
12 14 15
23 2 5
20 0 30
21 0 24
1 4 4
2 5 18
16 16 30
6 9 16
21 0 16
21 21 21
23 2 21
2 4 26
15 16 20
19 22 11
0 2 28
22 2 21
19 21 22
17 19 12
11 14 2
12 14 20
12 13 12
7 11 9
18 19 24
3 6 16
9 12 20
20 22 6
2 3 18
4 6 26
18 20 29
14 16 6
15 16 19
10 12 2
8 11 14
12 15 19
21 0 13
17 18 5
8 9 10
20 22 29
16 16 10
19 22 26
14 17 21
7 8 22
13 17 10
4 4 12
4 7 9
7 10 12
5 7 3
8 11 12
23 1 6
17 18 15
0 1 16
8 11 1
22 1 28
23 23 16
5 6 5
4 6 6
23 1 9
14 16 14
8 10 1
19 21 30
4 5 22
11 12 28
21 23 15
12 15 1
9 11 21
5 7 28
8 11 24
20 23 18
9 11 15
18 20 16
16 20 6
15 17 14
15 18 5
11 11 5
18 20 27
22 1 30
9 11 5
1 4 8
18 20 20
4 5 9
12 15 23
19 23 15
18 18 5
19 21 21
0 1 16
15 17 9
15 17 26
6 8 30
5 5 10
16 16 14
18 21 14
6 8 22
10 12 5
14 16 2
18 21 21
9 12 29
7 9 1
16 16 13
13 14 28
10 13 4
1 5 2
22 0 1
11 11 2
15 18 20
1 5 4
11 13 13
14 15 21
12 14 1
14 18 13
23 0 10
8 10 1
15 17 5
18 20 12
19 21 19
10 13 19
14 18 21
8 11 6
17 20 28
1 4 15
15 16 2
13 14 13
14 15 14
14 15 27
9 10 2
14 16 17
2 3 3
7 9 16
11 14 5
4 5 21
1 2 23
5 7 6
17 16 1
14 15 9
5 8 13
7 10 7
17 18 3
19 21 8
2 3 21
14 16 4
7 9 19
8 11 6
16 17 20
17 19 2
6 8 6
6 6 17
7 9 1
19 22 26
6 8 1
13 14 6
14 16 10
19 20 4
6 8 29
23 1 29
8 11 8
14 15 29
20 21 14
12 12 4
15 18 4
1 3 11
19 22 15
9 10 27
19 19 4
10 11 27
16 18 19
11 14 25
11 13 18
1 3 16
7 7 20
4 6 26
0 1 10
13 14 11
14 17 19
7 8 17
12 12 7
14 16 19
7 9 24
5 7 4
4 5 20
14 15 29
9 13 8
19 20 27
11 13 10
11 14 2
20 23 5
21 1 24
19 22 21
7 9 9
15 17 2
1 4 16
21 22 15
19 19 29
16 17 29
6 8 11
1 3 1
19 22 26
9 10 1
22 22 7
4 7 19
17 19 12
6 8 23
2 4 27
23 23 19
7 10 5
18 21 20
20 23 28
1 3 20
14 16 19
1 4 2
15 17 3
14 15 26
15 17 7
23 0 12
9 12 9
8 11 15
18 18 24
17 21 2
1 3 14
13 15 22
17 18 29
23 0 3
7 10 12
6 7 20
18 22 1
9 11 19
23 23 29
11 13 23
18 22 29
9 10 3
11 14 18
10 12 27
19 20 29
10 13 30
1 3 2
16 17 8
4 7 25
1 1 7
12 15 2
20 23 27
2 4 16
20 22 5
7 10 4
14 15 20
6 7 7
5 7 18
7 9 15
9 13 28
21 23 4
13 16 8
12 15 7
10 12 9
2 3 27
5 6 17
12 14 26
23 1 8
21 0 7
21 21 19
12 14 13
23 0 24
16 19 20
6 9 28
2 5 27
17 20 18
0 2 13
0 1 25
2 5 11
12 12 11
9 10 6
16 17 15
10 10 17
11 12 9
10 12 17
8 9 4
6 8 14
12 15 4
9 12 1
10 11 21
22 0 17
8 9 13
2 4 15
5 7 17
13 13 16
15 18 28
5 7 30
5 6 9
1 2 2
12 14 16
2 3 22
17 19 22
5 6 29
18 18 16
22 0 2
18 20 16
5 6 24
8 8 8
19 21 13
23 1 26
14 15 26
13 13 29
11 13 13
2 3 17
22 0 21
23 1 4
19 21 23
11 13 13
23 2 13
0 4 5
11 13 21
22 1 9
17 18 14
6 9 15
21 1 30
13 13 12
6 9 16
4 6 1
14 14 19
19 21 9
17 19 24
2 4 9
22 23 26
2 3 23
12 16 8
11 14 3
14 16 10
20 0 8
23 1 20
4 7 19
7 8 16
22 0 24
18 19 4
2 3 25
8 9 14
14 15 11
0 0 9
14 15 17
12 14 10
18 19 28
21 1 23
14 16 12
13 16 6
21 23 6
10 12 2
8 11 8
6 10 14
23 1 24
8 8 11
6 7 1
10 11 15
8 11 8
3 5 20
13 16 28
10 12 20
21 21 27
13 15 9
16 19 15
15 18 23
0 2 27
2 5 7
18 20 25
11 14 20
14 15 6
16 17 2
20 22 9
21 23 18
19 21 4
15 16 13
4 8 27
4 7 2
0 1 9
13 14 12
19 20 4
6 9 3
8 10 2
7 9 7
7 8 7
22 23 16
10 11 27
10 12 5
3 3 7
6 9 14
5 5 24
10 12 4
9 11 8
5 6 17
16 18 2
3 4 25
22 1 16
2 4 26
15 16 19
20 21 17
15 17 12
16 17 6
0 1 30
15 19 11
6 7 5
19 21 29
17 19 5
15 16 22
16 17 5
16 19 19
10 11 18
14 17 1
7 9 16
0 3 2
21 23 26
11 13 17
5 8 1
15 18 9
14 15 26
13 16 6
1 2 12
2 3 30
21 23 12
9 12 9
13 14 17
0 3 15
6 7 27
7 9 15
1 3 18
10 12 9
5 7 16
6 8 16
4 6 23
21 23 27
19 20 10
10 11 15
3 5 28
19 21 26
12 15 3
3 6 26
9 12 30
1 4 12
18 22 16
3 4 9
23 1 2
13 15 17
14 15 19
15 18 24
14 17 5
8 11 11
6 8 26
3 5 23
12 14 27
3 8 21
0 1 19
20 23 22
14 18 14
15 16 24
12 16 19
19 20 9
16 19 18
16 17 17
21 22 10
3 7 26
14 17 1
23 1 8
22 23 3
1 5 14
5 7 22
17 19 26
7 9 10
2 4 2
8 11 18
10 12 21
6 9 8
5 8 28
11 13 26
5 8 29
14 16 3
2 5 12
1 3 30
9 11 11
23 1 1
14 16 4
12 13 6
14 15 14
22 0 20
5 6 1
11 14 30
20 22 24
8 9 14
21 0 8
11 15 29
18 19 8
3 6 15
23 2 14
9 11 19
9 11 20
4 7 30
21 23 16
7 9 28
8 10 3
22 0 12
11 11 20
10 12 24
12 14 29
0 4 26
18 21 2
3 5 13
10 12 14
11 14 15
22 23 17
5 7 24
6 8 19
16 21 12
19 21 22
10 13 10
8 8 9
23 0 27
15 17 25
8 9 11
14 14 14
12 15 10
8 11 16
19 23 15
8 11 30
4 4 23
6 8 20
11 11 18
11 11 28
13 16 8
14 16 27
4 5 24
23 1 26
20 22 17
16 17 30
2 6 23
10 11 7
8 9 14
14 15 29
17 18 15
21 23 11
9 10 10
20 22 16
11 12 12
19 21 6
17 19 30
9 10 13
12 15 6
23 1 29
7 8 4
21 22 13
18 19 4
15 17 15
16 19 18
9 11 8
14 16 14
2 4 26
15 17 20
0 3 10
22 23 16
7 9 23
7 8 26
2 5 7
11 13 1
10 13 12
7 9 3
0 3 13
11 13 28
16 18 23
1 2 11
15 17 5
23 2 4
4 6 13
18 19 9
6 9 15
14 16 8
9 10 30
11 12 4
13 16 18
19 22 2
20 21 1
16 19 26
7 8 22
19 20 22
15 17 9
2 3 28
3 5 23
10 11 15
8 11 21
10 11 10
22 1 29
12 12 7
15 17 18
21 23 8
16 19 30
19 20 25
16 17 23
14 15 4
1 3 13
7 10 4
6 6 15
11 14 2
4 7 20
15 18 6
20 23 24
13 16 19
14 16 9
11 13 5
13 17 14
12 14 16
4 5 19
8 10 3
17 20 22
6 9 11
4 8 19
2 4 18
23 1 30
19 21 16
9 11 22
19 21 6
20 23 3
13 14 1
19 22 24
10 10 18
0 3 25
7 10 10
6 7 25
14 16 30
11 14 21
23 1 11
9 10 2
4 6 12
10 12 4
14 15 2
14 15 27
6 9 1
1 4 12
16 17 29
4 6 29
12 13 19
21 23 20
19 19 4
18 21 1
0 3 29
1 2 17
15 17 12
4 7 14
2 4 24
2 5 4
14 15 20
22 1 30
12 14 15
11 13 7
2 3 22
14 15 25
0 4 18
8 9 10
18 19 11
8 9 8
5 5 19
7 9 23
22 0 29
0 1 25
5 7 17
12 14 11
0 2 8
18 20 17
17 19 24
1 4 18
8 10 27
9 13 11
6 8 3
23 3 4
18 20 24
19 20 6
4 5 1
21 0 22
8 9 12
13 15 19
18 20 22
20 22 1
13 17 21
1 4 10
18 19 17
11 15 5
16 17 18
22 1 27
21 21 5
21 23 23
5 6 27
14 15 18
8 10 10
11 12 9
18 19 11
21 23 20
14 16 29
7 10 17
23 1 15
12 13 13
9 12 21
17 17 24
1 3 22
12 15 11
5 7 20
8 10 9
23 1 20
12 14 14
14 16 13
22 23 7
1 3 20
19 21 26
9 12 7
19 20 24
9 11 20
7 9 21
19 21 22
11 13 6
21 22 7
13 15 23
11 14 22
19 21 22
16 17 11
20 23 21
9 11 30
18 19 12
12 13 28
0 3 18
5 7 8
22 0 3
9 12 13
21 22 24
22 1 27
6 6 26
18 21 27
10 11 16
11 13 25
23 2 3
23 0 18
6 9 21
12 15 11
4 7 23
22 23 11
20 0 27
9 11 14
20 21 21
23 2 17
17 20 18
10 12 5
4 4 5
16 18 11
8 10 19
20 21 3
8 9 1
13 15 22
4 6 12
22 1 18
4 6 26
20 21 24
11 13 17
19 21 15
3 5 20
18 20 7
3 3 23
21 22 24
8 11 18
1 4 25
16 18 17
10 12 12
2 2 2
9 11 18
7 7 13
6 7 29
2 4 1
5 8 8
6 9 3
11 13 6
3 4 16
12 12 2
6 11 6
18 19 23
7 11 3
21 23 15
5 8 16
16 18 25
11 13 12
17 19 22
13 16 23
0 3 29
4 6 10
19 21 2
7 9 2
7 11 9
17 18 16
8 10 19
2 5 22
9 12 23
19 21 10
17 18 9
22 1 2
6 7 18
9 12 20
12 14 13
22 22 1
1 2 7
1 2 11
9 11 17
4 6 25
10 14 14
6 9 9
6 10 2
15 17 30
20 22 12
5 6 3
4 6 12
12 14 23
14 16 20
20 20 2
15 16 11
6 7 23
5 7 28
23 1 10
21 22 24
6 9 5
9 12 6
3 5 29
13 15 29
19 22 16
17 20 11
12 15 7
0 -1 21
0 3 5
18 20 12
1 2 21
5 8 16
16 17 16
13 14 13
2 5 20
5 6 24
16 19 3
8 10 20
15 17 14
9 12 17
5 9 3
8 9 10
16 19 14
12 14 12
3 5 23
15 18 27
23 1 18
19 22 22
6 10 21
18 20 9
17 18 10
13 13 12
17 19 16
8 9 21
8 10 30
7 8 9
3 5 7
5 6 20
0 3 25
21 0 11
2 3 1
13 16 22
2 4 12
2 4 14
12 13 29
4 6 11
19 20 26
20 22 23
13 14 15
0 2 12
14 16 29
17 21 28
2 4 20
16 18 16
1 3 27
1 1 22
0 2 2
8 13 18
15 15 21
13 15 25
3 5 29
8 11 18
6 9 29
5 8 8
19 21 27
11 13 16
12 14 1
11 14 6
3 3 1
22 23 1
1 3 9
9 11 14
10 12 3
7 9 17
22 23 16
22 1 11
2 5 9
16 16 5
13 15 16
8 10 21
3 5 16
0 2 25
15 17 16
12 15 25
1 4 18
1 3 15
21 22 12
21 23 9
20 0 9
9 11 13
2 3 12
0 1 19
10 11 2
2 4 2
13 15 6
8 12 20
23 0 23
5 7 24
20 21 16
4 6 28
12 14 29
16 17 23
11 14 10
4 7 15
9 11 16
10 12 26
10 12 7
18 20 19
2 5 5
22 0 21
10 13 3
16 18 21
6 8 6
5 6 22
5 6 14
15 19 9
14 16 9
0 2 30
16 17 22
5 7 11
18 19 28
19 22 14
22 23 8
12 14 12
1 2 12
22 0 20
3 4 21
3 6 18
6 8 4
7 9 23
21 1 10
16 18 20
20 22 30
2 4 3
16 18 19
12 15 28
19 20 7
20 21 11
1 3 18
4 5 8
11 12 22
22 23 15
17 19 22
15 16 28
19 22 21
13 16 11
3 4 23
21 23 18
8 9 19
3 5 18
11 13 14
5 6 20
1 3 15
6 6 20
20 22 6
18 20 20
20 22 16
10 12 9
6 8 22
0 3 26
21 23 14
3 5 15
1 2 24
17 19 28
1 3 16
4 4 12
8 10 22
14 17 3
8 9 26
12 15 14
10 13 5
23 0 24
2 4 14
3 5 29
12 14 17
1 3 2
18 21 7
14 17 29
6 8 27
16 20 26
18 18 17
2 3 1
16 19 30
10 12 18
14 15 1
3 6 24
4 8 4
19 21 23
6 8 14
8 10 14
7 7 4
19 20 22
9 12 18
5 6 19
1 4 19
13 15 7
12 16 3
6 8 30
1 3 28
5 7 4
11 12 1
7 10 11
22 0 18
19 19 2
7 8 28
19 21 11
19 21 9
5 7 24
6 9 4
21 23 8
18 20 16
22 22 24
4 5 3
9 11 1
4 5 26
7 10 26
21 23 10
10 12 12
20 22 7
10 13 18
0 2 2
16 19 10
12 13 23
17 20 6
18 19 9
3 5 21
7 9 26
9 8 4
13 16 1
