3220 30
19 9 14 19 30 4 22 21 11 15 9 19 27 15 8 28 21 15 9 28 21 25 12 7 14 7 7 10 2 21 
3 4 3
9 11 22
2 4 9
18 19 7
5 8 5
16 18 5
11 12 7
22 0 21
5 8 26
18 20 18
22 2 29
19 21 6
10 12 17
2 5 25
12 14 16
15 17 8
9 10 9
6 9 23
16 19 29
12 16 7
12 13 21
18 21 8
12 15 6
3 5 18
22 1 27
21 22 25
14 18 19
15 17 9
1 2 25
6 6 1
16 18 21
1 4 7
20 22 26
2 5 12
0 1 19
9 11 11
18 22 13
15 16 2
17 19 20
8 11 29
19 21 6
9 9 12
23 1 14
10 13 24
9 11 7
9 11 6
4 5 24
5 7 15
23 0 22
14 15 12
7 9 18
8 10 22
3 5 22
10 11 6
22 0 8
7 10 19
20 23 19
10 13 13
22 3 14
15 17 27
1 1 18
7 11 23
14 17 21
15 17 4
14 16 8
9 12 26
11 14 6
15 16 13
14 16 16
12 14 18
21 23 4
10 11 16
2 5 5
0 2 11
7 11 21
11 12 23
14 13 22
1 4 19
16 16 11
19 22 14
12 13 23
20 23 26
21 22 6
1 4 7
3 4 3
7 8 8
14 17 19
14 18 28
3 6 30
9 11 18
5 5 26
15 17 19
6 8 25
14 16 26
11 13 1
3 6 8
11 13 14
9 11 15
13 14 23
19 21 22
4 6 2
19 21 10
15 17 13
20 20 1
3 5 1
13 15 20
15 16 21
12 14 7
0 0 27
15 18 8
6 8 18
20 0 3
8 10 3
1 1 6
21 22 12
20 23 25
21 22 15
12 16 22
12 14 17
6 8 29
12 15 30
17 19 8
13 16 6
11 14 24
13 15 9
1 4 16
21 23 9
3 6 12
11 14 12
2 3 18
15 16 20
22 23 11
9 10 21
8 10 16
20 21 9
8 9 27
23 1 16
0 3 8
0 2 6
9 10 1
5 8 9
11 13 12
1 4 2
17 17 22
4 6 16
9 11 29
1 5 28
0 3 23
4 6 16
11 13 8
3 6 1
15 16 1
4 7 6
1 4 17
14 15 14
0 3 7
5 7 25
19 21 13
2 5 12
3 6 6
3 5 2
2 4 21
11 13 15
11 13 15
1 3 2
7 10 7
11 11 22
7 10 30
22 2 22
12 15 2
7 9 16
6 9 4
15 17 3
11 13 7
8 9 10
2 4 12
2 5 21
3 4 30
2 3 5
12 12 25
0 2 2
5 7 18
10 12 24
13 15 1
16 18 11
2 4 1
17 19 3
20 23 11
19 20 7
22 0 11
16 19 22
13 14 6
12 13 12
8 11 29
13 15 10
12 15 23
11 12 22
17 19 28
2 5 1
1 3 25
10 13 17
19 21 30
13 15 5
13 15 28
22 0 18
7 10 9
21 0 10
6 7 26
21 23 26
6 9 8
8 11 4
17 20 30
6 6 15
21 23 15
9 9 4
23 0 10
17 19 29
5 8 13
10 15 28
0 2 1
15 18 25
10 12 23
22 1 10
18 19 14
2 4 10
0 3 9
5 7 5
8 8 6
22 21 27
13 14 14
22 0 5
1 4 19
23 2 27
15 17 9
5 8 26
0 2 5
11 14 15
20 23 16
11 13 14
16 16 27
13 16 5
15 15 9
10 12 25
11 12 19
1 3 19
21 23 11
2 5 9
15 16 30
10 13 17
22 0 11
23 2 10
16 18 10
4 5 4
19 21 30
19 21 2
3 3 17
10 11 2
18 19 22
12 15 14
18 21 1
21 23 24
17 19 22
4 6 25
17 18 2
16 17 20
12 13 3
20 22 15
10 11 18
2 4 14
21 23 4
3 6 5
6 7 8
19 21 17
6 9 20
17 20 11
15 16 22
0 2 9
13 13 24
1 3 2
22 23 29
23 3 15
0 2 19
13 15 12
4 7 10
16 20 20
12 14 9
16 19 12
14 15 27
12 16 3
7 9 17
12 15 16
16 15 16
9 12 5
17 20 13
6 9 17
3 7 8
9 12 13
11 14 8
16 18 9
9 9 5
2 5 20
7 10 5
0 0 6
20 23 8
9 13 12
20 23 2
9 11 17
9 13 12
17 20 27
9 12 13
13 15 15
5 8 9
4 7 9
21 23 30
7 10 9
17 20 8
6 8 23
10 12 5
9 11 18
9 11 2
10 11 24
7 9 18
15 16 20
22 0 5
3 6 16
4 6 24
4 5 27
20 20 11
21 23 10
5 6 26
4 7 12
8 9 17
7 8 1
3 6 18
1 5 25
0 1 14
5 7 17
19 19 20
20 22 27
17 21 20
12 14 5
23 2 6
21 23 28
3 5 19
8 10 19
7 8 29
3 4 28
0 2 12
21 23 1
19 21 13
2 6 17
21 1 28
18 20 22
11 14 21
22 23 18
13 14 6
22 1 10
7 9 29
9 11 20
2 6 18
22 23 17
15 16 21
0 3 1
4 5 14
15 19 15
21 1 24
7 10 22
12 15 27
17 17 21
6 7 16
11 12 29
19 20 23
0 2 19
5 7 2
18 21 27
16 18 24
8 10 28
2 4 26
6 8 28
6 8 22
0 1 12
6 8 18
19 21 11
21 23 27
1 3 3
4 6 16
15 16 3
11 12 11
9 11 13
9 13 15
0 3 30
23 1 12
7 8 6
21 23 20
2 4 1
14 17 7
7 8 2
17 19 3
20 23 8
23 2 21
12 13 10
11 12 27
8 10 30
9 11 23
23 0 19
14 15 20
5 7 11
18 20 28
21 23 29
6 9 12
2 3 25
21 2 26
9 13 19
5 6 18
13 15 28
10 11 3
3 5 29
10 11 22
6 7 19
8 10 12
22 23 8
2 3 5
4 6 20
5 7 8
12 15 14
21 0 14
10 12 3
3 5 26
4 6 1
1 4 30
8 9 22
13 16 26
19 21 4
20 21 22
0 0 8
5 7 27
21 22 7
22 0 19
1 3 14
8 11 5
8 10 28
3 3 13
11 14 10
16 16 29
8 10 3
10 12 8
21 1 16
22 0 3
18 20 10
21 22 2
1 3 22
9 11 1
17 20 8
8 9 8
14 16 18
14 17 13
16 18 10
18 20 1
20 20 20
21 23 6
18 18 12
0 0 25
13 15 6
12 15 22
4 8 15
10 12 21
5 6 8
12 15 11
19 21 14
12 13 6
3 6 6
18 19 22
6 7 3
12 14 27
9 11 2
21 21 8
5 7 4
10 14 22
18 20 28
7 10 22
19 20 25
3 6 24
2 6 22
21 0 28
16 20 28
21 22 27
20 20 27
7 8 10
2 6 2
16 18 14
23 3 14
18 19 16
4 5 16
13 16 17
19 21 20
19 20 30
7 9 3
16 18 20
12 15 17
3 5 11
11 12 17
22 0 2
15 19 19
6 9 6
15 16 19
14 14 5
2 4 24
2 4 5
8 10 5
20 23 29
0 0 12
6 6 19
12 14 15
11 13 23
3 4 4
12 14 24
1 2 2
20 20 25
7 9 13
9 9 4
11 13 9
0 1 27
13 15 30
9 10 12
4 6 23
7 10 10
5 7 3
2 4 1
18 19 1
11 13 25
1 2 12
5 7 28
15 17 23
19 21 1
9 11 21
9 12 12
16 17 8
11 14 6
10 12 17
0 3 2
11 14 25
22 1 26
21 21 6
3 3 18
8 9 11
2 3 10
6 9 21
11 14 21
14 17 8
13 15 23
19 20 26
22 1 16
8 10 19
19 21 7
4 6 22
5 6 6
3 4 12
21 0 16
11 15 11
12 12 12
11 14 2
11 14 24
7 9 11
12 14 27
14 15 12
21 23 18
13 13 11
13 16 2
4 6 14
13 15 7
4 6 3
21 22 25
11 14 12
1 1 30
12 14 7
8 10 26
23 2 23
3 4 10
18 20 28
23 1 17
8 11 27
8 11 8
6 8 11
10 11 24
7 10 18
20 21 29
20 20 22
20 22 29
22 0 9
7 9 16
1 4 8
12 15 26
17 19 11
12 13 2
18 19 6
19 23 4
5 7 3
6 8 11
7 8 12
0 2 6
3 5 9
0 4 13
12 14 30
0 2 7
22 0 18
9 10 7
22 23 7
19 21 9
15 16 26
3 5 8
21 0 19
11 13 10
12 15 21
8 9 10
1 2 13
3 6 29
15 16 18
6 7 5
15 17 9
16 16 20
5 9 14
13 17 9
9 12 27
23 1 15
16 17 7
10 12 12
23 1 8
18 19 3
3 4 26
7 9 29
22 23 14
9 10 28
0 3 28
13 15 1
15 17 17
18 20 6
2 3 5
19 20 20
9 11 25
20 22 3
8 9 21
4 6 15
11 13 4
5 8 2
16 19 18
6 8 12
23 2 27
0 0 6
14 16 20
19 20 19
15 15 21
1 4 29
19 20 17
12 14 1
12 15 15
21 23 20
2 3 5
0 2 4
20 22 17
12 13 20
0 2 14
23 2 10
14 14 29
18 19 27
1 2 18
2 3 1
21 22 14
10 14 3
9 12 6
1 3 27
20 23 13
2 6 14
2 5 24
22 0 12
13 15 6
18 19 3
23 2 30
1 3 21
3 4 7
10 10 16
14 16 20
19 21 16
22 0 19
3 5 15
7 7 18
19 23 27
11 13 29
23 2 30
0 2 15
11 13 6
4 6 6
11 14 16
20 22 27
14 14 1
9 8 28
23 2 27
0 2 27
5 7 30
17 21 3
20 0 19
16 18 20
19 21 29
18 20 5
20 22 13
8 9 9
3 3 26
15 16 28
13 16 12
11 13 6
21 23 19
17 18 2
21 0 3
4 8 25
13 16 27
22 23 9
7 10 11
2 4 22
15 19 23
21 23 21
12 16 2
10 11 5
17 19 1
3 4 25
0 2 3
10 11 30
10 13 6
23 0 29
16 18 26
1 4 4
6 7 1
4 8 27
17 18 19
5 6 19
7 10 28
6 7 19
13 15 27
20 21 3
1 2 1
19 22 14
23 0 26
0 3 16
0 1 7
4 5 1
10 9 15
21 23 16
20 23 29
16 18 24
21 23 4
20 21 24
18 21 20
7 9 15
18 20 11
16 19 1
16 18 29
4 7 12
22 23 7
21 22 29
12 15 16
6 7 22
12 15 7
5 5 8
15 17 10
19 19 24
22 1 17
8 10 4
19 21 14
16 18 25
22 1 13
21 0 27
22 1 2
3 5 18
5 7 12
23 1 26
6 8 5
17 20 19
8 8 1
20 22 11
15 17 28
2 4 28
5 7 24
2 3 22
16 20 14
14 17 28
19 22 26
21 23 4
9 11 22
15 19 3
6 9 9
18 20 8
21 23 20
22 1 9
22 23 4
3 6 13
12 13 16
0 2 27
4 6 9
0 1 24
18 20 16
19 20 15
0 2 5
11 13 8
10 13 11
5 6 13
16 19 9
12 13 3
14 18 1
10 11 15
3 4 5
23 2 26
6 8 25
11 13 6
23 0 9
19 22 20
12 14 8
14 16 6
13 14 26
1 4 27
6 8 16
6 8 22
10 12 22
6 9 9
12 14 27
4 7 22
4 6 22
10 15 12
2 4 17
11 13 30
13 13 28
23 0 26
7 9 9
9 12 17
20 22 15
9 10 24
5 7 18
9 11 18
19 21 11
17 20 9
6 7 11
14 17 2
11 12 16
6 9 17
22 1 9
14 18 3
6 9 13
22 23 7
10 12 28
6 7 7
13 15 8
0 1 16
6 9 23
2 5 12
0 2 13
12 14 3
3 6 21
7 8 19
18 19 4
22 1 13
20 23 2
8 10 15
8 10 14
21 0 17
13 17 18
6 8 12
12 14 16
8 10 1
19 19 9
9 11 2
13 15 29
15 16 16
23 0 16
7 8 16
10 13 24
18 21 10
11 13 28
3 5 15
13 16 14
16 15 30
16 19 3
11 14 17
5 5 24
6 8 23
2 5 27
13 16 1
6 9 28
5 8 4
4 5 24
2 5 12
20 22 28
21 23 27
2 4 26
1 3 9
15 16 25
4 5 26
6 8 2
16 18 14
13 16 14
11 12 22
1 1 7
20 20 5
8 9 19
0 2 6
6 8 5
3 5 11
2 2 8
19 22 26
8 10 20
12 13 17
4 7 30
4 5 21
12 17 3
18 20 25
7 9 28
5 7 15
6 8 2
20 23 29
17 20 30
4 7 1
14 15 1
1 3 1
20 21 1
17 20 29
0 0 8
10 11 25
7 9 20
14 17 28
1 4 24
16 17 2
0 2 8
16 17 26
2 3 17
4 8 10
7 9 25
6 8 7
8 10 5
8 11 8
5 6 18
11 12 4
16 18 9
15 17 21
22 23 14
18 20 10
18 20 27
17 19 27
13 15 6
6 7 18
1 2 28
18 20 21
4 5 10
5 7 10
21 23 18
3 5 6
18 18 17
12 14 27
5 6 26
23 0 23
19 21 11
11 13 18
17 20 8
17 20 12
1 2 18
19 22 8
7 9 24
23 1 28
12 14 11
21 23 18
5 4 4
4 7 4
11 14 1
10 13 30
18 20 4
8 10 9
14 16 22
11 14 1
22 3 29
21 1 5
0 2 14
8 9 24
3 5 1
21 20 28
10 13 11
22 0 10
0 3 14
23 2 6
23 1 16
0 3 8
11 12 11
18 19 11
19 21 9
13 13 22
10 11 20
2 5 29
6 9 12
20 19 7
21 23 19
3 4 6
4 6 26
16 18 5
4 7 2
18 21 26
8 11 14
18 21 4
9 11 12
1 4 8
9 11 19
4 6 13
17 19 11
0 3 13
1 3 14
8 10 17
11 13 29
16 19 15
9 13 18
0 2 7
15 18 10
8 11 4
7 9 25
11 13 18
20 22 14
18 20 10
3 6 5
7 9 6
19 23 4
14 17 4
21 23 21
19 22 15
14 16 25
3 6 24
18 18 11
22 23 8
22 0 19
15 18 12
17 21 7
13 14 30
0 1 5
6 6 22
1 4 14
8 9 23
8 10 12
14 17 8
3 5 7
23 1 20
7 9 11
11 12 29
11 14 6
8 10 20
23 2 17
14 18 2
10 11 14
6 7 21
4 6 5
4 5 28
12 13 17
6 8 7
17 18 19
5 6 1
23 0 2
18 20 9
10 10 29
0 3 9
14 17 15
14 16 12
7 10 22
18 20 26
2 4 25
11 15 12
18 19 25
19 22 27
6 6 26
3 5 12
19 19 5
4 8 4
13 15 22
2 4 16
2 4 5
9 12 23
10 10 5
5 7 18
4 6 14
2 4 22
18 22 12
0 3 3
8 10 6
21 23 5
20 0 16
20 21 15
0 2 17
3 4 20
18 19 30
14 16 27
0 2 20
20 22 20
23 23 2
0 1 29
8 9 18
11 15 29
8 11 18
20 22 4
11 15 2
2 4 9
19 20 23
14 16 27
13 15 30
9 9 5
12 14 15
5 4 29
8 8 15
10 12 11
15 16 8
18 21 9
7 8 9
15 17 6
11 14 13
2 4 20
3 5 13
13 15 12
5 8 21
21 0 1
9 12 14
7 12 24
18 21 15
16 19 13
15 17 6
22 0 1
20 21 18
23 2 7
6 7 26
11 12 8
10 10 23
4 5 30
11 13 12
6 9 13
8 8 12
14 15 18
7 9 7
1 4 25
15 16 18
8 13 25
17 19 29
10 12 29
20 23 15
14 16 14
19 21 10
0 3 18
10 12 24
13 15 11
16 19 11
20 21 16
14 15 18
9 10 1
14 17 19
1 3 20
2 5 5
7 8 8
4 8 14
0 1 6
8 10 24
5 7 1
23 0 2
4 4 16
12 14 30
23 0 8
13 15 14
18 19 3
11 12 30
8 11 11
15 17 7
15 17 28
2 4 15
4 6 23
18 19 28
1 2 18
23 0 16
17 17 17
2 3 7
0 3 22
0 2 8
4 6 18
15 18 14
8 10 24
21 21 11
7 9 28
8 10 16
19 22 4
13 14 26
9 11 24
12 14 9
15 20 29
15 18 18
0 2 21
5 6 5
0 3 11
1 3 28
6 9 29
10 12 11
8 10 24
3 4 20
20 22 9
5 7 20
16 18 14
9 10 3
7 8 24
22 0 17
18 19 27
8 9 5
8 10 12
5 6 25
8 10 21
11 15 12
6 10 9
12 13 9
9 12 4
8 9 27
8 9 30
16 18 28
15 17 22
11 15 12
4 6 7
9 10 23
13 14 1
8 11 13
0 2 3
19 22 13
17 19 7
18 21 12
21 23 4
9 12 26
19 21 27
7 9 14
14 17 18
0 1 26
20 21 8
21 23 9
7 8 1
14 18 5
7 9 4
8 8 19
21 0 24
23 2 20
2 4 30
22 1 14
16 18 27
10 12 16
16 18 21
9 12 6
4 6 7
1 2 4
19 22 6
18 20 1
12 15 13
8 9 17
22 0 17
2 4 4
18 20 21
20 22 21
9 10 26
0 1 25
15 17 22
9 10 6
1 3 9
21 0 2
1 4 27
10 14 24
6 8 2
13 16 24
16 20 24
6 8 27
8 11 20
16 18 16
12 14 19
0 1 16
14 16 28
2 4 5
5 7 7
22 0 28
2 4 3
13 14 9
11 14 14
18 20 2
19 21 18
10 11 19
9 10 30
7 8 23
3 5 4
10 13 19
16 16 22
6 8 10
10 12 10
12 16 20
22 0 1
13 17 19
19 23 16
3 7 27
16 18 23
1 2 17
6 7 5
22 23 9
14 16 2
5 8 11
17 20 25
2 2 2
5 8 30
16 19 10
15 16 19
17 19 23
2 2 16
16 17 17
3 5 11
12 13 5
16 16 13
13 15 4
23 0 25
5 7 12
16 17 12
11 13 13
21 22 14
23 2 11
19 21 11
9 12 16
0 3 5
11 13 8
3 6 18
23 1 13
20 22 3
12 15 24
0 1 7
20 22 18
17 18 7
7 9 4
5 6 3
3 4 14
17 18 8
1 3 23
21 1 30
6 9 30
2 5 13
11 12 28
10 10 25
1 4 17
6 8 10
14 15 1
1 5 13
4 5 20
6 10 8
15 19 19
6 8 10
20 22 27
23 2 26
18 21 17
14 17 29
21 21 12
16 17 23
1 2 18
15 16 17
2 4 14
2 4 6
2 4 7
5 8 8
17 20 9
4 7 1
6 8 2
12 15 11
19 20 28
15 17 3
17 18 4
8 9 6
12 13 17
9 13 25
10 12 26
5 9 5
10 12 8
12 14 7
0 2 17
2 4 26
23 2 27
4 5 10
11 13 27
22 0 4
8 10 12
5 6 3
16 19 27
6 8 28
3 6 19
20 0 2
10 12 25
4 6 16
23 3 12
8 11 13
14 15 24
22 0 13
22 1 4
12 14 8
22 23 16
3 6 18
18 21 20
19 21 20
7 10 10
21 23 5
22 0 18
8 12 19
5 10 2
16 16 27
18 20 29
20 20 20
3 4 28
2 4 24
12 14 26
16 17 18
16 19 30
1 2 30
23 0 8
11 12 9
20 23 21
15 20 20
13 14 9
4 6 29
1 3 8
8 10 30
13 14 11
9 11 23
9 11 21
7 8 23
6 9 14
16 17 5
14 17 2
15 17 7
21 1 10
22 0 4
1 2 9
1 3 7
2 5 2
11 15 25
11 14 20
9 11 9
3 5 16
22 22 22
5 5 17
9 11 11
3 2 17
14 16 29
16 18 9
13 16 15
21 23 16
17 21 15
14 16 10
12 14 5
9 10 23
8 10 16
14 15 13
13 15 23
10 13 18
2 5 1
20 21 18
19 20 5
5 6 25
0 2 7
2 3 29
9 11 5
5 5 9
8 10 20
8 8 17
19 22 11
19 19 25
14 17 7
12 15 16
10 12 25
6 8 30
8 8 13
20 22 24
11 13 8
2 3 28
21 0 7
0 2 26
6 7 2
19 21 26
9 12 9
6 9 30
13 15 1
10 12 19
23 0 29
2 5 8
20 23 8
6 8 16
16 19 9
10 13 6
22 23 1
17 17 28
19 21 26
9 11 23
3 3 27
15 17 16
12 13 9
16 18 26
21 22 5
20 22 21
19 20 8
16 18 25
19 20 9
16 18 20
19 21 23
16 18 19
2 5 2
21 23 14
19 21 23
2 3 30
16 18 8
21 22 10
16 19 15
23 3 17
22 0 14
17 18 7
1 3 4
17 18 20
5 8 8
19 22 12
10 13 23
8 9 19
8 10 23
19 21 10
11 12 22
7 9 10
1 3 19
20 21 17
10 12 5
17 16 7
18 18 20
15 16 16
19 22 14
3 5 16
10 12 19
14 16 8
13 17 30
9 10 26
14 17 2
13 17 8
10 12 22
1 4 23
9 12 26
3 7 2
5 8 13
5 7 4
4 7 24
11 12 3
13 17 30
3 7 25
6 10 12
21 23 29
9 11 26
6 9 14
13 16 12
12 13 2
2 4 9
13 18 7
16 18 2
2 2 12
17 19 2
11 14 4
13 15 30
10 12 11
5 8 16
17 20 5
18 20 12
19 20 9
21 0 20
12 17 8
16 20 25
6 7 8
3 3 8
1 5 4
13 13 13
19 22 10
21 23 15
18 22 12
20 23 10
16 20 22
6 6 1
19 20 11
15 18 4
0 1 4
16 19 9
4 6 2
14 15 23
21 0 23
13 14 11
11 13 27
3 6 18
17 20 19
7 10 23
13 14 24
0 1 16
11 13 12
15 17 15
23 0 10
13 14 21
3 7 5
22 0 15
11 12 7
11 14 4
21 22 19
10 13 13
8 11 16
10 10 11
4 8 15
15 17 3
21 0 24
18 19 1
20 22 29
8 12 23
2 3 23
14 15 30
5 7 5
17 19 3
14 16 19
16 21 4
5 8 20
16 18 22
19 22 26
3 4 1
17 20 7
11 14 5
4 5 29
14 13 12
3 5 19
20 22 12
4 7 26
19 22 3
6 7 30
23 0 26
11 14 12
17 18 28
4 5 6
17 20 12
1 3 17
2 2 21
0 1 18
7 10 21
1 4 17
7 8 5
9 10 28
3 6 15
23 1 20
16 18 18
20 20 11
6 10 7
23 23 24
12 14 7
18 20 24
19 21 28
6 7 21
17 18 22
7 10 3
5 7 28
17 18 10
16 19 13
11 14 17
7 9 22
14 15 1
23 2 1
0 2 14
19 21 24
10 11 20
9 10 11
3 6 14
12 14 15
8 9 5
16 19 19
12 13 1
17 18 21
14 16 23
11 13 25
17 18 21
21 0 4
3 6 25
19 21 19
8 11 11
10 12 26
11 14 5
14 16 23
14 15 7
7 7 12
18 20 26
3 5 22
19 21 10
14 15 5
1 3 22
3 6 16
15 19 25
11 13 8
14 16 12
16 19 9
13 13 15
0 3 30
19 21 10
13 14 7
0 3 6
8 10 27
4 6 21
8 9 17
2 5 25
6 8 5
2 3 3
0 2 8
14 16 3
3 6 12
12 13 24
17 20 19
18 19 24
7 10 3
12 13 23
17 17 20
6 9 20
9 11 27
19 20 16
0 1 20
9 11 4
18 21 12
22 23 30
23 0 29
20 22 27
20 23 13
12 13 8
4 8 12
20 22 8
11 12 17
19 19 20
8 10 29
9 12 9
23 1 4
17 20 30
8 10 17
22 1 2
3 5 24
2 4 2
2 4 6
23 0 10
18 20 20
18 20 14
1 5 17
2 4 7
18 21 2
5 6 19
18 20 1
5 6 7
20 22 5
2 3 28
11 14 6
2 4 25
11 12 14
23 1 7
19 21 10
23 2 7
1 3 7
11 12 22
5 6 25
22 0 19
0 2 27
3 7 4
15 16 29
9 11 16
7 8 16
12 14 13
23 2 10
9 11 8
10 13 21
15 18 1
23 1 29
8 10 27
19 20 16
7 10 5
14 16 15
19 21 26
5 7 24
21 22 11
19 21 15
10 10 2
0 2 24
19 21 26
12 15 8
20 20 2
19 22 15
9 9 23
4 7 23
9 10 12
5 6 28
12 13 26
14 17 14
19 21 2
18 20 9
0 2 15
0 0 17
21 0 29
6 8 30
15 17 7
8 12 25
14 16 2
1 1 23
21 23 6
20 23 22
21 23 28
15 16 23
18 21 16
22 0 15
18 21 18
8 12 26
1 2 29
2 3 22
11 14 3
18 20 11
22 1 9
10 11 28
13 14 29
22 23 2
21 23 3
14 17 5
19 19 3
20 22 10
2 2 2
22 1 12
9 9 6
19 21 7
15 16 25
17 20 27
15 17 12
18 21 24
12 14 9
4 5 25
15 16 22
14 16 9
16 18 14
7 7 20
23 23 22
23 3 29
5 6 29
18 20 18
1 4 22
22 23 4
20 22 26
4 6 14
17 18 4
14 16 23
2 3 26
17 20 5
16 17 3
21 23 23
7 10 3
10 10 7
14 17 1
20 23 10
23 1 27
21 0 1
1 4 7
5 9 7
5 8 7
5 7 1
4 5 25
7 10 26
12 13 1
2 3 27
4 6 7
18 20 9
3 4 24
11 12 8
20 21 7
19 21 1
17 20 5
7 9 23
14 18 17
13 15 24
1 2 10
3 5 3
23 1 29
19 20 14
13 15 27
3 5 17
16 18 26
6 7 21
20 22 26
5 6 23
15 18 28
12 13 10
12 13 24
15 18 5
20 22 29
14 16 9
12 13 26
14 16 8
3 6 23
5 6 18
0 2 11
8 10 2
3 6 25
0 3 9
6 6 20
3 5 13
13 16 12
11 14 9
18 20 24
8 10 11
16 19 27
16 18 10
16 20 13
0 2 21
12 14 1
7 8 14
4 7 19
18 22 7
11 15 23
5 7 18
22 0 30
9 11 15
9 11 22
19 20 11
21 23 1
22 23 14
22 22 17
16 19 25
11 12 3
4 4 29
6 8 25
11 11 30
6 9 27
11 14 26
23 0 19
19 20 17
16 17 26
19 21 28
11 13 22
17 18 12
22 23 4
9 10 23
21 23 10
19 19 4
11 12 6
23 2 14
9 11 24
20 0 25
19 20 23
7 11 13
4 7 4
10 12 29
4 5 17
9 10 19
8 10 6
8 9 9
0 2 4
21 23 4
11 13 28
15 17 28
22 0 21
3 6 20
19 21 4
4 7 30
0 2 8
9 11 1
1 3 8
6 6 3
14 16 1
5 7 28
16 19 22
16 18 23
22 0 10
5 6 26
23 2 19
14 14 23
19 21 12
22 0 27
19 20 16
1 3 22
1 3 30
19 20 19
21 0 10
15 16 14
12 15 23
20 23 16
2 5 3
13 14 3
23 0 15
13 14 3
15 17 21
11 13 12
14 16 26
11 11 6
21 23 22
17 20 3
22 23 16
1 3 18
3 5 15
18 20 8
10 11 12
3 5 15
11 13 13
3 6 12
4 8 29
4 5 25
14 16 27
5 6 11
13 14 15
17 20 1
20 23 9
18 19 14
3 5 4
1 4 15
23 2 1
22 2 23
20 23 24
3 5 29
14 15 10
0 3 19
1 4 20
13 13 17
10 11 19
19 20 13
11 14 20
4 7 11
1 2 1
11 13 14
18 21 5
13 15 27
13 15 12
14 17 3
20 21 7
17 20 27
0 4 25
1 3 11
21 22 21
15 18 21
5 8 19
1 2 26
1 4 8
12 13 4
8 10 5
0 4 17
11 13 1
14 15 15
14 17 24
4 6 25
5 8 8
17 18 8
2 2 25
22 23 11
19 21 16
21 23 22
3 6 18
7 8 27
4 5 26
5 7 10
14 15 4
5 7 7
9 9 10
17 19 29
22 0 27
18 21 12
15 17 3
13 15 2
13 14 5
16 18 28
5 6 4
9 12 6
6 7 5
2 4 3
22 0 11
0 3 30
5 8 27
11 13 15
3 4 21
2 5 14
0 3 20
16 18 21
16 18 2
20 22 26
15 18 15
14 17 21
22 23 19
9 12 29
17 17 24
0 2 16
9 12 17
20 23 25
19 21 9
20 22 6
22 0 11
18 20 25
21 0 21
7 10 30
11 12 21
12 14 8
5 7 1
10 13 25
7 10 24
1 3 28
18 19 3
15 14 4
8 11 26
3 4 8
1 4 6
13 14 17
6 7 15
6 8 27
1 3 28
10 14 19
10 10 2
14 17 19
23 2 20
4 6 27
2 5 13
22 1 22
0 3 12
10 11 23
16 17 18
20 21 2
14 14 9
6 9 24
23 1 12
14 16 25
17 18 20
18 19 7
5 7 2
3 6 10
2 3 13
1 3 28
9 9 21
1 4 26
4 6 25
6 8 21
22 1 19
7 8 28
14 16 13
6 7 12
16 18 28
5 8 24
15 15 15
21 22 28
4 6 19
22 22 1
23 2 17
4 4 11
22 0 3
1 3 15
3 5 5
4 5 20
4 5 12
5 8 6
8 11 27
18 20 19
7 9 26
23 1 29
10 14 10
16 21 5
10 11 1
3 4 29
10 12 17
15 17 9
16 19 21
17 19 30
13 15 7
9 10 10
7 9 12
14 16 29
2 5 17
21 22 6
2 3 4
0 3 11
19 20 9
6 10 5
19 22 23
1 4 14
7 9 9
3 5 20
23 3 22
1 4 15
14 15 3
5 7 17
11 14 17
22 0 5
13 14 17
14 15 16
21 23 24
11 13 19
12 14 4
18 19 6
15 16 28
20 0 12
17 18 21
14 15 12
11 12 3
7 10 22
14 17 20
5 6 20
8 10 6
21 23 17
16 19 13
10 14 10
11 12 23
23 23 15
11 14 12
17 19 7
9 10 5
21 0 30
18 20 7
7 8 29
18 20 10
14 17 5
12 14 10
16 20 27
20 21 6
11 14 23
17 19 30
17 20 10
13 14 10
14 15 11
21 0 28
20 22 23
23 23 4
8 10 14
3 5 13
8 11 21
1 3 27
7 10 4
22 23 24
1 2 21
17 19 16
18 20 19
5 7 24
7 8 4
13 15 5
8 10 30
22 0 7
17 18 6
22 2 13
21 21 2
13 14 24
3 5 24
11 12 8
0 3 14
3 6 10
7 8 17
22 0 3
22 0 9
18 20 27
9 11 16
12 14 7
14 16 30
5 5 5
3 5 11
16 20 15
6 8 30
21 0 19
0 2 13
16 18 12
0 1 16
6 9 24
23 2 27
12 12 7
22 23 2
4 8 1
10 13 8
9 11 26
8 12 22
18 18 16
13 14 27
2 4 15
22 0 19
6 6 2
23 1 27
20 21 12
18 18 16
16 19 11
22 0 5
23 2 30
3 4 9
21 23 26
0 2 5
23 1 28
6 8 22
11 13 8
23 3 6
3 5 7
5 6 15
1 3 12
23 0 24
22 22 4
22 0 7
7 10 1
1 2 7
12 13 22
3 5 11
21 0 21
18 19 19
8 11 21
13 14 16
7 8 6
22 22 8
6 7 7
21 23 18
8 9 15
4 7 7
0 2 26
20 23 14
22 0 16
12 16 1
19 21 1
5 8 3
12 16 17
7 9 25
13 15 26
10 12 17
21 23 26
0 3 10
23 3 12
4 6 3
2 4 23
6 8 15
21 23 16
14 18 14
8 10 9
9 12 5
11 14 22
13 15 4
14 14 15
9 11 18
9 11 12
5 7 1
22 1 30
23 1 9
5 6 27
1 3 8
10 12 26
5 7 8
7 10 14
15 17 12
9 10 11
0 1 14
9 10 8
11 13 10
15 18 29
0 1 6
16 17 20
19 21 21
16 17 5
19 21 22
9 11 4
10 11 10
7 10 29
20 23 7
22 0 13
14 16 23
23 0 7
9 11 16
16 18 17
11 14 11
19 20 23
4 5 21
3 5 7
13 16 28
0 4 17
7 11 24
23 2 16
18 22 28
3 4 25
16 20 7
1 3 27
16 18 11
23 1 17
22 2 1
2 4 17
8 11 24
2 4 9
4 7 21
4 7 6
23 0 13
2 3 23
15 18 14
8 10 14
20 22 28
9 12 10
15 17 22
1 1 28
22 23 8
10 11 10
17 19 23
18 17 12
2 5 24
23 2 13
16 18 22
9 9 8
1 4 9
0 1 1
10 13 8
18 19 17
1 3 21
9 12 29
9 9 12
14 17 25
18 20 23
7 10 24
9 10 4
11 11 18
21 0 2
5 8 6
10 12 15
10 10 10
0 3 19
13 14 6
17 18 21
4 6 4
23 1 12
4 6 29
2 4 2
0 2 30
17 21 27
7 8 10
16 18 6
14 16 25
21 23 8
19 22 22
13 16 25
7 9 23
20 23 13
17 19 16
18 20 8
15 17 11
8 10 20
5 8 21
3 5 13
5 5 21
7 10 13
22 2 17
19 22 11
3 4 2
20 0 7
13 16 12
8 10 12
0 3 12
12 15 28
21 23 10
4 8 15
1 3 21
22 0 6
9 9 23
11 13 9
2 4 9
15 17 8
22 0 2
1 3 19
9 10 15
22 22 15
11 12 9
14 15 6
9 12 17
5 5 20
3 6 2
7 9 6
7 7 5
5 6 12
12 14 27
23 1 26
23 1 30
21 0 25
8 11 5
22 22 8
11 14 23
10 11 1
13 15 10
22 23 16
10 11 7
2 5 5
17 21 10
2 5 28
9 11 29
11 14 17
21 0 10
19 22 16
3 2 30
17 18 17
22 0 22
21 0 29
18 19 4
7 9 11
4 6 11
2 6 12
3 4 10
17 20 5
21 0 14
20 21 12
18 20 12
15 16 6
2 4 12
1 2 11
19 21 29
0 2 11
5 9 23
1 2 9
19 22 29
20 22 21
12 15 30
17 20 6
13 14 20
19 20 16
14 16 26
10 12 19
10 12 20
18 19 9
13 15 24
3 4 17
19 22 17
2 3 24
12 14 8
18 19 17
9 10 8
12 13 8
19 22 11
13 14 22
7 8 25
19 21 14
4 6 3
21 0 23
9 12 1
22 23 20
17 20 11
2 3 12
20 22 23
4 7 15
10 13 24
8 8 16
2 4 1
4 6 4
2 4 10
20 21 28
5 7 26
0 1 12
14 16 24
11 12 6
1 3 20
9 10 30
19 23 8
22 2 16
8 13 22
13 15 10
2 4 7
23 1 3
8 9 24
19 23 5
16 17 28
17 19 24
7 9 16
10 12 17
13 17 9
22 23 12
12 15 3
4 6 9
3 5 26
10 11 22
0 0 25
21 0 25
3 6 18
8 11 20
7 8 13
11 13 19
2 5 14
22 0 12
23 1 21
23 1 22
18 20 24
2 5 18
18 19 3
19 20 5
11 12 4
21 23 22
12 14 26
12 14 13
23 1 1
12 13 7
17 20 12
11 13 18
0 2 13
13 16 5
7 10 11
13 16 30
14 16 17
6 7 15
2 3 30
10 11 19
9 10 6
11 13 21
3 3 24
4 6 10
18 20 27
18 21 30
4 6 12
9 12 20
2 2 25
14 15 21
3 6 14
1 3 19
2 5 8
22 23 1
6 6 29
4 6 2
8 9 20
17 20 18
12 14 18
13 14 13
22 0 18
10 13 3
22 23 22
7 8 13
7 8 16
11 12 21
11 12 22
21 22 14
19 21 15
16 17 28
12 14 13
17 18 17
6 8 19
7 9 14
22 0 19
5 8 30
20 22 12
12 12 21
8 9 16
22 1 3
23 1 7
17 20 12
13 14 20
0 3 1
18 18 7
17 19 7
0 1 6
5 7 26
12 14 16
22 0 15
5 7 18
15 17 28
4 7 24
5 9 8
11 13 29
1 5 28
2 4 19
11 12 21
15 17 11
17 18 19
9 10 28
20 21 4
4 7 7
11 14 2
13 17 23
16 17 10
17 19 6
17 20 25
7 9 22
19 21 5
4 6 16
20 23 8
1 2 26
9 13 7
15 16 2
0 3 23
2 4 4
5 6 11
14 15 6
11 13 27
14 16 10
13 15 25
15 18 23
18 20 20
6 7 13
15 18 10
22 23 23
13 14 19
23 2 24
7 9 13
15 16 14
10 11 8
1 -1 4
17 17 6
12 14 9
17 19 23
4 6 28
7 10 26
9 12 7
21 23 14
16 18 7
15 17 11
2 3 30
13 15 9
13 14 7
22 1 3
19 19 25
2 5 28
23 2 17
5 8 26
17 19 27
6 8 20
9 9 20
16 17 13
8 10 20
10 11 29
14 15 20
22 23 11
18 20 26
22 0 10
13 15 7
9 10 8
12 15 8
23 1 13
18 21 22
9 12 27
5 8 12
19 22 5
1 3 16
2 5 21
21 22 14
5 5 8
19 21 15
4 6 26
12 14 6
7 11 9
23 2 23
2 3 15
3 4 13
4 5 2
2 3 17
19 22 4
10 12 16
8 11 5
20 21 13
7 8 27
11 13 9
14 15 30
12 14 12
1 2 20
23 0 7
23 2 24
17 18 22
13 15 26
14 17 30
1 5 26
23 3 29
16 16 28
9 9 24
19 20 10
17 19 3
7 10 16
8 11 24
16 17 17
7 8 20
4 6 21
6 9 15
8 10 30
17 21 27
9 10 3
11 12 8
22 1 7
5 7 18
14 15 2
7 8 2
8 10 14
6 7 3
20 22 30
16 18 16
2 4 16
8 10 20
4 5 12
4 6 2
7 8 12
16 17 29
9 12 30
9 9 19
14 17 9
13 15 24
5 9 26
22 0 5
15 17 22
16 19 13
19 22 9
1 2 28
10 14 12
15 16 23
2 3 19
2 4 21
7 8 12
4 6 13
13 14 29
11 13 18
13 15 22
15 16 8
10 10 17
4 7 3
11 15 14
14 16 20
1 1 19
21 23 18
23 0 26
9 11 27
6 7 24
14 16 30
16 18 14
20 22 12
0 3 2
6 9 5
5 5 17
16 19 4
2 5 28
14 16 23
2 5 28
5 5 8
3 4 21
12 13 28
10 12 7
3 8 19
7 10 10
10 11 13
7 8 6
21 0 1
16 18 26
4 7 28
0 4 5
5 8 2
19 21 29
11 13 6
14 16 24
17 19 18
23 1 24
17 20 25
14 16 16
18 20 7
19 20 29
0 2 8
12 15 15
8 10 6
0 4 21
7 10 28
10 12 14
12 12 3
15 18 19
2 4 11
21 0 9
2 4 15
9 11 28
19 21 5
8 10 7
16 20 8
10 12 5
10 11 1
9 12 5
9 12 29
0 1 13
5 6 26
12 15 4
12 13 17
23 2 13
21 0 24
15 18 6
10 12 25
22 0 19
19 22 29
17 18 14
5 6 1
16 18 6
15 17 4
14 17 14
15 15 18
15 17 3
12 13 30
3 5 10
22 23 14
7 11 27
17 19 19
12 15 6
18 22 5
13 14 2
10 14 4
16 16 6
23 1 24
19 20 12
1 3 26
23 1 12
20 0 23
14 16 25
17 21 6
16 19 19
3 6 8
8 10 13
19 23 5
19 21 28
7 10 22
6 8 9
12 15 23
8 9 18
11 13 20
15 18 3
8 10 28
14 14 23
23 1 24
12 14 16
0 2 2
7 9 26
8 8 10
20 22 20
7 9 10
13 15 7
13 17 17
17 19 8
9 10 22
9 11 12
3 6 3
18 21 16
14 17 23
6 9 4
21 1 12
12 15 1
10 12 9
14 17 12
17 19 2
10 12 22
22 1 18
18 20 3
19 21 27
7 9 30
23 1 16
8 11 15
11 14 28
11 12 29
8 8 30
1 4 5
23 1 27
17 19 7
4 5 10
9 10 27
0 3 4
14 16 22
4 6 3
4 7 19
11 14 19
20 0 18
11 14 4
8 10 19
2 4 1
14 18 13
15 17 2
15 17 19
22 23 25
7 8 24
1 4 24
10 13 26
6 9 19
16 17 28
0 3 18
6 8 27
1 3 8
16 15 19
5 6 18
13 15 3
9 11 30
7 11 6
3 6 18
16 17 6
0 3 22
20 22 6
23 2 22
5 6 11
0 4 12
19 21 25
9 11 27
17 20 30
14 16 27
10 12 17
19 23 29
4 6 21
16 17 8
14 16 27
5 8 21
23 0 5
22 23 25
4 4 4
10 12 10
6 8 12
22 0 19
10 12 23
5 8 7
4 6 18
1 3 30
21 23 24
14 16 29
7 9 5
4 4 4
19 22 1
13 16 20
17 19 11
8 10 2
8 10 1
21 23 23
0 2 23
2 2 22
23 1 28
12 15 14
5 7 24
4 7 3
11 12 1
5 7 3
22 1 10
11 14 30
6 7 18
4 6 17
17 20 20
14 15 6
9 12 7
13 14 12
14 17 24
12 15 3
9 12 4
20 22 4
0 2 9
23 0 4
5 7 29
8 9 30
21 0 23
14 16 19
5 7 9
4 5 23
8 11 18
16 20 25
4 4 8
19 21 29
9 11 25
2 3 15
7 9 22
20 21 13
0 3 7
10 10 26
22 22 13
5 8 16
12 12 3
15 17 28
2 4 13
5 7 1
7 10 12
6 9 17
17 19 19
19 22 30
22 0 24
6 8 23
2 2 19
23 2 7
15 18 10
16 18 19
23 1 9
18 20 26
1 4 7
14 15 6
1 3 14
0 3 22
21 0 18
16 15 11
6 9 25
22 22 3
19 21 28
6 6 9
16 19 23
12 15 14
21 22 18
17 18 21
18 19 16
10 12 21
12 13 8
23 1 11
7 7 29
21 0 10
22 23 8
9 12 9
21 0 29
0 2 17
16 19 21
13 15 4
3 3 2
10 11 15
16 18 11
16 18 23
17 19 29
1 0 8
12 15 20
10 13 20
8 10 22
8 10 22
20 23 2
12 14 20
4 4 22
0 3 7
23 0 5
0 3 19
1 2 13
4 6 26
4 6 17
11 14 17
15 16 24
19 21 1
15 16 7
1 2 25
10 10 16
7 8 21
23 1 25
0 3 28
15 16 20
0 3 29
0 1 15
16 17 26
13 17 26
16 18 28
18 19 29
11 13 27
2 3 1
23 0 6
16 19 28
10 12 12
13 15 7
23 2 10
13 16 20
9 10 17
5 6 20
5 7 26
11 12 9
6 9 8
2 5 14
15 18 14
14 16 25
2 4 23
10 12 25
11 13 23
20 22 23
14 18 14
6 7 5
20 21 20
12 15 3
23 1 28
21 23 4
13 17 20
6 7 9
0 2 14
18 20 30
13 16 8
23 2 3
21 23 3
1 2 15
13 14 15
16 18 5
8 10 18
4 6 8
1 3 26
6 9 4
23 1 1
7 10 21
11 12 14
20 21 21
19 21 4
10 12 30
0 1 23
13 16 15
1 3 21
19 22 27
3 5 28
6 8 28
20 21 26
16 16 21
23 1 2
1 2 21
11 13 13
14 17 19
13 17 5
12 15 28
13 14 29
15 18 30
17 20 24
3 6 18
2 4 11
11 12 4
1 4 5
11 13 26
5 8 8
11 13 26
22 23 6
7 9 12
8 10 10
16 18 19
13 17 27
7 9 16
3 4 3
2 4 1
14 18 10
17 19 26
2 4 29
14 16 5
1 3 1
13 16 22
13 16 16
7 10 6
3 3 1
6 9 19
17 20 23
6 8 13
4 6 11
9 11 10
8 11 24
22 0 10
12 14 8
5 7 2
2 3 9
7 9 8
21 23 8
18 20 21
8 10 13
8 12 28
12 14 26
7 10 24
5 9 29
9 12 4
20 0 30
7 9 21
7 7 27
21 23 17
12 14 18
