3230 30
4 11 29 22 18 22 6 2 15 1 27 19 14 6 11 4 16 6 22 25 17 1 22 10 19 14 1 25 2 10 
23 1 26
16 18 1
2 2 11
13 15 14
7 10 27
12 15 1
16 17 5
1 1 17
18 20 5
3 3 5
16 19 18
12 15 11
17 19 7
4 5 28
5 6 8
13 15 24
17 21 19
14 17 3
21 21 23
20 23 11
20 20 21
7 10 18
22 23 8
19 21 30
5 7 21
17 18 12
2 4 25
16 17 25
16 17 24
17 18 18
21 23 14
20 23 22
7 7 25
9 10 25
23 1 10
19 22 24
13 15 22
4 6 30
1 5 12
18 21 2
1 4 19
16 16 18
13 16 26
21 23 11
11 14 26
10 12 14
0 2 28
8 12 24
2 4 20
5 6 7
19 21 29
14 15 12
19 19 21
1 4 28
23 2 4
20 21 23
17 19 1
1 2 10
13 15 22
17 20 1
20 21 8
21 22 9
23 3 11
23 2 24
21 22 1
21 22 2
20 22 3
14 15 7
10 12 20
3 6 24
20 22 20
3 5 28
20 23 1
17 18 17
2 5 4
19 21 11
17 18 1
7 9 21
21 22 27
4 6 30
1 2 9
3 5 21
17 18 19
2 3 19
9 11 2
19 21 22
2 3 1
20 23 23
2 7 15
1 1 23
20 21 20
22 2 27
21 1 7
6 7 19
22 0 18
2 5 6
19 21 18
6 10 17
23 0 5
6 9 24
16 18 30
23 2 30
21 22 11
7 8 23
20 22 23
10 12 13
13 15 25
19 21 4
21 23 26
8 12 11
17 20 18
8 11 17
19 20 30
22 23 9
21 23 4
19 22 14
10 13 8
5 6 30
12 13 11
23 2 5
15 16 27
5 6 23
20 23 27
9 13 7
9 11 23
6 7 7
19 21 17
18 21 17
19 20 29
23 3 16
11 13 7
15 17 1
13 14 9
15 18 23
7 9 30
13 15 21
21 23 7
20 22 24
4 5 21
15 16 17
1 4 9
15 17 29
8 9 13
17 19 4
14 16 25
18 20 24
19 22 15
17 19 22
19 21 21
0 1 13
22 1 29
0 1 13
23 23 19
1 2 29
16 19 12
11 13 9
18 20 13
20 21 3
7 8 23
0 5 28
12 14 7
11 12 17
15 18 14
13 15 12
2 4 5
9 11 10
23 1 25
12 16 12
16 19 14
22 1 14
15 17 5
17 20 19
2 4 24
11 12 1
8 10 22
0 2 12
3 5 19
9 11 14
20 23 5
15 17 25
0 2 20
23 1 27
17 20 3
5 6 6
8 10 25
10 10 28
14 15 18
14 17 17
10 12 24
20 21 7
7 10 9
18 21 16
19 21 2
10 11 29
12 14 26
6 8 10
1 1 27
11 13 30
20 22 27
16 18 7
0 1 29
17 19 28
21 23 24
2 4 28
17 20 10
22 23 8
3 6 16
4 5 25
17 19 20
19 19 9
6 8 23
10 13 30
2 6 15
11 13 16
23 0 27
12 15 28
13 16 1
1 1 24
4 6 7
11 14 14
7 6 20
11 14 29
20 21 14
18 18 22
2 4 20
19 22 29
2 4 11
23 2 25
4 6 1
21 0 23
2 4 12
1 5 19
3 4 19
10 13 24
9 13 24
14 18 19
15 17 12
9 10 13
15 16 29
0 2 11
15 16 13
7 8 13
8 11 10
23 1 17
10 13 1
10 11 17
9 11 24
6 7 16
20 22 1
22 0 5
0 2 13
4 6 30
9 11 3
19 20 11
0 4 16
5 7 23
6 7 2
17 19 6
1 4 12
6 9 7
7 10 1
23 0 11
7 9 1
4 6 22
8 9 22
1 4 14
23 1 6
7 10 18
13 15 1
3 5 1
7 9 5
1 2 17
11 12 8
14 15 21
13 14 18
21 23 15
13 15 20
15 16 15
7 11 24
1 4 10
18 20 27
7 10 18
4 7 22
19 21 17
17 18 7
3 5 13
12 15 15
21 23 16
0 2 22
17 21 30
16 20 19
7 8 24
2 3 12
10 13 26
19 21 27
4 6 12
2 5 12
23 2 23
2 4 26
19 23 2
8 11 22
10 12 25
7 9 6
7 9 24
8 10 29
19 21 20
3 5 9
7 10 3
2 4 30
20 22 6
16 19 14
21 0 17
10 12 2
18 20 13
14 17 23
6 9 18
10 13 8
15 17 5
22 0 28
14 15 9
22 0 22
22 0 7
13 15 5
20 0 22
14 18 23
21 1 13
18 20 2
0 3 28
23 1 27
6 7 1
22 0 18
17 19 11
14 16 2
20 22 28
9 10 17
13 15 30
7 7 30
20 23 11
16 19 6
17 19 4
13 15 5
6 8 12
5 6 20
5 8 20
23 2 20
5 7 27
21 23 14
22 0 10
6 8 30
21 22 18
1 2 27
20 22 2
3 7 4
6 8 7
13 14 21
15 18 22
9 10 22
16 17 3
14 15 19
18 20 19
0 2 28
17 20 6
0 2 21
23 1 12
22 0 23
0 1 6
18 20 30
15 18 11
21 0 30
20 22 14
21 23 21
0 3 29
19 20 10
2 5 23
12 13 11
0 3 23
14 15 20
11 13 11
20 21 7
4 6 19
19 20 16
12 14 12
20 21 24
5 6 9
8 9 9
19 20 15
9 10 6
10 13 29
15 17 10
1 3 10
4 7 11
0 1 15
16 18 8
13 16 24
14 17 3
2 4 10
7 10 4
7 9 27
0 1 11
21 21 10
16 18 27
0 2 2
16 18 28
14 15 25
6 8 2
9 10 26
21 22 16
13 13 29
16 19 16
9 11 27
21 23 24
8 11 29
21 0 6
9 11 23
9 12 16
12 13 26
18 20 11
16 18 25
0 1 30
19 20 24
19 21 1
3 5 14
9 11 15
14 15 9
11 13 3
4 5 29
14 17 29
13 15 3
19 23 15
19 20 2
4 6 15
1 4 4
22 23 1
11 13 27
8 11 19
16 19 3
10 11 23
10 12 3
3 4 26
18 21 30
10 12 17
2 3 12
2 5 20
8 11 19
4 6 22
19 21 12
5 8 21
5 7 9
4 6 1
9 9 18
1 4 30
15 18 23
11 14 27
6 7 8
20 23 13
11 13 11
2 3 20
22 23 28
1 2 19
18 19 19
9 12 9
23 1 9
22 0 5
20 22 4
23 1 12
20 23 12
23 1 7
18 20 10
13 15 24
17 19 21
9 11 9
22 1 16
20 22 21
13 15 18
18 22 11
23 1 21
19 20 17
11 14 3
4 6 3
4 7 16
14 14 22
8 11 17
21 23 27
6 7 27
5 8 22
13 15 13
21 22 24
0 4 10
1 2 19
20 22 23
22 23 30
7 10 9
11 13 13
15 16 7
14 17 17
2 1 15
22 0 22
0 2 7
6 10 5
12 15 28
9 12 22
0 1 12
9 12 28
16 18 22
4 7 29
16 18 7
14 17 20
11 14 14
9 10 4
1 2 12
22 1 10
14 17 28
19 22 29
12 13 25
13 16 9
10 12 26
23 1 27
12 15 12
18 20 20
13 15 27
15 17 27
0 -1 8
22 1 3
13 15 20
12 14 20
2 4 27
5 7 23
8 9 29
22 23 6
20 22 7
9 10 29
21 22 6
1 1 17
13 14 10
17 17 4
14 15 7
17 20 8
16 18 5
8 9 19
9 11 20
10 12 25
0 1 10
11 11 15
10 12 26
12 14 25
1 2 18
12 14 27
2 4 23
21 22 3
14 17 17
15 16 30
0 2 19
12 14 5
15 16 28
20 22 15
23 1 17
12 12 1
9 12 19
5 8 25
1 4 29
3 5 8
8 10 22
10 11 18
4 7 30
0 2 12
18 22 9
1 2 20
22 0 23
21 22 4
3 6 10
19 21 1
1 3 30
17 19 23
13 17 18
1 2 20
9 11 18
17 19 25
13 15 6
9 11 19
7 10 27
11 15 11
10 12 26
20 22 9
19 23 9
14 16 25
18 22 18
19 21 17
10 13 20
15 17 23
4 5 23
5 5 5
4 5 9
0 1 24
3 4 29
20 22 8
5 6 14
3 5 29
20 22 5
22 0 21
13 13 13
16 17 15
6 7 28
9 11 8
17 20 27
12 15 6
22 0 10
6 8 25
5 6 5
4 5 14
13 15 27
22 1 8
2 3 20
10 12 19
2 3 23
12 15 13
15 18 3
1 4 20
18 18 7
12 14 4
14 15 12
17 20 2
15 17 25
16 20 23
23 1 20
9 11 15
22 23 8
16 20 9
6 8 6
5 8 17
9 10 13
6 7 15
3 5 25
1 4 22
19 23 7
2 3 1
0 2 3
7 8 9
15 17 25
1 4 10
4 6 23
23 23 17
22 1 2
13 13 27
19 20 17
0 4 24
16 17 21
15 17 10
6 9 15
5 6 7
0 2 10
2 2 15
6 6 12
2 4 4
17 19 6
0 1 17
14 18 29
13 15 20
19 21 11
14 16 3
19 22 15
5 5 19
17 17 12
4 3 5
16 17 13
5 7 9
0 2 19
9 12 18
4 7 30
15 17 19
9 12 7
1 3 10
21 22 26
0 3 12
17 18 1
19 21 7
1 1 1
9 9 17
11 13 7
19 21 10
9 10 17
1 5 17
15 19 7
16 19 2
17 21 18
23 0 16
8 11 3
12 12 25
10 14 26
4 6 21
19 21 1
23 3 30
1 3 29
21 2 25
19 21 13
0 2 13
3 5 8
13 13 2
15 16 22
17 19 1
22 1 21
9 10 9
2 3 29
2 4 7
8 10 5
3 4 19
7 10 7
17 19 2
23 1 22
21 22 3
18 20 12
21 0 14
8 10 8
18 20 14
14 15 16
11 13 19
0 4 23
11 13 9
17 19 5
3 5 5
21 22 30
0 1 21
12 14 5
21 22 4
10 13 5
5 7 14
18 20 10
10 12 27
10 11 12
16 19 16
16 18 22
14 16 15
9 10 20
23 1 20
18 21 8
21 23 22
13 14 7
21 2 27
8 9 14
2 5 5
12 13 19
14 15 30
16 18 16
10 12 2
16 17 5
12 15 6
15 14 22
11 13 17
19 21 15
8 9 8
13 16 29
9 12 5
20 23 14
12 16 7
14 16 19
14 16 24
1 2 20
6 8 5
0 1 28
11 14 3
4 6 27
6 9 3
23 23 23
16 18 24
13 15 12
22 0 2
3 5 30
8 9 12
19 20 16
0 2 22
11 12 26
6 8 16
12 13 23
15 18 21
15 19 21
5 6 12
7 9 27
18 18 9
1 4 23
19 21 13
3 5 26
12 12 4
9 11 6
20 23 18
11 13 28
14 16 6
4 8 2
8 10 29
12 13 14
6 8 28
22 23 20
15 15 12
11 15 3
3 4 4
1 2 28
22 0 3
8 12 8
7 7 8
2 3 21
4 6 18
10 12 8
18 21 14
9 10 12
17 19 30
2 3 19
15 18 20
11 13 21
20 21 17
17 19 1
11 13 22
21 23 26
10 13 17
16 18 14
8 11 21
21 23 17
14 17 30
15 17 29
8 10 8
12 14 16
13 15 30
3 6 28
20 20 16
13 17 26
21 23 16
16 19 18
2 4 26
18 21 13
15 16 17
22 23 18
13 15 8
23 0 23
1 3 19
2 5 15
9 10 6
11 14 5
15 17 12
7 10 19
22 1 7
16 16 20
2 4 17
23 0 28
11 12 5
20 22 4
4 8 17
10 11 4
4 5 21
4 7 16
21 23 15
3 4 20
11 13 24
3 4 6
4 7 5
14 18 22
16 17 30
0 4 16
12 12 4
14 18 15
1 2 14
20 23 27
20 0 12
14 17 17
0 2 12
12 14 5
6 7 23
18 21 4
6 6 5
7 9 9
5 8 24
7 8 25
12 13 3
9 13 29
8 11 8
23 2 27
21 23 27
7 8 7
6 8 6
14 15 15
5 6 27
19 19 4
1 2 30
1 1 19
20 22 15
9 10 11
12 13 17
14 16 18
13 16 27
2 5 2
13 15 21
17 19 3
19 22 27
5 8 12
2 3 7
2 4 22
21 20 7
7 8 18
21 23 1
12 14 20
23 2 5
12 13 16
3 3 2
7 7 15
0 3 16
9 10 18
15 17 5
2 3 13
19 20 15
15 17 29
2 4 8
1 3 20
16 17 18
0 0 24
17 19 8
21 21 8
4 7 24
14 16 23
14 17 20
20 21 7
22 0 12
2 5 23
1 3 19
11 12 18
23 2 11
8 11 15
0 1 4
21 1 13
6 9 22
12 13 25
2 3 16
9 11 16
0 1 27
9 11 25
22 1 18
21 22 25
15 18 12
10 14 15
4 8 27
11 11 23
9 10 15
13 15 11
11 14 28
18 20 18
16 18 18
18 21 7
2 4 29
15 17 8
6 8 8
4 6 10
17 19 6
3 5 15
11 15 14
17 19 18
10 11 30
5 8 14
2 4 14
5 8 21
12 15 22
23 23 8
18 20 7
8 9 14
7 10 27
12 14 18
5 6 26
2 6 2
17 19 6
21 22 18
16 17 8
0 2 22
3 5 13
21 0 21
13 16 18
9 10 28
22 0 26
20 22 6
22 0 18
18 21 16
1 4 14
1 2 4
12 14 17
21 0 30
12 14 16
2 5 4
20 23 19
10 12 28
4 4 30
0 1 9
11 12 4
22 0 8
1 2 27
6 9 18
15 18 6
2 4 30
11 10 7
17 19 14
5 8 7
22 23 15
16 18 27
13 15 22
4 5 14
1 4 14
13 15 17
6 8 22
2 3 27
14 16 29
22 2 27
5 8 24
21 0 30
10 11 17
23 1 9
20 22 25
8 12 13
21 23 7
1 4 14
14 16 28
2 3 4
20 21 15
5 7 4
4 5 10
20 21 21
13 14 10
10 11 18
11 14 1
1 1 30
0 4 5
13 15 21
21 23 19
16 18 27
11 13 16
17 21 27
11 12 29
12 15 18
17 19 26
2 4 21
8 11 24
4 8 6
7 9 7
18 20 18
21 1 28
13 13 30
16 17 22
12 16 19
11 14 23
7 6 25
21 23 8
21 23 7
7 10 28
11 13 29
18 20 17
21 0 25
22 0 2
13 16 18
8 11 12
3 5 16
14 15 29
19 20 8
2 5 3
10 12 22
8 12 20
5 8 24
17 19 10
22 0 13
18 19 29
10 13 10
1 3 25
3 2 28
17 19 3
12 14 28
11 13 5
7 9 14
0 3 20
12 14 20
15 19 4
10 12 26
23 4 6
11 12 13
22 23 14
6 7 13
1 4 13
4 7 20
12 14 7
5 7 10
9 12 6
1 3 25
1 3 22
2 5 16
17 20 23
15 18 14
22 0 2
19 20 8
19 21 30
13 16 26
1 2 6
4 5 19
6 8 16
15 17 1
12 14 18
12 13 6
9 11 24
22 1 18
6 9 3
7 10 3
13 16 20
12 14 22
5 7 13
7 8 3
2 4 6
21 23 26
15 17 25
11 15 16
13 15 15
20 21 24
8 11 23
23 2 6
5 8 25
12 16 6
2 4 13
8 9 16
20 22 29
3 5 18
20 21 25
18 21 29
19 20 30
13 14 29
5 6 23
8 10 17
6 6 24
8 10 7
1 5 30
4 6 28
21 22 18
22 0 2
16 19 12
18 19 1
6 8 18
23 2 30
11 12 19
17 20 15
17 17 29
4 6 12
17 19 26
17 18 6
3 6 18
22 23 13
12 14 30
4 7 13
18 21 21
4 7 2
23 2 16
1 4 4
16 19 27
17 19 13
10 12 23
5 7 5
18 21 4
23 1 12
9 11 27
9 11 3
0 3 23
7 11 20
11 14 20
22 0 10
6 8 14
2 4 7
14 17 20
14 17 27
22 23 30
21 0 3
12 13 16
22 0 19
12 15 1
23 1 10
4 6 27
12 15 12
5 8 10
15 18 12
2 3 9
12 15 27
23 1 9
19 20 14
20 21 26
14 15 17
13 14 20
8 11 12
10 11 29
12 14 30
21 23 25
3 5 6
14 15 8
18 20 13
5 7 5
7 10 21
14 16 19
4 5 15
23 0 13
8 10 4
19 22 17
7 7 16
22 22 2
15 15 1
19 21 23
20 0 27
0 4 24
6 10 21
9 10 26
22 1 16
22 0 1
11 14 23
8 10 8
2 2 8
23 2 4
17 17 16
8 10 18
2 5 1
0 3 8
0 0 30
9 11 28
12 15 26
6 9 7
0 2 19
17 20 29
12 14 5
14 16 10
5 6 2
9 11 18
15 18 25
12 14 28
11 14 25
23 1 4
13 15 10
5 7 24
17 18 20
19 22 18
21 23 3
13 16 22
10 11 7
4 5 11
7 9 22
5 7 9
13 15 8
19 21 3
0 0 18
0 1 19
12 14 12
10 13 16
22 0 9
16 18 2
4 6 26
22 23 28
1 3 17
13 17 19
17 21 17
23 1 27
6 6 2
2 5 15
8 8 5
3 5 16
5 7 26
14 15 28
3 5 23
2 3 18
4 7 9
22 2 16
19 22 8
14 16 13
7 8 13
0 1 23
13 14 19
15 16 5
1 1 20
17 17 3
21 23 10
3 5 27
13 15 25
6 8 19
1 3 3
6 8 18
0 2 7
10 12 28
14 15 3
21 0 6
0 0 19
21 22 2
1 3 17
2 5 17
6 8 5
5 7 22
22 1 11
12 15 19
21 0 7
12 14 1
6 9 29
20 22 6
6 9 3
16 19 24
12 15 14
3 4 20
20 22 22
15 18 11
3 5 28
5 6 14
14 15 4
19 21 20
23 0 16
13 15 5
20 20 27
15 16 18
1 2 22
21 22 17
11 14 29
23 0 13
17 18 27
2 5 17
4 6 14
5 8 29
1 2 15
8 10 8
16 20 19
0 2 1
21 23 9
12 12 3
6 8 15
12 14 25
15 18 1
3 6 23
0 3 8
3 5 25
5 8 20
17 20 5
8 8 1
5 7 7
10 12 14
11 14 2
12 14 21
0 2 19
1 4 24
4 4 18
9 11 7
20 23 5
17 18 4
11 13 26
5 6 27
1 3 7
21 22 5
9 12 3
6 8 20
20 22 9
20 21 9
5 7 1
15 17 15
18 21 8
5 8 13
23 23 28
18 18 12
23 0 22
17 19 1
20 22 21
16 20 8
11 13 18
1 3 9
13 13 21
20 21 30
22 0 10
4 5 28
21 23 13
9 11 12
5 7 4
17 20 25
7 10 12
17 19 16
6 9 8
14 17 1
8 9 5
18 20 16
17 18 28
9 11 29
1 4 15
3 4 12
21 22 4
16 20 6
5 7 2
9 10 24
9 12 11
21 0 27
1 2 8
14 16 14
17 19 15
3 6 7
19 21 14
2 4 28
14 16 10
14 15 25
8 11 24
20 0 10
7 9 18
21 22 23
19 20 5
10 11 28
20 22 6
4 7 15
19 21 23
20 22 10
13 15 29
22 0 16
5 9 27
8 9 23
4 9 16
1 4 2
5 7 2
8 9 6
4 7 27
21 23 9
23 0 9
15 16 5
15 18 16
5 7 30
0 0 24
18 20 16
8 12 23
7 10 21
11 13 5
4 6 26
13 17 13
15 17 8
4 6 19
16 18 29
4 4 19
8 12 5
14 17 12
3 3 18
19 21 7
16 17 17
19 21 10
15 16 1
13 15 22
23 2 28
1 3 29
13 15 2
10 13 16
6 8 12
0 2 2
3 4 17
7 9 22
18 19 17
3 5 15
21 0 3
17 19 7
5 6 18
20 21 19
20 21 29
3 3 14
21 23 9
5 7 8
12 15 13
8 9 30
0 3 18
0 2 16
13 16 7
18 19 20
20 23 23
4 7 25
16 18 16
21 22 14
18 20 28
11 12 15
1 2 16
12 14 29
15 17 11
2 4 24
22 0 10
17 20 12
7 10 6
18 20 5
20 23 26
6 8 8
10 12 28
15 16 11
4 7 1
17 19 7
19 22 25
6 8 15
16 17 9
6 9 8
13 16 5
9 10 17
2 3 7
9 11 17
22 0 3
21 21 10
22 23 3
19 20 17
11 14 11
2 4 1
22 22 25
22 1 2
16 19 6
19 21 1
5 8 21
22 0 3
23 23 21
16 19 28
3 5 14
0 3 29
4 6 20
19 20 28
4 6 9
15 16 11
1 4 26
17 19 21
4 6 24
12 15 6
16 17 7
11 12 18
14 16 18
0 3 28
12 14 26
8 10 20
5 6 3
4 5 16
0 3 21
4 6 7
0 3 29
5 6 4
5 8 28
0 2 17
12 16 20
3 7 22
6 7 20
1 3 26
1 2 20
15 16 2
11 13 22
1 2 15
15 15 9
4 7 26
11 12 29
10 10 22
18 19 25
9 11 25
10 12 11
18 19 15
14 16 9
20 21 26
21 21 15
23 0 17
8 10 21
10 13 1
6 9 19
18 21 17
22 2 27
21 1 4
3 4 28
12 13 10
12 15 26
11 13 4
19 21 15
19 19 12
7 8 12
10 13 11
22 1 27
6 9 18
21 22 9
4 5 20
8 10 24
12 15 27
22 0 15
21 21 3
7 9 4
23 0 10
3 6 4
3 4 15
7 9 23
17 19 5
20 21 20
18 20 22
17 20 21
12 15 29
18 19 20
11 12 27
6 9 8
15 16 20
8 11 10
0 1 16
17 18 25
5 7 30
4 6 4
13 13 12
12 13 30
21 23 10
20 22 2
7 8 18
14 16 7
16 21 29
15 18 10
11 13 4
20 22 18
9 11 16
8 10 25
0 1 12
22 2 5
8 10 22
11 12 16
15 17 11
10 14 22
15 16 16
7 8 12
11 12 14
9 9 9
4 6 23
14 17 12
7 10 23
8 11 19
13 16 19
19 21 26
16 18 9
5 7 17
3 5 15
2 4 24
23 0 24
3 5 30
12 15 2
23 1 16
23 0 15
5 8 28
12 14 8
18 18 17
2 4 30
10 12 24
22 0 4
22 1 27
2 5 2
17 19 7
6 9 7
17 20 8
14 14 26
10 11 28
9 12 21
20 23 6
14 16 3
16 19 11
8 10 12
1 4 21
19 23 15
11 14 9
9 13 20
7 7 12
15 17 6
17 20 25
23 0 11
5 5 7
4 5 25
19 22 20
4 5 20
12 14 24
10 13 7
18 20 23
5 7 18
22 22 15
6 9 29
11 11 15
20 22 25
15 16 19
1 4 3
5 7 22
4 7 1
14 16 17
22 0 6
0 2 30
18 21 6
22 0 29
16 17 3
14 16 25
20 0 29
7 8 10
2 5 2
23 0 13
0 2 12
3 5 12
21 22 24
17 19 6
12 13 26
16 19 26
2 5 17
17 20 27
21 23 10
15 18 16
6 7 3
3 5 12
22 22 6
15 16 19
2 2 11
6 8 11
20 21 4
12 14 18
12 13 1
5 5 12
8 10 13
20 22 26
16 18 9
6 9 14
1 3 8
20 21 23
19 21 29
21 0 13
14 17 4
6 8 9
1 3 10
17 19 25
9 12 12
23 1 17
8 10 22
12 16 14
14 16 13
13 14 12
6 7 28
6 8 3
2 3 20
6 7 12
13 15 30
16 18 17
7 10 19
3 5 12
18 19 12
10 11 17
21 22 30
6 9 18
0 2 9
5 8 17
2 2 29
5 7 28
3 5 5
14 14 24
5 7 10
17 21 1
23 2 19
12 13 4
19 20 24
11 13 16
17 21 24
2 5 13
20 21 20
4 7 18
15 18 22
14 18 30
2 3 21
22 2 9
6 8 10
6 8 21
23 3 26
20 22 3
22 0 16
3 5 28
23 2 8
20 23 16
5 7 5
9 11 2
0 2 3
5 8 15
18 21 13
2 4 11
7 8 5
22 1 1
11 13 30
14 18 17
14 16 9
13 14 23
22 0 5
10 11 29
12 14 3
6 8 8
20 0 1
19 20 16
16 18 2
16 17 6
21 0 12
4 6 1
15 17 26
8 7 23
8 10 19
8 8 24
7 7 8
7 9 16
0 2 17
7 8 3
19 21 10
6 9 24
11 14 30
0 4 19
14 16 9
1 2 18
1 2 26
15 16 11
0 2 1
21 22 27
21 23 23
17 19 28
12 14 8
14 17 20
9 12 15
20 22 24
3 7 30
18 20 18
5 8 29
20 22 11
13 15 7
16 19 18
16 18 24
11 13 30
12 14 18
14 18 17
21 20 11
0 1 7
13 13 10
19 20 29
9 11 3
1 4 6
11 12 1
18 18 16
21 22 20
5 8 21
6 9 11
18 21 21
15 18 15
4 5 13
7 8 27
20 22 23
7 8 12
7 8 1
2 6 8
5 6 19
16 18 14
13 15 20
2 3 1
6 8 3
16 19 30
20 21 30
3 4 20
12 14 14
19 21 19
18 20 3
13 17 28
11 14 11
15 18 9
14 15 4
1 4 30
13 14 4
10 12 25
18 21 11
7 10 13
1 3 30
4 6 16
6 9 2
10 13 29
23 3 13
22 23 22
11 14 5
19 19 12
8 10 22
23 3 5
20 23 5
2 3 25
12 15 3
3 3 28
1 3 8
19 22 10
3 5 22
14 15 24
10 11 7
15 17 13
21 23 14
5 8 17
17 18 23
9 11 7
23 3 18
5 6 11
18 19 24
1 4 11
14 15 14
0 -1 10
9 12 8
22 1 22
19 21 18
6 7 16
1 4 23
14 17 8
18 19 25
16 19 17
13 16 29
17 19 3
17 18 30
6 7 29
12 15 24
22 23 21
10 13 11
19 21 29
4 5 1
17 20 1
4 5 4
4 5 21
22 23 17
17 18 11
6 9 12
13 14 28
9 12 29
19 22 18
2 4 8
23 0 10
13 15 19
7 8 20
18 20 25
3 5 15
10 11 4
10 13 7
13 16 23
12 13 13
15 19 6
6 6 22
19 20 10
20 23 1
0 1 30
5 6 27
16 18 23
5 7 10
8 9 3
7 8 20
7 11 22
15 16 17
0 4 5
13 14 20
6 8 3
12 13 20
10 13 10
4 8 27
11 12 13
22 23 22
4 6 23
16 18 29
17 21 20
10 12 11
7 9 27
5 6 15
16 18 7
16 19 29
11 15 13
23 0 19
1 2 5
6 8 11
20 21 5
17 21 8
0 3 14
11 14 23
12 13 14
2 5 22
19 22 28
10 13 29
19 22 4
9 12 29
20 22 28
15 18 21
15 17 28
9 11 18
8 9 26
1 0 8
7 8 12
6 8 4
7 9 26
7 9 4
23 0 19
19 22 22
22 23 12
1 3 5
9 11 26
20 22 10
22 23 30
9 10 19
5 7 30
15 18 28
22 0 26
0 1 6
10 12 11
23 1 12
23 1 12
0 1 22
4 7 17
22 23 11
15 16 16
21 0 19
9 12 5
9 10 18
11 14 23
1 2 8
0 2 30
20 22 30
2 4 2
3 5 15
19 21 4
13 16 23
2 3 28
8 10 2
1 3 27
8 9 29
17 18 18
20 22 20
18 22 30
5 8 22
6 9 4
19 20 25
12 13 29
15 18 16
8 11 1
21 23 1
22 23 16
6 7 22
4 5 4
15 17 2
14 15 21
4 7 27
23 1 27
23 2 7
5 7 4
16 19 22
23 22 30
18 19 13
20 22 4
8 9 21
1 3 5
0 2 23
12 14 10
17 21 1
4 6 18
12 13 8
1 3 30
6 9 20
21 22 17
20 22 24
19 22 8
21 22 21
16 19 12
12 15 17
0 3 20
23 0 7
5 7 30
1 3 23
12 17 27
14 16 11
8 10 25
20 21 29
21 0 20
12 13 22
12 15 20
15 18 29
5 5 20
2 4 26
1 2 30
22 0 21
20 0 6
4 5 19
8 8 28
17 17 12
20 22 10
9 10 23
13 16 25
12 14 18
22 1 23
22 1 8
19 22 28
3 6 15
11 15 10
2 3 15
20 23 7
17 19 24
22 0 14
6 8 13
5 9 6
16 18 4
4 6 1
4 6 19
10 11 17
18 21 5
15 18 23
13 15 13
11 13 9
15 15 27
0 4 17
10 11 9
3 7 17
4 5 2
8 10 9
4 6 17
15 17 14
20 21 11
3 5 8
1 4 5
20 0 14
16 17 1
15 17 13
1 4 7
20 22 3
11 12 3
0 1 30
12 12 23
8 9 4
18 21 17
11 13 12
2 4 25
8 10 13
0 2 17
23 3 8
12 15 8
16 18 14
7 9 5
23 22 19
21 0 12
1 4 24
18 19 30
20 0 6
18 18 10
17 19 5
9 11 6
6 8 25
13 13 1
8 9 25
3 4 12
22 1 29
16 17 21
0 3 3
19 21 4
10 11 29
7 10 17
16 17 19
16 19 13
5 7 21
10 11 17
8 9 26
8 10 13
22 0 29
13 15 13
10 14 26
21 23 29
14 16 2
14 16 26
12 14 8
3 6 16
15 17 25
10 11 15
6 8 27
23 1 28
23 2 25
14 15 5
22 1 23
23 2 4
17 20 30
20 22 13
16 17 3
1 3 6
5 7 5
21 21 3
9 10 22
11 12 11
14 16 29
0 3 13
4 7 7
18 18 26
18 20 25
12 13 10
21 20 5
9 13 3
0 0 13
18 18 10
9 13 8
8 10 26
10 13 2
1 3 8
6 10 5
4 5 10
17 20 5
0 1 9
15 18 21
8 9 29
23 2 28
7 10 10
10 12 9
7 8 12
7 10 20
14 15 19
13 15 7
9 10 6
1 2 18
3 7 5
12 15 1
16 19 2
2 3 20
15 19 26
11 12 28
0 2 26
1 4 8
7 10 5
5 6 1
5 7 26
14 16 7
6 8 27
4 7 7
21 22 20
14 18 12
20 21 20
15 17 22
0 2 30
6 7 27
4 5 16
9 11 19
15 17 12
20 23 29
16 18 26
1 3 30
20 23 15
16 21 21
13 14 13
15 18 3
16 17 10
10 12 24
15 14 26
14 17 29
22 1 12
8 9 24
16 18 8
8 11 11
0 0 17
6 8 23
20 22 4
21 22 15
0 2 10
19 20 5
13 15 30
15 16 5
23 1 9
5 6 5
3 5 21
10 13 3
16 18 25
23 3 3
2 4 7
15 16 5
8 11 16
0 1 1
6 9 18
18 20 16
23 1 30
14 15 29
3 6 4
5 7 9
17 18 4
23 0 30
23 3 11
5 8 14
0 4 12
17 20 17
2 3 27
3 5 13
1 4 4
20 22 16
8 9 2
0 3 27
17 19 25
4 7 16
14 15 25
8 12 7
6 8 22
14 16 2
7 10 8
21 22 19
9 11 28
2 4 15
20 23 25
0 4 10
7 8 9
3 5 21
0 2 27
9 12 17
7 8 14
23 1 14
12 15 19
15 17 22
4 7 30
23 0 17
11 13 25
13 15 7
21 23 13
13 14 18
16 20 4
9 12 28
9 9 13
2 5 1
20 22 24
6 7 15
15 19 8
3 6 6
23 1 17
16 19 5
21 20 7
16 17 9
12 14 27
12 12 4
14 16 20
1 5 1
13 15 8
2 4 30
1 3 15
0 2 11
13 16 21
19 23 10
20 20 8
5 6 4
16 18 20
21 0 30
9 10 11
5 6 9
20 21 8
1 4 30
2 5 25
12 13 10
12 15 6
22 0 11
15 17 11
10 12 27
23 0 28
15 16 26
1 3 19
2 4 6
9 12 18
11 11 4
8 9 9
2 4 27
11 13 28
8 10 9
13 15 29
21 23 20
7 10 23
21 23 17
10 11 4
4 7 6
2 4 4
18 20 1
22 0 13
3 4 10
10 11 9
4 7 18
2 3 16
2 3 15
14 16 21
9 11 6
11 14 1
4 7 11
8 10 10
5 8 3
3 5 28
4 6 12
14 15 21
14 17 14
8 12 21
21 0 4
1 4 30
19 22 14
4 7 19
8 11 29
2 5 14
19 21 28
23 2 12
19 22 21
20 20 21
19 20 29
16 18 18
4 6 7
3 5 20
21 22 6
23 1 1
8 10 16
15 16 23
20 20 7
21 22 6
12 13 13
18 21 15
4 6 14
22 1 7
10 11 2
14 16 18
23 1 6
4 6 1
9 11 9
15 17 12
6 8 3
7 9 24
22 1 23
22 0 23
1 3 7
19 21 14
9 13 15
9 10 18
18 19 21
23 0 18
3 6 14
23 1 11
1 3 13
14 16 25
2 3 1
0 1 23
12 14 18
1 3 10
4 6 3
0 4 22
7 8 4
9 12 10
16 18 27
17 17 2
19 22 20
14 17 20
7 9 19
6 8 22
22 22 16
23 1 21
17 19 26
1 2 10
8 8 29
12 15 24
5 9 29
20 21 8
21 0 26
22 0 8
8 9 16
3 6 19
15 17 30
13 16 18
15 15 25
10 13 20
17 18 24
4 5 16
11 13 19
0 1 7
2 3 23
17 17 7
3 6 9
16 18 24
21 22 20
7 9 18
14 17 6
10 10 30
4 7 6
11 12 12
7 11 11
21 0 14
9 10 17
18 19 29
4 4 19
6 9 19
23 1 21
17 20 17
12 13 3
15 17 22
18 20 17
11 12 21
3 5 19
8 8 8
14 13 9
8 9 18
10 12 1
3 6 9
18 21 23
22 22 30
3 5 14
15 17 30
23 0 5
1 2 22
14 15 21
2 3 16
14 17 1
17 18 22
0 1 4
20 22 5
23 2 20
23 1 29
3 3 15
8 11 2
23 1 6
15 17 15
20 22 30
7 8 29
18 21 14
3 4 18
17 18 16
5 7 10
1 3 27
7 9 30
3 5 1
16 16 7
14 17 11
11 13 26
2 5 19
2 7 3
3 4 21
11 14 22
10 11 28
11 15 25
16 17 23
11 13 9
14 17 5
12 15 15
12 13 1
1 3 15
2 4 17
4 6 28
19 20 11
11 13 21
7 10 21
11 13 29
8 10 8
23 1 10
19 22 21
11 14 8
3 7 22
22 0 29
2 4 6
3 6 6
9 10 28
9 11 12
12 14 12
22 0 14
14 16 1
11 11 23
1 4 3
10 11 24
7 11 9
7 10 11
5 6 7
5 6 14
10 13 9
1 3 11
8 10 29
1 2 27
2 5 10
4 8 25
7 10 4
7 9 7
22 0 16
22 0 17
3 6 5
19 22 25
9 9 10
23 1 13
13 16 6
2 3 13
3 6 23
13 14 27
16 18 12
9 11 29
2 4 15
9 10 12
18 19 8
9 11 16
2 5 7
5 5 22
15 16 24
7 10 3
16 19 11
14 15 8
0 1 13
0 1 23
19 21 4
20 22 15
20 22 6
15 16 10
11 12 4
5 7 12
13 15 9
19 22 6
10 13 25
6 8 16
1 4 1
10 13 22
8 11 29
18 20 7
20 22 17
1 1 23
21 2 9
3 6 8
9 12 11
9 11 22
4 6 6
10 11 26
8 10 24
3 4 2
19 21 12
23 1 15
23 2 4
3 6 1
10 12 25
5 8 11
0 2 6
12 14 26
3 8 22
19 19 30
16 18 18
3 5 24
0 1 28
20 22 11
11 11 30
23 0 14
14 18 9
9 11 6
18 20 26
4 6 22
0 3 23
14 16 19
13 15 19
14 16 11
8 10 29
23 0 7
23 1 17
9 12 1
22 23 17
8 9 18
5 9 29
5 8 14
18 18 11
20 21 8
21 22 16
15 18 12
18 22 26
9 10 9
10 13 11
2 5 3
14 15 20
7 10 13
15 20 21
4 5 11
8 10 22
5 8 28
17 18 21
8 11 14
22 2 24
9 13 3
7 8 5
15 17 13
5 9 25
10 12 7
22 1 27
20 23 3
19 22 6
18 21 7
2 4 21
22 0 20
16 17 18
8 9 28
17 19 9
6 6 23
18 21 8
16 18 19
7 9 21
11 15 11
15 19 30
0 2 27
20 23 6
22 23 5
3 5 12
11 12 14
12 13 27
4 8 5
3 4 11
18 19 22
3 4 30
9 11 1
4 7 30
8 10 3
10 12 2
1 2 19
21 23 19
0 1 13
13 15 14
20 21 27
23 23 10
16 17 10
4 7 23
18 19 18
11 13 1
20 23 19
18 21 2
12 12 16
16 20 1
14 14 2
20 22 5
9 12 19
20 22 26
4 6 5
22 0 12
12 13 23
14 15 27
18 22 9
23 0 1
5 8 3
8 8 27
8 10 6
20 23 4
17 19 25
19 22 8
12 14 8
7 8 13
11 12 12
10 10 20
20 21 15
8 9 5
21 22 9
22 23 30
6 7 2
8 10 2
11 13 19
17 19 5
12 13 22
18 20 25
15 17 23
15 19 13
11 14 23
19 21 26
23 1 29
3 4 9
7 10 5
0 2 20
11 13 11
22 0 13
4 6 21
9 11 24
19 19 23
16 18 8
15 17 2
3 5 25
1 4 5
13 15 3
21 23 23
13 13 15
3 6 18
3 4 2
18 19 6
21 20 9
15 15 15
23 2 8
16 21 21
1 3 9
12 15 16
20 20 14
15 17 5
7 9 10
3 5 14
14 14 21
7 8 10
10 13 28
9 11 11
15 17 27
0 4 12
4 4 24
18 20 6
3 7 1
0 1 7
9 11 11
23 0 2
21 22 8
5 8 9
2 7 7
4 6 24
2 4 14
10 13 19
0 3 5
20 22 27
7 9 21
13 17 14
2 4 16
21 23 30
5 8 21
7 10 19
4 6 5
13 14 5
11 13 14
4 6 16
2 4 11
10 11 26
5 8 29
1 4 15
23 2 5
22 0 6
18 19 25
7 9 21
19 23 12
15 16 20
21 21 18
13 14 26
22 1 7
12 17 25
15 15 13
9 10 29
20 23 5
2 3 27
17 19 1
18 21 18
19 20 5
9 9 2
19 21 12
18 20 23
4 5 15
6 8 23
15 18 10
23 2 24
0 1 23
0 2 1
2 3 6
12 14 3
16 19 5
19 22 20
11 12 13
22 23 2
12 14 29
12 14 4
14 17 1
11 11 28
13 15 28
18 19 12
8 11 16
16 19 7
17 17 19
21 23 17
1 1 24
18 22 25
14 18 14
13 17 13
12 12 21
14 17 7
6 8 25
1 3 6
1 3 2
2 5 24
6 7 30
8 8 29
20 22 24
9 13 13
18 22 3
1 2 1
19 21 17
2 3 14
8 11 16
13 15 17
14 18 25
9 11 27
1 3 9
18 19 20
14 17 26
0 0 20
2 4 25
16 16 13
18 20 29
10 14 20
11 12 23
1 3 1
17 19 2
2 4 12
13 16 20
23 1 13
23 2 16
16 19 30
6 8 9
23 3 17
3 5 12
9 13 25
10 11 5
3 6 15
0 2 11
5 6 4
7 8 17
0 4 10
10 12 21
0 2 13
9 12 21
17 20 11
6 9 10
7 9 11
0 3 24
15 15 11
5 6 29
2 4 22
1 4 6
6 7 2
6 9 9
5 7 16
20 20 15
7 11 10
7 9 10
14 17 1
4 6 2
5 7 8
4 5 7
23 0 7
2 3 14
2 5 23
7 9 4
4 7 14
18 21 10
6 8 15
13 14 16
22 22 2
6 8 23
0 2 6
21 0 24
20 21 29
19 22 5
11 13 4
11 12 16
3 4 2
17 20 2
1 6 3
9 10 11
19 20 23
14 14 3
11 12 18
1 4 21
8 11 5
19 21 6
0 2 21
12 13 24
12 14 11
15 18 11
10 12 3
18 20 28
23 1 8
12 14 15
22 21 19
3 7 27
4 6 6
10 12 26
22 1 13
19 20 18
2 5 15
9 11 15
17 19 9
14 15 20
9 10 13
0 2 30
9 13 17
11 15 26
11 14 6
2 4 3
5 7 7
7 9 30
17 19 30
21 23 16
13 14 7
13 16 29
14 16 13
10 11 20
9 9 25
14 15 12
3 5 12
10 12 17
15 17 9
9 12 15
9 11 19
9 11 18
7 10 9
20 23 5
12 14 3
23 3 26
23 0 9
16 18 11
12 15 24
5 6 17
17 19 16
18 20 10
21 23 27
5 8 22
12 15 23
15 18 17
5 8 6
21 23 21
11 13 8
4 5 14
10 12 1
8 11 18
10 11 11
22 0 8
4 6 8
17 20 2
14 15 13
9 10 25
10 13 17
22 0 15
19 22 16
12 15 3
9 13 21
8 9 24
22 23 18
6 7 13
13 14 28
14 17 1
22 23 17
9 11 13
18 21 13
0 3 20
13 15 13
5 7 19
19 21 8
12 16 3
7 8 2
13 15 5
9 12 27
23 1 14
16 19 29
17 18 27
8 10 5
14 15 1
5 7 11
11 12 6
0 3 18
4 8 8
21 23 12
0 2 12
11 14 8
8 10 17
14 17 8
18 19 26
17 18 17
5 7 17
14 16 10
2 3 12
3 5 5
21 23 18
3 5 9
0 3 24
16 19 21
21 0 14
3 5 23
14 16 29
7 11 30
1 4 7
15 17 21
7 11 28
15 16 3
17 20 20
5 9 20
3 5 11
12 13 29
9 11 13
5 8 20
1 3 30
11 14 28
7 10 27
19 22 23
12 13 25
12 14 25
9 11 29
11 13 2
6 9 18
22 0 10
15 16 18
13 14 18
11 12 20
4 5 22
9 9 28
15 19 18
12 14 29
20 23 18
11 12 17
13 15 14
18 20 15
6 10 14
11 14 20
3 4 6
17 17 2
19 21 16
15 17 3
19 21 16
20 23 13
20 0 29
0 0 14
7 9 19
21 0 18
15 17 12
10 12 14
5 7 23
16 19 25
1 4 21
4 6 15
21 23 25
1 4 27
10 10 9
5 7 30
13 15 13
17 20 30
6 8 27
0 2 19
22 23 27
13 16 25
0 2 30
0 1 22
10 12 14
0 2 14
10 12 23
0 -1 21
16 17 15
2 3 7
23 0 28
23 1 7
23 1 25
1 4 15
2 2 8
7 9 12
15 18 14
15 18 8
14 16 15
11 14 12
14 17 4
11 12 26
23 2 6
3 5 22
6 10 11
18 21 13
15 17 3
16 17 1
4 6 19
19 22 9
11 14 10
3 6 3
14 15 25
17 20 22
0 1 27
0 0 20
16 17 29
11 12 11
6 8 20
22 1 4
17 19 4
6 9 3
3 6 12
15 16 17
15 17 18
20 22 21
18 20 20
0 2 8
13 14 10
21 0 5
15 19 26
2 3 1
16 18 22
10 11 14
6 8 6
16 17 17
4 7 17
20 0 29
21 23 28
7 9 19
17 19 5
19 20 11
18 20 9
7 9 4
12 14 7
9 12 22
22 1 30
10 12 27
6 8 27
5 7 20
17 19 30
20 0 27
21 23 15
9 12 7
3 5 2
14 15 7
13 15 1
18 20 30
6 7 15
8 10 16
2 1 26
0 2 12
9 10 15
12 14 9
7 7 7
2 4 11
9 13 11
18 19 14
0 3 26
16 18 3
12 16 25
17 19 6
11 12 3
14 16 30
14 15 16
13 16 9
12 14 21
8 11 3
19 21 20
18 21 1
5 8 23
8 9 1
14 16 23
19 21 20
20 22 28
5 5 25
23 23 22
9 11 20
12 14 24
12 15 27
21 23 16
4 6 1
14 17 24
0 3 13
7 9 1
20 22 28
15 14 25
9 10 14
3 7 10
4 6 1
9 11 29
22 23 23
5 6 10
22 23 7
15 16 16
18 21 8
5 8 20
21 23 13
12 15 9
11 14 30
16 19 12
19 21 3
11 13 22
22 1 20
16 17 14
16 19 18
19 19 5
22 1 18
8 11 9
18 20 19
6 8 28
