3260 30
23 1 9 23 13 14 8 2 24 3 30 19 25 8 1 21 4 25 4 27 17 12 11 8 22 8 19 5 14 9 
4 7 27
7 8 10
3 5 16
2 4 6
13 15 17
4 6 25
9 11 13
0 1 9
1 3 27
7 10 30
3 4 24
2 4 3
1 4 3
9 11 5
0 3 30
20 22 11
12 14 6
11 10 19
22 1 12
11 12 2
10 13 12
11 13 2
8 8 28
9 13 2
4 7 16
13 13 18
12 13 4
1 3 18
16 19 5
8 11 22
9 11 27
12 16 22
8 9 24
20 20 26
4 7 28
12 14 28
17 19 1
9 11 13
14 17 6
6 7 24
10 13 18
6 8 16
19 23 21
0 2 21
16 18 7
11 15 5
20 23 13
18 19 15
6 6 7
8 10 6
10 12 24
17 20 17
20 0 3
21 0 5
20 21 5
9 12 18
7 8 27
22 0 21
7 11 13
23 0 30
12 15 27
3 3 13
3 5 3
18 21 17
11 14 17
16 19 18
21 1 5
19 21 16
17 18 13
20 22 10
18 19 18
22 23 23
7 9 25
2 4 29
13 16 14
18 20 14
1 4 22
13 16 7
14 16 17
1 2 1
12 14 10
1 3 24
17 19 12
23 0 29
12 15 21
8 10 26
22 0 15
16 17 1
9 12 17
2 3 10
19 21 24
16 17 7
9 10 5
15 17 26
18 22 29
17 20 19
22 0 15
21 22 16
9 11 14
23 1 17
7 8 8
22 0 23
14 18 8
9 10 22
13 14 5
19 21 19
9 12 4
1 2 9
16 18 23
1 2 4
12 15 28
18 22 24
5 8 1
14 15 16
11 13 17
9 11 8
6 7 13
9 9 8
2 4 3
10 14 30
14 17 28
11 12 3
9 10 5
22 23 19
5 4 25
20 22 7
18 20 11
14 15 9
2 3 20
6 8 7
15 16 16
17 18 13
7 7 7
22 0 30
8 10 21
20 21 11
2 3 28
10 11 7
22 23 9
18 21 18
18 22 12
12 15 8
2 5 19
16 16 5
13 15 23
18 19 8
20 21 28
0 3 19
21 23 7
8 10 19
19 21 28
22 22 7
19 19 21
15 17 25
22 0 25
23 1 20
6 9 17
10 12 21
7 9 21
17 20 28
22 0 10
16 17 21
1 2 11
13 13 24
8 11 20
17 19 20
13 15 16
2 4 15
5 7 14
13 14 28
16 17 30
10 12 3
9 11 17
4 6 13
7 9 16
22 0 30
15 18 23
7 9 10
2 3 18
4 8 26
23 2 18
9 11 27
0 3 25
1 2 3
6 7 9
15 16 1
5 6 16
19 21 27
23 0 20
0 2 28
10 13 16
10 13 25
11 11 20
12 15 24
16 19 9
15 18 8
16 17 21
15 17 7
2 4 30
6 8 12
1 3 3
18 18 24
15 17 30
0 2 23
5 5 17
21 0 26
20 20 2
3 5 16
2 5 23
20 23 11
10 12 15
15 16 21
1 3 26
8 11 22
18 20 20
11 10 14
6 11 1
7 8 7
21 23 21
10 12 27
23 2 12
0 2 15
20 21 12
15 16 12
6 8 27
18 22 9
10 13 7
22 0 30
4 6 30
7 9 15
21 22 25
11 12 2
6 9 12
14 16 17
11 14 1
13 14 2
0 1 3
17 18 23
7 10 15
16 17 4
7 10 24
4 6 20
18 19 7
9 12 4
0 2 29
20 22 23
2 2 8
0 3 17
20 22 7
13 16 8
2 4 12
20 20 26
23 1 30
16 19 16
4 6 28
3 5 13
6 9 1
13 14 16
18 20 10
22 2 15
3 6 1
8 10 19
7 10 3
16 18 5
8 9 4
19 23 18
9 11 30
14 16 28
18 19 13
11 10 1
10 10 12
23 2 29
5 7 22
9 10 18
9 11 7
21 22 27
18 20 29
4 5 15
5 6 7
1 3 4
2 5 17
9 10 13
19 22 16
21 23 15
9 10 10
10 13 9
22 1 2
17 19 2
17 20 20
5 7 27
3 4 12
7 9 2
10 12 2
3 5 23
11 11 21
15 16 13
1 4 8
21 23 22
0 2 14
16 18 3
0 3 19
10 11 4
5 8 7
12 13 6
23 3 26
5 7 20
13 14 12
22 0 8
13 14 9
13 15 15
14 16 21
18 19 19
10 12 30
8 10 28
11 13 8
11 12 12
23 1 5
17 19 14
14 16 11
3 5 14
21 22 30
1 3 1
8 10 17
5 7 5
2 3 13
21 23 26
12 13 12
21 23 23
11 11 7
5 4 2
17 20 22
5 7 11
9 11 22
11 13 5
11 12 26
12 14 27
13 15 4
22 0 16
23 2 30
18 21 13
11 14 25
21 23 7
2 2 13
20 20 10
1 3 2
1 2 28
22 0 27
18 20 30
9 11 11
2 5 19
4 7 14
15 18 1
14 17 21
23 1 17
4 6 30
21 22 15
16 18 9
14 15 15
10 10 23
23 23 4
11 13 28
0 2 27
10 12 23
17 19 22
11 13 10
7 9 23
0 2 8
12 13 27
15 17 10
12 12 11
5 6 22
10 12 2
3 4 17
9 11 29
2 2 12
4 7 26
9 10 7
22 23 27
5 6 20
7 7 5
18 21 18
20 21 25
22 0 1
17 19 3
4 5 28
23 0 19
6 8 27
12 14 6
14 16 13
17 20 6
8 9 14
2 5 23
18 18 16
9 11 24
2 6 5
22 0 22
18 20 24
0 4 29
17 17 12
0 2 30
2 4 23
8 10 27
14 17 22
22 1 8
16 18 2
7 8 19
17 18 26
15 17 30
23 23 4
7 8 5
18 19 1
13 16 15
18 20 24
17 18 4
19 20 13
10 12 18
6 8 2
18 20 30
2 1 5
6 7 9
22 0 2
9 12 23
22 23 20
14 15 5
5 6 4
16 19 28
21 23 7
3 5 5
1 3 17
16 18 8
15 17 27
5 6 9
0 2 18
0 1 16
23 2 30
3 5 12
0 0 22
6 6 6
22 0 3
1 2 1
13 16 15
16 18 13
12 13 12
19 21 20
11 13 30
11 14 29
17 20 5
3 5 17
15 15 25
2 4 9
18 19 2
1 4 10
12 15 9
3 5 9
21 1 23
0 2 28
21 0 24
20 22 5
8 12 28
18 21 12
5 6 16
19 21 16
7 10 4
19 21 1
1 4 4
18 19 17
1 3 9
1 2 11
10 11 16
4 6 18
16 16 11
18 20 17
10 12 15
21 23 18
7 11 22
3 4 5
20 23 1
20 21 21
22 1 4
22 1 10
23 0 23
7 11 28
20 21 16
12 14 24
16 19 7
11 13 9
22 2 27
10 13 11
5 9 20
6 6 9
19 21 1
18 18 16
8 9 15
17 18 27
21 23 18
13 14 3
11 13 9
15 17 29
16 17 25
2 3 2
13 16 1
1 3 21
22 23 19
22 0 25
17 19 8
13 15 14
8 10 24
3 7 25
9 10 13
7 9 18
3 5 25
17 19 22
16 18 14
19 20 5
6 8 1
1 4 23
18 20 2
20 21 30
15 17 24
0 1 27
14 15 9
10 12 16
5 6 27
15 15 28
0 2 14
5 6 24
2 3 19
12 13 14
13 14 27
17 19 20
14 16 6
5 6 16
0 1 13
1 3 20
12 16 21
21 23 1
4 7 2
0 2 11
16 16 23
23 0 22
23 2 9
20 23 30
10 14 5
14 16 4
11 14 21
23 0 29
1 3 9
20 23 20
0 3 15
9 10 10
5 6 2
15 17 2
14 17 24
9 14 30
8 9 2
16 19 11
18 20 7
21 0 26
14 16 3
21 23 15
6 7 29
4 7 1
19 22 28
11 11 5
17 18 21
13 15 17
13 15 29
9 11 1
9 11 5
2 4 27
6 9 24
18 21 12
15 15 23
5 7 14
5 8 4
22 1 14
18 19 27
15 18 30
19 20 11
21 23 30
3 5 25
7 9 5
13 14 5
14 14 12
4 7 20
12 15 7
14 15 30
9 11 18
3 6 21
7 11 27
19 22 15
7 9 16
7 9 28
19 20 13
1 3 19
13 14 23
3 6 28
5 5 8
9 13 26
12 14 21
2 4 10
10 12 14
16 20 5
21 0 22
17 21 14
15 17 26
3 4 20
1 4 27
1 4 23
23 0 30
8 11 1
9 12 27
9 11 18
9 10 28
7 9 1
20 23 15
11 13 9
9 10 4
15 15 18
18 20 2
22 0 27
1 3 4
10 15 11
18 20 21
17 19 26
15 16 1
18 20 29
23 2 2
22 1 11
13 13 28
15 17 21
0 3 22
12 14 21
14 17 27
23 1 23
18 21 15
4 6 6
3 3 23
6 7 18
23 1 16
3 4 8
7 9 18
7 9 8
8 9 9
3 5 1
20 21 19
2 4 20
5 7 16
12 15 1
8 10 22
17 18 12
5 8 10
0 3 22
8 8 14
13 14 2
2 4 7
21 23 22
22 1 12
2 5 25
16 17 26
6 8 17
11 12 30
5 7 25
8 11 9
22 23 15
5 8 15
20 22 12
21 22 12
21 0 2
20 22 13
9 12 9
19 19 20
17 18 27
5 8 19
10 13 26
16 19 16
3 4 27
2 6 3
3 6 9
0 2 9
21 23 25
8 11 18
12 14 25
3 4 13
13 15 1
22 0 9
19 22 11
17 19 12
9 9 18
9 12 19
5 7 8
12 11 17
5 6 28
13 15 18
19 21 10
20 21 2
20 23 13
7 10 25
19 23 3
10 12 29
14 16 25
16 17 16
0 2 6
15 16 6
17 19 27
14 14 3
22 2 12
19 21 3
14 15 6
19 20 23
1 4 13
13 15 10
1 3 21
7 9 27
14 18 8
3 5 9
9 11 22
6 8 27
12 14 25
9 10 7
1 3 29
11 13 7
17 18 16
12 13 23
11 14 10
21 23 28
17 19 20
17 20 22
22 0 13
21 23 30
12 13 2
19 21 7
22 0 6
22 23 10
15 16 27
21 22 23
17 18 29
12 14 25
3 5 25
3 6 24
17 19 30
7 8 16
9 10 19
10 14 10
5 7 23
7 10 9
14 17 16
8 9 29
0 1 1
13 16 25
4 7 3
11 14 20
9 11 3
9 11 7
10 12 17
8 10 26
10 12 20
21 0 4
17 19 22
21 22 23
13 16 24
19 19 16
13 14 19
18 20 3
20 21 18
2 5 27
9 10 21
13 16 3
5 6 16
21 1 28
23 1 23
23 23 15
6 7 8
20 22 11
1 3 2
11 14 23
5 7 7
22 23 30
17 19 10
20 22 29
3 4 25
18 21 26
23 0 7
6 8 4
23 2 30
18 20 25
1 1 21
10 12 15
1 2 6
13 15 23
23 1 10
18 20 26
10 13 25
9 11 26
16 20 9
7 10 14
10 11 14
6 7 25
7 11 19
10 12 21
4 6 4
13 15 9
4 6 1
14 17 12
21 20 6
13 15 30
18 20 23
11 11 3
8 10 26
16 17 20
16 18 20
6 8 8
3 5 25
20 22 12
13 17 22
0 1 4
14 17 6
21 0 3
2 4 29
11 15 25
18 20 14
3 4 14
5 8 13
16 17 6
9 11 15
9 12 9
10 12 26
18 18 27
8 10 30
20 23 27
22 23 1
0 1 7
16 19 7
1 4 24
12 14 19
20 20 28
17 19 28
16 18 10
2 3 30
19 20 30
4 5 10
15 18 30
23 3 4
15 18 17
12 14 3
18 19 17
21 0 29
9 12 24
5 8 30
16 19 15
1 4 7
19 21 5
4 6 12
1 3 14
3 4 28
1 2 21
21 23 12
9 11 1
15 16 3
3 4 2
8 11 11
10 12 8
11 12 6
17 19 10
15 17 23
22 0 11
12 14 18
5 8 22
7 8 23
21 23 11
18 20 13
16 17 7
21 22 14
23 1 24
12 13 13
3 3 20
15 17 18
8 12 22
6 9 1
16 17 24
19 20 16
1 3 14
7 9 13
21 22 1
9 10 27
3 5 23
19 22 11
4 8 24
22 23 1
9 11 13
13 15 17
22 1 12
10 11 20
6 7 30
2 5 26
3 5 16
11 15 20
3 5 20
1 2 3
6 9 11
16 17 1
6 7 15
17 18 19
1 4 12
8 10 9
15 19 5
21 23 13
20 23 28
22 0 5
22 23 16
4 6 13
13 16 25
1 3 10
20 22 6
7 10 19
3 5 27
6 9 20
11 13 16
17 19 21
22 23 10
10 12 25
21 0 6
17 18 9
5 5 10
12 16 14
9 9 11
2 2 24
23 2 16
11 12 12
17 19 1
1 3 14
8 10 27
19 21 17
17 20 19
2 3 19
6 6 13
7 9 3
14 16 27
21 23 22
21 22 10
7 9 13
8 11 27
6 7 12
15 17 1
9 10 28
6 8 22
15 16 10
1 1 27
15 16 29
16 18 19
4 7 23
9 10 12
9 11 23
14 15 22
3 5 10
21 1 19
5 6 6
10 13 5
22 23 22
5 7 27
6 8 26
8 11 22
23 3 15
5 6 27
4 5 9
19 22 22
0 0 28
18 22 10
2 4 11
11 12 24
18 20 8
12 13 21
22 23 26
4 6 9
9 11 2
17 19 13
17 20 27
10 12 22
19 22 6
12 14 29
10 12 2
9 11 1
3 5 9
5 7 22
20 22 6
5 7 21
21 22 12
19 22 12
10 12 12
16 18 8
18 19 28
13 16 2
7 10 19
18 19 6
0 1 26
22 1 18
9 12 20
7 10 25
6 8 19
4 5 1
7 9 7
17 19 19
2 4 25
6 6 3
15 16 3
8 11 8
23 2 1
11 13 20
1 2 25
0 3 17
11 14 17
7 8 29
4 7 26
0 3 30
19 20 28
14 17 30
6 7 3
13 15 25
8 7 21
5 7 12
10 12 27
21 23 18
11 13 30
3 5 3
13 15 2
12 15 6
6 8 14
6 7 9
7 6 18
9 13 8
9 10 20
11 15 9
5 7 1
19 20 3
7 9 11
18 20 14
16 18 7
10 11 12
0 2 2
8 9 16
15 18 18
12 13 6
7 8 12
10 12 13
16 18 25
10 13 30
19 21 11
13 17 19
13 16 23
20 22 4
8 7 22
13 15 28
3 5 5
19 22 18
6 8 22
13 14 6
7 9 29
1 1 25
6 8 19
3 6 6
14 15 4
8 10 23
16 17 15
5 6 22
6 10 4
14 15 29
9 11 23
14 15 5
7 9 17
2 3 1
14 17 1
6 10 10
12 14 24
16 19 18
21 22 2
10 11 25
5 7 21
1 2 1
4 6 21
19 20 30
14 16 20
22 1 5
20 20 1
12 13 8
1 4 28
17 20 5
13 15 9
20 22 23
20 22 3
5 7 12
0 1 17
1 3 10
1 3 8
1 3 16
3 5 14
18 20 9
15 17 26
13 15 24
1 1 5
18 19 27
16 18 24
6 9 2
21 22 10
14 15 5
8 9 9
8 10 12
5 7 10
23 0 13
10 12 23
7 8 4
4 5 7
11 12 1
6 8 3
19 22 26
0 2 19
8 10 6
12 14 27
2 3 26
8 9 28
6 7 9
4 5 8
14 16 13
16 18 5
17 19 3
19 20 25
1 1 17
0 2 4
23 0 18
13 16 26
23 1 5
7 9 1
10 12 12
0 2 21
21 22 3
6 8 4
15 18 17
23 1 12
12 13 30
13 16 5
19 21 29
11 12 5
10 13 28
15 16 19
4 7 22
6 9 24
22 22 16
0 0 22
21 23 15
0 2 5
0 4 4
23 0 7
9 12 10
19 22 21
12 15 5
20 0 19
9 10 1
7 10 30
6 8 7
18 18 18
12 15 17
14 16 2
17 20 19
6 6 15
18 19 2
9 11 15
21 22 8
17 19 18
6 9 26
7 10 8
9 11 21
16 18 15
3 4 1
2 3 8
1 4 5
20 23 19
13 14 15
1 2 25
7 10 25
6 9 27
1 2 18
3 6 11
18 20 13
14 16 7
2 3 4
19 21 7
8 11 26
14 16 23
13 13 4
0 2 4
3 5 24
18 19 3
0 2 12
9 11 15
10 12 4
0 1 2
10 15 24
22 0 12
14 19 24
20 23 2
21 0 3
17 19 27
19 22 20
14 17 22
11 14 2
13 15 5
17 20 7
9 12 2
1 4 4
19 21 8
2 5 6
22 23 15
14 16 10
14 17 18
15 17 10
1 2 24
12 14 21
4 6 20
17 18 7
8 11 7
4 6 3
5 7 22
7 9 9
3 6 3
12 15 11
0 1 18
10 13 30
16 16 24
10 13 24
15 17 3
20 21 23
17 20 10
5 7 6
19 20 13
7 11 16
21 0 29
12 13 6
8 10 23
17 17 3
7 11 14
18 18 7
10 12 14
2 3 12
0 3 15
5 7 18
19 20 5
20 23 27
23 1 18
19 20 14
5 6 27
0 3 3
21 0 16
1 3 21
2 4 12
19 22 25
11 12 29
2 5 7
11 12 7
15 16 9
12 13 17
2 5 8
4 7 9
18 19 10
21 1 16
0 2 2
20 20 16
9 9 26
8 11 17
4 6 12
1 1 15
23 0 26
6 9 12
10 12 22
13 14 16
3 6 3
17 18 15
10 12 6
9 11 18
5 7 17
18 20 20
16 18 28
2 4 2
8 10 19
18 20 8
18 20 17
16 18 29
4 8 17
20 21 9
11 13 30
6 9 3
1 4 9
19 22 28
20 23 26
3 5 21
7 9 16
9 10 16
2 2 28
10 12 11
19 19 22
4 8 28
14 16 23
21 1 1
9 11 3
1 2 20
5 6 6
18 21 12
6 8 27
14 15 8
4 7 2
0 2 20
20 22 19
19 21 28
10 12 10
10 13 10
12 14 3
0 3 5
18 20 10
19 21 19
14 16 26
11 13 24
15 16 22
2 4 3
1 1 3
12 15 29
16 18 18
18 19 22
15 16 4
4 7 4
7 8 14
4 7 6
8 11 2
6 9 28
14 16 6
23 2 9
12 13 12
7 7 21
2 5 18
12 15 28
20 23 25
22 0 5
20 21 7
11 12 1
15 18 24
23 1 10
1 1 8
16 19 26
22 1 10
11 14 14
22 0 21
13 14 10
3 5 8
16 18 23
3 7 20
8 11 24
2 4 20
9 10 17
21 22 15
2 4 29
3 5 26
21 22 24
21 23 20
2 5 23
13 16 26
11 14 7
6 7 18
10 13 21
19 22 13
14 14 14
14 16 5
3 6 25
7 10 23
5 7 14
12 15 17
2 3 28
14 16 19
12 15 25
8 10 9
1 3 8
22 1 4
4 6 9
16 18 14
21 22 5
9 12 14
10 11 23
2 4 15
3 5 22
3 6 23
13 13 6
19 21 16
18 20 7
2 4 18
0 3 15
23 2 15
21 21 4
2 5 9
8 10 26
21 23 28
22 1 19
15 18 11
12 16 14
15 16 20
13 15 8
21 0 8
19 21 7
2 4 20
0 3 17
19 20 17
22 1 12
22 22 9
1 3 6
8 10 2
23 23 26
11 15 6
21 23 11
19 22 21
14 15 23
8 9 11
14 17 28
15 18 6
19 19 5
10 13 9
20 21 3
6 8 28
3 4 29
22 1 26
13 13 21
19 22 30
11 13 28
7 9 30
15 17 15
21 0 22
1 3 1
23 1 2
5 8 16
4 8 21
16 18 2
21 23 18
19 22 21
3 5 20
18 19 22
8 10 5
18 21 13
3 6 1
11 13 21
16 18 22
5 8 21
13 16 21
18 20 6
3 5 1
6 9 18
23 0 1
12 14 18
17 20 24
22 23 15
14 15 26
15 18 11
19 22 8
21 0 21
13 15 27
6 9 22
2 4 6
4 8 27
1 2 2
21 23 15
15 17 1
14 15 14
6 7 7
3 4 27
0 2 13
10 12 25
0 3 9
19 21 27
5 7 11
7 8 24
4 5 27
17 20 26
17 20 23
4 7 26
11 12 2
0 1 16
10 13 27
6 6 14
13 15 30
7 8 10
21 0 12
15 16 7
20 21 26
20 22 21
22 0 6
8 12 17
13 15 14
23 2 15
0 2 4
0 2 23
14 16 13
18 21 3
12 13 17
22 0 17
9 11 29
15 17 28
20 21 27
20 22 5
21 23 20
4 5 12
6 7 15
23 0 2
16 18 1
4 7 2
4 7 5
13 15 16
0 3 19
12 15 6
20 22 10
0 3 26
20 22 10
12 14 10
1 2 5
11 11 22
4 7 20
4 7 21
5 7 5
21 23 13
4 6 19
7 10 4
2 4 27
2 4 8
7 9 1
13 16 17
0 3 23
1 3 8
7 8 27
0 3 16
14 15 9
8 10 19
12 14 18
22 23 12
15 15 21
21 23 28
18 20 13
7 10 29
2 5 28
13 15 22
23 1 24
7 9 10
19 21 29
9 12 1
5 7 7
3 5 13
0 3 16
20 0 11
16 18 15
14 13 11
20 23 19
20 21 18
13 16 20
0 3 5
2 5 25
22 1 24
7 8 19
7 9 10
22 0 2
9 10 10
2 4 14
3 6 2
21 0 24
0 1 24
23 2 9
20 21 14
4 7 14
11 14 7
23 0 4
14 16 23
9 11 20
23 1 13
12 13 26
9 12 27
21 0 21
12 14 13
10 13 30
8 11 22
17 20 4
2 4 8
3 4 12
20 22 26
19 22 12
16 18 28
8 9 29
16 19 18
16 19 30
8 11 1
18 21 13
14 17 28
7 9 20
17 18 23
0 0 24
16 18 24
3 5 20
11 15 27
22 0 9
3 5 8
0 2 3
13 14 6
10 12 25
14 17 24
14 16 24
7 9 3
4 6 1
9 14 26
14 16 28
6 9 3
6 7 30
5 8 10
13 14 5
9 10 11
19 20 6
9 11 27
8 10 6
23 0 29
5 8 28
2 6 25
9 11 23
23 2 5
7 9 7
19 21 7
9 11 15
22 23 26
17 18 29
11 13 22
2 5 9
9 11 17
4 6 26
6 8 2
20 23 18
19 20 8
15 17 13
9 10 8
5 6 26
23 2 15
5 7 29
0 1 26
23 1 11
15 17 4
19 21 2
16 17 16
20 22 19
5 7 1
4 5 1
0 3 28
10 13 15
6 7 7
10 11 9
14 17 1
5 5 16
8 9 21
21 23 10
16 17 22
16 20 4
2 6 6
9 12 2
2 6 18
17 20 24
6 8 23
11 13 10
0 3 2
16 18 19
15 16 22
15 17 11
6 9 14
2 4 26
0 2 21
5 6 28
0 -1 2
11 13 9
0 1 18
5 7 14
12 13 11
15 16 24
16 17 10
21 23 19
21 0 16
11 14 22
21 0 15
8 10 4
9 11 16
0 3 12
19 21 24
8 10 22
6 8 24
22 23 2
2 4 9
8 11 4
17 20 2
2 2 23
23 0 27
19 22 25
17 20 14
23 0 21
16 18 11
9 11 16
22 23 13
1 4 29
21 23 28
5 7 7
20 0 14
9 11 28
7 8 15
2 4 15
7 10 30
19 22 6
15 18 29
0 2 12
20 23 24
3 5 20
17 18 6
3 7 25
21 0 16
21 23 28
17 19 10
14 16 28
3 6 1
1 2 1
17 18 15
7 9 9
22 1 20
0 3 7
22 0 11
8 10 24
20 22 26
5 6 4
23 1 23
10 12 30
6 8 3
0 2 25
7 11 29
1 2 5
19 20 12
10 10 22
16 17 3
22 0 30
6 9 6
17 19 18
21 23 27
23 1 1
20 21 30
18 21 27
0 3 22
11 13 19
22 0 21
0 4 8
12 15 25
3 4 3
2 4 2
9 12 18
8 11 13
1 2 29
12 15 2
21 0 10
13 13 18
22 23 19
0 -1 11
1 3 2
10 13 16
21 0 12
3 5 24
18 20 27
23 2 30
3 5 19
8 10 10
4 7 30
11 14 21
4 3 27
13 14 19
11 13 21
7 10 18
0 4 28
9 11 23
23 3 22
16 18 8
23 1 13
22 0 15
22 1 16
11 13 3
8 11 1
5 7 5
20 23 20
2 5 12
15 16 18
10 12 5
20 21 21
19 20 3
22 23 25
7 9 10
12 13 14
15 16 13
3 6 10
16 17 7
1 2 29
18 20 18
17 18 26
1 5 8
8 9 16
20 0 20
3 7 24
14 17 11
2 3 23
2 4 1
5 7 26
14 15 16
19 21 12
17 19 17
22 1 22
6 8 20
6 8 4
20 21 15
16 18 1
18 19 19
12 13 6
18 20 3
6 7 12
9 11 22
13 16 1
20 21 15
10 13 3
0 3 13
16 17 23
16 19 14
6 7 4
4 4 19
4 4 5
16 18 21
9 11 8
9 12 27
16 18 5
0 3 4
2 4 17
9 12 12
2 3 2
17 20 4
5 7 12
23 0 15
20 23 15
4 8 10
4 6 27
3 6 14
8 10 8
2 4 17
19 20 29
20 21 17
3 5 12
15 17 8
10 13 7
20 21 25
12 15 17
9 8 3
22 23 10
14 16 7
18 20 9
19 21 28
12 14 7
1 3 23
0 1 9
21 23 6
21 0 14
7 9 29
19 20 14
18 20 5
17 19 9
1 2 9
6 8 19
14 16 4
23 1 15
11 11 6
1 4 29
14 18 5
19 22 13
5 7 5
18 20 5
1 3 16
12 15 14
6 8 28
23 1 9
12 14 13
16 17 1
2 4 2
7 9 25
17 20 19
0 2 5
12 15 11
12 16 7
22 1 25
1 3 5
23 0 15
0 3 27
23 2 8
10 13 30
0 2 13
9 11 30
21 0 15
17 19 11
2 5 14
10 13 12
14 15 20
15 16 11
7 9 18
22 2 29
5 7 8
21 23 14
10 13 5
8 8 10
14 16 16
7 10 25
17 18 22
22 2 24
18 20 5
18 19 18
9 10 5
17 18 2
4 7 4
3 6 26
16 18 19
3 6 14
22 2 4
4 6 22
20 0 7
14 15 25
10 10 2
20 22 21
21 23 20
17 19 28
23 1 9
14 17 17
11 13 2
6 8 15
6 10 23
5 7 9
17 17 18
16 18 3
12 15 14
9 10 30
19 21 28
9 12 10
15 17 30
0 2 9
4 6 4
7 8 28
8 11 15
23 1 4
23 22 11
22 2 17
5 6 27
13 13 22
15 15 3
6 4 6
17 19 7
3 7 15
9 12 28
12 15 21
11 14 2
8 10 15
6 5 12
6 7 25
4 7 8
11 13 29
23 1 2
1 4 5
8 8 24
11 14 20
0 3 27
15 17 9
7 10 4
14 18 9
14 15 14
6 7 27
10 13 5
15 18 22
19 22 10
6 6 26
3 6 17
11 14 25
5 6 12
14 16 9
19 21 13
4 6 25
4 6 2
17 18 17
11 13 17
5 6 27
7 10 16
4 6 23
3 5 2
14 15 27
6 8 15
14 16 13
11 11 9
3 5 4
7 9 14
0 1 22
21 23 28
19 20 8
20 23 18
3 5 26
19 20 2
6 9 12
3 6 19
8 10 13
8 10 15
20 21 7
5 6 12
16 19 4
2 6 23
13 16 8
18 19 27
8 9 18
15 16 25
9 12 26
16 18 22
14 14 20
13 15 8
11 14 10
13 15 1
13 14 26
13 15 20
6 7 19
3 5 7
4 6 23
17 19 23
19 19 23
16 17 6
2 6 22
0 3 24
10 11 9
0 2 25
8 11 17
7 10 5
21 0 11
14 18 3
3 5 7
17 18 8
13 15 19
16 19 28
2 2 26
2 4 2
16 19 19
5 7 4
19 21 23
15 16 24
5 8 1
8 9 24
21 23 13
11 13 17
7 8 2
8 12 26
22 1 3
18 19 4
7 9 14
19 20 30
6 8 26
8 11 4
2 5 1
3 3 30
13 15 13
4 8 5
16 18 7
14 17 12
23 1 27
17 20 4
7 8 12
13 16 10
13 15 7
14 17 24
8 10 28
19 21 1
16 20 1
23 2 28
21 23 1
11 14 16
17 18 10
6 9 11
23 23 7
23 1 5
11 14 30
15 16 8
5 7 1
23 1 20
16 18 20
22 1 3
6 8 23
22 1 8
16 17 1
1 3 1
8 12 5
19 21 26
21 22 28
11 13 27
0 2 21
9 11 26
7 10 15
8 10 24
10 12 10
23 1 8
18 20 24
9 10 19
2 6 3
23 3 17
12 13 27
12 15 23
4 6 24
14 17 8
4 6 13
4 5 19
19 20 1
23 1 13
12 14 9
8 9 29
8 9 4
4 5 21
22 1 28
7 10 14
19 20 24
10 12 29
22 1 13
19 20 27
7 10 8
4 5 25
11 11 12
13 16 16
2 5 15
1 4 8
19 22 12
5 7 5
3 5 12
5 6 27
22 2 21
19 18 29
4 8 23
22 22 24
23 1 14
19 19 4
3 7 27
22 0 8
13 15 16
14 17 20
3 5 17
18 21 27
22 23 28
2 5 19
9 10 8
16 17 5
8 11 26
9 11 30
23 2 5
2 4 9
16 16 22
23 0 1
21 0 5
20 21 2
19 21 22
7 10 30
21 22 28
14 17 21
15 16 26
14 16 13
3 5 11
7 9 10
15 18 26
11 11 19
16 20 14
6 8 13
0 1 11
8 10 24
20 21 10
7 9 12
7 9 11
23 1 8
22 0 1
2 4 24
0 3 6
21 22 7
0 4 9
22 22 15
21 22 12
12 14 14
19 22 18
15 16 7
0 2 25
23 2 27
21 0 19
20 23 9
22 22 18
11 14 21
21 22 3
8 10 28
14 16 20
20 23 2
22 1 28
22 0 1
13 15 14
1 2 16
3 5 23
23 2 25
19 21 28
13 16 26
10 12 6
2 3 23
1 4 24
5 9 13
14 15 2
20 22 18
5 5 5
21 22 12
17 18 13
20 23 12
0 3 17
14 17 26
6 8 18
3 4 23
2 4 25
4 7 21
22 0 18
6 8 18
8 11 20
20 21 2
18 21 13
2 4 29
6 8 25
6 7 17
8 12 6
6 8 7
1 3 22
0 1 18
2 3 6
3 3 22
21 0 1
5 7 13
19 21 26
9 12 14
20 23 27
8 11 26
23 1 5
1 2 21
23 2 20
12 14 19
9 12 23
10 12 29
2 3 17
5 8 22
10 12 13
12 13 1
21 21 20
0 2 14
8 11 20
1 4 10
5 7 1
3 5 17
20 0 11
19 21 18
13 16 12
6 7 27
2 3 20
2 4 25
12 14 7
18 21 13
18 21 20
7 9 30
20 21 20
16 17 6
22 0 19
12 15 13
5 9 29
1 5 3
1 1 22
11 14 11
18 21 1
22 1 11
4 7 16
21 23 26
15 18 23
5 8 2
1 3 19
10 14 25
22 1 12
18 19 5
1 2 29
0 1 15
14 14 25
11 12 17
22 22 3
18 20 24
22 0 11
9 10 8
8 10 22
18 21 14
11 14 20
4 6 13
0 2 22
15 18 5
18 21 14
15 15 30
3 7 13
9 12 17
17 18 6
13 13 13
4 6 20
11 13 26
19 20 17
11 14 10
6 8 13
16 16 28
2 3 2
18 18 19
20 22 2
15 17 18
23 3 13
3 5 19
18 19 19
8 10 12
9 10 28
8 10 28
11 12 18
17 20 3
11 13 15
11 15 22
16 17 29
17 18 10
1 3 10
11 16 26
16 20 23
6 8 13
2 5 21
17 21 11
19 21 30
6 7 6
1 2 29
14 15 5
13 16 19
22 23 22
23 1 1
11 13 22
15 20 26
1 3 1
22 1 28
12 13 4
20 23 9
4 5 25
7 10 18
4 6 28
13 15 24
11 12 12
1 5 11
16 18 21
6 7 9
3 5 17
18 20 25
14 16 8
16 18 6
22 1 3
23 1 24
20 22 11
8 11 30
18 20 23
22 23 17
1 5 1
6 8 3
22 23 25
6 8 4
22 23 27
0 2 10
9 12 30
10 14 25
5 8 17
21 23 10
5 8 17
2 4 21
7 8 27
20 22 14
2 3 7
19 21 25
4 6 19
17 19 21
23 0 20
8 11 25
19 21 20
10 11 22
13 15 11
12 13 18
2 5 28
8 9 14
4 6 8
15 17 22
18 21 12
0 0 18
0 2 30
6 8 15
1 2 23
3 8 24
15 17 22
20 22 17
22 23 10
3 5 11
1 4 12
6 8 19
1 2 23
16 18 12
1 4 1
20 23 2
21 22 8
17 20 24
12 13 9
12 14 14
6 7 1
8 11 2
8 8 20
19 19 24
5 8 7
11 13 17
18 20 25
19 20 22
9 12 5
16 17 29
18 20 29
10 12 17
11 13 19
18 21 25
18 21 9
6 8 26
23 1 9
8 11 28
0 2 1
21 1 25
4 4 1
17 19 6
17 19 26
2 5 24
20 22 19
4 6 29
3 4 16
8 8 13
15 17 10
3 6 13
3 6 25
17 20 24
7 7 6
7 10 23
9 12 17
6 8 11
9 10 30
3 4 16
4 6 23
19 21 25
17 19 25
19 22 4
12 13 9
19 22 7
22 23 5
1 3 25
19 22 4
2 4 23
10 15 22
20 22 23
4 8 4
14 14 14
23 0 3
6 8 12
11 13 30
23 1 8
5 7 6
16 20 1
19 21 26
21 23 21
6 9 6
14 16 11
10 12 24
23 0 26
6 8 2
15 15 10
11 13 2
20 23 28
0 2 19
0 2 13
11 13 12
13 13 4
11 14 5
18 19 5
23 1 4
11 14 12
5 6 29
11 14 1
10 13 15
16 21 6
8 9 12
2 4 5
10 11 30
0 2 1
21 22 27
7 8 17
4 6 5
12 15 25
23 2 7
3 5 1
20 23 7
11 14 20
8 11 20
4 6 29
4 6 25
11 14 6
18 18 16
3 5 9
1 3 16
23 0 5
5 6 4
19 20 17
19 21 18
0 2 30
15 18 13
9 10 24
23 2 27
6 8 10
12 14 11
17 19 20
16 17 27
14 15 6
5 8 19
17 19 18
6 7 2
20 23 5
12 13 20
10 11 3
12 14 1
16 19 1
18 21 4
5 8 24
16 17 14
19 22 10
20 23 25
12 14 3
19 21 7
22 0 30
14 16 18
7 9 27
19 21 19
20 0 13
20 22 30
8 11 13
21 21 26
20 23 26
9 10 28
10 13 27
4 5 22
18 19 20
2 4 18
14 16 19
2 3 26
23 1 17
1 1 4
16 17 2
10 13 14
13 16 13
15 17 27
11 14 11
15 15 18
8 10 19
17 20 29
19 23 5
3 3 4
6 6 30
14 16 10
16 18 26
15 16 1
1 4 26
7 9 5
7 10 23
12 14 4
20 22 10
3 5 15
23 1 4
4 7 26
7 8 28
19 20 25
10 12 1
12 15 5
21 0 25
7 11 3
15 17 4
6 9 2
3 4 24
22 1 19
17 21 9
11 13 17
16 17 19
10 11 6
7 10 4
22 22 20
10 13 16
12 16 26
10 11 18
9 12 8
19 21 24
17 18 9
2 4 26
4 7 5
8 9 20
18 20 9
4 6 13
22 0 3
4 5 16
16 17 19
20 21 14
1 4 16
1 3 9
21 1 19
8 11 5
14 16 16
10 12 24
19 21 8
7 9 9
23 0 21
5 6 14
21 23 8
21 0 2
4 6 10
5 6 6
6 8 29
14 16 5
20 22 9
20 22 20
8 11 10
1 3 17
20 23 23
12 13 20
11 12 12
8 10 30
12 13 7
22 1 5
15 17 27
18 21 15
14 16 29
20 21 15
19 19 10
3 4 20
2 4 13
5 8 5
13 16 8
22 22 21
3 4 27
23 1 30
17 19 21
16 17 3
7 10 17
9 11 5
5 9 23
14 16 20
8 8 6
11 13 18
13 15 29
11 13 4
2 4 30
23 0 4
12 13 1
2 4 12
3 6 7
12 13 4
13 17 4
6 8 18
8 11 27
6 9 3
9 8 5
4 6 15
16 18 10
0 2 11
20 22 6
21 23 20
7 8 27
9 13 30
5 8 3
0 3 22
10 11 12
10 13 18
10 11 3
15 17 11
8 8 17
11 14 19
10 13 7
0 2 10
14 17 20
14 15 18
21 1 9
11 11 2
10 13 17
14 18 10
17 20 11
1 1 1
14 17 18
14 16 20
19 20 20
11 14 4
14 17 7
4 8 3
23 3 12
8 10 16
23 23 28
0 2 6
18 22 1
22 22 28
20 22 8
9 12 18
6 9 6
20 22 26
15 16 6
20 23 24
11 14 19
22 2 18
21 23 14
6 8 9
23 3 30
5 6 27
15 16 19
3 6 13
3 6 28
14 16 27
22 2 21
5 6 5
15 17 16
3 5 20
14 15 22
10 13 14
19 22 17
20 21 28
6 7 29
16 19 23
11 14 16
2 5 21
17 19 23
4 7 1
23 1 4
2 6 20
6 9 19
17 20 28
12 15 28
18 20 14
17 17 21
2 5 3
23 2 27
20 22 14
2 4 9
14 17 4
5 8 22
20 22 1
22 1 29
8 11 4
22 23 22
11 13 18
22 0 5
11 13 30
7 9 10
3 5 2
23 3 26
15 16 24
5 7 1
16 18 13
14 16 14
16 18 17
0 1 13
1 2 2
23 0 15
18 20 13
3 6 16
21 20 21
22 1 24
20 21 1
5 9 11
23 2 8
10 12 10
10 11 2
17 21 7
11 13 8
10 12 28
7 10 26
20 23 23
5 7 16
0 1 9
6 9 6
0 1 25
21 21 27
2 6 20
18 20 20
22 1 1
1 3 20
2 5 20
6 9 20
9 11 24
20 23 1
18 20 5
22 0 16
21 23 25
15 17 6
12 13 24
19 20 3
7 9 23
2 5 20
12 15 10
21 23 12
1 3 4
3 5 29
19 21 23
11 12 7
6 8 27
16 18 22
2 5 9
11 14 5
19 20 10
23 2 7
9 11 19
15 18 9
10 13 9
6 7 9
7 10 15
14 16 23
8 10 7
21 22 16
5 6 19
2 5 20
12 15 30
8 10 15
15 16 28
23 0 10
3 5 25
19 21 2
7 9 29
16 17 16
13 15 24
18 19 4
20 21 18
13 14 17
3 5 24
2 5 7
21 23 4
2 4 22
19 20 25
18 20 6
1 4 5
4 7 27
10 12 16
9 12 17
18 19 15
23 1 24
13 14 27
1 1 28
1 3 5
10 11 18
22 2 10
13 14 18
22 1 8
0 1 28
13 15 12
1 3 4
11 11 14
16 19 27
2 5 18
0 1 24
6 8 9
12 16 23
7 10 26
5 6 29
2 3 30
18 20 22
21 23 11
2 4 6
18 22 23
4 5 5
17 18 22
16 19 2
20 22 2
13 16 6
22 23 28
5 8 16
1 2 18
18 20 3
22 22 13
23 0 17
0 2 3
14 16 17
21 23 2
5 7 25
5 6 8
6 8 11
4 5 16
6 10 15
14 17 24
22 1 23
23 2 3
20 23 17
3 4 15
16 18 25
4 6 22
2 3 7
3 5 19
9 11 6
21 23 28
2 5 12
19 20 28
17 19 24
12 15 11
14 16 6
23 3 29
12 15 12
21 22 14
8 10 30
13 14 28
3 5 27
15 18 20
16 17 24
3 5 8
14 17 8
23 23 8
14 17 26
21 22 12
2 5 10
11 13 21
1 2 29
4 6 24
17 19 25
19 22 10
20 22 16
4 5 17
22 1 7
16 18 5
23 3 7
18 21 26
6 8 24
17 19 30
2 4 12
6 10 25
14 17 5
16 18 27
16 18 5
16 18 6
2 5 18
8 8 6
5 8 1
5 7 26
0 4 1
8 11 3
23 0 12
11 13 13
17 20 12
7 7 11
15 18 21
16 19 4
13 16 17
18 21 14
9 9 20
22 22 18
11 12 16
6 7 10
21 23 16
1 3 13
19 21 6
5 9 16
5 7 12
7 8 22
10 13 22
11 14 5
7 8 23
17 19 7
9 11 27
12 14 25
22 0 24
0 2 28
22 1 7
9 11 21
11 13 21
22 1 23
4 8 11
21 22 11
18 20 11
0 0 19
5 7 3
3 4 17
12 14 9
0 2 10
6 8 18
23 0 10
18 21 15
2 5 30
2 4 21
17 20 4
18 21 3
13 13 7
5 6 21
3 5 28
0 2 7
22 1 12
2 5 2
8 12 19
8 10 23
0 3 5
20 21 29
13 15 4
10 9 4
4 6 8
23 0 20
3 4 19
17 19 23
9 11 17
21 23 29
6 5 10
20 21 29
14 17 3
2 4 29
15 18 11
10 12 20
3 5 19
14 16 4
7 8 29
18 19 17
9 11 10
4 7 23
6 8 17
6 9 18
7 11 19
1 4 7
22 22 4
0 4 30
1 2 1
19 21 8
13 14 27
20 20 12
8 10 25
8 10 3
6 9 2
7 9 8
23 1 26
21 0 3
17 19 10
23 1 27
5 8 28
11 13 14
4 6 3
19 20 27
7 10 22
6 8 26
20 0 7
7 9 17
10 10 7
16 19 20
4 6 3
9 11 23
22 0 9
14 15 23
13 15 20
11 14 27
1 5 24
10 13 26
13 14 10
9 12 3
15 16 29
3 5 27
0 4 6
4 5 12
11 14 1
0 2 22
11 11 5
0 2 17
0 2 19
9 13 12
7 8 22
6 7 19
17 20 9
2 4 19
22 0 15
11 13 29
20 21 29
13 14 18
6 8 25
8 11 11
17 15 21
23 2 20
15 17 27
1 4 28
3 6 21
12 15 26
2 4 19
22 0 15
19 23 21
11 13 23
3 6 4
5 6 2
13 13 23
16 18 19
3 6 24
4 5 26
7 9 3
11 13 7
3 6 4
20 22 9
11 14 24
2 4 3
19 21 14
8 11 11
9 11 16
5 6 17
15 17 6
5 6 14
17 19 10
15 16 28
16 18 9
11 15 23
17 20 23
13 13 29
18 20 8
17 20 9
13 15 30
12 13 26
10 11 25
23 0 11
17 20 11
5 7 18
23 3 21
20 21 23
12 14 25
4 7 3
12 14 16
0 3 17
20 22 15
18 21 4
14 16 17
21 23 12
2 3 17
13 13 20
15 19 14
13 16 1
10 11 26
9 10 13
2 4 12
15 17 15
7 9 16
22 1 21
2 4 18
2 3 30
13 15 30
23 0 14
5 8 4
10 11 6
23 1 1
16 18 14
14 16 7
16 16 25
16 18 25
12 14 24
16 18 14
13 15 5
13 14 7
18 19 16
2 4 20
20 21 11
4 7 9
21 23 17
11 12 28
11 12 16
23 0 25
6 8 10
17 19 10
0 3 2
23 2 15
20 21 26
1 3 26
18 21 7
0 2 20
8 10 11
22 22 2
6 10 17
18 19 25
10 12 30
22 22 19
15 15 16
20 21 28
0 2 6
5 6 7
2 4 7
13 16 10
20 0 21
3 4 15
23 0 14
23 3 2
9 11 4
22 0 18
16 19 24
12 16 6
19 21 26
12 14 7
7 10 8
13 17 11
15 16 3
21 23 14
2 3 12
15 18 26
0 2 29
6 8 1
10 13 8
10 12 14
5 7 12
5 7 28
18 19 24
9 11 11
0 2 25
3 4 17
8 7 25
9 11 13
18 21 20
22 23 29
15 16 16
6 9 12
9 11 10
5 6 18
21 22 25
9 11 11
11 12 25
10 11 18
16 18 16
16 16 27
17 20 10
2 4 25
12 14 12
4 7 10
22 2 29
1 2 9
15 17 17
21 23 17
3 5 27
8 9 6
7 9 11
12 15 6
15 18 3
8 9 3
2 3 10
14 17 9
21 0 21
7 8 11
17 18 8
15 17 23
2 5 5
11 12 1
8 9 17
7 10 2
14 17 1
7 9 11
10 12 17
20 21 6
4 5 15
0 2 5
6 8 4
7 10 20
3 6 10
20 0 8
11 15 23
4 6 10
4 5 11
19 22 29
18 20 11
19 22 5
16 18 21
