3290 30
11 27 1 3 30 13 30 17 3 20 24 18 17 4 30 13 19 4 11 16 23 6 5 14 3 28 23 8 25 2 
1 3 6
12 13 4
12 15 30
9 15 23
2 5 9
20 21 28
22 0 25
17 20 10
13 15 9
6 6 26
9 12 24
18 19 4
4 6 5
2 4 8
13 14 29
22 0 23
22 1 11
22 23 10
6 8 28
21 21 15
15 16 7
8 10 1
1 3 20
1 2 17
20 22 29
9 11 21
17 19 5
21 23 20
18 21 1
18 20 29
10 11 1
1 2 28
23 3 18
0 2 15
13 15 3
0 3 11
5 7 26
0 3 28
14 16 13
13 16 21
20 22 7
16 18 3
13 14 26
2 4 7
19 20 25
4 6 5
12 16 7
20 23 1
20 23 21
22 23 29
4 6 7
16 16 27
1 4 21
18 19 12
2 3 30
5 8 25
19 21 3
11 14 25
0 1 2
21 0 22
0 1 21
18 21 27
1 3 27
10 11 26
4 7 28
3 3 5
18 19 13
19 22 17
9 10 24
21 0 7
23 2 28
22 23 13
20 22 11
11 13 23
11 14 27
8 10 8
15 17 12
6 7 11
3 5 4
23 1 11
6 5 4
19 21 26
17 19 10
21 1 15
8 11 20
18 22 18
20 21 4
1 2 13
22 1 5
0 2 6
0 1 19
4 7 28
5 8 7
4 6 30
2 3 11
0 3 3
17 19 3
16 17 26
9 11 28
22 0 7
13 16 22
15 18 15
22 23 1
18 18 22
5 6 3
18 21 12
14 18 1
17 18 20
22 0 5
14 15 1
16 17 9
10 12 21
15 17 24
17 19 25
12 13 2
2 5 22
8 10 7
4 5 6
23 2 12
6 9 21
19 22 21
10 12 24
19 22 11
1 2 26
17 18 6
1 3 7
14 15 13
23 2 20
10 12 16
7 10 24
15 17 21
5 7 10
14 16 18
17 19 24
0 2 13
18 21 15
13 16 21
13 14 5
1 3 5
16 18 23
9 12 28
23 1 4
23 2 3
19 20 23
20 23 12
18 18 11
4 5 16
16 19 6
16 17 3
7 9 10
20 20 9
3 5 7
23 3 6
11 14 1
20 23 17
15 17 6
19 21 30
15 17 1
0 2 26
0 3 24
3 6 14
10 12 1
2 4 12
1 3 18
2 3 19
14 14 26
17 19 9
5 9 22
6 8 3
8 11 11
11 14 22
12 15 22
14 16 26
9 9 14
23 3 21
22 23 27
14 17 13
11 13 5
13 14 7
7 9 26
4 6 8
6 8 20
8 10 28
4 5 15
10 12 23
10 10 2
7 9 22
3 4 28
21 21 10
23 3 20
6 7 17
22 0 1
0 2 21
17 19 16
11 14 11
1 2 2
19 20 4
13 15 14
20 21 18
5 6 23
18 21 20
16 17 7
23 2 4
18 19 14
7 8 25
2 3 11
14 16 19
8 11 30
13 15 29
6 9 14
16 18 24
5 6 12
8 9 19
16 19 10
16 20 10
23 3 24
8 10 7
9 11 20
7 8 3
9 12 12
9 12 13
9 10 22
4 5 2
8 11 11
2 3 9
13 16 21
11 12 2
8 9 25
10 13 18
13 13 22
7 11 30
21 23 10
18 20 29
21 23 27
18 20 4
23 1 20
3 5 7
1 3 23
10 11 13
6 7 8
2 4 22
8 8 7
17 21 13
12 14 7
15 17 16
19 20 15
4 7 1
19 20 5
22 1 15
5 7 27
0 1 18
14 16 16
19 20 20
0 0 23
19 22 4
1 3 18
3 5 4
11 14 30
14 16 22
4 5 17
18 20 29
4 5 15
19 22 1
6 7 1
10 12 25
0 4 6
12 14 18
10 12 8
16 18 28
20 21 18
22 1 29
13 14 11
7 10 3
11 12 7
0 3 6
20 22 22
15 15 22
12 14 4
13 14 2
4 5 14
9 11 4
21 0 10
9 9 20
18 20 5
1 2 16
9 11 9
16 18 18
15 16 6
15 18 14
6 8 14
8 10 9
8 11 22
12 13 14
4 5 3
15 16 10
3 4 20
21 23 13
4 6 15
18 20 6
3 4 21
3 5 5
13 14 9
19 21 16
23 0 24
14 16 26
5 8 20
10 12 26
21 23 26
22 22 27
23 1 11
11 13 19
22 0 29
10 12 2
3 4 24
9 11 8
6 8 23
22 0 28
18 20 28
4 7 26
3 5 19
3 6 30
11 13 25
6 6 26
11 14 20
17 21 9
15 18 26
1 3 5
3 5 16
2 6 11
14 16 1
4 5 24
18 21 1
17 19 6
18 21 26
7 10 16
17 17 21
10 11 30
18 19 25
9 11 29
6 9 7
22 0 23
4 6 11
8 11 4
1 3 5
15 17 8
15 18 11
4 7 11
16 18 2
3 6 30
6 7 25
15 16 10
16 19 2
9 11 28
6 8 5
19 21 6
1 3 26
12 16 23
12 14 25
18 20 27
18 20 26
4 6 26
13 15 19
10 11 5
7 10 27
11 15 9
16 19 29
7 10 16
3 5 16
20 20 20
2 4 8
18 19 13
21 23 10
15 15 21
14 16 1
5 5 22
1 2 30
16 19 11
6 7 25
0 0 18
16 17 12
23 2 11
14 15 8
18 20 19
7 8 7
0 1 23
15 16 14
5 6 26
12 15 19
1 3 9
6 8 3
1 3 23
11 12 20
4 5 18
22 23 22
10 10 9
15 17 6
1 1 12
9 11 30
10 10 25
14 16 14
20 0 8
4 6 4
0 4 22
14 16 12
20 22 18
19 20 12
14 15 25
18 20 2
4 6 13
17 18 17
4 3 13
22 0 3
14 14 26
15 18 29
8 12 19
13 16 1
12 15 10
23 1 6
4 5 20
2 3 25
1 4 15
20 23 21
8 10 3
23 1 26
12 13 11
4 7 23
15 18 18
18 19 8
20 21 8
15 16 9
11 14 18
6 9 3
3 5 20
23 2 15
22 1 27
6 7 23
10 11 11
6 9 15
13 16 26
21 22 10
12 15 7
15 18 11
12 14 7
2 5 3
15 17 21
4 5 28
11 14 15
22 0 18
11 12 21
15 17 18
6 9 17
4 6 1
9 10 22
15 15 13
22 0 8
22 21 5
0 3 17
6 8 7
23 1 9
18 20 23
17 20 29
18 20 20
3 4 22
18 19 28
3 6 16
4 5 30
0 2 22
16 19 30
19 21 4
13 14 15
11 14 30
20 22 28
12 14 27
20 21 25
6 10 28
20 23 6
13 15 14
23 0 10
10 14 10
4 7 27
0 3 18
20 22 9
2 4 8
14 17 9
23 1 20
3 6 23
7 10 7
9 10 10
6 9 17
6 7 11
20 21 4
23 2 11
21 23 16
1 3 1
18 19 19
22 23 23
23 1 22
23 2 7
6 7 30
11 14 26
3 4 6
22 0 11
11 12 11
5 7 12
0 2 18
14 16 16
21 0 16
9 10 8
5 5 1
23 0 11
7 9 7
11 11 6
19 21 17
17 19 1
10 11 10
8 13 29
4 5 10
16 17 16
6 7 6
9 10 13
20 21 15
4 6 2
8 11 24
6 8 4
6 8 14
8 10 6
14 16 1
19 20 16
9 11 15
18 20 22
20 22 1
9 13 26
0 2 28
17 20 24
2 4 25
9 10 15
21 1 11
0 0 19
19 20 25
14 17 22
11 13 10
14 16 24
5 9 20
11 15 20
12 15 25
8 10 19
0 3 9
20 23 1
2 3 28
10 11 28
18 20 18
21 23 17
15 16 24
4 6 27
14 15 19
1 3 13
9 11 14
15 17 2
23 1 14
15 17 18
20 20 15
0 2 22
9 12 10
0 1 20
5 7 4
5 8 24
9 10 3
11 15 10
2 1 18
12 13 25
18 21 13
14 16 8
16 17 21
1 3 21
4 6 14
20 22 23
9 11 16
1 1 13
0 4 3
16 18 22
14 16 22
5 5 4
13 14 10
18 20 1
12 12 28
20 20 30
1 4 4
4 6 9
4 6 9
13 14 15
19 21 6
0 2 10
16 17 12
21 1 23
16 19 24
12 14 25
3 3 8
23 2 5
11 12 11
15 17 19
22 1 11
7 8 4
19 20 1
11 13 10
15 17 30
0 3 20
15 15 15
11 11 26
7 8 18
8 9 25
5 6 23
20 23 1
23 2 2
22 1 1
21 0 9
8 9 23
0 3 20
2 5 17
4 8 3
22 1 7
3 5 15
17 18 1
21 0 9
14 15 22
18 18 21
19 21 8
9 12 22
4 6 10
10 13 30
4 6 15
15 16 7
2 3 25
8 12 11
9 11 28
22 0 2
13 15 4
4 6 13
18 21 12
4 5 3
23 0 20
8 11 13
6 9 25
2 3 17
7 9 29
9 12 17
23 2 17
20 23 27
22 23 1
1 3 9
5 5 8
18 20 3
0 3 6
6 9 5
19 22 23
16 18 27
18 21 8
21 23 8
11 12 11
14 18 18
13 16 21
11 12 13
4 6 12
6 8 5
5 8 14
23 0 13
5 7 4
12 14 26
19 20 3
19 21 10
16 19 14
13 16 15
8 9 1
16 18 9
23 1 20
6 8 28
22 22 10
10 11 1
21 21 9
11 14 16
3 4 30
13 14 17
15 18 6
11 13 26
2 4 23
23 1 20
22 0 21
23 0 5
13 16 4
14 16 2
17 20 25
17 18 7
5 8 20
1 2 9
0 3 11
10 13 6
21 23 25
23 2 29
21 0 28
8 11 17
2 4 2
8 9 13
14 16 21
16 18 27
8 9 21
9 11 18
14 16 22
9 10 9
22 0 4
23 0 3
22 22 27
7 9 9
13 16 7
21 23 30
11 13 27
10 13 3
23 23 25
6 9 8
10 13 29
15 16 21
7 8 22
10 13 11
17 19 9
5 8 10
14 15 13
2 4 2
19 20 1
12 14 28
6 6 19
0 1 23
17 19 30
4 6 7
4 5 13
14 16 23
20 23 24
15 18 6
12 15 6
8 11 30
15 18 29
21 22 12
3 5 28
13 15 14
8 10 17
14 16 26
18 20 12
21 0 20
17 18 5
12 16 26
19 22 9
8 10 1
1 3 1
21 22 22
10 13 29
22 1 5
19 21 6
6 9 3
9 9 5
7 9 4
19 20 22
23 2 7
1 3 16
7 11 24
1 3 26
13 14 8
0 2 29
18 22 7
18 20 21
14 18 28
15 18 23
10 13 21
18 20 7
18 20 22
6 8 8
2 6 14
0 2 15
19 20 26
5 7 5
22 1 9
2 5 10
3 6 20
21 23 15
6 9 5
6 8 27
23 2 23
7 9 15
15 16 14
18 19 19
0 2 8
20 21 18
15 17 10
11 13 21
11 14 27
12 15 6
2 4 11
23 1 22
15 18 5
7 9 24
23 2 26
17 19 1
11 13 21
22 2 21
16 19 22
5 7 26
22 0 11
6 10 2
21 22 18
23 2 18
15 18 9
18 20 29
16 18 30
13 16 4
22 1 24
19 22 14
21 0 21
19 21 16
0 1 17
3 5 22
15 16 10
3 4 9
4 6 20
23 23 22
4 5 3
8 10 2
22 1 18
23 2 2
16 18 11
19 21 22
18 20 17
12 16 20
8 9 25
16 17 15
20 23 18
18 20 10
14 15 7
15 17 8
6 7 30
11 12 24
13 15 16
17 18 26
19 19 30
11 12 23
11 13 28
15 17 29
17 19 15
23 1 22
8 12 12
22 23 27
11 13 23
16 18 23
7 9 14
17 19 3
18 21 24
3 6 4
6 9 9
13 15 17
11 13 11
2 4 26
3 6 22
20 23 3
8 11 7
0 1 7
17 20 4
7 8 14
3 5 8
20 21 16
3 5 14
20 21 3
5 6 25
22 0 10
17 18 25
7 11 18
16 18 24
17 19 9
8 11 29
17 18 4
13 15 11
2 4 17
13 13 24
5 7 30
23 2 1
15 17 14
14 16 8
13 14 3
5 8 7
1 4 14
2 3 29
13 15 4
8 10 18
17 20 14
22 1 28
12 13 20
16 19 28
11 12 24
13 15 21
12 14 3
13 15 20
9 12 10
22 1 26
23 0 16
14 17 3
18 19 3
7 9 30
19 22 26
8 11 19
0 3 21
3 5 7
1 2 7
2 4 14
10 12 5
2 5 25
18 21 1
18 21 14
0 2 12
0 3 5
20 22 10
15 18 11
16 19 23
4 6 3
3 6 1
16 17 4
0 2 24
1 3 24
9 9 29
15 17 20
18 20 18
13 15 17
8 9 22
18 19 12
17 20 8
3 4 24
6 8 5
9 9 11
11 14 10
9 11 9
14 16 2
12 12 5
11 12 13
18 19 30
13 15 12
10 13 18
7 10 26
13 12 27
22 0 19
0 3 24
12 14 20
3 4 6
5 7 29
12 15 3
5 6 11
17 19 28
15 18 13
20 19 11
11 11 15
22 1 17
2 3 9
3 6 10
21 22 29
14 17 9
11 13 2
1 4 25
20 23 4
8 9 4
20 23 11
17 20 28
3 6 27
19 21 25
8 10 20
3 4 22
14 16 14
15 17 5
23 1 17
22 1 30
8 10 26
7 9 29
2 5 16
20 22 15
3 4 8
9 10 28
5 6 10
23 1 13
5 6 11
0 1 2
23 2 10
6 9 18
18 19 9
16 17 5
2 4 9
4 7 4
15 16 21
18 20 5
10 13 15
5 6 22
10 11 4
21 23 7
18 19 20
9 14 19
5 9 1
5 7 9
16 18 13
13 15 7
14 16 22
23 1 12
6 9 24
3 5 16
3 7 3
20 23 1
5 6 3
20 22 18
2 5 1
2 4 6
12 14 26
10 11 27
19 22 8
17 20 14
11 13 24
18 19 24
4 7 13
10 13 13
3 5 22
1 3 1
16 18 22
11 12 16
14 16 30
6 7 19
2 4 18
0 3 18
13 14 8
4 6 16
13 15 12
19 21 22
1 3 9
20 22 19
20 22 12
5 7 6
16 20 14
15 16 4
14 16 1
10 12 7
21 23 25
20 22 27
10 12 30
19 20 22
1 2 25
0 4 3
18 21 30
17 20 5
9 11 16
14 16 14
19 21 22
14 17 27
1 3 12
9 12 9
13 16 4
22 1 27
9 13 2
10 13 20
2 5 21
16 19 13
9 13 13
5 6 20
10 12 29
2 6 14
18 19 30
3 6 10
1 3 18
11 12 22
6 8 25
21 22 1
12 12 5
23 1 8
11 13 11
20 22 16
4 5 1
5 6 2
17 19 7
18 19 8
15 16 18
0 3 19
2 4 22
17 20 18
12 14 10
3 6 6
6 6 26
18 20 23
8 10 14
18 18 24
17 20 29
7 9 4
10 13 18
4 4 7
14 17 8
5 7 21
7 9 23
1 2 15
16 18 19
10 12 17
9 11 29
4 6 28
16 18 16
4 4 4
23 0 8
11 14 4
17 17 3
2 3 5
20 22 30
22 23 24
14 17 1
21 0 8
21 22 12
17 17 25
2 4 30
19 22 15
0 0 11
5 6 11
12 14 14
1 5 21
12 13 28
11 13 14
23 1 18
6 7 12
7 11 8
18 20 14
11 15 10
20 23 29
17 19 14
16 17 21
11 12 12
6 8 23
16 17 13
21 21 4
5 7 19
13 16 8
22 1 17
13 15 19
19 23 16
0 2 13
2 3 1
1 3 29
14 15 5
14 17 14
12 14 24
22 0 12
16 17 24
13 13 16
10 13 12
7 9 6
17 20 18
1 4 4
0 2 11
1 4 19
15 17 23
6 9 12
17 19 20
15 17 4
0 2 20
14 16 6
23 2 1
4 6 29
20 22 14
0 2 7
3 4 23
18 19 10
2 4 14
11 15 24
0 1 24
4 5 2
19 21 7
4 6 4
9 10 29
7 8 10
17 17 4
0 3 16
23 2 13
23 23 5
5 7 19
15 18 2
17 19 8
1 4 29
22 0 17
15 15 29
21 0 8
8 11 1
21 0 21
9 13 1
13 16 17
14 15 27
15 18 4
7 9 2
6 8 16
8 10 30
3 5 6
18 20 12
0 1 9
11 12 8
19 22 29
3 5 17
21 0 20
20 21 18
5 8 20
7 11 11
7 8 11
11 13 27
4 7 7
18 20 20
12 11 3
18 20 11
18 19 29
11 11 26
10 14 16
7 10 8
18 19 23
14 16 29
15 17 19
20 21 18
11 13 12
17 18 7
2 3 30
15 17 23
23 1 3
17 19 21
13 14 29
18 19 15
18 18 13
22 1 4
2 5 17
7 9 17
19 22 20
0 1 20
0 1 22
0 2 10
4 4 19
13 15 20
8 11 27
9 11 29
21 21 3
21 0 12
17 19 17
8 10 4
18 21 7
10 12 23
8 10 28
15 16 5
8 11 16
16 18 13
13 14 23
19 21 29
16 18 2
1 4 5
3 4 8
17 19 22
8 11 2
17 20 2
20 22 8
14 16 24
15 17 2
18 17 6
23 1 9
0 3 16
16 18 19
7 9 16
7 11 27
2 4 3
2 3 17
22 1 3
23 23 9
0 2 27
3 6 10
9 13 21
14 16 24
0 2 4
20 22 14
8 9 18
0 0 6
8 9 17
11 11 6
0 3 2
19 21 14
14 18 20
8 10 18
10 13 17
12 15 5
5 5 26
0 2 22
13 14 10
18 19 2
3 6 19
19 22 13
3 3 12
2 4 13
20 23 1
8 10 6
19 22 6
18 21 29
18 23 28
10 11 25
2 4 11
15 16 29
14 16 30
3 4 17
11 12 12
21 21 2
4 5 16
16 17 7
15 16 2
7 10 18
19 22 20
20 23 29
2 4 18
17 19 1
20 20 4
21 22 15
13 15 29
9 11 4
16 15 23
18 20 28
14 17 8
12 15 14
3 4 23
20 23 9
6 6 19
0 2 5
18 18 23
7 9 6
6 8 20
20 0 7
5 6 8
17 18 20
18 20 15
4 4 4
6 8 9
2 5 12
19 22 10
21 2 22
8 10 28
0 3 21
22 0 11
20 21 13
9 11 25
20 23 20
0 1 2
15 17 14
16 18 2
4 5 16
13 14 3
13 16 22
20 22 28
9 12 26
3 6 6
15 18 20
10 12 14
5 8 10
22 0 11
1 3 3
17 18 11
9 11 9
21 21 17
7 9 29
16 19 22
23 2 21
21 22 15
7 9 3
22 0 20
3 6 21
11 13 20
10 11 30
18 20 7
18 20 13
19 19 26
9 11 22
4 5 30
8 8 3
1 4 4
22 23 3
8 9 20
10 12 15
11 13 30
15 18 3
9 11 10
14 17 21
17 18 11
6 7 20
4 5 14
5 8 4
18 20 18
17 19 1
2 1 16
16 20 25
5 7 24
8 8 18
7 10 5
20 22 16
8 10 18
13 16 10
14 17 11
12 13 24
9 9 1
15 19 17
5 7 30
21 0 8
13 16 8
5 7 22
20 21 25
14 16 22
5 8 29
17 20 6
6 7 8
4 6 6
3 6 18
0 4 6
10 11 22
0 2 1
10 12 18
7 9 10
8 9 12
20 22 29
23 2 5
1 4 12
6 8 5
20 23 11
21 23 6
14 16 26
8 8 13
18 20 9
9 11 29
16 18 1
13 16 22
6 8 18
6 8 25
17 18 23
19 22 28
3 5 19
6 7 7
4 4 19
1 4 7
16 15 27
1 3 30
18 18 21
8 12 5
0 1 25
6 8 29
23 0 8
6 7 18
20 22 2
19 22 20
9 12 24
14 15 19
3 5 21
22 0 6
1 4 24
8 10 23
20 22 13
2 4 30
16 20 11
16 18 10
8 10 20
23 1 26
8 12 21
12 15 25
16 17 15
23 0 16
21 0 11
2 4 4
19 22 14
7 10 7
16 19 4
10 11 20
2 4 21
14 15 13
5 6 30
12 13 22
7 8 20
23 2 6
16 18 15
10 11 19
1 4 19
11 14 19
22 23 24
18 21 13
1 3 12
7 8 6
1 1 12
1 1 21
13 15 11
10 12 12
11 14 26
13 16 19
3 6 6
13 14 12
20 21 20
3 5 17
7 8 28
12 13 16
1 2 30
17 20 7
23 2 3
2 2 6
2 5 11
12 15 23
14 16 22
23 0 5
2 3 3
8 11 11
18 21 22
3 5 22
16 19 4
4 6 5
13 16 14
8 12 4
0 3 27
18 21 22
10 12 15
5 6 21
21 23 24
19 22 2
20 23 20
5 5 25
17 19 26
14 17 1
17 19 20
8 10 20
15 16 15
1 4 28
6 6 13
17 19 16
11 13 19
18 21 16
5 6 21
16 18 21
23 1 25
1 2 19
7 9 30
13 15 17
12 14 6
20 21 28
17 19 24
22 23 17
23 2 22
12 15 18
9 10 15
17 20 17
17 18 7
10 13 13
19 22 8
3 5 25
0 1 22
11 12 3
18 19 23
21 23 26
18 18 22
9 11 12
3 4 14
13 14 25
12 12 25
15 19 6
17 19 20
23 3 26
4 5 28
19 21 17
3 4 8
0 0 15
23 0 12
21 23 25
3 5 24
2 3 15
4 5 26
19 23 24
20 20 24
1 4 26
10 12 28
19 23 13
15 18 15
8 11 18
1 2 17
21 23 20
10 13 6
0 2 28
5 7 7
22 2 30
0 0 6
13 16 13
9 9 27
1 4 7
21 23 8
21 23 11
23 23 26
6 8 14
2 5 28
13 14 11
19 20 4
20 22 22
16 18 29
1 3 20
4 7 5
14 15 14
3 6 18
17 19 11
12 13 15
22 2 29
11 15 10
21 22 28
6 7 30
3 4 10
1 4 3
6 7 26
13 14 27
1 2 18
11 13 13
9 11 19
3 3 24
9 10 29
7 9 28
14 15 30
12 14 4
21 22 18
8 9 14
19 23 12
9 11 24
2 5 9
7 9 18
18 21 10
6 8 21
19 20 20
20 23 20
16 19 13
14 18 26
16 18 1
1 5 1
3 4 2
6 10 6
2 4 24
21 23 14
19 22 14
7 9 26
16 20 6
21 22 13
18 20 8
20 22 17
13 14 4
7 9 30
8 9 20
7 9 21
11 12 13
6 7 8
18 19 27
1 3 13
11 14 18
13 16 29
5 7 15
22 23 11
8 7 22
8 10 14
9 11 12
10 11 19
11 12 5
18 21 7
16 17 30
9 11 20
4 7 29
18 21 27
1 2 3
5 7 3
17 18 17
23 1 12
16 18 23
23 0 14
11 14 30
7 12 12
13 15 18
10 11 1
15 17 24
6 8 21
7 8 10
0 2 6
15 17 1
23 1 20
8 12 5
13 15 8
23 1 28
18 19 25
0 2 23
21 0 29
22 23 20
9 10 18
5 8 7
2 5 26
21 23 15
15 16 14
23 0 26
1 3 26
11 12 26
6 7 5
7 6 29
7 9 7
20 22 17
1 2 19
20 21 17
2 4 25
7 8 8
8 10 8
22 0 24
9 11 6
5 8 27
9 13 19
10 12 17
20 23 3
10 13 7
6 8 29
9 11 5
19 21 21
9 11 26
16 18 8
8 9 17
20 22 4
13 14 8
15 17 1
21 21 20
0 1 17
16 19 16
19 21 9
9 11 16
5 7 14
16 19 13
14 17 9
23 1 30
18 21 21
7 10 19
22 1 10
15 17 21
0 2 17
23 2 18
2 3 8
22 0 22
10 12 28
8 11 27
19 21 7
11 13 15
7 8 14
0 0 4
17 21 25
3 6 18
8 11 14
13 16 26
3 4 28
14 15 29
20 22 1
14 17 9
12 13 2
14 15 7
21 22 7
14 17 25
11 13 26
20 21 27
16 18 15
14 16 10
7 9 4
2 5 13
9 12 2
18 20 17
12 13 8
12 14 15
3 5 28
23 1 10
19 21 11
11 13 11
16 17 4
8 9 5
21 23 3
15 16 10
8 11 30
17 20 27
2 4 3
12 17 16
9 10 4
15 18 8
19 22 6
17 20 22
14 15 14
11 13 12
18 21 24
23 2 14
3 7 3
16 18 2
19 20 28
7 9 5
23 3 12
9 11 16
17 18 10
18 20 3
22 1 30
10 12 2
12 14 2
3 5 1
23 1 7
4 6 7
20 23 21
4 6 4
18 18 26
13 17 27
21 23 14
9 10 27
19 20 9
4 4 16
7 10 5
17 20 16
8 9 13
17 19 10
15 18 20
11 14 7
13 13 11
20 23 25
13 15 26
15 18 30
20 23 9
19 22 16
12 15 1
7 9 27
11 14 12
4 6 1
23 1 2
23 0 21
11 12 9
2 4 26
12 13 19
6 8 20
0 2 27
7 8 20
3 5 28
18 17 20
10 14 29
5 8 6
15 15 29
18 19 6
7 10 24
18 20 5
15 18 8
1 3 9
5 8 22
12 15 21
1 3 6
9 10 9
21 0 11
1 4 14
22 2 9
2 4 20
20 22 21
2 5 30
13 14 25
4 6 7
2 5 10
15 18 2
10 11 16
13 16 7
22 0 27
6 9 13
11 14 16
7 11 27
4 6 29
23 3 12
14 16 14
11 13 30
20 23 26
12 13 22
7 9 10
14 18 21
17 20 15
11 13 24
15 17 10
22 1 16
21 21 23
23 0 24
2 3 26
15 16 22
13 16 8
22 1 13
20 21 4
3 6 22
15 18 26
18 19 11
7 9 29
10 10 10
10 12 21
12 12 25
6 8 27
16 17 7
19 22 28
14 15 18
5 6 5
17 20 30
12 14 22
11 13 11
3 6 15
22 22 2
20 20 9
7 10 22
1 2 29
8 11 21
0 3 21
23 23 14
3 5 28
18 19 15
0 2 4
18 20 21
10 12 27
12 14 13
18 22 4
8 11 22
21 23 6
20 21 30
12 16 24
9 10 7
12 15 18
20 23 13
19 22 6
11 14 15
21 23 1
11 13 3
6 11 15
11 14 18
2 3 19
16 18 13
11 13 11
11 13 12
22 2 23
16 19 22
22 23 14
9 10 4
20 23 11
15 16 26
19 22 20
4 6 22
22 0 4
16 17 26
0 2 5
15 18 28
22 0 6
0 3 22
23 2 2
7 9 19
15 15 18
3 6 5
5 6 13
1 4 8
8 10 4
15 17 29
11 12 9
19 22 30
18 21 7
12 14 24
6 7 19
11 13 13
3 4 25
1 4 16
2 5 24
20 22 5
7 8 6
12 15 24
21 0 15
12 17 9
23 1 8
17 20 9
9 12 28
11 13 29
0 2 8
4 5 26
13 13 26
17 21 25
6 8 3
6 8 28
23 0 2
17 20 15
21 23 19
5 7 24
3 5 27
20 23 2
17 19 6
9 14 23
2 4 24
17 20 24
21 1 24
13 14 24
19 21 9
7 8 14
23 0 18
1 3 1
12 13 9
14 16 15
5 7 5
9 11 28
6 8 26
4 3 17
8 8 11
14 16 19
6 10 24
6 7 11
2 5 23
2 3 8
16 18 27
23 1 8
6 6 17
21 1 3
12 14 29
2 5 19
10 11 29
18 21 25
3 4 2
1 2 18
6 9 8
0 1 18
3 4 21
3 3 9
13 16 7
6 9 29
17 19 28
7 8 1
18 20 21
20 22 30
11 12 27
11 12 23
17 18 18
19 21 15
22 1 6
9 12 6
11 13 12
1 3 21
6 7 21
22 23 16
10 12 15
12 14 12
7 10 26
5 7 2
18 21 16
7 10 18
11 13 21
0 3 21
5 5 16
15 16 18
18 20 22
15 16 24
10 11 18
14 17 8
6 9 4
19 20 17
11 13 24
11 14 4
7 8 13
9 10 3
11 13 15
7 9 27
15 16 7
9 11 4
18 21 8
9 10 28
13 15 15
7 6 7
4 6 12
2 4 7
13 15 28
0 0 13
2 4 23
1 4 2
19 20 15
15 17 26
12 15 11
3 6 26
20 23 15
9 10 3
21 21 8
3 5 10
18 21 29
5 8 8
19 20 24
5 7 9
17 18 8
20 0 9
14 16 29
5 7 26
3 4 16
12 14 25
14 16 16
5 7 1
13 13 22
17 20 22
0 0 17
10 11 25
17 20 7
16 18 29
8 11 12
23 1 27
12 14 27
13 16 1
1 3 16
15 16 18
12 12 20
15 17 27
0 2 1
23 1 12
14 16 9
10 12 6
17 18 18
2 2 22
12 13 8
19 20 19
19 20 14
1 4 9
13 14 13
0 2 17
5 9 23
9 13 10
14 17 30
13 15 13
0 2 17
18 21 1
15 20 11
14 15 24
16 18 6
23 1 3
20 22 25
18 20 11
11 13 17
7 8 7
9 12 14
13 15 24
13 14 29
1 6 9
10 13 13
17 20 23
7 9 19
14 15 8
18 19 4
12 15 27
9 10 14
5 8 30
1 4 23
2 3 21
20 21 21
13 14 21
22 0 13
7 8 14
8 9 25
20 0 19
17 19 16
21 23 8
16 18 5
15 17 15
5 8 30
2 5 16
3 5 25
3 6 7
15 17 17
4 5 7
9 11 9
4 4 25
8 11 26
14 15 3
23 1 25
7 10 21
5 7 6
16 19 30
19 22 10
17 20 16
9 11 6
18 20 9
3 5 28
12 14 1
2 3 17
0 1 18
2 4 13
5 7 14
1 4 21
14 17 3
1 1 4
2 3 21
5 6 9
15 18 30
1 3 18
21 22 23
3 5 6
4 5 16
19 19 19
9 10 30
10 13 18
9 11 13
13 14 1
10 13 18
11 13 9
12 12 10
9 9 22
13 15 8
13 15 28
4 7 20
6 7 11
7 10 22
20 23 9
9 11 23
10 14 27
16 20 1
19 19 27
18 21 2
0 1 17
14 15 23
4 6 23
15 17 15
10 11 3
23 1 24
6 8 20
21 23 2
9 12 20
21 23 21
8 11 16
18 20 30
17 19 3
1 3 20
10 13 1
1 3 24
7 8 24
15 17 1
3 6 1
13 15 15
19 21 22
21 23 28
1 2 25
16 16 20
6 7 30
15 19 20
10 13 6
6 9 19
9 10 6
4 7 14
3 5 7
21 23 19
19 20 22
13 16 2
6 9 6
0 2 14
13 15 7
1 3 20
8 11 17
10 11 23
1 3 7
18 20 28
11 11 26
20 22 9
12 14 5
6 10 7
0 1 28
16 16 4
4 6 13
18 21 6
7 8 22
14 14 21
3 5 28
12 14 15
17 20 24
0 2 29
23 1 24
7 9 17
6 8 20
10 12 28
13 15 14
20 23 21
0 3 14
12 15 28
7 10 5
8 10 28
23 23 15
17 19 8
19 23 30
12 12 10
2 5 11
11 14 18
6 9 21
15 17 18
12 13 12
22 1 20
17 18 29
18 20 29
20 20 17
17 16 5
6 8 22
3 6 17
0 1 21
17 20 26
14 15 2
9 11 11
19 20 25
22 1 9
23 1 6
8 11 23
12 15 3
4 4 29
15 18 20
9 10 13
5 8 3
0 2 19
18 21 24
8 10 11
17 19 30
0 2 1
21 23 15
10 11 3
3 5 23
0 3 18
20 21 1
14 18 30
12 15 13
21 23 16
22 1 30
1 1 16
1 2 20
7 8 24
5 8 7
18 20 16
22 0 5
19 21 7
10 12 9
13 18 18
8 10 2
23 1 24
0 2 11
10 12 14
7 9 1
12 13 21
15 16 17
14 17 25
3 7 23
8 9 2
6 9 21
8 9 26
7 8 30
16 18 18
3 3 29
15 16 6
13 16 2
19 20 5
23 1 21
6 9 3
22 0 15
19 21 25
3 4 20
13 15 17
18 20 27
0 3 14
21 22 10
0 2 6
21 23 10
22 1 2
15 18 1
7 8 12
8 9 8
2 3 18
3 6 28
9 10 13
13 16 1
20 22 27
15 18 4
23 1 3
13 15 27
2 5 23
16 18 6
3 5 1
9 10 19
19 22 14
15 16 22
12 14 18
13 15 1
15 18 9
17 17 22
12 16 17
17 19 30
8 10 5
23 2 11
3 4 10
10 11 15
21 0 8
16 17 3
23 1 15
15 17 4
2 3 18
12 14 20
11 15 15
16 19 3
23 23 23
5 7 3
9 11 29
12 14 25
14 18 19
16 17 27
17 19 19
22 23 1
21 23 29
14 16 17
11 11 4
18 21 20
4 10 5
10 12 25
16 18 4
17 19 12
4 6 21
13 16 9
18 20 24
7 11 5
4 6 14
7 9 18
21 0 27
10 12 28
11 13 2
7 8 29
15 17 24
9 12 11
0 2 3
0 4 7
1 3 25
6 8 1
10 11 30
22 1 29
16 18 13
2 4 29
5 7 26
23 2 28
17 18 25
4 5 30
10 11 10
19 20 9
4 4 16
10 13 22
5 7 21
21 23 8
16 18 7
11 12 26
12 14 30
13 14 9
7 9 28
1 5 25
13 16 5
7 9 12
21 23 26
15 16 20
12 14 22
14 16 10
10 12 9
0 2 3
19 22 26
7 9 28
19 19 18
16 19 2
2 3 28
1 3 11
7 9 8
12 13 12
17 18 24
16 18 15
6 8 24
11 11 4
16 19 15
18 19 22
23 1 8
11 13 27
4 6 12
12 15 29
14 16 11
23 2 17
10 11 27
5 7 12
16 16 16
17 19 23
10 13 15
22 0 29
21 23 10
5 8 26
9 11 9
13 14 18
19 20 21
22 23 15
13 15 9
0 3 6
17 21 7
11 13 19
2 4 7
8 10 25
6 8 6
19 19 5
12 13 30
20 21 22
14 15 12
18 21 6
20 22 1
21 1 21
10 12 17
21 0 7
19 20 16
10 10 23
18 19 9
2 6 24
14 15 27
9 9 8
5 8 24
18 21 16
11 13 28
12 13 20
7 9 12
5 7 19
18 18 30
13 15 8
12 13 18
3 4 26
23 2 6
19 20 7
1 5 27
13 15 21
23 1 6
4 6 19
6 9 29
21 23 17
12 15 23
14 17 1
16 18 4
23 2 28
0 2 6
5 6 1
10 11 4
12 14 28
21 23 13
23 2 16
20 22 12
15 18 13
19 20 5
5 7 28
13 14 18
13 14 26
4 6 15
5 5 14
20 22 1
14 16 19
17 19 26
6 8 2
7 9 30
16 16 20
17 19 23
13 14 10
10 12 15
2 4 28
23 1 23
11 14 2
19 21 27
10 11 30
13 13 27
14 16 11
10 12 13
15 16 16
6 7 11
17 19 15
5 8 27
16 18 23
2 3 1
1 2 22
11 13 9
5 6 8
16 17 3
19 22 6
23 1 12
6 8 18
9 10 13
15 18 27
17 20 1
12 13 30
16 19 21
18 19 2
4 6 7
4 7 8
15 17 18
3 5 8
12 13 28
16 19 7
13 15 15
21 0 27
16 19 3
6 7 2
13 15 1
1 5 19
12 15 13
11 14 21
23 3 9
0 1 9
10 11 1
7 9 10
12 15 22
20 23 12
1 2 14
23 1 17
9 9 11
1 4 30
9 12 8
7 9 9
8 9 4
10 10 21
12 13 25
3 5 4
20 22 13
13 14 30
13 15 24
14 16 28
16 18 28
7 7 11
1 5 5
11 12 12
17 19 22
17 19 4
4 6 16
1 3 21
10 11 19
7 9 11
14 15 25
4 9 19
17 20 8
23 1 22
11 14 13
6 7 28
13 16 3
0 1 30
16 18 17
15 16 3
22 0 10
6 9 30
17 20 16
15 16 22
14 15 19
7 7 20
12 14 8
12 15 29
9 10 28
12 14 13
21 1 10
1 3 24
7 9 18
12 15 29
21 0 24
1 2 5
14 13 22
13 15 23
6 8 14
3 6 4
10 12 24
14 16 15
21 22 28
12 15 13
19 21 20
2 4 26
22 0 7
14 15 14
13 16 21
1 2 22
13 15 28
7 10 17
4 5 7
15 18 24
0 2 20
4 7 7
8 9 23
6 8 17
16 19 9
14 16 2
10 12 21
5 6 27
5 8 28
12 14 11
8 9 1
14 15 13
1 2 4
5 5 15
21 23 9
10 14 6
14 15 12
13 14 22
15 17 6
18 20 5
18 19 25
6 9 19
22 0 28
18 19 23
14 15 10
9 10 12
4 4 10
16 19 11
3 5 24
10 12 4
13 15 23
6 8 15
20 22 24
17 18 13
0 1 10
23 2 1
19 21 14
6 7 30
18 20 7
9 13 30
6 6 18
23 1 4
21 23 7
2 3 13
23 1 14
11 13 23
22 0 6
12 15 21
15 17 11
2 3 2
10 12 21
10 10 26
5 7 19
8 10 23
0 2 20
17 20 7
5 9 10
3 4 12
7 10 23
14 16 25
15 17 4
8 11 17
0 1 6
8 11 7
15 15 17
7 8 10
5 9 20
21 0 19
5 7 19
10 12 23
14 17 30
5 8 25
12 15 10
19 22 29
4 5 15
11 14 13
10 12 6
20 22 30
14 15 5
2 3 24
18 19 16
10 11 4
14 14 5
13 16 13
14 16 25
18 21 7
18 20 29
12 15 4
12 14 6
18 20 17
12 14 16
9 12 6
15 19 27
17 20 13
5 7 3
4 6 14
9 12 27
6 7 16
9 11 26
16 18 27
3 6 30
7 7 15
5 7 2
14 15 7
17 19 5
17 19 22
2 4 6
22 23 6
16 19 13
16 17 18
5 8 23
23 0 24
16 18 15
8 11 9
23 0 11
14 15 24
3 7 23
2 5 22
22 2 25
10 11 13
7 10 10
16 17 14
17 18 14
3 5 6
1 4 26
19 20 15
2 4 9
16 19 5
2 6 18
0 2 27
4 5 17
5 8 10
15 16 20
8 10 12
12 11 13
17 19 10
21 0 29
1 3 2
11 13 22
7 7 30
3 6 7
18 18 29
5 6 11
6 8 13
13 15 20
10 11 15
20 22 17
8 10 26
1 4 25
12 13 11
8 9 26
23 2 8
15 18 20
16 20 14
23 1 10
7 9 29
23 1 30
12 14 10
5 9 22
2 4 20
21 23 28
10 12 19
22 0 11
6 9 4
6 9 27
8 10 28
6 8 24
10 12 16
9 13 8
1 2 2
0 2 12
1 4 8
1 4 20
19 21 5
2 4 9
0 2 19
10 12 12
13 15 4
22 22 13
19 21 20
7 9 17
19 21 29
9 11 28
20 23 12
9 11 19
10 12 23
11 13 30
4 5 14
5 7 25
9 10 24
7 10 9
4 4 19
6 9 12
8 9 5
9 11 20
5 8 19
7 7 25
1 5 18
9 10 6
1 1 28
13 15 27
8 10 19
22 1 17
17 19 15
16 19 25
6 9 9
13 14 23
11 13 4
3 5 20
8 8 10
13 15 20
1 3 17
10 9 6
6 9 4
18 21 23
14 14 12
22 23 27
5 6 21
23 1 20
23 1 28
17 18 19
14 16 6
18 21 14
4 4 14
9 10 15
3 4 18
12 12 17
12 15 4
12 13 26
6 9 8
4 5 18
14 18 19
9 11 9
20 21 16
21 23 2
8 11 20
22 0 24
20 23 10
11 15 29
20 23 7
17 19 10
16 19 28
13 16 5
15 17 8
17 17 13
1 3 26
15 18 14
14 16 8
21 23 7
21 22 6
16 18 16
17 18 18
17 20 20
13 16 26
17 20 1
4 5 29
20 22 21
12 13 20
14 16 22
5 6 5
6 9 6
6 9 17
12 13 9
8 9 8
10 11 12
19 22 2
2 4 22
23 0 17
4 5 5
17 19 23
4 4 19
11 14 15
0 4 9
19 20 26
21 0 4
20 22 3
22 0 15
10 11 30
16 18 21
0 3 30
21 0 29
10 11 9
1 5 7
22 23 7
15 17 24
23 0 10
17 20 6
9 10 9
11 12 8
3 5 9
6 7 19
3 4 30
6 8 24
2 5 6
2 5 29
23 23 1
11 14 16
2 4 11
14 15 27
3 6 30
8 12 21
7 8 12
1 3 2
23 0 7
19 20 19
21 23 3
22 23 15
0 3 29
15 17 4
3 4 17
10 11 22
15 17 14
15 17 19
4 6 10
4 8 14
17 19 8
1 3 27
7 9 18
23 1 20
22 3 26
12 14 22
20 21 18
3 4 30
9 12 28
22 23 30
2 3 12
3 6 16
1 2 6
21 22 26
19 22 2
16 19 23
11 15 17
22 0 27
7 10 26
14 17 11
22 2 7
4 5 28
11 12 20
22 22 29
18 21 23
7 9 1
16 17 22
1 3 7
23 22 14
6 6 7
23 0 7
9 11 20
10 11 26
5 7 6
12 14 5
17 19 15
14 18 24
1 2 4
15 18 29
6 9 11
5 9 4
1 2 14
14 16 5
6 7 21
2 5 6
1 4 8
2 4 8
14 16 26
2 4 28
20 23 9
22 0 13
6 8 9
22 0 15
5 4 4
10 13 7
14 17 27
5 8 18
0 3 4
21 23 2
2 4 16
7 7 17
3 4 12
0 3 13
20 23 10
3 7 16
6 8 17
12 14 14
9 10 3
2 2 18
10 11 22
4 6 26
17 17 9
16 17 18
6 7 25
13 16 2
0 2 4
23 1 24
4 6 28
15 16 23
1 1 5
20 22 9
14 17 25
0 2 2
6 7 24
11 13 14
8 11 6
8 10 9
15 16 10
12 13 1
0 2 22
20 23 17
19 22 25
20 22 16
15 14 23
4 6 21
22 1 11
3 5 1
19 21 16
20 22 14
20 21 14
1 4 5
13 16 23
17 18 8
23 23 12
4 8 28
14 18 29
4 5 11
16 18 8
0 2 24
17 20 5
19 21 18
16 17 4
9 11 16
3 4 29
16 20 4
15 18 18
10 11 30
4 5 8
10 13 1
6 8 2
15 18 6
20 21 14
6 9 25
2 4 17
10 11 11
2 5 4
8 10 6
16 17 20
18 20 11
17 19 2
13 13 16
15 17 12
15 16 24
23 0 14
19 22 24
8 10 2
16 19 8
8 9 19
10 11 4
20 23 15
11 14 29
7 10 20
4 5 29
1 3 26
8 10 21
2 3 18
10 12 20
2 5 23
22 0 12
15 18 22
10 12 23
2 4 14
3 5 9
18 20 15
2 1 5
16 18 5
0 3 1
6 8 30
23 1 22
7 9 29
13 16 28
8 11 15
18 21 30
23 2 6
7 11 13
12 15 13
1 3 23
2 5 4
18 20 2
7 8 7
14 16 8
19 21 18
14 18 16
11 14 14
3 5 23
21 1 9
17 19 27
17 19 8
22 1 30
9 12 28
20 21 7
13 15 2
20 23 5
18 20 24
8 9 29
20 0 10
13 15 17
18 21 20
1 1 12
22 0 29
5 6 28
22 22 21
18 21 25
11 13 19
6 7 20
9 11 16
17 19 19
12 12 27
13 16 3
16 18 24
10 11 15
21 22 2
0 3 6
3 4 6
14 16 5
16 18 6
8 10 12
23 1 16
21 23 7
7 9 30
15 16 19
20 23 20
20 22 25
16 18 30
14 16 5
8 10 2
18 20 11
19 21 28
1 4 27
17 20 13
23 0 17
12 13 22
12 13 2
22 0 27
19 20 3
16 19 24
4 6 28
6 8 3
0 2 30
13 13 10
0 2 3
3 5 27
3 6 11
6 10 19
19 21 24
5 7 26
13 16 12
23 0 6
18 21 28
20 23 24
0 1 10
10 13 23
21 22 24
22 21 1
8 10 21
12 14 28
12 15 15
13 16 3
9 12 7
2 3 21
20 22 8
3 6 29
19 20 27
0 2 19
8 9 10
14 18 29
15 15 2
9 13 10
2 4 20
23 1 11
19 19 7
23 3 7
0 4 25
15 17 11
14 16 12
19 21 3
11 12 1
18 21 16
16 17 18
9 10 1
18 22 26
21 23 4
17 21 18
21 22 8
18 20 17
7 8 13
12 14 4
18 22 7
10 11 12
4 6 1
13 14 12
11 12 20
11 14 8
11 11 28
14 17 3
16 18 11
14 16 26
9 12 11
11 13 13
4 5 16
6 5 14
8 10 22
18 19 6
5 7 25
4 7 21
14 15 17
19 22 13
22 0 15
15 18 16
8 11 12
19 21 22
7 10 20
19 20 4
12 12 19
20 22 5
2 4 22
23 1 10
7 10 20
5 6 29
17 20 18
2 2 15
8 9 15
21 0 17
0 2 26
0 1 20
8 9 14
3 4 27
4 5 27
11 13 5
12 15 21
21 21 8
