3330 30
1 3 7 27 19 26 8 12 18 23 14 22 21 7 19 14 25 24 29 9 17 25 12 19 16 8 3 5 11 3 
10 12 28
5 9 21
22 0 9
7 9 7
21 23 15
17 19 1
6 8 26
1 5 12
19 21 13
8 11 13
21 22 14
12 14 11
13 16 3
11 11 7
15 17 26
5 7 25
16 18 20
8 10 20
3 5 4
1 3 15
17 17 14
0 3 19
12 14 12
19 20 20
23 1 10
10 13 21
8 9 6
5 7 7
15 16 27
15 16 11
2 4 12
20 22 25
6 7 11
21 1 23
0 2 25
7 8 1
15 16 10
8 10 3
15 17 23
5 6 24
7 11 16
11 14 28
0 2 30
16 17 21
22 0 22
20 23 18
9 11 4
17 20 6
20 22 22
21 23 22
7 7 13
0 2 29
12 16 5
22 1 18
2 4 27
14 15 2
3 5 4
16 17 27
14 17 26
9 10 17
7 9 21
5 5 21
16 18 2
18 20 20
19 21 16
1 4 19
9 10 29
4 4 15
6 6 1
22 22 4
4 6 21
22 23 16
21 22 23
1 2 3
4 5 1
6 6 7
10 12 4
21 23 17
15 17 22
1 2 11
23 22 10
17 19 22
17 19 1
7 10 27
2 5 9
1 5 6
9 11 17
22 1 5
11 13 24
14 14 27
10 11 2
0 2 10
16 18 1
17 18 25
19 22 5
18 19 29
14 17 25
22 0 9
19 20 12
0 2 21
16 18 2
12 14 29
20 22 23
4 6 13
4 6 22
11 13 11
4 7 30
0 3 28
19 20 4
1 1 5
22 23 7
21 22 29
16 19 27
6 9 7
2 3 8
21 0 27
9 11 24
6 9 17
17 18 4
17 19 12
19 20 14
2 4 5
23 0 11
23 2 29
12 14 25
19 22 14
1 3 16
12 14 4
4 7 28
21 23 25
13 17 4
21 23 5
3 6 14
16 19 15
9 12 15
0 3 18
22 22 29
12 14 20
5 7 30
6 8 23
17 20 17
17 20 21
8 12 16
18 20 1
1 3 24
14 16 2
10 11 4
20 23 14
15 19 6
19 21 8
17 19 11
0 2 30
2 3 3
15 18 24
14 16 30
18 22 9
23 1 26
16 18 6
4 7 27
22 0 4
5 7 17
17 17 26
23 1 7
15 18 15
2 4 12
6 7 5
5 8 10
20 23 9
0 -1 13
22 0 9
9 11 1
7 9 30
9 11 22
20 23 2
21 0 1
7 8 16
11 14 5
22 1 7
12 13 30
6 8 29
20 21 4
17 21 30
21 22 9
8 10 21
11 13 1
4 6 29
22 0 19
20 21 14
22 0 16
15 18 5
4 5 1
0 2 27
9 10 19
14 15 16
17 20 11
8 9 12
11 14 9
15 14 13
17 20 20
8 10 16
12 15 18
14 17 11
12 14 15
12 14 22
21 0 20
19 21 16
2 3 12
23 0 1
12 13 5
7 10 29
16 19 21
2 4 11
7 9 10
5 7 7
9 13 25
4 5 16
18 21 5
18 19 7
20 21 24
8 11 14
0 3 20
2 6 17
0 1 24
23 2 10
20 0 14
18 18 21
19 21 11
15 18 11
15 18 2
23 0 11
4 8 8
17 20 10
7 8 28
14 17 15
2 4 2
16 18 16
2 2 26
10 10 24
6 7 13
22 0 4
10 12 3
6 6 1
22 0 10
21 23 7
16 19 7
5 7 29
2 4 11
18 21 12
13 15 7
4 7 22
11 13 28
2 4 4
13 16 30
4 6 5
3 6 9
4 3 21
23 3 29
12 12 13
14 17 21
9 13 12
6 9 27
2 4 9
20 22 4
15 19 8
3 5 19
18 20 27
20 22 12
16 19 29
8 9 5
21 22 11
23 1 23
20 22 29
10 12 12
17 21 20
10 13 9
12 14 26
4 7 25
2 4 10
10 12 4
23 1 24
16 19 13
5 7 26
9 11 11
9 12 2
16 19 3
16 19 8
11 12 3
11 13 30
17 18 23
10 11 27
0 3 18
18 20 14
9 11 22
22 2 12
23 1 8
23 23 14
23 2 25
5 6 6
5 7 20
6 8 16
18 21 15
8 10 13
22 0 20
15 16 21
9 12 11
7 9 19
15 16 4
5 5 14
14 16 29
17 20 6
3 4 26
0 3 18
23 1 19
11 13 17
8 11 12
5 8 19
19 21 27
22 22 20
10 12 14
15 18 4
12 14 27
12 13 27
23 1 30
17 18 29
19 21 13
1 3 16
6 10 16
23 2 9
15 17 1
15 18 7
15 17 6
3 4 12
15 18 22
14 17 7
22 0 1
18 21 29
11 13 6
10 12 12
0 5 13
20 22 26
11 12 29
19 22 2
11 14 25
4 6 6
3 5 11
1 3 1
9 11 29
13 15 6
20 22 28
20 22 24
7 10 11
9 11 8
23 1 13
8 10 10
14 16 13
22 23 27
17 19 8
2 3 7
16 18 11
11 12 26
21 22 13
18 21 3
12 13 15
4 5 7
1 3 11
5 8 13
6 11 8
12 14 2
22 1 9
0 2 23
19 21 29
19 20 9
3 6 28
11 12 4
15 16 10
1 2 3
6 9 16
19 22 23
16 19 2
11 14 19
12 14 17
6 8 23
5 6 15
4 7 18
10 13 22
8 10 2
2 5 25
17 19 12
11 12 23
17 18 28
1 4 18
2 4 16
8 11 15
14 17 6
1 3 15
16 17 4
23 1 2
9 13 13
22 0 24
4 8 1
0 1 11
5 8 18
16 19 26
4 7 3
11 12 11
4 7 12
23 1 13
11 11 7
3 5 3
4 6 10
22 0 25
17 19 11
8 11 30
21 21 3
3 5 28
23 0 7
12 14 30
10 12 26
5 8 9
21 23 9
12 14 6
20 22 30
2 3 27
11 12 19
5 6 20
20 23 23
8 10 20
8 9 29
2 3 25
13 14 21
23 1 3
4 6 22
12 13 8
7 8 12
21 22 13
18 22 2
16 18 19
18 19 20
15 16 5
11 14 20
6 8 13
7 9 9
22 0 14
13 15 18
8 9 1
4 7 26
5 5 8
7 10 9
17 16 7
5 6 16
22 2 21
12 16 26
17 20 8
12 12 27
6 7 8
2 4 15
2 3 21
0 3 22
11 12 18
17 20 9
11 12 1
9 12 16
16 17 14
5 5 27
23 1 1
10 13 5
1 4 5
22 0 26
1 4 10
16 19 4
16 17 3
1 1 7
7 9 12
1 2 29
18 19 11
23 1 6
19 22 25
18 19 30
20 22 3
4 4 23
15 18 4
1 2 28
1 2 19
20 20 15
0 4 4
19 21 24
21 22 3
18 21 18
1 3 16
13 14 15
20 23 4
7 10 6
10 13 4
8 10 5
15 17 3
17 21 15
20 22 7
8 10 10
16 19 8
9 10 10
1 4 4
19 21 11
12 13 3
11 11 21
23 2 7
0 3 30
12 15 17
2 5 18
2 5 24
1 2 22
12 16 23
23 0 7
13 14 7
13 15 1
3 5 3
16 18 5
21 23 23
19 21 24
23 4 1
9 13 6
1 4 5
11 12 20
3 6 5
13 14 28
1 4 26
15 16 1
13 16 24
19 19 10
6 8 22
2 3 16
15 19 1
12 14 24
12 14 9
9 11 9
8 9 5
6 8 23
21 23 25
15 16 25
17 18 30
8 9 14
20 23 16
16 17 29
17 18 7
15 17 24
23 0 25
7 9 25
11 13 21
9 9 22
4 5 20
12 16 22
13 15 23
3 6 26
14 16 9
5 5 19
18 20 19
20 22 19
18 20 24
7 8 10
12 14 25
15 18 24
4 6 2
2 3 14
17 16 2
12 13 29
19 21 19
20 23 2
8 10 13
16 20 26
9 10 28
8 10 30
9 12 19
1 3 1
1 5 22
4 4 4
7 10 11
7 10 30
0 2 18
17 18 26
8 10 4
15 17 24
2 4 1
6 8 4
4 7 8
19 21 28
20 22 6
16 15 7
14 16 3
2 5 4
2 3 25
13 13 24
16 17 8
16 19 3
23 2 13
17 18 16
1 2 15
18 21 22
5 6 27
6 9 25
3 4 16
18 19 12
9 13 2
10 12 30
12 15 29
18 20 11
8 7 16
14 17 28
16 17 2
5 8 5
11 10 17
7 9 16
7 10 1
11 14 10
11 15 3
10 12 11
3 6 6
8 10 23
22 2 25
4 6 7
18 19 1
10 12 7
2 5 24
13 14 19
19 22 23
6 8 1
6 7 4
6 9 2
1 2 19
3 5 20
8 11 25
14 17 16
22 23 24
20 22 17
17 19 28
17 21 4
0 3 2
2 5 29
13 13 19
8 9 1
10 12 23
1 3 4
21 0 3
17 19 6
23 0 28
8 10 23
20 22 7
17 19 18
13 15 4
14 15 17
16 17 2
3 4 29
1 3 2
21 0 26
4 6 14
21 22 16
4 7 22
2 3 12
4 5 23
16 17 16
15 16 5
11 14 7
2 3 27
15 19 29
6 8 25
12 15 13
14 17 14
5 5 2
14 15 29
0 2 14
12 13 22
20 22 20
11 14 19
20 22 6
12 14 12
17 19 27
1 3 16
1 4 15
17 19 20
11 13 23
9 9 2
17 19 13
1 1 1
4 5 5
18 22 26
13 16 9
14 16 23
21 22 19
6 8 12
13 15 19
5 6 30
6 7 15
15 16 28
11 12 9
1 4 9
20 22 18
8 10 24
18 19 24
22 1 5
23 2 25
23 0 16
3 4 9
3 6 9
16 16 22
23 1 12
9 12 4
4 6 12
8 11 21
12 15 20
16 17 9
4 7 18
18 18 11
14 16 9
7 6 24
18 20 16
2 4 23
8 10 6
16 18 22
20 23 26
8 10 15
19 21 17
17 19 12
8 12 5
23 2 29
17 19 16
14 16 7
10 12 9
12 14 14
17 19 29
14 15 17
14 14 13
20 21 11
4 6 29
6 8 20
10 12 13
3 4 12
4 6 18
0 2 29
10 10 21
23 1 6
8 12 16
2 3 15
20 20 28
12 13 24
6 9 19
18 20 14
13 14 10
4 7 12
11 13 12
18 20 29
15 16 10
19 21 4
9 12 16
18 18 10
5 8 25
10 11 13
19 22 13
6 7 28
4 7 25
19 20 10
9 9 22
9 12 22
13 16 1
4 6 12
23 0 17
22 23 11
8 10 6
1 2 24
15 15 30
0 2 3
0 2 9
16 17 24
5 7 20
18 21 18
4 4 8
14 17 28
20 21 22
21 23 20
22 22 26
11 14 30
20 21 1
16 18 17
11 12 15
11 13 28
0 2 26
4 6 26
11 13 8
1 4 19
8 11 26
21 0 10
11 13 4
0 3 22
17 22 24
8 10 1
0 3 23
19 22 24
23 1 17
21 22 21
10 10 6
10 13 24
18 19 17
12 16 30
11 12 7
1 3 14
21 23 15
8 10 4
23 1 28
14 15 4
5 7 20
16 19 28
12 14 15
6 9 5
13 12 26
12 15 30
9 12 21
16 18 14
0 2 24
14 16 23
12 12 22
20 23 9
6 9 20
4 6 26
3 3 5
16 16 21
21 0 17
14 15 28
14 15 14
23 0 11
18 20 12
16 19 3
22 0 2
11 13 9
4 7 8
12 15 7
2 5 9
19 21 27
10 13 3
11 12 15
17 18 17
19 22 5
18 21 9
23 2 4
20 22 4
4 5 3
16 18 16
12 14 10
17 20 25
9 11 1
22 0 9
19 20 13
9 11 1
1 2 15
19 23 11
6 7 15
19 20 8
15 18 24
2 3 5
11 14 27
2 4 8
1 4 6
19 22 5
7 9 30
12 16 24
2 4 27
17 19 22
4 6 8
11 14 15
6 8 1
8 12 16
13 15 8
10 12 6
3 6 22
11 13 6
3 5 14
21 0 23
17 20 21
20 23 7
6 10 29
13 15 26
3 5 7
20 22 16
8 8 19
2 5 6
13 16 19
18 19 8
5 6 11
9 12 28
23 1 10
9 11 16
8 9 13
2 4 20
23 3 6
11 14 14
18 20 10
15 15 2
12 13 12
0 3 20
14 16 1
19 22 11
8 10 11
6 8 22
3 4 21
23 2 25
20 23 13
23 1 1
23 1 2
19 20 17
21 22 5
2 4 6
21 23 14
2 3 4
15 17 30
3 4 19
8 11 13
4 8 16
16 17 8
8 10 21
5 8 4
19 20 18
0 2 13
9 11 6
20 22 17
23 23 29
3 5 16
21 23 1
2 5 17
5 6 7
17 20 8
3 5 4
8 11 28
5 6 13
15 17 1
16 19 23
12 14 2
21 0 5
19 22 30
20 22 20
2 4 26
12 16 30
18 23 28
16 18 7
22 1 22
4 7 26
3 6 30
2 4 28
6 9 15
6 8 13
9 12 27
5 7 7
22 1 11
5 7 17
14 16 26
23 0 14
17 18 28
0 2 9
22 0 19
14 14 12
21 23 25
22 0 25
17 18 15
22 2 4
22 22 20
14 16 10
14 17 21
22 23 28
16 16 27
17 19 27
7 8 16
8 10 19
3 5 15
4 5 4
15 18 21
10 11 11
1 0 3
3 6 21
14 16 29
2 5 17
6 7 14
5 6 13
2 5 7
4 7 9
4 6 20
18 19 5
3 6 18
14 17 24
17 19 23
18 22 27
4 6 15
13 16 28
5 7 17
17 19 27
2 3 23
1 2 14
17 19 9
7 8 3
3 5 10
16 19 15
5 7 11
8 9 25
8 10 28
3 6 17
6 8 11
21 22 30
13 15 15
6 7 5
21 23 24
19 20 2
9 11 1
21 1 20
12 15 7
7 9 1
1 2 28
13 14 20
1 4 25
13 16 28
2 4 28
19 22 4
11 13 30
9 10 26
9 11 28
18 21 8
19 21 21
16 17 5
14 17 16
8 9 21
22 23 19
14 15 8
8 8 22
7 9 29
15 17 9
18 18 23
23 1 18
21 1 15
5 10 19
13 15 12
12 15 18
6 9 9
4 6 24
3 5 11
12 15 21
14 14 28
15 17 4
12 14 8
9 11 19
8 10 28
18 20 4
5 7 11
0 1 13
6 7 21
13 14 14
6 8 1
18 20 2
13 15 17
10 13 20
15 17 16
20 0 30
21 0 20
14 16 2
23 1 29
16 18 21
16 19 3
5 6 19
2 5 2
15 18 20
23 1 18
13 15 21
15 18 11
7 10 10
0 2 9
21 22 18
19 21 1
23 0 11
23 0 23
11 14 12
6 10 8
15 17 20
23 1 26
3 5 5
15 16 22
10 15 29
15 16 20
9 12 4
3 5 6
16 15 9
2 5 4
20 1 16
7 8 8
21 23 17
12 16 18
8 11 21
7 10 17
8 10 21
3 6 4
14 17 18
0 1 5
16 17 14
2 4 1
3 3 1
9 11 22
17 19 14
22 0 24
6 8 3
20 23 7
6 7 30
11 12 15
5 8 4
23 2 12
22 0 10
3 5 26
15 17 25
0 2 16
22 0 2
1 5 26
0 2 18
3 4 2
2 5 22
15 17 3
1 3 17
3 4 4
1 5 26
16 18 21
4 7 30
9 11 23
12 14 6
7 9 24
17 19 24
1 4 21
4 7 17
21 23 26
7 9 14
22 23 4
5 8 4
3 3 30
12 12 6
23 2 20
3 6 11
15 16 1
1 3 3
17 20 11
16 19 5
11 13 28
6 8 8
4 4 30
10 10 21
18 20 17
11 13 9
13 13 5
0 2 27
21 23 12
2 3 30
5 6 9
0 1 25
23 1 13
15 19 26
20 21 12
9 13 20
16 18 4
4 5 5
16 20 1
15 18 18
2 3 5
6 9 6
6 9 25
15 15 22
17 19 14
0 2 24
13 16 5
9 10 16
22 0 8
14 15 20
15 17 2
5 8 14
13 15 5
1 1 15
10 11 21
8 10 22
2 4 30
6 7 22
20 23 25
5 6 24
19 22 23
11 13 18
2 3 2
2 3 26
18 19 11
2 7 4
10 13 23
3 4 23
0 1 22
6 6 22
22 22 30
10 12 6
0 2 20
14 17 8
13 15 24
14 16 29
19 23 8
9 12 20
18 17 26
8 9 11
8 9 16
20 0 25
23 0 4
18 19 8
13 15 2
14 15 22
4 6 16
1 4 18
11 13 2
22 0 13
14 16 18
19 22 27
23 1 1
21 23 29
1 3 17
17 18 23
19 21 28
4 6 28
8 9 17
12 14 19
23 1 13
4 6 11
6 9 21
22 1 16
23 0 21
11 13 15
8 8 13
20 23 9
3 6 18
0 2 25
1 2 19
8 10 6
5 8 6
14 16 20
1 3 20
11 12 11
13 17 26
16 17 14
0 0 9
12 15 13
10 13 8
16 20 24
23 23 27
5 7 14
5 7 28
15 19 23
6 9 30
21 21 2
20 22 9
7 9 23
4 7 5
15 17 29
12 16 6
21 23 3
14 15 26
13 15 25
6 9 12
13 16 28
19 20 19
21 0 20
18 20 3
23 23 30
23 4 9
22 0 2
5 7 20
15 18 27
11 13 23
13 15 8
18 21 16
21 23 27
15 15 12
8 11 28
18 18 27
9 12 6
22 1 20
14 16 20
1 3 22
22 0 3
0 1 20
19 19 19
4 6 13
6 9 11
2 5 18
2 5 3
6 9 3
7 9 8
1 2 11
19 20 18
23 3 5
17 19 16
13 14 11
15 19 6
18 20 2
22 23 12
2 4 1
23 1 26
2 5 16
0 2 28
21 1 9
12 13 18
7 11 16
2 5 20
4 6 15
19 21 21
19 23 3
6 9 15
10 14 30
17 19 13
3 4 22
22 23 13
5 8 23
10 12 16
22 0 13
2 4 21
1 4 28
5 8 7
11 13 2
18 18 28
5 7 22
2 4 14
18 19 11
4 7 28
1 4 2
22 23 6
15 18 17
15 18 7
22 22 27
2 3 16
3 5 25
6 8 29
23 1 13
17 19 26
7 11 25
23 0 6
15 16 26
20 23 9
19 23 5
11 12 22
10 12 17
12 13 13
20 22 30
2 4 9
5 6 5
16 16 1
12 14 12
13 16 10
1 5 29
4 5 2
1 3 26
23 1 27
17 18 24
17 20 6
4 7 11
17 19 15
20 23 14
22 23 4
8 9 8
19 20 15
8 8 16
20 22 24
4 7 8
3 7 10
10 12 1
19 22 26
8 9 3
21 23 3
19 22 22
11 13 8
12 15 17
14 16 7
2 5 19
12 14 29
3 4 16
10 12 29
5 7 23
3 4 11
20 23 18
16 18 30
3 5 21
10 13 23
18 20 18
11 14 14
13 14 19
21 0 1
8 11 8
10 14 10
16 18 7
6 9 25
12 15 30
4 7 10
3 6 17
22 0 10
22 23 12
17 20 18
8 9 3
19 20 1
16 18 25
21 23 25
17 18 19
9 13 3
11 13 12
12 11 4
18 20 18
16 20 19
2 5 26
18 20 3
19 21 19
6 9 29
15 18 18
7 9 11
9 11 23
17 20 26
2 5 29
8 8 9
13 16 17
4 7 29
17 18 8
19 21 24
16 17 8
12 13 29
4 6 2
13 15 13
5 7 16
8 9 16
18 21 18
6 8 28
13 15 23
16 18 9
22 1 18
10 11 22
16 18 4
20 23 17
17 19 21
4 5 22
0 1 16
16 15 20
21 23 14
11 12 22
17 19 10
16 17 28
11 14 13
10 12 7
14 16 29
13 14 19
22 1 12
10 12 28
18 20 3
16 20 21
12 15 22
20 23 4
18 20 10
12 15 7
17 18 3
12 14 18
20 23 25
12 15 24
11 14 1
3 5 25
1 3 7
11 13 29
10 11 23
16 18 25
10 12 22
7 7 15
11 12 11
15 17 21
7 10 4
16 19 29
18 20 27
19 22 30
11 12 10
13 16 29
9 11 8
1 3 5
5 7 5
13 14 21
22 1 1
16 19 4
19 21 4
13 15 26
1 2 9
6 8 16
20 21 18
12 14 9
12 12 18
8 10 17
8 9 15
10 11 12
5 7 22
5 5 25
19 21 15
23 2 4
17 17 4
11 14 21
23 1 5
4 7 18
6 9 12
2 4 8
13 15 24
22 23 6
19 20 25
23 0 28
18 18 11
1 2 26
15 19 12
22 0 3
15 17 17
23 1 6
17 20 9
14 16 24
11 13 4
17 18 6
7 8 17
13 15 7
11 11 29
20 23 14
4 4 21
20 22 2
8 10 22
21 22 16
20 19 20
3 6 15
1 2 9
5 6 23
4 4 1
9 11 5
16 18 29
16 17 8
23 1 16
17 18 16
18 20 27
17 19 10
4 5 4
16 17 21
1 4 30
0 3 9
11 14 23
7 10 20
7 8 19
2 3 7
7 9 19
2 3 16
11 13 8
21 23 12
6 8 26
17 19 17
14 16 14
23 1 3
7 10 14
5 7 30
4 6 24
2 5 1
2 7 24
8 10 10
21 22 11
9 11 4
0 4 6
16 20 10
3 6 17
23 1 28
14 16 26
15 16 28
23 1 22
15 16 3
4 6 9
1 5 12
15 19 23
21 0 24
7 9 19
9 11 29
2 4 2
15 17 5
8 9 2
19 22 22
6 8 24
11 13 2
10 11 6
16 18 24
0 3 17
11 12 21
13 14 1
5 7 20
18 19 4
3 5 29
3 5 12
18 18 6
18 20 28
19 22 12
2 6 30
23 2 9
23 0 17
6 10 1
14 15 20
7 8 3
18 21 13
8 10 28
17 20 25
9 11 19
0 2 8
5 9 26
16 19 8
19 23 3
13 14 27
9 10 13
3 4 16
14 15 15
17 20 22
19 20 26
17 18 7
18 21 30
23 1 3
4 5 19
11 12 8
17 18 17
7 9 18
13 14 19
14 16 13
17 19 28
8 12 20
10 13 17
3 6 7
23 0 15
8 10 17
18 21 30
6 8 4
20 21 15
18 21 18
13 15 27
17 18 14
7 7 30
19 19 6
3 3 20
9 12 5
20 22 25
5 7 29
23 1 4
15 19 7
10 12 4
21 22 27
14 18 15
5 7 2
13 13 5
16 18 17
17 21 4
19 20 27
2 4 11
22 0 20
18 20 26
19 22 28
15 18 13
2 2 11
18 20 3
21 21 19
18 20 1
9 12 24
3 6 3
1 4 30
3 4 5
9 10 17
5 7 22
22 0 5
19 21 25
12 14 6
21 0 25
23 2 28
16 16 25
2 4 20
21 22 30
15 16 12
16 19 29
17 21 8
22 1 25
18 22 23
12 15 11
10 14 25
21 22 19
14 15 12
2 6 4
13 15 4
23 0 18
1 2 24
0 1 12
2 4 30
21 23 1
13 15 23
17 19 26
19 20 15
2 5 7
12 13 16
5 7 25
2 5 12
22 0 12
12 14 22
15 17 25
23 2 14
2 5 23
23 0 7
2 5 19
7 10 20
9 12 19
18 21 16
21 0 3
4 6 20
15 18 25
23 1 18
1 2 27
22 0 5
4 7 25
10 13 16
1 1 23
0 1 29
16 17 11
8 8 5
0 3 3
7 9 8
0 2 14
20 22 15
11 13 28
8 9 8
14 17 28
19 20 8
0 1 26
12 14 20
2 5 27
8 10 2
17 16 14
3 5 8
22 23 4
23 0 7
8 11 6
22 1 5
16 18 8
7 11 10
19 21 1
7 8 12
23 1 5
13 13 8
5 9 4
15 17 3
19 23 15
23 2 13
0 2 8
8 10 25
5 8 6
11 13 10
5 7 29
4 5 15
17 18 4
2 4 16
19 21 23
23 23 3
10 13 11
2 4 16
22 0 8
12 12 19
14 16 19
1 2 4
17 19 9
21 22 24
6 9 19
14 16 16
13 15 19
8 11 3
4 5 11
6 7 9
16 18 23
14 18 13
7 9 20
23 2 4
22 0 18
7 10 29
5 10 15
19 20 9
21 22 25
4 6 18
8 8 19
15 17 10
10 13 21
8 12 24
8 11 7
10 12 26
18 23 15
23 2 8
11 13 9
21 23 19
10 10 13
8 10 15
1 4 5
18 18 26
11 13 19
12 13 9
16 16 10
0 1 28
7 7 1
15 19 2
15 16 11
9 12 2
7 9 19
18 21 21
11 12 18
22 1 4
16 18 9
20 21 17
14 16 18
2 5 20
17 18 27
5 8 28
23 2 30
21 0 16
22 0 21
16 17 30
12 13 1
20 21 9
17 19 11
18 19 5
18 20 20
15 18 4
21 0 12
12 14 28
3 5 22
23 0 2
3 4 11
4 7 7
4 7 13
13 17 20
23 0 19
4 6 25
9 11 25
23 1 22
19 22 19
13 16 29
9 11 10
17 19 11
9 9 2
1 4 19
14 16 23
8 10 27
22 0 5
9 10 11
10 10 14
22 23 7
21 23 5
8 10 10
13 17 11
22 0 7
22 22 13
2 4 28
7 8 5
4 8 1
10 11 12
15 18 17
10 12 29
19 22 26
17 19 29
4 6 5
2 3 27
6 5 26
19 20 19
11 13 7
9 12 18
3 5 28
20 22 7
4 6 23
13 15 30
18 19 11
14 17 8
7 8 18
17 19 15
15 15 29
16 19 20
14 16 7
5 8 17
16 18 27
12 15 12
10 12 16
15 17 20
12 14 15
21 23 12
1 3 15
16 19 11
6 8 5
22 1 11
23 0 3
5 6 18
7 7 19
13 17 17
9 12 20
23 1 17
5 9 16
1 3 29
1 4 8
7 10 16
12 15 5
3 6 16
20 22 23
15 17 12
12 13 2
5 7 29
0 4 2
8 11 30
22 2 23
10 12 12
1 2 29
2 3 19
13 15 4
6 9 26
11 14 4
14 15 17
3 4 15
9 11 10
20 22 13
19 21 18
9 12 9
19 22 16
18 22 26
14 16 10
19 21 22
1 2 4
9 12 27
8 10 21
16 19 20
12 15 19
14 14 18
8 11 10
0 3 17
19 22 2
7 10 2
1 2 23
21 23 6
2 4 12
22 23 1
10 12 30
14 15 14
6 8 27
20 22 9
5 7 6
5 7 7
21 23 18
12 14 9
4 5 22
1 5 13
4 6 29
9 12 29
2 5 13
16 18 3
21 22 10
3 5 21
21 23 25
22 1 9
2 4 11
14 16 19
1 3 8
16 17 25
0 1 20
2 5 27
20 21 8
12 14 23
4 6 30
20 21 12
0 2 29
9 9 6
3 3 12
15 17 18
22 0 23
17 20 9
23 2 25
10 11 25
19 20 26
7 9 29
4 8 6
12 14 16
9 10 22
12 14 6
14 15 6
22 23 14
0 1 25
4 6 29
17 19 12
16 18 1
22 1 25
3 3 24
22 0 10
11 12 27
12 13 12
9 11 26
13 14 27
2 2 18
2 3 19
22 0 6
20 22 5
16 18 11
10 12 9
11 15 11
19 21 4
10 12 19
22 1 8
11 14 2
13 15 18
21 22 19
12 16 7
8 9 2
2 4 19
6 8 2
4 6 22
4 4 13
18 18 4
9 11 1
18 22 8
10 11 17
18 19 24
12 14 29
12 15 3
6 10 7
18 20 9
23 2 28
15 15 19
11 13 16
12 15 30
17 20 27
3 5 1
20 23 5
3 5 29
22 23 27
8 10 19
4 6 30
0 1 4
15 16 1
3 4 13
10 12 9
14 17 20
14 17 17
12 14 5
21 0 20
15 17 1
2 4 8
4 5 6
14 17 21
21 23 23
5 8 24
2 3 16
4 6 5
7 9 7
18 19 3
5 8 8
19 21 13
18 19 23
15 17 26
22 0 10
0 2 3
13 14 20
16 18 20
5 7 3
11 12 4
12 15 23
21 23 18
2 4 25
21 1 7
3 5 11
3 5 12
20 0 14
20 23 17
4 5 3
3 7 13
13 16 29
5 7 19
0 2 24
17 19 14
19 22 15
20 21 6
10 13 16
13 13 11
15 18 3
3 5 14
9 10 3
23 0 9
20 22 2
20 22 19
13 15 20
6 8 3
9 12 15
7 9 17
8 11 6
11 12 26
9 11 21
23 2 19
22 1 8
9 10 11
18 19 11
17 19 30
19 22 15
4 8 28
6 8 15
3 6 21
1 4 27
16 19 8
2 5 27
19 23 8
19 21 12
9 11 10
2 5 7
8 10 11
20 21 1
4 6 29
14 17 20
6 7 22
4 6 1
11 13 3
15 17 24
17 20 6
11 13 17
1 2 17
4 7 15
4 6 2
7 8 4
9 11 12
16 19 8
8 10 5
17 18 23
7 10 24
2 4 28
12 14 18
23 1 26
0 0 8
21 23 25
0 1 7
12 13 26
20 22 28
13 16 2
13 15 1
9 12 8
18 20 27
18 21 18
2 4 23
14 16 13
14 16 6
16 20 12
7 10 22
1 3 28
12 14 27
9 10 3
9 12 2
6 7 11
2 5 27
16 18 20
17 20 24
8 11 1
3 6 6
22 0 22
21 23 6
18 19 5
16 19 19
8 13 2
23 1 16
3 6 10
20 22 11
10 11 21
16 21 1
11 13 5
10 13 13
5 6 22
11 15 14
20 23 27
4 5 13
20 23 7
22 1 17
17 19 10
20 23 28
17 18 16
4 5 18
14 16 20
12 14 21
14 14 13
16 19 28
1 3 21
23 2 17
13 15 4
18 20 9
5 6 15
5 6 4
19 21 3
9 9 13
23 0 3
8 11 22
1 2 24
2 4 11
11 13 26
8 10 11
6 10 14
3 6 6
5 7 3
12 14 6
11 12 12
11 13 26
16 18 17
19 23 17
8 10 25
11 14 2
18 20 5
19 19 14
8 11 5
14 16 4
1 5 23
21 22 12
15 17 26
23 2 26
21 22 4
6 7 23
4 6 15
17 20 8
2 4 29
14 16 10
15 16 13
13 16 13
13 16 13
10 14 25
19 22 28
5 7 17
0 2 12
2 5 23
9 11 16
15 17 15
12 14 17
5 6 16
19 21 22
21 1 20
7 8 6
10 12 4
5 6 19
22 0 28
20 23 7
18 20 27
17 20 14
17 19 25
19 22 2
1 2 9
8 12 26
16 17 18
3 5 6
21 22 9
21 23 27
7 8 13
15 17 13
9 12 3
13 15 20
5 8 17
6 10 12
21 22 2
19 19 30
0 1 17
16 18 25
11 12 29
7 8 14
10 13 30
5 7 2
5 6 12
16 18 24
4 6 10
0 2 2
0 2 4
12 15 4
14 15 8
16 16 25
3 4 14
1 3 4
17 20 20
1 2 7
19 21 9
22 0 19
21 23 24
20 20 19
22 0 28
6 9 6
6 7 19
10 11 20
11 15 1
5 5 14
1 5 17
3 5 13
14 16 28
6 7 6
16 18 26
3 4 18
2 2 10
9 11 18
20 0 20
17 19 29
17 18 22
16 17 22
10 14 17
7 11 4
13 16 21
14 16 22
6 10 10
22 22 17
4 6 16
1 3 15
12 12 28
0 1 12
23 1 8
18 19 10
5 8 18
11 13 8
6 8 19
10 12 28
15 16 28
8 9 22
5 6 25
20 23 16
13 13 19
16 18 23
14 17 23
22 0 5
6 9 19
2 3 4
13 15 19
2 2 14
3 6 4
4 5 6
2 4 21
12 15 16
10 11 23
7 9 4
17 19 27
11 12 6
17 19 21
5 6 3
4 6 4
11 15 21
22 23 18
0 3 1
22 23 7
7 9 28
12 15 12
14 17 15
0 3 9
10 12 14
14 16 19
20 22 21
10 11 10
4 7 21
16 18 20
8 10 22
20 0 25
15 19 20
22 23 6
0 4 6
18 20 23
19 21 28
7 10 12
17 19 4
17 19 27
14 16 27
1 3 20
14 15 1
14 15 23
19 21 29
16 18 27
16 18 28
7 7 13
6 8 24
10 13 15
3 5 29
23 2 3
5 6 27
8 13 19
10 11 20
2 5 7
16 19 5
14 17 18
11 12 15
18 20 2
1 2 30
10 12 21
18 20 28
19 21 29
13 15 19
15 17 4
19 22 5
19 21 2
4 5 30
13 15 10
17 18 1
3 4 17
3 7 14
14 15 5
7 9 10
12 14 7
19 21 17
12 14 1
18 21 30
16 17 18
4 7 12
4 8 21
14 16 22
22 1 13
21 0 19
12 14 30
22 0 9
14 17 3
4 6 6
7 10 3
19 21 13
1 3 20
4 5 5
21 22 1
5 9 2
0 0 28
5 7 5
22 23 23
5 7 21
7 9 21
15 15 19
6 9 2
1 3 16
2 3 20
0 1 3
14 17 14
21 0 30
14 15 14
19 19 29
15 17 21
5 6 13
5 7 10
17 19 17
21 23 28
5 7 12
6 6 4
20 21 23
14 16 1
12 15 9
13 15 19
6 9 15
18 22 17
13 15 1
10 12 12
8 9 17
13 15 3
14 15 13
4 6 21
11 11 29
18 19 29
1 3 14
6 7 15
8 9 9
11 12 10
14 17 12
0 1 4
5 6 9
17 20 2
5 6 3
14 16 9
11 13 29
13 14 6
10 14 7
7 7 5
2 4 23
11 14 30
16 18 16
3 5 20
1 3 21
13 15 7
14 17 22
15 18 3
7 8 25
2 6 8
0 2 16
20 21 6
0 1 23
15 17 17
10 11 9
16 18 10
15 16 26
23 2 12
4 4 27
23 3 10
6 9 30
2 4 9
8 11 3
15 16 11
1 3 17
10 12 8
0 2 21
6 8 27
2 4 1
10 12 30
2 6 12
16 17 25
16 19 3
15 15 6
14 16 17
9 10 1
2 4 1
20 23 17
3 5 5
0 2 3
16 19 9
22 2 10
13 15 19
15 19 30
1 3 22
14 14 7
16 17 27
4 5 11
18 20 16
21 0 8
16 17 2
11 13 9
11 15 17
20 23 26
3 5 14
9 11 10
3 5 1
7 11 29
9 12 24
11 15 10
7 9 26
16 19 30
1 4 7
4 7 5
3 5 6
2 3 16
20 22 8
5 9 25
1 4 7
13 14 22
23 23 7
21 23 23
6 7 21
11 13 7
8 9 24
21 23 22
18 20 28
23 2 17
16 18 3
13 17 12
12 14 26
13 14 17
3 5 24
14 17 18
20 23 16
20 21 1
23 1 2
6 7 7
21 22 7
7 10 1
16 18 23
11 13 15
3 6 27
12 14 19
5 9 26
10 12 4
8 12 6
15 17 12
3 4 5
16 18 29
18 19 22
15 17 1
21 1 8
11 12 27
20 23 28
7 8 16
6 8 2
10 12 5
11 14 6
11 14 1
3 5 27
8 12 15
2 4 27
13 15 29
9 12 16
1 2 24
23 1 11
17 18 30
18 21 13
13 16 9
15 18 4
18 19 11
20 21 23
23 2 29
20 22 1
3 4 21
21 22 8
17 20 25
18 21 4
17 20 29
21 23 30
9 10 17
0 2 19
20 0 14
1 1 28
4 6 19
1 3 4
18 19 2
9 11 15
11 12 1
5 7 10
21 23 12
7 9 19
19 21 20
15 17 30
10 13 19
11 14 13
12 14 11
7 9 30
21 23 15
22 1 28
14 16 2
15 18 21
16 18 9
21 23 18
22 23 6
3 5 9
7 9 21
13 15 10
21 23 29
7 11 13
0 1 3
1 4 23
20 21 8
15 17 12
22 23 19
17 21 21
19 21 18
17 17 2
1 2 2
16 18 29
21 23 16
21 21 9
16 19 6
2 4 26
20 22 2
1 5 4
10 13 11
3 3 1
5 5 23
10 11 30
3 6 11
14 15 26
23 1 20
10 10 22
11 13 17
17 18 20
18 19 27
3 5 4
0 3 14
16 19 2
14 15 5
14 15 4
6 7 9
8 10 22
11 13 28
14 16 16
3 5 7
7 11 16
1 3 2
5 8 13
13 15 24
4 6 8
0 2 29
22 0 10
15 17 6
7 9 3
21 23 9
13 13 23
20 22 4
22 0 13
0 3 8
11 13 26
22 23 18
7 9 11
15 16 16
16 18 24
15 17 19
18 20 28
9 11 30
16 18 9
12 13 2
4 5 1
14 15 5
2 4 16
14 16 9
22 0 27
22 23 27
17 20 4
0 2 30
2 3 5
0 2 16
22 2 17
4 5 30
5 7 2
0 1 12
16 18 23
7 9 27
14 15 4
21 23 21
14 16 11
9 10 9
21 23 18
2 5 1
19 20 5
13 14 20
12 14 29
20 21 8
12 15 30
4 7 21
3 3 10
17 20 30
20 23 5
20 22 13
3 4 16
23 0 25
23 2 16
9 12 14
13 15 14
7 9 23
3 4 7
21 22 16
16 19 2
4 5 27
20 22 16
18 20 3
20 23 27
19 22 15
2 5 25
12 14 1
1 3 7
23 2 11
3 5 8
12 13 29
3 1 22
17 19 6
14 17 22
12 14 29
17 20 14
19 20 22
11 13 26
9 11 28
4 6 19
15 17 20
0 2 19
19 21 22
18 21 25
15 16 25
3 6 24
10 10 8
16 16 12
6 8 12
6 7 11
21 0 7
14 17 8
18 19 4
7 10 19
20 21 14
20 21 5
15 18 24
9 11 4
12 13 26
4 7 24
19 21 29
11 13 7
23 1 27
7 10 24
5 8 29
18 21 12
7 9 27
11 14 9
16 19 24
4 5 14
3 7 19
10 13 19
2 5 24
3 6 24
23 3 5
21 0 28
6 7 17
9 10 8
18 21 1
18 22 11
7 9 26
14 16 28
20 22 30
20 21 22
21 1 14
9 11 4
7 7 27
2 6 3
23 0 10
23 1 28
0 2 29
10 13 18
5 8 22
7 9 24
0 0 29
9 11 18
23 1 3
0 1 14
11 13 2
18 19 4
21 23 24
13 14 9
22 2 5
12 14 23
20 21 28
20 21 27
10 12 22
3 5 20
14 17 26
16 18 23
21 1 30
0 2 5
12 14 22
6 8 10
8 11 3
12 15 4
20 22 1
18 20 16
7 10 18
18 21 1
16 19 26
15 16 25
7 8 10
17 17 1
2 6 21
7 8 15
16 17 2
16 17 6
12 14 22
16 18 2
4 6 25
19 22 19
15 17 19
3 3 30
18 20 30
7 7 17
3 5 27
0 1 27
9 11 18
0 3 16
13 16 3
15 18 21
16 18 13
10 12 23
2 6 5
6 7 29
23 2 13
19 21 28
11 13 26
7 8 12
22 0 25
8 12 30
7 9 16
2 3 6
19 21 6
18 20 21
13 15 25
22 23 29
18 19 13
10 12 18
17 18 8
17 19 28
7 8 28
8 11 16
1 2 29
5 8 15
0 3 7
22 1 8
20 0 17
8 12 9
7 11 21
17 18 24
10 11 23
21 0 15
6 7 12
10 12 18
6 7 7
11 13 13
0 2 30
0 3 2
9 10 7
4 5 14
22 1 15
22 23 2
3 5 14
12 13 27
21 0 25
11 12 15
0 3 27
1 4 10
18 20 7
2 6 14
20 22 12
5 6 2
5 7 5
19 23 24
7 8 3
3 5 14
6 10 1
17 20 27
9 11 7
11 12 5
17 19 25
16 21 16
2 3 16
8 11 22
12 15 10
2 3 30
5 7 16
10 13 9
21 22 11
11 12 7
17 19 12
8 10 14
11 13 9
18 19 19
0 2 12
20 20 13
11 13 8
17 19 1
2 4 7
12 15 27
17 17 12
1 3 9
11 12 15
16 19 7
22 1 17
23 2 12
20 23 28
16 18 19
6 8 24
5 7 4
6 8 28
3 4 25
12 13 21
2 3 4
11 12 16
9 11 30
16 17 2
20 22 29
12 15 18
3 5 2
10 12 19
6 9 4
7 8 8
20 21 1
2 4 18
12 13 4
5 6 9
2 4 9
11 14 26
11 12 24
6 9 13
4 6 6
0 4 7
10 13 13
11 12 1
10 13 21
5 6 20
9 11 17
6 8 16
20 21 15
4 5 2
13 14 19
13 15 14
9 10 19
9 10 24
10 11 19
19 21 14
0 2 26
14 18 6
21 0 24
22 0 11
9 10 4
8 11 10
13 15 30
3 5 30
6 7 12
5 8 28
21 0 14
3 6 24
21 23 15
10 11 12
1 4 4
16 19 15
14 15 19
19 20 22
7 10 11
14 14 4
11 15 25
8 10 5
2 3 24
23 0 8
3 5 2
10 12 9
21 0 20
20 22 26
10 12 6
16 18 4
3 6 2
18 20 5
19 21 12
11 12 12
16 19 4
23 1 12
5 8 8
2 4 20
19 20 18
10 13 29
19 20 19
21 1 2
23 1 12
0 3 12
3 5 26
20 21 16
23 1 24
17 19 22
15 17 1
20 22 28
18 20 6
22 22 6
10 11 22
10 11 26
4 7 25
19 21 24
23 1 5
1 4 27
14 16 28
16 18 17
21 23 8
12 14 7
13 17 6
1 2 30
6 8 6
18 21 12
23 2 20
6 7 21
8 9 29
11 12 16
18 19 8
4 8 17
16 18 29
11 13 13
3 5 1
7 8 22
17 19 29
2 5 23
2 5 25
14 18 5
21 23 13
6 9 30
7 8 4
4 7 15
2 3 27
19 20 1
19 22 18
18 21 9
14 17 18
18 19 13
0 4 16
13 15 26
7 8 24
11 14 14
1 5 1
19 21 19
6 8 17
11 12 7
9 11 11
21 23 7
0 1 17
10 14 5
21 23 15
2 4 29
4 6 7
8 9 22
20 23 15
18 21 8
5 7 28
21 23 18
21 0 18
11 14 17
14 16 20
16 18 9
19 21 14
10 13 21
0 3 9
7 9 30
12 13 22
2 4 26
15 17 7
13 17 9
19 20 28
4 5 8
18 21 25
15 16 29
22 1 24
17 18 28
14 17 24
21 23 19
2 3 16
5 7 25
10 13 24
23 0 23
16 17 25
14 17 11
7 6 28
0 2 8
3 4 30
18 21 4
20 21 2
6 8 17
5 5 17
3 5 14
3 5 25
6 6 26
20 23 8
0 4 25
4 7 12
0 3 7
21 21 8
15 17 21
8 10 10
0 2 11
7 7 6
20 22 23
2 4 30
9 10 10
3 4 10
9 12 11
14 16 1
18 20 26
7 10 8
0 2 13
12 15 22
4 8 2
14 16 8
2 5 2
6 9 28
13 16 16
11 12 17
10 13 25
1 4 23
20 23 8
11 12 11
16 16 1
22 0 25
6 10 14
14 16 6
9 11 23
14 16 7
0 2 22
23 1 17
6 8 2
0 2 6
0 2 10
13 15 9
0 2 22
21 22 1
0 2 6
16 18 22
13 15 23
11 14 15
8 12 30
0 2 21
4 6 2
5 6 22
0 3 10
17 21 6
11 13 11
10 12 9
1 4 18
17 19 3
0 1 10
19 22 1
7 9 12
16 19 4
17 17 10
18 18 8
20 21 21
6 9 30
21 0 5
3 5 23
7 10 10
12 16 25
2 5 9
11 13 23
8 12 22
2 2 18
13 14 1
10 13 8
11 13 15
19 19 22
12 13 3
23 0 11
4 5 26
12 13 9
14 15 29
21 23 11
21 23 28
22 0 11
13 13 22
2 4 4
21 0 8
7 10 23
3 3 26
18 20 22
13 15 26
8 10 3
3 4 7
2 3 26
17 18 28
16 18 26
21 0 4
1 2 20
12 13 17
12 14 20
21 23 21
6 7 16
4 7 12
14 18 6
20 22 13
3 4 24
1 3 17
17 18 24
23 23 4
9 11 20
15 17 26
8 10 2
11 13 30
7 10 15
18 20 9
4 6 14
6 8 28
17 20 6
1 4 26
5 5 3
15 18 29
11 12 20
12 15 25
21 1 24
23 2 30
1 4 3
3 5 28
1 2 22
15 17 24
20 22 11
22 0 24
8 11 14
5 8 9
3 5 28
11 14 20
6 9 16
3 6 23
2 3 15
1 3 30
22 2 9
23 1 7
21 23 29
0 2 21
8 10 29
11 14 17
18 22 25
16 17 22
10 13 8
8 11 30
8 10 21
4 6 13
9 12 21
1 3 9
22 1 28
19 0 15
11 13 26
2 3 30
8 10 11
18 21 1
16 18 6
4 5 11
0 4 13
14 15 29
15 17 16
2 4 15
3 4 28
15 16 23
11 13 7
12 15 13
9 10 3
22 2 26
19 19 28
16 17 12
18 22 22
3 5 7
13 15 2
11 12 6
11 12 18
17 20 7
18 20 12
11 13 24
22 23 9
0 2 7
21 23 8
13 14 3
19 20 10
17 18 6
22 0 25
13 15 6
15 17 14
13 16 16
23 1 11
23 2 5
15 19 19
13 13 30
12 15 3
2 5 6
6 8 18
23 0 19
6 11 8
11 13 10
4 7 9
21 22 28
0 3 10
1 3 5
17 20 17
16 17 13
14 16 30
5 6 2
10 11 18
4 5 15
8 9 22
19 21 6
3 5 27
2 6 25
9 11 5
10 11 4
10 12 23
