330 30
9 5 10 27 12 6 3 4 7 2 4 27 12 7 18 23 19 7 30 1 21 2 16 11 26 9 15 9 5 6 
12 13 3
6 7 7
19 21 4
17 17 10
13 14 6
2 5 29
11 12 20
1 3 11
15 17 16
19 21 19
18 20 3
9 11 26
11 13 14
21 23 6
12 15 5
8 10 2
13 16 5
23 1 26
7 9 18
2 5 2
1 4 18
15 16 14
5 8 7
3 3 18
17 19 8
18 19 17
4 6 22
12 14 19
4 5 21
11 13 20
23 2 25
14 15 16
21 21 5
8 10 19
20 1 17
0 2 9
8 13 21
5 6 7
2 4 28
13 13 14
1 2 25
2 3 27
19 23 16
12 16 8
11 14 4
1 4 4
17 18 18
19 21 6
23 1 5
1 4 27
19 20 15
22 0 28
22 0 26
11 14 28
22 0 18
16 17 24
4 6 5
20 22 10
3 5 8
3 5 13
4 8 22
0 0 23
12 14 3
19 21 11
6 8 21
7 9 7
8 10 14
16 20 25
18 19 1
14 17 1
13 16 5
0 1 10
7 8 6
13 13 24
17 19 30
20 22 2
2 5 15
5 6 17
0 0 6
4 4 21
2 3 11
3 5 12
6 8 27
0 1 2
3 4 26
6 7 24
17 18 11
19 22 6
0 2 12
0 2 4
22 1 29
3 6 25
12 14 6
23 3 1
8 10 14
18 21 3
14 16 25
15 19 29
1 3 30
1 2 17
7 7 8
0 2 30
8 10 27
6 9 28
12 13 26
7 8 23
17 19 30
14 16 30
11 14 19
4 5 5
2 5 20
7 9 15
8 11 2
7 9 1
12 12 6
17 19 20
11 14 27
15 15 7
6 8 20
6 10 12
19 23 2
11 13 21
6 10 29
6 9 28
1 2 9
22 2 4
15 17 17
2 5 24
4 5 17
9 11 8
21 22 3
19 21 5
0 1 7
6 7 9
3 6 9
10 13 29
18 21 16
8 9 22
3 3 12
0 3 14
2 6 1
22 0 24
0 1 16
14 17 17
7 10 26
7 8 20
10 13 14
18 19 13
12 13 13
15 17 26
7 9 11
20 23 25
11 12 5
5 8 25
3 5 1
8 11 22
21 22 23
15 17 26
12 15 12
12 13 26
7 7 12
16 19 25
12 14 22
19 19 16
5 6 15
9 10 4
0 3 29
16 17 10
18 19 4
8 10 12
21 0 24
19 23 8
1 3 10
18 18 2
0 3 19
5 7 25
15 16 8
2 4 15
7 10 4
6 9 14
12 11 15
20 23 24
2 4 25
14 16 9
1 3 9
23 1 1
15 16 26
10 11 11
8 9 16
15 18 29
22 1 22
21 23 22
13 16 25
12 14 29
23 0 19
1 4 30
8 11 23
4 5 29
23 1 18
12 15 16
3 4 26
18 20 7
17 19 28
7 9 1
9 10 10
7 9 6
2 3 28
8 11 8
19 21 1
2 5 14
13 15 30
10 11 2
21 22 22
16 17 5
9 11 13
17 21 4
15 17 9
1 3 29
9 9 19
9 12 20
3 4 18
17 18 9
0 3 13
21 23 14
22 23 24
22 0 13
21 0 22
11 14 23
6 6 6
5 7 12
3 4 16
6 8 28
2 3 13
7 10 20
15 19 27
3 5 24
7 10 16
13 16 2
16 19 8
5 6 12
17 20 16
9 12 5
0 1 22
1 3 24
0 1 10
5 7 16
15 19 25
16 16 16
21 0 9
15 17 27
11 13 15
10 11 3
9 13 2
18 22 21
4 6 30
17 19 28
6 7 24
19 19 22
22 2 23
6 9 6
18 20 9
4 6 4
6 10 14
0 1 10
11 14 13
12 14 29
3 5 24
14 15 5
3 4 28
2 4 13
0 2 8
11 14 27
19 21 22
19 22 15
18 19 29
13 15 14
2 4 20
4 3 25
6 8 2
2 5 20
3 4 10
20 21 11
21 23 29
6 6 9
23 2 30
21 23 8
12 14 21
6 6 27
6 9 24
13 16 4
7 11 26
17 20 27
2 5 15
10 14 27
8 8 4
6 8 28
15 16 4
7 10 18
21 1 8
8 10 21
20 23 6
4 5 14
1 3 22
19 21 25
23 1 14
6 9 11
21 23 19
12 13 7
21 23 20
11 11 1
23 0 28
1 2 27
7 10 5
15 17 9
18 21 8
11 13 24
7 10 8
14 15 4
8 10 15
5 7 1
16 17 23
4 6 5
4 7 30
20 22 12
23 1 9
5 9 28
10 13 30
9 10 4
8 9 1
17 19 27
