3310 30
23 13 8 9 13 18 16 14 10 3 7 2 28 19 1 5 5 6 15 3 5 22 13 3 12 26 10 1 19 16 
2 3 18
6 7 2
18 19 13
9 10 11
10 10 15
1 4 1
2 4 17
21 0 7
4 5 28
7 9 26
8 11 29
16 19 30
23 0 7
5 8 1
22 0 20
5 8 12
11 14 22
5 6 25
0 3 5
21 22 1
20 23 10
17 19 5
17 19 30
3 6 20
8 11 17
4 5 26
9 12 14
10 12 22
22 23 20
13 16 14
19 21 20
17 19 13
19 22 24
13 18 12
14 16 3
20 23 2
8 10 16
23 1 12
12 13 4
8 10 18
13 16 16
20 20 19
21 0 11
11 14 17
8 9 30
20 22 25
18 19 14
9 11 30
21 22 8
14 17 28
13 14 3
4 7 6
2 3 1
4 5 30
3 5 29
11 13 2
14 18 5
13 15 13
18 20 23
11 13 28
22 0 22
11 13 22
20 21 5
3 7 7
10 12 10
16 18 13
14 16 4
6 9 2
21 23 14
1 2 20
22 0 23
0 2 7
18 21 3
12 14 28
9 12 12
13 14 15
19 20 19
3 4 5
0 2 24
3 5 14
7 9 18
19 20 30
0 1 30
6 9 14
11 12 12
10 11 20
7 9 22
21 0 11
16 17 11
22 0 11
6 9 23
6 9 5
4 5 11
23 3 3
15 18 11
2 3 14
5 7 22
20 22 27
21 21 10
17 18 4
11 13 5
20 21 5
19 22 13
17 18 19
20 22 14
0 2 13
12 14 3
11 14 8
22 0 4
11 13 17
19 20 5
3 5 29
5 3 9
23 1 28
17 17 12
18 19 2
10 12 30
23 1 22
12 13 18
6 6 4
18 21 30
18 21 18
21 0 12
4 6 9
5 7 24
8 11 9
13 14 26
23 0 11
6 8 4
13 16 11
3 4 10
17 18 20
14 15 8
22 1 9
8 9 1
11 13 28
1 3 12
8 10 26
12 14 21
10 12 2
21 21 25
11 13 18
21 22 25
20 21 6
8 9 29
13 15 24
11 12 4
19 21 9
22 1 12
3 5 2
23 2 28
22 0 28
16 19 11
5 7 28
12 14 8
9 12 19
5 7 26
23 1 24
8 6 18
16 17 1
2 4 23
20 21 9
23 0 6
21 23 30
13 15 6
8 11 11
9 11 28
0 2 2
17 19 15
10 12 4
12 14 5
9 12 8
14 16 11
14 17 30
23 1 27
23 1 25
8 9 5
9 12 24
17 18 4
2 5 4
4 5 10
15 17 25
23 0 16
6 9 4
21 23 1
2 4 28
1 2 19
9 12 2
5 9 3
19 21 11
8 9 12
2 5 30
3 4 28
0 4 28
10 14 2
8 11 27
8 10 13
21 21 30
16 19 29
1 3 29
20 20 2
12 14 2
10 12 16
20 23 3
8 8 22
18 21 17
9 13 1
21 22 3
17 18 2
0 3 17
9 11 7
4 6 12
23 3 21
12 13 6
18 21 4
14 15 9
7 8 18
11 13 11
21 22 5
15 17 16
8 10 29
12 15 2
20 21 25
15 17 4
8 9 8
1 4 4
8 11 8
23 1 14
12 12 23
23 2 29
1 2 13
4 6 29
23 2 9
8 9 24
6 7 8
10 10 6
23 1 19
8 9 27
7 10 14
15 16 11
16 17 12
22 0 19
3 6 14
1 3 22
14 16 11
20 0 1
0 1 23
3 6 28
11 13 8
14 17 25
15 16 17
18 20 3
16 17 20
10 12 21
12 13 9
5 6 30
15 18 1
19 21 6
23 3 13
2 3 13
6 8 2
20 22 13
18 20 21
16 18 7
0 3 15
20 22 12
23 2 22
19 23 6
22 23 28
13 15 17
6 9 28
22 1 27
13 15 1
16 18 14
19 21 19
2 2 14
2 3 16
20 23 26
16 16 2
5 6 27
3 5 4
10 13 16
2 4 6
23 1 1
7 10 12
15 19 15
17 20 15
9 11 27
22 0 5
5 7 11
4 5 29
4 5 5
8 11 7
0 1 13
20 22 8
5 8 8
19 22 28
3 5 12
10 11 16
23 1 9
16 19 28
3 4 25
0 1 11
2 3 4
18 18 26
17 20 12
21 23 21
14 15 15
19 19 1
6 9 9
4 5 20
15 17 19
17 19 16
12 14 12
1 3 6
3 5 14
19 21 8
3 5 8
19 21 13
6 9 29
20 21 8
12 13 25
23 0 10
12 16 2
0 3 8
6 7 20
22 23 22
0 4 23
0 4 6
14 16 13
16 18 27
20 20 9
3 6 22
12 14 8
3 4 12
2 5 10
18 21 20
1 4 28
15 16 7
13 16 21
16 18 20
16 18 6
20 21 15
19 22 11
21 23 23
6 8 19
3 4 21
11 13 13
18 19 12
6 8 14
15 15 5
1 4 30
23 1 24
1 4 7
6 7 8
4 8 26
6 6 2
22 1 30
1 4 26
14 16 24
18 18 6
16 17 4
4 5 16
21 23 3
2 5 2
5 8 9
21 0 14
15 17 8
5 7 23
4 5 23
13 15 17
11 13 17
1 4 26
21 23 29
16 17 15
6 9 14
10 12 11
16 18 30
5 7 15
16 19 10
22 0 3
16 18 13
12 14 17
10 11 18
11 14 9
3 5 23
21 22 13
16 17 7
23 1 4
2 4 29
16 20 18
11 11 21
14 17 20
1 1 28
1 3 7
14 17 29
3 5 16
8 10 16
16 16 22
22 23 9
20 23 10
18 19 24
19 21 1
14 16 28
12 14 21
19 20 3
10 11 20
14 17 20
12 15 8
17 20 9
0 2 13
15 17 16
14 14 1
3 5 19
18 21 27
18 18 12
19 22 16
17 19 18
7 10 10
22 0 1
8 9 17
21 22 18
4 6 15
21 22 17
1 0 13
4 6 15
22 23 29
9 11 2
23 1 25
3 6 19
19 20 7
7 10 18
16 18 10
15 16 2
10 12 22
7 9 2
2 3 14
11 13 7
23 2 22
18 21 30
6 8 12
17 18 13
10 14 21
21 22 21
8 10 25
6 9 24
15 16 1
19 20 6
16 18 17
9 9 7
12 14 20
15 19 13
11 13 14
19 22 1
8 10 23
10 12 27
3 3 13
0 3 30
9 12 15
23 1 16
12 14 25
16 17 26
23 1 18
3 4 9
12 14 2
9 12 6
3 4 2
23 0 24
22 22 27
21 23 20
20 23 14
1 4 15
14 16 8
13 15 13
14 16 13
22 0 20
6 6 16
20 21 17
1 1 7
4 8 28
10 13 3
1 3 30
12 15 17
15 17 3
16 18 16
14 16 15
7 7 27
22 0 26
19 22 1
20 23 6
22 23 16
16 18 19
2 4 5
8 10 2
23 2 29
0 4 28
16 17 10
8 8 24
4 6 25
13 14 14
19 20 17
15 17 28
23 0 15
12 13 1
21 21 3
5 7 21
1 3 2
8 11 2
10 13 7
12 12 28
11 14 10
2 4 13
23 1 9
10 10 28
7 8 6
23 0 21
6 7 28
5 8 11
16 18 14
10 11 11
11 13 4
5 7 11
18 20 5
12 13 28
10 11 19
0 3 6
20 21 9
19 22 3
11 12 4
8 10 28
6 8 27
12 14 19
11 13 4
15 17 15
4 5 5
21 1 16
19 20 22
20 23 22
12 14 9
0 3 23
10 11 8
10 14 16
9 12 9
4 5 25
5 8 30
3 5 29
5 6 1
13 15 26
8 10 29
12 16 22
8 9 1
0 1 27
7 10 22
15 17 10
21 21 7
15 17 5
4 7 19
1 4 7
3 6 26
18 21 23
19 22 9
11 12 2
18 19 22
13 16 11
1 4 7
23 0 8
13 16 12
11 13 4
7 9 18
14 18 30
17 17 10
11 14 9
19 19 8
22 0 2
21 22 29
16 17 8
2 4 22
2 4 18
2 2 14
13 17 20
9 12 10
10 11 22
14 17 26
14 14 23
22 1 8
11 13 28
4 5 19
16 18 30
15 16 12
16 19 19
16 17 5
16 18 25
17 20 11
3 5 8
0 0 17
18 19 24
15 17 23
3 5 9
6 7 20
2 5 16
23 23 27
23 2 3
23 0 17
10 13 15
5 8 1
21 0 12
16 18 25
0 2 7
20 23 9
20 23 1
23 23 26
9 11 16
19 20 3
3 4 4
5 6 1
20 23 26
15 16 19
3 5 3
5 7 4
11 13 9
12 14 4
21 22 20
2 4 4
15 17 22
9 10 18
14 17 9
16 18 27
2 2 29
17 19 29
4 7 9
14 15 12
6 8 7
8 8 15
12 15 25
5 6 23
1 2 5
20 23 22
4 7 16
19 21 1
16 19 13
5 7 30
14 17 1
22 22 22
16 16 7
4 7 10
15 17 8
7 12 24
3 5 4
8 9 15
3 5 6
22 1 15
18 20 15
18 21 24
14 16 10
4 5 2
6 10 9
5 8 22
22 1 4
2 4 25
5 7 20
18 20 3
13 14 5
3 5 11
14 16 27
20 0 30
19 22 8
16 18 8
16 19 29
8 10 25
13 14 8
1 2 5
3 4 1
20 22 27
3 4 3
5 6 28
11 12 10
9 13 16
21 23 12
14 15 22
2 5 3
11 13 11
8 11 12
21 22 25
1 3 20
19 22 6
10 12 10
18 20 22
1 3 13
21 0 10
23 1 9
23 2 22
12 14 16
13 13 29
19 23 30
3 5 13
15 17 17
5 7 1
17 18 21
9 10 10
17 20 8
5 8 3
4 6 20
4 5 22
23 1 14
12 14 4
16 18 4
7 8 23
0 1 14
3 5 2
9 12 9
2 6 5
8 9 19
7 10 15
7 8 30
2 3 24
17 17 6
19 22 17
8 11 25
0 0 12
15 17 30
8 9 13
13 14 23
18 20 9
8 10 21
6 8 23
12 15 27
3 6 20
23 0 7
10 11 4
13 15 11
22 23 18
14 16 27
18 20 20
15 18 29
18 21 2
1 5 21
2 5 2
8 10 5
15 18 20
11 15 21
1 4 3
14 15 19
5 7 30
0 0 11
17 19 20
3 6 15
4 6 28
14 15 22
12 14 21
10 11 27
16 18 10
8 10 8
14 17 18
6 6 13
8 10 15
11 14 15
7 8 15
18 19 21
10 11 29
2 4 26
14 16 4
0 3 18
12 13 9
10 13 14
18 22 15
14 17 14
20 23 18
0 1 4
3 5 17
19 22 13
6 8 26
2 4 22
13 15 5
21 22 16
17 19 3
4 6 27
14 16 12
20 22 11
16 18 3
23 2 18
7 10 20
1 3 1
19 22 14
3 5 5
3 5 4
6 8 13
4 6 11
15 17 19
14 17 28
16 17 15
18 20 29
4 3 30
17 19 10
18 20 10
4 7 30
11 13 7
8 11 9
13 15 16
19 21 5
10 13 20
22 23 9
17 18 5
1 1 9
14 16 10
22 1 17
5 7 19
18 20 15
15 17 3
18 21 10
22 0 22
8 10 9
18 20 7
3 5 21
16 18 7
19 20 8
19 21 16
18 21 15
4 6 3
9 11 1
2 5 9
3 5 25
7 9 27
21 22 13
19 21 18
16 19 7
9 11 19
15 18 28
17 19 16
11 12 19
21 23 21
15 18 7
11 14 2
5 6 12
11 12 16
14 16 19
6 8 3
20 23 26
4 5 15
5 6 1
23 0 1
19 23 2
6 8 2
12 14 27
9 12 20
3 5 5
4 6 23
23 0 11
0 2 22
13 17 25
0 2 30
18 19 1
12 14 18
20 21 14
21 0 16
20 0 12
22 0 26
17 19 25
16 18 23
9 11 24
5 6 3
8 12 28
13 16 20
0 3 26
2 3 7
10 11 12
0 1 25
19 20 14
5 8 27
23 2 1
9 10 27
20 20 1
12 15 10
23 1 26
12 14 10
2 5 14
6 7 13
2 5 19
1 2 16
13 15 13
14 17 11
2 3 18
13 14 8
19 20 13
17 19 25
3 7 24
16 17 27
12 14 3
18 20 27
7 9 1
14 15 29
9 10 24
18 19 19
17 18 22
17 19 24
17 20 29
0 3 25
20 22 30
12 14 15
18 20 5
6 9 1
0 1 2
9 11 24
18 19 8
12 14 13
4 6 17
21 23 3
4 7 11
13 16 24
19 21 1
13 15 11
18 20 28
0 2 29
22 1 21
16 18 18
6 7 28
17 20 15
16 17 8
7 9 17
8 10 21
6 8 22
21 22 7
18 19 27
5 8 9
23 0 16
4 9 28
8 9 2
18 20 13
21 22 26
15 18 7
23 23 12
20 22 14
2 2 10
12 15 28
2 4 18
0 4 16
6 9 28
9 12 25
15 17 2
14 17 1
11 13 11
3 6 7
9 12 28
2 4 23
13 16 27
8 10 8
20 21 7
12 14 4
4 5 6
18 17 29
18 19 12
20 23 29
22 23 4
3 5 14
1 4 3
20 23 2
15 18 30
2 5 19
15 18 4
2 4 4
6 8 19
3 4 22
15 17 21
3 4 3
11 13 15
18 20 15
20 22 24
10 14 21
4 6 26
6 10 27
13 16 13
14 15 9
5 6 8
5 7 16
16 17 13
11 13 13
14 15 25
18 21 9
21 23 1
0 3 12
20 22 20
7 8 15
5 7 21
1 2 24
6 8 21
8 9 6
22 0 4
21 23 24
12 14 24
1 2 12
20 0 29
16 19 7
1 3 19
17 19 15
13 15 18
1 1 5
3 4 20
15 16 27
17 18 16
7 9 27
20 20 15
8 11 10
22 22 27
10 13 8
2 4 23
10 11 15
11 12 25
17 19 15
15 16 29
2 3 22
21 22 15
17 20 28
8 10 16
14 16 22
0 2 1
6 7 27
12 12 16
0 4 18
9 11 22
12 15 22
19 20 18
9 10 7
6 7 15
23 0 20
6 8 5
4 8 30
4 6 1
4 7 22
19 22 20
0 2 14
12 11 30
9 12 29
6 8 18
21 23 10
8 10 12
12 14 15
21 23 11
3 6 19
21 22 1
16 17 11
4 7 10
21 23 2
3 4 3
8 11 20
3 3 14
5 8 23
19 21 16
7 8 29
3 6 20
7 9 16
1 2 23
18 19 3
15 17 27
1 5 30
0 1 24
19 19 7
8 10 20
11 12 20
14 18 4
4 8 21
11 13 8
23 1 8
23 0 8
1 5 30
20 22 23
10 13 28
4 6 21
21 23 18
14 16 18
23 2 16
11 13 4
5 6 28
22 0 10
10 13 4
12 14 3
17 20 1
17 20 9
21 23 5
20 22 24
19 21 6
10 13 3
11 11 23
12 13 17
20 22 23
4 7 17
0 2 13
17 19 15
1 3 29
11 14 22
5 7 24
0 4 2
1 4 15
19 23 17
21 22 10
5 8 9
21 22 29
10 12 24
21 22 23
12 15 26
8 11 30
10 12 22
2 2 13
20 23 17
14 16 27
23 3 8
7 10 3
21 23 29
21 22 19
3 5 29
6 10 26
11 11 24
0 2 24
11 12 28
7 10 25
16 18 24
22 0 24
18 19 2
7 11 17
17 18 30
12 13 16
13 16 19
18 21 21
3 5 10
23 1 8
1 4 25
19 21 15
3 6 24
18 20 19
1 2 29
19 22 24
3 7 15
8 11 28
20 21 29
8 11 17
3 7 4
6 9 23
13 14 2
7 10 17
13 15 8
2 3 23
15 17 25
0 4 4
9 10 19
3 5 19
18 19 16
2 4 26
13 14 7
17 18 29
22 23 14
13 16 5
8 10 29
21 22 8
17 17 24
15 17 25
22 1 14
16 18 14
20 22 15
18 21 9
5 7 16
21 20 11
2 5 8
21 22 29
2 4 28
12 15 12
22 1 14
7 10 4
4 6 29
13 15 16
13 14 29
19 21 13
20 22 4
14 15 22
3 5 1
6 8 5
13 14 22
23 2 23
14 16 18
18 22 19
21 23 19
10 12 27
9 10 22
21 0 1
13 14 1
1 2 25
11 13 15
21 22 4
3 5 22
22 0 28
9 11 1
0 2 8
21 22 18
3 5 28
20 22 23
17 19 3
11 13 17
3 4 22
4 5 14
1 3 5
10 11 17
16 19 10
20 21 19
2 3 30
18 20 23
1 3 19
21 23 18
15 16 29
3 7 21
10 11 11
5 8 23
1 3 28
11 14 15
5 9 26
4 7 25
13 15 28
4 4 8
21 23 15
10 12 17
10 10 25
22 0 9
18 20 8
0 2 6
9 9 16
14 17 15
23 0 15
0 1 23
4 5 28
13 15 17
5 8 13
0 3 29
11 11 17
1 3 23
12 12 23
9 12 10
6 9 4
8 10 1
1 4 25
5 6 15
17 19 28
6 8 5
8 10 23
20 22 24
21 0 3
5 5 17
7 11 12
3 4 30
17 19 25
17 20 20
13 15 5
7 10 6
3 6 15
6 7 3
12 14 21
18 20 6
18 20 7
8 10 30
13 14 14
7 10 20
21 23 4
8 10 16
0 0 1
16 18 23
14 16 1
19 20 27
6 7 17
11 14 6
4 5 24
19 19 22
0 2 5
16 20 30
15 17 16
12 13 13
5 7 30
14 17 16
21 2 19
18 19 18
14 18 18
3 5 12
14 16 10
10 12 2
14 16 18
2 3 4
17 21 7
3 6 18
19 21 4
8 10 2
12 14 18
22 23 29
10 12 5
3 6 28
19 22 15
23 0 30
9 11 25
4 5 6
4 6 5
19 21 15
11 14 12
3 7 19
1 2 18
3 5 6
3 5 15
3 5 8
22 0 24
9 11 21
23 2 28
16 18 6
5 7 18
4 7 23
23 2 28
10 12 30
15 16 17
13 17 28
14 16 1
13 15 15
15 16 14
20 21 11
11 15 7
6 9 3
13 16 4
15 18 21
3 4 16
0 2 19
5 8 22
19 21 26
6 7 16
13 15 17
0 1 2
15 17 29
10 12 25
16 17 20
15 17 2
8 9 30
7 7 18
19 21 5
13 14 20
20 22 15
8 11 26
10 13 15
18 20 22
5 7 26
16 20 1
9 11 28
5 6 28
1 2 24
13 13 2
2 3 23
6 6 3
13 17 27
8 12 9
10 15 29
12 14 3
4 4 3
6 9 30
4 5 1
7 9 11
1 3 23
22 0 16
1 4 2
2 4 30
9 10 20
1 4 8
21 1 2
7 11 9
20 22 8
8 9 14
18 20 1
18 21 15
5 7 8
1 3 5
10 11 26
2 4 17
23 1 27
8 9 19
4 5 22
8 13 27
13 14 22
0 3 5
23 1 29
4 6 14
16 17 11
8 10 12
22 23 15
20 23 24
9 12 28
5 6 28
5 7 17
17 19 20
13 16 14
8 8 7
20 23 18
23 3 19
5 6 14
23 1 3
2 5 3
4 7 9
1 1 8
12 15 7
13 15 3
11 13 17
15 19 1
17 20 8
23 23 10
23 0 28
17 19 5
16 18 1
9 11 13
15 17 18
21 23 22
20 21 28
2 5 17
22 0 3
22 0 12
0 1 3
1 2 10
1 4 24
6 9 12
5 9 30
12 14 23
12 14 17
6 7 30
11 14 4
11 13 8
3 6 11
17 18 11
4 5 14
15 18 5
11 14 23
0 2 4
16 18 30
5 8 1
2 3 12
5 8 17
5 7 20
7 9 22
21 23 5
18 20 24
20 22 4
4 5 3
4 6 6
3 5 3
4 5 21
1 4 3
19 20 6
15 18 22
12 15 13
13 15 6
8 10 23
7 10 28
4 5 20
12 14 4
14 17 8
23 0 17
17 20 11
17 20 6
13 15 11
10 10 12
6 8 25
14 16 6
18 22 20
10 11 13
19 21 30
7 8 2
6 7 5
16 16 25
13 14 21
8 11 25
3 6 23
3 5 21
3 5 26
17 19 21
23 1 29
7 10 23
1 1 3
3 5 18
8 9 20
15 17 13
6 9 30
12 13 2
23 1 2
19 23 22
4 6 9
0 2 27
0 2 30
8 9 26
8 10 9
13 15 17
9 12 12
19 21 16
19 20 2
10 11 3
1 3 23
8 10 8
23 2 18
1 4 3
6 9 14
2 4 19
0 3 5
13 14 28
22 0 10
11 14 22
20 20 12
0 5 2
15 16 11
16 17 14
19 22 25
18 19 7
7 11 13
0 1 1
4 4 17
15 16 22
1 3 26
9 9 6
19 20 7
21 23 1
10 14 16
21 23 22
23 3 15
6 8 13
15 15 20
23 3 27
19 21 16
19 21 24
23 0 18
21 0 9
22 23 25
16 18 11
5 8 14
7 9 27
23 0 28
5 7 13
4 7 5
17 19 10
5 8 27
22 23 24
13 15 15
22 0 7
1 3 30
7 9 13
5 8 19
0 2 6
2 2 23
9 11 8
15 13 27
11 14 28
13 14 5
6 7 8
4 5 30
19 20 27
20 23 2
17 18 13
14 18 16
6 9 13
23 0 22
7 9 12
13 15 27
14 16 7
8 10 22
10 13 28
9 10 11
9 13 6
8 10 4
18 19 28
2 5 22
13 15 12
2 4 21
16 18 28
15 17 13
10 14 2
5 8 17
8 10 12
0 4 26
1 3 18
4 5 17
7 10 13
4 6 26
12 14 8
0 2 10
13 14 27
22 23 22
8 12 5
15 16 30
3 3 24
15 14 2
23 1 14
1 3 20
11 11 22
6 8 1
16 20 27
20 23 3
4 7 20
9 10 13
18 20 27
20 21 15
11 14 3
14 15 20
22 23 7
17 21 8
17 20 23
19 21 3
4 7 5
19 20 27
8 9 3
1 4 14
13 15 12
14 15 12
14 17 3
22 23 12
4 8 22
12 15 7
0 2 22
17 20 12
13 15 21
16 20 11
6 9 17
7 9 28
22 0 15
8 9 6
23 2 3
4 5 3
5 7 21
19 20 16
2 6 2
16 18 8
21 22 3
19 21 22
14 16 20
20 23 15
3 5 23
20 21 9
13 16 23
12 14 11
11 12 19
2 3 8
2 4 1
18 19 24
10 11 13
8 9 3
18 20 4
8 10 12
0 3 28
16 18 29
15 16 11
3 6 5
23 0 10
13 14 12
8 10 29
11 14 6
11 12 5
1 1 2
21 0 13
22 0 2
20 23 28
8 9 21
2 4 5
21 21 19
6 9 1
2 5 23
6 8 7
3 5 12
21 23 9
1 3 3
14 17 25
2 3 8
7 9 26
0 3 21
9 10 17
16 18 30
19 21 15
1 4 29
18 21 20
7 8 15
22 22 11
11 12 19
17 19 13
14 15 9
19 21 16
6 8 25
18 21 9
23 23 25
20 23 20
12 13 26
14 17 15
11 12 23
22 1 30
22 0 3
8 10 2
8 11 8
4 5 18
11 12 29
6 8 12
9 12 10
20 0 14
22 2 15
9 10 12
7 9 1
21 23 14
17 19 3
21 0 19
8 12 12
18 20 6
5 5 19
15 18 25
4 6 25
18 20 9
5 8 8
7 10 23
19 19 23
20 21 6
17 19 16
5 6 9
1 1 14
22 0 17
1 3 12
11 13 7
14 17 29
1 3 22
18 20 8
20 23 3
1 4 8
16 18 24
6 8 14
11 14 18
11 13 29
23 2 11
1 2 20
2 5 29
20 22 2
3 6 20
13 16 7
21 22 23
17 18 20
23 1 2
11 13 22
3 4 24
8 12 15
2 3 16
0 4 8
19 22 9
14 17 16
19 20 3
21 23 26
9 11 9
7 8 23
9 11 11
3 5 12
18 22 3
19 21 30
0 2 30
13 17 4
20 20 7
5 6 22
9 12 1
11 11 14
22 0 28
21 22 10
10 12 1
10 14 11
1 2 8
22 22 17
20 0 22
7 11 7
18 21 17
3 6 3
3 4 21
23 0 2
22 23 9
9 11 16
8 12 3
17 19 11
8 11 20
4 5 5
3 3 29
15 17 7
15 18 27
22 2 8
23 0 15
10 11 18
16 19 27
16 18 22
8 11 21
21 22 29
1 4 20
10 11 2
1 3 18
5 6 17
5 5 14
3 5 1
7 8 13
3 5 14
14 15 15
19 21 15
7 10 21
19 23 20
9 10 5
1 2 6
3 6 3
23 0 15
20 22 6
23 0 11
8 10 7
8 9 13
11 13 15
22 2 14
17 18 29
4 6 29
16 18 21
8 10 4
8 10 14
23 2 9
16 15 13
5 7 13
11 12 9
21 23 10
7 9 7
16 19 8
21 22 15
17 21 30
3 5 25
2 4 25
5 6 12
23 4 3
22 1 30
14 18 8
7 9 14
0 1 28
19 22 27
15 16 11
22 0 8
7 7 22
4 7 15
19 20 22
23 23 2
12 15 1
3 6 7
20 23 13
2 5 7
0 1 15
11 13 9
16 19 10
17 19 20
0 2 17
23 3 23
13 15 29
6 9 24
17 19 1
17 18 24
2 3 26
18 21 14
3 4 25
1 3 27
6 8 14
13 14 2
9 10 21
17 19 9
11 14 27
4 6 28
3 5 3
9 11 19
6 8 28
22 1 6
5 8 20
9 11 10
22 0 11
12 15 10
14 16 4
11 13 22
2 4 7
11 13 22
13 16 19
21 23 29
15 17 6
1 4 19
7 9 12
2 5 8
19 23 29
21 23 7
16 21 22
18 20 25
16 19 13
12 15 2
16 18 9
10 12 15
1 3 16
17 20 19
22 23 24
13 15 27
13 13 26
10 11 25
12 14 6
1 4 25
9 13 4
7 9 18
10 13 24
7 9 8
16 17 11
23 1 16
16 18 25
0 3 2
5 7 20
15 17 3
3 5 23
3 6 4
2 3 30
8 9 22
14 17 20
23 0 17
23 1 5
4 5 7
9 11 10
20 0 10
11 13 20
14 17 16
13 16 13
11 13 9
23 1 5
5 5 13
8 10 10
3 4 28
14 17 28
3 4 5
7 9 22
4 5 3
1 2 5
13 14 11
15 16 18
13 17 3
1 4 9
13 15 20
16 17 15
5 6 7
3 6 12
14 16 6
9 9 13
2 4 20
22 0 30
23 1 27
1 3 24
12 14 22
23 1 6
10 11 21
2 2 3
11 15 28
4 6 3
11 10 7
20 23 5
23 0 10
21 1 24
21 22 21
14 17 27
6 7 2
8 9 12
4 7 6
2 2 2
22 0 18
1 4 29
4 5 19
0 3 1
20 23 7
20 22 12
4 6 22
16 17 30
7 8 6
11 13 11
20 22 4
14 17 23
19 22 20
2 4 21
21 0 1
5 9 6
9 10 24
8 9 14
9 10 19
9 11 5
2 5 10
23 23 14
5 8 12
19 20 3
23 1 19
3 5 26
16 17 24
18 20 3
23 1 19
12 14 27
17 20 28
8 11 2
3 6 19
0 2 10
6 9 3
1 2 24
7 10 20
1 5 27
22 0 9
19 21 3
3 5 24
21 0 21
10 12 17
2 4 11
3 7 18
5 6 24
6 7 3
14 15 11
18 21 1
8 12 14
10 12 12
0 3 25
23 23 3
2 3 24
13 14 27
9 12 26
12 14 4
10 11 11
1 3 3
12 16 2
13 16 16
17 19 8
3 5 11
19 20 26
11 13 26
19 21 11
8 11 14
18 19 13
18 22 28
0 1 13
21 23 17
13 15 20
14 15 9
14 15 8
15 17 17
21 23 30
21 0 26
22 1 26
5 7 1
20 23 21
22 0 15
6 7 4
22 0 11
2 3 24
5 7 19
1 3 15
2 4 16
2 3 5
0 1 25
1 2 25
14 16 10
17 19 16
4 6 15
18 20 10
14 14 10
11 14 21
18 18 9
8 10 30
4 7 7
9 10 26
18 21 2
20 22 20
22 0 22
20 22 23
2 4 13
21 23 28
4 6 16
4 6 2
14 16 8
13 16 12
0 3 20
17 19 27
21 21 1
2 4 17
21 22 9
5 5 22
14 17 10
22 1 2
22 0 30
21 22 9
7 9 30
20 23 18
2 4 22
19 23 15
16 19 10
13 15 19
16 19 5
21 0 20
7 9 21
2 3 12
10 11 6
4 5 6
7 10 5
13 16 12
3 6 30
18 21 23
0 3 7
13 15 26
11 14 11
4 6 23
22 0 2
23 1 7
15 15 20
5 6 22
1 5 4
20 23 15
0 2 1
13 14 23
13 14 1
2 5 27
19 22 24
22 23 7
18 21 23
21 0 19
14 15 5
22 0 18
4 6 11
7 9 4
9 9 15
4 6 19
1 2 12
15 18 5
20 21 28
7 9 18
19 23 4
14 16 5
6 9 17
4 7 16
12 15 12
1 2 12
4 6 1
19 22 11
7 9 30
15 17 15
13 13 9
23 1 30
3 5 2
4 4 6
5 8 20
15 17 28
7 8 2
14 17 13
2 5 15
7 8 25
10 11 10
13 16 3
7 10 14
18 21 3
2 3 9
13 16 4
15 18 26
11 12 28
20 0 23
19 21 21
20 21 2
9 11 20
16 20 16
17 20 11
22 23 30
13 16 23
15 16 23
18 19 4
1 3 3
2 5 13
8 10 15
13 15 29
21 23 25
3 4 8
11 12 1
20 22 1
2 3 16
7 9 27
6 8 24
3 6 3
12 15 28
5 7 7
5 7 25
6 7 2
13 14 30
17 18 17
10 12 30
15 16 24
15 17 25
16 19 15
10 10 7
5 7 2
16 18 9
20 23 26
5 5 25
2 3 16
6 8 13
8 9 30
16 19 4
7 9 17
23 0 23
12 14 21
20 22 7
6 9 29
19 20 5
5 7 3
0 2 21
20 22 13
10 13 1
0 3 13
16 17 11
2 5 6
22 2 26
1 2 23
14 15 27
20 23 25
16 18 22
19 19 3
22 22 8
4 6 7
7 9 29
11 12 10
15 17 13
0 4 10
17 19 6
21 0 17
15 17 21
0 0 21
20 22 9
2 3 17
6 8 11
16 18 13
0 3 2
21 0 26
12 13 22
21 23 3
2 3 29
6 8 10
22 1 29
6 8 6
23 0 17
21 21 30
20 21 28
13 14 30
7 9 12
8 9 4
12 14 29
7 10 8
16 17 8
21 22 23
10 11 14
2 6 15
14 17 16
1 4 8
14 14 28
15 18 24
8 11 16
5 6 17
6 10 2
21 23 16
13 15 2
12 14 12
11 15 28
0 1 9
19 23 11
23 1 1
0 2 22
20 22 29
19 21 3
22 23 11
17 17 21
0 1 18
14 17 27
16 18 10
17 19 4
19 20 24
11 14 6
9 12 29
3 7 13
20 22 1
10 12 12
3 4 22
10 12 4
7 10 7
18 21 28
17 20 12
20 23 5
8 11 1
4 6 9
19 21 13
15 17 6
1 3 17
21 0 28
10 11 16
16 17 11
21 0 22
22 1 21
21 23 28
7 9 16
16 18 28
20 23 5
16 19 19
1 4 20
7 10 4
1 4 18
1 4 1
16 17 27
10 12 11
10 12 25
0 1 29
12 14 4
9 13 25
19 22 5
3 5 22
13 15 18
18 20 6
1 3 16
9 11 15
20 20 7
12 14 17
23 1 22
20 23 7
21 23 1
23 4 28
5 5 18
5 7 18
1 2 30
3 6 22
15 18 17
21 22 4
20 23 22
7 8 9
13 14 1
5 6 26
9 11 17
23 2 29
22 22 22
16 17 10
8 9 3
16 17 17
21 23 18
8 9 14
23 1 14
8 11 14
16 18 21
0 3 17
14 16 5
2 3 20
3 4 13
6 8 20
9 12 19
8 11 29
23 1 23
18 19 6
20 22 2
13 12 14
21 0 26
12 14 14
7 9 23
22 0 4
16 17 29
2 5 8
6 9 8
15 18 13
21 0 16
16 17 15
16 18 9
1 2 2
9 10 17
0 0 15
6 8 7
14 17 24
22 0 26
1 3 10
2 4 22
16 19 21
2 2 4
20 22 7
20 22 14
12 13 29
18 21 17
5 7 19
1 4 13
8 9 7
16 18 13
0 3 25
4 7 10
17 20 17
15 18 6
2 5 24
9 11 15
9 11 6
19 21 4
17 19 23
11 13 28
16 18 19
4 6 26
8 10 26
3 6 24
7 10 28
8 10 10
14 17 13
5 7 8
11 13 25
19 22 27
17 18 2
22 22 19
12 15 2
23 1 13
15 16 19
15 16 20
3 4 11
22 23 3
10 11 13
21 22 5
21 21 27
21 21 17
11 14 8
1 5 22
22 0 25
0 3 11
2 4 27
23 1 9
16 19 16
22 1 5
14 16 7
11 12 29
17 19 24
20 22 15
9 10 13
1 4 23
19 21 21
6 10 4
20 21 13
0 1 28
9 11 19
23 0 24
15 17 5
5 7 30
13 15 18
18 20 15
22 23 5
17 20 7
14 13 4
11 11 21
18 19 2
2 4 10
12 15 3
10 12 13
3 6 15
9 12 18
15 17 18
14 15 3
9 10 2
2 3 11
20 23 6
7 9 26
21 23 14
11 13 30
18 20 13
14 17 10
19 22 23
20 20 25
17 18 19
21 0 22
3 6 21
13 15 27
23 1 6
7 10 14
8 12 1
9 11 10
4 6 1
10 12 23
20 22 20
16 18 6
17 19 22
10 12 7
1 2 22
9 12 13
1 4 4
0 2 7
7 10 10
0 2 8
18 19 8
6 8 14
13 14 23
4 5 10
4 7 2
19 21 12
21 0 10
11 13 2
3 5 4
1 2 16
4 6 25
3 6 22
5 5 12
6 8 23
9 10 7
13 13 15
12 12 17
6 8 1
1 3 10
0 1 19
12 15 11
1 2 27
1 2 26
2 3 23
21 22 21
4 4 18
23 2 9
10 13 20
17 18 21
21 23 30
5 8 6
20 23 23
7 9 11
13 14 20
10 11 26
19 21 10
17 19 11
0 2 9
18 19 13
10 12 9
4 7 25
17 18 6
16 19 5
1 3 25
11 16 22
5 9 5
17 19 24
5 9 30
23 2 9
20 21 1
7 10 9
4 7 4
5 6 16
11 14 18
3 7 7
9 11 6
21 22 21
2 5 6
0 1 8
17 19 24
3 6 20
19 21 6
13 16 29
0 2 21
7 8 7
10 11 26
7 10 8
16 17 26
4 5 24
3 5 9
21 1 17
0 1 19
11 11 15
16 19 30
4 5 9
1 3 12
15 18 11
10 12 15
12 14 27
17 18 3
10 11 28
7 8 2
22 0 1
23 3 5
20 21 9
4 5 30
15 17 27
17 20 9
10 13 4
8 9 27
0 2 10
13 14 23
14 16 9
15 16 28
9 10 28
1 4 8
10 11 4
13 16 27
14 18 12
21 23 5
5 7 21
21 21 18
9 12 27
3 5 28
12 15 9
5 6 9
23 23 14
22 1 11
19 21 7
7 8 28
19 21 7
21 20 18
1 2 1
7 9 26
20 20 20
2 5 11
18 20 27
8 10 12
13 14 3
19 22 18
20 21 30
14 16 28
16 18 17
20 21 8
21 0 13
3 6 15
7 10 7
15 17 15
20 23 19
16 19 18
23 2 5
1 4 15
0 1 28
11 12 8
11 10 16
10 13 24
23 1 1
8 12 2
10 13 18
14 17 2
23 3 10
5 5 29
6 10 27
3 5 1
21 23 22
21 0 17
12 15 21
8 9 17
4 5 10
7 9 4
16 18 1
16 18 28
5 6 10
5 6 26
2 5 9
1 3 28
17 21 5
20 23 7
12 14 22
21 23 9
13 14 19
22 0 9
21 23 11
13 16 19
1 3 8
13 15 15
20 0 3
0 1 24
7 9 17
16 18 24
18 19 16
11 14 12
16 18 1
14 15 23
20 21 5
2 1 11
1 2 29
0 2 15
14 16 10
16 19 14
7 8 1
2 4 14
15 16 30
6 9 22
1 3 27
14 17 17
14 15 10
5 6 18
7 10 5
20 23 16
16 17 11
4 4 29
8 9 7
13 16 10
6 10 17
2 4 14
0 3 16
19 23 25
20 0 5
22 0 17
5 8 16
12 14 20
21 22 9
22 22 30
9 10 8
21 21 12
6 8 20
1 4 10
5 6 11
0 2 26
3 6 2
19 22 30
9 13 17
14 18 22
15 17 4
4 8 30
7 9 30
7 9 23
20 22 26
3 5 18
3 4 20
17 19 13
8 10 28
12 14 11
10 11 10
9 9 30
20 20 20
3 4 24
21 21 16
21 22 11
17 20 13
18 17 20
4 6 21
6 9 12
18 20 7
13 15 20
19 21 4
9 10 28
1 2 9
11 11 29
16 17 7
1 3 27
18 20 23
23 1 20
13 16 9
11 11 10
12 14 19
21 0 11
23 1 9
4 6 11
5 6 26
20 20 4
18 19 24
18 20 1
3 4 17
15 16 12
7 7 9
17 18 19
5 7 19
0 1 16
13 15 8
22 1 5
12 15 28
21 21 5
14 15 25
0 1 19
14 16 9
22 1 3
15 17 8
14 16 27
21 23 7
18 19 7
3 6 15
17 21 13
5 7 21
4 6 3
8 9 12
17 20 17
10 14 6
17 21 8
17 19 2
14 17 4
6 6 30
22 23 18
16 19 25
5 7 8
8 10 26
13 15 16
13 14 1
12 16 23
19 22 5
2 4 30
8 9 2
2 4 26
6 10 22
21 0 19
0 3 25
6 8 4
12 13 27
9 11 11
10 11 22
7 9 27
14 15 17
12 15 28
1 4 27
12 13 15
2 3 25
14 16 6
18 23 29
0 1 11
3 5 24
13 16 29
9 11 10
23 1 22
13 16 30
10 12 29
8 9 6
9 11 23
20 22 29
2 6 30
23 2 8
0 2 4
6 7 20
23 1 1
19 21 6
3 6 1
3 6 24
4 5 26
12 14 5
10 10 2
5 8 9
7 9 28
1 3 17
8 11 30
3 7 23
10 14 25
18 21 26
0 2 26
17 19 27
1 3 1
21 0 13
11 11 30
4 5 24
20 22 9
5 6 21
14 14 7
5 7 26
18 18 26
5 7 16
20 22 20
9 11 12
17 19 6
19 22 28
12 14 16
6 8 8
3 4 3
16 16 2
14 18 11
4 8 29
4 5 23
7 9 17
1 4 16
15 17 3
8 11 16
9 9 24
4 6 10
16 20 27
11 12 13
17 17 20
16 17 14
3 6 24
2 5 28
6 9 11
5 6 20
15 15 27
0 2 8
23 1 7
12 15 30
19 22 22
14 15 3
15 16 21
1 4 16
17 18 12
8 11 18
10 10 27
10 12 2
22 23 4
23 2 23
17 18 4
1 4 7
8 10 16
3 3 6
6 7 25
16 18 8
21 0 19
7 9 9
7 8 12
9 12 22
17 20 24
5 5 22
12 15 5
2 3 5
13 16 1
6 7 29
7 7 3
8 10 22
23 2 1
11 13 17
22 0 13
7 10 17
23 0 9
4 8 22
17 20 7
0 0 2
15 17 14
6 8 7
14 16 29
20 21 3
22 23 4
17 20 12
13 16 1
7 9 21
4 7 5
21 23 15
12 13 18
13 15 14
5 8 24
14 17 9
10 12 21
15 16 29
5 7 6
2 3 12
7 9 21
9 10 11
3 6 28
20 20 5
3 5 1
23 0 3
8 9 1
0 1 29
15 18 28
23 1 4
10 12 26
10 12 18
6 6 4
22 0 30
7 9 6
20 20 3
13 14 18
18 20 4
3 5 21
18 19 17
5 7 10
12 14 20
16 18 7
23 3 26
7 9 18
0 2 5
21 23 5
16 16 27
20 22 9
22 1 2
5 7 7
18 20 10
14 15 23
21 0 19
21 1 28
17 20 7
22 23 15
18 20 15
17 18 13
13 15 16
15 18 11
21 23 29
4 6 27
1 2 22
0 3 27
21 23 20
4 4 5
21 23 11
17 20 17
23 1 16
9 10 7
13 15 28
19 20 26
8 10 1
23 2 24
21 0 4
8 8 22
12 14 30
8 9 13
21 23 8
6 7 19
10 11 2
6 9 16
6 7 3
17 18 10
21 22 21
23 1 7
13 16 5
23 0 1
13 17 18
3 5 25
3 3 18
4 8 7
16 18 26
1 5 7
18 20 26
11 14 21
22 23 28
18 21 23
13 14 15
18 17 24
3 5 25
11 13 8
6 9 6
15 15 17
14 15 9
2 5 25
19 20 11
17 20 23
19 21 17
18 20 24
8 11 11
10 12 27
22 0 1
3 4 23
14 15 11
17 21 12
22 0 4
16 17 21
1 2 13
10 12 10
22 23 24
18 20 1
12 14 28
23 2 18
23 1 2
11 12 13
22 23 4
4 7 11
3 5 9
6 7 28
5 6 23
16 20 12
6 8 24
0 1 15
21 0 10
5 8 26
19 22 12
6 6 15
9 12 25
9 13 7
12 15 29
10 12 9
1 3 27
14 15 25
8 12 30
5 8 23
2 4 11
5 5 9
1 5 12
19 21 29
16 17 3
17 17 28
16 20 9
6 9 19
19 20 12
10 11 11
14 14 23
3 4 19
4 6 29
10 12 3
15 16 29
4 5 13
19 22 7
13 15 21
14 16 10
11 14 2
7 9 25
7 9 22
0 3 21
23 0 20
16 18 23
10 13 27
16 17 20
21 0 17
22 23 11
13 14 27
19 21 2
15 16 1
1 3 14
11 13 12
0 3 9
22 23 7
4 9 28
10 11 16
1 4 9
18 21 22
20 23 30
8 8 21
4 4 8
2 3 9
20 22 5
5 7 11
14 16 14
8 8 9
12 14 4
0 0 19
7 8 25
8 11 23
23 0 11
11 13 1
19 21 21
14 15 6
18 22 12
11 12 30
12 12 14
1 2 29
15 16 17
9 11 8
8 10 22
7 8 30
2 4 29
12 12 16
0 3 4
21 22 29
8 9 5
18 20 11
15 16 2
8 10 20
22 1 19
19 21 12
23 0 29
10 12 22
13 14 21
12 13 23
10 13 7
17 20 30
12 14 30
6 8 29
21 22 22
23 1 23
4 7 1
1 3 13
4 5 2
7 7 28
13 14 16
23 1 6
15 16 14
19 23 23
0 1 15
10 13 10
8 8 13
13 16 16
11 14 6
18 17 27
16 19 4
21 23 18
4 6 26
7 10 30
2 2 17
5 7 15
17 17 25
22 23 14
2 4 12
10 14 8
9 13 6
19 22 10
16 16 6
18 21 27
22 2 17
8 11 24
18 21 5
3 6 1
20 23 18
23 1 21
14 17 16
18 20 6
22 23 9
0 3 17
20 23 12
18 20 18
3 4 26
1 1 9
22 23 2
1 3 8
10 13 19
2 4 5
6 7 12
19 21 28
15 17 22
11 12 16
6 9 25
11 13 29
8 8 16
12 14 20
15 17 18
20 1 12
20 23 22
20 22 29
20 23 9
14 16 19
23 1 28
12 14 24
0 2 20
3 5 14
14 16 18
21 0 11
20 22 2
14 18 9
17 19 5
3 5 8
5 6 17
0 2 29
11 14 11
11 14 11
7 9 28
12 15 19
10 12 14
1 2 17
14 15 16
20 23 27
19 21 30
5 4 16
16 18 4
13 16 15
5 8 18
6 9 16
18 20 5
21 23 15
21 22 5
7 9 27
11 13 5
16 18 28
11 15 5
22 23 7
17 20 28
22 2 7
3 4 8
19 21 13
20 22 13
6 7 26
15 16 5
6 8 16
8 10 24
18 20 7
12 14 9
15 17 7
8 9 27
13 15 10
2 5 22
21 23 27
13 14 12
17 20 5
8 10 19
14 17 18
18 20 1
20 0 13
11 14 2
20 23 11
0 2 19
14 16 19
19 20 25
21 0 11
3 5 14
4 6 8
22 23 6
7 8 28
19 23 24
17 18 13
21 22 11
20 23 27
0 2 14
8 9 4
1 3 8
11 13 5
23 0 23
13 15 3
17 20 7
17 18 9
7 8 19
23 22 14
0 3 12
17 19 29
20 0 22
8 10 26
14 16 12
22 1 27
20 23 7
23 0 6
16 18 16
3 5 24
2 3 1
0 2 30
15 17 3
16 17 18
9 11 15
2 5 27
22 2 27
3 4 11
15 19 27
10 12 7
14 16 11
16 18 28
5 6 11
7 7 28
20 21 29
2 4 16
18 20 6
22 23 18
3 7 5
14 15 8
11 13 14
19 0 2
14 16 27
7 8 9
13 15 29
6 7 22
15 18 15
3 6 14
13 15 4
19 22 4
4 6 7
2 3 1
12 13 15
12 13 18
20 22 16
14 17 23
14 14 7
12 13 2
21 0 14
18 20 14
23 22 24
21 21 2
15 18 27
4 5 1
14 18 29
22 23 9
11 13 25
14 14 2
7 9 12
