3480 30
27 9 24 5 29 28 28 4 20 25 21 5 29 18 21 12 17 26 17 1 1 3 20 18 7 18 29 12 2 9 
5 7 25
21 23 3
9 11 27
6 8 5
20 21 21
4 7 22
5 7 10
22 23 25
23 2 25
17 21 7
20 21 6
21 21 15
2 4 7
13 13 10
0 1 12
9 11 7
17 19 16
13 15 30
2 6 6
14 17 9
0 1 26
18 19 30
4 4 19
15 16 1
19 22 4
1 3 12
11 11 21
15 16 20
5 7 29
19 22 24
15 15 8
22 1 20
22 22 12
2 5 24
18 22 27
13 14 19
2 4 22
14 18 18
17 18 21
6 8 7
6 9 19
10 12 8
16 17 29
2 2 25
21 22 17
23 23 5
5 8 15
9 10 25
0 2 15
17 19 23
3 6 30
2 5 8
0 3 27
11 15 25
4 6 3
2 5 20
19 22 16
0 0 11
4 7 18
12 15 26
7 10 11
7 8 20
12 14 25
20 21 8
23 0 5
16 18 26
3 6 9
18 21 15
20 0 18
13 15 16
1 2 9
18 19 18
20 23 10
17 20 30
17 18 10
1 1 15
12 13 11
16 17 18
23 1 23
4 7 1
11 13 7
3 4 24
12 15 25
0 3 22
21 0 30
7 11 21
9 10 21
8 9 23
20 23 29
23 1 17
10 11 8
16 18 5
18 21 22
4 6 2
10 12 9
19 20 3
16 19 25
19 20 7
11 14 9
21 23 6
4 6 15
13 14 8
9 11 12
12 16 11
4 5 13
14 16 12
23 1 28
16 17 25
10 13 6
1 4 5
21 23 24
7 8 3
17 19 7
18 20 24
8 10 26
11 14 6
14 16 5
13 16 17
11 15 30
1 5 11
9 13 20
7 10 15
15 17 12
15 16 22
0 1 28
7 11 7
4 3 29
17 18 16
19 21 2
16 18 11
15 16 27
4 5 15
7 10 21
15 18 9
15 18 28
11 13 13
3 8 20
22 0 13
22 0 13
4 7 12
10 10 4
15 16 27
18 20 27
0 0 24
3 5 24
18 21 25
16 17 27
0 2 5
16 17 4
0 3 3
1 2 15
8 11 20
20 22 7
8 12 26
14 17 13
12 14 3
0 1 11
12 15 21
7 9 3
12 14 7
21 23 25
15 17 6
1 3 2
1 3 1
9 10 28
21 23 17
22 0 2
22 1 21
20 0 13
21 23 23
1 1 4
8 11 19
4 6 14
20 21 18
15 18 15
20 0 11
19 22 8
13 17 16
1 2 14
18 21 13
10 13 13
12 14 25
23 1 24
16 18 17
2 4 14
14 18 23
8 12 15
5 7 6
22 1 11
8 10 4
23 2 28
10 12 26
21 0 11
15 16 8
2 5 23
21 22 18
10 12 14
0 1 22
8 11 12
10 12 6
11 12 25
1 3 7
0 2 25
6 7 20
12 14 16
23 1 3
5 8 20
12 13 20
20 23 14
6 7 4
14 16 10
5 7 9
3 6 7
16 18 7
15 17 1
1 2 2
14 16 14
16 16 11
14 16 17
16 17 9
21 23 8
23 1 3
23 0 29
6 8 6
11 13 29
1 4 22
0 3 30
14 17 2
22 0 14
18 20 1
5 9 27
1 1 23
0 2 11
22 2 16
9 11 10
9 12 25
8 10 5
2 5 11
9 11 12
22 1 28
6 8 21
17 20 18
0 3 12
23 0 21
9 10 15
13 15 27
12 15 21
20 0 24
17 18 9
6 8 15
17 19 8
12 15 29
10 12 25
16 18 1
14 15 24
4 7 18
14 17 3
2 4 21
14 16 28
14 15 30
21 22 1
14 17 24
15 16 8
11 13 10
1 3 19
21 0 8
17 18 16
0 2 26
8 11 9
21 0 22
21 0 11
20 22 12
0 2 26
4 7 2
13 15 24
1 3 27
12 15 23
2 4 2
11 11 22
3 6 20
17 19 6
18 21 16
1 1 30
4 6 25
8 10 8
18 20 17
7 10 14
14 18 23
23 1 25
21 22 29
5 7 23
11 13 8
14 15 28
2 4 24
10 14 4
20 21 7
2 5 3
19 22 26
22 0 13
19 21 20
3 6 19
16 19 12
14 18 4
6 7 22
21 23 14
11 14 5
17 20 23
18 21 3
1 3 17
21 22 7
7 10 3
19 21 12
20 22 28
18 22 2
18 21 20
14 16 24
0 2 24
4 7 9
10 12 15
0 1 3
12 15 7
6 8 28
15 16 9
4 5 17
0 1 9
6 7 22
5 8 4
2 4 17
3 7 13
19 20 2
9 12 16
16 18 14
19 21 30
13 18 27
13 14 30
15 17 18
3 7 27
19 20 12
2 5 13
20 23 10
17 18 14
15 16 4
17 17 29
20 21 18
0 2 10
15 17 9
9 11 21
4 6 4
23 0 5
12 13 1
15 16 7
5 7 4
6 9 28
2 6 23
16 18 16
2 2 11
12 13 27
4 5 7
17 19 20
15 17 25
17 20 30
13 17 30
5 7 18
16 17 29
7 8 13
13 16 18
23 0 16
18 21 17
16 18 21
12 14 19
7 10 3
20 0 18
3 5 2
13 16 28
0 3 17
14 16 13
21 22 6
13 13 7
22 1 21
17 19 9
7 10 9
11 13 10
22 0 7
0 2 13
3 4 5
20 23 4
18 20 1
1 3 4
10 12 14
18 20 2
17 18 5
23 2 9
9 13 13
4 7 3
23 1 18
9 11 17
6 8 2
19 21 10
7 9 24
4 7 11
12 13 13
17 19 14
10 12 9
0 2 4
17 18 19
4 6 11
5 7 2
3 5 9
18 20 17
15 17 9
13 15 11
4 7 20
6 9 17
14 17 17
13 16 15
0 3 5
16 19 12
17 19 25
8 10 2
8 11 7
0 4 30
17 18 27
18 19 20
1 3 22
1 2 10
8 11 18
19 21 25
0 2 9
7 9 7
6 8 29
0 2 16
14 17 30
19 18 30
3 3 24
1 3 28
20 22 12
13 13 9
23 0 30
15 17 2
9 12 10
9 12 12
12 14 15
12 14 30
8 9 3
18 20 2
23 1 13
16 17 6
12 12 18
15 16 27
5 6 11
17 18 23
19 21 21
8 12 24
12 13 29
2 5 10
2 4 20
11 14 12
15 16 2
2 2 5
19 23 5
14 17 16
15 16 12
11 13 12
10 12 23
18 18 3
16 18 29
5 8 1
16 19 2
22 23 8
3 6 12
15 16 5
14 16 16
6 8 28
12 15 22
11 14 21
7 10 12
8 8 9
4 5 4
3 4 6
5 6 18
17 19 10
19 20 8
22 23 28
8 11 20
0 3 19
5 6 5
15 17 3
13 13 21
5 9 17
6 7 2
18 18 28
14 15 25
14 17 15
21 23 19
2 4 1
16 19 28
1 4 4
6 8 2
1 3 4
21 23 15
22 1 21
8 11 25
6 8 4
3 3 8
7 8 21
10 13 25
11 14 30
15 18 6
4 6 29
13 16 2
21 22 11
22 0 3
21 22 7
14 16 7
5 8 27
2 4 22
10 11 8
13 15 18
0 3 6
3 3 21
15 17 29
3 5 18
9 12 24
4 8 19
7 9 17
3 6 23
14 17 2
0 3 26
11 11 22
21 23 19
7 9 10
9 13 29
13 15 23
18 20 15
9 9 10
5 7 4
23 23 25
16 19 1
20 21 26
6 7 3
23 1 24
4 6 9
7 9 5
7 8 13
0 2 24
10 10 19
19 20 12
22 0 14
20 22 12
10 13 9
11 15 28
20 22 29
11 12 15
10 14 2
17 20 14
16 17 25
6 8 17
11 12 28
22 22 13
4 6 30
2 6 5
0 2 29
20 22 18
13 14 22
0 2 3
4 6 17
14 15 2
9 11 26
22 0 11
11 13 9
9 11 22
5 7 9
16 18 30
20 22 4
16 18 8
0 1 6
2 5 17
20 23 5
8 11 6
15 17 27
14 16 24
18 19 4
15 17 27
5 7 7
13 16 2
22 23 20
11 13 5
21 23 21
7 10 4
21 23 21
14 16 22
21 22 19
16 19 23
6 9 21
11 14 12
9 9 23
17 19 23
5 8 5
20 22 17
10 12 29
8 11 4
23 2 20
21 23 4
4 5 14
16 18 24
2 4 9
23 0 2
2 6 26
1 3 12
12 14 7
13 16 24
16 19 20
17 20 21
6 8 3
19 22 21
23 0 2
23 2 20
9 11 26
11 13 9
20 23 20
20 22 29
6 7 4
4 7 20
2 4 30
0 1 12
20 22 30
2 2 25
0 3 13
9 11 2
7 9 7
2 4 28
23 1 3
11 12 18
2 4 26
21 0 30
3 7 11
3 4 29
2 5 10
18 20 29
2 2 19
4 6 28
0 1 18
17 22 7
22 0 20
16 19 5
20 22 7
20 21 29
13 15 4
2 4 9
23 1 30
10 11 7
14 17 11
10 11 12
16 19 16
8 9 13
4 6 13
4 6 12
16 17 5
1 4 17
6 7 17
15 18 16
23 2 9
15 16 5
15 18 27
9 10 26
7 9 24
2 4 30
14 17 2
9 10 13
23 1 27
4 6 27
23 1 21
6 8 14
1 2 25
22 23 2
14 17 9
11 13 10
6 8 30
19 19 5
17 18 7
13 16 5
2 5 20
13 14 30
18 20 25
21 0 2
10 11 5
19 22 18
11 13 23
4 8 10
6 6 1
5 7 14
11 15 28
10 12 6
6 7 26
4 7 23
15 16 4
13 16 11
2 3 8
16 18 24
21 1 25
19 19 23
9 9 30
6 8 6
14 15 24
9 12 26
21 0 5
8 10 22
4 7 30
22 1 15
14 15 9
18 21 25
14 16 12
11 13 9
1 3 19
17 19 12
22 0 27
19 21 6
13 16 21
22 1 17
14 15 13
6 9 6
8 10 17
20 23 22
19 20 15
0 1 13
1 1 1
7 8 13
20 20 29
20 22 24
8 10 12
17 17 25
9 11 2
3 4 12
11 11 19
22 0 2
8 11 5
9 11 28
1 3 12
14 15 6
0 3 15
21 23 3
9 11 5
11 12 19
20 21 17
11 14 29
5 8 11
13 16 10
6 7 16
17 18 30
22 1 10
11 12 10
21 0 16
15 17 30
19 20 11
19 23 8
23 2 24
4 5 28
1 4 22
9 10 4
10 12 22
7 11 27
11 13 27
22 23 3
14 17 1
11 13 6
12 14 26
3 5 4
3 4 21
9 11 5
13 15 9
4 4 27
23 3 3
21 21 12
19 22 16
2 4 7
14 17 3
13 16 2
20 23 17
12 12 28
9 11 19
0 3 20
8 8 2
15 17 22
23 23 15
18 20 8
2 4 27
21 22 6
2 4 15
7 8 14
21 23 24
3 4 25
16 20 8
11 16 26
13 15 6
11 14 20
5 6 18
22 1 15
14 16 6
14 16 1
2 3 13
21 23 22
6 7 7
0 2 3
16 19 13
23 1 22
7 9 19
15 17 30
2 4 8
23 2 21
8 10 15
19 0 11
13 15 28
16 18 11
0 1 8
6 8 3
8 11 8
16 17 19
3 5 8
22 23 26
11 12 2
5 7 13
19 19 14
13 15 4
22 0 23
1 2 7
16 19 5
8 10 6
8 10 4
2 3 12
0 2 7
0 1 7
20 22 19
1 1 13
20 22 25
11 15 15
8 10 15
2 4 22
15 18 1
18 20 17
23 2 21
5 7 14
22 1 3
4 6 5
3 6 30
13 14 8
2 5 2
18 20 13
16 18 25
8 10 11
20 21 10
16 17 6
19 20 25
12 14 10
6 8 10
4 5 7
5 7 13
16 18 19
22 1 2
19 21 30
11 14 3
20 23 26
4 6 14
1 1 29
12 14 1
13 15 20
1 2 13
9 13 26
22 1 7
17 18 6
13 14 4
4 7 27
22 0 6
7 8 10
5 6 30
19 21 13
14 16 17
9 12 17
21 22 25
0 3 11
2 3 29
11 12 15
6 9 6
3 5 19
11 13 23
0 1 23
7 11 15
3 5 12
10 11 15
20 22 27
2 5 12
19 19 16
3 4 7
10 11 1
15 18 20
3 6 19
20 23 23
6 7 10
10 11 3
2 3 27
9 11 11
20 20 11
16 17 6
15 17 2
19 21 8
6 8 7
20 21 29
5 7 6
13 14 21
10 11 20
12 14 13
19 21 25
1 4 20
17 18 20
16 19 7
9 10 12
3 4 24
8 12 18
12 13 1
13 13 6
14 15 2
14 15 19
22 2 17
20 21 23
11 11 2
6 10 12
2 6 17
22 23 18
17 21 21
3 5 24
14 17 23
7 10 28
12 15 20
6 10 9
0 3 21
14 15 5
20 22 9
0 1 2
3 5 5
0 1 17
12 15 2
19 20 9
11 12 30
18 20 9
21 23 11
21 22 28
2 3 28
11 14 16
21 23 6
20 21 7
11 13 28
11 12 21
11 13 18
12 15 19
5 6 26
12 14 5
16 17 30
13 15 1
15 16 3
23 1 1
13 16 9
22 0 9
2 2 15
2 4 4
23 0 14
19 22 12
11 14 15
10 12 30
3 5 21
2 4 2
22 1 30
10 12 28
0 2 9
22 0 27
20 0 3
4 7 8
16 17 8
17 19 12
7 9 16
23 0 26
6 8 24
13 16 21
2 3 8
20 22 9
22 23 30
12 14 19
16 18 10
8 13 13
20 22 5
0 1 25
8 8 8
12 14 3
11 14 20
2 5 19
8 10 15
10 13 21
20 22 26
7 8 30
10 13 21
17 18 10
17 18 10
15 16 30
23 22 17
20 22 1
5 6 29
13 16 2
5 7 3
2 5 7
9 11 5
1 3 5
12 14 29
14 15 16
20 23 30
8 11 5
19 22 23
10 12 12
10 12 5
6 7 6
23 23 14
23 1 4
4 6 20
1 4 7
20 20 27
0 1 14
11 12 17
11 14 26
12 14 15
7 9 30
21 22 7
23 0 26
12 14 13
18 20 23
19 20 21
20 21 3
0 0 13
11 12 26
16 17 26
11 13 13
17 18 13
6 9 3
17 18 30
19 20 23
23 0 5
18 19 28
11 11 28
7 10 23
1 3 24
16 18 15
11 13 27
13 16 8
13 14 22
14 17 18
19 21 13
4 6 15
12 16 20
13 14 18
9 13 8
11 15 3
19 20 6
4 6 13
4 6 11
13 13 22
12 12 16
13 14 7
19 22 12
8 11 28
1 5 5
6 9 5
22 0 15
0 2 27
22 0 7
8 11 21
16 17 28
11 14 1
12 13 14
0 2 22
5 6 18
4 7 29
1 3 17
8 10 26
10 12 2
8 9 13
3 5 9
15 16 19
15 15 10
13 14 27
10 12 8
7 8 14
23 2 28
11 12 4
1 5 26
13 13 5
10 12 24
18 20 3
9 12 10
3 5 1
4 5 9
15 15 16
23 2 23
16 18 18
4 6 28
14 16 28
23 1 15
16 17 12
9 9 25
12 15 21
8 9 11
14 16 22
14 15 8
12 14 30
14 17 15
23 3 8
19 21 6
12 16 23
14 15 21
14 16 14
0 3 29
6 7 26
16 18 23
14 16 17
22 0 8
20 21 17
17 17 24
18 20 27
19 0 20
20 21 3
5 9 3
14 16 1
9 14 25
12 14 23
23 1 28
15 18 17
15 16 8
16 18 8
9 11 4
13 15 5
11 12 19
18 20 16
6 9 2
20 21 28
11 13 12
19 20 23
3 6 1
9 10 19
5 8 17
19 21 13
9 12 6
10 11 10
18 19 7
13 15 9
17 20 2
0 2 18
21 0 7
7 8 10
16 17 30
2 5 7
1 3 19
17 19 17
1 2 13
20 22 29
19 20 14
20 21 20
16 16 12
8 10 29
9 11 4
15 18 18
8 12 25
15 15 10
19 20 9
5 6 2
0 2 29
12 15 5
0 1 13
16 18 20
20 22 10
7 10 16
17 19 8
0 3 19
11 12 15
2 3 4
7 10 16
2 2 30
3 6 29
11 14 30
5 7 10
6 7 2
13 12 22
18 20 27
7 9 17
17 20 13
0 1 19
1 3 1
14 16 18
23 2 4
2 5 5
22 1 25
6 8 11
23 1 27
8 10 22
19 22 8
3 5 19
22 0 26
21 23 30
18 20 20
19 22 1
2 4 10
20 22 12
10 12 9
16 18 23
3 7 13
18 20 1
16 20 30
9 10 12
18 20 13
2 4 25
7 9 10
2 5 27
7 9 30
20 21 20
20 21 21
18 19 27
13 18 25
16 18 1
7 8 19
12 13 24
5 8 29
11 13 3
13 15 12
0 1 1
23 23 1
7 10 4
14 16 6
15 18 4
22 23 13
17 21 30
23 23 3
7 9 2
4 6 9
23 1 7
20 23 9
16 17 7
6 7 23
13 14 22
20 22 28
10 12 13
4 6 26
7 10 26
18 19 4
16 19 11
16 17 30
1 2 4
22 0 5
18 20 1
1 4 22
8 12 17
4 5 17
6 9 3
22 22 7
8 11 29
8 8 1
16 20 10
8 8 12
11 13 21
23 0 9
1 1 24
14 14 29
20 21 20
10 14 22
11 12 28
5 7 23
14 15 1
15 18 20
20 22 17
23 1 11
15 18 26
0 2 10
19 22 23
22 21 22
16 19 26
22 0 27
4 7 9
9 11 7
6 8 2
15 17 17
14 17 14
5 7 13
0 2 24
23 22 14
16 19 25
7 9 9
5 7 10
16 19 16
19 21 8
19 21 18
7 9 11
23 0 24
19 22 21
19 22 6
12 15 23
23 2 6
18 20 5
5 7 21
1 3 3
1 2 4
9 13 14
16 16 27
14 17 24
11 11 10
16 20 29
9 10 27
8 9 30
7 10 5
4 8 17
13 15 23
1 3 17
12 14 16
7 8 30
22 0 9
3 5 12
3 6 15
9 10 6
2 4 10
6 9 25
5 6 26
19 21 30
16 18 18
5 8 18
8 12 8
8 9 29
1 3 3
4 7 10
22 0 11
21 23 13
12 15 3
23 1 19
9 12 17
0 1 9
1 2 1
13 16 3
21 0 27
14 17 7
18 19 26
20 22 5
5 9 11
12 14 7
18 20 13
4 5 26
13 14 3
4 7 14
12 15 11
23 1 3
5 8 9
14 15 25
3 6 30
8 9 17
5 8 27
23 2 4
4 6 26
10 11 13
17 19 5
17 20 30
2 4 13
20 21 13
8 11 19
9 10 16
1 3 12
6 8 20
18 20 26
8 10 27
17 21 13
1 3 16
14 17 22
3 5 15
18 20 23
4 5 26
3 5 25
10 12 28
4 7 25
4 6 5
14 13 8
9 10 27
3 5 12
17 18 5
4 7 6
19 23 9
14 17 18
0 1 4
1 1 12
21 23 17
1 4 26
21 0 17
1 5 7
3 4 20
7 9 11
15 19 18
5 7 22
20 21 22
15 18 18
4 5 14
3 4 19
8 11 29
6 8 7
11 12 15
0 3 2
13 15 24
17 22 5
15 18 28
12 14 17
22 1 10
23 0 24
0 3 14
10 11 24
13 14 28
0 2 16
11 15 28
8 10 26
18 21 28
7 8 18
12 15 1
14 16 28
14 16 29
2 5 21
1 1 9
17 19 1
14 15 18
23 0 2
1 3 19
4 6 3
7 9 25
22 0 3
20 22 19
8 10 3
5 7 9
11 12 2
3 6 28
13 15 3
9 11 16
13 15 18
23 1 13
6 8 10
19 21 18
18 20 27
6 8 23
9 13 14
22 23 17
11 13 15
23 1 23
0 2 4
6 8 5
5 7 15
6 8 19
7 8 19
4 6 28
17 20 7
1 3 9
14 16 21
21 0 7
11 12 15
17 21 30
18 19 24
7 9 24
13 13 9
7 9 28
9 12 2
23 0 7
8 8 21
22 0 29
6 7 13
1 5 2
9 12 29
11 12 17
10 12 29
18 19 4
3 6 14
2 5 28
11 12 26
11 12 9
6 8 20
18 20 8
5 6 5
10 14 30
8 10 10
8 9 15
6 7 4
16 19 10
5 6 13
11 11 10
13 16 16
14 16 20
20 22 1
16 18 2
21 23 30
22 1 30
4 7 18
22 23 9
12 13 29
5 8 13
18 21 4
23 1 20
22 0 12
3 5 29
10 13 4
0 3 28
14 17 22
3 3 28
5 8 21
19 21 20
16 17 9
20 23 30
13 15 6
21 22 6
2 3 16
1 3 9
16 18 5
8 8 19
9 13 7
3 4 5
15 17 25
17 19 16
23 2 21
20 23 16
12 15 10
16 18 29
0 3 20
12 14 6
0 1 5
22 1 5
3 5 25
10 12 26
5 7 30
20 22 29
7 7 6
18 20 20
18 19 13
18 21 2
13 15 16
17 20 27
15 15 24
3 6 27
12 13 15
0 1 21
5 6 24
23 2 4
10 13 2
10 11 2
6 7 19
9 12 16
19 21 22
14 16 8
20 23 4
4 5 12
19 20 11
1 2 5
6 7 23
10 12 10
13 13 8
19 19 19
9 10 10
15 16 20
4 8 21
13 14 27
19 20 19
21 22 10
11 12 26
16 18 19
5 6 2
6 6 7
19 21 14
14 16 7
19 23 7
22 0 3
3 6 18
15 19 13
3 4 23
13 16 22
4 8 19
4 7 30
23 0 10
11 12 9
16 17 13
17 19 23
0 1 27
6 9 30
3 4 14
16 18 16
11 14 27
2 5 27
14 17 7
7 9 28
0 3 7
2 4 8
10 12 15
17 19 26
15 17 14
4 7 11
21 23 30
17 17 11
16 17 28
7 9 17
20 22 4
16 17 21
12 16 7
10 12 22
17 19 24
14 18 9
5 7 17
19 20 26
14 15 15
1 3 11
22 23 20
16 19 23
3 5 11
9 11 13
5 8 11
22 1 16
9 11 4
1 3 26
17 19 27
0 2 26
12 13 18
2 7 3
18 21 17
0 2 13
14 17 1
4 5 4
18 20 1
18 21 4
8 9 27
14 16 30
21 0 30
20 21 1
17 16 7
13 16 8
11 14 22
17 19 2
15 18 13
22 1 3
19 21 27
19 21 26
15 18 16
23 1 9
11 13 21
15 16 23
20 23 10
17 19 26
7 9 2
23 1 20
18 19 19
0 1 7
17 20 19
16 17 3
23 2 28
4 6 24
15 15 4
19 22 3
19 21 13
17 19 2
17 19 8
9 13 3
13 16 22
15 17 24
4 6 23
3 6 9
19 20 25
5 8 25
4 6 12
12 15 30
23 23 26
20 20 4
8 9 23
15 17 10
21 22 23
12 14 17
0 2 14
10 11 25
17 21 15
10 12 13
7 7 24
10 10 13
11 15 28
2 3 5
0 1 12
12 13 12
10 12 16
11 13 24
19 21 13
8 9 16
2 3 6
10 11 1
22 0 20
14 15 8
0 3 1
11 15 1
10 11 1
11 12 4
10 11 11
15 16 20
13 16 14
6 8 10
10 11 13
11 14 30
14 18 5
8 10 24
1 4 25
21 22 7
16 17 27
21 0 23
2 4 15
1 2 21
8 10 10
2 3 19
15 18 11
15 18 13
2 4 14
6 7 22
6 7 15
22 23 1
17 21 8
11 12 6
1 4 25
11 12 19
8 9 7
16 16 25
21 23 22
13 15 18
3 5 29
6 9 26
21 22 13
10 11 12
9 12 14
2 2 1
3 4 25
4 6 2
6 7 3
0 0 7
21 0 17
1 3 11
0 1 1
1 3 17
3 7 2
17 18 14
14 16 11
17 17 6
8 11 14
4 7 19
21 23 23
18 21 22
18 21 6
2 4 7
3 6 25
22 22 8
0 3 29
7 10 8
18 21 27
2 3 9
4 7 22
21 23 2
19 21 20
2 3 15
2 3 18
18 20 12
1 2 22
21 21 27
17 18 11
8 11 21
18 21 9
5 8 23
15 18 20
1 3 20
14 15 16
12 16 4
18 21 22
8 11 3
3 4 29
16 19 23
21 22 28
19 19 25
4 5 25
17 18 5
16 19 11
18 18 4
15 17 14
14 16 21
0 1 12
3 4 29
14 16 30
12 14 16
7 8 12
4 6 22
19 21 14
22 23 5
18 20 18
23 1 9
3 3 11
17 19 17
1 4 5
4 7 26
20 20 26
7 8 5
23 3 6
4 6 24
8 11 4
6 7 12
21 23 16
9 11 27
22 23 25
17 20 22
20 21 13
18 16 5
12 15 25
18 20 7
12 14 14
9 11 10
9 11 27
23 2 8
23 1 4
9 11 7
5 7 18
20 23 25
1 2 25
6 8 20
2 5 26
9 12 19
20 22 30
10 13 4
23 1 8
15 17 29
15 18 13
3 6 30
12 14 29
18 18 29
11 12 16
11 14 22
11 13 20
9 11 25
16 18 25
7 9 19
2 4 12
4 6 6
11 11 14
18 19 20
14 17 26
8 9 29
21 22 2
0 2 14
2 4 14
1 1 8
19 21 23
7 7 17
6 8 15
13 14 27
15 16 24
17 19 12
2 5 25
6 9 15
7 9 25
7 10 23
19 22 20
18 20 14
8 10 22
21 23 5
18 20 18
8 10 9
16 18 10
11 13 2
14 16 9
7 8 27
6 9 10
12 14 17
9 12 7
9 11 21
20 21 17
7 9 18
20 22 20
17 22 30
22 0 1
1 3 16
8 11 25
23 1 7
21 0 25
13 16 15
22 2 10
22 1 19
9 10 22
13 16 11
10 11 5
11 11 28
18 18 11
2 6 4
15 17 21
0 3 14
16 19 17
10 12 21
3 6 27
21 1 27
8 10 16
22 0 23
10 12 15
13 14 21
21 23 15
11 14 7
22 23 19
4 5 23
20 22 16
11 11 29
10 11 28
5 6 18
16 18 25
22 23 25
13 14 23
2 2 10
7 10 9
22 0 28
6 8 11
17 19 26
6 8 14
7 7 10
12 14 15
21 0 1
19 21 25
1 3 2
21 23 6
2 4 27
18 19 7
11 14 21
19 21 2
10 13 11
10 11 2
8 10 18
15 18 5
10 12 15
17 19 18
10 12 2
19 22 17
10 12 26
3 6 14
2 4 3
16 20 13
23 2 23
14 16 8
2 5 12
5 6 30
11 13 28
15 18 7
10 14 30
20 21 1
1 3 20
21 0 21
17 18 24
9 13 1
5 7 8
17 20 17
12 16 15
6 9 16
12 15 28
19 21 21
10 12 6
5 8 16
13 14 21
5 8 18
1 5 30
10 12 9
8 10 29
2 4 24
2 4 25
0 2 19
4 8 12
16 17 30
7 10 28
14 16 27
22 23 15
23 0 13
4 5 24
9 11 13
5 7 9
8 10 28
9 12 8
0 1 16
9 12 27
21 22 26
3 7 9
8 9 13
2 5 4
19 21 20
12 15 24
9 11 2
6 7 27
6 8 23
11 13 22
1 3 25
12 12 26
11 13 22
4 8 17
15 16 3
19 21 30
20 20 23
7 9 20
11 13 17
9 13 14
0 2 15
11 14 19
5 6 19
5 7 30
11 13 29
18 20 21
17 18 16
14 16 20
8 9 2
12 14 18
10 11 14
1 3 6
13 15 19
2 5 25
6 7 3
3 5 14
15 17 27
1 2 15
2 3 27
3 5 4
5 7 12
8 11 23
10 13 5
22 1 7
13 15 29
21 1 19
2 4 12
19 23 1
15 17 28
15 16 26
13 17 29
15 19 2
11 12 8
23 1 5
0 0 18
9 14 5
21 22 6
17 18 18
1 3 23
20 21 9
8 9 26
4 7 17
22 0 28
17 20 26
4 4 13
9 10 6
16 17 9
4 4 18
23 1 17
23 1 23
11 14 12
4 8 14
19 19 26
7 11 3
6 6 18
10 10 11
23 1 24
7 10 5
20 0 20
2 5 6
16 19 11
14 16 13
17 20 18
7 9 12
19 21 15
23 1 19
4 6 19
23 0 18
17 19 4
6 9 9
2 4 18
18 22 15
16 18 2
20 22 5
23 23 23
6 6 3
1 4 10
2 5 26
6 8 9
20 22 28
9 9 23
19 22 15
20 22 26
6 7 22
20 22 27
10 12 28
16 18 11
19 22 25
11 12 2
12 15 1
17 20 13
5 8 11
14 16 29
22 0 6
22 0 8
13 15 9
19 22 23
0 3 25
20 21 6
5 8 2
23 0 27
2 6 5
11 14 27
2 5 15
21 0 10
20 21 18
4 9 10
23 2 16
20 20 15
5 7 24
14 16 30
16 19 15
14 16 4
10 10 16
0 1 23
13 15 28
2 4 21
14 16 30
16 17 30
8 11 22
1 4 16
15 17 21
15 16 27
21 0 18
4 5 20
5 7 24
0 2 5
17 19 13
9 11 19
3 7 16
15 17 13
16 18 26
21 0 24
18 20 10
4 5 29
4 6 9
20 21 14
17 18 30
1 1 28
20 23 10
21 23 16
5 6 26
8 11 11
12 14 4
22 0 19
5 7 17
4 6 8
18 21 5
2 3 6
23 0 3
1 3 6
11 14 29
0 2 18
22 0 26
20 22 11
19 21 11
9 12 17
2 2 27
19 21 24
22 23 23
3 4 19
19 20 15
17 19 26
1 3 11
14 16 11
7 8 28
17 19 15
19 21 28
12 13 18
13 17 8
23 1 12
7 9 17
15 18 10
3 5 6
15 16 19
12 14 10
7 9 2
19 21 13
23 2 7
18 20 24
23 2 11
23 0 11
10 13 18
16 18 24
22 1 25
18 20 7
22 23 12
21 23 6
19 21 16
2 5 25
5 7 3
1 3 29
10 11 28
14 17 27
8 12 1
9 11 28
17 20 30
7 9 10
13 16 16
9 11 13
12 12 20
19 20 11
19 21 1
12 15 8
13 14 24
6 9 30
5 7 21
9 11 14
19 21 15
5 7 13
18 18 26
5 7 22
0 2 15
17 20 10
4 6 26
0 1 8
10 13 9
15 17 30
6 7 8
2 5 6
17 19 11
4 6 23
5 5 17
23 1 5
15 18 18
22 1 22
22 22 17
14 14 19
8 12 13
15 17 21
15 16 6
4 8 7
15 18 15
17 21 15
4 7 6
15 19 11
8 9 1
18 20 20
22 1 12
17 19 29
8 8 17
3 3 25
17 20 27
4 5 29
13 16 16
10 11 22
19 19 27
13 14 4
3 6 3
1 3 10
0 5 21
15 17 9
19 21 9
8 8 20
1 3 17
7 10 13
7 9 18
0 0 10
10 10 6
23 0 4
15 16 16
0 3 28
9 10 16
12 14 16
16 16 16
1 2 26
14 17 18
0 3 10
18 19 10
20 23 15
5 7 6
8 10 25
5 6 26
23 0 6
16 17 10
7 11 2
22 0 24
22 23 11
17 18 17
10 12 16
12 13 29
8 10 6
17 19 17
22 23 30
0 2 30
22 0 12
20 22 28
20 23 26
13 15 22
14 16 15
16 19 27
15 16 2
0 3 5
17 19 21
20 22 11
23 2 28
21 23 19
3 4 20
7 10 12
13 16 15
0 2 9
4 6 2
11 12 22
21 21 4
11 11 24
0 2 17
1 4 24
5 7 2
9 13 24
16 19 9
2 4 30
12 14 22
22 0 12
3 4 28
19 21 25
1 4 3
15 16 3
9 12 6
21 23 4
4 6 27
13 15 5
10 13 17
10 10 6
22 0 11
1 4 11
1 4 24
20 22 14
13 16 7
3 4 24
9 11 15
19 21 9
21 23 28
4 7 29
22 0 7
0 3 21
9 10 14
2 4 6
12 14 4
20 23 30
10 10 3
19 20 23
10 12 13
1 3 17
3 4 13
20 0 27
3 3 23
4 6 25
1 3 3
13 15 15
6 10 7
6 9 18
12 12 5
5 9 16
4 6 15
7 9 16
12 14 28
6 7 17
5 7 28
21 23 10
9 11 2
5 7 14
6 8 20
4 5 24
7 10 16
10 13 14
3 4 24
4 8 3
1 3 18
13 15 8
8 10 8
4 6 23
11 14 4
21 1 17
4 6 6
4 6 1
14 16 1
16 19 15
13 15 23
18 19 3
15 18 28
21 21 13
13 16 13
15 15 8
11 12 20
6 8 29
13 16 11
10 14 5
4 6 11
11 14 22
2 5 19
15 19 22
8 12 14
18 20 23
8 9 12
2 6 16
15 18 18
23 1 18
12 14 5
5 7 17
4 5 10
0 2 12
18 20 22
12 14 12
23 2 17
2 4 25
19 21 23
1 2 22
2 4 11
8 9 7
11 14 6
12 13 10
4 6 7
20 21 11
7 8 15
15 16 18
17 19 13
23 3 3
8 11 15
22 0 2
15 17 15
5 8 22
12 13 3
1 2 1
14 15 15
12 14 9
10 11 1
13 15 12
6 7 15
22 22 7
10 13 8
11 15 15
16 18 29
11 13 12
23 0 24
21 23 28
14 15 5
21 23 3
8 9 25
0 3 14
17 20 10
12 15 7
16 18 3
17 19 10
15 17 24
7 11 29
15 17 13
14 16 14
13 15 20
6 6 20
22 0 12
9 11 27
7 8 8
13 14 11
18 21 3
12 14 11
12 14 20
0 1 18
13 15 14
23 1 18
10 12 15
16 19 3
16 17 26
8 10 30
6 8 7
14 16 28
0 2 22
9 10 15
2 5 29
7 8 17
22 1 23
3 6 17
10 12 25
2 4 27
18 21 7
22 0 29
18 19 9
3 5 2
9 9 13
7 9 24
12 15 9
19 21 12
22 0 13
5 7 19
3 5 12
16 17 23
11 13 29
7 8 4
2 4 1
17 19 28
4 5 20
5 7 17
5 8 20
16 17 19
1 2 19
2 5 18
9 11 10
0 1 28
5 6 19
11 14 17
1 3 18
12 13 12
19 22 23
6 8 16
21 22 7
7 9 9
12 14 19
9 12 7
13 14 17
5 8 1
6 8 30
13 13 6
18 21 18
20 21 2
2 4 15
1 2 4
11 13 13
6 8 8
10 11 21
13 15 11
22 1 14
4 7 1
3 6 7
22 23 17
5 9 19
12 14 21
23 1 21
23 1 26
10 13 29
22 0 12
8 9 12
12 13 6
21 1 6
4 5 16
14 17 18
9 10 1
2 3 13
15 17 2
21 23 19
21 0 13
19 23 9
19 22 9
17 19 11
13 15 9
1 2 6
8 8 9
14 18 7
10 13 9
19 20 29
21 20 10
15 16 3
13 15 9
3 5 29
3 5 3
9 10 6
8 10 19
3 3 23
13 14 29
3 4 20
2 3 17
2 5 14
16 18 6
10 13 6
6 9 16
12 16 15
12 16 26
17 20 13
9 11 29
8 10 20
20 22 15
20 1 4
7 9 19
5 7 15
10 11 30
7 7 10
2 6 15
16 18 2
19 20 13
10 13 14
0 2 3
8 11 13
1 1 2
13 15 17
20 0 14
4 6 22
10 11 6
11 14 14
23 2 18
11 12 4
21 23 30
11 14 21
14 16 14
2 3 8
12 13 6
7 11 29
8 9 22
10 14 10
8 9 22
4 7 12
13 14 13
9 10 12
1 2 13
7 8 16
18 20 21
1 3 5
19 20 28
20 22 18
8 8 10
6 8 2
16 18 2
13 14 22
22 23 5
17 20 29
21 0 25
19 22 24
4 6 30
20 22 1
11 15 1
14 16 12
22 1 29
16 18 10
12 14 27
18 21 16
10 12 27
12 15 18
13 15 2
6 7 24
13 16 20
0 0 12
19 19 28
17 18 28
6 10 8
2 5 6
16 18 10
17 18 8
9 11 24
15 17 2
17 21 19
13 16 5
3 5 1
4 6 27
4 8 7
21 22 30
20 21 24
7 8 20
14 16 2
1 4 26
19 21 30
0 2 28
14 16 28
20 23 19
20 21 7
2 5 5
17 19 7
7 11 5
18 19 7
9 10 9
13 16 21
0 1 13
9 10 28
8 9 8
21 22 13
17 19 13
7 8 20
1 2 17
22 0 23
11 13 4
16 18 9
14 17 7
5 6 7
8 9 23
2 4 16
7 8 7
19 21 26
1 2 27
15 18 17
8 11 29
3 5 28
14 17 6
7 8 15
22 1 4
4 6 18
5 7 21
4 6 7
2 3 25
2 4 3
1 3 12
7 8 9
16 17 11
10 12 28
2 1 23
11 14 15
1 2 11
7 9 12
2 4 7
11 13 23
11 13 26
18 19 19
20 21 27
13 17 8
13 14 7
10 12 7
12 13 2
5 8 30
11 13 11
21 22 21
12 14 19
4 5 3
8 11 2
15 19 17
8 9 6
12 15 4
10 10 18
18 18 19
15 18 2
11 13 28
12 13 23
21 23 21
14 16 18
23 23 1
20 21 30
6 9 30
16 17 11
16 18 17
18 20 9
13 16 20
15 17 9
0 2 18
1 3 8
20 22 26
21 22 28
0 2 25
18 22 7
2 3 15
0 2 25
10 11 5
10 11 30
23 1 7
8 11 24
7 10 12
11 14 11
18 20 29
16 17 14
10 10 25
2 4 24
0 4 17
7 10 18
4 6 13
9 11 15
0 0 17
7 10 11
9 12 12
14 16 21
13 14 18
12 15 27
4 5 26
12 13 18
15 17 29
18 21 21
16 20 3
23 0 7
1 3 1
4 6 19
18 21 23
16 19 24
23 3 26
1 3 18
13 14 27
3 6 27
20 22 26
6 8 16
0 3 10
2 4 22
11 13 12
7 8 5
20 23 20
0 2 3
19 23 5
9 11 30
15 17 7
21 23 14
21 0 11
23 1 22
7 9 7
16 17 11
9 12 19
16 18 29
3 5 3
14 14 23
5 7 24
10 12 17
21 23 6
9 11 23
12 15 25
23 2 21
16 17 24
2 5 19
14 17 1
16 18 11
18 19 1
3 6 28
3 4 3
16 20 10
3 6 19
11 13 5
19 21 28
3 4 8
12 13 2
18 19 6
23 2 28
4 6 4
17 20 24
12 15 8
23 1 20
4 7 13
9 11 3
5 6 23
20 21 8
0 1 20
5 6 9
2 6 30
14 17 27
9 11 25
19 20 21
13 15 23
7 7 26
10 13 4
11 13 12
22 22 25
6 7 22
1 2 2
9 11 26
1 3 26
11 13 18
23 1 11
16 18 6
0 0 17
1 3 23
13 16 10
20 21 17
17 16 1
15 19 2
18 20 15
11 13 13
20 23 24
4 5 4
22 2 9
13 15 11
22 3 12
21 23 6
23 0 9
23 1 20
4 6 30
2 4 29
20 22 5
8 11 4
6 8 8
20 22 22
10 14 9
4 6 29
2 3 10
8 10 20
10 12 24
23 1 6
10 12 18
22 0 30
0 2 9
21 23 7
4 6 2
17 18 18
11 13 6
11 15 9
22 0 10
5 7 20
22 0 9
6 9 22
20 19 23
12 12 26
6 9 17
18 18 19
16 18 9
0 4 9
14 16 20
16 18 10
21 0 1
22 23 4
0 1 19
11 12 20
22 1 23
1 5 16
5 6 17
1 1 14
7 10 2
22 0 26
20 23 24
10 13 26
18 19 6
22 0 13
8 10 14
19 22 17
4 6 8
13 16 6
14 15 30
14 18 8
20 19 8
19 22 22
18 19 4
15 17 12
20 22 8
1 4 9
7 9 27
7 9 22
18 20 6
15 17 12
20 21 9
9 11 8
22 1 25
21 1 12
22 0 23
1 4 18
4 6 6
20 23 24
4 6 28
18 21 27
16 16 1
5 7 8
15 16 29
0 1 9
18 20 3
8 11 19
10 11 22
18 19 7
9 10 15
9 11 12
17 17 3
8 12 30
4 8 7
17 18 1
10 13 20
17 18 9
20 21 17
23 1 7
22 0 22
10 13 11
21 22 3
18 20 15
13 16 14
9 11 13
23 3 22
6 7 28
7 8 22
11 13 16
20 23 9
16 18 7
2 3 5
20 22 7
8 12 11
7 8 20
14 16 15
18 20 14
12 13 22
2 6 3
9 11 3
8 10 30
22 23 18
19 21 9
7 9 28
22 1 1
6 8 22
7 9 27
10 11 18
15 16 14
8 11 15
15 16 20
10 11 12
8 9 27
5 8 6
15 16 24
14 16 17
14 15 25
21 1 2
20 21 18
2 4 12
22 1 20
18 18 12
10 11 1
7 9 2
15 17 4
1 2 4
19 21 4
21 0 29
12 14 18
21 23 3
12 13 26
12 13 17
4 6 13
21 23 30
19 21 7
12 12 30
4 6 3
5 6 11
13 16 15
11 14 9
11 13 24
6 7 11
21 21 19
14 16 23
10 12 5
13 15 20
14 16 9
18 20 12
23 1 14
23 23 5
5 8 13
11 13 26
0 3 1
10 12 27
12 13 13
4 6 6
9 11 26
13 14 1
13 16 9
13 15 26
22 0 27
12 15 10
14 17 9
6 8 11
20 22 10
0 2 19
9 11 16
12 16 22
3 4 6
6 7 17
19 21 30
1 3 19
17 18 23
10 12 5
15 17 10
3 4 3
16 17 11
9 11 20
23 1 20
16 18 27
23 1 2
6 8 28
9 10 5
17 18 24
2 5 23
0 -1 16
8 11 16
0 2 25
16 18 1
1 4 30
0 2 4
17 19 4
9 11 29
22 1 20
5 7 20
0 3 4
20 22 3
18 19 3
5 7 12
5 6 10
18 19 30
13 14 11
8 11 16
11 12 15
20 23 18
10 11 4
5 5 18
22 23 7
15 16 2
3 3 16
12 14 9
20 21 8
2 3 20
1 2 16
19 22 30
19 20 16
8 10 13
8 10 1
9 11 15
1 4 18
2 4 2
4 6 9
11 13 18
1 4 23
3 4 3
9 13 16
8 9 19
23 2 15
2 3 17
1 4 22
15 17 14
23 2 6
17 18 18
10 12 5
5 8 21
15 17 9
17 19 5
4 7 20
12 15 4
5 8 16
13 14 9
19 22 13
3 6 4
4 5 9
3 4 29
22 0 20
4 5 7
17 19 25
6 8 11
11 13 20
17 18 26
14 15 27
18 21 18
21 0 18
22 1 14
11 14 3
2 6 14
13 15 19
15 19 21
3 4 14
11 14 2
2 4 5
15 17 16
5 6 5
19 18 21
9 11 25
4 5 4
20 22 7
17 20 9
16 18 4
3 3 25
6 9 29
19 22 26
9 11 14
17 20 9
6 11 11
21 23 21
6 8 4
20 20 5
14 17 18
8 10 28
0 3 30
17 21 10
23 22 2
0 -1 17
3 4 12
1 4 9
18 22 15
0 1 24
10 11 1
16 18 9
9 11 2
21 0 9
4 5 24
14 17 24
20 20 8
22 0 3
20 20 17
4 5 19
21 0 4
8 9 7
11 12 25
5 7 6
11 13 6
0 3 12
9 13 4
22 0 29
18 19 13
5 8 12
11 12 1
7 9 6
20 20 2
7 8 21
20 21 14
12 14 15
3 5 7
19 21 27
19 20 10
18 20 21
13 15 25
17 18 26
14 15 27
8 11 21
14 15 18
14 15 10
9 11 4
9 12 28
7 9 1
18 20 17
16 16 10
9 11 26
10 10 24
10 12 13
4 6 23
8 9 7
12 14 18
14 15 28
5 7 2
16 18 15
16 18 9
8 10 16
16 17 22
9 11 15
19 23 13
13 15 17
3 4 22
3 4 15
17 20 16
15 16 28
22 0 22
1 2 27
17 18 2
15 18 29
10 12 27
7 9 16
18 20 2
11 12 29
2 4 30
16 18 21
14 17 24
16 19 25
20 23 4
7 9 29
2 5 11
1 4 25
9 12 16
10 13 22
20 22 18
10 11 1
10 11 25
4 6 15
7 10 21
16 18 11
6 8 8
9 10 18
19 20 21
12 14 22
20 21 27
14 15 14
11 13 26
10 12 30
9 11 19
7 8 3
4 6 30
20 21 2
19 22 14
15 16 6
4 7 25
13 14 9
16 18 21
11 11 27
22 2 28
13 15 22
4 8 14
18 18 19
4 7 17
0 3 10
22 0 9
11 14 30
3 5 17
16 19 21
1 4 28
15 19 4
8 12 10
14 15 5
2 5 14
23 1 6
4 5 4
7 9 19
1 5 9
10 13 23
2 3 14
1 4 25
9 10 30
6 8 8
19 21 29
7 8 22
10 10 30
12 14 22
7 9 2
4 7 16
4 6 13
4 6 23
19 20 10
13 15 30
12 14 2
2 4 8
6 7 13
9 11 24
0 3 14
4 5 6
5 6 10
16 18 24
6 7 15
21 0 18
20 23 9
4 6 2
19 21 22
19 21 13
13 15 1
7 11 12
18 18 18
6 7 24
21 23 25
6 8 22
5 9 25
23 2 19
11 14 11
15 18 26
9 10 2
5 7 27
6 7 29
11 12 29
17 18 13
11 13 20
4 6 13
17 19 14
11 13 22
6 10 24
5 7 25
10 13 28
19 21 12
6 8 27
23 1 23
15 17 21
19 21 22
15 17 6
22 2 2
5 7 19
19 21 2
17 19 24
15 16 1
12 12 22
7 7 29
7 10 7
15 18 25
22 0 29
16 19 18
9 11 15
7 9 22
7 9 11
13 15 7
22 4 24
8 12 19
13 16 26
13 14 8
23 23 26
12 13 10
5 8 21
23 0 22
14 16 26
12 15 22
21 23 15
22 0 20
22 22 23
7 9 23
21 23 26
8 9 30
10 13 22
0 2 26
10 13 17
18 21 24
13 16 2
4 6 13
14 16 18
3 6 27
19 23 13
16 19 3
15 15 30
14 16 2
7 9 30
19 21 23
20 22 25
12 14 20
22 1 13
23 1 19
0 2 17
14 15 21
22 1 13
13 16 5
21 22 5
12 16 20
23 23 25
9 10 15
16 18 23
4 6 14
8 10 23
2 3 10
5 8 9
1 2 13
21 22 12
5 8 20
2 5 4
7 8 29
20 21 13
19 21 29
10 12 23
16 19 27
15 17 2
20 22 24
23 1 21
1 3 19
18 21 1
0 2 21
17 18 4
4 7 25
12 14 29
18 22 10
8 10 12
12 13 24
22 2 19
1 3 2
3 7 10
20 22 1
14 17 30
15 18 6
15 16 17
22 2 24
14 15 13
20 22 25
11 12 22
12 13 25
22 0 6
5 6 20
23 23 28
4 6 29
13 15 6
13 16 20
6 9 11
4 6 21
14 16 17
5 6 12
16 18 23
11 13 30
23 0 6
9 12 23
17 20 14
11 14 25
1 4 9
22 1 11
8 11 28
13 15 26
22 23 2
5 8 26
16 19 29
9 12 17
6 7 19
17 19 16
6 8 17
21 23 27
4 5 28
6 9 30
5 7 25
5 7 7
23 2 20
19 21 2
10 13 28
6 9 14
20 21 16
20 23 21
22 23 1
4 4 17
18 19 25
9 11 20
18 21 12
9 8 22
19 21 27
5 7 23
22 0 15
0 2 17
13 15 9
10 12 29
15 18 3
14 16 9
15 17 19
23 23 4
6 8 10
10 14 7
13 15 25
12 14 10
