3440 30
26 5 18 16 26 24 27 24 11 26 4 2 11 6 8 26 20 7 28 22 28 30 8 11 4 4 12 15 2 15 
1 4 16
9 12 27
14 14 26
14 16 6
21 23 24
4 6 4
20 21 30
3 6 16
14 16 12
21 22 10
18 19 6
2 5 28
21 21 6
16 16 17
4 4 10
12 13 19
4 6 7
5 8 24
1 3 5
15 16 30
1 4 22
22 0 23
14 15 24
5 7 16
6 8 8
4 5 19
9 11 15
22 23 22
22 23 9
19 20 17
12 13 7
3 5 4
0 2 2
15 17 16
16 18 18
22 0 19
16 20 6
4 6 13
10 11 2
15 16 6
4 6 21
20 22 10
2 3 29
19 21 21
15 17 21
7 10 16
13 16 22
0 2 12
21 22 17
23 2 14
22 23 18
17 18 18
15 17 5
23 1 8
12 15 24
19 22 7
5 7 10
8 9 6
17 19 6
16 17 25
1 3 7
13 16 15
17 18 7
2 6 27
5 7 10
14 15 25
20 0 4
6 8 30
6 8 10
15 18 20
1 3 14
22 0 14
13 15 11
9 11 19
17 18 25
9 11 2
17 20 9
9 11 27
16 16 24
21 23 20
18 18 11
14 15 25
2 3 30
9 11 11
8 10 16
23 2 5
18 19 23
20 22 17
7 10 29
19 23 27
23 0 10
19 23 10
20 0 30
13 14 4
18 20 5
22 2 16
5 6 2
5 7 17
16 19 14
11 13 5
11 12 28
12 13 29
10 12 2
9 12 25
7 9 17
5 6 17
6 9 21
5 7 6
0 1 28
1 3 17
7 11 28
21 0 8
17 18 12
21 23 13
1 2 11
12 12 18
19 20 21
13 16 8
13 15 22
11 11 4
3 6 28
16 17 22
9 12 24
6 10 2
0 3 1
7 10 26
6 6 3
0 1 16
3 5 11
8 10 21
5 8 9
1 2 14
13 13 19
11 13 9
8 11 17
13 14 17
2 6 9
11 12 21
16 17 24
21 0 10
8 11 3
12 15 5
1 2 2
18 21 3
7 9 24
6 9 6
4 6 25
17 22 7
9 10 14
11 13 12
20 22 30
22 23 22
22 23 25
18 20 11
9 10 7
5 8 8
21 22 1
3 4 4
21 22 1
9 11 24
4 6 2
8 9 5
23 1 11
13 16 13
3 5 28
8 10 30
8 9 15
14 17 2
3 3 14
14 15 20
16 18 3
8 10 20
12 14 29
7 8 22
9 10 17
15 16 21
11 12 20
18 20 5
2 5 6
2 4 5
9 9 14
22 1 20
1 3 20
23 0 9
1 3 19
13 15 17
10 12 12
22 0 11
11 15 25
0 2 2
23 0 22
10 12 19
9 11 28
1 4 16
20 23 13
21 1 15
23 3 20
23 0 22
15 17 17
19 20 18
7 10 13
2 4 6
20 20 20
14 17 22
12 15 6
21 0 15
15 16 5
11 11 24
2 5 12
5 9 17
15 18 22
21 23 25
13 14 6
13 14 5
17 19 5
13 15 27
20 22 3
10 13 1
7 9 16
9 10 6
2 6 7
15 16 17
8 10 16
9 12 13
10 13 27
23 0 1
11 11 6
14 17 28
9 13 4
12 14 4
8 10 1
15 17 1
22 22 23
9 12 12
9 12 5
21 23 1
23 1 3
22 23 8
20 22 29
9 11 5
4 6 22
3 6 22
12 13 14
6 8 30
14 15 14
13 16 9
4 6 2
6 9 23
17 18 1
22 0 16
0 4 19
2 3 30
1 3 5
11 13 14
4 5 30
18 20 13
1 3 19
9 10 4
0 1 9
8 10 22
22 2 25
22 0 26
10 12 20
17 18 28
9 12 24
14 16 21
11 14 18
9 11 2
21 0 20
3 3 13
3 5 28
10 11 26
15 17 11
0 3 26
4 6 2
6 8 18
0 2 3
12 14 21
20 0 11
2 3 12
21 1 10
22 1 23
3 6 28
5 6 27
23 1 29
0 3 29
20 21 15
22 23 27
8 11 10
19 22 12
12 13 8
13 15 19
6 8 2
14 16 12
23 1 24
18 21 12
19 20 5
2 4 26
7 9 5
20 22 10
0 2 2
15 17 13
9 12 4
11 12 25
15 16 5
11 13 20
6 8 4
23 1 24
3 5 27
4 6 21
12 15 13
11 14 4
11 13 10
22 1 12
5 8 28
17 21 16
16 18 9
9 10 11
19 20 21
0 2 15
12 12 12
17 20 23
18 19 22
14 17 8
8 9 2
16 17 10
23 1 21
23 2 29
0 1 11
18 19 27
21 23 23
1 4 16
8 10 10
8 9 14
1 4 11
20 21 30
22 23 12
22 23 11
0 4 7
20 22 8
0 1 11
2 3 1
4 6 13
11 12 19
14 16 10
21 23 13
23 0 4
23 1 11
17 19 10
5 5 9
23 0 11
4 7 4
5 7 2
11 13 2
1 3 3
13 15 18
23 1 27
17 20 9
4 6 12
15 15 23
11 14 11
17 18 30
15 17 24
6 9 19
9 11 10
23 0 7
5 7 25
12 13 15
18 20 11
19 21 1
9 13 22
20 22 17
2 5 15
3 6 5
15 17 10
20 21 21
2 3 16
9 11 28
1 5 12
21 22 3
22 0 29
21 22 17
12 13 5
2 2 25
14 16 18
8 7 23
6 7 7
8 11 14
19 19 6
6 11 22
19 20 10
6 7 13
19 21 25
16 17 13
17 19 28
15 18 3
6 8 9
5 9 14
6 8 21
15 17 4
12 15 6
10 13 10
12 14 3
20 0 27
9 11 30
3 5 16
11 12 15
18 21 11
11 13 28
4 5 18
16 17 30
7 10 27
16 20 24
18 21 19
23 2 6
21 1 8
9 12 11
14 16 27
16 18 20
21 21 14
23 2 26
16 18 19
15 16 12
18 21 6
1 3 6
3 4 12
23 1 2
18 19 16
7 10 1
5 8 13
4 6 12
3 3 28
21 0 5
18 20 22
20 22 12
12 15 23
21 0 7
7 8 12
23 0 4
10 13 4
7 9 25
12 14 10
2 5 30
17 18 2
8 11 24
5 6 8
17 20 19
22 23 22
20 23 16
10 12 18
1 3 30
5 7 24
13 16 7
10 12 20
2 5 20
10 14 17
21 23 18
21 23 14
0 4 11
3 4 12
6 7 9
4 4 10
10 10 3
19 22 11
11 12 15
21 0 8
1 3 6
9 10 17
23 2 14
16 17 24
4 8 22
4 6 19
4 6 9
5 7 6
18 19 1
20 21 10
5 10 20
5 7 10
19 21 2
20 22 30
21 22 7
21 23 25
20 22 12
5 5 9
10 13 24
20 0 2
23 1 30
1 3 4
17 20 17
22 0 4
15 18 27
9 10 13
14 15 25
22 3 17
18 21 13
23 1 25
0 3 26
23 1 26
20 22 17
12 15 5
1 3 26
7 10 1
15 18 11
4 7 13
1 3 18
20 21 8
2 2 24
14 16 23
17 18 9
17 21 21
17 18 20
12 14 30
16 16 5
16 19 26
20 22 25
1 3 3
16 17 3
8 10 30
3 5 4
7 9 12
22 23 15
14 16 6
10 14 19
8 13 25
9 10 18
17 19 25
0 3 26
22 23 12
2 3 25
15 17 29
11 13 30
3 4 18
15 18 28
23 2 27
2 3 12
2 4 30
4 6 28
15 18 23
7 9 1
10 12 27
1 3 9
11 11 19
15 16 26
6 8 29
18 21 24
14 16 7
5 8 3
17 19 28
20 21 19
8 9 9
15 16 22
23 3 5
8 10 6
8 8 27
7 11 14
11 14 9
8 10 26
8 11 27
9 10 9
3 5 7
2 3 9
21 0 6
11 13 27
4 6 29
19 22 5
20 23 9
20 21 16
2 4 22
11 13 25
22 23 3
8 10 2
11 11 19
8 10 15
10 13 22
12 13 8
9 10 27
3 4 9
7 8 28
20 0 17
8 13 14
2 6 20
23 1 26
0 2 10
18 19 27
7 9 3
9 11 7
7 11 15
0 1 30
1 4 14
21 0 24
9 11 9
5 8 4
20 22 10
9 10 7
20 22 5
14 15 2
9 10 17
3 8 24
6 6 1
2 3 18
2 3 23
4 6 29
18 21 9
11 14 18
10 12 21
7 8 22
6 8 8
0 3 23
2 4 7
7 8 13
4 5 28
0 3 4
17 20 10
4 7 8
8 10 14
16 19 16
5 8 1
23 0 29
10 12 1
6 8 25
2 5 2
20 22 25
3 5 29
22 1 9
6 9 6
6 7 24
3 6 8
9 13 14
22 2 19
17 19 15
12 14 12
5 6 30
22 23 25
1 3 10
7 10 3
4 7 18
18 20 3
2 4 12
22 1 13
23 23 14
13 14 10
8 10 26
18 20 13
5 7 5
16 18 10
18 22 7
14 16 22
20 21 21
19 22 11
6 10 9
16 17 28
16 19 5
9 11 1
19 22 27
5 5 22
5 4 1
18 21 18
22 23 4
5 7 17
18 20 27
3 7 10
12 14 21
10 14 25
11 15 22
0 2 29
16 17 29
18 20 19
19 20 17
20 21 7
23 2 26
10 12 25
0 3 29
23 1 30
14 16 11
20 23 1
4 8 23
14 16 27
9 10 26
15 16 18
11 14 2
14 16 21
15 19 1
18 21 5
15 18 9
15 17 21
14 15 25
15 15 26
17 20 6
19 18 18
16 18 25
8 9 16
5 9 29
2 3 6
12 16 5
15 17 2
14 15 29
17 20 22
16 18 28
0 1 8
1 2 10
3 4 6
21 21 24
20 22 29
17 19 26
5 7 11
2 4 4
6 8 21
15 18 29
3 5 23
13 15 7
3 6 17
21 23 9
9 11 15
18 20 20
20 23 5
21 23 16
11 12 1
6 7 7
8 10 26
13 15 17
7 7 14
9 11 26
15 15 15
2 4 8
20 21 19
15 17 19
2 4 6
21 0 24
10 14 13
0 1 18
6 8 13
7 8 5
13 14 17
21 1 7
11 13 24
23 0 4
19 21 10
17 19 14
8 10 30
2 4 9
9 13 27
21 0 18
10 12 9
18 23 9
11 14 4
3 5 19
7 9 20
16 18 21
12 13 29
2 5 8
18 19 29
14 15 17
20 21 9
19 20 30
10 14 25
3 4 6
19 22 25
4 7 6
10 11 29
23 1 17
11 11 12
3 3 23
0 3 10
21 1 14
16 17 25
12 12 12
18 19 9
18 20 23
7 9 7
17 18 2
0 3 12
14 15 4
18 18 10
22 0 25
16 18 4
4 6 16
19 21 29
17 17 3
15 18 13
1 2 17
11 14 17
5 5 18
9 12 14
7 9 11
19 20 28
1 1 5
2 4 19
20 0 12
21 0 8
17 18 14
17 20 3
23 1 13
7 8 28
9 11 7
5 8 17
3 4 24
14 16 23
4 6 29
2 4 14
7 8 19
12 15 17
4 5 26
7 9 6
3 5 22
20 23 23
4 7 13
0 3 29
15 17 5
21 23 10
0 -1 19
13 16 15
17 19 29
17 18 3
10 12 24
1 2 17
20 0 13
20 0 21
6 8 7
5 6 2
23 23 8
10 12 10
5 7 2
21 22 3
1 4 22
3 5 21
18 20 4
14 17 23
4 6 25
18 22 30
7 9 14
6 7 21
1 2 15
6 8 17
20 22 22
19 22 4
15 18 7
3 5 17
0 3 24
4 5 6
9 10 11
4 5 15
5 8 2
8 9 15
6 9 20
5 7 4
14 17 4
5 7 6
20 21 10
15 17 7
9 12 25
4 8 14
4 5 28
12 15 30
7 10 27
6 9 1
2 5 9
13 16 15
6 9 11
18 20 13
21 23 24
19 22 28
12 13 27
10 11 27
1 3 5
14 18 1
18 20 19
22 0 2
0 1 15
6 8 20
10 13 11
7 7 30
10 13 4
1 3 14
19 20 11
14 15 16
4 7 18
5 7 6
21 23 15
20 23 8
17 19 14
14 15 4
17 20 16
19 19 25
20 22 7
17 20 17
16 18 21
9 10 30
0 1 16
12 16 14
14 19 20
6 7 4
1 2 27
1 1 18
12 15 29
1 3 19
13 15 2
5 7 11
15 16 20
13 15 4
12 14 13
13 14 2
23 1 23
19 20 13
18 19 27
14 16 27
0 3 10
13 16 11
17 19 27
6 8 13
9 10 28
1 2 24
7 9 11
9 11 30
2 5 22
16 20 1
6 8 8
10 13 14
6 7 6
4 6 18
5 5 4
4 6 30
2 4 25
2 3 26
2 4 1
13 15 7
7 10 7
2 4 30
8 10 17
0 2 26
1 3 21
13 17 4
12 15 20
0 4 25
3 5 8
7 8 29
14 16 4
14 17 3
12 13 26
12 13 9
9 12 9
5 7 4
23 1 3
8 11 23
0 2 20
22 23 2
15 16 27
7 8 12
4 6 9
0 0 3
22 3 13
22 2 8
1 4 2
18 21 9
6 10 12
14 15 2
11 12 2
21 23 1
2 4 17
13 15 22
10 13 8
16 18 13
13 15 25
5 6 27
13 14 5
5 7 5
18 20 16
13 15 6
0 2 20
4 6 23
5 7 16
20 22 25
17 17 1
12 15 23
19 20 19
2 5 13
8 11 9
6 7 10
17 20 19
2 2 6
12 14 27
17 18 8
13 13 18
14 14 4
17 18 28
18 19 14
4 7 25
5 7 17
14 16 4
16 18 10
9 12 21
14 17 30
16 19 17
0 2 5
10 11 11
12 13 15
20 0 14
1 2 8
14 15 23
18 20 2
20 21 3
17 19 2
12 14 5
7 9 4
8 9 9
15 17 7
14 16 20
9 9 19
1 3 26
7 9 4
4 7 23
2 5 28
8 13 1
6 8 5
7 9 17
9 12 13
13 16 6
7 8 1
9 10 11
16 18 19
12 15 8
7 8 7
13 16 22
9 11 22
13 13 15
21 23 6
1 5 8
3 5 10
5 7 23
18 22 24
16 18 27
13 15 22
5 7 6
20 23 5
23 2 17
19 22 19
5 7 9
3 3 27
1 3 6
1 2 11
9 12 19
9 12 28
19 20 12
4 5 2
3 7 27
14 15 14
3 6 29
2 5 18
1 2 29
18 20 6
10 12 9
21 0 22
12 14 28
23 3 3
17 20 5
20 22 17
4 5 8
21 23 19
13 15 14
12 13 29
17 19 28
6 7 19
11 14 13
10 12 21
19 20 26
18 20 4
21 23 4
13 16 23
16 17 16
9 12 8
11 15 10
7 9 17
23 0 30
20 22 4
10 12 4
12 14 7
3 4 24
3 6 8
20 21 25
20 22 25
22 2 28
0 3 24
22 0 18
18 21 25
18 20 18
2 4 29
2 4 11
22 0 17
9 11 9
17 19 23
13 15 27
18 19 15
19 21 7
3 5 23
12 13 7
13 15 11
13 15 8
17 20 13
12 16 5
12 13 20
15 17 24
6 9 6
19 20 30
3 5 11
9 10 8
21 22 24
19 21 7
10 13 10
6 10 17
20 21 17
14 15 6
21 0 30
1 4 20
14 16 23
14 15 30
2 3 29
5 6 21
1 3 22
7 9 28
1 2 17
16 19 1
11 12 15
0 1 1
0 1 18
19 19 19
3 3 25
12 13 21
15 16 16
23 0 3
1 3 4
8 8 23
2 4 3
18 20 1
16 18 6
18 19 26
18 19 28
20 21 7
13 14 21
7 9 7
4 7 6
15 15 10
5 7 17
23 1 14
11 14 3
17 18 18
6 9 30
1 4 11
9 12 18
7 10 9
20 0 15
1 3 30
7 10 8
19 22 15
2 3 9
18 19 14
4 5 13
19 21 26
19 20 20
16 18 29
16 18 18
14 15 25
5 7 12
14 16 12
4 6 6
3 3 10
4 6 22
3 5 15
11 14 5
2 5 17
3 6 6
19 21 10
6 6 27
1 1 10
7 9 18
1 2 22
17 19 3
9 12 11
9 10 28
0 2 1
5 5 4
14 15 25
6 7 12
6 8 6
11 14 29
3 6 28
3 6 1
22 0 10
16 19 25
23 2 17
13 16 3
8 9 25
1 2 3
21 22 5
13 17 19
13 15 3
8 10 21
19 21 15
2 5 6
20 21 16
1 4 8
3 4 9
10 11 24
10 12 6
9 12 27
18 20 10
19 21 28
5 7 4
13 14 29
9 11 20
6 10 8
5 8 21
15 18 24
14 17 16
23 2 28
20 23 12
12 15 28
21 23 8
2 3 19
4 6 10
4 5 26
2 4 25
18 20 18
14 16 5
23 1 30
11 12 5
1 3 21
8 9 10
20 22 14
5 7 19
2 4 17
11 14 16
8 9 1
4 5 8
13 14 2
12 14 5
4 6 8
21 23 28
16 18 29
6 9 3
18 20 7
3 4 29
1 2 7
14 15 10
4 6 16
20 23 27
12 15 1
9 12 11
23 1 21
3 6 19
16 18 2
18 20 12
6 8 18
13 15 17
3 5 24
7 10 10
4 5 15
18 20 24
10 12 24
22 23 17
9 10 13
23 1 10
11 15 21
1 3 6
21 21 29
23 0 11
5 7 26
20 22 23
18 21 29
11 12 1
4 5 4
20 22 13
15 18 16
17 18 28
12 14 26
12 15 23
15 17 6
13 15 13
11 14 9
0 2 11
15 17 21
9 12 1
3 6 29
7 9 18
11 12 20
19 22 12
12 15 12
6 6 11
12 16 5
0 3 14
7 9 24
8 12 1
1 1 27
9 10 29
16 19 3
3 5 21
9 13 19
4 5 16
15 20 3
22 0 18
11 14 8
6 8 17
21 0 17
22 0 10
1 3 2
17 17 27
8 11 2
15 17 30
13 14 7
10 13 9
20 22 3
17 19 18
8 9 8
21 0 16
10 14 27
18 19 9
21 23 27
9 9 28
4 7 2
7 9 27
19 20 25
22 0 14
15 17 16
17 19 5
20 21 24
12 16 15
20 22 23
2 2 24
22 23 22
0 3 23
15 17 21
10 12 13
2 5 16
22 1 16
22 0 7
19 21 5
6 9 10
16 19 25
1 4 23
21 0 19
19 21 16
6 7 30
5 8 29
4 6 27
1 2 5
0 3 15
23 1 16
14 16 18
10 12 18
0 3 29
16 18 24
9 10 5
12 15 9
2 3 21
3 5 5
20 21 12
15 16 25
16 18 3
10 12 18
23 1 19
16 18 26
4 6 28
14 15 24
19 21 7
4 6 9
15 17 22
10 12 5
6 7 5
22 1 26
2 1 10
10 10 7
6 9 8
2 3 12
10 10 2
14 15 10
14 16 20
11 13 10
5 7 22
20 22 19
4 6 2
14 15 7
23 1 24
7 10 3
9 12 6
14 17 10
15 18 24
12 15 28
21 23 21
4 6 24
6 7 24
19 21 19
2 3 18
1 3 28
3 3 11
3 5 15
9 11 30
11 12 10
7 8 12
7 7 30
5 7 17
7 10 7
22 0 22
19 21 23
17 20 29
5 7 2
18 19 13
12 14 16
22 1 1
2 4 5
7 8 7
16 18 12
6 10 8
11 13 12
9 12 4
21 23 24
12 14 10
22 0 8
3 6 22
9 10 1
17 18 30
9 9 7
22 3 27
0 3 5
0 1 30
5 5 25
20 22 7
14 14 11
0 2 18
16 18 14
6 7 10
2 3 3
23 0 27
19 21 11
21 1 27
19 20 22
1 3 20
4 7 7
14 17 23
17 20 10
18 19 2
3 3 30
8 9 9
15 17 17
18 21 22
15 18 7
20 23 19
0 2 18
19 22 16
22 2 11
14 17 25
20 21 23
4 4 4
7 7 16
20 22 15
22 23 17
21 23 27
23 1 14
1 3 22
9 10 12
11 15 25
20 22 10
2 5 8
18 21 8
17 19 30
1 3 22
16 19 7
9 10 26
2 3 11
15 17 26
15 16 23
0 0 19
3 6 27
7 10 8
0 1 12
5 7 18
13 16 27
0 2 24
21 23 2
5 8 10
3 3 30
3 6 1
10 10 9
17 20 26
15 17 21
0 2 14
15 17 15
2 4 27
23 1 5
8 10 3
3 5 29
18 20 19
9 10 7
18 19 27
20 22 27
9 11 27
17 20 19
23 2 24
6 8 14
18 22 29
5 7 4
7 11 24
20 22 9
17 19 1
10 11 18
23 0 8
0 1 16
5 7 9
4 5 7
12 13 20
22 22 25
3 5 22
16 19 6
13 15 11
15 18 9
2 4 25
8 12 29
11 13 16
3 6 23
7 9 30
15 17 27
2 4 17
2 6 4
23 0 4
19 20 4
7 11 7
7 11 29
2 5 2
16 19 5
14 17 1
19 22 5
16 17 5
11 15 14
20 23 12
13 16 1
1 4 2
19 21 24
22 0 5
5 6 29
5 6 22
1 3 25
4 8 18
18 20 30
14 15 25
10 12 18
13 16 27
17 18 18
12 14 25
9 11 18
6 7 28
3 5 17
2 4 23
22 23 22
2 3 21
4 6 9
12 15 16
13 15 26
9 13 19
12 15 24
19 23 7
13 15 10
9 12 7
0 1 13
3 4 1
12 14 3
23 1 25
18 21 23
3 4 14
0 2 1
6 9 21
17 19 15
21 0 11
21 23 14
5 6 27
6 8 16
16 17 13
11 14 9
20 21 12
8 9 19
9 9 7
18 18 22
13 15 7
8 11 19
8 10 22
22 23 1
6 7 16
22 1 2
11 11 27
4 7 15
9 12 8
16 19 7
0 0 7
18 19 8
0 1 17
13 15 28
2 6 1
7 9 21
6 8 23
14 17 29
4 4 13
23 3 22
0 3 23
4 6 2
15 17 12
2 2 17
16 18 7
6 8 17
14 15 11
9 10 6
5 9 24
19 19 12
12 14 27
10 11 13
5 7 9
12 13 3
23 1 26
23 1 1
14 18 4
7 8 22
7 9 25
21 1 15
22 23 25
19 22 18
11 13 27
5 7 13
13 15 14
13 15 11
4 6 3
4 6 9
16 19 19
22 0 25
8 10 30
1 2 4
0 1 9
2 3 6
16 18 6
19 21 26
8 9 25
9 12 10
9 11 15
20 22 16
20 20 19
6 8 6
14 16 6
15 18 7
10 14 10
2 4 24
6 8 25
3 5 28
18 19 9
20 23 26
2 3 17
3 5 10
19 20 10
0 2 19
16 18 1
7 8 4
13 15 7
4 9 11
5 7 10
2 5 17
15 18 24
11 13 7
11 13 22
8 8 22
16 19 22
14 16 18
22 0 23
17 18 14
15 16 9
18 21 10
10 11 4
16 17 16
5 6 7
11 13 8
9 10 26
5 5 25
12 16 12
10 12 30
12 15 14
17 19 23
18 22 29
1 3 20
4 6 19
3 5 25
19 20 30
6 8 1
2 5 3
21 22 24
10 12 19
4 6 4
18 20 6
20 21 1
2 5 18
18 20 29
21 23 20
23 4 5
22 1 12
2 5 27
12 14 9
20 21 6
3 6 1
4 6 8
19 22 2
11 12 3
0 3 22
3 5 1
1 3 5
21 0 7
1 1 14
8 9 5
5 7 6
16 18 4
21 23 25
6 8 26
12 14 22
12 13 24
20 0 6
14 16 13
19 20 22
13 14 14
1 2 30
23 3 5
10 13 20
8 10 15
11 12 25
12 14 6
17 20 24
5 6 12
21 23 15
21 23 3
3 2 20
17 19 19
18 19 16
16 18 13
14 16 19
11 13 13
6 8 7
19 21 3
16 17 28
1 2 5
13 15 25
8 12 1
9 11 19
13 14 22
13 15 9
5 7 23
2 4 3
17 18 4
16 19 9
11 12 9
20 1 20
16 18 17
13 16 3
16 17 14
8 11 2
0 1 28
21 21 6
1 3 15
22 22 17
4 8 13
6 9 3
13 15 27
19 22 30
15 17 5
18 20 22
2 3 22
3 6 28
18 18 2
20 22 26
4 7 3
23 0 11
4 6 4
15 18 7
13 15 8
6 7 2
5 7 3
19 22 22
8 10 23
22 0 1
9 11 1
17 19 14
4 6 23
22 0 10
15 17 19
11 13 10
23 3 13
9 13 5
15 16 20
15 18 3
0 2 9
16 17 28
17 19 7
15 15 28
8 9 3
22 2 13
3 4 7
15 17 28
12 14 2
3 5 6
9 11 1
7 9 16
2 5 25
20 22 10
15 18 11
12 15 15
13 14 2
13 15 11
4 5 30
14 15 2
4 5 4
2 3 27
7 9 25
7 8 11
5 7 16
21 23 6
18 18 8
11 14 15
9 11 26
11 13 15
1 3 19
8 9 4
4 5 3
21 0 20
16 18 15
3 6 18
7 10 3
22 23 29
4 4 15
23 2 30
18 19 29
10 12 19
9 10 13
18 20 1
10 13 10
19 20 9
23 1 5
17 19 29
8 11 2
3 5 1
22 23 19
18 20 11
11 14 18
12 12 3
11 12 8
21 0 23
6 10 11
20 23 30
17 18 7
7 9 30
22 23 2
14 16 16
23 2 5
11 13 29
0 2 20
1 3 28
4 6 24
0 2 22
11 14 4
7 8 4
10 10 17
5 8 10
7 9 1
4 6 20
14 16 12
5 7 13
8 10 27
9 12 24
7 9 30
21 23 15
18 21 9
1 3 30
15 15 15
13 15 8
14 16 20
0 3 2
20 23 3
20 22 12
7 9 15
12 13 5
12 13 27
19 21 7
8 11 12
13 16 10
7 9 3
18 20 17
1 3 29
13 16 13
13 14 3
2 5 11
11 11 20
2 6 20
9 12 22
1 3 20
7 9 23
3 5 8
12 13 10
3 4 28
6 7 19
8 10 12
18 21 4
10 12 19
18 20 24
15 17 9
12 13 22
2 3 29
17 21 13
1 3 23
12 14 20
11 13 10
12 15 2
14 17 24
17 20 9
19 21 2
20 23 1
6 9 10
1 3 8
12 15 6
13 14 20
17 18 21
16 18 19
6 8 8
17 19 30
11 12 16
14 16 27
17 20 16
10 12 28
12 13 2
15 17 3
16 17 8
22 0 20
3 6 23
17 19 29
21 22 12
17 19 21
2 4 24
19 18 15
4 7 21
20 21 20
23 1 4
7 10 13
15 18 2
8 10 19
19 19 14
3 5 24
8 10 19
22 23 27
21 0 3
17 18 18
5 6 15
21 23 17
4 4 15
19 21 14
22 1 3
23 2 2
21 23 19
18 22 24
10 12 16
19 21 18
1 3 1
15 18 7
10 12 4
2 3 28
4 6 21
6 7 9
13 15 18
1 3 5
17 19 27
10 11 21
23 1 28
21 0 27
21 0 2
22 1 6
18 20 10
10 12 13
20 23 25
14 17 20
12 15 14
1 2 6
19 21 4
0 0 9
0 -1 19
14 16 27
11 14 26
6 8 10
4 6 10
1 2 8
6 8 17
20 22 15
20 0 22
5 9 2
2 5 29
10 13 1
22 0 28
18 19 23
23 2 12
13 15 23
17 19 27
20 22 7
21 23 18
9 11 3
17 18 25
9 12 4
1 2 12
14 14 1
12 15 28
3 4 2
8 10 6
22 0 25
11 12 5
14 17 5
19 20 7
15 15 28
8 12 4
14 15 26
10 11 22
13 15 21
7 10 22
11 13 9
23 3 30
12 14 24
18 21 12
10 11 21
20 23 20
13 16 18
17 19 25
22 22 6
1 2 25
12 13 10
22 0 24
3 6 10
0 1 20
6 9 17
0 2 4
15 17 2
6 8 9
22 23 30
10 11 20
22 23 17
18 22 21
8 10 16
10 11 28
13 14 10
3 6 17
9 10 24
9 10 27
14 14 15
10 12 8
17 20 25
5 7 4
19 20 8
3 4 7
0 3 8
5 7 15
5 7 20
11 14 13
8 10 10
6 9 17
17 18 18
0 2 9
7 9 4
15 17 27
13 15 29
5 8 12
4 5 23
7 9 4
20 23 9
17 18 10
2 4 7
22 1 15
7 9 6
0 2 9
11 14 10
14 17 23
2 2 29
3 5 16
20 22 17
9 13 20
17 19 26
5 8 4
17 18 15
1 3 29
1 4 28
14 16 3
21 22 17
16 19 13
17 19 30
1 2 9
17 18 5
6 9 22
12 14 7
15 21 17
8 13 8
1 2 14
16 17 21
10 12 29
16 17 3
21 22 7
16 19 15
21 23 15
0 1 17
8 9 4
0 4 21
21 22 2
1 3 15
1 3 16
12 14 8
20 22 3
2 4 10
22 23 17
15 18 17
17 20 26
12 14 10
12 14 1
9 11 24
16 17 17
13 15 21
6 8 2
0 1 24
19 21 8
2 4 26
3 6 20
7 7 3
9 11 15
4 5 3
14 17 7
12 14 20
22 0 29
10 12 17
10 12 13
15 17 7
15 18 27
0 3 18
4 6 3
14 15 27
14 16 26
21 23 13
15 17 16
14 17 5
13 17 15
22 1 23
5 8 28
0 2 24
13 14 27
4 6 27
8 11 24
19 22 15
11 13 16
18 20 20
3 5 26
20 23 19
5 7 19
15 17 25
19 21 23
13 16 1
13 14 13
22 3 14
10 11 19
17 19 2
4 7 6
23 1 14
14 15 30
20 21 5
4 5 13
4 7 30
13 14 18
11 13 8
1 3 6
5 6 24
11 11 5
21 0 28
19 22 5
1 2 9
23 23 6
6 9 5
7 10 30
0 0 1
19 20 23
6 8 27
9 12 28
13 15 2
12 14 29
14 17 22
0 1 30
4 5 23
10 13 30
22 0 25
8 13 20
4 7 13
23 23 28
19 23 16
9 10 24
20 22 28
3 4 20
15 18 15
11 13 17
17 21 12
23 1 24
9 12 17
22 0 15
8 9 16
12 13 25
5 6 14
7 9 2
23 0 24
10 12 15
15 17 13
13 16 17
18 18 14
22 23 17
19 20 6
0 2 3
12 15 27
15 17 2
0 3 20
11 13 9
1 5 6
9 12 15
8 10 13
15 17 5
3 5 27
22 22 7
5 7 27
19 21 28
14 15 4
21 0 20
19 21 15
2 3 25
5 5 10
1 3 26
13 14 8
9 10 24
1 2 16
0 2 26
17 19 27
14 14 21
4 6 11
12 14 8
6 9 5
3 5 23
9 11 6
15 17 4
14 16 15
13 15 29
23 1 8
10 12 5
2 5 17
2 2 1
11 13 8
8 14 3
21 0 16
17 18 2
18 19 2
15 18 15
12 14 12
12 15 20
0 2 25
4 5 18
4 5 15
7 9 19
4 5 14
15 16 20
9 12 9
16 18 17
14 15 3
14 15 8
12 14 19
12 15 15
9 13 21
7 9 7
8 12 15
6 7 21
11 13 8
10 10 4
22 23 15
11 14 19
12 15 15
22 23 10
20 21 21
7 9 12
7 10 4
13 14 18
8 11 15
22 23 6
5 7 25
15 16 3
5 7 9
4 5 26
13 15 20
9 11 16
10 11 1
23 1 6
2 3 23
21 23 12
3 7 16
10 13 12
0 1 3
1 3 20
9 12 25
16 20 13
2 4 15
6 7 27
2 4 4
8 10 18
13 14 20
23 1 25
22 23 16
21 22 24
19 20 3
12 14 4
7 9 20
14 15 21
6 5 27
2 3 20
16 17 12
3 4 13
3 6 1
9 11 21
13 16 14
23 2 12
1 4 14
9 11 20
6 8 28
8 11 3
19 21 18
10 13 9
11 13 1
11 13 16
3 6 24
22 1 9
17 19 2
20 20 16
5 6 9
8 10 8
1 3 20
2 3 2
18 21 27
22 1 4
5 5 18
19 22 28
23 23 8
23 0 22
14 17 3
18 19 8
12 15 19
0 1 14
9 10 6
11 11 27
10 11 2
15 15 11
3 5 7
6 6 14
12 14 3
18 20 29
18 20 10
1 3 29
23 1 25
3 7 23
5 7 1
3 5 2
8 9 12
15 17 15
21 0 19
3 4 21
23 1 21
14 14 30
1 2 9
21 22 27
15 18 8
22 1 2
6 9 18
20 20 13
20 21 28
4 6 15
14 15 15
6 7 4
21 22 7
3 3 21
10 12 25
13 16 27
21 22 5
4 6 26
9 11 8
14 16 4
3 6 4
13 15 1
15 18 28
21 0 13
5 9 24
9 10 30
7 10 14
11 13 20
21 22 13
22 1 22
10 13 2
22 0 27
21 22 19
3 4 24
4 6 17
10 13 26
0 1 9
4 5 28
21 22 18
3 4 8
19 20 24
20 19 21
18 21 12
14 16 30
8 10 23
10 11 29
17 19 8
5 8 12
9 11 25
1 4 9
16 18 2
4 6 22
9 10 18
5 7 17
6 7 7
15 17 4
16 19 13
0 1 11
3 3 5
7 7 27
6 7 20
21 23 11
20 23 16
23 0 22
7 9 5
0 2 26
11 13 18
23 2 10
22 1 16
21 0 5
1 3 20
1 3 17
22 22 26
5 9 15
21 23 3
0 1 28
11 12 28
9 12 20
10 10 4
12 14 9
8 11 12
7 9 1
19 21 27
5 7 15
1 3 14
22 23 29
0 2 28
19 22 12
5 8 3
11 14 27
1 1 26
12 15 6
0 2 19
14 16 7
0 2 15
2 4 20
19 20 15
12 13 15
20 23 25
3 6 3
9 10 4
0 0 17
19 23 11
23 1 23
3 5 7
13 15 2
0 0 10
16 19 19
22 0 5
5 7 23
1 2 1
9 10 27
10 12 13
23 3 20
19 20 11
9 12 10
3 4 14
12 14 2
14 16 25
22 0 15
1 4 2
18 20 9
14 14 25
7 9 3
17 20 13
7 10 26
20 22 28
13 14 3
21 22 8
2 6 8
21 20 28
15 16 14
17 17 21
0 1 2
11 12 19
9 12 26
8 9 5
2 5 5
14 15 18
0 2 26
16 17 18
16 18 17
3 6 5
9 11 7
18 19 5
22 1 1
20 21 1
19 21 7
13 15 30
4 4 21
19 21 28
10 13 18
11 13 12
18 20 12
19 20 26
2 4 14
4 5 5
10 11 4
7 9 10
23 2 24
9 12 23
11 13 15
15 16 19
20 0 11
21 21 25
4 5 30
0 2 3
10 13 24
14 15 26
9 10 18
5 8 21
2 4 12
7 10 7
2 3 1
15 17 13
23 23 27
19 20 26
15 16 29
20 23 15
12 15 2
0 3 16
6 8 15
19 20 16
20 22 16
12 14 26
19 23 10
16 16 6
10 13 25
7 8 24
2 4 19
19 22 14
11 12 9
22 0 5
10 11 6
0 3 7
16 18 2
21 23 30
19 21 30
10 11 30
21 23 7
3 6 2
14 14 10
17 18 7
13 13 9
17 18 11
5 8 20
14 17 25
1 2 11
20 22 27
19 20 19
14 17 28
14 15 21
2 4 20
1 5 4
8 10 24
8 11 10
2 4 2
13 15 5
22 23 13
22 22 15
7 10 18
5 7 30
2 5 9
14 17 29
4 5 4
2 5 16
12 14 25
19 20 13
8 11 21
3 5 14
19 23 6
13 14 4
12 12 3
3 4 29
9 11 6
17 18 22
2 5 17
20 20 17
6 7 3
7 11 6
22 0 17
2 5 7
14 18 29
21 23 6
13 15 1
23 1 18
20 21 20
13 15 23
22 0 17
22 0 26
22 1 17
13 13 9
11 13 29
11 13 18
11 13 23
21 23 16
21 23 27
17 18 4
16 19 23
17 18 6
5 8 16
17 19 5
12 14 24
0 3 21
5 7 26
16 18 19
3 5 4
4 5 29
22 0 6
21 21 12
7 10 18
23 1 5
18 20 30
9 14 11
18 20 26
22 22 16
9 10 18
6 8 30
5 7 26
19 23 11
3 4 9
18 21 12
16 19 3
17 20 7
3 5 15
1 4 23
20 23 6
2 3 24
3 6 1
22 2 18
3 6 26
14 15 24
16 20 30
7 8 27
8 8 21
17 20 29
11 12 20
2 6 13
1 3 29
1 4 21
19 21 25
17 19 7
4 7 13
15 17 9
17 20 28
9 12 3
3 6 9
0 3 11
14 17 26
17 18 5
6 8 19
5 8 18
6 9 3
16 18 1
18 20 28
13 15 29
17 18 14
21 0 11
17 21 15
22 0 7
19 18 2
18 20 14
4 7 22
5 8 21
18 19 30
18 20 13
2 4 24
13 14 23
13 15 23
9 13 15
6 8 24
15 17 25
4 6 15
1 3 11
21 22 15
7 9 19
23 2 1
2 4 9
7 8 5
6 7 13
8 10 3
23 2 5
8 10 14
10 11 3
6 7 1
19 20 10
15 15 25
23 2 12
14 16 8
6 6 10
17 19 16
11 12 10
21 2 2
2 6 16
6 8 4
20 23 25
19 20 7
21 23 18
18 19 9
14 16 4
0 3 3
15 17 6
12 14 13
23 1 22
10 10 27
19 22 3
22 23 6
5 6 27
12 14 21
1 2 18
15 18 20
1 2 19
0 2 10
18 21 14
16 19 27
12 13 10
18 19 23
10 10 21
9 10 6
12 14 9
10 12 18
0 1 18
11 13 9
5 7 20
7 10 16
23 1 5
4 6 24
7 9 30
19 21 4
6 8 29
7 8 5
0 1 2
16 18 16
15 17 5
21 22 19
20 22 30
15 17 2
9 12 30
12 14 9
19 21 2
11 12 29
21 21 24
14 15 23
0 3 4
11 13 12
5 6 2
17 19 16
10 12 24
22 0 17
23 0 14
19 20 8
16 20 11
8 10 24
16 17 16
11 13 1
16 17 12
5 8 20
12 14 11
14 17 21
4 6 19
15 19 10
0 1 26
0 1 28
19 22 2
13 16 18
12 14 9
10 10 7
1 4 7
17 20 16
2 6 1
5 6 9
5 8 5
7 8 4
4 5 28
2 3 24
19 21 26
9 10 22
3 5 20
23 1 6
5 6 4
23 2 25
17 19 8
23 1 7
20 22 17
8 9 9
13 16 29
18 20 20
12 14 27
6 8 10
15 18 16
16 17 29
16 18 3
17 18 5
16 20 4
19 21 23
7 9 23
0 2 17
21 23 16
20 21 1
0 2 12
21 22 27
0 3 16
12 12 6
18 20 23
3 4 6
8 10 20
8 8 24
9 10 20
1 4 23
13 15 29
22 22 27
15 17 20
7 9 24
2 3 14
3 5 14
11 12 11
15 17 25
9 11 8
8 9 7
23 23 22
7 9 16
4 4 11
3 3 4
13 16 13
17 19 2
13 12 17
8 11 30
16 19 7
22 1 26
21 22 1
5 7 25
12 16 1
13 15 12
1 2 18
21 0 1
1 3 23
11 11 15
14 15 9
17 18 1
20 22 16
20 20 10
2 3 15
20 22 10
14 15 5
17 19 4
16 18 6
20 21 20
19 21 10
21 1 3
6 7 13
20 21 11
6 8 23
3 4 28
23 0 23
5 9 22
4 6 28
7 9 22
13 15 20
11 15 12
16 17 28
15 17 15
2 6 13
18 20 18
16 16 17
16 18 20
14 14 27
5 8 7
3 5 18
16 18 12
15 17 4
19 22 15
4 5 1
18 21 4
18 19 4
17 19 1
7 9 29
9 10 17
22 23 3
6 7 30
2 7 2
5 8 21
11 13 15
18 20 22
11 13 14
6 8 30
3 6 28
4 6 21
11 13 12
14 15 11
18 22 14
2 2 21
14 17 4
13 15 9
6 9 8
16 16 13
21 23 9
7 9 29
12 14 1
9 11 18
10 12 1
13 15 12
19 22 15
3 5 27
6 6 6
3 6 5
7 10 12
16 19 23
22 0 7
0 2 17
15 17 10
9 9 12
19 21 21
12 13 15
13 14 5
10 12 24
4 6 27
17 19 20
7 9 14
3 6 3
0 0 1
8 9 28
11 12 7
11 14 16
9 11 3
11 15 24
20 20 19
18 23 13
7 9 29
16 16 25
21 1 8
14 15 19
23 2 14
13 15 16
15 17 25
17 19 2
18 20 4
2 4 10
23 1 16
3 4 19
23 1 13
18 21 13
10 12 3
10 10 23
7 8 9
5 8 6
6 9 25
14 15 25
18 19 16
13 13 27
3 4 17
16 19 10
15 18 22
5 6 7
7 11 3
23 1 6
12 14 2
12 13 3
15 17 26
9 10 17
14 16 14
11 13 16
18 21 5
12 14 21
15 17 26
11 12 17
14 16 4
8 7 18
10 12 14
0 3 26
7 8 26
1 3 15
5 7 17
19 21 17
1 1 2
12 12 21
23 2 6
19 21 21
14 17 30
12 14 20
0 3 19
4 6 12
15 16 14
16 19 10
8 9 7
22 23 14
21 22 20
21 23 22
19 22 12
8 10 8
6 7 2
16 18 22
4 6 27
19 21 11
15 17 18
20 22 19
3 6 29
8 11 7
1 6 7
20 21 24
21 22 22
20 21 14
14 15 2
6 9 6
3 5 19
6 10 16
19 21 5
11 14 24
20 22 21
10 13 27
20 23 25
23 1 15
1 2 18
2 3 7
17 20 15
5 6 3
22 0 25
8 10 14
12 13 28
14 16 28
8 9 11
6 9 4
22 23 8
9 11 3
12 15 6
18 20 20
2 4 13
10 12 20
16 20 14
9 11 21
1 4 4
3 4 13
11 13 4
5 8 5
11 13 25
7 10 23
14 16 7
14 14 20
20 23 19
7 8 17
16 17 8
8 10 8
4 5 1
16 19 5
1 3 12
4 6 10
10 10 13
18 21 14
7 9 14
5 7 18
11 13 29
22 1 30
0 2 5
3 3 21
8 10 3
18 21 5
11 12 4
0 2 18
20 22 30
12 14 19
20 20 13
2 4 1
12 15 8
11 15 8
8 8 24
13 16 25
16 19 8
6 11 11
23 2 30
6 6 7
7 9 18
0 2 27
11 13 16
12 15 14
2 3 7
9 10 8
16 17 19
0 2 28
11 12 6
6 8 25
12 15 16
10 11 14
7 8 7
0 3 2
18 21 7
9 13 26
6 9 14
2 4 29
23 1 28
21 0 14
10 12 7
16 18 30
10 12 10
2 3 17
21 22 9
18 19 26
1 4 12
22 0 24
3 4 12
7 9 18
0 1 14
16 19 2
13 14 16
11 13 17
1 2 8
2 4 14
17 18 9
9 11 12
12 15 17
22 2 11
17 20 7
16 20 18
9 10 12
0 2 13
17 18 8
21 22 29
15 17 21
8 10 26
21 23 29
22 23 14
16 17 26
6 8 30
4 5 12
16 19 28
14 16 21
0 3 27
11 15 27
0 1 14
20 21 27
2 5 30
6 7 25
3 6 2
10 11 29
19 22 20
2 7 30
20 22 29
13 16 2
11 13 5
21 23 4
7 9 20
17 19 3
3 4 30
8 11 7
1 2 3
10 14 17
19 21 26
21 23 10
10 12 29
6 8 17
11 12 2
10 11 27
11 13 23
15 18 20
8 9 10
23 0 23
20 22 8
23 0 1
11 13 22
8 9 8
15 18 11
9 11 17
18 22 2
9 12 20
13 14 12
15 17 21
7 9 25
17 18 12
9 12 1
4 5 29
8 11 1
7 10 27
16 17 18
21 23 19
3 7 10
8 8 11
18 21 7
11 11 15
9 10 22
18 21 19
0 3 3
11 14 28
18 19 24
1 3 5
4 4 26
6 10 28
19 19 16
6 8 30
13 16 27
5 7 17
21 22 11
21 22 12
7 9 12
22 0 25
13 15 29
19 22 23
19 22 7
10 12 12
5 7 1
0 2 15
18 20 4
22 0 17
18 20 3
11 13 19
10 12 2
16 17 2
21 0 19
2 3 29
20 21 5
8 11 13
15 17 3
3 5 16
2 6 9
1 1 3
6 7 29
4 6 25
22 0 17
7 9 27
11 13 14
15 15 30
8 11 30
13 15 16
8 10 29
1 3 11
1 3 19
14 17 26
8 9 29
12 14 4
6 9 20
11 13 9
0 3 8
3 5 17
5 6 15
23 2 13
12 14 9
12 15 26
4 6 8
16 18 28
16 17 26
13 15 21
2 3 9
11 14 28
20 22 13
20 20 12
15 16 29
7 9 28
21 0 7
20 22 4
17 18 28
16 19 19
12 14 30
12 14 11
11 13 18
14 16 12
5 7 18
15 17 10
15 18 11
6 9 11
2 5 18
23 0 20
12 13 11
5 9 20
0 0 8
13 17 17
13 15 17
0 2 23
22 23 4
7 9 18
10 10 6
1 3 9
9 12 20
4 7 28
22 23 17
3 6 9
6 9 2
15 18 15
18 21 2
13 13 29
12 15 13
14 16 26
12 16 18
11 12 5
9 10 21
23 23 29
23 2 3
21 23 20
10 13 7
19 21 15
17 20 2
14 16 18
15 17 15
18 19 29
4 5 23
19 20 25
8 10 20
4 4 7
4 6 29
1 4 1
10 12 1
1 5 19
4 5 1
19 0 9
15 17 19
15 17 1
1 3 22
17 18 8
18 19 14
11 12 1
20 22 17
5 7 22
13 15 22
12 13 3
0 2 12
5 8 20
9 10 20
21 22 19
17 18 27
3 4 9
1 2 25
6 8 13
7 10 23
5 8 8
0 2 29
17 18 22
8 7 16
2 4 5
15 18 16
17 19 9
16 18 29
2 4 20
23 1 19
1 3 16
5 8 25
13 15 30
15 16 11
17 21 15
6 9 4
15 18 16
10 13 11
20 20 20
8 9 23
21 1 16
4 6 22
5 6 14
8 11 4
20 21 16
0 2 21
5 8 22
18 21 18
3 4 18
22 0 28
1 3 2
8 12 3
10 12 11
1 2 6
17 16 11
18 22 20
9 12 1
9 12 3
11 13 7
11 14 28
15 17 26
16 17 14
12 14 10
10 13 12
4 6 20
8 10 17
9 10 28
0 2 15
11 13 5
6 9 5
15 17 23
16 17 26
16 20 20
2 5 14
16 17 30
0 2 4
2 4 19
11 12 10
22 1 16
13 16 4
12 12 3
22 0 21
7 9 11
17 20 26
14 16 14
20 22 4
8 11 24
12 12 26
0 2 3
12 14 9
13 16 10
17 18 21
5 6 17
2 4 12
17 21 10
23 22 29
10 12 30
23 0 3
21 22 2
17 19 18
23 2 16
13 17 6
7 9 23
17 16 28
22 22 19
6 8 1
12 13 20
14 16 14
4 5 11
11 12 24
11 12 3
13 13 21
1 3 26
6 6 2
1 2 7
2 4 15
19 21 12
9 10 6
13 14 14
21 23 4
