3410 30
2 13 19 19 7 25 29 28 22 8 20 24 19 21 23 23 2 17 13 10 19 5 10 27 1 7 5 12 20 12 
8 11 28
18 21 26
12 14 17
20 23 20
15 16 6
3 4 1
6 7 17
6 9 25
16 17 14
21 22 3
9 11 28
23 2 16
10 12 2
5 6 17
0 -1 26
23 3 15
3 5 4
13 16 27
21 0 17
5 5 25
5 7 17
5 5 11
7 9 22
17 17 11
4 5 3
13 14 24
0 3 20
11 12 8
10 12 21
0 1 11
11 14 11
6 7 7
8 9 3
14 16 7
23 2 28
23 23 13
0 3 18
18 20 6
3 6 8
7 10 2
5 6 5
4 5 24
12 15 25
16 19 20
2 5 16
21 23 27
23 2 11
7 9 14
8 11 19
10 11 9
11 15 11
2 3 27
3 4 18
22 1 16
23 1 1
7 10 30
7 9 3
5 8 7
22 23 25
0 3 8
15 17 5
16 17 22
10 11 27
16 20 25
18 19 5
12 13 15
1 3 6
2 5 15
17 20 9
21 23 14
1 3 22
12 15 26
23 1 5
6 8 13
18 19 26
10 12 20
15 17 10
13 18 7
4 7 3
5 7 9
16 17 1
11 13 2
11 13 23
6 8 4
2 3 9
3 5 14
22 1 3
14 16 6
14 15 25
10 11 13
21 0 25
16 16 21
12 13 7
18 19 23
5 5 11
2 4 11
1 4 29
3 5 11
21 23 29
14 18 2
0 0 11
16 19 23
8 9 5
5 7 23
12 12 18
10 11 24
22 23 1
21 0 6
8 9 1
20 21 25
11 14 18
15 18 19
1 3 4
9 12 18
19 19 29
3 4 30
10 12 22
23 1 29
5 8 11
0 2 1
11 12 23
16 19 10
12 14 1
1 3 3
6 7 10
8 12 21
3 5 10
9 11 16
4 6 6
6 8 8
23 3 23
6 8 8
18 20 14
11 13 18
4 5 19
19 21 25
21 23 20
18 20 1
13 16 6
14 16 23
15 18 28
10 11 11
16 18 26
17 19 27
10 11 8
21 0 26
5 7 25
22 1 21
10 11 19
0 3 19
9 11 23
8 10 25
10 12 2
23 1 21
22 23 22
15 16 15
12 14 14
2 5 27
2 4 22
20 20 22
7 8 11
2 5 8
0 2 25
20 22 18
10 12 8
0 2 2
13 15 8
12 12 30
21 23 29
10 12 17
2 4 24
15 18 30
3 4 24
11 13 5
0 1 8
4 7 20
6 8 8
23 0 12
22 22 10
18 21 16
17 19 11
14 17 30
9 10 19
0 2 18
7 9 23
8 9 24
5 8 24
3 5 1
2 4 28
2 3 15
5 8 9
0 4 14
7 9 2
21 22 27
19 22 1
1 4 8
21 0 14
12 14 26
0 2 11
17 20 14
6 7 5
8 10 13
4 8 27
10 12 4
9 12 6
12 15 14
17 19 24
10 13 12
19 21 8
4 7 22
15 15 6
11 13 28
16 18 10
19 20 20
5 8 22
1 3 20
14 17 18
11 12 16
12 15 1
18 21 11
11 13 23
12 13 23
7 8 25
6 9 13
23 0 28
3 5 17
6 9 7
22 0 5
12 16 17
12 14 28
4 6 8
17 19 10
23 0 2
12 14 6
20 22 21
20 22 21
4 7 30
23 0 17
8 12 29
8 10 7
2 4 4
13 14 20
18 21 6
2 4 29
14 19 7
15 15 7
14 16 5
22 23 9
12 14 4
8 10 13
8 8 21
4 7 10
23 2 30
1 4 21
15 16 9
6 9 13
21 21 16
11 12 3
14 16 12
19 20 6
16 17 9
9 11 3
15 16 18
0 2 14
10 11 5
20 21 14
23 1 17
19 20 10
20 22 30
13 14 22
9 11 18
18 21 29
12 15 26
3 8 10
4 6 12
12 14 14
2 6 13
17 19 10
12 14 25
6 8 14
10 11 10
7 8 14
6 8 30
12 14 16
15 18 29
9 11 30
20 0 30
0 2 6
8 10 12
13 15 2
13 15 11
3 4 11
13 16 7
12 16 24
10 12 25
16 19 18
5 5 29
16 16 23
17 17 21
9 12 11
2 3 26
2 4 20
13 15 18
8 8 7
18 19 27
22 0 15
14 15 17
13 16 15
22 23 15
2 4 3
0 3 22
20 22 20
3 5 21
22 0 3
13 16 8
20 21 17
2 4 20
10 12 26
15 17 7
4 7 25
11 12 3
1 2 11
8 11 4
7 10 4
17 19 17
11 12 22
1 3 6
21 22 7
19 22 17
18 20 3
13 15 24
13 15 20
13 15 23
8 9 23
13 15 28
14 15 14
11 12 9
8 11 16
10 11 4
6 8 26
8 10 9
5 7 29
13 15 26
19 19 16
16 18 14
15 18 21
14 16 2
3 5 19
15 16 16
23 2 20
21 0 25
5 8 4
2 5 8
2 5 22
7 9 11
9 11 4
1 3 29
10 11 5
5 7 10
14 16 6
4 8 16
21 23 13
17 19 22
4 9 30
22 23 14
11 13 3
17 19 7
22 1 23
18 20 11
0 3 30
18 20 11
18 21 25
12 13 16
3 4 15
0 2 16
1 3 27
20 22 30
22 0 8
7 10 21
23 2 10
15 15 13
23 0 5
5 7 18
14 15 29
21 22 3
0 1 1
11 13 23
8 10 23
13 15 17
3 4 5
7 9 14
12 13 24
20 20 17
15 17 20
21 23 29
21 23 4
14 15 24
21 22 14
5 9 25
6 8 1
15 18 6
5 7 19
21 23 11
8 10 10
8 11 22
3 5 1
17 19 6
16 19 25
21 0 25
2 5 4
8 10 16
17 18 20
5 7 9
2 5 27
10 13 20
0 2 24
3 6 12
21 1 6
16 16 17
19 21 26
3 4 10
8 10 19
10 10 3
3 6 7
11 13 12
21 1 25
3 5 9
10 12 5
5 9 7
3 5 20
21 22 20
21 0 26
14 17 16
0 3 4
10 12 11
17 18 23
7 10 13
17 18 13
2 3 13
15 17 8
14 16 24
13 15 22
11 12 19
11 13 19
2 3 23
12 15 6
1 3 7
21 23 23
18 20 4
14 13 5
14 17 21
8 8 21
11 12 7
6 8 23
0 3 5
9 13 10
5 8 27
4 6 22
14 16 23
3 5 23
23 0 9
13 15 24
8 10 12
23 3 1
5 5 6
22 23 3
7 9 6
6 9 13
13 16 27
17 18 26
11 14 28
22 1 25
10 11 6
9 12 18
12 14 7
8 9 12
15 16 5
1 4 22
9 10 8
4 4 26
10 13 24
13 14 4
6 9 11
19 22 25
20 21 1
21 21 23
20 22 22
21 23 15
3 5 6
12 14 10
10 12 1
15 20 1
6 9 16
0 2 11
14 16 11
1 5 24
16 18 29
22 1 21
5 6 5
2 4 23
23 2 8
13 15 2
21 0 2
1 5 21
12 15 22
1 4 1
21 23 18
7 9 5
15 17 30
18 21 6
19 21 23
22 2 19
14 18 13
5 7 26
12 14 24
6 9 4
16 18 25
1 4 18
8 10 23
10 12 27
6 6 6
7 9 8
10 12 20
18 21 13
16 17 27
4 5 16
9 9 5
0 2 14
13 14 8
4 6 18
10 12 24
17 19 18
20 22 15
5 6 8
4 6 19
6 10 5
23 1 13
23 1 28
20 0 24
7 9 2
10 10 16
12 15 13
23 0 28
23 1 8
17 19 9
22 23 13
0 3 6
22 0 10
18 19 30
0 1 7
2 5 9
23 1 2
18 18 20
17 19 20
4 6 5
15 16 22
15 16 5
12 12 9
21 21 13
6 7 28
13 15 27
22 2 17
13 16 22
15 16 22
1 4 1
13 15 5
19 20 25
0 2 29
14 17 12
11 10 19
21 23 15
2 3 8
2 5 1
2 3 30
16 18 3
6 10 20
13 13 21
16 19 25
4 7 10
20 0 25
4 5 23
14 16 15
21 23 10
0 2 12
22 1 7
17 19 19
13 18 17
10 12 1
6 9 10
23 2 28
16 18 17
16 18 2
22 1 23
6 9 22
16 16 8
7 10 2
2 3 28
5 6 13
0 3 5
15 15 4
6 7 22
16 18 14
14 16 17
11 12 17
18 21 28
4 5 22
5 6 16
11 13 9
5 7 19
22 22 27
21 23 7
14 16 26
8 11 8
18 19 18
6 9 29
22 0 3
3 5 9
10 10 5
13 13 4
5 8 10
5 5 23
16 18 21
17 18 12
9 10 24
23 1 16
11 13 3
22 23 4
4 5 22
18 18 28
1 2 10
22 0 24
18 20 6
5 8 21
6 7 7
15 19 7
23 0 23
21 22 14
15 17 14
17 20 18
1 3 18
22 23 29
15 17 22
9 10 2
8 9 24
2 5 23
22 1 2
21 21 2
4 5 6
1 2 7
19 22 15
8 9 6
18 20 27
17 21 20
0 1 12
11 12 1
8 9 30
14 17 14
20 22 13
7 9 9
15 17 11
15 17 15
8 11 12
7 8 21
15 17 6
22 2 30
7 8 17
16 18 2
4 6 30
9 11 5
5 7 12
11 10 5
20 21 28
6 9 2
10 12 24
0 2 29
13 14 18
8 11 5
13 17 23
0 2 3
23 2 2
20 23 23
20 22 15
14 17 6
22 0 2
14 15 24
5 8 5
21 22 22
17 18 23
1 4 22
16 17 2
8 10 24
16 17 8
18 20 9
2 4 13
10 12 4
4 7 6
12 13 18
5 6 20
22 2 16
8 11 13
9 12 1
18 19 3
5 6 15
17 19 22
9 12 2
19 20 15
0 0 20
7 10 28
15 18 29
12 12 11
20 21 15
12 15 1
13 15 13
17 18 19
13 14 30
18 20 30
10 12 21
8 11 29
13 14 25
18 20 21
0 3 20
21 23 29
15 15 23
7 9 22
5 7 9
7 9 8
20 0 24
14 17 2
16 17 22
18 19 12
9 11 3
22 0 27
15 16 23
21 23 14
14 16 24
20 23 12
17 20 5
18 21 17
6 8 18
8 9 6
1 2 2
10 11 23
16 19 29
3 6 10
8 10 16
16 18 5
0 3 26
11 13 5
4 6 16
5 6 30
21 20 6
3 4 9
1 3 17
9 10 6
21 23 4
0 1 27
5 7 27
2 4 30
14 15 22
19 21 17
20 21 19
5 7 2
1 2 24
2 2 29
0 4 24
6 7 17
13 15 20
14 17 14
6 9 22
6 9 30
4 8 5
9 11 21
6 8 10
8 9 6
1 3 11
1 3 9
21 23 11
15 17 18
2 4 26
21 0 7
6 6 8
22 1 11
0 3 29
1 3 15
20 22 27
9 9 18
7 10 22
0 2 10
9 11 30
0 2 14
21 22 11
6 8 7
0 1 10
16 18 6
3 3 1
18 19 9
19 22 11
9 9 20
6 9 23
22 0 29
21 23 4
9 10 21
9 12 29
23 1 25
6 8 5
12 16 20
19 19 20
6 6 16
17 19 1
13 14 22
6 8 27
4 6 24
18 22 14
12 15 15
18 21 25
3 6 16
11 14 17
4 5 16
9 11 4
18 19 17
15 17 9
16 19 6
15 17 11
12 13 12
9 12 28
8 11 13
17 19 5
18 21 6
3 5 2
14 15 16
10 12 12
9 11 17
23 23 18
12 14 10
11 13 10
16 19 18
23 0 8
10 12 11
19 21 24
17 20 19
10 10 7
4 5 16
12 15 17
1 2 13
18 19 7
9 11 6
2 5 30
3 5 17
9 12 18
13 16 9
23 1 19
13 14 8
8 8 10
4 7 28
18 20 12
3 6 4
4 7 7
1 2 14
0 0 24
23 2 9
21 23 1
18 19 6
11 13 2
4 8 11
8 9 22
0 3 9
7 9 18
8 10 1
7 8 23
8 12 9
0 2 8
1 4 7
9 10 6
18 20 13
15 17 17
3 3 16
6 8 10
2 4 29
3 7 24
17 20 16
17 19 14
2 3 29
15 16 11
5 7 14
4 8 26
4 5 14
16 19 28
13 17 11
7 8 20
3 7 8
1 5 14
15 19 11
17 19 28
17 20 19
16 18 3
7 8 27
9 11 29
3 4 5
4 7 13
11 12 12
6 9 5
15 18 23
6 7 4
16 17 25
23 2 14
8 10 18
23 1 18
5 8 9
19 21 17
21 22 3
22 1 14
8 11 2
12 13 21
23 1 20
18 22 12
23 0 21
21 22 29
23 1 21
23 1 14
15 17 3
9 12 24
7 9 15
18 20 25
16 19 1
11 12 8
7 8 30
15 17 4
16 20 26
13 15 21
17 19 8
17 19 21
18 20 12
8 7 29
23 1 12
20 23 6
11 13 22
12 14 3
8 10 4
6 9 6
19 21 27
19 20 1
19 22 23
6 8 24
8 9 30
7 9 19
0 3 21
17 17 5
17 19 25
13 15 5
7 10 9
9 12 11
6 8 22
8 10 12
20 21 1
2 5 8
10 13 20
11 13 16
13 15 28
12 13 8
23 0 11
8 10 12
14 15 2
13 16 15
20 22 14
7 8 10
8 10 5
10 11 16
7 8 7
9 9 9
0 2 7
3 5 24
3 6 27
22 23 11
6 9 14
1 4 25
2 3 17
11 12 12
0 1 19
18 22 28
19 21 16
22 1 3
1 3 11
22 1 28
19 22 9
16 19 27
4 6 5
21 23 15
20 23 4
4 7 11
5 6 3
8 9 28
17 18 6
19 21 1
5 7 3
16 18 9
15 16 18
11 11 16
21 22 23
1 4 26
16 17 2
16 17 25
18 20 28
10 12 15
6 8 3
5 7 17
3 5 5
1 3 20
1 2 18
10 12 28
21 22 9
15 17 15
17 20 8
0 2 3
17 18 23
23 1 5
9 10 26
1 2 28
1 3 21
16 19 27
18 21 20
8 11 6
10 12 17
8 9 14
22 1 18
23 2 28
11 12 26
1 4 5
12 15 19
21 23 20
3 5 28
23 2 26
21 21 10
6 8 17
16 18 11
3 5 29
20 0 5
4 5 12
13 15 25
21 22 2
9 10 7
17 20 25
2 1 19
9 11 21
14 16 18
0 1 19
18 20 14
15 17 8
12 13 13
22 23 29
9 11 1
22 0 26
12 13 1
23 0 25
0 3 7
0 3 1
17 19 10
17 21 19
6 7 2
10 11 13
10 12 8
3 4 12
7 9 28
16 18 26
5 8 2
23 2 13
23 1 16
21 22 8
1 3 2
22 1 12
10 13 15
13 16 14
20 20 19
16 18 20
15 17 13
5 6 24
14 17 16
11 15 6
16 18 6
19 22 19
21 23 16
2 3 23
9 9 20
14 15 3
1 2 17
4 6 16
16 18 26
1 3 29
9 11 10
17 17 24
3 3 4
7 10 3
15 17 18
10 12 14
17 19 27
1 3 27
12 12 23
21 0 29
12 16 4
23 1 24
4 5 28
16 18 15
0 2 18
23 0 27
4 7 6
3 4 1
10 11 12
3 3 23
16 17 15
4 7 3
20 23 11
16 19 7
22 0 25
16 18 15
11 12 24
14 15 20
23 1 10
18 21 28
2 4 16
15 17 9
6 9 7
3 5 21
22 0 16
5 8 17
23 2 3
14 15 27
6 6 12
15 16 27
8 10 20
10 11 12
14 17 8
21 0 10
0 3 10
10 12 13
0 0 29
10 12 30
23 2 28
13 15 5
14 14 23
6 8 7
18 20 23
15 18 6
23 0 3
8 8 19
6 6 10
15 16 22
3 6 30
6 7 18
10 11 19
1 3 15
8 9 19
22 23 19
10 11 23
8 10 15
1 3 25
17 19 11
21 22 12
11 12 26
19 21 8
12 15 22
0 1 10
2 4 9
21 0 13
8 11 30
9 10 16
19 22 30
8 12 22
3 6 30
18 20 3
4 6 15
11 14 20
6 7 9
23 2 11
19 19 27
3 4 17
13 14 26
21 23 27
16 18 25
11 13 12
16 18 9
2 3 5
5 9 7
5 7 5
0 1 23
3 6 20
11 13 19
3 5 19
4 5 6
15 16 15
3 5 19
8 10 18
17 20 2
1 3 8
15 18 7
17 18 9
2 3 26
16 19 3
10 12 21
23 0 23
13 14 23
8 9 22
4 8 30
11 15 2
6 9 29
14 16 4
2 5 1
10 11 28
12 12 11
12 15 18
2 3 18
22 23 23
10 12 13
5 7 10
3 5 14
5 7 9
14 16 22
22 0 16
22 23 29
11 12 8
14 16 14
8 11 8
10 12 29
1 3 24
19 22 14
14 15 14
3 5 23
12 15 12
7 9 14
0 4 21
2 5 16
5 6 18
11 13 21
6 7 20
15 18 17
9 11 11
10 11 24
14 15 18
22 1 12
11 13 13
0 1 21
10 13 12
18 21 1
12 15 24
1 2 8
15 18 23
3 5 14
9 9 25
9 10 3
8 12 22
23 2 29
18 19 25
3 7 6
19 21 3
22 1 30
21 23 30
3 5 30
22 0 15
20 23 19
22 23 1
22 0 26
17 18 11
18 20 2
15 18 15
3 5 19
10 12 10
1 4 30
3 4 10
13 15 24
2 6 25
8 10 10
11 13 14
3 4 23
18 20 21
10 11 4
14 16 6
22 0 27
22 22 14
15 18 15
18 20 2
10 12 23
2 5 4
12 12 16
21 22 21
19 20 26
0 1 1
2 5 15
21 0 13
23 1 17
21 0 2
21 0 8
14 15 2
15 17 5
2 5 10
14 16 15
7 8 2
11 14 25
14 16 5
8 9 17
14 16 29
4 6 20
10 13 18
14 16 3
13 15 10
19 19 26
3 3 17
20 23 2
17 20 15
19 20 27
7 10 24
10 12 8
19 22 6
19 19 12
8 10 30
11 11 3
13 14 7
10 11 22
11 13 27
15 17 10
11 13 4
18 20 20
2 4 12
18 20 17
15 16 17
1 3 15
12 16 6
22 1 1
18 21 1
9 11 24
20 22 26
15 18 28
14 17 28
2 4 12
20 22 25
15 19 16
18 19 10
22 23 3
22 0 3
21 22 20
13 14 14
0 1 12
15 17 5
22 0 18
3 5 17
8 10 16
4 6 8
7 9 7
18 19 29
18 20 12
10 11 11
21 22 24
9 12 17
6 8 29
7 9 3
13 14 11
22 1 14
23 2 26
1 4 5
11 12 9
17 18 15
1 2 16
16 18 23
19 21 17
11 14 1
9 9 15
22 1 25
0 1 11
21 1 26
15 17 5
15 17 10
19 21 1
9 11 24
9 11 20
19 22 27
17 19 30
0 3 9
11 13 4
19 20 24
17 20 12
21 22 30
18 20 29
5 8 27
17 20 19
5 7 8
6 9 3
12 16 15
5 9 22
14 15 12
18 21 22
9 9 22
20 21 30
12 17 19
20 22 20
18 21 9
0 3 15
12 14 1
17 19 10
12 17 18
14 17 30
1 3 16
9 11 26
22 23 4
11 15 22
4 6 16
4 6 17
6 9 12
10 12 11
3 5 14
9 11 1
15 16 9
7 9 30
7 11 26
0 3 12
2 3 2
21 23 7
23 2 13
17 20 30
19 21 13
7 8 19
8 10 3
12 14 8
14 17 23
20 20 12
17 18 1
1 2 12
13 14 22
22 0 13
10 12 8
9 11 5
22 0 8
6 10 3
12 14 28
9 11 1
15 18 27
8 9 17
23 2 16
6 9 30
23 0 18
6 8 14
16 17 20
22 0 29
12 14 19
11 12 19
10 12 5
2 4 22
1 2 20
23 23 29
3 3 15
11 13 2
23 0 20
19 21 24
20 21 17
16 17 20
19 21 19
23 1 4
1 2 19
8 10 17
22 0 21
18 20 21
18 20 2
22 23 15
4 5 10
6 7 3
15 18 18
12 14 13
9 12 3
14 15 22
19 21 21
5 5 6
20 22 30
7 10 6
2 4 11
22 1 2
18 21 25
18 20 29
19 19 23
21 23 20
11 14 3
0 1 27
0 2 12
1 2 3
1 4 22
2 6 5
21 0 6
13 15 11
23 0 15
4 5 24
0 2 28
1 4 16
12 15 7
0 3 24
20 21 2
17 19 25
8 11 2
8 8 15
15 18 3
9 13 8
9 10 20
14 15 21
16 18 3
21 0 5
6 8 23
20 22 3
3 5 20
15 16 18
14 15 15
14 14 14
8 9 14
22 0 13
19 22 18
22 23 18
16 17 11
1 3 18
17 21 24
6 8 21
2 4 28
2 4 16
4 5 17
9 10 30
3 5 25
19 20 2
5 6 8
12 13 17
21 22 10
23 0 11
15 17 27
2 5 1
7 9 22
1 4 29
6 7 20
15 18 19
23 2 5
6 7 12
18 21 24
17 20 11
1 3 24
15 19 15
11 14 16
8 11 2
16 19 18
20 23 23
21 23 28
15 17 10
3 5 28
12 15 26
7 7 7
21 23 8
2 4 3
13 15 8
12 16 6
7 9 19
19 21 15
16 19 1
23 2 22
12 13 11
19 20 2
20 22 13
6 7 24
4 5 13
21 22 10
12 14 28
14 15 5
6 8 23
17 20 22
7 9 27
15 18 23
1 3 25
22 2 16
0 2 16
14 14 20
13 14 30
5 8 13
5 6 10
18 22 3
14 16 14
20 20 18
5 8 8
23 1 30
6 9 28
4 4 21
12 15 15
19 21 22
2 3 1
22 22 6
11 13 29
20 23 26
22 23 25
18 19 3
15 16 14
8 8 17
0 1 8
3 5 20
21 1 17
18 21 11
17 19 4
15 16 3
3 6 8
4 6 14
14 16 17
16 18 26
14 17 10
2 5 2
22 23 3
13 15 21
22 23 18
17 17 20
14 17 4
22 23 30
14 16 21
11 14 12
5 6 12
7 10 26
18 20 11
0 2 15
15 18 14
14 16 15
15 17 14
0 2 10
7 7 8
6 9 7
1 4 18
17 20 5
19 21 19
19 23 12
22 0 17
3 5 12
2 5 26
8 10 28
11 14 5
4 5 1
20 0 24
20 22 30
1 3 23
1 2 22
8 9 1
13 14 26
12 14 22
4 5 21
3 6 7
23 0 30
1 5 9
23 1 7
16 18 15
10 12 15
14 18 6
16 17 20
10 13 10
3 5 3
14 17 29
17 19 19
3 4 9
4 6 12
5 8 9
5 6 17
14 16 15
20 23 14
19 22 19
13 14 30
7 9 18
9 12 18
17 21 29
19 20 20
23 0 2
9 12 17
17 18 23
22 21 27
1 4 29
13 13 14
0 3 17
21 0 3
23 23 24
13 15 21
13 14 17
16 18 17
8 11 10
5 7 11
1 1 27
12 13 24
16 17 17
2 3 22
0 2 13
4 6 27
6 9 16
17 18 8
6 9 17
23 2 4
5 7 17
17 19 29
9 12 28
20 23 4
3 5 5
9 11 13
19 20 8
16 17 25
16 16 8
21 21 15
16 19 13
5 7 5
2 4 14
8 10 4
5 7 18
22 0 14
4 6 26
9 11 19
22 1 10
8 10 1
4 6 9
15 17 3
1 1 20
22 1 22
1 4 8
20 0 6
16 16 25
16 16 23
18 21 30
11 14 8
6 9 4
0 3 21
14 16 29
9 11 24
22 0 15
13 14 19
15 16 26
21 23 2
16 17 24
20 20 19
5 7 21
19 21 16
16 18 10
17 20 4
17 19 26
16 19 2
11 13 13
22 0 8
7 9 30
16 18 23
20 22 14
7 7 12
13 14 22
19 21 25
21 21 13
16 19 5
18 21 12
11 12 17
15 18 28
12 13 5
15 17 25
1 3 16
10 12 23
7 9 4
2 6 24
8 11 5
9 11 11
23 2 19
2 7 22
7 8 13
8 10 16
1 3 12
20 0 24
7 8 30
23 23 25
13 16 1
0 2 17
2 3 15
5 7 14
7 9 24
14 14 17
9 12 27
13 16 12
1 3 28
16 18 5
16 19 7
1 2 5
1 1 17
4 6 4
17 20 8
7 9 20
17 18 7
10 12 2
4 5 8
0 3 11
18 19 21
10 12 21
11 14 3
17 19 2
7 9 13
20 21 18
7 9 9
0 4 8
13 15 17
13 15 15
16 17 12
3 6 20
15 16 12
23 2 12
13 13 19
3 5 3
13 16 4
6 9 6
23 0 23
14 16 24
22 23 29
21 22 15
15 17 15
13 16 6
13 15 30
13 15 7
22 23 30
2 3 26
8 11 4
5 7 15
21 2 4
20 0 25
0 4 23
11 13 5
2 4 17
17 18 7
18 21 7
19 21 19
19 22 23
7 8 16
6 10 15
4 5 27
12 15 10
15 17 11
21 23 5
18 21 2
6 8 25
9 11 19
20 22 10
23 0 1
17 20 9
5 5 15
2 4 7
3 4 21
13 16 16
12 15 22
9 12 4
14 16 10
1 5 11
4 5 20
21 23 5
5 7 5
3 4 5
2 5 12
8 10 22
22 0 7
4 8 4
6 7 24
18 22 17
8 11 3
9 10 4
14 17 5
15 14 2
18 20 6
3 5 28
20 21 22
23 1 10
4 4 23
23 0 28
20 23 18
16 17 19
22 0 5
14 15 3
19 22 4
2 3 7
7 10 18
21 23 20
9 10 10
7 8 12
18 18 13
11 13 20
23 3 16
16 18 20
0 1 26
6 8 30
6 8 9
8 11 17
22 0 9
8 11 23
3 3 10
5 7 14
2 5 25
6 8 14
20 23 11
10 11 14
0 3 28
5 7 13
17 20 14
2 5 5
5 7 16
10 10 10
4 7 18
4 6 25
0 3 8
22 0 3
12 13 14
23 1 4
17 20 16
16 16 19
21 23 21
19 21 30
4 7 16
7 9 14
1 4 6
19 21 4
13 14 5
19 21 29
14 16 18
17 18 7
14 17 18
6 9 12
23 2 7
8 9 4
16 18 12
12 13 11
22 0 27
8 10 4
8 11 11
21 21 13
17 19 19
10 10 21
22 0 16
12 14 1
1 3 25
5 7 19
11 14 28
16 19 1
8 10 5
0 2 29
4 7 30
14 16 13
15 16 15
1 2 12
4 7 18
22 21 21
13 15 14
11 15 2
10 13 8
12 12 28
21 23 10
15 16 29
2 3 24
22 1 14
12 15 29
3 6 17
4 5 17
0 3 14
14 15 23
7 8 6
9 11 6
9 10 10
14 17 21
19 21 27
4 7 14
16 17 28
10 12 30
7 10 20
18 20 13
22 0 6
15 17 12
12 13 3
18 20 3
8 11 19
20 0 25
18 21 22
3 5 14
11 13 7
8 10 9
20 21 24
16 18 17
17 18 13
18 19 16
8 10 23
22 0 14
13 16 19
1 4 29
6 9 4
7 9 30
7 8 1
2 4 21
3 4 9
11 13 16
6 6 28
22 23 6
18 19 2
19 22 21
14 17 19
14 16 21
0 2 19
15 18 11
0 2 19
0 2 28
16 20 23
3 6 30
17 19 10
4 6 5
16 18 12
17 21 10
1 2 11
1 3 19
10 12 27
1 4 16
8 9 22
8 10 30
5 7 10
8 10 20
12 13 7
21 23 13
0 2 27
2 5 15
4 4 19
19 20 27
11 13 14
8 10 24
14 18 24
2 5 20
21 1 27
2 5 27
4 7 25
4 5 3
7 8 14
2 3 29
21 22 27
1 4 25
19 20 11
9 11 30
1 2 13
18 20 16
7 10 7
7 8 30
14 16 28
8 9 3
5 7 13
7 9 14
4 6 29
12 14 1
15 16 23
14 17 17
3 5 2
15 18 1
20 22 6
2 3 13
15 17 18
23 1 23
3 6 26
16 19 26
5 7 19
22 0 19
0 2 28
4 7 3
8 12 5
9 11 20
16 17 8
10 12 11
22 23 12
1 2 25
16 19 15
7 10 28
5 6 25
18 20 8
15 17 24
7 8 24
17 18 19
8 9 23
2 5 3
19 20 13
18 19 18
22 0 25
8 11 21
19 20 26
17 18 14
2 6 22
23 0 3
3 4 26
1 3 4
9 12 25
14 15 4
6 8 1
1 4 25
18 19 10
1 2 1
0 3 24
9 11 24
11 14 2
20 19 7
23 1 18
16 18 27
0 1 27
23 0 12
22 1 11
6 9 20
9 11 28
14 15 6
18 19 5
21 23 15
23 0 4
20 22 15
5 9 4
19 22 21
22 23 24
2 4 20
1 3 6
23 0 4
15 15 16
21 21 26
0 3 21
18 20 19
13 14 24
16 17 27
15 17 4
16 18 11
9 11 12
21 21 8
17 19 21
1 1 4
20 22 9
2 5 30
14 16 27
3 3 14
9 12 27
18 20 14
22 22 8
21 0 16
7 9 23
10 12 9
12 15 1
16 17 16
19 19 14
18 19 22
17 19 8
9 11 13
10 12 18
6 8 11
10 12 11
17 20 25
9 12 18
6 9 18
6 7 2
20 22 6
8 10 21
20 22 23
17 20 15
13 14 28
23 1 22
1 3 8
23 2 9
20 22 15
23 0 10
18 20 3
0 3 8
18 19 29
11 13 6
20 20 15
18 20 26
8 10 21
16 19 19
10 12 20
20 22 21
8 10 21
4 6 11
18 19 14
21 22 26
23 1 8
1 3 1
14 15 30
23 2 23
2 3 29
4 5 6
12 15 6
23 1 4
9 13 21
17 18 17
4 6 5
6 9 13
18 20 30
22 1 22
15 15 16
21 22 16
9 10 3
7 8 12
14 15 18
2 5 22
18 22 27
10 12 17
16 19 9
2 4 9
12 15 16
8 11 11
0 2 14
19 21 16
4 6 3
3 3 30
16 19 22
0 3 22
23 1 12
0 3 12
12 14 2
8 11 12
9 12 28
4 6 24
17 20 24
18 20 30
6 8 15
21 23 5
16 19 12
9 10 19
8 10 22
11 13 15
22 23 14
6 9 30
22 0 14
10 12 23
9 12 17
20 23 26
17 19 4
8 12 14
21 23 15
9 11 3
7 8 7
3 6 8
12 15 6
6 8 13
19 21 26
18 20 6
8 8 5
9 9 23
16 18 25
22 22 15
5 8 29
23 3 30
1 4 15
2 3 18
8 11 10
0 0 8
14 15 27
3 5 14
11 12 7
14 16 28
2 5 21
4 7 13
15 17 2
10 13 3
3 5 8
9 10 20
12 13 18
15 16 13
10 12 15
23 2 2
18 19 29
12 13 14
17 19 12
0 2 13
5 8 16
15 17 11
5 7 18
21 0 18
5 6 17
11 15 25
7 10 21
17 20 23
19 20 9
2 3 18
18 20 3
6 9 30
13 15 2
6 8 17
16 20 30
9 10 4
18 21 4
4 8 30
19 22 9
4 6 23
9 13 5
12 13 19
18 18 12
16 15 5
9 11 26
1 1 12
21 23 10
23 1 16
23 1 7
19 20 5
5 9 9
12 14 26
16 20 17
15 16 23
15 17 24
5 6 5
7 10 1
0 2 11
7 10 10
8 9 1
21 0 18
13 13 24
18 21 25
2 4 23
6 7 24
22 0 5
15 16 18
0 -1 13
23 2 18
1 3 17
22 0 18
23 0 18
1 5 3
7 10 12
18 19 17
11 14 10
22 23 20
22 0 2
23 0 10
23 2 19
17 20 12
14 13 4
10 12 24
16 17 16
11 14 6
14 15 16
17 21 5
12 14 6
6 8 2
1 3 30
0 1 21
19 23 1
12 15 12
5 7 28
23 1 10
18 21 21
16 19 30
4 6 1
13 17 24
7 7 25
20 21 15
7 8 1
4 7 21
14 17 6
2 3 3
8 10 24
22 0 22
6 7 10
17 18 9
4 5 26
7 9 9
22 0 28
15 17 18
18 19 24
0 2 8
13 17 2
14 18 9
8 12 25
22 1 5
16 18 5
16 18 24
23 23 3
15 17 14
8 11 24
13 15 25
20 21 2
21 1 30
9 9 15
0 2 21
7 8 22
11 12 14
5 7 14
9 10 20
23 0 13
7 10 13
16 20 6
19 20 12
21 23 6
7 9 23
14 16 9
9 11 24
3 4 22
3 5 19
23 1 14
1 2 29
11 13 8
7 10 12
17 18 17
13 14 11
17 20 21
17 20 8
11 13 21
5 6 13
16 18 23
7 8 25
14 15 23
9 10 26
6 8 27
4 7 4
10 11 4
2 4 1
20 21 2
14 17 14
3 4 2
12 14 30
10 12 15
3 5 26
8 12 7
14 16 10
10 11 4
16 18 19
16 17 7
14 17 19
19 23 1
18 21 6
6 9 30
23 1 12
14 16 13
12 13 7
16 17 16
11 14 18
3 4 2
20 22 7
12 14 16
12 14 8
10 12 16
19 22 19
10 12 20
2 4 15
12 13 21
1 3 27
5 8 30
20 22 29
20 23 2
3 5 21
9 12 19
2 4 21
21 23 5
6 8 12
13 16 22
3 6 2
17 17 20
3 4 30
8 10 2
22 0 5
8 9 26
14 17 27
11 14 3
0 4 4
16 18 25
22 1 24
23 1 7
6 7 2
5 7 22
6 8 22
17 18 4
4 7 25
20 23 4
13 16 6
11 12 19
14 18 28
18 20 27
11 13 1
4 6 6
15 17 23
21 0 10
6 7 24
12 16 1
23 0 14
4 5 23
1 4 5
1 3 13
19 21 15
21 22 17
13 14 28
4 6 21
0 4 27
23 1 4
10 10 13
2 3 1
5 6 4
8 9 27
18 21 22
13 16 9
2 5 27
20 22 16
19 21 17
6 8 29
15 18 16
5 7 2
5 6 30
19 20 17
7 11 9
0 0 6
6 8 1
23 23 29
6 8 29
23 2 9
8 11 22
15 17 5
17 18 4
20 23 21
9 12 28
5 6 3
2 3 21
18 20 11
18 19 17
14 16 10
3 4 20
19 20 9
19 20 8
17 19 27
13 15 22
16 18 30
13 16 13
1 3 7
4 5 11
5 7 29
3 5 13
3 6 10
20 21 18
14 16 23
20 23 3
2 4 2
18 19 19
8 9 6
4 7 7
16 19 4
5 7 21
13 17 13
12 13 19
9 10 24
2 2 27
18 20 29
23 1 14
14 15 19
4 7 30
4 6 2
13 16 20
17 21 15
7 10 22
20 21 18
8 11 7
14 16 9
17 18 30
20 23 4
2 5 19
22 0 3
15 16 18
23 2 16
3 5 3
15 18 20
3 7 29
20 20 6
10 14 12
19 22 11
10 11 22
1 3 5
7 8 18
20 21 19
6 7 7
15 17 13
15 17 24
3 3 15
13 13 19
11 13 8
16 17 26
10 12 30
9 10 6
15 17 24
6 8 27
7 7 10
9 10 29
17 19 10
23 1 2
10 12 3
13 13 5
8 10 13
12 13 25
8 11 12
0 2 18
7 8 18
21 23 23
21 0 13
21 23 28
18 20 12
21 23 21
19 22 1
10 13 28
22 23 4
8 9 30
14 17 10
19 22 28
1 5 30
5 7 24
1 3 2
11 14 26
5 7 13
15 16 1
7 9 13
23 0 22
13 13 15
0 3 5
2 4 21
10 9 14
16 19 16
5 8 1
5 8 19
15 16 9
1 4 1
0 2 15
15 19 14
14 16 9
10 12 22
9 11 19
23 0 12
16 19 21
17 19 1
1 2 19
13 14 26
15 16 3
6 7 16
14 16 30
22 1 3
9 13 28
8 10 22
23 1 19
9 12 22
17 19 12
13 14 3
1 3 20
14 17 28
11 12 9
15 15 2
2 3 22
11 13 30
10 12 8
5 5 17
4 7 3
9 11 27
4 6 10
1 2 25
11 13 25
15 15 29
4 6 1
9 8 6
0 1 15
2 4 3
21 22 27
14 17 14
6 8 23
9 11 1
8 10 20
23 0 1
10 13 4
23 1 19
20 22 11
13 15 29
4 6 30
11 12 9
3 5 20
14 15 9
11 12 4
3 4 10
12 14 14
16 18 1
18 21 27
2 5 16
10 14 5
4 6 25
16 18 19
9 10 21
23 3 19
2 2 11
9 11 15
9 10 18
5 7 19
8 8 16
16 17 11
17 18 16
10 13 25
3 5 24
11 12 22
17 18 1
19 21 24
15 18 20
13 16 27
15 16 2
17 17 4
14 15 14
15 17 4
23 3 8
21 22 12
5 6 5
21 1 18
16 19 18
17 19 13
16 16 28
2 4 16
16 19 19
23 0 10
2 4 25
23 2 16
6 7 23
2 4 15
10 14 21
4 5 10
2 4 8
4 6 29
0 2 19
4 7 11
1 2 10
0 2 2
12 13 29
2 5 28
15 17 7
3 6 3
19 20 4
6 10 28
8 8 2
17 18 30
3 6 13
3 7 23
2 2 5
11 12 19
3 6 29
18 21 11
19 21 10
12 15 28
3 5 1
18 20 24
22 2 4
4 6 21
3 5 22
10 11 13
2 4 28
7 10 15
0 0 23
20 22 26
1 3 18
22 0 4
2 4 9
21 0 22
19 23 3
15 16 26
6 9 28
3 7 18
4 6 9
18 21 25
8 10 12
4 6 6
0 3 26
8 10 25
13 16 13
18 21 6
13 16 3
0 2 18
5 6 27
5 7 18
3 5 17
5 9 18
18 20 16
8 10 9
13 15 4
4 6 3
0 2 25
9 9 28
23 2 8
5 7 27
13 15 3
0 3 1
12 12 16
19 21 23
13 16 27
20 23 19
21 0 19
10 13 2
18 20 30
21 0 22
16 19 13
1 2 6
14 15 16
12 14 28
8 10 18
6 7 4
11 12 29
23 0 11
10 10 18
7 9 22
14 15 24
2 3 8
2 4 10
2 4 14
21 22 29
20 22 16
20 22 16
15 18 19
15 18 11
12 16 21
13 16 6
22 23 26
23 2 4
15 15 7
16 19 20
23 2 10
21 0 8
5 8 15
11 13 26
11 14 17
20 22 1
12 16 26
6 8 12
11 14 15
16 18 25
18 21 3
9 12 11
14 17 12
14 14 4
5 5 15
4 7 5
18 18 6
3 5 26
22 0 21
17 20 12
21 23 10
9 11 11
11 14 28
12 13 12
15 20 13
13 14 23
21 0 5
12 14 6
8 13 2
6 10 7
9 13 1
19 19 7
9 11 15
20 21 15
0 0 14
3 5 21
21 22 18
7 9 12
16 19 15
4 6 10
1 5 20
14 18 27
16 19 24
17 22 2
6 7 17
12 16 6
4 7 21
1 3 24
19 20 5
9 12 7
19 21 21
19 22 7
5 5 10
18 20 3
18 21 30
22 0 10
10 11 26
13 14 12
17 18 13
20 22 23
19 21 25
20 23 10
17 19 21
6 7 22
19 22 15
5 8 29
12 14 23
15 17 30
16 18 17
6 9 24
6 5 29
5 7 22
8 11 26
4 6 16
4 7 25
15 17 27
9 10 13
16 19 9
21 22 20
8 9 17
10 11 3
23 1 29
10 12 22
8 10 8
3 5 20
6 8 29
17 21 27
10 10 8
20 23 1
12 14 1
23 1 20
5 6 22
14 16 12
4 7 21
20 23 24
2 4 17
10 13 29
4 8 29
15 16 14
16 19 26
22 0 17
2 1 19
22 22 9
12 14 20
17 20 21
21 23 29
19 22 14
6 8 18
23 0 4
3 5 23
2 4 26
11 14 21
13 15 22
22 23 6
23 0 19
16 18 13
18 20 24
12 14 19
17 19 30
16 19 19
2 4 13
21 22 14
3 6 28
21 23 2
6 9 2
5 7 24
15 19 17
4 8 15
20 23 15
5 8 8
17 19 24
9 12 23
13 16 26
7 9 28
13 14 26
3 3 18
15 17 19
2 5 19
18 19 30
12 14 24
10 12 10
16 17 27
2 4 15
17 21 13
5 5 10
19 22 14
3 7 27
21 23 20
13 13 5
23 1 24
21 23 7
4 7 10
11 11 16
1 2 19
19 22 11
20 22 27
7 9 13
15 16 16
4 7 4
5 8 5
20 22 1
0 1 12
15 17 7
19 19 14
16 19 19
3 5 24
18 20 21
19 21 4
11 12 29
17 18 20
10 11 26
10 13 19
9 11 28
2 3 11
12 13 19
11 14 6
9 11 18
16 18 7
14 18 18
17 19 5
17 18 5
3 5 4
12 14 25
15 16 21
13 16 10
9 11 6
6 9 27
0 3 14
18 21 29
13 16 16
2 4 16
4 5 4
0 3 4
13 14 1
22 23 30
23 1 12
20 0 16
4 5 20
19 21 3
18 20 18
17 18 3
19 21 26
2 4 6
11 12 11
2 3 27
18 20 10
11 13 28
1 2 1
6 8 19
12 15 4
17 19 5
19 19 5
11 12 23
20 23 25
0 1 30
4 6 20
5 8 29
22 1 29
4 5 16
11 12 27
16 16 28
21 22 30
19 22 30
19 21 20
21 0 27
5 7 9
8 9 20
15 20 2
8 11 30
2 4 9
19 20 30
5 6 8
13 13 9
2 2 2
5 7 1
19 20 13
10 12 8
17 18 8
3 5 11
1 5 12
14 16 17
6 8 27
2 1 28
22 23 6
2 5 1
17 21 20
3 6 27
19 21 5
10 11 28
18 19 20
18 20 2
19 22 1
8 9 14
0 2 11
3 4 23
6 7 12
6 8 17
1 1 21
17 17 11
11 14 17
9 10 6
0 1 19
14 17 3
9 11 3
19 22 14
19 20 19
8 8 18
22 0 28
16 17 4
9 10 8
19 21 24
7 9 30
15 19 2
3 4 28
22 0 24
7 8 26
4 7 14
12 14 13
20 21 1
1 3 8
17 19 11
18 20 30
18 20 10
16 18 17
13 14 6
2 4 15
1 4 11
11 14 14
14 18 9
5 8 19
20 22 19
10 10 14
5 7 13
14 15 10
19 22 29
1 2 27
22 23 16
14 17 11
14 18 20
17 18 19
12 14 17
14 15 27
3 6 30
22 1 12
22 23 15
6 8 24
5 9 24
7 8 4
21 1 1
10 13 25
13 17 22
17 18 14
13 15 26
3 5 14
3 6 18
23 0 26
5 8 17
10 12 29
8 10 27
2 4 9
15 16 17
10 13 12
15 17 19
13 15 14
19 21 3
3 4 29
5 6 28
3 6 2
17 19 19
22 0 2
15 17 1
11 13 23
3 6 22
18 18 13
3 5 8
6 8 25
1 2 22
19 20 29
1 4 25
7 10 2
21 22 10
18 18 4
2 5 8
2 3 12
3 4 18
14 17 29
12 12 9
14 15 18
18 21 10
14 14 21
4 6 3
7 10 3
13 15 7
0 3 26
14 14 6
8 12 8
11 13 17
21 1 19
12 14 2
23 1 18
22 23 9
11 12 13
3 4 4
22 0 25
23 0 8
3 6 27
3 5 9
21 22 11
2 3 13
6 10 30
5 7 7
3 5 11
9 10 24
21 0 29
19 21 19
3 4 16
22 0 28
3 6 30
19 18 27
4 6 18
22 0 18
11 13 13
2 3 18
18 19 19
0 1 15
15 18 26
4 6 22
20 23 4
22 1 23
12 13 7
1 4 15
12 14 25
19 20 12
19 21 7
22 22 25
12 13 24
12 15 10
2 2 20
5 10 10
1 4 19
11 13 20
8 10 22
5 6 22
18 20 29
2 1 11
16 17 29
15 17 13
5 7 10
13 16 10
2 3 15
17 20 11
6 7 10
7 9 13
10 13 12
2 3 13
2 3 22
7 6 15
8 9 12
13 17 30
22 2 15
8 7 27
1 5 2
11 14 10
1 4 11
2 4 15
3 3 9
5 7 20
23 1 4
8 9 29
20 23 10
7 8 4
0 3 14
20 22 12
9 12 29
1 3 3
11 13 17
1 3 7
21 22 15
3 5 9
2 3 24
2 4 22
6 8 7
9 12 8
3 4 7
7 9 29
5 7 20
9 10 17
5 7 21
21 23 21
21 23 12
14 17 24
20 23 17
6 8 3
23 2 29
19 22 2
6 6 13
20 21 21
18 21 22
6 9 18
3 5 30
3 7 24
15 17 8
12 16 10
23 0 15
11 13 7
4 6 19
14 15 20
3 4 9
20 22 30
12 14 19
18 21 19
2 5 21
22 1 17
1 4 6
2 6 16
7 10 4
2 5 23
12 15 30
21 22 3
4 6 1
7 10 14
14 17 21
8 11 12
13 15 12
19 21 10
10 13 15
2 4 15
17 19 3
9 13 4
13 14 30
13 15 29
3 5 30
7 10 17
0 2 9
11 12 4
0 4 1
9 12 20
17 20 13
6 8 21
20 22 10
5 9 14
8 9 27
10 12 15
6 8 13
4 5 30
21 21 14
21 23 29
10 12 19
4 8 13
18 21 11
6 9 26
0 1 6
12 14 21
13 14 17
18 19 22
16 18 8
9 11 10
6 7 9
6 8 13
11 13 8
18 21 4
9 11 11
6 8 22
0 2 15
0 3 10
13 14 3
7 9 26
5 7 29
14 16 3
21 0 23
5 8 22
8 9 22
13 16 22
1 2 20
1 4 29
7 9 4
20 21 22
8 10 6
16 17 24
21 0 9
10 11 20
4 6 1
18 21 21
11 12 28
5 8 28
0 2 10
6 9 6
3 6 16
20 21 26
1 3 9
12 13 26
6 9 10
3 6 11
7 9 11
21 0 24
7 10 11
21 22 24
18 21 24
2 4 25
7 10 19
13 14 9
12 14 18
3 5 9
16 17 21
9 12 2
3 6 3
5 9 5
2 5 26
3 4 29
1 3 10
9 11 4
14 15 27
15 17 13
2 3 5
8 11 21
4 7 9
19 20 15
2 5 5
5 6 20
9 10 20
7 9 9
0 2 30
16 17 27
14 15 22
4 7 20
16 17 8
17 19 25
17 19 25
10 12 19
9 10 10
16 17 19
14 17 23
20 22 30
13 14 4
23 1 2
1 4 20
23 0 24
21 21 25
21 0 23
10 12 24
2 3 20
5 6 5
7 9 23
10 12 29
12 14 9
10 11 11
3 5 19
17 20 27
16 18 5
3 8 11
5 9 26
6 9 26
9 12 8
21 0 18
6 8 11
