3490 30
5 6 13 16 7 27 30 24 22 24 6 8 16 21 28 13 26 22 4 17 2 20 30 12 29 30 30 6 27 12 
23 1 22
12 14 29
19 20 24
21 0 15
3 7 21
12 14 4
21 23 26
10 12 28
22 1 1
2 6 19
11 13 21
8 11 25
3 4 30
22 0 5
13 15 17
14 16 24
7 10 15
5 6 6
9 12 21
16 18 4
14 16 21
14 15 27
21 0 5
21 22 22
23 23 13
15 17 2
5 8 2
20 23 1
0 2 17
20 22 19
11 12 11
9 10 24
6 9 14
23 1 17
22 23 17
18 20 16
23 3 24
12 14 28
4 6 25
11 15 17
3 5 19
9 11 1
12 13 16
18 21 11
15 16 11
15 17 8
15 18 2
12 13 4
3 4 7
23 1 2
16 17 14
22 0 13
4 6 6
14 16 17
1 3 21
7 10 27
1 3 28
0 4 5
18 21 10
8 9 12
2 6 1
0 1 16
9 10 2
1 4 27
23 1 10
23 1 28
20 0 7
10 13 6
16 18 21
8 10 24
10 12 13
5 8 22
17 18 22
19 22 26
13 16 19
2 1 19
0 3 29
9 10 9
11 12 28
14 15 12
4 3 4
18 19 1
9 13 19
3 5 28
8 10 23
3 6 24
2 4 19
15 18 8
4 6 20
8 12 23
6 8 16
9 12 7
6 6 27
0 2 14
2 3 4
20 22 14
18 18 13
5 7 26
18 19 21
5 7 9
4 6 27
4 7 23
19 20 16
14 14 17
22 1 1
13 14 21
18 21 2
23 23 29
19 19 28
5 5 13
4 5 13
17 19 1
20 22 5
23 23 9
8 12 21
6 8 14
15 17 30
18 22 4
2 3 7
5 7 24
2 3 13
5 6 13
21 23 21
10 12 22
1 3 8
2 5 18
2 5 22
13 14 16
8 12 8
23 2 15
20 22 6
1 2 15
10 12 12
18 20 23
17 19 21
6 8 17
9 13 11
12 15 20
21 22 16
15 16 22
18 18 25
20 21 4
12 15 13
10 13 24
19 21 1
20 21 13
9 10 5
10 12 8
23 0 26
10 13 15
17 20 18
17 19 27
17 21 15
11 11 21
23 2 22
2 4 16
17 20 11
6 8 16
0 2 2
15 17 2
1 5 26
19 21 8
21 22 22
5 8 10
2 3 25
18 20 3
21 0 30
16 20 21
4 6 28
5 7 12
21 0 25
7 10 14
22 0 10
16 18 1
21 23 15
13 16 6
4 4 26
12 14 27
18 20 23
23 1 19
9 10 10
7 9 10
5 5 10
16 18 21
5 7 24
22 23 1
8 11 22
17 19 8
23 3 19
13 13 30
3 5 24
2 4 20
8 9 25
4 5 5
10 11 12
11 14 2
13 14 14
1 4 30
6 9 9
20 22 17
2 6 16
12 14 2
17 19 3
6 7 20
11 13 30
0 3 15
17 19 27
7 10 9
15 19 24
23 0 14
20 21 19
14 16 30
9 11 28
8 11 27
16 18 1
11 13 9
23 1 17
5 8 18
8 10 26
4 5 1
14 16 18
20 23 20
19 22 11
19 21 11
23 0 2
20 23 6
17 16 29
23 1 30
19 21 26
23 2 3
16 16 3
23 23 14
0 2 2
11 13 15
7 9 21
3 4 18
5 7 3
19 21 26
19 22 17
21 23 30
8 12 16
20 23 7
1 3 6
17 20 19
22 0 14
22 0 20
3 6 18
21 1 5
22 0 21
8 10 20
7 9 10
4 6 26
8 12 11
13 14 25
2 4 10
8 11 11
5 7 13
1 2 22
20 22 7
17 17 19
10 13 17
0 2 11
12 12 4
7 9 2
17 18 7
10 11 13
2 4 20
22 2 11
5 8 23
22 1 19
20 22 14
5 6 6
22 23 23
7 10 30
5 6 22
13 17 19
10 12 28
18 21 10
16 18 21
3 6 19
8 11 16
5 7 13
19 22 21
12 13 13
6 6 17
9 12 1
23 0 5
23 22 27
12 14 24
6 9 13
3 4 22
8 11 7
7 9 21
14 16 7
2 5 2
10 10 12
4 5 17
7 9 6
19 21 21
9 12 30
11 13 19
7 10 28
19 21 21
15 18 22
6 7 7
17 19 21
13 15 2
20 23 26
11 12 25
5 6 17
20 22 7
16 18 23
0 2 3
17 16 8
4 6 12
6 9 15
0 2 28
16 17 27
9 12 16
1 5 15
2 5 9
3 6 20
2 4 28
23 2 12
5 8 18
13 14 19
16 16 4
19 21 8
1 1 29
13 15 8
8 9 21
17 19 19
2 5 9
15 17 7
8 12 17
17 19 4
6 8 11
6 8 16
13 14 9
1 5 5
3 6 17
2 3 8
12 17 25
9 11 27
17 18 9
21 22 10
18 20 11
12 15 25
17 17 14
7 10 27
18 19 26
1 3 11
3 5 12
13 18 21
0 3 25
23 2 26
2 3 2
21 23 17
17 19 5
9 10 30
10 12 9
1 3 30
20 22 6
17 19 27
5 6 1
20 23 24
8 9 18
6 7 6
21 1 16
14 16 5
7 9 10
7 9 29
19 20 4
8 11 15
17 19 8
23 0 20
21 21 4
3 7 23
9 11 28
10 12 20
17 19 19
14 18 9
14 16 3
4 8 14
18 20 18
1 3 24
21 23 1
4 6 15
4 5 15
22 0 12
10 12 18
8 9 9
9 11 17
19 21 14
8 10 1
4 6 6
10 13 17
12 13 24
19 20 15
4 6 5
23 0 25
20 22 15
15 17 28
0 2 8
0 2 4
20 21 26
13 16 26
18 18 24
16 19 16
23 1 29
8 8 14
22 0 28
1 3 14
1 4 27
19 20 4
16 19 9
1 3 9
17 17 23
8 9 17
23 23 1
1 3 19
1 5 9
14 16 8
9 12 23
22 0 5
15 18 10
2 3 13
23 1 14
19 20 3
22 2 30
8 10 23
3 5 29
12 14 5
12 12 7
16 17 21
2 5 28
19 21 9
18 19 12
17 19 23
19 20 28
17 20 28
10 12 25
10 11 10
20 21 20
5 8 24
2 5 1
4 7 18
8 10 19
23 1 20
3 6 15
12 14 22
2 5 24
2 3 25
17 17 21
14 14 12
11 12 8
15 17 17
7 8 7
17 20 30
13 15 28
10 13 2
10 15 12
8 10 7
6 9 9
2 4 13
11 12 7
11 13 11
2 4 5
7 10 30
0 3 9
11 12 18
18 20 6
21 23 24
4 6 1
9 12 17
0 1 28
22 1 16
8 12 25
17 17 3
3 3 25
18 21 18
22 23 11
13 15 12
12 14 4
15 18 21
17 19 10
8 12 27
4 6 16
6 7 8
20 0 22
22 0 8
19 20 1
22 0 23
15 17 19
5 6 15
16 17 25
18 22 17
1 3 8
12 13 11
19 21 1
14 16 23
4 5 8
21 22 19
15 16 8
20 22 18
23 0 25
23 0 6
10 12 8
13 15 7
12 14 7
10 12 11
11 13 24
10 12 30
18 19 16
23 2 8
19 21 6
18 21 7
2 5 28
17 19 26
16 18 14
23 0 4
3 5 24
2 5 17
22 23 16
14 16 6
6 7 3
8 11 23
8 10 24
19 21 22
4 6 2
5 7 17
16 18 16
5 10 2
5 7 2
15 17 3
0 1 14
6 8 22
5 8 16
5 7 26
3 4 13
22 1 22
2 1 23
12 15 29
13 15 2
22 0 28
9 11 8
6 8 14
22 2 18
6 8 27
8 12 7
9 10 26
15 18 23
15 16 11
18 20 23
21 0 7
8 8 19
2 3 26
12 14 17
16 19 30
3 6 15
21 23 12
7 10 18
2 5 27
6 9 5
12 15 25
3 5 2
11 12 12
2 4 12
5 8 29
0 1 4
1 3 8
8 10 11
15 17 21
6 8 2
4 6 19
19 21 28
10 13 24
20 22 17
17 19 20
23 1 19
21 23 19
3 3 16
17 19 22
8 9 11
23 23 3
1 4 9
17 20 26
22 23 17
13 14 3
4 6 20
9 11 22
5 8 6
1 3 30
16 18 17
19 20 4
7 8 12
9 12 17
5 6 16
3 5 26
5 6 5
14 16 6
20 18 9
8 11 1
22 22 14
14 15 17
21 0 11
19 21 20
5 8 20
4 5 17
5 8 30
12 14 18
6 8 23
8 11 22
5 7 2
20 22 29
15 14 28
19 19 7
14 17 1
10 11 11
4 6 14
15 16 17
5 6 6
10 11 4
22 1 8
11 12 25
5 7 15
22 23 28
7 9 24
20 21 6
10 11 18
8 10 14
8 9 13
20 20 20
0 2 18
13 14 21
2 4 18
23 1 30
11 12 13
3 5 17
16 18 24
18 21 8
23 2 21
19 22 16
6 6 7
19 21 23
14 17 14
10 13 20
15 16 19
16 18 23
2 6 30
19 23 17
13 15 2
5 7 30
13 15 2
22 0 17
7 9 23
17 19 6
1 4 11
2 5 17
1 3 12
17 20 15
9 10 20
22 1 30
10 12 3
19 20 5
20 22 21
11 15 24
2 4 29
5 6 9
21 23 14
13 15 21
19 21 26
21 23 28
19 23 17
0 2 24
8 9 18
22 23 28
7 8 28
3 6 11
0 3 10
10 13 6
13 13 22
6 8 13
2 3 27
23 23 7
7 10 10
18 20 5
2 5 30
7 9 22
10 10 17
19 22 2
21 22 9
19 19 12
20 22 23
6 6 25
16 18 22
23 1 17
6 8 17
13 16 17
6 8 26
15 18 17
13 14 17
17 19 17
13 16 20
12 13 11
8 10 26
5 8 5
22 23 24
9 12 28
23 0 2
19 21 9
16 18 28
10 12 17
18 19 3
13 15 18
20 20 17
22 22 27
20 23 17
7 10 6
3 5 28
8 9 14
13 14 2
16 17 20
18 18 15
11 13 21
13 13 7
1 3 23
12 15 23
6 7 23
11 14 17
6 9 17
9 10 8
4 7 22
0 2 11
7 8 26
14 17 29
9 13 11
14 16 25
18 20 22
0 2 14
3 5 22
17 18 11
6 7 9
10 14 22
4 6 18
18 19 11
9 11 24
13 16 18
13 15 1
17 19 14
7 8 11
15 18 27
14 17 28
13 16 28
5 8 27
6 8 20
15 16 9
14 16 24
10 13 17
3 6 6
3 5 8
9 10 5
2 4 26
15 18 18
0 2 20
17 20 29
3 5 15
20 23 22
19 22 24
23 0 13
17 18 28
8 11 9
20 20 26
3 5 14
3 5 8
19 20 28
5 8 26
22 2 18
1 4 13
23 23 20
12 15 26
14 16 23
15 16 24
4 6 20
15 17 9
10 12 14
8 12 2
14 16 16
19 22 9
6 9 11
0 1 12
7 10 16
20 22 15
8 11 10
7 9 24
3 5 2
4 8 12
22 0 22
11 12 13
15 15 2
19 21 26
19 23 22
17 19 29
18 19 5
8 8 9
23 2 8
0 3 11
12 16 13
9 10 10
9 12 20
15 16 19
18 18 10
4 5 8
14 16 23
11 14 12
21 21 6
21 23 24
22 1 28
2 5 10
14 16 9
20 22 9
12 15 26
18 21 1
8 11 14
15 18 5
10 11 15
4 7 22
16 18 16
5 8 13
6 9 30
0 3 1
13 14 30
23 0 26
1 3 22
14 15 8
2 6 16
8 10 22
3 5 2
20 23 9
0 3 11
14 17 27
11 12 10
23 1 13
10 13 7
16 18 19
3 5 10
8 9 10
22 1 28
7 10 24
10 13 23
19 21 9
9 12 9
19 23 4
5 4 11
13 15 12
0 4 3
17 18 23
22 1 29
12 14 26
21 23 19
3 6 24
3 4 12
13 15 9
18 20 8
5 8 20
5 7 5
17 20 29
10 13 28
4 8 5
10 12 4
23 2 17
18 21 4
17 18 17
5 6 17
15 17 10
5 8 28
9 10 28
3 5 19
13 15 12
19 21 28
1 1 15
0 1 14
23 1 6
9 12 24
9 11 16
14 17 28
22 0 18
8 10 20
13 15 8
3 5 14
11 13 3
18 18 3
9 12 6
14 17 23
5 6 17
16 19 12
18 19 3
9 12 1
12 13 8
21 1 12
18 19 2
22 23 17
5 7 17
6 9 16
16 17 16
6 5 15
6 8 17
22 1 4
10 13 19
8 11 9
16 17 10
3 3 4
13 15 6
19 20 27
13 15 19
17 17 16
19 23 27
4 6 26
6 8 29
14 17 11
22 0 11
0 2 3
2 6 5
0 3 15
19 21 29
14 16 19
19 21 13
1 3 23
23 0 12
14 15 29
5 6 10
6 8 5
19 21 17
1 2 29
8 10 14
23 1 25
18 21 29
9 12 2
5 8 1
10 11 20
22 0 11
23 23 7
4 7 12
17 20 12
2 3 18
2 4 12
6 7 27
1 3 27
7 10 13
19 21 9
20 21 25
0 2 16
9 11 23
9 11 6
16 19 28
12 13 22
16 18 16
22 0 25
8 11 25
7 9 3
12 13 14
20 0 13
8 11 8
6 7 24
12 14 14
17 19 9
1 4 22
12 15 22
2 5 2
21 0 28
22 0 12
16 20 27
10 12 3
16 18 14
12 15 25
13 15 7
18 21 16
10 10 19
22 0 14
18 20 9
21 23 8
20 22 9
16 17 7
9 11 6
15 16 17
21 23 16
11 11 2
14 17 10
19 20 2
12 15 21
13 15 21
10 11 24
4 6 25
0 3 26
14 15 16
4 6 8
2 4 4
23 23 21
8 10 3
22 2 26
1 4 12
11 13 5
21 0 13
12 14 2
12 13 9
20 22 3
0 1 26
12 13 6
5 7 12
18 20 29
17 17 6
12 14 3
4 4 7
4 6 8
21 0 18
17 18 23
5 6 16
17 18 26
15 17 16
19 21 3
5 7 16
15 17 30
23 1 14
1 2 16
7 8 29
20 22 12
21 23 25
19 21 1
14 15 25
16 18 11
5 8 17
12 16 11
0 0 16
23 3 10
3 5 23
10 12 27
21 0 26
14 17 4
19 20 19
15 17 18
3 4 21
2 3 6
5 6 4
17 19 9
6 9 11
21 22 29
2 4 17
11 12 5
23 1 3
19 21 24
18 19 28
22 1 23
18 19 18
3 5 18
1 4 4
12 14 2
5 6 3
14 16 8
5 7 18
4 6 14
14 16 24
1 4 3
8 10 27
18 19 14
3 4 29
23 3 28
0 2 28
8 11 10
16 18 14
5 7 29
6 6 25
8 7 22
0 1 3
20 23 29
9 10 1
10 12 18
19 20 30
9 11 27
12 13 22
0 4 30
11 13 1
7 8 18
3 5 15
0 0 21
3 5 25
4 8 12
8 11 11
12 14 7
1 1 9
11 14 5
18 21 27
13 15 19
6 8 7
14 16 11
12 14 29
20 20 15
15 18 22
21 22 9
0 1 3
16 16 3
6 9 5
18 20 11
22 1 6
13 15 14
2 4 30
22 23 19
19 22 28
1 3 9
0 2 2
15 17 16
0 2 17
0 1 6
16 17 12
7 9 30
4 6 13
12 15 17
10 13 15
5 6 18
20 22 19
6 6 13
11 13 12
10 13 8
0 2 16
17 18 12
10 11 21
13 15 5
11 14 17
15 16 25
10 12 16
13 15 8
18 21 26
19 21 27
3 5 21
12 14 23
12 14 14
7 11 16
17 18 22
22 1 21
1 3 25
18 18 30
11 12 12
1 2 6
5 7 22
11 12 16
2 3 25
10 12 30
3 4 30
17 21 9
1 3 14
6 8 29
4 5 20
8 10 16
1 2 22
9 11 30
17 18 13
8 11 17
7 11 5
6 9 29
10 10 25
15 15 14
1 3 13
18 21 26
5 7 15
19 22 4
20 22 27
3 3 22
1 4 9
3 4 10
22 0 10
21 21 7
0 1 16
4 7 5
15 17 19
22 1 17
5 8 14
3 6 7
10 11 22
1 2 17
10 13 13
7 13 14
14 16 18
5 6 22
21 23 13
1 3 8
9 11 28
13 15 12
11 14 26
14 15 18
23 0 15
10 14 15
16 18 26
4 6 30
17 19 14
19 22 16
21 1 10
12 14 24
8 11 1
1 1 7
13 16 22
21 23 18
14 17 10
14 16 16
16 17 24
20 21 21
4 6 26
9 11 25
23 0 3
1 3 16
12 13 27
16 19 20
6 8 24
4 6 30
13 15 16
8 12 30
8 9 10
4 4 1
9 12 14
15 17 6
2 3 21
15 17 8
10 11 5
10 12 5
21 23 21
7 11 28
16 18 17
6 8 30
15 18 8
9 10 6
22 23 29
19 21 30
16 20 7
11 13 24
6 6 14
17 18 3
7 9 3
8 10 10
9 10 6
21 1 5
3 5 24
18 19 28
16 17 27
16 19 29
21 0 10
11 13 18
22 1 12
8 11 17
8 10 10
6 6 15
15 17 7
17 19 22
10 12 19
1 3 29
0 1 12
19 23 6
1 4 8
19 22 21
22 23 11
21 0 5
4 7 15
3 3 6
20 21 26
12 14 17
2 5 3
22 0 30
2 4 13
3 5 6
16 18 3
22 2 12
3 5 28
8 9 11
7 8 26
9 9 8
16 18 3
14 16 12
11 14 14
17 20 4
15 18 15
19 22 18
5 7 25
22 1 8
5 6 10
11 12 25
8 11 26
22 0 18
1 3 3
4 4 30
6 8 18
2 4 23
4 5 25
1 3 14
15 16 24
7 10 22
5 7 13
7 8 22
6 8 26
5 5 7
4 5 24
21 23 8
22 1 17
12 13 1
2 5 8
22 0 14
15 16 21
7 9 17
4 6 25
18 22 23
14 17 8
14 17 2
19 23 15
16 18 11
17 19 28
7 11 5
22 23 11
12 13 13
14 16 2
10 11 30
7 9 29
14 17 28
1 3 22
2 5 29
15 16 29
10 13 30
21 22 18
0 3 3
10 12 18
13 16 4
3 4 18
20 23 27
19 22 11
3 4 18
12 14 8
4 6 2
4 7 4
18 21 26
21 23 17
14 16 10
11 14 27
13 14 20
8 10 10
14 17 20
12 15 27
19 20 1
10 12 8
18 20 13
18 21 9
11 12 25
21 22 11
11 12 8
13 17 7
10 12 29
1 4 20
22 23 25
13 15 9
16 18 29
12 14 27
6 7 6
22 0 2
21 23 19
11 12 9
15 21 23
5 6 26
3 5 26
21 23 18
16 17 20
15 16 14
1 4 23
15 16 5
12 14 11
2 5 22
21 0 11
10 9 18
19 20 12
16 18 17
23 3 27
12 14 5
5 6 12
17 19 29
11 14 22
17 18 11
0 2 11
4 5 27
22 0 4
19 22 28
13 15 12
4 5 16
12 13 28
16 18 28
4 6 12
10 13 25
8 11 5
18 22 2
9 12 19
20 22 24
0 3 2
8 11 4
11 12 25
23 1 26
14 16 6
2 2 17
9 11 28
16 20 22
19 21 30
19 20 8
5 8 13
10 14 25
1 4 23
8 11 1
13 15 16
7 9 12
12 15 11
6 6 14
16 18 27
12 14 14
13 16 27
13 15 11
21 23 20
19 20 27
17 20 3
0 4 26
11 14 4
19 21 4
3 5 3
3 5 28
2 5 23
1 2 12
4 6 18
6 7 10
18 21 17
11 13 14
21 21 28
14 14 1
11 14 20
3 4 9
1 3 4
16 19 20
19 22 16
8 10 25
21 22 28
0 2 24
15 16 25
21 23 15
13 15 12
20 22 6
14 15 22
2 6 8
4 8 24
21 22 26
1 2 2
8 9 9
7 11 24
5 7 10
3 6 26
15 16 3
14 17 8
15 19 22
6 10 11
14 15 10
16 18 19
17 20 27
13 16 4
18 18 1
0 2 2
6 9 22
4 7 7
23 0 4
18 19 11
17 17 19
21 23 7
4 5 7
22 0 1
8 9 30
22 23 21
4 7 29
9 11 3
15 17 23
4 6 7
16 18 30
21 0 2
18 19 11
6 8 13
2 4 18
23 2 6
21 23 4
3 4 26
18 21 29
4 6 10
1 3 4
7 8 30
9 11 30
20 23 25
22 22 9
18 20 11
11 14 23
9 10 1
11 12 27
12 15 23
12 12 7
12 13 4
20 21 28
19 21 5
14 15 26
15 19 29
6 8 29
13 16 14
15 16 22
18 20 17
12 14 20
19 21 27
13 15 5
19 22 3
21 22 15
1 4 2
8 9 25
21 0 15
5 7 14
2 4 10
19 21 7
1 2 10
7 11 6
4 5 10
7 9 27
16 18 24
6 9 11
21 23 22
5 8 2
7 8 29
13 14 19
2 4 6
11 12 21
23 1 10
15 16 25
10 12 24
4 7 1
13 15 25
10 12 18
3 3 6
13 14 24
11 14 6
1 2 22
7 7 17
6 8 7
17 21 30
14 16 3
2 4 6
8 8 23
21 22 8
4 7 21
1 3 24
18 19 20
1 2 15
12 15 23
1 3 10
1 1 9
20 22 5
17 19 6
5 5 9
1 3 21
8 9 19
20 23 24
22 23 29
8 10 16
0 1 23
1 3 21
1 3 12
4 6 28
13 15 16
23 0 18
20 21 13
3 5 19
9 11 8
15 16 26
8 11 29
21 0 23
23 2 3
7 8 15
22 23 3
2 3 14
17 18 11
4 6 7
9 10 3
11 14 16
7 7 27
9 11 11
12 13 8
19 21 23
13 15 9
1 5 21
12 13 21
7 8 5
16 18 1
14 16 1
8 11 20
5 7 4
19 22 20
10 11 11
5 5 15
8 11 15
12 12 15
3 4 7
12 14 4
12 13 27
1 2 17
6 7 10
18 20 3
21 21 13
3 6 23
18 20 28
11 13 30
18 19 4
16 19 25
21 23 20
14 16 30
14 16 14
17 19 21
14 17 17
20 23 21
20 22 18
12 14 18
23 2 6
1 3 28
23 1 27
0 3 23
22 0 15
6 8 7
11 12 3
2 6 16
9 10 25
6 8 25
19 19 18
21 23 6
4 6 18
21 23 18
3 5 16
13 16 25
18 21 16
0 2 29
23 1 23
11 12 18
3 5 12
0 1 30
11 11 15
23 1 24
17 17 14
9 10 26
3 5 2
16 18 25
16 18 27
20 23 18
16 19 15
17 18 22
6 8 22
17 19 19
9 12 25
12 13 17
3 6 24
6 9 9
13 15 10
5 8 1
21 22 16
5 7 19
23 1 15
17 17 8
4 7 15
3 6 17
5 6 11
9 12 1
23 3 10
23 2 6
12 13 1
13 16 22
16 17 22
7 9 17
8 11 8
6 9 17
12 13 22
2 4 29
16 18 17
23 23 6
22 2 13
5 8 7
18 19 14
20 23 2
11 13 3
16 18 21
9 10 18
22 0 29
8 11 13
17 20 8
2 4 8
15 17 29
1 3 12
20 22 16
5 6 30
17 22 21
7 8 1
7 8 21
19 20 22
1 3 15
11 10 26
12 13 16
13 16 28
4 6 5
5 6 15
18 19 20
17 17 7
5 8 13
7 9 23
6 9 30
13 14 5
18 19 19
22 0 22
20 21 25
19 22 11
19 21 14
19 21 6
22 0 17
12 15 30
10 13 17
12 14 3
6 7 6
21 22 12
3 5 16
18 18 17
18 20 28
18 21 19
4 5 22
0 2 24
4 5 18
19 21 20
10 13 17
10 12 13
22 0 6
1 3 17
21 0 25
6 8 29
1 3 3
21 21 4
20 22 14
4 7 8
10 13 6
3 5 22
2 6 27
23 1 18
14 18 14
4 6 10
2 4 22
9 11 16
5 7 14
2 4 16
16 18 12
16 17 19
20 0 17
0 2 18
20 22 12
10 12 3
13 15 7
11 14 2
16 17 25
11 13 29
0 1 10
19 20 29
13 15 8
13 16 5
17 19 9
8 11 11
1 4 20
18 19 6
1 3 27
1 2 26
15 19 10
6 9 7
20 21 27
5 7 6
7 8 29
5 7 19
7 7 2
17 18 19
15 17 26
5 7 3
2 4 8
3 5 1
15 18 22
3 5 26
7 8 1
13 16 5
8 11 15
16 18 17
8 11 12
4 6 21
6 9 9
19 21 24
18 18 2
17 19 14
8 10 28
22 1 10
14 15 9
16 17 3
15 16 16
9 12 14
13 14 26
22 2 6
5 8 30
16 18 13
4 6 2
9 11 14
5 8 6
1 4 3
9 10 9
11 15 3
18 22 21
0 3 8
17 20 1
19 22 18
10 11 20
12 14 4
18 19 8
7 9 20
22 23 22
9 11 15
21 0 8
19 22 19
8 10 16
10 13 4
11 12 19
0 1 20
23 2 6
0 2 4
12 14 23
8 11 15
5 5 22
3 7 9
8 8 4
20 0 6
1 1 23
13 17 2
18 21 2
18 21 7
11 12 23
20 23 5
17 18 7
9 12 7
7 10 8
11 12 25
12 12 2
6 7 11
4 5 21
8 9 13
22 0 2
14 16 28
11 12 2
14 17 4
23 2 20
4 6 18
23 0 23
5 8 1
19 20 30
17 20 23
10 12 20
11 13 11
18 20 27
22 0 15
6 8 2
17 20 15
23 0 6
5 6 23
5 6 12
11 13 21
0 3 17
12 15 24
23 2 24
3 7 25
5 8 15
1 1 5
20 21 3
2 5 17
1 3 15
20 22 15
19 23 3
4 6 12
6 8 2
2 6 4
23 1 11
4 5 3
22 23 7
15 16 4
1 3 25
11 13 29
23 2 20
10 12 24
13 15 27
4 7 25
8 10 16
17 19 13
7 8 7
3 7 8
21 22 24
13 15 19
6 7 20
21 21 16
15 17 19
9 11 6
14 15 25
20 23 11
11 13 22
6 9 4
21 0 7
1 2 20
13 16 28
14 15 26
17 20 14
4 5 12
18 21 8
22 0 27
9 12 28
19 21 12
2 3 16
7 8 25
3 5 23
8 8 28
2 2 18
23 2 16
17 18 1
2 6 17
12 16 1
12 14 19
18 20 3
15 18 26
15 19 22
9 11 6
17 20 19
20 23 5
8 9 29
17 18 26
4 6 25
13 14 3
22 0 29
16 18 28
8 10 8
20 23 3
13 16 30
19 20 16
23 0 25
13 14 23
13 15 16
4 8 14
0 3 17
16 18 3
6 10 11
1 1 26
14 14 13
1 3 28
10 13 11
4 6 30
0 1 16
6 7 22
5 6 18
21 22 24
12 14 14
7 8 4
17 19 20
11 13 27
11 13 11
19 21 9
15 17 21
6 7 28
3 7 16
22 1 13
14 16 1
4 6 8
12 14 10
23 0 10
19 20 19
10 13 3
1 2 5
13 16 9
4 6 5
6 9 2
13 15 27
6 9 21
15 18 10
23 0 28
8 10 8
12 16 30
20 22 29
4 5 20
19 20 30
22 2 11
14 15 12
23 2 21
16 19 11
10 14 12
6 9 13
5 6 12
11 13 21
20 22 5
15 17 30
22 0 9
0 4 3
13 14 30
16 18 18
17 18 16
7 8 17
2 3 17
23 1 23
9 9 3
3 3 27
1 4 11
12 14 24
18 20 7
5 8 7
4 7 25
7 8 27
8 9 17
20 22 4
18 20 23
11 13 13
18 22 26
5 8 5
10 10 16
3 6 1
5 7 22
12 13 1
18 20 27
6 7 17
17 18 1
3 6 6
16 17 2
1 3 24
13 15 26
13 14 25
19 20 5
14 16 30
18 18 13
4 7 1
3 6 14
11 11 27
3 4 7
23 1 28
4 7 13
0 4 25
8 10 25
8 10 23
13 14 28
11 12 8
16 18 12
8 11 28
2 5 22
11 13 7
17 19 26
10 11 23
2 4 27
16 17 23
11 12 10
15 17 25
19 20 26
2 7 16
7 9 6
6 9 4
8 10 27
14 16 4
5 7 17
22 23 4
19 22 17
8 9 15
12 12 28
14 16 1
11 12 23
7 9 6
7 9 13
11 13 11
0 3 7
6 7 20
2 3 4
4 6 16
10 12 22
11 13 26
2 3 6
6 8 26
15 17 9
12 14 21
22 0 30
12 13 8
13 15 15
19 22 15
15 18 16
18 19 25
2 3 2
8 12 18
18 19 5
23 2 11
18 20 15
2 5 15
18 20 17
19 21 9
21 23 10
8 8 11
5 7 8
19 20 27
18 21 5
8 10 12
14 16 20
19 23 14
0 2 28
11 13 25
23 0 30
4 6 24
5 7 27
13 14 14
15 18 20
17 19 10
0 4 22
19 20 21
18 19 10
13 15 24
14 16 30
17 19 30
8 9 22
2 4 19
19 19 27
14 15 29
11 14 20
18 20 22
23 0 1
10 11 13
10 12 13
19 20 25
2 5 28
6 8 27
14 16 8
2 4 11
19 22 8
23 1 6
10 11 7
15 16 27
10 12 14
15 16 12
9 11 19
13 14 7
10 10 24
18 19 28
15 18 4
23 3 2
18 20 20
13 15 18
14 19 27
15 16 19
14 16 18
8 10 9
8 10 2
15 17 17
0 3 9
20 23 2
12 14 24
11 12 25
19 21 29
1 3 20
0 2 1
20 23 3
6 10 23
13 16 15
11 13 24
23 1 17
4 5 15
5 8 2
21 0 16
2 5 12
18 21 23
1 2 7
10 13 14
2 4 20
8 10 20
2 3 3
0 2 12
22 0 10
6 8 11
6 7 16
12 15 20
15 18 21
10 12 3
9 10 29
18 20 8
22 0 7
23 23 29
11 13 6
5 8 11
3 6 26
10 12 4
7 9 26
21 23 23
19 20 6
20 22 1
23 23 6
19 20 4
15 17 12
17 21 2
8 10 16
3 5 29
5 6 5
12 13 4
7 11 28
8 10 25
1 2 30
0 3 24
1 3 27
15 17 3
2 5 5
5 6 18
8 9 24
6 7 4
4 6 26
11 14 2
9 12 18
19 21 19
12 13 17
12 14 28
0 3 25
3 4 30
1 3 15
15 16 30
13 14 6
9 12 18
5 7 30
1 3 19
9 10 7
2 4 6
9 13 19
21 23 18
11 14 14
22 0 17
8 10 7
17 21 25
23 1 30
22 0 11
5 8 10
5 7 27
3 4 4
0 2 30
14 17 4
21 21 28
16 19 23
1 4 22
4 7 13
18 20 2
8 10 9
17 18 6
0 1 24
12 14 12
5 7 5
22 23 21
7 9 25
15 16 19
21 22 2
16 18 28
14 16 18
1 2 23
6 8 25
11 11 2
1 3 11
3 7 25
0 2 11
21 22 30
7 8 21
4 7 19
11 13 27
7 9 27
20 23 21
15 16 18
22 23 4
21 1 15
4 4 7
13 15 27
14 17 2
18 20 27
3 4 16
22 0 6
19 22 23
1 3 6
1 2 21
20 22 17
11 12 24
22 0 25
8 10 29
6 8 6
10 11 23
23 1 10
12 13 20
23 3 2
4 8 17
13 13 23
12 14 19
14 16 14
3 5 5
17 18 20
20 22 18
18 21 12
2 5 11
11 13 15
12 12 20
1 3 28
22 2 18
12 15 8
23 2 16
21 0 12
2 4 14
21 22 5
18 20 16
3 4 14
2 5 24
0 1 13
11 12 8
22 23 22
12 13 18
22 1 16
17 19 5
20 21 16
8 10 18
14 17 2
12 16 9
20 23 18
12 11 24
21 0 21
18 19 22
3 5 9
20 22 19
16 18 22
0 3 18
2 5 24
12 14 8
7 7 24
6 6 17
6 9 26
7 9 28
18 20 5
3 5 27
18 21 10
7 7 16
12 13 26
6 8 8
7 10 6
12 13 3
19 22 15
9 12 4
23 2 28
6 7 20
13 16 19
12 14 1
4 7 23
3 5 15
5 5 16
0 3 9
15 18 2
16 18 3
0 2 13
3 5 17
6 8 3
22 0 11
4 6 25
6 8 18
0 3 4
18 19 17
5 7 23
11 13 14
4 7 14
11 13 1
7 8 9
22 0 22
13 14 12
20 20 16
15 18 17
10 12 11
12 13 14
17 19 2
4 7 24
21 20 7
13 16 12
2 4 4
0 2 5
13 13 4
18 20 26
13 15 22
1 5 20
10 12 13
10 13 4
18 20 10
10 12 3
19 21 25
6 9 4
20 21 21
17 20 21
14 16 6
3 5 24
22 0 27
4 6 12
17 19 26
5 7 29
4 4 21
18 19 16
10 12 18
14 17 4
17 18 4
0 2 1
0 2 29
2 2 3
4 5 4
11 14 15
2 5 20
14 16 30
0 2 15
17 20 14
22 23 20
14 16 23
11 13 16
9 13 13
23 0 2
19 20 13
12 14 17
3 7 20
2 5 9
1 1 13
23 2 8
10 11 23
2 3 14
7 8 2
7 8 30
10 12 16
20 22 17
6 8 21
23 2 17
13 14 17
8 9 12
8 10 11
5 8 16
14 16 5
19 21 22
2 4 8
1 3 26
1 3 10
11 14 29
11 14 16
11 13 13
0 3 20
2 4 19
13 16 24
2 4 20
21 23 13
20 21 26
22 1 5
14 18 19
23 2 4
9 11 8
13 14 20
16 19 28
6 8 29
6 6 5
3 7 4
9 12 1
4 7 7
18 18 18
9 11 7
2 3 18
13 15 26
21 22 23
1 4 11
18 19 7
14 14 7
13 16 12
7 8 30
11 14 30
14 14 1
6 8 22
4 5 21
10 12 4
23 1 24
8 10 10
10 10 17
6 8 13
19 22 12
11 13 10
15 18 7
11 13 21
17 17 26
6 7 13
0 1 19
0 0 7
18 21 11
9 12 7
15 19 22
1 1 14
20 0 23
6 8 23
20 21 27
16 19 24
4 6 9
15 18 28
15 17 26
16 17 7
3 5 19
12 14 2
5 6 1
18 19 27
9 13 13
4 6 23
15 16 3
14 15 17
19 20 27
21 23 29
15 17 7
8 9 5
4 7 2
11 13 6
21 21 16
16 17 10
15 18 5
15 18 28
18 20 23
16 17 15
21 22 26
17 19 10
13 17 25
3 6 10
1 1 6
12 12 15
7 11 29
3 6 18
16 17 24
11 12 13
21 23 29
20 22 22
5 6 1
20 23 14
5 7 13
2 5 12
15 16 16
7 9 20
17 19 27
18 19 23
3 5 15
19 22 1
4 6 13
2 5 8
21 0 6
0 2 14
10 11 9
22 1 11
20 21 29
7 8 24
19 23 19
1 2 15
9 12 29
18 20 14
0 2 3
7 11 29
0 3 29
14 16 1
17 19 18
9 12 16
9 12 22
12 13 16
15 18 19
5 8 27
5 7 11
18 21 11
19 21 7
15 18 7
11 13 28
14 16 21
20 22 26
16 17 12
16 18 25
23 0 6
5 7 9
18 20 12
21 23 12
15 17 18
7 10 12
8 10 23
22 23 27
23 1 29
10 12 10
0 2 5
18 20 26
21 22 19
12 15 25
4 6 24
6 9 25
17 18 13
20 20 29
6 7 19
0 1 18
16 16 23
23 1 10
5 7 24
22 22 30
12 14 12
23 1 28
12 14 10
13 14 3
7 9 20
16 19 3
5 8 5
15 17 14
10 13 12
0 2 25
11 15 2
16 17 12
1 1 14
17 19 30
16 18 3
11 13 10
11 15 18
16 20 24
17 20 6
16 17 27
21 0 4
9 12 7
12 13 24
14 14 4
22 23 23
7 8 24
5 8 28
1 2 16
9 12 24
20 21 29
15 19 14
22 0 29
18 21 29
17 18 22
4 5 7
3 6 9
20 22 30
17 20 28
12 15 29
19 21 12
19 21 23
21 0 13
4 5 28
11 11 15
6 6 9
22 1 6
13 16 20
5 6 13
17 18 17
19 20 23
20 21 22
21 21 15
16 19 19
8 11 5
11 13 6
21 0 15
17 20 17
9 12 4
22 0 14
10 13 11
20 23 29
15 17 19
12 11 3
15 16 20
18 19 13
6 8 14
11 13 17
23 0 11
0 0 6
7 10 21
16 18 10
12 14 18
21 0 21
15 16 25
0 3 22
2 5 15
17 19 17
21 23 11
9 11 30
13 15 28
21 22 28
3 5 24
7 9 20
15 18 30
1 3 4
14 16 19
22 23 5
1 3 11
21 0 15
13 13 7
0 2 14
3 4 4
15 16 10
4 6 21
13 14 20
12 16 25
19 21 28
1 4 21
16 18 17
18 20 26
7 8 14
2 5 15
0 1 9
8 12 14
8 10 13
5 7 10
15 17 27
19 21 22
21 21 25
0 2 10
3 5 14
7 8 30
21 22 11
17 18 30
17 20 7
3 5 7
3 4 6
19 21 5
15 18 8
5 6 23
20 22 10
22 0 15
10 12 20
10 13 25
2 2 30
7 10 15
3 4 16
2 3 2
16 19 11
12 15 19
3 5 16
14 16 4
19 21 16
20 22 7
21 23 1
18 19 7
12 13 4
6 9 27
7 9 27
4 7 3
20 23 28
22 23 28
15 18 9
23 0 19
13 15 27
9 10 3
0 1 19
15 19 16
23 0 17
2 4 14
20 22 22
3 5 25
22 1 21
12 15 2
11 13 5
21 22 13
21 23 5
15 17 5
16 18 7
20 21 22
2 3 20
5 7 27
16 18 5
23 0 8
20 21 16
6 8 26
12 13 16
1 1 14
3 6 29
22 0 22
7 10 12
6 9 20
12 14 23
20 0 29
17 19 27
12 14 15
16 20 5
7 9 19
6 9 16
8 9 6
5 8 6
1 3 20
7 9 6
11 13 19
22 0 19
12 15 10
12 15 8
13 14 9
5 7 8
6 8 23
17 18 10
17 19 12
14 17 3
10 11 15
22 21 7
20 21 27
20 21 19
2 3 12
1 1 3
13 14 4
23 2 21
8 12 25
12 13 29
10 12 4
17 19 30
2 4 17
12 15 12
13 15 8
2 4 14
5 8 30
14 16 15
8 9 27
8 12 28
11 13 24
21 23 19
5 8 22
2 5 28
23 2 15
23 1 1
7 10 11
19 20 10
10 13 18
15 17 17
22 2 18
4 6 3
21 22 29
23 2 19
15 18 6
20 21 23
11 12 19
12 14 3
0 3 2
12 13 11
2 3 2
20 21 14
0 3 15
0 2 27
15 16 14
18 19 5
14 17 23
9 12 5
22 0 19
1 3 10
23 1 24
13 14 21
22 0 18
1 2 13
22 1 3
7 8 13
18 19 30
8 9 5
6 8 11
11 13 25
10 11 21
1 5 11
8 11 15
20 22 3
11 13 2
1 2 2
14 15 7
7 9 5
18 19 11
21 23 8
12 12 22
14 17 21
7 8 10
20 23 7
21 22 4
8 10 23
5 5 29
9 12 1
5 6 29
10 10 28
21 0 26
16 17 12
17 21 5
12 13 6
23 1 20
16 16 2
1 2 17
12 14 7
19 22 1
19 19 26
3 3 22
7 9 2
17 21 7
20 22 18
21 22 30
19 20 20
18 18 27
15 18 10
2 4 16
18 21 10
20 23 8
2 2 11
12 14 12
0 2 18
20 22 10
12 13 17
10 13 25
22 23 11
10 12 28
21 22 1
12 15 15
0 1 8
5 8 23
13 14 16
1 4 15
2 3 24
2 3 9
22 23 4
18 20 24
17 18 29
7 10 12
13 15 11
3 7 7
9 10 8
7 9 20
7 7 22
16 19 11
1 4 24
5 6 3
11 15 18
3 5 1
17 21 13
9 11 18
22 0 28
7 9 14
12 14 19
20 22 10
0 5 14
15 18 23
23 1 27
21 23 11
18 20 7
20 21 5
15 16 8
2 2 21
10 12 24
13 15 16
6 8 22
22 3 30
9 11 7
10 13 22
16 18 26
7 8 6
5 7 24
20 22 5
20 23 16
18 20 27
12 15 30
8 12 14
16 18 22
17 18 12
0 3 13
3 4 30
1 4 24
6 9 27
15 17 14
4 7 6
17 21 20
10 13 30
12 14 25
20 0 27
1 2 25
6 7 6
12 13 22
19 22 13
15 17 1
20 23 13
2 2 16
20 23 7
22 23 11
15 19 26
7 9 2
13 16 4
4 7 18
20 22 7
0 3 8
15 19 6
23 0 3
10 11 11
2 1 2
20 23 29
0 2 20
2 4 5
6 8 8
5 6 26
17 19 19
13 15 10
21 23 14
1 3 9
12 13 22
14 17 27
21 0 9
14 17 24
10 12 17
17 18 3
1 4 26
8 9 13
9 11 7
8 10 17
13 16 19
20 22 27
22 0 25
13 15 25
8 11 20
2 3 4
19 21 1
22 22 19
18 20 11
21 23 10
4 6 24
12 14 6
0 1 3
5 8 4
12 15 29
11 13 2
1 3 3
0 0 10
20 21 3
9 12 23
11 13 14
4 6 25
22 0 20
4 6 1
15 18 7
3 4 1
10 11 14
11 14 6
19 21 27
1 3 26
2 6 20
18 20 22
22 0 22
12 15 26
2 4 12
19 21 26
19 20 10
23 0 8
13 15 3
1 2 8
21 1 6
0 2 20
18 20 4
18 21 8
18 20 2
15 19 2
8 10 1
14 16 6
16 18 9
11 12 9
1 2 25
21 22 15
7 10 30
19 19 13
3 7 24
9 11 11
10 12 6
10 13 30
7 9 4
15 17 27
2 4 6
0 3 12
0 1 15
13 17 11
6 7 26
4 5 20
10 13 5
0 2 6
23 0 25
12 16 5
5 7 30
9 11 18
17 20 19
9 11 26
15 16 30
7 8 30
11 12 10
4 6 23
16 16 11
17 20 15
1 4 15
22 0 25
4 6 14
6 7 2
6 8 27
8 10 15
21 23 12
17 19 12
19 21 16
15 18 25
8 8 22
21 23 17
21 2 28
15 17 7
8 10 3
10 11 28
19 22 12
11 12 4
21 0 16
16 19 26
18 21 22
19 22 30
9 13 7
16 15 9
4 6 27
3 3 28
15 16 4
22 23 30
16 16 8
9 12 16
1 2 18
7 10 3
0 2 13
17 19 30
9 11 24
21 1 22
2 4 1
12 12 28
0 1 25
11 14 8
0 1 28
5 7 14
22 3 7
13 15 22
7 8 4
7 10 15
22 23 19
19 23 9
17 17 14
6 7 10
1 4 19
11 12 5
4 5 22
16 17 27
8 10 7
15 17 17
12 14 29
4 6 8
6 7 29
15 16 20
15 17 9
3 5 8
6 7 5
7 9 22
21 23 28
2 3 4
11 13 20
4 5 30
17 20 23
8 10 19
6 8 10
7 9 12
9 10 12
15 17 21
13 13 24
16 18 17
18 21 17
4 4 25
20 21 12
7 8 5
0 2 12
14 16 10
0 1 3
21 23 28
0 4 20
10 11 28
13 17 13
5 7 24
21 21 14
7 8 27
16 19 27
22 0 29
10 12 27
20 22 3
0 1 22
22 0 7
19 19 17
1 4 9
1 1 2
9 12 27
22 23 30
20 21 8
10 12 20
10 13 24
20 23 15
0 2 5
10 10 21
15 18 8
3 5 9
7 9 7
3 5 26
16 18 19
8 10 27
6 11 21
3 5 3
15 17 21
3 6 18
7 8 12
16 18 29
6 6 5
5 7 2
16 19 9
5 8 10
2 4 30
1 2 4
15 17 24
0 2 29
2 4 15
6 9 24
3 5 19
2 3 25
23 0 20
8 10 23
9 11 16
18 21 15
1 4 24
8 12 7
18 20 15
15 17 19
6 7 10
7 8 21
21 22 3
12 12 17
10 13 26
12 13 26
5 5 5
0 4 12
5 6 5
3 6 4
3 6 28
18 19 29
22 2 24
18 20 10
10 11 24
5 8 29
3 7 13
0 3 27
4 4 28
8 10 12
13 15 7
5 7 13
0 1 6
5 6 20
0 2 21
4 4 22
15 18 7
8 10 15
23 23 24
22 0 19
5 6 27
15 18 21
20 23 5
15 18 17
13 15 14
18 18 30
15 18 13
16 19 19
15 18 6
22 0 17
11 12 30
2 4 13
13 15 30
5 7 6
9 11 10
21 23 8
13 15 22
1 3 7
17 22 3
3 6 25
3 4 4
14 14 1
7 8 28
17 19 14
22 1 27
12 14 14
0 1 16
15 17 5
11 14 22
13 15 12
3 5 9
13 13 17
0 2 10
2 3 14
0 1 23
22 1 14
9 12 10
2 5 30
11 14 5
15 17 11
23 1 27
20 22 9
19 20 22
21 23 5
8 11 15
1 4 4
2 3 19
22 0 22
9 11 22
3 4 12
3 5 20
23 2 15
8 9 6
4 5 10
17 20 26
11 15 5
4 6 30
19 22 26
18 20 4
23 0 28
3 6 23
0 2 4
21 23 27
0 1 24
19 22 26
14 17 2
5 6 29
7 8 28
22 22 29
2 4 4
1 2 2
7 9 13
19 20 7
10 11 24
19 22 18
4 7 24
13 15 2
7 10 7
3 4 9
1 4 30
2 4 24
10 10 10
19 22 13
5 6 9
23 1 19
0 3 28
8 11 18
17 20 1
9 13 10
14 15 16
5 8 11
3 6 18
18 21 24
1 2 20
1 2 8
5 7 21
11 12 11
18 20 23
21 23 20
11 12 17
10 13 8
6 7 4
21 23 29
21 1 21
23 2 6
8 12 2
19 20 6
7 8 15
4 6 11
8 12 25
3 6 24
10 13 1
0 2 2
1 3 24
7 8 6
1 3 17
6 8 9
3 5 22
1 3 17
10 11 13
18 19 8
1 2 13
23 2 3
3 4 3
21 23 22
21 1 10
15 16 20
4 7 26
23 1 2
13 14 18
0 2 3
2 4 14
5 7 22
16 17 3
20 22 26
12 16 2
2 4 6
0 2 17
5 6 13
4 7 17
7 9 11
11 13 14
13 14 18
1 4 22
20 22 6
3 4 18
21 23 13
21 22 15
23 1 21
1 4 5
13 16 5
10 11 23
1 4 11
14 16 23
6 7 16
0 2 24
14 16 30
15 15 15
5 8 30
18 22 20
7 11 4
2 4 3
10 10 1
10 14 21
7 9 21
6 7 18
4 6 2
12 14 1
4 8 7
18 21 24
13 14 25
16 17 9
3 5 30
19 21 26
13 14 25
23 2 25
22 1 28
16 17 27
17 19 22
10 11 15
2 3 5
23 1 6
10 11 3
22 0 14
17 18 2
16 19 8
12 13 17
19 21 19
4 5 18
3 5 2
17 19 19
22 1 29
4 5 21
7 9 5
9 11 10
8 11 26
19 20 4
21 1 14
18 18 6
2 2 1
19 23 9
13 14 13
6 9 28
13 15 3
4 6 8
1 3 3
0 2 17
18 18 8
6 9 5
19 22 19
3 6 26
3 4 29
0 3 13
23 3 4
18 21 15
14 16 2
20 22 10
7 8 23
5 7 26
3 5 2
7 10 8
17 20 7
15 17 4
18 20 5
14 16 23
0 2 4
12 12 5
5 6 19
18 19 20
23 1 23
12 14 26
21 0 16
20 23 12
3 5 7
4 6 18
10 12 4
9 11 27
7 9 7
23 3 29
14 17 1
11 12 30
10 12 21
4 6 1
21 23 5
23 2 9
12 13 17
