3510 30
23 10 20 3 26 12 16 17 13 18 14 21 5 13 6 27 6 24 18 12 14 27 1 11 25 14 3 26 27 26 
4 6 7
1 2 23
13 14 30
17 18 14
20 0 10
11 14 6
3 4 20
7 10 8
21 23 26
4 8 16
9 10 5
7 10 29
12 14 18
18 18 13
7 8 19
14 17 26
9 11 25
6 7 14
7 10 3
14 15 11
5 8 16
15 18 26
1 4 17
23 1 7
10 11 9
15 17 4
13 14 11
10 12 11
7 10 21
23 1 17
1 4 2
12 14 22
13 15 14
10 13 11
11 14 12
14 16 25
15 16 6
13 14 21
1 4 23
8 8 13
9 12 25
22 0 15
15 17 24
6 7 16
11 14 11
22 1 8
23 3 28
22 0 15
10 14 8
8 9 9
0 1 11
1 2 27
5 9 20
0 1 14
20 23 26
18 22 24
9 10 18
23 0 30
0 3 7
2 3 24
6 9 24
17 19 21
14 15 8
3 7 10
14 16 20
6 7 10
8 10 17
22 1 30
0 2 8
4 4 14
3 6 6
11 14 4
14 16 24
22 2 15
9 13 8
5 8 17
8 11 22
18 19 14
17 18 10
18 20 17
13 13 5
12 14 22
10 12 15
6 9 6
18 20 11
8 12 10
5 8 22
1 3 6
19 23 18
5 5 24
15 17 18
11 13 16
6 9 13
7 10 17
21 22 23
7 10 19
1 4 24
20 22 8
7 9 1
8 10 5
14 16 1
23 2 1
21 23 27
19 20 24
8 9 27
23 0 25
12 16 6
15 16 4
22 23 10
17 19 3
1 3 7
18 22 16
12 14 18
7 8 23
22 0 14
8 7 29
15 15 25
19 21 12
13 15 26
19 22 6
19 21 28
5 8 14
1 3 18
7 10 1
3 5 5
23 3 5
10 12 18
8 10 9
21 22 14
7 8 23
23 3 9
20 23 15
17 19 12
11 12 20
4 7 24
23 1 17
11 11 25
10 10 11
7 9 23
5 7 30
1 1 20
11 14 14
17 21 29
22 0 24
14 15 20
12 14 14
17 21 6
19 21 21
15 16 30
18 20 27
21 23 3
19 20 4
22 1 7
10 11 22
11 13 6
9 13 5
13 15 12
20 21 4
22 1 6
0 3 27
2 3 2
5 7 2
23 0 20
1 3 18
12 12 2
1 4 8
18 20 9
14 16 23
17 19 22
21 23 11
23 1 27
21 21 5
9 13 6
14 14 18
10 12 29
6 5 15
14 15 19
0 1 1
14 16 20
7 10 19
13 15 17
0 2 1
2 7 8
17 19 6
10 13 28
0 1 24
23 2 19
17 18 6
4 7 22
7 8 21
9 12 3
22 23 30
23 1 12
4 7 16
7 9 10
19 20 6
3 4 21
16 19 5
20 22 1
15 17 20
23 2 14
4 7 2
4 7 22
13 15 7
17 19 28
7 9 16
22 23 21
13 16 23
23 2 14
10 11 17
4 6 19
19 23 11
7 10 17
13 14 14
18 19 10
13 13 19
14 16 30
11 11 25
7 9 26
10 12 15
3 4 2
1 2 17
10 12 23
14 17 24
20 23 24
23 1 16
4 5 7
13 14 6
22 0 26
7 10 1
10 12 5
15 18 12
21 0 12
15 18 27
18 22 19
18 20 9
5 5 12
14 17 1
7 9 19
6 10 9
6 7 17
17 20 8
10 13 29
18 21 7
20 21 20
12 14 30
13 16 2
15 18 11
18 20 21
12 13 9
1 4 22
15 17 6
4 5 24
20 22 1
19 21 13
0 3 24
4 7 26
11 14 2
5 7 3
21 22 20
0 4 25
3 4 15
20 21 20
12 14 1
13 16 28
15 16 20
0 2 25
19 22 5
11 13 30
17 18 3
5 7 22
8 11 14
5 7 24
0 2 10
3 4 6
15 17 22
18 22 28
15 18 1
9 10 11
8 10 19
12 15 2
4 8 13
17 21 30
17 19 13
0 4 17
19 21 21
21 23 1
22 0 11
20 21 2
5 7 29
20 23 19
3 5 4
15 18 17
4 7 5
11 12 6
11 12 1
17 19 18
4 6 23
0 2 16
11 15 18
11 13 25
19 21 12
9 11 2
16 18 23
12 14 3
0 2 21
12 13 30
17 19 14
8 11 12
13 15 20
23 1 8
6 9 4
0 1 3
0 1 4
14 19 23
3 6 13
9 11 29
2 2 5
15 16 18
5 6 18
1 4 21
0 1 28
0 1 13
1 4 27
23 0 7
8 11 13
16 19 15
19 20 4
4 6 11
7 8 30
2 4 3
22 1 15
9 12 29
1 5 11
9 10 5
12 12 8
8 9 11
3 6 4
16 19 21
5 6 18
12 13 9
13 16 3
0 2 11
17 17 22
23 1 21
21 1 5
23 0 23
8 11 25
7 10 30
12 15 14
17 17 5
3 5 24
19 20 24
14 17 6
9 12 17
12 14 2
18 20 24
0 2 27
3 5 7
2 4 27
17 18 19
7 8 12
11 13 21
5 6 24
4 6 10
10 12 6
18 19 20
3 5 18
17 17 24
17 18 28
10 12 9
12 12 13
21 1 9
10 12 16
7 8 26
21 1 23
9 11 24
0 3 1
16 19 20
23 22 14
9 11 5
10 13 9
2 2 13
16 18 12
15 18 11
18 21 18
8 11 15
20 21 7
20 22 7
7 8 28
4 7 22
5 7 25
21 22 4
6 8 7
1 3 22
14 17 22
14 17 29
18 20 12
19 21 12
22 23 5
6 8 24
3 5 22
0 3 11
23 1 19
21 23 26
4 7 18
23 3 20
20 21 23
18 20 23
12 16 12
12 14 27
3 6 24
0 2 6
21 22 28
18 20 18
5 8 12
4 6 17
20 22 23
22 2 3
8 8 4
7 8 21
19 21 25
6 9 7
1 5 29
13 14 22
0 2 26
15 15 12
17 20 10
12 16 25
8 11 4
22 1 3
4 6 24
3 6 8
13 15 23
15 17 6
12 14 2
9 12 24
4 5 30
14 17 15
0 2 11
23 1 26
9 10 19
0 2 18
21 22 3
23 23 17
18 20 20
13 16 5
3 7 2
0 3 2
21 23 11
12 15 16
7 10 15
11 13 28
8 10 23
3 7 22
6 8 5
8 11 1
3 4 27
5 7 1
19 21 2
14 16 11
20 22 6
15 17 11
23 1 7
21 23 8
15 16 7
2 6 16
0 1 7
16 18 1
7 9 6
19 22 18
1 4 17
3 4 27
7 9 25
17 19 9
10 11 4
7 8 18
13 15 1
1 2 22
21 0 5
17 19 9
8 10 4
3 5 28
3 5 25
2 5 4
17 19 12
4 5 22
16 19 13
23 0 23
6 8 11
9 12 8
3 5 24
15 17 18
18 20 29
6 8 24
18 19 25
10 12 7
18 21 8
10 14 20
10 12 1
19 20 11
3 4 20
14 14 19
11 12 16
11 12 24
22 23 12
16 17 10
10 11 28
12 14 28
1 2 19
23 1 2
6 9 20
9 11 10
7 9 25
14 14 1
0 2 11
6 8 22
8 9 29
8 9 30
15 16 10
8 10 26
15 19 12
6 8 20
4 6 5
15 16 30
5 7 11
5 6 2
8 11 18
12 12 20
5 7 23
15 18 5
15 15 9
17 19 17
11 13 26
9 12 11
13 16 4
8 11 25
1 1 26
8 10 29
13 15 18
4 6 23
10 13 1
16 17 28
14 16 8
19 23 21
23 3 18
8 9 14
1 3 18
2 3 18
9 12 13
16 19 29
19 20 28
12 14 7
9 11 10
10 12 21
23 2 14
9 10 22
9 11 8
2 5 14
10 12 21
22 1 17
12 16 1
18 20 14
7 9 22
22 0 4
14 16 25
19 21 30
16 17 20
19 21 12
9 12 26
22 0 17
12 15 30
3 4 17
12 14 13
21 23 6
22 22 12
7 8 25
2 3 7
16 18 8
19 21 18
21 23 17
2 6 28
2 5 4
15 18 2
14 17 5
1 5 28
2 5 7
15 17 18
16 16 24
9 11 11
11 14 22
8 9 20
16 17 9
12 13 10
20 20 9
12 12 1
6 9 8
17 20 17
18 19 2
1 3 5
9 10 8
12 15 3
23 0 19
6 7 26
23 1 22
13 14 25
20 21 6
20 23 30
13 13 22
21 22 2
18 19 4
17 20 21
5 8 4
23 3 15
12 13 5
19 21 14
4 6 9
4 6 15
22 23 17
1 4 27
0 3 20
19 20 7
6 9 26
13 14 5
17 18 24
4 6 15
15 15 23
14 16 27
19 20 7
21 23 23
20 0 9
22 1 20
21 23 27
5 5 14
3 5 24
16 19 7
8 11 28
21 1 22
11 12 12
11 14 7
0 2 23
1 4 24
21 0 15
8 10 3
2 4 18
18 21 4
9 12 11
17 20 11
9 10 13
13 14 20
15 16 8
6 8 1
15 18 29
8 10 9
4 7 25
11 14 22
3 5 9
6 8 16
3 7 1
2 4 10
9 11 24
7 9 24
11 11 25
5 7 7
19 21 24
17 22 26
11 13 17
10 13 26
6 9 17
22 1 17
6 8 19
4 7 21
6 7 27
16 19 16
10 11 7
23 1 15
20 21 25
13 14 7
11 14 6
4 6 17
18 20 6
22 22 2
8 10 22
8 9 24
2 4 21
12 15 9
23 1 17
15 17 9
13 16 6
12 15 6
5 9 12
6 8 1
6 7 10
4 7 15
20 0 23
13 17 22
15 16 29
5 8 9
0 3 30
16 18 23
6 7 1
0 2 4
11 14 21
7 8 12
15 18 24
9 12 10
11 12 10
22 23 13
20 22 29
21 21 13
8 11 15
20 21 19
23 1 2
18 21 8
1 3 10
17 19 27
6 8 17
15 16 23
1 2 13
6 9 25
5 7 9
22 0 28
20 23 3
18 20 18
6 8 30
9 12 25
3 5 12
18 21 8
1 6 8
6 8 10
2 4 5
22 1 7
10 12 15
17 19 23
7 9 16
2 4 29
8 9 4
7 10 9
2 2 18
22 23 4
18 20 10
18 20 8
7 6 8
12 13 11
8 9 7
3 5 22
7 7 30
9 11 30
4 5 13
9 10 21
8 12 1
19 20 7
15 16 13
0 0 30
8 10 18
16 17 8
19 20 10
17 20 25
11 15 19
21 23 29
11 13 4
18 20 24
11 13 8
3 4 13
11 12 7
19 20 21
14 15 6
21 22 7
11 14 19
15 16 29
18 21 17
19 21 6
22 1 5
22 23 9
8 11 2
23 2 7
1 3 26
2 4 10
4 5 21
0 2 5
16 18 4
10 10 13
8 11 8
11 14 9
4 6 17
2 6 26
22 0 24
3 5 1
18 21 7
14 16 16
7 10 2
11 13 30
19 22 1
2 5 4
0 3 27
21 0 28
6 7 24
3 5 21
14 15 20
8 9 28
14 15 24
5 8 11
4 7 28
22 23 26
17 21 26
16 18 10
0 3 27
3 5 20
12 14 2
7 9 4
21 22 28
18 21 14
12 15 23
6 9 8
19 21 30
16 20 1
10 11 7
7 9 30
19 21 26
0 3 2
5 8 18
23 0 27
23 1 5
10 12 22
18 21 28
23 0 17
7 9 30
17 20 30
10 11 11
11 12 2
14 16 30
8 12 28
15 16 30
8 9 30
23 1 27
7 8 20
8 11 25
0 2 3
15 17 12
4 6 12
12 12 14
22 23 30
22 0 29
19 20 3
10 13 11
2 5 19
2 4 12
8 10 7
3 5 16
9 9 22
21 21 6
4 5 18
9 10 23
8 9 12
11 12 3
20 22 6
17 19 22
21 23 10
10 12 22
21 1 18
14 16 27
12 13 9
5 8 2
12 14 16
15 17 4
17 17 28
1 0 13
13 16 11
10 13 24
23 0 15
4 8 5
8 10 12
17 18 14
19 20 30
15 17 24
14 17 29
9 11 26
16 18 20
4 7 4
12 13 21
20 23 22
5 7 9
9 9 11
19 22 27
3 6 17
1 1 9
13 16 9
20 21 16
10 13 6
12 15 14
12 15 29
18 20 20
21 23 25
12 13 24
5 6 12
18 20 10
11 12 15
10 13 17
2 4 15
18 20 23
5 7 18
13 14 15
23 0 24
19 19 30
7 9 18
11 13 16
22 23 2
7 9 8
0 2 6
8 11 24
20 0 24
18 19 20
3 4 6
7 9 27
22 0 19
21 23 18
22 0 10
22 23 16
5 7 16
17 19 28
23 0 4
7 10 12
7 9 5
0 2 12
17 20 22
15 17 24
16 19 11
9 10 3
0 2 15
15 16 25
2 4 21
4 7 30
22 23 8
3 4 23
10 12 11
17 18 11
17 18 4
2 5 5
22 23 20
9 10 7
15 17 1
2 5 9
20 22 18
6 9 2
5 7 11
19 18 29
18 19 11
11 14 2
8 11 22
12 12 15
4 7 10
12 14 3
19 19 13
10 10 22
6 7 14
12 14 10
4 7 28
13 15 8
1 1 16
9 12 22
21 0 24
5 7 29
3 4 24
12 15 9
1 4 11
14 15 9
1 4 25
11 12 20
9 12 28
1 4 17
10 10 26
2 4 5
23 0 14
3 6 10
16 19 4
14 17 3
2 5 19
15 18 19
14 17 7
5 6 2
13 14 7
13 15 3
16 18 16
5 7 18
16 19 1
8 12 15
17 21 3
6 6 21
13 15 8
3 5 18
11 14 11
13 16 14
2 3 11
16 18 10
11 13 6
22 2 15
13 16 16
3 5 18
21 20 5
1 2 29
1 4 18
4 6 9
3 5 14
11 14 2
23 1 19
19 21 1
2 4 19
18 18 23
7 9 9
11 14 6
17 20 3
4 6 21
2 5 18
1 6 6
6 7 10
17 19 2
5 7 12
8 10 4
22 1 13
6 8 12
5 7 21
4 8 15
10 12 24
21 1 18
15 16 13
22 1 6
23 1 17
9 11 7
23 0 16
18 21 19
6 8 20
4 7 16
7 8 5
6 8 23
1 3 16
5 6 10
4 5 27
6 10 10
13 15 6
13 15 7
6 8 14
18 20 30
3 5 7
19 21 9
5 9 28
17 21 27
10 12 29
19 21 17
22 0 4
6 7 25
13 13 19
23 23 20
10 12 19
11 13 6
0 2 26
17 19 30
11 14 14
20 23 25
21 23 6
11 11 21
8 9 2
9 11 18
21 23 23
20 23 29
6 9 14
4 7 19
14 15 16
17 19 25
2 4 22
19 23 23
7 8 18
4 6 19
12 14 19
7 8 18
22 1 21
13 16 7
0 2 2
21 23 27
22 23 20
16 17 8
16 18 30
13 17 2
4 7 1
20 23 26
16 17 7
2 4 1
12 15 19
20 0 12
9 11 30
7 11 14
20 23 15
21 23 27
14 15 20
22 1 17
20 0 26
15 17 28
5 6 14
0 2 22
16 17 30
4 6 14
18 21 6
14 17 22
21 1 17
7 11 4
18 21 24
7 9 29
3 3 4
17 19 14
9 11 30
21 23 9
1 2 9
0 2 2
0 2 8
13 15 21
18 19 20
9 9 9
8 9 11
3 5 3
9 11 19
4 5 16
5 7 6
2 4 30
19 21 21
22 22 17
23 1 15
18 18 13
10 12 17
7 9 8
3 4 6
14 15 2
20 22 1
19 20 9
15 16 26
3 6 6
23 1 21
16 19 21
19 20 27
11 14 3
11 13 7
3 5 20
21 22 11
20 21 4
13 14 12
20 22 9
19 22 20
19 20 12
3 6 30
14 17 14
11 13 7
13 15 16
14 15 19
3 5 10
3 6 29
10 11 5
22 22 17
3 5 25
7 7 24
4 5 29
13 16 10
0 2 24
11 12 10
5 7 27
13 15 2
17 16 29
5 7 27
9 11 11
7 7 16
17 19 16
8 12 6
16 18 25
21 0 3
22 1 21
4 7 24
13 14 11
3 5 16
4 6 21
16 18 26
6 8 14
3 5 30
17 19 13
19 21 24
7 8 7
9 9 22
10 12 8
1 5 17
16 17 20
1 2 13
16 18 9
12 16 26
1 3 23
5 7 9
10 12 4
18 18 19
3 7 25
5 7 18
3 5 11
14 16 23
5 6 18
14 15 4
12 14 24
22 1 21
17 18 17
12 15 28
5 7 1
13 16 4
22 0 1
20 21 21
18 20 15
19 21 21
13 15 14
17 18 17
11 13 28
23 1 7
0 1 28
11 14 15
9 12 13
4 5 10
1 2 1
21 23 1
18 22 6
2 2 27
17 19 3
14 18 1
6 9 7
0 2 22
23 2 12
22 1 17
13 16 23
5 6 25
20 22 6
9 11 8
0 2 18
1 4 22
8 10 6
19 21 12
2 4 14
5 7 14
13 15 8
8 10 7
6 7 9
22 0 30
9 12 21
6 9 27
16 17 18
0 4 14
5 6 11
0 0 1
12 14 3
6 9 2
23 2 10
21 0 5
16 18 25
1 4 22
21 1 19
20 19 9
6 8 13
4 6 11
22 0 11
7 8 17
13 15 28
4 8 14
3 4 27
4 6 3
9 10 15
22 0 20
1 2 8
20 22 5
12 15 17
13 17 7
8 10 15
2 5 12
9 14 10
13 16 1
10 10 17
10 11 10
19 21 24
12 15 23
15 17 4
3 7 17
22 23 18
11 14 28
20 22 21
4 7 27
12 16 15
13 16 27
8 11 21
2 4 9
5 8 27
20 23 15
11 14 15
2 2 3
21 23 8
20 21 8
1 3 26
11 14 11
15 18 8
9 10 28
22 1 26
20 23 23
22 0 20
15 16 1
8 10 3
18 22 2
15 15 20
13 17 9
5 7 30
23 1 15
20 22 18
22 1 14
1 2 15
13 13 7
3 5 3
10 12 27
13 14 16
15 16 8
15 17 3
16 18 21
11 14 14
7 7 15
5 7 26
12 16 30
6 6 29
14 18 1
8 10 10
1 2 12
11 12 13
9 12 14
6 9 7
1 5 24
3 6 30
15 17 11
9 11 9
22 23 6
2 2 14
2 2 2
3 5 9
20 22 30
16 18 7
23 0 22
19 22 28
15 17 7
21 21 25
22 2 27
17 18 21
14 16 30
5 6 18
0 2 18
8 8 8
6 7 1
19 20 25
19 21 22
17 20 25
4 7 20
13 15 26
11 14 22
11 13 27
17 18 2
11 14 11
18 20 1
21 1 23
21 0 18
21 23 13
22 1 23
17 19 3
4 6 21
4 6 5
12 14 7
15 18 1
23 3 20
15 17 14
21 1 1
3 5 5
1 4 11
20 22 27
9 10 12
15 16 18
11 14 21
2 5 27
4 7 5
21 23 8
14 15 10
2 6 18
12 15 28
19 20 29
22 0 27
19 20 6
6 7 2
20 22 7
3 6 11
13 17 1
10 14 27
20 21 9
11 12 15
10 14 21
17 20 8
9 9 12
0 2 2
1 2 11
19 22 15
7 8 18
16 20 13
23 2 11
2 4 13
15 16 30
7 10 11
16 18 23
6 8 9
15 16 23
19 22 5
1 4 9
19 21 27
14 16 3
17 21 30
19 20 8
18 20 21
14 16 19
3 6 3
20 21 28
9 10 24
15 16 20
15 17 16
9 13 6
14 17 13
19 20 3
15 16 25
7 8 1
23 1 16
23 1 25
9 12 23
0 2 3
16 19 8
5 8 7
22 0 22
4 6 28
16 17 28
16 19 14
9 11 16
2 4 6
3 6 7
13 15 19
12 14 12
6 8 7
3 4 6
16 19 4
2 5 26
23 2 22
6 8 10
6 8 4
0 2 21
2 3 14
17 17 27
21 0 30
3 7 2
9 11 4
19 21 26
7 10 4
17 19 28
15 17 6
5 8 4
10 12 2
14 17 4
14 16 27
6 7 10
17 19 11
9 11 23
15 18 20
16 18 26
3 5 17
13 15 19
9 9 27
23 1 25
5 7 17
1 3 19
13 15 21
23 0 16
7 8 4
5 7 25
17 18 14
1 3 22
12 12 5
7 10 26
8 10 20
11 12 15
5 7 1
22 1 27
3 6 23
17 19 9
18 20 4
9 12 27
10 11 21
11 14 14
7 10 28
5 7 2
14 17 18
3 4 30
11 13 21
6 8 19
20 23 11
7 10 19
16 19 2
14 15 17
4 5 2
23 1 25
20 20 28
3 6 11
18 19 25
15 17 8
3 3 6
15 17 28
14 15 27
1 2 18
19 22 6
22 2 29
19 21 23
1 1 9
10 14 11
12 13 23
7 8 24
4 6 17
1 3 10
5 7 12
13 16 9
16 17 9
17 19 4
12 14 20
19 21 6
8 9 13
6 7 26
16 18 7
10 10 6
22 1 24
13 15 16
9 12 22
7 10 28
2 3 27
18 18 11
23 2 28
14 16 28
4 5 18
17 18 13
11 13 11
4 8 16
9 13 23
1 2 26
3 6 18
6 8 30
17 18 23
14 16 24
20 22 18
3 5 19
13 16 10
2 4 6
21 22 24
12 15 26
15 16 29
13 15 29
0 3 27
6 7 18
1 2 8
7 9 5
5 4 23
17 18 30
0 1 15
14 15 28
10 11 1
12 15 17
1 3 29
20 23 7
9 11 20
8 9 13
9 12 18
21 0 24
0 4 28
20 21 10
23 1 19
6 7 26
16 18 13
14 16 12
2 5 3
15 18 13
17 18 26
15 16 22
3 5 16
10 11 25
18 21 23
3 5 29
16 19 18
19 21 27
9 10 8
2 4 13
2 4 11
22 1 17
2 3 26
6 9 26
18 21 26
19 20 21
22 1 18
23 1 1
1 3 2
16 19 24
18 19 24
4 6 27
20 20 13
21 0 2
21 22 16
6 7 24
9 11 9
4 5 7
5 6 7
2 3 21
2 4 13
15 17 2
0 3 14
21 23 8
0 2 27
4 7 9
6 9 27
9 11 29
20 22 13
9 11 20
8 11 7
5 7 20
16 17 4
9 10 22
21 23 30
22 0 22
11 13 2
12 13 18
9 11 14
8 9 4
12 14 15
8 10 28
12 15 20
15 19 15
16 21 24
17 20 8
20 22 8
19 18 22
5 7 26
3 6 28
16 18 21
11 13 5
18 21 25
14 17 10
0 4 30
4 6 6
3 4 9
3 6 3
11 13 2
1 3 30
3 4 23
13 17 24
20 23 6
14 16 4
14 15 27
0 2 9
18 20 12
15 17 16
7 10 9
10 13 27
15 17 24
5 8 28
11 13 21
7 11 9
14 16 5
16 17 5
0 4 22
11 13 30
7 10 21
2 5 27
3 6 24
20 22 26
7 9 23
18 20 24
16 19 23
0 1 19
18 19 23
19 22 8
21 22 20
22 0 18
12 13 29
15 19 21
4 5 15
19 21 8
4 6 30
11 14 21
15 17 2
18 20 9
22 0 16
17 18 27
8 8 27
4 10 8
15 17 1
5 7 22
6 8 5
15 17 25
22 1 4
20 21 11
18 20 3
4 7 30
23 2 10
2 4 27
15 18 15
23 2 4
1 7 20
21 0 29
22 23 26
21 22 14
10 11 14
17 18 21
20 22 12
2 4 11
10 14 29
19 22 22
20 21 17
4 5 24
1 2 2
8 12 2
4 7 23
14 17 11
15 17 2
0 2 3
6 7 2
13 15 3
21 23 17
13 14 7
15 18 3
1 3 12
19 21 12
21 22 13
6 9 1
18 22 20
9 12 9
21 23 12
11 14 17
12 13 7
0 2 28
1 4 4
3 6 13
4 6 10
19 20 1
22 1 19
8 10 1
8 11 18
19 21 26
10 13 4
6 9 11
4 6 2
13 15 8
6 8 10
7 9 20
10 13 2
23 0 17
2 4 17
10 12 8
1 2 25
21 21 16
19 22 13
5 7 20
10 10 30
23 0 12
2 5 19
5 6 8
6 9 16
4 6 29
13 17 20
22 1 22
12 15 5
9 12 5
14 16 3
15 16 8
14 15 24
7 10 30
20 21 11
7 8 19
1 2 14
13 15 19
5 8 3
11 13 17
4 6 5
4 6 21
7 9 29
14 16 18
0 2 4
15 16 20
8 10 19
16 17 20
17 19 2
2 3 7
3 5 24
11 12 12
14 15 21
22 0 20
23 2 9
10 14 17
16 18 23
20 1 9
3 5 2
8 9 6
16 17 5
21 21 19
11 14 27
18 20 6
10 12 7
11 14 28
18 18 11
1 4 8
16 17 4
23 2 6
3 4 20
0 2 11
17 19 6
10 11 5
14 17 9
1 3 25
18 18 20
7 9 29
22 0 19
6 8 13
6 7 26
16 18 17
10 12 7
21 23 19
1 2 10
5 7 11
16 17 7
18 22 28
3 3 2
0 2 28
5 7 27
16 18 10
22 0 26
22 0 13
16 19 13
4 4 23
6 7 17
5 7 8
13 15 7
13 15 30
21 23 18
23 1 27
0 0 8
12 14 7
20 22 12
15 18 7
10 11 28
15 17 22
23 1 16
5 6 10
8 11 11
11 12 7
22 0 16
15 16 10
12 14 18
12 14 14
21 22 15
13 16 21
10 13 16
23 1 28
1 3 24
22 0 14
22 1 2
21 0 11
6 8 23
21 21 1
9 12 21
12 11 16
11 13 28
15 18 15
19 22 14
14 16 14
17 19 17
6 7 17
14 14 6
5 8 19
13 14 5
22 23 18
22 0 29
3 6 6
11 14 28
5 8 5
6 9 15
11 13 26
9 11 4
15 17 25
17 18 9
0 4 28
16 17 23
22 23 19
9 11 11
13 14 19
11 14 6
21 23 8
8 9 6
18 18 4
17 20 24
4 8 22
11 14 21
8 11 5
2 4 7
11 14 28
13 15 14
7 8 21
7 9 2
3 5 3
16 17 30
3 6 11
22 1 3
13 14 21
16 17 15
13 15 27
5 9 26
4 7 24
12 14 16
15 17 6
21 23 25
18 20 13
7 9 11
6 7 17
23 2 28
23 2 10
1 3 2
5 7 14
0 1 24
7 7 5
17 19 24
1 4 24
5 6 29
11 13 6
5 7 28
12 14 28
1 2 27
18 20 17
11 12 26
0 2 6
11 12 29
17 19 20
17 18 2
0 3 22
8 11 4
17 21 3
14 16 8
5 6 4
2 5 8
5 8 3
22 23 12
8 10 29
10 12 22
14 17 2
5 8 22
17 18 13
6 8 15
3 4 1
2 4 13
0 3 18
17 19 19
2 3 8
3 5 13
7 9 26
0 1 9
19 21 16
19 21 6
5 9 18
9 10 15
22 23 10
14 15 10
2 5 17
2 4 6
23 1 30
21 0 19
12 15 5
14 15 10
7 10 26
14 16 17
15 18 14
15 14 14
0 2 23
15 16 26
20 22 14
23 1 7
7 9 2
17 17 3
23 0 8
14 16 13
4 4 17
22 0 3
21 22 10
2 3 18
16 18 23
6 7 6
22 2 3
5 7 23
18 20 13
23 3 2
7 10 26
1 3 15
4 6 7
15 16 13
1 1 27
23 1 1
18 22 18
13 15 13
1 2 3
9 11 10
19 23 16
17 19 26
3 6 9
6 9 2
13 16 20
7 8 16
10 11 11
1 2 7
6 7 11
21 22 22
4 7 5
22 2 3
7 10 11
22 0 14
2 4 2
23 2 22
10 12 25
13 13 21
1 2 29
22 1 2
21 22 12
22 0 22
13 16 15
0 2 14
18 21 30
4 6 30
9 11 26
11 12 3
4 7 4
19 20 24
16 17 23
20 20 22
21 23 7
16 18 22
15 18 9
1 3 19
13 15 14
0 2 26
5 7 28
21 1 14
9 11 4
16 15 9
10 10 2
6 8 7
22 0 9
3 5 12
17 20 4
12 13 4
14 16 15
9 11 21
1 4 17
14 16 6
16 19 28
1 4 23
15 18 10
15 18 9
3 5 20
20 21 6
18 19 6
1 4 11
11 14 11
13 13 27
19 21 11
13 15 21
12 14 2
7 10 26
14 16 23
22 1 3
16 18 16
12 13 9
20 23 9
12 14 3
19 22 2
11 11 12
15 18 5
1 3 3
5 8 20
19 22 3
19 21 20
23 1 29
3 6 22
3 5 22
10 14 22
3 4 17
7 9 20
21 22 4
15 17 5
23 1 18
17 19 6
1 2 27
21 23 16
9 10 2
18 19 9
21 23 19
1 4 8
20 23 27
1 3 1
8 12 15
3 5 23
7 9 6
15 17 27
3 8 24
14 13 16
7 10 29
19 21 29
9 11 24
20 21 21
18 21 15
16 18 8
14 16 25
1 3 9
12 12 29
19 23 4
5 7 26
8 11 15
8 9 16
13 16 22
20 21 7
23 2 2
4 6 18
15 15 12
7 9 6
21 0 15
2 3 12
11 13 18
8 11 20
2 5 13
21 0 13
0 1 30
13 14 6
1 6 10
19 21 14
5 7 29
8 10 21
3 5 20
23 0 22
3 6 29
21 22 10
18 21 8
9 10 29
13 15 27
22 23 28
3 7 13
23 0 21
7 9 28
16 20 16
5 7 19
15 18 19
14 18 8
14 16 26
14 16 3
21 22 12
13 16 13
21 23 11
15 18 22
16 16 11
21 22 27
20 22 12
0 2 23
16 19 8
17 20 19
15 19 30
19 21 9
5 6 14
19 21 30
16 18 11
5 6 27
23 1 18
22 23 16
4 6 19
12 13 5
7 8 20
18 19 30
18 22 5
5 6 10
6 8 11
15 18 12
10 13 27
4 6 25
5 8 5
10 13 30
11 13 25
21 0 22
13 17 12
20 23 13
19 21 7
11 14 19
13 15 19
14 16 8
16 17 11
13 14 7
20 21 30
2 3 30
0 3 26
19 20 9
19 22 20
9 10 19
12 13 30
17 20 6
9 10 30
0 2 11
5 6 16
0 3 12
10 12 22
16 17 7
13 13 27
18 20 12
15 18 26
13 16 14
20 22 8
10 12 13
8 11 28
5 6 26
6 10 9
12 14 25
11 13 16
15 18 13
20 23 27
10 12 4
11 15 5
21 23 18
3 5 22
18 20 13
17 19 21
22 22 4
9 10 17
8 9 19
17 21 22
2 4 26
7 8 1
1 4 18
22 1 11
21 22 11
16 17 12
20 22 4
12 14 25
20 22 19
20 23 21
6 8 28
19 21 29
23 1 13
14 16 20
0 1 17
10 11 11
8 9 7
13 14 9
10 14 26
21 22 14
9 9 17
15 17 29
6 8 29
16 19 18
22 1 7
0 3 18
18 21 10
22 0 14
20 22 26
15 17 19
21 23 2
21 22 18
8 9 1
2 3 8
1 4 15
2 5 18
19 20 19
7 9 20
17 21 24
15 16 7
14 16 16
9 11 11
14 14 28
17 18 1
6 8 7
14 17 18
1 2 17
15 16 24
13 15 10
5 8 16
13 15 25
9 10 7
2 3 30
17 19 26
23 1 22
14 15 1
16 19 27
16 16 12
1 2 4
22 0 28
19 20 6
7 10 3
22 23 29
3 7 5
17 20 24
19 20 19
3 2 24
18 20 12
15 17 12
15 17 19
6 8 23
12 16 17
7 8 12
8 10 28
14 16 28
22 0 29
21 1 25
18 20 18
8 12 4
10 14 30
16 18 7
3 5 2
4 7 5
23 1 14
14 17 25
9 10 25
8 10 23
22 1 11
1 4 14
3 7 23
6 8 26
0 2 23
23 0 14
6 8 28
0 2 18
23 23 6
8 10 14
8 11 4
7 9 15
18 21 9
7 8 26
9 10 12
10 11 14
21 1 18
5 7 19
21 23 20
21 23 29
23 2 12
20 22 6
12 13 5
19 21 19
16 20 6
21 23 18
21 23 11
7 10 24
1 3 18
10 13 4
22 1 30
4 6 14
7 8 8
8 10 2
19 20 29
18 21 5
7 9 20
9 9 7
4 5 15
6 7 6
0 -1 14
18 20 27
4 6 20
18 20 24
21 0 3
16 17 21
16 19 15
21 22 7
0 2 11
21 22 2
15 16 18
2 4 19
20 23 15
18 21 13
18 20 12
5 8 14
18 21 12
16 18 4
15 15 21
11 12 11
0 2 30
4 7 12
17 19 9
22 0 29
15 18 27
14 14 25
20 23 2
3 5 24
0 2 19
2 5 19
2 3 9
7 9 17
22 22 28
12 14 18
2 4 16
19 21 11
18 21 23
18 20 3
6 9 1
9 12 13
1 3 20
22 0 4
14 17 23
5 7 17
15 18 9
23 2 24
6 6 25
4 5 30
2 4 21
21 22 11
2 5 21
12 13 1
11 13 20
3 5 13
3 2 29
21 22 19
4 5 11
5 8 19
1 3 20
3 7 5
18 21 28
17 20 30
14 15 10
2 3 8
10 12 21
9 10 9
20 22 20
6 9 27
19 22 12
2 4 17
19 20 11
19 20 22
12 14 5
11 13 26
9 11 25
3 6 11
18 21 24
7 8 17
12 15 16
9 10 8
2 3 3
1 4 30
16 19 17
1 4 16
19 21 8
12 15 4
1 4 2
15 20 28
22 21 28
15 18 26
22 3 21
15 16 28
4 5 14
4 6 4
21 0 9
18 19 30
9 11 20
10 12 12
13 15 3
22 23 7
20 22 22
17 21 17
11 14 27
3 5 23
4 8 3
10 12 26
9 11 8
4 5 19
2 2 26
7 9 29
21 22 6
20 0 20
17 18 20
15 17 26
4 6 10
20 22 22
7 10 9
21 0 10
1 3 9
10 11 15
0 1 4
6 9 7
0 2 2
2 2 1
23 23 6
19 22 23
21 22 1
1 1 24
17 20 5
12 14 11
23 0 27
8 10 6
14 16 17
17 19 11
6 7 25
7 9 5
3 6 29
12 17 25
19 21 16
16 18 8
15 17 25
5 5 5
17 18 15
20 1 10
16 18 28
19 22 26
5 7 5
7 9 2
9 10 22
2 3 9
22 1 3
6 9 7
2 3 10
15 16 8
6 8 30
16 16 13
7 10 2
15 16 25
4 5 28
21 22 19
4 4 24
8 9 16
12 13 11
23 0 5
8 8 19
3 5 18
20 23 22
14 18 7
5 8 17
19 21 23
16 18 11
7 8 29
15 18 2
13 15 10
17 18 22
0 0 29
19 22 22
18 20 5
15 17 23
23 1 3
11 12 18
8 10 17
7 7 27
6 8 9
4 5 13
1 3 17
21 23 25
23 23 23
17 19 10
12 12 2
5 7 21
12 14 16
19 22 11
13 16 25
11 12 16
19 23 12
23 1 25
10 11 14
20 22 8
7 9 5
11 13 13
6 10 29
19 21 24
13 17 20
10 12 13
9 11 21
11 15 29
0 3 3
16 17 6
20 22 23
19 21 15
8 10 4
14 14 2
16 17 19
19 19 6
22 0 25
14 16 16
3 2 27
17 19 7
13 18 26
20 23 14
9 10 28
1 4 10
12 13 21
16 17 25
5 9 13
0 1 22
0 3 5
5 6 28
22 0 13
5 7 27
12 13 2
8 11 12
11 13 12
8 11 16
6 8 21
14 15 11
6 7 21
17 17 1
5 7 18
14 16 15
23 2 25
8 10 12
4 6 18
15 15 8
8 9 8
12 14 24
17 20 14
22 0 20
10 14 20
3 5 13
3 4 26
7 8 17
10 11 2
16 16 25
20 22 5
20 23 18
21 23 22
5 6 12
0 2 1
20 22 21
10 10 30
5 8 15
16 19 22
20 21 14
11 15 30
10 14 22
0 1 27
1 4 9
14 17 28
0 2 12
13 16 21
11 13 21
1 2 11
15 18 28
10 11 24
17 20 15
13 17 21
11 12 1
9 13 22
19 20 18
10 12 30
22 0 26
14 17 23
12 14 4
23 0 5
1 3 2
2 4 27
3 6 26
11 11 7
13 14 15
11 12 1
5 6 12
3 5 18
16 18 15
4 8 10
11 13 18
9 12 18
14 16 23
16 18 22
15 16 7
12 15 30
18 20 7
20 1 16
7 8 14
20 23 2
3 5 3
10 10 11
15 17 26
16 19 17
17 19 25
9 10 26
19 23 27
7 8 26
2 3 24
6 8 8
15 18 2
2 4 2
0 2 7
4 6 19
14 15 17
13 15 25
8 10 25
15 18 8
13 15 19
12 15 7
5 7 27
19 21 7
20 22 23
9 12 19
7 8 9
16 18 25
5 6 4
14 16 13
2 4 20
4 6 2
20 21 29
1 3 13
11 13 5
22 22 29
9 10 1
14 17 26
23 1 10
9 10 28
16 19 28
8 11 11
12 16 7
15 18 27
21 23 25
11 14 21
22 1 15
3 5 24
4 6 5
18 20 17
23 2 21
1 2 12
2 6 8
12 15 8
22 0 27
0 2 1
6 9 3
18 20 12
20 21 29
16 19 11
6 7 2
15 19 28
9 11 9
12 13 28
2 5 6
22 23 28
13 15 7
1 4 11
9 12 9
16 18 29
4 7 22
2 5 3
17 20 24
0 2 17
16 19 19
7 10 28
10 11 6
3 5 16
8 10 12
15 16 14
15 16 3
11 14 26
3 5 8
11 13 16
10 12 7
19 20 28
6 9 5
12 14 15
7 8 1
1 4 24
23 0 9
18 19 10
9 12 13
21 0 13
5 7 3
14 14 21
6 9 15
14 16 25
2 4 3
7 8 1
20 22 23
0 2 2
22 22 11
9 12 6
14 15 25
11 12 27
1 4 22
5 8 11
12 14 27
10 12 12
5 6 28
20 20 4
4 7 17
13 15 29
13 14 20
0 2 8
19 21 18
10 12 20
11 13 25
1 3 29
14 15 10
0 3 14
18 21 18
6 7 12
5 8 5
19 22 8
23 23 25
6 9 18
17 21 5
9 11 22
21 0 15
12 14 1
20 23 17
23 2 22
17 18 27
6 8 1
18 23 29
11 14 6
14 16 11
21 22 7
2 4 8
19 18 5
16 17 6
16 19 14
19 22 1
12 15 28
6 9 23
8 9 11
8 10 30
19 19 13
7 10 18
21 22 8
20 0 26
19 22 27
9 10 16
2 3 21
10 11 19
20 22 8
10 14 3
0 2 7
20 21 18
10 11 3
19 21 19
20 23 10
1 4 21
15 18 3
18 21 24
16 19 8
21 2 29
13 15 8
11 12 3
5 7 18
8 8 15
23 2 26
14 16 4
21 22 23
10 13 6
2 4 9
16 19 12
16 17 7
12 13 24
3 5 9
11 13 22
10 14 20
13 15 12
15 16 19
1 4 29
7 9 2
20 23 7
21 23 8
17 19 18
13 15 23
15 18 2
13 15 3
20 21 26
7 9 18
17 20 28
23 0 23
0 4 26
5 8 8
22 0 27
9 12 2
21 21 19
23 1 12
1 4 29
5 6 25
22 23 28
12 13 16
16 18 21
7 7 27
21 23 22
2 3 21
14 16 10
11 11 6
7 10 11
9 12 25
10 12 10
4 7 1
10 12 28
20 23 11
21 22 10
19 20 10
11 13 11
7 8 12
2 4 29
3 3 18
16 18 22
11 13 7
12 15 11
23 2 27
6 7 16
3 6 19
21 21 14
0 0 23
0 2 10
12 14 17
13 14 2
9 9 18
19 19 1
18 19 5
5 8 28
21 22 6
10 12 7
20 21 22
9 10 9
6 8 15
16 17 25
18 19 29
4 6 1
22 1 14
14 16 28
12 15 16
16 17 2
12 16 22
9 9 15
18 21 19
4 7 16
2 3 25
15 16 22
2 6 9
5 6 7
2 3 20
2 4 28
15 17 5
19 23 25
0 1 12
16 20 8
0 0 27
18 21 26
1 4 18
10 11 12
3 4 27
2 4 27
7 8 5
16 17 23
8 8 7
20 22 5
15 18 27
11 13 11
2 4 16
8 11 8
6 8 26
1 4 10
23 1 2
1 3 8
1 2 10
0 3 25
21 22 20
9 11 7
15 17 30
11 13 8
7 10 7
18 21 8
15 16 16
4 7 12
6 8 16
13 14 20
10 13 8
2 4 24
18 21 9
2 5 27
17 20 24
0 2 10
6 7 16
12 14 4
20 21 16
22 0 17
4 5 15
12 13 10
11 13 10
5 6 30
9 11 14
2 5 19
12 14 20
18 21 15
15 18 26
17 20 1
10 13 10
20 21 27
21 21 12
4 5 13
3 4 21
12 14 9
10 12 24
19 21 12
21 23 25
23 0 2
9 12 6
8 9 16
5 7 29
13 16 13
22 0 3
21 22 25
9 10 28
6 7 18
1 3 23
5 8 29
13 15 3
23 2 15
1 3 2
12 13 28
1 3 21
16 17 29
13 16 18
0 2 8
18 19 11
14 15 24
4 9 19
1 3 25
15 16 24
16 16 29
12 14 30
5 8 28
4 7 8
5 4 21
7 8 12
13 13 18
15 16 18
23 2 7
9 11 17
8 10 14
15 18 11
10 12 1
9 12 8
13 14 6
4 6 3
14 17 1
7 7 2
18 18 21
10 11 1
6 7 6
11 11 27
8 11 21
10 11 18
21 23 8
9 10 22
6 9 22
13 17 25
15 17 2
20 22 12
5 7 28
14 17 5
4 4 20
1 2 5
6 8 24
2 5 22
20 22 12
12 14 29
16 19 11
23 1 13
0 0 27
23 2 6
13 15 16
5 6 4
14 16 1
2 5 27
6 7 21
15 16 3
13 13 20
22 1 15
9 9 18
15 18 26
15 17 20
16 19 16
10 13 13
11 15 16
8 10 25
12 13 7
22 23 3
6 8 25
7 9 9
3 6 4
0 4 10
19 20 4
20 22 8
0 0 20
1 4 23
12 14 20
15 20 1
1 3 18
2 3 20
15 17 26
1 4 19
10 14 16
16 17 3
20 21 21
9 10 15
22 1 3
5 6 14
12 14 7
16 18 30
8 9 18
15 19 9
17 20 1
11 12 19
21 21 21
20 20 30
2 3 16
10 11 5
16 19 3
5 8 2
22 23 7
6 9 24
11 13 12
16 18 9
1 3 24
4 6 6
21 21 27
10 11 22
17 19 22
6 8 6
6 7 11
4 7 18
19 21 7
16 19 20
6 8 16
12 13 23
23 2 18
22 22 12
10 11 27
5 7 20
0 2 11
19 20 14
2 5 13
0 4 2
17 18 24
13 15 19
17 19 14
0 1 10
19 22 25
22 0 10
10 13 16
13 15 18
2 3 29
22 22 15
3 5 4
8 9 10
10 13 9
19 20 15
20 22 16
18 21 2
16 18 16
20 22 5
7 9 9
13 18 11
16 17 27
10 13 7
10 12 20
19 20 3
7 9 22
17 19 9
7 9 10
0 1 24
1 3 5
10 12 25
4 7 13
4 5 13
6 9 24
19 20 16
12 13 21
7 8 20
23 1 2
16 17 7
23 0 5
13 14 15
22 23 6
18 21 2
14 14 4
10 12 22
5 7 6
4 7 13
16 19 21
5 7 11
0 3 8
12 13 7
9 11 3
0 2 12
0 1 3
23 2 24
16 19 2
21 23 16
15 17 21
4 6 28
6 9 23
21 1 21
18 20 14
3 7 1
2 3 19
20 21 17
4 6 1
15 16 26
6 8 6
10 10 29
13 16 29
10 12 15
10 13 26
11 12 21
13 14 28
20 23 19
6 8 3
4 5 24
4 8 8
9 11 24
6 8 12
0 1 12
6 9 28
0 1 5
10 12 26
20 22 28
21 0 4
18 18 6
12 15 12
20 21 26
2 3 27
9 12 9
23 23 20
19 23 19
18 19 20
12 14 29
1 4 25
10 11 19
7 8 8
4 7 4
10 12 6
17 22 20
21 0 28
15 17 2
5 5 29
3 4 22
3 5 3
2 5 16
17 17 29
9 10 11
0 1 15
8 12 2
4 6 14
4 5 25
13 15 28
19 20 20
10 13 2
17 19 6
20 23 1
4 7 17
10 11 26
2 4 19
4 5 13
16 18 28
10 12 15
17 20 15
3 5 4
5 8 19
20 22 24
7 10 24
18 22 15
15 17 14
1 5 1
1 2 4
23 2 13
6 7 4
19 19 4
13 15 3
7 10 17
16 17 11
10 11 16
7 10 9
3 6 7
9 11 6
20 20 3
8 11 11
8 10 10
14 18 20
13 13 17
23 2 5
17 19 18
6 8 8
8 12 29
13 14 8
9 10 23
7 8 30
19 22 19
18 21 19
3 3 19
12 12 22
13 14 17
10 11 9
20 21 13
18 19 16
2 5 18
23 0 28
20 21 18
14 17 19
13 15 7
7 9 8
13 13 21
20 23 3
2 3 23
12 13 7
15 16 28
2 5 25
4 5 6
14 16 1
17 19 14
14 17 20
1 3 20
15 15 10
12 13 24
18 20 27
8 10 27
10 11 23
5 5 1
9 12 17
0 2 17
12 14 4
9 10 16
18 21 25
13 14 16
12 13 18
23 1 2
7 9 23
8 10 10
2 4 3
18 20 9
1 3 5
7 10 18
21 22 7
12 13 30
22 1 10
9 10 17
18 20 14
9 10 6
11 13 5
16 18 24
9 10 26
21 23 13
5 8 1
11 14 14
4 5 23
3 4 21
12 13 6
22 23 10
8 11 27
6 9 1
21 0 20
22 0 6
23 2 27
21 22 8
2 3 9
18 19 29
18 17 22
9 10 24
9 11 2
3 6 27
10 13 29
20 23 13
19 21 19
18 22 25
22 2 8
9 11 2
0 2 17
14 16 20
7 9 29
0 3 20
3 6 25
0 1 30
5 9 25
17 20 25
17 20 17
6 9 18
3 5 17
20 23 20
13 15 24
15 19 21
12 14 13
8 11 3
11 14 10
19 20 1
0 1 8
14 15 13
11 14 20
6 9 17
18 18 9
17 19 22
17 19 6
20 21 23
18 20 7
15 16 15
7 7 9
20 22 1
4 7 13
3 4 30
6 9 25
16 18 27
7 8 19
9 11 17
8 9 25
7 9 28
4 7 28
7 8 21
0 1 19
6 7 11
16 18 16
10 14 1
18 21 25
15 17 28
7 9 11
23 3 10
0 3 7
21 0 1
2 4 11
23 0 28
11 15 15
7 9 18
17 19 19
6 8 25
21 23 12
8 10 17
14 16 10
10 12 23
5 7 6
9 12 19
15 17 1
13 14 23
17 21 17
4 6 23
21 1 8
13 15 8
17 21 5
21 0 28
4 6 29
5 6 14
6 10 14
8 10 7
0 -1 25
8 10 14
14 17 13
15 17 1
18 21 16
15 19 15
5 7 26
12 13 19
6 9 8
21 22 1
8 10 12
20 23 30
10 12 10
5 6 6
5 7 7
14 14 27
15 17 15
6 8 17
2 4 13
16 17 27
23 0 29
4 5 12
21 23 30
12 14 23
18 20 22
22 1 1
6 8 25
14 17 11
13 16 29
11 13 22
12 13 9
9 11 5
18 19 17
12 15 20
4 7 13
1 3 18
20 23 24
10 14 18
16 19 24
19 23 13
18 21 12
20 23 29
1 3 21
20 23 16
0 2 29
10 12 2
8 10 28
16 19 20
22 22 10
2 4 28
12 14 30
3 8 7
9 11 22
11 13 3
0 1 25
18 20 22
20 22 11
15 16 28
17 18 22
8 10 2
5 6 17
15 17 18
0 2 4
22 0 21
19 21 14
22 0 16
16 18 4
23 1 21
11 14 7
18 20 2
17 19 17
11 13 29
0 2 3
9 9 9
13 15 29
