350 30
6 15 11 1 18 10 6 19 12 2 7 8 16 17 4 11 23 2 8 24 18 26 16 23 4 29 15 1 24 9 
2 5 15
12 16 27
3 5 6
17 18 4
1 2 9
8 11 26
20 19 19
17 19 3
21 23 9
19 20 14
16 17 22
14 17 16
4 6 11
12 16 19
23 1 27
15 17 17
12 13 6
5 7 10
15 17 25
10 12 20
22 0 26
1 2 4
1 4 12
6 8 10
11 14 22
17 17 21
0 2 14
18 20 28
2 4 17
15 17 18
18 20 8
14 18 20
23 2 26
19 22 19
9 11 15
3 6 7
1 2 6
11 15 30
12 14 25
0 3 28
15 16 15
7 9 6
0 2 6
9 12 1
21 23 5
10 13 20
8 11 3
19 20 19
5 7 18
5 6 1
14 15 17
17 19 29
18 19 13
11 15 18
13 14 2
21 23 10
5 7 4
23 1 17
0 1 10
20 23 8
0 3 26
23 1 14
1 4 29
4 7 24
5 7 15
8 10 26
22 23 25
0 2 15
21 22 20
10 11 6
19 22 5
8 8 15
21 23 8
20 21 13
13 15 8
22 1 30
17 20 5
3 5 17
2 3 8
15 16 4
15 16 28
7 8 21
17 18 3
16 18 17
0 2 28
21 22 18
5 7 3
13 13 1
4 6 18
10 13 10
15 18 10
12 16 28
19 20 11
17 19 1
7 9 21
0 1 12
5 8 25
3 6 15
18 20 5
6 7 6
11 14 4
14 16 30
18 20 4
2 6 21
21 0 29
18 19 24
7 7 1
20 22 12
11 12 20
6 9 4
17 17 20
10 12 20
10 12 14
16 19 18
5 7 7
20 23 23
0 3 8
9 11 1
13 14 7
2 5 22
19 22 23
22 0 22
19 22 26
0 1 20
21 22 12
2 5 29
1 2 21
1 4 13
17 19 7
15 17 14
16 21 3
9 11 9
15 17 13
17 19 28
13 15 20
7 10 29
12 14 8
12 12 28
4 5 16
20 21 12
11 13 29
7 8 17
17 21 14
19 21 21
4 5 26
22 0 26
22 0 26
9 12 30
16 17 21
16 17 26
11 12 22
21 22 1
12 14 3
10 13 5
18 19 20
10 11 11
4 7 1
15 17 29
16 19 9
17 18 10
0 3 6
4 6 28
0 -1 8
0 0 20
20 21 28
23 0 30
9 11 12
20 23 28
21 21 24
11 12 22
2 5 22
21 1 28
14 17 13
4 6 7
19 22 17
16 18 16
6 8 30
18 21 3
19 22 24
7 9 4
23 0 25
11 13 24
2 6 23
13 14 18
11 12 5
15 17 5
19 21 19
2 5 18
14 16 17
1 2 27
17 19 16
6 8 10
14 15 16
7 8 20
6 7 9
15 17 3
14 17 30
10 12 30
2 3 17
11 14 4
3 6 18
9 11 2
15 17 28
6 8 15
3 5 3
3 6 25
13 14 24
1 3 10
9 11 26
7 9 24
15 16 12
2 2 18
17 19 10
10 10 29
14 17 3
14 17 25
19 21 22
11 13 14
4 4 16
11 13 2
15 17 13
21 22 12
13 16 3
23 2 12
21 23 27
18 20 3
2 4 15
19 21 19
18 18 14
1 2 24
3 3 13
13 15 6
16 16 26
22 2 19
15 15 25
4 7 13
4 8 4
15 16 7
16 20 23
16 18 4
10 12 18
4 7 7
9 12 18
20 21 8
14 16 23
13 14 27
1 5 23
21 0 28
13 15 27
14 16 7
12 13 15
20 22 5
1 3 21
14 14 14
13 16 1
22 1 25
7 9 27
10 12 26
3 4 2
21 1 21
0 2 18
14 18 9
11 11 27
8 12 17
16 17 30
14 15 22
5 7 30
18 21 9
4 8 28
4 6 24
6 8 5
20 22 2
0 3 30
11 13 3
2 3 27
13 16 3
4 6 18
9 12 16
13 13 17
20 21 14
0 3 7
14 17 4
22 1 17
1 3 4
20 22 29
9 11 26
17 18 20
2 4 17
0 3 23
14 15 30
5 8 4
6 7 4
21 0 20
19 22 19
15 17 26
9 12 24
19 22 26
21 22 30
5 8 25
17 18 11
12 14 10
0 2 9
18 21 23
11 13 29
16 17 19
9 10 22
7 9 21
0 3 17
7 9 20
11 13 14
12 16 8
18 20 25
8 11 6
9 11 13
9 11 10
18 19 2
21 22 22
8 10 9
13 16 18
5 6 12
6 9 11
9 9 13
14 17 22
17 18 24
1 3 20
10 10 20
13 17 14
0 3 10
9 11 6
17 19 26
22 1 13
6 7 30
17 19 26
5 7 26
1 4 17
18 21 25
7 10 17
5 7 20
5 8 24
12 15 8
3 5 10
15 16 13
1 4 21
19 22 10
22 0 10
11 13 13
8 9 27
21 23 19
9 10 30
7 6 21
