3610 30
8 3 25 24 29 23 7 3 14 5 19 16 15 12 5 26 20 6 20 28 6 26 3 16 8 12 23 17 26 3 
14 16 22
5 7 11
17 18 1
15 15 3
11 15 1
17 18 22
2 3 18
10 11 13
0 2 8
7 8 19
23 1 27
23 23 2
19 21 26
23 2 17
9 10 17
19 22 13
9 10 7
9 11 3
6 7 24
22 1 13
1 3 13
10 14 29
18 21 9
23 1 16
8 10 10
2 3 8
18 21 12
22 0 5
20 22 13
18 21 10
9 11 2
13 14 18
18 20 9
15 16 8
20 23 16
3 4 26
18 20 7
3 5 1
10 13 1
11 13 26
2 5 14
23 2 2
4 7 13
3 4 8
16 19 22
17 18 23
3 5 28
17 20 14
5 7 4
10 11 9
11 13 29
4 6 19
3 5 17
0 3 9
5 7 6
4 7 24
23 0 12
21 23 22
23 0 19
22 1 5
18 21 5
20 21 8
15 16 25
13 14 27
4 7 13
13 17 30
12 14 2
5 7 9
13 16 4
20 22 4
20 0 18
7 10 10
6 9 27
8 10 13
2 4 23
8 10 12
14 16 25
20 23 27
8 9 30
16 17 21
23 0 18
17 20 12
2 4 5
16 18 13
12 14 22
16 18 23
7 8 13
23 23 15
5 7 6
11 12 6
22 23 19
3 5 16
18 20 8
23 3 20
2 5 12
5 6 7
23 1 16
9 10 21
12 16 2
4 4 22
11 13 17
4 7 21
20 22 15
20 0 10
13 13 28
2 2 15
17 18 24
1 3 23
0 1 17
19 23 30
14 16 5
22 0 17
8 9 30
17 17 2
6 9 7
16 19 13
1 5 3
11 13 29
6 8 11
12 13 28
0 2 4
14 18 3
22 1 27
6 8 24
14 17 1
21 23 8
2 5 16
1 4 1
10 11 13
3 4 21
15 17 4
9 9 13
14 15 20
21 22 22
20 22 8
22 0 10
8 10 12
2 2 23
15 18 22
9 11 4
11 12 22
14 15 14
15 17 14
15 16 22
8 11 27
10 13 22
6 8 9
14 16 24
5 6 25
7 9 14
8 11 14
23 1 17
5 6 13
18 21 4
3 6 17
21 0 19
18 18 30
14 15 29
18 18 16
22 0 6
3 6 21
20 21 13
10 12 4
12 13 11
18 20 13
15 18 21
15 17 26
3 5 12
12 13 7
3 7 13
0 3 20
11 12 13
16 16 21
12 14 4
2 4 20
13 16 25
2 4 24
5 9 12
8 10 9
20 21 2
6 8 29
4 6 15
3 6 30
21 22 14
6 9 25
16 18 15
15 17 4
1 5 25
12 14 16
15 19 24
16 18 1
22 1 30
6 7 8
21 22 23
11 14 19
6 7 2
11 13 29
18 20 24
5 7 24
9 11 7
2 6 12
14 16 2
15 14 1
9 12 15
4 6 26
5 6 26
17 19 25
12 14 29
4 6 11
5 7 3
14 17 22
19 21 24
16 18 5
23 3 10
17 19 11
14 16 21
15 17 5
5 7 28
19 20 27
2 2 6
8 10 13
8 9 7
23 1 8
3 4 12
11 13 26
20 21 14
17 20 27
7 8 4
15 15 13
18 19 22
17 18 22
22 23 25
18 21 30
8 10 27
13 16 2
5 6 24
1 3 7
17 19 22
15 16 30
12 14 24
14 16 27
1 2 20
12 14 17
6 6 19
12 14 15
20 20 18
18 21 2
3 4 10
9 10 6
16 16 5
0 4 30
7 8 24
9 10 8
22 0 17
8 9 15
21 22 12
15 19 29
11 14 29
18 19 7
19 20 26
13 16 8
12 13 27
3 7 7
8 10 25
4 5 24
15 17 21
10 13 17
3 4 12
8 10 19
3 7 28
3 5 21
16 17 4
12 12 5
15 17 20
4 6 5
15 18 6
12 15 29
8 11 14
10 10 22
6 9 28
14 17 22
19 21 11
8 10 22
22 23 28
23 1 9
2 4 23
3 4 24
12 14 30
20 22 10
6 7 28
4 3 5
8 9 28
16 19 25
20 22 28
18 20 15
21 21 24
13 12 29
20 22 3
23 1 17
18 22 17
19 21 17
9 11 26
11 13 14
23 2 25
14 16 1
10 12 9
4 6 10
21 23 21
6 9 18
13 15 8
0 1 4
5 7 26
4 8 4
13 15 3
5 6 30
21 0 20
22 23 7
19 0 17
3 5 26
11 13 28
14 16 10
23 0 9
4 5 30
12 12 18
0 3 10
6 11 25
13 15 8
5 7 25
4 7 21
1 2 28
17 19 13
4 5 18
20 23 15
10 12 18
3 6 8
23 1 30
1 0 8
13 13 8
17 18 21
13 15 5
0 0 3
7 8 16
0 2 1
3 6 4
14 16 13
19 20 12
6 8 8
1 4 16
17 20 21
4 5 5
22 1 16
3 5 12
22 23 20
14 17 4
2 5 17
20 23 20
23 2 12
8 11 25
18 19 19
10 14 13
3 4 18
20 23 25
6 7 22
15 17 15
7 9 23
8 9 7
5 7 8
12 15 17
7 8 18
4 6 8
14 16 3
21 21 17
2 5 1
16 17 10
3 5 3
10 13 5
12 13 1
9 12 19
6 8 20
4 6 15
8 11 23
2 3 10
3 5 2
18 20 6
3 5 11
22 2 28
20 23 3
17 20 24
20 23 29
17 19 13
13 16 1
18 20 27
1 2 8
12 15 18
3 5 10
19 22 19
22 1 30
1 3 25
4 4 20
13 14 1
18 18 22
20 23 21
2 5 22
9 11 28
19 22 23
23 1 15
22 0 6
5 7 23
15 16 9
18 21 23
19 21 14
6 7 23
18 22 4
15 17 3
16 19 22
3 6 8
7 8 9
16 19 27
22 1 20
14 16 16
17 18 3
23 23 22
13 15 9
19 22 28
4 7 7
17 18 27
2 3 9
5 7 25
8 9 7
9 11 16
22 0 10
9 11 12
22 1 14
5 8 21
2 4 15
10 10 7
4 7 24
20 22 4
10 13 25
8 9 1
15 18 1
18 18 27
19 22 6
8 9 2
11 14 8
15 17 26
19 21 4
10 13 7
4 6 20
10 10 15
5 8 11
1 5 14
14 15 12
3 6 27
21 0 26
2 4 19
19 21 28
6 8 17
19 21 13
16 19 30
11 11 27
13 14 12
13 15 24
11 13 7
3 5 11
3 4 11
4 5 24
8 11 7
14 14 26
20 22 11
23 2 2
14 15 30
9 13 21
18 20 21
23 2 21
0 1 24
8 11 19
4 6 30
12 14 22
10 12 12
5 7 1
16 16 10
10 12 14
14 17 30
19 20 10
23 1 15
15 17 29
8 10 12
23 0 21
21 23 2
4 6 27
7 9 11
8 11 26
18 20 1
0 2 20
8 10 23
16 19 23
19 23 29
12 14 12
20 21 17
16 18 27
10 12 30
9 11 21
6 7 1
8 11 3
3 5 29
19 22 12
0 1 30
1 4 19
14 16 20
19 21 10
17 19 5
7 8 22
12 13 21
13 14 15
18 20 16
17 18 18
12 15 16
12 13 29
22 0 25
20 23 6
16 19 7
0 1 2
12 12 18
18 21 22
17 17 12
9 11 19
13 14 18
1 2 13
2 5 20
22 23 14
14 18 20
18 20 30
11 12 6
10 14 14
7 9 13
0 1 23
11 12 12
7 10 28
7 9 20
7 9 1
2 5 13
10 11 19
8 11 16
1 2 4
6 8 4
14 16 11
17 20 24
2 2 2
9 11 25
19 21 7
1 3 7
14 15 2
21 21 20
16 20 14
16 18 30
15 16 18
14 17 12
7 9 1
3 5 17
6 8 27
19 20 17
10 13 10
7 9 3
21 22 21
0 2 30
18 19 30
5 8 22
22 0 14
16 18 19
9 11 21
2 3 6
1 3 9
11 13 19
13 16 11
13 17 21
8 12 23
0 3 13
6 7 22
11 12 21
13 15 29
0 1 6
8 9 30
4 5 24
8 8 4
22 2 13
9 11 8
3 5 18
22 0 15
0 2 15
1 4 28
18 22 2
11 13 18
4 6 19
17 18 3
23 1 28
2 3 4
4 8 13
22 1 6
0 1 25
11 13 21
22 0 16
13 14 18
0 1 22
19 21 5
15 17 20
19 20 5
0 2 22
3 5 15
3 5 1
16 18 3
1 6 10
16 18 29
20 21 19
2 4 5
8 10 23
15 18 24
17 18 28
2 4 8
6 8 23
13 13 10
11 14 28
7 9 5
22 1 6
0 3 10
2 4 20
16 18 13
14 16 16
14 17 14
5 5 8
16 16 28
11 14 19
20 21 20
15 16 9
15 17 5
9 11 22
23 3 12
9 11 25
19 22 30
4 5 18
6 8 24
1 3 28
7 9 3
0 3 15
10 12 27
8 12 15
12 13 19
21 23 12
15 19 4
20 23 21
1 2 21
2 7 23
21 0 7
21 0 9
8 11 18
18 18 20
14 15 23
12 14 11
18 18 30
19 22 11
11 11 20
23 1 3
13 14 18
2 5 2
23 1 18
19 19 16
10 12 17
19 21 15
20 23 10
20 0 19
6 9 3
6 8 23
4 8 19
18 19 24
7 8 7
2 4 29
20 20 4
15 17 26
7 8 6
20 22 15
13 15 24
15 17 8
13 14 22
16 16 9
22 0 3
5 6 3
7 10 28
17 17 13
22 0 26
15 17 11
5 5 24
8 12 17
16 15 30
20 22 6
3 4 6
0 2 3
6 7 25
8 10 3
5 5 26
2 6 4
8 10 18
12 13 30
22 0 5
16 18 26
8 10 13
23 3 18
11 13 29
13 14 3
12 14 6
23 0 14
0 4 19
20 22 23
2 2 21
15 18 12
8 10 16
22 2 4
19 21 10
8 9 4
2 5 27
6 9 12
20 22 7
15 17 13
3 7 7
18 20 28
0 1 26
4 7 23
20 0 11
21 23 3
15 16 8
21 21 1
0 1 30
13 13 25
23 2 17
8 11 28
5 6 2
10 11 29
19 22 1
8 9 14
16 18 24
3 5 7
22 0 18
17 20 10
4 4 9
21 23 29
3 5 26
0 3 28
2 5 5
14 15 20
11 12 18
5 5 17
21 21 10
14 16 11
16 17 3
18 21 6
7 9 27
12 13 1
5 6 30
14 17 11
3 6 1
14 15 11
22 0 12
2 4 20
10 12 21
12 15 13
17 18 9
13 16 15
9 11 19
8 10 29
7 9 12
1 2 30
10 11 21
18 19 25
22 1 29
9 10 1
14 17 4
0 2 22
17 21 18
2 5 17
22 0 20
5 8 9
16 17 26
21 23 28
2 3 7
4 6 22
23 0 25
15 17 23
21 0 13
22 0 29
14 15 1
10 10 3
20 22 2
2 4 2
5 7 20
12 13 16
9 11 27
7 8 11
23 1 8
6 8 15
21 23 29
12 16 30
2 4 16
20 22 1
10 12 1
11 13 24
22 23 29
2 5 20
23 0 14
21 23 4
22 23 27
17 19 3
10 13 2
12 13 1
13 15 6
14 16 30
19 19 19
22 23 10
22 0 6
3 6 24
8 8 3
20 22 26
11 14 18
2 3 22
1 2 19
4 4 24
11 13 10
5 7 21
2 4 14
1 4 27
8 10 26
14 15 28
5 6 2
13 16 30
21 1 22
10 13 13
19 23 16
16 18 21
11 12 17
13 14 1
15 17 3
23 1 6
21 0 12
5 6 5
21 0 20
12 15 9
20 23 12
15 16 12
16 17 20
5 7 1
4 6 14
4 6 27
3 3 27
1 3 6
0 1 10
3 6 14
4 6 20
13 14 20
12 15 2
13 14 12
17 22 10
16 17 6
10 13 23
11 13 29
10 12 14
13 15 23
3 5 6
23 0 27
13 14 23
2 2 19
12 15 7
14 17 14
13 16 27
1 3 7
8 10 2
5 6 21
15 17 11
0 3 1
10 13 8
15 16 2
0 4 25
5 8 25
12 15 26
2 4 8
12 14 10
18 20 19
4 7 1
3 5 29
16 19 30
15 17 8
17 19 1
19 22 29
8 10 21
20 23 21
17 19 8
18 20 6
11 14 9
11 12 3
10 13 30
7 9 3
10 15 18
13 15 17
10 12 28
9 10 27
9 11 4
3 5 10
18 20 7
11 14 6
17 18 7
16 18 8
15 17 19
6 7 5
21 22 15
13 14 25
11 14 27
21 23 27
5 6 25
7 9 25
7 8 17
4 6 8
13 14 6
21 21 17
13 16 2
2 2 27
15 17 2
12 15 7
8 9 24
16 17 7
13 15 10
20 22 21
20 0 2
2 3 4
9 12 10
5 6 27
3 4 2
8 11 14
22 23 28
13 14 6
18 19 14
12 15 4
2 4 4
2 4 5
7 8 17
18 21 19
11 13 19
12 14 4
17 20 29
16 20 30
8 11 8
8 10 7
11 13 18
12 16 28
17 20 25
2 4 28
6 8 22
16 17 29
5 7 17
6 7 21
14 16 6
17 20 13
13 14 19
5 8 9
8 10 29
11 15 9
19 22 5
6 9 7
16 17 18
15 16 27
20 22 11
9 11 19
18 21 8
18 21 19
2 4 8
14 17 12
14 16 30
8 8 24
15 17 30
4 7 17
4 5 6
19 21 15
14 17 27
18 19 11
17 20 28
18 20 1
0 2 2
3 3 26
7 10 19
20 23 11
11 12 8
1 2 3
17 18 2
19 21 8
5 8 2
21 22 9
5 7 5
22 2 5
5 6 14
1 3 17
19 21 16
0 2 29
20 22 1
10 14 29
19 22 10
4 7 15
6 8 4
12 13 5
2 4 11
22 23 10
1 3 29
23 2 29
9 9 8
13 14 30
2 3 1
22 0 26
19 21 4
16 18 14
0 2 23
1 2 16
11 14 3
12 12 24
9 11 20
7 7 8
2 5 7
18 22 6
21 22 2
14 16 21
8 9 12
6 7 1
7 10 5
2 4 27
9 9 30
9 11 25
21 23 23
3 5 3
8 11 12
12 13 22
23 2 8
6 9 28
2 3 19
6 7 22
15 16 24
1 4 15
11 11 26
23 2 8
23 2 3
4 6 19
19 21 6
12 14 30
9 10 11
2 5 17
20 21 25
7 9 27
19 21 13
21 21 6
18 20 3
13 15 3
4 7 18
5 7 14
20 22 13
22 21 27
4 7 21
2 5 23
16 18 14
7 10 19
5 8 17
8 10 7
17 18 19
3 4 3
20 23 19
14 16 13
21 23 29
7 9 20
5 6 26
17 20 6
19 20 3
15 18 3
19 23 3
13 14 26
21 23 12
12 16 9
11 11 25
9 11 11
12 14 27
21 0 28
23 2 9
18 19 2
8 10 17
3 4 5
13 15 30
5 8 13
22 22 19
16 16 11
9 11 13
4 3 1
14 16 14
18 19 3
3 5 21
2 5 5
16 18 26
0 -1 27
20 21 3
21 0 25
2 4 3
12 13 3
19 21 14
9 11 26
10 12 27
4 6 15
5 6 1
0 3 3
8 10 3
17 20 3
2 4 14
19 22 25
17 18 12
13 14 19
3 4 8
23 1 5
12 14 29
6 7 21
3 5 21
9 12 2
20 22 5
2 4 16
12 15 14
16 18 1
7 8 16
8 11 23
22 1 9
16 19 19
20 21 28
0 4 28
12 14 29
18 18 4
12 15 15
19 19 3
4 6 17
1 3 6
10 12 5
5 8 19
22 23 6
5 7 11
8 9 25
19 21 17
0 2 24
20 22 8
6 8 19
16 18 8
20 23 18
9 11 25
12 14 8
12 14 6
23 1 6
8 9 17
17 19 6
12 16 30
1 2 21
8 10 11
3 7 8
11 15 6
11 13 1
2 6 16
7 8 20
10 11 7
14 15 19
11 14 23
11 12 19
21 0 18
14 16 30
15 15 9
10 10 27
19 21 4
9 11 4
11 13 25
20 22 5
18 20 30
2 4 6
13 16 29
4 6 2
9 12 2
7 8 19
11 14 25
6 8 14
17 19 2
20 21 9
16 17 29
21 0 13
9 11 9
15 17 18
7 9 15
0 1 28
2 3 3
13 17 26
11 14 26
21 22 5
17 17 16
13 15 7
3 6 23
16 18 2
21 23 27
11 11 6
7 8 7
12 12 29
11 13 16
6 8 17
5 7 3
5 6 3
2 3 13
18 20 4
4 7 23
0 3 16
14 17 30
7 11 24
7 8 8
14 18 8
9 11 8
16 18 3
14 16 12
13 14 28
13 16 28
11 12 16
16 17 13
17 21 30
5 9 9
12 14 13
1 2 15
6 9 10
14 16 25
18 20 6
5 7 30
12 13 15
10 12 4
23 0 26
9 10 4
11 13 9
8 8 14
1 3 20
23 1 10
14 15 1
10 12 4
6 9 19
15 16 25
18 21 11
10 11 17
22 0 28
15 17 15
11 12 20
11 11 27
9 10 13
15 19 13
3 4 17
0 1 22
17 21 25
18 21 9
16 17 26
0 3 7
15 16 10
14 16 22
20 20 22
5 6 17
12 13 1
3 6 30
9 12 20
11 13 8
4 4 10
20 0 28
7 9 10
18 18 25
13 15 29
15 16 12
23 0 28
22 23 14
3 4 16
20 22 10
22 0 13
3 7 18
17 18 10
4 7 16
4 5 18
2 5 8
3 4 7
0 3 3
21 23 14
12 14 11
0 3 22
3 3 24
4 6 7
4 6 24
15 17 10
10 11 19
2 3 22
7 10 13
2 3 6
13 15 17
13 15 17
10 11 21
7 9 18
21 0 13
19 21 27
12 15 17
18 19 2
10 13 26
6 9 12
16 18 2
15 15 5
12 14 25
8 10 7
20 19 26
15 18 26
17 20 19
18 19 21
7 9 20
22 0 9
8 10 13
11 13 3
23 0 6
19 22 15
16 17 13
1 5 26
2 7 27
18 21 22
21 23 2
5 7 23
19 21 26
1 1 30
20 23 8
11 13 24
21 23 23
11 13 11
19 21 11
3 5 27
2 1 16
14 17 1
1 4 26
14 19 1
12 13 23
4 7 19
12 14 20
2 3 2
3 7 29
17 18 29
15 18 6
23 1 22
3 5 27
3 5 19
23 1 12
18 21 7
23 0 11
0 2 28
4 8 2
9 10 16
13 16 17
6 7 9
21 0 12
19 21 26
17 18 10
0 0 28
23 1 17
22 22 24
4 7 12
2 3 26
22 22 12
5 6 23
21 0 6
2 3 2
18 20 18
20 22 1
18 20 26
16 18 19
16 16 16
14 16 4
2 2 20
7 9 25
6 9 26
18 21 3
20 22 14
17 19 8
18 21 19
15 18 15
23 2 26
18 21 11
15 17 10
16 20 23
8 10 5
11 15 18
20 22 28
6 8 17
19 19 8
20 21 28
0 2 4
13 13 20
11 14 20
7 8 1
1 4 20
9 12 30
2 3 12
16 18 6
23 0 1
19 21 15
21 21 20
8 10 1
19 22 17
8 10 2
13 15 22
14 15 15
21 21 24
21 0 29
20 23 26
4 7 8
6 8 13
12 14 9
3 6 15
22 0 7
22 1 20
15 17 26
10 11 18
1 3 9
4 7 2
16 19 18
22 23 4
22 23 2
14 16 22
9 11 16
10 12 4
11 14 12
0 3 19
0 2 7
5 7 23
10 13 30
4 6 6
8 8 27
7 8 22
1 5 5
16 17 29
23 0 10
10 11 12
3 5 15
15 18 1
16 19 21
2 4 7
15 18 9
8 9 14
4 6 3
3 5 12
21 21 12
18 21 13
11 12 13
9 12 15
2 2 13
0 2 20
22 0 17
12 13 10
17 19 26
6 9 7
22 23 18
5 8 10
10 13 26
18 20 11
5 8 22
14 15 15
6 8 27
5 8 8
3 6 11
4 6 25
6 8 30
21 22 21
20 22 1
15 20 17
19 23 15
9 11 4
5 8 27
23 1 10
6 9 14
22 23 24
17 19 12
3 6 22
17 18 22
2 5 7
13 13 22
15 16 12
10 11 30
21 21 13
2 3 17
15 17 11
11 12 16
21 23 14
17 18 6
1 3 6
13 13 23
1 3 18
4 5 12
20 23 22
23 2 12
2 3 10
20 23 24
14 18 9
0 1 28
11 14 10
0 2 6
22 1 9
10 12 11
17 19 12
1 4 22
7 8 4
19 21 5
7 10 1
20 21 21
3 5 9
4 6 24
5 5 23
18 21 30
17 18 29
10 12 11
3 5 23
7 8 10
19 20 9
7 10 10
3 5 21
12 15 7
6 8 2
22 2 4
19 21 13
7 9 5
21 0 9
17 18 8
3 7 21
6 10 30
14 17 26
17 19 2
1 4 24
20 21 24
21 23 2
22 0 12
21 22 25
3 4 17
19 21 19
1 2 5
7 9 4
4 5 23
9 10 8
12 15 7
22 0 23
1 3 23
23 1 9
9 11 1
20 0 28
1 5 21
0 1 2
4 4 1
3 7 19
0 1 23
16 17 11
23 1 17
0 1 28
12 14 11
14 15 1
13 14 25
13 15 28
4 6 15
10 11 14
11 14 30
0 1 11
1 2 21
0 3 29
15 16 10
22 0 20
12 15 13
6 9 4
18 20 13
17 19 26
17 19 22
12 15 13
16 19 25
23 0 12
1 4 3
17 19 24
10 12 5
20 22 17
22 1 18
22 0 19
4 6 22
3 5 22
5 7 1
18 20 12
17 21 22
20 21 22
2 4 14
20 23 3
15 18 5
21 22 16
15 16 24
3 5 4
16 20 6
10 12 6
2 3 12
2 4 9
9 11 2
1 5 3
13 15 23
6 9 8
20 0 28
21 23 21
21 23 25
6 9 20
11 14 17
13 14 8
15 17 10
14 16 10
8 9 23
3 5 29
23 0 1
2 4 3
4 6 29
20 22 25
3 5 27
15 18 22
7 10 20
16 20 22
7 10 18
10 12 9
17 17 21
2 3 1
19 19 13
3 5 3
17 20 15
20 22 6
15 15 13
16 17 12
12 13 3
10 12 19
4 5 17
11 14 18
16 19 2
22 1 11
15 17 21
13 16 25
14 17 29
7 8 11
23 3 13
1 4 5
10 11 21
13 16 24
12 15 8
20 22 10
2 4 2
7 7 23
9 11 9
15 17 10
4 7 6
8 10 13
7 9 22
6 9 10
5 6 26
1 3 8
21 21 9
7 9 26
1 2 13
22 23 26
18 18 12
12 14 13
19 21 2
21 23 1
8 10 2
16 20 22
22 23 11
5 7 23
22 0 27
4 6 30
2 5 7
12 15 29
9 9 20
5 8 30
8 10 21
10 12 2
15 17 14
19 22 7
15 17 12
20 21 3
0 2 17
8 11 6
4 6 28
18 20 11
2 5 30
7 9 23
0 3 16
3 6 9
16 19 27
15 15 2
11 13 16
2 4 19
19 22 21
7 10 1
6 9 25
1 2 30
12 14 22
17 20 12
11 12 12
1 4 10
6 8 11
21 23 24
7 7 13
14 18 5
7 9 27
4 6 14
21 21 12
19 20 23
2 4 9
0 1 12
15 16 30
1 3 3
18 21 9
0 1 23
1 2 19
1 3 9
11 13 24
14 16 18
21 0 17
10 11 14
5 8 3
17 18 28
0 2 7
21 21 22
3 5 17
11 12 21
11 13 16
11 12 9
4 7 4
5 6 27
5 8 14
21 0 27
17 20 17
13 16 22
6 7 16
17 19 5
9 11 10
9 9 13
23 2 1
12 15 15
7 9 19
2 5 16
8 11 22
14 17 30
16 19 8
6 7 19
23 0 26
13 15 7
3 7 17
20 23 8
0 2 26
22 1 18
18 21 21
14 17 8
13 15 30
21 0 5
20 0 21
7 9 28
9 11 12
17 18 29
7 8 8
11 13 9
20 22 9
8 9 12
12 13 4
21 22 15
0 4 7
5 8 11
12 13 18
14 16 11
11 13 16
11 13 22
8 8 22
6 8 14
11 13 8
4 8 20
6 9 15
15 15 5
8 11 2
17 19 16
21 23 3
14 15 12
18 20 3
19 22 6
23 1 21
10 11 6
4 5 24
12 15 21
21 23 30
23 1 28
7 9 18
4 5 28
14 18 24
23 0 18
4 4 25
13 17 18
8 8 10
4 6 6
3 7 9
17 20 10
10 12 20
7 10 4
7 10 16
6 9 26
3 6 18
9 11 19
17 19 1
21 23 23
16 18 11
7 9 2
3 5 12
18 20 7
5 7 23
19 21 26
16 19 11
11 14 16
1 2 4
2 4 13
16 18 28
19 21 18
18 19 18
5 6 25
19 21 19
9 10 11
5 7 20
20 22 20
5 7 2
23 1 22
12 13 8
22 0 26
6 9 10
16 19 30
23 0 23
15 18 17
22 1 10
11 14 28
21 1 21
20 21 8
13 14 3
15 16 25
9 11 26
7 9 24
22 1 27
20 21 16
15 18 25
21 22 4
11 14 3
4 6 29
0 2 6
6 7 1
5 8 9
12 14 25
1 3 13
6 8 14
9 10 3
1 3 4
4 6 20
5 8 23
23 1 6
8 10 7
11 12 20
22 1 9
16 16 5
16 19 17
17 18 9
7 10 3
23 1 9
4 6 4
15 18 6
9 11 6
12 15 22
8 10 6
8 11 11
23 1 12
3 4 26
3 5 28
2 5 2
15 19 1
5 9 11
8 10 17
5 7 6
1 4 29
10 11 8
15 17 29
2 3 11
19 21 16
19 21 29
6 7 18
20 22 18
19 21 2
6 8 28
1 3 17
10 12 25
16 17 13
16 19 26
3 4 29
23 23 15
10 13 19
13 13 17
13 14 10
2 4 12
9 11 24
7 11 3
12 12 4
5 7 1
19 21 17
14 16 5
5 8 22
22 1 30
20 22 5
23 2 23
7 10 29
18 20 28
9 12 14
22 0 24
1 3 8
21 23 12
21 23 1
4 5 15
5 6 23
16 18 27
21 0 3
22 0 24
13 16 9
0 3 23
21 0 17
16 18 26
3 7 12
20 22 9
8 9 17
15 16 17
12 14 29
11 13 22
12 15 5
2 4 8
9 10 5
16 20 15
3 7 10
15 17 11
3 4 11
8 9 5
7 10 17
6 9 2
9 10 5
9 11 17
11 15 11
4 5 20
22 0 22
8 10 12
5 4 10
19 22 9
11 13 18
0 1 18
8 10 22
0 1 23
0 2 23
12 14 20
15 16 29
22 1 23
7 10 4
22 3 30
8 10 2
16 16 25
22 22 9
20 22 16
4 6 11
0 1 22
19 19 1
20 23 21
11 13 15
0 2 20
11 12 3
15 18 24
0 2 8
17 20 5
12 13 26
0 3 5
15 17 30
4 5 9
7 10 19
4 6 6
9 10 30
4 4 20
11 14 17
20 22 5
20 22 5
17 19 25
21 23 10
7 11 3
0 3 11
22 1 17
20 22 23
11 12 25
23 2 30
20 22 2
10 14 6
3 5 28
4 5 25
10 14 18
17 19 1
9 14 13
20 23 2
13 16 19
2 5 11
17 17 11
18 19 23
1 1 22
14 15 27
11 12 1
10 12 20
23 0 25
17 19 22
0 3 14
20 21 26
23 2 14
12 13 24
4 8 24
12 14 28
14 14 20
23 1 11
22 23 26
10 12 12
11 13 8
22 1 13
8 9 7
12 15 27
0 2 18
18 20 26
11 13 14
14 17 1
23 3 10
14 15 6
15 17 21
0 3 29
11 12 26
9 11 19
7 10 29
16 18 15
16 16 24
10 11 22
10 15 2
19 23 17
13 14 8
19 22 23
15 16 20
16 18 3
11 12 28
18 19 8
4 7 26
17 20 4
2 2 20
3 6 28
2 4 19
3 3 25
12 14 30
4 4 21
12 13 11
6 9 28
16 16 4
6 6 3
19 23 3
16 18 22
14 17 22
20 20 21
7 7 19
7 8 15
20 22 17
13 15 12
16 17 27
12 14 9
18 19 19
16 18 26
11 15 24
17 21 18
10 12 28
19 22 8
19 21 17
23 23 15
1 4 20
19 20 23
7 9 10
7 10 21
6 7 13
21 0 20
4 6 24
15 18 20
11 14 12
17 18 9
23 2 15
6 8 13
8 11 27
2 2 21
14 16 6
17 18 16
12 13 12
21 23 12
7 8 17
10 12 6
18 20 20
14 16 23
20 22 29
9 11 18
13 16 22
21 23 2
10 13 5
5 7 1
10 13 13
12 15 2
5 7 5
14 15 7
12 15 7
22 23 12
10 13 19
14 16 1
14 16 20
0 3 9
20 0 10
6 8 6
16 20 17
21 1 11
7 10 29
21 23 9
15 18 5
5 5 22
9 10 19
4 6 26
12 14 13
17 21 18
21 0 10
4 6 6
9 10 4
21 23 12
8 11 18
14 15 18
22 1 28
1 2 26
1 3 26
7 8 9
23 3 11
2 3 18
9 11 8
6 8 30
7 8 18
13 16 22
7 9 10
9 11 22
11 13 15
16 16 1
1 3 23
6 7 1
15 18 30
4 7 12
20 22 7
21 23 2
8 9 5
10 11 14
17 19 13
15 19 17
9 11 15
17 20 19
10 9 14
13 15 9
4 6 6
5 7 28
3 6 13
20 21 20
3 4 8
20 23 9
14 15 9
8 11 29
3 5 21
14 16 23
7 9 15
0 1 21
3 5 4
1 4 8
6 9 2
12 15 26
13 13 30
21 23 11
5 8 1
20 22 2
14 17 25
16 18 8
22 1 29
17 20 4
11 14 2
20 23 26
3 4 22
10 13 26
20 21 23
0 3 20
3 5 21
6 10 18
13 15 30
16 17 12
17 20 22
16 18 17
5 7 7
16 18 13
5 7 10
20 23 5
1 1 18
14 16 11
11 11 18
1 2 12
17 18 15
1 1 24
7 9 9
11 13 15
22 0 30
17 18 2
1 3 20
20 23 19
23 2 9
17 19 17
9 10 14
22 1 4
3 6 7
9 12 28
2 5 19
13 16 19
18 20 22
17 21 25
0 1 15
16 17 25
2 5 16
18 21 29
11 13 29
12 15 20
5 5 28
2 4 20
6 6 17
5 6 16
1 5 7
19 20 24
11 11 23
21 23 24
9 12 23
20 22 18
10 11 7
3 4 6
18 19 3
12 14 1
21 22 16
3 4 24
15 18 30
3 5 5
2 3 24
21 0 26
8 10 18
16 18 9
15 18 18
5 9 20
13 16 24
18 19 13
19 22 14
10 11 7
3 5 9
10 13 20
21 0 25
19 22 2
2 5 1
13 15 13
12 15 24
23 0 25
22 2 1
19 21 23
2 4 11
0 1 16
16 17 26
14 17 13
5 8 30
8 10 21
22 0 6
1 4 12
3 5 28
5 8 1
0 2 3
9 9 19
6 10 5
9 10 20
13 17 3
15 17 11
14 16 8
23 1 13
8 8 26
18 22 1
9 10 21
17 20 16
9 10 18
6 5 14
2 4 10
19 20 8
12 15 23
17 21 4
19 21 18
19 22 26
18 19 15
13 16 14
22 22 15
19 20 3
5 7 8
10 13 26
2 3 12
0 1 8
19 21 29
7 8 28
19 21 25
18 21 9
9 12 22
23 1 8
16 19 10
15 15 5
22 0 23
10 12 24
6 8 2
4 7 10
14 16 2
10 11 18
22 0 21
21 23 9
8 10 29
1 4 6
1 2 16
11 12 27
23 2 1
16 16 2
13 14 5
0 0 23
4 7 15
22 0 11
7 9 4
10 12 14
3 7 2
13 16 1
15 16 10
8 11 1
4 6 12
23 2 29
4 6 12
15 18 16
22 22 16
22 0 20
5 8 25
11 12 8
7 9 18
11 12 15
22 1 20
1 3 26
16 18 11
8 9 18
18 20 29
5 7 5
23 2 10
7 8 16
6 8 8
8 7 23
18 21 30
17 21 28
22 2 22
22 23 1
7 9 28
19 19 7
15 20 5
22 23 10
7 8 1
13 13 10
16 18 23
6 9 13
10 13 1
13 15 13
6 9 19
9 11 24
9 8 13
0 3 24
10 11 1
17 18 6
14 17 2
10 12 5
0 1 28
23 0 8
13 15 23
8 10 21
22 23 27
21 23 14
21 23 8
6 8 9
15 16 21
3 5 21
10 11 20
20 21 10
11 15 18
14 16 14
12 14 8
1 2 18
17 19 10
4 7 24
3 3 29
6 6 16
16 18 27
5 7 4
19 21 22
0 1 18
16 19 16
10 13 22
13 15 9
17 18 13
15 18 18
2 4 5
5 6 30
23 1 5
5 6 19
11 14 21
6 7 13
4 7 22
2 4 28
4 5 19
9 11 24
2 3 24
5 6 5
14 15 21
5 7 27
5 6 12
6 8 5
23 2 26
10 12 14
17 18 13
11 12 16
14 16 12
22 22 4
5 8 15
4 6 11
7 8 17
6 9 3
21 1 17
1 3 28
13 15 22
17 19 23
23 1 15
0 3 1
3 5 15
9 11 13
13 16 2
21 2 5
14 17 26
5 8 19
15 18 15
16 19 3
8 11 4
8 10 25
7 9 5
21 21 7
0 1 18
21 23 12
7 11 23
22 1 19
7 10 4
12 13 8
18 19 16
15 17 20
4 7 2
6 9 30
1 4 8
1 4 28
3 5 25
19 22 7
22 0 28
17 19 16
1 3 29
6 10 11
20 22 4
16 18 10
2 3 9
9 11 20
16 19 22
22 23 24
11 13 3
2 3 25
4 6 22
2 3 19
2 3 11
7 7 7
14 17 3
5 8 11
12 15 22
7 9 19
5 5 22
2 5 12
20 19 9
10 11 28
3 4 15
18 21 21
13 14 27
15 18 19
13 16 21
12 12 3
13 16 9
2 5 29
16 20 7
16 17 29
0 3 30
18 19 4
8 10 16
19 19 27
5 6 13
0 4 17
13 16 25
9 10 28
15 17 2
23 3 30
9 11 23
9 11 17
0 3 5
2 4 26
23 1 29
22 22 15
23 0 9
21 2 19
8 10 28
15 19 8
11 13 19
5 8 19
8 9 19
7 8 28
12 14 30
5 7 17
14 16 18
22 0 18
8 9 24
0 2 21
22 0 8
10 11 21
11 13 4
3 5 13
13 15 30
12 12 1
3 5 5
16 18 18
14 17 13
20 21 30
23 1 5
22 23 1
18 19 19
0 1 13
7 11 29
10 14 5
13 14 10
19 22 6
13 16 10
1 4 6
4 3 24
21 23 13
6 7 11
2 4 7
19 21 2
19 22 25
5 6 15
11 13 7
8 11 16
2 7 29
22 0 29
11 12 1
19 20 13
13 14 22
13 14 10
13 15 12
4 8 6
12 15 9
20 23 23
22 0 28
12 14 8
4 5 5
5 8 16
10 12 28
19 22 22
7 9 8
18 20 15
16 17 5
3 6 15
5 7 1
5 8 15
7 9 24
8 10 27
8 11 12
12 14 20
21 23 26
16 17 4
13 17 11
3 6 25
18 19 14
11 11 25
6 8 3
2 4 21
15 17 28
17 19 1
6 9 22
16 18 12
8 9 22
11 12 29
10 13 12
22 0 24
3 6 26
12 13 22
13 15 18
10 12 18
15 18 18
22 0 18
8 8 10
3 5 2
23 2 30
15 18 22
21 23 12
6 9 5
7 9 25
15 17 9
11 13 27
19 22 15
7 8 18
5 7 8
6 9 21
6 8 14
18 21 26
4 5 6
12 15 1
23 1 1
19 20 16
9 12 25
17 20 12
19 20 15
22 23 13
7 9 7
9 11 12
8 10 12
17 19 5
12 13 16
22 0 15
10 11 16
4 9 22
16 19 6
2 3 27
0 3 19
22 1 23
23 0 16
4 4 23
3 3 13
18 21 4
21 23 26
23 1 13
0 1 1
16 18 17
21 22 4
9 10 28
15 18 20
6 9 27
16 18 5
8 10 23
2 5 24
4 6 15
2 5 10
17 19 11
23 0 26
9 12 12
8 10 28
5 6 12
8 9 28
2 5 7
23 1 3
13 15 18
1 3 23
4 5 29
11 12 10
10 12 17
11 11 1
7 9 21
5 8 2
4 9 13
20 22 9
2 5 8
1 3 5
22 22 28
15 17 23
13 15 11
9 11 14
1 4 14
5 7 15
3 5 20
13 14 25
6 7 21
16 16 4
19 21 5
2 5 23
8 12 23
11 12 29
19 23 30
3 5 17
13 15 9
7 8 19
7 8 29
2 6 20
0 2 6
19 22 26
22 23 2
20 23 18
19 21 9
11 13 6
7 11 29
10 13 14
0 1 24
5 8 19
18 22 26
19 21 26
18 21 24
1 2 11
10 13 14
17 20 11
1 2 7
1 3 15
11 11 3
1 3 22
2 3 11
12 16 2
6 10 30
16 16 19
22 2 28
14 18 12
13 17 8
14 16 11
7 8 29
3 6 11
20 22 19
2 4 11
21 20 30
16 19 5
21 1 27
4 5 29
1 2 3
5 7 16
7 9 14
3 6 6
7 10 4
3 4 24
12 13 22
12 15 28
3 5 7
22 23 4
8 8 2
7 10 13
6 9 19
20 23 13
7 9 6
20 23 25
0 0 28
22 0 21
2 4 11
19 21 6
3 4 27
12 14 1
12 13 13
18 18 2
6 7 30
0 1 16
8 9 18
4 6 30
4 6 30
0 2 3
15 17 14
5 7 29
20 22 30
7 10 12
1 0 10
4 5 3
18 20 22
20 22 24
20 22 10
6 7 29
1 3 27
18 20 19
2 6 18
4 6 20
10 13 1
0 4 13
13 14 20
1 2 10
16 18 30
5 6 4
12 15 5
22 0 13
21 23 18
8 8 23
18 20 18
2 5 12
17 20 27
15 17 19
22 3 15
18 21 27
1 3 19
18 20 9
3 5 28
11 12 22
21 1 12
6 5 19
8 10 21
4 6 28
22 1 4
22 0 26
23 1 26
12 11 5
18 22 25
5 7 5
19 22 24
12 14 10
11 13 20
6 8 18
3 6 9
7 9 27
11 13 22
18 18 24
4 6 7
16 18 17
19 21 6
17 17 13
12 14 21
19 21 15
19 21 22
4 5 3
7 9 13
21 22 25
7 10 2
15 15 17
14 15 15
3 6 28
17 17 27
17 17 26
2 3 30
15 19 21
21 23 21
23 0 5
20 23 15
4 7 2
12 15 24
18 19 13
0 3 4
22 1 12
2 5 8
20 22 25
14 16 2
8 10 11
0 2 9
17 18 4
23 2 30
1 2 16
16 18 2
2 3 10
23 2 25
10 12 28
11 13 24
9 11 17
10 12 27
14 16 12
7 9 27
17 19 5
21 1 3
9 11 17
8 10 19
8 10 6
17 19 14
11 14 23
9 12 19
3 5 29
21 0 2
6 8 30
8 11 19
7 8 21
6 8 13
18 20 24
9 11 21
16 18 5
16 19 23
16 19 18
9 11 7
17 19 23
7 9 8
15 18 29
7 9 6
23 3 22
4 7 25
15 17 1
17 18 27
2 4 23
15 18 28
22 23 20
22 2 28
23 4 21
5 10 30
6 9 2
9 11 14
6 9 24
15 17 30
21 0 19
11 15 30
1 3 30
12 13 20
4 6 19
16 21 26
6 8 13
12 13 3
22 1 19
1 3 16
22 23 6
22 0 8
16 19 8
15 17 5
18 18 16
9 11 8
6 9 5
7 8 17
12 13 14
23 2 6
23 2 11
17 19 18
11 13 19
10 13 15
4 5 8
18 20 4
2 3 7
8 9 28
0 3 24
6 11 3
0 3 14
1 1 9
10 13 12
5 7 12
2 5 27
7 8 19
20 22 23
11 12 22
11 13 5
15 18 20
6 8 6
6 6 18
4 8 3
4 7 6
2 4 29
10 12 18
21 22 6
16 19 24
15 17 10
20 21 24
15 18 27
9 11 22
13 13 19
9 11 2
17 21 5
5 8 27
23 1 22
22 1 11
23 3 9
6 8 23
3 6 23
12 15 29
1 4 13
1 3 3
18 20 25
21 2 6
22 0 25
10 11 26
18 20 26
1 3 18
8 10 24
19 21 14
5 6 11
0 3 26
13 16 29
11 14 9
19 21 14
16 19 1
12 15 26
17 19 5
8 8 15
18 18 29
22 0 22
13 14 27
13 15 2
23 1 9
15 17 14
4 5 28
5 8 6
2 5 1
4 7 21
17 20 1
18 20 23
10 10 26
19 21 7
20 23 4
14 17 27
15 17 21
21 23 20
17 19 29
5 7 20
5 7 7
22 23 20
15 17 11
1 3 20
3 5 27
22 23 4
4 6 26
18 19 20
21 0 18
6 8 3
15 18 3
6 8 28
23 2 29
17 20 10
6 7 14
21 22 20
15 17 4
20 23 23
22 0 2
1 3 29
10 12 5
21 22 7
11 13 2
20 0 12
6 8 18
21 1 11
19 21 21
16 20 16
1 2 19
16 19 25
23 2 17
7 8 6
9 11 17
20 23 17
22 1 22
5 6 28
23 1 24
17 19 16
21 1 3
21 0 22
13 15 11
23 0 24
12 14 7
9 11 14
15 17 23
16 19 12
7 9 19
11 12 26
21 23 21
10 13 30
9 11 25
15 17 3
8 10 24
10 11 27
22 0 17
12 14 12
2 5 26
12 13 24
1 3 16
16 16 19
8 8 24
23 1 24
0 2 21
0 1 7
10 12 11
6 8 8
9 11 28
8 9 20
21 23 29
9 10 19
8 10 6
18 20 19
6 9 2
16 15 21
2 3 15
21 23 4
5 8 23
7 9 28
6 9 17
21 21 5
3 5 19
3 5 20
23 0 19
4 5 10
23 23 9
21 23 29
2 3 21
6 10 23
7 11 21
21 22 23
22 0 7
4 6 29
1 2 27
18 20 4
19 20 23
18 20 19
13 16 3
5 9 10
14 17 21
2 6 17
17 18 24
15 18 14
13 15 6
20 22 2
11 15 29
7 9 16
18 20 3
22 22 10
19 20 21
20 23 1
20 23 23
10 11 19
15 19 25
8 7 24
5 7 27
16 17 4
23 1 3
13 14 14
10 11 16
7 8 22
7 9 18
8 9 19
4 4 18
3 6 2
14 16 25
23 1 22
12 13 28
11 16 9
11 12 25
4 7 16
14 16 18
5 8 23
14 17 27
23 5 15
4 5 30
8 9 8
4 6 28
9 9 12
1 4 4
8 10 18
15 17 24
0 2 29
8 10 22
14 15 26
2 2 25
15 16 7
9 11 18
7 9 8
5 6 6
10 12 14
6 8 21
14 17 2
4 7 2
14 16 5
13 14 5
4 7 8
12 15 28
10 11 25
21 23 20
3 3 12
21 21 9
16 18 7
13 14 6
8 10 15
16 18 20
22 22 25
4 7 16
3 4 21
7 9 15
23 0 29
1 2 1
14 15 15
15 16 7
14 16 23
10 11 2
21 0 2
23 0 23
22 0 3
10 12 19
8 9 7
10 13 4
16 18 4
20 23 4
13 15 27
3 5 1
13 14 20
18 20 17
1 3 16
9 10 29
9 10 4
12 12 28
3 5 21
7 9 6
2 5 18
18 20 25
3 5 20
14 17 11
23 2 1
19 21 23
20 22 18
14 16 1
2 6 16
6 9 23
10 12 16
8 11 21
15 16 7
2 5 16
5 6 17
2 2 19
9 11 5
6 9 12
14 16 9
13 16 8
10 11 2
17 19 15
18 19 15
3 5 29
22 0 18
12 15 16
13 16 16
19 21 27
11 12 20
13 15 17
8 9 23
11 12 2
5 8 2
7 9 16
20 21 17
22 0 29
22 1 13
6 8 21
17 18 8
7 8 13
3 5 7
9 11 7
9 10 26
9 11 27
18 19 21
18 19 10
22 22 1
18 20 16
13 15 29
10 11 30
16 17 21
7 8 10
1 4 30
16 18 1
16 20 29
3 6 14
9 11 14
5 7 9
22 23 28
3 6 22
12 16 20
12 13 26
0 3 25
23 1 27
5 6 11
17 17 2
8 11 1
6 8 16
7 12 28
9 12 16
23 1 4
14 18 24
15 17 26
10 11 14
3 5 10
22 0 30
17 19 25
20 22 16
11 13 19
14 15 15
13 13 16
14 18 3
7 10 6
11 14 17
0 2 23
13 15 29
23 1 22
14 17 29
15 18 3
22 23 20
11 13 9
16 19 14
14 16 19
4 5 8
12 15 20
21 21 26
23 0 19
19 20 29
11 12 19
12 15 28
5 7 6
20 22 13
2 4 18
12 12 10
4 6 30
7 8 8
2 3 7
15 17 28
17 20 21
7 8 20
11 14 13
5 6 7
20 21 27
19 21 18
11 12 15
17 19 15
20 22 10
15 18 21
23 1 27
21 0 5
0 1 26
15 16 25
17 19 26
2 5 19
3 5 18
9 12 26
0 3 27
12 15 14
14 15 15
17 20 4
18 21 17
23 3 30
6 8 18
19 22 5
21 21 21
12 14 22
17 19 19
15 18 6
7 9 20
9 12 11
15 17 5
5 6 7
18 20 21
5 7 27
9 10 11
13 15 30
15 16 20
8 10 5
12 14 25
11 13 8
3 5 19
12 12 7
17 19 20
13 16 8
9 10 18
18 19 20
20 22 26
20 20 7
11 14 4
17 17 29
23 1 7
13 16 29
12 13 25
18 20 2
9 10 21
21 21 10
5 7 14
9 10 9
1 2 7
4 6 24
10 12 12
4 5 2
2 4 21
13 13 14
10 11 9
22 0 28
22 2 3
20 22 16
20 23 30
3 6 11
11 14 14
12 15 14
18 19 1
21 23 6
7 9 6
21 23 15
9 11 26
17 17 13
4 6 24
9 11 25
10 13 19
14 14 13
22 0 11
0 0 19
15 17 3
19 22 21
19 21 4
14 16 6
20 21 15
19 20 27
16 17 25
14 16 29
1 4 22
3 6 18
9 10 29
20 22 20
14 15 22
8 10 25
14 17 30
4 6 28
3 3 29
17 18 25
9 12 5
7 10 2
4 6 11
22 0 16
11 13 28
23 1 14
4 6 10
12 15 13
23 1 25
20 21 13
8 10 11
19 23 12
3 5 1
2 4 27
12 14 25
2 3 19
16 18 12
18 20 4
18 20 1
18 20 9
23 1 18
17 18 20
3 3 20
3 4 4
17 19 10
8 10 3
9 12 14
15 19 26
16 19 26
22 23 16
7 10 16
18 19 6
5 6 1
21 0 5
18 22 18
19 21 4
5 7 8
14 16 25
19 21 15
6 7 3
14 15 4
17 18 8
5 7 7
11 14 21
22 2 8
18 22 18
16 17 26
6 8 21
14 16 15
12 13 26
0 1 14
10 13 8
8 10 19
5 7 26
17 19 30
11 14 22
4 6 24
23 0 15
4 8 22
5 6 29
4 6 24
2 4 27
23 1 27
14 17 25
14 15 14
20 22 3
3 6 2
3 4 21
14 16 3
12 14 10
22 21 16
17 20 30
6 10 19
14 16 7
9 11 21
23 0 23
22 1 11
20 23 11
5 7 24
19 22 23
22 23 22
4 6 23
12 14 24
9 9 9
3 5 20
6 8 20
22 1 30
14 15 19
20 22 9
18 20 3
20 22 29
2 6 7
9 11 24
3 6 1
7 10 15
19 19 29
19 23 19
13 14 7
11 14 4
17 20 1
20 21 27
9 11 13
15 17 20
20 21 17
16 17 30
21 22 29
1 3 22
9 8 15
1 3 4
12 14 29
10 13 11
14 16 3
22 23 9
0 3 7
1 1 10
23 1 7
9 11 16
3 4 13
5 7 22
13 14 2
10 11 13
18 20 28
8 11 2
9 12 1
11 14 13
16 19 14
22 23 16
22 0 25
10 13 13
15 16 28
7 8 20
0 1 28
19 20 27
13 17 18
13 15 24
2 5 25
23 0 27
4 8 13
17 18 2
8 8 15
8 10 8
7 10 8
12 13 22
8 10 7
5 7 14
16 20 29
1 2 6
9 11 28
6 8 14
21 22 26
16 18 11
1 4 10
10 11 1
18 20 14
5 7 3
3 5 3
12 14 19
18 20 15
13 16 11
14 15 18
7 9 14
4 5 21
12 13 8
21 23 20
4 5 10
10 12 14
12 14 10
8 9 24
3 6 30
5 8 16
5 8 11
3 4 13
21 0 26
6 8 21
17 19 27
10 10 14
11 12 26
0 1 30
3 7 7
6 8 26
15 16 20
15 16 30
13 15 21
19 22 12
9 13 23
16 18 29
19 22 23
14 16 6
20 0 21
20 23 8
19 21 13
22 0 14
15 17 24
12 15 3
8 10 14
17 20 1
8 12 12
20 22 19
6 7 14
14 16 30
2 5 13
22 1 22
1 2 19
15 17 23
13 16 7
21 23 22
10 14 23
23 2 5
12 13 24
