3670 30
24 19 4 21 23 10 20 13 10 22 6 20 17 23 7 29 1 20 21 20 13 19 15 14 29 21 11 27 8 27 
7 8 8
21 23 11
16 17 20
22 23 17
15 17 14
14 16 19
9 12 20
2 4 13
4 7 25
0 2 9
23 0 5
4 7 12
0 2 6
13 15 28
15 16 15
23 1 26
10 11 5
1 6 23
19 21 17
7 8 22
7 8 27
0 1 4
1 2 12
18 18 5
15 19 3
17 20 15
11 13 21
3 4 14
6 7 15
21 1 23
5 6 16
14 17 10
8 11 25
8 11 25
22 0 1
17 20 20
17 18 10
8 10 27
9 12 8
4 7 8
1 3 8
2 4 20
13 15 5
3 6 11
13 18 5
6 7 3
16 17 16
7 8 13
7 8 7
0 3 26
16 18 9
16 19 17
1 3 23
5 7 24
17 18 1
14 16 28
0 2 2
8 10 2
12 15 19
10 13 4
9 12 13
3 4 20
22 0 27
9 12 17
11 11 24
2 3 28
23 1 14
4 4 30
0 2 8
11 14 7
12 15 17
19 22 18
23 1 17
16 17 25
21 22 30
19 21 14
8 10 3
18 20 20
15 17 19
7 9 28
11 12 28
17 18 2
2 3 27
20 22 25
13 15 24
19 20 2
4 6 12
6 8 7
16 20 13
0 2 17
5 9 17
1 4 1
10 10 24
8 10 7
2 4 16
23 0 29
18 21 23
18 19 26
20 21 27
21 22 27
22 0 2
17 20 28
8 8 27
5 5 4
5 7 1
15 17 1
0 5 12
7 7 9
1 2 29
15 16 7
13 15 25
4 5 28
12 14 19
4 6 20
6 9 2
16 19 30
7 9 3
7 9 16
11 12 10
11 12 26
18 18 24
2 2 10
9 10 30
5 8 7
9 10 15
11 12 22
17 20 18
13 15 14
23 1 4
4 6 9
11 12 22
2 3 22
12 16 13
19 21 25
12 14 11
1 3 5
7 9 5
16 18 2
23 3 7
13 16 15
13 15 29
3 6 5
4 6 26
3 6 1
9 10 20
4 4 12
18 20 16
20 21 8
3 4 20
22 1 9
8 10 2
17 18 29
1 2 8
1 3 19
9 10 21
14 16 19
3 6 4
3 5 16
2 4 13
19 23 12
6 8 9
8 10 23
13 17 15
9 12 3
21 23 13
14 16 17
8 11 11
0 0 28
10 13 18
10 11 20
19 21 25
9 11 19
11 13 3
21 23 2
19 21 28
17 18 18
9 11 20
8 9 17
12 14 6
19 21 11
11 12 2
18 20 19
5 7 24
21 22 29
21 23 19
22 1 12
16 19 9
7 8 20
1 3 9
3 5 29
3 5 25
1 3 7
10 12 13
0 2 7
1 2 5
1 2 1
1 3 26
10 14 28
19 21 4
5 7 2
1 3 20
3 6 29
8 11 27
16 19 26
3 4 28
2 4 13
19 19 21
3 5 30
22 23 7
14 16 9
14 18 12
21 23 29
7 9 4
6 8 5
14 13 8
0 2 3
5 7 7
23 0 15
23 3 21
10 11 25
11 13 24
14 15 27
16 16 15
7 10 2
10 12 22
7 10 12
12 11 13
12 13 13
23 0 26
13 16 29
14 15 24
2 5 26
12 13 16
9 9 27
19 21 15
20 23 10
15 18 12
16 17 6
13 14 29
11 13 30
0 1 3
6 9 24
23 2 13
12 14 18
5 7 6
21 0 7
20 22 13
20 0 6
13 15 14
21 22 16
14 15 2
20 23 19
8 10 12
21 0 26
19 21 6
1 4 6
0 3 12
19 23 10
13 14 25
11 13 28
4 7 3
15 17 16
4 5 30
0 2 12
23 2 17
10 12 13
5 6 12
13 16 4
1 4 14
21 1 8
14 16 30
17 19 13
19 20 25
16 20 29
4 7 3
20 22 15
21 23 20
7 8 7
0 2 17
18 20 1
10 13 19
19 22 4
13 14 10
16 17 13
8 12 21
12 14 4
0 2 4
17 19 30
22 0 6
23 4 28
16 19 15
7 7 17
12 15 30
4 7 14
7 9 8
9 10 4
9 11 23
16 18 10
7 7 18
17 20 18
5 7 1
14 18 4
10 11 12
21 21 15
16 18 4
5 7 4
6 9 25
13 15 4
22 22 28
12 15 10
10 15 11
12 15 20
7 11 14
0 2 8
5 6 27
6 9 24
11 12 18
6 8 1
22 0 18
15 17 11
5 7 13
23 3 9
15 17 15
1 1 7
22 0 25
17 19 27
10 11 26
3 7 13
13 17 17
13 14 28
23 3 12
18 19 15
19 20 5
13 16 20
16 18 22
0 2 1
14 14 3
10 13 29
13 15 9
3 4 4
12 14 10
19 22 5
3 5 20
14 16 18
3 3 1
17 20 11
22 0 21
20 22 1
0 0 12
22 0 19
15 17 2
3 5 9
14 17 20
18 21 24
2 4 7
8 10 30
6 8 11
22 1 30
10 12 2
18 22 17
6 9 8
15 16 17
8 12 3
6 8 16
14 16 4
23 3 28
9 12 12
7 9 20
19 19 25
6 7 20
11 13 3
13 16 13
19 22 19
17 17 9
17 17 20
12 14 21
14 16 16
17 17 15
9 11 2
7 9 20
9 12 10
7 8 10
17 17 3
0 1 16
19 20 7
23 0 11
13 15 24
20 21 27
0 3 29
22 0 29
4 7 1
8 9 5
17 18 4
20 22 25
16 18 4
22 1 14
6 7 24
17 20 4
14 16 13
10 11 22
18 19 5
21 23 30
16 18 7
15 16 13
12 14 7
10 13 4
3 5 16
23 1 23
4 6 4
6 9 23
19 18 11
5 8 7
5 6 5
3 8 29
15 18 17
8 10 27
15 18 22
15 17 4
23 0 8
18 19 25
15 16 30
7 9 11
12 13 28
1 2 19
12 15 21
0 3 3
16 18 27
11 13 28
22 0 3
22 1 18
22 0 17
17 18 18
11 13 29
15 16 17
21 0 5
18 20 21
14 16 27
6 9 11
23 0 17
3 4 19
2 3 24
10 12 23
1 3 6
18 19 17
18 20 21
14 15 19
9 13 1
21 1 13
13 16 27
14 16 4
15 16 18
8 11 3
6 9 19
15 18 4
6 8 9
15 17 21
2 3 1
3 5 4
4 6 22
21 0 5
3 4 21
1 4 11
16 18 24
22 23 29
18 20 20
23 2 19
13 14 22
21 0 9
18 20 6
16 18 19
5 6 8
6 8 3
10 12 25
18 20 3
11 13 19
6 7 12
1 5 2
14 16 16
7 11 8
23 1 7
12 14 9
13 16 8
2 3 19
1 4 7
0 2 1
1 2 11
19 23 17
4 6 25
3 5 4
15 18 12
13 16 11
7 10 17
20 22 20
6 10 17
0 0 13
19 20 11
20 22 11
14 14 7
12 13 25
8 9 7
4 8 29
5 6 24
11 15 30
18 21 3
5 9 10
19 20 4
23 1 25
4 6 2
20 23 20
13 14 17
4 5 9
6 8 20
6 8 22
5 6 1
7 9 25
6 9 26
13 13 13
0 2 19
12 15 12
0 3 21
6 7 26
20 22 24
19 21 6
10 10 24
22 23 2
8 9 17
12 12 24
9 12 15
22 1 10
15 18 27
17 20 3
8 10 26
4 5 24
18 19 25
23 2 24
21 23 9
21 22 8
18 21 19
10 11 30
14 16 3
16 17 5
1 4 28
15 16 18
14 16 15
23 1 15
2 5 8
0 3 19
23 1 8
11 12 8
16 19 13
6 8 30
8 8 8
1 2 20
7 8 14
21 0 6
8 13 17
18 22 21
20 22 16
0 3 29
22 1 28
23 0 29
14 15 1
7 8 7
15 17 8
13 14 22
12 14 25
2 6 9
15 17 13
15 16 5
17 18 14
2 3 20
6 10 13
4 6 6
4 8 23
12 15 21
15 16 16
15 18 2
17 20 23
14 17 18
22 0 7
14 15 1
3 6 13
9 11 19
14 15 28
3 6 22
7 10 16
4 7 20
16 17 24
22 0 29
13 15 15
11 13 17
1 4 3
10 13 9
21 0 2
9 10 7
20 22 2
8 12 21
9 11 11
22 0 22
6 7 2
19 22 5
3 7 17
10 12 4
12 14 27
9 11 15
1 3 22
11 12 30
12 15 1
5 7 11
1 3 17
6 8 2
10 11 2
17 20 8
10 12 11
16 18 26
12 13 27
4 6 15
13 15 9
15 17 27
5 8 29
21 22 2
5 9 4
22 0 10
15 16 14
13 13 15
15 15 27
0 4 23
18 19 20
16 18 22
12 13 15
7 10 11
3 5 17
6 8 4
20 22 8
18 19 17
18 20 23
18 20 30
18 19 26
6 9 26
10 10 19
14 17 20
16 20 19
2 5 16
8 10 7
2 4 18
20 22 2
3 3 2
8 11 1
14 16 27
0 2 30
1 4 14
3 4 27
4 7 30
6 8 10
4 5 27
20 22 13
23 1 27
9 12 24
5 7 17
18 19 15
9 11 10
10 11 29
23 1 18
19 21 26
16 18 10
13 15 20
16 18 12
17 20 27
20 23 20
19 20 10
18 19 16
23 2 20
6 7 27
8 10 28
0 1 11
10 10 5
8 10 12
9 12 28
16 17 20
1 4 1
18 21 14
14 16 23
14 15 19
9 10 14
22 23 7
17 20 7
22 1 6
4 6 30
15 18 2
15 19 20
4 7 6
1 1 11
21 22 16
2 3 8
0 3 24
16 19 19
2 4 14
16 18 23
13 16 27
11 13 18
1 4 19
12 13 7
0 1 5
13 14 18
12 15 17
17 19 19
0 5 8
3 6 1
0 3 4
19 21 28
18 21 4
7 10 1
3 5 12
15 17 7
20 22 16
1 4 13
0 3 15
3 5 23
5 7 22
12 14 16
23 1 24
15 17 17
14 13 28
10 11 24
12 13 13
0 1 30
12 13 20
3 5 2
0 2 25
11 13 9
14 16 16
18 19 23
3 5 25
3 6 14
10 13 27
9 12 15
0 2 30
7 10 27
5 5 30
23 1 18
5 6 6
4 5 28
21 0 22
18 22 4
23 1 29
1 3 16
11 12 16
4 4 17
19 21 23
20 21 4
13 15 29
17 19 19
3 7 30
16 17 10
4 6 24
13 16 16
6 7 3
11 14 4
18 20 13
9 13 8
14 13 15
6 8 13
23 1 1
5 8 22
20 22 20
18 20 5
3 5 18
23 0 23
2 5 20
13 16 10
3 5 13
15 18 26
4 6 25
8 10 17
19 22 12
15 15 13
15 16 15
3 5 1
15 18 28
23 2 7
11 14 17
17 18 5
8 11 21
11 13 7
18 19 2
14 15 15
16 17 23
18 21 25
7 8 14
8 10 1
23 2 22
16 20 9
14 15 30
9 12 14
15 18 3
20 20 23
4 6 25
11 14 5
22 1 23
20 22 17
1 4 20
6 8 11
23 23 20
9 9 4
22 22 22
15 16 20
2 3 20
7 9 9
9 10 2
0 2 17
11 14 19
23 1 12
19 23 23
23 1 4
0 1 9
17 20 28
15 17 24
19 21 4
21 23 28
23 2 24
11 11 29
13 15 22
2 4 10
5 6 2
10 13 25
13 16 29
13 14 10
14 15 23
7 9 2
17 19 24
11 12 14
3 5 22
9 11 11
8 10 22
1 3 29
22 0 19
2 4 8
12 13 26
7 11 29
8 11 1
19 19 1
0 2 25
10 12 26
19 22 19
10 12 3
19 19 11
0 3 28
6 9 10
16 19 10
2 5 12
10 12 9
8 10 12
19 21 22
12 15 2
12 13 11
4 6 20
9 14 12
0 3 13
2 5 14
4 7 3
21 0 30
15 16 14
6 8 2
3 4 15
15 18 29
4 6 10
23 1 13
23 0 2
7 8 22
4 7 2
11 13 1
7 7 1
16 19 30
1 3 5
2 3 26
1 3 7
23 1 26
10 14 22
4 7 15
10 12 20
13 15 7
16 19 24
23 0 7
3 3 10
7 8 4
8 9 23
12 13 16
14 15 20
6 8 20
4 5 9
3 6 3
15 17 17
20 22 1
7 8 26
17 17 15
5 6 8
12 14 30
12 14 2
14 17 30
21 21 28
13 14 28
3 5 2
8 9 12
15 16 3
23 23 15
7 9 6
19 21 10
19 22 26
2 3 13
20 23 26
6 10 24
19 21 28
15 18 13
22 0 20
9 10 24
10 12 12
23 2 11
0 2 4
2 4 17
16 20 7
3 5 2
10 13 24
23 0 28
3 5 12
5 8 24
5 9 21
14 14 21
10 12 30
3 5 15
12 13 27
19 22 25
17 18 25
1 3 27
1 3 15
6 8 4
15 17 14
0 4 4
16 18 28
5 5 19
10 12 8
11 13 4
12 14 23
23 1 6
0 2 18
22 0 25
3 5 5
5 9 12
15 19 9
21 23 23
16 19 10
10 13 29
1 2 2
0 1 19
6 8 16
11 15 3
6 6 16
3 4 4
23 2 30
18 22 2
1 4 30
13 14 14
2 4 12
23 1 11
20 20 13
2 5 15
9 11 16
16 18 27
20 22 26
9 12 18
2 3 21
14 17 26
7 10 6
21 0 29
16 18 1
0 3 16
13 14 15
14 16 30
9 9 27
8 10 12
1 1 3
10 12 8
12 14 25
17 19 7
2 4 6
2 2 6
21 23 11
3 5 1
2 4 5
8 9 3
1 1 22
13 15 4
22 1 5
10 10 9
12 13 12
19 21 14
19 21 28
12 14 10
1 2 30
19 23 22
3 6 17
11 15 14
16 17 2
23 1 16
22 3 19
14 15 15
5 7 18
11 15 27
20 22 9
17 17 15
12 14 20
11 14 23
3 7 16
6 7 23
15 18 15
17 18 8
20 22 8
10 13 23
23 0 3
17 21 26
9 11 8
19 20 28
20 22 4
6 8 27
13 15 30
4 7 12
9 10 12
18 19 14
10 12 14
0 2 29
2 7 4
20 23 26
11 15 28
3 5 9
18 19 14
10 12 20
19 20 8
10 11 19
12 14 17
9 10 3
12 13 19
22 23 20
9 11 24
10 11 30
19 20 21
14 17 8
1 3 6
0 0 22
17 19 19
6 8 23
5 7 5
14 17 22
11 13 9
8 10 26
5 7 1
9 10 1
15 16 14
19 21 24
20 21 1
16 17 14
4 8 13
3 6 1
4 6 21
0 0 14
4 6 12
6 7 16
23 23 10
12 15 12
0 2 27
6 9 12
17 18 1
6 8 8
11 12 25
16 18 13
14 17 11
7 9 18
0 2 26
23 1 28
20 21 22
6 10 25
14 17 22
2 4 6
20 23 27
5 8 6
21 0 9
21 2 30
8 10 7
12 12 3
18 20 20
22 1 5
16 17 19
17 19 20
17 19 29
7 9 28
20 22 1
8 9 25
15 16 24
4 5 4
10 12 29
2 4 19
8 10 29
9 12 17
11 12 8
18 18 17
14 16 1
7 9 1
18 20 1
7 9 11
6 7 1
11 13 25
17 21 7
23 2 23
19 20 29
17 19 6
12 12 1
6 8 30
21 0 24
5 9 13
10 13 5
14 13 10
4 7 28
23 1 24
1 4 14
16 18 20
9 10 4
2 4 26
21 23 11
11 12 12
11 13 28
17 18 30
0 2 9
4 6 11
22 0 9
7 9 21
0 2 18
17 21 25
0 2 30
16 19 17
14 17 26
21 22 4
4 4 3
1 3 12
12 14 2
12 16 26
8 9 26
1 4 6
5 7 21
9 11 5
11 11 7
0 5 4
19 20 5
9 13 6
22 2 12
9 11 7
15 16 5
13 15 2
18 20 3
12 16 6
6 7 25
17 18 17
11 14 7
7 11 29
13 16 5
6 10 1
6 11 9
0 1 4
10 13 1
19 22 26
14 17 4
19 20 18
4 6 11
9 9 21
9 11 21
1 3 24
13 14 2
7 7 6
11 14 6
9 10 28
23 1 6
6 8 8
7 7 22
18 20 17
17 19 4
19 22 8
17 20 6
22 22 21
2 5 19
8 11 1
16 17 12
20 22 25
20 21 27
18 18 13
9 11 23
0 5 10
21 22 10
8 9 28
22 1 15
16 18 2
22 1 9
16 18 10
5 7 20
8 10 29
17 19 21
6 8 12
5 6 15
12 15 16
11 11 19
18 19 29
16 16 21
6 7 11
22 0 5
3 3 29
1 2 7
9 11 20
15 16 23
23 1 1
20 22 13
6 7 20
11 14 15
1 4 7
0 4 18
19 22 18
19 20 23
6 8 1
7 10 21
21 0 1
4 6 22
14 17 1
9 10 23
0 2 1
0 2 19
15 18 22
20 22 11
7 10 11
0 3 13
11 12 30
8 10 8
18 20 28
5 7 26
13 16 30
11 13 9
1 2 15
7 9 13
10 11 28
11 15 14
0 2 1
13 15 17
9 11 1
21 0 6
22 0 21
11 13 24
0 3 13
11 12 11
7 9 30
16 18 14
6 7 18
21 23 17
10 14 11
3 6 4
6 8 26
5 7 8
18 19 14
10 12 17
21 22 15
19 22 9
0 1 28
8 10 17
11 12 10
0 2 1
8 12 1
0 1 14
21 22 10
12 13 15
22 1 26
6 8 9
2 3 21
7 8 21
5 6 19
15 19 22
11 14 26
15 18 3
13 15 15
7 9 23
1 3 24
5 8 4
8 10 24
19 23 14
11 14 1
23 2 13
6 8 6
16 17 15
7 7 18
2 3 1
12 13 13
21 22 7
8 10 11
18 21 8
20 23 13
6 9 18
19 23 22
15 17 17
17 19 9
21 1 5
8 11 18
10 12 7
12 14 20
4 6 25
8 11 14
23 0 22
18 20 29
14 16 13
20 23 22
14 17 10
1 3 3
22 0 2
3 4 22
6 8 29
5 7 9
22 22 24
10 11 10
17 20 10
0 2 6
9 11 24
1 3 4
5 7 28
21 22 17
16 18 17
14 15 5
15 17 15
16 17 9
9 11 26
16 18 6
12 14 27
14 16 1
1 3 17
22 1 21
1 4 19
20 22 6
23 3 3
11 12 11
13 14 21
14 15 1
21 23 25
0 2 12
2 4 28
0 1 7
0 2 16
11 14 5
20 21 18
2 6 19
10 12 21
11 14 17
15 17 18
21 22 16
17 19 25
20 22 12
7 8 28
5 9 12
23 0 14
17 20 9
7 9 15
11 12 20
17 18 30
0 2 21
13 16 5
11 13 15
15 17 25
15 17 26
12 12 27
13 15 26
20 22 22
21 23 16
0 2 18
15 17 21
13 15 23
15 17 24
6 10 22
6 9 4
19 21 20
12 14 9
5 7 30
19 20 29
8 12 25
1 3 9
14 19 19
3 5 13
3 6 5
20 23 19
8 7 15
7 8 19
15 17 19
3 3 4
9 12 24
1 3 27
1 3 22
9 11 6
18 20 6
6 7 21
18 19 23
16 18 1
2 3 21
7 8 4
10 12 28
15 18 20
13 15 10
11 13 6
16 17 6
7 9 16
6 7 22
15 17 18
22 0 21
19 20 13
11 13 22
19 22 12
20 23 26
10 12 9
8 11 6
16 17 7
23 0 12
10 14 17
21 1 19
10 12 24
6 6 30
0 2 7
10 12 29
16 19 24
12 14 5
4 4 4
21 22 8
16 17 25
11 14 12
1 1 30
12 14 22
0 4 7
7 9 28
19 21 25
5 7 14
20 23 17
17 18 21
22 0 18
8 8 12
5 8 20
21 22 7
22 0 10
16 17 30
10 12 6
3 3 15
7 11 5
20 21 24
13 17 20
16 19 3
16 16 18
20 22 21
1 5 2
0 1 26
5 8 22
14 17 19
21 1 14
0 2 23
20 21 29
0 1 16
1 4 17
11 13 4
14 17 9
0 2 30
13 13 16
21 23 17
9 11 18
5 7 12
20 0 1
2 4 8
10 14 6
12 13 17
7 11 22
19 21 13
14 14 25
7 11 24
3 4 15
4 5 21
5 6 28
2 5 25
5 8 28
9 10 14
13 15 11
17 21 29
16 18 25
12 14 30
3 4 14
23 2 4
9 12 25
19 21 24
12 14 13
12 14 16
9 11 19
12 14 15
0 2 9
7 8 13
14 17 13
6 8 8
1 2 25
11 13 6
13 17 13
2 6 29
11 13 7
7 9 17
7 12 29
10 12 26
9 12 22
23 1 4
8 9 6
20 22 8
16 18 10
1 4 11
20 21 20
8 12 5
8 9 17
19 21 1
7 8 14
8 11 1
22 0 17
1 1 30
13 15 12
3 4 26
12 14 28
7 9 11
16 18 22
18 21 8
12 15 10
16 16 23
6 9 19
14 15 8
22 0 9
16 19 27
3 7 9
4 6 24
10 15 28
5 7 11
22 23 10
6 8 4
15 17 3
6 10 5
12 15 11
12 14 13
17 17 24
23 1 29
20 21 19
20 23 24
7 8 23
14 15 12
13 14 18
2 5 26
21 23 2
3 5 13
14 15 13
4 7 29
23 2 5
9 12 4
13 15 13
23 2 26
7 10 7
3 5 21
15 18 9
4 5 10
5 5 22
11 13 27
16 17 13
17 19 28
4 6 28
3 5 3
20 22 25
17 19 6
22 0 1
19 21 22
23 0 25
3 6 19
18 22 11
21 23 21
19 20 3
9 12 2
3 4 24
22 1 7
3 6 20
10 12 24
22 0 18
4 8 20
15 16 6
12 16 18
14 16 9
19 19 10
18 19 29
23 1 29
10 13 17
17 21 20
13 15 16
23 1 12
0 1 12
22 23 20
16 18 20
18 20 18
0 1 22
5 7 9
16 18 1
9 10 4
17 18 5
23 1 6
10 11 24
20 21 3
10 12 25
8 9 13
0 2 6
13 14 17
11 12 10
23 4 25
20 23 25
10 10 4
11 13 29
2 4 11
15 18 20
3 7 14
22 0 27
3 5 18
6 9 14
20 22 29
3 5 16
5 6 12
0 2 30
12 15 8
17 19 27
17 18 1
0 2 6
14 16 13
6 8 26
12 15 25
10 12 28
4 7 10
13 15 15
2 3 8
19 22 5
14 15 18
7 9 10
4 4 1
20 22 11
20 22 25
0 2 29
11 14 1
16 20 25
17 19 20
20 22 27
20 21 6
8 9 28
12 13 24
0 2 15
21 23 12
16 19 13
21 0 5
17 18 25
8 9 15
17 18 20
16 18 5
23 1 11
7 7 30
20 23 24
5 7 17
14 18 14
17 20 8
7 9 19
10 12 6
18 21 8
10 14 9
5 6 27
19 21 26
7 9 17
0 3 20
0 1 20
12 14 5
6 12 2
9 12 8
14 16 12
3 5 30
23 0 6
0 3 3
8 9 23
15 17 20
19 21 22
1 4 4
0 2 19
17 18 3
21 0 23
6 9 17
1 2 22
8 10 12
14 14 11
0 3 9
2 6 29
18 19 17
3 5 20
19 18 6
20 22 23
22 0 14
20 22 27
12 14 26
3 5 15
17 19 16
5 7 28
23 2 17
1 3 18
6 8 19
21 0 3
12 15 26
13 16 12
11 14 18
8 10 17
11 13 19
1 3 3
19 20 10
8 9 20
14 15 11
3 4 27
15 16 9
9 11 23
18 19 29
16 19 22
19 22 26
9 12 6
0 2 23
20 22 26
4 5 11
6 7 28
14 16 9
13 14 8
18 21 27
19 21 8
16 18 20
18 20 23
19 20 23
17 19 29
10 13 25
23 2 30
18 21 25
12 12 11
2 3 15
9 10 29
2 5 30
7 11 9
9 11 18
2 3 14
15 18 30
19 21 14
1 2 20
8 10 19
15 17 26
6 7 5
7 10 25
22 0 12
14 16 21
12 14 19
6 9 17
15 19 17
13 14 26
23 2 12
17 17 8
9 12 20
8 9 13
19 21 10
3 5 13
13 14 2
6 10 10
7 8 16
19 21 28
20 22 28
12 13 9
16 18 8
20 23 17
12 12 9
2 6 22
11 14 5
23 0 13
19 21 20
6 9 6
11 13 19
11 14 16
14 16 27
18 20 22
0 2 17
18 21 28
10 12 18
18 22 27
0 2 15
18 20 6
22 23 14
17 19 22
2 3 23
1 4 16
10 11 22
9 13 26
14 17 27
19 20 18
17 19 19
20 21 27
4 7 7
23 1 28
13 14 15
17 21 17
0 3 5
13 13 18
23 3 16
22 1 4
12 16 27
9 11 30
4 3 12
0 2 14
9 10 6
21 22 18
17 18 9
14 16 16
22 22 18
9 9 21
8 11 29
0 3 18
18 19 6
19 21 18
14 16 7
4 7 23
16 19 13
17 19 21
13 16 15
15 16 1
0 1 19
16 19 9
19 21 28
8 9 15
14 16 9
18 21 4
4 6 11
15 17 25
9 10 10
13 16 26
22 23 11
19 20 25
1 2 20
19 23 4
21 22 30
11 13 16
21 23 7
12 14 15
19 20 16
1 3 9
20 22 12
18 21 12
17 17 13
22 0 7
17 18 3
23 1 24
20 23 14
22 23 16
22 23 16
11 13 16
21 22 29
7 11 27
12 14 6
9 11 17
20 19 2
18 21 21
3 5 24
18 19 23
4 6 27
20 22 14
23 1 25
4 6 11
7 9 26
19 20 15
2 4 6
8 9 17
12 13 20
20 21 11
13 15 10
15 17 29
7 8 19
10 13 28
12 13 16
3 5 6
8 10 16
22 23 3
11 13 20
13 15 21
23 2 25
13 15 8
5 8 1
21 22 8
21 0 15
23 1 22
19 22 20
18 20 26
4 6 13
9 11 22
16 18 11
15 17 19
2 4 19
8 10 8
14 17 21
4 8 10
12 13 15
4 6 11
7 8 20
6 6 25
13 14 14
16 17 13
7 10 26
19 20 15
23 3 1
8 8 10
21 0 16
8 10 24
22 0 24
23 1 9
5 6 15
19 21 4
20 22 18
16 15 13
12 13 12
1 3 3
3 6 5
4 7 13
18 18 14
1 3 25
3 5 11
21 23 16
23 2 9
6 9 20
15 17 12
1 4 16
8 11 12
11 14 20
23 1 26
0 1 24
2 4 11
6 7 19
0 2 29
9 10 30
8 11 9
8 9 13
3 5 21
17 18 4
21 0 5
4 7 26
5 6 16
1 2 21
22 1 19
21 23 9
13 15 1
22 22 22
10 11 22
3 4 8
8 9 20
16 20 14
21 23 16
6 9 17
19 22 25
0 2 17
5 7 16
1 4 5
0 3 21
12 13 4
19 21 15
3 5 1
9 11 30
1 5 23
7 10 22
7 9 12
10 13 21
22 22 10
17 18 29
1 2 15
15 17 29
5 5 14
13 14 17
0 2 14
22 23 22
20 23 22
6 7 6
17 19 14
9 10 1
14 16 8
3 5 8
20 22 3
5 6 13
11 13 25
9 10 22
19 22 16
17 19 3
12 14 29
12 14 17
9 10 28
3 6 29
11 12 17
4 6 17
22 22 30
21 23 7
23 1 7
14 15 3
22 0 12
3 3 11
18 20 16
16 19 1
0 4 17
9 11 7
13 15 17
15 17 24
13 15 2
7 9 9
3 5 8
2 4 16
15 18 23
13 16 23
5 9 9
16 19 13
2 4 12
7 8 24
7 10 14
22 0 28
13 16 24
15 17 4
16 16 9
0 2 1
2 4 3
1 2 28
12 15 17
7 10 23
21 23 10
14 15 26
2 3 7
0 3 14
11 15 10
1 3 15
7 8 25
0 1 14
7 9 8
9 11 12
5 6 17
14 18 23
4 6 8
13 15 3
14 18 25
8 10 24
18 19 4
23 23 10
15 17 25
7 8 18
8 9 28
17 19 9
8 10 4
20 23 24
23 2 9
11 12 25
15 17 23
11 13 2
16 19 5
19 20 7
11 15 1
8 10 30
15 17 12
17 18 27
2 4 11
8 11 8
7 10 24
1 3 23
23 2 26
23 1 16
21 23 30
0 2 29
10 13 26
15 17 24
9 12 20
11 14 21
20 21 4
9 8 17
14 15 16
7 8 16
4 6 23
19 22 27
4 6 12
21 0 28
3 6 1
16 19 27
7 8 4
0 2 5
6 8 26
23 2 16
23 2 14
4 6 27
13 16 10
21 0 2
1 2 29
12 15 14
12 13 8
3 6 2
17 21 28
12 14 15
14 16 30
23 1 28
5 7 12
4 5 23
12 14 4
22 22 24
9 9 18
1 2 20
7 11 1
15 16 14
6 8 2
19 20 6
4 7 3
14 15 28
1 2 25
3 4 19
10 13 20
0 2 13
22 1 2
9 9 16
5 8 29
6 9 29
19 22 12
18 19 29
19 19 25
2 4 29
19 20 7
4 7 9
13 15 22
16 17 7
7 9 5
7 9 6
10 13 23
5 7 11
17 20 1
5 7 7
22 0 11
8 9 19
5 6 15
3 6 6
15 19 8
2 3 26
18 19 29
17 18 1
3 7 29
15 16 15
3 7 8
21 23 14
19 20 28
23 1 7
20 22 2
13 15 26
12 15 22
5 5 4
5 8 9
11 12 16
7 9 10
14 18 6
16 19 22
20 0 3
0 2 14
10 10 23
11 12 23
23 1 30
0 2 20
1 3 5
9 12 1
11 13 2
7 8 20
4 8 3
12 12 13
5 7 2
6 8 11
0 3 21
15 17 29
19 22 25
0 1 15
11 14 17
8 10 11
0 2 24
0 3 8
2 4 22
15 17 6
5 9 25
17 18 3
5 8 7
14 18 11
3 4 28
12 15 28
22 0 17
16 17 18
8 10 6
6 9 10
5 6 29
10 13 15
7 11 26
5 8 15
10 13 27
4 6 6
12 13 22
1 3 10
14 15 20
19 21 12
9 11 23
1 2 24
17 18 3
7 8 23
14 19 22
4 7 25
8 11 26
8 9 19
1 5 28
0 1 17
17 19 3
16 19 27
3 5 14
15 18 10
21 23 27
5 6 29
16 19 11
9 11 27
19 22 23
9 10 17
9 10 19
20 0 22
4 6 10
23 2 21
11 14 5
15 17 19
17 19 15
21 0 13
10 12 2
5 10 12
11 12 18
17 18 14
5 6 20
11 14 14
14 14 3
21 23 12
2 4 23
5 6 27
9 12 19
1 1 20
13 17 7
8 11 24
6 7 12
9 12 13
4 6 25
17 20 17
7 12 10
1 3 9
17 20 26
22 2 24
5 8 8
3 5 1
2 5 19
22 22 22
11 12 20
9 10 2
5 7 9
21 23 3
13 15 3
11 14 14
3 4 26
6 8 21
18 19 28
2 5 23
4 7 17
17 17 3
18 21 7
14 16 21
23 0 1
21 23 22
12 13 18
17 18 14
18 20 21
3 6 21
13 15 18
13 16 11
19 23 27
13 14 28
19 21 2
2 6 12
20 21 19
20 21 30
0 3 6
21 23 2
3 5 14
10 13 18
6 8 25
8 9 6
18 21 6
20 23 23
4 8 16
21 1 25
13 16 23
8 9 5
17 19 27
13 15 15
4 7 12
6 8 13
10 13 1
8 10 23
21 23 14
12 14 20
0 2 7
16 16 16
3 6 16
10 11 12
10 13 21
14 15 30
4 6 7
1 3 28
10 12 27
6 8 16
17 18 27
12 16 20
13 16 28
1 3 21
15 20 27
8 11 20
6 8 23
0 2 26
3 5 18
11 12 4
23 2 18
2 6 6
8 11 22
14 17 14
7 7 11
20 22 22
16 20 24
4 5 18
22 0 23
6 8 18
10 12 11
4 4 30
0 3 10
19 21 29
1 3 24
6 8 26
2 4 13
4 6 9
3 4 18
7 9 2
5 7 6
6 10 4
4 6 6
2 4 28
8 9 25
19 20 7
21 0 4
17 17 2
17 18 17
21 23 12
0 3 2
6 10 26
22 0 24
22 1 14
23 1 15
7 9 21
9 10 6
0 2 18
4 7 4
12 14 11
3 4 8
8 10 13
2 4 3
13 16 27
14 16 8
4 4 21
10 11 9
21 22 19
10 12 10
14 16 9
18 20 4
12 13 14
9 10 27
0 2 12
10 14 7
8 9 18
17 19 20
2 3 7
23 0 2
5 7 8
4 6 20
5 8 14
5 9 4
6 8 5
2 5 27
20 20 28
19 21 4
9 10 29
0 1 12
6 8 20
22 0 10
3 5 26
19 21 26
9 12 20
7 9 7
21 0 15
5 7 28
12 13 21
22 0 21
8 11 19
21 0 26
7 10 13
3 5 2
10 12 25
2 5 8
15 17 22
4 6 27
16 18 3
17 20 26
1 3 25
6 10 17
7 10 2
8 10 29
15 17 26
8 11 17
0 2 7
6 8 10
10 10 9
9 11 15
21 0 1
14 16 1
12 16 5
0 0 13
20 22 10
7 9 17
21 22 8
19 22 14
20 22 10
20 22 19
4 8 20
17 19 21
16 19 22
3 6 1
6 8 19
1 3 30
2 5 12
14 16 18
6 8 22
12 14 25
9 11 15
7 10 26
13 16 4
14 15 6
7 10 29
19 20 1
7 9 20
22 0 2
16 18 28
8 10 19
8 11 19
9 10 2
1 3 29
10 13 5
17 19 24
4 5 20
9 12 4
20 23 4
4 5 9
17 18 28
6 8 16
16 19 7
6 6 26
17 20 6
6 6 17
11 14 13
2 4 24
9 13 26
16 18 16
15 17 21
23 2 15
8 10 12
7 9 19
4 7 13
8 10 28
2 4 29
4 4 23
3 4 28
21 0 9
9 11 20
0 0 2
4 6 30
16 17 24
14 16 2
6 7 23
5 6 7
21 0 5
21 0 29
7 9 11
10 13 22
8 10 22
9 10 25
23 3 28
13 15 5
17 19 19
21 1 22
5 6 12
2 5 25
16 18 8
1 4 26
13 15 25
17 20 11
20 21 21
13 14 29
20 21 25
19 23 30
6 7 23
15 18 16
1 5 2
8 11 22
20 21 5
15 17 13
21 1 11
21 22 21
16 17 15
14 15 24
0 2 22
18 19 3
10 12 10
12 14 13
8 10 12
11 13 20
19 20 25
23 2 29
12 14 12
3 4 12
23 1 19
22 1 2
21 22 5
3 6 7
1 2 15
0 2 14
23 0 16
22 0 22
2 6 12
1 3 18
7 9 28
8 10 18
4 6 25
13 16 23
8 11 22
12 14 23
17 21 30
4 5 2
21 23 21
8 8 13
16 19 9
20 23 28
16 18 23
1 3 3
10 12 11
13 13 4
19 22 5
15 16 20
0 4 14
6 8 23
8 10 24
20 20 8
0 2 5
0 3 19
16 18 17
19 20 9
8 8 21
23 2 4
5 6 17
23 0 21
15 17 27
9 11 16
9 11 10
9 13 16
18 21 2
15 16 10
17 20 26
21 0 4
21 0 15
4 6 3
20 21 14
9 11 11
10 13 10
12 14 26
0 1 19
20 23 23
5 6 17
4 7 26
5 8 1
7 9 17
5 8 12
23 1 10
4 7 23
12 13 15
16 16 10
2 1 6
22 1 21
15 18 20
5 6 12
1 3 15
5 9 28
9 12 9
8 10 11
16 19 4
2 6 21
17 20 2
11 12 18
16 18 19
4 6 3
3 2 2
19 21 10
8 8 15
17 18 5
19 20 5
0 1 18
17 19 7
22 0 28
22 23 9
20 21 13
16 17 20
22 23 16
13 14 21
12 14 17
1 3 29
20 22 13
1 3 1
15 19 30
19 20 14
2 4 15
9 13 20
23 1 24
13 14 14
6 9 22
13 16 15
6 6 6
7 9 3
8 9 27
20 21 8
20 23 17
1 5 23
13 14 14
21 23 20
2 3 28
22 1 5
19 21 26
5 8 2
23 2 10
2 4 20
10 13 8
0 3 8
20 21 4
13 13 23
7 11 11
11 14 19
17 19 24
7 8 25
6 7 9
15 17 16
6 8 2
8 10 21
8 9 26
11 12 1
5 6 18
16 18 5
20 22 6
12 14 25
11 13 11
20 22 13
15 17 15
2 4 19
4 6 24
23 0 25
10 11 1
8 9 6
10 11 16
14 17 25
13 14 24
18 20 14
0 3 9
8 10 30
18 20 29
14 17 13
0 2 16
18 20 9
5 8 13
14 16 21
6 8 20
1 4 13
19 21 5
8 9 21
21 22 17
2 6 16
23 2 6
15 18 9
16 18 13
6 8 7
6 8 10
10 11 9
10 12 27
17 19 17
2 6 29
4 6 17
11 13 11
9 11 11
4 6 11
12 13 12
17 20 27
21 23 13
9 11 24
8 12 17
17 18 19
14 16 1
1 2 8
15 17 19
11 13 13
11 13 20
7 8 8
11 12 5
21 23 18
8 11 3
7 9 30
21 0 15
13 16 21
15 17 29
20 23 12
3 6 30
2 4 20
4 7 24
7 8 17
8 11 9
19 20 29
7 8 22
6 8 11
8 11 4
15 17 4
19 19 9
9 9 21
0 3 7
1 4 13
18 20 16
2 4 14
13 15 13
8 12 2
11 12 14
14 15 22
11 15 9
20 23 17
6 8 28
1 3 1
19 20 18
17 19 19
8 9 25
10 13 26
10 11 21
9 13 1
19 0 9
4 7 8
13 17 2
1 2 12
6 8 2
10 11 18
14 17 28
18 22 6
11 15 28
10 12 4
21 1 26
0 1 4
1 3 6
10 11 27
9 11 17
21 23 24
5 5 6
12 13 20
7 9 3
5 8 22
0 3 9
3 8 3
1 2 26
6 9 18
13 14 29
8 8 14
18 20 11
21 23 6
19 23 15
18 21 24
20 20 4
10 11 15
22 23 25
2 4 30
4 7 29
4 5 23
12 13 4
2 4 1
10 12 6
15 16 10
10 12 28
0 3 1
7 10 13
16 19 21
13 16 9
20 22 7
23 2 13
17 19 8
4 7 18
13 16 8
1 2 16
22 22 24
4 7 2
20 20 24
3 4 20
8 11 17
7 10 5
4 6 7
1 2 18
19 21 9
7 10 11
8 12 11
19 23 27
9 11 22
22 0 8
14 16 21
10 11 16
11 13 12
14 17 26
8 12 23
1 5 14
7 9 24
15 18 26
19 21 19
22 0 16
19 20 18
1 4 30
5 7 19
7 11 23
18 20 29
19 22 17
22 1 20
4 7 8
10 13 15
16 18 15
9 15 26
18 19 15
3 6 22
11 14 14
22 1 21
19 22 4
8 9 11
11 12 29
5 7 11
14 17 5
1 4 3
14 16 14
13 16 13
12 17 23
12 14 20
23 1 20
23 1 7
8 10 17
15 18 22
13 14 7
8 10 28
22 0 4
10 11 15
2 4 25
6 9 28
13 14 11
1 2 16
3 5 24
5 8 28
11 12 5
4 6 4
22 23 14
8 8 4
16 19 30
13 13 22
0 1 12
23 0 30
2 3 13
6 8 24
21 0 6
13 16 18
13 14 8
18 21 15
3 4 25
4 8 3
9 12 8
11 12 1
6 8 26
19 21 26
17 19 4
16 18 2
4 8 28
15 18 18
23 0 23
3 5 1
10 14 5
8 10 26
7 8 19
8 11 24
9 12 25
3 3 2
13 15 14
13 14 3
4 6 7
20 22 26
14 15 14
21 23 18
5 7 9
15 18 24
4 6 28
7 10 13
9 13 26
2 4 3
11 14 7
5 6 27
20 22 10
19 21 26
10 13 23
5 8 11
16 18 2
1 2 2
6 7 19
18 19 8
1 6 2
11 14 26
21 21 25
18 20 14
12 14 13
0 2 19
13 15 27
0 0 15
3 7 11
0 0 21
13 16 24
22 1 12
0 3 4
22 23 14
23 2 19
1 2 4
2 6 16
17 19 7
11 14 23
1 3 27
12 12 28
13 17 21
18 19 13
14 18 8
0 1 22
8 10 26
1 4 6
22 23 24
5 7 29
19 22 16
16 18 20
21 22 16
21 23 23
14 17 7
17 18 1
3 5 24
3 5 24
2 3 19
18 21 13
15 17 11
1 3 13
0 2 15
4 6 8
0 4 12
4 7 19
19 21 18
16 19 23
5 7 13
21 22 22
7 8 7
11 13 29
7 9 29
5 8 15
15 17 16
21 1 28
3 6 11
9 13 19
19 19 27
7 9 27
11 14 8
4 6 16
16 19 6
22 0 16
5 7 20
0 1 19
17 18 24
11 15 11
1 4 13
21 23 2
2 2 30
13 15 2
10 12 14
20 21 10
14 16 8
2 5 25
16 17 7
13 15 23
15 18 24
14 17 29
2 6 1
22 23 7
23 1 27
1 1 13
23 0 2
2 5 9
18 22 28
16 20 2
12 14 11
10 11 24
3 5 18
13 16 23
2 5 29
7 9 9
6 9 19
16 18 20
16 18 3
6 8 26
16 19 28
2 4 26
11 13 5
12 14 6
0 1 19
1 2 6
15 16 11
23 1 25
5 8 25
20 21 9
23 1 18
1 2 8
1 2 7
8 8 6
7 9 19
1 3 27
8 10 25
0 2 16
18 20 25
13 14 18
15 17 13
12 14 5
17 17 28
1 3 20
4 5 1
10 12 16
6 7 23
12 14 11
23 3 10
13 15 5
22 23 23
1 2 30
1 1 11
1 4 26
21 1 2
19 21 1
21 0 7
1 2 15
22 2 23
2 5 22
16 18 1
18 19 12
16 17 13
5 8 30
9 12 13
22 0 27
19 21 15
5 6 3
20 21 7
10 11 16
8 10 11
22 0 20
17 17 6
7 10 3
16 19 23
0 2 15
23 3 4
23 1 29
19 21 10
11 13 1
5 8 18
8 9 7
6 8 13
12 13 15
19 22 13
4 7 8
3 4 3
13 16 22
6 8 20
13 13 16
10 14 20
14 14 13
1 2 27
14 15 12
0 2 15
1 3 14
3 5 23
5 7 20
8 12 26
19 18 5
0 0 11
4 5 11
3 5 19
20 23 6
7 7 1
12 15 10
4 7 11
18 19 21
15 16 9
10 12 13
18 19 22
2 4 23
9 11 22
11 13 3
0 2 4
4 6 10
16 18 1
0 2 6
11 13 18
11 14 8
13 16 6
1 2 16
22 2 28
20 21 16
23 2 22
16 18 13
4 6 3
6 9 22
7 8 12
20 23 23
15 16 18
23 2 7
15 16 25
22 0 25
21 23 10
4 4 22
15 17 9
20 22 20
23 2 24
21 22 8
13 16 2
16 18 26
23 23 18
19 0 6
2 5 24
4 6 8
3 4 4
5 6 22
7 9 8
5 8 25
15 16 29
1 3 3
22 23 13
11 13 12
13 12 20
13 14 1
17 20 26
4 6 25
6 7 7
16 19 24
9 10 23
15 17 27
23 1 19
8 10 26
13 16 29
13 16 29
23 0 27
12 16 13
4 6 11
9 12 11
0 2 11
7 9 15
23 4 21
22 23 8
6 7 30
21 23 17
14 16 17
8 9 17
2 4 5
13 16 18
18 20 29
14 16 21
14 15 1
8 12 29
6 6 2
7 11 21
16 16 5
11 15 3
17 18 24
4 6 10
16 18 4
6 10 16
0 2 7
6 7 10
12 14 14
14 18 14
8 10 18
16 18 10
7 11 19
15 17 23
11 12 28
11 13 7
19 22 26
19 21 10
2 5 1
19 20 6
11 11 22
17 18 3
11 13 9
18 19 4
12 15 19
2 5 3
14 16 22
14 15 5
1 4 27
0 1 19
5 8 9
4 6 15
1 3 22
21 21 18
20 22 23
12 12 9
3 5 23
15 17 20
6 8 29
21 23 7
15 19 11
1 5 20
3 5 22
12 12 27
22 0 20
14 14 3
14 17 1
0 2 9
6 7 12
8 10 25
5 7 10
5 6 9
14 17 1
16 18 29
5 9 28
22 22 22
0 2 26
0 1 24
3 4 27
4 8 26
14 15 9
11 13 2
2 4 9
19 21 7
1 2 1
1 5 16
1 2 25
21 22 1
19 22 2
7 8 24
12 17 13
4 6 10
8 9 27
11 13 18
6 7 11
22 1 12
17 19 16
0 1 10
16 18 5
23 2 27
20 22 7
19 23 4
21 22 20
3 5 15
11 14 16
13 14 19
1 2 21
3 3 24
23 1 28
2 4 13
15 16 10
16 17 30
21 23 30
13 15 23
17 18 20
2 3 29
18 20 13
20 22 15
12 13 13
2 5 30
8 10 8
10 11 2
11 14 5
8 10 1
21 23 27
0 1 18
21 23 2
22 1 24
20 21 16
6 7 18
21 22 19
14 17 24
16 20 8
8 9 18
8 10 12
3 5 3
16 18 16
7 9 7
16 17 26
14 16 13
14 17 25
6 8 28
1 2 17
14 17 8
2 3 27
20 21 15
14 17 20
21 1 30
2 4 13
16 19 2
6 9 13
9 10 1
14 17 3
7 11 21
6 7 21
22 0 24
19 20 17
12 14 23
6 8 22
4 6 14
8 10 3
15 18 11
3 6 30
16 20 4
3 5 3
22 23 28
15 18 28
4 7 4
10 11 16
8 9 7
12 14 18
0 3 22
17 18 12
7 10 20
4 6 26
1 3 18
6 9 15
15 18 30
16 18 15
10 12 15
14 16 8
6 7 22
8 13 2
17 17 27
14 18 24
14 15 4
8 13 17
19 22 14
23 2 20
10 14 3
20 20 25
16 18 2
21 23 26
23 1 25
20 21 12
23 0 25
8 11 13
11 13 28
1 4 13
13 14 3
8 11 13
1 2 15
16 19 9
7 11 4
9 10 24
10 13 19
16 19 19
5 7 16
6 9 5
14 16 24
10 11 19
0 4 24
4 4 30
12 13 17
20 21 13
21 21 21
7 8 21
16 19 21
21 23 2
1 2 26
16 17 6
14 16 14
20 23 23
20 23 27
2 5 24
15 17 28
12 14 13
10 14 9
10 13 5
11 13 25
23 1 6
8 8 10
17 19 26
4 6 5
21 22 5
18 20 5
12 14 21
7 9 13
11 13 14
3 6 14
3 5 5
19 22 9
0 2 25
21 22 10
17 20 25
22 1 26
15 16 20
20 23 7
17 17 20
5 7 26
12 13 27
23 1 26
14 16 1
21 23 28
12 14 20
4 5 7
23 2 17
12 15 22
17 20 7
23 1 9
14 15 21
16 19 10
4 5 7
23 0 22
4 6 23
3 4 16
18 20 29
17 21 20
14 16 25
18 20 15
1 3 23
6 6 18
19 18 14
15 18 11
17 18 3
21 23 9
10 12 4
6 8 4
13 17 6
17 20 14
13 15 22
23 1 8
0 1 29
5 7 26
12 14 4
12 15 15
23 2 3
22 0 28
7 9 21
22 1 25
12 14 15
14 15 22
4 6 21
16 20 7
11 13 7
18 21 17
0 3 5
3 4 27
5 7 16
6 7 17
9 10 26
16 17 4
19 20 20
19 21 16
14 16 18
8 10 20
7 10 27
21 0 13
20 2 6
0 2 16
17 20 13
10 11 10
10 13 12
15 14 28
19 22 2
22 2 30
14 14 23
14 17 11
4 5 20
13 15 29
12 13 6
8 9 22
15 19 22
4 7 17
6 8 29
3 5 20
23 2 8
15 18 16
14 17 5
20 22 3
14 17 21
1 2 13
3 5 30
23 0 19
18 18 7
23 1 21
7 11 9
23 0 22
6 8 15
13 17 30
7 10 12
15 17 9
10 11 13
20 22 20
22 0 22
17 19 4
18 18 29
18 20 25
10 13 12
22 23 28
5 8 29
15 15 7
8 13 30
1 3 21
12 16 10
9 10 5
22 23 24
21 0 5
15 17 8
5 6 20
3 5 30
8 10 2
12 13 10
22 1 4
19 20 21
13 15 11
5 8 9
22 0 11
17 19 1
13 15 10
17 19 3
19 22 29
20 20 18
16 21 2
13 15 11
4 7 10
15 14 27
18 21 4
12 15 24
13 13 20
8 10 22
18 19 22
3 2 26
17 20 17
20 19 2
10 12 15
8 11 9
8 10 3
18 20 26
0 2 24
17 20 24
2 3 15
21 22 6
4 7 5
23 1 19
21 21 2
6 7 5
0 1 5
5 8 5
2 3 20
15 17 25
21 21 6
10 11 11
18 21 8
17 20 11
10 12 24
20 22 23
8 11 17
16 18 17
12 14 7
17 19 26
20 21 11
6 9 3
20 23 7
19 20 26
8 8 29
17 20 30
21 23 24
2 2 18
9 10 22
17 17 21
6 7 29
4 6 16
20 20 18
17 19 16
13 17 7
21 23 7
16 18 28
13 15 16
9 9 2
9 10 25
2 4 21
18 20 27
5 5 28
9 11 8
8 11 13
10 10 18
10 12 9
6 7 10
21 23 27
14 15 14
17 18 16
21 0 25
19 20 26
4 6 8
2 5 29
21 0 15
4 6 4
15 17 14
16 20 29
18 20 25
23 1 2
8 8 20
18 22 9
16 18 10
17 18 25
21 22 5
15 17 16
1 2 2
1 3 24
15 17 4
15 18 21
23 1 19
4 6 23
0 0 3
9 9 15
9 12 14
16 18 18
19 21 25
4 5 3
14 17 5
0 2 29
7 8 3
7 9 25
11 12 15
7 10 6
16 19 29
13 13 21
19 22 2
4 4 24
21 1 28
18 21 11
8 9 23
22 23 6
12 14 7
23 2 16
12 13 21
8 10 28
7 9 8
14 15 15
21 22 21
3 5 30
13 15 16
23 0 5
8 10 18
12 15 6
4 4 10
17 19 27
13 14 14
16 18 10
20 21 26
5 7 16
15 16 16
8 9 10
7 9 21
8 11 15
4 6 15
