3640 30
30 22 12 27 11 8 23 6 6 16 16 24 21 18 21 13 20 6 12 4 27 3 13 22 29 28 15 12 16 29 
2 5 30
12 14 23
2 4 12
8 8 4
17 19 12
20 20 24
16 20 17
18 17 23
9 13 16
19 23 16
21 22 15
11 14 8
23 1 14
7 10 9
7 8 29
20 21 12
3 7 28
12 14 2
15 19 10
14 16 23
15 17 19
6 6 27
6 8 15
11 14 27
23 0 4
9 11 11
8 11 19
9 13 12
8 12 24
2 5 30
0 1 14
9 11 25
20 23 7
21 23 12
10 11 29
19 23 24
16 17 19
7 9 29
17 20 11
17 18 28
21 0 25
23 1 4
4 6 28
7 10 28
1 3 25
8 11 21
7 8 13
13 15 22
20 21 10
14 16 3
9 9 14
5 8 20
2 5 26
20 23 18
13 16 13
9 12 29
12 13 2
17 19 21
3 4 15
10 11 20
20 22 26
19 20 26
21 23 17
7 10 5
6 8 28
14 19 8
5 7 14
14 15 19
18 21 25
10 11 1
9 13 24
9 11 1
4 7 21
18 19 6
11 11 4
23 1 30
7 9 5
1 2 10
14 17 7
23 2 15
12 14 9
3 6 7
19 21 8
16 19 21
15 15 8
7 9 18
16 17 26
20 21 21
19 21 14
17 19 24
5 7 13
17 17 23
22 1 23
10 15 19
14 16 19
14 17 8
8 9 8
16 19 1
21 21 6
23 0 12
5 6 12
20 23 3
0 2 1
8 11 8
4 6 11
3 4 11
6 7 14
23 1 4
14 17 24
17 19 22
14 16 23
3 5 2
16 17 26
7 8 19
16 19 24
5 8 30
8 10 24
12 14 25
1 2 18
11 13 16
14 15 3
20 22 18
1 3 24
5 6 20
3 5 19
16 17 5
20 23 15
1 4 12
5 9 6
16 18 27
13 17 6
13 14 17
14 16 16
13 15 7
19 22 6
0 2 16
13 15 28
18 20 14
11 13 13
4 6 24
2 4 14
22 2 15
5 7 23
13 15 16
12 12 9
6 9 22
17 19 29
23 3 26
1 3 3
3 5 8
10 12 6
18 21 1
20 23 15
19 21 20
11 13 22
1 3 17
1 3 23
6 8 1
18 20 3
5 6 10
11 14 9
7 9 22
2 3 26
10 12 5
17 17 17
20 22 19
7 9 27
12 13 16
11 12 28
3 3 11
14 16 29
10 11 10
11 14 9
16 18 3
3 4 18
5 8 12
21 0 21
22 23 19
17 19 4
1 4 22
7 8 7
8 9 24
2 3 18
20 22 21
13 15 29
17 19 27
10 12 4
14 15 21
10 12 5
23 0 21
14 17 4
16 18 27
8 10 26
17 19 10
3 6 5
12 12 11
18 19 12
7 9 17
18 19 25
22 22 30
15 17 9
9 12 15
15 18 27
1 3 11
5 7 7
20 22 10
9 12 25
20 0 16
23 2 1
12 14 25
15 16 13
21 0 5
19 21 11
2 4 4
16 18 8
20 23 1
15 16 20
23 0 17
17 18 17
23 1 18
5 5 2
16 18 4
16 18 13
7 8 13
10 12 24
7 10 20
1 1 1
16 17 9
16 18 4
7 7 10
22 1 17
13 15 22
7 7 25
6 7 9
5 7 18
9 11 11
8 9 5
0 2 26
23 2 30
3 3 21
23 3 1
7 8 9
8 10 30
15 19 19
18 19 28
8 9 21
11 13 25
2 4 8
5 6 17
13 16 27
7 9 7
21 0 21
0 2 16
21 0 26
19 19 16
16 18 19
6 10 13
19 21 30
14 16 17
10 13 17
8 10 5
7 8 9
2 3 7
7 8 26
4 6 5
9 10 18
14 17 12
9 11 22
3 5 1
4 4 13
15 19 20
16 18 19
17 19 14
10 12 8
19 20 23
5 7 2
15 16 30
17 18 10
22 0 15
0 2 23
10 10 22
16 18 27
4 6 19
9 10 28
5 6 30
13 15 2
19 21 27
1 4 16
18 21 27
2 4 19
0 1 23
20 22 24
14 16 19
6 7 16
3 5 1
4 5 26
12 14 14
22 1 21
2 3 8
18 21 20
4 6 11
18 21 17
15 17 20
1 4 2
8 10 2
5 7 24
12 11 13
11 11 24
6 8 18
3 5 2
8 11 4
4 7 9
17 22 23
18 19 6
12 14 29
13 14 26
16 20 24
22 1 29
17 18 22
7 7 2
3 6 4
21 0 11
15 20 5
10 11 22
14 17 12
1 3 10
19 20 18
22 0 11
1 3 28
3 4 7
10 11 14
17 20 27
11 13 5
3 5 9
22 0 17
1 3 4
21 1 1
5 7 30
0 1 25
23 2 15
23 1 3
5 6 22
22 23 13
22 0 20
9 12 28
11 13 2
15 17 1
16 20 26
22 0 23
16 19 16
10 13 17
4 6 16
17 18 9
4 7 18
12 14 22
2 6 29
8 9 18
8 11 28
20 23 12
10 11 25
8 10 8
11 13 16
9 12 4
15 15 4
16 18 26
1 4 30
0 1 3
6 8 16
14 17 22
4 5 28
13 13 24
8 10 23
14 18 5
23 1 22
3 5 3
15 17 22
7 8 25
16 15 19
0 3 19
8 10 23
9 12 7
7 9 4
16 19 12
6 9 13
12 14 4
2 5 29
21 22 4
14 16 10
1 3 15
17 19 26
4 6 27
23 1 17
14 18 14
16 17 30
0 2 14
4 6 6
1 1 8
1 3 20
21 22 7
6 8 28
20 22 3
17 19 5
23 1 27
0 3 22
7 8 17
10 12 8
1 3 30
22 1 16
4 7 15
10 12 10
3 6 22
19 19 5
18 20 27
17 18 13
1 1 25
1 2 29
14 15 8
8 10 15
3 6 5
9 10 27
20 0 19
12 14 20
18 20 21
10 13 3
20 21 7
23 0 1
21 23 3
19 21 23
5 7 17
3 6 5
23 4 23
13 16 5
13 15 16
6 8 27
1 3 5
4 4 20
5 9 28
6 9 21
13 14 17
3 6 20
13 15 19
4 6 18
23 23 18
3 6 21
21 23 27
16 18 24
9 9 10
9 10 8
12 15 23
23 2 2
22 0 12
21 23 11
19 20 28
12 14 20
16 20 27
9 10 19
6 8 10
5 8 11
13 15 22
16 18 12
0 1 9
7 10 14
3 4 4
8 11 15
4 6 6
16 17 10
16 17 26
22 22 13
15 17 20
16 19 22
0 1 16
19 21 25
17 19 18
20 21 1
7 11 25
8 10 29
5 7 6
4 7 14
17 18 10
21 22 11
22 23 17
9 13 21
19 20 28
14 15 18
14 17 27
6 9 22
7 9 26
0 2 29
18 18 17
16 20 12
15 18 27
20 22 5
6 7 6
3 5 14
1 3 29
14 15 17
17 21 8
17 20 7
22 22 16
3 4 17
0 0 20
9 11 30
9 9 24
4 6 5
14 15 30
9 11 18
6 9 30
9 11 30
15 16 6
0 2 11
2 5 7
12 14 3
15 18 23
21 22 8
9 12 6
1 3 12
18 20 29
7 10 17
16 18 11
0 2 24
16 17 24
10 12 6
0 3 17
9 9 7
20 23 22
12 14 30
10 12 25
22 23 18
5 6 19
23 2 16
1 3 22
16 16 20
21 0 8
4 6 13
14 16 24
16 19 16
13 15 16
10 12 29
21 23 3
6 7 16
5 6 25
7 8 27
10 11 15
1 3 20
21 0 4
10 12 12
4 5 2
1 3 22
1 4 27
16 17 23
13 15 15
0 1 1
20 20 6
17 18 5
7 8 2
4 5 28
11 14 26
12 15 24
8 11 6
4 6 16
15 16 14
13 13 15
7 9 12
18 18 22
8 10 14
14 15 10
0 2 18
0 3 5
22 23 18
1 3 17
17 20 1
19 22 14
9 12 13
14 16 13
23 1 26
9 10 16
11 14 10
21 22 19
23 2 1
23 0 28
2 3 3
21 0 17
20 21 19
6 9 27
17 19 3
23 23 8
19 22 3
21 23 22
5 9 11
2 4 7
18 19 26
6 7 14
22 0 26
3 4 9
6 6 13
14 16 2
14 14 20
20 23 27
11 14 14
11 12 8
6 7 16
23 0 19
22 0 23
0 2 23
10 13 5
4 6 1
22 0 18
6 9 3
20 23 16
22 2 29
9 10 27
6 7 4
17 18 13
19 21 20
1 4 27
13 14 16
6 7 21
16 16 21
23 2 23
16 21 26
19 20 28
10 10 28
1 3 22
11 14 12
1 4 6
9 11 3
20 22 6
7 8 19
6 10 9
18 20 29
8 10 28
12 14 28
13 16 20
16 19 3
17 18 17
18 21 13
20 21 18
5 8 8
15 16 24
12 15 1
16 17 20
9 13 13
20 23 12
22 0 18
2 3 13
4 7 22
5 6 30
16 18 1
7 9 29
11 13 7
3 6 5
17 17 17
15 17 23
7 9 24
5 7 11
19 21 28
2 5 17
20 21 29
12 14 21
12 13 14
15 19 14
14 17 19
22 1 8
13 16 8
23 2 1
22 1 24
15 18 3
20 23 23
1 2 4
3 5 14
10 12 13
17 19 6
4 7 20
21 22 1
19 21 24
17 20 12
4 6 21
4 7 30
14 16 5
1 3 4
22 0 27
11 13 22
12 12 17
5 7 27
2 3 22
16 19 27
15 18 21
21 0 25
13 15 26
6 7 14
0 1 23
16 17 30
17 20 23
2 3 5
15 17 19
5 6 3
17 18 10
9 11 24
18 20 26
22 0 19
9 11 4
4 5 24
18 20 7
8 11 24
1 4 12
5 6 17
16 19 8
1 3 14
11 14 20
7 10 20
10 13 18
5 7 25
3 5 4
8 12 24
21 23 27
22 0 4
4 7 23
14 17 9
0 1 21
1 3 26
18 20 16
5 6 19
7 8 16
17 20 15
20 23 24
2 2 24
9 12 2
7 10 11
8 11 23
17 18 21
18 20 6
6 8 20
1 2 4
9 12 22
13 15 5
13 15 11
22 1 15
23 1 3
6 6 6
1 1 2
8 11 7
21 22 20
20 21 17
3 5 6
6 7 8
2 5 25
8 13 11
20 21 23
0 1 29
9 9 24
2 4 13
23 23 26
14 15 7
8 12 1
14 15 17
6 8 11
19 21 30
3 5 7
9 11 15
1 2 2
6 7 22
3 4 15
11 13 19
10 12 15
6 9 10
0 2 24
7 10 6
15 16 3
15 17 10
0 3 8
23 0 29
4 6 11
1 2 13
23 2 19
20 22 19
15 18 20
3 5 22
13 13 24
10 12 18
5 6 3
9 10 27
2 5 12
7 9 7
1 1 9
10 11 16
0 3 15
14 16 15
23 1 12
10 12 23
14 16 14
6 8 8
8 10 11
8 8 4
7 9 26
8 10 26
12 15 11
17 20 5
3 5 15
12 15 12
8 9 5
20 22 23
0 2 21
17 19 14
13 14 21
22 0 30
10 12 10
5 8 2
7 8 1
3 6 5
9 12 28
2 3 4
10 12 1
13 13 16
18 19 7
4 6 15
18 21 1
6 8 16
1 2 19
16 20 28
19 19 14
22 0 23
0 3 26
17 19 22
7 10 1
20 22 29
11 13 6
17 19 27
19 22 19
4 5 16
16 17 15
22 0 27
22 22 12
10 12 16
10 10 7
16 16 14
1 1 22
7 8 17
12 12 25
21 23 23
20 23 20
0 1 15
2 1 3
14 16 8
1 3 6
23 2 24
20 21 15
2 5 23
17 17 25
11 14 21
5 6 9
19 21 26
14 16 27
19 21 3
11 13 13
13 15 21
15 18 9
13 15 8
16 17 7
16 19 14
18 19 5
22 1 9
17 18 16
23 1 8
17 19 25
9 9 24
10 11 27
2 3 11
15 17 15
13 15 8
10 12 25
5 6 4
22 1 21
10 13 27
21 0 28
3 5 22
14 16 29
18 19 22
7 10 26
16 17 2
2 3 20
18 19 10
2 4 27
3 5 14
22 22 27
6 8 10
15 16 5
3 5 5
1 3 24
3 5 27
9 11 29
22 23 19
21 0 3
18 20 4
0 1 9
9 11 29
0 2 27
3 6 13
20 23 17
5 8 9
9 12 19
6 8 18
3 4 16
1 2 2
13 14 13
3 5 1
13 15 10
10 12 13
13 17 14
7 9 29
19 23 29
13 15 28
11 13 22
14 15 8
14 15 22
17 18 27
22 0 13
20 22 27
17 20 2
16 18 15
20 22 29
1 3 20
19 20 17
6 9 22
6 9 12
21 22 14
22 1 17
13 14 24
3 4 15
22 23 9
15 17 5
6 8 28
5 7 18
11 13 21
17 20 17
0 2 4
8 9 23
7 10 27
10 13 13
5 7 17
3 6 1
8 10 24
21 23 9
10 13 23
20 22 29
5 7 6
18 20 14
15 17 6
2 4 16
7 8 4
18 19 26
1 4 15
5 6 13
4 5 8
16 17 23
9 11 25
2 4 28
10 12 10
4 6 11
0 2 5
9 11 21
5 6 5
10 11 28
11 13 11
1 4 12
15 16 7
11 13 27
9 11 2
21 0 23
14 15 22
4 5 22
15 17 5
6 8 17
10 11 6
19 21 30
13 14 17
22 23 24
19 22 12
18 20 25
18 20 4
3 6 11
2 3 19
10 11 9
1 4 7
15 18 9
10 11 5
18 21 26
15 18 19
5 8 14
15 18 29
1 5 17
22 22 24
4 6 15
3 5 30
2 4 9
4 7 16
6 10 5
3 4 29
9 11 7
22 23 15
9 10 25
19 21 17
16 19 2
14 15 9
22 23 10
2 5 26
13 15 25
11 13 5
18 21 22
5 6 1
8 10 12
0 2 5
13 15 4
21 23 18
7 9 21
22 0 7
22 1 9
20 21 9
19 19 28
21 0 25
2 4 9
23 1 23
10 12 7
17 18 6
8 11 14
13 15 23
12 12 9
20 23 10
0 2 16
5 9 17
8 10 6
7 9 5
7 10 19
5 8 6
22 2 11
9 11 2
5 7 17
15 17 22
0 2 25
10 12 13
2 6 17
5 6 21
6 9 26
7 10 24
4 5 1
19 21 26
15 17 17
3 5 16
18 20 13
19 21 9
3 3 4
21 23 4
7 9 21
17 20 24
1 2 10
10 12 15
6 8 21
20 21 3
1 2 30
20 23 3
4 4 13
21 23 6
19 20 30
10 13 15
2 4 3
22 1 9
15 17 7
8 11 8
6 8 28
17 18 20
13 14 19
16 17 8
13 14 20
7 10 12
9 9 28
3 4 30
19 20 2
5 8 7
21 21 18
23 1 7
10 12 12
21 23 8
15 17 16
1 4 10
21 23 4
0 2 25
9 11 7
13 15 7
4 5 5
1 3 24
1 2 21
7 8 22
11 13 1
4 5 11
16 18 20
22 22 28
18 20 30
23 23 12
7 10 14
14 16 28
19 20 1
15 16 23
8 9 5
15 16 28
10 10 4
17 21 7
7 11 4
10 10 12
11 15 3
10 14 14
18 21 11
10 12 6
2 2 14
19 21 1
13 16 2
14 15 24
11 13 27
9 10 9
10 13 16
13 15 19
16 17 8
14 16 10
21 2 27
13 15 13
0 3 28
22 0 16
16 18 29
11 13 1
9 10 23
8 9 17
9 10 17
11 13 11
21 0 3
11 11 5
18 20 20
14 16 24
16 18 7
10 11 22
19 22 25
8 10 13
6 8 5
15 17 20
0 2 30
3 6 26
1 1 27
10 13 11
0 2 23
16 17 21
14 17 1
15 17 6
17 19 8
22 0 16
19 20 28
12 12 17
21 0 27
1 6 7
19 23 8
21 23 14
0 3 14
8 10 20
2 4 11
3 5 6
18 22 5
1 4 26
10 14 24
23 1 18
5 6 18
11 12 25
7 10 24
3 7 11
5 6 13
10 11 25
11 12 25
13 14 20
15 18 27
7 9 4
15 16 28
15 17 3
23 1 27
0 0 5
5 7 21
11 14 9
14 16 10
9 11 17
2 6 8
10 12 8
18 22 2
17 19 6
19 20 25
17 19 2
23 23 2
21 22 26
14 17 12
22 0 14
12 14 10
15 16 6
19 21 13
12 15 5
9 13 25
3 6 9
8 7 1
6 8 3
11 14 15
18 21 18
6 9 11
1 1 2
7 9 9
9 10 1
22 23 25
23 0 10
13 16 13
10 12 26
15 17 20
13 16 12
11 11 25
2 4 12
6 6 11
8 11 6
15 18 1
3 5 8
20 21 14
20 23 27
19 23 8
13 15 21
7 11 7
1 2 22
6 7 30
2 4 15
10 13 2
14 17 5
21 22 27
10 13 2
7 8 27
10 15 17
19 21 6
1 4 15
9 10 24
21 23 24
5 8 8
22 0 27
19 21 14
23 0 4
6 8 5
23 23 26
14 16 6
21 0 29
23 2 3
12 13 3
22 1 27
23 2 17
20 21 28
8 10 15
5 7 10
17 18 29
10 14 9
3 6 30
1 3 25
13 16 8
7 9 20
16 17 15
11 15 13
7 8 25
22 0 25
7 9 9
18 19 15
10 12 10
11 12 21
8 9 3
20 21 28
14 17 1
15 16 15
13 15 21
22 1 11
19 21 29
3 6 2
14 16 22
1 2 6
21 0 20
9 12 11
22 1 5
17 19 21
18 19 28
1 4 7
3 6 19
15 17 14
10 10 26
15 16 12
10 13 1
6 8 15
3 5 29
16 17 6
8 9 8
7 10 27
7 10 8
9 9 1
2 4 14
15 18 4
12 15 26
16 16 18
12 14 20
0 2 20
9 11 20
11 13 9
7 9 9
18 21 24
1 3 5
4 6 20
21 23 14
13 17 3
9 13 9
11 13 13
0 3 5
8 9 13
8 10 27
9 11 9
3 5 6
13 15 2
21 23 3
21 23 30
8 10 7
20 22 28
18 20 16
2 3 24
15 16 17
13 14 13
9 10 28
1 2 11
20 21 12
17 19 25
19 20 19
12 13 16
20 23 15
0 1 19
17 19 28
9 9 13
3 4 3
21 23 28
19 20 25
15 17 14
21 0 16
2 4 13
17 20 17
10 13 14
3 5 24
8 9 13
10 13 21
17 21 8
3 7 4
23 0 7
16 19 1
0 1 29
10 15 13
1 5 4
18 20 3
11 12 27
4 7 2
10 13 15
20 20 1
8 11 26
2 4 5
12 15 26
5 7 16
13 16 17
17 19 22
17 19 7
11 12 4
13 15 24
4 5 22
6 7 13
10 11 6
16 17 28
23 1 11
0 4 11
22 23 30
21 21 6
12 14 19
0 3 15
10 11 2
11 12 11
11 11 30
0 2 27
16 19 5
10 11 29
19 22 6
11 12 2
1 4 7
16 19 2
16 18 19
18 22 11
0 1 8
14 16 16
9 10 3
3 6 2
4 7 20
18 19 4
4 8 25
12 13 16
23 1 22
23 1 1
12 13 28
21 23 13
20 22 27
18 19 18
13 15 20
12 15 6
12 14 14
16 16 8
8 10 14
12 12 1
12 15 29
17 21 2
19 20 17
23 0 12
19 21 16
4 5 15
10 12 5
3 5 18
11 11 5
14 16 13
6 7 1
5 8 14
19 20 17
9 12 23
14 15 10
4 6 27
5 7 1
4 7 24
9 11 25
12 14 18
13 16 23
2 4 18
11 13 22
18 20 11
19 20 28
15 17 9
18 23 10
16 18 14
3 4 4
2 5 29
7 8 5
3 5 25
1 3 27
4 8 8
23 2 4
2 4 12
21 23 17
3 4 9
1 3 13
17 18 4
13 15 22
19 21 20
6 8 25
14 17 8
3 6 15
15 18 23
9 11 18
7 9 10
6 8 7
0 2 5
2 4 16
23 1 7
0 2 5
15 17 19
15 16 17
10 13 12
21 1 1
21 0 20
9 10 21
7 8 8
22 0 14
2 6 22
22 22 23
0 3 21
23 3 8
3 4 19
18 18 12
23 1 16
10 11 10
0 2 26
10 13 17
13 15 17
0 2 16
18 21 14
18 18 4
11 13 18
1 4 22
6 10 4
14 14 27
14 17 1
20 23 5
5 7 12
22 0 22
19 20 29
20 21 11
10 12 16
22 1 8
5 7 9
1 3 16
0 1 12
1 2 28
6 7 28
20 22 26
12 13 27
16 19 25
9 12 18
1 3 5
14 16 8
5 5 28
9 11 17
3 5 5
19 22 9
2 4 7
14 15 21
16 17 27
2 3 17
18 20 9
16 19 23
5 8 24
4 5 12
1 4 8
9 11 22
8 10 18
17 17 25
7 6 14
18 19 12
3 7 23
9 12 20
1 4 18
2 5 8
22 23 8
0 2 6
16 18 30
9 11 1
15 16 29
14 17 5
4 7 7
20 21 22
9 10 12
10 13 14
7 10 2
21 23 25
3 5 28
0 2 4
13 14 17
21 22 14
20 22 2
9 9 30
5 5 16
23 1 27
13 15 5
16 20 15
4 6 4
2 5 18
4 4 9
6 7 20
1 4 14
23 1 13
7 8 24
10 13 23
4 4 21
8 9 12
4 6 16
11 13 19
11 12 10
5 8 23
23 2 25
22 1 24
21 0 8
0 1 11
9 10 26
4 8 28
13 16 13
1 5 14
7 7 26
1 2 22
9 11 23
13 15 8
22 1 21
17 20 19
2 5 10
2 4 22
20 22 8
7 10 29
21 23 21
6 8 22
4 6 29
23 1 30
12 14 4
3 4 22
12 16 1
17 19 13
3 4 10
16 20 25
12 14 12
2 3 14
18 20 27
17 19 15
10 11 16
3 7 28
18 20 7
4 7 10
11 14 29
17 20 11
1 4 13
21 0 1
2 4 19
7 10 11
6 7 23
19 21 3
23 3 17
3 4 17
12 15 29
17 20 10
14 16 21
11 14 16
1 2 18
12 12 18
19 23 3
10 9 22
23 1 19
18 22 23
8 12 10
22 0 13
21 23 19
14 17 20
18 20 19
20 22 17
19 21 22
23 2 14
10 12 30
9 11 12
12 12 7
22 23 30
3 6 23
1 3 2
22 23 17
18 19 7
17 22 25
13 16 14
19 23 12
13 14 18
10 13 4
21 22 28
22 23 5
15 16 21
10 11 24
4 5 23
16 20 3
8 11 23
16 19 1
17 19 11
3 3 21
2 4 15
22 1 22
13 15 16
7 7 16
6 10 17
5 6 18
1 4 9
4 6 24
22 23 5
1 1 1
21 23 14
17 19 2
9 11 18
4 6 24
22 0 27
16 20 24
8 10 29
21 0 8
1 3 10
0 1 17
5 7 20
8 10 18
8 11 2
23 1 5
9 12 1
4 5 8
13 16 8
22 1 15
9 11 25
2 4 7
7 10 7
23 1 7
17 18 21
8 11 14
23 3 7
7 9 15
5 6 14
4 6 23
11 13 18
15 17 16
3 4 27
0 3 25
7 10 6
19 20 12
10 13 2
1 3 21
20 23 20
14 15 25
10 11 27
13 15 26
8 10 26
21 23 6
21 0 18
6 7 29
20 22 19
12 14 25
22 1 15
8 10 25
18 20 7
13 17 8
20 23 19
4 7 13
21 0 26
19 21 1
1 3 6
2 4 2
7 9 14
12 13 18
2 5 8
16 16 11
6 8 5
20 23 2
9 11 8
5 8 2
11 13 22
11 13 28
2 2 8
6 7 6
12 13 22
16 17 14
13 17 8
0 2 25
22 0 11
12 14 26
7 10 14
11 14 30
11 11 22
13 14 26
10 13 22
10 12 1
8 9 22
18 18 12
4 5 2
10 12 4
19 19 12
0 5 25
7 9 10
6 8 29
0 3 28
18 20 21
2 4 15
21 23 17
4 5 23
19 20 2
6 8 6
0 4 11
20 23 28
9 9 6
18 21 11
10 13 11
12 13 27
18 21 10
9 12 26
14 17 17
15 18 27
9 13 14
3 3 30
5 7 15
10 13 14
15 19 30
13 14 17
17 20 19
23 2 9
7 9 18
18 20 24
4 7 28
4 8 2
1 4 22
0 1 22
20 23 26
16 18 3
12 16 30
5 7 12
12 14 15
9 10 14
3 5 10
5 8 12
2 5 12
12 12 15
13 15 26
10 12 15
1 3 15
1 2 11
5 8 3
7 8 1
9 11 17
12 14 14
17 19 29
15 19 10
6 8 15
16 18 3
3 4 10
17 17 1
0 1 3
10 11 10
13 15 12
8 10 7
17 19 30
0 1 3
22 23 19
16 18 29
15 17 21
6 9 24
19 21 1
1 3 6
11 14 16
15 17 28
3 4 21
22 1 4
11 14 19
21 0 16
2 5 29
5 6 27
20 22 26
8 9 23
2 4 20
20 23 14
9 10 12
17 20 19
9 11 9
22 1 4
18 19 13
6 8 8
18 21 16
10 13 4
5 7 10
11 15 25
20 20 28
5 7 8
9 11 13
2 4 7
21 23 19
6 6 9
17 18 22
15 17 11
13 14 13
12 13 3
7 11 29
5 6 12
9 12 7
17 20 2
1 4 1
19 20 3
10 13 27
1 2 29
16 17 8
3 5 24
12 14 10
5 6 21
19 20 4
3 4 5
19 21 21
7 9 25
3 7 28
7 9 30
21 23 22
18 20 9
18 22 7
16 20 7
21 23 2
13 18 8
17 20 19
22 22 13
15 18 9
6 6 9
0 3 11
7 8 22
14 17 16
4 7 19
19 21 17
0 2 7
3 5 24
2 5 13
14 17 25
10 12 7
7 9 25
10 13 26
8 10 17
10 13 2
16 19 30
5 8 30
4 5 8
18 19 8
0 1 29
12 13 24
14 17 17
10 11 2
8 10 10
23 23 15
5 6 27
3 5 20
10 12 19
10 10 21
20 21 24
5 6 11
10 13 20
18 21 1
6 8 13
2 4 24
4 6 30
10 12 12
1 2 4
22 0 1
13 15 30
17 20 20
0 2 29
7 10 8
9 10 18
11 14 6
12 14 23
18 21 10
2 5 3
22 0 20
2 5 1
1 4 2
4 4 29
8 9 4
19 23 7
14 16 12
19 21 1
8 8 5
21 1 28
9 11 15
9 11 9
18 20 24
15 17 21
11 14 17
3 7 24
5 8 2
23 3 23
12 12 21
0 1 13
12 16 5
8 11 7
15 17 30
16 18 11
23 23 9
4 6 23
16 19 19
1 2 24
9 11 6
9 11 18
14 15 10
12 14 13
21 1 1
2 3 17
6 8 5
8 11 16
6 9 13
8 9 29
16 19 29
14 16 10
14 16 9
20 23 29
20 22 11
6 8 2
17 18 20
19 20 20
9 11 5
0 3 4
5 7 6
7 10 8
16 20 18
18 19 28
9 11 3
14 17 21
7 9 15
10 11 8
6 8 8
17 19 23
2 4 21
9 11 16
0 1 12
19 22 30
9 10 13
20 22 19
9 11 5
6 8 2
14 16 8
22 22 21
23 1 29
5 8 5
10 11 27
20 23 18
6 7 15
12 15 19
10 12 27
2 4 26
4 4 16
18 20 15
17 21 14
15 15 16
12 15 20
9 12 12
7 10 18
4 5 15
7 9 12
21 0 25
18 21 1
0 4 27
7 10 21
12 15 22
7 10 10
9 10 21
11 13 2
0 4 11
5 6 12
15 19 1
6 9 26
20 21 28
8 10 3
19 21 23
22 1 1
0 2 11
17 19 5
23 1 5
22 22 15
8 10 19
14 16 21
3 8 12
11 14 15
12 15 20
5 8 18
19 20 14
20 22 25
5 6 25
5 6 30
1 3 2
10 13 7
21 22 14
23 0 3
9 11 9
8 9 17
18 21 29
22 2 12
22 0 4
4 6 5
18 21 25
12 13 30
1 2 30
7 9 7
11 13 17
18 19 11
16 18 23
12 14 9
3 4 28
7 8 11
0 1 1
1 1 4
10 13 12
8 10 30
3 5 27
9 10 21
22 1 7
15 17 12
2 4 9
18 20 29
12 15 14
19 22 27
19 21 17
20 21 4
23 0 10
18 20 30
21 0 23
5 7 20
16 20 13
10 12 7
4 7 18
10 14 26
13 17 23
17 18 6
13 16 27
21 22 29
15 16 9
16 18 3
11 13 23
21 22 9
4 7 19
12 14 27
21 23 17
18 21 8
8 10 16
6 9 3
23 0 26
14 15 9
20 21 13
14 16 17
16 18 30
8 10 17
20 22 26
11 14 12
23 2 8
23 1 14
7 9 22
1 3 5
22 0 27
16 17 30
7 11 14
23 1 8
23 2 21
21 23 22
7 9 18
9 10 20
20 1 5
0 2 12
19 21 30
22 1 24
15 18 3
20 21 28
7 9 24
22 0 21
7 9 21
1 2 10
17 20 12
5 6 29
14 17 29
22 23 25
23 2 22
10 12 30
13 14 12
9 10 21
6 8 16
15 16 8
16 17 4
23 0 1
10 13 25
10 13 12
1 1 27
23 3 20
3 5 25
6 7 22
2 4 3
2 4 15
7 10 17
23 3 23
9 10 23
5 6 2
18 21 18
14 15 6
18 20 18
8 10 20
18 19 15
11 13 26
9 11 17
22 23 11
18 21 29
5 8 19
19 21 24
7 10 25
18 19 13
9 11 26
5 7 29
13 15 27
6 5 9
10 12 7
4 7 25
17 19 4
10 10 28
16 19 18
12 16 8
20 23 3
10 11 2
10 12 20
5 6 27
21 22 7
13 14 12
21 23 18
0 0 22
3 4 1
4 6 2
18 19 3
3 5 26
6 7 8
2 2 8
8 9 27
21 1 27
9 12 11
15 17 7
8 10 24
19 22 4
16 19 18
19 22 22
1 1 3
18 19 18
10 13 10
6 8 20
7 8 29
4 5 14
3 4 1
22 1 7
13 14 27
22 22 27
5 6 15
0 2 14
9 10 23
4 7 14
6 7 30
11 15 1
13 18 9
10 12 5
0 4 23
22 23 12
11 12 8
2 4 9
3 6 22
1 4 19
1 3 1
0 1 24
2 5 13
17 17 8
23 23 29
2 3 5
22 1 22
18 21 9
12 13 14
4 6 12
21 23 30
7 10 12
3 3 4
9 11 9
0 4 1
9 11 2
1 2 23
6 9 10
21 1 16
18 21 12
21 1 3
12 16 5
16 16 26
18 20 13
3 4 20
0 2 14
21 1 17
12 13 16
21 1 11
5 7 18
23 0 13
5 7 10
2 5 16
19 22 30
20 21 15
8 9 10
20 22 18
1 5 17
18 20 14
19 22 15
19 21 30
2 5 8
15 17 23
1 3 15
12 16 19
11 14 27
22 23 23
20 21 15
18 19 10
20 22 2
10 14 29
1 3 3
9 11 18
4 6 22
21 22 10
17 18 20
23 1 19
14 17 15
12 15 3
19 23 12
15 18 18
20 22 10
18 20 14
0 3 24
18 21 23
18 21 29
7 7 30
8 10 20
0 3 13
1 3 8
20 22 11
14 16 16
21 21 18
1 3 27
16 16 14
16 20 18
5 7 18
12 13 15
2 3 26
9 11 9
6 8 1
20 20 28
3 6 16
7 8 16
1 4 4
3 5 20
7 9 25
14 16 17
4 6 3
0 2 10
16 18 16
8 11 15
20 22 10
10 12 5
23 1 27
0 3 30
6 9 13
19 23 10
12 14 23
6 8 10
11 14 17
14 17 6
8 11 2
15 18 6
19 23 18
0 4 30
7 8 14
22 1 19
4 6 24
3 5 9
8 12 8
1 2 29
4 5 19
19 21 17
10 12 26
12 12 28
22 0 2
15 15 9
14 16 3
16 17 21
17 19 7
17 21 11
18 19 11
11 12 9
0 2 26
18 19 10
20 23 9
14 19 2
5 6 14
20 23 14
16 18 7
1 3 13
0 1 11
15 19 22
4 6 20
5 6 16
20 23 7
11 14 14
19 22 7
8 12 2
8 13 17
0 5 11
17 20 13
13 15 13
23 0 17
6 10 14
14 14 11
8 10 8
22 0 6
4 7 15
5 6 2
21 23 1
23 0 3
17 20 1
2 5 3
2 2 4
10 13 30
3 4 10
12 13 10
21 0 16
4 9 5
23 1 28
21 2 13
9 10 4
2 6 29
22 23 17
7 9 4
7 9 20
23 3 13
13 15 14
13 13 3
3 5 20
6 8 4
14 16 22
23 3 13
19 22 12
5 6 3
7 9 26
13 16 22
4 6 2
15 18 5
8 9 11
1 4 24
21 23 22
22 23 5
0 2 4
18 19 24
8 11 27
20 21 24
15 18 7
15 18 3
23 3 20
19 20 15
13 16 23
20 20 27
18 19 10
4 5 28
17 17 15
7 11 20
21 21 30
20 20 18
4 5 9
17 20 28
9 9 29
11 13 8
15 16 29
5 8 25
21 0 9
7 9 9
20 22 11
8 10 30
4 6 17
19 21 16
14 15 9
19 20 11
20 21 12
5 7 12
17 19 2
2 5 21
23 2 22
14 15 20
4 7 21
4 6 1
9 10 25
3 4 3
10 12 2
11 13 24
19 20 21
22 2 23
19 22 17
2 4 26
5 9 14
18 19 12
14 15 8
6 8 9
23 2 11
14 17 8
4 7 23
20 22 6
2 3 15
18 18 6
6 8 3
1 4 25
15 18 22
11 12 18
8 11 18
17 19 12
18 22 25
14 17 18
4 6 27
22 1 23
20 23 16
8 10 26
15 17 23
8 11 19
23 23 23
15 18 13
4 5 18
20 21 18
17 18 18
6 9 18
6 8 29
2 4 11
15 17 18
15 16 26
15 17 19
11 14 10
11 14 12
13 16 15
11 13 13
8 10 12
10 11 6
14 16 11
1 4 17
7 8 20
10 12 14
21 21 9
15 17 13
1 4 26
9 11 24
19 23 15
13 15 4
16 19 1
2 6 15
15 17 18
20 21 10
12 14 13
2 4 19
1 2 10
3 4 17
11 15 29
6 8 18
2 3 14
17 20 9
19 21 1
1 3 11
21 22 6
7 10 27
6 8 18
21 0 13
13 15 20
1 2 8
9 12 26
8 9 28
4 5 16
17 18 30
6 8 24
6 8 4
2 5 11
2 5 3
1 2 10
1 4 18
8 10 27
22 2 6
16 19 21
3 7 27
10 14 23
18 21 21
18 21 2
4 7 6
16 18 9
9 9 11
21 21 26
20 22 30
1 2 17
18 22 5
1 2 24
17 19 20
7 10 8
18 19 21
21 21 9
2 5 4
11 13 1
18 21 3
9 12 19
7 11 30
17 20 7
15 17 2
12 14 4
8 10 24
2 3 15
4 7 6
13 14 16
15 16 29
13 14 4
19 20 21
15 17 2
12 15 9
3 5 24
7 9 16
19 19 15
20 22 26
16 19 21
6 11 19
1 4 23
18 20 25
1 3 4
2 6 13
7 8 30
12 15 18
17 18 28
3 6 17
13 15 17
15 18 14
16 18 4
5 6 17
23 1 22
11 13 27
18 20 30
8 11 12
15 18 12
17 19 17
12 15 2
18 19 5
6 7 19
22 23 17
21 22 9
0 2 16
4 4 2
6 7 23
20 22 4
12 14 16
9 10 15
8 8 1
15 16 27
5 6 30
11 14 20
4 6 13
1 3 15
16 18 21
0 2 2
0 2 2
18 20 18
9 11 10
4 6 11
15 17 19
10 12 13
11 13 25
2 3 10
0 0 9
8 9 9
1 3 26
21 22 25
2 4 17
18 21 16
3 4 11
11 12 16
10 10 19
7 7 22
11 14 4
6 7 16
6 7 23
6 7 18
18 18 10
15 17 24
2 3 3
14 16 5
9 10 25
21 21 14
18 20 13
22 23 24
18 21 2
0 4 30
13 16 2
20 0 1
23 2 30
9 11 25
3 4 9
12 15 22
8 9 19
7 11 20
18 19 1
16 19 16
19 20 20
22 0 29
14 18 27
23 1 21
0 2 18
8 10 9
22 23 25
0 0 16
9 11 28
8 10 4
9 12 15
10 13 13
16 18 24
20 21 18
6 9 17
20 23 29
19 23 7
22 0 9
7 8 29
17 17 16
1 3 10
0 1 2
19 20 1
22 0 15
1 4 20
8 10 28
12 15 23
3 3 26
23 0 28
8 11 2
16 19 22
23 1 21
9 12 8
18 20 19
23 0 21
7 8 24
18 20 27
18 20 3
20 22 13
13 15 21
2 3 8
0 2 16
7 8 17
10 13 1
11 12 3
18 21 22
15 17 12
15 19 26
5 8 16
23 23 27
22 1 20
7 8 24
9 10 3
17 18 17
8 9 9
21 23 7
6 8 5
20 23 8
14 17 23
12 14 23
18 21 17
9 12 12
1 2 7
10 12 10
5 7 29
0 2 26
7 10 29
9 10 7
10 11 19
9 12 22
20 22 9
23 0 24
21 0 21
18 21 29
10 11 4
5 6 19
21 23 8
12 14 11
20 22 26
14 16 16
12 16 18
6 7 1
23 0 27
23 1 25
3 5 17
8 10 11
5 6 10
11 13 27
16 19 2
12 15 10
16 18 19
22 1 3
3 6 17
10 11 12
9 12 1
17 20 19
18 22 8
5 8 23
16 18 6
15 18 16
10 11 12
11 14 30
23 2 28
18 20 7
15 18 27
10 12 26
3 3 25
5 8 19
16 19 18
1 4 14
15 17 25
10 12 30
13 14 10
16 18 10
9 11 9
19 20 17
20 22 2
11 13 14
12 14 12
16 18 9
7 10 24
23 3 11
5 7 19
1 2 28
21 0 26
19 21 22
20 22 8
15 18 30
20 22 29
9 11 25
7 10 21
19 22 11
7 9 26
14 16 9
13 16 14
2 6 5
16 19 16
10 12 14
16 17 28
23 1 12
1 3 28
4 6 28
10 11 28
18 19 11
4 6 29
10 12 3
12 14 11
17 19 24
3 4 17
4 5 4
7 11 24
10 12 8
8 10 21
4 8 20
16 19 12
12 14 12
4 6 27
8 11 6
20 21 9
0 2 10
19 20 30
3 5 13
17 17 27
12 13 1
16 18 12
2 5 15
15 18 10
18 21 16
8 9 3
15 18 8
6 8 15
21 22 27
0 1 17
15 17 25
15 17 19
13 16 21
16 18 6
18 19 29
18 20 2
12 14 12
6 10 16
18 20 20
13 14 1
5 5 25
12 13 6
5 7 25
16 19 24
10 13 22
5 8 19
20 20 4
5 7 5
0 2 14
8 10 22
5 7 12
7 10 21
22 2 19
16 19 29
0 1 17
7 10 25
14 16 10
3 6 3
14 15 8
23 1 21
22 23 21
15 17 12
0 2 21
12 15 30
7 9 3
15 17 30
13 14 29
13 15 11
1 2 19
1 3 9
13 15 10
23 1 1
20 20 13
14 16 5
18 20 12
8 10 28
12 16 26
3 5 1
5 8 30
2 6 1
23 23 23
17 18 22
1 4 8
22 1 16
5 8 13
8 10 6
10 12 13
0 2 22
10 13 19
14 14 6
18 18 25
1 2 24
9 11 17
12 15 16
7 10 12
13 14 17
19 21 1
23 0 28
1 3 15
7 8 24
5 6 2
8 10 21
8 9 3
19 20 27
5 7 23
12 14 5
10 12 18
17 19 15
22 0 13
18 20 7
5 7 9
14 15 8
21 23 7
2 4 22
3 4 25
16 18 19
20 22 4
18 20 7
3 5 30
12 13 24
18 22 10
23 1 10
2 6 13
3 6 10
1 3 27
20 21 6
0 3 17
10 12 13
14 16 16
10 13 5
20 0 28
19 21 11
19 21 26
6 9 23
21 0 19
9 11 24
10 12 15
5 7 20
2 3 8
12 14 17
4 4 13
19 21 29
4 6 14
16 19 4
16 17 27
19 22 10
9 11 25
15 18 11
10 13 10
11 12 3
18 19 30
19 20 2
11 13 16
9 10 18
17 18 1
10 12 8
19 22 1
14 16 11
5 6 3
11 12 18
13 15 4
7 8 9
22 0 9
23 2 27
0 -1 28
15 17 23
7 9 16
5 7 5
11 12 23
22 23 1
13 14 7
22 0 29
14 14 21
9 11 28
17 18 15
2 5 10
13 15 16
7 9 5
3 4 19
21 22 18
5 6 14
8 11 3
7 8 23
19 21 15
4 6 16
20 22 15
13 14 26
23 2 22
10 12 19
2 4 13
19 22 23
7 11 21
2 3 5
0 2 4
23 1 4
10 12 14
8 8 24
2 5 20
11 13 22
14 17 12
20 21 28
15 19 10
22 23 26
18 20 18
3 6 17
4 7 12
22 1 17
23 1 23
8 9 29
8 11 28
14 14 10
0 2 17
14 16 21
21 23 17
14 17 3
5 8 12
2 4 19
16 18 12
21 23 1
21 0 26
14 16 23
21 1 23
1 3 1
18 21 16
8 9 2
12 13 11
16 19 18
8 11 22
18 22 10
13 15 7
1 3 2
20 22 30
0 1 14
23 1 20
23 1 30
12 16 3
21 23 6
22 0 3
2 4 19
1 1 19
21 1 30
1 4 8
3 5 13
11 13 16
14 16 8
11 12 11
3 5 30
15 18 12
17 20 9
21 23 1
3 5 3
20 22 2
22 0 10
8 11 16
18 19 1
20 0 21
15 16 17
6 8 8
5 6 13
1 4 27
7 10 27
4 5 18
13 16 8
17 21 9
20 21 17
7 9 10
5 8 10
3 6 23
4 5 4
19 21 30
0 0 8
15 16 15
8 8 14
23 1 1
12 14 8
9 12 18
8 10 29
13 14 13
19 21 11
9 10 3
8 10 20
18 20 30
23 2 22
9 11 2
3 5 1
14 16 18
6 9 28
8 10 13
21 23 30
22 1 13
17 19 27
5 8 28
18 18 5
12 15 30
7 10 14
21 21 15
7 8 23
12 12 29
1 3 18
22 1 22
21 23 25
8 11 27
13 16 19
23 1 11
8 12 25
13 16 19
13 16 24
12 13 24
13 15 24
5 7 1
15 18 8
2 3 1
9 11 2
2 5 25
21 23 5
2 5 5
7 8 23
5 8 22
10 10 8
17 19 17
17 19 16
4 5 6
0 3 1
3 6 26
15 17 26
14 16 28
2 4 4
0 -1 13
19 21 16
14 15 27
9 11 17
23 1 21
14 16 5
21 22 15
9 11 3
10 11 22
13 14 15
7 8 27
22 0 5
7 10 14
8 11 14
19 20 29
22 1 2
15 17 8
7 8 26
12 14 19
23 3 6
9 11 29
10 11 13
15 17 7
5 7 26
23 2 2
5 8 26
2 4 29
14 16 16
22 0 2
9 12 14
19 20 10
7 9 4
14 16 27
15 17 27
16 19 17
16 18 25
15 16 18
2 4 8
23 2 14
3 4 25
12 15 16
19 20 18
0 4 7
22 1 23
11 15 29
4 6 28
1 3 2
9 13 29
5 7 3
10 12 29
20 22 27
22 0 1
18 20 21
19 23 21
5 8 18
19 22 28
8 10 16
10 12 6
11 13 15
16 20 7
6 7 17
14 16 26
1 4 20
10 12 10
10 11 16
16 17 19
3 5 3
19 20 24
2 4 27
11 14 21
14 16 7
9 12 11
14 15 21
15 17 25
19 21 13
23 0 21
19 21 11
12 14 29
23 23 9
20 23 12
17 19 3
7 8 27
5 7 12
12 12 30
14 16 22
20 21 16
8 10 13
14 15 10
8 12 11
23 23 12
12 13 24
3 4 1
0 -1 29
15 16 28
18 20 15
13 17 20
23 2 18
15 17 21
19 23 18
2 5 13
13 17 6
13 16 1
23 0 7
18 19 8
18 20 16
17 20 25
1 3 14
1 2 18
8 8 17
4 7 4
6 8 13
16 18 26
5 6 6
21 21 16
12 14 23
13 16 12
6 8 19
7 8 2
17 19 25
12 15 19
3 6 13
6 8 3
12 13 10
3 4 5
1 4 14
4 7 11
8 9 9
3 7 7
12 14 20
15 16 2
23 0 14
18 21 18
2 5 23
22 0 26
11 11 14
11 15 8
16 19 13
16 19 18
13 15 1
1 3 27
23 1 16
7 9 15
8 10 23
6 10 26
4 5 21
17 21 2
11 11 10
9 11 6
5 6 29
9 10 28
3 3 16
20 0 3
13 15 11
23 1 20
12 13 16
16 18 10
2 4 25
3 4 22
23 0 2
22 0 21
16 17 11
1 4 21
6 8 21
0 2 13
19 20 14
2 4 16
10 11 8
8 12 1
1 2 6
9 10 29
17 18 25
23 0 28
16 17 24
22 23 23
14 16 17
15 18 28
0 2 26
1 4 23
4 5 16
17 19 6
21 23 3
7 11 7
17 18 11
0 0 28
20 22 12
20 22 27
6 7 26
9 9 19
13 15 2
4 6 5
20 22 26
15 17 5
21 23 29
23 0 23
21 1 4
19 20 21
4 6 6
14 15 29
16 18 27
16 17 24
18 20 9
10 13 26
21 0 3
9 10 15
8 10 24
3 4 22
13 15 17
16 16 19
6 8 12
12 14 13
9 10 7
11 14 26
3 4 20
8 10 16
4 8 5
13 15 16
14 17 10
9 11 29
1 1 15
3 4 8
6 8 13
3 5 16
8 9 17
14 16 9
2 4 11
8 11 29
9 11 20
20 22 2
13 15 11
0 2 25
21 0 18
20 21 2
15 16 21
9 10 3
14 17 19
13 13 30
6 9 10
11 12 24
4 4 3
5 5 1
19 22 5
23 1 9
7 10 20
17 19 21
2 4 6
22 1 20
4 5 12
2 4 4
2 3 6
18 21 29
5 8 2
11 13 24
9 12 15
4 6 10
1 4 13
5 5 25
0 2 15
3 6 20
15 18 19
13 15 20
15 17 3
5 6 17
9 11 15
3 7 15
1 3 7
6 7 1
19 20 21
5 7 21
17 18 8
20 22 1
13 14 21
21 0 27
6 8 28
3 6 16
2 7 18
12 12 1
13 13 14
5 8 8
5 6 13
17 18 10
22 0 8
17 19 14
15 16 4
17 18 2
10 11 25
2 4 14
23 2 11
5 9 26
2 3 1
12 13 29
18 20 14
19 22 28
0 0 10
12 15 27
12 15 21
9 11 27
0 3 15
20 22 5
18 20 29
17 21 1
10 11 16
0 3 13
4 6 17
5 6 11
1 3 28
4 5 21
21 0 26
15 17 21
14 16 27
2 4 16
8 9 3
17 18 21
10 13 8
6 8 27
20 0 7
11 13 14
18 20 5
17 19 4
1 3 24
11 13 30
0 1 14
19 21 26
2 4 4
0 1 25
3 5 25
2 5 25
4 9 10
2 5 28
6 9 19
3 6 7
1 4 11
23 2 15
21 0 20
15 16 4
7 7 4
9 12 20
17 20 15
20 23 27
0 2 16
21 22 7
2 5 24
18 19 19
22 23 14
9 13 5
0 2 6
22 0 8
0 2 5
8 9 29
7 10 9
18 20 29
18 20 20
23 1 30
6 8 27
22 2 21
20 22 16
22 21 17
8 9 22
3 6 25
5 6 16
14 16 6
4 5 30
0 1 10
22 0 27
8 10 16
4 6 4
5 7 21
16 16 22
14 15 14
17 19 21
6 8 14
7 10 28
6 8 23
19 22 6
0 2 24
7 8 14
3 5 2
9 10 20
16 18 28
10 11 3
21 23 29
16 18 5
15 17 8
6 8 17
10 11 10
23 1 29
20 22 10
10 12 30
19 22 1
0 3 22
11 13 10
23 0 26
16 16 5
9 11 18
10 10 25
21 1 13
6 6 22
13 13 9
9 12 20
14 17 26
22 0 6
2 4 30
12 15 27
1 3 7
23 1 14
16 17 28
20 23 28
14 16 3
15 18 24
6 9 21
3 5 1
20 22 20
14 16 11
4 5 9
12 15 20
15 17 3
12 15 28
23 1 26
0 0 25
20 22 19
4 5 25
21 22 4
23 1 7
19 21 21
14 16 27
20 22 20
23 0 8
15 16 19
21 0 27
19 20 14
21 23 17
7 9 6
3 6 27
18 20 25
23 1 26
3 5 5
16 17 14
11 15 6
12 13 14
7 9 3
19 21 1
12 15 19
15 18 15
6 7 18
17 20 15
17 19 26
21 0 5
8 9 23
7 8 11
8 10 18
0 2 1
1 1 18
0 2 26
4 5 23
1 2 21
11 13 15
11 12 30
22 23 2
18 19 14
22 22 1
13 15 12
9 11 9
4 6 17
21 23 26
9 11 15
9 10 17
22 0 1
20 23 18
2 6 10
11 15 22
16 20 7
20 22 2
20 21 12
10 12 11
11 12 29
18 18 10
7 10 22
6 9 2
9 11 9
21 22 14
20 22 29
18 18 25
8 10 11
16 18 30
6 7 13
16 17 5
7 9 11
10 13 29
22 0 12
13 16 16
14 16 29
20 22 27
17 19 21
21 23 28
11 13 16
13 15 26
11 12 3
14 15 15
11 13 29
7 9 26
18 19 6
5 8 26
16 17 12
14 15 4
13 14 19
0 2 1
16 18 25
0 3 20
1 3 28
2 5 5
16 17 13
23 0 21
17 19 7
1 1 23
7 9 14
7 9 3
13 15 2
11 13 24
2 6 24
8 11 3
6 7 27
