3750 30
12 16 30 7 21 14 6 6 12 11 2 30 30 13 2 5 12 16 8 6 28 5 22 22 6 30 26 4 9 15 
19 21 5
4 7 4
14 17 12
11 12 13
3 4 23
10 12 7
18 20 18
14 16 9
3 5 18
11 15 15
10 12 19
20 23 23
8 9 7
15 16 22
9 11 9
15 16 28
11 12 30
5 9 8
14 18 27
9 12 22
0 1 9
18 20 2
10 12 26
13 15 26
8 11 20
3 4 23
23 1 18
5 8 9
16 18 4
11 15 15
3 5 17
3 4 30
13 15 26
4 7 15
7 8 19
6 10 13
10 11 25
20 22 25
22 1 6
7 11 2
22 0 30
0 2 9
6 8 22
11 15 30
23 0 5
13 16 21
0 3 6
17 18 17
0 1 25
0 3 5
8 11 7
9 11 30
20 0 18
16 18 29
11 13 23
1 3 22
17 19 10
21 22 11
11 13 2
15 17 30
2 3 21
20 22 11
7 10 11
8 11 17
14 15 1
1 2 14
6 8 15
17 18 6
22 22 18
18 20 30
7 7 20
10 13 8
11 12 17
11 14 15
12 12 14
22 0 29
3 6 22
9 10 5
7 9 29
17 19 5
3 6 10
14 15 6
9 13 21
5 8 18
21 22 20
14 16 18
11 14 20
15 18 14
20 22 30
17 18 24
9 12 30
20 22 13
6 8 23
21 23 1
16 18 12
0 2 7
21 0 25
11 13 29
15 16 2
9 11 25
11 12 22
23 1 7
18 20 22
15 17 8
0 2 29
22 0 15
17 18 8
11 14 27
23 2 11
4 6 27
13 14 21
17 19 14
18 19 28
7 9 18
12 15 13
20 0 24
16 18 26
19 23 12
22 23 10
18 20 10
7 8 13
1 5 8
13 15 17
5 7 24
15 15 2
2 6 18
22 1 29
10 12 11
11 12 9
10 11 23
2 3 13
23 2 21
18 20 15
8 9 5
23 3 11
21 23 20
1 2 7
19 19 19
2 5 28
20 21 13
18 21 28
17 19 8
9 13 18
3 5 24
0 1 20
15 15 26
17 20 22
8 9 20
15 15 9
10 13 30
22 1 25
15 16 13
18 21 9
6 7 11
1 3 5
14 15 29
1 2 15
4 5 1
14 15 30
18 19 23
4 5 3
14 17 3
21 23 19
19 21 2
11 13 27
23 2 3
12 15 1
11 13 11
16 18 28
13 15 24
17 17 27
13 14 23
16 18 1
9 10 25
10 12 8
2 4 1
22 22 28
2 4 27
19 20 22
6 7 6
5 6 18
6 7 23
12 13 22
8 10 26
9 11 23
7 8 29
5 8 2
6 8 5
20 22 18
0 2 5
9 9 11
22 23 24
23 0 29
18 20 28
8 10 7
6 9 11
14 15 1
8 11 10
1 3 2
11 13 10
5 7 15
3 6 26
0 1 7
9 11 25
14 14 11
17 20 12
7 10 6
7 10 22
19 21 14
13 13 4
1 3 9
19 20 24
2 5 23
22 22 3
2 4 27
22 1 20
16 19 4
14 15 12
0 1 27
1 3 26
7 10 20
19 21 29
19 19 10
0 1 19
1 5 8
12 14 7
9 9 20
2 4 12
22 23 4
8 9 10
20 23 3
13 15 26
14 15 9
23 1 28
23 0 15
14 17 9
5 7 28
0 2 12
4 6 19
1 2 19
18 21 11
14 18 24
5 7 11
3 3 11
16 17 11
5 6 23
23 2 6
21 0 16
17 19 16
22 23 3
16 18 13
2 4 1
8 10 19
10 14 5
15 16 6
11 13 17
8 9 23
22 21 16
10 12 11
4 4 14
22 1 3
8 9 14
17 18 1
4 6 5
8 10 4
5 8 9
2 5 2
7 7 23
1 2 19
13 14 16
17 18 30
19 21 26
21 0 15
7 8 22
18 19 9
18 22 30
19 22 15
9 10 9
12 15 5
5 7 24
12 15 26
21 22 20
3 4 26
22 23 6
17 20 20
17 19 21
18 18 22
14 19 9
10 12 6
6 10 25
19 22 2
7 8 2
6 8 1
14 17 11
0 3 28
12 14 21
8 9 30
11 13 5
5 7 12
2 4 26
6 8 29
11 13 14
17 18 21
18 19 14
22 1 21
15 16 24
18 19 21
18 21 12
20 23 14
19 21 25
5 7 22
14 17 28
11 12 6
3 8 18
14 16 13
0 3 8
12 14 17
6 9 7
15 17 12
17 19 3
7 10 21
3 5 3
4 5 21
16 19 26
21 23 5
17 18 14
7 8 9
12 14 4
18 20 13
17 21 4
16 19 21
14 15 14
5 7 10
14 17 2
13 16 30
14 16 5
4 7 19
0 1 26
5 9 29
17 18 13
14 16 8
8 9 18
12 16 3
12 13 1
17 19 25
20 21 10
14 16 24
1 1 18
9 11 10
12 14 22
5 8 15
14 16 22
12 14 15
0 2 19
20 23 12
21 23 3
15 18 5
16 18 6
16 17 22
23 2 20
0 0 12
7 10 26
2 5 6
22 1 24
9 11 4
6 8 1
17 18 25
17 18 4
0 3 1
21 22 16
21 21 2
19 22 15
6 8 30
18 19 26
18 18 5
17 18 13
13 14 7
17 18 3
1 4 6
1 5 18
8 10 13
16 19 28
1 4 23
2 4 24
23 1 6
3 7 25
9 12 28
22 23 28
3 5 24
21 22 22
2 5 14
12 14 4
1 4 25
2 5 4
0 1 5
13 14 26
18 20 20
19 20 19
2 3 11
13 17 25
13 15 6
21 21 26
20 21 28
8 9 28
11 14 8
10 13 19
4 7 7
17 19 28
16 18 5
4 6 10
12 14 27
15 17 30
20 23 21
17 17 3
20 22 8
22 1 21
15 16 14
22 0 15
15 18 10
17 19 17
14 16 4
11 15 17
0 1 13
6 8 13
5 7 30
21 0 21
11 14 28
23 2 21
18 21 27
10 11 11
23 2 15
12 13 17
1 3 13
11 13 9
2 4 20
18 19 1
1 1 10
5 6 25
23 1 12
18 20 12
1 2 29
15 18 30
10 11 18
7 8 22
19 21 9
22 0 20
23 23 9
21 0 13
1 3 28
2 4 18
8 11 3
21 23 10
2 3 20
16 17 1
10 12 21
17 19 26
18 21 27
4 7 28
14 16 28
5 8 23
20 0 15
0 3 10
2 3 17
16 19 1
8 11 29
23 2 16
19 22 26
4 7 22
20 22 19
19 19 6
2 4 29
7 10 17
15 18 7
0 1 2
22 0 26
17 17 12
4 5 26
9 11 10
9 10 30
14 16 11
8 12 14
22 2 1
20 20 15
3 3 1
4 6 23
20 23 3
11 13 5
3 4 22
9 10 24
17 19 6
15 17 8
4 5 27
10 10 10
17 20 13
10 13 21
20 22 13
8 11 5
6 9 26
14 19 30
10 13 7
18 20 10
20 21 17
23 1 30
2 6 8
18 17 24
21 0 15
7 9 15
21 22 7
7 10 19
6 9 19
12 15 28
8 10 9
1 3 29
18 20 20
5 5 19
14 15 11
16 18 7
3 6 2
14 16 19
17 20 19
7 9 22
21 23 3
14 17 3
19 21 9
20 23 2
20 22 6
5 5 24
14 16 20
3 6 6
9 10 10
0 3 28
14 15 27
23 2 3
16 19 14
17 20 29
0 1 3
8 10 20
4 4 1
8 9 1
10 12 6
23 3 27
21 0 14
8 10 1
15 17 7
22 23 13
9 11 19
8 10 3
4 5 11
5 6 15
21 22 5
21 22 12
16 17 20
1 2 21
17 18 8
18 19 10
21 23 7
23 1 22
8 10 27
3 5 16
16 19 15
9 12 26
1 5 20
7 10 16
10 13 4
11 15 29
1 3 10
10 12 26
11 13 6
23 1 26
16 18 9
10 12 7
21 22 23
7 8 25
20 22 4
1 4 14
12 14 4
5 7 3
13 15 27
11 13 6
0 3 9
12 14 3
1 3 4
16 16 5
7 9 28
12 15 12
22 23 27
22 0 16
22 0 6
23 0 26
19 20 25
6 9 26
16 18 30
6 7 7
17 20 28
19 22 3
11 12 29
9 11 25
11 12 12
6 8 12
22 23 13
19 20 12
7 8 24
21 22 17
5 9 19
12 14 12
12 14 18
23 2 15
3 6 27
11 13 5
3 6 3
8 10 7
2 5 1
20 22 10
14 16 2
16 17 30
7 9 20
14 15 28
1 3 7
2 3 14
2 5 15
20 20 28
5 7 15
5 7 1
8 10 27
23 3 28
8 11 30
13 14 2
4 7 22
1 4 6
11 12 5
5 8 17
21 21 8
12 16 22
12 14 17
20 22 3
13 15 30
13 16 24
17 19 22
3 5 2
1 4 17
0 2 14
16 18 17
19 21 2
3 5 24
10 11 4
1 3 20
12 14 26
3 5 6
6 8 13
9 12 16
23 1 28
14 16 9
1 3 16
10 12 21
19 21 30
23 1 27
2 4 1
7 9 24
2 4 29
19 20 6
22 23 22
21 23 25
19 21 11
8 10 12
9 11 14
2 3 26
19 21 10
5 6 9
15 19 25
10 11 8
7 10 16
19 23 23
20 0 2
1 2 23
20 22 5
22 0 22
10 12 5
15 16 25
13 15 26
15 18 25
7 10 8
18 21 4
0 0 28
11 14 2
2 4 8
15 16 1
17 19 22
18 20 17
14 16 13
4 7 26
11 13 10
12 16 1
18 20 30
16 18 28
19 21 5
9 12 23
8 12 12
20 22 7
2 4 19
21 1 2
7 9 16
17 20 26
23 2 29
18 18 30
21 23 6
23 2 29
0 3 5
0 2 27
22 0 24
8 10 20
7 9 2
23 4 12
13 14 21
4 6 14
2 2 8
9 13 26
9 11 28
6 8 8
0 0 27
21 23 21
8 10 12
17 19 19
21 23 27
8 12 6
20 22 25
9 12 1
17 19 13
7 10 26
18 22 30
16 18 19
17 20 11
17 20 20
20 22 21
23 3 21
9 12 27
15 17 12
2 3 21
15 17 7
7 8 24
20 23 11
17 20 23
21 21 24
4 8 24
21 23 11
19 22 24
23 0 3
5 6 10
10 12 3
8 11 24
10 11 9
16 18 10
9 11 25
9 10 3
5 6 22
8 9 27
2 4 4
10 12 27
9 11 7
4 6 24
21 23 12
7 9 10
15 18 19
17 20 3
20 22 10
17 18 1
9 11 12
20 21 25
14 15 26
13 15 29
14 17 17
22 0 14
6 8 18
7 10 22
2 4 22
8 11 11
10 10 10
3 7 4
12 13 21
1 4 13
14 17 8
17 18 23
2 3 28
13 14 1
3 6 20
8 13 11
5 7 23
12 13 29
8 10 26
10 13 30
22 23 25
17 18 4
23 1 5
12 14 9
17 20 11
7 8 4
0 3 2
4 7 14
2 4 18
4 5 6
2 6 12
5 5 25
12 15 27
13 15 16
2 3 30
12 13 11
10 12 20
1 5 8
13 14 6
13 15 14
10 12 15
23 3 10
2 4 29
8 9 26
8 10 18
2 5 7
23 0 21
8 11 28
5 6 25
23 2 25
21 22 5
14 16 9
21 23 14
3 4 24
7 9 19
18 20 29
12 15 13
22 0 9
22 23 10
2 3 24
10 13 23
14 17 30
8 10 1
8 8 1
14 14 18
1 4 25
12 14 16
22 1 5
2 3 7
21 0 11
13 16 13
22 1 28
9 12 20
11 13 21
2 5 15
13 15 15
14 14 30
22 1 6
20 23 29
6 8 11
1 3 11
13 16 24
0 2 22
9 8 19
2 4 19
7 8 23
12 14 8
6 8 8
11 13 10
20 23 3
12 15 14
19 21 30
15 16 14
11 12 16
6 9 2
20 22 30
20 20 24
8 9 25
5 5 19
3 4 22
1 3 26
9 11 5
22 22 14
22 0 4
3 4 25
16 19 29
12 15 12
10 11 27
19 20 27
19 20 24
14 17 22
12 14 12
22 1 4
6 7 20
0 1 14
2 6 27
8 9 4
21 0 30
14 17 27
15 17 3
20 21 24
16 17 21
18 20 27
18 21 15
20 22 28
2 4 30
2 4 25
1 3 1
8 11 21
12 15 23
1 2 27
6 9 11
0 2 29
12 13 2
23 2 10
7 10 2
1 3 10
1 3 17
3 4 2
18 21 24
22 0 1
23 1 9
11 12 2
13 14 11
17 20 29
19 21 14
6 7 17
16 18 29
11 13 4
17 20 28
17 19 22
12 13 30
20 23 4
17 20 15
23 1 29
23 0 17
3 6 27
3 3 23
22 23 17
14 15 7
9 11 17
6 7 8
3 6 26
13 15 11
19 20 11
1 3 19
0 2 6
8 11 13
2 3 24
3 6 30
3 5 6
17 18 1
2 3 12
20 20 18
6 7 19
13 15 30
1 3 16
9 11 27
16 17 22
16 18 11
5 8 23
15 15 20
3 6 5
9 10 12
20 22 14
22 1 24
4 8 12
0 1 28
1 1 29
14 16 12
22 23 27
15 18 8
17 19 19
5 7 13
12 14 17
11 13 28
5 8 20
23 2 27
6 9 13
9 10 10
17 18 16
4 7 24
2 5 5
2 5 22
7 9 21
15 18 1
13 14 17
19 22 3
19 20 1
15 17 11
8 9 9
16 16 29
8 8 14
13 16 18
1 2 15
17 20 11
5 5 25
5 6 24
9 10 25
9 10 19
14 15 13
16 20 27
7 10 26
2 4 1
16 18 8
12 14 29
7 9 2
11 14 10
21 23 2
18 19 21
1 3 2
2 3 30
23 1 2
1 3 28
6 9 16
16 19 20
3 3 8
19 21 29
4 6 8
18 20 16
14 17 3
15 16 6
8 10 30
17 18 18
23 1 7
3 5 6
2 4 7
5 8 1
11 13 2
7 8 18
18 20 9
2 4 2
10 11 22
19 21 19
15 15 6
22 0 22
22 1 1
14 16 7
3 5 30
16 17 9
2 3 5
5 7 8
13 14 9
1 2 16
2 3 11
14 16 13
3 4 15
12 13 19
14 17 10
8 10 8
6 8 19
20 22 7
1 4 25
21 0 26
11 13 5
9 11 7
13 14 23
7 8 25
23 0 17
4 6 3
2 4 23
3 5 26
20 23 30
0 1 6
22 0 9
16 19 16
14 16 4
11 13 29
18 20 26
22 23 1
4 6 22
19 21 3
2 4 8
17 19 14
8 11 4
4 6 16
21 22 18
4 7 10
22 0 22
9 10 9
15 16 17
12 15 4
22 22 16
0 2 7
20 21 23
7 9 14
5 7 7
2 3 17
21 0 1
3 6 26
5 7 10
15 18 22
4 8 7
13 15 29
2 5 20
18 19 27
21 22 26
3 5 6
6 7 15
20 21 1
6 7 27
4 5 28
5 6 30
10 14 25
16 17 3
1 2 23
1 5 16
21 23 28
4 5 3
19 20 6
0 2 4
19 21 6
19 22 20
15 17 13
18 18 22
0 2 26
23 2 25
5 8 22
0 4 19
12 12 5
21 0 23
22 23 1
4 5 16
10 12 15
23 1 6
10 13 27
9 9 28
2 4 16
6 7 29
13 16 30
23 2 13
18 21 11
12 13 6
4 6 10
13 18 17
0 1 10
4 7 29
6 10 11
23 0 21
3 4 3
20 21 23
20 23 10
22 23 11
3 6 21
5 8 12
3 7 9
16 20 15
5 8 9
20 22 7
8 9 10
16 19 17
11 12 17
10 12 7
7 9 25
0 3 14
17 20 20
16 17 15
2 4 11
5 6 27
2 4 22
1 1 12
16 19 21
8 10 28
13 15 21
0 3 8
17 19 22
7 10 5
14 15 19
7 10 28
13 14 9
12 15 22
21 23 12
6 8 30
15 17 14
6 7 28
17 18 22
5 9 15
10 13 13
9 9 30
17 19 23
11 14 27
8 9 22
4 6 27
4 7 14
23 1 19
18 19 6
17 21 25
6 8 12
12 12 10
16 17 15
23 23 30
16 17 28
9 9 16
14 16 14
19 22 23
10 12 13
13 15 11
8 11 6
1 2 1
16 16 3
9 11 26
15 17 1
10 13 6
2 5 24
13 14 17
18 20 7
10 12 29
16 19 19
18 19 1
19 21 8
12 16 28
2 4 23
7 8 12
14 16 6
1 2 28
15 19 10
5 7 12
4 5 3
20 21 22
8 9 12
2 4 12
20 20 21
4 9 23
10 13 24
11 14 21
6 8 19
15 15 17
0 1 30
7 9 25
17 19 21
13 15 2
2 5 6
7 10 30
20 21 16
9 10 5
9 12 13
1 4 11
7 10 4
5 7 7
1 3 20
1 2 2
6 9 7
3 2 8
18 21 12
16 17 14
11 11 20
23 0 7
18 19 30
7 10 27
14 16 17
4 6 14
9 11 11
11 14 28
18 20 22
9 10 6
20 22 16
5 8 30
2 5 29
12 15 10
12 16 27
9 12 4
12 14 27
7 9 29
14 16 8
4 6 28
8 9 22
22 0 26
1 0 30
15 17 20
15 17 21
8 10 27
7 9 8
22 1 14
12 13 22
2 6 18
10 11 10
2 3 25
2 5 21
5 8 27
14 16 15
9 9 12
10 11 21
13 14 26
7 9 4
21 22 11
9 12 9
20 21 1
19 21 24
9 12 7
7 9 17
15 16 9
15 18 30
21 0 29
6 8 26
22 0 27
23 2 23
17 20 13
10 12 13
1 3 18
7 9 27
20 22 18
16 18 4
18 19 21
6 7 3
18 20 1
3 5 30
21 23 2
20 22 3
12 13 28
11 14 12
12 15 2
10 11 20
8 10 12
7 9 20
7 8 13
6 9 18
18 20 6
0 2 1
17 20 29
19 21 8
0 2 22
11 13 20
10 12 22
22 23 27
8 10 17
3 5 16
1 3 16
16 19 23
16 19 14
19 22 11
12 14 28
15 16 11
15 20 12
12 14 18
8 10 7
2 4 3
8 11 1
21 0 20
4 6 17
3 6 17
23 2 7
15 18 3
7 8 22
23 0 15
3 5 29
17 19 24
1 2 6
3 4 6
18 19 18
6 9 19
7 10 30
19 21 1
2 5 29
21 0 23
1 4 23
19 21 9
19 21 26
13 14 24
17 18 30
11 13 19
18 21 8
6 8 3
4 6 22
12 13 30
16 19 18
7 8 9
12 15 24
19 21 7
17 19 18
20 22 29
16 19 12
6 7 24
6 8 9
9 12 6
4 6 12
22 1 23
7 11 8
13 15 24
18 19 4
17 20 8
19 19 9
9 10 27
5 6 8
6 7 29
23 2 17
4 6 27
17 19 21
23 0 14
4 7 22
10 13 19
8 9 6
6 9 9
23 0 10
10 11 10
1 1 1
14 15 2
3 4 14
11 12 2
11 12 28
9 10 2
21 0 26
6 6 2
5 6 23
20 23 22
19 19 29
14 17 5
2 3 20
9 13 14
19 21 17
5 7 7
15 17 27
0 2 28
4 6 26
12 14 10
18 19 13
3 7 15
12 12 15
22 23 14
12 14 17
9 12 5
16 17 23
7 10 19
11 14 9
22 2 13
3 5 25
21 23 25
17 19 12
7 9 3
13 15 4
14 15 29
5 7 3
8 10 30
12 13 8
18 20 22
1 3 7
15 18 5
4 6 8
5 7 27
15 18 21
5 7 30
23 0 12
11 12 9
0 3 7
21 23 25
16 19 9
0 4 1
14 16 11
8 9 4
19 20 24
14 17 9
10 12 3
6 6 17
23 23 6
11 13 29
17 20 19
0 3 28
23 1 18
8 11 14
10 11 17
21 22 30
16 17 6
19 21 4
6 7 21
4 5 26
11 12 10
0 1 22
1 4 2
18 19 3
10 13 1
15 17 10
4 3 21
19 21 8
12 14 20
2 5 22
2 5 7
18 19 25
20 22 18
2 4 9
23 0 14
12 14 22
23 0 24
12 13 12
1 4 1
18 20 14
13 16 29
16 19 20
22 23 8
18 19 2
12 13 8
3 5 12
11 12 5
22 0 30
21 0 2
3 6 13
10 13 23
14 14 5
2 3 13
2 5 8
21 0 8
0 -1 19
0 4 30
3 5 1
20 22 22
19 20 26
16 17 13
4 8 25
12 15 5
6 8 2
2 3 20
16 17 1
13 16 27
6 8 16
18 22 28
6 5 26
19 21 10
16 17 21
22 0 18
22 22 30
16 18 27
14 15 12
23 0 11
3 4 11
4 7 30
1 2 10
10 13 8
2 4 12
18 21 14
2 4 26
14 16 23
4 7 5
19 22 18
14 16 16
18 19 3
9 14 30
21 23 21
23 23 28
11 14 24
4 7 13
6 7 13
4 6 10
15 17 18
5 5 29
14 17 8
9 12 29
22 23 24
14 16 20
7 10 4
3 6 10
9 12 6
20 20 15
8 10 25
12 15 2
21 22 4
16 20 5
13 14 1
19 22 20
5 6 17
7 9 19
13 15 17
9 9 17
6 9 6
23 2 4
15 17 17
5 6 23
19 23 14
0 2 30
6 8 7
8 10 5
19 22 11
16 17 11
23 2 26
21 23 6
12 15 2
18 19 25
12 14 30
1 2 15
18 21 28
15 18 14
8 10 14
2 1 22
2 5 11
15 19 12
20 23 6
2 4 19
3 6 19
1 3 4
22 1 13
9 11 11
12 14 6
11 11 14
18 21 26
14 15 10
2 5 11
4 6 18
7 10 5
5 6 27
23 3 2
19 20 9
13 16 10
14 15 23
5 7 3
17 18 16
13 15 17
4 6 23
22 0 8
15 18 19
11 14 16
3 4 25
8 9 10
0 -2 23
21 0 3
12 15 6
18 20 21
8 10 18
20 22 27
17 19 24
21 0 3
2 4 21
0 2 20
0 2 27
23 1 13
20 20 2
4 6 6
4 6 19
19 22 23
18 21 5
16 19 24
14 15 18
12 15 11
5 6 17
4 3 12
19 21 21
10 12 3
3 4 24
12 14 17
23 0 11
12 16 13
11 12 10
21 23 6
12 14 17
5 9 24
3 6 12
11 11 4
14 16 20
3 5 10
6 9 29
3 7 7
22 1 3
18 21 2
15 16 1
21 21 9
13 17 6
5 7 7
15 16 26
7 9 6
13 15 8
19 23 21
4 5 4
22 22 18
16 19 23
22 23 4
5 7 21
18 20 10
6 9 19
23 23 15
2 2 8
23 1 26
8 10 11
23 0 16
2 3 24
2 4 27
23 23 16
3 4 7
15 17 27
12 14 11
7 8 20
18 22 21
2 4 2
15 18 12
10 13 7
11 15 7
3 5 21
6 8 6
7 8 14
20 0 17
10 12 2
16 17 23
17 20 10
9 12 4
8 10 30
9 10 21
0 3 15
15 17 15
10 12 16
16 18 9
3 7 7
6 7 7
2 3 29
0 3 18
10 11 27
20 23 20
12 13 11
7 8 28
19 21 2
14 15 14
1 3 14
17 21 2
17 19 21
15 17 18
7 9 15
15 18 9
11 11 11
19 19 27
9 13 22
22 1 3
15 18 9
19 22 14
11 13 20
23 0 15
22 1 23
13 16 4
19 21 19
5 7 12
10 11 20
3 6 30
0 1 11
12 13 22
12 15 10
14 17 13
0 2 16
16 16 11
10 12 26
19 20 22
5 7 12
21 1 10
12 14 9
12 13 27
21 22 25
21 23 13
20 23 10
17 21 14
17 19 9
0 1 18
17 19 13
21 23 29
8 9 25
15 18 22
13 14 22
1 5 26
2 3 14
1 3 21
20 20 23
5 6 19
15 16 30
13 17 25
5 7 6
0 1 12
16 17 24
9 11 25
13 16 2
10 13 16
0 2 8
10 12 11
18 22 9
18 20 8
1 2 11
5 7 26
1 3 2
20 0 2
9 11 25
18 20 1
18 18 24
10 12 2
4 7 18
12 14 13
19 21 10
19 23 15
9 10 26
19 22 22
18 21 9
21 0 29
0 1 11
0 1 22
12 14 29
9 9 29
10 13 12
22 0 12
15 16 1
19 21 23
11 12 25
5 6 18
13 15 6
0 1 2
15 16 9
11 13 25
11 14 25
9 12 12
6 7 13
13 15 8
12 13 7
19 20 19
15 18 1
18 21 25
10 12 17
3 4 25
0 3 29
3 3 25
2 5 17
18 20 9
12 14 24
1 4 26
0 3 16
8 10 24
9 9 9
9 10 3
2 4 19
12 15 5
17 20 6
20 21 27
4 5 25
0 2 7
13 15 9
5 8 29
11 13 5
2 5 8
2 3 18
22 2 15
6 8 23
21 1 15
23 2 23
4 7 18
23 1 13
15 16 17
3 6 2
23 0 13
18 19 26
14 17 21
23 1 12
18 21 19
15 16 6
13 14 12
0 1 6
10 13 29
1 3 13
11 12 14
6 10 26
7 8 24
2 4 13
11 12 20
12 17 30
2 5 13
7 8 23
14 16 10
16 19 25
9 11 21
13 14 17
9 11 17
2 3 3
20 22 24
14 14 27
11 13 6
19 21 30
17 20 20
15 18 28
11 12 29
17 18 25
17 18 13
21 23 28
21 0 21
14 14 24
7 9 4
2 4 27
10 10 5
3 5 11
3 5 6
18 19 24
13 14 28
22 21 8
2 3 12
14 17 22
21 0 4
11 12 16
4 5 13
13 13 17
20 22 20
13 16 1
17 20 25
22 0 20
13 14 29
13 15 30
8 9 30
2 2 18
22 22 30
21 22 15
9 11 25
11 13 3
12 15 29
14 14 25
1 3 26
18 20 16
0 4 7
13 14 8
0 3 17
8 11 18
12 14 7
10 13 11
15 17 27
4 7 21
14 15 14
3 6 30
20 23 4
14 16 12
7 10 13
12 14 14
9 12 13
10 11 11
0 1 18
10 12 20
18 19 10
8 10 10
8 9 2
11 14 11
5 7 1
6 9 1
0 1 25
8 9 28
4 6 5
9 12 12
8 10 24
21 22 19
0 1 15
0 4 23
13 16 17
9 11 23
19 21 24
19 20 7
8 12 23
4 5 24
9 12 10
19 21 7
7 10 15
11 12 10
22 0 18
11 11 11
2 5 29
23 1 15
1 3 19
21 22 12
6 6 19
19 23 2
19 22 5
14 12 18
8 10 21
12 15 27
18 21 4
17 20 21
18 21 9
16 17 21
9 13 3
3 3 5
2 5 4
22 0 5
20 20 7
12 14 10
14 16 20
4 6 20
1 5 9
6 7 12
1 4 12
8 10 3
19 21 4
20 22 7
6 8 7
5 7 29
11 15 17
6 8 7
23 0 16
2 5 2
9 12 26
22 0 20
16 17 30
16 18 1
1 3 16
4 5 2
10 13 9
20 22 18
13 15 17
12 15 23
18 19 14
16 17 12
3 5 25
2 4 11
17 19 20
3 5 10
1 4 9
7 9 20
11 14 27
15 16 13
10 14 17
8 10 15
11 13 30
19 20 10
6 7 26
10 12 23
2 3 23
10 12 26
15 17 25
17 19 28
22 23 12
7 9 12
8 9 1
11 13 30
12 14 16
16 18 19
17 18 3
8 10 15
4 6 23
6 9 17
4 8 6
2 5 5
8 9 25
17 20 6
22 2 12
16 18 4
18 21 25
12 15 11
11 12 6
6 7 10
12 14 10
17 19 19
4 4 5
20 21 19
8 10 22
3 4 28
20 22 5
2 4 19
9 12 10
0 2 29
2 4 28
13 13 22
14 18 10
4 5 23
2 5 27
10 12 26
9 11 1
0 1 1
2 3 1
5 8 21
6 8 28
19 21 12
15 17 2
6 9 17
17 17 8
7 9 12
17 19 16
8 10 13
22 23 28
12 14 7
0 2 5
23 2 20
6 9 18
10 13 10
20 23 27
22 0 9
8 11 28
7 8 26
16 19 11
18 20 12
21 23 3
22 22 21
13 14 13
22 0 19
13 15 7
21 0 1
15 19 22
0 4 12
12 15 6
14 16 27
23 2 26
2 3 3
9 12 3
1 2 4
17 17 26
14 16 6
19 22 3
17 20 20
7 10 2
7 9 21
3 6 7
8 9 26
14 15 16
20 23 12
7 9 7
15 17 6
8 10 2
16 19 1
7 9 24
15 16 26
22 1 26
23 2 3
18 19 24
8 11 11
19 20 27
15 16 23
12 14 2
6 9 9
8 11 8
6 9 15
3 4 12
4 6 7
23 2 7
7 10 28
0 2 17
3 5 19
6 7 3
6 8 6
4 7 30
11 13 18
19 22 17
0 3 4
15 17 28
16 16 22
22 0 20
20 22 10
22 1 11
1 2 17
20 23 24
17 19 5
8 10 9
19 21 12
11 13 3
3 5 3
15 16 30
18 19 2
8 12 3
15 15 24
2 4 3
8 10 8
2 4 3
17 19 8
19 22 24
17 18 9
22 0 22
6 8 5
11 13 7
15 17 11
3 4 7
2 3 7
7 10 24
17 19 3
12 14 25
2 4 23
8 9 3
1 3 11
0 2 25
12 14 26
23 1 1
4 6 11
18 20 1
23 1 5
17 19 24
18 21 20
2 5 21
8 12 1
12 15 19
16 18 18
20 22 17
0 1 7
18 18 19
4 6 16
13 14 25
14 17 13
7 9 9
6 7 19
5 7 26
6 6 18
19 21 8
6 8 19
11 13 19
15 16 8
15 18 20
10 13 30
8 10 28
16 18 18
22 23 7
0 1 8
6 9 14
0 3 20
8 12 24
14 16 8
18 20 23
18 19 20
1 3 23
20 23 22
22 2 24
22 0 11
23 0 30
23 1 21
21 22 2
4 5 30
2 1 3
12 15 25
22 23 29
2 2 9
10 13 8
13 14 9
3 5 21
16 17 7
18 20 15
22 1 7
19 21 3
1 5 21
23 2 1
22 0 20
8 12 15
18 19 1
2 4 18
0 3 25
19 21 19
9 11 1
18 20 11
23 1 25
22 23 23
14 15 16
14 17 18
4 8 24
12 13 3
7 8 17
0 3 2
17 19 29
8 11 27
1 5 7
23 1 9
23 0 5
10 11 18
23 0 4
11 13 30
21 23 12
9 11 26
3 6 22
22 1 4
12 13 19
9 12 8
4 7 27
7 7 8
21 22 16
12 15 27
17 18 23
5 7 9
3 5 29
5 9 8
5 8 3
2 3 15
23 1 15
20 22 20
11 13 7
0 2 30
23 2 22
11 13 1
6 10 29
20 22 15
20 22 15
14 15 13
15 16 16
12 15 6
19 22 7
3 4 16
0 2 11
0 2 14
1 3 18
22 23 7
7 9 15
8 10 14
11 14 24
1 4 3
8 10 14
8 10 9
20 22 2
9 10 24
13 16 18
16 19 16
15 17 11
8 9 15
2 5 5
20 23 8
2 4 13
6 9 10
18 20 24
20 21 30
18 21 11
22 0 4
13 14 5
10 13 14
17 20 28
7 8 10
20 23 26
9 12 25
8 11 18
21 23 3
14 18 2
19 21 14
21 23 23
11 14 21
14 17 1
17 19 1
12 13 26
9 12 28
3 5 22
5 5 27
9 12 16
23 0 8
20 21 10
21 23 2
9 11 20
13 13 21
19 20 13
14 17 29
16 19 8
9 11 23
18 21 7
6 8 28
4 6 27
22 0 12
21 0 26
1 3 15
13 17 23
0 2 6
3 3 1
9 11 10
21 23 5
4 6 4
16 18 6
16 17 1
5 7 20
9 10 20
0 2 26
9 10 30
22 1 21
3 5 24
8 12 19
21 0 1
14 19 16
5 6 9
21 22 24
13 15 28
15 18 20
4 5 10
19 23 27
1 0 1
12 13 21
1 3 24
3 6 16
7 9 21
9 10 29
5 6 19
5 7 20
13 16 20
0 2 7
11 13 30
13 14 30
0 0 8
2 4 3
22 22 18
22 23 27
21 22 22
1 1 26
10 11 24
23 2 18
6 7 18
5 8 24
4 6 15
11 11 30
2 6 16
1 4 10
8 8 4
22 23 15
23 1 26
21 23 30
20 22 6
0 2 20
21 22 18
3 6 16
14 16 28
12 14 25
3 6 6
8 10 5
4 6 18
18 21 8
13 16 6
14 18 29
3 4 21
7 10 14
11 14 8
7 8 1
5 7 26
5 6 28
8 10 6
17 18 2
9 11 11
12 14 20
23 1 30
10 12 16
13 15 24
10 11 16
4 7 6
20 21 25
12 15 27
13 15 29
23 0 24
14 16 27
18 21 4
9 8 11
4 7 14
23 2 29
11 13 26
5 7 24
16 19 6
11 13 26
23 2 24
15 19 10
1 3 13
23 1 16
2 4 3
23 1 3
0 1 13
21 22 22
11 13 15
9 11 2
15 15 24
13 12 15
10 12 23
15 17 19
19 21 26
17 19 19
2 3 9
13 17 5
12 15 9
18 20 2
21 23 11
2 4 29
22 0 25
16 19 30
7 8 25
1 4 13
3 7 25
7 9 15
12 15 21
15 17 5
1 3 15
14 14 6
19 21 19
11 13 23
5 7 21
2 4 14
16 16 13
7 9 25
6 8 24
20 22 7
2 4 30
3 5 6
4 6 21
23 22 6
19 21 8
1 2 2
23 3 19
15 17 21
19 21 21
14 17 17
23 1 4
20 22 3
9 12 7
11 12 9
9 12 29
12 13 17
23 1 24
23 1 7
2 5 6
7 9 7
21 23 22
15 15 9
7 9 13
14 17 22
21 23 27
14 18 20
3 6 18
15 16 27
11 12 18
16 18 30
18 19 11
16 17 26
5 5 22
1 4 6
20 0 12
23 1 9
10 11 1
15 16 26
8 8 6
21 22 8
15 16 17
13 15 23
14 17 26
19 23 1
19 22 20
17 18 8
4 6 28
19 20 20
14 16 23
9 13 16
18 21 17
12 15 5
3 4 10
18 21 17
15 18 22
18 22 16
0 3 28
1 2 5
9 14 22
21 22 15
7 9 16
14 17 3
14 16 17
18 21 13
2 5 29
11 12 22
11 14 15
17 18 17
17 19 20
11 13 12
2 3 21
18 22 5
15 19 28
5 8 23
8 10 20
3 5 1
13 15 6
4 9 2
12 13 26
16 18 4
18 21 28
21 0 8
9 8 4
2 4 9
10 12 27
14 16 15
10 10 26
21 23 4
17 20 11
7 10 9
5 8 19
20 21 7
9 10 6
9 10 12
7 8 29
18 19 12
18 20 28
9 12 9
16 18 14
5 5 1
15 17 18
6 8 11
1 3 16
10 11 15
23 0 26
10 13 4
15 16 26
10 10 4
20 23 28
22 1 20
3 4 24
6 7 13
5 5 3
0 3 21
5 8 14
9 10 25
22 0 21
9 12 13
14 15 23
22 0 30
21 0 12
11 15 2
19 21 27
7 8 10
21 22 8
6 8 22
8 9 29
12 15 1
23 3 4
16 20 14
18 21 11
0 1 27
19 20 2
12 16 24
16 17 28
6 7 22
10 13 27
3 4 13
4 7 17
7 9 25
8 9 6
22 0 20
10 12 22
16 18 11
0 3 5
15 18 30
19 21 7
12 14 24
21 22 6
13 14 14
4 5 14
5 7 4
22 23 23
23 1 6
18 22 10
0 2 18
10 10 2
7 8 2
3 4 24
14 16 22
17 18 3
8 14 21
12 14 26
12 14 7
23 1 3
8 12 9
20 23 13
18 19 30
4 7 29
8 9 1
9 12 22
23 1 12
9 11 26
6 8 19
4 7 27
0 2 4
15 17 20
4 7 7
2 5 11
9 11 14
15 16 5
7 8 26
10 10 17
2 4 16
0 2 11
17 19 2
8 10 7
15 18 23
23 2 15
13 15 5
19 20 3
3 5 26
15 19 6
5 6 1
17 19 17
9 10 16
10 12 16
7 9 18
21 0 5
10 12 26
7 9 15
5 8 8
2 3 30
3 6 25
21 23 16
9 11 23
23 2 5
3 6 5
5 8 8
14 15 16
4 4 4
2 3 19
5 9 17
23 1 20
21 22 25
12 15 10
13 14 22
10 13 20
13 17 28
20 23 24
1 4 16
4 6 22
16 18 28
2 5 10
2 3 9
14 16 4
2 3 11
8 10 20
4 6 16
22 1 8
0 2 26
21 23 13
11 13 7
14 16 20
15 16 5
20 22 3
12 14 2
23 0 16
15 17 19
23 2 7
7 9 10
0 3 8
16 19 11
10 12 3
16 18 18
20 21 25
0 3 5
13 15 5
12 15 17
22 1 29
6 9 17
16 20 30
6 7 5
11 11 30
11 12 6
15 17 11
18 20 28
22 0 24
0 1 20
16 18 17
3 6 27
14 17 24
15 18 19
9 12 6
4 6 18
10 13 6
22 0 28
13 17 11
22 1 18
19 20 12
10 12 5
16 18 24
3 6 17
14 15 25
15 18 22
2 4 17
9 10 11
12 12 4
8 11 4
3 4 5
9 12 15
17 18 14
13 14 17
10 10 17
16 18 23
12 15 30
19 22 7
17 19 6
14 17 12
18 20 21
12 13 25
14 16 27
0 3 15
5 8 26
13 17 5
13 16 24
17 20 6
0 2 4
22 0 28
19 22 24
8 10 8
6 8 22
5 7 26
4 7 19
8 11 8
1 2 12
11 15 19
10 13 25
4 7 27
6 8 3
15 16 2
18 19 27
9 11 16
6 7 11
15 18 13
20 21 13
2 2 25
10 14 22
14 15 14
18 22 29
2 6 2
6 7 29
3 4 1
21 22 2
1 3 3
15 17 12
9 11 20
18 19 19
23 2 4
17 19 14
21 0 25
3 5 20
1 3 16
4 4 1
10 10 4
22 1 18
9 9 23
9 12 15
0 3 2
14 15 24
5 5 14
7 10 10
1 3 8
10 13 17
9 12 7
12 12 16
11 14 29
17 20 2
22 2 17
9 12 5
11 14 11
3 6 28
18 20 23
0 1 20
23 1 15
0 2 24
20 22 24
21 0 14
14 15 10
15 17 27
4 6 4
14 16 19
19 21 22
17 18 6
5 7 3
18 19 9
4 6 22
8 10 24
3 4 7
9 9 17
5 6 5
2 4 30
23 3 2
13 14 3
6 9 16
8 11 26
20 22 9
0 2 8
18 20 29
2 5 24
18 18 12
5 6 9
2 4 18
17 18 6
17 18 6
13 14 23
13 15 19
12 14 1
0 1 12
17 19 2
15 16 28
10 11 12
8 9 16
8 12 9
12 14 14
22 0 2
23 23 12
1 4 22
22 2 3
11 13 20
6 7 29
3 7 6
9 14 7
20 22 14
1 4 25
15 19 1
22 1 25
7 9 30
7 9 9
2 4 30
22 23 10
17 18 8
22 23 3
15 16 17
3 5 7
16 18 11
11 13 18
16 17 30
19 22 5
5 7 25
4 5 6
17 19 26
21 23 21
19 21 27
2 5 27
17 23 21
6 8 15
16 18 9
22 0 27
19 20 11
22 0 8
22 0 10
4 7 10
10 12 15
12 13 8
20 22 18
3 4 1
19 21 30
11 14 13
18 22 6
23 0 28
7 8 19
21 23 23
5 9 4
13 16 19
2 4 24
9 11 19
0 2 9
1 3 20
9 12 27
9 11 20
2 3 25
22 0 8
17 20 3
16 19 30
13 17 20
23 2 16
9 11 20
23 3 26
8 10 17
10 13 13
9 11 9
7 7 18
18 19 14
14 16 19
6 6 13
19 22 13
11 12 27
17 20 28
3 5 7
3 5 17
6 9 28
8 10 1
15 18 30
11 13 2
20 23 25
8 9 19
16 19 18
11 12 12
21 0 17
6 7 20
13 15 11
14 16 21
22 1 1
12 14 1
5 7 22
13 15 26
12 13 20
3 5 5
5 7 16
16 20 27
4 5 10
16 18 29
19 22 21
15 18 21
15 16 25
18 20 19
20 22 1
10 13 8
15 16 10
22 23 8
20 0 9
1 4 9
4 5 3
18 21 2
8 12 17
10 13 17
19 21 11
1 4 10
7 9 16
14 15 25
8 9 28
13 14 28
1 3 20
2 3 13
21 23 25
16 18 18
0 3 13
10 11 28
16 17 1
21 22 5
0 0 6
12 15 14
11 12 8
20 22 18
19 21 5
12 16 23
17 20 22
10 12 14
9 10 15
12 16 18
21 0 11
12 14 13
8 11 3
5 7 16
1 2 13
20 23 19
3 7 25
16 16 26
4 7 20
8 9 16
4 8 19
11 12 4
10 12 15
3 5 26
17 20 14
19 20 11
4 7 24
15 18 13
14 18 17
20 23 26
7 9 16
6 7 1
15 17 7
2 3 24
23 3 26
11 13 7
16 18 20
20 21 14
9 11 20
10 12 19
14 17 17
4 5 23
3 6 19
20 23 9
20 22 22
7 7 22
19 22 4
21 23 17
20 22 1
10 13 29
20 22 2
16 19 18
4 6 22
6 7 26
23 1 28
14 16 17
1 3 22
5 7 7
21 0 26
18 18 25
15 17 16
8 9 20
12 12 21
13 16 10
4 6 25
3 5 23
22 1 9
6 10 30
9 10 19
20 22 8
16 20 7
21 23 8
8 10 1
18 19 11
23 1 17
22 23 19
4 7 23
2 4 9
22 1 19
9 13 13
12 14 18
18 19 26
18 19 15
16 20 3
17 17 14
14 15 27
2 5 11
13 13 23
6 11 1
22 23 16
1 3 2
19 23 14
4 7 24
20 22 11
19 21 27
16 16 26
5 8 6
22 23 17
8 9 28
1 5 1
22 0 14
13 17 2
13 15 15
14 17 19
4 6 23
5 7 18
6 8 24
14 15 4
13 16 7
11 14 15
18 21 2
12 15 12
14 16 6
9 12 10
14 16 14
12 16 23
17 20 13
10 11 12
13 14 23
16 17 7
20 22 2
0 2 26
5 8 6
20 20 26
2 5 4
4 7 5
21 0 1
17 16 21
19 20 15
7 7 28
15 19 23
20 21 2
13 15 23
20 21 26
5 7 1
14 17 6
11 12 23
15 18 6
20 22 11
1 3 16
11 14 8
21 21 25
5 7 29
11 13 8
22 0 14
19 22 17
4 7 30
20 21 24
22 0 18
11 13 23
6 10 28
17 19 10
16 17 17
2 4 22
8 9 12
0 1 4
13 15 5
0 4 25
14 16 2
20 21 3
12 14 6
19 21 22
0 2 13
20 23 15
3 4 15
21 1 8
13 15 5
14 14 28
13 14 2
18 20 19
1 3 8
3 5 19
18 19 22
15 18 3
6 8 4
19 20 22
14 15 6
10 13 21
22 2 15
15 18 3
12 15 18
22 0 8
18 21 22
20 21 7
18 19 24
8 11 1
20 22 26
19 22 13
9 11 18
18 21 13
10 11 23
8 9 28
22 23 9
8 11 15
2 4 1
9 11 20
11 12 9
16 19 8
4 6 9
8 10 3
3 6 29
9 11 17
8 12 25
19 21 12
0 2 7
5 8 2
13 14 8
5 5 4
2 4 1
19 21 27
8 9 6
19 21 26
2 4 10
19 20 20
8 10 4
13 14 10
14 17 12
18 22 9
23 1 13
23 1 4
0 2 27
17 18 4
22 1 13
18 21 13
16 18 11
9 13 6
8 10 29
21 1 12
5 7 27
16 20 30
14 16 20
16 18 10
19 20 1
5 7 9
14 15 15
2 3 29
21 23 12
23 2 10
18 20 26
17 19 16
7 11 16
4 5 30
20 0 19
5 8 24
17 17 22
22 0 1
6 7 19
23 0 12
13 17 1
3 5 23
17 19 25
19 20 11
13 13 18
15 15 7
6 7 22
12 16 30
17 19 6
5 8 29
2 5 25
7 8 16
2 6 6
7 10 23
12 15 13
9 12 30
17 19 25
21 22 26
9 12 18
0 4 8
3 6 17
2 5 26
0 2 14
18 21 20
7 9 10
11 12 10
6 9 24
9 11 10
7 10 18
23 0 18
13 14 9
3 5 20
7 8 8
1 1 8
23 1 12
10 11 2
14 15 23
15 17 26
21 1 1
5 6 3
16 18 18
15 17 15
8 9 5
2 3 21
2 4 18
21 23 19
14 17 11
8 9 2
14 15 14
6 9 20
0 2 17
20 22 29
15 16 10
23 1 11
20 22 10
23 1 18
13 15 15
14 16 1
22 23 4
12 15 29
15 16 10
22 23 6
18 18 12
19 20 27
0 1 30
6 8 28
3 4 8
2 4 14
3 5 20
12 13 10
8 9 16
21 22 29
6 8 14
0 4 25
22 2 22
17 18 29
5 6 12
15 17 19
7 9 22
10 15 12
2 2 17
12 13 5
21 22 25
5 8 3
19 22 18
0 2 29
2 4 10
17 18 17
10 12 1
23 2 8
11 13 18
0 2 5
22 1 15
16 17 24
10 13 24
20 22 2
8 10 27
10 11 3
17 19 20
20 21 14
13 16 10
2 3 20
20 22 27
11 12 11
20 23 30
18 18 4
22 1 21
8 9 9
21 23 26
6 9 19
2 5 4
9 11 28
19 21 7
13 15 9
11 13 22
17 17 2
9 13 12
0 -1 28
7 9 15
15 19 22
18 19 24
15 17 9
20 0 27
16 19 4
7 10 17
13 16 16
4 5 9
11 13 21
20 23 27
18 20 30
16 18 11
14 16 5
12 14 13
10 12 7
22 23 3
4 5 27
1 3 8
14 16 3
0 2 3
1 4 11
22 23 11
7 8 14
16 18 5
14 16 1
3 3 19
11 13 14
14 16 8
20 23 30
0 3 21
21 23 3
14 15 26
17 19 4
4 7 18
13 14 27
16 19 16
9 12 10
1 3 15
16 18 20
14 16 5
8 12 21
1 3 7
9 10 6
0 2 27
13 15 18
23 1 14
17 20 20
12 15 12
19 21 14
7 9 22
12 14 20
0 3 17
13 14 20
15 17 14
8 10 18
23 1 20
20 21 22
17 17 29
5 7 27
22 23 4
6 6 27
3 6 18
0 0 27
9 12 4
1 3 9
19 22 14
0 2 12
21 22 22
18 19 2
11 13 14
16 19 5
2 3 2
11 13 22
18 21 29
13 13 6
4 6 3
21 23 20
7 12 8
7 10 22
6 7 26
5 8 4
19 20 8
11 12 19
21 23 9
22 1 20
15 17 15
17 19 7
0 3 8
14 17 30
8 10 18
2 4 5
21 23 2
20 23 27
17 19 17
1 4 2
8 10 3
20 0 26
5 5 11
1 3 25
2 6 23
12 14 21
17 18 9
1 3 6
14 17 28
17 20 15
13 13 15
7 9 2
11 12 24
3 6 19
22 1 24
3 3 5
4 6 20
7 8 17
20 22 29
5 9 9
0 1 30
22 1 3
11 13 25
5 7 26
13 14 27
0 3 7
7 9 22
21 0 14
13 15 21
19 20 22
22 1 12
16 19 19
21 1 14
23 2 30
19 22 25
15 17 18
16 17 13
19 23 21
10 13 15
5 8 8
6 7 21
18 20 6
10 13 23
14 15 27
6 8 29
12 15 2
15 17 28
23 1 2
3 5 4
10 13 19
22 23 30
14 14 17
13 16 4
14 15 30
19 23 16
14 17 22
8 8 14
3 7 22
21 0 27
17 20 21
10 12 4
3 6 22
7 10 20
9 11 15
19 20 11
12 13 14
20 23 13
16 19 30
8 9 19
1 2 23
13 15 2
3 6 8
20 23 17
21 22 19
1 2 22
4 6 14
20 23 26
1 4 10
17 18 17
14 17 7
12 15 24
6 8 8
6 7 20
21 23 20
11 13 19
3 4 5
19 20 3
4 6 25
0 1 22
11 12 24
20 22 16
21 23 1
21 23 27
1 4 9
13 15 15
2 4 8
1 3 11
3 4 17
5 7 18
12 14 16
21 22 1
15 19 26
1 3 26
6 8 11
20 21 20
17 17 13
9 11 4
10 12 16
0 3 4
6 8 16
6 8 4
18 19 12
14 15 12
22 1 26
22 2 1
12 15 29
3 3 15
7 8 17
1 3 16
15 17 16
12 14 9
23 1 18
2 3 13
12 14 10
11 13 25
5 6 18
17 18 11
4 5 28
17 19 11
23 1 5
19 20 20
9 10 29
0 1 21
13 15 27
13 15 30
13 17 28
19 20 8
8 12 16
6 9 4
15 17 23
6 9 25
11 13 26
12 15 3
9 10 17
22 1 19
11 13 17
15 16 4
2 3 4
5 6 19
4 8 4
8 9 25
19 20 17
10 12 27
23 0 30
13 16 13
10 12 21
7 10 6
2 3 25
9 11 12
1 3 11
8 8 3
3 4 10
1 3 25
17 18 19
11 11 22
2 5 16
5 6 3
16 17 5
1 2 14
9 13 2
11 14 23
19 22 4
13 14 27
13 15 5
20 22 4
21 23 13
11 12 18
16 17 22
4 5 1
0 0 1
12 15 5
21 23 5
22 23 18
10 12 14
16 18 10
7 9 13
15 17 23
22 22 1
14 15 6
16 18 24
19 22 20
14 16 3
3 5 6
12 14 4
6 9 22
7 10 29
6 8 17
13 15 3
18 20 22
23 1 11
5 8 15
11 13 24
12 14 2
11 13 21
5 7 22
23 2 23
4 5 7
6 6 22
12 13 8
4 6 13
15 17 6
23 0 19
10 13 24
21 0 10
23 1 17
1 3 26
7 9 19
14 17 30
1 3 17
20 21 21
22 0 15
22 23 4
5 8 10
11 13 26
0 2 8
1 3 1
4 4 30
16 18 28
5 9 13
17 21 17
11 14 12
11 12 22
11 14 22
11 14 10
12 14 8
23 0 24
5 6 3
12 14 6
3 5 3
20 21 11
20 22 30
0 0 20
0 3 2
20 23 30
16 18 16
16 17 2
8 10 26
13 17 11
23 1 14
2 5 3
11 14 13
12 14 19
13 15 16
19 21 22
0 3 29
22 23 5
5 6 29
21 23 24
3 5 30
22 0 25
23 3 9
12 14 7
12 13 15
4 7 19
5 7 3
3 4 7
17 18 29
17 19 5
21 22 23
9 13 14
11 12 12
17 18 29
17 18 28
15 17 12
5 8 17
3 7 14
22 0 6
18 19 15
5 7 5
22 23 30
18 21 30
13 13 19
6 8 4
19 21 2
2 3 8
10 12 12
0 3 4
22 1 16
5 8 27
19 19 14
23 2 24
4 7 8
6 6 28
11 13 3
4 5 29
20 21 17
1 3 15
21 23 23
23 23 14
8 10 20
21 23 21
10 11 6
10 12 13
9 10 15
7 7 9
22 22 9
7 9 14
12 14 30
11 13 21
2 4 15
0 1 2
5 8 9
18 20 8
21 22 13
23 0 1
23 1 29
13 14 27
19 22 10
0 3 10
10 12 16
