3720 30
27 13 15 19 16 15 6 28 17 5 18 24 7 17 15 27 19 3 14 27 29 17 17 9 27 20 22 15 3 9 
3 4 6
5 7 21
0 1 16
18 20 10
8 10 1
9 13 20
8 11 14
10 11 12
6 9 28
16 17 8
8 11 14
23 0 8
18 21 21
0 1 17
21 23 21
0 2 26
22 1 22
11 12 5
19 22 15
1 4 12
13 14 18
6 8 15
12 14 23
3 7 26
10 13 18
2 5 18
10 13 26
18 21 24
17 19 26
7 10 21
5 7 8
2 5 21
8 9 5
2 3 27
16 18 26
2 4 6
17 20 19
20 21 4
14 16 26
19 21 18
12 14 25
9 11 15
23 0 9
20 0 7
23 2 2
19 20 12
20 23 8
18 19 24
15 18 12
11 13 7
13 15 5
14 17 23
16 18 16
13 14 18
23 23 16
20 20 25
11 12 28
17 18 26
2 3 28
22 23 12
17 21 28
9 9 30
2 3 28
23 0 17
6 9 18
19 21 8
19 21 20
1 3 30
10 10 20
2 4 29
13 16 12
18 20 9
2 4 27
15 18 20
15 15 27
11 12 2
19 20 17
21 23 26
12 14 13
0 2 21
9 11 16
3 5 1
13 15 30
3 6 21
11 13 30
3 4 1
14 15 25
15 19 28
14 16 15
18 19 25
22 0 18
10 12 30
6 8 16
21 21 19
9 12 6
7 11 21
9 11 26
12 15 20
12 14 18
12 15 14
0 4 14
23 1 8
14 14 11
5 7 9
5 7 27
6 8 4
16 17 3
19 21 7
18 20 9
15 16 23
17 20 21
9 11 15
13 13 17
20 22 22
5 8 25
23 1 7
15 16 8
14 17 20
9 12 28
16 18 6
5 8 3
23 1 7
21 22 5
23 23 13
10 10 19
2 3 12
11 14 24
3 6 12
21 22 8
21 0 26
3 3 14
23 1 15
21 23 12
16 18 4
16 19 1
4 5 29
9 11 28
18 21 16
4 7 29
11 14 29
9 12 28
17 19 27
3 5 11
0 2 28
10 10 4
16 17 18
11 13 9
19 20 20
4 6 18
18 20 4
12 14 11
22 0 18
10 12 11
17 18 15
20 22 29
21 0 20
17 18 29
1 3 29
3 5 21
21 22 22
18 19 26
21 23 27
3 5 30
22 0 25
9 11 16
14 16 25
2 4 8
1 3 8
23 2 4
17 19 13
5 8 24
2 6 27
18 19 11
2 3 25
4 6 28
14 16 2
11 12 5
20 21 25
4 6 27
7 9 20
11 13 9
8 9 1
13 17 28
19 21 24
19 21 27
14 15 6
6 8 13
21 1 21
13 14 2
0 3 26
8 11 20
7 11 28
20 0 23
21 0 15
6 9 29
18 21 9
17 17 17
18 21 5
3 6 8
10 12 17
4 7 13
17 16 10
0 2 24
13 17 6
18 19 4
6 7 24
19 22 26
14 16 5
7 9 18
6 6 21
20 23 16
22 23 18
6 7 18
18 20 28
12 13 17
20 21 23
7 8 21
19 20 20
20 21 16
11 13 18
7 8 25
13 13 27
6 9 5
0 1 4
3 6 23
18 21 17
22 0 16
12 14 29
17 19 3
13 14 21
22 0 16
17 19 12
20 21 18
10 12 24
2 2 18
9 10 20
12 15 2
10 12 5
6 7 14
14 16 30
0 2 29
19 21 7
1 3 20
3 4 22
22 1 3
1 4 29
21 22 23
17 18 22
21 23 11
20 22 19
18 20 2
5 6 23
16 16 2
8 10 30
9 12 27
15 16 28
1 3 30
6 6 10
2 4 20
0 2 20
22 0 17
9 9 14
1 2 4
13 18 24
12 12 7
6 9 25
17 18 15
6 9 29
4 7 5
2 5 22
21 23 12
3 6 27
2 5 11
4 7 18
21 22 4
15 17 21
22 0 2
23 2 13
16 19 22
13 14 5
2 5 3
5 7 26
13 15 23
19 0 9
17 20 27
3 4 8
19 22 6
8 10 12
9 11 3
4 6 30
16 18 30
23 2 9
18 21 13
21 22 20
23 2 7
7 9 24
15 15 29
3 6 19
19 21 14
22 0 9
15 17 20
4 7 28
14 16 23
0 2 13
4 6 17
20 22 20
5 7 20
18 20 15
2 4 4
10 13 23
2 5 12
10 13 15
12 15 26
18 22 29
0 1 8
13 15 29
4 5 11
17 19 22
9 11 2
1 3 16
7 9 17
6 8 20
10 12 8
7 10 27
16 17 8
8 11 20
8 11 21
22 23 2
12 13 8
11 12 1
20 23 23
2 5 5
3 6 8
1 3 27
20 23 27
19 22 26
8 8 10
15 16 15
23 23 23
0 2 9
2 4 12
1 2 17
22 0 7
8 10 19
2 5 20
10 11 27
6 9 29
23 1 6
12 14 20
22 22 3
6 7 29
4 7 9
12 14 25
22 1 27
5 7 2
3 6 30
7 9 9
3 7 24
5 6 4
7 9 1
12 15 1
19 21 30
13 15 18
12 13 13
11 13 6
3 5 22
14 16 26
17 21 26
22 23 30
4 5 1
12 15 19
8 9 2
17 20 26
19 20 22
10 12 14
2 6 11
12 14 25
6 6 27
18 20 1
11 13 22
14 17 4
18 21 2
22 23 23
21 23 26
5 6 9
15 17 11
1 3 18
4 7 29
9 9 18
14 16 19
17 18 26
21 22 12
21 0 26
20 22 30
16 19 19
9 11 25
12 16 13
11 12 11
13 15 12
22 22 21
12 13 26
5 9 13
19 21 28
9 12 24
16 19 28
14 16 5
1 4 6
4 6 8
12 14 16
0 3 7
5 8 29
4 7 4
21 1 5
12 13 14
9 12 2
6 8 23
17 19 15
16 17 18
21 23 3
2 4 13
5 8 10
18 21 9
15 19 23
11 13 28
18 21 22
0 2 3
15 16 18
14 16 21
18 21 9
12 15 9
3 6 12
4 5 16
8 10 5
9 10 14
8 9 14
11 12 25
9 10 4
4 8 15
9 11 19
13 15 3
2 4 3
2 4 23
0 3 9
14 15 5
1 3 7
2 3 25
13 14 16
4 8 28
19 22 10
17 20 10
21 0 27
22 23 21
12 14 27
14 16 25
21 22 18
18 19 25
8 10 6
11 13 12
21 23 16
5 6 21
11 13 16
17 19 27
4 5 15
7 10 20
6 7 10
7 9 6
12 15 23
10 13 4
18 20 15
2 3 7
2 3 1
18 21 27
3 5 29
20 0 18
15 18 3
7 8 20
20 22 30
3 5 6
5 8 27
0 2 27
7 9 18
3 5 27
4 7 17
11 14 30
9 11 7
23 1 15
11 14 28
18 22 29
3 6 4
16 18 11
13 15 6
7 9 19
12 13 12
2 4 1
1 4 23
8 9 4
22 0 4
22 0 7
3 7 10
21 23 4
11 14 24
6 9 9
11 13 10
5 8 21
12 14 22
15 18 13
13 15 8
22 1 6
1 4 2
10 10 29
7 8 13
15 17 13
11 12 21
12 14 12
5 8 1
9 8 2
14 17 23
1 3 24
12 16 15
6 7 12
17 19 29
12 12 24
0 0 2
17 21 5
23 1 15
4 8 8
4 6 19
13 17 3
18 18 8
4 7 25
11 14 10
15 17 13
20 21 19
6 9 3
23 2 5
23 3 6
4 7 8
22 1 3
22 23 26
23 23 10
10 12 10
18 20 10
21 23 20
11 13 19
17 18 14
2 3 7
19 21 25
8 9 8
10 10 26
1 4 8
20 0 7
7 9 4
22 0 6
5 9 2
2 4 30
17 17 11
10 12 28
5 6 19
21 23 5
19 21 14
22 23 1
12 14 10
7 10 10
21 23 30
7 9 7
14 17 29
11 12 3
6 9 25
6 8 7
10 12 30
3 4 11
1 2 4
21 20 28
7 9 11
14 17 5
15 17 12
21 23 6
3 4 1
0 3 25
4 6 10
9 13 14
3 6 25
8 11 19
6 7 13
21 23 13
0 2 24
16 18 12
15 18 11
8 10 6
20 21 24
23 1 10
22 23 3
8 10 15
5 7 14
14 16 24
6 7 21
6 8 21
18 19 4
18 21 5
0 3 5
1 4 14
10 12 16
11 13 7
11 15 27
10 11 13
12 14 25
15 17 26
11 11 2
22 23 21
11 13 27
3 6 25
14 18 15
20 22 17
8 10 1
16 18 2
11 15 17
22 0 21
20 22 25
6 7 2
17 18 1
12 15 21
22 1 4
1 2 8
17 19 27
20 20 16
21 23 6
17 19 5
15 18 23
9 11 2
2 4 19
8 12 23
17 19 9
14 15 4
21 23 23
21 0 15
10 13 15
21 23 22
4 5 17
6 7 8
12 14 18
4 5 25
22 0 22
18 19 12
11 13 3
6 7 26
22 23 21
13 17 3
4 6 14
5 8 28
14 18 8
5 7 21
21 21 25
8 11 13
18 18 9
18 21 19
17 19 8
1 2 2
23 0 16
7 9 21
18 20 25
11 13 6
2 5 18
6 7 18
0 2 9
4 6 29
7 9 30
8 11 29
17 20 19
0 2 21
21 23 7
0 3 6
2 4 24
22 23 16
3 6 1
18 20 8
7 9 1
13 15 16
22 0 13
17 21 11
22 1 6
17 18 2
8 8 11
22 3 18
17 19 24
15 17 18
10 12 18
17 21 8
4 8 11
11 14 20
4 6 22
5 6 26
23 3 6
7 10 7
18 19 30
6 9 2
5 7 22
11 12 24
1 4 20
8 10 29
22 1 28
2 4 1
5 6 12
17 18 13
11 13 24
19 21 26
0 2 29
9 11 9
20 22 4
1 3 5
14 16 12
18 20 21
1 3 26
7 8 11
21 0 6
8 9 28
12 14 18
20 23 11
12 13 5
7 9 23
11 14 24
11 13 6
6 8 22
9 10 10
9 11 25
6 8 7
22 0 27
23 1 24
18 19 3
20 23 27
12 14 3
4 5 13
13 14 13
9 10 14
16 18 7
13 14 2
9 11 15
12 14 20
20 22 14
10 13 29
11 13 26
20 23 16
20 22 7
7 10 7
8 10 26
10 13 1
6 6 12
5 8 26
9 12 18
21 22 18
22 23 25
9 13 29
4 5 14
1 2 5
20 23 10
20 22 22
5 9 4
3 5 2
23 1 1
18 19 11
14 16 4
3 4 3
22 22 12
7 9 29
21 23 29
13 14 20
19 21 6
16 18 19
17 20 16
16 17 2
12 13 14
20 21 27
4 7 13
2 2 26
19 21 21
20 22 1
6 8 17
22 1 22
19 22 12
21 0 6
16 19 18
17 20 14
8 9 19
21 22 11
16 17 11
14 15 3
11 14 15
3 5 21
19 21 16
15 17 25
4 6 2
22 0 18
12 14 21
14 18 9
12 15 24
11 12 14
18 21 25
13 13 4
17 20 12
10 10 11
5 6 6
17 20 26
18 18 6
5 8 16
6 10 18
17 18 23
1 2 16
12 14 6
18 19 7
17 19 25
15 18 21
7 9 1
13 15 22
2 3 20
18 20 9
8 10 23
11 14 18
21 0 2
22 0 24
17 19 13
22 1 8
13 14 11
18 19 14
22 1 17
18 21 22
11 14 17
18 20 25
22 0 19
17 19 23
8 11 3
7 9 15
23 2 18
13 15 27
7 9 20
23 1 20
14 14 19
23 2 30
4 7 4
13 16 28
13 13 20
2 4 5
1 4 1
14 16 30
18 20 13
15 18 9
6 8 25
15 17 29
16 19 5
21 23 15
2 3 27
6 8 19
11 12 12
19 22 9
15 17 30
15 16 24
11 12 29
8 10 16
15 17 5
18 21 25
11 12 17
10 11 7
1 2 2
20 23 19
13 15 11
16 17 25
13 16 5
1 3 19
8 10 1
21 0 1
22 2 1
11 14 3
0 2 16
5 6 27
4 6 9
21 23 2
0 1 25
8 10 28
5 7 17
2 5 27
3 4 24
14 16 13
16 19 15
23 2 28
11 12 6
22 1 17
19 20 11
9 11 4
1 3 27
5 9 28
9 11 11
17 19 22
7 9 19
0 1 3
7 9 6
3 5 22
18 20 28
22 23 28
17 21 28
18 20 4
6 8 23
10 12 13
19 22 6
11 12 11
8 10 5
0 2 27
4 7 2
16 18 30
19 22 10
3 5 20
18 20 11
0 0 6
9 11 1
16 19 22
3 4 7
12 13 8
22 0 14
8 8 29
13 16 11
10 12 24
23 1 30
10 11 4
4 4 11
5 8 18
22 1 10
14 16 9
11 13 8
21 23 14
19 22 13
15 16 7
13 16 25
23 2 25
5 5 30
7 8 5
18 19 17
6 9 22
14 13 19
0 2 11
15 16 9
11 13 24
13 15 16
6 9 15
21 23 25
6 10 26
22 0 9
5 7 28
15 18 29
10 13 5
6 10 16
13 16 7
22 0 24
0 2 16
7 8 11
0 3 21
19 20 27
2 3 20
13 15 2
21 23 3
22 1 22
22 23 5
21 23 16
21 1 1
5 8 27
17 19 26
23 2 22
9 10 9
5 8 30
19 22 18
3 5 30
22 23 12
6 9 23
18 20 26
23 0 14
15 17 25
14 17 14
12 13 24
0 1 25
3 7 3
22 0 20
13 15 15
23 1 12
5 8 27
1 1 7
8 10 14
23 2 19
17 18 7
10 11 28
8 9 18
19 21 29
18 20 27
14 18 16
18 22 14
7 9 30
23 3 26
14 16 3
6 6 19
10 11 27
8 11 25
11 12 5
10 12 7
2 3 28
11 15 1
1 3 23
15 17 3
19 21 22
12 15 30
20 22 25
7 11 29
23 1 12
1 1 16
5 7 14
1 5 6
10 13 20
14 15 28
4 6 27
7 8 16
7 7 16
16 17 9
12 14 9
16 21 7
23 0 26
22 22 6
2 4 1
10 12 12
17 19 12
0 2 14
3 6 20
7 10 4
1 2 4
13 17 23
2 5 21
14 15 9
9 11 19
21 23 27
2 5 6
10 10 13
19 21 1
12 13 8
19 23 21
14 15 22
13 16 26
23 1 26
11 11 28
18 20 21
14 16 24
9 11 21
5 8 5
10 12 26
2 4 7
11 13 4
15 17 16
17 21 30
12 15 19
20 22 8
16 17 16
17 19 24
8 11 16
22 23 30
17 20 15
22 1 5
22 22 6
4 5 20
15 17 4
2 4 14
14 17 22
18 21 6
6 8 11
21 1 9
14 18 11
16 18 10
3 5 29
11 13 23
18 21 3
9 10 8
2 5 29
16 18 5
11 12 17
5 7 2
3 5 26
5 8 24
0 4 4
10 11 4
3 6 8
12 14 2
14 15 15
11 13 25
21 0 19
23 1 25
7 9 30
4 5 8
5 7 16
12 14 16
19 17 14
15 18 5
6 7 16
11 12 23
8 8 9
23 3 17
2 3 17
5 6 11
8 8 18
21 23 13
21 0 2
22 0 2
9 10 1
22 22 28
23 1 15
8 9 19
23 0 6
18 20 1
1 2 22
17 19 13
15 16 22
14 16 15
17 18 19
13 15 10
22 23 22
12 12 4
15 16 11
2 4 18
6 8 30
2 4 13
6 8 3
10 12 6
21 23 24
15 19 24
20 22 3
4 6 14
17 16 11
6 9 27
16 17 16
22 23 8
14 18 16
21 22 30
3 5 7
1 3 1
5 7 20
20 23 19
10 11 4
10 10 22
16 19 21
12 14 18
5 6 13
5 6 26
11 12 17
7 8 1
22 23 22
19 21 19
2 5 12
20 0 7
14 15 14
8 9 14
11 14 3
18 21 30
23 0 2
5 6 27
9 11 10
14 14 30
23 2 10
17 18 26
13 16 15
22 0 4
18 22 30
20 23 18
19 21 20
11 12 12
10 11 18
18 21 27
15 17 21
2 3 29
12 15 18
20 22 8
0 3 26
4 6 13
21 0 21
7 10 1
2 6 23
15 17 30
23 1 5
2 2 27
15 17 27
16 18 30
18 20 5
15 16 9
18 21 11
19 20 19
0 3 5
9 11 20
1 4 28
18 19 17
14 16 18
21 23 19
16 17 26
2 3 22
18 19 9
17 20 28
18 21 23
16 16 7
1 3 16
12 13 12
17 19 4
2 3 24
14 17 18
12 15 28
14 17 2
10 12 19
16 16 17
16 19 6
17 18 19
21 0 3
9 11 2
17 17 27
2 5 15
20 21 13
11 13 11
3 4 26
10 13 14
16 18 27
12 13 24
0 5 30
13 14 27
15 17 17
9 11 4
21 1 16
20 20 5
6 8 25
8 11 16
16 18 23
21 23 11
12 15 8
23 0 1
15 15 22
13 15 16
11 14 3
4 6 21
9 11 14
16 17 10
22 0 4
22 0 3
7 9 4
22 1 6
12 14 6
20 22 11
6 9 28
6 9 2
13 16 3
0 0 25
15 16 10
2 4 21
3 6 29
16 18 2
13 14 29
5 7 27
22 1 8
7 7 12
3 6 22
0 2 10
22 0 3
0 4 18
9 11 11
22 1 14
22 1 29
0 2 6
6 10 14
12 15 6
5 7 28
11 14 22
4 6 28
14 16 7
6 6 17
17 19 12
17 20 30
16 16 17
20 22 18
18 20 13
15 18 15
19 20 15
15 16 1
9 11 18
20 22 29
13 16 8
6 8 28
17 19 29
21 20 20
0 1 12
2 4 6
6 8 17
7 8 19
0 2 4
21 0 21
3 6 7
19 21 27
0 4 14
7 9 16
11 14 3
4 7 15
12 15 30
16 16 26
14 15 5
9 11 17
21 0 30
21 1 25
15 17 13
17 18 27
8 8 18
15 19 23
5 8 10
2 5 7
8 9 2
15 17 3
11 13 1
0 3 26
14 17 22
14 17 27
19 21 7
14 16 10
15 15 8
8 11 29
16 18 17
6 9 30
19 21 24
7 9 30
3 5 30
5 8 24
23 0 15
22 1 29
13 15 18
15 16 27
15 17 8
4 6 1
14 16 7
20 23 14
2 4 18
14 16 3
17 20 14
15 18 14
12 15 30
5 8 5
20 22 28
1 2 27
14 15 18
4 4 1
1 4 16
7 9 24
17 20 20
11 14 16
4 5 16
7 9 10
12 13 14
9 11 3
6 7 15
22 1 4
9 11 26
9 11 18
14 17 19
4 6 9
11 13 6
23 1 22
21 23 12
2 6 15
17 19 1
18 20 8
21 23 6
23 0 30
15 18 8
1 1 18
14 16 8
15 16 16
12 12 26
5 7 26
19 21 3
0 2 7
0 2 10
4 7 21
11 13 29
23 1 12
2 4 14
7 10 16
9 11 6
15 16 5
15 19 19
22 0 29
18 19 11
23 1 10
21 23 20
15 18 28
21 23 14
7 8 23
18 19 15
4 4 27
20 22 18
10 11 6
20 23 12
14 17 7
21 0 1
18 21 8
23 2 21
12 15 16
13 15 14
21 22 16
9 11 22
21 1 30
22 23 2
11 13 29
1 2 16
8 10 7
10 12 11
20 19 3
21 22 9
11 14 4
1 3 19
22 0 3
16 17 29
10 11 9
3 5 8
18 18 24
22 23 10
13 16 15
8 10 19
3 6 25
19 21 12
7 8 21
10 15 16
16 16 21
3 4 1
14 15 6
2 4 16
1 1 21
4 7 21
15 18 4
3 5 13
0 1 13
2 3 4
18 20 18
20 22 8
19 22 15
0 1 16
15 17 25
12 15 6
6 9 23
22 0 13
14 15 10
18 20 7
14 16 9
18 18 1
8 11 11
10 13 19
15 17 22
12 12 20
13 15 11
22 1 23
21 22 8
11 12 28
10 11 12
7 8 12
0 2 18
8 11 1
23 2 8
10 13 5
12 13 9
9 11 12
14 18 12
2 4 25
13 15 29
5 6 5
3 5 10
11 14 11
22 20 25
3 7 23
18 20 21
6 8 30
0 1 19
0 2 17
11 14 16
3 4 20
6 10 27
20 22 6
21 23 29
10 12 19
18 18 1
2 4 30
16 19 21
2 5 12
1 3 7
7 11 22
3 5 24
1 2 27
2 5 10
11 12 22
16 18 28
16 19 9
7 10 9
19 20 14
11 12 1
17 19 25
19 21 13
15 16 25
14 17 30
10 10 28
20 23 23
2 5 6
16 17 14
8 10 14
1 5 22
11 13 23
12 13 3
18 21 11
4 7 11
1 3 10
20 22 24
8 9 13
21 0 11
9 11 24
18 20 23
4 5 18
0 2 14
18 21 30
11 13 16
0 1 30
12 12 3
19 23 15
10 11 15
8 12 21
18 20 26
4 5 20
11 15 28
21 0 17
11 12 29
14 16 18
20 22 9
7 7 16
19 19 21
9 11 5
16 19 23
18 21 5
22 1 17
2 3 29
15 16 25
5 7 6
10 12 8
9 8 2
1 5 8
12 15 21
21 1 13
23 0 28
23 2 8
20 21 25
14 17 11
23 2 13
4 5 2
13 15 3
20 22 15
8 9 21
14 17 4
17 18 8
11 12 16
10 12 27
6 7 20
20 22 22
13 16 12
5 7 26
17 19 29
0 2 17
2 5 5
18 20 14
4 6 29
9 10 7
15 17 27
22 22 24
17 20 7
6 8 21
8 10 28
13 15 13
11 13 23
8 11 2
15 17 18
3 5 15
7 8 28
10 12 17
1 2 16
20 21 12
19 21 23
4 3 30
4 5 6
18 19 21
3 6 19
16 18 30
13 16 4
12 14 8
4 6 20
5 8 6
0 2 5
13 17 11
2 4 10
22 23 24
7 7 30
4 5 8
13 15 26
17 21 27
20 22 23
5 6 9
18 20 2
15 19 23
4 8 23
11 13 18
12 14 20
20 23 10
0 1 25
23 2 6
1 4 2
21 22 13
10 13 16
11 11 26
9 10 1
0 3 4
9 11 11
17 18 11
21 22 11
7 8 1
15 18 14
12 13 3
23 1 23
21 23 11
12 14 21
17 19 7
23 2 30
17 20 2
11 12 5
16 17 29
21 0 21
20 23 28
20 23 10
7 7 18
22 1 10
22 1 26
6 10 21
14 16 28
22 22 3
4 7 20
20 22 19
12 12 1
5 8 19
23 23 29
5 7 22
18 19 3
9 11 6
21 0 6
5 7 16
21 21 26
9 11 28
6 8 23
22 0 16
14 16 2
6 9 9
21 23 17
14 15 19
1 3 12
17 20 16
1 2 2
7 9 30
23 3 18
22 23 1
0 2 26
17 18 21
3 6 7
23 0 8
4 7 18
7 9 9
6 8 13
9 10 1
15 15 13
21 0 14
18 20 11
14 15 21
4 6 26
18 21 8
4 5 22
15 16 3
5 7 24
21 0 25
2 6 6
8 10 17
11 15 20
21 23 17
15 18 9
18 20 12
14 16 3
10 13 19
23 2 11
9 10 6
15 18 23
0 1 25
6 8 23
0 3 20
6 8 28
9 11 17
20 21 2
8 10 24
0 3 5
2 4 4
18 20 16
6 9 30
5 7 14
12 14 13
3 5 19
13 14 8
8 10 17
7 7 20
23 23 6
4 7 2
6 8 24
12 15 1
13 15 28
16 18 15
18 19 6
6 6 13
12 15 20
4 7 3
2 4 8
13 15 17
3 5 13
17 19 12
10 11 4
6 9 19
1 4 19
19 21 10
13 14 17
21 21 8
10 11 21
8 10 15
21 23 13
8 7 18
3 4 25
0 2 1
22 1 20
15 17 10
12 15 14
21 0 23
4 5 25
19 21 14
4 5 13
14 15 30
13 16 24
2 5 15
16 18 10
22 1 19
4 7 29
22 23 10
17 18 30
14 17 27
1 2 25
0 3 24
9 10 1
13 16 13
13 15 19
8 9 19
0 3 16
13 16 28
13 14 8
5 6 30
20 23 16
7 10 25
7 9 11
16 18 12
8 10 4
6 8 29
7 10 14
1 2 14
17 18 18
21 23 14
9 11 8
10 11 23
0 2 17
20 21 3
10 14 22
1 2 11
8 11 13
15 16 8
22 1 4
16 18 6
13 15 28
5 7 18
12 13 27
3 5 6
19 20 23
8 9 30
23 1 5
5 8 18
15 15 23
20 22 14
8 10 2
6 7 1
12 15 3
11 15 12
11 12 4
5 8 7
7 9 28
10 10 11
14 17 17
11 12 6
0 0 26
20 22 13
17 19 7
19 21 15
22 1 22
13 16 13
10 12 3
19 21 24
6 7 9
7 8 3
15 17 14
20 22 15
10 14 28
17 19 18
5 8 10
2 6 12
23 0 16
19 21 14
3 6 19
13 14 30
1 3 7
12 13 24
5 8 24
1 3 12
12 14 12
2 2 22
21 23 7
12 15 30
18 20 16
8 12 22
6 9 27
18 21 28
1 3 30
8 10 3
16 18 8
13 16 8
15 15 29
9 10 27
5 6 15
5 6 27
8 9 4
19 19 23
21 23 11
15 17 29
23 2 20
18 19 18
10 12 26
4 5 22
21 23 8
16 16 25
23 2 14
13 15 13
2 3 30
8 10 29
4 7 27
12 15 11
15 17 13
6 7 28
14 14 20
12 15 9
2 5 12
12 12 2
19 20 26
19 20 23
4 6 8
19 21 27
14 16 9
7 9 23
5 8 16
2 3 17
0 3 22
22 0 12
20 23 22
10 12 16
8 10 11
14 16 29
11 13 7
23 1 4
16 17 4
1 3 13
5 6 11
22 23 2
16 17 28
12 14 7
20 23 20
11 12 15
6 7 30
1 3 9
5 8 4
11 11 5
9 11 29
12 14 24
23 1 3
19 21 12
19 22 28
6 9 1
2 4 14
6 8 19
19 20 25
2 4 29
22 0 27
22 2 2
16 16 12
10 11 25
7 10 18
6 7 15
13 14 17
2 4 22
13 16 11
13 14 11
22 2 22
5 7 26
22 23 5
21 0 21
15 17 4
3 6 12
5 8 4
9 11 17
5 7 23
16 17 15
1 4 3
19 21 13
3 5 17
3 6 4
5 7 2
13 14 17
16 19 26
5 7 16
23 1 29
21 0 28
0 2 23
15 16 23
19 21 20
14 16 13
11 13 12
18 20 24
12 15 9
5 8 22
5 7 30
20 21 13
13 15 5
20 20 15
18 21 30
21 22 13
10 12 26
13 14 25
5 7 12
0 1 13
11 13 1
7 10 8
2 4 9
6 8 27
2 3 18
13 15 1
1 4 2
7 10 27
10 13 17
20 0 13
15 18 1
11 12 12
10 13 24
21 21 7
22 0 5
9 11 3
8 10 6
1 5 28
14 15 12
13 16 24
4 7 11
10 11 28
18 20 22
23 1 11
10 12 28
11 13 4
0 3 29
3 3 8
10 12 27
16 18 6
2 4 2
11 13 29
5 7 2
1 3 3
17 18 4
13 16 21
10 11 17
2 3 15
15 19 26
4 6 7
2 3 20
20 22 26
19 21 5
0 3 30
5 9 9
19 20 28
16 17 28
13 14 12
1 6 24
16 20 4
1 3 29
23 0 28
20 22 17
0 2 14
2 4 27
13 15 20
6 8 2
15 18 25
14 16 29
2 2 2
22 1 20
2 4 22
12 14 21
4 7 11
3 4 24
14 15 17
10 14 12
14 18 3
20 22 3
20 21 30
22 1 5
22 23 1
20 22 2
10 13 3
8 10 17
11 13 11
20 21 4
7 11 27
10 13 14
11 12 4
3 5 2
17 18 28
15 18 23
12 13 30
12 15 5
3 6 13
10 12 7
13 15 21
18 20 10
2 3 12
21 22 6
16 17 28
9 11 8
0 3 12
22 1 22
20 20 24
21 23 8
4 7 2
12 14 8
16 19 28
22 1 14
9 9 3
8 10 21
16 18 5
20 23 13
15 16 10
19 20 30
2 5 25
4 5 29
16 18 21
13 15 15
6 9 7
13 15 5
17 19 10
7 9 23
12 13 7
13 16 6
15 18 25
4 6 12
19 20 7
0 1 25
6 8 7
11 11 14
15 17 13
13 15 18
18 21 29
2 4 25
17 19 6
2 4 9
15 17 9
4 7 27
11 13 4
19 21 1
6 8 29
16 18 9
8 9 17
21 23 17
17 19 11
14 15 23
7 8 14
22 1 9
18 20 2
16 19 8
17 20 12
3 5 18
3 5 10
20 23 30
3 4 14
4 5 12
18 20 17
21 22 13
19 20 26
19 22 24
5 7 12
5 7 12
14 16 22
15 16 21
12 13 17
14 17 8
6 6 1
18 19 16
23 1 1
3 6 27
21 22 23
3 4 22
2 4 23
21 21 5
7 9 30
7 7 10
17 19 17
22 1 27
7 8 21
9 11 13
22 1 3
8 10 23
16 19 30
22 0 8
20 22 6
18 20 4
8 11 27
5 6 24
0 3 27
17 18 27
15 15 20
23 2 5
15 16 11
19 21 28
8 10 6
23 2 25
21 22 2
22 1 22
5 7 4
20 23 9
5 6 2
5 8 23
23 3 26
5 7 25
6 8 10
22 1 6
23 23 17
23 3 23
7 7 3
21 0 4
20 22 5
12 15 1
2 3 10
6 8 9
19 21 21
0 3 1
7 9 16
7 9 26
20 22 20
8 9 20
13 16 29
9 11 2
5 6 15
16 18 26
18 19 8
17 20 7
4 7 22
22 1 12
16 18 11
11 11 7
7 10 30
2 5 10
7 11 8
17 20 6
14 17 16
9 8 20
23 0 6
8 10 16
21 0 18
20 22 7
16 16 19
0 2 25
1 3 20
15 16 9
21 22 4
3 5 11
20 22 16
17 18 28
13 14 28
11 13 16
4 7 13
18 20 8
1 3 23
12 13 24
14 17 23
15 19 8
8 9 11
7 8 2
17 20 26
9 11 4
7 10 7
13 16 19
22 23 20
23 3 9
22 0 16
3 5 11
9 10 7
19 21 14
18 20 15
7 10 19
18 20 4
15 17 26
17 19 25
13 17 14
2 4 17
17 20 26
20 23 29
22 0 1
11 12 14
11 13 30
18 18 24
17 17 30
14 16 28
14 15 25
6 10 17
5 7 24
17 20 17
21 2 29
18 23 30
13 16 5
15 17 7
0 2 2
21 0 14
8 9 16
2 5 3
10 12 3
7 7 17
18 20 4
3 4 8
3 5 25
4 8 10
14 16 23
14 16 1
18 19 11
22 0 19
1 1 9
16 20 4
3 7 4
22 23 24
12 14 14
19 20 24
7 8 21
13 15 6
14 15 13
23 1 12
23 2 3
21 23 14
21 23 1
5 8 19
20 20 26
22 0 26
5 8 19
20 21 1
21 22 4
21 1 30
7 9 23
10 11 25
4 7 23
12 13 21
7 8 2
20 21 3
19 21 8
5 7 13
1 3 2
14 17 21
5 7 30
2 2 25
22 0 10
17 19 5
5 8 16
18 20 21
13 14 14
18 19 25
8 11 12
4 6 23
23 0 1
0 2 20
0 1 16
5 7 17
5 6 14
3 4 30
17 19 8
18 21 9
9 11 8
0 1 6
16 18 8
6 10 21
12 14 12
23 2 11
1 1 13
12 12 1
6 9 22
17 19 21
2 5 14
8 10 23
21 22 9
21 22 7
20 21 7
20 23 6
10 13 6
16 16 3
1 1 25
3 5 21
19 22 5
13 15 8
23 1 29
11 12 20
16 18 9
20 22 16
8 10 9
8 9 21
17 20 27
23 0 25
0 1 1
11 14 17
13 13 8
10 13 23
19 20 5
15 17 6
5 7 2
2 6 16
17 18 6
14 15 4
20 23 25
12 16 27
14 17 26
11 12 22
2 4 20
1 3 18
2 3 7
9 11 8
11 12 20
23 0 18
23 23 5
19 20 18
5 7 20
13 14 23
12 13 4
1 4 10
12 16 27
1 3 15
13 14 23
16 17 14
1 2 27
5 7 9
11 12 28
23 0 6
9 12 19
0 3 18
2 3 5
14 17 19
14 16 9
5 8 23
2 4 30
6 10 19
8 11 3
1 3 11
20 22 30
8 10 1
13 14 17
5 8 27
11 14 8
15 18 1
1 2 2
15 18 8
0 1 15
8 9 29
23 1 9
3 3 5
16 18 17
1 3 15
6 6 11
4 8 1
4 6 25
16 17 23
2 5 3
8 9 24
1 2 8
18 20 29
14 15 7
12 16 24
15 16 18
10 12 1
8 11 24
15 18 29
22 2 14
19 21 30
8 11 25
7 9 11
21 22 11
2 3 15
5 9 23
16 16 26
21 0 19
19 19 30
14 17 19
4 7 5
7 8 11
17 20 24
0 0 10
4 6 11
5 7 19
2 4 3
8 12 16
16 18 28
22 0 21
16 18 24
12 14 21
9 11 27
3 3 23
9 11 8
20 23 4
14 15 11
11 12 22
13 14 27
23 1 17
6 7 20
10 12 26
11 12 20
10 11 20
22 23 23
1 4 20
0 2 21
2 4 23
4 7 12
14 16 1
9 14 18
5 7 22
13 15 30
8 9 2
20 20 17
15 18 1
15 17 26
14 16 20
9 11 21
22 23 15
1 3 8
16 18 12
4 7 22
7 9 29
1 4 28
9 13 30
23 23 27
2 5 24
9 12 12
20 23 3
9 11 7
10 13 7
5 8 9
4 6 24
22 0 16
19 21 22
23 0 24
2 4 12
7 10 7
1 5 22
4 7 24
0 2 23
23 1 9
8 11 14
20 21 30
5 7 5
16 17 5
19 21 27
15 18 22
17 18 21
19 20 22
1 5 25
14 16 25
10 12 14
6 8 22
21 22 21
13 15 15
23 2 13
22 0 28
12 15 21
14 16 29
17 17 5
5 7 18
0 3 18
10 11 8
3 5 2
10 12 27
4 5 4
14 17 11
9 10 22
20 21 26
18 19 27
18 19 27
20 23 15
22 1 25
1 4 24
7 10 14
18 20 27
3 7 24
19 21 24
14 17 17
15 17 29
18 19 12
22 1 10
1 3 3
10 14 14
10 12 10
4 6 3
23 2 15
8 9 3
7 8 1
20 23 13
18 19 12
2 6 6
16 16 3
13 15 26
9 13 1
15 16 16
6 9 14
16 18 15
4 6 14
7 7 7
10 11 4
0 2 6
7 9 26
11 13 10
12 15 15
14 16 3
2 3 14
10 14 29
14 15 26
9 11 8
23 0 23
0 2 19
17 20 3
15 15 21
2 3 15
17 20 28
10 13 17
18 19 12
5 8 14
11 10 15
17 18 24
21 21 2
18 19 7
18 21 28
21 23 27
18 19 8
7 8 16
7 10 2
8 10 22
6 9 12
16 17 3
18 20 25
20 23 10
22 1 23
13 15 21
22 1 21
20 22 21
8 9 16
12 14 12
4 5 5
20 23 5
7 11 26
1 4 30
19 20 25
20 21 4
19 21 2
17 19 28
20 23 25
0 1 17
3 6 23
2 4 22
13 15 12
21 22 24
1 4 7
20 22 9
11 12 20
0 1 16
14 15 1
17 20 9
22 0 5
22 23 22
15 17 18
4 7 24
9 12 6
23 23 28
23 1 8
21 22 20
5 8 21
23 23 3
7 9 20
21 1 20
19 20 27
7 9 30
11 13 25
14 17 10
8 11 27
4 7 13
11 12 2
8 12 5
23 1 22
1 4 25
14 17 3
10 12 5
2 3 27
7 10 2
16 18 29
23 0 1
19 21 14
14 15 28
0 3 3
12 14 2
21 23 9
17 20 27
14 18 25
23 1 18
8 9 10
18 20 22
11 14 25
11 14 30
10 10 1
12 14 24
20 21 30
23 2 25
5 7 29
21 23 4
13 14 24
17 20 14
11 11 15
2 3 11
18 20 3
15 16 19
23 0 4
4 8 28
7 11 14
21 23 19
1 3 13
17 18 16
18 20 14
16 19 11
2 3 4
12 13 30
8 10 2
11 13 7
2 3 6
23 0 13
1 2 27
1 3 2
20 23 29
1 2 27
22 0 29
5 8 28
7 10 20
5 6 14
23 23 25
7 9 23
17 20 19
22 23 18
2 5 19
0 2 14
17 20 14
19 21 27
21 21 7
21 22 28
20 22 23
20 21 4
7 10 8
18 22 2
19 21 14
7 10 20
21 22 3
9 10 13
16 17 6
5 5 14
22 23 21
13 15 23
4 7 6
6 8 8
7 7 3
5 6 21
10 12 12
21 1 30
20 21 4
20 20 22
17 20 25
18 20 24
18 22 24
23 0 6
16 19 22
19 23 17
15 15 12
20 0 23
20 0 27
17 20 27
18 17 12
23 2 9
15 16 25
17 20 11
22 0 29
18 21 19
4 6 2
6 10 17
21 23 26
4 6 7
11 12 7
18 22 2
2 4 1
15 18 16
22 1 29
3 4 12
4 6 10
14 16 21
13 17 25
6 8 28
8 10 7
5 5 14
3 5 22
0 3 13
5 6 24
19 20 15
8 10 19
2 5 13
7 9 3
14 16 24
17 20 22
4 6 2
15 18 6
12 14 26
1 3 1
2 4 15
11 12 23
5 6 20
10 10 2
0 2 2
19 21 6
4 7 15
23 1 23
5 8 25
13 15 21
15 16 27
4 7 2
15 17 10
19 21 6
9 11 28
7 8 20
2 4 1
23 23 5
5 5 7
2 6 4
23 1 7
19 21 4
1 2 24
20 21 21
0 3 25
18 20 13
22 23 25
15 17 11
3 4 15
7 9 5
22 1 19
19 22 6
3 5 8
16 20 25
13 15 1
23 23 20
18 18 7
9 11 18
10 12 1
23 0 11
7 9 26
17 18 26
18 19 5
16 18 17
0 3 6
17 18 10
4 6 25
16 18 19
22 0 16
12 13 9
15 17 4
5 7 22
2 5 17
8 10 7
3 6 13
13 14 15
14 15 13
3 7 26
17 16 30
6 8 12
12 13 20
16 17 25
19 21 21
22 1 11
22 23 18
22 23 28
13 16 5
8 10 10
23 0 26
11 14 19
19 20 14
23 0 29
9 11 12
3 4 25
15 15 23
12 14 15
11 14 13
3 6 5
19 22 11
16 19 26
7 9 10
13 15 24
9 12 6
11 13 26
17 19 24
12 15 10
14 17 29
23 0 25
22 1 15
13 13 26
21 0 14
3 4 23
4 5 16
16 19 7
19 22 8
13 15 22
15 17 30
2 5 16
16 19 6
19 20 4
16 18 23
8 11 30
22 23 14
7 9 16
4 7 11
6 9 28
23 23 29
4 7 9
9 10 10
12 13 10
10 12 21
8 10 10
21 23 10
8 9 23
5 8 8
13 17 2
10 15 7
3 6 21
23 3 19
10 11 18
11 12 24
21 0 21
18 21 5
13 14 30
10 11 30
23 23 3
8 10 19
10 11 13
12 13 30
5 6 20
18 20 18
0 0 18
10 12 30
7 7 18
2 4 15
1 3 1
0 2 1
7 9 23
20 22 17
4 8 17
22 22 9
12 14 14
11 13 26
5 7 12
4 6 11
16 15 3
18 18 30
23 0 30
22 0 25
4 6 18
14 15 1
2 5 26
22 0 1
11 11 19
2 4 10
5 6 30
1 4 26
3 5 20
10 13 22
0 2 1
11 14 23
4 4 5
11 12 21
14 15 10
11 12 2
0 2 29
17 19 13
22 1 14
15 17 5
6 8 5
18 18 12
6 8 19
4 6 25
17 20 14
15 16 27
0 3 17
9 12 10
4 6 7
22 0 4
1 3 6
21 23 30
19 21 23
5 7 29
19 22 20
5 6 8
7 10 5
1 3 9
7 10 10
15 16 21
19 19 10
10 11 16
16 18 5
0 2 13
13 14 18
20 22 7
3 6 14
10 12 3
1 2 27
21 1 21
8 9 26
22 0 24
16 20 11
10 12 22
20 22 25
15 18 11
18 21 27
2 4 30
13 15 8
5 5 18
2 5 14
23 23 21
13 15 4
3 4 27
3 4 2
21 0 4
11 14 25
10 11 15
19 21 14
20 22 27
7 10 27
14 16 11
21 23 28
21 23 9
19 22 2
15 18 19
16 19 14
10 13 25
16 18 22
5 8 25
9 12 16
11 12 4
3 3 6
1 2 3
22 0 23
4 5 26
12 15 25
8 9 26
2 4 17
15 16 26
20 21 21
18 20 4
15 17 17
23 2 20
5 7 2
16 18 10
8 10 11
16 17 10
6 8 11
10 10 3
2 4 18
15 17 30
6 6 7
23 0 1
11 12 14
11 13 6
15 16 11
4 5 14
10 11 15
5 7 19
11 11 29
20 21 18
23 1 14
8 8 22
11 14 11
1 3 17
0 3 4
10 11 3
15 18 22
17 18 4
13 13 15
4 5 15
3 6 17
20 22 18
13 16 16
2 3 27
20 21 24
12 14 24
8 10 14
17 19 9
9 10 14
17 18 2
2 6 13
11 14 16
13 15 13
10 14 15
19 21 5
10 11 1
10 12 29
7 9 3
4 6 16
8 8 22
10 13 4
7 9 5
13 14 13
23 2 11
8 10 28
6 7 13
13 17 3
23 23 3
18 19 1
14 17 30
0 2 24
9 11 11
11 12 2
2 6 3
0 2 16
0 1 23
3 6 15
23 1 11
17 18 12
2 5 23
1 2 29
7 9 20
10 13 25
10 13 5
8 10 22
9 12 16
0 2 1
21 22 29
16 19 30
23 2 12
10 13 22
2 5 16
12 13 30
10 12 17
13 16 24
1 5 15
9 11 24
11 12 16
22 0 3
5 6 11
7 9 6
7 10 2
7 11 9
3 4 12
11 12 27
15 18 7
0 1 21
5 7 4
10 14 4
7 11 2
9 10 25
13 15 30
15 17 10
14 15 8
21 23 12
20 22 12
13 15 13
15 18 17
20 0 15
12 16 1
5 7 3
9 11 10
7 7 4
15 16 2
9 12 1
17 19 9
14 17 26
4 5 7
20 21 19
13 15 28
14 13 25
5 7 24
15 17 25
22 0 20
13 15 24
7 8 19
7 9 27
14 16 22
6 8 6
16 19 9
15 17 13
18 21 2
17 20 11
4 6 14
1 3 12
15 17 24
22 1 18
14 17 23
11 13 1
13 14 1
9 10 11
13 16 11
6 7 7
22 2 24
17 18 2
19 21 30
14 16 19
23 1 8
9 10 20
2 4 15
4 6 8
2 5 6
16 18 30
10 13 9
13 17 25
3 4 4
4 8 23
23 2 15
23 2 13
14 17 28
23 0 28
23 23 13
21 23 24
1 4 20
5 8 17
16 18 13
18 20 21
9 13 23
14 17 29
19 22 13
2 5 3
4 6 10
9 12 30
7 7 9
15 18 24
7 11 24
5 7 23
19 20 1
15 18 17
18 20 6
1 3 28
13 15 8
11 13 18
14 15 9
22 1 18
14 17 22
13 15 22
13 15 6
16 18 21
17 21 6
5 8 25
1 3 19
12 14 3
11 14 7
13 16 16
15 16 6
21 21 30
8 9 10
20 21 10
3 5 15
20 22 19
7 11 5
13 15 10
20 22 15
18 19 6
15 16 29
6 9 7
16 17 1
20 22 6
16 18 20
18 19 20
6 7 18
2 3 10
3 4 18
23 0 22
0 1 29
9 11 4
16 19 9
23 0 22
0 2 29
16 17 22
11 11 22
17 19 16
22 0 21
15 17 10
21 20 26
21 23 10
11 13 7
19 20 29
22 1 12
11 13 17
0 2 25
20 22 6
12 15 6
13 15 2
9 9 5
20 23 15
10 11 7
22 1 11
15 16 29
18 20 27
10 13 3
0 3 10
15 17 9
6 10 13
14 16 23
2 5 26
22 23 26
0 3 1
22 23 10
5 5 8
21 22 26
6 7 8
3 4 25
20 22 16
0 3 11
12 13 19
10 11 15
3 4 27
1 3 14
15 18 23
19 20 21
16 19 26
20 23 8
1 2 19
12 14 13
17 19 2
5 7 17
1 3 3
10 12 6
18 20 22
1 2 14
8 10 13
4 7 15
15 17 27
1 2 14
21 23 15
19 21 4
19 20 26
20 21 9
0 1 18
12 15 26
19 21 13
18 20 28
11 14 3
22 0 13
2 3 16
7 8 10
0 3 4
11 12 16
20 23 18
11 14 12
17 18 30
0 2 4
18 22 23
19 22 9
2 2 9
14 17 8
4 6 29
15 18 1
9 12 13
22 0 24
6 8 12
19 21 23
12 15 9
10 13 25
5 8 27
5 7 6
20 1 19
13 16 25
3 6 30
19 22 24
17 20 15
14 15 5
0 0 12
3 6 9
12 16 25
15 17 24
12 13 13
15 16 10
21 23 2
10 13 7
3 4 27
12 15 6
16 18 7
15 17 25
18 21 12
10 11 6
0 1 5
20 22 16
1 5 27
2 4 29
17 20 30
8 12 26
0 3 7
15 17 23
8 11 12
4 6 1
17 20 11
17 20 18
10 11 15
15 18 24
20 21 29
23 1 9
0 1 2
21 0 16
2 5 22
23 0 7
2 4 12
6 7 12
3 6 28
18 21 13
6 9 1
6 7 5
9 10 13
4 6 15
23 1 4
0 2 26
13 16 10
12 16 19
12 15 29
18 20 26
21 22 18
7 7 3
8 10 19
21 0 22
8 11 26
0 2 11
3 6 2
1 4 22
11 14 28
19 21 28
13 15 4
22 1 15
10 10 30
8 9 1
7 9 22
8 10 21
2 5 22
4 6 23
17 19 26
12 12 27
2 3 15
14 18 22
9 10 18
17 20 27
12 13 11
17 19 18
10 12 21
22 22 15
15 17 5
22 0 4
9 12 29
20 21 27
12 12 11
2 4 8
22 2 18
8 9 24
5 7 16
21 0 4
1 5 19
15 17 3
16 18 15
3 3 29
6 7 19
1 4 11
12 16 15
3 4 19
7 10 16
4 5 2
12 13 16
22 0 20
20 21 20
18 20 27
9 11 19
23 2 20
4 7 12
19 22 9
5 5 18
22 0 7
13 15 24
5 8 30
18 21 20
5 9 21
16 17 13
6 7 22
10 10 16
1 4 17
8 9 3
9 12 30
3 8 27
19 21 25
16 17 4
3 5 10
5 6 11
16 19 27
7 8 10
0 0 10
14 17 20
22 23 26
18 20 26
13 14 14
18 21 4
21 0 13
14 15 28
1 2 30
19 20 9
13 15 12
8 11 2
14 17 21
6 7 24
19 20 21
17 18 2
20 22 23
18 20 29
0 1 8
18 20 30
2 5 10
16 19 6
14 15 18
22 23 4
22 1 19
20 21 16
18 20 26
14 16 17
11 11 2
19 21 23
22 23 19
10 13 4
11 14 13
4 6 3
22 0 5
11 15 16
13 14 17
17 19 20
21 23 10
13 16 4
4 5 1
12 14 8
23 1 2
3 5 11
23 1 25
8 10 30
12 15 20
21 23 26
12 15 30
0 0 7
10 11 22
12 13 9
22 1 18
18 20 4
20 22 9
7 8 18
5 9 18
3 6 16
16 19 2
0 1 17
20 1 1
13 15 11
19 21 21
19 21 27
12 14 3
11 14 19
19 21 2
2 4 24
11 13 3
8 11 5
11 13 10
20 21 24
4 7 3
14 16 9
13 16 4
21 23 10
19 20 8
4 5 19
22 2 30
23 0 8
19 23 3
10 12 22
4 8 27
18 21 12
9 11 8
12 14 3
8 10 19
9 11 3
11 14 8
11 13 22
5 7 1
20 22 27
14 16 24
0 3 17
16 19 27
13 13 27
11 14 18
17 18 24
22 0 20
9 11 4
13 15 10
4 6 13
17 18 21
8 10 12
18 22 16
5 7 30
17 18 5
14 17 30
6 7 6
8 11 7
5 5 9
9 11 14
18 19 29
16 18 24
15 16 19
4 5 24
14 16 10
23 0 23
19 20 14
3 6 20
10 13 3
19 21 11
8 9 13
3 6 10
3 3 3
19 21 11
0 1 14
20 23 24
7 11 23
8 9 22
18 20 27
12 14 21
21 21 23
21 0 16
23 1 7
21 22 1
6 9 22
11 11 2
22 1 5
8 8 10
13 15 2
19 20 30
3 4 2
3 4 18
4 6 4
6 6 29
13 14 6
5 7 18
21 22 4
11 14 3
9 11 25
0 3 27
10 13 30
3 6 9
13 14 22
0 2 16
5 6 11
12 14 8
0 2 12
18 18 25
12 16 21
10 12 15
7 10 29
20 22 5
21 23 10
2 4 16
18 21 26
1 4 11
12 14 2
0 2 8
6 7 25
14 16 15
11 13 28
5 5 24
21 22 21
11 13 16
18 21 19
11 11 19
0 2 27
5 7 6
21 23 12
1 2 5
8 12 19
13 16 12
22 23 20
10 12 30
7 11 25
10 11 12
9 11 10
17 19 3
6 8 15
9 11 29
12 15 22
19 20 24
5 8 9
4 8 24
16 17 20
9 11 6
14 16 4
7 8 27
17 19 19
0 2 25
6 8 15
5 5 10
2 5 7
6 9 6
15 17 14
12 13 13
0 2 30
8 9 13
21 23 10
2 4 10
19 21 3
17 19 21
16 18 7
10 12 14
22 2 22
22 22 4
12 13 22
12 13 5
9 10 30
9 9 6
23 2 7
8 11 19
8 11 26
11 13 5
5 7 2
2 2 25
2 3 1
18 18 7
18 19 3
2 4 30
0 2 20
14 17 17
21 23 6
8 11 13
4 6 10
18 21 12
5 8 16
4 6 17
2 4 23
10 12 11
9 12 30
9 11 14
18 20 28
13 14 13
20 22 5
12 13 29
14 16 30
2 5 11
7 10 24
5 7 14
10 9 8
12 13 21
3 7 6
15 18 21
9 10 27
9 11 5
22 0 21
17 19 21
13 13 3
2 3 21
3 4 25
13 14 29
5 8 24
3 5 5
19 21 28
13 16 2
22 1 8
3 3 26
23 0 21
3 6 26
17 19 7
22 0 14
23 0 22
9 10 14
15 16 26
22 0 25
16 19 23
1 3 8
2 6 5
13 15 10
7 9 17
8 11 16
18 22 8
8 9 23
13 13 20
21 23 11
17 19 26
6 10 10
21 23 26
5 4 5
22 3 9
15 16 10
10 8 20
17 20 18
7 9 28
21 1 4
1 3 27
21 0 26
7 9 22
18 22 10
10 11 13
22 0 15
18 20 24
7 9 4
10 13 13
