3790 30
23 19 25 10 24 25 6 2 1 16 14 16 6 8 30 29 14 29 27 25 23 29 17 14 21 6 29 3 16 12 
6 9 5
16 18 30
12 14 24
20 22 2
4 7 18
23 2 3
16 18 15
10 12 8
7 8 28
16 18 28
19 22 20
0 2 8
0 2 19
23 1 20
5 8 27
15 17 4
10 13 18
9 9 5
23 1 4
22 23 11
1 3 14
2 3 13
21 0 2
5 6 5
22 1 15
6 6 21
12 14 12
8 10 10
11 13 7
17 18 16
8 9 7
19 20 13
8 10 24
18 20 14
16 18 24
16 17 8
8 10 4
21 23 20
10 10 5
20 22 28
18 20 17
1 3 18
23 1 28
19 22 13
7 10 27
19 20 3
10 11 11
2 2 24
23 0 12
5 5 1
11 13 20
22 1 3
18 21 11
4 8 13
17 21 30
0 0 13
5 7 25
11 13 17
4 6 29
5 8 20
2 5 1
8 8 8
14 16 10
20 23 21
22 22 11
14 15 9
10 12 8
6 7 18
5 7 1
9 10 14
21 23 17
20 22 5
3 5 14
7 10 7
0 2 25
17 18 11
18 19 30
14 14 16
8 9 7
5 7 11
19 21 9
3 4 6
19 20 9
12 15 17
10 11 2
15 17 26
2 5 29
22 0 17
19 20 7
10 12 20
14 16 18
9 13 5
0 3 4
23 2 20
21 0 17
15 16 30
10 12 24
23 2 25
13 17 23
17 20 18
10 12 10
15 17 8
9 11 6
9 9 21
12 15 15
13 15 29
3 5 25
22 0 20
9 12 30
14 15 15
0 1 30
12 13 16
11 14 5
20 22 14
7 8 25
0 3 25
5 7 3
4 6 30
17 20 12
16 18 16
6 7 27
22 0 13
23 23 5
2 5 29
9 12 5
7 9 16
18 21 5
10 12 23
18 20 1
19 22 14
1 4 22
22 0 6
17 19 16
23 1 8
6 9 1
22 0 14
21 22 1
6 7 21
1 4 3
18 20 25
4 5 4
16 18 16
1 2 4
9 12 14
2 3 10
1 4 27
8 9 7
23 23 8
11 13 28
23 0 8
10 11 30
20 21 23
11 12 20
10 13 30
3 5 12
15 17 19
9 10 6
6 8 21
21 23 11
17 18 14
12 14 3
16 17 17
19 20 9
15 17 30
15 15 25
5 8 10
3 4 1
10 12 10
16 17 3
22 1 20
12 13 4
5 7 29
18 19 2
10 11 26
18 21 21
17 19 21
22 23 7
21 23 2
18 22 29
23 23 12
20 22 24
10 12 4
3 6 13
3 6 1
23 1 28
4 5 21
1 1 7
5 7 5
20 21 2
13 15 14
13 16 24
14 15 28
8 10 25
9 11 2
0 2 29
17 18 14
5 5 11
23 1 13
16 19 9
6 8 8
0 1 29
16 16 15
14 16 17
20 22 1
1 3 21
11 13 11
18 20 20
19 19 8
12 13 12
23 1 5
18 19 6
2 2 29
15 17 20
3 5 1
7 8 19
11 15 17
9 10 22
23 0 14
13 14 23
9 11 11
6 8 22
0 1 21
8 11 11
21 22 27
17 19 22
11 14 1
5 7 22
16 20 29
8 9 30
20 23 22
20 23 29
8 10 12
14 17 21
3 6 21
18 20 16
9 11 20
21 22 6
17 19 3
5 6 11
13 15 7
22 1 14
12 14 21
22 1 21
8 12 13
6 8 17
14 16 29
2 5 17
10 12 2
11 13 5
1 2 3
17 19 17
17 20 5
12 14 5
3 4 30
16 19 17
6 8 18
13 13 17
16 19 11
21 0 12
10 13 8
6 5 29
18 21 12
20 23 19
1 2 17
6 7 29
9 12 3
21 23 9
8 8 29
5 6 9
3 5 17
20 22 12
14 15 10
3 4 1
10 12 15
9 10 6
15 15 6
3 4 10
3 5 5
9 10 16
22 0 15
10 13 24
22 0 16
15 17 23
18 22 24
18 22 29
2 4 22
5 7 26
23 1 2
9 10 3
10 12 28
17 18 15
4 6 20
3 6 6
9 8 11
13 14 19
17 19 11
17 19 6
21 0 23
21 22 8
4 7 2
15 18 3
17 19 16
9 10 12
9 12 2
14 16 21
12 13 30
0 2 5
18 20 16
22 23 29
5 7 5
9 12 26
5 6 1
4 6 6
10 12 2
14 17 7
21 22 12
13 15 15
21 0 25
3 5 19
1 3 7
8 9 18
16 18 19
4 6 22
11 11 12
12 14 5
0 0 20
22 1 28
7 6 2
5 7 23
19 23 24
5 8 23
3 5 4
20 23 25
23 2 6
21 0 15
14 15 10
5 7 22
10 10 16
22 1 21
17 19 7
7 11 6
6 8 21
9 10 28
5 6 29
13 15 29
5 6 8
16 18 14
1 4 20
14 16 16
12 15 12
16 17 4
19 23 6
14 17 10
4 5 27
18 21 16
14 16 18
13 15 6
12 13 9
14 14 12
12 15 10
4 7 10
19 22 21
20 22 20
14 16 15
13 16 23
3 5 15
12 13 13
4 7 14
0 3 12
18 21 5
8 9 16
5 7 29
3 7 27
2 4 30
1 2 9
20 22 3
3 5 9
5 6 26
10 14 8
5 7 12
11 12 18
8 10 13
20 21 4
22 0 20
22 22 30
5 8 25
16 17 21
20 22 27
0 3 10
15 16 11
3 6 19
2 2 19
18 21 7
13 15 16
7 10 3
20 21 18
17 18 7
11 13 5
4 7 8
11 12 21
11 13 9
20 23 6
21 23 27
0 3 19
9 11 12
9 11 16
13 16 3
1 5 8
11 14 22
15 16 3
13 14 10
14 16 19
15 18 28
17 19 7
0 3 14
12 14 11
15 17 14
7 9 8
11 15 25
10 11 15
17 20 26
19 23 30
16 16 20
7 11 23
4 5 2
14 14 26
14 17 19
5 6 9
10 14 16
12 15 9
14 15 24
2 3 6
18 20 6
17 18 15
15 17 19
2 4 19
16 16 24
7 8 19
2 3 12
12 15 27
10 12 5
16 17 20
7 9 29
23 2 16
18 21 2
11 13 29
0 1 9
15 17 20
19 21 18
5 7 15
1 2 4
3 4 15
8 9 2
17 20 5
6 8 15
17 20 4
2 3 1
10 14 29
9 9 7
10 13 5
3 4 30
23 0 20
15 18 18
19 21 30
6 8 22
11 13 8
22 1 26
7 8 24
20 22 11
21 23 22
22 1 26
22 0 29
16 20 11
9 11 11
4 8 21
22 0 13
0 0 14
0 1 1
22 0 14
0 2 19
2 3 6
12 13 19
22 22 23
21 23 20
14 16 17
9 12 14
9 9 12
5 7 23
19 20 14
6 7 3
23 0 3
2 4 30
23 0 19
6 7 8
6 8 20
16 19 13
9 9 6
22 1 3
22 23 19
10 12 7
1 2 6
19 22 10
3 6 4
19 20 15
10 12 28
20 23 9
19 20 19
23 23 5
17 19 3
7 10 12
5 7 7
22 1 16
10 12 23
23 2 5
17 19 13
23 1 8
18 21 23
0 2 26
18 19 1
9 11 9
10 14 6
16 19 24
4 6 13
0 4 30
4 6 16
21 0 23
17 19 17
0 4 5
15 18 28
13 15 21
2 3 2
11 12 8
23 2 30
17 20 9
22 1 12
13 16 30
4 6 28
3 3 22
17 18 3
13 15 5
20 22 26
20 23 28
8 9 19
18 23 7
14 16 5
9 11 19
7 9 12
19 21 5
6 8 28
20 23 18
16 14 16
17 19 8
10 12 14
4 6 28
16 19 28
22 23 8
12 14 7
19 22 25
6 8 8
13 14 6
20 22 24
11 15 30
15 17 23
6 9 1
20 20 4
20 22 26
7 9 26
20 21 20
15 17 14
18 19 25
14 15 15
7 9 30
5 7 3
14 17 19
4 6 24
16 19 14
21 22 24
14 17 13
11 14 25
9 12 20
1 2 1
14 15 13
0 1 22
9 10 26
12 13 9
16 16 29
13 14 1
21 22 29
2 4 21
0 1 26
16 19 18
21 23 3
17 16 9
23 1 19
23 1 15
22 1 18
9 10 22
20 23 5
15 16 30
9 10 3
10 11 19
14 17 18
13 16 21
10 11 17
16 18 21
1 3 30
11 14 28
17 20 14
18 18 7
6 8 29
22 3 14
1 4 8
19 22 1
22 22 9
14 15 23
19 21 23
13 17 24
12 14 18
20 23 29
4 6 24
22 23 10
15 17 10
19 21 18
16 17 22
17 17 28
21 23 2
15 17 20
5 7 27
0 3 5
0 3 17
6 11 21
3 6 10
7 8 15
1 4 7
22 23 8
12 16 2
9 11 2
11 13 19
6 8 3
8 10 7
1 3 14
8 12 13
1 4 23
4 7 25
0 2 28
19 19 8
7 8 9
14 17 29
2 4 29
1 3 17
10 12 24
18 20 12
18 20 8
22 0 13
5 7 5
15 18 2
5 6 21
14 16 19
8 11 23
1 4 29
12 12 26
1 4 8
11 12 22
4 7 12
8 11 4
21 21 2
8 9 15
19 20 25
2 4 3
11 13 16
16 20 14
9 11 4
19 21 29
6 7 11
14 16 10
14 16 15
23 2 10
3 6 5
3 5 6
5 8 21
2 4 5
12 15 19
21 0 12
3 4 28
5 7 25
2 4 27
5 7 27
4 6 27
18 21 19
16 19 17
5 7 15
8 9 1
1 2 15
8 10 19
17 18 30
8 10 30
8 12 7
18 19 30
0 3 8
8 9 26
16 18 8
1 3 9
14 16 27
2 3 17
10 10 2
5 7 23
1 2 14
18 20 30
16 18 27
5 8 28
21 22 15
8 11 19
8 10 30
19 23 26
11 12 8
21 0 22
6 8 24
8 12 20
7 11 8
1 2 26
0 3 13
16 19 2
1 3 22
14 14 22
1 3 19
15 18 27
15 16 22
10 13 15
8 12 29
1 3 2
9 11 11
17 20 27
22 0 28
6 9 17
2 5 14
11 12 24
16 19 10
12 13 13
17 18 21
15 17 27
8 10 11
14 16 1
8 9 2
5 7 9
2 3 14
12 14 7
0 2 18
23 1 11
1 2 22
5 6 5
18 21 17
6 8 15
16 17 12
22 0 8
9 12 15
21 0 16
1 4 22
8 10 18
9 11 14
22 23 8
17 17 1
5 7 16
13 15 19
10 12 11
0 2 7
22 0 30
11 12 24
18 18 7
7 8 14
22 23 16
21 0 20
9 11 20
17 17 15
7 7 7
19 22 15
22 0 20
5 5 12
1 4 1
17 19 17
2 3 29
4 5 17
11 13 16
23 1 29
16 19 24
7 10 7
9 9 13
22 1 1
5 8 13
13 17 19
21 22 11
0 1 15
15 18 11
21 23 16
1 2 27
17 18 15
16 18 29
1 2 8
16 19 7
22 1 13
10 10 20
4 6 26
12 13 7
5 6 26
13 16 5
11 12 1
23 1 20
23 1 19
10 13 28
10 12 17
3 4 14
21 22 7
10 12 12
10 13 22
3 6 25
2 4 23
17 17 28
9 9 10
4 8 8
7 8 9
23 2 24
18 21 9
9 12 21
13 17 30
4 6 17
21 23 3
3 5 7
16 16 14
7 10 10
19 21 6
16 19 17
20 21 3
15 18 13
17 19 11
13 15 18
22 0 22
15 15 6
23 1 4
5 4 24
1 3 6
6 7 20
1 3 11
19 22 2
16 18 17
1 3 9
17 19 12
19 20 2
18 19 14
1 3 20
6 8 4
10 12 26
10 12 27
16 16 17
18 20 9
9 12 24
5 7 12
1 3 24
6 8 3
15 18 16
2 4 6
4 7 19
21 1 7
22 0 16
19 21 22
6 6 23
1 3 20
8 10 25
17 19 7
19 22 30
8 10 30
7 8 9
10 11 22
10 12 16
10 11 23
19 20 15
23 23 26
16 17 17
10 12 29
15 17 4
18 20 2
14 16 4
11 10 28
15 18 12
18 20 18
17 20 26
19 22 11
18 20 15
23 1 20
5 8 27
8 12 20
5 7 21
18 18 16
17 18 16
3 4 9
18 20 2
21 21 16
22 23 14
15 17 15
6 7 25
7 8 2
18 19 9
10 12 3
21 0 22
11 14 11
5 8 12
22 0 11
22 0 20
18 21 27
2 5 30
8 9 26
0 0 11
20 21 2
14 16 2
2 4 25
11 14 29
17 18 11
22 23 3
6 9 1
7 9 23
14 16 6
0 3 27
22 23 18
4 5 21
14 16 2
21 0 1
21 23 6
3 6 27
22 23 16
0 2 14
12 13 7
20 22 9
16 16 5
23 0 28
8 10 19
1 3 26
20 21 4
13 14 11
17 20 22
12 14 1
6 6 26
8 9 7
5 7 15
13 15 20
23 1 11
4 6 20
14 16 26
3 5 4
18 20 28
17 20 7
16 17 29
5 7 14
23 0 4
10 11 18
14 17 10
9 12 3
16 18 14
9 9 18
20 21 3
1 4 6
22 0 22
16 18 22
1 3 4
3 5 6
0 2 19
14 16 24
10 13 22
15 17 26
18 20 5
23 2 16
19 19 1
11 13 2
0 3 24
21 23 11
23 1 14
3 6 5
3 5 19
23 1 12
19 21 22
8 10 26
0 3 5
1 3 2
8 10 24
18 20 28
22 23 23
1 3 23
19 21 13
20 0 11
14 15 9
5 7 17
4 6 28
2 5 26
12 14 17
4 7 5
9 12 10
14 17 2
17 19 2
18 19 5
19 22 28
13 14 22
9 11 4
1 2 6
7 10 26
17 18 24
21 21 24
1 3 9
14 17 4
3 5 5
20 23 24
5 7 11
11 13 4
15 17 24
0 0 3
22 0 8
9 12 27
12 14 11
5 6 3
7 8 18
7 10 16
22 0 20
13 15 30
6 9 25
9 10 2
21 22 14
13 16 5
8 9 9
3 5 1
6 8 14
2 3 3
18 18 20
14 15 5
18 22 16
18 19 11
23 0 4
0 3 24
7 8 15
10 11 28
20 21 29
2 3 6
15 18 4
4 8 22
1 3 3
4 5 17
18 19 18
9 11 29
19 22 6
3 4 14
6 8 14
10 13 30
8 12 11
14 15 13
12 15 7
5 7 21
9 10 21
7 8 2
15 16 3
7 11 30
15 18 30
6 8 16
7 10 26
23 3 28
3 5 22
8 8 29
13 16 20
4 7 27
1 4 20
16 18 1
8 11 22
21 1 12
1 1 16
16 20 22
19 20 3
18 19 16
12 15 25
12 14 20
15 17 20
0 3 23
12 13 21
1 3 15
9 12 27
9 11 20
9 12 4
6 9 28
17 18 25
2 4 9
16 19 24
9 9 18
10 10 28
0 3 12
2 4 21
9 11 27
9 14 26
10 12 2
9 10 29
11 13 1
18 20 3
18 19 7
13 17 12
16 16 20
14 16 15
12 14 11
1 4 28
5 7 30
3 4 9
13 14 16
0 1 9
19 21 4
10 12 7
16 17 26
22 1 15
21 21 27
10 11 25
17 18 29
21 23 25
8 11 23
12 15 1
20 22 4
10 13 23
18 18 5
17 18 16
13 15 1
23 1 26
4 4 16
8 10 29
4 7 10
0 2 7
13 13 24
0 2 11
0 1 13
18 21 29
12 14 13
3 6 3
22 1 8
19 21 19
1 4 12
17 19 15
10 12 10
0 1 25
8 10 1
7 7 20
3 7 19
16 16 18
14 17 9
0 1 22
8 8 10
0 2 25
15 16 30
16 16 2
23 1 1
3 6 28
23 1 4
6 7 26
23 2 21
14 16 29
17 18 11
11 11 4
16 17 16
22 0 23
9 10 2
18 20 27
13 13 3
6 8 9
20 21 29
18 20 3
16 18 19
15 19 18
6 8 18
0 2 7
17 18 29
18 19 11
1 5 5
10 12 16
5 6 4
6 8 2
2 5 17
16 19 6
21 1 25
17 18 9
13 16 18
6 8 3
20 23 4
8 10 30
15 16 16
4 8 14
23 1 11
10 12 20
10 13 9
16 18 29
3 5 21
15 17 26
16 17 30
4 7 11
2 5 14
3 3 21
1 4 25
15 18 18
19 20 15
18 21 23
1 3 14
7 10 28
21 21 2
23 1 27
17 20 5
17 19 29
22 1 28
12 15 3
17 20 25
0 0 14
2 3 8
11 13 22
15 16 6
0 3 12
3 5 17
0 3 13
15 18 21
1 3 17
16 16 20
12 16 28
22 0 22
17 20 7
13 17 18
21 20 22
4 6 21
13 15 20
22 0 20
20 23 3
1 3 16
19 19 29
18 19 3
16 18 1
0 -1 28
4 7 10
9 12 26
14 15 21
15 17 25
23 1 6
4 7 12
21 22 9
21 22 6
14 17 14
2 5 26
23 0 27
15 16 12
6 6 2
18 21 14
6 6 15
4 7 18
18 21 20
21 0 7
17 17 1
4 6 30
6 8 3
6 8 11
21 23 21
2 3 22
22 0 23
6 8 1
0 2 18
12 14 5
5 7 22
14 16 20
5 7 27
0 2 20
7 8 23
5 6 17
12 13 7
20 0 28
23 0 10
14 16 24
0 2 8
11 14 7
17 20 13
1 4 7
10 13 30
2 4 2
16 19 11
16 16 15
13 15 10
19 22 29
5 8 11
3 5 12
21 0 30
0 1 15
16 19 17
7 8 19
11 14 9
18 20 7
5 8 11
21 0 29
21 23 15
19 21 26
8 10 13
16 18 23
15 16 2
20 21 7
12 13 20
11 14 16
9 11 9
19 21 13
13 16 9
1 1 12
0 2 26
21 22 18
8 10 30
1 0 20
4 6 1
10 11 13
12 13 17
19 22 29
13 15 1
0 2 10
7 8 23
22 23 9
14 17 18
14 16 11
4 6 28
18 18 25
13 15 3
16 17 8
9 11 2
3 5 10
20 21 17
13 14 20
13 16 23
22 1 5
9 10 18
13 16 2
4 6 3
17 18 10
19 21 12
11 14 3
18 20 6
18 18 13
9 11 7
3 4 6
4 5 3
22 23 9
16 16 21
19 21 20
13 16 15
12 14 2
0 3 28
16 17 24
19 21 25
20 22 14
23 1 20
16 19 10
7 9 28
11 11 11
6 8 7
5 7 6
4 7 15
19 22 9
9 11 18
3 5 3
3 4 28
22 23 20
20 21 9
20 23 5
19 21 21
4 6 30
9 10 16
23 1 4
3 6 15
10 13 5
16 19 4
2 3 26
13 14 24
3 5 19
0 1 21
12 16 15
13 16 28
4 5 26
2 4 11
15 16 26
0 2 12
21 0 14
7 12 20
17 18 17
13 14 28
23 0 8
2 4 15
19 23 16
2 5 12
3 4 20
14 16 19
22 22 19
14 16 27
12 14 23
5 7 25
16 19 9
17 19 11
23 0 4
21 23 18
16 19 17
4 6 18
3 7 10
2 4 24
12 15 15
1 3 2
13 14 1
11 15 13
10 14 9
7 9 7
15 18 29
7 8 1
19 20 27
2 5 23
10 14 28
10 14 27
1 2 16
8 11 25
4 4 28
15 16 26
7 7 23
23 0 3
0 2 24
2 5 22
8 9 28
22 23 20
3 7 5
18 19 16
7 9 23
5 6 14
9 12 5
10 11 13
0 2 26
0 3 30
5 7 26
11 13 12
16 18 16
10 12 25
22 23 10
13 15 17
1 4 8
7 9 5
4 7 1
7 9 25
5 6 5
3 5 8
10 12 16
10 13 5
20 20 20
2 4 3
7 8 16
20 22 11
16 18 1
1 4 6
15 16 10
10 12 18
16 16 4
21 0 25
20 22 26
22 0 17
7 9 2
11 13 5
22 1 5
9 12 14
4 6 16
10 10 9
23 0 24
20 23 4
7 9 16
12 14 9
22 1 4
7 10 11
9 10 29
3 6 12
5 8 18
19 20 5
12 13 1
14 15 12
12 12 30
0 2 13
5 8 8
22 1 28
4 6 20
7 9 10
7 8 5
4 6 16
15 17 2
14 16 11
0 3 29
21 0 24
2 4 21
2 3 2
9 12 23
18 20 13
22 2 1
8 12 13
5 6 16
22 0 4
8 9 29
12 15 6
17 19 29
8 10 14
16 18 11
6 10 1
10 13 5
11 12 25
14 17 4
14 17 19
19 22 15
15 18 21
5 6 22
22 1 30
10 12 12
3 3 11
8 9 28
3 5 8
9 9 12
20 22 7
20 22 14
11 13 26
14 16 6
7 10 20
14 17 30
11 15 29
23 1 16
16 18 29
10 11 12
8 12 18
10 13 15
8 11 25
8 10 11
1 3 12
20 23 7
2 4 24
0 1 30
5 7 22
5 8 8
15 18 16
16 18 10
7 8 30
5 7 30
5 6 5
23 0 6
10 10 23
19 20 19
23 0 21
8 9 4
13 14 23
4 5 26
19 21 9
5 7 17
17 19 9
21 0 4
22 0 14
0 1 10
5 6 5
6 7 30
10 13 12
2 3 2
18 19 17
11 12 19
2 4 10
22 0 26
15 16 14
6 7 6
16 18 29
20 21 16
22 23 20
13 16 20
16 18 8
13 15 23
13 15 30
2 4 16
10 12 20
11 13 8
22 1 7
3 4 23
0 2 12
22 1 13
14 17 9
14 16 29
6 7 26
13 16 7
14 17 17
7 8 11
12 15 22
3 4 21
22 23 17
9 10 7
12 15 13
3 5 3
17 21 29
7 9 24
19 19 25
23 2 2
4 6 9
17 17 30
5 8 20
8 10 4
15 18 2
1 3 17
17 18 12
13 14 20
15 16 20
16 17 11
8 10 7
7 9 15
8 10 4
20 23 6
1 1 27
10 12 16
6 8 10
19 21 30
9 9 24
0 2 29
17 19 28
3 4 15
19 22 8
1 1 9
12 13 5
12 15 9
16 19 15
2 4 15
15 17 27
9 10 4
3 7 27
21 22 10
1 2 16
3 4 28
3 6 3
19 21 11
6 8 7
2 3 24
1 3 30
6 7 14
11 13 15
22 23 15
12 14 26
11 13 5
20 23 19
20 22 14
9 12 6
17 20 18
17 18 16
12 14 30
18 20 2
16 18 14
18 21 3
17 18 25
20 21 26
16 18 14
19 21 5
21 0 4
19 20 16
5 7 4
7 9 29
10 13 16
20 0 2
1 1 4
14 16 29
4 7 26
0 3 25
6 9 5
2 4 24
4 4 14
11 12 2
1 1 10
9 12 13
2 4 4
19 21 5
19 21 10
0 3 28
23 0 28
3 7 15
5 8 16
19 21 11
16 17 9
23 2 6
3 5 4
10 11 16
3 7 15
21 21 21
14 16 24
22 0 1
18 19 3
13 15 12
13 15 8
6 7 16
20 22 14
0 2 17
21 23 14
22 0 7
1 3 19
2 6 8
11 13 16
21 23 11
9 11 4
2 3 27
18 20 17
4 6 28
14 15 9
12 13 25
3 4 24
14 17 19
1 4 23
8 10 8
5 7 26
14 16 11
6 6 22
22 1 15
8 10 11
8 10 23
22 23 27
22 1 22
18 20 10
3 7 29
21 23 21
18 20 8
8 10 27
1 4 19
5 7 11
11 12 18
6 8 26
0 5 24
16 19 19
4 5 17
1 4 21
18 20 12
18 21 9
18 21 9
22 0 9
11 12 23
8 10 2
21 1 10
16 17 17
1 4 24
0 4 23
3 6 19
6 11 4
18 21 8
9 10 11
17 20 27
1 3 17
0 4 20
17 18 9
8 11 21
18 20 7
6 7 3
23 1 4
7 11 14
10 13 24
8 10 28
22 0 9
6 7 18
2 4 4
11 13 16
9 12 15
15 16 24
3 3 7
0 1 21
7 7 5
18 19 13
13 16 20
11 13 2
20 21 23
15 17 8
13 16 15
12 14 4
20 22 29
22 1 29
23 1 26
0 0 3
6 6 23
6 10 16
8 9 21
19 21 13
9 13 28
14 16 3
10 13 20
1 1 18
7 8 11
12 15 25
20 22 27
11 15 26
12 15 25
5 7 8
10 12 10
9 12 5
13 16 26
6 8 18
0 0 19
7 9 8
0 0 22
7 8 29
11 15 23
13 17 5
20 22 11
21 23 7
10 13 24
4 7 12
11 14 14
13 15 27
18 21 10
18 21 22
4 8 10
9 13 24
7 9 24
11 13 23
19 22 18
20 21 17
22 22 14
19 23 16
15 18 22
12 13 2
5 8 17
1 5 20
11 13 19
7 9 5
13 15 16
0 2 9
21 0 3
20 0 29
6 6 6
9 11 21
20 19 16
2 4 28
15 16 21
17 20 19
8 10 7
11 11 16
1 3 26
15 18 21
21 23 9
13 15 15
4 5 12
17 18 9
22 1 10
12 12 5
18 21 9
16 18 8
20 21 8
10 12 26
17 19 8
7 9 7
17 19 17
5 7 9
21 0 18
14 15 20
10 12 8
6 7 19
8 10 29
9 11 8
21 0 11
13 16 13
14 16 27
14 16 24
3 5 25
17 19 17
17 18 29
0 1 28
8 8 18
19 21 19
11 14 18
3 4 15
16 18 16
19 22 25
16 18 25
2 4 29
17 19 4
8 10 26
2 3 3
1 5 16
12 13 7
0 3 11
21 23 12
12 14 13
5 7 17
11 14 21
10 13 14
15 17 16
2 3 9
10 12 27
0 2 2
22 23 14
18 21 13
10 12 23
3 5 9
7 9 10
15 17 7
17 18 23
7 7 30
19 21 1
15 16 19
23 3 7
13 14 7
13 15 26
21 0 10
20 21 4
19 20 30
19 21 17
1 2 8
5 8 11
22 0 14
8 10 21
22 1 23
5 7 30
0 2 3
4 8 14
3 6 27
18 20 17
17 20 27
10 10 17
10 14 1
13 17 19
20 21 9
21 22 20
20 22 29
22 23 11
7 8 1
22 23 20
7 9 22
17 17 9
19 22 23
4 5 24
17 18 17
5 6 25
3 5 10
22 0 8
0 0 18
12 16 15
23 2 22
0 2 12
12 14 13
16 17 18
20 23 22
15 15 16
0 2 19
13 15 20
23 2 6
23 0 29
4 7 28
19 21 30
3 6 3
12 14 12
19 22 1
11 13 13
12 14 13
1 1 8
14 17 23
18 21 23
9 10 27
19 20 9
15 18 7
9 11 4
3 5 11
8 9 4
13 15 15
17 20 5
16 18 2
0 2 7
6 8 6
5 7 23
5 6 4
3 7 29
12 14 23
6 9 16
2 3 15
19 21 25
1 3 29
0 2 14
20 23 15
14 17 22
6 9 9
3 3 15
15 17 1
22 1 12
7 8 10
9 11 30
15 15 24
18 20 9
11 13 25
18 22 16
14 16 2
1 2 10
8 12 24
13 16 25
14 14 25
0 3 9
9 12 26
9 11 2
23 22 11
22 0 29
20 22 6
18 19 9
15 16 23
13 16 13
22 0 27
17 20 14
3 6 27
6 9 28
16 18 3
18 19 12
18 19 17
16 18 5
13 15 13
3 4 10
12 13 18
16 16 14
4 6 16
19 21 12
12 15 18
0 1 29
13 16 27
12 13 1
7 9 30
0 3 18
20 21 6
16 16 10
6 8 21
17 20 28
15 15 27
12 15 7
12 13 7
10 13 5
18 20 7
17 19 14
16 18 27
0 1 12
11 13 2
8 11 12
21 0 26
19 21 4
3 5 12
17 19 15
2 2 2
3 6 11
2 4 1
15 17 11
4 5 19
3 5 3
14 18 22
0 2 27
6 8 9
7 9 8
16 18 16
7 8 12
3 6 21
17 18 26
3 5 26
14 16 18
7 8 17
22 0 16
0 1 28
0 1 13
7 8 30
5 6 30
4 6 5
2 2 13
2 4 19
20 1 9
8 9 11
0 0 12
5 7 29
22 0 29
15 16 7
11 14 1
7 10 5
16 19 17
16 19 12
23 2 16
23 23 18
13 15 23
12 13 25
16 17 25
15 17 5
1 2 4
23 1 25
20 21 14
20 23 17
6 9 15
13 14 9
20 23 16
3 3 13
18 22 18
5 8 28
6 7 27
3 7 19
5 6 24
14 17 29
0 3 11
11 13 5
4 5 29
20 22 23
1 3 23
0 3 23
15 16 16
16 17 10
23 1 12
19 23 5
2 2 28
12 13 5
8 10 24
16 17 18
7 8 11
1 2 29
7 11 7
12 15 4
17 19 14
11 12 3
15 17 24
13 15 16
6 7 29
16 19 6
12 14 2
20 23 23
7 10 26
4 6 27
19 22 18
18 18 13
2 5 28
3 3 28
14 16 2
14 16 13
20 22 6
3 4 7
12 13 4
19 21 18
3 5 29
18 21 1
5 7 15
18 20 24
22 23 19
17 18 7
13 16 20
19 21 15
14 16 5
4 7 15
2 3 23
2 5 12
12 14 16
17 20 9
23 1 10
11 12 14
9 9 29
16 18 13
5 7 17
1 3 7
18 20 26
16 18 13
21 22 19
10 12 13
13 15 19
0 2 12
3 5 18
21 22 26
19 22 14
7 10 7
9 12 2
2 3 12
8 9 2
23 1 30
5 5 29
20 23 15
5 4 8
11 14 17
15 16 26
16 17 11
20 21 29
23 0 8
0 1 10
1 5 17
13 15 9
6 8 23
20 22 29
1 1 11
19 22 5
15 17 3
9 10 14
5 8 23
5 8 10
10 12 7
15 17 7
0 3 28
19 19 15
20 23 8
17 18 26
4 6 29
10 13 2
19 21 4
15 18 13
19 21 9
7 10 15
6 8 12
11 15 9
15 16 4
1 4 29
12 14 23
19 21 26
19 22 4
21 1 26
9 11 24
23 2 29
9 9 22
13 16 19
3 4 23
16 20 8
11 12 27
1 5 13
17 18 1
3 4 18
21 0 24
0 0 19
16 18 2
15 19 2
3 5 23
5 8 10
17 20 20
0 0 11
15 17 18
19 21 24
11 14 30
8 11 5
9 11 29
20 22 6
6 9 20
19 22 17
16 16 5
16 18 11
3 4 8
8 11 6
18 20 19
17 21 14
6 8 22
12 14 1
13 16 29
17 20 11
20 21 14
4 7 27
16 19 25
11 13 1
1 1 21
21 23 15
14 16 16
21 0 11
21 23 20
17 19 22
6 9 2
19 21 21
17 19 28
21 23 30
10 12 21
16 18 28
22 0 8
21 22 10
2 4 12
0 2 17
19 20 4
13 13 19
1 6 28
19 22 6
12 14 18
23 0 22
16 18 4
17 19 12
12 13 24
7 8 25
19 21 30
21 22 22
11 12 5
22 2 9
20 23 5
7 9 13
1 3 17
9 10 23
6 10 21
23 0 5
10 11 23
14 16 25
23 0 14
22 0 3
17 19 28
21 22 5
8 10 21
6 8 24
8 9 9
14 16 1
19 22 8
15 16 11
11 13 16
1 1 22
19 21 15
14 15 19
5 9 16
22 0 17
7 10 3
18 22 12
8 10 6
1 4 4
6 8 28
16 18 29
11 14 5
19 20 18
19 21 7
10 12 13
8 8 6
23 2 14
12 14 11
16 21 26
15 18 25
3 7 28
1 4 7
10 10 7
0 1 28
2 3 29
15 18 1
16 19 5
6 9 25
20 21 26
0 3 30
8 9 4
7 8 1
20 23 20
2 5 2
22 23 13
5 7 13
21 23 12
10 11 18
9 9 10
20 23 3
14 16 15
16 16 1
1 4 26
1 3 19
20 22 21
7 8 15
13 14 10
8 9 6
13 15 9
10 10 5
23 0 29
1 3 28
1 3 24
16 17 24
5 8 16
7 9 18
10 11 26
16 18 14
18 19 11
1 2 1
5 5 24
18 19 20
23 2 1
1 3 18
12 16 8
14 14 29
8 11 15
22 0 16
9 10 14
0 2 24
4 4 5
16 18 5
11 12 17
17 19 2
23 1 22
1 2 23
19 21 28
9 11 19
1 3 5
9 12 9
13 13 1
21 22 9
9 11 15
3 5 14
21 22 30
9 12 19
4 6 24
3 3 18
15 18 25
18 19 25
10 11 22
21 1 26
23 1 20
18 20 6
15 17 4
20 20 3
21 0 4
21 23 2
14 17 4
21 23 21
21 1 17
1 3 19
3 4 1
11 14 26
3 5 17
14 16 13
18 21 27
1 0 19
3 6 11
18 20 3
12 14 12
2 4 21
13 14 14
12 14 29
22 23 28
6 7 2
10 10 28
4 8 5
22 23 14
8 10 8
20 0 26
22 0 13
10 13 2
9 11 28
21 23 20
17 18 21
7 9 23
6 9 1
21 0 15
7 9 1
21 22 9
4 5 7
23 1 23
0 2 23
12 13 27
15 16 1
18 19 20
14 15 11
23 23 2
18 21 19
14 15 26
20 22 26
6 9 20
0 2 6
20 21 27
19 20 12
20 21 4
20 21 22
10 13 23
11 13 30
16 18 5
18 21 17
11 14 20
21 23 13
10 11 1
9 11 30
8 10 16
10 12 27
7 9 21
6 9 14
8 9 25
9 10 29
4 4 19
2 4 25
19 22 10
8 10 16
13 15 28
6 8 26
11 12 18
9 13 23
10 13 29
1 3 24
0 2 9
15 17 5
8 10 13
8 9 6
0 2 25
5 7 28
13 17 27
16 18 24
6 7 12
18 19 16
10 12 15
7 8 6
12 14 15
11 13 13
19 20 9
20 22 9
0 2 17
5 8 12
23 2 22
17 19 16
9 10 27
1 2 20
22 22 3
18 20 3
9 11 16
8 9 29
6 8 7
22 1 13
22 1 7
5 5 27
20 21 4
23 1 19
8 10 11
14 16 5
12 14 16
0 1 24
12 14 18
14 16 20
1 3 26
17 18 14
8 10 15
23 1 29
6 8 18
4 7 13
14 16 17
0 3 6
3 5 2
16 20 2
15 16 17
12 13 24
23 1 16
14 16 1
8 11 5
15 17 14
7 9 10
17 19 6
22 1 10
14 15 21
22 22 28
0 3 19
22 0 30
2 4 5
3 6 26
17 19 10
4 7 21
14 16 21
12 14 4
2 5 10
0 4 2
9 12 20
3 7 2
20 23 3
19 21 26
10 12 1
9 11 28
4 6 2
19 20 4
11 13 17
18 18 11
12 13 2
13 15 19
23 0 4
19 21 12
18 20 10
23 0 6
21 23 8
6 8 16
21 23 18
20 23 23
9 10 6
2 5 14
0 1 10
17 21 7
21 21 2
22 0 25
15 18 10
23 1 2
3 6 14
12 14 23
2 4 1
4 5 16
19 20 6
10 11 17
9 12 15
5 8 29
16 16 11
11 13 7
18 20 13
14 15 18
20 22 6
17 18 7
9 11 13
14 15 16
5 7 3
15 18 28
15 16 3
22 1 11
22 23 23
6 8 10
1 2 25
6 8 25
11 12 20
8 10 5
23 3 3
16 18 23
8 9 25
23 2 9
12 14 23
12 15 7
10 12 21
0 2 27
18 21 27
9 10 20
12 12 25
19 21 22
8 9 8
21 23 29
22 0 10
6 9 30
18 18 2
18 18 22
22 0 4
14 17 28
10 13 22
18 22 22
15 16 20
2 3 30
15 17 6
23 0 27
22 0 4
6 7 20
12 14 5
6 8 6
11 13 17
14 16 2
3 5 6
1 2 29
6 8 23
22 23 15
22 23 5
10 12 6
12 15 28
5 9 21
21 0 30
10 12 3
23 0 8
17 18 17
23 0 14
3 4 25
0 1 8
17 19 18
11 11 24
23 23 27
4 7 9
20 23 13
5 8 4
9 11 14
17 17 4
8 11 25
16 18 13
5 8 18
13 13 24
8 10 17
9 10 12
19 22 3
4 8 4
21 0 28
6 9 9
19 22 7
16 19 2
15 18 16
9 11 5
14 16 30
4 6 6
2 5 24
19 21 20
22 23 25
17 19 3
2 5 21
1 3 18
1 3 3
4 4 14
11 13 28
5 7 18
7 10 18
11 14 8
8 10 1
1 5 21
1 2 13
17 18 26
12 13 6
21 1 18
23 3 8
14 16 9
18 21 9
16 17 3
22 1 21
6 7 28
16 19 13
0 2 2
9 11 7
3 5 29
16 19 30
5 8 29
23 2 20
11 14 9
0 2 5
4 6 5
22 0 6
13 13 18
6 8 22
19 21 5
21 23 27
0 1 2
5 6 5
6 8 4
4 5 26
13 15 30
7 9 18
11 15 24
12 17 13
4 5 5
8 11 5
6 8 16
2 6 9
11 14 1
13 15 19
4 5 8
2 3 28
8 10 29
17 18 13
9 10 6
15 17 18
14 19 17
17 19 5
6 8 7
4 6 1
10 11 29
14 16 4
13 15 29
10 12 7
20 23 13
9 13 28
2 5 12
3 5 6
15 19 9
17 21 12
3 6 22
2 5 8
1 2 20
18 20 30
10 13 17
6 6 22
19 21 3
0 2 27
4 5 19
11 13 18
10 11 5
0 2 28
1 1 30
8 9 28
10 13 13
18 20 13
21 1 21
4 5 18
15 17 7
6 9 11
12 14 24
3 5 22
8 9 30
2 3 23
17 18 26
16 18 20
18 20 13
17 20 3
21 22 23
5 8 19
13 15 3
5 7 13
14 17 13
4 8 12
9 11 30
8 8 12
11 13 24
9 10 23
18 19 30
16 20 4
20 23 22
16 18 19
11 14 30
10 11 12
1 3 16
10 14 14
7 9 27
9 11 2
11 14 3
3 5 10
6 7 6
17 20 16
0 1 2
10 15 17
18 19 24
7 7 29
12 13 17
2 3 21
21 23 8
9 11 15
21 0 19
12 14 4
12 14 23
21 23 27
2 4 2
3 5 15
17 19 12
23 1 6
20 22 9
12 15 12
7 10 22
14 19 1
0 3 29
17 19 4
9 11 19
0 2 23
20 21 18
15 19 12
4 6 10
16 18 22
11 15 19
14 16 11
7 9 9
4 8 13
2 4 7
1 2 3
13 13 24
6 6 14
16 19 11
2 3 19
23 3 11
19 21 4
6 6 4
4 5 25
1 4 21
20 20 3
4 6 14
4 4 11
18 19 6
19 21 19
17 19 2
14 16 22
6 8 29
12 14 15
2 4 17
11 14 24
23 3 17
0 3 27
19 20 23
13 13 4
4 5 19
17 19 19
11 12 26
12 14 7
10 10 18
8 10 6
12 14 15
19 21 15
4 8 19
13 15 24
16 19 7
16 16 26
0 3 8
12 14 6
23 0 21
12 13 22
7 11 22
18 19 21
5 7 29
16 18 3
15 18 19
4 6 17
15 16 23
10 12 24
21 21 6
11 12 28
12 14 2
9 11 29
19 21 14
8 10 6
17 17 14
14 14 23
2 4 6
18 19 9
2 5 11
11 14 10
8 10 13
9 12 11
6 8 22
18 20 26
7 10 25
9 11 26
8 10 7
11 13 7
13 16 21
18 19 7
5 7 18
20 22 26
10 12 26
8 10 24
22 0 6
15 18 27
19 22 16
11 12 29
16 18 14
21 23 26
22 0 8
10 11 29
13 15 10
0 4 15
14 15 10
1 2 26
6 9 3
13 15 27
7 9 12
21 0 4
17 17 6
23 0 3
9 12 24
15 17 4
21 21 3
1 3 21
8 11 18
0 1 4
19 21 14
7 9 27
6 10 19
12 12 8
1 2 21
4 5 12
5 6 26
1 3 20
21 23 27
5 6 2
6 9 6
16 19 7
13 16 15
14 15 16
14 16 7
12 15 12
21 23 21
9 13 19
0 3 16
1 3 12
1 3 14
2 3 27
5 7 5
15 18 4
11 13 7
4 6 10
1 1 10
1 3 14
4 7 30
11 13 21
18 18 1
10 12 20
0 0 30
22 22 14
20 21 14
22 23 23
18 21 21
7 10 1
12 15 30
12 13 21
3 4 15
12 13 29
22 0 5
11 12 28
13 15 9
7 9 17
17 19 14
6 8 23
19 19 18
8 11 22
5 7 12
1 2 8
18 19 16
8 9 10
18 21 6
14 17 26
21 23 19
0 2 12
3 4 10
9 12 12
19 22 28
21 22 22
12 14 17
4 6 7
0 3 17
21 0 28
10 13 29
19 22 30
5 8 23
20 22 30
0 1 14
11 13 1
12 14 9
2 3 24
13 15 23
11 14 19
1 3 9
4 6 21
20 20 9
17 19 22
18 20 21
4 6 10
13 15 22
13 15 11
11 13 21
1 2 22
4 5 26
16 19 24
15 17 15
1 4 5
1 4 8
16 16 13
23 2 14
8 8 15
12 13 30
15 17 11
19 20 20
12 13 26
19 22 16
8 8 24
3 3 12
3 2 30
16 17 13
0 2 19
22 23 17
7 8 1
9 11 24
18 20 30
19 21 7
22 0 5
19 20 15
1 0 30
7 8 17
7 10 9
2 5 17
10 9 2
20 23 13
13 15 11
14 17 27
3 4 18
3 4 30
3 4 29
10 13 28
23 1 15
23 0 24
14 17 19
16 19 13
2 4 11
7 8 2
21 22 7
17 18 1
19 22 5
1 3 22
4 6 7
18 19 1
0 3 17
18 20 11
13 13 14
22 23 10
11 14 30
9 10 18
13 15 26
12 14 17
11 13 22
5 6 13
20 23 18
8 9 17
16 19 17
11 13 2
17 19 21
15 18 9
11 15 29
21 0 26
21 21 21
8 10 30
17 20 29
14 14 2
12 16 25
11 14 28
22 0 12
2 3 13
0 3 7
6 8 30
13 16 30
10 13 21
4 5 13
17 17 29
2 3 22
4 6 9
1 4 9
5 7 22
23 0 4
7 10 5
15 17 29
15 16 19
15 16 27
20 23 10
22 1 18
5 7 9
12 12 10
16 18 2
4 5 13
1 3 9
0 1 17
12 14 7
22 23 8
18 21 2
22 1 28
10 12 25
22 23 30
1 4 19
19 21 18
18 21 8
20 23 22
0 3 27
8 11 2
8 9 29
0 3 29
8 10 21
23 2 28
1 2 28
13 15 5
3 6 1
21 23 3
13 15 23
4 5 29
16 19 16
15 17 9
7 9 10
5 7 5
1 4 19
6 9 8
15 16 2
1 2 12
21 22 3
10 12 21
22 23 22
14 19 17
22 0 8
3 5 9
8 10 30
19 22 19
12 15 2
19 22 19
21 22 26
0 3 7
3 4 17
18 19 26
22 23 19
1 2 28
6 8 5
7 9 23
16 16 25
13 15 17
6 8 6
6 9 14
22 1 22
10 13 4
20 21 10
23 2 27
15 17 5
23 2 1
13 15 27
12 13 9
22 1 3
16 16 19
22 23 14
15 16 3
22 0 30
15 16 9
23 2 30
19 20 6
20 23 7
4 5 26
4 7 15
3 4 20
3 8 27
14 17 7
18 20 21
18 20 13
8 11 30
1 3 2
4 7 28
21 22 13
19 21 24
1 5 17
5 8 28
19 22 10
23 1 1
14 16 11
14 16 6
4 6 13
17 20 13
5 8 15
21 22 22
12 13 17
15 17 23
0 0 1
5 7 2
21 23 9
4 7 6
20 22 12
19 20 12
13 14 13
5 8 29
18 20 15
7 9 25
10 11 22
16 17 19
1 3 14
5 5 28
10 11 13
1 4 12
5 7 22
21 23 28
13 15 13
9 11 11
4 7 24
7 9 4
17 18 4
11 14 26
19 22 29
3 4 25
14 18 16
0 1 25
2 5 12
4 7 13
5 6 11
16 18 23
22 1 8
9 12 1
21 0 19
18 19 23
7 11 14
9 13 6
10 13 15
17 18 17
7 10 9
23 1 19
8 9 20
7 10 11
17 20 9
21 0 27
12 16 12
15 18 12
14 15 13
6 7 15
13 15 28
10 13 5
10 12 1
22 22 19
22 0 10
19 21 20
19 22 24
17 18 18
14 16 27
19 22 7
5 6 18
1 2 16
14 17 7
7 9 24
4 6 27
6 11 2
20 21 5
4 6 22
14 17 24
19 21 10
6 8 28
23 0 30
16 17 21
8 10 27
20 21 18
5 5 21
16 15 12
11 14 2
19 20 2
0 2 13
8 10 5
21 23 10
11 14 2
7 11 21
9 11 8
1 3 2
22 1 3
21 23 2
18 20 22
21 0 20
3 5 22
19 21 6
23 3 16
19 22 26
23 1 6
4 5 18
8 10 26
9 11 16
22 1 22
19 22 23
2 4 19
14 16 21
18 19 24
0 3 21
3 3 26
7 10 28
0 0 1
9 12 23
1 3 3
10 11 28
12 15 17
1 2 21
1 4 22
6 9 20
12 14 16
12 13 24
2 5 3
19 20 26
11 16 12
15 16 23
7 8 26
2 4 2
8 9 3
17 20 11
14 17 11
10 11 21
9 10 15
1 2 29
19 21 19
11 15 11
22 1 13
4 3 11
9 10 28
12 14 17
12 14 5
19 21 21
12 16 23
11 13 7
14 17 14
11 14 6
3 5 6
7 10 15
20 22 15
23 0 11
14 15 26
3 5 28
13 15 28
1 2 2
0 1 16
3 4 24
9 10 26
3 6 4
0 1 26
17 19 3
6 7 1
17 19 4
2 4 9
14 14 16
17 19 10
7 9 27
22 0 19
7 8 20
14 15 3
15 18 22
18 22 22
16 20 4
19 22 20
9 8 6
10 11 11
0 3 7
4 5 12
8 10 25
21 23 12
1 3 29
20 21 4
3 5 28
16 18 16
7 9 21
9 10 21
0 2 20
13 14 17
22 0 18
3 4 11
13 16 26
17 19 26
18 21 15
15 17 15
17 17 13
6 8 29
12 15 27
1 3 9
13 17 11
1 2 19
9 11 10
0 3 26
15 16 17
23 0 18
17 19 15
23 1 2
17 19 5
3 3 26
10 12 5
22 1 29
9 11 6
16 16 16
1 4 5
10 11 17
21 23 17
2 5 27
6 9 29
16 19 30
9 10 30
15 17 7
15 17 29
17 20 30
14 16 23
2 4 6
3 4 19
0 2 3
21 0 16
2 5 19
2 5 13
3 3 18
4 7 1
10 11 23
0 3 27
21 23 3
6 8 30
8 10 2
10 13 26
0 2 18
13 17 30
17 20 27
11 14 28
18 21 22
16 19 5
6 9 13
21 0 30
13 16 26
23 1 25
17 19 1
23 0 13
7 9 7
17 19 10
13 15 12
18 20 1
1 4 6
22 0 21
5 8 8
19 20 24
4 5 19
13 14 21
15 15 13
12 14 15
18 21 26
10 14 21
3 7 20
2 5 5
15 19 21
17 17 21
1 4 12
0 1 5
7 10 27
22 23 1
13 15 6
14 15 7
14 15 28
23 0 30
3 3 28
15 17 26
20 21 12
23 23 15
7 9 4
21 23 24
13 16 29
5 8 28
17 18 17
9 10 17
22 23 1
8 12 20
20 22 8
5 6 29
17 19 4
20 23 10
20 20 16
2 5 13
23 0 21
0 2 19
23 0 18
23 1 18
12 16 29
13 17 28
23 2 5
20 21 1
0 2 15
4 5 11
15 16 18
9 11 24
13 16 17
7 10 3
20 23 18
6 9 20
3 6 10
12 13 3
13 15 23
9 11 30
18 19 4
11 13 6
20 22 21
18 19 6
8 9 11
2 4 1
15 15 30
22 0 19
22 0 28
9 11 15
6 8 6
14 17 19
8 11 17
2 6 26
20 22 22
14 16 10
7 8 24
10 12 11
10 13 2
9 11 22
11 11 28
15 17 24
22 0 7
11 13 7
13 15 19
22 23 19
6 8 27
18 20 17
4 5 23
0 1 27
21 23 9
1 3 26
1 1 12
13 15 24
5 7 28
8 9 19
9 12 5
6 7 18
3 4 15
16 17 30
7 9 2
2 5 15
1 3 17
3 5 26
10 12 19
2 4 21
3 4 13
21 23 5
22 0 23
22 23 9
19 19 29
9 11 15
8 10 8
20 23 27
18 21 23
3 5 14
17 17 14
5 7 6
16 17 28
5 7 29
10 12 21
19 22 2
22 1 30
15 17 30
10 14 5
15 18 24
21 23 16
11 14 29
18 20 8
19 22 27
5 7 2
19 21 10
17 20 8
11 14 14
6 8 30
2 5 16
5 6 16
5 8 27
14 15 24
1 1 14
8 10 15
13 15 18
23 1 18
21 23 2
8 10 5
7 9 8
10 13 8
0 3 8
6 9 27
3 6 26
7 9 4
11 15 4
1 3 17
18 20 3
9 10 7
16 17 23
11 13 28
23 1 23
9 10 23
9 12 19
6 9 28
7 9 30
14 17 21
3 5 12
13 15 15
5 6 28
7 8 10
12 14 14
9 12 29
1 3 30
3 6 7
15 19 12
4 5 25
18 22 2
5 8 23
4 6 4
2 4 1
23 1 17
0 3 28
21 1 18
4 7 13
18 21 26
21 1 23
18 19 21
22 2 3
5 7 25
8 11 27
21 23 5
7 8 30
23 2 9
20 22 6
5 9 1
17 20 12
16 19 15
23 1 11
20 22 19
13 16 7
21 1 18
16 17 13
10 11 2
18 19 18
2 5 22
14 15 4
16 17 1
18 20 19
10 11 21
6 7 26
15 17 20
5 7 6
20 23 10
0 1 19
16 20 9
6 7 12
8 10 17
19 21 2
20 1 21
1 2 29
16 18 13
16 19 7
13 15 10
4 5 3
1 4 30
15 18 2
15 16 10
17 19 21
12 13 12
17 22 2
20 23 9
1 2 9
4 6 7
8 11 8
11 12 10
9 11 14
4 5 10
11 13 9
10 13 25
9 11 28
5 7 7
12 14 23
1 4 8
6 9 25
12 13 20
11 12 7
20 23 22
6 7 1
3 5 16
22 1 1
18 20 27
5 5 28
15 19 2
0 0 27
3 5 25
3 6 26
13 14 10
18 21 4
17 19 16
1 3 26
3 5 30
13 15 27
15 16 8
17 19 17
23 0 1
16 17 17
10 12 29
8 9 17
5 7 25
1 4 6
4 5 3
19 22 27
13 13 22
4 6 10
6 10 25
20 23 23
1 4 20
19 20 1
23 0 7
13 16 11
6 8 21
20 21 3
19 20 14
18 20 5
11 12 22
22 0 22
23 1 22
23 0 4
11 11 27
14 16 6
17 21 27
3 6 10
17 19 24
4 6 3
20 21 10
11 14 3
16 17 1
1 4 20
19 21 14
7 10 27
10 11 24
11 14 23
18 20 22
7 9 3
7 10 28
6 8 4
18 19 25
10 13 10
23 1 20
14 17 5
4 7 9
4 6 11
14 16 28
13 16 28
20 22 3
18 21 3
7 9 12
23 3 22
8 10 14
12 14 3
6 7 30
4 5 1
23 0 20
22 0 2
18 20 18
17 19 30
4 6 4
22 1 14
1 3 29
20 22 30
21 23 19
13 15 5
9 12 16
8 9 29
9 9 24
6 9 11
13 16 30
20 22 9
3 3 2
18 20 21
21 0 26
19 20 18
2 3 29
1 2 23
14 17 1
16 18 28
0 2 21
0 3 20
10 10 22
9 10 18
20 21 2
12 15 8
6 7 12
11 13 19
4 8 12
1 4 23
23 0 1
18 20 11
3 6 28
8 9 18
9 11 29
20 22 26
18 19 30
16 20 14
6 6 14
4 6 29
