3840 30
26 12 4 20 11 19 27 9 14 22 14 24 12 17 22 25 16 18 26 1 1 18 8 7 27 15 6 1 16 8 
11 11 5
7 10 2
14 17 27
23 2 2
11 13 28
18 19 29
12 14 29
12 13 22
5 7 29
16 18 5
9 10 17
2 4 4
4 5 25
5 6 29
10 13 16
7 8 13
17 19 5
15 18 5
15 17 7
20 22 7
6 9 21
21 0 14
9 12 6
18 20 29
20 23 20
14 15 27
11 14 23
19 21 26
20 22 13
10 13 14
5 8 21
22 23 23
23 1 25
5 8 9
15 18 30
9 13 20
3 6 15
6 9 10
11 12 14
19 20 12
6 8 8
3 5 28
9 11 7
22 2 15
14 18 28
6 9 1
6 7 30
23 2 14
1 3 12
4 6 15
12 15 3
0 4 8
0 2 20
3 4 12
20 0 13
15 16 29
15 17 17
1 4 13
23 2 8
4 7 26
12 14 5
15 17 24
3 6 19
16 19 21
11 13 21
15 18 18
21 23 15
9 11 4
13 17 12
15 19 27
0 2 9
16 19 27
6 8 17
6 11 29
22 0 28
10 12 25
9 12 5
17 19 22
18 21 30
2 5 4
20 23 18
9 11 3
0 2 2
13 16 3
6 8 27
12 12 3
15 16 27
4 5 7
5 8 19
11 14 17
8 11 5
21 22 8
16 15 7
23 1 24
21 23 12
0 2 21
19 20 15
14 17 12
21 0 3
1 1 11
23 2 12
3 5 9
22 0 14
16 18 16
2 3 17
0 1 21
21 0 5
4 5 10
2 2 27
23 1 6
12 11 25
1 3 2
2 3 27
19 21 18
2 4 16
21 0 30
3 5 15
12 14 25
8 10 15
11 14 30
5 7 7
20 22 28
22 3 19
20 0 15
19 21 18
14 17 15
18 20 12
8 10 5
13 13 10
23 1 19
9 11 27
19 20 2
2 4 25
9 11 26
12 16 24
16 18 1
8 10 8
11 13 12
18 20 25
16 20 4
19 20 29
17 19 21
4 6 24
9 11 12
9 11 17
5 7 7
4 8 12
4 6 17
13 14 29
13 16 14
18 19 1
1 2 21
14 17 17
5 7 7
23 1 17
0 2 26
9 11 19
15 17 9
16 16 28
1 1 27
23 2 25
22 0 8
19 22 4
9 12 21
7 9 3
9 9 3
16 17 5
0 1 29
9 11 15
3 6 3
5 5 27
18 18 17
23 1 8
14 16 27
0 4 3
5 7 29
2 5 11
22 1 25
10 12 10
4 7 2
1 1 15
9 13 12
7 9 14
18 20 13
19 23 16
7 10 30
7 10 6
5 8 14
22 3 8
5 6 25
18 22 12
13 15 30
23 1 26
22 23 12
9 11 5
19 22 23
6 8 29
20 22 20
8 10 29
20 21 28
23 0 8
16 19 27
13 15 7
11 13 15
16 17 10
8 10 18
0 2 7
8 9 16
21 0 11
6 8 3
11 14 4
2 3 21
12 14 18
17 22 17
2 3 18
18 21 10
14 17 7
0 1 21
21 1 25
23 1 3
1 2 18
22 0 22
23 1 30
19 21 2
20 23 23
4 7 16
22 0 22
4 6 23
16 17 20
20 0 8
0 2 9
22 22 13
17 18 10
5 9 14
3 4 15
9 10 17
9 12 12
1 4 5
5 7 27
0 1 20
9 10 10
12 13 13
4 5 27
19 20 3
6 7 1
6 8 18
16 18 16
12 13 28
7 10 24
18 19 8
1 3 20
20 21 23
0 3 22
12 16 29
11 14 8
16 16 2
4 5 15
5 7 26
20 23 14
15 18 25
10 12 2
12 14 11
9 11 3
12 14 10
21 22 2
0 2 21
15 17 13
2 6 30
7 10 3
5 8 29
15 18 16
5 6 5
13 13 6
5 6 19
6 8 9
17 19 30
15 17 28
12 15 3
19 21 18
22 0 16
5 8 10
11 10 8
9 11 15
8 10 22
9 10 26
3 5 24
0 1 14
22 1 5
0 1 8
19 20 30
6 9 16
8 11 30
10 12 16
17 18 7
5 8 24
7 8 2
4 6 6
9 11 17
15 17 25
9 10 20
14 16 2
15 18 28
1 4 13
5 7 2
14 17 15
22 23 7
18 19 7
5 6 2
18 20 11
12 12 17
21 22 23
11 14 13
12 16 3
7 10 29
13 14 24
7 9 20
15 17 23
14 16 26
1 4 8
13 14 12
10 12 23
1 4 24
4 6 8
17 18 10
20 22 25
13 14 6
3 5 7
14 17 30
17 19 6
1 4 9
5 5 16
23 0 23
12 15 1
5 7 8
22 0 29
20 21 8
16 18 27
2 5 14
14 17 4
7 9 6
9 11 23
7 9 29
12 15 26
2 3 20
15 15 21
8 10 20
20 22 20
2 5 7
2 3 13
21 22 11
23 3 11
3 7 28
6 8 10
21 21 17
10 12 6
17 18 21
9 12 5
18 21 23
15 16 19
23 2 27
20 22 11
23 0 9
16 17 6
14 18 27
0 3 4
8 9 23
21 0 9
16 18 21
7 9 3
3 5 26
14 15 8
9 12 22
0 1 17
15 19 19
22 0 17
16 18 14
13 12 26
12 13 4
5 5 24
12 13 1
7 9 9
0 2 10
21 22 29
6 10 23
5 7 10
3 5 26
6 8 2
12 13 15
17 20 2
19 20 30
17 19 18
13 14 23
16 18 5
3 4 5
23 1 6
17 20 24
9 10 21
21 22 30
6 8 11
10 10 7
7 10 19
6 8 30
8 10 13
16 19 14
3 3 22
14 16 22
14 15 14
17 18 25
18 21 6
8 10 14
20 0 4
2 5 27
9 11 30
9 12 6
7 8 26
10 13 18
11 11 8
14 15 2
6 8 22
23 1 13
11 13 21
16 17 1
4 6 18
11 13 11
23 2 30
6 7 8
20 21 25
12 14 29
12 13 25
0 3 9
23 1 17
2 5 6
12 12 18
7 9 22
5 7 26
18 20 5
1 4 28
18 19 27
10 12 16
3 6 11
11 13 26
12 13 28
6 7 24
15 17 30
9 10 16
8 9 1
23 1 9
0 2 6
23 0 27
15 18 26
15 15 21
1 3 3
16 18 10
17 17 25
1 2 23
10 12 16
21 22 9
15 18 21
18 20 15
1 3 12
14 18 12
21 23 6
4 6 30
23 1 23
1 2 14
12 14 15
7 8 21
11 13 22
7 8 13
13 15 4
5 7 2
17 18 18
18 19 14
13 16 3
6 7 21
1 4 4
23 1 4
20 20 23
8 10 11
9 10 27
5 8 30
18 19 10
21 23 21
1 3 11
4 7 21
9 11 18
17 17 26
6 9 5
12 15 27
3 4 3
5 8 17
9 12 4
1 4 20
0 2 4
8 8 16
14 19 21
21 1 24
4 6 18
23 1 1
2 4 8
18 18 16
14 15 10
14 14 1
4 7 22
23 23 14
4 7 7
16 17 16
17 20 28
8 10 5
16 19 30
22 1 20
3 4 8
19 20 24
14 16 24
8 11 13
11 14 2
16 19 17
0 4 7
16 17 25
15 16 29
14 17 7
4 5 3
12 13 15
12 15 7
4 5 26
3 3 22
10 12 21
17 20 21
2 4 7
10 13 12
15 16 4
13 16 27
13 14 26
8 9 15
7 7 30
11 11 13
18 20 16
2 3 14
23 0 6
5 8 14
17 18 11
2 1 27
3 5 24
17 18 16
7 8 13
1 2 13
5 7 7
22 1 8
16 17 30
5 7 28
14 17 2
19 21 7
3 5 30
13 15 28
7 7 28
5 8 6
2 4 17
8 9 20
2 4 18
23 2 17
16 17 10
9 12 6
20 21 22
1 2 6
21 0 14
12 13 16
18 20 14
10 14 28
5 6 11
17 20 19
16 18 27
11 12 17
22 0 11
8 8 5
7 8 28
23 1 28
5 7 24
14 15 1
13 14 4
15 17 20
12 14 22
17 19 28
13 15 27
1 3 7
3 3 6
12 14 5
9 11 23
4 5 2
22 22 10
18 19 12
10 13 6
21 22 1
5 8 17
19 21 25
0 2 11
20 23 13
7 8 12
0 2 27
7 11 5
12 13 10
9 11 9
14 15 27
14 14 8
11 12 26
9 13 8
13 16 17
11 12 10
3 4 21
12 15 3
4 5 24
6 9 23
23 2 28
6 7 6
10 12 11
12 16 16
13 16 14
16 20 29
17 19 15
22 23 1
10 13 19
18 19 4
19 22 12
16 19 30
11 13 11
22 0 20
9 11 27
9 11 27
8 9 15
0 1 17
3 4 20
6 8 22
13 14 2
22 23 1
15 17 4
22 1 21
13 16 28
19 19 10
12 13 18
2 4 14
19 22 30
1 2 15
14 15 4
1 4 24
2 6 20
7 9 15
9 11 11
8 10 30
17 20 8
7 9 11
20 21 20
16 16 29
0 2 1
2 5 26
21 22 28
8 9 28
17 21 20
9 13 12
0 2 12
20 22 22
23 2 3
7 8 22
23 0 21
2 4 13
12 15 23
0 1 1
1 5 29
21 23 19
18 21 12
2 2 20
13 15 24
3 5 10
12 15 7
5 7 2
16 17 13
21 22 30
10 12 21
1 3 18
11 14 15
14 15 1
10 11 17
2 5 29
6 8 2
5 7 21
8 10 17
13 16 16
17 20 13
21 22 14
3 4 3
3 4 22
14 15 8
18 21 11
19 20 24
6 8 12
19 20 22
18 19 5
17 19 6
8 10 30
16 18 11
8 10 22
5 7 18
3 5 7
21 22 15
10 11 23
12 15 17
15 17 2
22 23 22
11 12 27
23 1 9
23 0 30
8 10 12
0 2 3
23 1 4
10 11 12
5 6 21
15 18 9
20 21 26
21 23 26
14 16 26
14 17 8
19 22 4
0 0 28
3 5 2
23 1 22
0 2 28
18 18 30
6 7 18
15 18 10
9 13 28
11 14 9
1 4 29
22 0 18
22 23 23
0 1 4
23 1 20
20 21 13
20 22 5
6 9 3
20 22 18
19 21 11
2 4 15
19 22 18
20 22 14
5 5 16
0 2 14
7 9 23
21 23 10
11 13 27
23 0 18
10 11 5
16 19 8
11 13 7
23 0 22
12 14 4
9 11 26
10 12 10
6 8 8
0 0 10
0 2 6
23 3 13
3 7 10
12 15 22
10 12 1
16 19 1
2 6 5
14 16 2
7 9 29
11 13 21
11 14 11
8 9 3
20 22 27
16 16 13
4 6 16
2 2 20
6 10 11
7 8 14
4 5 13
11 13 20
4 5 9
12 14 4
1 3 24
22 23 3
19 20 24
6 9 22
5 6 9
14 18 30
19 22 1
8 9 8
14 17 13
14 19 11
16 17 26
16 19 15
10 14 9
20 22 30
13 15 25
9 10 13
2 6 4
4 4 26
8 9 12
18 21 4
12 14 17
11 12 13
5 7 3
2 3 7
0 4 21
15 15 9
16 19 12
22 1 4
15 18 10
18 20 15
20 23 4
8 9 24
7 10 9
0 3 24
0 2 4
17 19 29
5 9 3
14 14 14
1 4 18
19 22 23
2 3 30
1 2 7
13 14 17
7 10 14
22 1 30
8 9 18
20 23 29
0 3 29
12 14 2
14 16 1
4 7 8
9 12 24
5 6 6
9 11 5
10 13 28
19 21 23
5 6 9
20 21 10
8 10 13
21 0 29
12 13 2
21 23 4
22 23 27
15 18 5
0 1 12
21 23 2
9 11 27
21 20 23
13 13 15
12 16 6
14 16 1
22 0 1
11 12 5
13 14 15
21 0 20
17 21 19
12 15 20
2 4 8
13 15 1
0 3 29
6 10 27
8 9 29
5 5 20
19 21 2
18 20 4
4 6 3
8 9 11
23 1 1
9 11 15
23 1 25
17 19 8
23 0 29
6 9 16
14 17 10
4 6 28
21 21 8
11 12 6
9 11 4
13 15 14
3 5 14
4 5 28
5 5 7
12 14 2
8 8 12
18 19 28
2 2 21
10 11 26
10 15 22
20 23 10
8 11 11
1 4 24
14 15 3
2 4 22
20 21 12
10 13 20
8 10 24
22 0 2
1 4 3
10 11 30
17 19 13
18 18 14
13 14 11
17 19 17
8 9 27
18 20 28
13 16 15
9 11 10
8 11 25
7 9 19
13 16 13
16 18 12
15 18 6
16 18 22
18 21 10
2 4 15
15 17 25
14 16 11
5 7 11
15 16 1
19 22 2
7 10 24
2 4 23
16 19 30
10 11 26
19 22 23
1 3 18
6 8 1
18 20 2
23 2 25
23 3 17
1 2 8
16 18 16
1 4 21
8 11 18
17 18 7
3 4 1
7 9 6
6 7 29
21 23 25
23 1 6
19 22 15
21 0 4
13 15 2
8 11 30
13 14 15
23 1 3
17 19 4
12 14 29
16 19 22
6 9 15
1 5 13
23 1 28
10 13 20
13 16 21
16 20 28
7 7 27
23 0 16
21 0 5
7 9 30
15 17 25
13 15 8
21 0 6
7 10 24
1 3 25
15 16 23
14 17 30
6 9 15
3 6 15
20 0 15
11 13 24
23 1 23
9 12 6
2 6 2
14 17 13
18 22 20
10 12 30
9 12 30
20 21 9
17 17 6
0 1 23
14 17 17
3 5 16
18 19 25
21 21 19
12 12 11
22 1 2
17 18 30
14 17 18
7 8 18
15 16 24
6 8 15
13 14 7
3 4 21
15 18 24
17 17 2
17 21 22
22 1 2
7 9 18
1 4 28
20 23 17
22 2 28
14 17 19
23 2 2
12 13 30
4 8 13
22 22 9
18 19 2
12 13 16
6 8 4
12 14 22
17 19 14
15 15 14
12 13 29
16 19 4
20 21 2
7 9 19
12 14 1
14 16 1
2 5 22
1 4 9
18 19 24
17 18 10
0 2 5
13 14 1
22 0 16
17 19 5
16 16 6
11 14 26
2 3 2
15 16 28
16 17 6
5 6 19
8 10 20
13 15 5
7 9 2
20 21 12
7 9 18
2 5 30
19 20 28
20 21 20
16 19 4
17 19 19
5 8 10
22 2 18
17 20 3
18 19 4
11 13 5
1 3 27
10 13 2
0 0 22
6 9 28
10 12 28
5 5 24
12 12 8
5 7 29
7 8 6
0 2 14
22 23 10
15 17 17
19 21 15
19 21 1
15 17 14
3 6 21
9 12 9
2 3 15
15 15 24
23 2 30
15 18 30
13 14 5
18 20 23
2 4 17
5 7 23
11 14 2
11 12 24
2 4 1
17 20 11
3 6 29
1 2 23
21 23 21
9 10 4
20 21 13
23 2 21
12 14 22
8 11 8
10 12 25
2 4 2
15 17 7
2 5 9
11 13 10
0 2 20
23 0 14
22 23 21
21 0 2
14 15 27
1 3 7
10 13 30
11 12 27
8 10 9
2 5 5
6 6 9
7 8 25
13 16 27
3 7 15
0 3 25
21 22 23
15 17 15
11 14 1
4 7 28
21 21 9
20 22 16
11 13 11
0 0 27
9 9 26
5 8 30
1 2 27
4 6 21
14 18 23
13 14 18
6 8 8
9 12 29
5 6 24
17 20 15
2 7 14
17 19 28
19 20 8
1 2 7
15 18 20
9 12 11
17 19 18
13 14 11
5 7 25
22 0 21
6 9 15
18 21 27
17 19 23
17 19 26
11 13 22
5 10 10
0 2 2
11 12 30
21 22 6
10 14 28
13 14 18
18 20 1
23 2 28
20 23 24
6 8 18
2 5 1
10 11 6
8 9 22
8 10 8
21 0 9
17 18 11
9 10 23
7 10 13
11 13 24
21 1 16
12 15 10
5 8 3
15 16 27
15 17 29
13 15 8
6 6 8
4 7 5
3 5 10
23 1 9
12 14 2
3 7 30
19 22 26
14 17 4
20 22 22
14 18 4
15 17 8
4 7 19
10 11 22
7 7 16
6 8 8
1 3 16
9 11 25
15 18 27
7 9 17
11 13 19
18 22 1
11 14 4
0 2 29
21 22 15
18 20 26
0 3 21
10 12 18
8 8 12
22 0 8
5 8 16
4 6 1
1 3 17
8 10 1
8 11 13
2 4 14
7 10 20
2 6 29
10 12 12
22 1 3
7 8 28
19 21 5
22 1 24
22 21 6
21 0 8
5 8 26
11 14 18
6 8 26
17 19 28
4 6 11
20 23 21
8 10 3
7 8 6
11 15 17
10 13 16
10 12 21
16 19 17
12 12 8
4 8 30
13 14 2
13 16 26
14 16 7
17 16 11
6 9 1
6 8 24
5 7 4
3 7 14
10 12 5
8 11 19
12 14 5
20 23 29
11 12 3
19 21 4
8 10 20
17 18 16
16 17 4
5 6 12
8 10 13
16 18 1
20 22 24
3 5 11
17 19 30
19 20 1
14 16 14
4 8 14
5 8 2
2 5 16
7 8 6
22 23 11
2 4 25
21 0 18
16 19 14
0 2 30
11 14 7
15 19 21
21 0 7
5 6 6
6 7 1
6 6 16
3 4 7
23 1 10
16 16 18
10 13 4
14 16 6
10 14 10
4 6 7
6 8 16
14 17 18
15 16 21
13 16 17
2 6 12
12 12 17
10 12 11
9 12 13
18 20 4
3 4 20
11 12 7
15 16 23
20 21 10
3 5 14
2 2 3
15 17 2
2 5 29
20 20 14
17 19 14
22 23 11
20 22 17
4 5 8
12 14 24
9 10 27
15 17 13
21 0 19
20 22 7
18 23 22
18 21 6
1 5 18
14 14 16
22 0 12
5 5 11
20 22 18
8 10 4
21 23 27
17 18 24
10 12 6
16 20 27
4 7 2
22 0 9
20 22 13
2 4 11
21 0 29
20 23 30
0 1 24
17 20 20
13 12 27
17 20 24
2 4 27
2 5 28
19 21 25
2 4 23
7 11 8
1 3 10
20 0 8
3 4 28
5 6 3
2 3 24
22 0 27
1 4 29
18 21 29
11 14 19
8 10 29
8 11 13
4 6 5
1 1 24
6 6 2
15 17 17
13 15 21
21 0 27
14 16 2
0 2 29
19 22 12
0 2 8
11 14 24
4 7 18
12 13 16
8 9 23
0 2 14
23 1 21
19 21 12
2 4 2
13 15 17
15 19 13
6 9 28
5 7 7
12 14 6
22 23 11
7 10 21
2 3 21
15 18 16
14 14 22
4 6 25
20 23 3
1 3 17
20 21 29
0 2 30
4 6 11
13 16 14
20 22 27
21 23 23
12 17 20
10 13 25
3 3 7
7 8 13
10 10 2
1 2 2
18 20 9
7 11 25
10 10 24
5 6 17
20 20 21
0 2 3
14 16 14
19 22 12
12 15 13
0 3 28
18 20 16
16 18 14
21 22 10
23 0 13
16 18 23
7 9 17
13 13 29
4 7 14
10 12 16
18 20 10
13 14 23
17 17 13
5 8 23
17 18 25
17 20 17
5 7 30
3 5 30
23 1 7
7 10 20
13 15 14
20 21 24
6 8 4
4 6 28
15 18 23
3 6 3
15 16 15
21 0 13
19 20 27
19 22 11
23 0 10
16 18 9
19 21 30
22 0 8
20 21 19
18 20 12
9 11 22
21 23 2
6 8 4
0 2 20
19 21 26
21 0 5
4 6 15
0 1 27
20 22 4
18 20 7
8 11 19
23 3 13
7 10 22
12 15 22
1 2 13
6 8 23
1 2 15
6 8 3
13 14 6
15 17 21
3 5 4
1 3 2
14 15 23
19 21 29
18 20 28
23 23 18
14 15 18
4 6 15
4 5 11
9 11 25
16 18 15
19 21 1
6 8 3
20 23 24
11 13 19
17 20 29
13 14 15
4 6 7
13 17 27
5 7 8
14 16 27
4 6 17
19 20 1
9 13 10
11 13 27
12 16 23
20 22 12
0 1 11
5 8 1
1 2 14
4 7 29
15 19 13
21 0 3
7 8 5
3 5 2
17 19 14
3 4 26
16 18 25
15 17 28
21 23 14
2 5 24
3 7 5
22 1 12
6 9 9
13 15 22
14 16 19
9 11 28
22 23 24
9 11 15
20 21 14
10 12 6
11 11 28
4 7 30
12 14 26
22 0 28
7 9 28
3 5 10
15 17 12
15 16 20
0 2 26
16 17 3
23 0 29
10 13 2
8 9 22
15 16 23
7 9 19
16 18 16
6 9 14
16 18 5
21 22 27
10 12 3
21 23 12
0 4 24
16 18 17
2 5 17
19 22 7
19 22 13
13 15 1
12 15 30
17 18 20
14 14 17
3 5 7
1 5 12
7 10 9
5 9 15
14 17 23
20 21 26
4 7 26
16 17 29
15 17 11
6 8 26
12 14 2
2 4 16
14 16 9
14 15 7
1 3 4
14 14 12
21 22 22
18 21 23
23 0 21
21 23 12
6 10 7
19 22 22
6 8 21
6 7 15
9 10 11
17 19 27
19 21 2
21 0 28
7 9 3
18 21 4
19 21 26
7 9 6
8 11 11
14 17 24
22 1 22
12 14 22
0 2 8
16 19 8
11 11 27
3 4 13
16 18 4
23 1 7
9 11 28
21 23 20
13 17 3
8 9 25
4 5 22
12 14 20
7 10 8
3 6 25
23 1 30
9 10 17
6 7 13
18 20 16
23 0 5
18 21 23
5 7 18
22 22 26
14 17 6
18 17 24
23 0 8
15 18 29
16 19 29
10 14 17
21 2 9
15 17 14
23 3 26
6 9 2
5 6 30
11 15 5
6 6 20
7 9 29
6 9 12
8 10 8
11 14 3
8 9 21
23 0 15
13 16 20
11 14 12
12 14 1
7 9 21
21 1 7
7 10 9
17 19 13
15 17 4
11 14 26
22 23 16
8 11 19
11 14 15
17 17 17
1 3 14
17 18 26
14 18 8
9 11 19
23 1 27
8 10 26
18 20 27
3 6 18
5 6 3
17 20 14
6 7 7
18 21 1
19 22 19
10 12 14
15 18 22
8 10 16
0 1 29
7 8 19
6 8 11
1 2 14
17 19 7
21 22 28
19 21 21
10 12 29
13 16 21
13 17 7
1 4 11
19 21 20
1 4 23
10 12 8
2 5 13
21 0 14
5 8 2
14 15 29
20 21 27
21 0 16
9 13 17
23 1 9
20 21 16
13 17 12
0 3 7
20 22 12
6 8 6
17 20 19
4 8 20
4 6 15
1 4 23
0 2 7
8 10 15
16 18 15
8 9 24
4 6 8
1 2 5
13 14 17
17 20 10
1 1 25
19 21 8
6 5 14
18 19 22
15 18 11
8 11 1
14 15 23
22 1 8
23 3 5
12 15 1
3 7 19
16 18 27
10 13 11
3 6 18
23 0 9
17 19 27
18 20 22
3 4 8
1 3 16
19 20 28
14 15 20
12 13 19
19 20 3
18 19 10
17 18 13
16 18 21
14 17 1
21 22 29
1 4 17
0 0 23
3 6 12
8 10 15
16 19 11
15 15 23
15 17 10
15 17 16
2 3 7
13 16 18
2 4 27
8 10 12
16 19 9
20 22 24
12 14 12
2 3 26
16 19 6
7 9 2
4 5 30
17 17 16
6 8 21
6 7 15
23 1 4
20 23 27
23 3 20
5 7 5
2 5 2
16 18 15
16 19 18
9 12 21
14 17 15
20 22 11
4 6 23
14 15 18
20 22 11
14 16 3
5 7 3
20 21 9
10 13 12
18 20 28
3 5 26
11 13 24
15 18 9
14 15 11
3 5 22
23 3 24
2 4 14
8 8 10
17 19 8
5 7 22
1 2 6
4 6 22
17 19 9
20 23 5
19 20 21
17 18 26
9 10 14
0 1 16
11 13 10
11 12 7
3 7 14
8 10 10
6 9 22
0 1 15
3 3 7
12 12 8
19 21 2
2 6 12
1 1 6
1 4 26
1 2 6
4 5 30
17 19 4
1 4 2
10 10 21
8 9 28
4 6 7
23 2 12
8 9 17
21 22 18
6 9 30
5 6 5
18 21 17
19 21 25
0 1 5
9 10 10
4 5 15
10 12 30
8 8 25
1 2 27
3 5 5
18 20 16
20 22 10
23 2 11
11 13 4
11 12 25
4 5 14
22 0 15
7 7 4
21 23 22
9 11 18
18 20 10
16 17 26
19 23 22
18 19 5
12 15 22
3 4 27
11 14 1
19 20 13
23 0 17
11 12 20
12 14 24
13 15 2
21 1 9
9 10 18
3 5 21
10 13 14
23 0 16
12 15 21
23 1 14
19 19 21
18 20 13
7 9 12
9 11 26
23 1 3
4 7 4
22 23 2
7 9 11
0 5 1
18 19 17
18 20 30
9 10 17
23 2 1
11 14 7
15 16 1
5 7 12
19 21 9
6 7 6
12 13 1
6 8 7
5 7 23
19 20 9
18 20 6
22 1 25
17 19 6
10 12 25
5 5 2
16 18 1
1 3 15
19 21 29
3 6 10
19 22 7
7 8 6
12 14 21
14 17 10
10 13 17
16 18 25
11 13 17
9 12 29
10 11 18
19 23 21
18 19 30
20 20 10
3 3 18
19 20 24
23 1 1
9 11 8
11 14 16
10 10 11
10 12 23
0 1 1
12 14 12
6 7 25
10 11 8
2 6 17
4 7 20
23 1 23
23 0 2
17 19 29
6 8 19
14 15 21
22 1 6
17 19 11
8 10 8
6 7 18
20 21 8
6 9 14
4 5 25
21 23 15
17 19 7
0 2 27
23 2 27
0 2 4
10 12 26
13 15 17
14 17 28
21 22 23
21 2 27
12 14 25
18 22 12
5 6 29
9 12 17
2 5 2
22 0 26
17 20 14
9 11 3
3 7 7
16 17 1
4 6 4
1 4 5
3 5 4
14 15 23
5 8 16
17 20 5
5 7 20
7 9 24
12 13 4
17 20 14
9 13 20
6 10 8
10 12 21
23 2 19
1 1 20
12 15 29
14 16 3
10 11 20
9 11 22
9 11 27
17 17 9
5 6 13
21 23 2
18 20 30
13 16 2
12 15 1
7 7 15
19 22 29
4 6 25
22 23 6
1 3 29
23 1 8
7 10 18
1 4 28
10 12 10
10 12 10
8 10 21
7 8 22
21 22 6
1 3 25
4 6 2
12 14 30
8 10 29
9 11 7
12 15 2
6 8 26
4 7 7
8 9 27
23 1 8
5 7 13
9 9 19
15 16 26
18 21 5
19 20 24
15 17 27
22 1 3
21 23 11
4 7 27
15 19 23
10 11 27
22 2 23
20 22 26
14 17 1
2 3 20
7 11 26
12 13 23
11 14 22
12 14 16
18 21 23
21 1 20
8 10 11
0 2 16
4 5 18
6 7 21
19 21 11
3 4 4
16 18 18
22 23 30
11 13 8
13 15 16
4 5 8
10 10 2
21 0 29
14 16 13
8 10 13
7 8 18
4 5 21
15 17 23
23 2 30
9 11 3
18 20 22
18 21 13
16 18 18
7 9 25
16 19 6
1 3 6
8 10 27
0 2 9
2 5 11
15 19 20
19 21 4
2 4 27
2 3 25
17 19 5
18 21 1
10 12 27
13 15 19
20 21 16
10 12 8
13 15 24
14 14 12
20 0 15
18 21 9
4 7 1
16 17 21
17 18 25
20 22 28
16 19 2
4 8 23
1 4 7
8 9 7
7 9 15
20 21 30
0 2 25
15 19 16
3 4 9
0 1 20
2 4 27
4 6 24
15 18 7
5 6 8
13 15 1
7 8 24
12 11 20
8 12 24
13 15 3
4 5 16
13 15 29
11 15 27
9 10 11
19 21 3
14 18 4
7 10 27
14 16 28
11 13 29
11 13 4
8 9 21
0 1 13
12 14 2
1 3 21
22 23 2
13 14 19
7 10 8
11 12 18
22 0 18
22 0 12
0 3 20
12 13 13
20 20 14
1 5 5
4 6 24
8 12 30
18 20 27
12 15 29
10 11 20
9 13 3
20 23 19
3 5 5
15 17 15
21 23 4
16 18 10
3 6 28
11 13 11
12 14 23
18 20 19
9 10 9
3 4 29
17 20 9
12 15 17
6 9 21
14 16 12
11 12 23
8 10 13
13 15 10
0 2 7
0 2 28
18 20 2
9 12 1
14 15 28
20 22 14
17 20 28
20 23 2
13 15 26
13 16 2
3 5 14
16 18 3
12 13 26
17 19 27
11 12 20
12 15 5
9 13 28
18 20 14
4 7 3
17 18 14
16 18 25
2 5 27
6 9 18
2 4 26
0 0 26
1 3 6
11 14 4
23 1 11
12 16 21
20 21 14
8 11 9
13 16 25
20 23 28
14 16 9
15 17 4
5 6 24
22 1 24
5 7 5
8 9 11
4 6 5
1 5 12
17 19 17
16 17 8
8 8 8
6 8 2
19 20 4
12 13 8
20 23 8
5 6 8
15 17 17
11 13 9
10 11 24
12 14 29
9 11 26
5 7 13
23 0 19
12 15 4
11 14 6
0 2 9
13 15 9
5 4 9
16 20 15
2 4 14
23 0 25
18 20 4
11 13 28
3 5 29
7 11 13
23 1 12
2 4 18
12 14 20
5 7 22
3 5 4
16 19 28
22 1 7
14 15 6
9 12 26
18 20 25
11 13 5
17 18 18
6 7 15
20 0 7
7 8 17
15 16 10
22 23 6
20 21 9
3 6 9
6 8 17
19 23 9
21 23 18
4 5 15
8 10 20
11 12 28
6 7 12
4 8 2
9 11 16
20 22 9
11 14 29
1 1 15
18 18 2
16 17 19
0 3 1
1 3 19
1 3 21
2 4 7
16 18 2
21 23 18
13 14 1
12 14 2
18 19 14
12 14 6
0 4 5
21 0 15
3 5 29
21 23 6
11 13 17
13 15 3
0 2 12
5 7 26
20 21 8
13 15 8
5 7 9
5 8 24
16 18 16
17 20 22
12 16 13
17 20 4
23 0 13
1 3 24
15 16 5
10 13 11
23 2 7
11 14 22
4 7 13
4 6 16
8 10 11
16 19 3
14 16 18
3 6 6
23 0 14
1 3 23
5 6 16
1 3 21
7 10 24
17 19 4
5 9 29
1 2 26
21 23 11
3 4 16
23 1 7
3 5 9
13 14 12
21 23 26
14 15 17
22 22 27
2 4 5
7 9 2
13 14 22
13 16 22
7 8 22
6 8 11
17 19 2
12 15 19
6 9 27
9 11 30
19 20 23
6 7 14
14 16 20
15 16 1
16 17 25
18 20 10
8 9 14
14 17 26
18 20 4
0 1 14
1 3 8
16 18 9
17 17 11
6 8 12
12 14 7
16 17 14
4 6 26
19 19 28
10 13 12
9 11 14
7 8 28
5 7 11
19 22 19
7 9 5
19 20 25
8 10 30
4 6 27
11 13 22
2 3 22
4 5 4
1 1 8
8 10 11
7 11 21
7 10 15
17 18 17
8 10 20
18 20 10
14 15 17
16 19 3
1 2 12
9 10 25
22 1 28
20 23 16
1 5 6
2 5 29
14 16 22
7 10 30
9 10 8
0 2 1
5 7 11
3 4 10
20 23 12
18 20 16
18 21 16
2 2 20
2 3 27
5 7 11
19 20 27
7 9 19
15 17 13
4 6 15
20 23 17
2 4 20
3 5 7
19 21 12
10 11 26
16 17 14
21 22 9
5 6 18
13 15 19
3 5 28
9 12 26
22 23 14
13 15 27
14 16 21
4 6 26
15 18 22
20 21 19
20 23 24
8 9 3
21 23 17
21 23 11
4 5 6
8 12 23
21 23 21
4 5 15
16 16 1
13 15 28
5 7 27
9 12 16
4 7 17
18 21 16
17 20 13
3 4 12
9 11 22
4 6 19
14 17 16
13 14 11
22 23 30
9 11 28
12 15 29
23 0 7
15 16 11
23 0 25
3 4 30
6 8 9
15 16 8
15 16 21
0 1 28
20 21 29
22 1 18
22 1 20
2 4 13
17 20 12
19 20 23
13 17 6
10 14 15
18 20 2
13 14 13
10 13 29
15 18 28
3 5 3
23 0 2
11 13 8
5 8 30
17 19 25
0 2 14
0 1 23
5 7 9
20 21 1
10 12 3
19 19 1
5 8 18
5 8 10
15 18 14
18 20 20
23 1 8
10 13 25
9 13 21
18 22 7
21 23 16
11 13 24
9 10 8
16 18 24
14 17 24
21 0 24
9 11 13
9 11 26
6 8 28
13 16 18
13 13 7
7 10 29
5 6 23
5 7 21
20 23 28
3 5 25
6 8 6
1 2 10
12 15 12
5 7 14
20 22 11
22 23 29
13 17 27
2 4 9
14 15 27
23 22 5
0 1 11
16 18 16
19 21 12
0 2 16
16 19 28
7 9 22
18 20 19
9 11 7
23 2 10
23 3 17
5 5 5
2 6 14
9 11 20
5 7 16
12 14 18
15 19 5
17 18 13
3 5 11
14 15 21
19 23 7
2 4 14
18 19 22
16 19 27
14 15 27
20 22 21
18 20 14
2 2 11
8 10 8
5 7 27
16 18 14
23 2 17
7 11 7
1 4 11
5 6 6
1 2 29
14 16 25
2 4 19
20 22 27
14 18 20
17 18 2
8 10 13
18 21 3
22 23 28
9 10 14
13 15 11
1 3 20
10 10 26
11 13 29
21 22 27
3 4 21
12 14 4
3 4 5
4 6 1
22 0 26
6 9 30
4 6 3
2 5 27
6 4 17
7 7 10
22 1 13
16 18 23
2 5 21
3 4 20
16 17 13
4 6 21
16 17 6
11 13 7
9 11 4
20 21 3
12 15 5
8 9 21
5 6 10
12 13 20
13 15 18
1 4 27
9 10 18
21 0 15
1 4 12
15 17 6
12 15 23
6 7 27
20 22 15
7 11 8
19 22 17
10 14 23
23 23 17
21 23 13
6 8 2
16 18 20
1 3 15
5 7 7
20 21 18
0 3 9
12 14 20
0 3 6
9 11 28
12 14 17
12 12 17
15 18 23
16 18 10
13 15 12
3 2 28
4 5 28
11 12 28
23 3 4
0 2 7
4 4 4
17 21 12
3 5 4
20 22 13
18 20 29
9 13 14
10 12 17
4 7 4
16 18 17
19 0 5
19 20 25
0 0 11
21 1 8
14 15 23
4 7 1
8 10 13
1 3 29
19 20 2
5 8 26
6 9 17
20 22 21
15 17 4
14 16 22
1 3 16
7 9 30
21 23 8
2 4 28
9 11 23
8 10 21
13 13 14
7 8 25
1 4 25
8 10 9
14 16 12
1 3 23
22 0 3
19 20 12
5 8 23
3 4 11
15 15 12
23 0 26
15 16 9
16 19 4
4 5 13
21 0 3
21 23 12
23 0 1
17 18 10
3 5 13
15 16 13
14 15 12
8 11 14
17 19 9
8 9 18
17 18 6
21 0 21
4 5 18
9 11 4
1 2 27
6 8 27
19 21 11
22 1 4
3 5 12
2 2 28
16 19 2
15 17 25
19 21 22
13 16 28
7 9 22
13 15 14
8 11 22
8 9 24
11 13 25
4 5 12
9 11 17
16 18 7
19 21 13
15 16 20
3 6 5
22 1 8
6 8 23
5 6 17
11 14 4
10 11 1
20 23 30
10 12 10
10 13 28
17 18 15
4 6 1
0 2 30
5 8 24
16 17 18
15 17 21
7 10 18
17 18 23
14 17 29
22 2 28
13 16 19
19 19 19
3 5 10
4 6 21
19 21 7
11 15 15
19 21 18
13 16 29
12 14 21
18 20 25
0 3 14
2 4 30
2 5 16
19 21 28
1 2 20
19 22 1
17 18 29
4 5 23
8 8 10
8 11 4
3 5 10
10 10 20
2 4 1
14 18 10
0 3 6
5 6 16
10 11 10
23 2 14
15 17 11
12 13 8
1 3 29
18 21 19
2 3 2
14 16 28
20 21 17
2 4 10
21 23 20
6 8 8
7 9 11
1 3 18
23 2 2
5 6 1
9 10 2
10 11 30
8 9 15
16 19 27
4 6 21
18 21 11
1 4 13
18 20 28
10 13 23
7 9 11
2 2 8
13 15 10
15 14 18
21 23 26
9 10 12
15 17 2
18 20 28
1 2 20
23 1 28
21 22 2
17 20 22
21 22 30
0 2 8
19 22 20
5 7 14
19 23 3
16 18 28
16 19 19
10 13 13
19 22 8
18 20 8
1 3 21
2 4 25
6 8 4
22 1 7
0 0 3
0 3 8
7 10 5
4 5 12
12 13 18
13 16 8
18 19 24
2 5 22
11 12 4
20 20 16
16 18 25
4 5 23
3 8 27
22 0 4
6 6 17
7 9 18
14 16 21
7 10 26
21 1 5
3 7 10
6 9 25
1 3 1
18 21 23
4 7 23
21 23 1
10 12 30
11 13 5
21 23 27
7 7 21
16 17 25
15 16 22
20 22 25
17 20 3
6 9 25
20 23 14
4 7 25
20 21 18
15 18 7
3 6 11
4 7 3
5 6 3
8 9 23
20 20 22
11 13 28
19 21 25
12 14 23
13 15 22
0 2 28
20 21 14
1 3 4
19 21 22
23 3 17
8 10 7
14 15 28
4 4 25
15 17 26
5 6 13
1 2 4
10 12 5
9 11 19
14 15 11
11 12 9
4 7 17
22 1 18
1 4 18
23 0 29
12 14 9
16 21 18
19 0 7
14 15 1
9 12 8
21 23 26
21 0 7
3 3 28
21 0 11
15 17 23
19 21 17
22 0 13
10 10 22
11 13 17
11 14 26
18 21 12
22 0 3
22 2 27
4 6 12
17 19 25
20 22 21
10 12 21
22 23 7
0 2 17
8 11 24
12 14 29
7 9 4
21 22 20
2 4 1
7 9 20
12 13 26
0 3 29
5 5 24
6 9 7
16 19 24
0 1 22
8 10 5
18 20 25
4 4 25
10 13 6
1 1 27
19 20 11
10 11 16
5 8 27
9 11 12
20 22 2
18 18 1
7 9 9
22 0 14
23 1 27
12 14 4
23 1 22
22 0 4
4 6 11
16 19 20
23 2 21
17 20 30
9 11 29
18 22 14
7 10 10
6 9 7
11 11 13
3 7 5
7 6 19
23 0 15
1 3 24
23 1 13
19 21 23
2 4 18
6 9 24
0 1 3
17 18 26
8 10 27
11 13 3
22 23 22
1 1 17
9 9 1
13 15 8
21 23 29
22 0 7
21 23 13
8 12 6
7 8 3
22 1 16
9 11 8
23 1 16
4 5 13
6 7 6
2 5 12
2 4 18
1 1 14
5 7 17
3 5 12
12 15 15
10 12 4
0 3 16
5 7 8
10 13 1
10 12 4
3 4 30
23 0 23
22 23 16
0 1 25
17 20 20
5 7 17
5 6 19
4 5 11
10 12 11
0 1 9
15 15 13
4 4 2
14 18 11
19 21 26
17 19 11
12 12 10
18 21 13
3 6 19
3 4 14
18 21 7
22 23 8
0 2 15
7 9 29
20 22 26
3 6 5
6 8 12
12 12 16
14 16 4
10 11 25
11 12 29
1 3 21
16 17 12
14 17 23
10 13 14
14 15 25
9 12 24
11 12 4
19 21 26
11 13 25
18 21 7
2 2 1
16 16 6
18 20 7
9 11 23
2 5 29
15 18 20
3 5 30
9 13 5
14 16 29
1 5 25
8 9 16
20 23 27
16 18 14
1 2 19
14 16 15
3 6 30
6 7 17
7 10 25
2 4 1
18 19 3
6 10 17
18 22 16
21 23 17
3 5 24
8 10 28
13 13 27
20 20 22
20 23 10
2 3 6
20 22 11
5 5 10
9 11 14
5 8 8
8 9 7
22 1 18
1 2 24
23 3 3
19 20 2
23 1 4
17 19 15
10 13 8
17 18 12
1 2 4
4 6 26
4 7 6
3 5 20
3 5 17
4 6 20
5 8 18
17 18 17
16 17 2
21 23 9
7 9 10
1 3 29
18 21 2
21 23 10
2 3 12
5 8 14
19 21 5
13 15 7
3 4 29
22 1 25
22 1 4
11 12 26
22 0 25
0 3 27
15 17 29
12 15 22
10 12 24
16 18 15
16 17 18
1 3 10
7 10 16
19 23 10
14 18 30
19 21 3
16 18 28
21 22 16
17 18 12
14 17 7
17 19 9
1 4 21
17 18 18
2 4 13
22 0 5
0 2 15
21 23 5
16 19 3
2 5 16
20 23 30
7 9 2
16 18 20
13 15 1
20 22 2
21 23 21
17 19 14
5 6 27
12 17 18
13 15 5
10 13 10
19 21 5
9 11 6
11 13 7
3 4 27
7 9 19
15 18 24
21 1 18
13 14 19
9 11 4
18 20 24
16 20 13
23 4 2
19 21 9
7 10 13
11 12 8
17 20 14
18 19 13
1 4 9
23 2 8
2 3 30
20 23 16
9 13 23
9 11 28
6 7 27
8 11 7
10 12 19
23 0 7
22 0 14
8 10 9
9 9 28
1 3 16
20 23 8
10 12 4
10 12 27
13 15 24
13 16 1
16 16 17
14 18 17
5 6 18
23 0 18
1 2 12
11 12 10
14 16 10
10 12 30
2 4 26
9 9 25
8 8 2
7 9 2
20 21 15
9 12 23
3 5 12
17 20 5
2 6 10
17 19 12
1 2 17
2 5 17
22 1 17
20 23 22
13 16 1
13 15 29
0 3 29
16 18 6
14 17 1
8 11 22
22 0 7
7 8 26
2 3 11
15 19 4
22 23 9
20 23 10
7 8 15
11 13 13
6 9 15
7 9 11
7 8 20
23 0 4
22 2 16
22 0 3
4 5 25
20 22 25
2 5 28
13 14 21
2 4 28
14 16 7
19 21 14
9 9 19
10 12 22
0 2 21
6 8 15
16 18 7
18 20 13
2 4 15
14 17 22
13 13 3
11 13 3
17 20 27
1 3 26
12 12 17
23 23 10
20 21 6
21 23 14
8 12 18
3 5 1
21 23 21
2 4 14
5 6 7
18 21 12
18 20 26
13 13 25
14 16 28
13 15 19
1 4 29
0 1 2
4 5 5
14 16 28
12 15 15
0 2 10
15 17 29
21 0 21
15 17 29
19 22 5
16 18 8
5 7 18
15 15 30
12 14 12
9 11 4
12 14 24
22 1 6
22 1 30
3 4 27
10 11 14
1 3 17
5 8 11
19 21 9
19 21 17
22 22 29
15 16 24
21 0 26
15 17 28
23 0 9
2 4 15
14 16 29
23 23 30
18 21 20
23 0 22
6 10 10
16 16 25
11 13 30
21 1 17
19 20 14
7 8 19
3 5 30
4 6 28
15 17 25
8 10 18
15 18 5
23 1 23
5 8 13
1 3 19
12 14 26
6 7 8
1 3 19
13 15 24
19 21 17
15 19 12
1 4 28
2 5 28
21 23 2
23 3 17
23 0 5
23 1 14
14 16 13
10 13 18
22 23 10
23 1 21
5 6 30
23 1 17
16 18 9
14 16 23
0 1 10
1 4 22
18 20 16
4 8 16
8 8 3
22 0 6
18 19 25
22 1 18
8 9 12
21 21 9
23 2 9
19 21 8
21 0 16
15 18 25
11 15 8
16 19 22
15 18 17
19 21 28
11 14 9
2 4 27
1 4 1
4 5 25
15 16 10
21 23 9
6 8 1
5 7 17
17 20 16
2 4 19
21 22 27
20 22 2
23 0 26
10 13 12
11 12 30
2 5 16
5 6 28
0 3 19
22 0 18
1 1 27
4 5 9
8 10 15
9 12 10
16 18 18
10 13 26
9 11 5
1 3 6
7 8 22
19 18 23
7 8 4
6 8 15
5 9 27
22 0 22
20 0 23
21 22 10
5 8 18
16 19 21
21 23 29
17 20 10
22 23 28
8 12 2
1 2 16
18 20 1
11 12 1
20 0 29
0 3 1
15 18 11
22 0 6
4 5 11
8 12 7
21 0 16
20 23 23
16 18 15
18 23 29
22 1 19
20 21 22
5 6 20
7 7 19
12 14 6
12 14 23
0 3 18
4 4 26
5 7 23
6 9 12
17 20 24
6 7 20
6 9 11
11 14 21
3 6 5
15 15 25
2 5 22
4 7 12
14 14 5
22 1 21
0 2 12
17 19 11
22 22 1
5 4 29
18 19 26
11 14 28
18 19 24
11 13 6
2 4 3
2 5 15
21 21 28
2 5 14
10 13 1
13 17 22
21 23 7
12 13 19
7 7 2
8 11 23
13 14 17
1 5 27
3 4 1
1 3 2
10 11 23
10 13 24
7 7 30
9 12 17
7 8 27
8 9 13
8 11 23
5 6 18
18 21 1
1 2 3
13 16 8
12 15 2
12 15 30
0 -2 30
17 18 28
8 8 21
15 17 15
14 16 28
17 17 7
9 12 17
20 23 1
17 19 24
9 10 7
9 11 10
17 21 28
23 1 30
6 8 18
16 16 26
19 23 28
0 1 29
1 3 1
8 11 29
21 23 20
8 11 30
3 6 26
9 12 1
21 23 10
7 8 1
8 10 20
17 18 2
2 4 25
7 11 18
11 13 18
20 23 16
12 15 12
0 0 27
9 11 9
11 13 20
8 10 30
9 12 4
8 10 28
15 16 21
17 22 7
0 2 28
15 17 27
22 22 12
19 21 15
10 13 27
20 22 13
18 19 18
7 8 20
10 12 9
2 4 7
3 7 12
11 13 6
17 19 20
12 14 24
13 15 9
20 21 5
6 8 13
0 3 15
7 10 1
6 9 5
19 21 13
5 5 7
2 4 26
4 5 20
15 18 10
15 16 25
13 15 10
16 17 11
0 0 1
20 20 8
12 13 27
1 0 26
10 11 25
20 21 3
20 22 17
19 22 27
17 17 16
21 23 17
2 3 1
12 14 25
18 19 16
15 17 9
12 15 13
12 13 5
19 21 12
19 21 28
2 4 27
17 17 19
13 16 11
22 0 2
18 21 4
20 22 26
3 4 4
13 17 28
2 3 20
0 2 23
10 10 14
5 8 28
9 11 2
14 16 20
2 6 16
4 5 11
5 8 6
17 20 24
5 6 1
13 14 5
12 15 14
3 5 23
14 15 29
19 22 8
8 11 18
13 15 18
14 15 4
12 16 6
20 22 19
11 13 23
8 11 20
11 13 16
6 7 30
15 17 21
20 0 27
20 22 9
1 3 16
22 0 28
5 5 29
4 7 20
9 12 27
5 7 29
22 23 26
22 23 20
11 13 8
18 20 30
14 16 27
5 9 28
23 1 9
16 18 1
8 10 10
21 22 10
0 2 30
1 4 6
18 19 8
13 14 18
12 14 10
4 6 1
11 13 9
12 14 6
13 15 15
9 12 14
19 20 9
17 20 12
6 8 24
20 23 2
14 15 12
20 0 16
3 5 18
8 9 9
6 9 25
23 0 27
10 13 12
15 17 20
9 11 2
6 8 11
22 22 11
12 13 29
0 2 9
10 12 28
20 0 9
14 16 20
7 9 6
1 3 8
9 10 2
11 13 11
4 8 11
15 17 16
10 14 3
18 19 30
3 4 21
9 10 20
15 17 4
21 23 17
2 3 26
2 3 15
6 7 10
1 2 15
6 9 15
10 11 13
7 10 4
21 23 23
14 16 30
23 1 8
6 8 4
19 21 27
3 4 12
19 22 17
7 9 1
4 7 27
1 3 5
16 17 23
19 21 4
0 3 9
21 22 20
23 1 16
19 22 30
18 20 3
18 21 14
5 7 19
2 3 10
10 12 20
2 5 6
1 4 25
15 18 8
3 4 9
1 1 16
15 16 27
15 18 3
2 4 17
19 20 6
6 8 5
16 17 20
14 16 11
14 17 7
12 15 21
2 4 8
12 14 19
7 10 30
11 12 17
5 6 13
5 7 20
21 23 21
15 18 13
9 11 3
17 19 27
12 14 13
2 4 11
19 20 3
18 22 11
5 8 19
23 23 1
17 20 12
22 0 22
11 12 27
13 15 19
18 20 10
11 14 20
16 20 3
15 17 29
1 2 18
23 3 22
6 10 27
15 17 14
8 9 23
23 23 12
7 7 22
23 1 13
11 13 11
19 19 15
22 23 10
5 7 19
22 23 22
10 11 28
20 0 30
7 9 27
14 17 30
12 14 29
14 16 26
5 6 10
11 11 28
9 11 25
18 21 1
8 10 20
10 13 25
19 22 18
1 2 24
14 15 7
23 1 29
4 5 21
7 11 21
9 10 26
15 19 18
23 0 22
4 7 27
6 8 6
20 23 7
17 20 9
0 3 7
21 23 13
11 13 22
14 15 20
21 23 13
18 20 8
21 22 11
8 9 25
17 20 6
11 14 13
2 2 15
3 3 3
0 2 1
21 23 12
12 14 4
8 10 25
3 6 5
15 19 11
23 1 22
1 2 25
17 19 18
8 11 26
15 17 27
21 23 21
2 5 16
23 23 25
18 19 23
1 3 6
8 10 16
8 11 6
23 1 6
9 10 29
9 12 15
0 2 17
11 12 13
4 7 27
10 11 5
20 22 6
14 16 8
11 12 13
9 10 3
19 20 22
6 9 24
15 17 18
21 21 12
0 2 16
2 4 28
4 6 26
14 16 30
6 9 21
0 2 26
14 17 6
15 17 23
14 16 6
8 9 22
17 18 7
13 14 4
4 6 23
20 22 26
20 21 2
18 21 24
4 5 14
23 23 6
0 3 14
17 19 6
20 21 30
21 21 27
21 0 2
2 3 29
19 20 25
17 18 15
20 20 9
0 3 22
14 17 11
21 23 12
0 1 23
7 7 3
22 0 16
0 1 14
5 7 21
8 9 22
9 10 29
22 1 3
9 11 27
14 15 25
15 18 24
22 0 1
11 14 17
1 2 22
7 8 5
12 15 11
8 9 18
4 7 19
5 8 30
12 13 16
23 1 28
1 2 30
8 10 5
7 10 23
10 11 24
12 13 27
3 5 17
7 8 11
22 2 20
15 17 13
4 4 27
12 15 18
11 14 5
0 3 29
5 9 23
18 20 8
9 12 4
8 11 2
17 20 4
6 8 23
6 9 4
23 2 18
10 12 1
19 21 2
16 18 14
2 3 30
6 8 8
12 15 23
22 0 7
4 5 20
16 19 7
4 5 3
17 19 8
20 0 1
20 23 3
14 15 8
14 17 2
19 21 3
6 10 23
7 8 19
9 9 26
1 3 12
4 7 5
19 22 15
6 9 27
18 21 5
13 15 5
16 17 22
10 13 3
10 12 29
1 3 21
1 2 26
0 3 20
18 20 16
13 16 18
13 15 12
5 8 20
17 19 3
18 20 14
1 4 3
21 23 14
20 0 24
7 9 8
14 14 30
0 0 7
6 8 17
21 21 29
13 15 9
12 14 6
12 17 6
21 23 5
20 21 3
23 1 13
17 19 25
19 19 20
5 6 29
21 0 20
3 6 29
9 11 30
10 12 20
5 7 13
4 5 14
19 20 6
11 13 12
14 16 4
11 15 30
4 6 10
0 2 23
20 22 22
21 0 16
13 16 29
7 9 27
10 11 20
1 1 23
17 18 24
13 15 15
20 22 7
16 18 3
10 12 21
5 7 11
23 1 15
16 20 16
16 17 22
3 6 21
20 22 12
17 19 27
5 6 26
2 3 30
6 7 25
12 14 2
5 7 24
14 15 13
5 7 22
1 2 9
8 8 28
19 22 19
10 12 16
5 8 25
11 13 27
17 19 2
23 2 8
2 5 29
6 8 7
22 23 11
12 15 6
6 10 16
20 22 25
19 21 14
17 19 28
19 20 14
14 15 10
18 22 23
11 14 20
10 12 15
14 16 18
13 11 28
19 20 6
10 12 30
9 11 6
10 12 2
17 19 20
0 0 29
8 9 1
8 10 27
19 23 29
0 2 11
18 21 20
12 14 10
15 18 16
2 2 6
0 4 26
13 14 20
16 17 23
7 8 21
