3870 30
27 11 14 29 14 28 21 1 1 15 4 15 9 2 29 21 19 30 26 22 26 1 8 23 19 2 15 22 24 22 
6 7 15
19 22 30
10 13 6
21 0 10
0 2 12
18 22 21
17 20 9
5 7 25
10 12 8
7 10 29
1 4 18
22 0 13
1 2 1
17 18 15
12 15 4
11 13 26
5 3 25
2 4 12
22 0 24
7 10 14
2 5 14
16 18 8
23 2 9
18 19 13
11 11 17
16 19 16
22 0 10
17 19 28
5 8 22
13 14 9
4 6 3
7 9 2
7 9 18
9 9 23
10 12 24
19 21 21
6 7 18
5 5 10
9 13 10
21 22 16
16 18 28
12 15 23
13 17 30
0 4 11
21 22 29
11 14 18
5 5 14
0 1 6
7 7 8
10 12 23
4 6 23
6 10 16
9 11 20
19 21 2
13 15 6
5 7 22
13 16 27
5 8 8
5 6 26
19 21 15
22 0 27
23 2 9
2 4 18
15 17 29
14 15 7
17 19 12
17 18 5
6 8 11
21 22 6
10 15 22
10 12 15
8 8 20
8 10 20
17 17 27
12 15 29
1 2 25
13 16 11
23 3 25
6 8 4
15 18 5
9 13 23
15 16 24
13 13 2
20 21 7
15 18 11
4 7 27
0 2 22
16 18 4
9 9 19
12 14 22
8 10 14
14 16 19
7 11 6
9 11 18
18 18 30
18 21 9
17 20 12
7 9 11
2 4 21
13 16 23
0 2 10
17 20 25
15 19 18
17 19 7
7 11 4
3 7 3
2 5 25
14 15 17
11 13 28
14 15 10
10 12 14
11 14 17
22 1 12
2 4 24
20 0 4
6 7 26
17 18 1
17 17 25
21 22 2
2 4 9
22 1 24
11 15 28
3 5 10
16 17 8
4 5 26
13 16 1
9 11 23
4 5 19
20 22 6
12 13 30
5 7 7
5 7 24
9 10 1
3 6 21
12 13 21
17 19 10
9 12 1
18 21 26
13 15 29
5 9 3
15 19 12
9 12 3
16 18 22
1 3 10
13 13 30
8 9 29
5 5 28
5 7 29
17 19 30
12 12 27
6 8 23
10 12 23
23 2 8
11 14 23
1 4 3
20 21 2
16 17 25
4 6 6
4 6 16
20 22 20
11 12 10
10 11 3
18 18 26
2 2 20
13 16 7
4 6 30
5 6 20
2 4 7
10 12 2
2 4 6
10 12 20
13 16 3
10 13 3
22 0 13
10 10 24
20 20 23
16 19 1
19 22 18
13 14 18
8 11 12
9 11 19
4 6 29
15 17 13
10 12 24
13 15 26
10 14 14
6 8 12
16 19 21
11 14 22
16 17 11
6 8 27
19 21 21
5 7 8
21 23 9
14 17 22
14 17 12
12 14 7
0 1 27
22 23 6
7 10 8
6 8 30
14 14 20
2 5 12
17 20 11
16 19 25
12 14 25
10 12 19
14 16 10
4 5 22
17 20 26
12 15 12
1 4 9
13 15 8
20 21 5
0 2 14
12 14 26
13 13 1
19 22 17
9 11 11
3 5 9
14 14 23
1 3 7
17 19 22
17 18 14
14 16 27
0 0 13
11 14 9
13 15 10
3 7 17
9 12 3
13 16 20
23 2 23
18 21 16
2 6 17
5 5 20
7 7 16
1 4 9
1 3 23
19 20 13
16 17 25
8 11 28
3 4 16
17 20 4
19 22 2
4 4 18
10 12 11
20 23 23
21 0 2
7 9 3
15 14 7
13 14 9
19 21 18
15 16 11
9 13 3
1 2 28
2 3 3
3 4 21
14 17 1
18 21 6
13 14 29
22 2 1
3 4 2
15 15 25
11 12 16
20 23 3
12 15 27
1 2 9
5 7 5
15 20 27
13 17 12
18 19 16
14 17 12
14 15 11
2 2 5
4 5 6
19 22 25
8 8 12
19 21 2
18 21 18
19 20 20
2 4 13
3 5 14
7 9 11
5 6 11
1 3 5
14 16 19
15 17 7
0 2 18
0 3 15
3 6 22
2 4 28
17 20 24
5 6 24
11 13 10
3 5 3
8 11 8
15 16 20
20 23 12
0 2 11
22 23 29
8 10 22
16 17 19
21 23 17
16 18 20
4 7 6
13 15 28
17 20 10
9 12 3
7 8 26
23 1 9
11 13 29
18 20 4
6 8 17
5 7 5
6 8 19
18 19 19
16 19 4
3 5 11
1 3 15
0 2 1
3 2 17
16 17 9
19 21 14
22 0 19
14 16 6
19 23 8
11 12 19
15 15 6
6 7 9
4 8 2
15 17 9
11 12 19
19 20 22
17 18 16
5 7 20
1 2 17
7 10 24
18 21 19
12 12 5
15 17 3
3 6 27
19 23 15
4 6 7
20 22 14
3 5 11
2 5 24
3 6 8
16 18 30
16 17 20
12 14 5
21 23 23
13 15 18
0 2 28
20 22 10
1 2 28
16 18 8
21 23 19
23 1 11
5 8 8
23 1 11
20 20 2
3 4 6
10 11 19
19 20 29
23 0 17
16 17 23
9 10 18
11 13 25
2 4 24
2 3 25
18 21 15
16 19 25
18 19 11
14 14 27
7 8 5
1 3 10
7 9 13
13 14 29
22 0 30
0 3 1
11 15 12
6 8 7
9 11 21
21 1 24
4 5 6
18 18 17
8 9 27
20 22 10
5 6 29
8 9 11
7 11 16
22 0 27
19 19 17
17 20 1
16 17 1
11 13 12
16 18 11
17 19 24
19 21 8
12 14 1
11 14 16
15 15 17
9 10 16
14 16 10
21 0 11
5 8 27
10 13 29
19 23 27
2 3 27
19 20 4
20 22 24
6 9 24
16 18 17
22 0 10
22 0 12
9 9 21
19 21 19
8 11 4
22 1 18
3 5 13
18 20 5
6 9 6
3 6 4
18 21 28
14 17 2
10 11 10
0 0 3
22 22 12
3 6 14
18 21 26
16 18 27
4 6 20
23 1 2
12 14 28
19 21 2
3 4 24
19 23 22
2 3 11
5 5 20
13 16 1
13 14 1
2 4 16
1 3 5
13 15 13
21 22 16
22 0 12
16 19 1
9 12 1
20 20 22
8 9 29
4 6 2
13 16 2
16 17 23
10 11 3
14 17 25
20 21 22
17 19 23
4 7 26
11 15 18
17 19 21
18 20 28
21 23 17
20 22 13
10 13 29
17 20 22
0 2 21
9 10 11
0 1 26
11 13 26
3 5 18
8 11 3
6 7 14
14 15 18
5 5 5
9 11 12
22 1 18
6 9 27
16 19 26
9 11 24
16 17 26
14 18 16
16 19 22
1 2 28
19 20 23
0 2 19
8 10 22
4 6 11
22 23 17
4 7 5
20 22 7
13 16 2
10 14 24
11 12 1
13 16 20
11 13 3
23 2 27
3 4 5
8 10 25
4 7 26
13 14 19
21 22 20
9 10 26
6 8 4
15 19 3
21 23 15
1 3 23
23 1 20
10 12 13
6 9 26
18 19 3
13 14 21
11 13 1
11 12 4
10 13 11
18 21 10
7 8 10
1 2 21
14 15 12
22 23 7
16 17 4
12 12 23
10 14 10
1 2 5
0 2 16
6 8 21
16 18 17
17 19 12
8 9 15
23 1 26
9 11 24
4 4 3
10 12 8
17 19 14
13 16 26
15 17 7
6 7 9
19 19 16
9 13 24
2 3 20
5 7 10
19 19 6
13 15 15
22 23 27
7 9 10
19 21 15
3 5 13
13 15 12
15 17 1
2 5 24
13 15 23
22 1 17
6 7 18
9 12 4
12 13 17
16 18 15
7 7 3
9 12 5
5 7 1
22 0 5
14 16 5
2 3 24
21 22 26
11 12 6
18 20 24
17 18 22
2 3 17
17 20 17
20 21 30
15 18 11
23 1 30
18 22 19
7 10 28
21 23 16
2 4 30
2 4 7
23 2 19
13 15 23
5 7 7
12 14 4
12 14 23
7 8 21
22 23 13
4 5 26
5 8 10
10 13 10
12 14 14
5 7 8
23 1 11
23 2 28
14 15 9
22 0 7
1 5 7
14 17 28
21 23 29
12 14 6
12 14 14
19 22 6
21 22 2
20 21 5
23 1 10
21 22 30
20 22 2
9 12 12
23 1 21
13 15 2
19 20 15
15 17 30
22 23 5
14 16 6
1 2 28
22 1 2
2 5 30
21 0 19
19 22 21
1 1 13
2 3 10
11 12 20
4 6 10
22 0 17
18 21 23
1 3 30
3 6 19
10 12 15
12 15 1
6 10 17
11 14 10
4 5 23
12 13 2
17 18 5
0 3 4
6 7 25
2 5 16
15 17 20
22 0 20
0 2 29
0 2 7
1 3 13
13 17 14
12 14 7
15 17 26
15 18 10
17 19 22
7 7 23
16 20 2
11 12 11
6 8 29
17 20 29
5 8 1
5 6 8
19 20 24
1 3 12
7 10 3
1 2 25
13 14 1
16 19 11
6 9 23
0 3 28
21 21 10
3 4 14
8 11 2
1 4 29
23 0 14
6 8 18
3 4 19
12 14 19
16 18 21
18 20 17
10 12 19
8 11 9
1 4 25
16 17 14
4 6 10
13 15 8
8 11 3
17 20 8
15 17 10
20 23 14
18 19 12
0 2 18
3 5 11
16 17 21
7 9 29
15 15 13
9 11 2
14 17 18
14 15 28
23 2 11
19 21 13
17 18 16
18 19 15
4 5 4
22 0 15
12 15 28
13 15 1
20 21 9
13 15 22
4 6 3
8 10 12
14 16 19
20 21 3
10 11 23
15 17 19
14 15 30
1 1 29
0 2 14
3 5 30
22 0 4
8 10 29
1 4 15
18 21 19
0 2 1
23 1 20
6 9 12
0 0 25
18 22 11
2 2 12
2 5 19
0 4 26
13 16 2
21 23 9
13 14 21
23 1 11
14 17 18
7 10 30
2 4 7
17 20 16
16 19 1
3 4 23
10 11 16
23 2 21
2 5 23
14 15 20
16 17 28
23 1 14
1 1 24
6 7 28
15 17 12
16 17 7
10 11 5
21 0 28
11 12 9
4 6 16
18 21 11
14 16 4
23 2 25
22 23 22
15 16 2
2 4 10
6 8 17
4 6 16
7 9 25
11 11 2
15 16 7
16 19 21
12 13 19
0 2 17
6 8 20
1 4 15
3 4 6
16 20 14
21 0 15
23 2 13
16 17 17
16 18 24
16 18 25
3 6 20
1 4 16
5 7 13
21 23 14
9 12 15
10 10 10
9 11 6
20 0 30
11 14 3
10 14 5
17 19 26
8 11 5
18 21 8
15 17 8
16 18 10
15 17 19
9 9 19
10 11 15
10 12 17
0 3 2
12 14 3
16 19 11
5 7 10
3 5 7
15 17 24
18 19 11
5 8 9
6 9 15
17 20 7
21 21 23
8 10 27
0 2 28
10 12 4
5 5 16
22 0 6
20 22 25
20 21 2
4 7 1
5 6 16
11 13 1
14 16 28
19 20 24
14 17 25
15 17 21
13 15 28
3 6 30
8 11 25
8 10 2
20 21 24
19 21 5
8 12 17
23 1 24
13 15 29
16 19 9
10 12 1
16 18 30
2 4 11
2 5 28
11 13 23
2 3 13
5 7 29
12 14 17
13 17 26
17 18 29
18 21 25
20 22 13
1 3 4
4 6 4
16 19 17
16 17 25
2 4 6
3 6 4
10 12 12
16 19 9
8 11 24
20 21 4
2 4 6
18 21 15
5 7 6
17 19 17
17 20 26
23 0 17
4 7 18
22 0 16
8 11 17
17 21 24
9 10 9
18 20 29
23 2 23
0 4 12
4 7 29
15 16 22
21 22 22
10 12 12
17 18 5
22 23 25
7 10 6
17 19 13
19 21 19
17 22 12
3 5 6
0 2 26
2 4 27
16 19 11
1 4 30
15 17 26
14 15 1
20 21 6
5 8 13
7 9 23
1 4 28
19 20 28
6 10 23
22 0 26
5 6 11
15 17 21
11 11 1
18 21 9
17 21 7
13 15 28
16 19 8
0 -1 28
23 1 4
23 1 2
15 18 15
13 16 12
1 4 11
7 10 27
13 15 14
4 7 11
23 0 28
8 9 26
2 2 21
1 3 4
20 23 26
8 9 19
4 5 19
0 1 26
23 0 10
3 6 27
14 15 12
9 9 15
6 9 2
7 9 26
8 10 11
4 6 8
15 17 24
12 15 28
2 4 22
14 17 4
12 14 18
17 20 18
16 19 20
11 11 29
0 1 23
6 9 17
14 15 4
10 11 4
16 17 27
1 2 26
20 22 18
7 8 19
4 8 4
11 14 12
10 13 19
8 8 16
11 14 20
0 3 11
21 21 19
18 22 13
12 14 4
1 4 7
17 20 9
1 3 8
13 15 28
2 5 30
12 15 15
13 14 3
23 2 16
22 0 20
23 0 16
8 11 29
17 19 22
8 9 11
7 10 30
7 8 9
8 10 21
4 6 2
20 22 4
1 5 10
13 16 19
23 1 14
20 23 15
10 10 12
17 19 24
12 15 11
0 3 30
13 16 16
14 16 8
9 7 8
1 1 1
5 6 15
23 2 5
2 4 26
12 13 4
2 6 6
12 14 30
16 19 18
3 5 26
13 16 15
19 20 5
8 10 24
20 20 17
11 14 5
17 18 20
2 3 25
1 2 13
0 2 29
5 6 22
21 22 5
3 2 28
17 19 11
15 17 7
5 8 25
15 16 1
1 3 10
17 19 15
1 3 2
22 23 8
8 11 15
23 2 9
6 8 4
9 9 14
4 5 24
8 10 6
1 4 25
21 0 15
19 21 13
9 10 24
16 17 6
3 5 11
15 17 12
8 10 24
19 20 4
21 21 10
17 20 21
3 6 29
21 23 27
20 22 13
10 12 11
21 22 7
23 1 22
13 15 27
22 0 18
8 12 27
11 12 16
3 4 10
0 2 10
10 11 4
10 12 28
15 16 11
23 2 11
2 6 10
1 2 1
12 16 3
1 1 11
7 11 16
12 14 29
7 9 2
3 6 17
15 15 23
0 4 4
19 22 14
8 11 25
17 21 8
8 10 27
11 13 16
8 11 29
13 14 2
3 5 19
14 16 28
12 14 2
0 0 27
16 19 28
7 9 16
17 20 16
19 21 1
4 6 17
18 20 6
6 9 2
23 0 29
2 4 10
12 12 17
7 9 10
14 15 26
7 8 21
20 23 2
7 8 25
16 19 12
2 4 12
23 22 26
18 18 12
20 23 19
13 16 6
3 4 24
9 11 10
2 5 6
14 16 8
11 12 2
15 16 14
15 18 1
9 10 5
14 15 21
22 1 7
0 0 18
4 7 16
16 19 24
3 6 6
19 20 28
14 15 9
23 1 20
14 16 17
0 2 17
13 15 9
0 3 1
7 8 29
19 21 26
19 20 19
22 0 3
7 8 15
4 7 27
7 10 21
16 17 25
5 6 22
1 3 20
1 3 23
10 12 24
19 22 3
2 3 24
2 3 8
19 21 5
11 12 12
11 13 30
2 6 11
10 12 21
5 7 14
12 14 26
9 10 15
3 5 18
19 21 15
18 19 1
10 12 16
21 21 30
12 14 5
11 13 24
5 6 9
2 4 11
16 17 19
9 9 24
6 9 1
12 14 24
9 11 19
14 15 26
1 4 11
22 1 16
4 6 8
0 3 16
21 0 4
20 1 23
5 8 21
18 22 14
3 4 7
19 22 6
7 8 20
18 21 12
23 3 29
9 10 10
13 14 12
6 7 5
10 13 26
1 3 19
6 9 28
23 3 30
15 18 9
15 16 6
19 21 6
0 2 26
12 13 2
19 22 26
10 12 4
1 4 24
23 23 28
3 5 17
20 22 24
11 13 8
18 22 23
14 17 23
0 2 14
7 10 17
18 20 17
14 15 21
9 11 12
21 23 13
6 8 16
6 7 26
19 21 4
17 18 3
17 21 10
8 10 22
18 19 19
14 16 29
16 19 5
23 2 15
18 19 27
10 12 14
11 13 10
12 12 14
4 7 13
16 16 20
3 7 22
10 12 10
3 4 15
15 17 17
21 2 20
19 19 28
22 23 15
13 16 3
19 22 9
19 21 13
4 6 14
6 7 23
7 11 23
17 21 2
21 23 11
15 18 23
0 3 27
3 6 30
15 18 16
3 4 26
6 7 21
19 19 1
21 0 25
20 23 8
9 11 26
21 22 25
7 9 30
3 7 25
4 6 11
14 16 30
17 16 22
7 9 13
9 9 3
5 6 2
9 10 27
20 21 17
17 19 10
1 3 8
19 21 17
0 1 26
13 16 28
8 12 10
7 10 13
14 15 15
12 14 19
12 13 1
22 1 3
12 14 9
23 3 25
13 15 25
22 0 14
1 2 9
3 2 3
20 21 19
12 14 27
5 7 24
17 18 19
11 13 7
2 4 27
20 22 24
1 0 27
5 8 1
11 15 13
19 20 26
20 21 26
8 8 15
9 10 28
18 20 22
15 17 25
11 15 16
2 4 17
14 17 29
1 4 13
2 3 15
4 6 7
8 10 3
6 8 6
4 5 9
1 3 23
15 17 8
4 7 5
1 4 23
6 8 4
11 15 16
16 18 22
3 7 9
22 23 7
12 14 27
17 18 27
7 10 17
9 11 7
3 5 20
19 22 5
3 5 2
4 5 30
16 16 7
1 3 14
1 2 6
8 11 21
11 13 19
19 22 18
7 9 24
9 12 12
22 22 6
9 12 27
14 16 1
9 11 19
4 6 21
8 11 7
11 12 5
20 22 30
21 23 24
22 0 9
15 16 24
19 21 7
3 6 24
23 1 20
9 11 19
10 11 2
16 18 29
1 3 29
15 17 20
14 16 18
16 18 15
13 14 2
12 15 26
1 5 3
16 18 10
17 19 22
15 15 11
5 8 15
7 8 18
3 7 20
8 7 13
1 3 2
12 12 18
19 22 21
10 14 16
19 20 10
19 19 14
23 2 10
4 5 4
13 15 2
8 9 16
22 1 5
12 14 25
11 14 30
23 0 18
0 3 23
10 13 25
8 10 3
19 22 26
5 6 9
20 22 1
8 10 23
1 1 12
0 1 21
15 16 14
8 12 12
18 21 4
12 14 27
3 5 17
19 22 5
21 23 27
18 21 3
16 18 19
1 2 21
7 10 26
2 6 28
7 9 2
1 4 13
10 12 20
13 15 30
14 16 8
3 5 6
0 2 1
0 1 8
16 17 18
7 9 12
10 11 3
23 2 12
16 17 25
5 7 8
6 9 7
9 11 7
17 19 17
13 16 22
9 11 15
9 10 26
3 5 17
14 16 1
16 18 27
13 15 13
22 22 15
22 23 14
9 12 29
16 18 22
21 1 3
1 5 5
2 4 18
17 19 1
2 2 29
16 18 19
0 3 9
13 15 6
4 6 30
12 14 30
17 19 3
15 18 19
3 6 29
12 14 20
21 23 26
1 3 7
17 20 26
15 18 3
11 13 26
1 2 21
8 9 27
16 18 24
8 9 15
9 12 14
22 0 1
5 7 26
21 0 26
18 21 12
21 23 8
13 13 21
2 5 7
21 23 3
13 14 1
7 9 19
19 23 5
3 5 30
6 7 10
3 5 1
22 1 24
11 13 9
10 12 11
4 7 14
1 3 10
3 5 7
10 13 24
0 1 19
23 1 11
5 9 28
13 15 3
4 5 4
10 11 24
16 17 6
13 15 6
1 4 14
4 6 2
2 3 2
19 21 8
17 19 30
8 9 9
20 23 29
6 8 5
8 10 4
4 4 30
2 3 8
8 10 16
8 9 26
16 18 16
21 0 7
4 6 10
17 20 12
12 14 2
12 14 21
0 3 25
6 9 14
2 4 6
20 21 8
6 9 13
10 14 3
19 21 14
0 3 18
21 0 19
13 15 16
6 8 6
12 14 16
6 8 9
21 23 3
23 23 8
20 22 25
8 11 29
17 19 10
12 14 18
5 7 22
22 0 16
16 18 3
11 14 7
20 23 9
22 0 26
9 12 30
16 17 11
22 0 13
23 2 17
14 15 21
11 13 28
3 5 13
15 16 8
9 10 4
9 13 11
20 22 4
11 15 26
20 22 30
15 17 19
23 0 6
0 -1 13
3 4 4
22 2 4
9 11 18
16 18 7
0 2 25
4 6 26
16 17 2
9 12 24
0 1 12
15 18 22
4 5 24
8 8 2
18 21 29
18 21 19
10 12 16
8 8 10
20 21 11
8 9 25
10 12 7
9 11 10
16 18 9
3 4 30
15 17 3
14 18 16
21 0 8
16 18 10
19 20 18
10 13 1
18 21 16
2 3 25
12 14 17
3 3 19
22 23 16
1 4 1
4 5 21
17 19 19
6 8 22
9 10 18
2 3 29
8 10 14
23 23 20
2 5 23
8 11 5
1 3 13
16 18 6
14 17 24
1 3 10
12 13 16
22 22 26
6 8 19
10 12 16
12 12 10
9 11 8
8 9 14
14 16 24
8 9 13
0 2 10
8 9 14
16 18 20
12 12 1
11 12 16
4 5 15
19 22 15
15 18 26
12 14 11
21 0 1
4 5 13
9 12 27
9 12 9
5 8 21
15 17 29
6 8 1
11 12 28
12 15 29
6 8 14
22 22 13
17 19 26
15 18 13
17 18 17
20 21 3
22 0 4
13 16 8
19 22 18
4 5 12
3 5 11
3 5 28
20 21 10
4 6 12
16 17 4
23 1 20
0 2 26
2 5 3
20 22 3
0 4 18
15 17 3
4 4 27
3 7 3
15 18 13
17 19 10
17 18 9
8 9 15
19 21 5
8 9 11
19 22 5
22 1 24
19 21 1
12 14 21
6 6 27
10 11 27
2 3 5
17 18 23
7 9 1
22 1 16
23 2 24
0 2 24
11 14 21
3 5 21
1 3 17
17 18 1
1 4 21
19 23 19
15 17 17
0 2 14
21 22 10
18 20 13
12 15 25
3 6 30
3 5 13
21 1 2
6 10 8
20 22 27
5 8 2
5 7 14
4 5 10
9 12 2
4 6 30
14 16 8
15 16 20
22 23 15
5 7 7
10 9 4
0 3 10
17 17 11
19 21 5
17 19 29
9 11 24
2 3 7
17 20 25
0 1 23
2 4 8
11 11 4
17 19 16
19 21 24
10 12 18
8 9 21
18 20 25
21 23 19
2 6 16
11 14 29
23 0 14
11 13 24
5 6 30
7 9 17
18 19 15
16 18 3
16 18 24
2 4 4
3 5 13
19 20 14
1 4 23
14 16 3
14 15 6
12 16 17
20 21 24
0 4 1
17 19 21
10 12 25
1 3 16
7 7 26
14 17 10
12 15 24
12 13 12
5 8 23
23 0 14
10 12 23
16 19 15
8 12 7
21 22 24
23 1 11
15 16 26
14 17 15
2 5 11
6 7 15
13 14 12
7 10 10
21 23 23
8 12 24
8 10 10
2 5 22
22 0 10
3 4 23
15 18 1
14 17 30
9 11 26
14 16 25
13 14 12
21 0 18
10 11 17
3 3 17
16 18 24
13 12 21
2 3 4
23 1 17
21 23 6
8 11 26
6 8 13
3 5 12
15 17 5
16 18 5
3 4 16
20 22 12
15 16 15
23 1 25
23 3 30
18 20 28
1 3 21
22 0 25
1 1 22
8 10 8
18 21 4
7 11 11
19 21 19
0 2 15
12 14 28
9 11 28
6 8 19
18 19 16
16 18 1
11 14 16
2 3 12
5 7 15
7 10 8
3 3 5
17 18 17
19 22 13
9 10 28
22 0 5
7 9 12
1 4 22
9 10 11
11 14 19
5 7 5
7 9 18
17 21 29
19 21 28
2 5 19
13 16 9
18 18 19
1 4 1
23 0 4
13 13 28
8 9 27
15 14 3
1 3 25
18 22 23
4 7 28
17 19 18
17 20 2
12 15 26
23 1 19
1 3 29
13 16 4
11 11 5
21 1 10
5 7 25
8 8 23
10 12 22
13 14 13
3 5 2
23 2 14
21 23 29
15 15 21
11 12 16
4 6 5
23 3 10
18 22 10
9 11 22
21 23 16
2 5 25
2 3 9
5 7 8
13 16 18
4 6 8
0 1 28
1 2 30
23 1 19
7 9 17
5 8 14
12 13 5
15 18 10
2 4 13
14 17 13
15 16 16
15 17 20
12 14 15
5 7 19
8 9 7
5 7 25
18 19 27
22 1 27
22 0 16
19 21 14
11 12 11
1 3 13
15 16 11
11 12 26
9 12 26
6 8 6
21 21 4
0 2 23
9 12 26
7 10 24
18 18 10
1 2 17
19 22 5
22 23 27
0 4 21
0 1 14
22 0 23
17 19 15
1 2 20
0 1 3
3 5 15
1 4 22
11 13 23
2 4 23
13 15 17
15 18 1
5 7 1
8 9 3
7 10 15
4 5 4
11 13 1
21 0 19
14 16 7
3 7 9
5 7 17
14 15 19
9 11 9
14 17 8
19 21 22
11 14 7
2 4 14
3 4 25
16 19 15
2 4 3
5 5 22
7 8 9
9 11 26
11 11 21
6 8 13
21 22 24
7 9 28
22 0 11
20 20 13
22 23 17
22 0 27
21 23 26
9 11 15
15 16 26
4 6 14
19 21 30
13 15 26
1 3 20
9 10 15
23 0 21
18 22 29
1 4 22
20 22 9
10 11 2
3 5 27
9 10 23
23 2 9
17 19 19
8 10 21
8 12 16
17 18 27
8 10 24
11 14 4
8 9 5
21 22 6
20 23 23
12 13 13
12 14 10
7 8 17
23 1 1
12 13 24
7 9 1
12 13 12
11 13 26
0 2 24
15 17 16
17 18 9
1 3 19
11 12 18
12 16 18
14 17 11
18 21 17
5 7 11
13 17 29
1 3 30
17 17 1
0 3 10
10 12 25
15 17 27
21 0 28
15 17 20
5 8 5
15 17 10
11 13 28
13 16 1
18 19 13
13 13 25
0 0 6
9 8 30
10 13 6
3 6 12
2 5 5
16 17 17
15 17 27
22 23 4
4 5 10
11 13 10
18 20 13
12 13 10
18 19 14
16 18 2
1 3 13
16 18 14
6 9 5
15 15 19
20 22 28
16 16 1
6 9 27
0 1 4
11 13 5
19 18 6
6 8 19
3 4 25
11 14 11
9 12 4
7 9 24
9 11 22
19 22 1
2 5 11
18 20 20
6 9 21
21 22 28
5 6 30
7 8 26
3 7 27
12 14 28
23 0 15
23 0 15
3 7 9
4 6 17
13 16 2
21 23 5
18 20 15
11 14 7
11 12 21
23 1 5
10 12 4
16 18 6
20 22 30
17 21 7
10 11 25
22 0 13
15 17 7
9 13 28
15 16 24
5 5 5
14 15 21
8 10 26
5 7 27
5 6 5
0 -1 16
2 4 29
23 1 22
20 22 1
5 8 13
8 9 16
17 19 6
9 9 14
11 14 1
14 16 27
20 23 21
13 15 14
22 22 24
15 17 30
12 13 13
12 15 29
18 22 14
1 2 7
13 15 14
13 14 11
14 17 26
12 15 11
9 10 5
5 8 21
19 22 11
13 16 22
20 20 14
1 3 8
11 12 13
6 7 16
8 10 27
15 18 5
6 9 23
12 15 13
16 19 11
19 22 23
12 15 5
4 8 12
18 20 12
0 2 4
18 19 4
15 16 23
6 7 2
17 17 10
17 18 12
12 14 23
0 3 20
18 21 20
11 12 1
13 14 1
13 15 12
12 12 25
5 8 13
5 7 2
12 15 7
7 9 15
14 16 5
15 17 30
13 15 23
23 2 12
7 8 27
19 21 8
20 23 22
19 22 22
19 21 14
19 21 26
5 6 1
0 3 24
8 10 9
0 2 14
8 9 22
11 14 24
0 3 21
4 8 13
1 4 27
19 20 1
9 11 3
6 7 27
11 12 4
22 23 28
18 21 21
23 1 24
0 3 20
2 3 28
10 14 17
18 21 22
1 4 25
10 13 10
19 22 23
2 6 29
14 17 7
0 4 6
0 2 2
6 7 2
0 3 22
19 21 18
10 11 12
18 19 5
17 20 6
14 14 30
17 20 11
4 6 27
4 5 9
4 5 21
12 15 14
9 11 27
21 23 1
15 17 17
3 4 19
22 23 4
20 22 19
3 4 21
22 0 4
23 1 1
17 20 25
6 8 23
10 13 30
3 6 21
12 14 28
7 8 13
17 18 11
10 13 12
23 0 27
7 7 8
14 17 18
15 16 2
19 20 3
14 17 18
19 21 29
5 7 25
23 2 27
19 20 14
5 7 24
11 13 20
13 15 14
16 18 2
6 9 20
17 19 20
10 12 19
23 2 25
13 17 5
13 14 11
18 20 4
19 21 17
4 6 21
16 19 27
0 1 13
7 9 4
3 5 22
22 23 20
17 19 24
2 3 8
17 19 26
15 17 27
15 17 5
12 12 12
15 15 16
15 17 24
6 8 8
6 9 30
17 18 19
5 6 16
9 10 26
15 15 20
15 18 19
16 18 3
23 1 2
16 17 25
12 15 17
16 18 4
21 22 10
13 13 28
23 2 24
21 22 14
21 1 3
1 4 14
10 12 1
3 7 30
7 8 12
16 16 25
14 15 19
12 15 2
12 14 12
4 6 17
23 1 6
1 4 10
19 21 12
22 2 4
9 9 30
12 13 7
14 16 22
17 20 27
23 23 4
14 15 23
19 19 11
4 6 17
1 2 10
10 12 8
2 4 28
20 23 4
19 21 2
20 23 23
13 15 18
8 10 15
10 12 9
23 1 30
21 22 8
7 8 1
17 19 5
17 17 10
14 16 12
9 10 28
23 0 12
20 22 22
16 18 23
11 13 8
8 9 17
14 16 28
6 8 24
3 3 8
11 14 17
2 5 15
12 11 18
15 16 7
20 22 17
5 6 25
7 10 12
18 20 21
16 18 28
13 15 18
19 23 23
15 16 5
0 2 14
23 1 14
7 10 13
6 8 24
9 9 16
22 0 29
1 3 30
4 4 27
14 15 2
11 12 11
12 16 14
2 4 17
9 10 6
5 7 15
15 16 30
16 19 23
3 6 25
16 16 8
11 13 17
12 16 13
16 18 15
20 23 24
2 2 27
23 3 29
18 19 13
14 16 30
10 12 13
1 4 21
12 15 17
14 17 21
2 5 21
11 13 12
19 21 17
18 21 4
15 15 15
13 15 3
21 23 29
3 4 17
5 7 4
8 8 13
7 8 18
11 13 27
21 23 9
14 17 20
7 9 5
11 12 26
17 20 30
10 12 11
4 4 14
23 0 20
17 18 4
11 12 16
2 4 10
14 14 19
0 3 11
18 18 10
13 14 23
16 17 14
17 20 23
13 15 3
4 6 9
10 13 4
22 0 16
0 1 24
15 18 20
21 22 27
1 3 15
8 10 7
21 0 29
15 17 19
21 22 25
13 18 26
18 21 28
14 17 19
17 20 19
17 20 5
3 5 21
1 2 27
15 15 12
17 19 22
17 20 8
2 5 9
13 15 23
16 19 8
19 19 3
2 4 5
11 13 12
13 15 6
15 15 13
22 0 1
0 4 30
4 6 29
5 8 27
14 17 9
13 17 11
1 4 29
19 20 11
4 7 4
5 7 21
19 22 19
9 13 1
2 4 20
19 21 6
0 2 23
1 3 25
21 0 10
9 12 17
16 19 14
0 4 24
2 5 7
23 1 2
18 20 21
19 22 26
11 13 25
4 6 1
0 2 10
11 13 7
2 3 4
14 16 16
8 9 28
9 12 27
1 2 24
21 23 26
8 10 27
12 13 30
0 1 12
5 4 19
21 23 29
20 22 11
15 17 4
14 17 6
3 5 22
4 5 1
21 20 16
17 19 28
19 22 18
17 19 17
20 0 8
8 12 11
21 21 15
19 22 14
13 13 14
12 15 27
9 10 23
7 11 29
1 4 20
7 11 1
10 13 18
17 20 14
0 1 17
3 4 29
13 15 1
19 22 25
19 22 4
3 5 29
21 23 16
0 4 12
18 20 9
4 6 16
9 13 10
1 2 7
22 1 6
10 13 22
10 11 17
4 6 6
22 1 1
2 5 19
12 13 30
2 4 11
12 13 16
20 23 23
22 2 19
1 3 18
7 8 12
1 3 6
10 11 8
15 16 7
1 3 8
12 17 7
11 13 19
6 8 4
6 8 12
5 8 20
5 8 2
19 21 24
21 22 18
7 8 27
1 2 9
4 6 12
0 2 26
11 13 5
16 18 27
12 16 7
4 6 26
15 16 14
1 3 5
19 21 12
21 1 3
20 21 2
19 19 28
8 10 8
0 3 29
20 23 28
14 16 5
12 13 14
4 6 2
6 8 4
11 15 11
6 7 5
16 20 12
7 8 26
14 16 4
5 6 9
22 0 22
7 9 4
20 23 1
19 21 26
22 2 7
17 19 27
22 0 25
7 8 23
19 21 29
3 4 20
2 4 25
4 5 19
23 2 3
6 8 7
0 3 12
21 23 27
9 13 3
14 17 15
11 14 8
18 20 6
22 0 27
12 13 27
7 9 15
19 22 19
5 6 27
17 20 18
3 6 24
4 6 18
8 10 3
17 18 10
10 11 25
9 12 28
21 0 29
1 4 2
23 2 10
21 23 28
14 16 28
20 21 3
13 16 25
2 5 10
13 15 13
12 14 24
7 8 16
8 10 2
20 23 30
5 6 9
9 11 24
23 1 18
19 22 29
1 2 25
12 13 16
8 11 21
8 10 5
9 12 25
2 3 8
22 2 27
4 9 2
12 14 24
22 0 14
20 19 14
4 6 22
21 0 18
3 5 11
9 11 17
19 20 4
20 21 30
19 22 15
9 11 29
3 8 7
1 3 24
6 8 2
15 16 28
23 2 21
6 7 1
14 16 2
0 3 27
13 12 14
6 8 30
1 3 2
23 0 17
3 5 21
8 10 20
10 13 27
7 7 1
3 5 27
12 13 11
5 7 16
16 19 12
20 23 9
14 16 17
2 5 18
5 8 6
14 16 19
3 4 8
5 5 23
21 0 30
10 13 23
18 20 13
2 4 20
21 1 19
6 8 8
10 11 1
17 20 8
12 13 30
13 15 1
9 10 1
1 2 21
22 0 7
14 16 25
3 4 30
1 3 25
11 14 25
10 13 12
19 21 4
16 19 22
7 8 22
20 21 5
7 9 1
16 17 10
2 2 15
22 0 9
4 8 21
9 10 3
16 17 9
21 23 25
20 0 17
17 20 26
19 21 19
0 3 3
6 9 19
18 19 30
16 18 27
15 16 20
16 19 30
15 17 26
18 20 24
22 23 20
17 18 30
21 0 17
19 20 7
0 2 7
12 15 3
17 21 14
11 12 8
18 20 29
5 5 27
3 7 29
11 12 18
18 18 25
13 15 8
11 15 22
19 20 22
6 8 24
20 23 17
15 17 20
0 2 19
1 3 26
9 11 16
22 23 25
8 11 25
11 14 18
4 5 10
22 0 14
18 20 26
7 8 8
16 18 9
9 11 23
18 21 4
3 4 22
6 9 30
14 17 17
6 10 14
4 5 20
9 11 23
5 7 12
19 19 1
5 8 9
11 12 29
1 3 25
4 7 8
19 22 11
13 16 22
0 1 3
23 2 8
0 2 16
13 14 25
22 1 8
3 6 1
23 23 6
2 4 6
12 15 2
11 10 27
15 16 5
3 6 22
22 1 1
0 3 12
11 12 15
12 14 30
0 5 15
6 9 28
11 14 1
14 17 17
16 18 7
21 23 24
18 20 4
11 12 2
13 14 11
8 10 4
23 1 2
12 13 1
22 1 19
16 19 11
0 3 14
1 4 20
7 10 2
16 18 13
22 1 22
8 10 21
20 22 17
20 21 2
16 17 16
22 0 25
19 22 2
2 4 30
1 2 24
21 22 25
20 22 24
0 3 5
4 8 20
8 11 4
4 8 11
7 8 7
16 19 12
18 21 3
1 4 27
19 20 13
10 12 11
20 23 11
11 13 7
9 11 14
12 14 7
3 4 23
2 3 13
1 2 15
13 14 6
12 13 1
8 10 24
22 23 9
1 2 15
19 22 15
19 22 27
13 15 21
2 4 5
3 4 5
19 20 12
15 16 21
10 11 10
19 23 24
20 22 28
8 10 30
14 14 27
0 4 28
15 17 30
11 14 21
14 16 30
21 23 27
10 13 24
14 17 26
20 23 23
21 1 7
19 21 20
10 13 12
9 11 4
2 5 3
7 9 23
13 15 17
5 8 12
20 20 21
23 1 1
6 7 4
19 20 22
12 14 16
0 1 16
4 7 22
23 23 22
20 22 20
17 19 24
17 21 10
4 5 3
12 15 27
17 21 8
0 3 2
20 22 1
15 18 25
5 8 5
9 9 22
5 8 26
20 22 20
19 22 1
10 12 6
19 21 16
19 19 4
9 10 12
10 11 6
12 12 22
13 14 24
20 21 22
18 21 7
14 16 21
6 8 6
18 19 24
10 12 21
6 9 26
0 4 11
22 1 25
18 20 7
19 20 11
21 0 2
2 4 25
17 18 24
5 7 17
8 9 25
3 8 7
3 5 18
17 17 27
15 18 14
10 13 10
4 7 22
15 16 14
20 22 27
20 22 16
13 15 16
11 12 4
11 14 18
3 6 6
22 1 20
14 18 2
10 12 9
3 5 16
9 9 17
13 15 25
8 10 8
6 7 8
16 19 23
9 12 29
16 19 4
6 9 26
3 4 12
7 10 23
10 12 28
17 20 29
12 14 19
4 7 11
13 14 18
9 10 12
18 19 23
9 11 2
15 16 7
16 19 29
1 3 9
14 15 27
20 22 7
5 6 21
19 22 21
7 8 8
5 7 14
16 16 13
22 0 20
17 20 12
11 13 9
7 9 19
22 23 30
7 11 3
9 10 28
13 16 13
13 13 12
21 23 29
13 17 27
16 19 18
9 11 21
20 23 28
1 2 4
0 4 1
0 2 27
16 17 30
6 9 19
22 0 14
13 15 13
4 6 2
21 22 12
12 15 19
18 21 20
14 16 18
12 14 14
5 8 13
3 5 8
13 15 8
14 16 29
2 4 12
9 11 7
10 11 26
7 8 3
3 4 16
12 14 30
17 18 4
8 9 14
8 10 11
22 2 7
8 10 1
11 14 10
17 19 10
22 0 14
12 14 24
3 5 12
10 13 26
23 2 10
17 18 13
16 17 24
16 18 15
6 6 23
0 1 2
12 15 21
17 17 23
16 18 10
8 11 2
7 9 8
5 8 21
22 1 25
11 13 12
11 15 7
21 23 3
19 20 7
6 8 19
8 9 8
15 16 23
10 12 19
13 14 8
15 17 19
22 1 14
23 23 15
8 10 1
11 14 12
21 22 10
3 4 20
23 2 25
13 14 15
2 5 18
12 14 2
14 13 30
22 23 20
2 4 7
9 12 30
15 17 17
11 14 17
17 19 18
5 7 23
21 23 25
16 17 30
13 15 13
14 14 6
0 1 3
20 22 6
17 20 26
23 0 26
10 13 8
19 21 2
18 20 10
0 2 21
13 16 10
1 3 11
14 17 13
15 16 15
22 23 17
15 17 28
17 22 17
17 20 15
22 0 26
4 5 30
20 23 14
5 6 20
2 3 11
22 0 16
11 13 21
13 13 2
7 9 7
5 6 15
10 12 6
18 19 21
3 5 13
23 3 30
4 6 11
20 20 6
5 8 24
7 8 4
23 2 25
23 1 8
5 6 14
4 5 5
12 14 13
22 0 16
15 17 23
2 3 24
4 5 19
10 12 5
2 4 3
0 1 19
23 0 29
23 2 23
23 23 18
2 5 12
12 14 21
1 4 5
16 18 13
16 18 12
6 9 23
0 4 18
12 14 21
17 20 4
13 15 5
18 21 21
19 21 17
2 4 20
10 11 7
19 21 28
17 20 30
23 1 28
1 4 17
23 2 16
18 19 19
0 3 20
3 4 30
4 5 23
18 20 8
10 13 23
4 7 25
5 8 19
3 5 24
4 6 8
19 22 11
12 13 5
3 6 30
18 19 2
23 1 24
8 11 14
9 10 8
17 18 16
19 20 23
3 5 23
18 20 16
4 6 13
8 10 15
6 8 13
4 7 28
1 4 11
0 0 24
20 22 30
0 2 30
19 21 23
10 11 15
21 23 25
8 10 21
19 19 3
7 10 3
6 8 22
2 3 13
0 0 30
7 9 26
5 7 19
19 19 18
22 1 8
2 5 30
7 10 19
15 18 14
12 15 11
23 1 28
2 4 15
15 20 3
10 13 23
18 19 25
10 13 13
14 16 3
18 20 6
2 3 1
19 19 11
5 5 14
22 0 11
8 8 11
17 20 23
17 18 20
3 5 24
2 5 5
15 17 23
18 20 14
20 19 13
16 19 12
7 8 15
11 13 6
17 20 25
6 8 23
21 22 11
16 18 19
13 16 29
4 7 17
0 1 24
5 6 11
17 18 24
4 8 13
22 1 3
8 11 20
22 23 21
4 6 3
9 12 2
6 8 7
9 12 7
23 1 14
18 20 12
22 0 8
17 18 23
20 22 26
1 3 30
17 17 27
20 21 26
18 20 10
4 7 12
14 16 4
1 3 30
14 16 17
13 13 4
2 5 2
23 0 8
21 22 17
9 12 5
14 16 17
14 16 26
0 3 29
10 12 15
19 20 14
9 11 29
9 12 14
18 20 16
14 15 27
22 0 24
8 10 8
4 5 16
18 21 10
14 17 17
13 16 23
22 1 5
8 10 24
10 11 18
13 15 7
16 18 20
6 7 18
19 22 1
18 18 10
2 4 4
3 6 15
16 17 15
16 20 28
21 1 17
20 0 4
12 15 17
0 3 15
6 7 8
5 7 26
9 11 30
14 17 20
5 4 24
7 9 13
10 11 26
2 5 3
19 23 3
16 20 29
8 10 10
11 13 14
19 22 12
0 1 21
0 4 17
9 11 28
20 22 17
2 4 27
15 17 26
12 13 26
11 14 26
16 18 17
12 14 4
10 11 28
1 4 28
0 1 6
2 3 13
21 22 5
20 21 11
1 2 27
10 12 25
22 0 20
11 14 23
10 13 6
21 0 16
14 16 30
7 12 16
9 11 10
19 21 17
14 17 14
1 4 10
1 3 30
3 5 12
14 16 10
8 10 24
2 6 21
20 23 7
18 20 25
20 23 30
0 3 23
0 3 11
12 15 28
13 15 20
8 10 6
1 5 18
20 21 17
2 4 26
19 21 20
20 22 5
18 21 2
16 18 23
20 21 6
20 22 3
8 10 3
1 3 26
5 7 28
4 8 5
1 2 18
21 0 8
4 3 28
1 4 26
7 7 5
4 6 4
20 22 19
22 2 13
9 11 11
14 16 21
14 16 10
2 4 12
4 7 20
18 22 15
20 21 10
6 9 27
4 6 3
22 0 7
19 21 9
10 11 24
9 12 5
18 20 10
18 21 15
16 19 26
16 19 19
12 15 28
13 15 10
5 4 22
6 8 10
20 22 17
2 5 22
13 16 21
23 0 21
9 10 29
18 19 18
21 22 27
15 18 5
19 21 11
13 13 14
22 0 25
18 19 29
9 12 18
13 16 18
18 19 26
18 21 28
0 2 24
4 7 20
6 9 9
7 9 25
23 1 22
15 17 9
1 2 26
19 20 22
9 13 22
22 2 15
16 17 15
5 10 28
3 6 26
3 6 20
8 9 27
23 3 3
14 16 2
23 1 11
20 22 20
9 12 3
13 15 2
14 16 10
20 23 12
21 1 25
18 20 14
4 6 1
17 19 18
12 13 12
6 8 23
4 5 9
8 11 22
16 18 7
8 11 18
3 5 29
23 2 19
21 22 13
14 16 10
13 16 18
11 12 17
14 16 16
18 19 14
2 2 10
2 4 23
16 17 15
15 18 8
3 4 16
12 15 22
2 2 16
2 5 29
18 21 16
3 5 21
0 4 28
0 2 29
4 7 26
8 11 6
15 17 3
13 16 24
14 14 29
4 6 25
0 3 13
12 15 17
12 14 21
16 17 27
1 4 8
14 15 15
3 6 2
4 8 20
16 17 23
2 4 4
17 18 23
16 17 27
18 18 18
4 5 10
15 15 7
6 7 10
7 8 9
2 3 19
1 3 8
5 8 17
1 4 30
6 8 6
12 14 17
11 13 22
5 6 29
7 9 6
6 7 6
14 16 7
2 3 18
7 9 30
8 12 2
7 9 6
12 14 12
10 11 28
20 23 8
8 9 9
0 4 6
9 10 21
6 6 16
9 10 12
6 9 26
7 10 1
23 2 29
4 6 10
13 15 1
20 22 24
18 20 4
8 9 28
11 12 27
23 0 23
12 15 24
21 22 1
2 4 7
17 19 21
23 0 23
21 0 18
15 18 25
4 7 13
11 12 29
1 1 12
18 21 23
11 15 6
18 20 3
15 17 21
3 6 28
21 23 29
3 6 14
4 8 17
17 18 15
10 12 28
16 18 26
10 11 27
21 0 27
5 8 24
4 6 25
1 3 1
11 13 30
1 3 24
3 6 19
20 21 4
18 21 20
12 14 1
9 12 26
7 10 21
23 2 12
4 6 17
15 18 6
23 2 2
16 20 21
5 7 13
7 10 3
19 21 8
23 1 19
21 22 7
1 2 18
14 16 4
19 20 18
9 11 13
8 10 12
23 23 26
18 20 17
1 2 18
16 18 10
20 22 6
13 15 9
10 13 1
17 20 21
2 4 28
0 1 12
18 20 18
3 6 22
20 22 8
5 7 14
0 -1 19
23 1 1
17 19 17
8 10 20
8 10 3
23 1 6
14 15 12
2 4 28
16 18 14
20 23 12
4 7 24
2 4 29
6 10 3
0 2 1
19 20 7
1 4 21
5 6 29
1 2 3
16 17 13
9 9 24
22 0 24
14 16 19
15 17 23
23 0 30
22 1 3
19 22 17
2 6 21
3 5 15
16 19 11
12 14 15
5 6 28
20 21 7
2 4 12
3 5 13
22 0 3
5 7 5
23 2 9
11 14 10
1 4 1
6 8 10
20 23 2
6 8 15
19 19 10
2 2 28
10 12 5
12 13 25
5 8 20
11 14 5
10 12 27
16 17 6
1 3 9
4 6 22
2 3 22
20 21 7
16 18 2
20 23 22
6 9 12
23 2 19
9 10 21
1 2 3
21 0 6
14 16 19
4 4 22
0 2 30
6 8 10
1 2 7
2 2 8
23 1 9
19 22 7
5 6 27
17 19 28
10 12 16
7 9 5
7 8 18
7 10 3
5 8 17
22 0 26
12 14 8
9 13 24
5 7 19
7 9 13
22 0 11
2 6 1
8 11 17
9 10 7
10 13 15
15 17 5
10 13 25
19 22 11
0 2 11
22 23 7
11 14 16
9 12 1
12 13 17
23 0 5
12 13 26
0 2 29
7 10 25
16 18 6
19 23 28
19 22 7
7 9 4
6 7 17
9 11 2
10 12 17
20 21 5
21 23 24
13 15 7
2 6 15
5 6 1
6 7 24
15 17 29
20 21 21
13 15 29
0 4 16
0 3 30
10 12 2
19 20 5
21 0 18
5 6 2
20 22 6
16 18 20
18 19 30
4 7 22
13 15 17
15 17 10
0 1 24
0 3 24
4 7 21
18 20 21
5 6 13
19 20 30
15 18 9
7 9 15
16 17 21
8 10 11
18 21 7
10 12 16
8 10 29
1 3 7
0 3 4
13 15 24
4 7 14
11 12 15
16 18 21
18 20 10
3 6 11
14 15 24
6 9 23
11 14 6
11 14 19
14 15 8
16 17 19
4 6 12
20 19 18
20 21 25
14 18 26
9 13 15
22 0 5
0 1 14
3 2 15
18 20 16
4 6 7
1 5 25
3 4 29
1 3 10
11 13 18
8 11 14
12 13 28
22 0 7
15 18 2
23 1 10
13 15 18
11 13 10
17 20 10
22 0 3
23 23 18
23 0 24
12 12 17
12 13 28
5 6 25
5 8 5
19 20 27
20 22 3
10 11 3
19 21 29
20 20 30
12 14 22
15 15 3
22 0 23
0 2 30
10 13 9
11 12 1
19 21 19
4 6 28
1 5 7
8 8 26
12 13 22
23 3 26
17 20 1
1 2 12
23 1 22
6 8 28
10 11 8
4 6 29
14 16 26
15 19 3
18 20 16
20 23 14
15 18 23
8 11 19
22 23 2
3 5 19
19 22 8
20 20 21
17 19 25
19 22 16
14 15 18
1 3 27
15 18 30
10 12 8
21 22 10
23 2 30
22 1 9
14 17 6
17 20 12
14 17 19
17 20 27
23 1 25
7 9 29
8 10 29
10 11 30
16 19 19
14 15 25
2 5 12
0 1 12
20 21 20
10 12 20
14 15 13
16 19 28
3 5 3
18 21 22
6 8 11
5 7 20
2 5 22
13 17 22
6 10 6
13 14 17
13 15 22
9 12 18
8 10 20
13 16 5
20 21 11
16 18 21
9 9 23
3 4 9
7 9 9
12 14 13
11 12 16
1 2 13
14 15 10
20 23 28
4 8 8
16 18 14
2 4 18
21 23 15
15 17 30
11 11 4
3 4 8
11 13 3
13 14 28
8 10 28
15 18 19
8 11 19
1 4 9
15 18 25
3 4 5
21 23 4
23 1 7
19 19 9
3 4 5
5 8 29
14 16 10
21 21 25
8 9 4
1 1 27
1 3 18
14 16 11
11 14 23
20 20 14
8 11 10
23 2 14
3 5 12
10 12 8
13 16 22
22 1 28
2 4 24
10 11 9
4 6 28
1 3 29
1 3 1
12 14 7
18 20 21
4 5 30
5 7 13
7 11 1
19 20 9
16 20 22
14 18 19
9 11 16
13 14 3
17 18 9
10 11 14
8 9 24
8 10 7
16 21 13
0 1 12
22 1 5
5 7 23
18 21 24
20 23 9
16 19 25
19 21 2
9 10 20
4 7 28
10 12 4
20 21 23
12 13 16
13 15 12
2 3 19
18 21 6
23 1 23
22 23 10
17 19 11
14 16 13
19 20 19
0 3 15
3 6 24
9 10 25
16 19 14
11 12 24
2 4 20
0 0 13
21 21 26
9 11 19
1 5 8
12 13 7
6 8 23
19 20 23
7 10 1
11 12 20
22 1 29
3 4 12
10 13 18
22 1 6
11 14 18
13 15 21
1 1 7
7 10 5
6 7 23
14 16 24
5 7 30
7 8 5
4 7 28
16 20 19
18 20 15
2 3 3
8 9 24
1 2 11
22 0 25
8 10 11
16 17 7
21 22 30
22 0 24
20 21 25
5 6 28
18 23 27
9 10 13
8 11 27
0 3 5
21 0 16
0 4 11
9 11 13
3 5 20
12 14 14
17 17 1
1 5 22
11 11 30
20 22 28
5 7 21
9 9 19
12 16 11
9 11 26
2 5 9
22 1 21
20 23 1
11 13 11
5 7 28
4 6 10
9 12 2
21 23 16
0 1 26
2 5 19
5 6 11
10 11 10
2 4 25
19 21 19
21 21 10
13 14 8
5 7 14
22 2 5
7 10 27
15 18 11
10 11 16
19 20 1
14 18 1
0 1 27
14 18 24
8 9 3
6 8 7
10 11 27
21 23 11
7 10 21
20 22 16
21 23 21
13 14 17
17 20 30
17 19 9
20 23 26
12 13 20
23 0 24
13 15 10
3 4 30
3 4 18
7 10 14
16 16 12
21 23 13
23 1 26
9 13 17
23 2 27
11 13 5
21 23 21
7 8 20
23 1 11
9 11 30
8 9 12
21 0 16
10 12 25
19 21 12
18 20 16
4 6 28
0 2 1
15 18 20
8 9 30
13 16 20
17 20 24
16 17 14
3 5 25
18 21 26
8 9 16
5 8 6
18 20 24
2 4 18
19 20 1
20 20 5
20 22 29
13 15 22
10 12 22
10 11 25
20 23 15
10 13 4
4 5 7
18 21 13
3 5 22
18 20 11
9 11 23
3 6 4
11 14 9
14 16 20
9 11 15
1 2 19
22 0 9
10 13 8
14 16 2
22 23 22
22 0 10
20 22 18
7 11 13
5 7 20
5 6 30
14 17 1
10 12 4
11 14 26
14 14 3
23 0 24
22 0 15
10 11 11
16 19 26
