3850 30
5 4 2 22 15 20 27 18 10 12 30 29 15 16 30 27 12 28 21 29 2 18 17 25 30 19 3 18 3 4 
1 2 15
17 19 6
1 3 20
22 23 11
23 1 18
13 17 10
1 4 12
3 4 4
17 18 16
8 11 29
23 1 6
15 15 23
5 7 7
7 7 16
11 14 6
9 10 3
19 22 10
23 23 1
8 10 1
12 14 21
8 11 13
9 11 5
18 20 7
17 18 28
13 15 28
7 9 26
11 14 22
22 1 8
23 1 11
12 14 6
7 7 22
6 9 18
12 14 24
5 6 17
8 10 15
20 22 21
4 6 8
10 12 28
4 6 8
18 21 23
16 18 16
6 8 7
20 23 17
14 17 1
6 8 23
2 3 8
13 15 8
16 19 9
23 0 9
1 2 29
9 12 24
6 8 1
15 19 8
20 23 19
22 0 26
19 20 4
7 8 4
6 9 26
8 9 14
18 18 15
19 21 19
10 12 27
20 22 28
8 12 13
12 14 22
12 16 8
1 4 9
17 20 15
14 15 9
9 12 28
6 9 21
14 16 6
9 9 29
4 7 22
16 18 1
18 20 12
9 12 22
16 18 20
8 9 21
3 4 13
22 0 3
8 10 14
20 22 13
5 5 14
23 3 29
1 3 16
5 7 13
0 2 18
2 4 7
16 16 5
3 5 16
0 2 30
6 10 10
12 13 2
19 22 13
4 6 25
17 17 2
11 13 17
18 20 9
0 3 13
6 7 5
18 19 9
1 3 12
6 7 9
15 17 18
1 4 13
7 8 9
6 8 1
15 17 4
22 0 15
11 14 17
13 15 27
3 4 8
7 9 15
21 23 14
11 12 4
20 23 11
2 4 17
1 3 4
11 14 16
18 20 14
10 14 4
16 17 11
1 4 19
23 0 21
0 3 13
0 1 14
16 19 30
3 5 22
12 16 23
12 13 13
2 6 23
4 5 19
1 2 3
8 10 24
5 6 23
4 7 22
6 7 1
2 4 1
12 16 11
22 2 10
21 0 8
21 22 18
13 16 28
18 20 5
5 6 18
17 20 7
9 12 19
12 13 12
13 16 20
16 17 14
21 23 28
3 5 7
7 9 26
12 15 2
6 8 10
3 7 6
0 1 27
9 11 27
10 13 15
0 1 22
3 7 15
3 5 19
23 1 2
15 18 11
22 0 2
11 13 16
0 2 3
14 18 20
3 4 18
20 22 5
14 17 15
10 11 9
16 19 18
16 18 11
5 7 8
4 3 12
23 3 17
3 5 19
5 8 30
3 6 20
8 9 21
23 0 19
11 15 6
4 5 19
20 23 6
17 20 16
9 12 15
1 3 18
2 4 14
7 10 14
14 16 22
14 14 28
13 15 22
16 19 26
0 2 19
11 12 22
20 20 9
0 1 6
19 19 14
23 1 19
8 11 14
23 0 10
12 13 10
10 13 29
0 5 1
0 2 16
16 19 17
13 14 9
11 13 27
4 6 14
14 16 20
19 21 24
21 0 11
4 4 4
20 23 6
1 3 23
0 2 13
4 7 26
7 10 28
6 9 18
4 6 24
23 1 25
9 12 2
5 7 3
10 13 4
22 0 14
18 21 19
14 16 28
1 2 17
19 20 16
19 19 2
22 0 23
4 4 26
13 15 10
15 16 23
2 4 20
2 5 4
22 0 9
1 2 2
3 5 1
1 3 14
4 7 3
8 11 29
7 6 25
0 2 22
1 3 19
3 6 13
20 21 14
13 17 15
12 14 10
8 10 3
22 23 13
0 0 29
18 20 27
8 9 11
22 1 28
19 20 19
6 8 27
5 8 20
16 20 16
5 7 9
3 6 8
10 12 23
19 20 7
18 20 29
17 18 19
16 19 18
5 7 10
0 0 9
18 21 7
12 14 25
22 23 5
10 12 3
19 21 9
5 5 26
21 0 7
11 13 22
17 19 8
5 6 6
3 5 8
12 14 24
17 19 9
15 17 9
6 10 7
14 17 28
11 14 26
14 15 21
18 20 19
4 5 8
13 14 20
3 4 27
21 22 18
19 22 6
9 11 8
4 5 16
18 19 2
10 13 15
23 0 25
18 20 3
15 16 2
21 23 15
22 0 7
14 17 10
1 2 4
21 0 14
2 5 19
4 6 20
21 0 25
4 7 2
10 11 24
11 12 26
0 2 4
14 17 2
18 19 19
21 22 27
13 15 2
18 21 12
22 23 2
13 13 20
2 4 21
4 3 27
10 10 13
9 11 4
5 8 19
17 19 20
7 9 7
9 10 19
9 11 28
21 23 15
15 16 8
0 1 16
10 11 8
2 4 13
13 16 25
6 9 25
11 14 22
22 23 3
12 14 23
11 13 26
12 14 13
11 12 19
10 14 5
15 18 12
10 12 7
8 10 15
5 8 25
22 23 22
8 11 23
22 1 28
23 0 30
3 6 27
18 20 29
5 8 13
18 21 7
3 4 9
8 9 3
10 13 7
22 23 23
20 21 27
11 11 30
13 15 30
3 4 21
4 6 25
15 15 12
9 11 5
14 17 27
19 23 5
7 10 4
20 22 13
15 17 3
3 5 17
2 3 19
11 11 15
3 4 13
22 0 7
5 6 24
1 3 12
16 18 25
4 4 28
6 7 18
16 17 20
6 7 27
22 0 2
0 2 20
16 18 24
13 14 26
17 17 6
23 0 18
4 8 1
0 3 14
4 6 9
18 21 15
15 15 16
17 19 6
2 5 29
4 7 10
9 11 5
18 20 4
20 21 11
5 8 12
4 7 1
0 0 14
9 12 7
18 21 29
22 0 25
3 5 16
12 13 20
0 4 22
10 11 15
11 14 24
21 0 22
23 0 10
9 11 5
11 13 19
6 9 7
8 9 5
8 8 4
16 16 13
22 2 6
6 10 20
16 19 8
18 20 8
9 9 8
5 8 12
21 23 12
9 12 28
5 6 1
1 5 28
17 19 9
12 13 22
2 4 13
22 23 5
15 17 7
11 13 13
11 13 22
16 17 24
9 11 1
18 18 23
6 7 19
14 16 25
4 7 14
4 6 12
18 21 11
1 2 30
6 7 9
10 11 29
6 8 11
6 9 18
23 1 29
10 13 11
22 0 24
9 10 27
2 4 15
22 21 4
11 13 15
22 0 21
18 20 14
7 7 22
20 22 14
20 22 13
6 9 17
10 13 24
19 22 30
9 11 9
22 0 17
23 0 22
23 0 5
0 2 11
14 16 24
13 16 11
1 2 14
19 21 28
8 11 14
5 7 6
0 1 28
0 1 29
12 14 5
22 0 15
14 16 13
12 15 8
0 1 9
3 5 21
18 22 13
18 20 19
3 6 24
11 13 21
9 11 18
20 23 22
0 1 28
5 7 1
20 21 27
8 9 1
4 6 16
16 20 9
16 19 9
21 22 27
11 15 16
0 0 17
6 8 11
8 10 8
21 0 13
16 19 26
18 19 3
9 12 30
17 20 21
1 2 28
15 16 18
1 4 28
14 17 22
1 4 11
4 5 3
6 8 15
3 6 3
15 17 7
2 5 17
6 8 30
19 21 3
0 1 23
16 17 3
9 11 11
5 7 15
22 0 27
16 18 7
11 12 4
23 1 6
8 10 5
18 19 19
18 21 24
21 23 4
21 23 6
10 11 28
22 0 19
20 22 12
22 1 1
4 6 22
10 13 11
3 7 23
5 9 28
17 19 6
22 0 20
3 6 23
20 1 6
2 5 20
6 8 13
23 1 25
16 19 6
2 4 17
12 14 10
1 1 10
7 10 13
12 13 5
17 19 24
11 11 10
11 14 18
23 1 30
21 1 2
8 10 15
3 5 24
4 4 19
0 2 17
6 9 1
18 21 2
5 6 10
17 20 8
13 16 28
3 4 18
21 21 30
17 20 30
2 6 22
16 19 13
23 1 20
15 17 18
15 18 14
8 11 12
14 16 6
9 9 30
15 16 27
10 13 23
11 12 1
12 12 4
21 22 9
10 12 28
23 2 21
21 23 22
8 10 3
19 21 11
17 19 24
7 8 15
8 9 24
11 13 26
8 8 28
23 2 3
19 21 29
17 20 8
0 1 18
21 21 30
9 11 22
15 17 2
20 22 13
18 20 3
13 16 9
17 21 9
23 2 13
20 22 12
8 9 28
12 15 7
15 18 12
12 13 1
16 19 15
4 7 14
19 19 9
8 10 19
8 9 7
2 4 17
20 21 25
22 23 30
6 8 8
7 9 23
7 9 28
16 18 13
22 0 14
10 11 20
21 0 27
15 18 18
23 23 1
5 8 29
23 2 7
19 20 14
17 19 24
12 17 22
6 8 19
9 12 14
13 14 4
17 19 2
4 7 25
13 15 6
22 23 27
16 20 22
0 2 28
6 9 22
4 6 4
5 9 6
20 21 11
5 7 27
4 5 9
16 18 8
13 14 28
14 14 24
9 12 26
21 23 7
22 23 16
0 2 19
11 12 22
20 20 25
8 9 23
9 11 4
6 8 7
10 12 9
20 20 28
6 5 12
0 1 9
14 15 7
0 3 4
18 19 22
10 13 23
17 19 7
10 12 21
7 8 20
9 12 14
6 8 27
23 0 14
19 18 29
22 1 30
18 19 26
2 3 22
7 9 26
6 8 5
23 1 1
15 17 13
16 18 22
15 17 1
15 17 13
23 0 25
3 4 2
19 22 10
1 3 2
19 21 15
21 22 1
14 15 4
14 17 11
4 5 7
8 10 14
5 7 30
17 20 2
22 1 5
21 22 27
0 1 16
17 19 13
16 18 27
7 8 27
10 12 18
18 20 4
12 14 7
7 9 4
8 10 23
18 20 14
12 15 17
17 19 8
20 21 14
5 6 26
22 23 24
17 19 16
10 12 17
12 13 6
3 6 20
9 10 8
8 10 1
9 10 1
23 1 26
0 2 28
7 9 25
11 14 14
21 23 6
15 18 20
5 7 6
14 16 27
20 22 26
21 22 20
0 2 16
18 21 22
23 0 18
16 19 3
0 1 11
0 1 17
12 13 1
19 21 5
11 12 30
3 6 19
14 17 21
10 12 7
3 5 7
12 13 29
1 2 23
10 11 16
5 9 11
5 7 14
16 17 19
15 17 11
0 0 24
8 9 26
11 13 28
18 21 26
15 17 13
13 15 10
5 7 4
22 0 30
6 8 28
5 8 3
17 18 5
14 17 17
12 14 7
0 -1 15
5 7 4
20 22 23
1 3 27
2 6 11
11 14 25
18 20 29
15 19 6
19 21 30
4 6 25
2 5 12
1 2 10
5 6 9
20 22 4
16 18 24
23 1 29
12 13 14
23 2 30
15 17 5
17 19 19
6 7 7
16 19 11
18 20 30
11 12 8
8 9 9
18 21 1
18 20 13
9 11 4
20 21 16
11 12 3
13 15 17
0 2 12
12 14 5
6 7 26
19 20 4
19 22 26
15 17 27
4 7 18
10 12 16
21 23 18
16 18 9
11 13 20
2 5 17
21 21 5
0 2 30
11 12 20
4 7 15
0 1 10
11 13 28
18 21 16
14 16 10
14 16 28
5 7 26
16 19 16
16 21 21
2 3 5
6 9 6
22 0 2
17 17 28
3 6 29
1 5 9
12 14 29
12 14 11
15 19 29
2 3 29
21 22 30
18 22 26
6 8 15
11 14 13
12 14 7
13 16 17
23 1 22
5 9 23
7 9 11
13 15 10
10 14 14
23 1 21
6 7 18
14 15 2
21 23 3
6 8 17
12 14 9
14 17 27
1 4 16
4 7 14
7 10 18
8 10 20
6 8 20
0 4 23
19 20 2
8 11 16
22 23 4
3 6 23
17 20 16
0 3 4
5 7 27
11 14 6
20 23 9
21 22 12
4 6 15
1 2 15
3 8 20
12 15 26
18 19 13
6 9 9
17 20 14
9 13 24
18 20 24
10 12 25
16 18 1
17 19 28
9 10 13
7 9 4
21 0 28
2 5 16
10 11 4
18 20 28
23 0 26
2 3 8
10 12 29
2 4 30
20 22 9
1 2 16
20 23 4
5 5 14
19 22 9
11 13 26
14 16 28
15 16 6
0 3 2
6 8 6
19 21 5
8 10 22
9 11 16
8 11 11
18 19 6
4 6 4
0 2 12
7 10 1
6 8 26
21 0 3
3 5 13
19 20 8
19 20 27
4 5 10
7 10 12
11 14 7
18 19 20
14 15 6
4 5 30
2 5 1
14 14 17
13 16 18
11 13 5
4 7 11
23 2 20
23 3 17
17 19 23
5 8 25
5 7 30
7 7 27
2 5 1
17 19 1
18 20 16
21 23 18
21 22 19
3 5 17
5 8 26
18 20 18
23 0 8
3 6 12
10 12 24
2 4 30
18 21 5
2 3 29
8 9 15
22 23 24
3 6 28
12 13 14
11 13 28
10 14 1
5 8 9
19 22 17
13 15 26
13 16 28
6 8 23
9 10 9
4 6 2
0 2 28
3 5 26
10 14 28
10 10 22
7 10 11
15 18 3
5 7 14
13 16 18
10 13 7
12 14 12
12 14 28
22 0 8
16 18 26
15 19 2
12 13 20
21 23 1
15 17 15
19 21 3
11 13 12
16 18 17
8 10 13
18 19 13
7 10 23
0 2 12
8 9 20
5 7 2
17 20 9
14 17 29
21 0 25
8 10 26
19 20 13
10 11 4
0 3 10
16 19 5
19 19 9
10 11 30
8 10 26
21 23 17
21 0 14
16 18 26
13 14 10
4 6 12
23 0 3
18 20 6
9 10 10
2 4 2
23 0 29
12 14 13
3 8 11
1 2 5
14 14 28
20 22 29
18 20 14
13 15 23
17 20 5
11 14 21
9 12 26
19 20 28
4 5 15
9 11 17
12 15 19
7 9 27
5 9 24
0 2 2
1 2 15
13 17 22
18 21 18
2 5 18
13 16 10
10 12 8
14 17 28
5 8 26
8 10 28
1 1 30
18 23 14
13 16 12
17 17 30
0 3 28
15 18 21
16 20 1
9 10 15
1 4 25
21 0 27
12 13 14
22 0 18
10 14 23
6 10 14
4 5 20
2 4 6
5 9 6
22 0 27
6 8 29
16 19 21
21 21 6
0 1 17
21 1 8
19 22 19
10 12 17
19 20 3
22 0 25
23 1 11
18 20 5
18 21 2
9 13 25
8 9 8
9 12 12
3 5 29
1 4 24
7 10 14
1 4 1
15 16 9
2 4 18
1 2 25
6 8 26
15 18 13
17 19 27
5 8 1
4 6 8
8 9 14
18 20 7
16 17 17
20 23 6
12 13 26
1 4 14
11 14 29
23 2 13
13 15 20
15 17 27
20 20 10
23 2 8
14 16 9
3 4 30
18 21 27
11 14 12
15 16 25
13 15 7
9 12 24
17 18 19
16 19 16
17 19 1
3 3 24
10 12 3
6 9 25
11 14 25
12 14 11
15 15 14
11 12 1
9 11 27
11 13 22
20 22 6
1 3 19
15 18 12
18 20 27
4 5 24
7 9 25
9 11 20
17 22 25
4 7 4
0 1 25
6 7 24
14 18 3
8 11 28
13 16 16
16 18 27
20 19 15
12 16 15
17 17 5
22 1 28
16 18 28
6 8 26
23 1 24
7 10 10
23 1 27
10 11 12
18 21 6
13 15 14
10 14 15
8 9 26
22 1 16
0 2 30
0 1 7
12 15 17
17 18 27
16 19 27
6 7 12
15 17 18
2 2 6
15 19 16
15 17 26
18 19 22
16 16 5
8 8 21
21 0 29
4 8 21
7 10 23
12 14 1
2 3 8
13 16 29
10 13 15
9 11 13
21 23 21
21 22 24
23 1 1
15 17 15
8 8 18
0 2 13
17 20 9
20 21 1
21 23 12
22 2 20
13 15 21
1 4 15
12 15 23
0 3 29
13 14 5
15 17 13
20 23 22
5 7 15
14 16 24
23 2 14
5 10 9
19 21 5
23 3 7
23 1 20
3 5 27
20 22 28
6 7 28
12 16 11
15 14 4
2 5 8
2 4 6
19 21 16
8 10 23
7 11 25
14 17 12
5 6 14
16 18 8
14 16 14
15 17 3
11 13 29
5 8 27
8 10 8
9 11 23
7 7 7
9 12 22
7 10 25
19 21 28
12 13 26
19 23 15
11 13 23
16 18 28
14 15 2
23 1 8
15 17 1
18 20 13
5 7 7
7 9 18
20 21 10
15 17 7
19 21 26
19 20 16
10 10 28
23 3 24
8 9 26
14 15 13
10 11 1
0 4 19
20 22 16
6 9 13
6 7 15
15 19 26
2 3 23
3 5 28
10 11 3
8 10 28
22 1 24
17 19 30
14 15 18
9 11 20
22 0 22
22 0 2
7 8 30
15 17 29
17 19 11
9 9 18
20 22 7
16 18 4
11 11 24
15 18 2
8 10 18
21 23 28
20 22 25
9 11 22
0 2 21
20 23 8
1 4 11
9 10 7
10 13 20
16 17 5
10 13 8
14 15 11
20 22 11
3 5 25
21 23 13
7 9 18
16 18 10
1 4 12
7 9 12
6 6 12
1 5 2
22 1 27
4 7 26
0 2 30
23 0 27
22 0 4
10 11 29
13 14 30
4 6 12
23 0 29
8 11 5
3 6 6
22 23 14
19 21 22
13 15 4
3 7 20
16 15 19
10 12 26
19 20 25
5 7 30
21 21 6
2 4 4
23 0 10
10 12 9
4 7 24
2 4 7
2 4 17
21 21 23
9 10 15
0 2 29
5 5 18
10 12 13
9 11 23
4 5 13
21 23 24
15 16 14
9 11 2
5 8 3
10 11 20
16 17 21
22 23 28
15 19 9
8 9 26
9 12 10
21 21 6
18 19 9
0 3 18
15 20 29
15 17 29
12 14 28
5 8 27
15 17 29
5 7 1
4 7 23
9 11 13
10 14 2
23 1 27
23 1 30
7 9 26
16 17 26
12 14 21
14 15 18
23 3 3
22 0 12
18 21 16
1 5 4
0 2 21
15 17 4
8 10 4
23 2 10
16 19 26
16 18 9
1 2 30
0 2 29
8 10 13
1 3 12
1 4 4
19 20 17
13 14 21
23 1 11
9 12 30
1 2 26
21 23 10
6 10 29
17 19 30
23 23 5
20 23 22
18 20 21
4 7 20
2 5 27
1 3 8
22 0 26
5 7 15
12 15 29
2 4 3
2 3 29
17 18 24
6 9 7
8 9 22
7 9 14
3 4 27
5 7 8
4 5 19
20 23 4
17 20 11
21 23 28
2 6 21
2 6 9
23 3 26
11 12 29
2 4 30
4 5 30
10 11 24
16 17 3
17 20 4
18 20 20
3 5 19
13 16 6
0 1 14
10 12 21
20 22 10
17 19 26
14 17 20
6 7 9
23 0 24
17 19 3
3 5 30
15 17 5
15 17 29
11 14 5
0 2 27
13 14 5
18 20 4
9 14 23
1 2 12
22 0 10
9 11 17
0 2 10
6 9 15
0 2 1
20 21 14
0 1 18
4 6 1
12 14 7
22 1 7
0 1 23
9 11 17
20 22 28
23 1 22
5 8 30
20 22 30
11 13 5
10 12 30
10 13 8
6 8 20
19 23 17
18 22 15
5 7 14
3 5 11
4 6 23
4 6 6
12 14 23
10 12 27
14 16 14
20 20 17
9 13 15
16 19 9
6 6 19
20 22 23
22 23 3
7 9 17
15 18 3
20 23 19
20 22 27
0 3 11
7 9 10
23 1 30
4 6 20
22 23 8
19 20 18
7 10 20
13 15 6
21 0 4
13 15 25
17 19 18
10 13 13
6 8 22
6 6 2
6 9 29
17 19 4
12 14 4
21 22 26
13 14 13
2 3 13
13 15 15
11 15 20
11 14 2
4 6 29
21 1 24
17 19 17
20 0 26
0 2 6
13 16 10
2 5 5
5 8 21
8 11 27
11 12 20
21 23 25
9 9 30
16 20 24
20 23 28
23 1 8
5 8 23
10 12 12
18 22 27
22 23 10
20 22 8
12 17 3
5 7 17
6 9 5
8 10 27
11 14 18
23 1 5
2 6 13
15 18 16
20 22 17
8 9 24
4 5 26
21 23 20
5 8 22
0 2 25
3 3 15
12 14 7
9 13 26
9 10 28
7 9 27
5 8 10
19 22 5
9 11 22
13 15 21
17 19 7
20 22 7
6 7 12
12 13 1
14 17 14
17 17 12
12 12 22
11 13 12
11 14 22
20 22 16
14 16 18
19 21 6
7 10 27
1 3 1
19 21 18
7 7 11
4 6 16
1 3 12
21 22 7
10 13 2
11 14 4
10 12 30
11 13 23
14 16 18
9 13 3
14 16 18
23 23 1
14 14 27
11 13 23
20 22 14
22 23 24
15 17 9
16 19 13
18 19 12
16 18 20
6 10 4
16 18 13
13 15 9
2 3 14
11 14 14
22 0 15
3 5 28
14 14 4
2 4 20
21 1 21
15 17 4
0 1 28
23 1 6
3 7 3
21 22 1
11 13 24
0 3 21
17 20 30
20 22 23
7 8 2
20 22 2
14 16 9
5 5 27
12 15 22
11 12 6
1 3 23
0 2 20
19 22 2
14 17 9
21 0 10
0 3 28
2 2 12
10 12 30
10 13 3
17 19 11
2 4 9
3 4 9
1 2 15
23 2 30
6 8 3
13 14 5
5 7 3
20 22 24
7 9 14
20 21 1
7 10 25
10 12 17
2 4 3
11 12 19
15 17 7
3 5 11
15 17 25
14 16 3
12 14 14
13 16 10
4 6 2
12 14 30
3 5 27
22 23 18
8 11 30
7 9 12
4 5 12
2 5 24
5 6 26
3 4 6
10 13 10
15 19 4
12 14 20
4 6 28
18 21 29
1 3 7
7 9 20
6 9 2
11 13 25
15 18 29
14 16 17
10 11 29
10 12 22
9 10 22
9 12 9
18 19 24
7 9 22
22 23 30
8 11 11
14 17 28
1 2 13
15 16 25
6 9 4
3 7 7
0 4 9
16 18 29
14 16 11
10 11 2
20 21 21
14 15 7
14 15 12
8 11 9
12 14 30
10 11 23
4 6 5
5 10 17
10 12 8
23 0 17
15 18 3
20 0 24
15 16 13
21 23 1
8 9 10
17 20 9
14 17 15
5 7 7
6 8 14
16 17 14
2 4 24
10 11 5
16 18 28
9 11 29
4 6 20
1 3 9
12 14 28
13 14 16
22 1 8
17 18 4
18 21 6
12 13 19
13 14 24
14 17 12
11 14 16
2 3 6
20 22 28
17 20 23
1 3 1
3 4 6
1 2 20
14 15 28
11 13 5
23 1 30
14 16 3
20 21 24
19 20 2
11 14 5
12 12 2
14 17 17
14 16 26
7 8 1
14 17 9
17 18 9
23 2 27
3 5 21
22 23 14
18 21 16
4 6 25
12 14 23
0 2 13
6 7 13
15 18 29
22 1 24
23 23 13
22 23 12
9 10 16
2 5 19
18 20 29
0 3 4
7 8 19
7 7 8
6 7 26
20 0 28
20 23 6
6 8 3
20 23 19
8 12 15
2 3 7
8 10 16
16 19 9
17 20 24
9 11 28
22 0 18
5 7 30
7 9 2
14 17 30
23 1 23
18 22 30
23 1 7
5 7 9
6 9 15
18 20 7
20 21 30
21 23 27
9 12 12
19 20 5
10 11 13
10 11 17
7 9 20
21 23 18
9 11 19
1 3 5
1 3 4
11 12 17
21 0 14
22 23 15
14 17 21
7 9 6
6 8 25
21 23 23
23 3 21
7 9 6
19 21 22
3 5 23
19 21 5
19 20 10
3 5 3
3 6 14
13 15 8
8 10 18
17 18 13
18 19 25
10 12 17
3 5 30
14 16 14
23 2 28
22 2 28
4 5 29
3 5 19
3 7 4
20 23 21
5 6 23
15 17 12
21 23 5
3 5 13
23 1 10
11 12 2
23 2 26
8 10 15
11 14 17
7 8 20
9 10 30
17 17 24
2 6 7
21 0 11
9 11 2
13 14 23
5 6 26
17 20 26
23 2 12
15 18 17
11 12 19
1 3 18
22 0 12
12 14 23
14 18 18
5 7 7
1 2 4
4 7 23
15 18 6
8 7 7
6 9 21
4 7 10
18 20 16
9 11 5
13 17 26
22 0 15
5 8 21
2 4 28
7 7 24
11 13 27
9 12 29
20 21 26
6 7 16
16 20 26
0 3 14
15 16 29
22 0 12
2 4 26
18 19 23
8 9 12
13 16 27
7 10 6
19 22 7
2 3 26
11 15 28
5 8 9
13 14 22
15 17 21
9 10 30
2 5 29
11 12 29
10 14 13
12 14 6
17 19 14
19 19 5
10 13 1
23 23 21
12 13 10
4 5 19
19 22 6
8 8 18
17 18 5
19 21 10
21 23 15
3 5 6
22 1 28
10 12 14
2 5 29
21 21 2
9 12 25
17 19 2
16 17 30
23 1 10
4 4 21
16 19 9
12 14 18
17 19 17
1 3 2
2 5 26
1 5 4
22 0 10
15 17 26
19 21 29
0 1 12
18 19 18
13 15 24
5 8 26
9 11 1
8 8 8
20 23 16
5 6 10
11 12 4
23 1 30
22 1 16
16 19 13
15 17 3
16 17 21
6 9 6
6 9 3
23 2 25
7 8 7
5 7 11
16 18 17
16 18 17
2 5 2
7 8 7
8 11 25
20 22 1
11 13 15
8 10 24
22 22 4
18 19 25
13 13 3
15 18 30
10 15 27
8 10 5
3 5 22
21 23 17
17 17 8
0 2 26
5 7 1
23 1 29
23 1 12
1 3 12
9 14 4
2 4 5
14 15 21
4 5 16
15 18 25
22 23 21
13 14 9
7 8 18
16 19 10
1 4 12
21 0 5
2 4 22
8 8 1
21 0 7
12 15 4
11 13 5
2 4 22
4 5 21
21 23 3
9 10 8
15 18 25
14 16 15
15 16 9
11 12 12
15 16 28
8 8 10
0 2 9
5 6 7
20 21 10
7 9 13
5 9 14
2 4 29
21 21 1
16 20 16
0 3 18
1 3 22
11 14 23
18 20 6
12 13 17
22 23 22
2 4 27
2 5 16
6 8 18
19 20 14
5 8 8
0 2 21
13 14 11
17 19 24
14 16 13
7 7 8
0 3 21
16 19 9
21 22 22
8 10 5
10 10 25
20 20 28
22 1 17
23 2 20
16 19 15
5 6 2
5 5 19
18 20 29
2 4 30
3 5 16
20 21 30
13 15 5
1 4 13
17 19 18
15 15 4
14 15 27
9 11 10
20 21 1
0 1 17
19 20 18
20 0 24
7 10 3
23 1 25
18 22 18
0 4 3
12 14 29
4 7 24
19 21 4
12 14 2
10 12 10
22 1 19
13 15 25
14 15 1
2 5 18
18 19 7
1 2 27
15 17 15
16 18 23
14 16 11
19 21 10
5 6 21
22 1 28
18 21 29
5 7 29
8 8 21
11 13 1
3 5 10
21 0 22
0 2 6
8 12 30
0 2 7
17 20 29
2 4 9
7 10 25
15 16 27
6 8 19
17 19 24
18 22 27
20 23 24
10 12 17
19 22 6
4 8 12
4 6 6
10 12 26
8 7 6
7 10 21
3 6 3
23 1 18
18 21 30
0 1 25
10 11 11
20 21 13
19 23 22
19 20 15
5 7 2
14 16 20
21 1 5
10 12 25
19 20 5
2 6 26
22 21 26
21 0 15
4 6 21
14 16 3
2 4 1
3 4 8
9 11 5
17 19 21
16 19 7
18 22 3
10 11 29
17 18 4
11 12 30
15 16 14
12 15 18
21 23 12
6 7 14
23 0 2
6 7 11
13 14 21
13 17 22
1 4 12
17 19 7
7 10 12
3 4 5
17 18 17
3 4 4
1 2 26
13 16 5
11 12 25
16 20 8
21 20 4
17 21 17
9 11 23
21 23 3
8 10 8
13 15 14
6 10 30
16 17 30
18 21 9
19 21 22
0 2 16
23 2 13
14 15 22
6 8 23
0 2 27
13 15 10
7 7 20
14 17 27
19 21 12
18 21 23
9 10 28
14 18 14
23 2 24
20 21 4
2 3 15
5 7 3
23 1 27
10 13 7
5 7 23
6 9 13
7 8 9
11 12 13
1 2 18
20 0 5
1 4 12
6 8 27
23 2 1
19 23 28
19 21 19
10 11 25
6 7 19
8 10 6
22 1 12
6 8 14
13 15 14
11 13 28
14 15 17
16 20 7
18 19 5
9 9 15
7 9 15
0 1 25
23 0 28
11 14 30
12 14 9
14 14 7
22 0 29
19 22 27
8 10 10
20 2 30
16 18 4
22 1 19
2 5 21
20 21 12
11 10 8
23 1 25
2 4 10
11 12 19
14 18 2
16 18 3
13 14 11
16 18 19
17 21 28
22 23 13
0 2 9
16 16 13
10 10 4
11 12 23
20 21 2
21 1 8
1 3 5
14 16 9
14 16 11
2 5 4
1 4 19
5 7 26
7 9 24
16 17 19
16 19 16
18 20 15
10 13 25
17 20 18
20 22 6
1 3 19
13 13 14
15 17 28
6 7 30
11 12 23
8 11 1
23 2 29
20 23 1
3 6 18
21 1 2
11 14 4
12 14 26
13 16 21
14 16 1
22 23 16
9 9 10
23 1 21
17 19 13
4 6 4
6 7 27
3 5 24
20 23 27
22 23 11
23 1 3
19 21 19
21 22 10
6 8 18
2 3 23
5 9 1
9 12 21
13 15 26
2 4 3
23 3 23
9 12 2
17 18 30
18 19 3
10 12 6
21 22 19
9 12 16
4 7 19
17 18 30
3 5 25
16 18 13
1 2 1
1 2 15
12 15 8
20 0 13
12 14 21
17 18 10
11 12 14
20 22 27
15 17 29
5 6 21
8 10 27
22 22 15
2 5 13
17 18 17
10 13 14
14 17 15
0 1 1
8 10 6
10 11 30
23 1 12
15 17 10
19 22 16
20 23 8
9 11 27
6 9 5
3 6 27
4 8 3
5 6 9
21 22 23
11 13 15
22 2 21
8 11 9
20 20 15
14 17 2
18 20 29
13 15 25
13 15 2
21 23 5
6 9 8
3 7 19
1 1 3
19 21 14
22 23 28
21 1 1
0 3 29
12 13 1
10 11 22
6 7 14
16 19 7
11 13 19
3 4 22
23 1 27
21 21 28
1 2 15
23 1 27
22 0 16
2 6 1
8 10 23
13 13 9
7 8 12
22 1 12
16 19 7
23 1 30
12 13 3
2 5 5
3 5 11
13 16 27
10 14 14
20 22 23
9 12 18
10 13 10
15 18 24
14 15 12
17 17 4
17 18 9
5 7 29
3 5 7
16 20 7
7 9 17
19 20 3
16 15 30
23 23 15
21 23 28
22 0 22
15 16 10
13 13 14
1 3 21
0 2 24
8 10 22
9 10 2
14 15 7
23 3 10
5 8 19
11 12 15
12 15 15
14 18 9
23 1 5
8 9 16
14 16 30
6 6 4
3 5 10
9 12 4
14 15 8
9 11 7
12 15 1
15 17 27
7 10 24
14 16 27
16 19 1
9 11 8
13 14 4
23 2 16
0 2 4
22 1 15
17 18 28
13 15 29
4 7 5
20 21 1
10 11 6
5 8 15
19 21 2
9 8 2
13 16 16
13 16 20
12 14 30
18 19 2
14 15 3
19 20 19
8 10 22
13 16 29
14 17 22
22 23 2
21 21 18
7 10 13
12 15 26
16 17 3
0 1 6
19 21 13
16 18 20
3 5 10
10 12 3
12 14 17
13 15 1
14 16 21
20 21 13
23 2 2
11 13 28
14 14 20
2 3 16
23 1 15
22 0 30
16 18 22
23 0 30
1 1 29
17 20 11
7 8 16
14 17 2
16 19 27
7 9 5
22 1 29
17 19 13
1 3 10
17 19 4
0 2 25
16 19 12
6 8 13
19 20 30
3 6 1
23 3 22
20 21 27
0 4 5
3 6 30
11 12 25
1 5 24
3 5 10
6 8 24
3 5 3
20 23 16
23 1 15
1 3 2
16 20 23
14 14 8
16 18 27
15 17 26
2 4 4
1 3 25
10 12 19
16 17 25
8 10 11
8 9 16
16 18 17
17 18 5
16 17 4
20 22 26
16 19 21
12 12 26
1 3 7
7 10 8
18 20 12
2 4 13
18 19 26
17 19 3
18 20 3
17 19 3
16 16 2
9 11 16
19 21 27
14 14 26
0 1 19
4 5 23
13 16 5
19 21 30
12 15 26
1 4 1
12 13 11
0 4 24
1 2 10
2 6 18
12 13 7
4 8 29
8 12 29
16 18 16
2 4 16
2 5 5
6 8 21
0 1 6
12 14 14
7 9 6
20 21 7
17 20 5
20 21 30
8 11 24
0 0 15
5 4 8
19 21 24
9 11 20
9 11 20
21 21 20
15 18 13
19 20 15
23 2 11
23 3 29
4 6 2
12 15 13
8 10 15
6 7 14
5 7 30
6 8 17
7 8 7
1 3 24
21 22 19
12 13 23
19 21 7
17 17 1
19 22 10
0 2 6
21 22 4
19 22 9
15 17 9
8 12 5
13 15 4
15 19 13
12 15 6
7 9 3
8 11 26
12 13 19
9 11 1
20 20 12
21 0 17
10 11 15
18 20 13
12 16 1
3 5 11
15 16 15
3 6 5
18 19 12
6 7 4
19 20 5
23 2 6
19 22 15
14 15 7
11 14 22
20 22 12
19 21 11
13 14 11
5 7 15
8 12 25
21 0 12
17 19 4
1 4 19
10 13 30
0 4 25
2 3 11
7 8 26
14 16 13
3 4 3
22 0 19
20 22 30
11 14 3
14 17 23
18 20 23
3 7 17
22 0 4
8 9 23
12 13 17
1 3 26
7 9 14
17 17 9
10 11 2
3 3 16
10 12 5
5 8 25
11 13 27
10 12 26
8 11 10
5 6 17
0 2 12
6 7 28
2 5 30
16 18 27
15 16 25
7 8 17
19 22 10
22 0 23
7 9 5
8 9 17
3 5 15
5 5 23
22 0 12
5 8 23
5 8 24
19 21 21
10 12 30
7 10 30
9 11 6
22 1 17
16 19 14
1 3 19
12 17 19
16 19 8
17 18 18
16 18 16
14 17 23
23 1 28
1 4 2
10 12 17
4 7 17
10 13 15
19 22 1
21 23 26
21 23 6
23 0 21
23 0 29
20 23 17
4 7 5
5 8 6
16 17 11
3 5 1
22 1 27
21 22 14
17 19 5
15 18 24
15 16 24
13 13 4
14 15 16
10 13 9
18 20 24
1 6 11
8 11 19
1 4 5
15 17 20
15 17 17
20 23 2
0 2 9
4 6 13
7 9 10
12 15 19
4 5 22
4 4 12
21 23 28
3 7 11
19 21 22
9 12 12
1 4 21
1 4 10
6 8 13
16 16 10
10 13 3
7 9 9
11 14 23
0 2 3
12 15 13
6 10 8
16 18 14
22 0 9
14 16 2
0 3 19
16 19 11
7 9 14
3 5 2
14 17 27
10 12 12
1 2 20
3 7 4
18 21 2
10 12 7
0 2 27
16 20 23
9 10 1
16 18 20
12 13 10
10 13 19
15 16 18
19 21 3
2 4 28
0 1 18
6 9 12
3 3 22
0 0 21
13 15 10
1 3 2
23 2 13
19 22 1
10 12 28
13 15 2
13 15 25
15 17 20
17 18 26
22 0 17
5 8 18
12 12 9
6 9 16
10 12 2
17 19 25
17 18 25
0 3 6
14 17 16
9 12 16
20 22 29
11 12 29
1 3 27
10 13 9
7 9 29
4 5 13
11 12 24
16 19 10
18 21 6
9 12 12
21 23 20
9 12 27
15 17 8
22 1 25
2 5 24
11 15 25
23 2 6
22 0 7
23 1 20
6 9 22
21 0 3
0 2 19
19 23 14
7 10 21
21 22 22
19 20 14
5 6 14
19 20 15
3 7 20
0 1 26
6 7 20
15 16 17
15 17 29
21 23 7
13 14 22
9 10 12
1 2 30
6 8 27
4 6 19
3 5 24
18 19 2
18 21 20
15 17 19
17 18 24
8 12 28
20 22 17
3 7 18
11 14 24
21 22 21
23 1 3
5 8 10
14 17 30
20 21 13
23 0 8
12 14 28
18 21 26
20 21 14
0 1 13
15 15 9
7 9 14
8 9 3
8 9 19
14 18 16
12 14 21
19 21 17
12 13 22
13 16 9
9 10 23
13 14 20
1 1 14
17 19 5
5 7 28
5 8 24
11 13 22
1 3 22
10 11 30
16 17 7
2 5 25
0 1 24
20 22 18
20 23 2
23 1 4
13 16 25
12 15 14
2 6 19
13 15 24
2 5 2
9 12 27
5 6 19
6 6 2
18 19 17
19 20 27
9 10 23
21 1 23
1 2 25
15 17 22
21 23 7
9 13 11
2 5 1
23 0 24
9 11 8
15 15 14
11 12 10
4 5 16
7 9 22
19 20 30
19 21 16
7 8 4
23 1 7
3 5 20
3 7 16
0 2 24
10 12 18
0 2 13
12 13 27
3 5 11
12 14 16
9 12 12
4 4 1
6 8 23
0 4 24
12 14 3
0 2 19
0 2 13
15 17 13
4 5 6
6 8 3
22 23 6
6 9 3
19 19 14
6 9 10
8 10 2
21 22 4
15 16 9
8 10 27
22 1 24
10 11 1
13 15 16
5 7 20
9 10 18
20 23 25
9 10 22
18 18 16
22 23 19
22 0 23
3 4 12
5 8 4
22 0 25
20 21 10
3 5 13
9 10 13
12 15 1
5 9 14
10 12 12
16 19 14
21 22 5
10 12 6
2 2 19
16 19 3
17 20 17
16 18 15
8 10 5
18 19 28
7 8 2
11 13 10
18 19 19
0 1 4
16 18 13
7 9 21
7 9 5
12 14 14
12 14 8
11 13 24
2 3 17
10 11 11
0 1 12
20 19 13
17 20 24
10 13 16
2 6 24
18 21 24
14 17 7
3 1 19
7 10 14
3 5 27
5 8 7
5 6 10
23 1 25
1 4 20
19 19 28
5 8 28
1 2 22
16 16 30
19 20 14
10 10 12
4 7 3
16 19 9
14 17 24
7 9 7
6 10 9
23 1 2
16 18 22
7 12 20
2 5 25
19 20 27
17 19 16
8 10 14
11 14 20
7 9 9
22 23 10
20 22 4
6 6 13
3 4 11
6 9 12
4 5 12
0 1 21
5 6 22
0 2 18
6 6 29
14 15 20
15 18 20
20 23 17
21 1 22
9 11 16
4 7 8
8 11 19
20 22 13
16 18 4
6 10 3
0 1 10
12 16 29
9 11 12
8 11 16
9 11 4
23 3 19
2 5 27
5 7 19
14 16 6
11 14 13
15 16 8
17 20 4
19 18 15
8 11 28
9 12 5
18 19 19
21 1 15
22 1 23
19 21 30
0 1 9
4 4 30
22 2 28
11 12 18
15 16 15
21 22 17
0 0 26
9 12 4
11 12 30
8 9 26
9 11 22
18 20 1
19 20 8
13 15 23
18 19 13
19 22 20
4 5 25
17 19 11
22 0 26
22 2 21
0 1 14
15 18 28
22 3 27
3 5 18
1 5 6
6 9 19
3 3 11
19 20 8
7 9 28
1 2 17
2 5 27
10 12 16
1 4 13
8 9 11
21 0 28
4 5 19
2 4 9
12 16 29
2 2 30
22 2 12
1 5 27
9 11 27
5 7 28
2 5 7
15 16 22
13 14 23
21 23 26
14 15 21
22 1 4
14 16 29
5 7 27
21 23 8
4 6 29
4 4 9
21 0 22
14 15 22
5 6 30
23 2 30
23 2 15
13 14 27
3 5 7
4 8 26
1 3 29
18 20 29
1 3 14
12 15 27
3 5 26
11 13 22
10 12 13
6 7 16
16 17 26
6 8 27
3 4 9
18 19 20
14 16 16
23 0 18
11 14 23
7 8 14
6 8 27
9 11 8
18 22 1
15 19 17
9 12 10
11 14 28
6 8 29
2 3 18
12 15 14
10 12 25
11 14 22
23 1 1
16 16 26
5 7 15
2 4 21
2 3 15
7 9 9
15 16 28
14 16 13
23 1 22
12 14 24
13 14 3
12 14 19
20 23 12
17 21 29
23 0 28
14 16 30
3 6 29
3 7 15
18 20 15
23 23 13
21 0 15
17 19 24
23 0 28
15 18 11
3 4 7
12 13 18
14 16 1
19 21 17
21 1 1
12 15 5
10 11 21
18 19 28
3 6 5
21 22 29
0 2 4
22 0 17
22 2 14
20 22 11
6 8 22
12 16 7
19 20 5
19 21 28
12 12 20
7 7 1
5 7 30
21 23 12
21 23 21
14 16 20
7 11 24
21 22 21
6 9 30
13 14 27
16 17 18
9 10 17
6 8 18
21 23 12
18 20 22
17 17 18
17 19 4
5 6 1
13 14 29
17 18 20
13 14 19
22 2 14
17 19 16
16 18 11
2 3 18
12 16 10
19 21 9
3 5 9
22 0 26
6 8 13
2 5 23
5 7 21
23 23 24
10 13 16
21 0 25
11 13 26
6 11 1
3 5 24
22 0 22
19 22 2
15 17 13
7 10 5
21 22 19
1 4 25
22 0 18
21 0 14
2 4 9
8 9 29
19 21 26
21 23 27
6 8 9
2 3 28
23 0 5
8 10 3
12 13 19
8 10 10
23 1 16
9 11 5
1 3 4
4 5 27
9 11 12
5 8 1
23 1 20
0 3 15
12 16 2
13 15 8
18 18 30
5 4 18
16 16 20
22 0 3
18 20 8
15 17 21
9 8 1
12 14 29
19 21 29
22 0 13
19 22 17
2 6 6
21 21 3
15 18 6
9 11 17
23 2 1
4 6 30
9 11 16
13 17 2
22 1 15
23 1 9
5 7 21
13 15 28
8 10 23
8 9 18
13 13 12
4 7 13
22 2 4
12 14 3
14 16 30
2 2 10
6 9 25
0 1 27
13 15 17
16 18 17
15 16 13
20 23 17
13 16 13
10 12 30
19 19 20
21 21 3
4 7 10
21 23 19
18 20 20
5 7 1
20 22 12
22 23 23
8 9 1
21 23 11
11 14 3
17 19 4
10 13 27
9 11 6
21 23 17
2 3 19
2 4 26
4 8 4
13 16 24
12 15 24
19 22 19
3 5 8
2 6 2
9 11 22
15 18 25
4 6 24
9 12 9
6 8 16
9 11 29
22 1 8
6 10 30
17 20 2
21 23 12
1 3 9
19 21 5
5 7 2
6 8 12
0 1 22
13 17 13
8 12 4
12 15 8
22 0 14
3 6 24
1 4 19
7 7 1
2 4 16
4 6 28
5 7 24
3 6 12
7 9 19
12 14 13
20 22 18
12 13 27
0 3 1
22 22 27
4 7 5
22 0 10
5 8 27
6 8 30
4 7 29
21 21 2
10 11 10
17 19 12
10 10 19
9 10 13
12 15 26
3 6 10
5 6 26
23 0 8
15 18 2
7 10 23
4 6 7
20 21 7
6 8 19
9 12 15
10 12 19
23 2 7
20 23 9
2 4 21
8 8 19
10 12 24
12 13 18
18 19 7
20 22 21
0 2 7
13 16 17
23 1 21
14 17 29
13 15 2
15 16 8
2 2 30
8 9 8
21 23 25
15 17 10
12 16 15
11 12 28
12 13 11
5 9 14
6 8 2
16 19 12
18 20 4
2 2 20
11 14 7
16 17 13
0 3 11
1 3 27
18 19 15
0 2 27
8 10 9
14 17 11
11 14 6
8 10 10
13 15 6
23 1 27
21 22 11
22 1 21
12 15 27
2 5 13
18 20 7
0 3 8
14 12 25
1 3 10
21 0 21
2 6 8
4 7 30
6 7 30
2 4 16
15 18 5
10 14 11
6 7 2
23 2 1
7 8 4
12 14 6
1 5 4
11 11 29
20 22 29
22 23 15
19 21 9
13 14 20
21 23 9
4 6 3
8 10 7
11 14 3
21 21 24
16 17 2
21 23 3
4 6 7
6 6 18
21 23 21
0 0 23
3 7 2
3 5 22
9 12 14
15 16 4
20 21 12
12 14 28
22 1 12
21 22 26
23 2 1
19 22 8
16 18 9
1 4 3
23 0 7
12 12 15
9 10 17
10 13 1
16 18 15
9 10 21
16 19 9
11 15 26
19 21 22
0 2 25
20 21 10
6 10 24
8 10 1
1 2 25
15 17 29
20 21 25
1 2 26
18 20 29
6 8 13
7 10 25
8 10 11
16 20 10
7 9 5
9 10 28
3 5 13
6 8 15
23 21 30
23 23 19
19 23 28
6 7 16
19 22 24
19 20 1
10 11 6
0 2 27
2 5 20
23 1 12
17 19 22
4 7 25
9 9 7
11 13 30
20 23 22
18 19 24
15 15 22
17 21 26
14 16 16
12 13 13
21 23 14
7 10 26
6 9 6
5 7 2
19 22 2
11 15 29
6 8 8
23 1 27
1 4 21
16 19 10
14 16 16
12 14 5
22 1 7
18 22 13
19 21 24
12 14 8
13 14 27
8 12 21
9 13 21
4 7 18
12 16 21
18 21 12
21 23 18
9 12 26
9 13 1
21 23 12
5 7 10
6 7 25
15 19 5
21 0 4
14 16 25
21 0 29
7 9 11
13 16 7
16 19 20
18 19 13
2 4 29
3 7 13
20 23 12
14 16 5
21 21 1
14 16 2
15 19 25
21 22 6
21 23 2
22 0 30
8 9 1
17 19 24
13 15 1
8 10 16
15 17 17
3 6 29
10 11 21
17 18 30
23 0 12
12 16 10
4 7 25
12 15 8
13 14 20
11 13 26
5 9 19
19 20 24
17 20 28
20 23 20
11 14 10
19 23 24
11 14 20
16 17 23
19 20 2
6 9 18
1 2 24
14 16 7
8 10 22
9 10 26
19 21 24
17 19 5
15 18 7
12 14 18
10 11 18
2 4 16
5 6 7
21 0 25
19 20 7
16 19 24
1 2 15
0 0 4
7 10 2
0 4 2
18 20 27
23 1 1
4 6 8
9 10 20
15 18 7
10 10 30
9 10 21
2 3 21
10 14 16
20 23 10
0 3 10
19 23 26
22 0 20
11 13 15
8 9 13
22 2 13
9 12 11
19 20 15
9 10 8
1 6 26
18 21 26
5 8 24
1 3 6
4 6 18
22 0 12
13 15 11
16 19 13
20 21 26
17 17 16
0 2 9
17 18 10
12 15 16
13 16 28
4 5 26
4 5 10
0 1 17
18 19 28
9 11 25
10 14 17
5 6 10
19 18 9
9 11 8
15 15 21
7 8 27
17 19 30
7 10 24
1 3 26
23 1 22
20 22 26
23 2 9
17 20 28
21 22 12
10 12 27
14 17 22
20 23 17
10 13 13
17 20 25
3 4 6
14 15 5
14 16 5
12 14 8
22 23 1
1 4 4
4 6 4
21 23 19
13 15 21
7 8 3
16 16 27
20 21 4
1 4 1
8 10 9
13 15 24
6 10 22
12 16 25
4 6 15
0 3 16
18 21 22
18 21 8
16 18 3
17 19 22
22 0 22
0 0 25
4 7 11
14 15 19
15 16 22
15 17 13
4 7 15
17 22 22
20 23 20
23 1 9
19 20 17
13 15 18
1 3 2
7 10 23
23 1 27
12 14 25
12 13 13
1 4 1
9 10 18
22 1 3
3 5 27
21 22 2
2 4 25
3 5 3
15 16 24
11 12 25
0 2 9
8 11 29
17 20 5
19 21 23
11 14 17
15 19 20
8 8 18
23 2 11
8 10 21
1 5 21
1 3 22
1 4 2
2 3 30
18 21 24
1 2 24
12 15 21
12 15 29
6 9 20
19 21 24
4 6 13
5 7 17
11 12 1
8 10 16
8 12 29
18 21 12
1 2 30
16 18 29
2 3 1
1 4 22
11 14 10
11 12 4
1 5 27
12 13 22
12 16 29
16 17 28
3 6 19
21 0 5
21 23 1
0 1 1
23 1 22
4 5 20
4 8 27
3 5 16
11 11 9
23 3 17
20 22 26
6 9 30
23 1 5
7 8 10
12 14 26
21 23 23
9 12 24
18 19 6
22 23 19
20 23 5
5 5 3
10 12 2
2 2 1
19 22 30
11 14 25
6 8 28
13 14 30
14 16 16
19 20 16
7 10 18
5 6 29
12 15 19
21 23 1
15 16 24
19 22 28
7 9 13
22 1 20
4 5 18
19 22 8
21 22 21
8 9 21
15 18 14
7 8 8
19 21 13
20 23 11
16 19 28
18 19 6
4 6 10
2 4 24
0 1 17
5 8 9
13 15 23
18 20 17
21 1 2
13 16 24
13 13 12
17 16 10
3 5 1
0 2 5
0 1 26
2 5 19
7 8 15
3 4 1
16 17 21
6 8 9
10 14 30
19 22 27
1 2 4
6 7 2
18 19 28
7 9 6
4 4 7
16 16 14
7 8 13
14 17 15
4 7 20
3 5 5
14 16 21
5 7 17
1 4 16
4 8 29
1 3 22
4 6 13
9 11 3
4 6 7
20 22 5
16 19 17
10 11 21
13 18 18
22 0 21
13 16 3
16 16 26
19 19 19
20 21 14
19 21 21
23 0 30
15 17 23
9 11 15
5 6 29
2 3 13
5 7 5
2 3 3
2 5 1
2 3 29
5 7 27
17 19 26
21 23 30
5 6 29
7 8 6
14 17 22
8 12 9
1 3 4
10 13 23
22 0 1
4 5 29
23 1 18
21 23 16
22 22 22
10 12 26
3 5 15
13 15 29
22 23 10
16 18 8
19 23 2
12 16 20
8 11 7
4 7 23
16 17 7
16 17 3
3 5 2
16 17 24
15 16 6
5 8 15
19 19 16
3 3 26
14 19 15
5 8 10
4 6 10
1 2 24
7 10 14
22 1 13
10 11 19
18 21 11
18 20 15
10 12 1
1 4 27
8 10 8
9 14 18
17 20 14
2 3 28
17 21 3
12 13 26
16 19 5
12 14 29
21 23 13
1 3 11
13 16 26
7 9 3
7 8 27
22 23 19
11 11 27
20 22 2
23 3 3
19 21 10
20 20 27
8 10 25
20 21 7
16 18 27
15 16 25
6 7 11
17 19 24
10 13 18
9 11 3
13 16 23
11 15 2
5 9 14
3 6 30
8 13 3
11 13 10
20 23 14
11 13 2
11 14 25
9 10 3
19 23 23
13 16 1
15 16 23
5 7 20
13 15 13
16 19 20
23 1 21
19 22 1
0 1 17
7 9 16
15 18 9
21 0 19
20 23 13
8 9 17
1 3 12
6 8 5
23 0 3
5 7 1
0 4 15
16 18 26
23 2 17
20 20 4
14 17 5
7 8 3
18 20 9
4 6 4
0 2 7
20 0 20
5 8 5
17 19 17
12 13 14
8 10 12
5 9 7
21 22 13
20 22 26
4 4 18
16 18 20
6 7 25
12 13 23
22 23 26
20 22 26
22 0 26
15 15 30
3 3 17
5 8 16
13 15 8
5 6 24
14 15 1
23 0 20
6 8 13
4 6 2
4 6 25
12 15 6
6 7 28
14 16 15
13 15 1
16 19 9
7 8 29
22 23 1
21 1 22
21 23 22
20 1 23
16 17 8
16 18 30
12 14 18
22 1 7
1 3 13
12 14 24
5 8 6
4 5 17
11 14 11
14 16 25
22 23 29
12 14 20
17 20 4
18 20 3
9 9 22
14 15 6
17 19 14
6 9 26
6 8 20
4 7 27
19 22 30
12 13 1
2 6 21
21 23 23
17 19 21
19 20 10
22 1 24
11 13 3
22 0 24
19 20 28
18 19 1
22 0 11
13 14 1
23 1 7
8 9 17
1 4 5
6 7 11
9 11 22
7 9 5
8 12 22
13 15 14
11 12 17
6 9 10
6 8 30
20 22 17
5 6 27
8 10 30
7 11 11
15 17 8
3 7 16
15 17 4
19 20 7
