3810 30
14 9 15 30 30 29 3 24 6 27 6 14 20 26 7 25 30 10 8 21 23 7 2 17 24 18 17 2 20 27 
21 0 19
18 20 25
21 23 11
8 10 16
3 4 12
11 13 23
3 6 18
7 9 14
6 9 18
21 23 29
11 13 3
15 17 29
19 22 2
14 17 5
23 1 13
23 1 20
10 13 11
22 2 9
5 8 5
0 2 7
11 13 3
3 7 29
17 19 21
10 12 24
15 18 1
21 23 14
3 4 18
19 21 5
18 21 29
6 9 4
2 4 26
23 2 3
7 9 17
21 23 14
20 23 2
0 1 1
7 10 21
21 23 29
19 22 24
7 8 9
4 7 18
0 0 8
3 5 1
15 17 14
19 21 21
22 2 19
12 16 25
16 18 15
8 10 23
14 15 28
17 20 26
3 4 27
12 13 19
23 2 20
4 7 1
20 21 22
4 6 11
10 12 21
5 5 13
5 5 13
6 8 15
10 12 18
8 11 18
2 5 30
4 6 30
19 20 10
5 5 5
11 13 28
22 22 19
4 5 26
20 1 11
1 3 8
22 23 20
15 16 28
9 11 28
4 6 13
0 3 9
21 22 6
17 19 10
19 23 21
13 15 11
19 21 30
17 19 22
2 5 7
0 3 2
12 13 5
17 19 2
11 12 29
17 17 22
9 10 8
16 17 22
6 8 26
6 9 29
12 14 20
15 17 27
21 22 16
21 23 26
11 12 21
9 10 24
3 6 16
9 11 29
23 1 29
6 8 14
7 9 27
6 8 3
15 17 5
14 15 18
18 20 16
15 16 3
12 16 1
3 5 19
8 9 11
4 6 29
2 4 9
20 22 22
2 5 11
22 23 22
19 20 2
8 11 24
13 14 19
21 22 15
21 23 20
4 7 1
19 20 30
13 14 4
20 22 25
23 1 18
3 6 6
15 18 17
0 0 4
11 12 20
14 16 7
16 17 6
9 11 15
3 5 25
10 12 3
10 11 10
17 19 21
7 11 18
0 3 28
20 21 25
18 19 16
14 17 12
19 20 3
5 8 20
22 23 30
13 16 20
4 6 26
6 7 2
2 6 7
6 9 4
11 14 8
20 23 25
15 15 23
22 23 30
21 23 17
20 21 17
4 4 7
4 6 12
13 15 4
8 9 18
7 9 24
2 3 27
7 7 1
17 18 14
4 6 13
18 20 18
16 20 26
1 2 1
13 15 6
13 16 20
11 15 18
8 10 27
18 19 7
0 2 9
3 5 27
11 14 20
5 8 3
10 12 8
20 22 7
15 17 20
11 14 5
2 3 7
7 11 25
0 3 16
2 6 2
19 22 1
4 5 3
7 8 2
20 23 8
19 21 1
6 8 8
18 20 15
21 23 18
9 12 3
22 23 12
7 9 9
4 7 6
17 19 30
2 4 24
15 17 13
1 4 25
0 2 13
12 13 16
15 17 16
10 12 26
5 7 2
5 7 21
21 0 30
8 11 22
14 16 18
17 17 19
7 8 19
12 14 23
10 12 9
11 13 23
21 0 28
10 12 23
13 14 17
3 6 10
12 14 22
20 23 4
15 17 6
22 23 18
0 0 10
1 1 27
9 11 3
13 15 7
1 3 27
23 1 9
11 12 10
12 13 24
20 21 19
12 13 27
10 12 29
19 22 3
4 6 10
1 3 19
22 1 30
20 23 25
22 1 9
18 21 16
14 17 29
13 17 11
4 6 8
12 13 13
18 21 27
0 2 21
7 11 23
7 9 2
19 21 13
12 15 27
9 10 14
11 12 13
4 6 12
3 4 20
7 10 18
20 21 24
17 19 5
13 15 16
22 0 9
6 11 8
20 22 26
17 18 9
20 23 25
22 1 23
17 18 30
10 12 12
2 3 2
0 3 1
1 4 25
8 12 5
14 18 8
8 8 5
15 16 7
22 0 7
10 13 20
22 0 9
10 12 24
3 6 13
9 11 4
6 8 14
2 3 9
6 7 19
17 21 7
0 3 8
1 3 2
9 9 28
8 10 4
16 18 4
5 7 13
9 10 18
5 7 6
3 5 11
16 18 30
21 0 9
2 4 11
16 20 18
15 15 12
4 7 26
8 12 19
23 3 12
3 4 25
10 11 9
11 13 4
18 18 1
18 21 14
22 1 19
19 22 30
0 1 28
7 9 13
18 20 30
20 21 6
0 0 11
12 13 26
5 7 18
12 12 23
10 12 19
22 23 12
16 19 4
19 21 12
21 0 3
15 18 4
16 19 2
19 21 2
2 4 20
22 23 9
6 8 27
1 4 10
16 17 4
18 20 6
18 19 18
15 17 23
16 19 15
15 18 11
23 0 12
15 17 19
4 5 11
22 0 17
5 7 30
20 23 22
20 22 28
16 16 29
20 22 26
10 13 8
0 3 21
18 21 29
18 20 1
9 11 9
18 20 25
6 8 21
15 16 22
23 1 8
0 3 13
4 6 26
16 18 28
4 6 29
3 4 30
22 23 23
14 18 21
22 1 27
15 17 13
15 16 23
22 23 21
23 1 27
21 23 12
17 19 20
21 23 11
4 7 12
7 9 22
5 7 20
14 17 26
16 17 7
20 23 22
3 6 1
10 13 27
9 12 30
12 13 24
16 18 8
15 17 26
2 3 4
10 13 27
11 15 17
13 15 14
19 22 18
9 10 18
9 12 20
8 11 15
19 21 18
21 23 6
3 6 18
11 12 13
3 5 11
0 2 10
1 3 4
5 6 17
12 12 27
21 22 2
15 17 3
3 5 13
20 22 6
6 6 30
20 22 29
18 20 5
3 5 19
7 9 11
16 16 22
19 22 2
3 6 14
5 6 28
18 20 4
11 14 29
14 16 12
0 1 19
8 9 18
8 11 4
21 23 26
1 3 4
23 3 20
7 9 27
22 0 28
1 2 23
11 14 27
8 9 16
6 9 30
13 15 4
6 9 3
21 23 28
6 9 4
1 1 8
5 8 2
10 14 6
14 16 29
14 16 20
7 10 16
10 11 12
10 12 6
13 12 6
12 16 30
8 10 13
11 15 25
6 7 28
10 12 27
12 12 6
18 20 8
10 13 16
13 15 3
11 15 1
1 3 23
22 0 23
14 14 1
20 0 22
5 7 14
21 1 4
0 1 29
3 3 5
11 14 18
2 4 20
12 15 25
20 23 22
4 8 8
0 3 10
1 2 19
20 22 20
14 18 14
7 9 4
22 0 10
23 0 11
11 13 30
13 15 7
11 14 20
2 5 17
15 17 4
17 17 1
16 18 2
7 8 8
11 13 10
9 10 15
8 10 27
15 18 13
10 13 24
18 21 20
15 15 28
0 2 19
16 18 12
6 8 11
8 9 17
8 10 19
16 19 26
21 21 6
5 7 9
14 17 18
0 0 18
9 11 6
17 18 1
19 21 19
2 3 7
21 22 8
13 16 28
1 4 22
9 12 24
8 9 3
21 0 7
7 8 4
5 6 11
6 8 9
5 5 17
17 18 21
3 4 1
19 22 4
2 3 7
21 22 27
9 11 2
10 12 4
7 9 22
12 12 23
17 20 19
11 14 4
3 5 11
19 22 15
7 9 24
15 17 13
5 8 2
5 7 15
6 10 30
23 2 14
13 15 5
23 2 4
0 1 10
21 23 2
6 7 13
4 7 16
22 1 25
15 18 26
14 17 8
0 3 30
13 17 19
17 19 16
7 9 6
21 23 30
15 16 19
4 8 30
3 3 24
7 10 4
12 14 6
1 1 12
17 20 30
7 8 26
3 7 26
2 4 5
18 20 20
21 22 9
5 9 19
8 11 11
16 18 16
0 3 22
7 8 6
2 4 2
23 2 24
0 2 21
3 6 17
15 16 16
17 21 25
0 1 13
16 18 29
19 21 7
16 18 25
22 0 15
14 17 1
23 1 29
6 7 1
1 2 3
7 8 14
3 6 17
15 17 25
6 9 29
16 17 17
14 16 22
17 19 7
3 4 23
8 9 13
4 6 6
14 16 23
13 14 10
19 21 1
22 0 16
6 7 20
20 22 16
5 6 1
9 9 23
18 22 16
0 2 19
8 10 15
7 9 19
13 16 21
23 1 24
14 15 15
19 22 21
4 6 3
1 5 26
7 9 24
23 1 13
3 6 25
12 15 19
9 9 25
0 2 16
21 23 17
21 23 28
8 10 25
17 19 10
15 17 18
1 4 15
17 18 17
13 17 24
16 18 17
9 11 19
8 8 22
19 22 19
16 19 8
8 10 6
10 14 27
8 11 11
9 12 21
8 9 11
12 15 11
23 1 12
22 23 30
3 5 28
23 0 23
2 4 11
23 1 5
3 3 22
9 11 18
17 18 15
2 3 9
12 14 15
18 21 16
9 10 18
6 8 30
21 23 13
15 18 1
19 21 15
23 2 6
6 8 28
14 15 12
4 7 8
18 23 7
9 12 11
17 20 11
8 11 23
23 1 15
1 4 24
4 6 21
23 0 14
4 6 2
23 1 7
1 2 28
22 2 9
5 5 22
1 3 9
11 14 21
13 14 24
13 14 27
14 16 21
19 19 28
0 0 9
3 6 4
20 22 18
8 9 2
4 7 24
8 11 11
7 9 19
19 23 1
3 5 22
10 12 11
16 19 29
7 9 2
1 3 27
5 8 25
1 3 30
0 2 11
7 11 7
17 19 25
7 7 2
21 21 28
23 2 5
13 14 7
13 15 1
10 12 5
21 22 2
9 11 30
21 0 2
0 3 13
7 10 15
1 4 17
3 6 5
0 3 12
1 3 9
18 21 24
12 13 19
21 23 28
21 23 8
15 17 12
1 4 3
21 23 22
16 15 24
17 20 1
13 14 15
4 6 19
6 9 7
0 1 2
21 23 10
9 11 4
18 20 25
4 6 3
0 1 23
0 2 21
11 13 7
4 5 3
0 1 24
9 11 27
19 21 13
11 12 1
2 4 14
6 8 23
19 22 15
22 1 1
4 5 15
21 23 9
15 18 7
19 22 21
15 16 1
9 12 7
17 18 23
10 12 2
5 7 2
18 20 9
5 9 18
1 4 9
9 10 6
17 20 11
14 17 3
18 20 4
20 20 18
13 17 16
20 21 14
3 5 4
13 15 23
18 19 11
7 8 21
10 13 27
21 22 9
20 21 21
12 15 2
2 5 3
22 1 10
7 7 20
22 1 28
2 7 22
15 18 2
8 11 2
18 19 11
10 12 14
7 10 9
4 6 13
15 18 17
20 22 5
14 17 29
22 0 22
22 2 14
23 0 16
19 21 14
16 18 5
19 21 6
5 8 2
15 19 5
6 11 12
21 1 12
15 17 11
2 5 21
11 12 6
8 11 23
2 3 2
3 5 19
17 20 6
21 21 28
14 13 20
14 16 5
7 12 14
14 16 10
18 19 20
7 10 28
2 3 24
12 14 13
4 4 10
2 4 7
19 19 24
2 4 17
5 7 27
3 4 4
20 23 20
3 5 2
9 12 27
21 23 6
2 2 7
14 16 24
11 12 27
8 9 21
6 9 2
0 1 20
12 12 20
1 5 2
6 10 18
14 16 9
9 11 4
19 22 26
4 4 13
17 18 28
20 0 3
18 21 22
5 7 3
17 17 4
0 1 12
20 22 24
13 15 1
15 16 2
15 18 24
19 21 13
0 4 13
8 9 9
11 15 8
20 22 8
7 8 18
7 8 22
13 16 14
20 23 5
17 21 1
23 2 25
12 15 28
13 16 16
16 19 10
3 5 7
7 7 16
9 11 23
13 15 27
7 10 13
0 2 7
23 2 24
21 22 15
12 16 16
21 0 27
19 19 2
0 3 5
8 11 30
11 12 11
13 15 12
22 0 13
19 22 14
13 15 4
2 3 22
21 22 30
2 4 1
2 5 15
23 1 6
18 20 29
21 23 16
21 0 10
17 19 29
17 19 10
10 13 21
21 0 26
20 23 16
1 2 22
15 19 24
9 10 29
15 17 11
16 18 26
7 10 10
14 16 3
5 7 1
11 13 11
3 5 3
1 2 12
19 20 5
11 13 19
21 23 16
8 10 17
3 4 21
5 7 29
4 4 20
4 5 2
13 15 4
10 12 5
4 6 18
19 21 10
9 12 3
20 22 24
10 10 7
8 11 8
21 23 9
17 17 13
10 13 5
16 18 8
5 8 7
17 19 3
0 1 19
21 2 27
17 19 18
18 20 12
4 7 28
1 3 23
11 15 2
22 0 24
6 8 14
19 20 17
18 21 4
4 5 22
6 8 21
0 1 22
9 10 26
9 12 15
9 12 28
15 19 17
1 2 10
16 18 10
13 14 28
4 6 22
11 12 30
0 3 1
19 20 27
8 11 29
2 4 11
14 15 21
19 23 8
4 5 11
14 16 20
23 2 18
19 22 9
17 19 28
15 16 21
10 14 13
5 8 25
5 9 25
11 12 26
4 8 8
1 3 7
6 8 29
3 6 15
4 6 24
18 20 10
0 1 9
21 22 5
20 22 10
9 11 27
0 1 26
6 9 8
17 21 21
6 9 4
22 2 23
19 21 12
22 0 21
7 10 16
23 1 24
8 8 15
6 6 10
19 19 8
10 14 30
7 10 8
1 4 20
9 12 27
1 4 15
3 7 28
6 8 5
1 4 20
14 16 15
22 0 7
0 3 17
22 0 26
16 17 15
11 13 17
9 13 25
12 14 20
14 17 20
7 8 23
7 8 29
11 14 29
0 1 21
13 16 5
3 5 28
19 21 2
21 23 10
4 5 9
14 15 17
8 9 1
1 3 30
23 2 6
18 21 28
11 11 4
8 10 7
16 20 3
21 21 23
18 19 6
14 17 4
10 12 5
4 7 18
13 15 28
1 4 21
15 17 23
14 15 8
16 18 11
11 13 3
11 11 30
5 6 6
8 10 10
16 19 15
23 1 27
20 21 22
21 22 13
9 12 18
23 1 22
1 2 30
16 18 16
12 15 12
5 5 7
14 16 2
19 21 27
9 11 2
16 16 1
0 1 25
5 7 29
16 19 17
17 18 20
22 2 22
0 -1 27
8 8 9
3 5 25
18 21 30
0 1 24
19 21 7
22 23 11
2 4 11
9 11 24
1 2 14
11 13 13
21 21 6
22 23 6
21 23 21
8 11 3
6 7 7
18 22 10
19 19 23
7 11 30
12 14 15
11 13 2
20 22 8
0 2 18
18 21 14
7 10 21
8 8 1
10 13 14
12 13 27
9 12 30
13 15 15
13 13 30
11 12 18
4 5 5
9 12 29
22 23 23
1 3 22
8 9 28
8 11 13
4 5 21
17 18 9
22 0 13
2 6 20
2 5 21
15 18 25
17 19 12
10 11 9
0 4 22
23 1 18
21 0 16
12 12 7
17 17 11
19 21 21
21 23 8
4 6 4
6 7 3
14 14 9
13 14 15
11 15 22
0 1 4
9 11 22
23 2 29
17 19 4
19 19 20
18 21 1
9 10 17
11 13 12
19 21 5
8 11 6
19 19 18
20 21 12
22 0 15
8 12 14
7 9 22
18 20 19
3 4 22
5 7 16
11 13 17
15 17 15
11 13 3
11 14 4
20 22 5
14 17 4
0 2 19
0 1 28
18 20 18
14 15 2
21 0 19
10 13 27
5 7 20
5 6 24
16 18 24
17 20 7
21 23 30
18 20 15
15 19 26
14 17 16
10 11 28
10 13 16
13 16 11
1 3 6
4 6 26
20 23 6
3 6 3
17 19 26
4 5 6
9 10 12
11 14 24
18 20 5
3 4 29
23 2 16
17 21 10
16 17 25
14 16 10
11 14 23
20 21 29
1 4 8
6 8 28
22 0 9
9 10 25
0 2 20
17 19 30
6 10 29
7 10 30
10 13 21
16 20 3
12 16 27
6 8 29
0 3 12
7 8 29
6 8 19
4 7 13
10 12 5
15 17 24
15 16 9
1 4 21
8 9 18
6 9 4
3 6 20
4 6 17
1 5 4
5 7 28
4 6 23
8 10 30
21 0 24
19 22 12
7 10 26
6 9 26
20 22 27
13 15 16
8 9 9
3 5 2
5 7 30
16 19 15
0 1 14
16 18 7
6 9 20
17 19 27
7 8 18
7 10 24
18 19 20
18 20 8
10 12 25
20 21 22
7 9 7
4 7 29
16 19 25
21 23 15
9 10 11
6 9 4
6 7 25
23 3 25
15 18 15
12 15 12
1 6 18
22 1 19
9 11 24
9 11 21
8 9 3
18 21 19
5 9 24
20 22 22
19 20 11
8 9 10
13 16 25
18 20 4
16 19 6
2 5 26
18 19 9
10 12 24
2 3 25
22 0 3
21 22 15
15 17 23
0 1 25
3 4 27
0 2 8
14 17 30
23 1 18
13 16 19
17 19 24
2 4 12
18 21 2
22 23 4
14 15 7
18 19 5
18 19 16
13 16 16
17 20 27
21 22 12
22 22 5
6 9 11
0 3 29
1 3 6
1 6 8
4 7 30
6 9 24
14 15 22
13 14 24
1 1 29
0 3 27
22 1 27
23 1 14
19 21 19
10 14 12
18 20 25
13 15 25
20 22 27
11 14 17
4 5 5
3 7 20
12 14 3
7 8 5
18 20 10
12 15 13
2 3 23
13 16 5
6 7 19
16 18 29
17 17 1
2 4 27
0 5 22
19 21 19
3 6 9
17 19 24
19 21 10
20 22 8
16 17 19
6 8 9
6 9 7
15 16 13
0 2 16
10 13 22
13 15 13
6 9 14
23 2 23
3 5 28
17 17 13
12 14 21
19 19 29
20 22 4
20 22 20
16 16 13
3 5 30
20 21 11
13 15 16
7 10 19
0 2 2
19 20 13
19 22 6
3 5 8
8 9 15
5 8 13
10 11 4
14 14 21
6 8 23
4 7 8
4 7 29
16 17 14
7 8 1
1 5 16
2 4 22
12 14 19
0 2 24
22 0 4
8 8 18
10 12 5
19 22 22
20 21 22
17 21 14
14 16 10
14 16 10
12 13 30
18 21 25
15 18 29
3 2 5
13 14 4
21 1 8
7 8 2
10 12 4
20 21 15
12 15 1
4 4 21
6 8 26
21 23 7
1 4 5
13 12 10
20 22 16
18 22 14
23 2 22
13 16 28
6 7 28
2 4 10
14 16 8
2 2 17
11 14 24
14 17 21
3 4 8
1 1 7
13 16 5
21 22 30
10 12 4
17 19 30
6 8 27
22 1 21
0 4 29
8 9 30
21 22 17
18 20 5
13 15 23
7 8 3
12 13 6
9 10 15
2 2 23
16 18 19
12 14 6
3 6 13
20 22 22
4 5 22
23 1 19
9 12 29
10 11 20
11 15 25
11 14 24
11 12 27
4 4 7
10 12 11
1 2 20
5 7 3
8 12 29
1 2 13
17 20 10
4 7 23
10 12 18
2 6 20
21 22 10
7 9 24
3 6 25
13 16 9
19 20 29
14 16 5
3 5 11
0 3 24
10 12 26
8 10 14
18 19 28
5 7 17
23 1 25
8 9 7
19 23 25
6 6 11
13 15 18
15 15 24
1 1 20
2 5 14
11 12 25
3 5 24
22 23 2
10 11 8
12 14 9
13 15 8
8 11 13
14 16 5
22 0 2
21 0 6
5 7 22
22 23 7
13 15 28
18 19 8
18 20 3
19 22 15
1 1 23
12 14 8
11 13 27
1 4 6
9 11 15
13 15 22
23 2 6
0 2 4
2 3 12
7 9 7
18 21 24
6 9 20
18 20 18
6 8 10
19 21 1
6 7 3
13 14 15
17 19 20
17 19 7
15 18 19
5 6 30
2 4 24
1 4 19
6 9 7
16 19 15
20 22 18
7 8 29
3 5 2
18 20 14
17 18 8
14 14 8
6 7 14
16 19 17
3 6 20
9 12 3
22 0 7
7 10 21
15 17 28
0 1 30
23 2 24
20 21 20
18 19 27
14 17 24
7 8 19
1 3 19
7 8 25
8 9 20
11 12 13
23 2 23
17 20 24
10 11 29
20 21 19
16 19 20
20 22 13
17 21 26
2 3 14
1 3 14
19 21 29
2 5 30
7 9 30
5 6 7
6 8 3
14 16 10
2 3 25
10 12 7
15 16 22
20 21 27
10 12 23
11 11 19
22 23 1
14 15 16
8 10 20
6 9 18
15 18 12
13 14 24
11 13 22
4 7 6
4 7 6
6 8 1
6 8 10
3 3 25
7 9 11
14 17 29
17 20 2
12 12 15
18 19 28
12 14 7
23 0 5
2 5 24
23 1 20
7 8 4
3 4 12
2 4 8
4 6 22
6 5 19
7 11 7
16 18 20
17 18 12
10 13 11
15 16 16
0 4 16
19 21 30
1 3 22
13 16 12
10 13 8
17 19 25
8 9 27
1 3 12
5 7 23
14 17 10
3 6 5
8 10 22
13 14 28
9 12 23
6 7 11
0 2 30
18 20 30
9 10 25
17 20 12
21 0 9
4 6 21
19 20 27
20 20 13
15 17 30
4 6 17
22 0 30
12 13 17
8 10 29
14 17 24
12 15 27
20 23 22
8 10 12
4 6 12
12 13 30
2 4 28
19 22 21
0 2 28
1 3 21
19 23 24
14 16 29
3 4 9
21 23 22
23 0 16
13 16 15
5 6 18
12 13 21
6 7 20
15 16 3
4 7 16
20 23 27
19 21 11
22 23 17
3 5 4
1 3 22
11 12 25
6 8 30
6 8 5
17 18 22
4 6 2
9 12 26
11 14 28
5 7 22
21 23 20
17 19 24
11 12 4
22 23 19
0 2 1
6 7 13
11 14 16
10 12 17
3 6 26
0 2 30
3 5 21
9 10 16
0 4 20
17 19 28
7 11 16
3 5 30
15 15 30
20 20 14
18 21 1
21 0 12
11 13 29
2 2 19
11 11 17
9 10 10
21 0 10
10 12 24
3 4 20
1 1 10
19 21 10
4 6 24
2 3 18
5 7 7
15 19 5
4 6 25
12 13 19
4 5 5
1 3 12
7 11 2
16 18 24
3 5 9
17 19 19
19 21 16
22 0 5
3 4 17
5 8 24
1 2 20
16 18 14
8 11 18
15 15 9
15 16 12
0 2 13
8 9 19
7 9 4
15 16 18
7 9 26
5 7 18
19 20 25
18 19 4
15 17 3
6 9 10
15 17 25
23 1 21
19 21 9
23 2 11
21 0 22
5 8 30
18 20 10
23 0 1
21 1 17
22 1 16
23 2 19
23 0 9
7 8 24
7 9 13
18 20 2
16 18 9
3 4 11
12 13 2
15 16 18
4 5 8
19 18 16
7 8 14
13 16 22
4 7 30
22 1 13
12 16 19
16 18 16
0 2 23
23 0 11
15 18 30
2 4 1
22 23 6
6 8 21
6 9 10
0 4 14
7 11 15
17 19 23
6 8 22
0 2 17
17 18 11
2 5 20
2 4 25
19 21 12
18 21 4
14 15 14
15 18 16
10 13 17
1 4 20
7 10 15
1 3 22
12 13 7
17 19 17
10 14 5
14 16 22
3 6 10
4 5 17
16 18 8
18 20 15
8 7 16
14 17 18
22 23 15
4 7 25
14 18 5
22 21 6
12 13 10
7 10 16
6 7 23
21 0 26
22 0 27
11 13 28
5 7 17
23 1 25
3 4 22
3 5 29
9 12 15
10 12 14
11 13 22
17 19 13
22 23 2
10 12 5
5 6 8
20 22 24
13 16 17
20 20 6
20 20 11
21 1 2
7 9 2
12 13 22
15 16 6
11 12 20
14 16 8
20 23 28
9 12 27
14 16 20
11 14 30
23 2 15
2 5 22
4 6 2
14 16 11
0 3 26
0 1 19
8 12 20
4 5 1
0 3 20
19 22 5
3 4 30
14 16 15
5 7 25
18 21 5
9 10 26
18 22 1
18 19 9
8 10 11
19 20 14
2 5 8
4 6 18
3 5 19
9 11 15
5 7 28
0 3 12
12 15 3
3 4 24
4 4 14
21 23 20
16 19 4
7 7 21
19 21 30
6 8 8
11 14 1
4 7 25
13 16 3
12 14 16
16 19 6
17 20 18
4 4 4
14 18 18
12 14 4
7 8 26
7 9 13
22 2 17
21 22 9
18 21 7
19 22 9
1 3 19
11 13 8
18 21 20
7 11 21
3 6 23
19 20 8
21 0 22
22 0 6
13 16 12
21 23 15
11 13 11
18 21 15
8 8 2
16 18 23
11 13 18
17 20 17
9 11 20
12 14 21
16 19 16
19 20 23
1 3 26
10 12 10
8 10 12
20 22 4
4 5 8
14 15 5
9 10 22
21 1 26
23 2 13
10 12 11
13 15 9
13 15 8
17 19 19
12 16 21
20 22 3
15 16 23
21 0 6
15 18 15
5 7 8
20 22 20
12 12 14
11 11 15
5 9 24
7 8 16
9 12 17
19 20 12
12 14 5
21 0 19
8 10 9
4 6 23
4 6 24
0 1 2
4 6 5
11 14 5
11 12 9
21 23 11
22 23 26
11 13 4
18 19 6
20 23 5
11 13 26
16 21 24
17 20 27
12 13 19
19 21 4
11 11 20
8 9 18
19 23 24
9 12 9
10 11 25
0 1 12
9 12 29
3 6 9
22 23 6
8 11 26
1 1 6
2 4 12
5 7 3
18 19 9
19 20 7
8 8 6
4 5 5
22 2 16
10 12 26
15 19 4
5 9 27
1 4 18
16 18 26
14 18 4
12 15 28
21 23 25
6 10 3
11 11 9
1 4 19
5 9 6
19 20 17
17 18 4
13 14 20
20 23 20
17 19 30
5 7 14
2 5 10
4 5 29
8 9 17
0 3 4
3 4 9
18 19 4
8 10 7
2 4 24
12 17 16
20 0 12
7 9 22
18 21 23
6 8 21
21 23 11
23 1 11
22 1 2
6 7 23
23 3 21
17 18 6
12 15 23
4 7 2
18 22 12
14 15 26
8 11 1
6 7 15
11 13 12
20 22 9
0 0 9
9 11 17
19 23 9
13 15 21
22 23 1
2 7 30
8 12 21
19 20 6
19 20 19
21 23 20
18 19 4
17 18 13
23 1 3
17 19 1
12 15 24
0 2 22
2 3 23
12 13 29
11 11 19
4 7 6
17 19 10
2 5 5
0 1 25
6 9 20
2 4 25
2 3 5
13 15 7
21 23 23
14 16 12
8 12 8
10 13 29
5 7 29
4 4 10
1 1 12
5 8 3
20 22 5
9 11 20
18 22 5
15 16 14
8 10 19
3 4 4
23 0 26
20 22 20
8 11 19
2 4 19
5 6 2
9 11 30
15 18 9
8 10 6
19 19 23
13 15 21
21 22 9
21 23 13
9 9 30
17 19 6
20 21 19
4 7 17
11 13 11
0 3 5
17 18 21
12 14 17
16 19 19
0 3 22
21 23 7
3 6 9
15 17 22
9 11 5
4 4 1
2 4 24
1 3 26
12 14 21
9 10 14
12 15 14
4 7 25
16 17 3
22 0 28
2 3 17
19 23 8
23 0 18
4 4 27
17 19 14
0 3 16
4 4 2
20 21 13
20 22 27
13 15 5
11 15 8
18 21 7
2 5 28
0 2 8
23 1 13
12 14 18
4 6 29
8 9 26
23 1 30
11 12 2
21 21 13
14 16 23
18 18 25
5 6 1
23 1 30
13 14 29
8 10 30
14 16 21
0 2 8
16 18 29
15 17 30
19 20 18
13 15 7
17 19 3
17 18 9
20 21 11
2 4 21
10 12 29
11 13 26
7 9 3
21 23 16
0 2 21
19 19 21
15 16 30
17 19 7
4 6 4
5 8 7
0 1 3
11 13 6
10 12 10
23 0 28
8 10 1
16 18 1
20 22 29
2 3 28
10 12 17
11 10 12
20 22 20
12 14 14
7 8 27
1 4 18
6 5 25
11 14 25
16 17 25
16 17 24
23 1 12
13 14 30
3 5 7
1 2 17
18 20 6
7 9 8
17 19 3
20 23 21
1 4 29
9 11 4
18 20 5
20 22 12
13 13 26
17 21 28
22 1 28
8 10 14
0 1 8
2 5 28
15 18 3
7 9 9
12 14 16
15 18 16
18 22 3
18 19 17
9 12 9
23 1 29
9 11 3
20 21 26
0 2 14
0 3 6
20 22 22
19 22 12
12 15 14
13 17 4
2 1 3
10 12 22
19 22 23
8 9 16
20 21 15
4 7 19
9 11 21
8 10 9
12 15 21
16 16 27
3 6 24
4 5 3
20 23 12
22 0 7
5 7 20
0 3 5
0 1 15
0 3 17
11 12 20
20 23 1
5 7 14
2 4 4
2 4 9
21 0 24
16 19 4
16 17 4
2 5 21
12 13 7
21 0 30
9 12 28
7 11 29
0 3 18
22 22 5
21 22 7
16 18 8
19 20 27
5 7 2
15 17 10
18 20 13
3 4 20
10 11 11
4 6 26
12 15 25
21 22 7
14 15 2
2 4 22
20 23 25
9 11 22
21 20 13
16 18 9
8 9 23
21 23 19
7 8 19
1 4 20
13 16 9
1 5 30
8 10 13
0 1 28
23 1 13
7 9 11
4 6 18
9 11 3
10 12 19
6 8 21
9 12 29
5 10 17
15 17 28
4 6 1
16 18 4
2 3 15
8 10 27
8 10 22
13 16 3
7 10 12
18 20 2
19 22 3
10 13 17
1 3 11
10 13 15
16 17 29
2 4 29
6 8 19
7 9 1
23 1 13
7 9 30
9 12 19
0 0 6
23 1 27
17 18 9
18 20 2
21 23 28
6 8 25
17 19 19
10 12 29
5 6 13
15 17 21
14 14 30
22 1 7
16 17 20
16 17 17
23 0 23
1 3 26
11 13 13
10 11 1
6 8 3
23 1 7
3 6 27
1 2 5
3 4 6
13 14 10
14 16 17
8 9 4
16 16 2
6 8 10
9 10 28
22 2 27
19 23 30
16 18 18
20 21 28
19 21 13
12 14 29
8 9 27
11 12 30
0 3 8
7 10 19
19 21 25
19 21 28
14 17 12
23 1 14
22 1 24
18 21 6
5 6 3
22 22 26
4 7 13
12 13 1
14 14 29
18 20 8
12 14 18
14 16 24
3 6 20
16 17 11
14 16 7
19 22 29
20 23 1
18 19 14
22 0 24
12 12 8
11 12 19
18 20 4
21 23 16
23 0 7
3 8 7
13 13 9
19 20 9
0 4 4
18 21 29
5 9 21
11 13 17
2 6 29
19 21 20
0 2 2
5 7 19
6 8 6
8 9 22
23 2 13
7 10 7
17 18 3
18 20 10
21 0 23
10 13 18
4 7 17
7 10 18
12 13 8
18 22 27
12 14 2
15 16 12
14 16 7
14 14 5
11 12 5
13 13 27
0 3 26
9 12 7
2 5 18
3 4 10
10 13 28
22 0 1
18 21 26
16 18 22
4 6 14
4 4 11
19 20 20
8 9 3
12 15 11
5 8 14
16 19 16
3 5 28
11 12 5
5 6 11
2 5 21
18 21 1
21 23 29
8 9 28
7 8 1
14 16 18
8 12 15
7 9 18
21 22 27
19 23 28
2 4 18
15 16 8
4 6 12
5 7 2
6 10 8
1 4 15
4 4 29
1 5 2
6 9 4
21 21 27
12 13 14
12 15 25
8 10 7
4 7 1
7 9 29
1 5 24
5 8 13
9 12 20
16 17 28
19 21 21
20 22 22
11 13 1
11 12 4
8 10 10
17 18 18
6 8 5
11 13 24
23 0 2
22 1 20
18 20 1
3 5 16
7 10 6
13 15 23
0 3 9
6 9 9
19 21 5
10 12 13
6 9 22
6 8 15
5 7 24
22 0 1
20 22 29
10 12 22
5 7 27
1 5 2
10 13 21
10 12 11
16 17 3
0 1 14
8 10 3
14 17 30
20 22 29
18 20 25
4 5 24
4 4 16
3 4 25
13 15 16
22 0 15
9 11 5
18 18 19
23 1 12
15 16 28
17 18 1
7 11 11
1 4 18
22 23 20
10 12 22
9 10 25
7 8 6
15 16 11
21 23 8
19 21 18
14 18 24
10 13 6
16 18 25
2 4 30
5 6 10
19 20 15
3 4 11
4 7 18
11 13 20
3 3 13
23 2 26
4 5 2
12 15 17
8 10 7
11 12 24
11 13 20
21 0 13
23 2 8
14 16 7
12 14 12
17 20 25
8 12 18
3 6 6
0 2 17
21 23 6
8 10 2
17 17 17
5 8 23
21 22 23
18 21 5
8 11 18
22 23 22
21 23 23
22 0 7
13 16 6
17 18 22
23 3 3
12 14 24
11 15 4
20 21 23
16 18 23
0 2 10
9 10 28
2 3 3
4 7 11
6 9 24
11 12 25
2 3 25
2 4 19
5 8 16
3 5 22
14 16 5
3 4 22
23 3 16
9 13 26
9 9 20
6 6 4
11 13 6
0 3 23
16 18 27
13 14 26
15 16 14
6 7 7
13 16 16
18 20 26
16 16 16
13 15 19
1 5 10
8 9 16
4 6 21
11 12 6
4 6 21
3 5 6
11 15 13
17 19 10
11 13 2
2 3 13
22 23 3
15 18 25
21 23 17
23 2 6
18 19 16
20 21 13
21 21 7
15 16 28
6 8 15
12 13 11
10 12 19
7 8 6
3 5 22
20 23 7
4 4 23
9 11 7
20 23 15
8 11 17
18 22 25
18 20 25
17 18 12
10 12 20
19 21 10
3 6 4
0 3 9
19 20 21
9 11 15
8 9 7
19 20 12
10 12 19
2 4 10
12 14 26
22 23 15
21 22 27
7 8 22
5 6 3
7 9 26
13 17 12
7 8 5
20 1 6
13 14 19
8 11 12
3 4 15
13 16 23
21 21 16
5 7 23
3 4 14
14 16 10
17 18 15
0 1 17
6 9 3
15 18 23
12 15 26
8 8 22
6 7 27
5 6 5
12 14 9
7 10 19
10 11 12
9 12 22
21 22 26
8 11 6
12 14 17
19 21 7
7 8 14
8 10 30
10 13 6
2 5 26
2 3 29
0 2 12
15 18 19
11 14 6
7 8 10
14 16 6
18 21 18
3 5 29
18 21 7
10 12 13
6 8 11
22 1 3
0 1 3
8 10 14
3 6 25
17 18 24
21 23 30
9 11 28
9 12 14
2 3 27
16 17 5
22 23 23
23 0 10
5 6 6
9 11 8
3 3 14
8 11 29
2 4 29
0 1 29
12 14 2
0 2 21
20 23 15
14 17 19
2 4 8
8 11 23
4 6 30
17 19 15
21 23 10
13 14 5
11 13 1
16 20 30
23 1 17
9 13 10
9 10 22
14 16 29
4 5 1
11 11 19
19 23 19
19 21 26
3 6 23
9 10 4
10 13 21
0 3 26
4 6 16
15 16 8
6 9 25
4 7 15
18 21 5
9 11 12
8 10 26
15 16 3
15 16 16
21 23 25
4 6 7
17 20 11
23 0 14
21 22 18
23 0 17
13 15 20
7 9 28
20 21 8
19 21 16
12 13 4
11 13 2
9 11 5
10 10 21
1 3 17
21 22 10
7 9 27
1 4 27
16 16 17
19 21 1
6 8 11
22 1 7
18 20 28
3 4 10
22 1 16
23 2 13
23 22 15
20 23 26
23 0 1
10 12 18
23 1 21
20 0 30
21 0 12
12 14 13
6 8 16
4 5 26
22 23 10
19 21 19
13 15 16
3 6 17
9 9 23
5 5 6
14 16 27
21 0 26
9 9 22
7 10 30
23 1 10
8 11 25
1 3 5
6 7 17
19 20 27
21 21 5
18 22 1
6 9 5
4 7 9
7 10 9
21 23 19
3 5 19
23 1 2
8 8 18
14 17 17
4 7 25
14 16 20
18 19 12
13 14 16
11 11 23
11 12 29
0 1 23
4 6 30
2 3 27
19 19 26
10 12 14
1 3 4
12 13 15
15 18 23
7 9 2
9 11 17
9 12 21
2 2 16
16 18 2
22 0 12
1 3 21
10 12 2
13 15 11
18 21 18
9 10 5
11 13 27
10 14 6
0 3 24
4 5 24
16 17 15
23 1 24
4 6 6
17 19 19
7 9 30
1 3 15
14 16 21
21 23 16
0 1 16
3 4 20
10 13 10
3 5 14
15 17 1
11 15 26
12 15 12
1 2 8
8 10 9
0 2 1
6 6 27
14 16 1
3 6 27
7 9 9
11 12 11
13 16 29
15 17 10
10 11 25
11 12 19
18 19 25
15 18 11
2 5 19
4 6 7
18 20 29
9 9 6
7 8 25
22 23 27
16 19 5
15 17 15
3 6 16
12 13 30
8 10 3
14 14 2
0 1 11
6 9 22
17 18 22
23 2 3
6 7 22
3 6 5
18 20 23
16 15 15
13 13 26
11 14 10
0 2 10
17 19 17
5 9 28
9 11 15
6 7 11
1 1 13
22 23 3
19 21 8
17 18 22
8 8 14
0 2 13
11 14 9
12 14 26
9 11 16
14 16 10
1 2 19
14 17 24
20 23 11
21 22 8
0 4 12
12 13 30
10 13 15
2 6 3
14 16 10
1 5 12
19 22 28
23 2 27
10 11 25
16 18 29
0 2 4
18 20 19
3 4 4
7 8 3
1 5 4
5 8 18
18 20 9
22 2 8
12 14 7
20 20 20
4 6 15
11 13 2
0 3 20
6 8 17
10 11 12
17 19 30
7 10 14
18 20 7
12 15 3
0 2 8
18 19 2
19 20 2
22 23 10
12 15 1
21 22 11
18 20 21
11 14 13
11 13 14
13 15 28
20 23 29
12 14 7
7 8 11
15 17 29
14 16 4
23 1 17
4 4 25
7 10 24
19 21 2
9 11 8
13 16 11
9 11 5
20 23 10
10 11 27
14 16 27
10 13 6
20 0 12
20 0 24
9 11 7
0 1 16
7 12 21
12 12 4
17 19 24
16 19 17
17 18 13
20 21 19
11 13 13
10 12 19
5 7 5
17 18 2
1 2 21
23 3 23
1 4 24
8 7 27
3 4 26
9 10 26
16 18 21
5 7 8
3 6 12
5 8 20
10 12 18
10 12 20
11 13 24
14 16 30
15 16 5
21 22 26
14 16 25
10 12 18
0 1 14
14 17 10
15 17 4
2 3 23
9 10 6
18 20 19
7 7 5
15 17 10
3 5 9
20 0 11
11 12 3
2 5 30
12 14 19
5 7 30
12 13 14
7 9 20
18 19 27
9 11 24
8 10 1
13 13 1
10 13 25
6 8 29
10 12 14
1 4 26
2 4 11
12 14 10
21 1 5
8 10 26
2 3 20
13 17 10
3 6 19
3 6 4
8 8 4
13 16 4
17 20 26
10 13 20
11 13 16
11 13 29
10 14 7
4 6 16
7 7 3
8 10 24
22 1 27
13 16 10
9 12 22
2 5 23
9 11 27
12 14 4
16 18 12
8 9 12
15 16 16
11 13 18
18 20 15
23 0 2
3 5 2
0 1 19
17 20 30
2 3 19
9 11 20
12 14 22
23 0 24
11 13 1
7 9 28
3 4 6
11 12 29
19 20 25
3 5 1
5 8 5
23 1 15
23 3 22
8 9 13
11 11 23
23 3 21
13 15 12
18 20 4
18 21 25
9 12 3
20 22 6
12 14 14
12 16 8
4 5 3
17 20 18
20 22 20
10 11 9
16 16 30
20 22 16
16 16 1
17 20 24
2 3 17
11 13 21
5 7 14
12 14 23
10 12 1
8 10 1
23 2 20
1 3 1
17 18 7
7 9 13
8 11 11
20 21 26
18 21 7
15 18 13
19 21 10
4 7 3
5 7 5
9 10 9
22 0 1
9 11 26
15 17 22
22 23 8
1 4 6
20 0 30
12 14 7
17 21 28
17 18 25
0 2 20
16 18 17
1 3 19
5 6 10
5 7 30
16 18 16
19 18 13
14 17 21
0 2 16
13 15 22
17 20 30
4 5 11
20 22 15
8 10 14
20 22 30
2 4 24
8 11 9
22 2 14
5 5 14
1 4 4
3 5 16
7 9 3
23 1 16
20 22 16
13 16 14
9 13 22
10 11 23
14 16 12
13 15 15
6 8 8
17 19 16
13 15 24
4 9 13
0 2 20
14 15 25
10 11 1
19 19 27
1 3 17
17 18 9
11 14 12
7 9 8
14 15 10
23 2 30
12 15 20
8 7 12
14 15 30
4 8 3
2 4 28
5 6 15
14 18 23
8 11 18
17 19 6
8 8 27
21 23 15
22 23 21
15 18 23
8 10 6
0 1 18
15 18 4
11 14 30
15 17 15
16 19 21
0 1 6
10 14 18
11 12 13
8 8 5
10 13 21
22 23 20
9 12 28
23 1 24
8 9 14
13 15 30
11 12 2
6 8 28
12 14 28
15 17 23
20 21 21
6 7 16
3 5 1
22 1 5
8 9 28
17 18 15
7 8 22
15 17 25
0 2 25
13 15 4
13 14 27
23 2 4
6 8 20
5 4 5
16 19 4
17 18 15
8 11 21
13 15 8
11 14 11
12 14 24
10 12 12
19 22 13
8 10 28
1 3 2
21 22 6
13 16 5
23 1 16
4 6 18
5 6 20
11 13 30
21 0 7
9 13 15
7 10 13
18 20 27
14 15 28
17 20 5
14 15 2
21 0 28
20 23 11
1 5 9
9 9 23
18 20 11
20 21 6
3 5 27
13 15 9
16 18 30
8 10 4
14 15 10
2 4 16
10 12 28
18 20 4
3 6 22
22 0 4
4 7 3
20 21 10
3 6 8
17 19 25
16 18 2
8 10 17
23 3 18
7 11 10
22 1 15
1 5 7
11 13 3
22 23 14
14 16 1
15 17 25
1 3 11
3 4 20
12 15 28
7 7 6
10 12 30
19 21 20
1 5 28
2 5 25
20 23 28
17 20 29
8 10 15
20 21 23
22 0 6
12 14 3
21 23 13
14 16 24
14 18 11
6 8 25
4 6 16
9 10 20
15 16 15
2 5 2
13 16 10
10 11 4
14 16 8
20 20 18
0 2 3
10 12 13
21 22 26
21 0 24
13 17 9
11 15 20
5 6 23
6 9 22
0 1 25
8 10 3
5 6 28
23 2 5
18 20 23
20 23 10
12 15 6
6 8 5
5 7 13
21 23 15
13 15 9
3 4 7
8 9 2
16 19 10
17 20 23
14 15 4
18 20 7
1 3 29
12 12 1
10 12 9
2 3 12
14 17 10
23 0 29
20 23 12
21 0 4
15 17 12
20 20 8
18 21 16
18 21 23
5 8 30
19 20 29
22 0 6
23 2 13
6 8 25
12 16 28
6 8 22
17 19 11
3 5 13
22 22 21
1 3 25
14 15 15
19 21 8
9 12 17
16 19 28
11 15 29
3 5 22
20 22 24
8 9 14
19 21 4
6 9 29
8 9 1
17 19 27
16 19 22
14 16 29
23 2 28
4 7 12
17 18 1
5 7 24
1 2 22
7 9 6
20 21 15
6 10 14
2 3 4
4 5 13
1 3 25
3 6 14
9 12 3
6 7 20
9 12 15
16 17 28
1 4 17
10 12 9
23 2 8
12 15 14
18 20 23
7 8 25
8 10 5
4 6 3
8 10 28
4 7 13
4 7 24
14 16 4
6 10 9
7 8 17
19 22 2
12 13 29
19 21 22
12 13 18
12 12 10
13 16 18
6 7 23
7 9 8
2 2 10
20 22 5
21 23 18
19 21 10
19 22 5
8 9 24
23 1 16
22 23 5
23 3 6
14 19 2
9 12 30
19 22 16
2 3 19
14 17 30
0 2 27
17 20 21
0 2 24
17 20 11
7 10 3
12 14 23
13 17 1
17 20 9
7 9 7
23 1 21
3 6 1
7 8 16
13 16 12
14 16 3
17 19 21
11 13 13
12 13 18
13 16 12
22 0 28
13 14 1
15 15 8
21 23 12
0 3 28
14 17 16
9 11 27
6 7 15
22 23 8
23 1 19
13 16 25
0 3 12
20 21 12
16 19 20
3 6 7
14 16 8
7 10 18
5 6 13
9 11 24
11 12 25
19 22 7
20 23 18
20 22 14
6 9 30
9 11 23
11 14 20
13 14 16
2 3 15
6 9 10
8 11 25
17 19 6
15 16 20
14 15 12
10 11 17
19 22 26
5 8 9
1 2 30
20 21 30
22 0 19
13 16 3
0 3 1
14 16 14
3 2 19
16 19 28
5 7 29
16 16 4
3 5 4
11 13 24
11 13 19
4 6 7
19 22 6
0 2 20
12 13 5
2 4 22
22 1 4
22 0 20
8 11 10
17 18 6
20 20 11
13 15 1
23 2 3
15 17 2
10 12 25
21 22 28
10 11 21
10 13 24
4 6 25
12 16 14
0 2 22
1 4 11
7 8 15
22 1 22
13 17 26
21 23 9
12 16 25
20 0 17
20 22 14
5 8 24
21 23 11
18 21 16
21 1 30
7 7 13
22 23 24
18 19 14
23 0 5
15 18 9
1 4 2
19 22 25
8 10 19
16 18 24
8 9 4
9 13 24
3 4 28
16 19 10
6 7 16
11 14 26
8 11 7
22 0 1
11 13 4
8 9 13
12 14 29
20 23 13
1 3 26
14 17 28
9 11 12
22 23 18
16 18 7
3 6 1
8 9 6
12 14 5
18 18 9
23 0 19
15 17 18
9 13 23
19 22 27
5 9 21
21 1 13
22 0 13
10 13 4
9 10 5
3 5 12
1 2 19
17 21 29
20 22 29
5 7 22
19 22 7
22 0 19
3 5 22
10 13 21
16 19 26
1 2 2
17 19 29
2 3 18
21 0 16
13 16 23
13 14 10
16 19 11
2 3 3
3 5 3
2 5 18
16 18 8
13 14 13
1 3 13
7 8 4
5 8 9
18 19 15
6 10 21
0 2 21
18 21 17
16 18 16
21 0 24
21 0 11
2 3 4
9 11 27
0 3 14
14 17 28
16 18 29
11 11 27
2 3 19
2 5 10
10 13 4
0 2 14
19 22 4
20 20 1
20 23 29
13 15 16
21 23 25
16 19 15
13 16 14
20 21 13
2 2 22
9 12 5
10 12 25
0 2 18
1 3 6
16 18 7
22 0 30
5 8 2
7 9 26
14 16 7
11 12 13
10 12 17
4 6 2
6 8 28
5 7 8
17 18 12
4 7 11
9 12 20
18 20 6
16 16 21
10 12 27
10 13 24
16 17 22
5 8 5
16 16 6
12 15 12
0 3 30
13 17 8
1 2 5
6 9 7
12 14 14
10 12 28
11 11 21
14 14 11
16 18 16
5 7 18
18 20 6
10 12 29
21 0 1
0 2 1
17 18 9
0 2 16
0 4 22
8 10 24
22 0 6
17 17 25
16 18 9
0 2 24
0 -1 22
20 21 21
15 17 28
7 8 28
3 6 21
18 18 14
17 19 21
8 10 25
21 23 30
20 21 22
5 7 3
15 16 16
23 1 6
4 6 13
9 13 21
7 8 10
18 19 24
9 11 3
15 17 22
4 6 20
16 18 16
15 15 25
20 22 8
19 21 15
19 21 7
14 17 25
3 4 17
21 22 16
9 11 6
2 4 5
2 3 6
11 12 7
19 22 21
22 1 8
7 10 15
7 9 14
20 21 11
15 17 8
11 12 15
2 3 21
6 10 15
21 0 29
2 4 19
20 22 25
1 3 30
4 5 25
6 8 27
12 14 13
6 7 18
10 12 29
0 1 22
18 22 20
4 7 4
18 18 3
5 5 15
6 8 24
8 11 1
8 10 7
0 1 23
13 16 7
7 10 9
20 22 12
11 13 7
3 3 17
16 18 30
4 4 23
18 20 20
11 11 12
14 17 10
10 12 27
6 8 3
13 15 28
15 19 15
11 11 18
15 17 26
23 3 27
20 21 27
10 13 6
2 4 26
5 7 27
19 21 17
16 17 25
4 5 20
9 11 24
1 3 19
10 13 16
10 12 25
20 22 22
18 21 19
14 17 1
14 17 14
22 2 19
21 1 6
21 23 22
8 11 15
3 5 6
23 23 12
3 4 8
13 14 19
7 9 13
14 15 6
2 5 26
11 15 8
5 8 21
4 5 14
5 5 26
23 4 1
12 14 18
1 3 20
23 1 21
6 7 14
13 15 10
8 9 7
2 4 25
23 1 15
3 6 5
6 9 13
14 15 29
3 6 29
5 6 3
18 20 29
10 14 2
11 13 25
5 8 5
18 18 9
18 20 23
22 23 20
18 21 4
2 5 28
8 10 19
16 16 28
23 3 5
10 12 13
8 9 12
18 20 15
15 19 28
15 17 23
5 8 1
6 7 21
11 13 1
7 9 18
5 6 17
20 22 9
2 5 13
11 12 4
6 8 15
13 16 24
15 17 25
10 10 20
23 0 28
4 4 15
21 23 9
6 7 17
8 11 29
12 14 27
12 14 18
18 20 24
5 6 6
16 17 10
16 17 13
11 13 21
16 18 25
11 11 29
18 21 7
11 14 30
19 20 14
0 1 8
10 11 1
12 13 5
17 19 27
10 14 1
15 17 6
3 7 6
0 3 8
11 12 25
10 13 18
3 6 26
23 0 18
19 20 27
12 13 2
16 18 12
6 9 3
7 8 21
6 9 14
4 7 12
5 5 1
6 9 16
23 1 3
9 11 19
19 22 28
7 10 27
1 1 8
11 13 23
15 19 21
18 19 23
15 16 27
21 23 2
7 10 19
0 3 14
19 21 30
12 14 28
8 10 2
20 22 30
9 10 15
3 5 25
1 2 10
22 23 4
3 5 4
1 2 4
5 7 14
20 22 7
3 4 28
7 9 5
2 3 10
7 10 17
15 17 25
7 9 19
9 10 28
8 9 13
4 5 10
16 17 18
21 21 1
23 1 10
8 11 6
17 20 7
15 17 23
13 16 14
19 22 25
16 19 30
23 1 12
23 2 20
5 6 8
10 11 22
9 11 8
8 11 3
13 14 8
6 9 4
21 1 25
6 7 2
17 21 1
4 6 2
4 4 5
9 10 27
12 15 12
3 3 29
7 10 19
1 3 25
1 2 21
19 21 30
22 1 14
3 3 29
12 15 18
18 20 11
17 19 4
17 18 11
2 5 19
16 17 15
6 8 8
0 2 30
3 4 2
5 6 18
8 9 9
4 5 14
15 16 11
13 14 8
2 5 2
19 22 8
23 1 26
21 23 30
8 8 13
20 22 4
11 12 23
9 12 19
13 15 23
20 0 4
4 5 4
17 19 4
19 22 21
10 11 14
20 22 10
5 7 22
1 3 5
11 12 1
19 20 18
17 20 20
23 1 11
2 2 12
15 16 13
7 8 17
4 5 21
7 9 24
7 7 26
10 14 13
23 0 13
17 19 1
17 20 15
22 1 30
19 22 1
9 9 19
7 10 13
20 23 28
2 3 29
5 6 5
3 5 1
2 6 14
15 15 9
5 6 21
13 13 17
16 18 30
11 12 26
23 0 11
12 13 22
21 23 28
4 6 14
21 0 22
18 22 25
12 15 26
15 19 3
13 16 20
4 7 11
9 11 27
11 13 11
14 16 21
4 4 15
2 5 4
21 0 3
1 3 1
10 12 30
1 4 21
22 0 26
0 2 10
19 19 10
11 12 8
13 15 1
4 6 4
3 2 11
13 15 30
4 7 4
23 1 17
3 4 25
14 15 4
17 19 20
21 22 30
23 1 5
11 15 13
4 5 13
19 21 19
11 13 22
2 3 3
2 6 24
23 23 20
