3980 30
13 28 15 14 22 24 22 12 5 30 19 1 11 15 19 28 3 1 28 26 18 27 15 3 24 13 26 2 27 23 
14 16 10
11 13 11
7 10 21
16 16 11
4 5 13
6 9 15
14 15 14
21 22 16
8 11 15
3 3 15
6 6 13
22 23 2
18 19 23
7 9 28
0 3 27
12 12 14
9 13 8
12 14 24
23 1 7
5 8 6
13 15 8
22 1 9
1 3 17
13 15 7
10 13 3
1 3 28
15 16 5
2 4 21
7 9 18
14 16 4
18 19 9
2 3 7
1 3 21
5 5 14
13 14 10
4 6 5
12 15 5
3 4 10
9 12 30
19 20 26
21 21 30
9 12 7
7 9 6
2 3 10
10 10 9
18 20 29
12 13 17
7 11 24
6 10 11
5 7 6
10 10 12
12 13 2
16 18 15
21 23 16
4 5 26
5 8 2
10 13 9
18 20 24
7 10 15
8 8 26
9 13 8
12 15 4
17 20 29
4 6 4
1 5 19
13 16 2
4 4 27
8 10 9
7 8 23
7 9 7
20 22 24
18 20 28
20 21 17
9 10 22
19 21 9
8 11 23
4 6 24
4 6 9
3 5 17
8 8 26
14 15 10
6 8 30
6 8 4
3 4 28
2 4 12
9 12 25
14 16 25
7 7 3
0 3 4
2 4 4
4 5 14
2 4 14
0 1 5
0 0 26
19 22 12
15 18 28
4 5 9
11 13 12
19 20 12
19 23 26
8 10 5
2 4 18
4 7 22
22 23 28
2 4 27
5 7 24
15 17 1
19 21 12
13 16 12
6 9 5
17 20 19
8 9 6
5 7 29
2 3 20
15 16 6
2 2 23
4 5 22
5 8 29
16 17 30
20 22 13
11 13 30
12 14 12
14 16 18
13 15 14
6 8 16
19 20 11
15 18 9
21 23 15
19 20 22
10 12 2
22 0 4
16 17 17
16 17 1
23 1 28
6 7 24
12 14 28
6 8 4
7 9 19
15 16 29
20 20 20
1 2 28
18 21 26
9 10 12
13 14 21
6 7 20
11 14 12
10 11 8
16 17 18
2 3 24
5 7 22
16 18 17
23 1 7
7 8 8
1 1 7
1 2 25
9 12 18
10 13 26
3 2 7
0 4 20
19 21 13
4 4 18
22 0 11
11 12 30
4 6 7
10 13 21
14 17 6
12 14 12
7 8 7
16 18 17
8 10 25
12 13 8
16 18 10
8 11 8
5 7 22
0 1 27
6 7 14
18 19 14
19 23 23
3 5 21
1 3 26
14 16 12
22 0 20
1 4 18
0 3 18
19 20 22
18 19 30
9 10 19
2 5 12
6 9 2
14 15 17
9 9 4
23 1 11
1 2 22
9 10 14
20 21 28
7 9 4
9 10 30
4 5 28
13 14 27
2 5 9
13 16 3
1 3 25
12 15 17
8 10 8
11 12 19
1 3 7
8 12 16
20 20 4
20 23 1
4 6 19
19 20 10
5 6 6
22 2 30
12 15 27
10 12 18
8 11 1
1 3 17
18 21 9
3 6 14
5 7 21
2 4 30
14 14 7
3 6 14
16 18 17
1 2 9
6 8 20
8 8 18
19 20 7
21 23 11
19 22 1
12 12 11
6 6 11
4 7 3
19 21 12
18 19 5
19 22 15
0 2 6
10 11 24
4 6 21
7 8 28
19 21 22
22 0 13
22 0 30
19 20 14
13 16 28
1 3 25
21 22 29
20 22 1
9 10 20
10 13 11
15 17 3
2 4 20
0 1 25
13 14 29
10 12 19
5 7 26
23 0 26
4 5 30
10 11 10
2 4 17
4 6 14
12 14 11
22 0 14
22 0 23
8 9 20
6 8 6
6 8 11
19 20 8
18 20 22
17 18 9
1 3 2
10 12 28
16 17 13
9 11 16
9 12 29
14 17 18
23 1 16
17 19 3
3 4 10
23 1 6
3 5 17
20 22 24
20 23 13
20 21 11
18 20 7
5 8 25
12 14 4
0 2 4
10 14 27
1 3 30
6 9 25
12 14 12
2 5 6
15 16 17
17 20 21
11 12 6
12 13 6
4 7 14
8 11 1
21 22 24
20 22 27
11 13 22
21 22 30
20 22 22
3 5 1
18 21 13
21 0 28
0 1 11
8 10 25
22 22 5
7 9 30
20 22 5
11 13 25
11 13 18
15 16 3
17 21 11
1 2 17
1 5 10
3 5 7
14 16 17
8 10 16
16 18 10
0 1 9
16 19 26
1 3 18
12 14 6
7 9 11
21 23 28
4 7 25
22 0 10
8 12 1
15 16 22
12 15 7
21 23 16
10 11 18
1 5 5
6 7 3
3 5 16
22 1 2
0 1 23
7 10 17
3 6 19
11 15 12
23 1 26
14 16 25
14 16 26
22 1 21
3 6 13
11 12 16
17 17 17
1 0 11
20 22 17
15 16 23
18 19 11
18 21 22
5 7 21
13 18 2
23 2 8
20 22 29
17 19 12
13 16 11
10 12 1
14 16 25
3 6 5
15 17 12
18 22 6
6 9 5
19 22 5
0 2 22
21 21 22
1 4 26
23 1 12
7 11 21
10 12 12
17 18 11
15 16 20
5 6 23
10 13 28
11 14 15
22 0 17
0 2 4
8 10 12
18 19 17
14 17 23
18 22 22
21 23 23
10 11 28
19 21 28
9 10 17
17 18 28
9 13 26
1 4 3
7 9 5
19 19 28
23 2 30
12 13 22
17 18 26
14 17 3
13 15 29
10 12 12
8 11 15
14 16 7
3 5 27
8 10 26
3 4 8
9 10 21
1 4 13
6 8 5
10 13 25
0 3 20
2 5 12
3 6 30
20 23 12
15 16 4
18 19 12
9 13 5
2 3 18
6 7 2
10 13 27
18 21 9
11 13 30
14 17 25
20 23 8
12 12 15
1 4 11
2 4 19
15 17 17
14 17 11
22 23 30
16 18 19
16 18 16
14 16 13
16 18 19
18 20 6
19 21 20
12 15 30
4 7 11
14 17 11
10 13 6
19 22 7
15 16 23
8 11 19
10 14 29
11 13 25
23 3 21
17 19 7
10 13 12
19 21 27
13 13 25
19 21 27
18 20 20
12 13 3
22 0 3
3 3 12
4 7 19
0 4 29
13 14 18
21 23 2
6 7 10
4 5 27
19 22 29
1 2 19
13 16 26
3 5 20
16 19 4
14 16 8
18 21 29
2 4 29
0 1 11
15 16 13
17 19 26
3 4 28
10 12 6
5 9 16
17 18 15
13 16 30
15 17 7
13 16 5
18 18 27
21 22 28
18 20 8
1 4 12
13 13 25
11 15 22
23 2 14
2 5 13
2 4 22
10 12 1
4 5 20
13 15 16
14 16 4
13 14 3
21 0 13
5 6 20
16 19 25
18 21 8
17 18 28
16 19 18
19 21 8
3 5 21
20 23 24
18 20 18
9 13 11
5 7 14
21 22 1
15 16 29
19 20 1
17 17 9
7 9 2
19 23 2
7 10 12
1 4 25
11 12 1
10 13 15
1 3 9
7 9 14
18 19 16
19 20 2
18 20 14
19 21 19
23 23 7
11 13 3
15 18 9
2 5 11
15 17 29
16 17 6
1 4 3
13 15 9
14 17 3
15 17 28
21 23 21
15 16 25
5 7 3
10 12 12
7 9 1
1 3 27
7 10 24
0 2 7
18 19 25
19 20 30
8 13 25
15 17 7
12 15 17
22 0 19
8 10 5
10 13 22
7 10 29
23 23 30
4 6 10
9 10 16
16 18 23
18 20 18
5 7 19
21 1 9
9 10 10
5 8 10
13 16 1
22 0 13
0 3 30
6 8 4
22 1 14
16 19 17
2 2 22
21 0 13
1 3 23
18 20 1
19 22 8
2 4 3
13 15 6
18 21 9
3 4 18
11 13 5
4 7 22
22 23 7
0 1 7
19 22 22
0 2 12
0 3 15
21 23 12
2 4 13
22 0 29
14 15 1
6 9 26
9 9 9
2 6 12
0 2 27
9 12 20
7 8 6
14 17 11
9 11 9
8 9 1
12 14 12
12 16 7
3 6 15
12 14 2
14 15 25
8 11 13
23 23 16
9 10 18
6 9 29
3 5 27
22 1 9
22 23 27
8 10 2
17 20 23
20 22 25
1 1 30
15 17 21
21 1 1
17 19 25
10 13 13
19 22 24
2 2 18
4 7 7
18 18 7
3 6 30
10 13 28
18 20 16
9 11 4
21 23 11
1 4 28
1 3 12
17 19 22
18 19 30
15 16 9
6 8 23
12 14 16
12 13 17
20 23 14
20 22 13
0 2 2
8 9 22
7 7 25
18 20 28
16 17 10
0 3 17
8 11 8
18 19 15
23 1 26
2 3 29
16 18 14
21 0 15
7 10 25
21 23 22
1 4 25
2 3 1
21 22 9
13 16 3
17 19 8
10 10 2
13 14 12
5 7 27
7 9 25
14 18 22
12 14 12
5 7 27
1 4 13
19 21 28
11 13 16
7 10 10
14 14 28
22 0 26
22 0 24
13 15 4
2 3 17
19 21 15
2 4 25
8 10 10
1 3 27
21 23 21
21 23 29
20 21 27
3 4 16
16 18 13
20 22 21
23 2 20
21 23 10
1 2 25
3 5 12
21 0 10
20 23 16
14 16 9
3 4 10
1 3 9
23 0 5
6 7 30
10 11 2
12 14 22
19 21 12
10 12 6
11 13 2
8 11 1
11 13 12
13 15 26
1 1 9
11 13 3
10 14 22
13 15 11
2 4 17
14 17 26
6 9 8
20 21 14
16 18 14
13 17 19
2 4 16
3 5 7
8 9 12
3 6 25
12 15 11
20 23 2
18 19 7
0 1 20
8 9 20
22 1 26
4 6 8
23 0 23
1 4 24
17 19 10
5 6 13
21 23 19
17 19 29
22 0 8
14 16 19
8 10 5
19 20 11
16 16 21
7 8 3
5 6 12
13 13 29
22 0 24
9 10 1
19 23 16
15 18 8
19 20 8
3 5 4
7 11 18
22 0 6
0 3 29
20 21 19
10 12 5
8 10 8
13 15 5
7 10 29
9 10 4
21 23 20
13 15 15
17 19 29
6 7 14
13 15 21
13 14 2
13 15 17
10 13 17
11 14 30
2 6 6
19 22 22
18 19 10
0 3 29
5 8 18
14 16 15
16 17 6
17 20 25
9 11 13
14 16 15
12 15 26
14 14 29
5 6 28
18 20 20
21 0 29
11 13 4
1 3 16
5 6 5
9 12 26
23 0 15
11 12 30
5 6 5
22 1 5
8 9 30
18 21 8
6 9 1
5 7 24
3 6 11
20 0 19
8 9 3
5 6 19
4 6 6
1 3 16
0 1 26
10 12 24
23 2 18
19 21 9
7 8 1
8 9 3
15 18 30
15 17 8
17 18 11
15 18 3
5 7 1
19 20 12
11 15 7
5 7 26
13 15 11
19 20 21
16 17 30
19 22 11
13 16 20
12 13 9
17 18 4
11 13 11
7 10 23
17 18 3
9 10 16
1 3 19
14 15 26
20 0 13
14 17 14
17 19 20
1 3 26
17 18 29
20 22 19
1 4 11
10 13 25
1 3 10
10 12 4
8 11 9
22 23 3
8 11 1
2 5 27
0 1 25
13 15 11
10 12 8
14 16 7
11 12 26
11 13 13
0 3 1
14 15 28
7 10 12
15 18 5
23 2 16
22 0 16
5 8 20
15 18 19
12 13 23
3 6 24
16 18 20
10 12 28
13 14 15
12 14 25
9 11 24
11 12 4
9 12 20
13 16 13
19 22 29
11 12 21
18 20 25
0 0 5
2 3 10
11 14 23
16 20 4
9 12 29
22 0 26
1 2 11
19 21 7
11 14 14
3 6 24
4 7 12
11 14 13
10 11 1
15 17 18
1 3 29
13 16 20
15 17 21
15 17 12
15 17 16
2 4 10
22 1 21
8 11 7
22 23 2
21 23 7
3 6 21
0 2 6
12 14 5
22 0 22
23 2 27
19 21 14
11 13 28
9 12 3
20 22 14
6 7 22
2 4 20
3 4 2
18 20 3
5 7 9
15 19 27
6 7 30
22 1 14
5 6 2
0 1 13
15 18 22
4 7 18
23 23 18
1 2 29
16 19 12
17 19 11
19 22 29
14 17 9
10 13 9
5 8 25
14 16 12
19 21 7
18 20 8
11 12 11
9 11 19
14 15 1
10 11 24
3 5 30
7 10 24
8 11 13
21 23 20
1 2 27
4 6 20
21 22 8
3 4 20
19 21 4
8 11 13
1 5 6
23 1 7
18 20 8
12 15 7
3 5 16
13 15 1
7 7 10
13 17 5
23 0 12
17 18 12
2 4 30
7 10 15
11 13 24
16 20 25
8 10 21
8 10 30
9 12 1
0 2 24
16 17 24
23 2 13
19 20 10
2 5 21
15 17 18
4 6 10
15 18 4
10 15 20
18 19 4
9 10 2
0 3 28
15 19 2
1 3 22
0 2 22
11 12 13
16 19 13
9 10 7
15 16 3
12 12 26
4 7 27
8 10 27
9 11 18
7 10 20
10 10 1
1 2 13
4 6 20
11 13 17
3 6 20
10 11 11
22 1 1
23 2 24
12 14 15
7 8 18
15 16 24
7 8 1
7 11 10
21 23 20
1 3 19
8 10 5
19 21 1
1 2 24
11 13 19
14 17 8
16 19 13
13 17 6
7 9 24
13 16 29
19 20 4
20 22 13
15 15 17
15 16 23
16 18 20
2 4 17
14 16 26
15 16 16
3 4 29
12 15 30
16 19 6
15 18 22
8 11 20
21 23 15
16 18 1
22 0 5
22 1 30
19 20 13
4 6 1
13 15 24
13 14 1
15 16 16
21 21 1
21 22 8
14 15 4
14 16 20
16 19 26
5 6 6
10 11 19
11 11 19
6 8 25
2 4 18
8 11 21
13 15 26
2 4 21
19 22 28
23 2 7
4 6 27
12 15 17
9 12 25
3 6 2
18 20 18
13 14 25
13 15 12
12 13 27
23 3 9
18 21 10
17 18 21
12 14 10
3 4 8
8 11 10
20 21 27
11 13 14
9 9 1
22 0 5
14 17 30
22 23 16
18 20 14
10 11 15
16 16 16
11 11 5
15 17 6
4 7 2
1 3 17
21 0 20
1 3 14
14 17 22
10 13 16
16 17 10
3 5 21
21 0 28
4 5 7
10 13 25
9 11 1
1 4 23
10 11 17
1 2 26
9 11 17
2 5 30
20 22 24
19 20 8
16 18 20
8 10 30
11 12 30
23 23 1
12 14 2
1 5 27
18 21 10
17 18 7
17 19 28
17 19 15
15 17 16
15 18 6
20 21 26
19 21 20
21 23 20
16 17 28
8 9 23
20 23 4
1 3 9
4 6 6
0 3 21
13 16 16
12 15 5
0 3 30
15 16 20
5 9 30
1 2 8
11 13 10
5 8 23
19 21 15
12 14 20
0 2 30
7 9 3
5 6 20
2 1 18
5 8 30
22 1 3
21 23 26
5 7 19
15 17 18
21 1 25
11 12 17
3 4 23
22 1 18
11 13 6
0 3 1
11 13 9
0 3 21
16 18 28
1 4 26
1 3 29
8 8 16
20 20 24
6 9 24
3 5 3
8 10 30
18 20 14
10 13 9
4 6 2
18 21 17
8 11 23
10 12 18
23 1 22
1 3 29
1 2 21
2 4 22
22 21 3
5 6 13
17 22 11
7 9 25
6 7 1
7 9 10
12 14 15
21 23 6
3 7 4
8 8 20
7 9 26
20 21 21
14 15 15
4 6 2
5 7 6
14 16 2
0 2 15
16 19 7
8 10 8
8 10 22
22 0 3
21 0 27
6 8 6
8 9 27
15 18 5
23 2 29
16 17 17
6 8 12
11 13 23
2 7 10
17 21 13
13 16 29
15 18 15
14 16 15
2 4 7
8 11 12
22 0 4
22 2 11
22 0 13
18 21 9
20 22 27
13 14 21
0 1 9
13 15 1
2 4 30
17 19 8
21 23 5
23 23 26
1 5 26
11 15 11
5 7 24
0 3 24
19 20 6
9 11 13
22 1 20
19 21 30
16 18 21
22 0 15
15 18 29
13 14 28
5 7 9
7 9 6
4 6 6
2 3 13
5 6 10
17 18 4
0 4 8
15 15 9
10 12 6
23 2 23
23 2 2
17 21 21
4 6 15
16 18 3
4 7 6
7 10 24
14 15 3
22 2 1
0 1 18
10 12 20
5 8 4
18 21 8
5 6 19
1 2 10
8 10 26
21 2 10
9 11 19
17 17 25
4 5 3
23 3 21
20 23 29
11 14 2
1 2 20
23 2 4
17 22 20
1 4 9
7 9 4
12 16 8
0 2 19
9 10 7
14 15 23
14 17 25
23 2 2
9 12 5
15 16 10
20 21 15
11 13 21
14 15 14
14 17 16
11 13 15
2 4 25
23 2 23
8 10 2
7 7 12
22 22 20
2 5 29
12 15 19
3 4 30
3 6 13
10 13 9
23 1 23
17 20 26
9 10 6
12 13 17
6 8 4
6 9 27
19 22 19
9 12 29
22 23 24
8 10 28
8 9 20
18 20 24
5 6 23
0 2 11
4 8 8
5 7 8
8 10 22
5 8 16
15 17 11
11 13 27
21 0 16
0 1 12
11 13 13
14 15 9
1 3 3
23 0 22
4 5 25
12 15 12
5 7 30
9 12 1
18 20 9
17 19 29
9 11 30
12 12 13
3 5 15
8 10 5
10 12 22
14 16 21
18 19 29
9 11 7
23 1 30
21 0 6
2 5 7
20 20 6
21 23 13
13 15 18
2 6 23
5 7 19
0 2 18
6 9 4
16 19 25
15 18 15
2 4 6
9 11 21
20 0 19
21 0 3
12 14 1
2 5 6
11 13 17
18 19 4
23 1 26
11 14 24
11 14 8
2 4 6
22 1 13
2 4 1
3 5 27
17 20 22
0 1 17
17 18 22
23 1 6
20 21 22
1 2 19
6 7 21
11 13 3
11 16 1
21 0 21
5 7 9
9 11 21
15 17 2
23 1 27
16 18 20
8 12 2
22 1 21
3 6 2
11 12 29
11 13 2
0 2 20
6 8 23
13 14 24
17 19 30
18 21 15
11 12 7
3 5 2
8 10 18
3 6 24
12 14 27
1 3 29
4 6 17
6 8 21
0 1 9
9 9 13
8 8 30
20 23 8
11 11 1
21 23 5
17 17 28
13 15 26
17 19 5
23 1 12
14 16 28
4 6 20
3 6 14
4 7 12
23 1 2
12 14 26
8 12 23
1 3 28
1 3 11
14 16 16
19 21 1
16 17 28
0 4 20
1 3 9
16 16 22
6 8 19
20 22 6
0 2 13
6 8 17
16 19 15
12 13 21
19 21 4
13 14 27
8 10 9
20 22 4
3 6 26
10 12 28
4 6 23
18 19 23
20 22 17
19 21 5
13 15 17
6 9 5
18 21 26
1 3 6
5 8 16
22 22 24
15 18 4
21 23 14
8 9 16
4 6 29
19 20 10
9 11 24
22 0 13
10 12 15
1 5 7
8 11 15
7 9 23
14 15 17
22 1 27
23 1 21
4 7 8
16 17 14
18 21 1
19 21 26
23 0 10
8 9 7
2 6 6
9 12 21
0 2 13
3 6 14
1 2 30
15 17 8
5 7 9
17 18 4
3 5 6
15 16 10
8 11 9
10 13 1
3 4 21
4 5 20
8 11 29
17 21 21
19 20 6
18 21 21
20 22 16
23 2 17
19 22 8
10 11 12
0 1 27
18 22 16
22 1 29
7 9 23
10 12 19
10 13 20
20 22 28
0 1 9
0 2 28
12 13 17
22 0 5
11 12 3
23 0 27
21 23 13
22 1 17
0 1 7
16 19 2
2 5 17
11 12 26
9 11 28
21 23 4
13 14 30
0 3 15
11 13 23
10 12 12
11 12 11
3 8 5
19 21 7
14 17 29
12 14 18
5 5 17
22 23 29
2 3 27
12 14 3
22 0 26
5 6 13
6 9 2
15 19 21
7 8 8
21 21 25
11 13 13
15 17 22
23 1 11
16 17 24
1 3 3
23 23 12
14 16 10
6 7 3
13 15 9
9 11 4
19 21 23
4 7 16
11 15 30
5 8 19
16 19 5
2 4 7
12 13 7
0 4 20
5 7 14
10 10 2
2 3 1
16 18 25
13 15 18
16 19 27
11 13 26
16 18 22
14 16 24
1 4 21
18 19 26
12 15 19
17 19 23
11 14 29
17 18 9
1 3 1
15 16 5
22 23 27
19 22 15
2 4 3
6 9 13
22 0 6
19 23 16
20 22 3
18 20 29
10 12 1
8 8 14
11 13 29
8 10 24
14 17 24
1 4 11
15 17 25
14 14 21
22 1 9
4 6 28
20 22 10
14 15 15
16 17 26
12 14 29
17 20 21
22 1 20
19 22 16
7 9 26
15 18 10
22 23 13
22 0 17
11 11 27
9 10 29
6 7 30
18 20 24
18 19 28
10 13 11
15 17 9
17 19 12
23 0 20
22 0 23
16 19 5
0 3 10
23 2 1
17 19 28
14 15 17
17 19 14
6 6 20
9 9 25
9 11 14
13 17 14
6 11 30
18 20 2
12 13 23
23 2 26
16 16 23
5 7 27
15 16 28
15 17 8
20 21 14
12 16 17
15 17 22
3 4 11
8 9 1
0 2 11
19 22 9
15 17 23
20 21 28
7 10 20
20 23 14
5 6 22
0 1 11
17 20 21
4 7 12
16 18 4
16 19 24
20 22 23
17 20 28
12 15 9
3 6 23
22 0 22
8 9 15
7 11 29
7 9 6
10 12 2
2 3 1
16 18 22
9 12 11
2 4 23
8 10 4
14 15 11
13 13 28
3 5 28
19 20 28
7 10 1
11 13 7
17 17 30
8 9 9
21 23 1
19 22 15
7 10 25
20 22 11
21 1 1
6 8 11
4 6 30
16 18 26
13 15 20
8 11 13
7 9 20
12 14 1
16 19 12
5 7 13
1 1 4
1 3 4
1 3 16
4 6 28
6 8 25
19 22 12
14 16 26
6 8 19
12 15 29
10 12 13
8 11 18
7 9 19
21 22 13
17 19 27
4 4 21
15 17 17
15 18 3
8 11 12
17 20 27
17 18 15
1 3 3
7 7 6
3 4 5
4 5 30
11 11 30
13 16 28
23 1 14
14 16 22
9 12 20
22 0 1
8 10 30
9 11 25
1 3 6
19 21 16
17 19 16
16 19 2
13 13 27
21 23 21
15 17 5
19 22 15
13 14 29
23 2 14
7 9 3
15 18 5
4 6 17
6 8 5
19 21 12
6 7 1
17 20 17
22 0 9
20 22 5
19 20 5
4 6 13
21 23 15
16 18 15
22 0 21
11 15 3
18 20 5
6 8 16
10 12 22
23 1 7
0 1 6
16 19 4
7 9 12
9 10 20
19 21 12
3 4 16
14 17 23
9 10 19
1 1 22
4 5 9
17 18 15
4 7 24
4 6 24
5 8 11
15 17 30
1 3 15
6 10 11
6 5 3
18 21 29
22 0 8
7 8 28
16 16 7
4 7 16
15 18 24
1 2 22
13 14 9
8 12 6
14 17 22
15 17 18
7 10 18
19 21 16
5 6 13
13 16 1
14 18 17
17 19 27
23 2 30
9 10 19
22 0 19
3 5 5
2 3 4
8 10 23
5 8 1
11 13 18
18 21 5
4 7 3
12 13 27
21 22 18
0 4 6
19 22 12
8 10 11
2 4 1
3 6 1
8 11 21
5 5 12
20 22 19
13 15 29
11 14 1
0 2 30
21 0 4
11 13 24
4 6 24
2 4 26
14 17 9
13 14 18
21 22 9
15 20 12
22 0 4
5 7 4
19 21 12
22 23 7
4 7 21
3 6 18
22 23 29
5 7 22
12 12 7
1 3 13
9 11 21
4 7 10
19 20 7
18 20 16
8 9 16
14 17 21
17 20 2
22 0 2
15 17 24
19 20 28
17 19 18
6 8 28
8 10 19
0 3 18
15 18 20
8 10 8
15 17 30
23 0 2
21 22 1
6 7 30
3 5 26
9 12 8
3 6 28
21 0 20
17 19 10
0 3 16
19 22 19
0 1 7
18 19 3
10 12 30
18 20 5
18 20 23
10 11 6
3 7 14
14 16 30
9 12 2
2 5 17
22 23 10
5 6 12
17 20 27
21 0 3
2 3 12
19 21 11
13 14 18
19 19 21
13 14 14
16 19 14
5 6 1
19 19 19
4 8 4
23 1 2
13 15 15
1 4 16
8 13 19
22 0 6
4 6 1
8 11 10
18 22 24
20 21 9
8 8 17
17 18 25
17 19 5
12 15 4
0 2 3
0 3 18
8 8 16
7 9 10
1 4 16
13 14 4
11 13 25
7 7 13
9 11 12
15 16 21
20 23 4
15 19 5
6 9 25
10 12 7
18 20 18
13 17 26
5 6 12
20 22 15
6 7 28
18 18 23
10 14 4
11 12 20
22 23 15
10 11 15
20 23 21
7 7 8
10 10 29
9 11 21
15 17 11
0 2 15
22 0 1
9 9 18
3 5 21
6 8 2
23 2 24
6 9 9
4 4 22
9 11 3
19 21 10
9 12 2
9 11 14
17 19 29
23 1 5
21 0 13
16 18 28
23 0 22
18 17 10
19 21 28
22 0 27
5 6 14
13 15 5
18 20 23
9 12 23
17 20 12
11 14 13
20 23 5
15 16 9
22 1 5
17 18 26
7 9 12
15 17 21
17 20 12
3 6 23
17 19 15
5 8 27
12 15 12
4 6 22
4 3 22
1 2 15
5 5 2
10 13 19
9 12 6
7 8 8
15 16 12
15 18 27
3 4 29
8 11 7
8 9 1
13 14 3
1 3 24
18 19 19
4 5 6
22 0 28
20 21 5
6 9 29
7 8 12
22 1 8
19 22 6
8 11 7
15 17 9
1 3 1
12 14 24
7 8 22
4 7 25
23 1 7
6 8 1
14 15 14
22 0 3
13 15 13
22 0 26
20 23 17
22 0 25
21 23 26
12 15 21
14 15 25
11 14 24
21 0 22
16 18 15
15 16 15
23 0 20
18 21 1
13 14 2
1 4 7
23 2 15
5 7 18
4 6 14
19 22 4
20 21 26
21 23 1
8 9 5
18 18 14
8 10 8
7 10 3
11 12 18
3 6 30
0 2 5
6 9 3
21 0 14
1 5 7
1 3 29
11 14 29
0 2 24
13 16 26
9 11 13
13 16 19
8 10 28
7 10 19
10 13 14
10 11 29
22 1 8
19 21 12
5 6 15
12 14 13
12 14 29
17 19 3
13 14 27
20 21 15
5 8 11
0 2 30
4 8 8
22 0 16
10 12 26
10 11 22
14 17 4
12 12 14
12 12 27
0 2 25
10 12 25
8 10 2
16 19 1
16 17 14
13 15 10
18 21 18
1 3 29
9 11 9
23 1 30
21 1 20
20 22 8
9 12 20
8 11 19
17 20 8
2 2 13
18 20 22
12 15 21
7 9 9
16 20 25
1 3 15
17 20 2
0 2 3
6 8 4
8 11 26
3 4 7
7 10 29
10 13 25
3 5 19
20 22 30
23 2 17
0 2 5
17 18 10
13 13 13
5 6 12
20 23 5
9 9 1
0 2 10
9 10 27
16 19 18
17 18 27
3 5 30
6 6 25
6 9 27
10 14 9
15 18 24
17 20 10
15 19 10
14 16 30
3 5 11
11 13 5
14 17 13
13 16 1
18 21 8
14 17 22
1 3 30
14 17 18
15 18 5
21 22 2
18 20 3
3 7 3
1 3 6
13 14 25
10 12 30
4 6 11
4 5 11
23 1 17
0 1 4
8 12 12
5 6 6
19 21 10
5 8 27
4 6 10
4 5 5
16 20 16
1 3 2
18 19 28
14 17 23
20 21 7
2 4 1
6 9 26
8 8 18
19 18 12
13 14 19
0 2 28
14 14 27
15 16 2
12 15 6
23 0 15
4 5 11
5 8 26
14 15 5
5 7 6
22 21 15
17 17 8
16 17 11
3 5 24
13 16 9
7 11 30
10 11 19
14 19 4
21 23 13
17 20 1
2 4 20
1 2 15
3 4 18
20 20 12
6 8 22
14 16 15
11 14 6
2 6 28
1 3 22
22 0 1
23 2 19
22 1 19
23 0 8
6 7 28
10 11 1
20 23 27
20 21 23
15 16 15
11 13 23
21 2 6
3 3 8
15 18 2
19 22 21
16 19 25
18 21 3
22 0 10
2 2 22
13 14 12
20 21 27
11 12 6
7 8 6
18 21 4
21 22 25
18 21 20
16 17 10
10 13 25
7 8 6
4 4 25
5 7 2
11 12 23
6 9 26
1 4 10
10 12 11
5 7 30
20 21 6
5 7 1
8 10 15
9 10 2
2 3 16
7 9 15
13 16 15
17 19 20
11 12 6
5 6 29
15 18 12
15 16 8
22 23 9
2 5 16
5 7 6
5 6 21
18 20 14
15 17 2
12 14 12
13 13 21
19 21 9
21 1 10
19 20 7
15 17 21
13 15 12
16 19 2
20 23 1
23 1 15
1 4 11
1 5 26
5 7 26
15 18 16
16 18 7
15 17 30
20 22 8
0 4 21
11 12 27
1 3 27
17 19 21
8 10 24
9 10 10
22 22 18
10 11 3
16 18 9
8 10 27
8 10 12
5 7 4
20 21 4
5 6 8
19 21 2
0 1 26
9 12 19
13 14 8
22 1 27
4 7 11
14 16 12
20 23 26
23 1 3
15 18 16
10 12 7
14 18 4
19 20 12
5 7 19
17 20 2
2 5 5
4 5 19
13 15 16
16 20 8
17 19 14
8 11 7
1 3 27
21 22 15
16 16 17
3 5 28
1 3 22
12 13 30
17 19 15
13 15 20
22 1 3
13 14 19
6 8 11
12 15 26
10 12 9
15 17 26
2 5 19
10 12 5
13 15 12
21 0 18
13 15 8
17 20 11
10 15 13
5 6 14
7 10 13
1 2 9
10 11 26
2 6 7
21 0 19
17 19 26
17 18 10
23 2 21
11 12 7
6 6 12
14 16 25
1 1 23
23 0 21
9 11 24
15 19 3
6 9 18
2 3 21
3 4 14
19 19 7
3 4 21
2 3 21
7 9 14
15 17 24
6 7 7
17 18 10
12 13 11
3 5 17
8 9 11
1 2 5
11 13 19
8 8 4
9 11 27
8 10 20
4 4 4
19 20 20
1 3 12
22 1 13
17 20 18
3 3 12
14 15 19
3 6 21
20 20 24
12 14 7
4 8 14
8 11 3
10 11 1
2 5 21
23 2 6
2 2 3
19 20 14
11 13 12
15 17 4
6 9 4
5 8 11
21 23 13
5 7 19
1 2 11
13 13 17
9 9 25
16 18 23
23 2 25
17 20 30
10 13 7
20 22 9
8 9 5
6 9 15
20 21 30
17 19 21
5 6 28
19 19 20
20 21 5
23 1 18
15 18 22
11 12 7
0 1 3
6 9 29
23 3 25
22 23 14
15 16 2
13 15 10
19 22 7
7 9 9
0 4 4
18 20 16
21 1 6
14 17 26
11 14 6
22 23 29
22 0 23
2 3 7
2 5 9
23 23 14
1 4 23
15 18 28
3 5 17
2 6 12
2 5 22
13 15 22
22 23 30
3 7 4
7 7 19
6 8 1
5 6 15
15 16 8
2 4 6
11 14 1
22 0 10
2 5 7
20 23 20
11 13 26
4 6 26
13 15 21
20 20 23
9 12 9
5 6 30
8 8 19
11 13 8
1 4 4
3 4 2
19 22 26
13 16 27
3 6 25
22 0 6
9 11 19
6 8 11
23 0 29
19 19 27
3 6 30
16 17 5
12 15 4
3 5 11
11 12 23
5 6 25
23 3 16
2 3 7
8 9 20
4 6 29
16 18 19
3 4 25
9 11 26
11 12 27
3 4 14
18 20 18
6 9 4
12 13 13
23 0 16
9 11 24
14 17 6
18 21 19
10 12 12
22 22 16
0 1 10
22 0 22
6 8 23
1 4 26
0 3 19
16 17 8
15 18 8
16 19 19
10 13 15
17 21 23
9 11 11
4 6 8
17 19 14
7 10 20
3 5 20
0 3 12
21 22 16
9 12 17
1 3 25
8 10 2
6 9 10
0 2 4
5 7 25
3 3 24
2 4 9
17 20 3
21 23 17
12 14 30
22 1 6
7 9 24
4 6 24
17 20 8
6 9 28
23 1 4
2 5 30
17 21 3
3 6 19
9 11 23
0 4 29
19 21 14
7 10 4
10 12 21
21 22 11
3 7 6
1 2 15
2 4 14
20 20 2
6 8 11
8 11 22
14 16 25
8 10 5
7 8 25
8 9 14
11 14 29
8 9 13
2 2 13
7 7 15
3 3 15
18 21 3
2 5 2
0 4 21
9 10 23
2 4 19
9 12 16
22 2 19
1 4 25
12 13 15
11 15 6
17 18 17
18 19 15
21 23 16
8 9 21
10 13 24
14 16 4
13 15 6
11 14 26
20 23 20
6 8 18
7 10 30
17 18 25
17 19 9
4 8 27
8 11 3
21 23 8
21 22 18
8 9 13
0 2 30
7 11 9
16 18 26
2 7 25
13 14 25
12 14 11
17 19 19
11 13 29
8 10 7
21 0 5
21 0 19
22 22 13
0 1 5
9 10 8
16 19 3
13 14 4
22 23 18
17 20 20
21 23 25
23 0 9
14 16 25
22 0 25
15 15 18
15 17 27
6 8 15
11 12 11
15 15 7
14 16 5
11 13 13
4 5 10
11 13 10
1 4 17
23 0 9
4 8 24
11 13 28
4 5 19
23 1 7
21 21 9
2 3 8
10 12 29
9 11 8
6 8 16
1 3 28
22 23 2
3 3 19
9 11 13
20 22 15
9 11 9
13 16 19
2 4 10
18 19 23
1 2 12
5 6 10
6 8 24
21 23 16
5 7 18
3 6 16
0 3 6
16 17 28
10 12 7
15 16 1
9 9 5
2 1 29
20 20 19
0 3 13
5 7 3
9 11 29
21 22 29
7 9 1
1 2 12
5 7 8
16 19 23
15 18 19
4 6 25
15 17 24
7 11 22
20 0 23
4 5 30
22 2 24
3 5 16
3 5 22
22 23 18
14 15 10
2 5 14
5 8 21
0 3 8
8 9 23
21 22 28
19 19 9
0 2 16
0 2 2
20 22 18
5 7 3
8 11 4
18 21 28
12 14 2
6 9 27
12 16 15
8 12 18
8 10 8
2 4 14
6 8 22
14 15 6
0 1 23
11 13 11
5 7 19
23 1 14
10 14 28
0 1 26
21 23 25
20 23 26
10 10 19
20 21 21
8 11 4
18 19 17
3 5 7
20 21 19
11 13 8
4 7 14
14 17 20
9 12 25
9 10 15
18 21 21
7 8 20
18 21 4
22 0 28
21 23 25
4 7 15
21 0 13
3 5 28
20 23 6
5 5 10
13 16 6
0 1 1
2 5 29
2 1 18
2 5 19
12 13 1
21 22 5
6 7 22
7 8 20
7 9 19
14 17 7
16 16 5
3 5 21
0 4 23
8 9 28
0 1 2
20 23 22
2 5 14
0 1 3
4 6 14
1 3 14
5 7 10
6 9 9
11 14 11
18 21 8
9 12 7
18 18 13
6 7 16
5 6 23
19 20 26
7 9 25
22 1 6
21 21 17
20 20 15
18 20 8
1 2 21
13 13 18
5 8 23
11 14 7
20 23 4
21 0 28
13 15 16
10 11 18
1 3 9
0 3 7
13 15 24
22 0 4
11 12 8
14 17 19
11 13 13
1 4 24
4 7 24
2 4 27
1 3 15
14 16 4
8 12 9
6 6 22
20 23 6
17 19 14
6 9 16
14 18 6
16 18 5
4 8 24
15 18 14
6 7 24
13 14 25
17 18 26
5 7 10
21 23 11
15 17 16
7 10 26
10 13 21
5 7 3
5 8 17
15 17 2
18 19 1
3 4 21
23 1 14
1 3 14
0 1 6
21 21 8
23 2 1
2 5 14
11 14 3
15 17 7
9 12 25
19 18 22
18 21 15
22 1 28
18 21 8
19 21 3
17 20 13
23 1 11
6 7 18
11 12 27
16 19 4
21 23 11
20 22 26
3 6 18
7 8 24
23 1 9
13 13 17
14 16 6
17 18 16
19 21 14
12 15 19
19 21 4
18 20 28
20 22 27
3 5 7
19 21 26
23 2 24
14 16 10
21 22 20
3 5 29
12 16 15
4 3 26
9 10 25
3 5 14
3 4 29
23 2 21
12 16 15
2 3 6
19 23 24
12 14 25
13 14 8
14 16 21
13 16 23
12 16 17
1 2 8
10 12 29
8 9 23
22 23 4
4 6 6
6 6 14
21 21 28
17 18 27
23 1 27
22 3 8
5 10 4
0 2 11
9 11 19
12 13 28
6 9 22
15 17 22
13 15 24
23 2 28
5 6 27
18 18 6
6 8 3
16 17 23
5 9 22
7 9 15
0 3 21
23 1 11
19 22 17
16 18 22
20 22 27
14 14 25
20 23 17
1 3 4
14 16 8
3 6 1
7 9 17
1 3 8
11 13 28
16 18 28
4 4 26
9 10 15
12 13 11
19 22 17
21 0 4
1 2 22
10 10 29
6 9 11
14 16 4
17 19 29
4 6 22
7 11 1
3 6 23
8 10 15
12 13 30
12 14 12
7 11 16
5 8 27
3 4 21
23 2 5
21 0 2
15 16 3
19 20 12
16 18 7
4 5 3
13 14 25
0 3 21
7 9 23
2 5 8
16 18 23
20 0 26
10 13 17
5 9 20
14 15 27
13 17 4
10 13 19
18 20 1
22 22 15
6 6 9
7 8 21
15 17 12
19 23 12
13 15 13
3 6 12
8 9 11
7 10 1
5 5 13
10 12 18
23 0 5
12 13 3
18 20 5
20 23 12
11 11 22
0 3 28
18 19 9
6 10 13
17 20 26
23 23 28
3 3 25
0 2 28
23 4 30
5 8 23
10 13 1
1 1 12
3 4 7
17 17 1
21 0 11
17 19 9
12 14 4
2 4 13
14 17 30
16 17 3
18 20 9
10 11 8
22 23 9
5 5 29
1 4 13
1 4 20
23 2 26
13 17 22
10 12 1
11 14 9
5 9 13
9 10 5
5 7 30
22 0 6
18 19 5
12 14 8
1 3 19
20 23 5
19 21 3
15 15 30
1 1 21
2 6 9
13 15 29
16 19 28
6 9 19
17 19 8
2 6 28
6 9 6
11 13 12
22 22 18
11 13 23
15 16 25
5 8 24
13 14 25
13 16 2
17 20 11
15 18 18
22 1 20
6 9 5
2 3 20
5 7 25
0 3 17
23 1 3
23 2 21
2 4 3
14 16 28
3 5 13
13 15 5
7 9 18
4 8 28
4 6 1
7 10 23
7 8 10
3 7 21
2 3 2
23 1 28
8 10 15
5 7 5
1 3 24
15 15 23
6 7 27
22 2 23
9 11 1
10 12 6
17 18 25
8 13 2
17 19 30
15 17 17
6 7 10
22 1 3
6 8 21
11 13 27
20 23 15
22 23 7
3 6 26
21 23 21
18 21 23
20 0 23
3 6 6
19 21 27
12 15 7
17 21 13
6 8 22
18 21 11
11 14 13
1 3 6
20 0 12
11 14 20
3 4 25
14 16 3
8 9 27
12 13 9
0 1 8
23 1 13
3 6 4
3 5 22
14 16 2
11 13 15
13 16 30
1 3 11
16 19 30
21 23 25
7 10 29
20 22 30
15 17 10
8 11 3
21 22 15
15 16 22
3 5 14
12 15 28
11 12 11
12 13 13
20 22 7
3 4 24
12 14 30
2 4 8
21 21 29
8 10 15
10 11 12
4 5 6
16 18 26
16 18 29
19 22 19
5 7 30
20 22 27
4 5 30
12 12 18
17 18 3
11 13 12
11 12 1
22 23 20
11 13 12
7 9 1
8 11 11
22 0 3
22 23 17
23 2 13
15 16 20
14 16 19
2 3 2
17 19 5
17 19 20
15 16 18
4 5 18
10 12 24
19 20 18
17 20 25
5 6 14
3 6 12
9 12 17
0 3 23
0 1 17
21 23 30
13 15 29
19 19 2
6 9 23
5 5 12
1 3 7
8 10 4
6 8 17
23 1 20
0 3 14
4 5 5
3 4 4
7 9 28
5 8 24
2 3 4
3 5 2
5 6 30
10 12 12
9 12 29
16 18 21
9 11 4
20 22 29
10 13 16
0 2 27
13 14 18
1 1 9
17 18 9
23 23 28
14 16 26
19 21 25
7 9 29
5 6 27
21 22 24
13 15 5
13 17 29
4 4 28
6 8 28
1 3 10
20 20 3
3 5 1
9 9 23
10 12 8
14 15 2
0 4 29
6 7 2
23 0 7
9 11 2
19 21 19
5 6 7
10 12 6
23 1 9
13 14 1
17 18 21
22 23 23
12 15 13
12 14 16
8 10 5
15 18 28
8 10 21
19 22 22
16 21 7
6 9 25
19 21 25
21 23 23
14 16 12
9 11 30
3 4 3
9 11 9
4 6 12
21 1 13
23 1 12
5 9 26
21 0 14
10 12 20
10 11 17
16 19 9
3 6 23
2 4 29
4 5 28
21 1 28
8 8 28
11 13 26
20 21 2
13 14 28
11 12 10
11 11 9
15 16 6
5 8 23
13 16 11
5 6 8
13 16 30
12 13 26
23 1 17
6 8 20
14 17 26
13 15 16
18 18 27
14 16 25
15 19 13
11 13 25
9 12 17
6 9 30
7 8 21
9 11 24
21 22 21
4 4 7
1 3 19
8 11 15
22 23 10
23 1 5
18 19 23
3 5 7
18 20 28
19 22 22
16 19 12
12 13 22
12 14 8
20 23 12
20 21 24
18 20 24
11 13 16
15 18 8
9 11 3
21 0 8
6 9 1
6 10 8
17 20 13
23 0 28
23 2 6
6 7 22
14 15 6
13 15 2
22 0 29
15 19 21
12 14 7
13 14 6
14 15 30
14 15 12
18 19 8
10 15 16
15 19 20
2 3 11
0 0 16
11 11 16
7 9 4
22 0 23
16 18 28
20 22 4
22 23 14
5 7 9
21 0 5
1 4 29
0 2 13
7 8 29
15 17 16
23 2 17
2 3 29
0 4 26
16 18 9
18 20 4
2 6 27
16 17 10
8 10 27
13 15 17
2 3 5
16 19 22
17 17 9
18 19 12
4 8 6
20 22 6
9 9 12
8 10 15
23 2 10
0 3 30
7 8 15
3 6 6
5 7 16
13 14 13
3 5 2
11 14 27
12 15 13
10 11 1
14 19 2
15 16 28
7 7 5
21 23 3
8 9 27
2 4 4
13 17 17
20 0 19
23 1 23
20 22 28
6 6 12
11 14 10
6 9 28
19 22 19
7 8 5
2 4 11
10 13 1
8 8 4
19 21 11
4 6 8
20 0 26
14 14 20
23 1 28
18 20 19
12 13 14
17 20 17
5 7 4
12 14 24
9 12 29
7 8 5
21 23 4
19 22 25
16 18 17
9 11 19
0 2 15
1 4 16
14 17 20
21 21 23
12 14 24
7 9 24
23 1 23
14 16 7
2 4 10
23 1 22
13 15 1
0 2 5
2 3 20
22 0 9
9 10 20
6 9 13
17 19 11
7 7 21
3 6 27
17 19 2
11 13 15
19 21 21
10 13 21
4 6 24
20 21 18
15 17 4
23 1 16
2 6 12
14 17 21
3 4 18
10 12 21
15 17 20
10 11 3
6 8 15
4 6 3
16 18 1
9 12 21
8 9 20
16 16 4
8 11 12
9 11 17
14 16 8
0 2 10
9 12 19
1 2 20
6 8 25
9 11 4
21 23 4
17 18 10
8 11 24
23 2 6
14 15 25
7 10 8
14 15 15
4 5 11
11 14 17
18 19 28
5 7 25
16 18 9
10 13 13
3 5 21
5 7 26
8 11 16
12 12 25
7 8 23
9 11 24
2 4 11
11 13 24
15 16 8
1 4 14
18 21 6
1 4 16
15 17 29
23 1 12
8 9 3
16 19 13
1 2 16
22 0 24
0 2 3
13 13 15
10 10 18
8 12 14
9 12 18
13 17 6
7 8 15
16 17 21
3 4 30
1 3 25
1 3 16
14 15 11
13 15 6
14 15 20
5 6 9
7 9 4
9 11 15
4 6 2
10 12 22
15 16 9
18 20 16
11 12 8
14 16 24
3 5 27
13 13 21
22 22 3
12 12 1
18 19 26
9 10 2
15 16 10
17 18 21
6 8 16
13 16 27
21 23 14
16 18 10
14 15 4
13 16 6
23 0 5
17 20 21
17 19 12
20 22 13
14 18 16
10 11 6
7 11 16
23 2 27
1 1 24
21 23 30
5 6 10
0 3 9
11 14 20
11 14 24
7 12 28
10 12 1
3 5 1
19 22 26
20 21 20
11 14 15
22 23 6
18 19 24
20 22 22
7 10 8
12 14 14
1 2 26
23 0 28
2 4 7
3 5 24
23 0 9
10 13 18
17 20 18
11 12 29
16 19 30
4 6 4
7 9 24
13 14 4
14 16 5
20 0 29
3 5 4
12 13 22
2 6 29
13 15 9
21 23 3
14 16 1
1 2 27
10 12 21
6 9 25
13 16 18
7 9 1
16 18 18
12 13 30
21 23 5
10 11 27
13 13 1
8 10 16
21 21 22
3 5 5
20 21 11
20 22 24
18 20 4
9 11 26
0 0 8
12 14 28
0 2 5
19 20 2
8 10 18
15 16 4
17 20 25
10 13 10
12 15 18
8 11 5
4 5 24
18 21 6
23 1 13
15 17 6
22 0 28
0 1 14
10 13 6
6 7 28
0 3 16
8 11 21
10 13 12
19 22 9
10 12 27
10 12 12
13 14 1
8 10 26
16 20 13
5 7 25
15 17 22
12 13 27
17 19 25
16 19 5
12 14 22
2 3 17
12 13 22
6 7 24
21 0 2
21 0 22
11 13 13
23 23 9
4 7 11
19 21 27
5 7 27
13 14 17
19 21 30
0 1 10
13 15 22
2 4 20
17 18 14
21 22 30
4 6 16
18 19 1
10 11 14
13 16 5
11 14 27
6 10 5
0 3 5
23 1 4
12 14 25
10 11 19
4 5 24
16 17 23
15 17 13
10 12 21
7 8 30
7 11 12
15 17 9
23 0 5
18 20 12
7 10 15
3 4 24
10 10 25
5 6 24
19 20 11
0 1 8
5 7 18
8 11 17
10 11 14
6 8 7
8 9 24
3 3 16
13 16 22
2 4 2
21 23 17
21 23 23
18 20 3
7 9 26
14 16 19
18 22 17
8 10 3
23 2 18
7 8 24
4 5 13
7 10 2
20 21 30
6 7 26
8 10 23
19 20 24
11 13 26
1 3 8
3 5 9
17 21 1
0 1 30
10 12 3
14 17 21
2 5 30
12 14 12
0 3 26
19 21 5
16 18 19
12 14 6
8 9 3
23 0 4
15 16 9
15 18 7
17 20 4
9 11 23
7 10 11
0 1 1
21 23 10
1 1 14
15 17 7
19 21 22
19 22 22
10 10 6
1 4 14
8 9 28
11 13 22
15 16 26
8 10 12
3 6 30
2 2 8
7 8 26
3 4 1
22 22 7
17 19 17
13 15 9
9 11 4
17 19 7
21 1 28
3 3 12
12 14 11
2 5 1
16 18 20
18 21 23
13 12 14
9 11 4
1 2 26
7 10 13
10 12 8
7 8 24
23 1 25
0 2 16
15 17 23
16 19 19
18 18 2
12 15 22
10 11 17
20 22 14
14 15 8
21 21 9
2 5 16
8 9 20
1 4 17
6 7 9
13 15 17
17 19 6
14 17 10
17 17 29
15 15 23
9 11 28
9 12 16
9 11 14
14 17 5
15 16 29
7 10 12
1 5 10
22 0 25
3 7 15
17 18 3
8 9 15
18 20 11
6 10 21
21 0 16
7 9 14
11 12 6
13 12 1
14 17 6
12 14 15
1 2 24
23 1 11
20 20 20
2 4 17
22 0 17
20 21 10
10 11 7
20 0 3
9 11 3
19 21 11
14 18 4
5 8 4
22 1 12
2 3 11
22 0 18
1 4 2
23 0 23
16 18 17
23 0 21
21 21 24
15 17 30
9 12 28
10 11 22
15 19 12
23 1 5
1 3 14
0 4 23
10 12 30
18 20 2
5 7 3
15 18 15
6 8 18
5 6 22
15 16 12
21 22 19
15 18 29
6 8 9
11 13 20
11 14 9
1 1 18
6 8 4
2 5 13
13 17 21
20 22 30
6 8 28
1 1 3
4 5 23
5 7 5
8 10 4
0 4 23
11 12 27
7 9 10
16 18 1
22 0 14
16 19 25
1 3 17
21 22 2
14 15 30
8 11 3
18 19 3
19 20 24
1 4 30
19 22 23
11 13 29
23 2 20
1 3 25
11 13 17
19 21 18
3 7 8
2 3 12
5 7 11
15 18 22
18 22 23
8 10 19
2 5 6
21 23 14
23 1 23
12 15 21
19 20 28
22 23 6
6 7 22
6 8 14
15 17 2
12 14 23
16 18 14
4 5 8
9 11 23
1 3 15
18 20 24
22 1 9
20 22 7
15 17 7
18 20 29
12 13 12
10 12 28
12 15 4
5 7 13
5 8 26
18 19 19
15 17 13
8 11 21
2 4 5
14 17 21
18 21 19
16 20 28
5 9 29
20 22 17
9 11 7
17 19 14
22 2 28
23 1 26
11 12 9
23 0 10
9 12 29
2 4 15
4 5 26
19 20 26
2 4 30
16 19 7
11 13 24
8 10 12
2 3 17
13 15 29
6 7 23
6 9 28
1 1 2
15 17 21
14 14 22
6 8 16
4 4 17
3 5 4
22 1 6
1 3 16
13 15 29
5 7 27
8 10 24
9 13 11
3 5 6
12 13 2
8 10 26
15 18 22
21 22 2
9 11 23
20 22 22
8 10 8
15 18 26
18 20 30
11 14 1
12 16 30
22 23 20
10 14 13
8 11 28
23 2 29
8 9 28
4 7 14
12 12 2
21 0 21
8 11 18
10 12 14
8 9 21
7 12 9
5 6 8
7 8 17
9 11 23
19 22 5
17 19 17
23 0 11
0 4 21
10 11 22
22 0 10
22 1 11
22 1 30
21 23 24
14 17 17
3 5 27
19 22 16
8 10 30
19 21 8
8 11 20
19 20 17
21 23 25
13 16 27
11 12 11
0 2 12
19 23 22
16 18 22
20 22 13
1 2 22
2 5 6
12 16 14
10 12 2
15 19 7
21 21 15
5 6 3
18 20 1
23 0 29
23 0 1
12 15 13
1 2 6
7 11 5
17 18 14
12 17 22
4 8 27
6 7 20
7 10 7
3 5 9
1 4 30
1 3 9
12 15 20
15 16 4
12 15 19
6 6 16
12 16 17
12 13 1
0 3 8
18 21 22
3 4 2
20 22 16
19 21 12
18 20 4
9 11 4
5 8 13
8 11 18
6 9 6
11 11 11
6 9 13
12 14 4
12 12 15
12 13 19
1 1 27
12 15 18
0 1 13
2 4 11
0 4 11
9 13 16
22 23 19
13 15 1
14 15 16
13 16 30
1 4 10
15 17 12
10 12 17
17 18 7
14 15 2
8 11 15
9 10 7
7 8 16
4 6 24
2 3 20
11 12 23
14 15 10
16 17 28
9 12 26
14 15 1
16 17 12
17 19 16
15 17 3
18 20 11
17 17 23
3 5 11
20 22 22
18 19 11
22 1 18
17 19 8
17 19 6
11 14 4
14 16 19
19 21 17
14 16 9
1 2 12
5 7 15
23 2 23
5 8 20
13 14 1
21 0 6
19 21 21
21 23 20
0 4 12
4 7 19
10 12 28
8 11 7
6 9 7
16 18 11
17 20 10
4 6 5
8 11 5
0 1 22
23 1 30
4 5 15
15 17 28
11 13 1
4 6 19
4 6 22
13 14 17
5 7 11
15 17 14
23 3 19
18 18 1
13 15 16
23 1 19
21 23 27
18 20 28
6 7 19
3 6 18
3 5 16
1 3 26
20 22 1
11 13 14
11 10 4
11 11 6
21 23 7
12 15 13
12 13 4
13 14 8
18 21 16
6 8 22
12 15 29
16 19 5
13 15 13
21 1 14
22 22 14
22 22 1
14 16 15
17 17 18
8 10 27
17 18 15
1 4 8
17 19 24
17 18 24
0 1 14
2 3 11
19 22 13
7 10 27
15 17 11
23 0 1
18 19 7
14 17 3
15 18 8
0 1 1
17 19 20
12 15 15
2 3 30
14 17 27
4 6 20
4 7 16
17 17 7
1 3 23
14 16 15
1 4 9
22 1 10
19 20 11
17 20 7
9 9 6
0 1 30
9 11 29
18 21 26
18 22 2
7 8 17
2 3 14
3 4 22
15 15 27
5 9 17
7 10 23
18 20 2
8 11 23
8 10 19
16 19 9
17 22 4
11 12 29
21 23 29
23 1 13
13 15 27
17 20 27
22 0 9
5 6 19
13 13 10
6 7 29
15 18 22
2 5 14
8 10 2
10 12 2
11 13 25
10 11 16
7 9 12
23 1 11
14 18 19
21 0 10
9 10 18
5 5 27
11 13 24
17 20 3
8 11 29
23 1 22
16 19 9
11 13 20
1 3 13
0 2 19
1 3 6
21 23 18
12 15 25
21 22 3
0 2 8
16 17 6
18 22 18
13 15 22
4 4 12
7 7 24
13 13 17
9 13 26
3 5 10
2 4 26
2 5 23
3 5 17
