3960 30
2 20 5 20 4 3 8 21 26 5 7 21 14 23 25 1 29 10 27 14 15 25 13 24 30 27 15 9 26 9 
9 11 3
23 1 16
10 12 8
17 20 25
16 18 3
4 7 22
12 13 3
3 5 20
3 4 4
14 19 30
10 12 13
12 15 17
11 13 1
12 14 2
19 22 7
14 17 9
0 3 20
15 17 30
19 21 13
12 13 7
19 21 27
1 3 1
14 18 21
1 3 2
18 20 27
12 16 27
9 11 12
22 23 21
22 0 21
1 3 6
23 0 17
13 15 17
22 1 17
21 0 6
13 15 6
8 11 21
16 18 17
20 22 4
0 4 25
21 23 10
19 20 12
19 21 2
16 19 3
13 16 4
18 20 20
17 20 14
11 11 26
9 11 19
2 5 6
0 3 14
22 0 22
18 21 20
7 10 5
14 16 5
2 3 7
16 20 12
10 12 27
12 15 8
3 6 19
9 10 16
23 1 9
22 2 15
1 3 9
2 4 3
9 11 1
1 3 17
18 20 28
0 2 15
10 13 27
23 1 4
4 6 12
5 7 9
10 11 29
4 6 29
12 16 26
1 3 17
14 16 4
7 9 30
0 2 30
4 6 16
11 13 30
13 15 24
21 22 16
10 12 12
2 4 27
19 21 26
11 13 5
11 14 20
21 23 5
0 2 18
16 18 25
19 21 6
18 19 15
6 8 6
9 11 30
14 16 30
10 13 1
23 0 6
18 20 12
15 17 15
22 0 21
12 16 24
7 10 17
10 12 12
2 4 1
3 4 6
20 0 24
4 7 20
1 5 9
20 21 7
22 23 23
6 7 19
3 6 6
10 11 22
7 10 28
18 19 28
13 14 15
0 2 17
13 16 27
12 14 15
4 6 24
13 13 22
22 1 4
2 3 8
14 18 5
20 20 2
21 0 6
12 15 7
20 23 29
4 7 29
17 19 14
1 2 29
18 20 13
19 21 13
5 6 30
6 9 9
14 17 2
8 10 19
20 22 28
12 15 22
10 12 15
15 17 10
19 20 21
8 9 30
7 8 4
5 8 7
5 6 19
13 16 19
15 17 14
3 6 7
14 14 5
19 20 21
0 2 28
18 20 30
18 21 28
9 12 20
19 22 7
18 20 27
9 12 30
1 5 19
17 19 30
3 4 2
10 12 12
1 4 8
12 15 10
8 10 26
5 8 25
5 9 2
20 23 12
8 11 19
6 8 28
4 7 28
3 5 29
11 12 13
8 10 10
10 13 21
22 1 19
14 15 10
18 19 30
12 15 16
15 18 1
21 22 20
7 9 28
7 8 11
23 2 13
15 17 15
6 6 2
8 12 8
21 1 8
4 5 23
19 21 22
2 4 6
3 5 1
13 17 8
16 20 7
16 19 30
0 1 13
15 17 25
9 12 3
10 11 28
11 13 13
4 5 7
23 1 7
14 17 9
8 9 17
6 9 17
14 16 23
2 5 18
10 12 15
0 2 26
3 4 9
2 2 12
11 14 29
20 22 16
8 11 2
15 18 17
17 18 20
1 3 21
3 7 12
16 18 25
9 9 7
1 4 25
6 7 22
15 19 14
20 22 2
19 21 29
21 23 25
5 7 28
1 4 19
17 19 22
9 12 2
12 13 20
2 3 20
12 13 12
6 9 28
2 4 10
16 17 4
4 5 17
10 13 30
0 2 9
20 22 24
19 21 19
1 2 16
3 4 27
16 19 14
11 14 4
3 6 9
9 12 6
16 18 8
14 16 26
18 20 7
5 7 9
12 14 14
23 23 3
8 8 11
17 20 8
21 22 4
2 4 9
21 22 4
1 4 11
7 9 17
1 3 2
6 8 4
6 7 18
3 5 16
20 22 26
2 5 2
18 19 22
8 9 30
0 2 4
8 8 29
12 12 10
5 7 5
22 23 15
2 4 22
9 11 19
23 2 26
10 14 7
3 5 25
16 19 20
4 6 9
6 8 6
2 3 29
20 0 4
11 14 22
3 6 14
13 15 3
4 6 18
19 23 1
7 10 21
0 3 25
10 11 7
20 21 30
16 18 23
17 19 19
10 13 23
15 17 3
8 8 20
21 0 26
13 16 12
10 12 23
9 11 14
13 15 17
8 11 4
1 4 15
7 10 24
19 20 14
17 19 23
4 6 2
14 14 26
16 17 1
16 18 22
17 20 16
7 9 16
8 10 9
22 1 27
15 17 10
12 13 22
23 0 3
19 22 9
21 1 27
19 21 23
18 20 11
14 17 21
6 6 23
12 15 29
12 14 1
17 18 17
14 16 16
15 18 5
19 21 18
13 14 13
11 12 27
8 11 1
2 4 28
17 21 5
0 3 17
17 18 17
22 1 22
21 23 25
10 12 8
13 16 3
16 19 24
8 12 9
2 4 16
23 2 19
14 18 28
2 5 22
5 7 11
7 9 8
0 1 28
6 8 17
4 6 3
6 8 25
8 10 25
3 6 1
6 10 7
16 18 1
17 18 29
15 17 9
20 22 20
0 3 1
2 4 21
13 16 25
0 2 1
22 0 9
23 2 8
10 11 2
14 16 12
3 3 1
11 13 27
14 16 25
9 11 30
23 2 4
8 10 1
5 8 25
0 1 3
21 0 18
12 13 20
10 12 15
5 8 8
20 23 17
13 14 30
22 0 21
10 12 30
4 6 3
11 13 25
23 2 20
7 9 20
7 12 22
22 2 1
14 16 15
17 21 23
6 7 4
0 1 18
8 9 27
5 7 16
13 15 27
17 21 3
1 4 7
3 5 26
10 11 30
4 7 8
17 19 7
20 23 12
19 20 30
7 7 15
5 7 1
13 14 21
0 2 29
16 15 16
12 13 25
17 18 11
3 5 25
6 9 15
6 9 19
10 11 22
21 22 18
1 2 10
21 22 12
5 7 24
0 1 9
8 9 24
4 6 3
17 19 12
8 10 13
15 17 10
3 6 14
1 2 18
10 12 18
13 16 5
0 4 30
2 3 6
18 21 3
20 21 11
23 1 15
8 10 8
4 6 16
14 16 16
15 17 4
0 1 30
15 17 28
4 5 22
4 5 3
5 7 30
1 4 24
11 12 13
12 15 27
11 12 23
4 5 29
9 13 7
7 11 7
14 14 14
18 19 12
19 21 9
21 22 23
8 10 7
20 22 16
15 17 13
11 11 28
15 17 1
13 14 10
19 22 27
15 17 22
14 15 23
14 17 3
11 11 16
15 16 23
12 13 28
11 11 29
15 16 23
1 4 5
11 14 7
17 18 25
15 17 19
21 23 24
9 12 14
5 6 8
11 14 27
5 5 24
14 17 22
18 19 8
16 18 11
20 23 10
7 9 29
21 0 28
17 20 19
7 11 12
1 3 12
4 6 5
10 12 5
18 19 10
6 7 3
3 4 3
11 13 9
5 8 6
12 13 11
10 12 15
1 3 30
19 22 6
10 13 18
10 12 6
15 16 14
17 18 10
11 13 16
9 12 3
9 11 13
16 18 2
3 4 9
21 23 16
10 12 25
11 12 27
21 23 24
5 6 12
22 1 11
22 23 29
23 0 21
1 3 11
18 21 4
19 21 12
6 10 10
18 20 29
9 9 16
1 4 29
8 10 5
2 3 5
14 16 23
0 1 6
18 21 6
16 18 10
18 19 17
15 16 3
3 4 10
18 21 25
10 11 10
11 14 28
5 8 21
15 18 28
8 10 17
19 19 2
16 19 15
21 23 22
5 8 6
5 9 4
20 22 30
13 14 14
21 0 2
10 14 28
8 9 28
23 1 29
17 19 25
0 3 28
12 13 29
18 18 19
8 12 3
4 5 19
8 9 30
12 14 4
21 0 3
6 8 15
21 23 11
7 10 11
13 15 7
17 20 24
23 2 22
14 16 1
2 5 15
13 14 16
1 4 11
3 4 14
2 4 4
19 20 24
17 18 21
2 4 3
6 9 18
22 0 14
5 10 16
10 14 2
13 15 12
0 2 16
18 20 2
2 5 4
8 13 16
1 3 11
22 0 28
16 17 22
19 21 8
4 7 26
15 16 14
16 19 8
10 10 4
1 4 30
18 20 21
18 19 18
0 1 29
7 9 6
1 5 28
18 20 16
3 5 10
9 11 5
4 7 30
9 8 22
12 16 24
23 1 21
19 22 29
4 7 10
5 7 7
9 11 15
4 6 23
10 13 27
9 11 29
15 16 3
7 8 13
11 13 30
12 14 15
22 23 8
10 14 18
22 0 13
1 2 27
21 23 21
8 9 20
3 6 28
10 13 21
19 20 15
9 12 22
6 6 4
8 10 5
1 3 22
16 15 4
17 19 11
16 19 1
22 0 11
0 0 5
10 12 11
7 9 27
2 4 24
23 1 19
20 23 22
1 3 19
21 2 2
18 21 20
2 3 8
11 14 19
16 20 24
1 3 24
7 8 11
22 0 12
17 18 9
5 7 4
5 6 21
2 5 23
0 1 5
18 21 20
23 1 4
11 14 11
8 13 5
23 1 11
14 14 21
23 1 16
16 19 16
12 15 28
22 23 6
16 17 7
8 9 8
9 11 23
2 3 5
0 3 22
4 6 22
22 0 7
21 0 22
3 4 8
3 6 7
6 6 30
11 14 26
4 7 18
6 8 19
18 21 24
10 12 26
14 14 26
1 3 14
22 23 25
17 17 14
20 22 28
21 0 23
18 22 24
10 12 28
15 19 11
11 14 2
6 6 23
21 0 29
15 17 5
3 7 15
0 2 20
1 2 28
9 12 20
10 12 3
23 0 8
15 17 8
21 0 23
1 3 8
23 23 29
17 18 23
23 1 28
23 1 5
2 4 8
0 3 21
18 19 14
9 12 17
18 20 19
14 17 25
18 21 26
20 20 7
0 2 17
3 5 16
17 19 27
20 22 5
0 1 22
9 12 17
20 22 8
6 8 29
19 20 12
22 23 28
2 5 26
22 2 8
4 6 11
18 19 20
19 21 30
19 20 15
14 16 26
11 12 10
22 0 5
4 7 18
23 0 11
16 20 11
4 6 24
23 1 2
12 14 7
16 19 16
18 19 29
8 10 7
6 6 13
6 6 18
16 17 26
2 3 9
14 17 5
0 1 17
23 0 7
12 14 3
11 12 5
7 9 14
15 17 17
20 22 20
10 12 16
12 16 20
18 20 1
17 17 24
3 3 25
6 9 15
13 14 22
14 16 26
1 4 26
11 13 24
10 12 14
21 23 9
18 20 10
19 20 29
3 5 10
8 9 10
7 9 26
0 3 18
9 12 27
11 13 12
2 2 29
16 20 23
21 22 2
9 11 28
20 22 23
0 3 13
8 11 13
17 18 22
3 7 4
16 18 15
1 4 11
20 22 2
8 10 27
9 12 26
3 6 23
12 14 6
3 4 6
2 4 5
20 22 3
3 5 12
6 9 24
16 19 10
16 18 17
7 9 9
17 19 15
21 23 18
17 18 7
3 5 24
2 3 9
0 2 20
12 15 15
17 21 1
4 6 24
1 3 4
19 21 10
13 16 22
12 15 4
6 8 30
11 13 5
23 0 6
13 16 27
0 1 17
16 17 11
0 3 17
3 5 5
16 17 17
9 12 25
12 12 26
15 18 30
14 16 29
10 11 11
13 14 2
10 10 13
7 10 15
7 11 13
3 5 22
21 23 27
17 20 13
19 19 4
22 22 25
3 5 5
5 7 5
14 16 4
14 14 30
13 14 14
15 17 23
23 2 19
7 10 9
22 0 29
13 15 1
13 15 18
5 7 12
3 4 27
3 6 24
7 10 15
0 2 24
8 10 6
21 23 24
11 13 26
23 1 16
14 15 18
5 7 24
4 7 30
2 4 22
14 16 8
21 0 29
15 18 29
4 6 25
13 14 25
1 3 5
8 9 28
19 21 20
22 1 5
6 9 16
6 8 30
2 3 11
12 14 13
3 6 13
16 20 10
4 6 13
0 2 21
15 17 2
16 16 18
21 0 4
20 22 23
21 22 10
20 21 13
20 22 29
20 23 18
18 20 10
17 19 30
6 8 7
16 16 10
21 1 19
13 16 19
11 14 25
16 18 25
7 9 8
7 10 9
14 18 9
3 3 5
20 22 13
1 3 14
7 9 17
5 5 30
13 14 10
9 10 8
1 3 9
3 5 2
5 7 25
18 22 22
0 0 1
4 6 26
20 22 22
19 21 12
20 21 3
22 1 22
14 15 9
9 11 8
10 12 17
11 11 1
21 23 14
23 1 29
8 10 10
20 23 3
22 23 30
7 9 1
3 3 2
0 2 15
22 0 30
6 7 26
9 12 21
21 0 18
4 5 19
12 13 27
1 2 6
7 9 15
13 13 15
17 18 9
11 14 6
23 1 23
11 12 20
22 23 12
15 18 12
21 22 2
9 10 22
6 9 24
2 4 6
16 18 1
16 18 9
8 11 17
2 3 27
12 13 14
15 17 22
12 14 17
20 0 22
9 11 24
17 20 19
15 16 19
23 0 3
3 3 2
7 9 27
1 3 20
23 2 9
16 18 15
10 13 29
13 15 30
11 14 12
8 9 15
22 1 7
19 22 30
3 5 17
11 15 24
20 23 7
3 5 5
5 7 2
4 6 26
3 5 26
21 22 26
6 8 7
0 3 26
17 19 1
4 6 4
7 8 15
16 19 8
5 8 30
9 10 3
6 8 30
16 19 21
5 6 24
19 21 25
12 15 20
7 9 28
6 9 21
23 1 12
6 8 18
9 12 9
6 6 3
0 2 8
23 2 10
10 13 11
5 8 30
15 18 14
12 15 12
3 6 6
18 20 2
1 3 29
20 1 11
23 1 3
5 9 19
11 11 27
12 13 18
11 13 3
0 2 27
0 1 4
12 15 12
13 14 3
15 18 4
0 1 11
8 10 9
9 12 6
6 7 16
9 13 29
9 11 19
9 10 23
22 2 1
19 20 30
6 8 9
20 21 2
20 22 29
13 14 12
18 20 29
1 5 27
7 9 19
7 8 3
9 9 14
5 8 13
4 5 19
12 15 10
7 9 10
14 13 24
17 20 24
0 3 20
22 0 3
8 9 27
14 15 20
10 12 1
17 20 15
19 23 15
8 9 19
0 2 12
16 17 20
23 1 6
9 10 22
5 7 6
8 10 14
23 2 7
2 5 7
15 17 5
0 3 14
10 13 15
3 4 9
8 10 13
19 21 1
1 4 20
2 4 3
16 17 8
14 15 29
22 0 9
17 18 23
21 23 20
5 8 20
20 20 24
22 0 16
7 8 20
12 15 29
2 3 19
1 4 30
4 7 6
5 8 14
8 11 19
1 1 21
3 4 12
18 20 14
12 12 15
16 18 19
20 22 29
18 20 11
8 10 13
19 21 18
12 13 2
7 9 28
20 23 17
4 5 20
8 10 14
5 8 30
10 13 4
16 19 16
7 9 12
15 17 20
18 19 22
11 13 27
7 10 8
1 3 25
10 12 7
11 12 4
17 21 21
16 19 3
7 9 7
13 16 15
17 17 29
11 14 22
14 18 17
19 21 2
18 21 20
0 3 18
20 22 11
11 13 29
4 5 29
11 12 11
23 2 14
1 5 5
8 10 10
17 18 8
19 21 16
17 20 2
19 19 14
1 3 16
14 17 23
17 19 27
2 3 13
10 12 16
1 3 30
23 1 9
12 15 26
10 13 3
10 12 10
23 1 13
21 23 14
21 0 24
4 7 29
7 9 14
1 1 27
13 16 14
12 16 10
8 12 27
22 0 26
16 19 30
16 17 6
13 14 21
14 15 21
14 17 22
0 2 11
20 23 5
10 10 8
21 22 20
16 18 2
22 1 8
18 18 22
7 7 21
4 5 25
13 13 4
20 23 16
6 9 26
3 5 1
5 8 8
20 1 4
19 23 1
7 8 13
0 2 5
2 3 21
22 2 8
13 14 19
7 9 8
5 9 9
7 8 8
7 9 30
20 23 14
3 7 16
22 0 18
2 2 28
22 0 10
12 12 6
18 19 19
1 3 14
6 7 23
16 17 20
9 11 3
4 7 12
10 11 3
13 13 22
1 3 9
6 8 11
19 21 10
1 3 10
8 7 10
8 9 27
8 9 27
15 16 27
21 22 15
5 7 15
17 21 26
1 3 18
3 5 1
7 8 11
11 13 18
23 3 21
1 3 17
2 5 27
22 0 4
10 11 5
15 19 27
14 17 29
19 23 23
13 14 18
13 17 3
16 17 30
8 9 19
13 14 23
16 18 4
8 11 26
19 21 22
1 4 6
16 17 21
21 1 19
11 13 27
23 0 27
23 1 28
11 14 27
12 14 27
7 11 20
0 3 13
2 5 2
0 2 11
4 7 17
11 13 28
18 20 22
1 2 25
2 3 8
5 8 22
9 11 17
1 3 15
23 1 26
1 3 27
13 16 14
15 18 21
17 19 8
7 10 30
4 8 3
13 15 6
20 22 6
13 14 13
19 22 26
23 2 2
7 8 7
6 8 22
22 0 15
0 4 25
6 8 21
17 19 10
1 2 22
3 6 12
12 14 5
7 9 8
7 10 19
18 20 17
17 21 11
6 9 5
18 21 5
6 8 17
2 6 6
15 18 8
4 7 28
1 4 1
14 17 5
3 4 14
13 15 13
5 7 7
8 9 2
6 9 25
16 18 3
10 13 6
0 1 12
7 9 5
0 4 20
18 19 15
14 16 14
4 5 12
19 21 13
18 20 6
2 5 24
20 22 3
20 0 15
1 2 27
21 22 30
15 18 11
9 11 4
12 14 19
0 3 15
9 9 14
12 14 11
18 21 23
15 15 29
15 18 10
10 11 11
2 3 24
17 20 27
16 17 2
14 15 23
16 18 22
10 12 23
6 7 22
15 16 10
20 22 15
22 23 9
12 14 17
10 12 13
9 10 26
0 2 8
17 21 6
12 16 7
11 14 17
12 15 14
22 23 4
9 11 29
2 3 6
11 12 20
10 11 3
5 7 28
1 1 23
11 13 1
15 17 30
15 19 27
10 12 8
22 0 7
22 2 25
0 2 24
22 0 14
9 12 23
6 10 24
9 10 1
10 12 3
3 4 13
22 23 29
6 8 21
8 12 8
12 13 27
6 8 20
17 20 18
23 3 20
0 -1 21
11 13 19
1 3 12
12 14 24
20 22 24
16 19 8
2 2 4
20 23 6
18 21 7
23 1 6
4 7 5
9 10 17
20 20 4
8 10 29
3 7 23
19 22 29
5 6 17
12 13 9
23 1 22
6 7 26
16 15 15
4 7 2
10 11 14
1 3 3
9 13 10
10 11 23
13 16 1
1 3 20
5 7 21
22 23 11
18 22 18
21 1 13
20 22 3
2 4 12
3 4 26
7 8 18
12 14 19
0 2 2
1 3 18
0 3 10
22 0 22
9 11 20
11 13 27
9 11 22
15 17 24
9 12 20
17 20 6
15 18 19
13 13 26
11 13 25
22 0 21
22 0 24
6 9 1
14 16 22
8 9 23
22 1 13
14 18 3
23 0 29
19 22 6
5 7 25
22 1 2
6 9 28
14 17 24
17 19 14
4 7 21
7 7 29
4 7 27
13 15 26
13 15 2
17 21 5
4 7 7
1 5 6
16 17 21
11 14 4
7 8 14
14 18 20
10 12 19
22 23 5
14 17 25
0 2 22
18 21 14
1 3 10
14 16 1
18 20 2
10 11 24
5 6 9
1 3 26
2 6 14
6 7 14
0 1 16
15 16 25
10 13 12
23 3 28
19 19 4
4 5 14
11 13 27
9 10 25
22 1 14
7 10 6
4 7 16
2 3 27
7 8 24
4 5 2
18 19 23
18 19 18
12 13 16
15 17 30
8 10 11
13 15 21
0 1 5
18 21 27
1 4 13
15 17 24
9 11 13
7 9 18
14 16 10
8 11 15
21 0 26
20 21 29
1 4 5
22 2 7
16 17 5
22 2 22
15 16 11
6 7 1
10 12 3
15 17 1
8 8 11
8 7 29
10 10 14
8 10 3
17 19 25
4 7 14
22 23 12
3 6 4
17 18 5
22 1 14
6 7 14
1 3 10
6 8 23
13 15 30
1 1 8
17 18 8
20 23 20
8 11 18
18 21 29
1 4 28
21 23 16
2 5 5
4 6 4
19 22 8
9 9 21
9 13 21
18 20 18
13 15 8
15 18 27
18 18 26
21 22 6
17 19 7
16 18 2
9 11 23
17 20 29
20 23 18
23 4 19
2 6 9
22 2 1
4 6 16
17 19 5
10 12 20
18 21 18
14 16 29
11 14 3
11 15 21
23 0 11
23 1 2
5 8 26
5 7 30
5 8 2
7 11 10
14 16 25
14 18 27
10 13 23
19 22 16
22 23 15
12 13 5
17 17 18
1 2 19
18 21 24
4 8 10
1 3 21
0 1 9
20 21 5
18 21 1
20 22 30
20 22 12
6 9 11
8 9 30
22 0 4
0 2 24
14 15 4
1 3 6
15 17 28
19 19 21
6 8 3
1 3 4
0 0 5
12 16 18
10 13 21
17 19 24
19 21 17
10 13 4
0 1 3
21 21 12
0 2 26
3 6 23
0 3 27
18 22 15
14 16 18
7 10 27
3 6 11
7 9 10
6 7 24
22 1 25
2 5 16
20 21 24
15 15 13
2 4 9
2 2 9
21 22 19
20 22 17
0 1 5
8 11 7
18 20 11
13 16 14
5 7 13
16 16 25
17 18 12
8 10 29
7 9 13
15 17 20
12 16 18
22 23 11
14 16 8
2 5 1
5 7 28
15 18 23
3 4 3
16 17 22
2 5 27
15 18 15
11 14 11
12 13 18
4 6 1
20 23 17
22 23 13
11 13 23
12 13 28
14 18 22
15 16 16
21 23 16
3 5 28
0 1 2
22 23 18
1 4 10
5 7 7
1 3 19
9 12 15
5 7 23
4 7 14
17 18 4
11 12 8
17 20 23
4 5 26
21 23 9
18 21 25
5 7 26
16 19 21
18 20 14
2 4 14
9 12 25
0 1 24
6 8 7
3 4 7
10 10 30
22 0 4
1 3 24
16 19 28
22 23 12
10 12 23
5 9 13
18 19 22
20 23 2
2 4 22
12 14 21
20 23 11
10 12 28
7 10 15
22 0 8
3 5 7
9 9 28
3 4 10
22 23 18
1 3 13
17 20 7
17 21 30
11 11 8
19 22 8
4 5 14
5 8 1
1 1 10
2 5 15
19 21 7
20 21 4
15 18 5
4 7 7
10 11 20
10 12 16
23 2 23
11 14 10
5 7 27
7 7 10
20 23 7
3 4 5
5 7 19
7 11 4
1 4 6
0 2 16
10 13 29
6 8 27
2 5 25
22 23 15
12 12 3
9 11 24
23 0 3
2 5 10
22 2 4
16 16 22
16 18 5
1 2 12
18 21 19
18 20 15
23 3 25
14 16 26
20 23 10
0 2 22
14 14 5
19 19 6
20 23 23
10 12 19
18 20 24
21 23 3
12 12 19
18 20 2
3 7 7
22 23 29
18 22 12
12 13 5
16 18 26
4 7 14
11 13 3
23 0 27
5 7 30
2 5 5
18 21 3
2 4 29
18 21 17
17 19 5
8 10 14
17 19 14
2 4 24
19 21 17
12 15 19
14 16 20
6 8 3
16 20 29
16 17 14
9 11 20
0 1 28
4 6 2
16 18 13
7 9 11
4 5 21
22 22 3
1 2 10
12 15 5
9 12 6
9 9 29
1 3 13
23 0 16
21 23 29
5 8 14
3 6 2
22 23 2
4 6 26
17 20 11
20 22 29
20 23 15
8 10 13
10 15 19
7 9 16
13 16 1
10 12 21
19 20 2
9 11 17
18 21 8
18 20 12
8 11 8
8 10 14
18 20 10
12 14 26
3 4 17
3 5 29
11 12 19
16 18 26
21 0 12
13 16 25
15 18 24
19 20 1
19 21 30
18 19 12
9 11 3
20 23 24
1 2 14
23 1 5
17 20 10
8 10 5
21 23 14
2 6 20
2 4 21
21 0 1
14 16 17
0 2 24
16 19 23
17 18 25
14 17 18
8 10 3
10 12 12
3 5 16
12 15 3
7 8 21
10 12 14
2 4 18
21 22 27
8 9 20
5 6 21
1 4 7
7 8 25
15 18 26
18 20 24
11 11 29
3 4 29
13 16 15
18 19 11
14 17 25
2 5 7
3 6 27
14 16 21
5 8 24
13 16 20
9 11 14
17 20 16
12 15 12
2 6 8
19 21 26
17 18 16
12 14 13
21 22 27
14 17 25
18 20 22
15 15 13
15 16 25
18 20 10
17 18 27
12 14 6
19 22 26
18 19 23
8 10 9
2 4 25
0 1 1
3 7 15
10 11 13
6 8 23
7 8 10
4 4 13
12 13 14
14 16 14
6 8 22
15 18 21
8 9 9
7 8 10
8 9 14
15 16 23
6 9 25
1 3 18
19 21 4
8 11 19
7 9 14
9 10 8
11 14 6
5 7 19
22 0 23
10 13 30
11 13 7
12 14 23
13 15 19
19 22 26
8 10 17
22 0 8
14 15 5
7 9 18
7 10 25
12 14 25
6 9 3
19 23 17
21 0 12
7 7 6
15 17 18
15 18 14
12 13 17
13 15 5
8 12 25
13 15 24
3 6 5
8 11 21
16 18 7
14 15 14
4 5 13
3 5 18
1 1 5
15 16 28
21 23 1
7 11 19
15 16 22
2 5 27
16 18 24
1 3 25
13 15 29
19 21 22
22 1 16
4 7 3
12 14 30
13 15 5
2 4 7
20 22 20
13 15 1
15 17 1
12 13 13
11 14 8
6 7 23
16 17 3
21 0 1
20 22 12
13 15 19
1 3 23
4 6 14
8 9 15
6 9 13
22 0 14
21 23 23
23 1 18
15 17 12
1 4 7
3 4 21
21 0 27
14 17 11
20 20 28
2 5 19
22 1 2
6 9 6
13 14 22
14 15 27
14 14 13
20 21 13
6 7 18
10 12 16
20 23 15
23 23 10
7 9 29
13 16 1
23 23 28
20 23 14
3 6 7
14 16 24
0 2 19
0 4 6
21 23 21
4 6 30
0 3 28
3 4 4
14 16 10
10 12 8
9 9 18
11 12 22
9 11 5
13 14 16
14 16 20
16 18 24
18 21 9
5 7 23
9 12 29
23 23 8
4 7 21
16 17 2
6 8 29
7 9 19
8 9 13
4 4 21
4 5 3
20 22 9
18 19 21
13 15 6
8 12 6
17 18 30
10 13 10
9 13 21
16 18 6
6 6 3
6 6 1
1 3 6
15 17 18
11 12 22
6 7 20
10 13 30
8 10 27
0 3 26
21 21 25
8 10 3
23 0 6
22 23 8
11 13 13
11 14 14
8 12 24
18 20 17
9 11 18
15 17 15
22 0 16
19 23 18
7 8 27
5 7 22
8 11 17
6 6 7
6 8 7
8 11 22
7 9 12
14 16 2
14 17 21
12 14 5
8 11 12
23 1 24
20 23 4
6 7 2
2 4 14
16 18 21
6 7 9
2 4 30
21 0 9
14 16 29
22 0 21
11 11 9
12 14 29
14 15 19
1 2 18
15 16 4
15 16 23
1 2 23
13 15 4
11 14 30
18 20 20
18 19 22
10 11 13
23 2 5
0 2 16
11 13 12
5 7 28
3 7 26
10 12 3
19 21 8
8 12 23
7 10 4
23 23 18
14 16 14
13 16 22
22 23 26
7 8 28
8 11 21
11 14 14
21 23 11
19 22 5
21 22 3
21 23 28
7 7 3
4 7 18
10 13 3
15 17 2
8 9 1
21 0 21
13 15 2
23 1 4
10 10 10
17 19 6
20 21 7
16 19 7
15 17 29
1 3 28
21 0 26
19 20 11
2 4 21
22 0 17
17 21 19
14 17 25
12 14 20
1 1 19
14 16 3
16 19 24
12 14 3
16 19 22
2 3 29
16 18 19
22 0 22
18 21 15
23 0 22
4 6 20
16 19 22
6 10 4
17 19 18
21 23 3
19 20 29
23 2 14
18 21 3
13 15 20
2 4 2
10 11 8
4 7 18
2 5 28
1 2 10
5 7 3
6 8 24
17 20 2
8 10 15
16 21 29
19 21 26
5 7 21
7 9 15
17 19 14
4 7 22
12 16 30
13 16 6
17 20 27
2 3 18
9 12 13
6 8 1
13 17 8
2 5 15
16 17 1
9 12 9
8 9 28
8 9 16
0 2 7
20 23 23
1 4 18
10 12 11
21 22 27
1 3 13
19 21 18
5 7 11
10 12 14
2 5 19
3 7 2
15 17 17
5 8 10
18 19 2
19 22 8
19 21 14
21 23 30
18 20 5
9 11 21
1 4 4
3 5 20
20 21 7
6 8 28
13 14 2
7 7 5
5 7 14
17 19 1
20 22 15
6 8 8
5 8 17
14 16 20
11 13 28
4 5 3
13 16 15
5 8 8
6 8 9
0 1 24
12 15 4
3 6 25
11 12 11
3 4 4
0 3 21
16 20 29
16 18 8
23 23 22
9 11 28
8 11 30
12 13 9
16 19 29
20 23 11
0 2 9
1 2 6
15 16 16
23 2 5
21 1 13
7 9 21
5 5 28
17 18 14
14 16 26
2 3 1
20 22 17
11 11 23
20 23 29
23 1 15
5 9 16
21 22 28
0 2 6
21 23 1
22 22 5
0 2 25
1 2 16
6 8 27
2 2 18
4 5 26
4 7 12
18 21 14
14 16 10
12 14 4
11 13 23
22 23 14
2 3 14
20 22 26
13 14 17
22 0 15
13 15 22
17 18 2
21 22 20
16 17 10
9 12 26
13 15 3
17 18 24
8 10 30
18 19 26
0 1 20
22 2 28
13 17 16
3 6 2
2 3 15
6 9 16
6 8 8
0 0 7
6 8 2
2 4 29
21 1 2
19 22 9
9 11 10
21 0 2
2 4 6
8 9 3
1 4 1
15 15 4
16 18 3
5 8 8
13 15 19
1 2 14
17 19 1
5 8 15
19 21 27
10 13 11
15 18 7
7 8 10
22 1 6
17 18 16
0 1 21
12 14 20
20 23 20
21 22 1
17 18 10
23 2 17
7 6 8
9 11 19
15 17 22
22 0 24
9 11 24
9 11 30
5 8 20
3 3 6
4 6 25
6 9 11
1 2 13
21 23 16
9 12 14
5 8 12
20 23 14
7 9 5
15 17 27
20 22 6
12 15 27
18 20 26
1 4 1
23 2 10
12 13 12
0 1 3
13 15 14
14 16 14
22 1 4
18 19 28
11 13 8
6 8 29
17 19 8
8 10 30
18 20 10
17 18 3
21 1 6
9 12 25
21 22 19
11 11 9
13 16 14
2 4 10
11 15 14
11 12 22
0 4 6
6 7 3
6 9 19
16 19 6
13 15 4
15 18 2
14 13 4
22 0 14
9 10 21
14 16 8
20 21 16
7 8 26
19 19 20
17 17 10
4 7 27
16 18 18
12 12 25
14 15 3
12 13 28
18 19 27
12 16 5
17 19 16
1 4 12
18 20 1
5 6 20
11 13 13
6 8 19
8 11 20
11 15 11
21 21 19
9 10 26
18 19 9
19 21 6
16 18 25
11 13 8
20 23 25
18 20 14
2 3 27
14 18 26
0 1 15
19 22 22
19 20 17
19 19 6
19 19 13
22 0 20
4 5 6
14 15 13
22 0 27
6 6 26
14 17 26
12 15 19
2 5 24
21 23 16
20 21 24
20 20 30
23 3 15
20 22 7
13 15 20
2 3 13
20 22 21
18 20 5
8 11 8
18 21 15
4 6 11
20 22 14
1 3 5
18 20 8
11 13 2
22 3 25
15 19 29
10 12 25
6 8 24
17 19 10
5 8 19
20 22 28
13 16 8
3 6 9
17 18 13
23 1 4
0 2 18
22 0 11
2 4 21
10 12 20
4 4 24
15 16 7
6 7 21
5 6 28
0 2 7
18 20 23
6 8 25
2 6 15
3 6 26
6 8 18
14 15 5
12 15 17
16 19 13
5 7 26
17 18 22
14 17 6
13 17 28
23 2 14
17 19 5
12 13 11
23 1 23
2 3 15
9 11 13
1 3 11
14 16 7
18 20 19
13 15 19
1 2 6
4 6 2
20 23 19
2 5 4
20 0 27
22 1 18
12 15 11
6 8 11
9 10 24
13 16 23
5 8 9
9 9 29
2 5 20
5 8 19
23 1 9
14 17 26
23 23 25
11 13 7
15 15 30
18 20 2
14 16 18
19 21 27
12 13 19
9 12 10
20 22 16
11 13 20
16 17 14
20 23 24
13 16 23
0 2 19
20 21 12
9 11 12
10 12 5
15 18 14
20 23 26
5 7 29
18 19 30
7 7 17
23 2 29
7 8 12
2 3 18
16 19 1
7 9 30
6 8 13
21 23 12
15 18 18
17 19 25
13 16 15
14 18 25
0 2 19
22 21 16
23 1 11
17 19 16
14 15 25
1 3 10
8 10 11
13 13 19
21 23 1
4 7 16
13 16 5
19 22 25
21 0 20
1 4 9
15 18 11
12 13 18
15 18 30
19 21 6
3 7 14
16 16 18
18 18 20
16 19 3
5 5 30
5 9 3
13 16 16
6 8 10
23 1 26
2 3 17
9 9 12
11 13 10
2 2 29
0 1 8
17 18 17
11 13 5
13 15 28
3 5 16
19 23 28
4 7 3
0 2 15
0 1 18
9 9 8
10 12 6
6 7 11
18 22 25
9 11 25
22 0 17
22 1 17
19 22 1
11 13 1
12 13 21
0 2 28
22 0 25
16 18 3
21 0 9
22 0 13
11 11 26
11 12 4
1 4 25
18 20 14
12 13 7
7 8 2
3 5 18
13 17 25
17 21 9
15 18 3
5 6 10
19 22 30
15 16 2
17 18 7
1 4 28
11 13 3
14 15 7
9 10 8
8 10 6
6 9 21
2 3 14
20 23 18
19 23 7
21 0 16
8 9 14
12 14 20
18 20 5
20 21 26
12 14 30
13 17 23
19 20 18
7 9 16
23 2 23
5 8 22
1 2 7
19 20 1
21 0 15
23 0 28
0 2 1
8 11 21
16 20 4
6 7 5
14 18 29
7 9 25
11 13 15
12 12 12
7 7 28
23 2 10
18 20 30
11 12 5
2 3 2
8 11 18
10 13 6
7 9 1
16 18 25
3 7 30
7 9 5
5 6 14
11 14 4
6 6 5
13 15 30
21 0 19
19 21 8
13 15 29
7 8 3
17 19 19
20 23 23
21 22 6
13 15 26
4 4 13
14 16 22
22 0 27
8 11 6
14 18 19
6 8 3
11 11 19
22 2 6
23 23 29
10 13 21
17 18 28
5 7 22
5 8 11
21 23 15
6 8 30
7 8 22
12 14 21
12 14 19
20 22 26
3 4 25
15 19 27
22 0 16
14 15 14
20 21 25
22 1 20
15 17 3
9 11 29
6 8 10
16 17 10
17 19 16
20 22 1
19 21 10
8 11 25
8 12 14
16 17 11
6 10 14
16 18 28
4 6 5
1 3 17
13 13 3
18 19 12
6 7 1
2 5 23
7 11 15
10 12 2
16 17 5
9 11 26
5 8 15
20 23 18
15 17 23
3 5 4
15 17 24
21 22 28
12 15 23
17 18 23
1 3 13
3 5 22
22 23 13
12 13 26
14 16 4
3 4 16
11 13 18
13 15 2
18 20 21
4 6 25
13 15 13
15 18 10
20 22 13
21 23 23
5 7 16
16 19 5
12 13 10
20 23 16
4 4 13
14 15 7
6 10 21
5 7 4
22 0 30
23 2 10
20 22 14
21 22 5
11 13 1
16 18 16
7 8 24
19 20 29
5 8 7
3 4 4
18 22 10
20 22 11
16 19 24
0 2 17
21 23 6
6 8 5
4 6 12
14 16 28
11 13 24
12 12 22
10 11 13
18 22 3
22 23 13
22 0 24
11 14 19
7 8 23
5 7 30
22 0 6
6 7 12
18 18 15
6 9 18
8 9 9
5 8 13
21 22 11
16 17 19
20 22 23
11 14 27
15 16 8
6 8 27
23 2 22
5 7 1
1 1 3
8 11 3
21 0 26
5 7 28
0 2 12
21 23 23
7 8 29
16 21 6
2 5 24
23 1 5
6 9 12
19 21 10
1 4 10
16 17 13
8 8 25
7 8 2
7 8 14
0 1 16
16 17 13
13 14 28
5 7 17
19 21 9
15 15 17
18 20 17
18 21 28
3 5 1
8 9 29
18 19 17
7 8 3
23 2 19
2 5 20
23 2 5
11 13 25
8 10 8
1 1 6
22 0 14
15 17 27
2 4 28
13 15 6
12 15 27
9 10 23
10 13 20
13 16 17
21 22 29
12 16 30
21 22 7
7 9 20
16 18 2
23 1 3
5 6 10
12 14 2
20 23 25
23 2 1
11 12 10
20 0 7
3 5 29
22 23 22
12 15 2
21 23 21
8 12 26
22 22 10
22 1 28
5 6 15
5 7 11
16 19 30
20 23 10
9 11 24
12 16 13
10 12 23
17 18 2
7 8 12
6 7 26
5 6 24
20 22 21
9 11 12
3 6 12
4 6 4
1 1 12
18 21 11
16 19 16
10 11 23
8 11 30
17 21 29
23 0 16
16 19 28
12 14 5
16 18 2
10 13 25
18 20 16
9 12 14
18 21 3
12 14 24
8 11 16
13 15 5
3 3 3
23 4 7
2 3 29
12 14 11
23 2 26
4 7 19
13 14 10
23 0 10
16 18 17
13 16 12
6 7 7
23 1 1
11 12 23
10 12 3
18 19 5
6 4 18
18 21 17
18 21 20
16 17 2
5 8 30
4 6 1
20 0 27
5 7 7
1 2 7
19 21 11
2 4 12
20 21 10
21 21 8
12 13 1
21 0 23
15 17 8
23 1 24
13 13 25
5 7 22
20 22 19
4 7 30
16 17 1
12 16 21
11 12 11
2 4 16
8 10 14
22 0 19
1 4 28
20 21 12
23 0 22
22 23 11
4 6 29
13 15 7
20 21 20
18 21 15
10 12 19
14 16 10
17 19 8
12 12 26
10 12 11
15 16 10
19 20 29
19 21 13
3 5 10
2 4 3
6 8 29
8 10 11
6 8 18
8 9 5
4 7 16
9 10 2
8 11 7
4 7 4
18 23 2
19 21 8
21 22 12
22 0 15
5 6 15
23 23 19
1 2 24
9 9 12
18 21 11
16 17 13
0 3 2
9 9 9
7 9 18
2 2 10
13 14 16
16 18 1
4 6 14
5 9 27
3 7 21
6 8 21
14 16 28
1 2 20
20 22 5
5 7 11
21 22 20
13 14 1
23 1 5
14 17 25
20 0 11
18 21 6
12 12 3
0 5 22
6 6 26
9 12 26
18 18 10
17 18 12
19 21 13
17 20 26
2 5 18
0 2 22
1 2 20
20 1 10
0 1 9
14 16 14
20 22 16
1 2 9
7 10 23
15 16 13
3 5 22
21 0 13
7 10 25
22 1 4
14 17 21
16 19 28
20 22 9
5 9 14
22 1 8
19 21 18
15 17 21
8 8 25
10 11 21
1 4 5
1 4 1
4 7 7
0 2 27
0 2 29
12 13 20
19 20 18
10 12 25
23 2 9
22 0 3
0 0 7
4 5 8
9 12 23
17 18 14
19 22 9
21 23 24
16 18 5
12 13 28
5 8 14
17 22 10
10 12 15
16 18 7
2 4 30
13 16 19
5 7 11
6 7 26
1 2 11
6 6 15
11 11 20
15 18 18
11 14 7
16 18 2
22 0 15
17 18 21
17 20 3
7 8 12
17 19 28
11 13 9
16 19 26
5 8 11
5 6 2
6 9 14
20 21 11
19 20 29
12 13 16
2 4 11
1 3 4
1 4 7
0 3 10
13 15 26
22 0 1
19 22 14
14 16 23
13 14 22
5 6 6
5 5 13
19 21 10
22 22 24
16 19 18
9 10 7
22 0 29
7 9 2
16 18 2
4 6 24
19 21 3
6 8 9
6 8 24
1 4 23
18 20 28
1 4 1
17 19 1
19 22 28
11 12 27
1 3 8
18 20 25
3 4 27
2 5 9
12 13 14
10 12 15
9 14 26
14 17 15
10 13 21
1 4 6
7 9 3
0 2 5
19 20 28
5 8 19
8 11 24
1 4 12
3 4 5
22 0 5
13 15 10
17 20 17
10 11 28
9 10 1
17 18 9
10 13 13
3 4 16
6 9 7
5 8 21
8 10 18
19 23 2
10 12 20
23 2 7
14 16 17
23 2 13
7 9 12
20 21 16
13 15 27
22 1 25
2 4 6
22 23 23
4 5 10
15 17 19
11 14 15
11 12 13
18 20 9
20 22 21
6 8 17
14 17 4
4 6 15
15 16 8
21 1 8
17 18 17
14 17 27
5 8 27
23 1 24
18 21 10
18 20 28
5 6 1
15 15 25
22 0 3
5 6 27
0 1 16
22 1 10
22 23 25
12 14 29
1 3 25
19 21 23
23 3 10
7 10 12
4 5 24
11 13 25
5 7 17
11 14 10
7 8 16
12 16 7
0 1 30
14 15 23
16 19 11
6 7 5
21 23 1
11 13 25
3 6 14
8 10 2
23 1 21
1 2 25
8 9 3
10 10 14
14 15 2
18 20 15
10 11 13
17 20 20
9 10 19
21 23 30
17 21 6
16 18 16
13 16 16
1 4 17
1 3 7
21 22 9
18 20 25
0 3 2
13 17 10
17 20 3
16 18 11
8 10 16
13 14 8
17 19 24
23 1 3
12 13 16
7 10 2
4 9 28
16 19 6
15 17 4
19 22 8
3 4 20
16 19 2
21 23 13
3 3 27
23 2 30
11 14 2
22 0 25
5 8 9
13 14 2
15 18 22
20 1 26
11 13 10
7 7 24
13 17 19
15 18 3
0 3 1
22 0 25
5 7 17
1 3 11
12 14 17
11 14 11
10 12 14
5 8 28
19 22 23
8 10 21
8 9 26
9 13 10
19 19 17
16 19 9
13 15 28
10 13 21
18 19 13
5 5 14
1 3 12
11 12 17
20 21 4
10 12 22
13 15 19
14 16 13
22 23 18
8 10 11
0 1 2
20 22 16
21 22 30
18 22 28
13 16 20
14 18 24
2 5 20
19 21 15
23 1 30
19 23 19
8 10 3
15 16 6
23 2 28
20 21 12
16 20 14
20 22 2
1 3 9
4 6 29
3 4 23
16 19 18
0 3 23
11 13 23
0 1 27
11 13 22
9 13 8
12 13 2
22 2 24
0 3 28
11 12 18
13 16 27
5 7 23
21 22 25
7 7 5
2 3 28
0 3 25
7 9 27
18 21 7
15 16 1
9 11 22
12 14 24
7 9 23
0 2 1
23 2 5
6 8 30
18 19 8
16 16 13
9 11 3
16 18 3
9 11 10
10 12 25
22 0 11
3 5 6
22 2 10
22 1 1
9 11 3
20 0 11
17 19 26
13 15 30
15 18 28
2 1 20
14 16 7
13 14 19
1 2 5
11 12 14
14 16 7
20 23 1
3 6 26
11 14 17
17 17 27
6 7 15
18 19 14
18 21 25
17 19 28
21 23 18
7 8 8
3 5 14
21 23 9
12 14 16
1 2 23
22 23 9
16 18 30
6 7 27
21 23 8
17 20 22
0 4 20
13 14 11
23 3 26
11 12 25
10 12 3
19 21 5
8 11 1
9 10 4
13 14 6
10 13 20
17 20 18
15 16 9
20 22 17
16 17 6
23 3 10
6 8 22
15 18 26
12 14 23
9 11 2
17 19 11
2 3 4
16 18 11
0 2 10
8 11 15
17 18 30
20 22 12
9 11 16
12 15 12
0 1 9
7 7 12
3 6 15
8 10 12
16 17 15
9 11 7
19 21 15
17 20 20
12 14 18
4 5 30
14 15 10
1 2 16
19 21 3
19 22 3
13 13 7
15 17 1
3 7 26
18 18 19
20 22 21
21 0 10
12 13 16
5 8 25
3 5 29
20 0 1
15 16 28
15 19 11
9 10 18
6 8 25
14 17 9
2 6 10
21 0 16
20 22 24
2 5 20
4 6 1
2 4 19
14 16 29
4 6 20
3 4 16
9 12 23
12 14 24
14 15 30
11 12 18
20 22 29
5 8 20
11 11 26
4 6 19
18 21 23
7 7 18
14 15 10
14 16 24
15 18 4
12 15 1
19 21 15
2 3 24
18 19 14
5 7 10
1 2 9
19 21 23
18 19 26
22 0 21
13 14 17
21 1 15
8 10 1
11 14 13
21 23 1
13 14 27
19 21 2
6 10 28
7 9 20
1 4 26
16 18 9
15 16 27
17 18 1
22 0 28
23 2 21
21 0 25
4 5 9
18 21 9
8 10 23
2 3 26
22 23 25
7 10 27
22 23 9
4 5 7
6 7 22
6 8 3
19 20 9
4 6 9
7 7 24
12 14 9
3 5 3
17 20 15
9 11 13
15 18 13
13 15 21
15 15 11
6 7 12
20 22 20
7 9 19
16 17 17
10 13 30
10 10 29
0 2 29
20 23 11
1 2 20
11 14 4
14 15 18
2 2 4
16 18 5
15 16 3
2 4 20
14 15 30
16 16 20
16 19 17
16 19 14
8 10 9
1 5 15
19 21 16
3 4 11
3 4 19
13 15 14
8 8 7
15 19 28
4 6 24
6 8 23
23 0 4
2 2 14
18 21 27
1 3 21
8 11 3
4 7 5
14 16 20
0 2 23
8 10 25
17 18 29
10 11 22
2 4 29
8 10 5
17 20 8
0 2 28
18 20 8
5 8 23
22 22 5
12 13 24
3 4 12
1 3 9
12 14 7
16 16 13
19 20 7
22 23 27
4 8 15
1 3 28
14 14 25
18 18 16
3 4 13
15 18 10
21 1 13
11 13 23
21 0 15
19 20 4
19 20 14
20 23 9
15 17 24
5 8 19
2 5 25
6 8 14
9 12 22
2 4 24
13 12 13
22 1 17
17 18 24
14 17 22
12 12 15
10 13 6
3 5 20
22 0 10
7 8 13
23 2 9
15 17 28
16 18 9
3 5 23
17 20 14
10 13 12
7 8 21
1 4 11
0 2 11
10 13 26
22 3 20
11 13 4
6 8 7
3 4 19
12 13 25
18 21 30
19 21 3
10 11 27
23 2 12
5 6 30
21 23 4
16 18 1
18 19 7
20 19 22
22 0 5
19 20 23
2 4 15
3 5 14
7 9 8
19 21 21
22 22 12
16 19 27
15 19 21
1 2 9
18 22 18
19 20 29
17 18 29
16 18 20
3 5 27
9 10 24
23 1 18
13 16 26
12 15 22
16 18 5
6 8 8
23 23 6
16 18 28
9 13 30
0 1 29
16 17 16
12 13 4
7 8 1
15 15 1
0 3 15
15 16 16
14 16 15
7 9 14
13 15 13
22 0 11
15 17 4
9 9 9
5 8 14
14 16 2
10 12 16
2 3 12
11 12 4
20 23 21
22 23 3
11 13 9
18 19 3
8 10 13
22 0 26
12 14 26
16 17 6
5 7 8
19 20 8
23 1 22
11 13 28
1 3 8
15 16 22
9 10 29
11 13 28
16 18 2
12 12 25
20 22 29
12 14 23
9 12 2
3 5 10
10 11 7
7 7 20
5 7 26
16 21 17
16 18 16
14 16 20
3 4 13
3 6 5
18 19 18
22 23 19
19 20 16
17 18 16
22 23 24
14 17 3
11 14 1
18 21 15
19 22 7
4 6 15
21 23 20
13 15 28
23 1 29
10 10 3
20 20 7
6 8 26
0 1 19
6 5 3
5 7 7
17 19 23
5 6 24
11 12 24
15 18 4
15 16 9
12 12 30
16 18 15
14 14 30
21 0 17
22 2 28
3 5 10
6 8 22
6 9 27
0 3 24
4 6 25
17 20 24
17 20 17
12 15 17
9 13 23
20 22 10
11 12 18
7 10 17
6 11 4
22 2 14
21 23 23
1 6 15
18 19 1
16 19 8
18 21 27
12 15 28
9 11 29
3 6 2
22 0 20
21 1 14
3 4 1
13 14 25
16 18 2
17 18 10
4 7 20
15 17 13
19 19 5
7 8 27
14 16 26
10 11 14
5 7 3
11 13 19
11 13 25
19 20 9
5 6 2
5 7 5
1 5 11
6 9 22
14 16 17
5 7 27
6 8 11
6 7 10
23 23 15
11 12 9
21 22 13
8 8 26
4 6 5
8 7 11
10 12 11
19 21 15
21 0 14
13 16 10
23 23 2
13 15 11
20 22 21
15 16 6
13 14 2
22 22 2
7 8 17
9 10 2
16 18 20
15 17 21
15 17 26
11 11 4
23 1 3
18 20 22
14 16 10
21 23 26
21 22 20
15 16 27
11 13 15
7 9 22
14 14 18
10 13 15
7 11 8
7 8 7
3 4 25
18 19 8
13 16 23
12 13 28
5 7 18
15 17 30
6 9 3
23 2 29
0 1 8
23 2 15
6 8 18
22 1 22
8 10 9
3 3 15
15 15 5
10 12 25
3 6 28
6 7 14
16 18 7
14 16 18
3 5 17
14 15 26
5 7 7
3 4 16
22 22 24
13 15 11
4 5 27
9 10 7
10 14 18
19 22 19
12 14 12
16 19 23
10 14 14
3 4 3
23 0 9
13 14 13
5 7 17
6 7 3
23 0 22
11 12 3
10 11 28
10 12 16
23 0 9
14 15 19
11 12 3
20 0 23
11 15 9
20 0 25
0 1 26
20 21 10
4 4 17
5 8 24
9 11 4
14 16 21
22 1 3
3 5 3
1 3 16
5 6 9
22 0 16
18 19 6
1 4 11
21 0 9
8 9 11
14 16 23
13 15 17
4 5 19
10 12 25
1 2 30
0 0 28
5 6 14
8 10 12
22 1 30
21 0 3
15 16 29
14 16 17
7 9 13
18 20 8
10 13 3
15 17 27
18 20 7
22 23 4
12 14 22
4 6 7
23 0 1
17 18 1
0 2 2
6 9 9
18 21 28
1 3 21
9 12 2
6 7 4
5 10 5
22 23 4
21 0 9
15 17 24
15 17 3
4 7 15
6 6 25
6 8 6
0 3 28
12 14 23
22 0 8
12 16 30
4 6 27
23 0 13
15 20 16
9 13 13
23 1 28
20 23 24
13 17 28
19 22 13
16 19 30
4 4 23
7 9 26
11 13 10
18 21 5
4 5 12
23 3 8
9 10 5
4 7 30
0 3 17
12 13 20
11 13 9
15 14 1
7 8 8
15 17 12
8 11 21
15 18 11
7 8 30
5 6 15
21 22 9
7 9 16
9 11 10
11 14 12
21 23 27
8 8 11
0 2 29
15 16 5
5 7 13
4 6 23
4 8 8
23 0 14
1 2 19
11 13 13
20 23 24
6 9 10
10 12 1
13 14 28
11 14 16
4 5 24
8 11 13
1 2 29
8 10 7
19 20 1
2 4 5
1 4 24
1 2 9
9 10 27
20 0 30
12 14 16
8 8 4
13 15 26
12 14 12
2 4 8
14 15 27
15 17 10
20 23 8
9 10 20
7 7 2
7 12 27
2 5 1
17 19 15
3 2 17
17 19 8
11 13 20
11 14 17
11 13 27
19 20 23
20 22 16
4 6 1
0 2 22
0 2 25
13 15 24
23 2 26
15 16 3
0 3 15
15 15 14
9 11 25
2 4 14
8 9 17
12 14 21
10 11 21
8 10 2
22 22 1
10 13 8
14 16 14
0 2 4
0 4 14
23 0 29
4 4 22
11 15 18
11 12 6
4 9 27
19 22 9
3 5 12
7 8 13
18 21 7
11 13 15
22 1 10
19 20 18
21 23 13
20 23 24
0 2 20
4 5 18
23 0 8
19 22 29
18 19 28
3 5 21
16 18 3
2 3 20
17 20 11
16 18 10
0 3 29
1 3 27
21 21 2
0 0 25
17 19 6
6 11 3
3 5 8
2 4 16
1 2 12
21 23 6
23 0 17
1 2 23
14 17 8
14 16 23
23 1 19
7 9 21
17 19 1
17 19 3
14 16 19
17 20 14
1 3 9
4 6 22
8 11 14
0 3 17
1 3 7
0 1 26
9 11 2
3 5 29
9 12 22
14 16 25
21 23 15
5 8 28
18 19 12
19 21 7
11 14 27
10 12 4
13 17 23
13 15 1
6 8 18
17 20 28
8 10 10
15 18 26
23 2 5
12 13 5
14 15 4
9 12 17
14 18 16
17 19 27
5 8 2
1 4 10
19 21 21
9 11 12
15 17 20
17 17 2
4 6 17
16 20 6
15 18 1
17 18 18
12 14 7
23 1 21
6 5 27
1 4 30
0 2 15
0 1 27
4 5 26
6 8 3
0 3 21
7 11 27
6 8 2
23 2 28
22 23 25
21 23 30
20 23 15
1 3 20
5 7 11
5 8 15
10 11 3
1 2 13
11 12 29
15 18 6
2 4 26
8 9 12
2 3 29
5 6 19
17 20 10
12 13 3
20 22 27
2 4 6
9 12 22
1 2 23
8 10 4
19 21 28
15 15 19
18 21 23
10 13 6
3 4 3
10 12 15
8 11 27
16 18 21
22 23 21
17 19 27
15 17 27
8 10 19
0 1 21
14 16 2
1 4 22
6 6 18
7 8 19
6 10 11
18 20 27
13 16 15
18 20 4
19 22 11
19 20 23
5 6 17
18 20 22
6 9 21
21 0 15
15 17 7
22 22 1
4 7 17
16 17 21
19 19 24
