400 30
2 17 15 29 29 15 9 30 27 20 8 8 23 19 29 21 22 29 24 19 3 26 6 1 12 22 6 13 23 29 
0 2 29
14 16 10
14 16 12
8 10 13
16 17 20
23 2 14
23 2 1
20 23 8
3 6 18
9 11 26
10 11 28
15 16 12
1 4 28
19 20 8
17 19 10
0 0 12
14 16 21
8 11 28
15 18 25
0 2 21
3 6 1
13 16 8
15 15 20
14 16 24
3 6 24
8 9 6
18 20 10
18 20 28
16 17 24
15 17 16
9 12 30
11 13 29
4 6 28
15 16 12
0 3 16
14 15 12
2 5 22
2 5 14
7 9 11
15 17 24
6 7 12
14 15 25
14 17 27
16 17 22
21 22 19
17 20 7
7 10 8
6 9 12
6 7 5
23 1 21
11 14 27
9 11 11
11 13 4
14 17 24
3 5 1
4 6 19
18 20 17
20 21 26
21 0 23
22 3 18
12 14 13
18 20 21
18 19 15
5 4 12
15 16 16
12 15 14
3 4 22
18 19 12
14 17 28
15 19 4
22 0 4
20 22 11
17 18 3
5 8 18
18 21 24
1 4 29
22 2 18
16 19 24
2 4 4
14 16 28
9 11 7
10 14 28
14 16 26
7 9 29
1 3 4
4 5 20
21 23 28
18 20 3
8 10 22
8 12 4
11 12 22
16 17 17
3 4 15
19 21 5
4 6 26
6 9 22
6 10 18
6 8 6
10 13 29
15 17 22
4 8 25
22 0 3
17 20 17
20 22 4
18 20 4
11 12 20
6 8 11
14 15 7
23 0 19
0 2 10
12 14 21
10 13 9
9 10 1
4 6 3
6 9 10
2 4 10
20 22 24
4 5 20
4 5 12
0 3 26
23 1 4
15 16 22
5 7 24
17 19 2
14 14 21
9 12 26
3 4 11
3 5 18
19 21 3
1 5 22
1 2 17
2 4 6
16 18 12
13 16 30
15 16 18
21 0 30
19 20 30
4 8 27
3 4 29
1 2 4
0 2 17
22 0 9
19 20 18
17 19 26
22 0 30
15 15 4
18 20 21
14 17 3
5 7 18
1 5 5
6 8 20
5 8 3
9 11 9
3 6 17
6 8 27
6 9 3
23 2 29
5 8 29
19 21 6
6 8 18
7 8 16
19 21 18
17 19 3
11 13 26
23 2 4
8 9 19
15 17 23
20 21 30
23 1 29
12 14 22
22 23 30
18 21 22
0 1 2
11 13 29
12 15 8
7 9 12
11 12 24
4 7 17
8 11 11
5 6 19
13 15 28
6 8 5
14 15 7
8 11 22
2 5 20
2 6 17
1 4 18
8 10 27
8 12 27
16 18 22
8 11 10
9 10 3
10 13 21
16 17 4
9 12 17
23 2 7
15 17 16
4 6 29
7 7 24
4 7 16
2 4 14
20 0 3
13 14 9
21 0 21
13 16 15
4 7 30
16 19 24
19 22 30
16 17 13
19 23 27
0 2 8
14 16 13
5 6 20
14 16 20
17 19 1
17 20 10
10 14 10
10 12 18
5 6 5
20 0 11
17 20 23
15 16 19
20 21 18
6 8 4
18 20 4
5 7 6
19 19 2
0 1 9
21 23 7
16 18 30
12 14 14
22 0 27
21 0 27
11 13 14
1 2 30
21 22 27
4 4 11
21 22 10
4 6 21
1 3 11
2 2 15
21 0 27
9 11 2
9 12 6
14 14 14
6 7 21
23 23 8
15 17 19
21 0 23
15 16 17
1 3 24
22 23 7
9 11 18
0 3 5
18 20 18
8 9 26
8 10 7
17 19 2
6 9 18
10 12 22
15 19 23
0 4 19
8 9 12
17 18 28
21 22 3
20 23 14
12 14 30
18 21 29
8 11 12
0 2 8
22 23 3
16 17 5
19 21 10
22 2 11
21 1 5
9 10 4
19 20 20
10 14 2
17 20 3
14 16 4
12 14 2
11 14 19
18 19 21
23 0 29
0 2 11
8 10 23
8 11 23
11 14 15
14 16 29
16 18 26
14 17 24
4 5 28
4 6 30
22 0 2
10 11 10
17 20 9
15 18 1
20 22 1
19 22 3
12 14 6
5 7 1
5 7 1
10 10 12
13 14 27
4 6 23
7 8 22
2 3 9
2 5 25
14 15 21
22 22 15
13 14 16
3 7 16
8 10 12
14 15 12
14 17 17
10 13 11
13 16 24
15 16 18
9 11 30
15 17 26
13 15 30
1 2 13
13 14 30
6 8 17
3 6 1
2 3 30
7 10 13
13 15 1
23 4 15
22 1 15
14 16 23
12 14 19
22 23 11
9 12 22
23 2 15
10 11 14
14 15 3
9 12 7
13 15 28
9 11 24
5 7 16
23 0 6
16 19 3
19 21 2
8 10 10
3 5 23
16 17 22
15 18 29
11 16 16
4 6 19
10 12 24
10 13 10
9 13 10
2 4 15
7 12 20
0 2 1
5 8 10
9 12 10
9 12 13
16 18 24
9 10 15
7 9 13
12 13 4
15 16 21
19 19 14
18 20 25
2 4 17
0 2 2
4 5 25
2 5 8
19 20 3
2 4 2
8 10 17
5 7 8
14 14 26
4 7 29
16 17 7
9 11 7
7 9 11
2 4 15
15 15 13
3 4 3
4 6 9
18 19 15
0 4 23
4 6 4
22 23 15
20 21 17
15 16 3
19 20 21
17 18 22
3 4 25
0 1 20
10 12 15
16 19 6
4 7 11
13 14 5
5 7 12
0 2 26
9 11 7
