4060 30
10 2 14 15 19 23 16 12 4 11 3 9 22 16 5 27 21 29 23 13 29 22 16 30 1 13 29 19 14 8 
8 10 14
15 17 25
15 17 26
11 12 16
3 4 23
14 16 10
18 20 18
3 5 26
15 18 19
7 10 18
20 20 24
13 14 17
5 8 17
0 1 23
8 11 16
15 17 13
2 5 22
2 4 4
4 7 11
4 7 28
12 12 7
6 7 2
0 3 26
1 3 18
23 1 9
20 0 3
6 7 15
3 5 24
9 10 2
5 7 21
18 18 16
8 8 16
7 10 18
0 3 4
1 3 14
18 21 21
16 21 21
18 20 27
10 11 5
3 4 10
17 19 4
8 10 4
7 10 3
11 12 28
4 6 9
1 3 9
20 21 13
10 13 28
8 8 23
20 23 5
1 4 9
18 18 3
1 3 11
7 9 27
23 0 6
7 7 11
18 19 25
21 23 19
6 8 25
5 7 16
4 6 10
10 12 24
19 20 29
20 22 17
17 18 22
23 0 11
6 8 17
13 16 20
6 7 24
2 4 8
5 9 15
17 19 20
18 20 13
10 14 11
11 12 16
23 2 29
7 8 29
14 17 15
10 14 6
2 3 13
1 5 18
12 15 14
6 8 6
22 2 13
22 23 15
18 19 30
10 13 30
13 14 16
5 7 15
23 3 2
17 18 2
6 7 2
14 16 12
6 8 16
18 19 13
20 23 13
8 9 20
13 15 24
12 14 16
3 4 11
3 6 25
19 20 6
6 9 20
12 15 30
20 22 22
23 0 27
15 17 1
2 5 7
10 9 14
0 3 9
8 10 23
9 12 6
11 11 28
15 17 28
2 4 22
2 8 2
18 21 22
8 9 23
13 15 30
20 22 2
20 23 1
15 18 11
14 16 5
7 10 21
14 16 7
19 21 21
11 13 13
23 2 7
22 23 28
10 13 30
19 19 1
23 0 7
11 12 19
18 20 5
0 2 10
6 7 28
22 0 19
16 17 2
3 6 21
8 10 20
6 7 22
5 8 23
22 0 20
5 7 7
2 4 17
11 14 19
0 2 16
11 14 4
9 10 14
0 2 10
16 19 4
10 11 10
15 16 7
7 9 26
3 5 15
0 1 28
20 22 20
2 4 30
18 20 16
16 18 1
19 21 27
21 1 24
10 11 4
22 2 2
23 1 10
21 1 30
2 5 27
0 2 17
11 14 28
20 22 3
20 22 29
10 12 15
12 15 4
9 10 15
12 13 17
19 20 24
5 5 29
8 12 8
8 12 25
4 5 14
7 7 5
5 8 10
21 23 13
22 0 13
16 17 28
20 21 23
15 16 15
22 1 6
12 14 19
5 8 8
8 10 21
22 1 20
10 12 22
4 9 7
11 13 14
4 7 24
4 7 10
22 23 25
7 10 3
2 4 26
16 18 17
16 18 1
18 20 3
14 18 2
2 1 14
4 9 30
9 12 14
8 10 18
18 20 17
1 2 3
19 21 23
0 1 2
19 21 16
0 2 5
12 15 13
7 10 28
10 14 28
15 16 14
2 3 27
18 20 16
9 12 13
13 15 18
11 12 30
12 15 30
6 7 7
23 0 6
9 12 29
7 9 22
16 17 15
20 22 27
4 6 19
0 4 12
12 12 30
0 3 1
23 2 21
4 6 29
21 21 12
13 15 27
7 8 16
23 2 7
1 2 18
13 14 9
6 8 9
20 23 27
11 15 26
18 19 14
3 4 21
11 13 19
12 14 2
19 20 28
21 21 1
14 17 21
19 21 19
16 18 15
18 19 30
16 16 20
8 10 23
11 12 14
23 3 10
13 15 28
10 12 28
4 7 2
1 6 25
1 2 1
3 4 17
1 4 13
21 23 3
6 8 1
0 2 17
12 13 4
17 19 14
12 13 4
6 8 17
7 9 1
17 19 18
4 5 7
5 8 8
17 19 22
3 5 16
11 15 12
1 2 18
8 10 26
0 2 20
0 2 8
3 4 7
0 2 23
3 5 2
21 0 16
13 16 3
18 19 6
22 0 8
1 4 30
13 14 7
20 21 24
6 7 14
12 15 10
14 17 6
18 21 22
11 13 3
4 5 20
3 4 11
22 23 3
20 22 11
22 0 4
21 0 28
23 23 22
21 22 20
12 14 16
4 6 22
12 14 27
18 20 6
17 20 15
8 8 15
17 21 14
5 4 22
5 6 21
13 14 30
15 17 14
20 22 27
21 21 7
12 14 4
11 14 13
16 18 2
22 0 10
2 3 21
23 0 6
16 18 25
22 1 2
12 13 15
18 19 5
17 20 15
22 0 15
20 21 12
21 23 1
12 14 23
11 14 6
6 10 16
14 17 2
23 1 5
13 15 1
18 20 9
11 14 14
22 23 20
10 9 17
12 13 10
8 9 5
3 5 2
8 10 29
4 5 20
15 17 13
20 22 14
16 20 19
6 10 11
3 4 17
22 0 14
2 5 26
7 9 2
12 15 29
13 17 2
23 2 23
14 17 29
9 12 7
4 6 13
5 7 10
12 13 27
12 14 14
21 23 26
0 2 9
22 0 24
4 6 4
0 1 26
2 6 15
13 14 13
6 8 1
19 20 6
19 21 22
0 2 16
3 7 3
0 1 5
20 23 29
6 7 10
17 18 2
6 8 5
17 20 1
9 10 26
0 1 1
18 21 26
17 20 16
5 6 28
10 11 15
9 11 23
8 10 29
16 18 16
7 7 13
23 1 16
12 13 26
18 21 2
3 5 3
13 15 12
4 6 2
11 14 20
14 17 12
14 15 14
5 7 16
17 17 9
8 9 6
2 4 16
15 16 16
16 17 14
21 22 11
22 1 25
16 17 28
12 13 17
17 19 26
22 0 6
3 7 11
22 1 10
22 1 15
12 13 6
20 22 20
20 21 8
8 10 30
1 4 5
1 3 1
14 16 24
12 13 1
8 10 15
11 13 19
2 2 18
2 4 29
16 16 21
10 13 6
23 0 13
10 12 14
11 13 22
3 5 17
19 22 28
21 23 9
22 1 25
3 5 19
12 14 1
13 16 22
4 8 21
19 21 7
19 22 24
0 1 6
17 18 5
11 14 15
11 14 4
10 11 14
18 20 10
15 17 25
20 21 8
2 4 14
14 17 10
20 21 15
1 2 24
18 21 6
17 19 9
5 7 1
21 22 24
17 21 26
2 3 17
19 23 1
10 11 17
15 18 14
7 8 7
11 12 24
20 22 8
17 18 15
0 3 27
16 19 22
18 18 8
8 11 24
17 20 4
3 5 14
10 11 7
2 5 8
2 4 3
3 5 3
16 19 30
4 5 1
6 8 3
16 17 9
14 16 15
17 16 22
13 16 26
5 7 17
16 18 8
10 11 3
14 17 14
1 2 21
18 21 8
1 5 24
12 16 14
15 16 20
19 22 27
15 18 27
21 21 24
16 20 5
1 3 17
6 8 22
13 14 2
11 12 15
23 1 1
8 9 23
13 16 29
1 4 17
12 15 20
11 11 5
15 18 30
1 5 18
6 8 3
3 4 30
2 4 14
10 12 15
18 20 22
1 4 29
6 8 4
6 7 25
13 15 28
20 23 10
7 9 19
19 21 25
21 23 18
20 20 25
12 13 28
2 7 19
4 6 26
3 5 9
5 6 5
22 23 14
6 7 4
5 6 16
7 10 20
13 15 14
16 18 9
21 0 14
20 22 22
2 5 8
21 21 1
13 15 10
7 8 8
21 2 30
7 10 7
14 16 30
6 9 3
7 9 27
4 7 21
21 22 22
11 13 8
10 13 22
1 3 19
2 4 22
17 19 2
21 22 21
2 5 9
1 3 14
6 8 27
6 7 23
3 5 24
20 20 10
12 14 30
0 3 6
19 22 28
4 6 20
0 1 22
3 4 25
23 2 22
0 2 25
3 4 5
7 8 26
10 9 15
19 22 17
5 6 18
17 18 6
3 6 25
22 23 29
1 2 17
7 8 20
14 17 4
0 1 6
1 1 14
17 19 30
23 2 26
14 16 10
6 8 9
11 13 16
13 13 23
8 11 30
5 9 17
10 12 23
0 3 27
3 3 17
16 19 6
4 7 27
5 8 3
5 7 7
17 18 19
13 15 3
7 11 19
19 22 22
13 15 29
0 2 13
11 13 18
16 18 30
20 21 30
17 19 9
17 19 10
10 12 22
1 3 25
1 3 17
8 11 25
11 12 6
2 3 24
5 8 24
19 22 9
20 23 16
16 18 26
12 15 10
4 7 22
23 3 18
19 21 1
17 18 17
11 12 11
4 6 25
14 16 14
0 2 5
23 0 23
22 0 17
16 17 28
2 4 5
10 13 11
19 18 29
0 3 4
16 17 13
1 2 5
6 9 14
13 15 22
20 23 27
4 7 5
20 23 14
9 12 25
3 5 4
16 18 1
12 16 12
19 22 23
17 19 24
20 21 14
9 12 15
15 16 10
22 23 12
12 15 24
16 20 15
5 7 8
20 23 18
0 3 5
23 23 1
16 17 24
22 1 13
19 21 22
1 4 17
7 8 16
8 11 23
19 22 2
23 0 28
1 5 22
16 18 28
13 14 25
12 14 27
7 8 9
22 0 5
3 6 24
2 6 7
0 3 10
18 20 11
21 23 24
14 15 10
14 14 7
20 22 6
21 0 12
22 22 5
12 15 14
8 9 20
10 12 28
8 9 30
5 7 24
22 1 4
1 3 30
23 1 8
0 2 17
22 0 13
23 2 8
22 2 1
4 6 3
2 4 2
13 14 28
19 20 30
21 22 17
0 1 30
6 8 4
14 16 7
19 21 26
15 17 17
17 19 14
21 1 17
1 1 2
16 18 13
18 21 1
16 19 7
5 8 28
0 0 16
18 18 20
1 3 24
13 17 27
0 1 11
2 2 19
10 13 13
16 17 10
19 20 19
2 2 2
22 22 29
3 4 18
13 18 5
4 5 9
13 16 2
12 13 2
9 12 27
7 9 3
8 10 12
7 9 27
20 22 12
22 0 12
11 13 9
1 3 24
23 1 16
11 14 27
22 23 1
18 19 17
2 5 2
22 23 1
2 5 23
16 18 4
11 14 24
0 3 5
23 0 19
21 22 3
7 10 15
5 7 2
1 4 3
1 1 6
21 0 9
23 3 23
3 6 26
19 22 1
0 3 17
1 2 7
6 7 9
5 8 16
21 22 18
11 14 26
13 15 3
19 20 6
8 11 26
2 5 13
8 7 2
16 17 7
14 15 21
0 2 18
0 2 18
10 11 16
12 14 27
13 15 13
22 1 6
9 9 23
10 10 16
2 4 11
4 7 18
20 23 25
15 17 29
22 22 12
7 9 24
16 18 7
9 10 4
3 5 20
0 3 24
7 10 20
1 1 12
11 12 13
5 5 18
8 12 2
9 13 23
23 3 16
14 17 30
23 23 23
13 13 9
18 19 23
11 12 22
17 20 28
22 0 24
19 21 21
12 14 23
16 19 8
12 15 9
12 14 30
5 6 7
19 20 11
7 11 19
3 5 9
22 23 20
6 7 27
11 13 12
6 5 24
11 13 4
18 19 5
21 23 10
21 22 30
1 4 27
0 4 29
14 15 10
0 3 9
23 0 13
6 8 20
6 9 26
2 4 25
1 3 5
16 17 29
19 20 17
1 1 28
21 23 3
22 0 6
21 0 28
21 23 18
5 8 7
2 5 15
22 0 4
2 4 12
3 8 11
2 4 3
16 16 6
8 11 30
11 13 30
7 10 25
22 1 28
17 18 9
15 18 12
3 5 16
22 0 30
23 0 2
12 14 22
6 8 27
10 12 9
23 0 9
12 15 18
18 20 8
23 2 15
0 2 14
5 8 3
0 0 11
11 12 12
10 13 24
0 2 14
11 13 9
9 12 1
12 14 5
23 1 3
2 4 3
6 8 5
7 8 19
7 9 29
17 20 20
8 9 24
20 22 9
7 7 19
23 23 9
0 2 8
8 11 12
6 9 22
8 11 3
23 2 13
19 21 2
0 2 23
9 11 5
14 16 2
19 22 15
13 16 15
9 11 12
17 18 14
22 23 14
11 13 1
10 11 3
8 10 16
15 17 15
21 0 4
0 2 23
13 18 8
17 19 14
10 12 28
2 4 18
10 11 18
16 20 21
4 6 29
8 9 20
8 10 25
22 22 4
2 5 27
13 16 13
19 21 8
3 3 7
8 10 24
7 9 14
12 14 1
22 1 2
12 15 24
17 19 26
6 7 16
19 22 1
2 5 22
3 6 14
5 6 27
6 7 21
11 12 9
1 3 21
9 11 20
8 11 20
13 13 30
3 6 19
10 13 8
8 11 24
3 5 19
3 4 29
20 22 2
21 23 2
3 6 21
8 9 4
8 11 9
10 11 26
7 8 24
13 14 6
13 15 30
14 15 24
7 10 14
21 23 24
15 17 27
17 18 14
11 14 4
5 7 17
12 14 25
23 1 1
10 11 21
7 9 7
15 14 28
22 23 6
23 1 7
23 1 28
3 5 30
22 0 7
23 0 26
10 12 22
12 14 13
19 22 26
0 3 16
8 8 10
4 5 24
17 19 13
6 7 8
20 21 4
19 20 26
23 1 10
1 4 30
18 21 2
19 21 29
6 9 25
17 19 23
20 23 3
23 2 12
19 23 13
0 4 2
22 1 11
2 4 23
13 16 8
19 18 14
7 9 8
14 17 6
4 6 27
4 7 12
1 4 20
17 19 15
10 14 27
18 18 22
13 14 20
21 1 18
21 22 9
1 2 14
5 6 6
3 6 21
23 0 5
20 22 4
12 13 1
12 13 12
11 14 20
14 15 9
14 16 22
2 5 1
8 10 2
20 21 30
5 6 20
2 5 4
23 2 18
10 11 4
1 3 7
15 18 10
6 8 9
19 20 14
16 17 2
1 3 22
1 3 3
18 21 30
6 7 12
2 4 11
12 13 10
18 19 23
14 18 25
20 22 7
21 0 24
19 20 22
14 16 24
22 0 27
19 21 26
22 1 26
9 11 25
16 18 16
21 0 25
15 19 13
22 23 25
21 22 6
19 20 20
3 4 29
22 0 3
14 16 30
3 6 22
12 13 22
11 14 25
16 20 9
21 23 1
20 22 17
14 16 22
1 3 9
5 7 15
17 18 27
21 0 19
0 2 9
5 7 30
20 22 8
23 2 25
15 18 13
7 10 26
6 7 17
17 18 29
16 19 14
16 17 27
17 19 24
15 18 15
21 23 13
0 3 26
3 6 22
7 9 13
17 19 14
23 0 11
8 10 13
4 7 2
22 0 29
21 1 9
0 2 16
8 10 21
10 12 13
0 3 11
9 10 3
4 7 16
20 23 5
18 19 22
6 8 20
19 21 5
15 16 3
15 18 2
13 14 18
8 9 30
2 4 14
8 10 3
12 15 28
10 13 19
21 0 16
21 23 26
13 14 29
9 11 30
14 15 6
13 15 3
5 6 12
9 11 14
9 10 1
14 14 25
20 23 15
8 8 19
14 17 24
20 23 25
1 5 28
14 17 7
3 7 16
6 8 9
19 20 17
10 13 7
23 1 28
2 2 2
11 13 18
1 3 24
9 12 21
12 14 28
0 3 6
5 7 17
21 23 25
7 9 28
2 3 22
13 14 18
15 16 7
23 0 6
11 12 12
5 7 19
23 0 21
5 6 3
7 12 10
14 16 9
17 19 1
21 21 15
7 9 24
23 0 16
12 14 16
10 11 25
11 13 28
7 10 18
11 12 8
11 14 26
9 12 30
2 4 5
22 1 20
11 12 26
11 14 17
13 17 11
13 16 18
17 18 28
20 21 6
21 22 5
18 19 4
21 1 28
8 11 11
16 19 4
6 9 25
17 20 7
23 1 9
15 16 29
6 10 17
5 7 27
22 1 10
6 9 21
12 16 22
2 3 8
18 19 7
21 23 25
7 11 2
10 12 15
21 23 24
23 23 5
22 22 20
6 8 4
14 19 22
13 14 15
7 10 8
23 0 3
15 17 6
13 18 20
16 18 25
23 2 8
14 15 22
21 23 17
8 11 19
23 0 18
0 2 21
5 6 26
21 23 7
3 5 20
0 1 17
14 14 8
15 17 8
18 19 9
9 12 2
12 15 3
4 6 18
16 17 26
19 21 7
23 2 24
16 18 12
4 6 28
5 10 29
0 4 26
12 13 17
2 4 25
20 21 17
8 11 17
22 22 22
22 1 3
22 22 3
12 12 4
13 15 12
17 20 15
9 12 20
23 1 26
6 7 12
22 0 7
9 12 23
14 17 3
17 18 25
2 4 7
23 0 27
18 20 5
7 10 3
23 2 15
20 21 17
6 10 1
10 12 10
6 8 11
11 14 14
0 3 2
15 16 9
15 17 23
21 2 7
3 5 3
13 14 13
10 12 14
10 11 9
16 19 17
2 4 16
21 23 10
2 2 23
4 6 29
11 13 4
13 15 24
6 8 3
8 9 10
16 18 23
13 14 9
18 19 24
0 2 30
10 13 29
15 18 27
6 8 21
6 8 25
13 14 6
9 12 25
5 6 26
1 4 17
23 3 17
14 15 12
9 10 24
12 14 22
18 22 3
17 20 26
11 13 1
3 5 6
0 2 29
23 0 17
8 12 12
15 17 8
21 23 14
0 2 12
8 11 1
9 9 3
4 5 8
0 2 6
6 7 17
20 22 26
23 1 18
17 19 10
14 16 9
13 16 23
11 13 27
11 13 25
15 17 10
23 1 17
22 1 10
5 10 6
16 20 20
13 14 17
9 12 23
19 21 14
11 14 15
1 3 5
20 23 14
20 23 18
1 3 23
1 3 7
22 1 18
11 11 22
17 18 15
7 10 18
23 0 14
6 8 16
16 18 17
7 10 13
1 4 14
16 19 3
21 23 22
2 6 25
23 2 9
22 23 5
5 7 27
16 18 3
4 7 13
15 16 21
2 3 14
16 17 24
14 18 24
6 7 14
3 6 11
18 20 15
0 3 3
19 20 4
8 11 7
19 21 4
23 0 3
22 0 8
13 16 24
10 11 21
23 0 25
17 17 3
2 5 8
17 21 18
13 16 13
18 19 25
9 12 18
19 21 9
23 2 17
10 13 20
11 12 2
16 17 29
5 8 23
9 12 2
3 3 7
17 18 27
6 8 13
21 22 18
1 4 13
13 16 16
23 3 28
10 13 6
12 13 14
3 6 2
9 12 4
4 7 3
12 14 1
19 21 5
12 14 7
2 4 6
19 20 20
20 23 8
18 22 29
11 12 19
21 23 21
10 12 16
23 23 27
11 14 23
20 22 14
12 16 6
11 15 25
17 18 15
7 10 25
1 5 12
13 15 17
18 21 18
0 4 4
12 14 20
9 11 28
19 21 8
15 17 3
3 6 21
3 4 15
23 2 14
0 3 5
5 5 3
0 4 20
3 5 8
7 8 2
16 16 8
0 3 8
4 6 18
8 11 30
23 1 14
8 9 2
13 16 13
17 20 13
8 10 4
21 23 1
18 21 19
18 20 9
20 22 8
9 9 11
13 16 22
9 10 2
11 13 4
19 23 9
5 7 10
9 10 18
3 4 30
11 13 17
5 7 3
10 10 5
2 4 30
18 19 27
6 9 8
3 6 10
20 22 19
23 1 29
11 14 16
8 11 17
10 13 20
7 8 7
15 15 30
14 16 5
19 20 4
16 18 24
12 14 7
22 23 17
8 10 25
9 12 30
23 23 14
21 0 26
22 22 20
20 22 6
6 7 28
22 0 9
2 4 22
20 21 17
8 9 11
6 7 12
19 21 10
15 16 6
4 6 3
18 19 29
4 8 10
13 17 24
13 15 26
13 14 7
14 18 13
8 11 28
1 1 21
22 23 22
17 18 4
1 1 25
2 6 7
21 23 25
12 13 25
9 11 30
22 23 17
4 5 22
3 5 29
23 23 25
15 17 13
6 8 19
0 3 9
18 19 5
18 19 15
21 0 24
14 17 1
20 22 25
17 20 10
9 11 25
1 2 28
8 9 20
14 15 29
1 3 9
16 17 12
0 2 8
22 23 9
9 10 19
3 6 9
17 19 28
5 8 1
23 2 11
13 14 21
14 17 19
22 0 27
19 22 18
13 15 3
22 1 15
20 23 9
14 17 24
17 17 24
12 15 28
10 12 5
0 2 24
14 16 19
4 6 3
7 8 7
5 8 9
15 17 20
12 13 8
4 7 28
1 3 4
0 3 3
14 15 5
12 12 1
4 6 15
0 0 25
14 15 6
13 15 19
11 13 24
17 20 1
7 10 12
15 16 25
9 12 9
22 0 24
23 0 11
13 17 21
11 12 4
4 7 12
3 6 23
16 19 6
9 11 2
14 17 27
13 16 22
23 1 2
3 6 9
12 15 18
0 2 23
4 5 23
3 6 22
9 10 29
23 2 19
13 15 4
10 13 5
3 6 9
2 5 18
22 2 4
7 10 21
3 6 7
1 1 21
3 4 19
23 1 29
12 14 1
1 2 11
22 23 25
13 15 2
17 18 8
5 7 16
22 0 5
20 22 15
17 18 2
0 2 24
6 9 8
6 6 25
4 7 2
0 -1 30
17 19 23
14 16 19
6 9 22
22 23 17
20 22 11
8 11 24
11 14 25
22 0 12
2 2 26
1 4 28
8 11 4
19 21 8
3 5 23
10 11 1
20 0 23
16 18 12
4 7 9
13 14 16
6 9 21
8 12 15
6 9 13
10 12 9
6 8 6
2 4 3
19 19 1
5 6 12
2 5 5
1 2 18
7 10 25
7 8 12
7 10 9
21 22 8
13 16 29
2 5 17
23 0 20
15 17 18
9 11 30
23 1 1
17 18 24
10 11 23
22 23 12
17 19 1
3 5 9
19 20 22
2 5 11
21 22 7
9 11 25
11 14 1
5 7 9
4 6 1
6 8 14
4 6 19
6 10 4
12 15 13
16 20 4
23 3 11
3 5 27
19 20 10
20 22 21
14 17 13
8 9 30
13 15 4
23 0 19
12 15 9
6 10 28
13 15 16
13 16 6
19 19 11
5 7 15
0 2 9
2 5 9
8 10 25
23 3 11
4 6 20
4 6 11
10 12 26
20 23 30
21 23 8
23 0 25
11 13 22
6 10 6
20 22 15
6 9 2
5 8 7
16 19 29
16 16 7
9 10 30
4 6 24
3 5 3
7 8 23
9 11 3
8 9 9
10 14 24
4 6 8
14 19 11
10 12 30
18 20 27
18 20 17
22 0 26
7 9 23
16 18 30
15 17 9
4 5 12
14 15 14
3 6 14
22 0 23
22 0 13
18 18 27
20 22 17
16 19 9
0 2 28
14 19 14
21 21 14
19 21 21
3 5 1
16 18 9
9 13 19
0 1 27
22 0 30
9 11 13
2 2 21
23 2 25
17 19 13
6 9 17
4 6 9
4 6 1
21 21 30
18 20 23
8 9 20
22 22 30
3 5 7
16 19 8
19 21 28
1 5 20
7 10 30
22 0 3
6 6 17
21 23 26
23 3 18
1 0 16
16 18 9
18 20 18
23 0 17
0 1 20
19 19 12
1 4 16
9 12 24
12 15 7
5 6 11
7 10 21
21 22 10
8 9 7
10 12 26
19 20 21
16 19 25
1 2 14
18 22 13
2 5 22
18 19 23
0 2 2
7 9 30
20 23 23
2 4 29
6 9 15
6 8 9
6 7 9
2 4 28
16 17 20
21 22 25
14 18 25
21 22 22
8 9 4
4 6 2
6 8 9
21 23 7
11 13 27
16 17 30
10 10 15
17 18 1
16 18 21
9 12 11
17 19 10
7 10 25
4 5 28
3 4 9
5 8 6
1 4 27
13 13 3
8 10 11
17 19 7
15 17 5
10 12 10
7 7 23
3 5 27
17 19 4
19 19 17
23 0 24
10 12 4
17 18 13
0 2 23
1 3 8
13 14 23
16 18 19
13 14 24
1 3 9
7 7 17
16 17 30
9 12 15
15 16 23
2 3 3
21 23 26
11 12 7
8 10 14
3 5 1
4 7 29
19 21 13
5 6 6
3 3 1
12 17 18
18 22 6
4 4 26
9 12 8
14 17 15
16 19 11
21 20 22
12 14 18
7 9 12
18 20 1
20 21 2
12 14 9
7 9 23
14 16 18
20 23 8
14 16 18
15 16 26
14 18 15
15 16 7
16 17 29
14 16 22
3 4 24
7 10 1
0 0 2
3 4 26
21 23 10
5 7 5
0 4 9
20 22 12
16 18 12
10 12 7
16 18 13
12 14 6
21 23 2
1 4 3
12 13 13
12 16 21
15 17 4
16 18 12
18 20 22
14 16 7
2 6 26
16 20 11
14 17 3
16 17 22
14 14 4
6 8 1
7 8 25
1 3 15
13 16 11
15 17 2
10 12 10
10 12 8
20 21 8
19 21 17
9 12 15
15 16 1
12 15 6
4 6 3
17 19 7
17 19 23
11 13 27
2 5 19
18 18 4
11 14 20
2 4 2
15 17 28
23 2 22
17 17 26
21 0 19
20 22 30
3 5 17
2 2 27
3 5 10
14 16 19
20 21 25
12 15 16
5 7 14
19 20 7
4 6 30
5 8 23
18 19 20
18 20 15
12 14 21
4 7 6
20 23 20
11 15 21
14 15 19
23 2 26
10 13 14
19 21 16
22 0 22
5 3 6
23 1 17
23 0 14
10 12 30
2 3 17
13 14 5
3 3 12
8 10 10
8 11 13
9 12 13
6 8 20
8 12 24
18 19 18
17 17 3
12 13 6
19 22 13
12 18 20
15 19 26
20 23 5
23 1 17
3 5 16
7 8 16
4 5 8
9 11 3
9 12 18
19 21 30
7 10 20
23 3 12
17 20 8
5 7 27
4 6 30
23 1 27
17 19 27
5 8 30
22 1 5
10 12 10
17 18 14
20 21 18
14 14 21
22 23 21
4 6 13
19 21 1
21 23 22
5 7 21
8 10 28
20 22 20
8 11 20
21 22 19
6 7 7
11 14 5
1 2 10
12 14 13
19 22 24
23 0 22
10 12 12
3 6 1
14 16 15
4 5 4
19 23 3
15 17 13
12 12 5
19 18 1
19 21 19
0 6 7
13 15 13
19 19 11
17 19 13
0 3 30
21 0 11
22 0 11
0 2 22
18 21 8
15 18 27
0 1 1
10 12 3
11 14 10
6 8 2
8 10 29
14 17 27
19 21 28
23 2 25
14 14 2
15 16 29
8 8 10
15 15 26
1 3 25
20 20 16
11 14 12
3 4 25
16 19 14
3 5 23
3 4 30
19 21 10
13 15 9
20 0 2
21 22 21
14 17 9
7 9 24
14 15 18
7 9 27
10 12 12
8 11 10
9 12 12
11 14 19
22 23 7
2 4 25
14 15 6
22 1 2
7 8 25
4 8 15
13 15 21
8 10 25
6 8 13
19 21 10
23 1 23
13 14 28
5 7 1
4 6 15
22 0 20
10 12 28
13 18 6
6 9 28
17 18 10
14 16 12
3 6 22
6 7 27
22 0 18
13 15 4
5 7 12
7 9 25
5 8 18
9 10 1
19 20 4
14 17 1
7 8 8
0 3 20
20 23 22
22 23 19
2 4 29
13 15 5
5 6 20
1 2 21
2 4 1
16 17 9
0 4 13
7 9 30
8 9 27
16 19 5
6 8 9
2 3 2
14 16 3
7 8 8
19 22 1
23 2 5
18 21 20
23 23 11
5 9 24
1 3 3
20 22 20
19 21 30
7 9 24
4 8 29
19 21 10
23 3 14
6 10 17
4 4 28
1 5 11
2 5 1
10 14 19
18 21 20
4 6 19
8 10 21
5 6 16
16 18 28
7 9 2
15 18 11
7 10 29
8 9 17
14 16 19
2 3 14
11 13 21
5 8 1
12 15 14
5 6 27
12 13 23
11 13 24
8 9 21
15 16 28
10 14 10
0 2 16
5 7 30
0 2 7
5 9 5
6 10 7
15 16 7
14 15 25
16 18 17
5 9 8
19 20 25
12 15 30
6 8 17
1 4 17
17 20 5
17 20 24
12 14 4
14 15 8
0 2 9
16 16 22
10 11 19
16 17 22
8 10 14
22 0 14
16 18 6
22 22 3
5 9 30
20 0 6
5 8 20
10 11 13
14 16 19
8 12 14
8 9 8
21 23 25
21 23 11
16 19 4
14 14 17
9 9 24
12 13 16
7 9 24
14 15 2
8 10 24
18 21 6
14 15 22
1 4 11
20 23 26
8 8 24
7 9 4
8 11 27
17 21 29
5 8 28
14 17 4
2 4 20
16 20 23
18 21 19
10 13 8
5 8 28
10 13 2
2 4 21
5 8 30
7 10 30
2 5 21
22 2 5
1 1 18
10 11 17
6 9 17
12 16 4
15 16 12
1 3 2
3 5 12
9 10 20
8 10 24
3 6 13
21 23 5
19 22 15
21 22 6
11 13 10
21 23 11
2 5 8
0 2 6
13 15 16
22 0 2
8 9 14
1 3 12
12 13 13
14 15 5
8 10 6
5 6 19
6 9 17
10 12 3
18 19 13
6 7 30
15 15 2
1 4 7
3 6 12
16 18 17
14 17 22
19 20 12
8 9 30
13 14 12
19 21 29
3 5 20
14 17 28
5 8 30
12 13 15
3 5 23
18 20 12
8 9 21
2 5 3
3 4 1
19 21 6
9 12 1
13 16 1
0 2 16
17 21 17
0 0 2
2 2 22
14 16 3
13 18 14
16 20 7
13 16 27
7 9 23
21 0 12
20 22 9
3 6 21
13 16 7
18 21 25
17 19 27
22 1 7
1 4 2
19 21 4
23 0 4
16 19 26
0 3 30
19 21 13
17 19 7
9 10 22
21 0 30
3 5 1
1 1 17
1 2 19
5 9 30
20 21 16
19 22 20
18 19 1
2 4 5
6 7 24
17 19 26
12 14 25
1 2 15
3 4 29
8 10 7
2 4 1
0 2 11
17 19 4
13 16 8
11 13 26
22 1 4
12 15 22
16 18 7
17 19 20
15 17 6
20 20 27
6 7 2
11 13 25
2 3 6
17 19 25
15 17 2
19 21 16
2 4 15
0 1 12
6 8 29
18 21 1
17 18 13
3 4 9
16 18 11
5 8 24
2 4 30
23 2 5
11 13 4
9 11 6
15 16 8
5 7 3
6 8 14
6 9 23
14 15 8
22 23 16
19 20 12
12 14 4
17 19 7
2 4 14
11 13 25
14 16 10
1 3 25
17 21 2
15 17 23
7 8 1
2 3 17
4 5 8
23 23 25
1 0 21
2 5 8
5 7 17
7 8 30
19 21 3
14 15 5
17 18 12
12 15 17
22 0 19
2 4 22
2 2 15
21 22 23
0 2 10
4 5 17
12 15 4
12 14 28
7 7 11
0 1 15
4 7 7
2 4 14
4 6 30
7 10 16
11 13 11
19 22 20
6 7 21
23 23 22
14 17 7
12 14 22
6 6 5
18 22 30
0 5 22
0 2 20
21 22 10
6 7 7
16 18 22
4 7 28
4 6 11
18 20 28
14 17 20
21 22 4
17 20 5
21 23 17
10 12 9
0 1 20
11 12 3
9 13 17
3 4 11
0 3 6
14 17 12
5 7 24
15 16 22
1 3 14
23 23 10
4 6 7
20 22 18
11 15 13
11 15 12
16 18 23
6 8 27
11 13 27
20 0 28
23 0 30
22 2 30
7 8 8
15 17 26
14 16 30
16 18 6
23 2 23
17 19 6
6 8 3
19 22 20
8 11 18
6 8 20
14 16 4
21 1 8
1 2 1
0 2 18
4 7 23
16 18 9
7 10 6
22 1 10
20 22 19
18 20 22
11 13 24
13 16 10
4 7 29
14 15 27
4 5 20
11 12 15
21 0 8
11 12 5
9 13 29
19 21 23
13 15 29
5 8 12
9 12 4
18 20 9
14 17 5
4 6 2
12 14 27
6 8 5
15 17 21
7 7 4
14 15 18
10 12 25
22 1 9
14 18 16
4 7 27
0 2 4
23 23 10
21 22 7
1 4 17
16 18 24
17 18 18
8 10 14
8 12 2
6 9 6
13 15 8
3 7 2
20 23 1
19 20 16
19 22 4
1 4 30
22 0 12
19 20 26
11 15 9
7 10 7
23 0 14
14 17 19
10 11 8
6 7 9
18 20 14
20 22 20
2 4 15
22 23 7
8 9 20
16 18 16
12 14 2
2 5 8
8 10 20
16 17 6
8 12 23
10 12 9
2 3 30
20 0 19
4 5 13
15 17 30
22 1 18
14 15 24
5 6 5
13 14 7
5 7 22
7 9 11
10 11 10
14 16 28
20 22 29
4 6 27
22 22 4
15 16 16
14 15 6
21 23 26
14 16 26
10 11 29
0 2 4
9 11 23
21 21 23
2 5 11
7 9 23
4 5 10
11 12 22
11 14 18
6 9 2
1 4 23
4 4 14
3 7 10
10 13 21
20 22 18
15 17 16
0 2 28
7 11 5
23 2 26
0 2 20
19 20 25
22 0 12
17 19 22
22 0 12
18 20 23
23 1 19
7 10 29
7 9 11
15 19 8
11 12 4
10 11 24
10 11 4
6 7 18
4 7 7
1 2 22
20 23 17
12 14 14
11 12 16
3 5 27
22 0 28
17 16 16
1 3 1
2 5 21
22 22 3
12 13 20
18 20 23
4 6 11
10 13 3
20 22 25
18 20 29
14 16 23
2 5 16
4 5 28
4 6 20
18 21 22
11 15 17
8 12 20
17 19 4
23 2 9
5 8 8
5 9 9
17 20 11
8 11 1
16 18 21
9 10 29
8 11 30
1 1 9
0 2 16
9 10 8
7 9 1
23 0 9
0 2 5
3 5 3
21 23 26
20 22 17
7 10 8
6 9 30
23 0 23
3 3 2
21 22 17
19 20 26
11 13 7
7 8 10
22 23 24
16 16 1
17 19 17
18 18 26
21 23 24
4 8 15
10 12 9
9 11 21
1 3 28
2 3 25
14 15 9
5 6 25
2 4 24
18 19 18
4 4 21
14 16 23
6 8 19
8 10 1
0 2 11
3 4 2
17 19 19
5 7 13
6 9 11
9 11 15
11 13 8
20 23 6
0 4 30
4 6 26
18 22 13
7 7 23
7 11 2
8 11 2
10 13 7
17 17 24
15 18 13
19 22 16
23 0 16
18 20 17
10 11 19
12 14 6
4 7 21
0 2 5
7 9 8
12 15 25
9 10 28
3 6 8
12 14 10
22 0 5
1 2 30
9 12 21
18 20 19
4 6 9
2 5 9
8 11 2
19 20 9
7 9 11
19 20 17
7 9 20
8 9 16
10 13 30
13 16 24
18 21 12
7 7 27
1 3 13
8 11 3
11 15 3
16 20 3
4 7 24
18 21 9
17 17 1
7 11 6
11 11 18
11 14 11
17 19 11
16 18 3
8 12 5
21 23 18
21 23 12
10 11 22
8 9 28
3 6 16
0 0 18
23 2 8
7 9 22
23 1 27
2 3 3
21 0 20
6 9 4
20 22 19
20 21 5
9 11 25
12 14 28
0 3 17
16 19 21
5 8 16
4 4 29
12 15 2
23 3 26
17 20 26
23 1 2
20 23 11
11 13 28
11 13 21
14 16 11
17 20 16
2 6 1
8 10 10
11 13 19
23 1 6
1 3 18
7 8 1
10 11 9
11 13 14
16 19 20
11 15 24
6 6 13
0 1 25
15 16 9
21 23 30
23 1 10
18 19 1
5 8 24
14 17 2
2 5 1
23 1 22
7 8 12
1 2 5
14 15 22
10 12 17
7 9 17
2 3 7
3 4 13
21 22 13
7 8 3
3 4 12
22 23 17
10 13 15
18 20 11
10 12 21
19 22 1
18 20 24
18 19 5
19 21 5
5 8 6
1 3 1
15 17 19
0 2 6
5 7 10
17 21 17
13 15 11
8 10 25
0 1 10
20 22 16
16 17 30
8 8 7
2 5 29
11 12 28
8 10 20
2 5 16
0 2 20
4 7 4
12 14 5
15 18 20
8 10 10
13 17 6
14 17 6
10 11 17
17 20 9
11 14 12
7 7 6
0 3 16
17 19 17
9 9 23
17 19 24
21 22 26
1 3 24
3 4 22
20 22 14
4 4 13
11 12 15
10 12 9
9 11 4
10 12 15
19 20 22
9 10 8
18 20 21
18 20 28
8 10 14
4 5 20
2 5 2
16 18 19
14 17 15
11 14 5
0 1 28
6 6 16
0 2 14
9 9 8
5 8 5
5 9 29
10 11 14
7 8 24
18 22 14
5 7 2
12 14 3
22 0 17
3 7 2
14 16 15
4 5 30
21 23 12
7 11 4
5 7 11
6 7 26
18 21 24
12 15 22
21 0 29
19 21 11
18 19 30
18 21 15
16 17 7
0 2 1
20 21 10
11 13 25
8 9 20
4 6 30
8 9 22
14 16 6
3 6 14
9 10 29
11 12 28
6 8 13
6 10 26
12 14 27
7 9 3
5 6 21
6 8 19
19 21 5
11 13 29
6 10 2
3 6 17
14 16 16
5 6 3
7 9 23
3 5 30
18 22 4
5 7 25
2 5 26
16 18 21
1 3 11
22 1 22
16 18 6
0 1 29
7 9 11
13 16 30
2 4 9
18 21 20
15 17 12
12 14 10
9 11 27
19 20 29
14 15 24
9 11 30
1 1 22
10 11 18
6 7 16
16 17 23
1 2 7
4 6 5
5 8 29
4 7 25
3 5 18
0 2 30
4 5 14
17 19 28
6 8 6
16 19 7
1 4 14
14 16 28
20 22 5
0 1 4
20 21 23
7 8 30
11 12 5
17 20 14
21 23 23
4 5 10
4 7 18
21 23 30
8 10 26
12 13 9
13 15 14
0 3 2
2 4 25
15 16 20
10 12 24
2 3 12
7 10 6
4 6 6
5 6 8
4 5 3
13 15 5
20 22 26
14 15 7
16 18 29
22 23 14
20 22 20
10 12 7
11 14 10
15 17 7
23 1 30
0 3 10
22 23 28
19 21 21
4 5 5
16 18 5
5 7 10
7 10 29
23 1 23
22 22 13
13 15 18
1 3 21
6 7 13
7 9 11
19 23 23
16 17 17
4 5 18
23 1 1
16 18 9
1 3 18
5 7 27
22 0 28
10 12 11
0 4 24
8 10 3
8 9 26
6 8 23
19 23 18
22 0 3
9 11 24
14 16 21
2 4 23
19 19 9
13 15 17
19 21 15
4 7 10
20 23 25
20 22 6
2 3 27
19 19 30
6 7 10
22 0 18
16 17 5
9 11 16
3 6 12
18 21 23
7 10 14
9 10 15
15 16 5
9 11 12
1 3 9
3 5 6
8 12 4
8 11 9
0 1 29
20 23 21
21 0 12
20 21 23
4 6 12
15 17 19
19 22 19
20 22 3
4 4 29
5 6 11
13 16 23
7 9 26
11 13 30
17 19 26
2 4 25
21 23 20
2 2 14
23 1 4
15 16 14
16 19 6
0 0 23
9 11 10
8 11 16
15 19 5
14 15 12
12 14 16
9 11 15
23 2 20
23 2 27
0 3 5
22 1 4
21 23 11
0 2 29
10 12 4
9 12 18
10 12 8
6 8 4
13 14 1
23 2 2
13 16 10
17 20 11
15 16 8
3 5 13
15 18 18
0 2 3
16 17 9
9 10 19
5 7 3
17 18 2
23 0 15
2 3 8
23 0 11
9 12 13
8 11 23
12 14 2
3 4 6
22 0 21
21 23 12
19 20 6
12 13 11
21 22 27
0 3 16
20 22 9
20 22 27
13 16 27
6 10 14
20 22 24
13 16 10
9 12 18
11 13 16
23 1 2
0 3 2
13 16 10
22 0 8
8 11 6
14 15 6
19 21 30
15 18 11
17 20 3
3 6 28
23 2 3
22 1 14
14 16 1
2 6 20
1 4 18
2 4 12
21 23 4
6 10 24
12 13 30
4 6 3
13 15 15
0 2 12
8 9 10
6 9 17
0 2 21
16 17 23
17 20 2
22 0 2
17 20 15
1 4 25
4 7 17
13 15 14
23 2 16
10 12 23
11 12 1
23 0 6
4 7 9
0 1 18
22 2 4
10 12 21
10 11 22
15 17 11
7 9 9
2 3 21
19 22 6
15 17 27
1 3 24
8 11 21
2 4 13
5 7 25
6 7 8
22 1 24
22 0 23
16 17 4
3 6 29
9 10 25
22 23 19
20 23 8
12 14 12
16 18 16
6 7 27
17 19 15
18 20 26
6 7 15
7 9 7
21 21 1
7 10 25
4 4 12
11 14 9
20 21 17
16 18 10
17 18 10
18 21 7
14 15 12
12 14 29
8 8 14
0 1 23
20 21 14
2 4 5
17 20 20
7 8 5
22 1 4
6 7 4
12 15 25
13 16 26
7 8 18
23 1 11
19 21 8
8 11 3
20 22 7
3 5 8
19 21 3
22 23 16
16 17 22
12 15 23
15 18 13
19 20 21
0 2 28
5 5 9
12 13 16
8 12 10
5 6 18
3 5 12
3 5 12
15 17 8
0 4 4
12 13 5
4 7 21
3 4 21
17 19 17
21 22 14
22 3 4
14 16 4
0 4 22
17 20 4
10 11 24
0 0 26
6 8 18
21 23 17
14 15 25
15 16 11
7 10 29
12 14 7
2 5 30
19 23 24
2 3 21
21 22 30
9 12 21
9 11 21
12 15 22
4 5 4
8 9 29
23 1 17
23 1 21
17 18 27
10 12 26
21 23 16
23 1 20
19 20 14
12 14 6
9 11 29
13 15 14
7 10 14
16 17 13
19 21 6
0 2 5
12 16 25
2 5 17
16 18 21
13 15 10
19 21 9
6 8 9
3 6 1
14 15 11
21 23 23
7 10 11
15 18 15
10 11 2
23 2 23
6 8 4
16 18 3
17 21 14
16 20 20
11 12 24
9 11 5
12 15 9
7 8 29
16 18 29
22 23 10
16 19 2
9 12 21
19 19 15
15 17 2
15 17 5
21 23 8
3 5 15
6 9 15
3 5 11
11 14 10
22 1 24
23 1 4
11 14 20
8 11 19
22 0 21
3 7 26
1 2 25
10 12 9
19 20 15
20 22 22
23 1 23
18 21 20
12 14 29
20 23 27
16 19 19
4 4 15
23 1 5
0 0 16
8 8 30
13 13 29
20 22 13
10 13 18
15 17 28
18 20 10
3 4 10
17 19 29
10 12 11
11 15 7
7 9 7
5 6 8
15 18 25
11 11 26
11 13 19
1 3 25
8 10 17
0 2 2
21 23 13
11 13 10
20 1 10
23 2 8
18 20 13
6 7 6
14 18 23
22 23 28
21 0 1
22 0 25
19 20 16
5 6 19
23 1 3
12 15 9
1 3 11
2 6 10
4 5 29
2 3 6
22 1 24
19 22 4
13 15 29
20 22 22
4 7 24
21 23 18
4 8 1
23 23 19
6 9 4
20 22 25
14 15 27
22 23 3
14 15 11
17 21 30
6 7 18
9 12 10
20 23 16
17 19 30
8 10 15
19 19 12
20 22 1
22 22 22
12 14 20
3 4 29
13 15 11
7 9 19
10 12 27
3 5 20
4 6 9
9 10 12
5 5 26
8 10 1
6 8 22
11 14 23
21 23 26
12 15 24
22 23 30
9 11 3
17 21 5
21 21 4
7 7 3
1 4 11
14 17 6
15 16 6
4 6 27
19 19 4
21 0 15
17 20 22
10 12 10
12 16 26
20 23 25
8 10 28
0 3 18
8 9 8
3 7 28
15 19 21
2 6 30
9 13 10
19 22 4
6 8 17
16 19 25
6 8 28
5 5 3
3 5 25
1 2 5
4 5 21
22 23 3
19 21 30
4 5 15
18 22 12
0 4 26
16 19 24
11 12 16
0 1 16
22 1 28
6 9 4
0 2 18
9 10 4
20 21 30
9 11 12
21 23 25
3 3 12
22 1 14
6 7 28
4 7 25
16 19 19
9 11 17
7 11 7
17 19 27
14 15 3
1 4 3
23 0 28
1 3 18
23 0 2
2 3 30
9 11 9
5 9 28
12 12 3
13 15 3
8 10 17
15 16 14
12 15 3
16 17 24
5 8 18
22 0 3
5 8 13
13 14 20
15 19 22
23 1 29
3 5 4
1 4 17
5 6 29
19 23 9
18 20 30
4 8 25
16 19 26
16 18 14
6 6 3
8 11 2
17 19 8
13 16 25
15 18 1
1 4 24
4 7 9
20 22 22
16 17 17
12 16 22
19 21 17
14 17 18
6 9 25
20 21 4
10 11 20
23 23 4
20 22 7
21 23 8
11 12 5
16 18 12
12 15 27
5 7 21
18 21 19
9 12 18
23 0 4
18 20 1
2 4 3
1 3 9
7 9 2
1 3 12
19 21 25
17 20 9
0 2 13
2 4 26
4 6 23
15 16 16
9 9 27
4 8 16
9 12 21
1 2 11
1 4 18
11 15 29
23 2 3
1 3 2
19 23 3
1 4 10
10 12 14
0 3 1
20 21 26
7 8 8
3 5 10
14 15 24
11 14 18
0 1 19
21 22 29
19 21 22
5 5 8
1 3 19
19 20 23
6 6 21
5 8 23
0 2 13
18 20 21
5 7 20
8 8 14
14 15 14
20 22 25
13 16 11
23 2 2
17 19 19
19 21 4
1 4 13
18 22 15
22 1 17
23 2 10
1 4 24
2 4 17
5 7 3
3 5 28
21 23 4
21 23 4
7 8 17
7 7 10
11 14 16
0 2 2
20 23 18
14 16 5
9 9 27
12 13 10
13 16 30
1 3 4
21 1 9
4 7 25
10 11 26
7 8 8
14 17 18
6 6 17
8 10 22
21 23 7
8 9 16
4 5 9
20 21 22
0 2 22
15 17 27
0 1 19
6 7 26
14 13 18
16 19 29
16 16 15
4 6 11
3 4 21
4 6 23
22 1 3
13 16 21
2 4 19
1 2 26
23 0 8
15 16 25
18 21 5
18 20 1
16 19 16
9 11 13
6 8 9
11 14 21
11 14 23
7 9 24
3 3 1
8 10 25
5 6 6
19 21 21
12 14 28
7 9 22
16 19 27
18 19 12
6 7 20
11 15 9
14 15 25
5 7 10
16 17 6
12 11 26
8 10 30
2 4 24
10 12 10
22 0 19
13 15 9
12 14 8
16 19 28
2 5 23
1 4 5
9 12 15
3 5 6
2 4 5
21 0 27
8 9 8
12 15 22
19 21 14
15 17 2
5 6 2
10 12 30
6 8 4
12 16 30
0 2 4
14 17 14
9 11 1
13 14 17
3 6 7
10 11 29
22 0 3
22 1 28
7 10 18
12 13 25
2 3 8
1 4 10
16 16 10
9 11 6
9 11 28
20 21 2
18 20 28
1 3 11
4 6 23
0 1 10
5 8 5
13 15 6
3 6 8
5 5 2
17 19 9
0 2 25
22 1 19
18 19 18
0 3 28
23 0 21
3 6 1
3 5 27
14 15 1
10 13 24
2 4 4
5 9 22
10 11 30
16 18 7
6 8 3
4 5 6
16 18 29
0 1 12
20 22 13
9 12 23
17 20 7
22 0 30
21 23 26
1 3 8
8 11 7
14 16 17
23 1 30
11 14 29
10 12 17
0 3 26
14 17 3
15 18 25
9 11 29
14 16 12
14 17 20
21 22 15
4 7 29
1 3 10
8 7 30
16 18 3
0 2 4
23 0 26
19 20 7
19 21 22
14 15 30
16 17 19
3 4 21
14 16 23
20 22 30
17 20 28
3 4 7
17 18 4
15 17 23
0 1 3
23 2 30
0 1 7
18 20 14
21 21 17
4 6 11
14 16 28
6 7 11
0 1 6
1 4 13
1 5 30
23 1 30
20 22 19
23 2 15
16 18 9
2 4 6
14 18 14
17 19 19
20 20 17
17 21 9
7 6 2
15 15 19
1 4 9
20 0 22
13 14 24
17 18 27
6 9 24
16 17 29
19 21 27
4 7 30
18 20 22
13 13 2
8 9 1
16 16 2
18 20 24
21 0 29
21 21 7
16 18 7
13 14 20
10 12 18
18 20 19
14 16 12
17 20 14
4 4 26
2 4 7
12 14 7
11 14 7
5 7 9
2 5 30
7 8 23
22 0 23
14 17 16
22 23 17
12 15 28
8 9 30
11 12 8
11 13 7
15 17 24
18 20 13
4 7 29
19 21 17
7 9 16
3 5 15
6 7 1
6 8 3
15 16 20
4 7 9
21 22 23
13 15 5
5 7 13
21 1 18
23 0 24
2 4 13
7 8 14
4 6 5
7 10 28
8 9 22
23 1 22
18 19 24
1 4 18
0 2 15
9 10 9
1 3 18
16 17 27
21 23 18
9 11 30
14 15 13
17 18 3
20 22 20
5 6 11
23 1 5
23 1 26
9 11 20
19 21 11
18 21 6
14 15 22
23 1 13
8 11 13
1 3 23
2 3 12
10 11 23
12 14 15
12 15 1
12 13 4
0 1 7
22 0 20
0 2 17
10 11 8
4 6 12
7 9 9
6 8 20
20 23 9
6 8 21
16 17 10
0 3 23
13 14 29
7 8 11
1 4 15
20 23 14
20 22 18
22 21 6
0 0 29
15 17 21
22 0 14
8 9 1
0 3 8
13 15 11
9 10 20
9 12 19
14 15 25
19 21 25
22 0 25
10 12 4
4 6 6
6 9 18
15 16 27
20 22 12
19 22 2
11 11 9
10 13 3
3 3 17
18 19 7
14 17 20
2 2 16
9 12 20
13 16 12
19 22 16
23 1 3
1 4 21
1 5 7
19 20 26
13 16 19
20 23 26
23 0 1
9 12 29
11 13 10
8 10 6
8 12 7
15 19 1
6 10 3
11 13 18
10 11 6
19 20 29
22 23 13
22 23 18
5 6 3
2 5 8
7 8 24
0 3 29
17 18 24
14 16 10
1 2 4
6 5 26
6 8 30
23 2 14
17 19 11
9 11 11
19 22 11
12 16 8
0 2 23
2 3 4
1 3 21
10 11 8
22 0 20
3 5 6
0 3 2
2 3 12
0 2 17
19 23 23
12 13 2
9 12 28
13 14 22
22 23 9
20 22 2
21 22 27
13 15 17
16 18 18
4 5 25
22 0 14
23 0 23
16 17 16
17 19 20
21 1 21
5 6 6
13 14 2
14 16 26
5 7 22
14 16 6
21 23 21
17 20 20
20 20 5
16 18 20
5 7 7
21 23 11
2 4 15
1 4 10
17 19 16
5 6 15
8 12 9
14 14 17
23 1 18
1 2 2
21 23 20
4 6 7
10 11 17
8 13 9
14 15 16
4 6 30
18 19 28
11 13 15
2 4 7
14 16 19
12 14 15
2 4 5
13 16 27
12 12 25
4 6 3
18 20 25
7 9 11
10 11 22
0 2 14
23 2 2
20 21 15
21 1 21
11 13 15
19 21 20
0 4 12
11 11 3
1 3 21
23 1 8
7 9 11
22 0 18
1 3 26
23 0 3
21 23 30
15 17 30
15 17 1
18 21 25
1 1 4
20 23 1
2 6 13
4 7 15
4 7 3
7 10 24
16 18 1
0 1 16
21 23 27
19 20 22
1 3 17
18 22 25
6 8 17
12 16 8
23 0 27
19 20 4
3 4 28
21 23 24
20 23 25
5 7 7
6 9 11
18 20 21
17 18 12
0 2 18
9 11 5
6 7 27
8 10 7
14 17 13
11 12 15
4 5 8
22 23 16
7 8 29
6 8 19
22 1 27
6 8 25
19 21 10
20 22 19
20 22 6
21 22 17
19 21 27
4 6 12
16 18 12
11 13 20
3 3 19
6 8 14
11 14 5
9 11 30
19 21 10
4 6 5
6 9 27
12 12 5
1 4 29
12 15 12
4 6 5
3 6 23
10 12 28
21 22 12
16 18 30
9 12 27
1 3 30
21 22 2
19 23 18
2 3 19
11 12 2
8 11 9
0 2 9
8 12 30
16 18 28
22 23 2
11 14 8
7 10 1
10 11 20
23 3 28
18 20 24
16 20 28
21 22 1
17 19 27
8 11 12
9 13 2
23 1 5
8 10 29
16 17 5
7 9 6
12 12 15
0 2 19
0 1 15
23 2 24
15 17 8
5 6 17
7 9 27
8 8 27
18 21 5
13 15 27
22 0 15
13 15 8
13 14 9
13 15 16
19 21 24
9 13 23
20 23 9
23 2 24
10 12 2
23 1 17
15 18 6
6 7 11
2 3 18
17 19 29
16 19 25
4 5 9
12 13 20
0 4 12
10 12 6
21 23 18
14 16 18
14 14 11
11 12 7
1 3 19
12 13 25
2 3 16
13 17 29
6 7 15
6 7 29
5 9 29
4 7 15
3 4 15
19 21 6
7 9 25
22 1 3
19 22 15
23 2 14
13 15 4
6 9 8
12 14 17
4 3 25
15 17 20
16 17 17
2 3 3
22 23 10
18 19 2
20 0 30
1 4 18
10 11 25
19 22 1
2 5 10
18 20 29
10 14 30
1 2 13
16 19 7
22 0 24
11 13 21
16 17 19
22 0 12
20 21 4
8 11 12
7 8 3
15 19 2
3 5 12
19 21 27
7 8 4
6 10 16
17 18 12
17 19 17
10 10 5
5 6 11
13 14 24
9 11 1
16 19 28
2 6 17
18 20 10
12 14 28
2 6 7
20 22 6
8 11 25
21 22 27
23 0 7
21 0 12
10 12 19
9 10 28
19 21 18
11 15 22
21 22 7
15 18 17
21 23 3
4 5 9
11 12 17
13 16 7
19 20 7
4 5 16
6 6 1
15 15 10
22 2 4
22 2 23
23 0 6
12 13 5
4 5 29
16 18 18
17 19 23
6 8 25
7 10 25
9 12 15
20 22 1
19 21 26
15 18 22
15 16 8
14 15 9
20 22 28
21 23 11
21 23 16
6 8 1
2 3 13
15 18 14
16 18 11
20 22 18
2 4 5
16 19 29
18 20 30
5 6 7
2 5 22
12 15 8
1 3 20
14 16 5
2 6 27
0 2 4
3 2 23
20 23 7
9 10 11
6 7 18
13 14 3
16 19 16
4 6 10
7 10 24
18 20 20
19 22 26
9 12 15
13 16 19
22 23 13
22 0 29
13 15 3
6 8 12
3 6 4
17 19 11
5 9 13
15 17 26
8 9 29
7 9 13
3 4 17
18 19 27
4 6 1
3 5 15
19 21 11
16 18 7
4 8 2
10 11 26
8 11 11
5 6 15
4 5 10
16 17 11
1 3 30
18 19 26
8 8 19
5 8 30
6 11 20
18 19 2
0 1 7
9 11 25
11 14 3
7 9 3
4 6 12
23 0 8
10 11 25
22 23 11
1 1 26
18 20 12
0 3 29
11 11 23
8 10 3
3 5 22
13 16 26
15 18 8
