4100 30
4 2 25 16 18 29 15 30 6 3 23 14 13 28 21 10 15 28 17 21 6 29 5 14 9 30 20 23 12 6 
15 17 24
6 9 11
10 11 19
20 21 1
19 22 30
1 3 10
15 15 26
7 10 29
5 10 16
20 21 29
5 5 1
4 4 28
2 5 12
6 7 1
6 8 16
1 3 15
9 11 6
13 15 20
14 17 1
10 10 30
20 20 4
1 4 24
21 0 1
0 0 30
23 1 2
11 13 2
17 20 19
8 11 27
1 2 17
1 0 12
16 18 10
1 3 5
20 21 28
0 3 14
3 4 18
6 7 15
2 4 1
4 7 6
10 14 8
9 10 13
4 5 4
23 2 10
11 14 1
3 3 11
22 1 29
17 19 30
10 11 13
2 5 6
17 18 9
11 12 10
13 14 7
6 8 7
4 9 25
7 9 29
10 13 19
15 18 3
11 13 20
4 6 20
8 9 2
14 17 10
20 22 26
22 0 21
14 14 20
12 13 14
3 4 17
8 11 8
5 8 4
0 2 19
18 20 9
4 8 7
0 2 30
7 8 10
21 0 8
18 18 24
8 10 29
13 16 26
11 12 29
14 15 27
1 2 15
3 6 23
20 21 8
11 12 7
23 23 18
6 8 19
9 11 10
15 19 28
13 16 11
21 22 17
3 6 30
10 13 29
14 16 26
8 7 20
21 1 18
21 22 21
5 6 15
23 2 2
21 22 2
19 22 16
13 16 27
5 7 30
21 0 21
21 23 25
10 10 30
15 19 28
2 4 7
2 5 24
18 17 9
21 23 8
5 7 24
10 13 27
1 2 17
11 12 20
19 0 19
3 2 5
16 17 30
22 23 4
11 12 28
1 2 18
10 13 19
6 7 12
19 23 15
21 21 17
20 22 26
6 8 22
4 7 20
22 0 11
9 11 5
13 15 22
13 14 20
11 14 28
1 3 28
12 14 23
16 17 7
14 15 28
13 16 5
16 20 25
5 7 5
14 16 24
19 21 12
13 14 23
22 22 25
13 14 17
12 15 11
14 16 20
19 21 14
2 3 2
21 0 2
18 20 7
3 6 12
3 6 19
8 11 11
20 21 7
16 17 28
23 1 8
7 9 24
9 11 21
13 15 14
9 11 18
0 3 2
16 18 24
16 18 1
9 11 28
12 14 15
1 3 4
7 11 5
0 3 3
16 20 16
11 14 27
4 6 2
4 7 6
21 23 26
23 0 13
0 2 13
1 5 2
4 5 24
5 6 19
11 13 30
11 12 14
17 18 18
19 21 19
8 9 2
1 3 22
1 2 24
5 8 24
12 14 10
22 1 18
17 20 23
14 15 4
16 19 17
13 15 2
19 21 30
20 22 30
22 1 5
19 21 28
14 16 30
19 20 24
8 10 7
19 22 26
11 13 9
8 10 24
19 20 10
11 13 9
20 22 8
12 16 27
18 20 28
17 19 8
19 23 11
10 12 5
8 9 12
2 3 29
11 15 5
22 0 30
23 0 28
18 20 18
8 10 10
23 2 4
12 14 7
1 3 1
14 15 26
13 14 12
9 11 12
8 10 1
20 21 16
9 11 16
3 6 14
2 4 26
18 19 28
9 10 6
10 11 20
1 3 27
2 5 9
3 4 26
14 15 21
12 14 12
16 17 28
6 9 26
0 2 28
0 1 20
4 3 4
8 9 6
19 21 9
3 6 26
3 3 22
1 4 7
19 22 4
0 2 19
19 19 12
23 2 2
2 5 3
12 13 12
13 14 1
5 7 27
19 21 26
12 16 13
4 8 19
22 1 6
18 19 27
7 7 29
11 15 3
14 16 20
14 18 24
1 3 2
2 4 30
2 4 8
17 18 17
14 17 25
15 18 23
18 21 22
17 20 19
4 7 14
1 3 28
2 3 17
10 12 21
17 19 20
2 1 22
7 10 22
10 11 4
19 23 19
10 12 23
11 13 12
17 19 26
8 10 11
2 4 13
19 20 9
16 19 1
14 17 4
22 0 13
13 16 22
15 17 2
19 20 4
16 18 18
9 9 18
5 7 30
4 6 17
10 12 26
2 3 3
9 10 11
19 21 28
14 16 22
12 14 18
6 7 8
15 16 14
13 15 11
2 3 5
21 0 28
14 14 19
4 6 22
8 11 13
8 10 11
17 19 15
6 9 13
1 3 14
22 23 16
12 16 8
2 5 19
19 20 21
18 20 4
22 0 10
14 18 27
5 6 21
12 14 3
14 15 13
9 10 2
16 17 6
2 4 17
8 10 10
5 7 4
15 17 13
14 15 18
13 14 3
11 13 22
16 19 25
13 13 25
17 18 14
4 5 23
21 22 1
1 2 10
21 23 27
18 19 26
22 0 12
8 11 18
23 23 15
8 10 7
2 4 25
18 19 6
8 8 29
14 17 25
17 18 12
9 11 12
20 22 8
6 8 19
0 1 15
0 1 18
22 22 4
8 9 15
17 19 23
18 20 28
18 22 1
22 0 15
2 3 27
13 16 16
9 8 25
3 6 18
17 20 21
10 11 13
7 9 25
10 12 12
11 13 22
17 19 16
18 20 2
6 10 20
10 12 4
6 9 27
1 2 1
13 16 18
5 7 1
1 2 25
5 7 11
10 11 18
18 19 28
1 2 5
20 22 18
20 23 3
1 3 2
17 19 11
8 9 15
8 9 28
7 9 12
8 10 6
18 19 20
6 8 1
12 14 16
10 13 21
19 20 18
4 7 14
21 23 21
6 9 13
18 20 4
12 13 25
13 13 21
11 10 17
5 8 2
7 9 20
8 11 18
4 9 28
9 10 2
19 21 26
21 23 3
16 18 6
1 3 4
11 11 19
23 3 27
21 23 1
23 2 2
12 12 25
17 20 4
3 5 11
22 0 9
16 17 3
5 7 2
8 9 16
5 6 30
12 14 19
1 4 23
21 1 17
18 20 3
13 15 1
14 17 23
20 21 8
4 8 24
0 1 11
9 11 17
10 12 28
5 7 10
16 17 19
11 14 3
8 10 16
16 19 17
9 10 23
9 10 22
4 7 11
11 14 4
22 23 14
16 19 27
19 21 10
2 4 11
15 16 9
15 17 26
1 2 11
5 6 28
4 8 14
1 3 9
0 1 25
15 15 22
8 11 23
1 4 4
4 6 15
8 9 6
6 8 3
15 16 29
19 22 12
3 6 4
19 21 17
9 12 16
22 0 26
2 5 3
19 21 7
20 20 15
15 17 1
0 2 7
5 7 23
22 0 24
14 17 13
0 2 8
10 11 27
2 7 17
17 20 25
5 7 25
9 11 22
5 7 2
16 18 18
21 23 30
9 12 15
21 0 15
0 3 8
16 17 29
7 7 6
7 9 11
13 15 21
13 15 17
3 5 9
18 21 18
0 2 17
10 11 25
17 19 4
8 9 11
5 8 5
23 1 26
0 2 13
21 23 9
2 4 24
3 5 13
10 12 7
0 0 27
5 7 24
9 10 29
18 19 15
21 0 9
12 13 3
10 11 22
19 21 2
2 3 8
19 21 13
0 3 1
14 16 25
20 23 29
8 11 10
2 3 25
8 9 13
2 4 3
0 4 26
7 9 10
11 12 24
13 14 25
14 17 23
21 0 4
19 19 29
19 22 6
1 4 17
23 1 19
0 1 17
23 0 21
14 16 17
4 7 2
8 8 11
13 16 30
4 5 30
7 10 8
16 17 8
11 13 8
0 1 8
14 16 12
4 6 7
3 3 14
2 3 15
17 18 24
18 19 18
13 14 12
19 21 14
0 2 1
2 5 12
23 2 3
1 2 15
1 3 6
0 0 20
5 8 5
17 18 19
18 22 14
17 20 6
12 15 18
3 7 29
4 6 4
4 7 3
17 18 30
19 22 13
19 20 7
8 9 14
6 10 28
21 23 3
15 18 5
22 23 3
10 13 19
11 12 28
9 9 28
23 2 14
0 3 18
21 22 17
16 17 17
0 3 9
3 6 23
5 8 22
6 9 5
6 8 20
23 1 6
2 4 10
17 18 19
2 5 15
2 5 10
9 9 14
11 14 23
0 2 24
0 4 26
9 10 17
20 21 8
12 16 29
11 14 15
2 3 12
20 23 5
15 18 3
7 10 19
10 12 5
12 16 26
23 3 18
17 18 1
7 9 11
8 10 11
3 5 29
7 9 30
10 11 10
7 8 8
17 18 29
17 22 19
21 22 8
16 18 22
8 11 17
11 14 23
15 16 14
10 12 3
22 0 20
18 21 14
11 12 8
2 5 10
18 21 1
19 21 16
8 9 24
5 7 20
7 10 13
5 7 7
11 15 9
4 7 20
14 15 13
19 22 16
9 9 1
5 7 16
19 22 16
9 11 26
6 8 17
5 6 8
20 22 23
16 16 1
3 4 21
16 18 28
7 10 6
15 17 11
23 1 19
14 14 21
22 22 22
10 12 10
7 8 23
23 1 7
6 7 10
5 6 30
0 2 28
23 1 28
21 23 5
22 1 29
2 4 30
14 14 25
22 23 16
16 18 13
6 9 9
13 17 16
16 19 12
7 8 24
9 10 30
1 3 18
23 1 30
14 17 8
9 9 23
23 3 19
6 7 10
14 13 5
5 7 4
6 7 6
15 16 18
10 11 13
6 10 11
18 19 5
10 10 13
22 0 8
0 4 23
14 16 17
21 0 18
21 20 28
3 5 17
14 15 28
7 9 20
15 17 6
12 16 1
12 14 15
23 1 19
9 11 3
13 17 25
20 23 12
9 10 3
3 4 2
16 17 5
7 9 11
22 2 16
14 15 8
19 20 22
11 13 26
12 15 2
3 6 29
17 20 2
18 19 2
17 19 7
10 13 1
5 9 1
9 9 8
21 0 29
16 17 8
13 14 19
5 7 14
9 11 6
22 23 9
0 3 9
17 19 12
11 12 1
20 21 24
19 21 27
11 12 6
16 19 21
16 20 29
6 7 24
7 8 1
18 20 24
16 18 18
6 8 1
7 9 10
22 23 19
22 2 10
19 21 25
17 17 30
21 20 4
23 1 30
23 0 7
1 3 27
16 18 9
13 13 5
9 11 30
0 3 29
13 14 18
12 15 24
3 4 30
0 1 27
20 21 21
18 20 7
2 5 6
3 5 26
18 21 30
17 20 15
1 3 7
14 15 9
1 4 13
16 19 30
14 15 26
23 3 10
11 12 11
16 18 24
8 12 8
23 23 25
13 14 2
9 10 23
22 23 4
14 19 15
21 21 9
7 10 8
14 15 27
13 15 19
20 22 10
16 18 7
23 0 29
5 7 29
14 18 23
19 19 1
18 19 12
23 1 23
10 12 1
9 9 18
11 13 27
5 5 26
14 16 26
5 8 6
19 21 30
18 19 17
20 23 15
7 8 29
1 3 16
19 20 28
3 5 23
10 13 21
20 21 10
17 19 21
15 20 27
6 10 13
0 1 2
14 16 7
1 3 9
12 16 20
16 21 11
15 18 28
1 4 24
19 22 21
21 23 19
1 2 10
9 11 9
22 0 9
3 5 6
1 3 23
10 13 13
1 3 6
6 7 16
2 5 1
20 20 11
21 23 6
8 11 23
7 8 9
19 21 15
15 17 18
2 4 29
22 22 16
4 6 26
1 2 30
2 5 11
14 17 2
21 23 24
13 15 25
0 3 15
16 17 19
13 17 3
13 14 18
20 0 26
14 16 10
20 21 18
22 23 1
18 20 13
21 0 7
19 21 24
13 16 15
22 2 30
11 13 20
21 0 28
6 10 17
4 6 22
0 1 26
14 16 23
16 19 5
8 10 23
16 17 12
23 1 20
3 5 27
0 2 25
20 22 13
8 8 28
8 9 23
10 11 28
2 4 29
23 1 21
2 4 12
4 5 29
4 7 10
16 17 5
5 7 20
17 18 20
19 22 19
13 18 7
2 4 23
14 17 25
19 21 30
11 13 17
18 18 15
21 23 6
1 3 9
3 3 22
6 7 21
19 21 9
15 17 1
21 23 2
2 4 28
20 0 12
15 16 7
0 2 21
12 14 16
0 1 19
5 7 8
0 2 15
2 6 28
3 2 26
6 7 3
10 12 14
4 4 3
19 21 16
8 9 9
20 21 20
9 11 25
21 23 24
3 6 12
0 0 23
0 2 19
20 23 25
0 2 27
1 5 2
3 4 16
20 0 9
11 12 15
16 18 30
12 13 15
2 4 19
19 20 15
13 14 2
8 12 29
22 0 9
3 6 15
13 15 18
5 7 7
10 13 7
10 13 2
13 15 23
16 19 25
23 1 9
19 19 4
3 5 2
14 15 9
7 11 28
6 7 8
16 18 3
4 5 10
22 0 16
1 3 12
2 3 29
2 2 15
15 19 24
20 22 2
14 15 20
2 4 16
19 20 13
9 10 7
0 2 29
13 15 22
22 23 19
2 5 6
0 1 6
21 0 16
8 11 29
15 20 29
4 6 8
12 15 6
3 4 27
16 17 13
3 5 17
20 23 11
1 1 1
11 15 17
7 8 30
19 23 27
21 0 11
13 14 21
19 21 20
23 0 21
16 18 27
14 18 15
4 6 2
16 18 13
16 18 18
7 9 20
12 14 2
11 14 16
23 2 1
3 6 24
18 20 21
14 16 8
12 15 20
1 3 8
5 7 28
3 5 23
3 6 3
3 4 24
16 16 5
12 14 16
17 19 20
17 17 27
11 13 17
17 20 19
18 19 24
19 22 10
7 9 4
4 4 20
2 5 21
1 4 6
13 15 1
22 0 10
17 22 3
6 7 30
23 0 21
1 3 11
22 1 28
13 16 5
6 7 22
3 4 23
15 18 7
3 6 1
17 17 6
15 17 21
23 2 2
10 13 23
7 9 6
3 7 19
12 13 16
0 0 4
14 17 7
16 19 13
1 3 24
22 0 28
14 17 1
2 4 12
3 5 22
9 13 30
8 12 13
16 19 12
1 4 13
4 5 13
8 11 6
18 19 30
18 20 28
14 17 22
10 12 8
15 15 10
8 10 8
17 21 8
2 3 1
3 5 29
15 16 13
21 23 17
0 3 20
9 10 24
4 5 12
5 6 1
19 21 6
12 14 25
23 0 14
11 12 16
0 3 5
18 18 25
17 20 28
5 8 6
0 -1 20
18 22 19
5 8 20
2 3 7
18 21 11
11 13 2
3 4 14
11 12 24
9 10 3
22 0 14
15 18 15
11 13 8
10 10 24
3 3 26
6 8 4
16 19 30
23 2 26
14 16 9
3 8 27
10 12 30
5 6 25
3 5 22
4 5 23
11 12 15
5 8 28
22 0 26
9 11 27
1 1 1
21 23 26
22 1 25
7 9 14
7 9 7
9 10 7
3 4 1
13 15 25
6 8 10
10 13 13
23 0 10
21 21 16
3 4 10
11 13 20
12 13 22
18 20 8
18 22 30
9 11 11
20 22 24
14 15 1
22 0 27
4 5 23
18 22 28
1 5 19
15 17 22
20 21 16
13 15 24
9 11 27
13 16 27
12 14 6
23 1 29
9 10 30
7 10 13
6 9 5
6 8 23
11 13 6
15 15 20
2 5 19
12 14 1
22 0 20
23 23 5
1 -1 30
23 1 30
1 5 7
17 19 19
4 5 11
23 1 17
16 17 23
0 3 15
7 9 22
21 23 6
6 7 13
22 1 6
4 6 29
19 22 2
3 7 18
15 17 2
21 23 23
11 13 19
11 13 14
23 1 22
17 18 6
5 8 2
2 4 27
5 7 1
0 2 23
12 14 9
0 1 3
15 18 26
1 4 4
23 1 8
3 5 7
17 20 7
8 10 2
14 15 19
18 21 5
7 10 13
8 11 21
15 17 22
3 7 12
11 11 27
12 13 25
2 4 18
19 22 16
7 10 1
11 13 5
2 4 24
17 18 14
8 8 19
23 0 4
7 10 23
23 0 20
20 22 15
11 13 2
14 16 30
12 13 13
3 6 21
10 11 8
10 12 25
9 12 29
10 14 3
21 0 7
2 4 19
1 2 3
23 1 5
20 23 5
12 13 15
3 4 7
8 11 17
12 14 19
19 21 6
23 1 11
4 5 1
1 1 11
23 1 6
21 21 16
11 13 23
22 0 15
18 21 13
23 1 6
23 0 13
7 9 14
4 8 6
5 8 17
17 17 30
1 4 1
11 13 29
20 22 19
15 17 5
23 2 30
21 23 22
22 23 15
15 17 16
9 11 1
14 17 16
7 9 4
9 12 1
12 13 1
8 8 5
2 5 20
6 9 6
12 13 6
8 8 16
13 17 1
6 7 17
19 19 25
11 14 11
8 11 17
0 2 2
9 13 9
21 22 7
20 22 17
10 12 7
1 3 2
23 22 8
0 2 23
12 13 9
20 23 18
21 0 30
7 8 12
19 19 28
7 9 16
17 19 8
2 3 4
6 10 17
6 8 10
9 12 11
19 21 26
23 23 4
1 4 28
17 20 23
22 0 11
1 3 4
6 8 1
15 16 30
23 1 10
12 15 26
0 2 12
7 9 12
10 10 14
9 11 28
16 18 19
21 23 27
5 8 1
22 1 7
9 11 17
15 17 3
7 8 20
11 13 22
16 17 3
5 6 24
1 3 4
17 17 11
14 16 13
18 21 19
13 15 4
22 1 16
22 23 11
9 11 10
19 22 19
7 9 29
13 15 17
11 12 30
21 0 3
17 20 9
4 5 18
3 6 12
13 14 6
23 2 5
23 1 20
17 19 5
22 23 29
15 17 11
21 22 28
2 4 13
22 1 9
2 4 22
6 9 27
22 23 8
16 19 16
16 17 20
0 2 14
21 21 21
1 2 12
13 14 8
3 6 21
20 22 20
19 22 4
19 21 5
12 14 19
14 16 8
11 14 11
9 12 2
1 2 17
9 9 3
8 8 6
15 17 22
23 1 21
22 0 11
18 21 22
1 3 22
8 10 21
12 15 5
18 20 6
17 19 8
15 17 16
1 2 27
11 13 6
17 19 22
22 22 11
15 16 18
21 22 27
22 0 1
4 7 21
6 9 4
18 19 11
11 14 21
7 9 21
12 13 13
15 17 21
8 10 9
0 1 29
15 18 25
16 18 22
2 5 23
23 1 2
9 12 10
3 5 16
17 18 6
16 17 8
9 12 14
11 12 16
9 12 3
18 21 3
7 11 10
21 23 6
20 20 29
7 9 1
16 17 4
22 21 20
5 6 26
0 1 19
8 11 21
12 14 11
12 14 20
20 0 12
4 8 23
6 8 21
23 1 21
10 10 10
20 22 17
6 9 14
4 6 12
10 11 6
19 21 6
11 14 1
6 8 25
11 14 24
6 7 12
6 9 19
3 6 25
5 7 29
3 4 5
23 1 20
12 15 5
10 12 25
4 5 21
16 18 20
19 19 30
14 17 11
17 18 27
17 19 9
18 20 7
3 6 25
7 10 27
11 14 11
0 2 15
2 4 20
13 14 11
10 11 14
4 5 16
4 6 3
18 20 1
3 6 8
23 1 19
14 16 14
5 6 28
9 12 30
14 16 11
11 14 18
12 13 28
4 5 28
5 8 24
0 3 23
19 19 23
13 16 18
15 17 15
3 6 18
12 14 2
1 2 19
6 9 8
19 23 15
22 0 16
8 11 11
13 15 27
2 3 17
3 4 9
21 23 9
2 3 18
17 18 15
20 20 16
13 15 10
0 2 9
1 3 16
8 10 14
9 10 9
7 10 1
4 5 29
14 15 17
0 3 1
23 1 18
17 19 24
11 12 23
23 0 30
19 0 19
14 16 18
2 7 30
13 16 12
0 3 16
21 23 28
18 21 23
7 9 3
2 4 1
10 10 22
14 17 1
19 22 16
6 7 16
1 3 18
19 23 2
5 8 21
2 6 20
9 10 4
20 23 20
20 22 22
4 7 6
19 22 22
17 19 21
4 5 27
23 2 1
22 22 28
21 22 29
21 23 24
4 6 25
11 13 23
12 14 1
0 0 2
18 21 7
10 12 4
9 11 24
17 20 17
18 20 13
8 10 21
18 21 28
23 0 22
6 8 13
8 11 12
22 0 17
19 22 23
15 17 9
0 2 9
8 9 4
15 18 29
0 2 16
16 18 30
8 11 22
2 4 15
5 6 9
1 3 2
3 5 11
18 21 3
19 23 20
16 18 14
23 0 9
7 10 28
12 15 27
2 4 13
21 23 21
10 12 29
2 4 17
12 15 12
3 5 1
13 15 22
1 2 4
4 7 2
7 8 28
22 2 6
13 17 6
10 11 19
22 0 22
18 20 8
19 21 20
15 16 25
5 6 9
4 5 10
19 21 15
20 22 21
5 8 11
13 16 28
13 15 23
22 0 23
10 12 8
8 10 20
23 2 26
22 0 17
21 22 18
16 18 25
5 7 3
10 11 19
10 13 1
10 13 17
1 3 8
8 8 27
14 15 14
3 4 22
10 13 25
7 10 30
15 18 25
17 18 8
12 15 14
1 3 14
6 9 12
18 21 28
22 1 28
16 18 21
23 3 30
9 11 16
20 20 7
1 4 12
16 17 15
23 2 10
1 2 4
6 9 4
0 2 7
8 10 20
21 21 11
0 4 16
1 2 1
1 2 1
21 22 14
23 0 9
17 19 26
8 9 7
7 10 8
7 8 5
9 10 5
20 22 22
11 11 15
20 23 15
3 5 27
0 2 17
18 18 14
15 16 14
23 1 11
7 9 17
7 8 6
1 2 3
18 19 30
14 17 1
18 20 20
20 22 18
4 5 27
13 15 23
11 12 25
6 8 10
18 20 1
20 22 9
17 19 1
5 7 11
4 6 6
22 1 24
13 16 24
6 8 20
22 0 21
19 20 9
17 17 23
2 4 3
9 10 4
18 20 6
4 6 21
20 22 22
9 11 21
13 16 24
17 18 2
23 0 17
18 20 7
22 1 12
8 9 13
17 17 25
18 21 26
13 15 17
5 6 21
10 12 10
19 21 16
22 0 6
8 9 6
13 15 12
6 9 19
0 3 24
2 2 4
9 11 17
21 21 14
18 22 16
19 21 11
10 10 1
3 8 5
20 21 6
1 3 19
13 16 23
12 13 19
12 15 2
19 21 16
16 19 15
7 9 8
6 9 2
13 16 17
12 13 18
10 13 24
2 4 16
1 2 21
19 22 29
17 18 12
16 19 6
3 5 19
8 9 1
23 2 27
2 5 15
9 10 9
21 21 3
22 0 11
16 19 29
22 1 30
20 22 12
12 14 11
1 2 10
3 4 22
3 5 27
4 7 25
9 10 24
11 14 6
21 23 1
19 21 24
9 11 17
19 19 2
15 17 21
1 4 13
11 13 26
13 14 30
7 9 11
5 6 3
9 11 4
9 10 16
6 8 1
22 1 27
21 0 8
23 0 24
19 20 30
19 22 24
9 12 2
0 5 22
17 20 27
18 20 28
11 13 3
23 1 2
15 19 10
12 15 1
10 11 9
21 21 17
12 14 16
12 14 7
1 3 30
16 18 22
8 9 4
14 17 5
17 19 28
20 22 27
16 17 28
15 18 12
0 1 13
6 9 26
8 9 12
13 16 17
14 18 2
7 9 16
10 12 18
15 18 26
15 16 7
2 5 28
2 3 5
7 9 1
13 16 3
23 1 8
19 22 3
15 17 8
21 0 20
4 5 26
16 19 21
17 19 25
4 6 8
8 10 25
10 11 27
6 9 11
4 6 8
18 20 25
17 17 27
12 13 27
2 3 10
10 10 18
20 22 25
19 22 21
23 2 1
15 17 3
18 21 1
18 20 12
20 21 7
0 1 28
2 4 4
14 17 20
13 17 4
23 1 9
17 18 23
17 19 4
23 2 18
3 3 20
23 1 8
7 9 25
15 17 17
0 2 6
1 2 8
11 13 12
15 17 3
3 2 23
22 23 7
5 7 10
14 15 2
21 23 14
11 13 12
23 0 9
7 9 25
20 21 19
15 16 12
21 22 30
2 5 16
5 6 5
15 17 22
2 4 25
4 6 5
15 17 21
17 20 20
4 5 26
20 21 28
16 18 4
17 18 15
2 4 19
20 22 6
9 10 22
17 20 11
7 9 5
14 17 30
19 20 16
18 20 13
17 20 3
19 22 23
17 18 28
21 23 6
4 5 25
13 18 29
3 5 1
17 20 6
5 6 12
7 10 23
3 4 9
20 20 20
9 10 30
12 15 19
15 17 9
16 18 23
1 2 24
16 18 30
12 15 9
9 12 30
15 18 21
22 23 18
13 15 24
18 20 16
19 20 26
4 5 13
3 5 11
2 4 3
16 21 18
15 16 20
0 2 26
13 15 19
4 5 10
23 2 17
2 2 27
13 15 27
7 10 8
10 11 22
9 12 21
21 0 26
19 20 4
16 20 19
20 22 10
16 17 4
5 6 7
6 8 7
6 8 27
3 5 11
13 15 25
4 6 15
18 20 4
0 2 6
3 5 9
10 12 18
5 7 3
5 7 23
10 11 17
0 5 17
6 8 24
20 20 3
10 12 26
22 1 26
16 17 8
0 3 26
1 2 2
6 8 4
23 0 14
11 13 28
7 10 6
3 7 14
3 6 28
15 17 28
10 12 29
22 0 11
19 22 25
7 8 25
8 12 18
6 8 25
10 11 13
2 4 22
17 20 11
5 7 8
21 22 1
9 11 3
20 0 11
15 18 8
14 16 3
21 23 21
16 18 1
9 11 22
4 6 8
10 12 22
2 3 26
6 8 28
15 17 11
16 16 15
12 14 12
14 17 17
8 11 30
12 14 15
3 4 30
9 10 18
12 15 22
5 7 10
2 6 10
18 21 16
14 17 19
21 23 19
23 2 1
1 4 21
21 1 19
13 14 11
12 14 23
4 4 29
21 2 19
10 10 28
14 16 30
12 14 30
5 6 10
22 0 13
6 7 8
3 5 25
21 23 25
7 9 2
17 17 26
3 7 12
3 7 26
4 7 7
10 12 20
13 15 5
6 9 26
19 22 4
6 9 4
21 23 16
0 3 26
15 16 23
16 17 21
22 0 16
17 19 1
9 10 27
19 21 24
4 8 2
17 19 24
16 18 16
2 4 10
8 11 28
1 3 16
3 4 29
12 15 24
5 8 2
13 14 21
12 15 12
1 1 26
13 14 24
4 6 5
7 8 15
23 2 3
12 15 12
13 15 30
12 14 2
8 10 14
14 14 14
22 0 10
21 23 10
16 18 3
21 0 18
20 20 3
7 9 10
2 5 21
14 17 15
18 21 8
13 15 11
8 10 26
5 7 18
5 8 24
8 11 20
4 4 21
5 6 15
5 7 29
8 10 15
3 5 12
3 6 18
9 12 10
3 5 3
7 9 3
19 20 9
0 3 15
3 5 28
2 3 11
22 2 1
7 8 18
21 23 11
19 20 9
9 12 20
1 4 12
0 2 18
3 5 17
19 21 5
0 2 17
20 22 22
3 5 5
14 15 4
6 9 19
3 6 27
7 9 9
11 12 17
19 21 2
8 10 26
21 23 28
14 16 12
22 1 30
18 21 13
20 22 2
4 6 14
12 14 8
5 8 16
12 15 24
9 10 5
13 17 12
3 4 11
12 14 11
0 3 22
17 20 23
1 2 25
16 18 4
14 16 28
3 7 8
13 15 27
4 6 19
10 12 28
10 11 5
4 6 30
23 1 22
9 11 25
17 20 24
18 20 4
7 11 23
9 11 23
10 12 25
9 11 13
16 19 16
8 10 5
14 18 20
2 4 12
20 21 26
15 17 10
3 5 28
8 9 17
7 9 9
16 17 30
10 11 21
3 5 16
16 19 8
14 16 6
11 13 25
15 18 6
21 22 14
4 5 30
7 8 24
8 10 10
3 6 13
15 16 16
8 9 20
23 2 17
13 16 6
0 2 19
0 1 26
21 0 12
17 20 24
7 8 29
4 6 6
23 2 16
5 8 20
8 9 16
1 2 30
2 4 13
22 22 1
21 0 13
11 16 17
22 22 4
13 14 19
15 18 10
11 13 22
9 12 15
4 7 2
17 21 30
17 20 4
4 5 10
18 19 2
23 3 13
2 5 29
7 9 5
20 22 22
14 16 19
16 18 12
14 17 21
14 17 12
6 8 6
6 8 13
9 12 22
5 6 30
22 23 20
10 12 23
21 23 29
21 22 21
6 8 15
21 23 29
15 17 2
1 3 4
11 12 13
10 13 13
9 12 4
11 14 26
3 5 6
13 15 5
11 12 17
22 23 29
10 11 17
21 0 27
8 11 5
8 10 5
16 18 5
12 16 5
6 8 30
15 19 12
13 13 27
23 0 5
21 22 27
21 1 26
5 5 19
19 20 19
20 22 30
21 0 1
5 7 28
17 17 17
18 21 11
13 14 20
23 1 22
0 2 13
4 6 30
18 18 20
23 1 27
13 16 2
18 21 14
21 22 19
11 14 30
3 6 2
3 7 7
16 19 6
18 19 7
20 22 24
23 23 16
18 19 23
20 21 7
9 12 17
3 5 25
22 0 7
16 18 11
18 20 16
9 10 12
7 10 27
7 10 11
21 23 1
11 15 5
11 11 15
17 18 1
15 17 24
13 16 16
5 8 19
19 21 6
10 12 18
18 19 16
3 4 25
12 12 20
9 11 11
14 18 24
11 13 14
4 8 18
6 8 8
15 17 1
2 4 23
1 4 12
15 16 25
5 7 21
19 22 20
22 0 17
4 6 10
6 8 13
22 23 9
8 10 10
6 7 9
5 5 6
4 6 12
2 5 24
5 7 30
10 12 4
23 3 28
14 17 1
21 0 14
7 8 1
11 12 13
21 22 14
21 22 3
18 20 11
9 10 17
5 8 30
15 19 8
3 3 13
1 3 16
10 11 7
3 4 23
12 15 5
9 10 13
4 7 19
7 9 27
10 13 10
22 23 7
21 23 8
3 7 18
8 10 4
8 10 10
6 9 7
22 0 19
13 17 10
20 21 2
19 21 12
10 13 27
19 22 13
14 17 30
14 18 1
7 10 11
14 17 18
18 20 12
11 14 18
15 18 4
14 14 18
23 2 17
3 5 26
8 9 10
8 8 10
6 7 19
18 20 11
5 6 18
15 17 22
14 15 13
6 6 5
2 4 26
4 6 27
12 13 25
20 23 11
2 5 30
14 17 3
17 17 12
16 18 11
7 10 14
13 15 12
22 0 26
15 17 13
14 16 26
6 8 6
3 6 3
4 6 5
8 11 24
11 13 14
22 22 28
7 10 14
13 13 23
16 18 20
12 14 22
12 16 26
23 3 4
22 0 24
9 10 13
13 14 23
5 7 18
20 22 18
14 16 3
22 0 27
5 8 19
16 19 30
16 19 3
16 20 19
12 14 12
8 10 14
11 14 7
23 3 13
18 20 25
14 16 30
0 1 10
10 12 12
9 10 2
4 6 6
18 19 9
6 9 22
12 11 23
19 21 25
17 18 5
20 23 6
20 23 27
16 17 29
7 9 1
3 5 25
12 15 7
14 14 15
9 10 2
15 16 28
9 13 11
12 14 8
7 8 19
12 14 10
17 18 4
8 9 22
4 5 20
19 22 10
2 4 30
14 16 21
5 9 29
3 4 29
7 10 24
6 9 2
5 6 4
20 22 8
14 16 4
11 13 11
5 8 22
17 18 6
23 2 22
12 13 12
22 23 25
9 12 12
19 22 13
0 3 29
11 14 1
5 7 7
7 9 26
23 1 6
5 6 29
18 21 20
5 7 5
0 3 29
3 5 21
23 3 22
7 9 6
22 23 7
3 5 10
12 15 24
1 3 27
11 14 26
14 17 15
22 1 14
20 0 16
20 22 11
20 21 24
15 16 29
20 21 29
19 21 15
2 4 23
18 22 9
4 5 29
20 21 8
23 1 27
22 23 22
20 23 21
22 0 14
9 11 17
10 12 18
14 16 28
19 20 2
11 14 25
17 21 28
23 0 5
19 20 14
8 9 8
9 12 22
5 5 29
8 10 29
20 23 8
12 14 27
20 23 15
18 20 30
12 14 8
21 0 20
7 8 20
3 6 12
10 12 9
5 6 10
21 23 24
15 18 13
6 8 4
5 6 29
4 7 18
13 14 8
17 19 12
18 20 7
22 1 14
12 15 26
7 9 21
4 6 11
22 0 11
19 21 22
0 3 7
17 18 25
3 3 2
16 19 17
11 11 1
10 14 17
15 17 1
7 8 11
22 0 7
12 13 17
1 1 16
18 21 28
8 10 1
15 14 23
21 23 21
13 16 5
6 9 3
11 12 23
5 7 9
2 6 7
21 0 20
1 4 15
13 14 12
13 16 4
5 7 12
2 3 23
9 10 13
20 21 7
17 17 22
17 19 8
8 9 15
1 5 19
10 12 30
20 23 29
18 21 11
15 17 6
5 6 1
14 16 14
18 20 18
16 18 16
0 4 2
10 12 23
13 16 13
22 1 26
21 23 30
12 13 30
1 3 1
15 16 13
23 0 13
13 15 5
8 10 29
18 19 8
3 3 1
9 13 25
0 1 20
4 7 8
18 20 26
13 13 10
11 14 30
12 13 12
2 4 9
5 5 29
2 4 12
11 15 7
1 2 14
21 0 23
16 18 11
4 4 2
20 22 18
7 8 20
19 22 3
6 9 28
13 14 21
15 18 29
19 20 8
22 23 10
2 4 29
1 2 27
12 13 7
23 0 17
15 17 27
9 11 7
8 10 13
15 16 4
7 7 16
11 13 23
4 7 22
7 9 26
0 4 22
12 14 18
6 9 14
15 17 26
9 12 2
1 2 12
7 8 17
2 4 1
11 14 18
16 15 17
20 22 13
9 11 28
4 5 11
13 15 19
8 9 6
19 21 1
6 7 30
8 9 29
3 3 30
5 6 21
1 4 7
13 15 12
2 5 12
0 3 4
21 0 10
9 12 1
16 17 20
1 4 1
5 6 3
19 20 4
3 4 9
2 4 23
9 10 30
22 1 23
12 13 15
16 18 13
7 8 25
17 19 18
4 7 14
23 0 22
18 21 18
7 10 12
15 16 30
18 19 30
11 12 16
16 17 25
20 21 29
13 14 20
17 19 27
21 2 30
15 17 8
22 0 4
6 8 10
1 5 17
23 0 24
17 18 22
9 10 11
14 17 11
5 7 20
4 7 13
22 0 11
21 22 1
8 11 21
20 22 27
14 15 3
17 20 15
10 13 30
8 9 6
22 0 9
22 2 4
20 21 29
14 16 20
14 16 21
4 5 12
20 20 5
5 6 20
18 20 10
4 5 11
9 11 26
4 6 19
4 5 22
21 23 23
11 15 1
21 0 6
22 0 3
10 11 26
20 21 21
14 16 19
3 4 26
7 10 14
14 17 20
2 3 4
13 14 24
1 3 13
18 19 15
14 16 24
15 18 9
7 8 8
21 0 26
7 9 29
8 11 6
10 11 8
13 14 2
14 17 19
7 11 27
10 12 13
15 16 16
0 2 7
11 12 30
7 9 24
5 6 5
8 9 26
23 2 6
23 0 1
5 6 26
1 3 26
17 19 3
23 1 7
15 16 3
21 22 23
20 21 25
20 23 8
3 5 10
12 13 11
3 5 8
12 14 25
8 12 30
4 5 4
20 23 15
11 15 5
2 3 22
1 4 14
5 7 29
14 16 10
20 21 25
18 21 19
7 10 23
2 3 6
1 3 20
23 0 10
13 15 7
9 12 12
22 0 29
6 8 4
3 4 25
1 2 21
23 1 6
8 10 17
20 23 27
8 9 26
7 9 24
21 22 27
6 8 1
18 19 19
20 22 1
1 3 30
15 17 12
18 20 4
0 2 13
3 6 24
21 0 9
14 17 12
6 7 8
11 15 11
1 2 15
11 12 25
12 14 20
15 16 8
0 2 12
10 13 26
7 8 8
7 11 7
12 14 10
4 8 26
0 3 9
4 5 19
12 14 2
12 13 13
18 21 30
6 8 1
7 11 10
0 3 13
10 13 2
10 12 26
2 3 12
4 8 23
19 20 8
3 5 11
20 22 4
4 6 21
16 19 23
11 13 6
8 9 25
11 12 17
21 22 20
13 16 16
3 5 1
6 9 1
23 0 1
2 3 17
9 13 8
5 9 24
17 20 7
9 10 6
10 12 3
6 7 18
2 3 13
5 5 3
20 23 28
20 22 8
23 1 13
0 4 29
9 11 6
4 4 10
13 14 9
10 13 19
3 5 27
17 19 7
21 22 1
8 11 3
17 19 23
10 13 22
16 18 14
14 17 12
0 0 12
1 5 20
17 20 23
23 1 16
22 1 17
14 17 4
7 7 24
21 23 27
14 17 2
1 4 15
21 23 4
20 22 20
5 7 11
13 15 28
0 0 30
18 21 6
18 18 6
20 20 25
0 1 17
12 14 25
11 13 17
16 16 21
23 23 22
18 19 23
1 3 27
12 16 18
19 22 16
12 14 30
1 1 14
13 16 18
1 3 19
8 8 13
10 12 12
11 13 7
10 11 6
8 10 22
17 20 16
16 17 2
23 1 23
12 14 9
13 15 5
19 19 16
4 7 12
3 5 4
4 7 15
14 16 22
7 9 25
18 20 23
12 14 23
8 10 17
20 23 12
0 2 29
5 8 17
23 23 29
13 15 19
4 7 3
8 11 14
23 2 29
6 10 3
0 2 8
18 21 25
1 3 24
23 0 30
17 20 23
17 19 6
21 21 26
11 12 3
2 4 8
14 15 25
0 3 21
12 14 2
17 18 1
17 19 29
21 22 4
0 2 22
10 12 7
16 17 28
22 1 2
0 3 16
6 8 4
20 21 20
5 7 23
23 2 24
11 11 17
16 17 14
13 15 20
6 8 5
22 3 2
9 12 8
8 9 9
3 5 11
22 0 17
14 17 24
12 13 13
7 9 27
6 7 5
19 22 29
17 18 17
4 6 9
8 10 23
3 5 29
10 12 5
12 15 12
11 14 30
14 16 21
3 5 5
11 13 30
0 2 26
13 15 29
10 11 21
1 4 26
19 19 30
8 9 3
15 17 21
22 0 1
0 3 1
2 4 8
2 4 21
14 16 10
7 8 19
2 6 26
4 6 18
18 19 9
4 6 27
19 22 20
5 6 8
22 0 15
21 23 13
13 16 27
18 19 10
10 12 1
4 4 12
23 1 5
17 19 16
0 1 20
1 2 8
6 7 12
15 17 27
0 1 22
21 23 13
11 15 23
9 10 29
23 23 5
6 7 7
8 9 25
9 12 17
10 13 23
15 16 16
11 12 8
15 18 6
21 23 28
22 2 11
16 18 8
13 15 21
15 17 18
8 10 23
11 14 26
14 15 23
14 17 4
11 12 4
14 17 19
18 20 10
16 18 9
11 13 24
7 10 16
15 18 6
9 11 28
21 23 8
16 19 23
10 11 24
19 22 15
11 16 14
2 4 20
9 9 11
19 22 19
5 8 26
5 6 30
6 8 26
3 5 28
12 14 24
14 16 28
6 9 27
12 13 18
9 12 6
20 21 10
19 22 7
22 23 13
23 1 11
11 14 23
20 21 20
14 13 26
11 12 5
4 6 26
0 1 8
11 12 29
5 7 20
0 2 24
22 1 6
15 17 23
13 15 12
6 7 2
13 15 9
10 12 2
8 12 29
8 11 15
11 13 3
6 7 22
15 17 16
22 2 22
23 1 23
23 1 25
5 8 16
10 13 15
13 16 7
9 12 21
21 22 22
9 12 17
9 10 18
15 18 1
3 4 27
14 16 14
6 8 19
10 12 25
15 15 1
18 20 12
12 17 22
1 5 15
7 11 3
18 20 4
2 4 10
6 7 1
19 22 9
20 0 4
22 1 6
17 19 27
5 8 29
6 7 23
6 8 5
16 18 16
1 3 17
19 20 4
4 5 27
1 4 25
7 10 2
7 9 25
6 9 3
9 12 23
17 18 20
7 8 26
2 5 19
18 21 26
16 19 14
11 14 15
20 21 4
0 1 2
4 6 18
20 22 16
6 9 23
3 5 29
9 12 8
16 17 15
2 3 17
12 14 18
16 18 4
6 7 2
11 15 2
9 12 27
19 22 3
22 0 25
21 23 16
6 7 1
3 5 6
11 13 19
10 11 11
5 8 20
2 4 7
17 18 13
2 5 27
12 13 24
3 5 19
22 0 18
22 22 10
19 21 13
9 10 11
11 13 19
21 23 20
5 6 7
23 1 29
16 18 9
6 8 5
14 16 27
22 1 3
9 12 5
8 11 26
9 13 28
2 2 28
2 2 25
17 18 30
2 4 15
5 8 5
14 16 23
7 10 2
23 0 18
2 4 16
5 5 3
14 17 23
9 11 20
2 4 10
7 8 24
7 8 13
15 18 28
20 22 12
18 22 13
5 8 15
8 10 18
7 11 10
0 2 30
8 10 20
23 2 23
19 22 4
16 17 20
23 1 20
9 11 18
1 2 24
1 2 17
17 18 2
3 6 26
23 1 20
23 2 3
13 15 29
19 21 18
7 10 28
10 10 25
19 22 28
4 6 6
13 14 25
18 20 14
8 10 12
15 16 21
10 11 16
18 18 22
18 19 8
11 14 29
13 17 24
4 7 19
13 14 3
5 8 3
19 21 13
19 21 9
17 18 28
7 9 6
5 9 29
9 12 10
1 3 2
14 15 1
18 20 3
20 22 4
18 20 15
1 4 25
13 15 1
9 11 16
0 1 9
18 22 10
22 0 7
23 0 17
1 2 12
0 2 2
11 14 13
20 22 25
0 2 14
8 9 26
20 21 22
2 6 28
16 18 15
23 0 19
4 6 1
22 23 22
4 6 28
3 7 4
13 14 5
0 3 7
10 10 2
12 14 20
13 17 15
0 1 8
22 0 10
7 8 24
6 9 24
11 13 8
10 12 19
21 22 8
21 23 9
5 6 10
17 17 4
11 12 19
13 15 3
11 12 12
21 0 18
2 4 25
4 5 23
6 7 1
2 3 11
23 1 30
3 6 4
1 2 21
15 17 1
21 1 10
15 17 3
2 4 27
20 21 7
18 20 6
7 8 14
9 11 9
4 6 27
1 3 6
10 13 23
0 1 25
21 1 9
14 16 11
21 0 15
17 18 8
12 14 4
20 22 26
23 3 18
10 12 7
9 12 18
17 22 23
0 3 1
0 3 20
11 15 14
22 1 3
11 15 19
15 17 30
13 14 29
10 12 12
2 6 21
21 23 30
23 0 12
16 19 13
22 1 25
23 1 6
0 0 16
20 22 26
17 18 16
23 2 25
19 23 23
13 15 6
14 17 20
5 6 16
11 13 20
6 9 13
9 12 14
14 16 13
22 0 11
0 2 25
11 13 12
17 20 24
3 5 10
22 23 19
23 23 4
14 18 25
7 8 13
5 8 18
22 0 4
11 14 23
7 9 2
3 6 15
10 13 10
15 17 6
11 12 8
13 17 8
10 13 25
6 9 23
9 12 14
7 8 21
13 15 5
1 2 18
6 7 24
16 17 30
13 16 15
0 3 6
21 1 19
9 9 27
11 13 23
20 22 1
18 20 27
6 8 11
7 8 21
5 6 11
8 10 16
4 5 28
14 17 19
7 9 28
19 20 23
18 21 5
6 7 18
21 0 9
7 10 18
20 23 12
23 1 18
21 23 3
9 9 4
22 22 4
20 22 25
5 6 10
10 14 30
10 12 1
1 1 10
3 4 18
7 9 21
2 5 23
10 12 15
12 13 30
15 18 17
21 23 7
3 4 6
0 2 4
20 23 15
6 7 12
22 1 22
15 16 15
13 12 22
1 2 24
1 3 24
7 9 16
3 2 30
16 19 2
3 5 5
6 9 21
13 14 30
4 6 13
14 15 30
18 21 1
5 8 20
5 8 9
7 9 28
23 0 17
1 3 21
18 18 29
12 14 19
8 9 8
23 0 30
15 18 4
20 20 9
15 16 16
13 14 4
3 5 21
22 1 26
6 9 6
14 15 26
5 5 28
9 11 24
14 16 25
20 21 8
21 22 18
16 18 9
17 19 21
6 6 17
4 7 7
11 14 2
6 8 16
5 7 8
3 4 19
19 20 19
10 14 17
23 3 1
19 21 4
21 1 18
5 8 28
15 15 10
14 16 21
19 20 5
17 19 20
22 1 14
1 4 23
20 21 2
16 18 15
20 0 23
22 1 13
18 19 17
0 2 30
20 19 11
5 7 27
23 0 4
18 20 28
18 22 1
14 15 30
23 1 3
11 13 21
1 3 9
9 13 12
1 3 17
19 22 26
11 11 13
9 12 4
23 0 9
11 15 27
14 16 10
15 16 6
8 10 5
13 14 10
16 17 24
12 15 7
22 0 6
8 11 16
4 6 27
2 5 21
12 14 29
22 22 24
0 2 5
3 4 17
17 17 8
12 15 30
5 6 3
20 0 21
15 17 18
0 2 19
2 3 8
13 14 22
3 7 12
18 20 14
12 15 26
14 14 14
0 2 2
1 3 3
13 17 13
4 5 25
14 13 24
16 18 30
9 10 12
14 18 2
1 2 21
21 22 19
23 1 29
13 15 13
7 9 2
12 15 13
22 0 18
22 0 30
6 8 24
7 8 25
11 12 27
5 6 13
0 0 28
12 16 10
1 4 15
1 4 8
21 0 14
18 21 6
1 2 19
19 20 16
4 7 8
20 21 10
17 18 29
19 21 23
19 21 30
15 16 21
20 22 30
12 14 25
4 6 8
11 12 25
9 11 4
9 11 8
10 13 18
7 10 28
9 11 27
7 11 4
9 11 21
0 3 22
12 15 28
20 23 9
13 15 20
6 7 29
8 13 23
17 19 12
16 18 18
7 9 3
21 23 26
6 7 13
13 15 18
0 3 29
23 0 22
15 19 10
13 13 5
8 10 10
7 10 19
23 0 12
8 10 16
20 21 15
23 23 20
19 22 7
13 12 17
18 19 23
1 2 6
14 16 25
15 16 16
6 10 20
4 8 7
20 0 8
4 7 7
20 22 13
21 23 22
8 9 5
1 2 21
2 5 16
15 17 3
7 9 20
3 5 26
15 19 26
7 9 2
7 9 27
18 20 29
13 14 5
21 22 10
12 13 5
20 21 18
0 3 25
23 0 1
14 16 6
0 3 26
15 17 23
2 3 14
18 20 6
2 6 19
17 19 6
7 9 7
5 9 1
11 14 28
16 19 15
12 13 20
4 6 9
10 12 9
19 19 25
1 4 21
14 15 3
20 22 16
2 5 3
9 11 19
3 6 7
5 8 19
13 15 20
23 2 10
19 21 6
9 11 11
2 3 15
2 4 26
10 13 18
4 4 12
2 4 10
0 1 15
14 17 14
10 12 6
18 20 21
9 10 25
15 17 6
21 0 12
20 22 19
20 23 8
16 19 2
8 10 3
17 20 12
16 17 26
18 19 17
2 4 7
1 4 6
14 16 29
2 3 20
8 10 4
1 4 9
18 20 21
6 6 5
22 1 14
23 1 29
4 7 8
0 3 1
11 14 5
0 2 25
10 11 12
21 22 5
22 0 22
11 12 12
9 10 30
17 18 8
6 8 17
17 19 26
5 6 16
10 12 25
23 2 29
18 21 10
18 19 24
20 20 17
19 20 7
18 20 5
1 2 20
3 7 14
14 15 11
7 9 28
23 1 18
9 11 5
21 21 18
6 9 10
17 19 21
10 11 30
16 17 28
16 19 26
6 8 14
18 18 10
9 10 28
19 20 29
13 13 21
12 14 15
4 8 30
5 9 30
1 4 20
9 12 22
11 13 22
22 1 19
15 16 16
8 11 27
2 3 25
19 21 2
20 21 27
12 12 8
7 11 4
20 22 1
2 4 6
4 5 23
16 18 15
9 11 30
16 17 30
13 16 9
0 1 29
23 0 18
11 14 4
22 0 16
17 20 9
18 20 24
11 13 21
16 18 9
11 13 19
0 3 29
1 4 29
4 6 17
17 18 23
3 4 18
18 20 7
0 2 9
8 11 10
22 23 29
10 12 12
3 4 29
14 16 20
22 0 5
2 4 6
21 22 26
21 22 2
8 9 26
4 6 25
8 10 14
5 7 1
1 2 27
21 23 18
18 19 9
4 7 4
1 3 20
15 17 13
9 10 26
8 9 13
10 13 29
9 11 1
18 20 24
14 17 19
21 23 28
18 20 16
8 9 1
18 20 21
20 23 7
20 21 9
8 11 29
9 11 28
14 15 2
7 9 14
11 14 12
12 14 22
9 11 22
12 12 15
10 13 13
5 6 10
15 18 12
17 18 20
20 23 1
20 21 8
17 20 22
7 11 4
16 19 1
4 6 17
13 14 19
6 7 29
14 18 23
17 18 22
8 11 16
12 12 28
0 5 8
0 2 20
7 8 24
7 10 3
5 7 25
20 0 17
11 16 15
5 6 21
18 19 23
3 5 18
5 6 14
2 4 29
10 12 3
7 9 20
17 19 9
12 15 24
14 17 8
21 21 24
13 15 28
18 21 30
1 4 22
2 5 21
22 23 22
15 16 13
1 4 29
7 9 8
0 2 16
7 9 7
21 23 15
19 22 27
21 21 8
5 7 22
23 1 9
18 20 7
1 3 21
11 14 1
18 20 22
12 12 24
13 14 30
23 2 16
10 12 19
2 4 23
14 14 16
9 11 3
13 16 16
20 0 21
13 16 26
0 2 24
9 12 19
17 19 25
19 21 5
8 11 23
3 4 2
5 8 6
0 3 24
3 6 24
18 21 23
6 8 11
0 3 15
21 23 24
6 8 12
18 21 22
16 17 18
7 9 5
21 23 15
11 13 5
12 13 2
6 8 14
1 3 18
10 11 13
13 15 13
19 20 1
14 15 21
14 16 3
0 3 18
18 22 25
12 14 7
0 4 25
0 1 22
13 16 18
23 1 21
12 14 21
14 15 26
9 11 2
5 7 13
21 22 19
3 5 9
6 7 12
3 5 17
19 19 19
16 18 22
10 11 18
4 6 10
19 22 9
11 14 23
23 2 11
4 6 24
15 17 1
19 22 14
0 3 25
12 15 25
4 7 5
3 5 16
5 7 15
14 14 19
16 19 9
16 19 3
17 18 26
17 20 9
16 17 3
12 14 13
13 16 13
15 16 3
0 3 1
9 10 15
16 19 6
8 9 6
11 14 17
8 9 10
8 12 24
16 19 1
14 15 18
3 4 20
17 19 30
20 0 11
13 16 11
0 1 2
8 10 18
2 4 25
0 4 4
4 7 29
19 22 23
9 11 26
5 9 14
12 14 3
3 6 28
4 6 20
19 21 2
17 18 29
16 17 20
1 4 25
0 2 3
11 11 25
1 4 26
0 0 10
1 2 15
14 16 30
21 0 4
15 17 12
8 10 27
0 2 17
6 9 1
6 9 7
8 10 4
6 8 14
7 8 13
7 10 19
8 7 27
16 17 18
7 7 29
23 1 28
10 11 15
13 16 15
4 6 26
3 6 14
4 5 5
3 8 3
1 2 20
18 21 7
20 0 14
21 1 17
20 23 28
23 1 13
3 5 10
5 6 10
0 3 14
16 19 10
19 20 2
17 18 30
17 19 25
13 16 26
7 8 2
5 7 4
13 16 27
17 21 21
17 19 3
14 17 5
22 23 21
0 4 28
17 20 9
0 2 12
22 2 15
0 1 22
1 2 15
0 2 15
2 3 22
8 11 7
22 0 19
8 10 8
21 0 16
22 2 23
21 23 22
0 4 15
8 10 26
23 0 28
5 7 30
11 14 6
7 9 15
2 6 24
1 5 7
14 17 6
8 9 20
6 6 11
16 17 19
22 23 5
5 6 9
13 16 9
1 3 25
0 4 24
14 17 28
13 16 7
12 14 13
14 17 25
8 10 19
5 6 2
20 21 9
15 18 2
7 8 17
5 6 4
3 4 26
2 4 5
22 23 7
11 13 8
17 18 28
17 19 29
17 20 14
13 16 12
2 2 8
15 15 17
21 22 14
23 1 3
14 17 15
23 0 17
19 21 5
0 3 14
16 15 20
6 6 15
15 17 26
13 15 9
12 16 13
8 10 13
20 23 20
10 13 18
15 19 18
7 8 19
10 11 29
12 15 23
1 2 28
8 8 7
22 0 4
12 15 27
2 2 18
12 13 10
9 10 14
4 8 16
8 11 3
6 8 27
23 0 29
15 17 11
3 4 18
13 16 9
9 10 21
10 14 7
10 12 16
14 17 17
5 6 10
9 8 9
10 12 14
23 23 14
16 17 13
16 19 1
14 17 18
3 5 30
3 3 12
11 14 3
9 11 17
8 11 19
5 8 29
22 23 26
7 10 11
22 0 10
2 4 19
8 11 22
1 2 17
4 6 29
23 1 17
17 18 6
12 15 12
21 22 2
22 1 14
20 22 26
5 5 27
13 15 8
11 14 25
23 2 10
5 10 3
20 23 19
17 21 27
19 20 11
23 3 20
5 7 16
5 7 29
14 16 15
5 7 6
6 8 27
18 20 26
21 0 17
1 4 29
4 6 10
14 16 2
8 10 8
13 14 8
1 2 25
21 22 5
10 13 24
16 18 3
8 12 5
1 4 28
4 7 11
16 17 18
12 16 6
11 13 9
15 18 20
14 16 8
6 7 29
0 4 20
10 12 28
13 14 26
0 3 14
13 15 10
5 6 28
14 17 2
6 7 7
21 23 23
7 7 14
7 10 20
2 3 15
7 8 28
18 21 16
17 18 13
7 7 13
16 17 30
12 13 1
16 18 12
10 12 18
7 9 28
8 10 12
15 17 5
4 4 29
22 0 13
4 7 1
2 4 19
22 0 24
2 4 25
20 20 22
2 3 29
7 10 18
3 6 12
16 19 15
23 1 16
10 13 1
6 10 16
4 7 3
9 12 27
18 23 14
22 0 6
15 18 15
18 20 24
12 14 15
2 6 6
16 19 17
2 4 6
9 11 17
2 5 8
19 21 28
10 12 11
16 18 14
16 17 16
18 21 13
19 22 23
0 3 23
4 6 10
0 3 29
5 7 6
15 20 30
1 4 24
1 2 23
8 10 2
23 2 28
23 2 9
13 15 15
11 13 4
18 18 10
3 4 26
16 17 13
10 14 24
10 13 27
18 22 10
20 20 10
23 1 23
15 18 24
16 19 9
10 13 23
16 19 3
6 9 7
16 18 4
23 2 12
21 22 30
11 11 1
3 4 7
18 20 10
13 15 24
17 19 22
20 23 6
20 22 12
2 5 25
12 14 7
2 3 6
15 17 28
15 17 21
0 3 25
3 4 17
3 6 20
19 19 11
6 8 3
12 14 22
5 8 14
13 17 24
11 11 30
6 8 27
1 4 10
7 9 2
2 5 3
14 16 24
9 11 26
5 6 4
20 22 29
16 21 28
11 14 25
18 19 15
19 23 25
16 18 11
19 20 18
5 6 23
8 11 12
16 18 22
14 16 11
11 14 8
1 2 15
3 6 26
16 19 11
1 3 10
14 16 12
10 12 30
18 21 23
2 5 13
11 16 2
15 17 22
0 1 21
12 15 19
23 1 17
13 15 2
13 15 14
6 8 23
17 19 27
1 2 3
20 22 29
17 21 16
4 6 25
22 23 4
7 9 6
14 18 20
22 0 13
17 19 16
6 7 4
1 3 8
5 7 5
6 9 29
18 19 30
16 20 16
15 18 8
19 21 12
23 1 9
22 0 12
9 13 21
16 18 22
14 16 12
3 5 22
9 9 14
4 6 21
0 2 22
1 3 17
17 18 25
