4190 30
8 18 24 18 18 10 28 29 8 7 9 10 5 6 9 20 8 6 23 3 20 25 7 7 18 24 1 2 15 22 
1 4 25
9 9 30
11 12 24
22 0 19
20 0 5
0 4 30
15 18 1
14 17 3
4 6 15
19 23 18
20 0 11
6 8 17
17 18 15
14 16 21
9 14 28
8 11 12
23 2 4
2 3 13
14 16 6
13 16 23
8 10 1
12 13 17
9 11 2
10 11 5
5 6 26
18 20 11
5 7 11
0 2 19
13 16 8
7 8 21
13 16 22
6 8 13
7 11 30
19 21 10
10 12 4
14 16 15
9 9 22
23 2 21
22 23 19
15 18 13
20 22 9
18 20 29
18 21 18
21 22 10
13 15 29
6 7 7
3 6 13
3 6 21
6 9 19
5 5 15
16 19 10
6 9 29
0 1 16
14 15 14
3 4 18
18 22 30
8 11 16
15 18 19
22 0 2
11 14 25
5 7 20
9 12 30
10 13 9
20 21 22
21 23 7
4 6 15
17 19 8
1 3 28
1 1 14
14 15 21
4 6 4
11 14 25
8 11 29
1 4 20
16 18 11
8 9 18
2 6 27
11 14 5
10 10 1
19 22 9
11 13 25
23 0 9
13 16 1
9 11 21
11 15 30
12 13 15
19 21 24
5 8 21
5 5 15
16 18 8
9 13 26
3 5 26
6 8 16
17 18 2
21 22 2
7 7 2
0 2 13
5 8 28
6 9 9
19 20 10
1 1 8
16 20 30
3 4 15
4 7 24
14 16 19
7 10 2
14 17 27
0 2 21
0 1 17
11 13 21
3 6 5
21 0 19
19 21 27
0 2 24
14 18 20
2 3 16
13 14 4
13 15 8
8 10 9
21 0 22
9 10 14
21 22 14
3 7 10
11 15 24
23 1 30
22 23 6
5 5 14
19 21 19
0 1 21
21 22 13
21 22 27
20 21 17
16 19 17
21 23 1
4 5 30
11 15 21
0 2 4
23 1 9
10 13 9
2 4 2
8 9 23
13 15 22
8 12 5
9 11 23
20 22 2
6 9 26
17 21 19
3 8 9
17 21 20
8 9 17
12 14 3
12 14 22
22 0 1
14 16 11
4 5 7
12 13 4
16 18 26
5 7 17
17 19 10
17 18 16
16 19 17
18 20 15
15 17 20
13 15 22
11 12 24
19 21 5
9 10 19
6 8 6
5 6 30
22 23 10
16 20 3
8 10 9
6 6 17
23 2 6
11 15 3
3 7 26
14 18 27
13 15 29
7 9 5
18 20 18
0 2 6
21 22 9
8 11 11
15 16 4
4 7 16
7 9 28
6 10 5
8 10 2
4 6 23
15 16 23
7 8 5
7 8 13
23 22 18
20 23 11
4 6 1
13 15 7
17 18 6
7 8 9
22 23 14
15 17 22
17 19 11
18 20 20
6 10 28
6 8 12
0 2 28
11 14 11
11 13 27
13 15 30
5 7 5
14 15 23
6 10 10
18 19 22
10 13 23
2 4 21
21 0 27
22 0 14
10 13 12
13 14 23
7 9 7
23 0 4
2 5 5
12 13 14
15 19 29
11 12 27
14 17 4
1 2 19
9 9 14
9 9 24
14 15 9
15 17 1
9 12 16
19 22 5
20 23 24
20 23 8
12 15 19
10 11 30
18 19 26
22 1 24
3 5 14
19 21 2
2 3 21
20 22 22
9 10 8
23 1 27
8 9 27
12 14 21
10 13 16
18 19 16
4 6 4
5 6 6
6 9 9
0 2 12
14 16 1
16 17 29
12 15 30
9 12 27
5 7 6
6 9 15
9 11 12
19 20 22
8 9 3
7 9 8
19 21 29
2 5 8
5 7 16
1 3 10
14 15 11
4 6 11
4 8 2
16 19 26
1 4 26
0 2 11
1 2 9
9 10 29
14 18 1
12 14 27
3 6 2
9 10 2
20 22 19
0 3 20
22 2 16
13 16 13
4 5 24
13 15 7
3 6 14
17 21 7
21 1 6
5 5 12
12 15 19
13 12 18
13 15 11
12 13 14
5 7 19
8 10 14
22 0 23
22 23 14
11 13 26
2 4 16
1 4 11
22 0 12
6 5 3
8 11 20
10 13 4
20 22 24
14 16 20
16 18 11
21 21 15
7 9 26
4 8 30
11 12 12
22 0 7
16 21 1
8 10 25
15 18 18
18 19 16
11 14 23
13 15 13
17 20 26
20 22 6
13 16 20
7 8 8
9 12 3
4 7 21
10 12 20
19 20 29
14 18 30
12 14 6
15 18 27
13 15 27
4 5 5
23 0 17
16 17 20
18 20 20
3 6 24
16 18 9
11 12 2
17 18 26
23 23 20
4 9 25
13 16 11
11 13 21
15 15 7
13 13 15
9 12 6
21 0 20
11 15 9
16 19 20
6 7 8
6 8 4
20 21 9
6 6 5
0 1 10
0 3 18
20 22 14
23 0 12
11 13 21
15 16 12
22 0 9
19 22 24
1 3 26
3 5 8
13 15 11
16 17 2
7 8 4
21 22 1
13 16 27
13 17 18
0 2 19
15 17 23
23 0 3
13 16 27
18 20 27
16 18 2
14 17 21
2 4 15
14 17 18
0 3 27
1 1 28
9 11 27
15 16 8
13 15 4
17 18 8
18 21 3
0 2 27
17 19 17
10 14 9
15 17 12
12 13 25
16 18 18
4 7 20
19 21 8
19 21 14
7 9 29
2 2 29
7 8 30
10 12 27
23 1 6
20 0 22
3 6 5
19 21 21
16 17 6
2 4 26
17 19 20
10 10 25
20 0 2
6 8 27
8 11 24
13 16 7
20 22 8
5 9 25
0 2 30
5 7 8
6 8 10
20 22 23
14 16 3
18 19 9
13 15 1
12 13 30
0 2 25
22 1 30
7 12 17
2 4 19
11 12 10
23 1 17
8 8 5
23 0 23
9 10 2
22 23 23
11 13 9
17 20 12
15 17 3
17 18 14
23 1 7
14 16 18
5 8 13
3 5 25
20 22 28
12 14 8
9 12 9
10 13 21
19 21 21
18 21 24
22 23 17
12 14 25
14 16 26
5 7 4
7 10 28
10 12 10
0 1 2
16 17 6
18 20 19
19 21 10
1 1 21
23 3 11
14 15 14
3 5 18
19 21 10
13 16 6
4 7 4
21 22 18
18 20 16
12 13 27
20 0 19
7 9 7
13 14 16
13 15 16
14 16 23
13 15 6
7 10 4
17 21 3
13 16 25
11 14 1
12 14 8
0 1 8
16 17 9
15 17 11
0 2 19
15 17 21
2 3 24
7 8 25
16 17 21
4 5 13
18 20 16
6 8 2
17 18 16
23 2 17
18 22 13
18 19 23
13 13 15
19 22 8
20 23 30
20 22 10
2 3 8
0 2 24
2 3 7
21 22 26
20 23 25
5 7 25
3 6 24
9 10 24
17 17 12
1 2 7
7 11 3
1 3 21
0 2 4
17 18 14
7 10 14
6 8 18
1 3 26
21 23 20
21 23 4
3 5 29
10 12 11
19 22 9
13 16 15
21 22 3
21 21 21
7 11 10
11 15 24
2 3 21
0 2 16
16 18 26
1 4 15
23 2 27
1 2 5
4 4 11
13 14 17
19 22 14
0 2 18
7 9 5
2 6 11
8 10 20
11 12 28
6 9 1
14 16 30
18 18 19
8 8 16
20 22 6
7 10 2
13 13 11
18 18 22
8 10 26
14 16 5
14 15 23
21 0 24
11 12 26
20 21 5
2 5 4
0 1 10
0 3 28
8 9 14
4 8 9
14 16 11
0 1 11
4 6 30
10 11 30
13 15 18
18 20 4
2 4 20
10 11 2
16 19 30
14 16 29
14 16 15
3 4 30
10 14 3
17 19 20
16 20 23
22 1 11
14 16 6
9 10 18
13 15 18
22 1 25
17 19 13
22 0 13
0 3 11
23 3 29
19 21 27
6 7 20
3 5 25
12 14 14
3 3 16
1 1 15
23 0 30
17 21 5
2 5 20
8 9 22
8 9 23
18 19 15
13 14 13
5 7 17
4 6 16
13 15 6
9 11 10
8 11 4
8 9 24
11 11 16
3 4 2
18 19 21
3 6 26
10 14 16
10 14 13
13 14 12
15 16 4
21 21 2
1 1 27
5 8 1
10 13 9
4 8 17
11 13 3
13 14 21
23 0 3
9 12 11
8 9 26
5 7 24
15 19 12
22 1 1
22 23 20
2 4 26
10 12 22
3 3 27
21 23 27
6 7 24
9 10 6
20 22 19
17 18 25
21 23 15
13 16 20
17 19 17
6 9 18
15 16 22
21 0 10
8 11 19
22 0 13
17 19 15
22 23 9
8 11 17
5 5 3
23 1 6
16 19 5
17 20 22
19 20 8
4 8 28
5 6 21
19 20 11
0 3 19
22 23 23
17 19 6
13 15 23
8 9 30
13 15 3
4 7 2
21 23 21
6 8 11
22 0 27
13 15 3
0 2 20
15 17 16
4 6 7
17 18 26
22 0 16
18 20 28
15 17 20
17 18 18
13 15 6
9 11 19
14 18 15
15 18 28
6 9 27
21 21 8
6 8 2
20 23 15
12 14 25
19 20 23
3 6 12
11 12 7
7 10 25
2 2 12
17 19 6
1 4 5
23 1 10
22 1 2
12 12 5
7 10 28
14 14 22
13 15 2
13 16 30
9 10 18
16 17 13
9 12 22
3 5 25
2 4 1
20 23 13
8 10 21
8 11 21
3 6 28
12 11 8
14 17 19
20 21 30
20 22 29
0 4 12
21 0 15
5 7 12
23 0 23
9 12 11
18 19 20
3 6 22
5 6 16
20 22 12
19 18 17
16 19 19
21 23 11
2 5 4
7 8 7
23 0 27
11 13 28
2 4 8
7 10 21
8 10 30
10 12 17
6 9 22
12 14 26
10 14 11
7 8 5
17 19 18
4 5 6
22 23 3
17 18 13
0 3 30
10 10 18
19 21 3
23 2 17
1 2 25
10 12 11
1 3 4
20 21 9
16 18 21
13 15 6
5 6 24
16 16 26
12 16 13
11 12 1
23 23 24
13 15 12
11 14 14
14 15 18
2 4 10
9 12 27
13 14 28
19 20 8
7 8 13
13 14 25
12 12 27
15 18 2
4 6 30
20 23 23
20 23 14
23 0 29
14 17 14
17 19 19
5 6 30
17 19 28
13 16 8
21 21 24
15 16 23
2 1 12
9 12 4
18 22 17
4 7 20
10 11 14
19 21 4
19 21 9
21 0 9
8 9 4
3 4 16
12 14 25
1 3 7
0 1 5
14 14 1
10 12 4
10 12 1
2 4 29
3 5 10
5 5 12
23 3 2
13 15 28
11 14 21
5 7 13
17 18 27
11 14 26
20 22 27
23 1 19
11 12 25
15 17 3
3 5 20
10 12 17
12 14 18
15 17 3
9 11 18
3 5 29
4 4 7
11 13 27
19 21 27
11 13 12
6 7 16
5 7 18
19 20 28
9 11 26
6 9 26
23 2 9
20 23 5
0 3 5
6 9 12
21 23 29
21 0 25
16 18 5
4 5 24
11 13 16
21 0 20
13 14 15
9 13 29
18 21 14
9 10 1
2 5 5
14 16 24
6 10 21
16 19 30
18 21 3
3 6 27
18 18 19
8 11 20
0 2 25
15 15 15
20 22 17
9 11 11
9 10 28
17 19 6
8 10 4
12 13 27
19 22 18
22 0 18
18 19 15
12 13 8
18 21 8
10 13 16
2 5 3
7 8 13
22 0 19
10 12 28
22 22 3
6 9 2
10 13 2
19 21 16
15 18 18
11 13 1
1 3 30
21 23 11
5 7 22
16 17 13
21 0 29
15 18 2
2 6 30
15 19 15
7 9 27
8 9 10
13 15 9
20 22 19
3 5 3
12 13 28
7 9 4
4 5 19
2 5 14
1 4 4
23 0 24
15 17 3
10 12 12
19 21 8
15 16 28
8 12 22
23 2 26
15 16 4
12 14 15
14 15 26
16 18 20
0 2 2
5 7 4
8 10 3
20 21 4
3 6 27
5 9 16
3 7 14
21 23 7
11 13 9
3 4 9
12 14 8
13 14 23
15 19 13
2 4 17
16 18 24
20 22 18
8 11 11
4 6 21
5 6 14
19 22 19
22 23 5
20 20 16
0 2 29
20 22 9
16 17 20
15 18 16
14 15 15
2 4 24
21 23 18
16 18 18
0 2 5
12 11 14
3 5 11
5 6 21
17 19 20
7 8 27
11 12 11
19 22 14
23 23 23
12 13 3
23 0 17
14 17 5
14 15 2
21 22 5
10 13 12
17 19 26
4 8 3
21 23 9
11 14 19
10 12 8
13 15 13
13 16 5
13 14 26
13 16 5
19 22 26
7 7 20
0 1 1
3 6 12
8 10 11
20 0 5
14 16 25
8 9 21
18 21 6
0 3 11
1 3 2
6 9 29
12 14 9
21 22 25
16 19 30
17 18 15
14 16 8
18 20 10
1 3 13
17 19 7
11 14 25
7 10 13
23 1 16
0 4 15
0 3 14
3 4 28
0 2 23
18 20 4
20 22 27
3 6 16
14 15 12
13 16 14
1 5 1
0 1 2
19 21 4
10 12 22
16 17 15
9 11 8
14 15 17
15 17 12
4 6 29
15 17 27
16 18 30
0 2 23
2 4 11
23 1 11
12 15 14
21 23 20
7 9 20
9 11 23
7 7 19
12 13 5
19 22 23
11 12 25
7 10 11
22 23 13
8 10 12
12 14 19
9 10 2
21 0 27
17 19 24
4 4 19
18 20 10
6 7 13
6 7 18
9 12 13
22 0 28
14 16 9
15 16 10
15 17 23
18 22 27
11 14 9
0 2 23
13 17 10
15 15 9
14 14 21
16 18 6
8 11 28
6 9 15
9 11 10
17 17 28
5 5 1
9 11 29
6 10 18
21 22 10
11 13 8
6 8 19
19 20 10
13 15 11
3 7 6
10 11 29
18 19 25
23 0 14
17 20 20
21 23 17
23 0 1
10 11 3
16 17 19
6 8 3
23 1 19
10 11 18
16 18 3
6 9 18
1 3 24
16 18 4
22 0 20
19 22 24
17 18 9
11 13 14
10 13 16
23 1 12
12 14 27
19 20 3
12 15 7
19 21 24
21 21 10
4 6 10
20 23 18
17 18 21
3 5 8
11 14 18
5 7 12
20 23 23
3 6 9
10 11 9
9 10 18
17 20 23
6 9 5
16 18 3
10 12 20
15 18 10
6 9 25
13 15 13
8 11 17
13 16 27
7 9 21
18 20 18
18 20 10
7 9 15
17 19 22
20 22 9
19 22 19
16 17 12
21 23 21
10 12 24
0 2 7
23 1 3
6 10 24
9 13 5
1 2 29
12 13 25
15 18 3
17 20 15
3 5 15
19 20 18
11 12 30
11 14 10
19 23 24
20 23 3
21 0 9
14 14 3
1 3 1
7 9 30
12 14 13
1 2 22
16 17 1
13 15 18
17 21 27
23 2 5
15 18 21
9 12 10
5 7 9
7 9 30
15 16 2
20 21 15
14 17 18
8 12 2
4 5 21
21 22 29
20 0 29
21 23 13
4 5 25
18 21 13
19 20 30
22 23 29
3 5 30
0 3 7
11 12 21
13 15 25
6 7 17
11 13 13
7 9 30
20 0 8
6 8 8
16 19 13
8 12 5
7 10 19
0 1 9
0 3 22
1 2 19
22 1 7
17 18 10
18 19 7
23 0 21
12 13 22
16 19 12
10 11 11
5 6 7
14 14 2
23 23 14
16 18 10
21 0 9
0 2 21
19 20 20
5 7 13
10 13 3
1 3 3
22 0 6
5 6 13
16 17 9
18 19 5
7 8 5
19 20 5
16 19 16
12 15 6
9 10 25
14 17 11
8 11 30
12 14 5
5 7 21
17 21 8
0 5 16
3 4 28
15 16 1
3 4 15
14 17 15
8 8 22
3 5 8
22 0 7
8 10 5
4 5 14
1 3 9
3 4 26
0 1 13
23 22 13
13 13 26
7 9 18
3 5 19
15 16 27
15 18 3
11 12 27
18 20 5
6 10 4
11 13 17
0 2 12
1 2 2
13 16 4
20 22 29
8 10 2
6 9 21
1 4 26
11 14 1
7 10 20
8 12 5
20 23 19
21 23 7
13 16 2
8 11 3
1 3 22
2 5 13
22 0 19
14 16 4
12 15 14
8 9 29
21 0 25
3 4 15
17 19 29
6 8 5
0 2 23
10 10 24
18 21 27
1 3 7
19 22 22
4 6 29
22 23 20
21 23 24
14 16 20
0 3 10
14 17 11
23 1 24
17 18 11
16 19 30
12 14 26
10 12 10
8 11 25
11 12 12
3 7 28
11 13 14
10 13 8
1 1 27
13 15 3
20 22 20
11 15 10
4 7 30
14 15 19
17 19 1
22 0 30
14 14 21
1 2 23
20 21 30
1 2 1
17 19 11
2 5 16
20 21 20
3 5 22
17 20 11
12 15 1
3 3 21
3 4 24
23 3 26
1 4 14
20 22 19
10 11 27
18 21 9
1 2 20
9 10 10
1 4 5
1 2 10
12 14 3
9 11 19
4 6 25
7 9 20
14 18 8
4 5 23
0 3 12
5 7 15
20 21 24
23 1 1
5 6 1
4 6 1
17 18 19
22 23 11
16 18 15
20 22 27
21 23 30
15 17 18
17 18 20
17 18 23
22 0 7
22 1 13
9 11 24
20 21 29
6 6 25
1 4 13
10 12 24
21 21 1
2 3 3
6 8 27
5 6 25
16 18 21
0 3 16
11 12 10
23 1 4
19 22 6
14 17 18
23 1 24
8 9 19
3 3 20
17 20 28
6 8 15
7 8 17
8 9 29
12 13 24
7 11 28
9 10 9
17 18 7
18 19 3
12 14 29
4 5 11
10 12 15
23 1 14
16 20 9
7 9 3
13 15 27
18 20 15
6 6 4
21 23 8
19 21 7
2 5 21
21 23 11
4 5 10
21 0 1
12 14 12
19 19 12
8 9 30
12 14 28
4 6 19
1 3 27
17 19 10
0 1 21
4 5 3
6 9 3
18 20 11
17 18 25
21 23 28
1 2 11
10 12 11
22 1 7
21 23 28
0 3 3
12 14 3
0 1 30
2 3 29
2 4 23
23 23 23
17 19 12
3 6 11
19 22 3
22 1 24
22 0 10
5 7 5
17 19 11
15 19 7
2 5 22
11 12 9
6 7 20
13 15 23
11 13 16
18 21 20
21 22 1
22 0 3
14 17 26
15 19 29
7 10 12
22 1 17
23 23 27
7 8 9
16 17 1
19 22 2
20 23 14
13 13 23
22 1 9
9 10 23
13 14 17
13 15 26
20 21 30
11 14 11
0 1 27
8 10 24
9 10 3
20 22 9
2 4 2
12 12 8
18 20 19
1 4 28
19 23 10
6 8 18
15 17 27
21 23 8
13 15 22
12 15 25
15 18 18
21 22 10
1 4 17
12 15 30
1 3 29
23 1 29
20 22 12
8 8 7
5 8 4
7 8 20
16 18 2
13 16 28
7 10 6
0 3 29
8 11 28
6 8 14
22 0 2
1 3 3
4 6 11
12 14 9
16 19 2
0 2 19
12 14 24
22 0 19
21 23 9
6 7 3
10 12 21
6 8 17
10 11 29
23 0 8
0 0 12
20 22 22
3 4 17
14 17 14
18 18 24
22 23 18
7 9 2
14 13 25
18 21 20
22 0 12
8 8 17
8 11 27
15 19 14
16 18 12
23 2 19
13 16 28
12 12 24
12 13 17
8 9 7
16 18 7
13 14 5
3 5 12
23 1 3
6 9 30
18 21 8
1 2 27
9 11 8
0 0 8
23 0 13
22 0 29
10 13 7
6 9 10
12 14 6
4 5 27
0 2 22
21 0 24
6 10 27
12 15 3
1 3 19
9 12 18
9 11 3
14 15 8
6 7 26
12 15 14
0 3 15
18 20 8
4 5 6
19 22 26
4 6 28
3 5 20
21 21 13
20 22 4
8 11 10
22 0 24
11 13 18
15 15 25
13 16 16
8 11 10
0 2 21
1 4 26
2 4 23
8 9 2
19 22 22
16 18 23
23 1 14
14 16 29
13 16 14
15 17 24
16 18 10
5 8 17
0 3 10
17 18 7
14 16 20
20 22 12
8 10 4
13 15 15
4 6 15
7 6 4
16 19 26
18 19 12
21 23 26
13 16 2
19 21 12
4 6 23
18 20 6
16 18 7
1 4 7
23 2 23
4 5 13
5 8 29
2 2 15
17 19 15
15 16 30
18 20 14
23 23 20
16 18 4
23 0 3
21 22 26
11 14 16
14 16 29
19 21 15
5 8 7
11 12 23
18 20 3
7 8 18
8 10 13
11 15 25
15 17 25
13 15 6
0 3 16
14 18 28
4 6 9
4 6 29
23 1 23
16 19 24
19 21 21
19 21 23
14 16 2
7 8 2
19 19 23
18 21 10
23 0 16
19 21 8
21 22 9
19 21 26
19 21 3
12 13 13
5 7 8
11 13 24
1 3 1
13 15 3
1 2 28
19 22 16
7 9 7
14 17 14
11 14 26
9 12 8
16 18 1
19 21 21
5 6 15
21 23 13
13 15 17
14 16 13
10 14 8
5 8 22
15 17 6
13 15 23
20 23 7
22 1 21
9 10 6
19 21 6
14 14 28
5 7 22
7 8 18
17 19 3
3 4 1
10 12 18
6 8 11
18 18 5
12 16 7
8 9 12
4 5 26
12 15 29
7 7 22
10 13 16
17 19 14
21 0 23
7 9 9
16 18 4
6 8 8
9 11 11
2 3 10
2 5 19
3 6 1
23 1 11
20 21 14
0 2 21
19 18 11
3 4 2
3 5 23
5 8 11
12 14 13
18 21 15
2 3 6
9 13 22
2 5 9
12 14 20
3 6 1
16 18 8
8 10 2
21 23 23
6 8 28
2 3 24
14 16 14
20 23 3
9 10 7
7 8 18
11 14 21
11 13 6
12 14 8
16 18 9
7 10 15
1 3 29
22 2 20
9 9 14
11 14 25
16 18 2
18 19 29
3 6 28
16 19 16
3 5 6
13 15 10
1 4 16
9 9 20
20 23 28
11 12 2
7 10 6
14 15 28
16 18 21
4 5 15
1 1 9
15 17 14
17 20 20
16 19 13
12 14 22
5 7 8
17 18 6
1 2 2
17 21 7
17 20 20
8 10 18
3 5 8
18 19 15
5 7 19
13 14 2
5 8 5
5 8 24
0 2 28
7 8 24
2 4 5
4 6 17
20 23 15
1 3 6
23 1 12
1 4 13
12 15 2
15 15 19
2 5 5
18 17 1
19 21 20
18 20 30
5 7 21
1 3 11
11 12 10
10 11 9
8 9 26
17 20 6
8 10 20
14 16 24
6 10 20
13 13 28
1 3 20
10 12 20
12 15 5
21 22 10
14 16 5
13 14 8
11 11 29
20 22 10
12 14 22
2 5 13
1 4 24
18 20 20
14 16 25
14 16 13
18 20 26
18 19 25
12 13 14
6 7 17
19 20 16
18 21 11
23 1 29
1 2 12
10 12 4
5 6 8
8 10 22
16 17 18
1 4 13
7 8 11
0 1 11
23 0 23
7 11 2
16 17 4
6 8 18
9 11 30
20 23 17
11 13 1
7 10 15
8 9 19
6 7 8
6 8 15
13 16 25
2 5 11
14 16 20
0 2 20
18 20 6
4 6 8
2 3 20
20 22 29
7 9 7
10 11 15
6 9 9
18 20 13
15 18 24
8 11 1
2 5 15
18 21 22
5 6 17
10 12 9
20 22 1
15 17 5
11 13 18
15 17 9
4 7 30
19 20 3
2 3 23
1 3 1
15 17 20
3 6 2
11 14 8
7 7 20
8 11 1
11 13 21
20 22 27
1 4 18
0 2 10
3 4 4
21 22 17
6 8 29
23 23 23
9 10 13
13 15 7
23 3 21
2 5 26
1 2 5
2 4 26
19 21 21
16 18 21
7 8 6
8 12 1
11 13 16
11 13 9
12 14 24
10 11 24
15 19 3
10 11 18
8 10 25
8 10 21
6 7 28
1 1 27
0 3 12
10 13 26
12 14 9
8 11 12
23 1 23
3 7 6
13 15 7
14 16 21
14 15 29
17 20 6
21 23 1
22 22 30
1 4 18
23 4 17
5 5 1
1 5 3
20 0 9
4 6 29
3 5 26
19 21 15
15 18 23
9 12 16
12 14 23
2 2 23
10 11 23
22 1 14
5 8 10
4 8 5
5 8 14
19 21 12
17 20 3
18 20 7
21 23 9
16 19 28
5 7 11
0 1 27
16 20 4
14 16 15
16 18 17
22 22 16
16 18 21
19 21 19
3 6 2
13 15 29
17 20 23
7 9 23
13 15 5
16 19 27
4 8 21
6 8 10
21 21 13
3 6 13
23 2 20
19 22 14
21 22 2
21 23 1
12 13 6
5 8 2
8 10 1
3 3 7
16 18 2
7 9 15
19 21 24
2 5 17
23 4 13
13 15 12
15 18 26
23 1 11
2 5 17
1 3 27
21 23 13
8 9 21
19 21 8
1 5 29
12 15 22
21 0 4
11 13 8
6 7 16
6 7 30
8 10 30
21 22 19
8 12 11
18 18 5
13 16 29
5 6 4
13 15 17
7 9 20
7 9 17
7 9 6
7 9 10
22 2 17
14 17 29
19 21 20
21 23 11
14 15 7
18 20 25
16 18 16
18 19 30
20 22 20
9 10 9
15 17 16
20 21 12
23 0 10
14 15 17
5 9 12
2 2 12
7 8 6
18 19 30
3 4 28
17 17 8
7 9 18
9 11 19
4 5 17
21 23 28
16 16 25
15 18 24
20 21 18
22 22 23
9 9 8
6 7 4
22 0 19
13 17 12
5 5 4
14 16 12
0 3 7
5 5 20
0 3 24
7 7 26
23 2 2
22 0 8
3 4 5
0 1 23
16 20 22
5 9 15
0 1 9
21 23 23
1 4 20
3 6 29
15 16 12
3 4 13
12 14 19
11 13 1
1 1 30
14 16 20
18 21 24
16 19 4
19 20 4
13 14 23
2 5 11
22 0 20
12 14 2
22 0 16
18 19 15
0 2 14
21 0 15
2 3 14
20 23 15
3 6 22
12 14 2
20 21 7
7 10 21
7 8 20
3 6 17
1 3 20
15 17 17
22 22 6
5 7 6
1 2 24
17 19 14
4 5 12
16 20 27
15 18 6
18 19 7
19 22 17
23 1 17
4 7 7
18 21 6
10 11 16
23 2 8
23 0 17
10 12 25
16 19 16
23 23 3
16 18 6
15 17 1
21 1 8
0 2 19
2 3 28
4 5 2
4 7 13
6 8 11
11 14 12
8 10 21
4 5 19
8 10 22
20 23 26
12 14 23
18 20 28
8 10 6
11 13 24
0 2 2
17 20 13
0 1 4
1 1 1
5 7 5
21 22 29
4 8 11
3 3 29
14 17 12
14 17 11
19 23 21
10 11 11
9 11 18
11 12 28
22 0 22
9 12 10
3 5 17
11 12 27
13 16 13
5 6 1
18 21 7
13 14 25
10 11 7
5 7 5
14 16 7
22 0 7
11 13 11
14 16 18
0 0 8
20 22 8
11 12 24
14 16 30
8 11 16
21 0 24
7 8 19
5 6 22
10 13 7
11 13 29
1 4 13
3 4 21
3 6 10
20 23 11
2 3 8
14 15 25
8 13 29
16 17 26
2 6 25
10 11 4
9 12 13
2 3 20
5 6 22
9 11 29
10 12 11
9 13 27
15 18 21
8 10 3
14 16 21
5 8 22
9 13 16
0 1 13
6 8 24
3 6 24
7 10 10
15 16 20
16 17 7
1 4 10
0 1 25
9 11 13
7 9 10
20 21 14
18 21 13
15 17 23
23 1 29
19 21 11
15 19 1
5 6 12
22 1 1
14 17 1
11 14 9
19 20 4
20 22 12
15 17 18
0 3 16
7 10 15
11 13 24
0 1 22
18 21 19
16 19 19
20 22 8
19 21 18
4 3 29
20 23 25
1 5 24
5 6 9
21 23 7
11 13 19
22 0 20
3 4 8
12 13 30
10 13 4
6 8 27
4 7 14
19 21 17
16 18 16
22 23 7
19 20 26
1 4 5
10 11 22
23 2 23
23 0 22
9 11 29
5 7 20
21 23 12
10 12 10
12 15 16
22 2 3
6 8 9
23 2 12
23 0 20
14 15 14
18 21 29
6 9 7
9 11 8
21 22 2
4 7 28
6 8 13
16 18 6
0 3 18
5 9 15
13 15 2
10 12 8
5 6 10
2 5 14
3 5 22
5 7 18
0 4 1
10 13 11
14 17 12
3 5 18
18 20 27
7 10 21
17 19 12
3 5 29
15 17 11
23 1 18
4 7 2
20 21 9
15 17 7
16 18 24
7 10 2
5 7 14
16 18 17
20 22 14
14 17 15
23 1 9
10 14 6
16 17 16
7 9 16
5 6 15
6 8 3
2 3 14
11 14 29
14 17 25
23 1 6
7 11 7
1 4 16
7 9 20
23 2 9
23 1 22
21 23 27
18 19 5
16 16 2
11 14 22
6 7 9
14 17 9
16 17 8
1 1 28
12 15 7
15 16 13
12 14 23
20 23 26
11 13 20
9 11 17
19 21 12
23 1 26
23 0 18
14 15 18
14 16 15
13 15 22
10 12 23
4 6 11
13 16 12
16 18 19
18 19 13
18 19 8
16 19 28
13 15 14
6 8 29
9 12 5
13 14 14
15 16 25
4 7 14
0 2 11
8 9 24
7 10 17
11 13 19
4 7 24
14 17 27
17 19 15
2 3 1
13 14 23
17 19 30
3 7 2
19 21 8
19 22 22
20 21 25
14 16 13
14 16 12
9 8 28
5 8 27
20 22 15
15 17 6
23 1 19
21 22 11
11 13 16
18 19 25
2 4 5
22 23 12
21 22 17
14 17 21
0 3 3
10 14 25
9 11 3
14 16 3
22 23 9
10 13 29
7 8 26
18 20 11
18 20 18
3 4 26
15 17 10
4 8 3
6 8 23
9 10 7
23 0 8
17 18 16
4 5 2
13 15 19
20 21 22
18 19 27
19 20 10
8 9 23
0 1 22
7 10 11
0 0 17
19 20 4
5 7 18
15 18 5
9 10 23
1 3 16
14 14 2
0 2 11
14 16 3
8 12 16
18 20 14
21 0 16
6 5 30
21 0 17
5 8 16
20 22 20
12 12 19
20 22 2
18 20 11
13 16 5
21 23 6
12 13 13
21 23 8
12 16 11
1 3 19
8 11 14
6 9 10
11 13 1
4 8 30
18 20 12
10 13 23
11 12 23
15 16 17
11 13 1
3 8 11
18 22 7
15 16 26
1 3 8
9 10 4
14 16 30
22 0 18
5 6 6
3 5 25
16 19 26
8 10 27
20 21 28
1 4 10
5 7 30
22 0 24
5 6 25
11 14 1
10 13 1
7 9 23
9 11 14
21 0 4
20 20 12
2 6 10
12 15 12
21 21 29
4 7 5
3 5 12
6 8 1
8 11 7
16 19 27
0 2 27
6 8 10
6 7 9
1 2 15
20 21 18
16 18 6
18 21 21
13 15 13
18 20 13
0 1 2
12 14 10
18 21 18
21 23 27
23 1 19
22 0 10
14 15 11
3 3 11
22 0 6
4 6 28
17 22 6
1 5 20
4 5 5
1 4 4
0 1 17
0 2 11
20 23 18
15 17 25
22 0 1
19 20 16
8 10 11
8 9 4
23 1 11
8 9 26
7 9 4
6 8 24
4 7 1
17 20 14
3 5 6
14 15 11
6 7 17
21 23 18
15 18 3
9 11 11
12 15 17
19 19 29
4 8 8
5 7 2
4 7 19
13 14 28
8 10 22
4 6 14
12 15 5
16 19 19
6 7 17
16 19 30
6 6 9
16 18 20
9 10 5
20 21 14
5 7 18
12 15 28
6 8 21
19 22 15
17 19 27
1 5 3
2 3 3
2 5 3
20 23 6
15 17 29
0 3 2
2 4 17
19 21 18
9 10 20
15 17 2
4 6 11
16 18 28
21 0 25
13 16 5
15 16 13
22 0 18
5 6 26
14 18 28
5 7 4
22 1 12
19 23 11
23 2 25
1 3 8
5 7 10
8 10 2
16 17 3
18 20 29
20 23 14
2 4 27
13 15 23
9 11 26
11 12 17
19 20 8
13 15 26
22 0 13
2 4 24
5 7 8
3 5 19
19 21 10
2 5 10
0 1 28
11 13 30
3 4 24
9 12 6
19 21 4
15 15 4
20 21 5
17 17 3
1 4 27
18 20 17
20 21 7
21 23 27
0 1 20
18 19 18
0 2 30
4 7 25
14 16 30
5 6 21
20 23 6
21 22 22
13 13 4
4 7 10
16 19 10
4 8 2
18 19 24
19 22 9
0 2 21
18 20 5
13 16 20
8 10 11
13 13 14
7 9 18
4 7 28
20 23 29
12 14 24
8 10 17
1 4 24
15 17 20
0 0 7
20 21 12
11 11 4
21 22 14
8 11 27
21 0 22
8 9 20
11 11 13
23 2 10
23 0 1
13 15 7
12 13 7
23 1 9
14 17 21
14 17 9
16 20 16
0 2 4
7 9 8
1 4 30
6 8 23
14 17 1
1 1 28
11 11 6
18 18 23
15 16 7
21 23 19
15 18 7
15 18 23
7 7 17
16 20 5
1 4 29
3 6 26
15 16 29
4 6 6
5 7 24
15 16 18
0 2 21
17 20 15
18 21 20
13 17 10
9 11 19
19 21 23
18 18 23
9 10 21
15 17 17
21 1 5
20 21 5
2 6 14
16 17 17
1 2 24
14 16 26
4 5 6
16 17 2
12 14 19
8 11 12
18 19 29
13 17 15
8 12 25
21 22 10
13 13 5
9 10 2
2 4 16
3 3 20
11 12 4
20 22 8
21 21 6
17 19 16
8 10 6
22 1 14
14 15 22
17 20 4
0 1 14
16 19 28
21 22 21
3 5 21
18 19 14
11 11 30
6 10 19
23 2 20
6 7 24
21 22 29
18 20 13
5 6 11
17 20 18
16 19 3
22 0 13
6 10 8
10 12 28
9 11 24
4 5 18
13 14 23
14 16 12
5 9 30
13 16 8
0 2 21
23 3 16
15 16 29
13 14 23
2 3 20
3 7 2
23 1 24
2 5 22
8 10 21
2 3 25
8 10 18
4 7 26
20 22 3
21 23 22
14 17 21
16 18 11
18 18 27
14 14 15
11 11 28
2 3 28
11 13 3
16 18 17
5 7 23
14 16 10
7 10 30
14 16 28
5 6 26
17 18 30
20 22 28
22 23 24
6 9 28
1 3 2
0 2 27
16 18 7
16 17 24
5 8 12
12 13 1
0 2 5
14 16 25
2 2 6
17 20 9
12 15 6
16 20 4
17 19 21
0 1 23
23 2 3
6 8 13
1 4 25
7 9 30
3 5 27
22 2 11
15 16 24
8 9 1
6 10 8
8 9 12
19 23 7
13 13 12
8 11 9
0 2 6
11 15 25
0 0 12
23 2 20
3 6 25
0 1 10
5 7 23
5 6 10
6 8 24
6 8 17
17 18 13
22 23 26
5 8 5
22 0 25
3 6 20
10 13 7
19 21 8
19 21 15
8 7 2
3 5 20
4 7 7
8 10 30
7 9 25
15 17 30
7 6 28
19 22 26
22 23 19
4 7 22
19 22 22
18 20 29
8 11 12
6 8 7
19 21 6
17 20 20
7 10 17
18 20 6
7 9 30
16 17 6
0 0 20
6 8 14
19 22 20
15 17 28
17 17 10
6 8 22
4 6 27
1 2 17
19 22 9
2 3 20
2 5 15
13 15 15
19 22 25
21 21 2
5 8 14
15 17 2
20 20 30
4 4 22
21 22 6
8 10 19
14 16 18
15 17 21
14 15 21
8 10 28
21 23 27
8 9 30
1 4 23
22 22 24
15 15 11
2 4 6
1 3 10
11 13 15
17 20 12
4 5 20
7 8 19
11 15 19
19 21 15
18 19 3
0 2 8
16 20 13
9 11 26
11 11 4
3 5 17
20 22 9
1 4 6
21 0 6
17 19 5
17 19 23
21 23 16
3 5 26
1 3 17
16 17 29
11 15 24
9 10 21
5 8 23
23 2 29
6 7 30
11 14 16
5 6 10
3 6 19
16 18 11
8 10 17
18 20 1
11 14 23
20 21 15
6 7 19
12 13 20
18 19 9
6 9 30
12 14 12
11 14 18
22 1 24
10 14 9
4 6 16
10 12 27
9 12 26
12 15 9
12 14 17
6 8 24
7 8 6
1 3 20
0 3 17
5 8 12
15 18 18
23 2 3
6 7 23
3 6 7
2 4 3
23 2 24
23 0 27
11 13 25
15 18 18
22 23 15
19 21 6
15 16 18
11 13 16
22 0 16
23 23 27
23 1 7
1 4 21
18 20 7
11 13 15
11 12 23
5 7 6
23 0 29
17 20 5
21 21 22
18 21 13
10 10 9
18 22 20
13 14 22
11 14 21
21 23 1
17 19 28
2 5 9
19 22 19
6 8 12
1 4 19
7 10 26
16 18 26
17 18 14
5 8 20
12 13 20
1 1 22
1 2 16
15 16 4
14 14 23
18 20 4
11 12 23
8 10 21
8 9 14
8 9 30
13 15 17
5 8 30
1 2 6
11 13 8
10 12 24
4 7 17
16 20 23
6 10 29
19 20 7
21 22 15
20 22 17
6 8 2
12 14 2
21 23 26
15 17 4
2 5 18
9 11 8
23 1 24
11 13 23
6 8 4
1 2 5
9 12 3
4 6 21
5 6 9
6 8 15
9 11 17
0 2 23
20 22 16
2 8 16
14 16 15
13 13 22
2 5 20
5 9 28
1 3 7
1 5 24
19 19 23
23 1 22
12 15 3
19 23 22
6 7 12
21 1 25
8 11 13
22 0 3
11 15 13
1 4 8
16 18 20
11 13 15
15 17 2
10 12 7
8 9 24
1 4 27
2 4 28
9 11 25
22 2 13
22 0 27
12 14 16
4 7 18
12 14 8
13 15 4
18 19 6
15 17 26
19 22 9
1 5 19
7 9 21
17 20 10
9 11 1
23 1 12
5 9 24
0 3 25
0 3 2
21 0 25
1 2 22
5 7 25
6 9 24
9 11 30
1 2 28
17 18 24
5 9 1
4 6 4
22 2 14
13 16 24
6 8 20
23 1 23
11 14 21
13 15 19
10 12 14
17 21 18
23 23 8
3 5 29
1 5 11
15 16 1
3 5 27
5 8 9
20 22 10
11 13 30
14 15 3
11 13 16
8 10 2
8 10 1
11 15 6
13 17 6
20 23 28
22 1 29
2 3 8
4 6 25
8 11 17
3 5 28
12 14 14
8 10 21
21 0 5
7 7 8
2 5 21
23 3 10
23 1 18
9 11 8
20 23 25
10 11 16
8 10 11
18 21 16
15 18 8
3 5 10
4 6 4
15 14 10
8 10 21
13 14 9
3 5 17
9 11 7
9 9 29
15 16 6
12 14 14
18 19 20
19 22 23
4 7 25
14 14 14
11 13 26
3 3 13
13 16 17
13 14 28
20 22 26
11 13 27
5 7 29
2 6 6
0 2 1
23 0 26
14 15 5
4 5 23
4 7 16
2 4 15
17 21 17
19 21 7
4 8 7
15 16 22
7 10 21
20 21 29
7 9 18
13 16 17
17 17 5
14 15 7
12 15 26
21 21 26
10 11 22
1 1 25
9 10 23
2 6 5
12 14 1
17 19 17
13 14 10
8 11 27
11 13 16
21 23 22
16 18 5
2 5 16
21 22 29
4 7 6
0 1 13
8 9 27
21 0 28
22 0 4
17 20 7
11 13 13
10 11 16
9 11 22
2 5 4
16 18 26
11 14 19
17 17 22
19 22 10
9 11 25
7 9 6
8 10 4
10 12 20
14 15 13
11 14 3
13 16 17
10 12 18
3 5 12
6 9 1
0 2 18
10 11 9
21 23 5
1 3 26
16 19 15
18 22 28
15 17 8
18 20 5
19 21 15
11 14 29
15 18 26
7 9 10
5 6 25
0 3 16
13 15 2
19 23 13
17 20 20
12 15 17
18 21 23
18 20 25
9 9 9
19 19 22
15 17 25
16 18 15
11 13 8
0 2 15
9 9 27
17 19 15
4 5 1
8 9 29
18 19 7
21 22 10
4 6 2
14 15 30
21 23 6
1 2 17
22 1 8
16 19 10
13 15 10
8 10 27
13 15 24
9 12 3
12 14 10
20 20 29
5 6 5
18 20 23
18 19 17
5 7 5
10 11 11
6 8 24
18 19 19
7 10 4
3 5 8
0 3 12
0 2 28
13 15 12
7 9 1
16 17 8
14 17 4
2 3 2
22 1 10
12 12 30
6 8 30
17 21 23
2 4 5
4 6 14
12 15 15
4 5 30
12 13 13
19 22 4
21 23 30
8 9 29
9 12 16
11 13 19
20 20 19
17 18 15
14 16 23
10 12 1
20 23 25
3 6 8
20 22 28
4 4 8
16 19 28
9 11 28
10 12 1
21 23 22
20 22 14
11 13 12
12 16 4
5 6 3
2 4 28
10 11 9
8 11 1
13 15 13
23 2 30
15 17 23
17 18 18
21 0 5
6 8 16
21 22 8
2 2 3
3 5 27
7 9 24
13 14 1
3 5 21
11 12 6
0 5 2
11 14 23
3 6 21
15 18 13
12 11 23
3 6 22
22 1 25
22 0 25
18 20 30
14 14 5
10 12 3
20 20 6
5 7 22
19 21 15
13 14 29
9 9 25
7 8 21
12 13 3
11 13 22
13 14 27
22 1 15
10 10 30
14 16 23
20 23 14
0 3 15
12 15 3
5 5 11
1 3 12
16 19 4
15 16 30
18 20 12
14 18 18
7 10 29
22 1 17
13 15 13
10 11 29
19 21 3
16 17 8
18 19 20
21 0 20
20 22 12
17 18 20
17 19 14
22 1 28
5 6 8
10 12 1
22 1 10
1 4 10
21 23 25
0 2 14
5 7 28
17 21 18
8 11 8
5 8 16
5 7 8
1 3 19
11 13 6
17 19 26
12 14 1
4 7 6
14 16 18
23 1 30
1 3 8
0 0 6
0 1 15
3 5 2
6 7 21
18 20 21
23 0 21
13 15 23
11 13 5
5 8 27
20 23 29
9 9 8
21 23 25
2 5 4
6 8 22
0 3 13
21 22 29
15 16 9
10 11 1
1 2 4
22 1 3
5 7 27
14 16 24
5 6 28
17 18 12
14 16 12
4 7 16
3 6 15
6 7 16
23 0 23
13 16 1
11 14 7
17 19 22
0 0 24
3 5 25
19 22 1
20 21 14
23 0 9
9 11 13
20 23 12
22 1 12
22 23 30
20 22 8
2 3 10
13 15 18
1 5 19
1 3 16
8 10 24
6 8 4
11 13 11
23 2 14
12 14 30
5 6 30
16 19 5
4 7 12
15 17 28
0 2 27
21 23 16
22 2 15
2 4 5
1 3 21
23 1 28
2 5 19
13 15 28
13 15 26
7 9 16
23 1 22
13 14 23
16 20 29
18 19 22
9 13 25
12 16 13
6 8 7
13 16 2
12 12 27
15 16 14
22 1 23
2 3 21
19 22 1
15 16 3
8 11 22
20 21 27
14 15 7
21 0 28
2 4 8
4 5 27
16 17 10
13 15 29
6 9 24
2 4 11
22 22 17
8 10 8
13 15 1
1 3 13
23 23 6
12 14 10
18 21 25
3 4 12
13 13 29
14 16 3
23 1 5
3 6 16
21 21 15
16 20 20
5 9 22
18 19 5
6 7 27
16 17 28
23 1 7
19 19 16
17 20 16
4 6 17
6 8 15
5 8 12
5 8 22
20 21 13
17 18 14
20 21 4
23 2 15
2 4 22
12 15 24
18 21 19
13 17 15
10 12 6
22 2 11
21 22 8
3 7 23
8 9 22
9 10 9
9 11 8
3 6 24
6 7 7
22 0 22
20 22 18
9 11 21
19 22 23
15 17 20
1 4 9
22 0 21
4 6 12
9 12 10
10 12 2
9 11 3
2 1 8
7 8 15
9 11 22
5 7 29
6 8 11
0 1 8
2 5 29
8 11 16
4 6 28
21 22 22
4 7 14
16 19 11
13 15 2
7 8 20
0 1 9
6 8 7
15 16 18
16 19 15
23 2 20
20 23 16
18 21 7
21 22 27
21 23 17
8 10 12
13 15 15
12 15 18
13 15 21
7 10 27
13 15 29
10 13 2
7 9 27
5 8 18
6 9 6
5 7 25
19 21 19
12 16 11
12 12 16
13 13 14
19 21 15
17 18 23
6 9 19
12 15 3
12 13 27
15 16 4
2 5 23
6 9 9
13 16 24
4 6 10
19 23 6
9 12 14
7 10 9
16 18 11
0 3 30
18 22 28
20 23 9
8 10 22
17 19 10
16 18 18
2 4 28
1 4 26
13 16 13
12 16 18
2 5 27
5 5 30
1 5 28
0 1 12
7 10 8
18 20 2
9 10 25
17 19 15
0 0 30
21 21 7
1 3 3
21 23 15
3 5 19
13 16 12
14 18 21
12 15 15
9 10 6
10 12 4
13 16 18
12 15 29
12 14 24
19 22 1
3 4 14
17 21 30
0 2 15
7 9 15
22 1 22
7 10 1
8 12 18
12 14 11
22 23 11
16 19 28
12 15 19
10 13 3
12 13 19
7 11 13
13 15 17
21 23 6
0 2 29
9 11 7
19 22 7
2 2 11
19 22 6
12 12 14
9 11 4
12 14 17
3 3 13
10 12 7
5 6 26
6 9 26
0 3 2
18 20 7
12 14 12
8 9 13
9 11 21
23 0 16
6 8 24
16 18 15
15 16 2
18 20 3
18 21 8
8 9 7
10 12 3
9 11 25
3 6 16
21 0 22
12 15 14
7 9 15
9 10 29
20 22 14
20 21 29
11 11 15
3 5 26
7 9 1
0 2 3
2 3 22
18 21 30
18 18 19
10 11 6
22 1 14
8 9 26
9 11 7
11 12 30
21 23 25
23 1 25
18 21 15
0 3 5
3 4 8
4 7 20
12 14 12
0 1 21
20 23 6
7 10 19
11 13 14
23 0 14
2 4 21
14 14 16
13 14 8
16 16 1
0 2 27
13 17 30
21 22 11
15 17 7
23 1 1
6 9 9
13 16 23
2 2 5
13 13 23
18 22 20
15 17 28
12 15 22
1 4 9
6 8 22
10 12 8
13 13 7
21 23 21
8 10 22
21 23 27
11 13 7
14 17 30
5 8 7
0 1 30
20 23 7
3 3 27
8 9 21
9 11 9
10 11 17
11 14 10
3 4 24
0 2 7
5 6 28
14 16 19
13 14 26
16 20 22
17 19 20
15 18 14
9 8 27
14 16 9
18 21 12
19 21 12
10 14 16
7 8 3
3 4 8
5 6 21
12 14 9
13 16 4
4 7 25
9 11 7
4 7 28
5 9 8
20 23 3
13 14 21
5 6 24
18 20 10
11 12 25
10 13 22
8 11 20
20 21 17
7 7 26
3 5 10
11 13 2
3 5 8
12 15 28
2 3 28
12 12 28
19 22 10
20 23 10
7 9 16
21 0 10
14 17 9
19 19 12
14 17 5
18 21 22
2 4 25
5 8 12
19 21 24
8 12 13
18 19 22
22 23 10
16 18 3
12 14 7
13 16 10
9 14 8
2 5 4
18 21 2
4 7 16
6 10 29
6 7 14
3 6 2
10 12 20
23 1 30
15 16 18
22 23 3
21 23 22
7 9 14
3 5 11
20 22 8
8 9 16
22 0 15
1 0 24
23 0 1
20 0 12
5 8 21
17 18 3
20 22 28
12 13 26
15 17 6
19 21 16
10 12 12
20 22 22
21 23 2
14 16 3
9 10 29
23 0 14
14 17 21
11 12 13
12 15 21
17 21 9
2 4 27
18 20 3
6 9 29
22 23 2
3 5 30
21 23 10
3 6 4
19 20 20
13 16 19
4 5 21
14 16 5
4 8 8
7 8 14
7 9 18
22 1 20
2 1 25
2 5 7
9 11 26
11 14 22
14 15 22
5 7 5
13 14 27
23 1 9
14 14 15
0 1 16
4 7 20
17 19 22
19 21 12
10 12 28
16 17 7
4 6 16
8 10 3
3 5 25
20 22 19
20 22 24
3 5 20
1 4 7
23 0 22
1 3 26
1 1 5
3 5 6
22 1 29
7 9 13
22 23 12
14 17 6
19 21 20
19 21 28
17 18 6
18 18 13
0 1 10
1 3 21
15 17 10
8 10 25
23 23 1
4 7 19
0 2 2
4 7 25
15 18 13
4 6 6
3 6 23
13 15 13
6 7 11
8 8 15
21 0 23
0 1 18
17 18 7
17 19 17
16 19 5
4 4 17
17 18 12
21 22 17
20 0 24
0 3 12
12 14 24
4 6 26
4 6 20
1 4 8
6 8 11
1 4 21
14 15 11
5 8 3
1 3 3
17 19 17
4 8 1
16 19 29
10 14 27
22 2 23
18 20 12
13 14 13
5 8 30
17 17 1
3 5 9
15 17 21
21 23 19
6 7 24
5 7 19
6 6 30
4 7 13
18 20 13
20 20 23
3 5 12
6 8 19
3 4 23
12 14 17
19 20 9
19 21 25
2 5 19
6 8 20
7 9 21
15 17 2
1 2 16
14 18 3
16 20 28
0 1 30
17 19 5
6 9 17
6 8 4
18 22 1
16 18 13
5 8 12
2 3 16
1 2 14
0 4 26
19 21 5
13 13 27
0 2 22
5 7 3
18 20 16
6 9 18
21 23 29
20 21 10
20 22 24
3 6 21
23 2 26
11 15 27
18 19 1
6 9 26
14 16 11
19 20 17
0 3 21
17 18 21
3 6 6
16 17 27
15 17 23
6 8 13
21 22 29
0 1 12
19 21 25
20 20 20
18 22 11
15 17 15
14 16 16
20 22 17
0 2 27
21 23 1
18 18 2
8 10 15
0 3 28
5 6 4
19 21 3
18 22 30
22 0 20
1 3 11
19 23 14
22 0 10
3 5 12
13 15 22
8 9 17
4 6 17
9 11 28
11 12 30
23 1 15
7 9 29
15 18 13
9 10 5
10 12 28
2 3 25
2 3 6
17 20 18
17 18 12
7 9 24
19 21 1
6 10 21
1 4 10
23 0 24
23 2 5
1 0 20
8 10 16
16 18 14
16 17 1
15 17 9
12 15 12
15 17 2
9 10 11
10 11 9
10 12 10
23 2 24
9 11 26
5 8 29
16 19 24
21 23 24
18 20 14
2 4 21
7 8 21
22 0 13
19 19 17
23 2 16
20 23 25
6 7 12
0 1 5
4 8 28
2 4 17
16 17 7
19 21 23
18 20 16
16 19 29
9 11 30
11 13 25
17 20 2
7 9 14
22 1 15
5 7 10
4 6 14
12 13 15
1 3 24
11 13 29
12 12 12
12 13 19
2 2 26
11 14 10
20 23 12
18 21 17
7 9 7
2 4 20
5 6 15
6 12 25
22 0 23
22 2 24
16 19 8
3 4 13
13 16 8
5 7 15
2 5 15
16 19 10
16 18 15
3 4 9
16 19 20
5 6 5
6 7 14
16 18 21
3 4 19
15 17 9
4 5 10
7 11 10
8 10 23
18 20 26
2 5 10
3 3 22
6 8 28
10 11 22
6 8 11
18 21 19
3 6 13
16 17 6
6 8 30
8 12 25
0 2 9
9 10 21
3 4 16
12 15 12
22 1 16
12 13 15
9 13 26
17 19 22
0 1 25
18 20 6
8 10 8
22 2 12
5 7 9
8 11 25
23 3 29
8 10 15
23 1 13
5 7 27
4 5 20
5 5 10
12 16 17
2 5 16
17 18 12
7 8 7
19 20 24
16 17 26
7 10 5
23 1 22
13 14 21
3 6 28
20 22 1
21 22 15
3 5 11
17 20 14
14 15 19
16 18 14
9 12 22
22 22 24
5 6 29
18 19 6
10 12 3
13 15 30
11 13 5
4 7 10
10 9 14
18 21 9
15 17 8
13 14 8
3 5 21
18 20 5
1 5 24
7 10 27
3 5 19
5 8 28
21 22 4
18 19 14
6 7 5
12 15 21
13 15 19
10 12 6
22 23 2
10 13 10
17 18 15
7 10 20
22 1 18
23 1 18
22 22 26
17 19 1
4 5 7
14 15 30
1 4 28
23 1 17
3 4 28
21 22 5
12 13 9
16 17 11
11 11 9
3 4 9
23 0 3
15 17 16
2 2 8
12 13 25
8 10 26
17 19 25
15 16 6
15 17 15
8 11 21
11 14 24
1 3 19
21 23 11
0 2 5
23 0 19
20 21 28
10 11 8
1 3 16
16 19 29
21 23 6
1 3 30
8 10 1
4 7 28
17 20 27
19 20 25
18 19 5
3 4 8
14 15 6
21 0 20
21 22 25
5 8 19
17 21 12
5 7 21
17 18 9
7 10 24
4 6 18
18 21 24
2 4 24
19 22 14
6 7 21
20 21 20
3 4 3
9 9 15
1 0 15
1 2 10
15 18 16
6 8 27
4 7 11
19 22 23
6 9 20
14 16 8
5 8 24
10 12 27
2 5 24
3 5 6
22 0 2
5 7 20
22 2 2
15 18 20
7 8 17
3 6 16
0 3 10
19 21 26
23 23 17
5 6 29
4 5 15
13 14 1
7 10 26
16 19 13
12 15 23
1 1 29
21 23 29
9 11 5
18 20 9
5 6 9
5 8 21
10 12 9
19 21 26
20 22 16
0 3 25
2 4 16
21 23 14
17 19 3
1 4 25
22 0 4
14 16 12
11 13 26
8 9 19
21 22 9
18 20 17
15 17 22
21 0 25
13 15 22
17 20 27
12 14 19
17 20 23
21 0 16
11 14 8
12 15 6
13 15 13
21 23 8
7 7 9
15 14 14
23 3 22
18 19 13
5 7 6
1 4 18
20 23 8
15 18 8
20 22 14
6 7 24
5 7 14
3 5 19
1 4 9
0 1 16
13 15 10
15 19 10
3 6 23
15 18 24
23 2 4
11 16 27
15 17 26
2 4 14
8 8 24
5 8 9
20 23 21
17 19 28
11 12 14
23 1 27
22 23 25
16 17 19
21 23 5
16 18 10
20 21 13
6 9 20
19 20 7
13 17 28
12 13 13
15 16 7
10 11 6
18 18 11
13 16 23
15 15 9
15 16 3
9 9 20
14 15 7
21 23 30
11 12 23
6 9 23
4 8 6
7 8 8
1 3 28
7 10 26
15 17 5
13 14 3
2 4 16
14 16 7
21 0 7
5 5 30
15 17 5
4 5 16
7 9 11
11 11 13
6 7 7
9 11 4
22 23 15
17 20 19
11 14 16
13 16 19
19 21 6
4 4 15
20 20 20
14 16 19
23 23 9
21 22 24
0 3 22
22 23 19
5 6 11
16 18 7
7 9 28
19 21 16
7 8 12
8 9 17
3 5 22
16 16 6
17 19 22
17 18 14
1 3 25
10 12 10
7 10 10
1 3 2
22 22 19
7 9 20
6 8 24
12 15 25
11 13 28
8 9 30
21 22 2
6 9 4
15 17 21
5 6 10
2 3 14
5 6 13
18 20 19
7 8 5
23 3 26
12 13 13
5 8 28
7 8 13
15 18 6
17 19 18
17 18 3
8 9 19
17 20 7
6 9 7
12 12 22
23 0 26
11 13 14
22 23 11
13 16 23
4 7 21
21 23 25
9 11 11
1 4 27
2 3 30
12 15 14
7 7 25
1 2 20
23 2 24
16 18 27
18 20 23
6 7 14
10 12 23
0 3 1
21 22 26
23 1 2
21 23 16
0 2 6
17 20 14
2 3 16
1 2 9
20 22 29
18 20 14
1 4 2
4 6 18
4 6 30
18 21 17
9 13 8
23 1 26
8 10 20
4 5 13
18 21 30
2 3 17
23 1 7
10 13 9
6 10 12
12 15 3
16 19 28
2 5 19
11 13 12
5 7 12
18 21 23
10 12 14
17 19 21
7 9 25
5 8 6
7 10 28
18 20 19
20 22 4
17 18 9
19 22 21
0 2 14
14 18 4
19 20 20
2 6 29
23 2 15
18 20 30
21 23 4
14 16 2
7 10 1
0 1 26
20 23 30
18 20 21
13 14 8
19 20 10
20 20 19
20 22 14
8 9 29
9 11 19
