4290 30
1 30 2 28 22 13 27 11 17 13 28 3 28 30 1 24 24 10 6 25 8 17 29 20 23 19 10 2 18 20 
3 3 4
16 18 21
4 5 19
9 12 10
5 6 18
21 21 3
10 11 9
15 17 11
6 8 27
23 3 2
7 8 25
19 21 5
15 15 27
10 13 7
6 10 23
17 21 6
0 2 4
7 9 5
4 5 22
14 15 22
12 15 11
11 13 5
15 17 18
12 14 29
20 22 2
1 3 19
18 20 29
23 1 11
6 9 20
21 0 16
21 22 19
11 11 9
16 16 28
13 15 5
0 1 21
5 8 18
6 8 3
5 7 19
8 12 14
5 7 25
23 23 30
15 15 26
5 7 20
7 9 18
10 11 8
5 7 2
0 3 25
22 0 10
0 2 6
2 3 23
21 21 21
1 4 21
9 10 15
12 14 25
18 19 28
21 22 8
2 3 26
11 15 7
9 10 26
7 10 15
3 5 30
15 16 23
4 7 14
4 7 18
21 23 27
2 3 3
12 12 25
7 8 18
1 3 23
11 14 1
1 4 8
23 23 28
20 23 29
9 12 26
1 3 23
1 4 19
3 6 26
15 17 17
12 15 30
11 12 16
20 22 24
9 13 23
2 4 5
6 9 12
23 1 17
20 22 10
10 12 14
12 13 26
19 21 17
20 22 13
10 13 24
1 0 17
5 6 7
15 18 29
5 7 9
12 12 13
15 18 9
15 17 25
7 11 6
1 4 17
0 2 10
15 17 22
16 17 17
6 8 17
21 22 30
1 1 19
1 4 6
13 15 27
20 21 11
20 21 26
13 15 22
3 6 13
15 17 6
8 9 15
18 20 3
23 3 27
0 3 9
4 5 6
5 8 1
23 23 28
1 4 28
10 13 20
13 14 12
2 4 28
4 7 15
20 22 3
20 0 5
10 12 2
2 3 26
20 21 12
0 1 25
16 18 24
16 19 26
23 1 27
7 10 6
15 18 7
3 4 12
6 8 7
21 22 28
9 12 4
14 16 16
22 23 24
12 15 9
0 1 20
0 1 14
22 0 7
9 11 26
8 10 1
12 15 13
8 9 4
4 7 13
19 22 23
17 19 6
15 18 13
16 18 13
15 17 13
21 23 15
0 4 1
9 12 6
13 15 24
15 17 22
17 18 14
16 20 1
15 17 2
5 9 9
2 4 8
7 11 6
17 20 29
4 7 23
15 16 20
0 3 13
17 19 5
17 18 30
21 21 18
12 14 18
8 10 17
8 12 26
13 15 6
8 9 10
9 11 26
13 15 30
7 8 5
16 19 30
23 1 22
9 11 29
19 22 11
7 9 28
11 15 17
13 16 30
20 21 16
5 4 12
6 6 9
22 23 27
2 3 24
14 13 13
16 19 18
13 15 27
12 16 14
8 10 29
9 11 16
8 10 15
18 20 21
2 2 9
23 1 14
11 13 27
22 22 29
16 17 14
19 23 2
7 9 22
6 9 16
10 13 1
14 15 11
13 14 6
21 0 24
10 11 23
16 18 9
22 0 16
20 21 7
21 22 2
10 12 11
0 2 24
15 16 29
12 15 20
21 0 17
12 16 27
23 0 29
16 19 18
19 19 15
2 3 8
18 20 6
10 13 28
0 3 30
7 8 4
0 3 21
9 13 25
7 8 12
5 8 29
0 2 11
11 11 15
20 20 2
9 9 11
13 14 3
1 4 6
9 14 29
19 22 18
6 7 24
5 7 3
8 11 21
4 6 14
7 9 29
15 17 19
9 10 27
17 20 18
13 15 29
22 0 7
22 23 25
10 12 26
20 21 8
7 8 9
14 16 4
19 21 23
0 1 5
6 8 18
16 19 17
21 23 1
7 9 28
5 5 28
6 10 6
18 19 10
19 20 11
23 1 18
5 6 27
16 17 1
10 12 1
8 10 13
2 3 16
9 9 30
0 2 11
3 6 14
13 15 17
15 16 16
17 19 22
13 16 16
13 15 14
17 20 24
20 0 8
11 12 13
3 7 1
7 9 7
19 21 18
6 7 20
15 18 18
11 13 23
1 5 15
5 6 2
8 10 26
10 10 5
17 19 15
21 23 28
10 13 25
4 4 17
0 4 9
7 10 15
6 8 4
22 1 27
13 13 21
14 16 30
22 22 22
12 14 25
6 7 21
7 11 17
23 1 4
9 11 21
15 17 28
14 15 29
19 21 27
6 6 20
23 0 16
19 20 18
7 9 28
11 13 7
17 19 14
0 3 5
10 13 24
14 15 11
19 20 3
15 16 10
11 13 29
13 15 23
17 19 3
7 9 7
18 19 19
17 19 28
20 23 18
20 22 4
1 3 2
2 4 29
6 7 9
13 16 3
17 20 14
19 23 23
23 2 14
18 19 3
11 14 12
14 15 12
15 17 28
13 14 19
20 21 9
7 11 19
4 6 11
23 1 9
12 14 6
15 17 28
4 6 7
8 8 17
18 21 17
1 1 6
10 11 30
16 17 11
17 19 25
7 8 27
1 2 12
7 9 12
0 3 15
7 10 29
12 14 27
0 1 1
20 21 4
20 22 10
5 7 30
17 19 29
1 3 17
12 13 12
9 11 12
15 18 18
20 0 3
12 14 19
16 18 28
10 12 23
14 16 10
21 0 26
12 15 12
18 20 3
5 7 30
8 12 14
0 3 12
10 12 16
7 9 15
2 2 24
0 2 22
15 18 26
12 14 27
12 14 11
3 4 19
2 4 16
12 13 8
23 1 17
22 0 28
10 14 17
5 7 28
2 3 26
0 1 26
1 4 8
17 20 22
17 17 21
14 16 30
10 13 7
15 19 25
6 9 6
4 7 28
12 14 30
20 0 25
3 5 5
3 6 2
1 5 5
11 14 4
8 10 4
8 10 30
1 3 19
22 0 24
15 17 3
21 1 9
10 13 27
22 22 14
7 9 28
8 11 4
10 13 15
5 8 19
20 21 29
21 0 29
18 18 25
2 4 1
14 14 13
5 6 8
10 11 15
17 21 26
21 22 11
3 6 3
11 14 22
17 19 29
9 12 13
1 3 27
13 16 19
8 9 24
21 23 25
18 20 4
4 7 18
0 2 12
13 15 1
16 17 1
0 4 18
12 13 9
17 19 29
15 17 21
7 10 18
11 13 14
4 7 22
10 13 29
3 7 4
18 19 29
16 19 5
14 16 22
8 11 23
18 20 4
16 21 17
19 21 1
2 4 18
14 16 22
23 23 6
9 10 28
21 23 8
22 23 9
12 15 23
11 13 30
4 6 17
13 14 23
14 15 27
13 15 27
19 20 15
12 16 9
15 18 1
23 23 19
22 0 12
0 0 30
6 9 29
22 0 28
3 6 7
23 1 11
18 20 19
20 22 14
2 5 8
11 12 23
20 22 11
21 0 21
13 14 28
23 2 1
14 17 9
14 16 30
1 3 20
1 3 12
14 16 7
13 15 6
9 11 22
3 6 22
0 2 21
8 11 27
23 0 16
9 12 6
14 17 27
10 12 17
20 22 17
5 7 2
11 14 13
0 -1 4
5 9 30
22 0 7
17 19 15
15 16 19
12 12 26
11 13 27
10 11 13
18 20 30
7 8 13
16 18 23
10 11 18
9 14 24
19 22 25
21 22 26
15 17 2
18 20 4
1 4 4
17 18 23
15 18 29
1 3 2
4 5 2
3 4 23
16 18 28
12 15 26
13 16 25
23 2 8
20 21 22
9 10 8
0 0 5
19 20 12
15 17 3
10 11 10
13 15 8
19 22 1
15 19 21
12 17 14
21 23 16
6 8 27
21 22 21
0 2 9
21 0 23
0 1 9
19 20 25
13 15 7
12 15 24
3 6 15
13 13 12
8 9 5
20 22 19
18 20 20
21 0 6
4 6 23
14 18 18
12 11 3
3 5 15
23 1 22
10 12 29
3 4 26
10 13 18
3 5 21
12 15 17
2 5 19
2 5 25
9 10 3
4 6 11
23 3 26
5 4 16
14 14 6
20 22 2
15 18 17
18 20 29
7 10 21
3 4 7
3 7 6
20 22 20
18 21 30
13 16 28
23 2 13
13 15 8
9 10 12
20 23 24
9 12 22
1 2 25
5 6 23
10 12 22
13 17 14
11 12 20
22 1 14
21 0 16
11 13 8
1 3 5
6 7 22
23 3 11
11 12 20
14 16 14
20 0 15
0 4 18
12 14 6
2 3 19
3 6 29
3 4 28
7 8 10
2 5 2
23 2 21
22 0 13
21 0 4
21 23 4
16 18 11
21 23 19
14 17 13
7 10 29
19 22 8
9 10 14
9 10 7
20 20 18
23 0 14
6 8 13
3 4 2
23 1 28
3 5 24
20 23 23
23 4 18
16 18 27
8 8 11
9 9 6
23 0 26
18 20 18
5 6 1
18 21 9
12 13 16
11 11 20
16 19 30
1 5 27
17 19 10
18 21 17
14 15 12
8 11 4
23 2 21
18 20 28
19 21 16
22 0 25
1 4 21
18 19 13
16 18 18
12 15 12
5 7 6
21 22 16
20 23 3
20 22 7
12 14 10
3 6 15
7 9 9
16 18 16
4 7 19
8 9 9
11 14 10
22 22 10
2 4 13
10 12 29
22 23 27
6 8 9
23 2 14
21 22 28
19 22 26
5 7 8
17 21 14
19 21 26
1 4 29
2 6 25
15 17 25
1 1 17
9 12 23
13 16 2
22 0 5
10 11 15
4 8 16
14 16 3
14 18 23
21 23 21
10 13 9
18 21 15
8 9 30
21 1 3
19 22 5
18 21 29
20 23 17
16 17 12
21 23 23
12 13 29
22 22 22
4 7 3
14 17 14
8 10 11
10 12 17
8 10 15
2 4 25
23 2 21
9 9 17
5 6 27
4 8 2
8 11 9
4 7 2
9 12 12
19 20 22
16 18 13
18 19 26
22 2 9
14 18 1
5 6 29
7 9 8
15 17 6
9 10 15
2 3 1
5 6 2
23 1 13
23 1 15
8 9 5
18 20 11
18 20 15
8 11 12
22 2 24
6 9 24
1 3 27
13 16 1
17 21 11
0 2 6
1 3 23
13 13 26
0 0 8
14 14 5
23 23 13
0 2 23
7 10 26
8 10 22
8 7 1
20 21 29
2 1 20
2 4 8
18 19 23
3 4 11
22 0 29
3 5 19
9 10 21
22 1 12
10 12 30
10 12 29
0 2 18
0 1 23
23 1 27
22 23 20
4 7 7
7 9 7
4 7 11
16 18 1
1 2 26
4 7 20
1 4 8
6 9 27
20 22 3
3 6 24
22 2 13
10 11 16
1 4 8
22 1 30
18 22 12
12 15 21
23 3 2
17 19 15
21 1 23
12 14 18
22 23 6
20 23 7
13 14 1
6 9 17
0 2 27
15 18 27
13 13 28
3 4 17
10 12 22
0 2 29
17 19 2
7 8 4
9 13 10
13 16 8
22 0 1
13 15 22
12 14 15
11 13 6
10 11 2
21 22 18
18 19 23
18 20 30
0 3 21
5 6 22
6 7 7
9 10 23
12 15 12
0 1 21
6 7 30
23 22 30
7 9 15
17 19 3
0 2 29
4 7 20
22 2 14
8 9 30
1 3 7
13 13 5
23 3 19
19 21 16
4 5 30
8 9 28
7 11 26
15 16 11
8 10 14
21 0 5
22 1 7
16 17 23
16 18 17
5 7 14
7 8 6
13 18 15
6 8 15
12 15 9
20 21 15
5 6 20
9 12 14
22 22 16
13 14 27
9 11 9
9 9 23
14 16 5
22 22 29
22 0 18
11 14 21
12 16 15
23 2 10
17 21 10
17 18 10
12 16 21
23 1 28
20 23 7
6 7 1
0 3 27
20 23 3
22 0 17
10 11 11
9 11 14
5 6 1
11 13 4
18 22 8
16 18 21
17 17 5
11 13 8
14 17 22
4 7 29
7 8 30
3 6 7
13 15 11
19 21 30
12 14 19
3 5 19
15 16 24
10 13 21
7 8 11
11 11 9
5 7 17
7 11 3
12 15 24
6 7 21
19 0 1
6 10 1
20 21 20
1 1 13
1 0 14
6 8 21
19 21 30
4 6 16
20 21 28
13 15 22
7 10 17
13 15 8
18 20 24
12 15 25
16 19 4
23 2 4
16 16 8
5 7 27
4 7 22
19 21 4
13 16 17
21 23 27
1 2 21
20 0 24
13 16 2
17 19 12
1 3 22
11 13 25
11 13 20
10 11 30
18 18 13
7 10 3
8 9 9
11 14 9
7 7 24
19 22 27
9 11 16
10 14 15
10 12 29
2 5 5
19 20 21
10 10 1
11 13 1
18 20 25
0 2 15
3 5 4
8 9 26
7 9 30
19 20 5
18 19 19
16 18 5
5 7 28
23 1 28
12 13 10
22 23 15
12 15 23
0 2 12
8 12 5
6 10 14
12 13 14
3 2 27
2 4 3
20 22 5
12 16 25
22 1 6
20 23 26
21 23 5
15 18 24
17 19 28
12 14 21
6 8 19
5 7 13
22 23 27
3 5 24
20 0 7
10 13 25
17 21 8
6 9 30
6 8 26
4 5 24
11 12 1
14 17 4
5 6 9
23 3 25
1 5 14
21 23 15
0 1 13
1 2 29
23 2 27
5 8 14
22 22 26
3 7 2
18 20 20
23 2 12
20 22 8
9 11 10
10 11 2
15 16 14
19 21 3
21 21 25
22 0 25
18 20 24
19 21 11
16 17 16
1 3 28
7 9 22
7 10 6
3 6 19
12 14 3
8 9 17
18 19 25
18 21 9
0 2 13
11 13 11
11 13 2
23 1 10
23 1 8
4 6 5
22 1 17
16 18 28
8 10 11
23 2 16
14 17 2
3 1 22
5 6 14
17 20 24
4 7 9
5 5 16
12 13 15
22 23 25
17 20 8
0 1 21
1 2 30
4 4 16
3 7 1
12 14 5
7 9 5
13 15 3
22 0 17
22 1 11
12 15 9
16 18 9
14 15 14
21 23 11
2 4 17
17 18 1
12 16 3
0 2 29
2 4 24
19 21 21
16 18 2
6 9 8
20 22 20
14 17 26
2 3 9
21 23 5
19 21 4
0 2 30
15 16 2
16 16 22
15 17 8
17 19 23
7 10 13
4 6 24
7 10 19
6 9 13
6 10 3
15 18 18
11 13 5
7 8 23
11 13 4
19 21 26
6 7 17
1 3 2
9 11 23
8 10 1
23 3 27
11 13 6
22 0 22
0 2 29
22 0 18
11 13 11
15 19 23
16 17 14
21 23 25
11 14 28
16 16 29
22 0 27
11 13 2
7 10 18
16 17 29
8 10 9
7 9 17
16 17 2
9 12 2
18 19 3
4 7 29
20 22 13
1 2 11
4 6 4
5 7 28
2 3 26
12 14 12
6 9 29
13 16 15
7 7 21
17 19 28
5 7 14
22 0 24
16 17 20
11 13 26
7 9 30
16 19 26
10 12 1
15 19 12
18 18 16
7 10 10
4 6 21
13 16 2
15 16 21
14 15 7
1 4 16
7 8 19
2 5 9
8 8 13
8 11 24
15 18 28
6 6 20
5 8 24
3 4 13
1 2 22
6 8 22
11 14 2
7 8 18
5 5 22
9 13 14
12 13 4
16 16 18
23 3 4
21 1 19
19 22 12
15 18 3
8 11 3
10 13 28
18 22 26
21 22 11
15 19 10
3 5 23
5 8 6
23 2 16
20 22 21
0 4 7
12 15 13
3 4 21
9 12 27
13 14 22
7 8 26
5 6 9
23 3 12
16 18 25
10 12 3
2 2 15
1 4 7
21 0 6
23 23 7
21 22 8
10 12 14
4 5 18
2 3 24
7 9 6
11 13 1
16 17 25
18 17 3
1 5 17
21 21 13
23 1 23
13 14 18
20 22 21
10 13 4
21 22 15
14 17 23
14 15 16
13 15 16
7 7 13
14 17 3
15 16 2
18 19 7
4 6 6
13 14 26
10 13 12
12 13 1
0 2 9
2 6 20
7 9 10
20 23 17
0 2 26
19 21 24
0 2 10
6 8 6
20 23 28
5 8 3
8 9 7
23 2 28
14 15 28
12 12 22
19 21 28
18 21 26
14 14 6
18 20 30
6 7 14
4 5 23
4 6 4
4 6 11
18 20 23
2 3 15
5 6 13
15 17 3
5 8 6
16 17 23
14 15 8
13 14 7
12 15 22
22 23 23
4 4 9
8 10 16
22 0 22
2 2 30
16 19 9
10 12 25
4 6 5
16 18 12
13 15 14
20 22 9
21 1 2
1 3 30
20 22 27
0 1 22
5 8 13
12 14 11
5 7 25
21 22 12
11 14 24
19 21 8
14 16 25
7 9 2
22 0 12
22 0 10
20 23 4
8 11 13
8 10 2
0 1 30
20 23 26
16 17 6
10 12 17
16 18 28
4 6 20
22 1 23
9 13 6
2 4 26
7 7 5
15 18 8
4 7 15
15 17 26
2 4 19
3 5 25
4 7 1
17 18 3
9 11 28
8 11 28
7 9 23
11 14 14
4 6 28
12 12 26
1 1 17
13 15 22
0 3 14
5 7 2
21 21 12
1 3 27
12 14 28
5 6 22
3 6 17
0 2 2
21 22 8
12 14 4
5 7 6
0 0 11
20 23 21
21 0 27
6 9 7
20 22 13
13 15 27
20 22 19
12 14 24
7 10 13
13 15 11
11 12 16
20 23 29
21 23 20
3 6 5
0 2 29
3 5 26
20 21 30
17 20 19
6 7 6
20 23 24
17 19 24
17 20 9
20 22 14
19 22 20
0 3 3
10 12 30
13 15 5
16 18 11
5 7 28
13 15 7
0 1 3
4 8 20
15 17 2
1 5 9
13 14 11
9 10 11
16 17 8
17 19 10
5 7 3
11 13 21
20 23 21
8 9 24
21 22 23
17 21 4
17 19 12
3 5 28
15 16 22
21 22 24
5 7 5
10 11 16
14 15 2
15 17 13
11 12 1
2 3 23
7 10 27
1 3 30
13 15 8
22 0 22
19 22 22
14 17 30
10 13 30
0 1 8
0 1 6
15 17 18
18 20 13
9 12 13
6 8 27
12 15 7
17 19 14
21 23 5
7 8 12
9 12 11
20 22 2
17 20 25
23 2 8
14 16 30
20 22 4
5 6 13
1 3 13
10 12 8
7 9 5
11 13 29
3 5 13
0 1 8
11 14 9
11 13 20
4 4 22
3 6 18
13 16 20
12 14 12
19 19 24
5 7 1
3 6 3
13 14 25
17 17 6
2 4 24
4 7 16
16 16 1
21 0 18
7 9 30
8 9 6
16 21 20
13 16 13
12 14 6
21 22 22
2 4 29
21 23 24
20 0 2
23 1 1
10 13 15
17 18 28
10 14 12
4 6 3
2 2 4
10 13 25
1 3 27
1 3 30
8 9 18
6 8 22
23 0 27
8 11 13
22 1 18
3 5 24
12 14 14
22 23 18
23 0 1
16 20 8
20 21 18
16 18 26
14 18 14
18 19 30
11 13 5
6 7 27
2 4 12
0 2 15
3 7 16
10 12 6
23 0 18
13 14 5
16 16 21
22 23 1
18 22 18
4 6 12
1 3 1
1 2 6
3 6 21
22 1 4
12 14 28
10 11 24
21 0 15
11 14 12
3 6 6
8 11 5
18 20 9
6 10 7
4 7 9
2 5 15
10 11 3
0 2 19
15 18 22
21 23 1
20 22 25
20 23 5
9 11 3
14 17 1
13 15 15
18 19 5
12 15 28
12 15 21
21 1 20
15 16 6
18 20 11
17 20 16
15 17 27
13 16 22
22 0 19
1 3 14
23 1 13
21 0 2
11 13 29
20 22 5
14 16 12
1 3 9
8 10 24
11 13 13
20 22 7
23 2 11
13 14 26
21 23 20
19 21 17
16 18 9
12 14 9
9 9 27
17 17 21
18 22 19
8 10 21
7 8 2
4 7 1
9 12 5
17 19 17
4 5 15
0 1 5
8 11 16
2 3 15
22 23 13
18 21 5
14 15 23
9 12 9
18 20 28
19 20 16
2 6 24
22 0 7
7 8 2
23 2 14
13 13 16
3 4 3
10 12 21
4 7 8
21 22 29
21 0 15
10 10 18
4 6 28
18 19 18
8 10 27
20 22 15
20 23 1
14 16 27
10 13 30
20 22 15
10 10 10
7 7 13
1 1 19
6 8 29
17 19 4
4 7 11
21 1 16
9 13 7
2 5 16
10 13 15
10 13 25
16 18 17
11 15 17
22 0 2
16 19 22
12 15 25
13 15 17
21 23 10
23 1 24
4 7 17
15 16 22
16 20 4
4 7 30
4 8 25
9 12 16
8 11 16
12 13 12
10 13 8
2 4 2
0 3 14
10 11 14
5 7 23
13 14 22
10 12 30
2 4 6
16 19 1
6 8 19
8 9 3
7 10 24
1 2 27
19 21 26
3 4 11
21 22 5
22 0 6
4 6 20
18 21 16
17 18 18
11 13 3
5 8 30
23 1 17
13 14 19
9 11 5
22 0 16
17 18 16
17 17 11
2 3 20
16 18 29
12 15 22
9 12 8
21 23 24
16 19 28
16 19 3
9 13 25
1 4 5
11 13 29
11 12 21
3 5 15
2 2 15
4 5 30
1 4 28
13 14 27
8 10 2
21 23 9
12 14 11
5 4 1
11 13 27
21 22 7
19 19 5
1 2 1
5 8 30
22 2 29
5 7 19
0 3 22
23 1 11
11 13 22
8 10 22
12 14 27
18 20 16
12 13 23
1 4 16
11 12 7
18 21 24
3 5 7
12 14 16
18 20 6
5 8 26
12 13 5
0 2 11
5 7 17
10 11 5
11 14 6
23 1 20
2 5 25
17 20 2
10 11 20
2 4 19
8 8 22
2 4 28
19 22 1
22 23 11
23 0 12
3 5 25
11 11 9
10 12 25
1 3 18
5 7 10
1 3 16
20 22 23
3 4 11
6 7 25
13 17 11
17 19 1
19 20 18
7 9 15
9 11 21
19 22 13
16 18 1
22 1 23
0 2 11
0 3 15
12 14 29
12 15 4
3 6 25
16 18 22
14 16 10
15 18 27
0 3 12
8 11 28
20 0 17
8 9 15
10 11 19
7 8 21
18 20 27
1 3 26
11 13 19
13 16 16
8 10 10
21 0 12
8 9 9
19 21 7
1 4 5
14 17 4
20 23 1
15 17 6
1 4 25
6 8 26
4 5 7
1 2 18
23 1 29
6 9 1
2 5 29
14 17 11
10 13 8
20 23 26
13 15 16
7 9 12
21 22 12
16 16 18
21 23 14
11 14 25
6 8 26
13 15 9
17 19 16
15 18 9
9 11 15
4 5 9
15 17 16
3 5 18
20 22 28
2 3 20
19 0 2
20 23 26
21 23 9
7 9 7
5 6 2
7 9 16
3 5 4
23 23 12
11 13 11
23 0 25
21 21 18
1 3 19
9 11 14
10 13 5
21 0 10
15 17 21
23 1 16
4 5 26
9 12 29
23 2 30
11 13 23
21 0 1
14 14 2
8 10 14
5 5 5
13 16 25
5 7 12
16 19 23
10 11 10
12 13 16
8 11 28
9 10 2
23 1 23
21 22 10
17 21 26
7 7 20
21 23 29
1 3 5
17 21 13
11 12 17
20 23 8
21 23 16
23 1 12
3 5 4
15 15 11
23 1 4
15 18 25
6 8 28
12 14 11
22 22 19
17 18 29
15 16 29
20 21 8
7 10 29
1 2 12
12 14 7
7 9 1
7 9 30
13 14 5
23 2 28
0 3 4
18 20 27
18 19 17
3 4 1
4 7 30
4 6 26
8 11 14
4 5 30
15 16 5
11 12 27
18 18 13
1 2 26
21 23 9
9 10 21
2 4 13
9 10 27
3 6 13
15 16 12
3 5 21
22 22 7
1 2 7
0 3 10
8 11 17
14 15 17
21 23 1
17 19 16
3 6 14
4 5 14
23 1 29
22 23 2
4 5 12
12 14 15
15 16 22
10 12 17
11 13 12
15 17 9
3 5 7
19 21 4
3 7 30
19 21 23
23 3 25
16 21 14
3 5 29
0 2 23
19 21 29
22 1 4
15 16 2
4 5 13
17 16 30
0 2 29
16 19 15
13 14 7
9 13 28
11 12 12
11 13 4
6 7 26
14 17 5
16 19 22
17 19 23
14 15 11
14 16 23
16 20 12
11 15 27
19 23 2
9 10 21
3 5 10
17 20 23
10 13 9
10 12 9
11 12 27
14 14 3
9 12 14
16 17 18
21 0 5
15 18 30
22 1 21
3 5 10
7 9 1
18 17 29
19 21 23
5 7 29
21 0 16
5 8 18
8 11 25
11 13 2
11 11 19
9 12 15
15 19 27
17 20 18
1 2 18
2 0 9
20 22 24
5 8 25
12 14 16
22 0 28
4 6 24
3 3 17
6 10 30
0 3 1
6 6 4
11 13 21
16 19 28
20 23 29
21 23 20
2 4 13
5 5 20
6 11 5
5 5 4
22 23 7
15 17 1
0 2 15
9 12 25
5 7 19
15 16 18
19 19 21
14 16 20
15 17 19
19 20 16
6 8 14
22 0 8
20 22 7
22 0 4
4 7 12
2 4 4
6 8 29
1 3 29
8 11 9
14 16 22
17 19 15
13 13 24
6 11 4
9 11 26
19 19 20
12 14 28
13 16 30
6 9 23
10 12 27
11 13 15
21 22 10
13 14 29
4 5 1
23 0 13
9 11 12
15 16 24
15 18 17
13 15 18
13 15 4
10 14 14
8 7 24
18 20 3
22 0 6
21 0 8
4 7 2
6 8 18
3 4 7
12 15 10
8 11 16
10 12 20
18 21 3
3 6 4
16 19 5
16 15 16
12 14 9
16 19 24
23 2 18
5 6 15
6 8 30
19 19 12
1 2 25
18 20 21
8 12 24
2 3 3
20 23 23
22 0 2
11 14 29
17 18 24
13 16 16
13 16 3
5 8 2
15 16 21
5 8 7
15 18 15
20 23 15
11 12 1
11 14 28
1 2 19
9 10 1
8 9 25
15 16 13
17 18 16
17 19 9
15 16 11
17 19 17
21 0 11
1 3 6
6 9 29
22 22 7
1 1 18
6 9 13
7 11 7
6 8 21
23 0 8
16 18 21
4 8 4
20 23 2
22 0 21
14 17 6
7 9 28
6 9 12
15 17 29
23 1 5
8 12 10
21 0 20
13 15 24
5 8 21
9 12 16
20 22 22
23 2 19
21 23 6
11 11 19
4 5 17
4 6 16
22 23 3
19 22 1
20 23 2
11 12 3
13 16 14
10 9 29
23 0 6
21 22 3
19 20 25
12 13 21
19 18 11
17 20 17
13 15 12
13 16 14
16 19 2
6 10 17
17 20 30
2 4 29
1 3 6
6 10 19
9 9 24
16 19 10
23 1 28
12 16 21
22 0 7
1 3 30
9 12 28
23 3 4
16 19 1
23 2 2
0 3 29
13 16 16
12 13 26
6 8 26
12 16 30
1 2 17
7 9 20
3 6 12
4 5 26
7 10 28
15 18 28
4 6 24
21 23 26
13 13 16
14 16 24
16 18 26
12 14 14
1 3 14
23 1 22
9 13 15
7 9 17
9 12 15
9 11 10
13 14 27
8 10 4
15 18 23
13 16 5
4 6 18
13 13 14
23 0 14
11 12 25
12 13 28
13 14 7
1 4 8
23 1 28
10 13 4
21 2 8
3 6 25
7 9 21
22 23 28
5 8 11
10 11 4
19 21 3
7 9 21
14 18 20
15 17 9
6 9 4
20 21 13
16 17 8
8 10 7
13 15 28
11 13 26
10 13 26
21 23 17
19 19 17
11 14 24
12 13 6
20 22 28
14 16 28
9 12 23
16 17 27
7 10 3
17 20 8
1 4 29
1 3 28
22 0 13
14 17 3
6 7 18
11 13 6
6 8 23
12 14 20
12 15 26
2 4 14
16 18 26
8 10 8
2 3 8
14 16 13
10 13 11
5 8 1
12 14 28
12 13 13
21 22 9
8 11 9
0 3 8
7 10 9
7 9 21
2 4 27
17 21 7
4 7 11
9 12 29
20 23 27
3 6 10
21 0 9
1 3 21
0 2 9
21 23 15
10 12 1
8 9 15
9 11 16
6 10 23
20 22 29
18 22 9
12 15 20
16 19 19
10 13 16
10 13 22
13 16 7
23 1 23
17 21 3
17 19 30
2 4 7
7 10 8
15 17 9
2 4 15
9 12 16
16 18 7
11 14 29
10 12 11
20 23 24
21 23 18
19 21 28
19 0 11
3 6 9
12 15 9
3 6 8
8 10 26
4 7 10
16 19 13
17 20 16
12 13 25
4 7 26
17 20 14
16 18 23
3 4 25
12 12 10
18 21 17
14 17 12
6 7 2
9 11 15
13 14 30
7 9 28
13 15 18
0 2 11
17 19 17
18 19 5
1 3 1
16 20 2
20 21 27
5 8 7
14 16 25
5 7 23
11 12 10
2 3 2
5 7 4
14 17 17
2 3 7
23 0 1
9 10 24
17 18 8
18 22 26
2 4 26
0 3 28
18 21 10
12 14 6
13 15 28
6 8 7
15 16 3
6 9 28
15 16 2
20 22 8
12 14 29
8 10 28
21 23 19
18 20 7
13 15 23
7 7 3
14 17 1
21 22 16
12 15 14
0 2 13
19 19 24
10 12 28
17 18 11
13 16 17
0 3 9
11 12 1
23 1 3
11 13 29
21 23 29
17 18 22
13 14 28
18 21 15
10 11 13
9 11 26
2 5 23
10 13 25
9 13 20
14 16 10
19 22 17
12 16 26
2 5 29
11 12 9
6 8 13
9 12 11
16 17 4
5 7 4
7 8 19
7 9 13
19 20 25
3 6 29
14 15 26
1 3 22
4 5 1
6 8 23
8 9 6
12 13 13
12 15 6
9 10 30
9 12 24
5 8 21
9 11 3
16 19 3
11 14 1
2 4 12
13 14 24
23 1 11
6 7 20
6 8 19
15 19 1
7 8 7
3 6 15
5 5 10
8 10 3
8 12 25
17 18 16
2 3 9
10 14 26
21 20 28
19 21 9
16 17 20
22 23 19
0 2 14
14 16 14
5 8 19
9 11 3
2 3 26
5 8 19
14 15 14
13 16 22
1 3 27
4 6 8
14 13 26
5 5 26
14 17 26
9 11 9
3 4 1
2 5 14
11 14 27
16 18 3
11 13 13
13 15 18
17 18 15
16 18 16
17 19 18
17 20 11
21 23 22
3 3 23
19 21 6
11 14 6
8 8 6
5 8 5
22 1 8
6 9 11
5 7 5
4 7 10
12 14 11
4 5 4
1 3 14
20 21 7
11 13 12
18 21 14
19 20 25
21 0 5
20 22 17
2 4 6
12 15 10
21 21 22
15 16 9
22 0 21
4 6 12
4 5 13
10 11 21
19 22 3
9 9 2
22 0 19
7 9 2
0 2 19
21 23 26
5 8 1
18 19 2
3 5 21
11 12 11
3 4 15
23 1 15
20 23 23
3 5 23
18 20 1
1 5 26
10 11 15
18 21 28
15 19 20
2 5 3
17 20 22
23 1 24
1 5 23
15 18 22
17 19 6
21 23 7
17 18 21
19 21 6
18 19 3
17 18 17
7 9 14
7 9 7
14 16 17
3 5 21
11 14 6
19 20 21
18 20 22
0 2 11
3 5 2
4 7 9
13 15 24
21 22 28
8 10 15
13 14 3
6 9 25
21 0 30
7 10 6
6 7 7
17 18 26
15 17 11
6 9 17
15 17 12
23 1 29
2 4 25
19 21 4
16 18 8
17 19 14
16 17 24
14 16 27
5 6 3
7 8 22
21 23 21
0 2 22
14 16 4
8 11 5
8 12 11
1 2 20
2 4 26
23 0 1
23 2 8
10 13 29
3 4 28
23 3 25
22 22 22
13 13 21
7 11 11
0 1 4
9 12 18
19 21 27
6 9 2
20 22 15
18 20 26
10 12 28
10 12 27
12 16 29
13 15 30
12 15 10
18 19 13
7 8 5
20 22 10
22 1 19
11 12 23
2 5 20
22 1 17
14 15 3
17 19 17
19 23 22
7 10 28
21 22 16
20 21 6
12 14 17
12 15 1
22 23 25
2 4 27
5 8 25
22 1 1
19 21 8
12 13 25
13 14 2
11 14 19
15 17 4
2 3 15
9 12 25
6 8 12
3 6 18
20 21 20
13 15 8
17 22 8
21 23 21
20 22 13
17 20 20
10 12 30
20 21 22
3 5 21
20 21 28
20 22 5
12 12 20
7 7 28
11 12 1
1 3 22
23 1 26
14 16 10
4 6 5
14 17 25
19 22 30
14 15 1
10 14 7
1 2 30
8 9 15
1 2 14
8 11 23
16 18 25
18 18 23
3 7 25
5 7 8
6 7 10
5 9 25
23 2 9
0 3 9
20 23 18
19 20 4
6 9 9
17 17 5
14 17 22
22 0 8
5 7 25
15 19 1
1 3 15
18 20 23
22 0 10
15 18 6
6 8 25
2 4 8
9 11 1
8 11 20
19 19 11
16 17 9
2 4 6
12 12 21
8 11 26
22 1 5
13 14 10
18 21 28
16 17 20
16 18 28
4 6 11
20 21 6
14 15 23
5 7 14
2 4 2
12 14 29
22 0 18
8 11 7
8 10 30
8 7 10
14 15 14
23 23 20
21 23 24
12 14 7
10 11 29
11 12 26
1 2 26
1 3 24
20 22 8
5 8 26
22 22 14
6 9 15
11 13 6
7 10 5
13 14 23
16 17 30
6 7 20
19 21 25
3 5 26
20 23 9
6 7 14
18 20 23
4 7 3
14 17 8
11 13 23
7 7 30
13 15 9
10 13 7
13 16 17
9 10 21
21 23 1
23 1 14
18 18 14
13 15 24
18 19 8
2 2 4
14 16 6
18 21 16
3 6 19
20 23 26
21 1 16
15 18 1
3 5 22
0 2 11
1 2 28
10 12 25
11 14 20
23 0 19
6 7 20
23 1 1
13 17 14
6 7 28
20 21 11
11 12 2
0 1 30
10 11 19
9 12 8
9 10 8
0 1 17
1 2 13
4 7 23
12 15 19
21 1 28
17 19 17
10 10 5
1 4 15
15 17 14
13 14 20
0 1 29
7 9 23
4 4 29
12 15 29
9 10 30
0 2 18
10 14 17
7 9 22
15 17 10
18 19 22
2 6 4
5 7 24
18 20 6
3 5 29
8 10 26
11 12 26
4 7 24
8 10 4
7 9 17
8 8 4
12 16 10
0 1 1
12 13 30
4 6 19
16 19 17
14 15 21
16 18 8
10 12 18
11 13 13
23 2 10
8 10 26
23 1 11
17 19 12
3 5 27
23 3 12
3 6 9
14 16 13
12 14 26
18 22 12
20 0 28
23 0 24
4 6 7
15 20 18
3 3 16
14 15 12
5 7 7
4 4 13
5 6 2
16 19 2
23 0 23
17 18 18
14 15 12
0 2 16
19 22 6
14 16 28
2 4 26
13 14 30
15 16 15
4 6 5
2 4 10
8 11 6
4 6 4
23 3 17
0 1 21
16 19 11
17 18 6
12 16 23
12 14 20
17 19 15
2 3 23
15 17 6
21 23 10
9 11 16
13 13 11
5 8 5
20 0 5
8 11 18
12 13 29
23 1 6
9 10 16
17 19 1
4 5 26
19 21 7
0 2 18
16 18 10
0 3 17
16 19 28
17 19 19
13 15 28
12 14 9
18 19 5
9 12 7
13 14 4
13 15 21
17 18 27
19 20 8
11 15 9
19 21 10
0 2 7
14 16 1
4 5 19
2 5 4
8 10 10
10 11 11
9 10 23
11 14 28
9 11 19
10 12 7
15 18 16
5 7 12
22 0 12
4 7 8
13 15 14
8 11 26
17 19 27
5 8 14
6 7 23
20 21 27
9 11 1
7 8 14
23 0 4
11 12 24
5 8 25
12 13 4
17 18 17
1 4 29
1 3 21
5 7 14
4 8 11
15 16 17
1 4 17
12 13 27
8 10 1
6 9 16
17 19 21
9 12 21
21 22 20
13 15 15
4 6 12
16 18 27
15 18 12
11 14 11
19 19 13
9 12 26
17 19 14
8 10 1
12 14 4
9 11 14
10 11 23
9 11 19
7 8 30
1 3 9
6 6 16
9 9 30
3 5 28
17 21 2
14 15 14
3 5 25
10 13 28
2 5 8
3 5 28
7 11 23
13 15 1
20 22 16
0 1 30
22 1 13
3 5 28
10 11 9
15 17 28
6 9 7
17 17 27
16 17 11
18 20 12
23 1 28
15 17 27
3 5 20
8 11 3
18 19 4
18 19 18
16 18 1
22 1 9
7 10 6
21 22 17
0 1 2
21 23 20
20 22 17
3 4 23
18 21 22
7 9 28
20 22 30
14 14 1
21 23 12
12 14 13
11 13 4
2 5 13
10 11 26
20 22 1
8 10 4
22 0 19
17 18 3
8 10 13
10 13 28
3 5 19
2 4 2
12 13 8
14 15 2
23 2 8
2 4 9
18 20 10
22 23 17
0 2 23
12 16 24
2 2 13
18 19 17
2 5 18
20 20 7
12 13 27
15 18 19
5 8 13
21 0 11
20 23 27
2 5 1
13 14 6
1 2 12
10 12 26
21 23 1
16 17 22
9 10 14
14 15 1
10 15 14
8 10 15
22 23 10
17 21 8
23 3 27
17 18 30
23 0 4
12 13 1
18 20 6
5 7 13
3 4 13
6 7 15
12 13 27
9 11 26
20 21 26
20 22 11
13 15 6
4 6 10
4 7 23
7 10 14
14 16 9
19 21 22
1 2 23
6 7 23
16 17 25
7 10 1
21 23 26
15 18 11
19 21 30
3 5 22
22 22 6
22 0 22
2 5 21
20 21 14
4 5 10
19 23 28
20 21 5
20 20 29
23 1 28
12 14 6
17 20 15
12 13 22
0 4 26
3 4 16
6 10 24
11 13 24
23 0 24
23 23 30
12 14 15
21 23 17
7 9 27
19 22 21
11 14 15
15 18 29
0 1 12
1 1 29
3 6 10
12 15 15
3 4 29
2 4 9
0 2 15
9 10 18
5 6 12
13 14 7
11 13 5
22 1 21
14 15 15
13 15 5
15 17 3
18 17 23
18 20 25
21 1 16
3 6 15
21 22 11
22 0 1
7 12 28
11 13 18
14 13 18
18 20 15
19 21 25
22 0 30
20 22 19
2 3 17
15 17 28
16 21 29
8 10 4
4 7 14
3 4 22
14 16 14
13 15 23
23 1 27
3 7 7
2 3 22
14 17 20
11 13 23
23 2 10
7 9 20
22 0 26
22 23 19
13 14 28
11 12 15
9 13 16
2 5 5
22 0 26
6 8 19
11 14 21
22 1 8
13 16 14
0 0 15
13 16 16
12 16 1
11 12 1
12 15 4
16 19 13
10 10 14
23 1 26
8 10 1
8 10 25
2 6 10
8 11 20
7 7 30
19 21 15
9 10 25
1 3 18
13 15 24
5 8 6
10 11 16
19 22 11
12 13 27
19 20 23
21 0 14
12 15 24
5 7 10
4 7 13
15 19 13
13 16 22
21 23 19
13 14 15
7 10 1
5 10 14
4 5 6
21 1 4
6 9 5
0 1 9
12 12 23
14 18 28
19 19 24
15 18 23
0 3 24
4 6 15
16 19 13
5 7 15
18 21 21
17 19 4
4 7 18
23 0 11
9 11 22
8 10 24
15 16 6
0 2 12
2 4 9
15 17 26
6 9 26
18 21 13
18 20 14
3 5 14
8 12 17
20 23 12
19 20 17
10 12 6
12 15 17
23 1 9
6 6 18
4 7 15
18 20 14
16 18 9
4 6 19
17 19 21
12 14 25
13 15 9
15 16 19
2 5 5
22 0 16
13 15 9
7 11 12
1 3 16
5 7 30
23 0 22
11 11 26
0 3 6
23 3 24
22 1 27
4 8 30
4 7 8
4 6 23
5 5 26
9 13 16
22 1 5
19 22 4
1 3 19
14 15 19
0 4 4
17 18 16
21 22 3
12 15 29
2 4 21
13 16 23
18 22 29
23 2 26
15 18 18
23 0 15
19 21 3
19 22 13
6 8 16
18 18 23
14 18 24
16 17 15
1 3 18
4 7 2
20 1 21
17 19 24
23 3 5
7 9 13
11 14 27
9 11 27
8 9 12
20 23 24
18 22 30
12 14 19
5 7 25
17 20 2
18 21 12
12 14 29
14 16 13
20 20 7
17 19 5
6 8 28
1 2 3
20 22 9
13 14 15
18 21 11
22 22 3
14 16 14
10 12 26
17 20 15
0 3 15
15 17 5
8 10 3
6 9 27
14 15 3
18 20 2
19 21 26
11 12 5
17 18 10
21 0 27
1 5 7
5 7 15
5 7 3
0 1 26
16 19 21
4 6 18
3 5 4
16 19 8
1 2 3
15 17 17
22 1 13
11 14 7
16 17 16
3 6 15
15 19 2
22 0 23
14 16 22
1 4 24
17 19 1
20 22 24
14 15 19
7 11 15
21 1 19
15 17 28
23 1 22
10 14 1
8 9 25
3 6 26
13 15 14
23 1 7
21 23 10
6 8 20
22 0 4
1 3 28
6 7 4
8 11 20
7 8 12
1 2 13
7 9 11
1 3 19
4 5 24
0 3 6
19 21 22
17 18 16
13 15 30
23 23 2
1 5 20
13 16 8
7 9 23
12 14 19
8 10 6
16 16 20
19 21 30
4 5 24
13 14 20
18 21 10
8 9 16
0 3 5
6 7 7
18 20 26
18 20 29
11 14 7
2 4 22
12 13 5
4 6 26
6 8 8
6 9 28
13 14 11
3 4 22
6 7 19
19 21 19
19 20 22
13 15 10
11 13 9
20 21 13
11 12 8
22 1 29
18 22 22
8 13 9
18 20 2
22 22 19
18 21 13
10 11 21
13 15 9
9 9 13
1 4 6
21 0 18
8 12 15
9 12 6
3 4 27
17 20 11
7 10 26
1 2 12
0 1 8
15 16 29
18 20 29
22 1 11
21 1 24
10 11 15
2 3 22
21 0 23
11 14 22
11 12 10
12 14 9
16 19 19
21 23 9
19 20 23
11 13 3
9 9 17
6 7 4
5 8 7
16 17 18
4 5 13
6 8 17
14 16 10
0 2 23
3 6 25
20 21 23
17 19 19
23 2 2
3 4 29
15 16 2
0 3 12
14 17 26
13 15 11
10 11 25
9 10 19
7 9 22
12 14 21
2 5 18
22 0 4
3 6 19
17 19 8
15 17 5
2 3 24
9 11 12
14 18 11
1 3 21
3 6 25
5 6 30
19 20 23
8 10 27
14 15 23
1 3 15
3 6 15
21 22 11
12 13 20
13 16 22
0 2 17
4 6 21
0 1 14
15 17 24
3 4 8
19 21 22
20 23 11
22 23 12
2 4 15
14 17 14
0 3 27
6 8 2
4 5 13
19 20 9
0 4 3
7 8 3
4 5 23
23 0 30
14 15 8
21 22 12
1 4 24
5 7 19
16 18 9
18 21 24
15 17 5
8 10 4
13 15 8
21 22 29
20 21 29
2 2 14
2 2 30
1 1 4
6 7 18
19 20 14
3 6 24
8 9 1
14 15 8
11 12 27
13 14 5
17 19 17
1 5 5
4 7 7
16 17 2
15 17 12
12 13 2
4 6 2
12 13 3
1 4 5
6 7 22
17 19 8
17 20 10
4 6 16
2 3 11
21 20 30
0 3 4
14 16 21
21 23 5
23 2 10
1 3 29
10 13 5
4 7 2
12 14 5
22 0 7
7 9 27
15 18 16
3 6 28
7 8 16
1 3 23
6 8 5
2 3 18
15 18 19
23 1 16
15 16 6
12 14 28
4 7 5
2 3 8
17 18 7
21 2 27
20 0 17
23 1 15
10 10 27
13 16 12
19 21 15
0 1 4
6 9 20
13 15 2
12 14 25
19 20 30
0 1 13
11 13 22
11 13 10
13 15 1
2 4 25
8 10 14
8 10 3
21 23 6
21 21 10
2 4 27
20 22 21
12 13 14
23 1 4
13 14 5
6 8 28
9 11 19
15 19 27
16 17 25
18 21 7
17 19 29
15 17 17
14 15 13
8 11 22
7 8 16
11 15 2
16 17 23
14 16 7
10 13 8
14 17 9
13 14 23
20 21 8
5 8 29
9 10 4
12 14 28
1 4 2
6 9 2
8 10 24
4 7 8
16 18 23
4 7 11
7 10 4
14 16 12
12 14 23
17 20 1
8 10 12
9 10 26
19 22 6
22 23 24
8 9 30
9 10 12
2 4 4
9 10 29
14 16 6
7 8 20
4 5 4
0 2 17
7 9 7
19 22 17
11 13 9
21 23 27
8 11 5
6 7 19
6 8 26
12 13 11
8 10 5
16 18 18
8 10 12
11 13 6
18 19 15
3 2 21
9 9 5
5 7 26
6 8 23
20 0 14
14 15 16
9 10 11
11 14 19
6 7 18
14 16 4
0 1 15
22 1 10
2 3 6
11 12 21
11 15 14
2 4 14
22 0 13
1 4 6
22 1 2
16 19 11
6 8 16
4 6 25
9 10 10
17 19 24
9 11 2
12 16 5
19 21 14
11 13 14
18 20 29
5 7 6
16 18 26
8 9 15
10 13 16
6 9 16
4 7 24
14 18 18
0 2 7
13 17 4
23 1 28
3 5 22
7 9 26
7 10 29
2 3 17
7 9 5
2 4 12
9 11 8
6 7 17
6 7 9
5 7 10
0 2 30
19 18 10
4 6 1
15 16 11
15 16 28
23 1 6
22 23 9
14 17 14
16 16 15
1 3 20
6 7 27
16 17 9
8 10 12
1 4 8
10 12 16
4 6 1
1 1 7
7 8 11
20 20 19
10 13 28
16 19 3
4 6 7
14 16 13
16 18 24
12 13 25
1 4 9
11 12 30
17 20 23
15 17 11
2 4 30
12 15 28
22 1 21
23 3 27
15 17 1
21 1 23
8 9 17
15 18 2
22 23 5
0 1 21
17 19 17
13 15 11
16 18 18
4 8 20
23 0 29
3 4 12
14 17 25
10 12 8
14 17 27
2 4 14
16 17 29
13 14 17
22 2 15
19 23 10
14 15 4
17 18 6
3 4 5
12 14 30
21 22 4
10 13 17
12 15 2
20 22 8
21 23 26
15 16 20
8 11 15
4 5 6
15 15 14
6 9 7
19 21 25
8 11 9
7 8 21
15 19 28
1 4 12
17 19 26
2 5 30
10 14 7
7 8 2
1 3 11
6 6 16
13 16 12
16 18 21
6 9 10
17 17 17
13 14 18
22 0 19
4 4 18
7 11 30
1 2 20
2 5 28
20 22 24
11 13 19
2 4 24
16 19 2
0 4 20
12 15 27
22 23 11
19 21 8
11 12 17
15 17 21
20 23 7
10 13 23
2 4 27
1 1 17
23 3 19
10 11 3
5 7 12
12 13 2
17 18 21
1 4 2
15 16 22
22 0 17
6 8 30
10 12 4
21 0 2
17 19 11
22 23 18
22 3 14
8 10 27
6 9 3
12 16 14
15 19 18
4 7 9
11 13 8
20 0 25
9 11 12
12 14 14
7 11 19
22 23 25
5 6 11
19 21 24
15 17 3
21 1 12
14 16 20
6 7 14
21 22 29
11 14 11
0 2 2
17 19 17
7 9 17
18 21 2
6 8 14
23 2 16
8 10 5
10 12 27
8 8 18
2 4 6
10 12 24
2 3 6
11 13 25
22 23 25
10 11 13
22 0 4
12 14 9
17 18 5
4 5 10
15 17 17
18 21 20
15 20 11
9 12 8
3 4 22
4 6 1
18 19 19
22 0 17
11 12 19
3 5 29
18 20 4
20 21 4
16 17 29
14 15 17
21 0 16
18 20 8
11 15 11
16 19 10
10 12 18
18 19 17
11 13 21
13 16 25
3 6 30
19 21 6
16 16 27
6 9 23
9 12 6
9 10 19
20 22 16
17 19 5
15 17 20
12 15 3
20 23 21
1 3 18
19 21 12
8 9 16
5 7 12
23 0 8
6 8 17
12 15 18
19 20 13
23 0 21
7 9 4
5 7 24
4 6 11
5 7 12
22 1 25
9 12 2
11 14 12
9 11 16
16 17 26
1 4 23
22 1 24
5 7 17
23 3 28
1 4 22
9 11 6
5 7 5
14 16 10
11 12 29
13 15 13
6 8 16
20 22 8
13 16 27
8 10 25
3 6 21
8 11 4
14 17 2
13 16 27
7 11 11
19 21 2
9 11 3
13 14 20
13 15 4
21 0 7
19 20 27
12 14 27
22 1 1
4 7 13
9 10 30
17 18 7
19 0 24
12 14 3
1 3 2
7 7 3
4 6 14
9 11 16
1 2 27
1 4 4
0 2 13
23 2 8
23 1 9
6 8 26
17 20 28
23 23 12
18 21 23
16 19 23
18 21 21
0 2 8
2 4 4
0 2 26
20 22 8
15 17 25
4 7 6
17 21 7
6 6 28
2 4 3
6 9 4
14 17 14
3 5 28
16 17 29
23 1 3
20 23 21
22 23 15
11 12 19
15 17 2
23 1 25
2 3 15
2 4 6
16 18 23
11 12 16
7 9 13
21 22 15
17 19 12
22 1 26
3 5 9
17 18 5
12 13 5
2 5 8
23 0 28
0 1 21
23 2 30
21 0 21
5 7 29
13 15 22
0 2 16
23 2 22
8 8 26
0 2 17
9 11 24
4 7 16
2 5 11
5 7 27
4 6 2
9 10 27
10 12 9
3 4 16
0 1 4
22 3 16
9 11 10
0 3 2
1 5 2
11 14 3
19 21 27
20 22 30
3 5 21
15 17 6
6 8 26
9 9 23
12 15 12
5 8 6
7 9 7
20 20 12
4 5 20
8 9 25
8 10 5
12 14 26
8 11 6
8 9 2
4 6 30
16 17 13
6 6 24
20 21 27
8 9 18
13 15 6
18 18 21
19 23 16
2 4 14
6 7 4
10 13 13
5 7 27
23 2 25
18 21 27
20 23 3
17 20 29
9 11 12
9 11 1
0 1 7
14 16 12
8 11 7
17 19 30
23 0 22
1 4 25
3 3 29
17 19 17
14 18 2
15 16 23
17 19 23
19 22 23
20 22 6
15 17 7
18 20 2
21 22 8
11 13 25
23 0 21
20 22 21
4 7 4
9 10 11
0 0 9
23 0 29
19 22 27
17 20 23
5 7 15
18 21 12
8 8 2
9 11 9
4 7 19
19 23 8
15 18 7
9 10 8
11 12 18
21 22 11
12 14 1
2 3 22
15 17 20
5 7 15
8 11 27
12 15 19
5 7 30
1 3 25
9 11 25
19 21 9
10 12 2
11 14 2
12 14 8
8 12 29
8 9 21
17 18 21
1 4 18
21 23 21
20 22 11
7 10 19
21 0 19
18 21 29
10 12 11
13 13 26
7 8 24
18 20 30
21 22 1
16 18 18
6 7 11
0 3 30
1 3 6
11 13 12
13 16 1
2 3 9
19 21 19
3 7 17
23 1 10
7 8 29
12 12 3
12 14 13
14 15 28
17 19 9
11 13 29
5 7 22
20 21 2
19 20 18
2 3 21
1 3 17
6 10 3
19 22 27
17 20 12
7 12 7
16 17 16
21 0 15
5 8 10
20 23 4
23 0 28
21 0 9
1 2 27
6 8 12
13 14 20
12 15 8
2 4 23
3 6 18
18 21 9
2 6 21
14 17 13
8 10 15
5 7 16
22 23 3
4 5 25
11 14 17
11 14 20
19 19 4
22 1 30
19 20 17
4 7 24
7 10 20
19 19 26
8 8 23
15 18 6
8 11 24
22 23 1
10 13 6
6 10 20
10 13 12
3 5 21
14 16 4
18 18 14
15 16 1
4 7 28
5 8 20
10 11 26
23 0 19
16 18 17
12 14 2
3 5 15
22 23 29
18 22 19
12 14 27
1 3 25
22 23 26
12 13 11
6 9 12
7 9 1
2 7 24
15 16 26
6 7 9
6 10 15
5 6 14
3 6 19
21 0 18
7 9 1
18 21 21
4 5 30
21 0 8
12 13 26
4 6 13
11 13 23
11 14 10
15 18 25
7 9 20
13 15 9
15 18 5
20 22 12
9 11 14
18 20 22
18 21 23
6 7 20
2 2 24
23 1 20
2 3 30
22 0 8
0 3 11
22 1 20
0 1 5
22 0 22
20 23 13
16 19 20
16 18 29
13 15 6
14 17 29
18 21 8
16 19 4
2 4 14
6 8 19
21 21 20
9 12 1
4 6 18
7 9 15
9 9 23
13 15 23
3 5 4
16 19 11
19 21 12
17 19 17
5 8 18
1 3 25
15 16 16
18 20 2
23 0 10
22 22 21
4 5 20
18 20 5
14 17 1
9 12 5
22 0 25
6 7 24
13 14 9
5 6 26
15 18 30
5 7 10
17 20 7
5 7 13
3 4 27
5 7 12
16 18 12
2 3 10
5 6 25
19 21 23
17 19 14
14 17 9
18 23 9
9 11 1
16 19 1
7 10 20
10 12 14
7 10 30
14 16 11
11 13 11
3 4 19
19 22 10
14 15 12
13 14 8
13 17 27
7 10 13
5 7 7
18 18 18
16 18 7
7 10 14
14 17 4
14 16 25
13 16 22
22 0 30
11 14 4
14 16 6
12 14 10
18 22 21
7 9 16
22 23 13
5 6 1
21 23 22
17 18 28
15 17 15
6 8 1
17 20 13
13 14 1
21 2 25
0 1 1
3 4 18
1 2 6
11 13 5
22 21 14
17 17 24
3 4 21
20 23 28
7 9 11
8 9 14
6 10 7
21 22 29
10 11 23
12 14 25
5 7 3
9 10 4
6 7 8
21 22 26
20 22 27
10 11 7
16 18 8
14 15 2
10 12 9
21 23 25
19 20 10
16 16 10
18 20 30
7 9 26
8 10 18
10 13 29
5 6 5
11 13 24
9 10 28
3 6 8
9 12 5
2 6 23
2 3 19
14 17 30
9 10 29
12 15 29
12 15 18
6 8 4
20 21 14
2 4 15
12 15 28
9 11 30
6 9 14
2 3 28
23 1 9
11 13 14
4 7 5
14 18 26
20 23 21
6 10 13
9 12 26
20 23 21
19 21 7
15 16 3
5 5 12
14 16 10
21 22 19
1 3 25
5 5 15
20 21 29
0 0 28
7 9 4
20 22 7
16 19 17
13 16 28
1 3 29
17 18 13
6 9 29
6 7 4
19 20 29
21 22 10
1 2 16
20 23 5
5 8 3
9 11 24
13 15 10
10 13 24
1 3 10
14 14 7
2 4 12
5 9 18
4 6 7
13 16 16
15 17 6
3 5 24
19 20 15
5 6 27
14 17 8
2 3 19
12 13 30
14 19 12
9 11 6
2 4 22
12 13 8
20 21 10
6 6 14
8 10 8
19 21 9
2 3 27
20 22 23
12 15 5
11 13 30
0 4 15
3 6 24
12 15 26
1 3 1
6 10 17
16 18 10
13 16 5
14 16 3
23 2 17
8 10 9
5 10 10
10 13 4
18 19 6
20 20 10
23 3 8
12 14 13
20 20 28
21 0 30
17 19 3
13 15 16
4 5 11
15 17 15
18 20 18
8 8 22
9 10 13
18 20 14
15 17 22
3 5 15
0 4 12
22 23 8
4 6 13
12 14 3
15 17 3
10 13 23
12 15 20
16 20 3
22 1 10
12 14 26
23 23 2
23 0 8
23 1 28
11 13 12
16 16 24
21 22 4
0 2 6
17 18 8
17 20 7
3 5 9
3 5 29
12 13 17
19 21 24
2 3 21
14 15 17
18 20 11
19 19 16
12 15 10
18 20 29
16 19 30
16 20 14
21 0 11
3 4 9
2 4 24
11 14 15
2 4 24
22 0 15
12 13 5
0 2 18
7 8 14
9 12 28
22 23 30
9 13 2
4 7 15
2 4 22
20 20 1
20 21 3
0 6 19
22 0 16
0 1 25
13 14 30
7 8 7
18 21 11
23 1 12
22 0 18
20 23 4
18 20 24
1 3 3
7 8 25
22 0 22
17 20 6
21 1 17
15 15 14
14 16 13
9 13 30
20 21 21
14 18 4
2 4 26
17 20 30
0 3 24
12 14 30
10 12 6
9 12 24
17 21 8
7 9 18
12 13 20
3 4 4
6 8 2
0 5 11
1 3 1
15 19 29
15 16 20
6 8 10
11 12 6
0 2 8
4 6 2
11 13 12
13 15 14
3 2 13
7 9 8
16 19 28
7 9 7
8 10 7
9 11 26
6 8 8
6 8 28
18 21 1
0 2 12
15 17 21
5 8 21
22 0 24
9 10 15
21 0 2
17 19 1
21 22 28
15 17 16
20 22 13
9 11 13
1 3 22
3 5 27
9 11 11
10 11 5
14 18 24
10 13 14
5 8 10
0 3 11
13 15 11
14 14 14
10 14 27
5 8 27
18 21 18
18 22 18
14 16 17
22 0 28
12 13 2
15 17 25
2 3 3
20 23 1
4 7 7
6 7 3
10 11 12
8 12 7
17 18 8
5 6 1
12 15 20
9 11 13
23 2 27
11 12 14
0 2 14
5 6 10
1 3 5
23 2 10
1 3 23
23 1 26
12 12 18
4 7 23
23 0 19
11 14 1
2 4 21
7 9 7
11 15 11
19 22 1
14 15 7
2 5 14
4 4 22
23 1 7
22 0 18
16 18 30
21 23 30
18 20 6
20 22 19
6 8 11
8 9 25
3 6 18
14 17 8
23 2 26
0 1 10
19 21 25
12 14 4
7 10 8
6 8 10
20 23 10
15 18 2
3 5 3
22 0 23
15 17 18
5 7 15
11 12 12
21 23 3
4 5 6
14 17 27
18 20 4
14 17 17
12 13 29
21 22 10
23 0 29
19 22 7
3 4 18
