4220 30
18 30 20 7 16 8 2 20 21 11 20 1 19 26 23 17 13 22 27 15 21 29 29 22 16 4 10 8 1 17 
9 11 26
1 2 13
21 0 15
12 14 11
12 13 17
4 7 3
15 15 1
18 20 28
5 8 21
16 18 17
9 11 10
15 17 24
5 8 15
23 1 11
17 20 3
2 5 28
8 10 7
8 8 26
22 0 13
17 21 2
22 0 18
6 8 2
11 14 16
16 18 22
14 16 9
17 19 19
16 19 19
9 11 3
8 10 4
0 3 25
0 1 3
16 19 21
9 9 28
13 14 1
14 13 14
0 3 23
7 9 10
18 21 11
17 19 16
5 5 25
13 16 20
5 8 15
20 21 11
12 12 19
17 18 8
21 23 1
17 17 14
18 21 28
22 0 2
23 0 17
20 23 6
13 13 16
6 9 3
19 23 10
1 0 18
9 10 29
7 10 4
1 2 18
7 10 6
9 11 1
19 21 23
15 15 12
19 21 15
18 22 17
1 4 25
20 21 6
6 9 8
18 20 13
9 12 19
10 13 20
14 15 21
0 1 5
8 10 13
2 5 25
2 4 22
22 22 16
7 7 14
4 7 29
9 13 12
6 8 17
23 0 18
2 4 13
12 17 9
2 5 16
4 5 13
5 6 8
8 9 7
2 4 18
23 1 12
15 16 21
0 3 10
22 22 6
10 12 28
8 8 29
13 15 17
3 5 7
0 1 22
3 5 18
13 14 27
14 15 23
12 12 3
22 1 5
7 9 21
6 9 8
23 0 23
17 20 22
6 9 12
4 4 24
0 3 3
8 12 21
0 3 29
23 0 7
14 15 23
11 14 16
19 21 12
0 3 1
16 18 23
13 15 6
6 7 25
10 12 11
18 21 10
3 5 11
16 18 6
14 14 21
12 15 17
2 4 21
17 20 11
2 4 26
21 23 6
4 5 9
1 4 14
22 0 3
17 18 18
1 4 27
12 12 20
4 8 4
6 7 24
23 0 30
4 5 17
11 13 8
7 10 4
4 7 16
9 11 1
18 21 7
22 23 15
22 1 26
11 12 1
22 23 2
13 15 6
18 21 30
19 22 10
9 11 18
15 17 7
19 21 13
7 10 16
17 20 29
6 7 20
10 12 21
20 23 30
14 16 23
13 15 3
15 19 1
5 7 14
5 7 9
20 22 2
16 19 17
8 11 28
19 23 15
3 6 19
8 10 29
22 1 5
7 9 13
0 2 18
4 6 5
13 14 6
8 10 28
19 20 27
6 7 19
5 6 17
7 9 1
18 21 26
23 1 3
4 7 10
9 11 26
20 21 6
5 7 10
10 12 12
17 19 9
9 10 9
19 21 4
23 2 27
9 12 22
12 13 20
18 19 7
11 15 14
16 18 10
23 1 23
4 6 1
6 9 14
8 9 3
9 10 30
21 23 13
16 18 19
12 14 10
2 3 26
8 9 3
23 1 27
1 3 21
4 5 28
4 6 24
19 20 23
1 2 19
6 8 1
0 2 22
3 4 21
12 14 30
12 16 15
20 23 5
13 16 26
6 10 29
12 14 10
20 21 28
4 6 22
4 6 4
9 12 13
3 5 2
17 19 8
12 14 26
12 13 3
18 19 9
13 15 23
11 12 16
22 0 16
20 23 8
19 22 22
13 16 6
14 17 1
12 14 20
21 22 17
17 19 17
9 12 8
19 20 7
23 1 7
12 12 7
19 21 14
20 22 5
6 8 19
21 23 7
5 8 11
18 21 26
19 21 26
11 14 25
12 15 2
7 9 17
20 22 5
23 1 26
12 17 10
6 6 12
4 6 18
2 4 8
18 19 8
23 0 30
15 18 12
15 17 12
8 10 2
2 4 24
8 10 3
7 11 19
6 7 20
10 11 20
7 11 26
9 10 1
0 3 5
10 14 8
20 22 20
17 19 29
14 17 1
16 16 15
18 19 8
22 0 7
0 2 17
10 10 4
9 10 21
14 15 23
18 21 17
19 22 21
0 3 22
3 4 2
1 4 3
4 4 3
1 4 9
18 20 17
8 8 18
23 23 16
5 5 21
17 18 28
22 1 13
20 22 24
14 14 7
17 20 20
23 1 6
9 12 4
20 21 15
9 10 9
0 3 15
0 0 1
10 11 3
18 23 24
6 8 15
2 6 3
1 1 19
15 16 15
9 11 9
20 1 18
8 8 20
2 4 11
8 9 29
10 12 5
19 21 7
1 4 1
11 13 7
10 11 13
11 15 5
10 14 26
0 1 26
9 11 25
13 14 3
8 10 24
0 2 1
0 3 5
17 17 21
19 20 6
8 10 26
3 4 28
21 21 28
1 2 26
14 14 17
4 5 4
1 3 22
2 3 23
21 0 30
23 2 22
9 12 10
12 13 25
20 21 12
13 14 21
3 6 15
17 19 2
22 23 4
13 16 16
1 3 14
13 15 10
10 13 9
11 13 24
7 9 9
1 3 20
19 21 9
8 10 5
18 20 16
4 6 10
23 0 14
18 19 6
2 4 3
11 13 28
20 21 7
6 8 3
14 15 17
21 23 16
9 12 13
18 19 22
4 7 6
0 3 15
22 0 2
3 4 26
2 4 25
15 17 16
17 20 29
12 14 5
11 13 23
11 13 15
14 15 28
0 3 24
18 19 5
0 2 17
0 2 1
3 5 7
12 14 2
22 1 1
7 8 16
4 8 10
8 9 28
11 13 22
6 7 12
2 2 2
16 17 11
21 23 30
7 7 8
7 10 14
4 7 27
0 2 7
13 15 27
8 10 4
21 23 13
8 10 11
20 22 29
22 0 27
12 15 22
9 11 22
9 11 15
20 0 7
19 21 8
4 7 5
19 19 1
2 4 27
21 23 17
14 17 5
22 0 19
5 6 24
23 2 17
14 16 19
1 1 13
15 16 2
18 18 9
22 0 9
5 8 4
21 23 6
4 9 1
16 18 30
17 19 4
10 11 22
5 7 7
23 1 15
18 21 20
20 20 2
2 4 28
22 0 27
19 21 19
14 17 21
2 4 12
19 22 24
2 4 20
18 19 18
5 7 14
21 23 26
4 5 14
11 13 21
6 8 28
11 13 5
6 10 29
12 13 4
5 7 2
11 12 28
4 7 21
6 7 15
9 9 25
9 13 22
18 19 18
0 2 4
1 2 26
5 8 22
16 16 24
1 3 3
16 17 12
6 7 26
7 10 22
12 15 3
17 18 3
6 8 25
3 5 11
14 17 30
2 2 10
8 10 28
11 14 29
13 16 13
7 8 29
12 13 21
15 18 7
23 1 19
14 16 11
1 3 5
8 9 26
15 17 29
7 9 16
23 0 23
21 23 3
13 15 12
21 22 22
13 16 18
3 6 28
8 11 18
21 23 12
9 10 15
12 12 8
0 1 2
3 5 27
6 8 15
15 17 3
10 12 30
14 14 26
13 16 13
3 6 17
15 17 5
10 12 16
22 23 13
2 5 27
4 7 8
1 2 30
0 3 2
5 9 8
7 8 24
1 4 30
18 19 26
23 0 30
20 21 21
3 4 30
8 9 9
4 5 27
22 23 8
0 0 24
15 17 8
6 8 5
12 14 9
19 22 9
9 11 20
22 0 24
16 20 12
8 10 30
21 22 27
23 0 5
1 2 8
10 12 13
4 5 24
1 2 25
2 4 25
15 18 25
22 23 25
7 10 25
18 21 27
4 7 8
16 18 9
18 22 18
4 5 29
11 13 9
19 23 2
6 8 11
5 9 12
4 7 7
6 9 13
6 10 3
23 23 9
5 8 25
10 12 22
4 6 14
17 19 24
6 8 4
5 7 29
7 10 21
14 14 24
2 4 25
12 12 29
15 17 27
5 7 17
3 5 13
3 5 4
4 7 1
23 0 10
11 13 20
0 2 16
15 17 28
2 3 20
12 14 12
17 19 30
10 11 5
14 18 16
7 10 30
12 14 24
4 7 12
16 18 3
10 12 5
14 16 14
9 10 10
20 23 14
6 8 10
0 2 1
22 0 3
1 3 19
17 19 25
10 12 24
18 19 1
6 7 9
0 1 6
21 0 23
18 21 1
22 1 5
16 19 10
0 0 8
20 22 4
18 21 24
7 8 7
7 9 3
2 4 9
5 9 8
12 15 30
7 8 26
23 2 9
0 3 7
14 17 30
20 22 18
2 5 29
0 1 12
21 0 9
21 23 23
15 14 2
16 17 14
16 18 19
19 22 7
16 18 24
13 14 26
16 20 20
19 23 7
5 8 11
9 9 29
3 4 3
14 14 10
17 18 2
19 21 1
1 3 25
18 21 1
14 14 17
15 17 15
22 23 23
1 2 19
23 0 4
15 17 9
11 10 19
17 19 19
13 14 28
23 2 13
5 6 23
21 23 26
10 12 9
22 0 28
23 0 19
7 9 13
23 2 28
9 11 19
9 9 8
0 1 16
14 16 28
9 10 27
2 3 23
19 22 27
18 20 3
14 17 11
5 9 12
9 11 8
10 13 25
9 12 20
14 16 20
9 9 23
23 1 15
13 16 3
13 13 1
17 20 10
7 9 12
7 9 23
22 1 3
0 1 13
7 9 23
10 12 17
13 15 23
22 22 11
19 21 26
1 5 3
4 6 19
8 9 6
1 2 13
6 9 5
18 21 9
12 15 27
22 0 10
16 19 16
8 11 26
12 13 17
2 7 24
6 8 15
5 6 11
11 13 19
23 23 8
5 6 19
15 18 4
1 4 14
13 13 14
14 16 8
21 22 22
8 10 19
16 18 15
5 7 3
19 21 1
14 15 18
14 16 8
9 12 14
5 8 21
0 2 27
6 7 1
8 10 26
4 7 5
16 18 29
6 7 7
15 17 30
5 8 5
15 18 4
10 12 26
2 5 11
3 4 24
12 13 30
3 4 19
15 15 27
8 10 1
16 19 7
10 11 1
22 1 26
1 4 19
6 7 13
1 4 27
8 11 21
2 4 16
13 13 26
0 2 9
5 7 23
17 19 25
15 18 27
23 0 7
7 9 25
7 9 20
1 1 23
14 18 12
11 12 11
20 21 12
2 5 14
10 12 2
12 15 17
13 14 18
1 3 27
18 21 25
11 12 24
11 13 13
3 5 1
5 7 5
22 1 21
6 8 24
15 17 17
5 5 11
16 16 9
1 4 21
13 15 12
9 10 27
7 9 21
6 7 17
19 21 16
20 22 11
21 0 23
19 23 14
16 18 14
21 22 10
10 11 11
13 17 27
18 18 9
20 22 27
20 0 16
3 7 1
16 19 21
6 8 8
22 0 8
19 21 1
16 19 10
23 23 12
1 3 1
12 15 26
21 22 7
1 3 16
8 10 15
1 3 26
9 10 28
19 20 11
18 17 16
2 4 24
0 2 25
21 0 10
1 3 29
6 8 24
16 17 8
4 6 11
18 19 2
4 6 27
3 5 21
0 4 12
6 7 8
18 21 25
20 21 24
0 2 30
15 17 28
18 19 12
23 1 27
4 7 3
22 0 11
23 3 14
13 15 24
16 18 3
14 15 15
19 22 15
5 8 29
11 12 18
9 11 3
12 13 26
22 1 10
22 22 7
14 16 22
4 7 16
14 15 9
19 21 23
8 11 9
8 11 24
10 12 11
6 8 24
10 11 23
16 17 6
16 19 26
14 15 9
13 16 17
11 12 20
6 8 11
0 2 3
22 21 24
19 18 23
9 10 26
6 8 4
14 16 18
19 22 9
6 9 25
8 11 26
17 20 3
21 22 17
19 22 11
7 9 25
6 7 30
7 9 20
11 12 14
9 12 12
10 11 4
10 13 1
6 7 4
19 22 4
12 14 15
18 21 9
14 17 23
12 13 28
20 22 26
5 6 4
23 1 16
10 12 20
6 8 24
9 10 16
21 0 8
2 3 16
21 22 27
4 7 27
0 2 27
18 20 2
23 1 6
17 19 13
2 5 12
6 8 7
17 19 27
6 6 25
9 11 24
14 15 20
23 1 8
23 1 2
12 14 25
3 4 12
17 19 14
9 11 18
4 6 6
19 21 15
1 1 10
18 21 1
14 16 21
11 14 5
12 15 15
15 16 8
12 15 13
5 8 29
0 2 16
15 18 8
14 17 15
3 6 3
5 8 10
11 13 3
2 4 25
2 5 21
22 23 9
7 9 15
15 18 13
7 8 20
12 15 14
12 15 2
4 6 20
15 18 18
18 20 2
23 3 21
4 5 26
18 20 16
10 13 17
4 6 26
7 7 7
16 17 30
17 19 14
14 14 15
0 1 1
5 7 25
9 12 11
0 2 3
20 21 5
7 10 11
6 7 26
8 11 17
15 17 28
12 13 7
22 1 2
7 9 6
10 11 12
9 12 24
19 23 11
12 13 5
17 21 29
6 7 20
21 0 26
23 1 17
16 17 25
18 21 13
1 2 16
10 12 23
11 14 9
18 21 7
20 22 28
3 5 19
14 17 17
7 11 19
14 16 13
14 17 26
10 13 24
11 12 3
8 10 6
12 15 27
22 22 9
16 19 25
22 23 13
8 10 16
5 6 29
12 16 15
11 13 3
3 5 1
18 21 17
9 12 10
18 20 24
11 12 29
15 18 23
15 18 25
22 0 12
22 0 16
2 3 23
4 7 26
18 22 12
22 1 28
15 17 6
18 19 5
5 6 16
23 0 17
16 17 10
7 9 22
7 8 9
19 20 8
3 5 21
0 2 10
19 23 5
1 4 12
21 23 9
16 19 3
13 16 14
20 23 2
2 3 24
21 23 30
8 9 17
11 14 28
21 0 30
4 8 8
20 23 11
4 6 19
0 1 29
10 11 26
14 17 3
20 22 27
19 22 13
16 18 27
6 8 16
23 2 10
23 3 9
5 7 5
5 7 17
14 15 27
17 19 2
18 20 20
15 17 1
18 21 18
14 16 30
13 15 10
23 1 12
10 12 9
14 14 28
13 14 3
9 11 22
22 1 18
2 3 7
18 20 6
23 2 23
5 7 16
21 23 3
6 8 5
4 6 25
17 18 30
17 19 29
9 12 14
0 2 12
15 17 29
8 9 6
1 5 14
22 22 18
17 20 8
22 23 14
11 13 21
21 23 14
17 20 18
6 7 6
8 9 22
1 2 13
16 17 27
6 8 15
9 12 8
18 20 11
8 9 2
18 21 11
20 22 24
12 14 7
21 21 25
11 14 22
10 14 3
2 5 26
17 19 26
3 6 7
4 6 9
13 14 24
6 8 20
22 0 17
15 17 8
11 13 25
7 10 17
23 2 30
0 3 7
20 21 27
5 6 15
14 16 14
13 14 17
21 0 1
15 19 3
1 4 13
13 14 10
15 17 1
16 17 26
16 19 7
14 16 10
8 9 3
10 12 11
3 3 15
3 3 30
14 15 21
7 8 19
11 12 11
9 12 14
8 11 6
16 18 21
4 6 25
4 5 22
21 23 14
13 16 14
19 21 24
14 15 16
6 8 5
6 8 30
1 1 27
0 2 1
18 19 20
8 9 20
4 7 22
11 13 25
13 15 21
18 19 21
20 23 22
11 12 12
16 18 16
1 2 11
18 20 19
11 14 1
17 19 19
15 18 12
5 6 21
22 1 2
4 6 27
17 18 17
4 6 15
10 13 15
23 2 22
6 10 19
3 6 23
23 23 7
12 13 6
15 16 11
2 4 24
5 7 30
20 22 11
9 10 9
17 20 10
23 1 12
0 3 2
19 22 15
3 6 29
20 23 12
21 0 27
18 21 27
19 21 7
0 3 17
9 11 29
2 3 12
18 19 23
21 23 29
11 13 14
16 18 14
18 18 12
20 23 30
18 20 12
7 9 3
20 22 27
9 13 1
18 19 9
1 3 1
8 10 4
14 14 16
1 3 14
18 20 13
12 12 29
12 15 11
0 1 11
16 19 25
17 20 9
12 16 22
21 23 3
23 0 26
18 23 26
17 19 22
15 16 6
18 19 16
0 3 2
17 20 30
18 20 24
20 23 23
19 21 2
9 10 17
7 8 18
15 16 28
14 16 16
22 0 13
16 17 5
21 22 13
8 8 13
18 19 22
14 16 28
9 12 18
17 17 2
22 1 6
0 0 19
7 8 23
12 13 25
21 22 27
14 16 15
7 10 19
14 19 12
12 14 9
20 23 18
21 22 27
3 6 6
14 15 13
8 10 10
4 5 17
9 10 23
11 12 25
20 21 26
11 13 17
16 18 26
11 15 19
16 18 1
7 9 10
6 7 20
1 2 22
16 18 11
6 9 6
15 16 18
3 5 21
18 20 12
5 6 5
2 5 13
9 10 24
17 19 29
20 23 5
1 2 5
15 17 6
12 15 15
20 22 4
14 17 18
8 13 10
6 11 15
14 16 14
21 21 13
21 22 27
16 17 26
4 4 11
5 9 27
5 9 3
4 5 23
1 4 5
16 18 12
17 20 20
20 22 17
8 10 30
12 13 17
6 8 15
2 3 6
2 4 20
12 13 12
2 4 2
6 7 16
22 0 3
21 23 16
1 1 26
8 11 7
2 4 7
2 4 12
23 1 26
6 9 30
3 5 13
20 20 6
0 3 13
15 17 18
5 7 25
21 22 1
21 22 10
22 0 24
18 20 27
8 10 5
2 4 24
1 3 21
13 15 12
4 6 13
3 6 6
21 23 14
12 15 27
0 3 18
3 6 15
16 19 17
6 7 13
3 6 19
0 1 10
4 6 19
18 20 13
18 21 24
7 11 9
23 2 14
1 5 26
21 23 5
13 15 9
8 9 29
15 16 7
10 12 13
23 0 15
10 13 27
20 21 18
4 5 30
8 11 21
21 23 3
10 11 6
16 19 14
18 18 5
9 10 17
8 12 20
3 4 21
20 23 22
6 7 1
19 21 1
1 2 15
2 3 24
2 4 20
15 18 22
12 14 18
5 5 21
17 19 23
20 23 11
21 23 14
8 10 4
14 16 26
6 7 21
3 4 5
14 15 11
7 9 6
1 3 8
1 3 2
4 5 21
7 9 24
1 1 26
10 14 26
10 12 8
22 2 25
15 16 20
10 12 24
1 2 15
13 15 29
8 10 8
4 7 6
4 6 2
21 22 25
2 3 21
12 16 12
15 15 2
0 3 21
3 5 3
7 9 10
13 16 9
9 10 16
11 12 17
6 8 4
12 13 18
22 23 11
21 23 17
12 13 2
2 3 27
12 13 5
14 14 23
14 16 4
16 17 21
12 14 12
11 12 22
8 10 28
1 1 17
23 3 12
14 14 1
21 23 23
8 8 22
23 0 27
14 15 29
20 22 19
23 2 3
15 16 16
9 11 18
17 18 1
7 7 24
18 20 17
11 12 21
23 1 5
10 12 15
8 10 21
16 21 30
13 15 12
0 1 30
8 10 6
22 22 5
7 10 26
14 16 29
15 17 29
23 0 18
10 12 2
0 5 3
9 12 8
6 8 22
12 13 4
2 4 28
1 2 17
20 23 18
13 14 14
5 7 10
16 16 20
19 23 2
9 10 2
16 18 16
12 14 16
8 10 2
10 12 25
16 20 16
7 10 22
17 18 6
2 5 8
12 13 5
18 19 30
4 6 30
13 15 28
19 21 19
9 9 21
2 5 4
18 19 30
8 8 26
2 5 18
15 17 17
10 10 28
8 9 9
9 10 16
13 15 25
23 0 2
8 10 14
11 14 21
5 7 25
23 1 12
14 17 3
14 17 15
2 4 22
12 15 22
10 13 7
7 9 2
13 14 19
10 12 27
1 3 4
4 6 28
12 13 2
22 0 3
11 14 23
12 12 5
23 1 9
14 14 30
7 10 21
12 14 2
14 17 12
3 5 20
4 4 13
18 20 3
8 10 23
14 18 21
6 7 26
12 15 15
17 19 26
4 7 13
2 6 19
7 9 21
5 7 27
14 18 27
1 3 18
15 16 6
14 18 26
22 2 23
7 8 20
9 9 12
18 19 26
11 12 17
17 20 29
20 23 2
22 1 15
5 5 28
11 13 16
2 3 19
10 12 29
6 7 5
13 16 29
14 14 23
0 0 11
15 17 1
22 0 16
17 18 14
3 5 13
16 18 18
19 20 1
17 19 20
23 2 20
0 2 15
7 9 2
21 22 15
19 21 7
23 1 1
1 3 5
3 6 18
12 13 30
21 0 5
20 21 24
1 5 30
12 13 6
8 10 6
14 16 28
12 14 29
17 21 11
12 14 24
18 19 11
8 11 22
13 15 6
0 2 26
16 18 13
23 1 22
6 10 16
14 16 13
23 1 12
8 10 19
11 13 16
1 2 10
17 19 3
0 3 23
10 12 24
10 13 17
5 7 20
1 3 19
18 20 27
2 3 9
1 3 19
9 10 16
8 8 22
10 12 18
16 18 22
4 5 25
20 22 20
5 5 11
2 5 16
23 1 19
19 21 1
19 20 5
6 6 27
6 7 7
12 13 27
21 0 26
12 14 5
19 22 15
15 16 30
21 22 12
18 21 12
5 7 30
12 15 3
22 0 23
1 3 21
3 7 13
19 20 24
6 6 16
20 22 5
19 20 10
10 11 10
18 17 19
2 6 24
12 14 19
19 21 13
21 0 18
6 7 1
20 22 14
12 14 1
15 18 17
15 16 19
1 0 13
5 7 21
2 3 18
14 16 6
2 5 17
0 1 19
10 11 27
7 9 6
22 22 30
0 3 22
18 20 3
4 4 23
0 2 15
14 17 3
20 22 17
22 22 8
5 7 3
13 14 5
10 13 17
12 14 29
1 3 7
9 10 17
3 5 11
13 15 29
0 2 3
21 21 9
13 14 18
5 6 5
9 12 19
1 3 28
22 23 20
22 1 21
3 4 9
9 13 30
23 1 13
17 19 15
18 18 5
6 8 16
1 4 29
13 15 10
19 20 6
22 1 12
21 0 30
3 5 6
19 22 17
3 6 18
10 12 17
23 0 4
1 3 8
23 2 8
12 16 2
8 10 27
1 4 13
19 22 1
9 11 18
1 3 2
11 15 8
2 2 22
0 1 20
9 9 22
1 5 2
19 21 22
1 3 18
0 3 24
20 22 19
23 1 28
17 22 2
21 23 24
22 0 30
16 17 13
6 9 27
8 8 10
8 9 21
0 2 25
22 1 24
1 3 25
13 14 24
5 6 9
14 15 6
21 23 30
15 17 18
17 19 2
14 17 2
11 12 21
21 23 18
18 22 8
3 5 22
14 18 15
5 8 29
2 4 16
17 18 29
2 5 14
4 6 9
8 11 27
19 22 28
3 4 8
6 7 6
19 21 30
17 19 12
14 17 16
20 20 19
13 15 3
10 12 28
19 22 1
19 20 27
20 22 23
21 23 10
16 18 29
0 2 24
0 3 5
13 15 20
10 11 13
9 10 4
5 5 29
0 2 18
5 8 10
19 22 22
19 21 16
2 4 1
4 6 5
4 7 7
23 2 20
1 4 9
23 0 21
20 0 4
4 5 3
16 16 10
23 0 19
22 0 3
3 5 29
12 15 10
18 18 30
1 2 24
8 10 30
14 17 23
20 22 5
4 5 22
7 10 14
15 17 6
4 6 1
21 22 14
14 17 24
20 23 15
6 8 16
15 15 9
20 21 10
22 1 20
21 22 7
9 11 10
14 17 16
17 17 16
5 6 22
1 2 25
4 6 24
3 4 20
22 22 10
22 0 19
9 10 6
23 3 10
8 11 18
5 7 4
6 7 15
8 9 29
10 12 4
15 15 21
19 20 22
18 19 6
8 9 14
21 0 20
20 22 25
19 21 16
13 15 15
15 19 27
2 2 28
16 19 27
9 12 25
20 0 8
5 8 26
7 10 13
5 8 6
7 8 23
18 21 3
12 15 16
9 12 25
22 23 8
4 8 13
22 0 6
20 20 27
3 5 16
0 1 15
16 18 15
14 15 11
20 22 1
17 17 30
6 7 28
15 17 2
20 23 20
7 9 24
17 18 26
17 19 3
20 22 10
16 19 17
9 10 26
11 11 8
0 2 15
4 6 3
7 8 8
7 10 30
20 20 15
20 22 18
3 6 30
14 17 27
16 18 22
13 15 23
13 14 8
17 19 7
9 12 6
9 12 21
21 23 26
15 16 3
10 11 15
11 13 18
13 15 25
23 0 9
23 1 3
19 22 14
9 10 5
13 14 24
8 10 17
8 10 22
21 23 6
15 18 2
20 21 16
14 14 1
6 8 25
20 21 27
2 3 18
13 14 29
1 2 8
8 10 5
4 7 15
10 12 25
8 10 10
16 17 21
22 1 25
21 0 29
1 3 8
12 13 12
21 0 13
8 9 26
10 11 10
23 0 27
19 22 23
0 1 8
13 14 17
17 19 5
7 8 4
6 6 14
21 0 20
0 2 5
9 11 19
13 15 7
17 17 16
15 17 17
1 3 16
3 6 23
18 20 2
17 19 10
19 21 30
13 16 1
23 0 19
23 0 2
23 1 21
16 19 21
1 4 25
15 15 11
21 22 13
0 -1 4
12 15 3
1 4 20
15 16 29
22 0 26
20 23 26
21 0 23
23 2 21
4 7 6
23 2 8
0 1 21
8 10 23
21 1 27
20 22 6
16 18 25
21 23 16
22 1 30
7 8 29
5 7 14
0 3 19
6 7 18
10 13 9
18 19 4
2 4 1
10 12 11
19 19 24
5 8 22
10 12 30
0 2 4
8 12 6
12 15 26
23 0 13
8 9 22
0 2 1
4 6 26
11 12 7
5 5 9
0 2 9
20 23 6
1 2 2
19 21 1
7 10 13
6 6 2
13 17 3
4 6 27
5 6 18
15 18 2
5 7 11
21 0 19
21 22 1
12 13 29
14 16 7
1 2 6
12 13 16
17 19 23
18 20 4
9 12 25
8 10 22
16 17 21
0 3 19
16 18 25
11 14 8
22 1 29
23 1 29
22 23 8
15 18 2
6 9 18
9 12 28
19 22 23
17 18 27
19 23 19
4 6 30
2 4 29
20 23 5
3 5 4
12 13 30
9 10 4
7 9 28
6 9 24
18 21 9
12 14 20
2 4 7
10 11 23
20 21 5
17 18 15
4 8 18
16 17 12
9 12 8
1 2 23
0 2 27
19 20 11
5 8 21
15 17 4
22 1 8
17 19 5
14 16 11
19 22 1
10 13 25
0 1 8
19 19 13
0 1 27
15 17 14
14 15 11
5 8 22
19 20 3
12 13 3
16 16 12
2 5 21
1 4 28
9 10 18
9 12 4
21 23 5
4 6 21
17 17 8
1 3 3
15 15 4
22 0 17
9 9 6
7 9 26
16 17 24
22 0 22
7 9 11
17 18 5
18 20 9
22 1 30
10 13 26
2 5 23
14 16 20
18 19 15
22 23 16
8 10 25
22 1 28
10 11 2
16 19 7
23 0 15
10 11 1
14 16 15
5 5 15
15 17 21
12 14 10
18 21 13
18 19 2
6 7 30
22 2 29
18 20 26
10 12 7
12 13 25
14 18 25
8 11 15
13 17 16
8 10 28
2 4 3
10 13 25
23 23 4
5 8 14
23 1 10
14 18 4
0 3 28
21 1 28
4 3 6
0 1 4
9 11 29
2 4 26
10 11 17
9 10 10
6 8 25
20 23 5
20 23 17
23 0 8
21 0 28
19 21 15
2 5 12
18 21 27
16 19 1
6 8 20
11 12 9
21 22 20
18 18 20
6 10 1
23 0 22
5 8 6
21 23 14
5 9 10
8 10 13
11 13 21
17 20 14
20 22 1
10 11 5
13 17 1
12 14 21
2 5 2
13 15 20
1 4 25
0 1 1
13 15 27
6 7 16
0 3 24
13 16 17
12 15 22
8 8 25
23 2 25
8 11 24
20 22 12
21 23 21
19 21 15
11 12 10
9 12 18
21 23 24
7 9 30
8 10 6
4 6 15
5 7 18
20 23 26
20 21 19
15 17 8
15 16 15
21 0 28
1 4 9
2 4 20
22 23 4
3 6 24
11 13 29
1 2 22
1 2 11
23 0 19
2 3 24
0 3 29
3 3 14
8 9 10
22 1 10
7 9 12
3 4 1
4 7 22
7 8 3
21 0 24
11 14 28
1 4 19
16 18 16
21 0 2
1 5 5
16 19 24
14 17 10
6 8 16
12 14 22
19 21 15
21 23 6
22 22 26
1 0 30
6 8 1
21 23 22
17 19 11
2 3 17
4 7 4
23 2 18
7 9 28
20 22 16
12 14 12
4 5 10
21 22 19
12 12 5
7 8 19
21 23 6
3 5 1
1 3 15
19 20 12
10 13 27
22 23 4
4 6 19
16 18 7
8 10 1
19 20 4
10 12 3
11 12 17
13 15 5
21 21 6
18 19 30
10 11 23
0 0 18
3 5 8
6 9 11
23 1 8
14 17 5
1 1 26
17 18 22
14 15 23
2 5 5
20 22 5
16 18 5
15 18 22
22 1 2
4 4 20
10 11 11
6 8 7
19 21 23
4 7 1
3 6 27
16 17 6
9 11 29
16 18 8
3 5 1
10 12 12
17 17 9
4 6 30
17 18 17
0 3 23
14 15 8
7 8 26
12 14 1
5 8 1
3 6 9
3 4 29
3 6 10
6 8 2
22 23 30
3 6 9
14 17 24
7 10 27
12 13 18
18 20 5
16 17 3
15 17 24
23 3 18
11 15 25
2 4 10
5 7 11
0 3 7
12 14 30
16 18 28
4 6 14
23 0 24
8 10 18
5 7 8
20 22 12
17 18 29
17 20 4
3 6 15
7 8 29
13 15 11
19 22 28
18 21 1
23 0 12
9 11 17
3 5 28
4 7 26
17 19 23
15 16 7
12 15 21
8 10 15
23 3 22
8 11 15
21 0 16
4 5 20
8 10 6
7 8 17
6 9 16
1 3 18
5 5 7
19 21 10
22 22 15
8 11 19
16 18 4
6 7 14
22 0 23
14 15 11
5 7 17
20 23 21
1 3 14
9 9 16
10 12 9
14 16 27
13 15 23
1 2 11
11 15 12
0 3 26
5 7 14
5 6 23
16 19 28
12 14 10
16 16 12
18 18 16
13 15 15
20 23 29
11 14 16
3 5 27
0 3 26
21 0 15
1 3 16
18 21 17
21 22 9
20 23 23
4 5 29
12 14 7
21 23 25
0 3 13
16 20 3
19 0 26
11 12 15
10 13 15
16 17 15
22 23 8
8 8 30
23 2 23
15 17 18
9 13 3
14 16 25
1 3 4
15 17 18
19 21 13
7 10 28
13 15 28
16 18 15
18 20 3
5 9 30
9 12 28
10 11 26
22 0 21
10 12 29
21 23 7
23 1 20
5 7 15
21 22 1
20 23 22
22 23 25
10 13 13
6 6 24
2 4 24
3 7 25
2 4 29
21 21 24
6 8 20
22 0 13
0 2 19
21 23 26
10 13 20
15 17 5
16 20 23
18 19 21
23 1 20
6 8 7
21 23 17
8 10 13
13 16 18
21 23 16
3 5 30
18 18 15
2 4 30
14 16 5
17 19 25
7 9 8
16 17 17
12 14 10
9 11 12
10 13 19
20 22 29
15 16 13
20 21 18
7 11 25
0 2 29
22 0 30
18 21 20
5 7 25
6 9 14
4 6 1
21 23 18
6 8 9
12 14 2
23 1 30
10 13 8
6 7 26
18 19 13
3 7 7
0 1 15
22 1 5
16 17 24
8 9 26
7 9 21
0 0 7
8 10 2
20 21 4
0 1 28
16 16 16
0 2 11
19 21 21
6 5 1
3 6 21
2 4 25
17 20 21
12 13 4
21 23 28
5 8 28
16 19 30
10 13 3
6 7 4
20 22 3
1 3 26
7 8 16
17 20 27
4 7 26
11 14 20
4 7 7
15 17 5
1 3 8
10 12 2
17 18 1
14 16 4
5 6 5
15 18 17
5 8 17
3 6 18
18 22 5
20 21 24
6 7 1
21 22 6
11 15 11
0 3 14
22 0 10
19 21 15
19 20 1
20 22 29
22 23 3
8 9 11
9 11 8
14 16 14
6 9 16
21 23 11
7 11 24
7 7 27
21 0 21
5 5 3
16 19 8
7 10 7
6 8 15
14 17 12
21 0 21
7 9 10
15 18 2
21 22 7
5 7 24
19 21 4
7 9 26
15 17 19
0 2 17
7 10 23
2 4 22
21 22 27
0 1 4
17 20 1
0 3 2
21 23 6
1 2 7
10 13 12
8 10 29
11 15 9
16 20 28
22 23 22
21 22 7
16 19 4
5 8 19
12 14 19
16 18 13
7 8 13
10 12 16
7 10 18
3 7 22
21 0 6
17 20 7
18 21 17
13 15 19
14 17 8
17 19 23
2 4 11
22 0 29
11 14 25
14 15 6
17 20 3
17 18 12
12 13 6
21 22 14
19 22 24
20 22 22
0 1 28
23 0 27
22 22 11
8 10 27
19 23 9
21 0 20
17 19 9
9 12 20
18 20 30
22 0 1
10 11 25
9 10 13
5 8 15
15 18 20
0 2 7
7 11 21
19 21 5
16 18 24
10 12 23
15 14 23
1 3 18
15 17 8
4 6 11
16 20 2
11 14 1
14 14 1
12 13 2
18 20 3
5 5 11
1 2 8
11 12 18
13 15 8
7 10 23
0 1 28
14 14 6
17 20 3
20 23 19
4 6 25
4 6 29
2 3 8
12 12 3
5 7 30
15 18 13
23 2 19
2 6 4
20 21 28
5 7 21
7 8 23
10 14 30
23 2 15
6 5 21
2 6 18
21 22 12
6 8 7
2 5 14
12 13 8
14 15 13
11 12 5
12 15 13
13 15 26
11 12 1
19 20 20
8 9 12
5 8 3
19 22 12
23 3 11
6 9 29
0 2 6
2 3 3
1 3 14
10 11 29
19 19 7
19 21 14
18 19 28
1 4 3
0 2 18
21 1 15
0 4 30
22 0 27
12 12 11
17 19 27
18 21 3
16 16 6
22 23 17
8 10 25
14 18 30
21 23 20
13 16 4
21 0 4
17 20 2
14 15 1
7 10 26
11 14 14
0 2 21
12 14 26
21 0 24
4 6 14
5 7 11
23 0 2
9 11 4
19 21 12
23 2 23
8 10 7
1 2 20
15 17 5
0 1 3
0 4 17
20 21 29
20 22 5
0 1 29
22 23 15
0 2 20
14 17 20
17 18 13
8 12 29
4 6 30
0 3 1
10 12 11
21 21 8
9 11 6
20 22 7
7 9 13
10 13 21
23 1 6
8 10 5
14 17 20
23 0 26
16 17 15
18 20 21
21 23 7
10 12 30
19 20 19
3 4 27
7 10 2
1 3 23
17 18 20
0 2 3
2 3 29
3 5 18
22 23 12
22 0 4
19 22 22
17 21 1
9 10 14
13 14 13
1 4 16
0 3 9
18 21 20
5 6 14
20 22 1
19 22 16
19 19 15
11 15 16
15 16 7
1 1 22
19 20 30
15 18 29
8 7 24
9 11 5
19 23 1
21 0 2
3 4 30
22 1 10
8 10 26
2 4 15
0 3 4
0 2 15
2 5 6
7 8 11
19 21 14
5 9 12
14 17 28
18 21 16
20 20 10
15 17 24
20 0 16
0 2 11
20 22 8
17 21 11
19 20 4
4 7 26
5 6 9
15 16 1
23 1 7
12 14 8
13 14 26
17 20 15
19 23 3
10 11 22
5 6 26
6 10 20
3 4 17
3 5 18
20 23 27
21 23 19
3 4 8
6 9 15
7 9 19
9 12 14
22 0 10
13 15 24
0 4 6
14 15 10
20 21 25
19 22 28
20 23 5
22 0 7
21 21 3
21 1 15
6 8 26
21 22 30
22 0 12
14 16 26
1 4 19
15 17 10
22 1 12
17 19 26
17 20 23
14 16 12
22 1 24
15 16 9
10 11 3
13 15 8
14 15 5
11 12 1
15 17 8
12 15 1
14 16 10
0 3 19
3 6 21
14 17 11
8 11 20
23 2 13
4 7 30
1 2 9
16 19 3
10 13 2
17 21 1
3 7 15
11 11 28
21 23 6
16 16 22
7 8 8
7 12 14
12 15 8
7 10 12
0 4 10
4 6 19
3 4 4
17 19 11
16 17 6
11 12 30
6 8 23
2 5 3
3 4 18
2 5 19
23 1 12
13 15 15
19 20 28
11 13 26
20 22 18
10 12 26
11 13 21
15 17 3
12 14 6
11 14 23
20 21 14
23 0 8
5 6 1
22 0 30
23 2 1
12 14 30
1 1 12
15 16 7
3 6 9
6 7 22
12 13 15
19 21 12
15 18 7
5 8 29
20 19 6
13 16 19
12 16 10
8 9 4
4 5 24
9 12 16
0 1 4
2 5 4
16 16 1
4 6 29
4 7 20
3 5 21
5 8 30
0 2 15
2 3 5
4 6 12
5 7 3
8 9 14
19 21 28
22 0 16
4 6 24
15 16 29
7 10 22
13 15 1
0 1 10
11 14 19
15 17 9
18 18 20
8 10 6
11 13 12
3 7 23
10 11 9
6 7 28
11 15 9
3 5 20
15 18 18
17 19 30
18 20 29
4 6 9
15 19 24
15 17 16
13 16 23
10 13 13
23 0 22
4 7 17
3 5 8
10 12 23
7 9 6
17 20 26
2 6 14
12 15 26
11 13 25
2 4 2
4 4 22
21 23 9
18 20 29
4 6 11
15 16 13
14 15 22
2 5 24
3 6 3
21 23 17
6 9 11
17 19 5
17 20 15
9 9 5
7 9 25
14 18 6
17 19 6
0 2 17
15 16 8
16 17 29
2 3 3
15 18 30
6 7 5
22 0 20
23 1 12
1 4 29
20 21 19
16 19 24
15 18 16
3 5 17
6 8 26
23 0 8
11 16 26
22 1 13
19 20 21
14 15 22
0 3 15
13 16 23
11 12 14
13 15 21
5 8 11
22 23 20
20 23 5
12 12 26
0 3 22
11 12 27
3 6 10
18 20 27
7 9 7
23 1 28
0 3 11
1 4 9
19 21 7
2 4 11
1 3 5
9 11 20
5 9 6
18 21 29
6 9 26
17 18 25
18 22 7
12 15 18
3 7 20
8 10 10
4 6 29
22 0 5
9 11 29
13 14 26
5 5 9
2 3 20
18 19 25
11 12 5
0 2 29
2 4 14
2 5 28
17 18 6
14 17 30
19 21 1
8 11 18
7 10 15
10 14 1
22 0 12
17 19 16
21 23 13
1 4 19
21 23 9
6 9 14
8 12 25
13 15 10
0 1 22
11 14 11
1 4 6
19 20 28
6 9 13
20 22 20
3 4 28
3 5 8
3 6 13
16 18 14
7 11 17
18 21 27
15 18 17
3 6 16
10 12 30
3 5 13
16 19 18
16 20 11
4 5 18
3 5 5
22 0 15
10 14 4
7 8 7
0 1 25
3 6 21
4 7 12
21 0 17
1 2 10
20 22 4
22 0 10
14 17 20
11 12 13
12 13 21
15 18 10
3 4 28
5 6 17
17 19 18
4 6 7
9 11 9
14 17 11
13 15 3
17 18 15
12 16 23
8 11 6
5 7 9
23 1 7
15 16 9
5 8 28
15 18 12
18 20 20
9 12 29
18 21 13
20 21 19
3 4 19
7 10 3
17 19 3
21 1 22
16 19 12
8 10 27
10 12 10
9 12 27
18 21 19
2 6 9
4 7 4
1 4 21
15 16 9
1 3 12
16 16 2
10 12 30
3 6 9
9 11 5
10 12 27
18 20 26
19 21 27
15 16 7
6 9 4
22 0 1
17 20 3
4 6 18
4 7 4
7 9 27
22 0 18
0 2 30
12 11 18
22 0 5
18 20 22
3 5 9
15 16 22
20 23 17
3 5 1
16 18 2
1 2 11
0 2 5
7 9 5
12 16 4
7 9 3
23 2 22
22 1 10
2 3 21
2 5 18
2 5 21
15 18 9
23 1 29
10 12 1
0 1 22
19 19 20
2 4 21
21 22 26
1 2 4
23 1 23
0 3 7
8 11 29
4 4 29
13 14 28
12 13 17
8 10 14
17 19 12
0 3 17
23 2 17
8 12 25
21 23 1
12 14 12
5 6 3
4 6 12
17 21 10
7 9 6
22 1 8
13 17 29
19 22 12
7 9 2
20 20 24
10 11 29
20 21 17
1 3 16
2 6 17
9 9 1
10 12 16
10 11 3
16 19 27
14 18 17
5 7 5
11 11 17
17 19 2
17 17 18
3 6 3
17 20 18
17 19 22
0 2 22
15 16 28
13 15 14
6 7 13
20 22 2
9 10 11
16 19 13
20 21 15
10 12 23
3 5 7
14 15 15
16 19 16
3 5 16
8 11 23
12 14 25
1 3 14
0 2 8
1 3 19
1 3 25
4 7 27
4 5 28
7 8 3
0 2 19
17 20 29
5 7 7
9 12 25
13 16 26
23 2 8
22 0 2
7 8 4
4 6 12
9 13 29
12 15 24
5 8 7
12 17 17
18 20 2
11 13 20
17 18 22
1 5 16
16 18 20
15 17 3
0 2 12
17 19 4
16 18 14
21 22 4
8 11 18
4 5 25
12 13 14
11 12 20
5 7 16
15 21 28
5 8 20
16 17 16
8 10 23
11 13 3
13 16 2
3 5 19
16 19 17
22 0 20
4 6 12
4 5 5
6 7 8
5 8 8
20 22 27
12 13 13
23 0 6
18 18 14
0 2 4
22 0 25
1 3 9
15 17 27
22 22 8
6 5 17
14 17 3
5 7 15
9 11 20
12 17 29
21 22 13
12 12 26
4 7 12
0 2 22
4 5 26
7 9 6
15 16 23
13 15 11
16 17 24
23 2 17
17 18 4
6 7 1
10 12 14
3 5 24
2 4 14
0 2 24
12 13 12
22 1 11
20 22 29
19 20 15
18 20 11
13 16 12
22 23 8
21 0 27
21 22 28
12 14 18
21 0 29
10 11 12
13 14 28
0 -1 29
5 7 5
9 9 5
5 7 12
7 8 7
6 6 18
22 1 5
17 20 16
8 9 3
16 18 15
7 7 2
23 1 24
0 4 2
19 21 4
16 16 24
21 22 5
11 12 1
14 17 16
23 1 20
11 14 12
10 12 10
2 2 4
19 20 3
8 11 7
11 13 27
8 10 21
16 17 24
12 14 19
21 23 4
22 23 30
0 1 2
1 2 23
21 23 23
10 12 16
21 21 21
6 7 11
17 19 26
16 18 21
21 0 5
11 13 28
0 3 2
23 1 5
10 12 13
3 6 6
5 6 12
16 18 6
21 0 6
11 12 25
11 14 1
15 17 5
21 22 21
15 17 11
11 13 7
15 16 30
23 1 5
12 13 15
1 3 26
0 2 6
7 7 3
8 11 29
15 17 6
21 22 3
20 22 14
5 7 20
17 17 18
0 4 30
15 17 28
6 7 9
8 11 16
1 2 9
20 22 25
23 2 26
5 8 15
14 16 20
5 6 29
17 19 30
14 15 25
13 16 6
6 10 1
11 13 27
14 19 8
20 23 18
15 16 16
23 0 27
7 10 24
1 1 12
11 13 15
18 19 3
5 9 16
4 6 21
20 21 6
1 4 13
23 2 1
21 23 23
15 18 16
4 7 27
22 23 27
6 9 10
23 1 11
6 7 4
0 2 29
17 19 1
23 0 18
3 5 23
1 4 30
13 16 6
21 22 12
14 16 8
19 21 21
22 1 4
14 15 26
2 4 2
11 13 5
6 8 28
4 5 15
0 1 15
0 2 29
19 20 20
13 13 3
20 22 25
17 20 22
7 8 11
23 1 23
20 23 26
16 17 16
12 13 19
15 17 13
21 23 12
7 9 7
23 2 20
20 21 8
10 11 2
10 12 22
0 3 3
13 16 3
17 18 26
9 11 10
4 7 17
1 3 30
23 0 5
2 5 1
2 5 16
13 15 9
23 0 16
6 8 7
16 18 4
21 0 3
15 17 9
7 8 19
12 13 3
23 1 1
17 18 29
7 9 29
11 12 9
2 4 4
19 20 17
23 23 25
6 6 6
23 2 18
3 6 22
11 14 27
2 2 15
18 21 13
10 12 14
7 7 2
2 4 14
4 7 8
18 20 20
8 10 26
12 13 10
5 6 10
13 16 17
14 16 21
18 18 16
23 1 8
11 11 27
20 23 13
19 22 28
12 15 10
13 15 30
2 5 29
10 12 17
18 21 3
18 19 10
22 23 26
22 1 26
4 5 26
23 2 26
19 22 7
3 4 17
3 5 6
22 0 13
15 18 13
19 21 8
12 14 19
10 13 11
14 16 7
2 5 25
20 21 27
5 7 1
7 8 27
9 13 2
22 1 20
10 12 24
1 3 12
22 0 10
23 0 2
21 23 11
14 16 25
8 11 1
4 6 16
21 0 7
3 6 23
21 23 20
22 0 18
2 5 7
14 15 25
8 11 26
0 1 28
4 4 17
9 13 16
23 1 21
14 14 20
13 16 25
8 10 30
7 9 15
8 10 2
1 2 11
14 17 19
17 20 19
0 3 30
9 10 11
17 19 9
19 21 4
9 11 2
17 18 14
10 12 12
22 1 13
12 13 4
2 5 2
23 1 29
11 14 21
9 10 23
3 5 2
13 15 21
20 23 7
2 3 13
13 14 19
21 23 3
12 12 28
10 12 29
9 11 6
6 7 19
21 21 22
6 6 27
4 5 2
7 8 11
0 1 3
4 7 21
22 1 22
11 13 27
10 14 23
13 13 3
18 19 14
0 1 5
17 19 18
4 5 1
12 14 5
11 14 2
22 22 30
13 15 23
10 13 19
12 17 13
12 14 11
4 6 15
18 18 25
0 3 5
6 7 17
14 16 27
11 12 1
10 13 9
9 10 25
13 15 20
20 22 23
18 20 18
4 8 12
13 15 16
2 3 13
9 11 12
16 18 6
6 7 24
22 0 1
3 4 9
4 6 23
15 15 15
5 7 25
9 14 12
12 13 22
0 3 18
13 15 20
11 13 12
21 23 15
9 12 2
14 18 27
18 19 2
2 4 5
17 20 5
0 2 27
10 12 24
22 1 27
12 15 5
17 19 20
13 15 22
10 10 28
18 20 2
8 10 15
13 15 28
17 19 2
7 9 8
21 23 7
18 21 29
5 6 22
6 9 19
6 5 9
18 20 18
15 16 7
3 5 10
11 12 30
6 9 21
7 9 1
19 22 8
6 9 24
4 6 25
21 21 22
4 6 3
7 8 23
20 23 18
6 8 20
0 1 18
7 9 30
19 21 29
1 4 11
11 13 18
7 8 24
16 19 19
16 17 30
8 12 5
13 15 26
15 18 11
3 5 30
7 9 6
2 4 19
5 7 7
18 21 30
18 20 20
18 21 8
20 23 19
12 16 11
12 14 1
20 21 17
0 2 30
7 10 14
20 21 21
10 13 2
8 9 13
14 16 10
11 12 15
22 22 5
17 18 4
3 5 28
17 20 21
2 4 8
11 14 24
17 19 9
5 7 6
11 13 5
22 22 4
17 20 10
11 10 15
15 18 4
20 0 12
6 8 30
18 20 21
10 11 23
4 6 9
6 7 4
9 9 4
3 5 1
17 20 8
4 8 2
16 19 3
8 10 4
3 4 21
11 14 24
13 14 14
15 17 17
10 11 13
1 3 2
9 11 29
12 15 4
23 1 23
0 3 24
23 0 18
4 6 8
0 3 17
15 17 10
23 0 29
21 0 2
9 11 26
13 15 9
7 9 27
13 16 8
6 7 14
12 13 27
6 9 3
1 5 6
13 14 12
6 8 28
3 4 4
22 23 29
19 22 26
12 13 15
2 5 26
0 1 29
14 18 28
1 4 4
7 9 9
15 18 10
0 2 1
11 14 19
14 17 11
1 5 28
16 16 28
6 9 12
17 19 11
3 5 21
13 17 22
17 17 18
7 10 6
23 1 9
9 11 19
5 8 30
22 0 29
17 18 12
10 12 1
15 17 8
7 8 28
4 5 25
18 20 23
21 23 14
15 16 18
12 14 5
2 5 1
10 11 10
17 17 11
2 5 15
9 9 14
19 23 11
22 0 15
10 13 14
15 16 25
5 5 29
10 11 15
4 8 22
22 23 17
20 21 9
21 1 3
20 21 6
7 10 29
14 15 17
22 23 17
13 15 8
8 9 15
5 6 9
16 19 3
10 13 7
11 13 14
15 19 11
14 14 16
21 23 6
3 5 8
20 22 5
21 23 4
11 13 26
6 8 20
18 20 3
1 4 30
5 7 18
15 17 18
17 18 25
20 22 30
18 20 20
10 10 25
6 8 18
16 17 16
12 16 2
5 7 18
6 10 2
3 7 27
8 11 8
9 9 2
13 14 4
8 8 8
13 15 18
18 20 1
16 18 27
14 17 15
0 3 29
22 23 30
19 21 26
9 12 3
4 6 7
22 23 8
23 22 26
1 3 8
23 0 21
8 11 30
11 14 28
12 15 25
8 11 7
15 19 8
8 9 18
16 16 1
18 21 1
6 8 3
4 6 20
23 2 4
7 8 28
2 4 29
11 14 18
11 12 10
20 22 30
20 0 3
15 16 8
5 7 3
5 9 29
14 17 23
21 22 12
16 17 3
10 11 25
0 0 29
20 20 4
10 12 3
17 19 29
21 0 29
3 5 18
14 14 16
0 2 23
22 0 9
23 1 6
16 19 6
10 12 7
23 2 22
6 9 14
14 16 1
16 18 29
18 19 19
6 10 16
7 9 11
11 14 21
15 17 20
7 8 27
12 14 11
14 18 27
6 8 23
7 10 19
10 12 21
14 17 24
21 0 12
23 23 22
17 20 12
12 14 14
1 3 2
9 12 12
11 15 23
9 11 30
21 22 23
4 6 2
3 4 25
15 16 27
20 21 25
0 2 18
12 14 5
18 20 13
17 19 8
6 6 13
12 13 27
3 5 16
19 22 23
7 8 9
20 23 2
3 5 19
14 16 7
2 4 6
15 17 22
12 15 16
19 20 13
2 4 17
23 1 7
10 12 22
7 9 29
3 7 4
2 5 9
22 2 11
0 3 17
22 0 10
8 9 17
20 22 6
13 16 26
16 18 15
1 3 23
12 15 29
23 1 12
13 16 22
3 6 30
23 1 22
14 17 2
7 9 8
2 3 2
9 9 7
5 7 10
9 10 16
15 18 13
20 22 16
22 1 9
10 12 13
2 5 30
12 14 3
10 12 29
9 11 13
18 18 19
3 7 23
10 13 6
13 14 12
14 16 20
6 11 9
12 14 8
11 14 21
3 5 18
2 3 15
4 6 24
10 13 11
4 5 4
21 22 23
11 12 9
16 18 6
18 20 29
7 10 19
17 19 4
20 22 15
12 12 1
15 18 6
12 13 6
23 2 28
7 9 12
12 13 26
8 9 16
17 21 16
11 12 4
2 3 26
6 7 15
6 9 24
5 6 13
14 18 11
10 11 30
18 20 27
21 1 27
2 4 23
1 4 21
6 8 30
4 5 18
11 12 26
17 19 24
1 3 20
16 19 23
9 9 17
19 22 2
18 19 26
11 12 23
15 16 14
20 22 29
22 0 3
21 23 16
7 11 27
2 6 30
13 15 24
16 17 30
21 0 4
23 0 1
14 15 23
14 15 30
8 9 24
7 7 5
12 14 23
23 23 13
3 4 25
8 10 21
6 7 28
5 6 20
1 2 20
16 19 11
10 13 28
3 6 6
5 8 18
6 7 2
20 0 7
23 2 17
10 11 13
9 11 3
7 10 9
5 7 6
4 5 23
10 11 20
7 9 28
22 0 6
21 22 10
13 14 29
3 5 12
20 22 9
23 0 30
11 13 26
11 14 7
20 22 16
13 14 21
9 11 26
16 18 14
12 15 15
11 13 28
10 13 7
20 21 14
21 22 5
17 20 4
23 1 22
20 23 28
8 10 23
12 13 18
20 22 9
2 4 1
17 20 22
10 13 5
1 5 6
3 3 16
16 17 30
17 20 3
21 22 13
7 9 5
20 23 13
3 5 17
15 17 18
20 0 19
10 12 21
6 8 30
12 14 21
12 15 22
18 19 1
10 11 8
7 9 18
13 14 19
11 12 21
10 11 1
1 5 20
12 14 13
5 7 27
18 18 23
15 17 29
10 14 12
9 11 2
12 12 26
14 16 13
12 13 2
11 12 3
4 7 11
11 14 30
7 10 23
10 11 7
11 12 25
9 11 9
2 4 27
19 21 20
2 3 20
14 17 28
17 18 13
8 10 3
16 17 9
12 13 1
8 10 22
7 11 19
5 8 3
8 10 7
20 22 1
10 13 14
23 1 12
8 9 3
2 2 29
21 23 5
20 22 8
13 16 20
13 14 25
12 15 30
18 19 3
6 9 28
15 17 21
11 14 23
4 5 6
4 6 13
12 14 16
4 6 22
19 21 3
9 8 1
2 4 4
21 22 8
5 7 1
18 20 2
9 11 13
16 18 12
3 6 26
16 19 9
11 13 7
5 6 4
17 20 17
13 16 9
12 14 18
0 3 18
0 0 6
6 8 5
14 16 27
15 17 13
4 7 27
0 4 17
2 4 17
17 19 9
23 0 13
19 23 5
9 12 26
7 10 26
21 23 26
23 1 22
19 22 30
11 13 22
7 8 22
20 21 6
1 3 16
8 10 16
6 8 21
11 13 2
16 20 4
16 20 14
0 2 22
14 17 17
21 1 24
18 22 8
11 10 25
1 4 9
5 6 25
11 15 13
1 3 6
5 7 8
23 0 13
5 6 3
9 8 12
1 3 27
3 5 8
11 14 8
0 3 17
3 6 23
12 14 2
9 11 7
9 10 1
3 6 23
7 9 12
17 18 21
16 16 12
0 3 24
10 12 15
4 5 11
11 15 2
18 20 3
8 10 7
18 19 23
17 18 15
4 7 9
5 6 19
1 3 9
4 7 15
4 5 15
7 10 19
11 13 12
14 18 17
2 4 27
5 7 10
5 6 12
18 21 14
14 18 6
7 10 2
17 19 24
6 8 18
21 21 26
11 13 27
21 1 1
2 5 25
16 16 16
16 19 2
18 21 21
4 5 6
6 8 27
7 11 17
20 22 29
4 6 20
23 1 25
2 6 3
20 23 5
2 5 21
11 14 4
11 12 10
22 2 18
22 23 19
20 21 21
3 5 21
14 17 29
15 16 20
0 4 25
16 17 8
12 13 8
23 0 10
21 2 21
4 6 26
7 8 28
10 13 10
17 19 24
2 4 24
4 6 10
2 4 8
19 22 4
1 4 15
15 15 25
10 12 15
18 21 15
12 15 14
21 0 20
7 8 14
7 9 5
21 0 27
18 18 16
9 10 25
11 12 29
18 20 19
3 5 15
3 6 28
18 18 16
6 8 29
14 16 15
9 11 17
5 5 13
8 9 13
21 23 16
2 5 7
5 6 29
6 10 28
8 9 1
17 19 13
1 2 8
11 12 17
5 7 27
4 4 9
20 22 10
20 21 30
10 12 4
15 16 22
4 5 20
2 4 26
10 12 3
21 22 20
3 6 12
13 16 27
9 9 18
2 5 23
22 23 17
0 2 10
20 0 14
20 23 7
21 23 27
16 17 30
22 23 13
17 20 8
18 21 5
9 12 3
0 2 23
2 4 28
10 14 5
1 1 8
6 8 10
9 11 28
4 5 14
8 12 23
0 1 22
21 0 25
16 19 25
19 20 6
2 6 8
11 12 25
22 1 6
22 23 17
23 0 30
19 20 11
0 3 28
16 18 26
22 0 4
10 13 28
10 12 6
9 13 12
10 10 25
7 11 10
19 21 20
12 14 28
3 6 8
18 21 25
20 23 8
7 9 4
2 6 27
3 3 24
21 23 23
13 15 20
4 5 24
21 23 15
19 21 1
19 0 13
19 22 8
1 2 20
2 6 21
14 14 19
18 19 18
13 16 4
0 3 30
2 2 26
23 1 25
0 0 13
14 15 6
19 23 5
21 0 21
20 23 19
7 10 9
9 10 23
14 18 24
13 13 4
3 5 20
22 1 5
17 19 2
13 14 7
0 2 17
13 16 17
20 21 29
8 10 4
20 23 19
15 18 7
8 10 12
2 4 24
14 17 25
13 17 24
17 19 17
13 14 22
13 17 25
8 10 6
13 16 27
10 11 16
15 17 22
0 1 9
13 16 28
12 14 7
20 20 14
12 14 14
8 10 28
14 17 30
14 17 25
20 23 9
22 0 5
16 18 18
8 10 11
18 18 5
7 11 28
3 7 29
0 3 5
3 6 9
3 5 26
5 5 11
11 12 10
13 15 15
4 5 5
0 1 24
19 20 26
7 9 5
19 21 21
21 0 3
2 5 21
18 21 17
16 20 1
9 11 14
18 20 27
10 10 6
8 11 4
5 6 11
12 15 9
2 5 23
12 11 9
12 14 10
22 1 24
21 23 25
9 10 6
19 23 20
23 23 12
17 18 4
19 22 28
4 6 5
17 19 3
16 20 13
1 3 27
23 2 25
22 1 5
9 13 15
23 2 16
20 23 26
0 2 29
2 4 9
17 20 30
5 7 21
