430 30
15 29 5 10 7 6 19 26 21 9 24 1 25 4 14 14 12 26 16 8 18 24 7 20 28 16 3 30 19 26 
4 6 27
5 8 27
21 22 10
3 5 29
22 0 25
18 20 30
5 6 9
10 11 15
15 16 7
0 3 12
21 0 13
21 22 16
4 5 21
9 10 25
0 2 21
14 16 29
16 17 27
3 6 12
0 2 10
3 6 21
9 11 6
0 3 2
4 6 9
12 15 20
14 15 22
20 22 6
0 3 26
5 6 14
12 14 4
18 20 15
13 15 5
1 3 23
8 9 27
20 22 24
11 11 20
6 8 18
14 18 8
0 1 5
12 16 2
17 20 19
17 20 10
19 19 30
18 19 6
23 1 5
5 7 15
14 15 21
6 8 6
11 13 29
7 8 3
14 16 14
9 12 10
16 18 4
21 22 11
4 7 2
3 6 19
4 6 11
21 22 3
8 10 9
4 8 19
8 9 2
10 12 25
2 5 26
7 7 10
23 3 29
16 18 25
7 9 26
1 4 12
7 9 26
4 7 11
9 11 22
20 22 22
11 12 19
22 1 13
1 4 27
22 0 9
4 8 22
7 8 5
9 12 22
20 21 13
10 12 9
14 15 18
11 14 17
14 16 21
19 22 2
21 22 7
17 21 2
15 17 1
15 17 1
16 18 23
20 20 15
2 4 23
22 23 9
16 19 6
6 7 12
5 8 1
8 11 1
15 15 1
23 0 1
16 18 11
9 9 6
18 19 19
21 23 4
12 14 8
9 11 30
10 10 17
9 11 3
20 23 24
8 11 13
13 15 17
10 12 10
21 22 16
4 7 6
5 5 23
1 3 30
3 4 6
7 8 15
6 7 23
6 8 18
1 2 22
15 17 28
1 2 2
0 0 4
15 19 24
6 7 14
14 16 20
23 0 18
6 6 22
5 7 22
23 2 1
21 0 29
3 3 9
17 19 29
12 13 12
21 22 24
19 21 30
0 2 27
8 9 16
2 2 27
18 21 3
1 3 30
19 22 18
1 3 14
0 3 4
4 6 12
12 14 28
11 14 10
5 6 13
7 8 24
18 22 16
13 12 18
21 0 4
10 10 16
2 3 26
22 1 12
21 23 4
18 20 30
5 7 6
13 14 23
15 16 28
4 7 8
0 3 9
19 20 8
23 2 24
15 17 23
14 15 22
9 11 16
21 0 2
14 16 21
18 17 15
11 12 28
3 6 26
16 17 25
19 21 15
4 6 2
15 18 14
9 11 17
19 22 4
12 14 12
21 22 11
17 18 28
10 10 6
3 4 3
19 23 7
20 22 13
21 21 25
13 15 26
5 7 30
19 20 21
8 10 13
16 18 18
5 7 28
1 2 22
7 7 27
16 18 29
5 8 18
7 10 28
22 1 1
3 5 5
16 18 6
16 17 13
13 16 16
8 9 19
11 12 15
2 5 25
15 16 4
1 4 30
9 12 14
23 1 8
22 23 28
5 7 9
12 14 20
12 13 16
13 15 25
17 20 12
0 1 19
22 1 6
4 5 1
20 22 5
16 18 5
6 9 18
20 22 7
1 3 28
9 12 29
20 21 24
21 0 24
2 4 12
22 23 7
7 7 25
22 0 7
5 6 17
7 8 16
13 14 4
11 12 20
6 9 27
3 6 10
15 18 23
19 21 2
1 3 1
2 3 7
20 22 11
2 5 17
8 10 24
20 21 27
14 16 19
15 17 23
7 10 1
17 21 22
9 11 20
21 23 3
3 4 30
22 22 23
1 3 26
23 0 22
3 4 23
20 21 7
14 16 18
2 4 19
1 5 28
18 18 7
22 1 22
22 0 18
5 6 23
22 22 3
0 0 23
15 17 7
5 7 2
2 4 4
21 23 10
13 15 26
23 1 25
20 22 27
2 3 15
23 1 13
0 3 24
17 19 24
16 17 3
23 23 3
7 11 3
8 11 26
2 3 14
12 15 23
21 22 28
16 19 30
9 12 4
16 19 8
0 1 10
11 12 29
19 22 7
23 23 17
10 12 2
0 2 27
18 21 6
18 19 30
3 3 22
7 10 28
5 7 19
11 11 12
11 11 11
5 6 14
4 6 24
3 4 11
9 12 10
12 15 16
6 9 18
12 14 4
1 3 4
0 3 15
21 22 8
2 4 1
3 5 10
23 2 8
6 7 13
9 11 10
22 2 22
19 20 9
3 3 24
15 18 8
20 0 15
20 21 27
22 0 14
6 8 9
8 10 3
1 3 9
6 7 16
10 13 19
7 9 21
10 13 5
21 0 18
6 8 8
6 7 26
23 1 26
3 6 2
19 22 15
23 0 23
9 11 8
19 19 4
23 1 28
8 8 14
20 23 2
8 11 17
9 12 16
7 10 12
6 7 28
11 13 4
13 17 19
14 16 21
3 6 6
7 9 30
5 7 18
5 6 22
8 11 9
10 11 1
12 13 24
10 12 3
4 6 2
4 5 28
23 3 9
16 20 8
10 13 6
11 12 19
11 13 6
3 5 4
7 10 14
19 21 3
12 12 23
14 15 9
18 19 23
18 20 10
14 15 20
8 11 28
12 13 18
23 1 30
22 1 1
10 11 6
3 5 22
3 4 22
3 6 6
16 17 22
17 17 11
9 11 30
19 23 6
20 22 24
9 13 10
13 15 8
22 2 23
1 4 3
1 3 14
18 21 14
10 12 26
14 16 25
13 15 19
13 16 2
2 3 6
0 1 9
22 23 27
21 23 16
17 19 16
13 15 3
15 15 25
23 1 14
2 2 9
17 19 13
12 14 11
6 7 21
15 15 15
9 11 18
16 19 8
22 1 10
20 21 25
13 15 11
2 3 21
9 9 19
14 17 10
17 17 6
9 10 25
22 1 18
10 11 14
4 6 1
6 7 28
5 6 4
9 13 23
4 6 3
2 4 28
2 4 12
13 14 18
9 11 4
21 1 7
19 22 2
10 13 25
0 2 7
