4460 30
1 28 17 29 2 16 2 18 30 12 22 23 9 28 21 5 1 28 2 3 2 27 8 13 24 9 23 2 5 15 
14 16 4
20 22 30
4 7 8
17 19 21
3 6 24
15 19 8
3 6 4
1 4 16
16 18 3
20 22 10
20 23 17
17 20 1
12 13 19
14 17 26
19 21 22
5 7 15
16 20 25
23 0 10
2 5 18
21 21 6
20 22 12
23 0 6
22 0 11
6 8 30
17 19 29
1 2 2
0 1 14
20 21 27
11 13 14
0 3 21
20 22 1
7 9 10
23 1 9
14 17 3
20 0 9
17 20 26
7 10 25
19 21 19
2 2 30
19 21 6
23 1 25
12 12 14
17 19 7
17 20 7
15 17 20
4 6 4
5 6 17
12 13 16
14 15 20
7 7 24
13 15 7
10 11 30
7 10 25
18 20 30
7 7 20
10 12 8
21 21 6
6 7 22
15 19 2
2 3 27
15 18 25
14 16 26
4 7 1
10 10 19
15 17 14
2 5 23
16 18 4
16 18 16
16 18 25
20 23 11
18 21 14
11 13 1
9 10 15
11 13 27
20 20 27
2 4 16
12 14 10
17 21 7
8 9 19
4 7 23
2 6 30
15 16 14
1 1 18
9 12 22
8 11 4
18 20 13
20 23 4
6 7 21
13 16 3
14 14 16
9 11 3
23 1 10
20 21 22
18 20 18
3 5 19
22 0 8
15 17 10
22 23 18
18 18 16
6 8 28
21 23 27
22 23 20
16 19 16
6 8 25
16 19 10
16 18 3
19 21 4
3 6 30
15 17 29
8 9 30
3 6 9
10 12 7
6 9 10
10 13 15
0 0 30
10 14 3
6 10 24
19 20 11
22 0 17
0 4 28
0 2 11
2 4 11
3 5 20
5 6 4
0 3 1
16 18 11
19 21 29
23 2 18
9 11 28
18 21 3
15 15 5
6 8 11
12 12 26
5 7 27
23 1 24
3 5 11
0 3 30
4 6 14
1 3 19
13 15 12
1 3 6
6 9 29
5 7 12
21 22 24
21 23 10
22 2 20
0 1 7
22 23 16
17 20 28
14 16 28
2 5 7
15 17 17
14 16 13
5 9 3
5 5 21
2 4 1
12 13 29
20 22 11
11 13 28
5 8 4
22 0 24
13 14 5
21 23 12
22 2 21
3 6 9
15 17 27
5 8 29
15 17 5
19 21 5
9 11 19
0 0 19
20 23 9
3 6 11
6 7 28
22 23 25
19 22 28
11 12 5
20 22 8
21 23 21
2 4 26
5 6 23
14 18 5
14 17 2
17 19 4
23 1 4
8 8 1
3 4 8
4 6 1
0 1 25
16 19 21
13 16 3
21 0 15
0 0 1
9 10 18
0 1 13
4 5 9
5 8 21
3 5 17
18 18 6
12 13 25
4 7 8
14 16 29
23 1 29
4 5 28
23 0 26
9 12 17
1 3 18
23 1 29
6 7 18
3 5 12
3 5 24
8 11 28
4 7 23
9 10 10
11 12 23
15 15 25
6 8 10
3 5 23
17 19 22
3 6 28
19 20 2
4 7 13
11 13 3
17 19 6
17 20 16
19 22 15
2 3 29
11 12 5
6 8 10
13 16 15
23 1 17
16 17 27
18 19 23
11 12 20
19 20 19
20 0 1
16 20 30
4 7 12
2 2 8
7 8 6
17 18 26
7 9 24
9 9 2
2 6 2
13 14 17
15 17 26
20 23 30
19 22 15
10 10 2
7 9 23
11 13 24
5 8 10
23 1 20
10 11 28
12 13 5
22 1 25
6 8 13
15 17 4
21 21 7
13 16 12
21 23 11
23 1 29
11 13 23
16 18 13
17 18 28
0 3 12
3 3 6
12 14 10
13 15 1
14 15 10
9 10 2
13 15 12
15 18 15
6 7 23
19 20 19
4 5 25
20 23 13
14 17 23
22 0 12
15 16 26
17 16 15
1 5 14
22 23 16
15 17 19
20 21 6
12 15 20
13 16 26
19 21 28
0 3 13
14 16 9
14 16 8
21 1 19
6 9 26
10 11 19
11 12 4
13 16 18
8 12 25
17 20 19
17 19 25
15 17 28
10 12 29
4 7 30
8 10 14
23 1 30
8 9 19
6 8 11
10 12 18
0 3 8
21 23 3
6 9 6
22 1 28
7 9 12
23 23 23
8 9 28
1 3 21
16 17 6
2 4 5
4 7 18
16 18 3
13 14 24
4 5 7
2 5 26
11 14 6
18 22 27
15 17 20
11 12 7
1 3 19
2 4 14
4 7 25
20 22 18
2 4 4
15 17 16
16 17 5
7 10 5
21 1 28
10 13 3
1 2 21
8 10 18
21 23 9
16 18 24
5 8 18
22 0 30
15 16 29
21 22 20
19 19 18
4 6 23
12 15 25
13 14 20
16 18 12
23 1 8
12 14 7
12 14 3
23 1 2
7 10 12
21 23 17
18 21 28
12 13 8
13 17 11
20 22 15
18 20 13
16 17 18
5 5 24
14 17 13
2 5 1
20 22 30
15 17 12
5 6 23
7 10 3
12 14 24
13 15 22
23 0 9
15 16 9
13 14 17
18 19 12
22 0 21
7 10 2
2 6 30
22 23 23
14 17 1
20 20 2
7 9 12
14 18 16
15 18 29
18 19 26
13 15 30
23 23 1
16 17 20
11 13 14
23 1 20
5 5 28
1 2 5
12 14 14
20 22 11
22 0 23
9 12 29
12 11 20
18 19 15
6 7 5
22 22 20
15 17 28
19 20 21
23 1 2
16 17 14
15 16 30
20 22 28
15 18 6
21 23 9
19 20 4
9 11 14
2 3 23
23 23 24
15 17 22
5 7 26
9 12 26
7 10 11
12 14 3
19 23 22
19 22 7
21 1 28
20 21 1
21 0 21
2 4 23
20 22 13
4 5 2
23 2 30
14 15 5
0 3 15
9 11 13
13 14 28
6 8 2
10 13 13
6 7 29
4 6 24
16 18 29
21 23 27
13 15 2
1 3 1
20 22 21
13 16 12
17 19 23
6 10 4
4 6 19
20 22 5
23 1 6
9 11 25
15 17 21
14 17 6
13 16 13
10 12 4
23 1 26
5 8 1
13 14 19
4 6 8
23 2 12
14 15 14
19 22 23
11 12 18
4 6 17
15 16 25
5 8 28
0 3 10
20 22 10
23 1 15
19 21 15
21 23 27
7 9 5
1 2 5
1 2 13
16 16 9
22 2 19
3 7 2
5 5 11
19 20 20
22 23 11
14 17 5
9 11 13
2 4 8
16 17 27
0 3 14
0 3 2
15 17 15
11 11 25
13 16 3
14 16 26
12 14 12
14 15 1
1 3 21
0 2 5
17 20 28
16 19 19
11 13 9
14 16 13
15 16 19
11 12 11
3 5 29
1 2 20
21 23 21
2 3 28
3 4 27
15 16 24
5 7 29
19 21 14
1 2 19
4 7 17
2 2 27
22 0 25
16 19 5
4 6 22
16 19 16
8 8 9
11 13 2
0 2 1
17 20 10
22 1 20
20 22 15
15 17 12
5 7 7
3 6 9
19 20 7
20 23 21
8 12 11
16 18 5
21 22 22
17 20 23
2 3 20
7 9 9
10 11 20
8 9 5
15 15 26
10 14 5
3 5 26
16 17 22
16 16 17
3 3 2
5 7 12
11 13 1
4 4 23
11 13 6
3 5 13
4 7 11
2 4 22
1 2 5
2 3 2
16 17 19
21 23 15
22 23 22
4 5 29
16 17 10
12 12 3
13 16 6
12 15 25
17 19 5
4 5 18
10 12 6
19 22 18
22 23 24
6 8 10
22 23 24
6 9 25
19 21 7
18 21 1
8 10 8
2 5 18
14 17 3
11 14 30
16 18 4
2 5 7
1 1 20
5 5 29
20 22 17
23 1 10
1 1 19
5 7 8
13 14 10
12 14 17
0 1 1
16 17 29
20 23 26
23 2 15
13 14 10
23 0 29
19 21 7
4 7 12
7 7 23
11 13 4
11 12 7
9 10 10
17 19 28
8 10 29
15 17 15
21 22 23
7 8 9
0 3 13
3 5 14
16 20 16
3 6 2
0 4 16
8 9 14
7 9 23
5 7 20
14 16 24
6 9 16
13 17 6
8 9 19
15 17 24
19 20 26
4 6 3
4 5 22
9 10 2
23 1 19
1 4 21
4 6 6
8 9 21
8 11 24
0 1 26
17 18 10
4 7 20
21 22 21
3 5 22
1 2 26
1 4 1
22 1 11
19 21 25
8 8 18
11 14 19
4 7 12
19 20 5
6 9 5
1 3 21
13 16 17
2 4 18
10 13 24
2 3 16
0 2 9
23 2 1
8 11 17
11 12 11
18 21 21
10 12 18
23 23 7
13 15 16
6 7 23
19 19 29
13 15 27
23 1 3
20 20 16
14 15 27
17 19 6
1 3 13
14 17 30
9 10 3
12 13 9
23 0 22
13 14 12
0 4 16
18 20 16
5 5 30
21 22 15
10 12 20
4 7 11
23 23 26
22 0 23
21 22 24
14 15 23
8 9 25
1 2 10
18 21 29
22 0 12
20 22 27
12 14 19
5 5 13
19 21 15
8 11 28
0 2 24
3 4 29
17 21 12
19 21 13
15 16 7
7 10 27
18 20 18
23 0 13
1 2 5
9 12 14
3 4 5
9 10 5
21 23 7
23 2 29
11 13 15
21 23 8
21 23 10
9 9 1
5 7 29
2 5 6
8 11 23
6 8 26
11 13 28
3 5 1
10 11 5
17 19 9
4 6 25
18 20 25
3 5 23
19 22 26
20 21 13
7 7 4
7 10 18
3 5 14
12 13 27
2 5 11
4 5 19
3 4 22
1 3 21
21 23 21
4 5 27
21 23 26
14 16 6
1 2 13
3 4 29
4 8 3
3 5 11
4 5 12
3 5 8
13 16 28
19 20 23
17 19 26
21 23 1
6 7 13
20 23 20
23 2 8
20 21 17
19 22 27
23 0 27
2 4 28
8 11 2
21 22 5
6 9 17
12 13 18
11 15 19
10 10 25
18 21 19
10 11 17
20 22 15
14 17 5
8 9 23
8 9 20
11 12 23
10 11 26
8 9 1
6 9 11
13 14 16
3 5 9
18 20 11
4 7 13
1 3 4
2 3 6
19 20 6
1 4 1
10 12 29
9 11 11
0 1 17
7 10 22
10 11 27
14 17 29
0 3 19
13 14 5
7 9 1
11 14 14
18 19 11
3 6 21
0 2 21
9 13 7
20 21 14
12 12 2
1 0 20
16 17 21
15 16 25
3 4 17
7 8 4
1 4 22
2 4 17
16 20 5
4 6 16
2 5 12
1 4 7
21 0 1
12 13 2
15 18 23
23 3 15
10 12 22
20 22 30
15 20 12
3 2 24
23 1 13
19 22 24
21 22 23
5 6 11
18 19 1
8 10 20
17 18 4
1 4 13
0 3 16
16 18 28
22 23 29
8 8 20
13 14 28
14 17 22
19 20 23
0 1 12
9 11 4
19 22 18
6 7 13
3 5 28
5 7 10
4 7 7
15 17 8
2 3 15
17 19 19
12 14 5
8 11 27
10 12 1
2 6 2
23 1 27
6 9 5
2 4 23
6 8 20
3 4 6
15 16 1
0 2 16
3 4 26
23 1 25
6 9 26
11 14 6
1 1 12
14 16 7
3 4 10
13 15 13
22 2 17
5 6 19
3 5 28
0 2 18
5 7 18
20 22 11
15 16 3
6 9 16
6 8 30
5 8 1
0 4 22
23 0 8
9 11 21
20 21 29
11 12 25
20 22 12
13 15 2
5 7 15
21 22 6
14 16 6
8 9 9
14 15 2
1 2 21
15 18 14
8 10 12
17 20 11
0 2 21
3 4 18
9 11 30
22 0 8
8 11 3
5 6 17
13 16 15
17 19 10
14 16 11
3 5 11
10 13 17
15 17 30
1 3 19
18 20 6
11 12 26
3 5 21
20 22 12
9 11 12
15 16 29
14 17 17
1 5 9
20 22 29
23 0 20
4 5 13
0 2 11
10 12 18
1 3 18
10 10 11
3 6 23
0 1 16
21 22 28
0 2 4
7 9 16
17 18 11
19 22 11
3 5 15
2 5 13
9 10 23
2 4 1
1 3 7
18 19 17
0 2 21
5 6 26
23 3 21
9 11 10
3 6 5
16 18 7
5 7 29
23 2 8
11 13 12
3 7 26
0 1 10
15 16 16
11 12 23
2 4 2
0 1 13
3 4 5
13 16 29
12 16 24
14 15 19
12 14 20
19 20 22
14 17 29
1 5 30
15 17 14
7 10 14
5 7 15
7 10 23
6 7 16
8 10 25
9 10 15
22 0 6
2 5 22
1 3 14
3 4 9
8 9 22
10 13 2
22 0 27
22 1 24
3 4 16
8 11 24
7 9 20
22 23 21
9 11 24
16 19 5
15 17 1
14 16 29
20 22 6
14 16 12
13 16 25
13 15 24
16 17 12
9 10 25
16 16 27
1 4 11
3 4 20
3 5 17
14 17 17
10 12 6
5 6 18
22 22 1
4 6 14
6 8 12
6 7 16
14 15 28
9 9 29
11 14 27
0 3 25
9 10 11
12 14 16
4 5 30
14 14 2
18 20 16
1 4 12
13 14 28
20 23 21
12 14 30
14 16 23
2 5 25
17 18 10
2 4 2
0 2 7
9 12 6
2 4 17
11 14 27
7 9 30
15 17 10
14 16 3
1 3 28
17 18 18
18 20 8
15 16 2
23 0 30
3 4 6
0 2 8
13 14 5
15 16 9
7 10 21
22 1 29
11 12 10
5 7 3
6 7 7
4 6 18
15 17 11
10 12 10
22 23 24
10 14 7
2 5 2
3 5 16
15 16 17
3 6 8
17 20 28
10 13 10
16 18 18
3 8 26
11 14 2
15 18 5
18 19 3
15 17 13
3 6 19
15 18 17
4 5 23
17 18 11
16 17 15
1 2 23
21 22 23
7 9 29
13 16 20
23 2 18
23 2 7
0 5 22
13 14 11
11 15 14
2 4 23
3 5 30
19 22 9
1 3 7
23 1 27
3 5 3
23 3 28
8 11 16
6 8 25
20 22 15
9 11 21
2 4 6
6 9 13
5 8 29
11 13 28
10 13 4
7 10 1
22 0 6
19 21 10
16 18 10
14 16 26
17 20 13
10 14 21
14 14 4
17 20 8
11 14 5
5 6 18
6 9 11
7 8 11
17 20 1
5 7 5
17 20 14
18 20 13
8 10 11
17 20 23
8 11 4
18 21 9
3 6 26
8 9 5
13 14 25
20 22 10
22 23 1
16 20 20
1 0 2
13 15 17
3 5 21
23 0 10
16 19 21
0 3 6
8 10 28
10 12 21
13 13 8
1 3 5
23 1 30
2 4 15
0 1 7
18 21 14
14 16 3
23 0 4
13 14 4
6 7 17
23 1 30
9 9 5
16 19 10
12 14 5
1 5 13
2 4 27
0 3 4
9 11 18
11 13 30
13 17 6
12 13 9
16 18 4
2 5 26
7 9 2
1 5 5
9 11 17
13 15 8
8 9 7
13 15 4
18 19 18
22 1 13
21 1 20
7 10 24
18 19 24
5 6 4
8 10 16
16 17 10
12 14 26
11 15 18
1 3 2
19 22 21
8 11 13
19 20 13
23 2 9
23 2 13
15 18 11
1 3 20
15 19 26
3 2 6
14 15 11
1 1 10
2 2 26
1 2 4
8 10 21
22 1 9
22 0 2
16 20 17
19 20 23
23 0 26
15 16 25
0 2 13
8 10 25
19 21 17
2 4 21
15 17 6
0 2 27
0 3 9
3 6 25
14 15 16
1 2 13
1 3 28
10 13 11
16 18 25
4 5 18
18 23 13
18 19 24
0 3 24
16 17 10
1 3 30
8 8 18
2 5 17
5 8 16
10 12 14
20 21 15
12 14 14
7 9 2
1 5 3
6 7 15
8 10 14
8 9 13
1 4 4
21 23 16
1 5 3
23 2 19
12 15 30
15 15 10
12 14 21
15 18 17
19 19 28
8 8 12
13 16 26
3 5 26
13 14 13
13 15 5
23 23 9
16 19 18
1 5 25
19 23 19
9 11 20
16 17 26
6 7 2
17 20 24
12 14 25
0 2 8
19 21 20
5 8 1
15 16 7
12 16 1
3 4 8
23 2 5
4 6 11
8 12 27
20 22 20
9 9 17
1 3 4
21 23 27
8 9 12
0 3 2
8 10 5
23 0 30
1 2 9
18 20 9
2 2 8
15 16 17
11 13 21
14 17 9
13 15 19
19 19 27
15 17 18
9 11 11
7 11 2
16 18 28
1 3 12
16 17 11
23 1 22
3 5 15
13 15 4
18 18 22
0 1 23
1 4 6
20 21 29
1 2 18
9 12 23
12 14 6
16 18 11
7 10 30
17 19 17
3 5 10
5 6 20
22 0 18
23 2 6
8 10 5
19 22 19
22 23 15
15 16 22
16 19 8
1 3 3
1 4 28
15 16 24
1 4 28
20 21 7
11 12 23
12 13 23
0 1 17
14 17 9
3 5 22
15 17 12
1 3 8
0 0 1
10 13 13
11 13 2
18 20 28
17 18 7
9 12 7
16 19 18
13 13 6
0 1 3
21 23 8
14 14 15
8 10 13
3 4 15
6 8 14
3 5 23
0 2 10
13 17 24
17 18 6
0 2 23
17 18 22
19 21 27
9 11 10
18 20 26
3 4 25
1 3 14
20 23 30
19 20 8
19 20 8
15 16 28
17 19 14
12 14 29
22 23 13
7 8 27
18 21 28
15 16 28
20 22 8
19 19 4
8 11 30
13 16 24
17 19 5
10 11 2
22 1 16
23 2 4
6 7 30
22 1 20
4 6 27
2 4 22
10 11 2
6 8 6
19 21 20
12 15 14
12 15 16
18 22 19
9 10 5
23 1 8
1 2 1
11 13 17
16 16 17
4 5 10
3 5 2
3 4 30
17 18 20
7 9 3
1 3 14
18 18 30
0 1 28
0 2 19
19 22 20
0 1 6
6 7 19
19 21 20
8 10 8
19 21 20
3 5 5
1 3 5
8 10 27
10 12 5
17 19 6
5 8 22
6 6 9
16 17 26
22 23 5
21 23 7
15 18 26
1 3 17
16 17 13
21 0 10
18 19 28
4 7 25
13 16 21
19 22 11
7 10 25
20 2 23
10 11 16
15 16 10
2 5 16
18 21 13
20 21 5
7 9 22
21 23 11
20 21 30
6 8 20
5 8 28
8 9 19
3 8 19
12 13 28
6 9 28
11 13 24
20 23 28
1 4 25
9 11 9
2 3 6
13 16 13
18 20 15
8 9 28
12 14 29
14 16 1
10 11 5
14 16 28
14 17 2
5 9 26
10 10 29
2 3 14
21 22 8
15 17 16
19 20 1
4 7 20
21 21 5
13 15 30
4 5 22
9 12 9
1 4 29
20 21 27
20 22 18
3 5 7
3 4 20
20 0 22
4 8 3
21 23 16
20 23 13
11 12 12
14 16 29
13 16 30
7 8 30
19 22 16
1 3 24
17 21 18
21 1 16
11 13 13
1 3 14
22 1 26
6 6 25
20 21 9
2 5 23
3 4 14
8 9 20
20 22 25
10 10 5
20 0 4
18 20 15
9 10 3
16 18 13
18 21 25
15 16 23
1 4 1
16 18 27
14 16 11
4 7 17
7 10 20
13 15 22
7 9 30
9 12 22
8 10 21
21 0 9
6 9 19
22 0 5
7 10 29
19 20 4
15 17 1
4 5 24
17 20 14
13 15 12
10 12 20
6 10 11
18 20 24
12 15 27
6 7 1
19 20 28
20 22 21
21 23 25
21 0 3
0 3 27
10 12 1
2 4 8
14 17 3
12 14 16
18 20 19
15 16 23
11 15 16
22 0 5
20 23 28
4 7 12
21 23 23
14 16 20
14 15 23
2 4 26
15 17 11
18 18 26
12 14 27
6 9 8
12 14 24
16 19 9
4 6 1
19 22 20
7 8 27
8 10 16
18 19 26
0 1 15
9 11 19
8 11 20
1 3 8
20 22 7
20 22 30
2 4 25
18 20 28
2 3 20
1 3 10
14 17 4
13 15 8
7 9 17
1 2 29
21 23 30
16 18 30
0 2 30
4 5 12
21 22 7
11 13 17
6 8 10
20 22 19
11 14 21
19 21 10
15 18 12
22 0 5
8 10 11
1 4 16
3 8 15
23 1 23
22 0 29
12 15 11
1 2 22
13 14 8
21 23 8
21 23 11
9 11 21
4 6 22
3 2 23
14 15 16
12 15 18
0 0 20
14 15 26
3 5 7
18 20 28
12 14 12
0 1 28
22 23 17
21 23 9
4 6 22
18 19 9
5 7 4
14 16 11
2 5 3
15 17 8
10 12 27
9 11 13
11 14 3
15 19 6
19 20 14
3 5 30
22 23 30
13 14 23
2 4 1
7 8 27
3 4 12
23 0 7
16 19 7
17 20 29
2 4 11
22 0 21
14 18 3
18 21 13
7 9 5
22 23 22
14 16 29
11 13 30
6 9 5
14 15 29
15 18 18
6 8 4
11 13 12
3 6 27
3 5 9
1 3 21
17 18 6
8 10 12
14 15 13
3 6 11
2 4 12
2 5 1
8 11 6
1 6 2
6 8 14
15 18 16
23 2 20
17 20 7
23 1 19
19 21 18
3 6 19
2 6 7
18 20 21
18 20 25
4 7 20
19 21 13
22 1 24
3 5 20
11 15 8
12 14 10
9 11 1
16 18 15
22 1 4
6 10 7
12 14 28
10 11 25
5 7 20
18 21 20
0 2 10
11 13 20
23 0 9
0 3 24
12 15 15
20 23 24
7 9 24
8 11 24
23 2 9
14 17 18
19 21 21
3 6 4
20 22 28
22 2 6
4 6 3
2 4 30
15 18 11
22 1 25
21 0 26
21 0 8
16 20 27
12 15 2
20 22 19
3 5 2
21 22 29
4 7 20
0 0 27
7 9 1
16 17 27
19 20 26
2 3 18
7 10 28
23 1 29
22 23 9
9 12 2
17 19 25
5 7 12
1 2 28
12 13 26
15 16 9
14 16 1
3 4 20
14 17 13
23 23 21
12 15 24
1 1 10
3 4 16
21 1 17
6 9 8
17 18 28
19 22 11
11 13 14
19 20 24
15 16 25
17 22 27
23 2 3
10 12 24
17 20 21
15 17 5
16 18 7
15 16 7
21 0 7
5 8 4
1 1 18
7 8 22
2 4 27
2 5 13
1 3 21
14 17 7
23 0 24
17 20 7
15 17 26
19 23 15
1 3 4
10 13 1
7 10 28
15 16 27
14 17 12
3 5 11
11 12 26
15 16 20
3 6 14
14 16 2
13 15 8
16 19 2
7 10 13
13 16 26
21 22 15
4 7 13
2 4 24
14 16 23
5 6 25
20 20 23
10 12 6
1 3 14
4 7 6
9 12 2
14 16 28
13 15 3
1 3 26
11 14 27
17 18 23
13 16 29
23 23 20
0 3 4
3 5 9
19 20 10
18 17 3
12 12 29
20 21 3
10 11 15
20 21 9
12 15 27
20 22 7
4 6 12
21 22 21
11 13 2
20 23 29
18 20 10
3 6 13
19 20 10
10 12 21
5 8 14
8 9 22
21 23 30
23 1 24
0 2 3
8 10 10
10 11 10
20 21 4
19 21 4
2 3 4
14 18 26
8 9 3
23 1 8
21 0 21
2 4 9
3 4 15
4 6 27
22 1 19
1 2 19
18 20 12
14 15 11
20 23 16
2 3 8
0 1 15
9 12 11
9 9 26
18 19 13
22 23 16
14 15 27
22 1 7
4 5 7
8 11 28
4 7 16
16 18 1
7 9 29
21 23 3
2 4 10
20 23 19
13 16 12
18 21 22
13 14 9
13 15 11
11 13 25
11 13 18
5 8 3
15 17 4
20 21 7
20 23 27
6 7 26
3 6 22
14 16 23
19 22 23
14 16 5
4 5 12
14 16 15
14 17 23
4 7 20
17 18 9
3 6 27
22 0 18
9 11 7
9 11 7
17 18 27
12 15 30
8 10 18
7 10 2
20 21 1
8 7 5
6 9 7
17 20 16
3 5 29
20 23 25
12 15 7
4 8 21
16 17 11
11 13 13
0 2 30
2 5 9
15 16 2
10 14 3
6 9 27
10 12 4
19 22 10
11 13 2
17 18 13
0 3 24
5 6 7
4 7 22
17 20 7
16 16 2
17 18 5
3 6 29
21 0 23
9 10 15
6 9 28
7 10 14
12 14 16
23 2 12
19 20 11
11 12 3
7 11 10
19 22 6
15 16 14
13 17 14
10 12 11
19 23 16
6 11 6
7 8 9
4 6 6
9 14 10
0 2 9
8 11 24
1 4 16
19 21 15
4 7 25
13 15 8
23 1 7
1 4 18
6 8 2
20 23 30
23 1 19
6 8 28
18 21 19
21 22 13
9 13 28
23 2 1
12 13 13
14 15 29
8 8 7
19 21 23
8 10 12
9 10 17
7 8 7
23 2 8
20 22 25
8 9 27
17 19 11
5 6 28
10 13 21
23 1 19
15 17 6
4 5 25
7 10 7
16 19 20
7 9 4
9 12 20
17 20 12
16 16 2
0 2 4
18 20 17
7 9 10
11 13 28
5 8 30
0 3 17
22 23 30
20 23 24
22 0 30
22 0 20
23 0 27
7 8 11
3 5 18
17 20 15
17 22 24
9 11 5
7 10 29
7 8 22
0 1 29
21 22 11
7 8 9
9 10 6
17 17 2
8 9 7
5 7 15
18 20 30
17 19 18
21 1 7
0 3 23
11 12 11
2 5 13
2 5 3
8 10 19
9 11 4
14 17 19
8 10 20
19 20 28
21 23 22
1 3 23
12 16 18
22 1 28
15 19 9
23 1 29
12 13 2
16 18 22
3 6 19
2 3 8
5 5 2
5 7 26
15 18 25
4 5 10
3 7 8
13 16 9
9 12 10
15 19 9
8 11 14
6 9 13
23 0 18
7 10 13
23 1 1
12 13 10
11 13 8
2 4 11
6 7 13
7 10 27
6 8 26
6 8 3
4 6 19
11 13 7
3 4 23
5 8 4
13 15 21
2 4 22
7 8 29
10 13 29
3 6 25
12 14 3
5 7 19
2 6 30
16 19 5
19 21 15
10 12 10
15 17 29
4 7 17
15 18 5
20 22 3
15 18 4
2 5 27
7 9 2
7 11 10
11 13 23
6 7 21
13 16 11
14 16 27
15 16 26
17 21 12
19 22 24
11 13 17
8 11 4
8 10 3
17 19 9
23 1 27
7 10 22
7 10 1
14 17 29
7 8 26
1 4 28
10 12 5
13 14 13
22 2 8
16 18 25
9 11 20
8 11 18
4 7 3
11 12 13
3 5 26
7 8 17
11 13 29
21 22 25
1 3 12
9 11 22
13 15 13
4 6 25
13 15 22
1 0 20
7 10 26
23 2 14
0 0 14
8 10 10
2 4 14
10 12 11
23 1 29
6 8 17
1 3 25
16 19 17
7 8 11
5 8 9
6 10 26
4 6 13
17 19 21
2 4 26
19 21 3
7 10 18
23 0 12
21 23 9
22 0 4
4 4 18
23 1 8
13 15 20
20 23 28
13 16 12
3 6 17
13 16 30
4 7 24
14 15 30
16 17 13
16 19 29
1 2 18
6 9 14
22 0 15
8 10 29
18 20 29
3 5 18
22 0 23
15 17 3
23 1 27
4 7 30
6 6 16
0 3 6
16 19 27
20 23 17
20 22 1
16 19 24
22 0 26
2 3 5
4 4 29
4 7 24
15 15 3
22 1 17
7 10 6
18 21 2
16 18 2
15 16 2
8 10 18
13 17 1
2 3 16
21 22 3
19 19 8
6 7 3
13 14 1
2 5 13
8 11 6
21 23 4
4 5 30
14 16 2
23 0 19
22 2 1
8 10 25
21 23 6
19 21 12
6 10 8
2 6 8
1 5 4
22 0 15
19 23 24
2 5 21
18 21 14
1 2 27
2 6 22
3 4 15
4 6 29
5 7 17
17 20 10
21 1 20
5 8 17
22 0 8
22 23 8
8 8 26
12 13 5
2 3 1
4 6 15
7 9 17
12 15 3
14 15 29
15 18 25
8 10 14
4 5 30
0 4 21
11 14 29
16 17 17
7 7 4
17 20 14
3 6 20
10 12 15
0 1 7
11 13 8
14 15 15
3 5 18
0 3 15
17 19 14
18 19 5
1 2 8
18 22 3
23 1 23
1 4 1
23 2 5
3 6 27
11 12 30
16 19 29
5 8 28
23 23 17
3 5 4
2 3 28
6 7 2
3 3 6
1 4 17
6 9 15
6 8 26
8 10 17
18 22 22
13 16 24
15 15 15
17 19 26
17 20 1
8 10 25
2 3 11
20 22 11
18 21 22
22 1 22
23 2 24
10 14 27
16 17 7
12 14 11
2 3 20
3 4 20
14 16 23
7 9 22
9 11 23
16 17 17
20 23 11
17 20 6
3 4 9
8 11 30
1 3 17
20 21 22
19 20 13
4 5 5
22 0 22
5 7 4
4 6 25
23 1 5
18 21 26
20 0 12
5 6 22
14 15 23
15 18 13
13 15 18
19 20 7
18 21 5
13 16 26
13 16 27
15 18 6
20 22 27
10 11 27
14 15 13
11 13 5
2 5 28
11 15 13
3 7 9
13 15 16
20 23 11
16 16 4
23 1 18
22 0 8
5 8 30
2 4 17
10 13 26
0 3 29
14 16 3
10 12 20
16 18 9
17 19 7
5 8 17
23 2 21
2 3 2
2 4 5
16 17 24
23 23 23
19 21 16
19 21 1
8 10 14
3 4 11
12 15 12
11 13 19
15 18 23
13 15 6
0 2 23
21 23 1
6 6 7
0 3 17
17 21 30
20 21 16
7 8 25
7 9 14
5 6 18
12 12 16
17 21 17
14 15 15
16 18 19
13 15 4
10 13 15
12 15 25
14 17 22
0 2 10
17 18 25
15 18 20
5 7 3
7 8 11
15 17 13
22 1 8
3 5 18
0 3 10
0 3 3
10 12 1
7 7 3
23 1 14
15 18 7
11 13 6
7 9 20
2 4 28
21 23 24
20 20 25
9 12 18
21 22 28
9 11 21
20 22 16
16 17 19
18 19 14
23 1 4
3 5 10
12 13 20
17 21 17
8 7 26
16 19 25
8 11 29
11 12 6
18 22 4
6 6 16
8 10 3
20 21 2
16 19 26
9 11 14
2 2 21
6 10 19
9 11 16
16 18 8
4 6 9
3 6 20
16 18 26
2 4 23
17 20 17
12 14 18
9 12 29
12 14 10
14 16 11
16 18 28
21 0 15
4 8 22
0 3 24
7 9 15
8 8 30
23 0 26
15 16 17
12 13 8
4 6 11
11 14 1
23 2 17
17 19 18
4 6 21
21 1 21
7 8 14
4 6 5
15 15 5
8 9 20
11 12 17
1 2 4
6 8 29
15 14 4
21 0 11
4 5 13
20 22 22
22 1 6
15 16 13
3 5 22
9 12 17
17 19 27
22 2 2
14 16 12
11 13 13
21 23 19
19 21 3
9 11 4
5 7 7
7 9 7
11 12 30
8 9 23
21 22 26
2 2 5
4 7 16
10 13 11
15 15 24
12 12 6
19 21 4
1 3 20
23 1 9
21 23 28
6 9 26
6 8 13
21 0 20
4 5 17
3 7 10
10 13 11
9 11 30
5 7 11
4 6 15
16 19 12
19 21 6
18 22 23
8 10 13
10 11 5
23 1 24
18 20 5
19 21 6
2 6 11
8 9 29
3 6 6
0 1 5
11 13 4
7 8 1
7 7 23
15 16 10
11 13 11
13 15 19
7 7 23
11 13 12
7 9 29
14 16 23
8 10 22
16 17 26
1 2 3
11 14 30
6 8 30
5 7 10
18 19 24
0 3 28
12 15 10
22 23 22
3 4 17
21 23 26
18 19 1
12 15 8
0 2 24
3 4 25
1 3 19
5 6 17
23 2 21
9 9 24
8 8 22
16 18 14
1 2 25
17 18 26
0 2 29
3 6 18
12 15 9
12 16 9
5 7 4
22 23 9
7 9 21
15 16 18
13 15 4
23 23 4
9 10 28
14 15 30
0 2 24
17 17 2
16 18 13
12 15 2
14 16 14
21 22 21
15 17 16
21 22 9
8 10 6
21 0 18
4 5 23
22 0 15
14 16 2
21 23 25
0 2 14
18 20 26
18 19 19
2 3 20
2 4 1
19 21 26
10 12 27
13 17 22
4 6 16
2 4 19
23 1 11
13 14 29
3 5 15
3 4 12
17 18 19
16 20 9
1 4 9
19 21 22
13 17 15
17 20 11
5 10 24
8 12 9
2 3 14
3 4 18
15 17 12
19 21 30
17 20 12
4 6 12
11 12 1
7 9 12
22 0 6
7 10 30
17 20 19
5 7 19
12 12 22
16 17 17
10 12 10
16 16 30
9 11 8
18 20 7
2 4 17
13 16 15
1 4 8
23 2 13
7 9 9
18 19 10
15 18 10
3 4 29
9 11 6
21 23 22
7 11 2
22 0 18
17 19 24
21 23 30
1 4 22
9 11 24
20 23 20
2 5 13
5 7 10
22 0 20
6 8 21
22 1 11
11 12 15
2 2 5
10 14 21
14 17 13
1 2 16
22 1 21
9 13 4
13 16 24
11 12 25
8 12 23
5 6 17
18 21 24
18 20 4
10 11 16
8 11 13
12 12 17
3 5 6
19 21 22
3 4 1
14 16 16
16 17 17
14 17 20
22 0 10
14 17 28
1 4 3
23 3 13
16 18 20
22 1 1
9 14 1
7 8 17
21 22 22
23 2 9
14 15 13
15 19 15
14 14 4
7 10 24
20 23 26
11 13 15
23 1 23
2 2 23
13 16 5
18 20 24
13 14 13
1 1 18
8 9 12
5 8 12
18 21 30
3 7 10
12 13 14
13 15 30
1 4 11
11 14 10
12 14 29
4 7 30
15 17 17
23 2 5
13 14 28
23 0 10
15 17 13
4 5 23
4 4 24
8 11 23
22 0 21
13 16 23
14 16 19
15 17 6
17 19 28
8 9 26
17 18 9
5 7 30
0 4 14
9 10 24
10 12 6
7 10 20
13 14 15
11 13 8
5 8 11
2 4 20
2 5 18
21 23 23
17 20 10
15 17 18
6 7 30
18 22 10
17 19 16
20 22 6
9 12 4
22 23 16
21 23 21
0 1 9
21 22 4
20 23 6
7 10 16
3 3 4
8 10 3
22 0 10
20 22 9
4 7 5
8 9 30
22 23 20
23 1 10
21 0 22
3 4 2
19 21 25
14 17 12
10 13 15
12 15 28
23 0 6
13 16 22
13 16 4
12 15 28
2 4 24
15 18 10
13 15 16
20 20 9
1 3 22
11 13 6
4 7 27
3 5 3
21 23 27
9 12 6
12 13 16
12 15 15
0 2 17
14 16 6
22 0 17
1 4 2
17 19 23
10 12 27
10 13 8
12 15 28
22 23 2
17 17 28
11 13 19
15 17 28
13 14 16
14 16 15
8 11 19
0 2 19
10 13 30
15 16 8
8 10 1
20 21 4
11 13 11
3 5 1
17 21 24
17 17 9
6 8 12
14 17 12
11 12 1
7 9 20
20 22 16
2 4 10
21 21 4
5 8 17
16 19 18
13 15 26
21 1 3
14 17 30
5 7 2
21 23 19
23 1 21
14 17 23
16 16 23
4 4 28
6 8 15
12 15 20
6 7 11
16 18 20
13 16 24
9 11 13
11 14 17
14 16 2
18 20 7
14 15 15
7 9 3
8 9 15
0 2 14
13 15 7
19 20 30
15 17 7
23 1 24
12 16 2
20 23 9
1 4 9
7 10 21
15 17 22
16 19 27
19 21 12
13 16 12
16 18 10
6 9 2
14 16 12
23 2 5
0 2 22
4 7 23
4 8 1
22 0 27
4 4 23
19 21 1
15 18 23
15 16 21
14 17 2
15 18 14
21 0 20
21 22 15
10 10 1
11 14 4
15 17 5
13 14 19
8 10 30
2 4 4
17 19 8
22 1 20
17 19 4
20 22 14
8 12 26
23 1 14
14 17 13
6 7 14
20 22 14
10 12 5
6 7 8
19 21 27
19 19 2
2 6 25
16 18 22
3 6 28
0 3 15
6 8 7
3 7 2
7 7 14
4 5 30
4 5 20
0 2 13
2 4 1
6 8 21
2 3 3
16 19 21
17 21 14
14 17 5
18 17 3
8 10 21
17 19 7
22 23 13
16 17 21
19 20 17
17 19 26
6 7 17
11 10 27
17 19 19
20 19 8
13 16 10
9 11 24
9 11 15
4 6 8
3 5 3
20 0 25
6 10 27
17 18 24
0 2 29
16 16 27
10 13 8
20 21 4
19 21 22
14 15 20
17 19 5
23 3 13
1 4 28
9 11 25
20 22 29
21 23 19
17 19 24
3 5 9
0 2 25
17 18 27
15 16 14
22 0 13
11 13 15
12 14 21
11 13 25
16 19 30
4 7 30
8 8 5
11 11 12
18 21 3
10 12 17
20 0 2
10 12 28
4 5 29
8 11 6
17 18 5
10 13 30
10 13 18
12 15 26
2 3 2
7 10 27
21 1 15
3 4 30
6 8 15
16 18 24
6 8 9
11 14 11
18 20 22
7 9 23
11 13 25
0 4 8
2 5 12
17 19 21
10 13 7
20 22 9
23 2 21
1 2 7
7 9 25
8 10 25
11 13 14
8 10 4
23 0 28
19 23 2
11 13 16
0 4 26
10 10 24
15 18 23
19 21 26
21 0 24
17 18 7
0 2 9
18 21 26
15 15 21
3 5 25
9 12 22
17 19 24
10 12 5
15 17 23
13 16 14
2 5 4
22 23 16
1 2 26
1 3 29
10 13 20
14 16 22
20 21 9
6 7 3
10 11 22
13 17 25
5 7 20
17 20 19
13 15 27
16 19 2
20 21 27
2 3 8
2 4 17
14 16 14
1 2 16
11 14 18
19 22 7
1 4 12
18 19 4
20 22 29
10 12 11
7 8 26
1 3 5
8 10 11
2 4 13
23 2 14
9 12 6
13 14 9
14 16 7
14 16 15
1 2 10
7 9 17
19 21 12
22 1 11
18 22 17
18 19 23
12 14 22
2 3 9
22 0 19
18 21 14
9 10 14
23 0 20
8 9 9
19 21 10
23 1 15
17 21 30
19 22 1
15 17 20
17 19 14
1 2 29
12 14 3
22 2 1
12 13 2
6 9 19
8 9 2
0 4 24
4 8 26
4 8 15
10 12 29
12 13 21
4 6 12
14 15 4
4 6 17
2 4 24
2 5 6
23 0 15
1 4 23
2 4 18
3 5 2
21 23 2
21 22 12
21 23 12
5 8 24
21 1 9
7 10 22
0 1 24
11 13 24
7 9 18
15 18 22
4 5 1
0 1 22
3 4 10
12 16 11
14 16 6
8 7 3
6 7 4
16 18 29
21 0 15
19 22 21
2 3 16
6 8 26
13 17 23
3 7 26
9 11 3
2 5 1
22 23 30
21 21 9
20 23 6
7 10 20
17 20 4
14 17 3
21 0 29
18 21 13
19 22 25
10 13 24
22 23 8
12 16 17
14 17 4
0 1 25
4 6 1
2 4 28
2 3 6
11 13 11
8 11 13
18 19 28
2 5 26
14 15 29
22 22 12
23 1 20
10 11 3
12 13 28
0 2 27
1 3 24
10 11 11
16 17 17
23 1 6
5 7 6
12 14 18
1 4 20
2 5 13
5 7 18
10 11 29
1 2 22
22 1 9
10 14 4
22 2 14
23 1 15
10 10 29
2 5 26
23 0 16
11 12 22
0 1 21
20 22 20
2 3 5
20 22 7
10 14 5
3 5 20
19 20 24
12 14 21
0 1 29
20 21 16
0 3 17
5 7 21
15 18 17
15 18 4
18 19 14
20 23 13
16 18 23
18 19 9
17 19 12
12 14 24
18 20 3
3 6 8
23 1 16
14 13 2
12 14 21
1 5 29
7 10 11
22 1 3
23 1 3
3 5 28
11 13 5
11 13 30
20 0 26
11 12 6
8 8 17
4 5 25
19 22 22
9 11 23
21 1 14
6 7 20
1 3 11
15 18 28
0 2 1
12 12 30
15 17 15
12 15 10
22 22 12
23 2 27
10 13 3
7 9 29
1 3 20
23 0 4
11 13 19
22 0 28
13 15 29
23 3 17
19 22 28
13 17 11
16 18 15
1 4 6
22 1 19
23 1 30
23 2 26
20 20 30
18 19 12
6 6 17
20 21 28
0 2 28
4 5 27
13 14 15
16 18 30
13 15 18
13 14 22
23 0 9
12 13 19
12 14 25
23 0 7
17 18 13
4 6 7
19 22 22
20 23 2
10 12 5
8 8 14
20 23 17
10 12 2
3 5 17
1 3 12
16 17 25
14 14 7
0 2 23
9 11 11
19 22 24
10 14 2
15 15 12
14 18 11
3 5 12
19 22 18
9 10 18
14 18 11
21 22 25
22 23 5
19 22 6
6 7 24
8 11 19
8 10 14
13 15 25
7 8 10
17 17 11
13 15 25
4 6 1
18 21 14
18 19 7
22 0 21
9 10 17
11 14 29
21 0 27
18 21 15
22 1 26
22 2 15
23 23 19
0 1 1
10 12 25
0 2 16
7 9 24
5 8 29
9 11 10
9 13 12
18 20 27
9 12 10
19 22 27
0 2 11
17 19 8
23 1 1
16 19 25
17 18 18
23 0 20
8 9 11
12 13 10
19 19 21
17 20 11
4 6 29
21 23 7
11 13 23
21 23 17
18 20 25
17 20 22
4 5 12
21 22 27
23 3 6
2 4 10
21 0 20
23 1 30
0 2 29
19 21 19
9 10 27
7 8 15
11 15 20
11 13 9
19 22 16
15 18 29
9 10 24
17 19 11
17 19 3
6 8 2
6 10 2
20 23 29
11 13 14
11 12 24
14 16 22
22 0 19
9 10 21
1 3 8
11 13 1
15 18 27
0 4 4
1 3 20
18 19 24
22 23 19
4 6 18
2 3 19
23 2 19
21 23 1
16 15 21
14 17 4
23 0 22
3 5 14
22 0 12
1 5 8
15 18 6
1 2 18
0 3 5
7 9 20
7 8 16
18 20 29
3 4 19
17 19 17
12 14 21
16 20 19
15 17 22
0 4 23
16 18 8
20 23 15
21 0 18
15 16 10
14 17 18
7 11 21
7 9 5
8 9 28
9 13 12
1 5 28
4 6 12
6 9 13
2 3 20
11 12 6
0 2 9
2 5 9
9 10 15
11 14 11
15 16 10
3 5 7
12 14 27
11 13 5
18 20 8
21 22 16
13 14 26
9 13 13
10 12 11
12 13 11
17 19 2
5 7 4
18 19 27
5 6 9
0 2 19
0 0 1
19 22 28
21 23 30
11 13 16
15 17 26
20 23 6
4 7 9
17 18 21
0 4 26
23 2 22
5 7 12
11 14 3
0 2 10
3 5 30
11 12 18
8 9 14
7 8 1
5 9 20
6 8 2
3 6 18
13 16 3
2 4 4
2 3 17
23 0 14
20 21 4
0 3 15
23 2 18
21 1 24
13 13 4
12 13 7
8 11 10
4 5 29
13 16 1
19 19 6
2 3 17
14 16 19
2 3 12
1 3 23
0 3 3
13 16 27
3 5 6
10 12 27
8 10 28
4 6 13
12 15 21
5 8 14
0 3 29
8 11 25
8 10 23
19 22 15
5 7 28
0 1 19
18 19 8
5 8 23
7 11 15
19 19 21
11 14 30
0 3 4
2 3 26
3 5 15
0 2 24
13 15 19
6 7 20
18 20 3
15 15 7
0 1 14
11 15 2
7 9 20
6 7 11
11 12 4
23 2 3
1 3 6
13 15 27
16 18 25
15 16 13
14 17 26
20 21 11
4 7 24
0 3 5
19 20 10
4 6 30
8 9 23
17 19 17
21 22 6
4 6 19
9 11 16
21 22 2
1 2 3
0 0 4
4 4 14
19 21 21
19 21 4
17 19 10
11 14 4
12 14 25
19 20 11
0 3 15
13 15 19
23 1 4
3 3 18
22 0 23
21 22 26
22 22 6
12 14 5
6 9 28
18 19 15
20 22 29
10 13 18
19 21 18
11 13 2
3 5 30
2 4 19
11 13 9
2 4 23
16 18 12
4 6 14
4 6 26
23 0 12
8 13 9
6 8 9
6 8 28
18 20 13
8 9 26
18 19 2
21 22 29
21 23 1
22 23 15
19 21 21
0 1 5
10 13 18
16 17 3
4 6 3
21 22 11
6 7 9
22 0 11
1 3 30
21 22 10
19 22 18
12 13 1
18 21 21
11 14 8
11 12 16
11 12 22
23 1 14
4 6 4
1 3 8
15 18 16
22 0 16
5 7 16
9 11 2
14 17 1
4 6 1
17 17 14
18 20 1
2 5 9
7 8 17
12 14 20
13 15 26
16 17 13
12 15 3
10 11 6
9 11 16
22 23 7
7 8 23
4 6 19
5 7 19
15 17 15
22 23 8
6 8 1
20 22 17
17 17 6
16 18 23
20 22 15
19 19 23
3 4 13
20 22 29
22 0 28
23 1 21
14 16 9
5 7 25
4 6 28
15 17 1
1 3 29
13 15 12
3 5 22
19 21 2
16 18 27
1 3 23
9 9 9
3 7 27
9 11 23
7 9 9
7 9 28
5 7 22
4 5 7
18 19 1
22 0 15
7 10 11
18 17 20
9 10 11
13 16 19
19 22 13
3 6 13
8 10 8
11 14 5
16 18 20
17 18 18
5 8 13
1 3 1
1 2 9
4 4 27
15 18 20
8 10 30
14 16 20
18 20 12
10 11 22
4 6 23
16 18 5
18 19 6
10 12 29
16 15 6
21 22 4
21 23 8
20 23 23
16 17 2
3 5 30
22 0 12
21 0 23
19 21 7
8 10 19
17 19 15
4 6 5
6 9 13
8 11 28
6 8 22
13 15 26
13 16 18
19 20 11
4 7 12
18 18 16
13 16 30
23 23 17
23 0 4
15 16 17
2 4 10
17 20 29
17 18 26
5 9 20
4 6 1
21 23 23
2 4 21
7 12 22
23 0 2
2 4 3
8 11 30
7 7 17
17 21 22
19 23 1
9 12 1
16 17 25
9 11 22
21 23 13
22 0 10
7 8 15
17 19 6
8 9 9
17 17 7
21 23 1
3 6 22
23 22 15
18 21 27
2 5 18
8 10 5
11 15 4
23 0 30
5 6 20
3 6 20
17 18 4
4 6 21
9 9 13
3 5 14
9 11 12
5 9 15
15 16 14
11 11 5
21 0 14
12 14 19
6 8 23
10 11 13
9 12 10
15 18 24
7 9 13
7 6 26
13 15 18
12 14 14
13 16 2
17 19 29
3 7 29
9 11 16
5 7 13
12 15 28
21 1 19
18 20 22
2 4 17
7 10 13
18 19 1
5 8 21
10 12 2
1 5 13
2 5 16
21 0 12
17 21 9
20 22 13
5 7 27
21 22 25
15 18 4
22 0 29
0 0 29
3 6 25
18 21 5
10 11 13
1 3 14
0 3 21
13 14 18
23 0 5
1 3 5
3 5 11
18 20 22
15 16 21
9 12 9
9 11 6
10 11 23
19 21 1
9 11 8
0 2 3
9 10 12
0 2 9
17 19 6
11 13 5
15 16 3
9 9 14
17 19 23
18 20 19
13 15 25
7 10 17
23 23 16
5 6 2
19 22 24
6 7 13
2 4 4
6 8 14
20 20 30
6 8 4
18 21 9
10 13 11
6 6 28
0 0 15
23 4 18
15 18 4
8 11 9
6 10 2
8 11 8
17 18 19
16 18 15
22 0 18
23 1 24
1 3 15
5 7 16
10 12 17
4 7 9
23 0 18
16 20 25
21 23 13
13 16 9
10 11 30
20 22 6
20 22 2
15 18 11
1 2 20
11 13 8
2 3 6
21 0 1
14 16 2
7 10 15
1 3 10
9 11 1
19 22 26
11 12 29
22 0 24
0 3 1
6 7 19
19 21 9
14 16 21
14 14 4
10 13 16
19 22 7
16 18 19
0 3 18
22 0 7
0 1 9
10 13 16
15 15 4
5 6 19
0 2 21
0 0 26
5 5 20
23 2 8
7 9 23
18 20 13
8 9 2
4 5 4
4 6 10
17 19 16
15 16 16
0 2 25
22 0 10
21 23 5
5 6 7
7 8 3
7 9 19
9 12 4
18 20 16
8 10 27
15 16 6
0 0 8
16 18 16
11 13 29
20 21 15
3 5 26
6 9 10
5 7 15
5 6 29
16 18 14
22 0 5
17 17 7
9 10 20
16 19 20
15 16 10
12 14 16
19 20 11
1 3 2
16 19 12
19 21 9
6 9 1
22 0 9
14 15 26
9 11 5
11 12 26
20 21 12
23 1 16
18 21 11
8 10 24
13 14 9
13 16 13
8 10 24
7 9 16
16 19 2
16 17 7
7 10 14
12 16 18
21 0 18
7 9 27
13 15 27
17 19 13
16 19 9
13 15 15
20 0 23
19 20 18
12 16 11
8 10 2
2 3 15
23 2 11
15 18 11
19 21 2
23 0 11
23 2 16
16 16 16
6 9 16
21 0 13
11 12 23
3 5 11
14 17 3
23 1 9
23 0 19
23 0 14
17 20 5
10 13 7
0 1 18
21 0 3
11 13 2
19 21 18
4 7 30
5 6 19
2 4 30
19 21 17
0 2 13
12 15 5
1 1 23
0 1 29
19 21 1
20 23 8
22 23 20
12 15 17
12 14 10
7 8 17
18 21 18
17 18 7
10 14 13
12 15 10
16 20 20
7 9 29
10 12 10
6 9 28
14 15 21
12 15 27
15 17 23
21 23 1
5 7 3
13 15 4
17 20 10
20 21 1
9 11 10
19 21 25
21 22 5
12 14 14
20 21 1
7 8 17
5 7 9
16 17 9
3 5 8
12 12 24
23 23 30
22 0 3
17 19 10
12 12 17
21 22 19
2 3 27
18 21 5
22 22 24
17 19 27
9 13 30
16 19 26
2 4 15
14 16 5
16 19 25
1 3 10
20 23 17
18 19 4
13 15 25
21 22 30
9 11 5
20 21 22
6 8 3
0 1 20
4 8 1
17 21 13
11 13 6
1 2 11
18 22 8
21 23 4
18 20 8
14 17 4
9 10 5
10 13 18
8 9 23
16 17 18
0 2 8
16 17 7
4 4 22
3 7 14
10 12 12
2 3 2
19 20 1
7 9 15
14 16 17
10 14 7
14 17 13
10 13 6
14 17 12
9 11 30
21 22 27
13 15 9
13 15 10
17 19 17
9 13 25
0 1 2
21 23 28
15 16 10
4 5 5
10 12 10
3 5 21
1 5 21
10 12 3
20 22 22
20 23 13
22 0 28
2 3 9
11 13 14
15 18 7
19 20 13
22 21 11
5 8 7
20 22 12
18 20 19
21 22 3
7 10 21
15 18 15
6 8 23
17 19 5
6 8 22
5 7 18
19 22 2
14 16 21
1 3 10
4 4 23
7 9 7
17 19 6
15 18 28
22 23 30
13 15 12
12 13 27
15 18 19
21 0 16
9 11 3
15 18 16
12 14 8
1 2 21
17 18 24
9 12 1
17 18 24
1 4 25
13 15 5
22 0 5
16 19 7
1 3 25
1 1 25
3 6 2
23 1 26
9 11 4
16 20 24
2 4 19
18 20 22
8 10 2
5 6 3
9 12 15
0 3 22
0 1 22
23 1 18
8 11 22
11 13 11
22 23 6
5 7 16
0 2 11
5 7 23
23 2 16
23 1 29
12 13 17
11 14 9
1 2 25
0 2 27
8 10 25
19 22 15
4 9 18
1 4 30
6 9 8
22 1 24
7 8 20
6 8 28
8 11 18
6 8 20
1 3 19
18 19 16
0 4 22
5 8 26
23 3 19
20 22 21
13 14 25
5 7 13
18 19 28
22 1 17
17 20 25
7 8 27
22 1 20
5 6 19
1 2 23
10 12 4
15 16 23
20 22 22
5 6 25
2 3 30
11 12 2
20 22 17
10 11 9
18 21 6
20 22 18
23 2 12
1 1 26
11 15 2
21 23 20
0 1 5
4 9 21
2 4 15
9 10 29
17 20 22
20 21 11
7 9 27
3 3 11
1 2 11
22 0 16
13 15 25
22 0 29
12 14 22
16 18 10
15 16 10
7 12 23
2 3 7
1 2 26
4 7 3
19 21 16
3 5 20
5 8 4
8 11 5
3 4 26
3 4 7
13 15 2
15 17 20
20 0 23
6 7 21
19 22 29
8 11 15
22 0 5
1 4 4
19 23 3
3 4 14
3 5 17
6 7 21
9 10 20
2 4 22
8 9 1
11 14 24
0 2 28
18 21 22
4 6 21
20 22 24
16 18 23
23 1 3
13 15 15
11 12 13
4 6 12
0 2 4
5 6 20
15 17 3
12 14 15
17 19 21
4 7 12
17 21 6
18 20 16
3 6 7
14 17 12
6 6 28
4 7 13
11 13 2
4 7 13
16 18 20
3 5 28
4 5 16
19 22 4
20 21 5
13 14 3
12 13 2
5 9 9
17 18 2
18 20 12
0 2 18
10 13 10
15 15 21
18 20 8
2 3 13
9 12 30
21 1 28
4 6 14
23 2 12
14 17 11
0 2 7
16 18 9
20 23 3
9 11 21
15 19 20
6 10 11
23 23 22
6 6 23
0 4 4
1 2 1
3 5 3
8 10 14
5 6 18
15 17 14
4 4 28
18 20 11
4 7 26
18 0 15
2 4 29
2 4 11
22 23 26
0 3 25
12 15 17
6 8 27
3 6 4
22 1 11
6 8 3
16 17 9
12 15 6
10 12 12
15 17 1
2 5 10
4 5 4
14 16 19
21 0 3
4 7 16
7 11 14
17 19 18
15 17 14
3 5 24
2 2 24
11 14 1
18 20 23
15 16 6
7 10 20
6 7 9
21 23 25
9 12 6
7 10 10
15 16 30
16 18 7
14 16 12
14 15 22
13 16 21
2 4 20
0 1 1
19 21 7
2 3 7
2 4 22
18 20 24
16 18 3
7 8 26
14 15 14
10 12 5
22 22 13
10 12 21
6 7 13
4 6 10
12 15 29
4 5 3
1 3 12
3 4 5
22 0 10
7 8 23
12 14 26
4 5 21
7 9 10
3 4 30
6 8 26
14 16 28
14 16 15
8 12 11
2 6 26
8 9 20
8 9 29
12 15 22
14 17 16
6 9 30
7 10 11
23 2 13
23 2 2
1 4 28
23 0 8
7 8 2
6 7 24
13 16 17
14 17 10
14 14 13
13 15 24
22 0 19
22 0 7
20 21 17
2 4 5
2 3 2
18 19 18
14 16 26
19 20 4
21 22 28
20 22 22
4 6 4
15 16 1
7 8 12
3 4 21
19 21 26
10 13 30
17 20 21
19 21 12
20 21 28
4 6 19
5 7 30
4 5 20
21 23 1
7 8 29
7 9 15
20 21 12
5 5 22
3 5 30
23 2 22
3 5 28
9 9 26
17 17 22
0 2 28
0 2 1
17 19 7
0 2 1
20 0 17
19 19 12
4 6 11
15 17 4
4 7 14
6 9 9
22 22 20
11 12 7
13 15 2
9 11 9
5 7 1
5 6 1
1 2 23
4 4 11
4 5 29
11 12 19
20 23 3
1 3 19
4 5 30
23 1 3
21 21 19
22 23 25
20 22 25
0 1 7
6 9 24
13 14 17
4 6 16
20 21 3
9 11 9
17 19 15
2 2 5
20 21 17
14 17 3
15 18 9
3 6 21
2 4 3
1 3 26
23 2 15
13 14 23
16 19 11
8 9 3
17 20 29
17 20 6
5 7 26
23 1 23
8 10 23
4 4 9
19 21 25
9 13 2
12 14 23
16 18 24
2 5 17
16 17 25
0 2 10
19 23 27
17 19 7
2 3 16
8 9 20
22 0 22
13 15 28
3 5 6
12 15 21
11 14 24
19 20 4
20 23 29
16 18 27
10 9 17
11 14 13
8 12 5
7 8 26
0 1 5
22 1 1
10 11 15
3 5 10
22 22 10
9 11 27
8 10 1
10 11 2
6 9 26
4 7 18
22 1 14
19 23 11
23 1 24
13 15 8
2 3 29
4 7 27
14 15 24
11 14 30
20 23 25
17 20 23
21 21 30
2 3 3
4 6 29
13 16 24
16 19 26
9 12 5
14 16 21
17 18 8
11 13 30
3 4 11
10 13 13
4 5 28
2 4 9
6 7 12
13 16 29
16 18 18
7 8 19
10 12 20
0 2 19
8 12 25
15 17 6
13 15 26
16 19 22
3 5 25
12 15 6
19 21 12
3 4 29
13 14 27
19 22 17
2 3 26
7 9 2
6 8 8
19 20 12
21 22 27
15 17 27
20 23 13
5 7 3
7 11 17
2 5 5
20 0 19
10 12 1
9 11 19
4 6 5
6 9 26
18 20 17
10 13 12
2 4 13
23 2 8
2 3 20
16 20 19
11 14 3
0 2 30
18 20 13
11 12 7
4 6 12
5 7 17
2 4 3
2 4 13
14 16 10
11 14 25
12 12 12
21 23 12
21 22 6
18 21 19
7 11 22
15 17 28
6 9 26
1 4 15
6 7 26
0 2 2
23 2 22
6 7 3
9 11 4
8 11 20
10 12 10
3 6 24
23 1 2
21 22 25
10 12 30
2 4 26
21 1 29
20 23 16
1 4 14
3 5 1
21 23 6
17 20 30
3 7 23
13 15 8
5 7 28
19 20 21
2 4 15
1 3 17
12 15 21
15 19 28
5 6 5
13 16 20
10 12 1
8 8 19
0 2 27
20 23 5
11 13 8
12 14 14
5 6 3
16 18 20
18 20 17
5 7 14
2 1 20
20 22 11
14 17 19
17 20 1
8 11 27
21 23 8
7 8 5
10 11 23
16 18 15
20 21 1
23 1 3
15 16 24
4 7 28
17 18 23
19 21 29
21 0 27
22 0 2
12 16 13
22 22 10
21 22 14
1 4 15
13 15 8
9 12 4
16 18 15
20 22 17
7 9 26
1 1 25
23 1 6
12 13 24
8 10 26
19 20 18
19 21 13
14 15 26
1 5 25
17 20 3
13 15 15
16 16 10
16 18 11
11 14 11
18 20 24
4 6 28
14 16 27
16 17 8
4 5 26
0 1 3
12 13 16
12 13 22
16 18 25
14 16 22
22 23 6
6 8 22
10 12 27
8 11 4
16 19 2
17 19 10
4 5 4
13 15 20
16 17 24
14 17 2
17 18 20
6 9 26
20 21 4
9 12 19
13 14 20
18 21 10
6 5 23
4 7 5
12 14 8
2 5 5
10 12 20
21 22 13
1 3 3
3 4 6
9 11 14
0 2 22
22 22 20
22 23 13
12 14 22
22 23 2
15 16 10
8 8 26
16 18 20
16 20 3
16 18 9
12 14 1
18 20 27
16 18 19
2 3 26
2 3 20
17 20 5
21 23 30
23 1 9
14 16 18
7 10 23
17 19 8
19 21 25
20 23 5
23 23 24
18 20 4
11 13 26
1 4 27
11 12 17
22 0 19
17 19 23
9 11 8
1 4 5
4 9 5
2 4 12
0 2 12
2 2 11
9 11 20
20 22 3
0 3 17
14 17 21
2 5 17
21 21 29
16 18 20
21 1 20
6 8 11
10 12 22
15 18 19
12 15 18
9 11 16
1 2 19
3 4 30
9 9 15
14 14 28
6 9 29
4 6 28
1 1 28
22 0 25
5 5 19
22 1 21
20 22 8
2 4 2
15 17 10
14 16 3
21 22 11
6 8 10
11 12 22
5 6 19
1 3 2
14 16 10
21 23 27
4 8 26
16 18 20
0 3 23
23 2 23
2 3 23
0 0 2
12 13 3
17 18 22
8 9 8
4 8 15
21 22 21
1 4 14
19 22 2
17 18 29
9 10 28
3 4 4
10 14 18
19 20 20
16 21 14
5 6 19
14 16 30
3 4 4
