4410 30
26 25 29 5 14 26 17 9 17 28 9 23 28 9 11 22 30 6 30 11 9 6 6 18 4 1 19 26 16 1 
19 20 27
15 17 8
3 6 26
12 14 3
13 14 19
19 22 28
2 4 22
0 4 25
22 22 4
11 12 3
7 8 26
16 18 14
19 21 5
19 22 22
19 21 27
7 10 16
5 5 28
22 23 5
19 21 2
10 10 21
9 11 24
15 16 11
1 3 30
0 2 24
1 5 21
2 4 29
13 16 19
22 1 2
15 17 18
22 0 13
8 9 11
7 9 13
8 10 14
7 9 19
17 18 24
5 7 5
12 16 26
17 18 11
20 22 20
4 6 16
2 4 1
20 21 23
3 5 20
22 22 14
16 17 21
19 20 18
0 1 2
16 16 10
16 16 23
12 13 4
3 4 8
4 5 6
13 15 15
11 12 1
16 18 1
1 3 25
19 20 10
16 16 26
21 22 1
18 20 13
7 10 25
5 6 7
1 4 4
4 6 12
20 20 28
22 0 29
8 11 6
9 11 18
4 6 23
6 9 17
22 0 13
6 8 26
12 13 4
10 12 5
12 13 19
12 13 23
7 8 2
22 0 5
19 21 18
18 18 10
1 1 23
18 18 30
3 5 23
8 10 13
2 4 13
2 4 18
16 19 3
21 23 26
19 22 3
20 22 6
13 14 14
8 8 20
15 17 11
21 23 24
17 19 20
11 15 5
21 23 15
15 16 6
1 2 20
9 10 20
4 5 10
19 21 23
23 0 5
3 7 16
19 22 25
22 0 7
22 1 14
14 16 28
10 11 15
2 6 29
16 18 3
15 18 22
6 6 18
20 22 6
7 9 29
8 9 7
22 1 21
14 16 22
9 10 26
12 16 25
18 19 30
10 13 3
21 22 27
1 4 9
0 1 11
3 5 13
13 15 8
8 11 25
11 12 12
7 9 16
7 10 11
17 19 9
9 10 4
12 15 16
13 13 11
15 18 21
21 0 14
18 21 5
23 0 23
19 21 11
7 11 7
12 14 29
14 16 30
21 0 14
21 23 4
16 19 17
7 9 27
12 14 29
7 10 19
8 10 6
5 6 9
4 5 4
4 5 12
11 14 2
18 21 19
20 22 27
11 13 29
5 7 6
7 11 20
15 16 18
21 23 19
2 4 9
4 6 28
5 7 16
22 23 23
4 7 13
21 1 13
12 14 15
3 4 8
14 16 30
3 5 2
11 12 16
11 13 3
6 8 29
16 19 19
10 12 30
5 7 22
19 21 20
17 20 16
20 22 23
12 13 24
16 17 18
16 18 29
2 2 29
0 3 10
22 23 20
0 2 7
18 20 30
21 1 26
13 15 20
3 6 1
1 3 23
22 0 16
14 17 27
23 1 13
13 16 28
12 16 24
20 23 8
14 16 3
1 3 25
19 22 19
4 6 16
8 10 16
15 16 5
15 16 27
5 8 7
23 0 5
4 5 10
18 21 12
16 18 22
16 18 19
4 6 20
22 0 17
19 22 14
6 8 10
0 3 21
4 5 17
22 0 19
8 11 24
22 0 12
19 20 11
4 6 30
16 17 29
9 11 6
1 4 19
15 19 20
23 0 14
22 22 27
22 1 18
17 19 30
12 13 30
8 9 29
5 9 7
16 18 2
10 13 23
5 7 1
9 12 10
3 4 21
7 10 14
21 1 4
7 8 9
3 7 24
21 23 22
22 1 11
1 3 11
7 9 30
8 10 8
3 5 25
14 18 11
23 1 13
17 18 25
16 18 23
21 23 15
7 8 24
9 11 13
10 12 7
2 3 6
3 6 9
8 9 22
7 8 16
14 15 27
5 6 27
1 3 18
11 14 26
20 21 21
14 17 1
9 12 20
5 6 2
11 13 3
13 16 10
19 21 27
0 4 8
11 13 24
9 11 6
9 12 7
6 7 9
17 21 18
0 1 3
15 16 11
22 1 7
7 11 27
14 15 13
6 9 1
9 12 7
1 2 16
16 18 9
22 1 8
8 9 13
8 11 6
16 19 9
6 9 25
13 16 29
23 2 4
12 15 8
21 22 16
7 9 11
21 0 5
2 5 24
7 9 21
6 9 27
14 17 1
17 17 21
4 7 8
23 0 9
7 8 15
17 20 4
23 2 23
8 10 29
21 0 23
2 4 10
1 4 19
0 3 23
22 23 4
11 13 16
8 9 2
19 20 17
4 6 1
0 3 28
18 20 24
11 13 12
16 19 9
12 16 22
14 15 5
4 4 1
22 0 28
3 7 19
16 17 5
20 23 4
8 11 25
22 1 2
9 10 19
22 2 9
2 4 22
22 23 29
4 6 20
0 2 23
6 7 10
5 5 6
19 20 1
10 13 4
14 15 30
4 5 27
17 20 2
4 6 17
7 10 8
20 22 25
11 13 27
17 20 11
1 3 13
17 19 12
16 18 7
10 12 6
17 18 24
16 16 22
20 22 24
16 18 29
18 20 10
16 19 24
14 17 23
0 0 16
1 3 3
1 3 13
11 15 9
16 18 11
20 22 2
16 19 7
4 5 13
18 20 12
15 17 29
19 21 5
6 10 5
2 5 17
3 7 7
4 8 21
20 22 23
10 11 8
13 14 13
10 11 15
20 20 4
14 16 21
0 3 18
1 2 27
10 11 20
10 11 11
7 9 2
17 21 8
23 1 11
18 18 26
1 4 29
7 10 16
5 7 12
5 10 29
3 6 6
7 10 2
20 20 3
12 13 8
20 23 26
20 21 18
4 5 3
5 6 12
10 11 7
0 2 12
7 10 22
23 2 18
9 12 3
12 14 18
11 13 16
5 8 26
4 7 27
7 10 22
6 7 22
19 20 9
13 15 23
9 10 22
21 0 29
8 11 11
21 23 30
19 20 10
10 11 3
6 6 10
2 3 11
21 22 30
9 12 9
20 22 14
0 4 10
16 18 5
10 13 7
18 21 27
23 0 17
18 20 17
21 23 3
11 12 22
22 1 27
18 20 6
20 20 3
23 1 4
4 6 10
12 12 3
17 19 26
10 11 7
16 17 10
12 13 9
4 6 18
9 11 24
7 9 24
11 13 10
15 16 22
11 14 10
5 6 29
6 8 3
22 22 3
16 19 24
12 13 28
3 6 10
10 11 14
3 5 5
21 23 15
7 9 17
5 7 5
7 9 22
14 17 16
23 0 8
12 14 22
23 0 18
10 12 20
5 6 13
8 9 18
18 19 18
10 13 25
4 5 20
15 19 22
5 9 19
17 19 30
17 18 14
14 16 20
17 20 25
13 15 24
18 20 29
19 20 4
16 16 11
21 1 23
15 17 25
20 23 10
22 22 22
5 8 27
14 15 8
14 16 28
8 11 19
16 21 11
22 1 29
12 14 24
22 23 23
2 4 18
15 17 27
13 15 6
17 20 4
9 11 8
2 4 7
8 10 23
17 20 1
13 13 10
17 18 12
7 7 20
7 7 2
6 9 2
3 5 30
4 6 26
12 12 1
10 14 4
19 21 29
23 0 1
0 1 8
0 0 21
2 5 4
16 17 28
18 20 20
17 18 17
0 1 5
17 19 4
6 7 29
4 9 2
18 20 27
3 5 9
3 5 9
21 0 20
16 17 25
23 0 4
23 3 22
22 22 27
4 5 20
20 23 18
13 15 8
16 18 22
11 12 4
11 14 25
5 8 16
15 17 19
20 22 23
10 13 20
23 2 28
21 23 1
19 20 22
21 23 23
15 16 7
12 14 19
22 1 9
11 13 15
10 13 29
10 12 29
20 22 5
17 20 21
10 11 19
13 15 9
23 2 16
11 13 29
5 7 4
8 12 2
15 17 28
21 23 27
9 11 7
16 18 26
4 6 30
22 0 3
5 7 20
8 11 9
10 12 29
12 13 12
9 11 19
10 13 9
3 4 18
6 8 25
0 2 20
8 10 23
0 2 24
5 7 12
9 11 9
9 11 18
5 7 12
5 9 18
13 17 1
7 9 22
21 23 7
9 10 13
4 6 28
5 6 24
15 17 25
10 12 22
21 0 10
18 21 6
4 5 24
17 20 25
4 5 14
8 11 2
9 10 23
23 0 17
5 6 12
9 10 27
8 8 18
7 9 29
16 19 27
3 4 27
16 19 20
3 7 3
16 15 3
6 7 13
20 20 30
15 18 3
12 14 10
18 20 15
7 9 30
12 15 16
20 0 12
14 17 12
19 22 25
13 15 3
22 23 16
15 16 10
14 18 23
19 20 6
7 8 4
15 18 18
21 23 17
22 23 20
4 6 23
21 21 14
16 19 21
12 14 18
2 4 15
12 14 30
23 3 2
3 4 28
1 4 11
13 16 26
18 21 4
1 3 4
17 18 19
22 0 3
0 2 6
23 0 5
3 5 19
9 12 11
17 19 9
6 8 27
21 23 21
9 11 1
21 23 2
4 7 7
22 1 25
6 8 7
8 11 15
17 18 21
23 1 4
19 19 12
2 6 2
21 22 24
9 10 30
23 1 3
0 2 22
15 16 6
20 23 25
21 21 19
1 4 13
7 9 9
15 17 15
5 6 22
15 19 8
12 16 19
13 16 10
4 8 13
10 14 30
20 1 19
8 10 1
2 4 3
4 5 17
17 19 17
15 18 6
16 18 13
17 19 5
1 1 7
5 6 23
4 7 29
21 22 7
18 21 26
16 19 13
2 3 15
17 19 26
15 16 18
17 20 24
10 13 20
0 1 12
18 19 10
4 6 29
17 20 9
7 10 16
16 21 24
5 6 16
9 13 10
16 18 3
14 15 7
22 23 15
6 9 19
4 5 29
11 14 5
12 14 27
10 12 28
22 23 11
19 21 10
5 5 13
1 4 17
11 14 12
3 5 6
3 7 5
7 8 5
21 23 27
22 0 21
2 4 4
14 16 4
0 2 4
10 10 18
2 4 10
0 3 18
4 7 12
1 2 21
10 11 19
23 1 8
2 3 28
23 0 2
11 12 26
17 19 9
3 7 30
21 23 19
2 4 3
13 16 16
18 18 29
14 16 21
4 4 29
16 19 14
13 14 3
7 9 29
4 5 20
10 13 18
4 6 1
11 13 25
15 18 23
13 14 28
20 21 27
23 0 3
13 16 4
6 8 1
1 2 22
12 15 26
18 20 9
6 8 22
8 10 23
20 23 28
23 1 23
16 19 28
23 1 17
17 18 29
4 8 24
17 19 22
5 8 16
5 7 25
7 9 3
0 4 8
6 9 29
1 3 18
9 10 13
10 11 2
11 12 17
0 3 4
12 15 25
6 5 12
4 6 15
9 10 15
1 3 11
18 21 25
4 7 30
11 13 11
0 2 8
3 5 13
1 1 5
9 11 14
7 9 3
10 12 30
3 5 28
8 8 24
4 6 10
3 6 29
7 9 11
12 13 29
7 9 23
11 13 1
21 23 18
15 19 10
18 20 8
16 19 2
16 19 30
16 17 29
0 3 24
23 1 25
2 3 25
22 0 15
13 17 15
9 11 27
5 7 28
0 3 23
1 4 3
9 11 7
11 14 20
21 0 28
21 0 5
15 19 23
18 19 16
18 20 5
20 23 17
3 6 2
4 4 21
17 18 2
13 17 3
21 23 21
10 12 21
16 17 13
17 20 22
7 9 11
3 6 5
6 8 19
19 21 3
3 5 10
0 2 19
23 0 26
8 10 19
2 5 16
15 18 17
7 8 14
23 1 22
11 14 13
22 23 28
5 7 10
14 15 23
23 1 10
21 23 20
20 23 17
10 13 11
18 20 16
21 22 11
2 5 12
13 14 16
7 9 19
22 23 7
11 12 28
11 13 4
13 16 20
17 21 7
15 18 10
0 -1 27
16 19 26
23 2 25
5 6 27
15 15 3
12 15 13
13 16 2
20 23 18
2 5 19
20 23 26
13 17 19
7 10 28
16 17 14
17 19 28
21 22 7
17 19 30
0 4 15
16 19 20
17 20 7
18 21 2
0 2 6
14 16 24
1 4 5
23 2 24
20 21 11
8 10 28
4 5 17
5 6 27
8 9 15
1 2 17
14 15 4
7 8 16
23 0 13
22 1 17
9 10 21
8 9 17
12 14 11
4 6 11
6 8 14
19 21 8
4 6 29
13 15 16
0 0 16
18 21 6
11 13 4
19 22 1
17 20 21
17 18 11
20 22 10
20 21 24
21 23 3
1 3 8
1 3 13
14 16 7
21 23 6
2 4 2
6 9 23
15 18 22
0 3 20
20 22 11
12 13 12
5 8 28
8 9 15
7 10 4
2 6 28
0 0 19
4 7 25
20 21 9
21 23 29
4 6 12
21 23 23
15 16 29
16 19 11
4 5 15
10 12 14
2 2 8
3 5 30
7 10 7
23 0 3
12 14 27
23 2 30
22 23 24
15 17 3
0 2 17
23 0 3
5 5 3
4 5 19
19 20 29
15 17 29
3 6 26
11 13 25
14 16 10
19 19 20
5 6 12
20 21 7
21 23 13
5 7 11
19 23 26
6 8 21
15 18 3
16 18 3
18 18 16
22 22 10
13 17 23
5 7 27
6 7 21
12 15 18
17 20 21
23 2 2
12 13 30
9 11 8
2 3 9
11 12 26
1 2 10
0 1 29
15 17 23
4 6 24
6 8 24
0 2 26
16 18 2
11 13 10
6 7 15
13 16 9
2 4 15
16 17 6
3 6 17
16 15 19
4 5 21
6 7 20
20 23 20
16 17 20
4 6 25
17 19 19
3 6 11
5 7 1
19 21 2
2 6 20
23 1 7
22 1 27
22 0 13
21 0 29
2 4 2
6 8 4
16 16 28
7 8 15
1 4 18
23 23 19
20 22 19
11 14 3
7 10 13
22 22 3
10 13 21
19 22 15
17 18 24
17 19 7
4 8 24
2 3 19
20 22 27
19 20 28
13 14 21
18 19 11
20 0 25
0 1 13
3 6 20
18 21 24
20 20 20
1 2 13
15 16 23
20 21 15
13 14 20
18 21 2
16 19 12
15 18 13
6 10 4
20 22 11
3 5 19
19 21 22
0 3 16
14 14 27
0 2 12
12 14 8
4 7 22
15 17 17
2 3 6
13 17 28
16 17 30
7 8 21
11 14 4
7 8 19
15 17 3
21 0 9
15 17 24
12 12 11
22 1 28
10 12 12
3 5 15
1 3 7
3 5 11
6 7 9
21 22 27
8 11 12
5 7 15
19 21 15
15 17 25
21 23 21
1 2 16
19 22 7
7 9 16
13 15 18
18 19 18
1 3 16
1 3 4
21 22 14
9 10 20
11 13 27
16 17 8
9 12 15
23 1 19
3 4 14
0 4 28
11 14 27
2 6 2
15 17 3
11 14 25
23 1 24
21 23 21
10 11 10
15 18 28
22 2 1
2 3 24
22 1 10
21 23 21
18 18 5
12 16 23
19 23 3
18 20 25
16 16 6
9 12 25
17 16 21
0 3 3
7 9 26
16 20 4
23 2 25
22 0 10
23 3 6
23 1 21
5 7 13
4 6 21
19 20 23
22 0 20
1 4 27
21 23 21
13 16 7
4 5 24
7 9 6
16 17 3
22 23 17
7 9 19
1 5 17
23 1 23
23 1 29
0 2 8
0 0 10
23 2 16
14 16 18
16 17 17
15 15 13
3 5 26
10 11 1
3 6 4
14 15 1
23 0 4
3 4 1
23 3 20
20 0 24
17 18 13
15 19 30
22 0 30
13 14 29
8 9 18
13 16 3
1 3 13
22 23 18
8 10 8
23 0 17
8 9 21
17 19 24
7 8 16
7 8 11
9 11 11
3 5 24
15 16 6
10 10 19
17 18 29
17 19 22
22 23 15
14 15 20
22 0 27
3 4 25
22 0 25
21 0 2
2 4 23
2 3 7
14 16 2
9 13 24
15 17 27
16 19 12
18 21 1
20 21 5
9 13 12
4 8 21
12 12 25
0 2 5
10 10 7
17 18 2
18 19 16
12 16 7
21 23 25
13 15 10
0 2 19
18 21 29
11 12 11
23 2 28
8 9 23
6 8 12
2 4 7
17 19 26
17 17 30
5 7 17
22 23 21
11 14 24
4 6 14
18 21 2
9 9 5
1 5 17
6 8 15
18 21 22
6 7 11
12 13 18
20 23 11
19 23 10
13 15 9
22 2 13
9 10 19
23 2 4
2 5 4
18 19 1
9 12 9
14 16 14
20 22 23
3 6 1
18 21 1
8 9 5
0 3 25
4 6 19
22 23 14
13 15 27
16 19 8
5 6 6
15 17 4
22 23 17
15 16 7
0 1 24
1 4 20
1 4 26
8 10 20
13 16 27
18 19 10
3 7 14
2 5 10
8 10 18
20 23 22
21 23 5
19 21 20
7 9 9
22 1 20
0 2 25
2 3 19
6 6 27
17 18 19
10 11 27
12 14 11
20 21 26
1 4 12
15 18 13
13 14 20
10 13 30
1 3 6
14 15 20
0 2 12
13 15 11
18 18 12
13 15 15
8 9 29
19 20 9
5 7 6
4 6 26
11 14 17
10 13 24
0 0 19
3 4 1
23 1 1
2 4 12
5 6 3
23 1 14
7 10 18
9 13 11
6 9 3
4 6 14
0 2 11
11 13 25
14 15 14
5 5 5
13 16 5
4 6 4
16 20 25
4 7 22
10 14 16
15 17 22
13 14 24
21 23 26
14 14 20
10 12 21
12 15 19
4 4 6
7 9 28
22 0 9
17 18 5
19 20 9
15 16 22
9 12 2
12 13 20
2 3 12
9 10 2
2 3 26
13 15 7
10 12 3
7 8 15
23 2 17
5 9 18
11 12 25
23 1 4
13 14 10
18 19 12
1 3 14
20 22 4
5 7 16
10 13 8
17 20 19
12 14 20
9 12 22
11 13 25
15 16 7
18 20 5
3 5 27
7 9 25
1 3 25
11 14 1
10 10 27
15 16 1
21 0 16
12 15 17
14 16 9
1 4 15
20 23 24
3 7 26
23 2 5
0 2 22
3 3 28
22 23 24
23 2 7
1 3 21
19 23 8
20 22 8
6 9 23
21 21 5
16 19 28
11 13 17
5 8 2
11 12 13
7 8 8
9 13 13
15 16 20
2 3 23
4 7 1
16 18 10
20 21 9
23 3 3
21 22 6
2 2 2
5 8 12
21 23 4
21 22 9
23 2 29
20 23 20
13 15 1
15 16 14
12 12 8
16 17 27
18 20 7
14 15 15
2 3 3
7 9 24
5 7 17
14 17 24
9 11 30
22 0 25
3 6 2
10 13 12
23 0 19
14 17 14
2 4 10
23 0 15
7 11 4
12 14 2
12 14 26
3 6 10
20 22 24
13 16 11
2 4 20
10 12 18
8 9 8
16 18 4
5 7 13
22 1 2
8 11 1
14 17 2
3 5 14
11 13 28
10 14 15
3 6 18
5 7 6
7 9 3
21 0 14
16 17 12
7 9 13
3 7 20
9 12 8
19 21 2
6 8 5
9 10 5
3 7 12
4 7 11
2 5 20
19 21 15
17 17 20
16 16 4
4 6 20
14 15 11
14 15 16
6 7 5
19 21 3
10 13 14
7 10 21
15 16 3
8 11 10
21 23 9
14 17 8
1 3 7
12 16 4
3 4 2
6 7 24
16 18 5
15 15 29
11 13 17
12 13 30
3 5 6
10 12 27
12 13 17
2 4 8
7 9 28
4 6 8
11 13 25
18 18 18
14 16 7
22 1 11
6 7 19
17 19 6
2 4 26
13 15 12
23 2 5
17 20 28
5 7 1
16 17 18
3 5 26
14 17 13
10 13 29
5 6 24
15 15 3
11 12 7
19 21 26
21 1 18
11 12 16
1 1 16
19 19 13
0 2 4
17 19 18
15 16 16
20 0 25
23 3 15
10 12 28
17 19 15
3 5 2
12 15 21
2 3 8
0 2 26
12 13 5
3 6 18
1 2 5
3 8 18
7 9 26
9 10 16
10 12 23
3 6 12
10 11 15
11 14 5
5 7 25
23 23 3
6 7 22
18 19 8
0 3 4
16 18 30
7 8 22
11 12 13
8 9 1
0 5 19
12 14 8
1 3 7
0 2 17
0 2 12
1 3 14
1 1 29
16 18 9
11 13 6
19 21 27
4 8 5
9 12 9
21 0 30
8 10 5
4 8 12
16 18 21
9 12 22
11 13 3
15 18 12
14 15 26
5 7 28
6 9 14
19 21 30
20 21 8
4 6 3
3 5 28
16 18 4
5 7 5
3 5 23
18 19 29
9 13 19
14 16 14
6 7 4
3 5 13
5 8 2
19 22 7
11 12 10
2 5 26
12 14 7
3 6 2
15 16 16
10 12 8
16 18 26
9 11 13
14 17 2
3 5 20
0 3 13
10 12 18
17 20 2
5 7 20
1 2 17
13 15 5
13 15 8
8 12 6
17 18 20
10 14 15
2 4 12
13 14 17
18 19 2
8 9 14
13 13 22
21 22 3
23 1 27
14 16 3
10 12 30
15 19 11
16 15 16
2 5 7
13 15 5
12 14 30
7 8 21
11 13 24
8 10 29
20 22 7
9 12 18
11 14 28
20 21 21
1 2 7
3 8 3
18 21 1
18 20 3
13 16 10
0 3 23
10 12 2
14 17 6
6 8 23
10 12 17
8 10 7
19 22 20
22 23 24
19 20 17
23 3 10
21 23 21
11 12 18
21 0 1
21 0 2
0 2 25
12 15 22
20 23 19
5 8 13
20 23 23
15 18 23
7 8 3
4 6 9
6 6 3
15 16 6
20 22 27
14 19 29
10 11 26
9 12 21
4 7 24
3 7 18
1 5 23
6 6 15
5 6 14
14 17 6
2 4 2
6 8 15
22 2 15
22 22 23
14 15 3
7 7 17
0 2 10
22 0 18
4 5 16
20 21 14
23 1 20
23 1 8
16 18 17
15 18 11
21 23 23
3 6 5
6 9 25
5 5 30
5 7 24
1 2 12
21 23 8
16 19 2
16 17 16
0 1 28
9 12 8
1 2 29
5 6 10
11 12 3
9 12 18
6 8 28
18 22 25
2 4 12
18 20 17
7 9 10
3 7 5
23 2 11
15 17 28
19 20 24
2 4 7
19 22 26
14 16 17
12 15 7
7 9 28
6 7 7
8 10 8
3 7 13
21 0 7
21 23 5
17 18 9
22 1 4
15 17 3
12 14 21
10 12 16
2 4 13
16 19 14
2 4 25
6 8 28
12 14 3
20 0 22
19 21 13
9 14 15
17 21 23
15 16 5
7 9 18
15 17 21
11 12 28
5 6 2
9 12 12
11 14 12
6 7 6
8 9 13
8 11 28
18 20 3
8 10 17
12 15 25
9 11 26
5 8 3
5 7 8
11 15 23
9 12 25
18 20 22
7 9 7
0 3 2
13 15 2
23 23 2
23 0 13
18 20 22
23 1 15
21 22 1
17 20 18
5 6 2
6 7 17
2 6 4
7 9 26
17 19 29
7 9 2
4 6 26
6 9 25
1 3 8
1 2 7
20 22 15
21 23 27
20 23 17
18 20 24
15 16 9
4 7 9
21 22 16
14 16 19
2 4 2
19 21 18
15 18 11
4 6 2
3 5 1
9 11 29
18 19 10
1 4 7
9 10 18
8 9 5
20 21 29
23 0 17
23 1 21
21 0 19
23 1 23
6 8 29
12 15 24
19 22 18
17 19 29
21 22 20
13 15 26
23 1 21
19 21 9
23 1 24
17 19 7
21 22 18
13 16 4
13 15 16
14 18 24
14 16 9
12 14 1
5 10 20
12 16 18
7 9 17
13 15 22
1 4 16
8 9 26
0 3 3
15 17 4
8 10 10
6 8 11
22 1 3
3 4 15
10 12 22
17 20 8
1 3 8
19 23 1
12 15 2
14 17 20
7 10 13
18 21 2
11 13 9
3 5 18
20 22 19
13 15 17
22 0 30
2 4 6
17 18 2
6 9 26
4 6 25
9 11 12
18 20 25
7 9 11
7 8 19
3 4 30
8 11 17
13 16 28
18 20 30
21 23 22
20 23 30
9 11 3
11 13 28
0 1 16
3 5 5
11 14 26
23 2 7
9 11 13
15 19 7
3 5 13
6 7 21
15 15 23
0 3 23
8 11 11
4 5 22
9 11 14
1 3 7
17 20 11
14 16 14
23 2 18
20 22 28
9 10 19
18 21 6
23 2 12
14 18 25
1 4 7
10 12 25
0 2 20
8 10 21
20 22 8
1 5 19
1 3 20
6 7 12
8 9 3
23 1 29
4 8 24
7 9 7
20 23 29
10 12 28
12 15 3
14 15 16
23 1 3
5 7 11
22 22 29
16 17 12
5 6 30
12 16 7
18 21 1
3 6 15
10 11 6
12 14 17
9 12 8
11 13 26
14 16 19
10 13 4
0 2 15
9 12 20
22 0 4
7 10 8
15 15 14
17 17 20
6 9 26
3 7 25
19 22 24
23 3 28
22 0 7
15 18 20
22 0 1
19 22 9
18 21 1
22 22 25
5 9 16
19 22 18
22 0 17
10 13 21
10 13 21
9 12 29
0 2 25
6 8 7
3 6 3
23 1 4
3 5 5
9 11 13
8 12 13
13 18 8
22 1 23
9 12 27
14 17 23
5 7 20
18 21 27
11 13 22
22 0 15
18 19 29
10 12 11
6 8 23
14 17 5
15 17 26
0 2 30
18 20 20
2 5 15
20 22 26
12 13 2
21 22 7
7 9 18
6 9 19
15 17 7
8 11 5
19 21 27
0 2 4
6 9 15
21 0 15
2 4 5
9 10 16
3 5 11
10 12 25
3 6 10
21 23 24
17 18 5
17 19 23
20 21 25
2 4 1
1 3 23
14 18 3
21 23 5
18 20 3
10 13 23
7 9 28
14 17 22
16 19 27
22 0 9
22 1 2
6 8 7
4 7 16
9 11 26
2 6 19
16 18 16
22 1 23
14 13 1
23 2 18
11 14 18
22 1 26
21 23 12
1 4 26
8 12 7
11 13 4
8 9 9
2 5 9
8 9 20
8 10 4
2 4 14
1 4 13
15 16 28
2 4 18
21 1 10
19 21 7
20 23 5
19 22 11
6 8 19
21 23 26
17 19 25
5 5 4
8 9 11
19 20 1
11 12 15
12 14 13
12 14 22
2 5 18
13 14 15
10 11 12
11 12 14
14 17 7
3 5 10
22 0 6
14 17 21
12 16 25
4 7 24
23 2 6
10 13 21
19 22 25
1 3 16
9 11 29
5 8 1
14 15 1
12 13 28
19 19 23
11 12 27
2 4 11
4 6 25
19 0 12
9 11 29
15 14 7
17 20 29
4 6 28
13 15 23
18 21 29
18 19 13
3 5 7
1 3 22
19 22 19
18 20 16
5 8 7
5 6 9
20 22 30
11 13 21
2 3 19
19 21 21
15 17 21
1 2 24
19 20 30
5 6 7
18 20 11
4 7 17
2 3 3
5 7 29
1 5 18
0 2 5
11 12 16
3 4 9
22 1 19
11 12 4
19 22 1
1 3 10
14 15 3
5 7 6
12 13 5
1 2 2
2 3 25
19 21 26
20 21 6
11 14 30
12 16 16
16 17 4
17 19 4
12 14 28
16 19 9
11 12 19
2 3 1
12 15 21
15 17 25
2 6 23
10 11 4
21 23 10
9 11 14
12 14 28
4 7 27
8 9 15
20 23 19
15 19 12
3 7 18
23 1 3
4 6 18
22 21 18
0 0 18
2 4 28
13 14 18
19 20 2
15 16 17
23 1 23
13 16 13
9 12 29
12 11 17
5 6 6
14 19 20
11 13 1
3 5 29
10 11 28
5 6 10
1 2 10
20 21 30
12 16 17
12 13 28
13 14 16
8 10 14
1 4 1
16 16 29
20 22 4
19 21 7
20 23 11
8 13 25
16 18 18
18 20 28
19 21 5
21 0 7
22 0 13
8 9 9
20 23 18
23 4 29
8 10 29
10 12 27
13 15 25
10 12 10
18 23 21
13 15 22
20 22 29
14 16 18
6 6 12
14 16 11
22 23 21
1 3 28
2 4 12
18 19 1
1 5 6
23 2 22
8 10 22
14 15 21
10 11 29
21 0 9
3 2 16
19 22 18
13 14 10
8 9 13
13 16 14
7 11 15
4 5 20
20 0 3
11 14 20
15 16 30
7 7 28
13 15 30
4 5 17
4 6 21
21 2 21
19 22 17
11 13 29
0 2 13
16 18 6
1 3 28
6 7 25
15 16 16
22 23 26
22 23 21
1 2 17
6 9 18
6 8 28
2 7 15
18 20 7
16 19 10
3 4 20
8 10 24
19 20 12
4 5 3
17 20 21
0 3 24
21 22 13
1 2 20
10 12 11
0 1 9
17 20 8
17 19 2
8 11 19
22 0 21
22 1 19
19 22 11
2 4 11
5 8 7
21 0 6
20 22 9
21 23 5
6 8 25
19 19 3
14 17 18
0 3 1
5 9 15
0 1 3
8 10 6
18 21 7
22 1 22
23 2 9
6 8 8
9 10 9
19 21 23
21 0 20
17 20 12
13 14 19
16 17 10
7 7 25
8 10 2
10 13 9
10 12 23
10 11 13
21 23 24
13 14 21
12 15 29
2 3 30
15 15 17
15 16 4
5 8 4
14 15 24
19 20 3
16 16 14
13 15 6
3 3 3
18 21 22
13 14 13
13 15 10
5 6 30
15 17 19
18 19 3
19 0 25
13 17 28
19 19 29
23 2 30
10 12 25
0 1 9
16 17 9
17 20 18
9 11 3
19 21 16
20 23 4
15 17 24
17 21 6
0 2 17
17 19 7
0 3 24
12 14 7
7 9 22
18 21 18
16 17 25
9 10 5
3 5 6
21 23 30
18 19 25
21 23 27
9 12 10
0 1 12
13 13 5
17 18 25
7 9 9
15 16 24
16 18 12
9 11 16
19 21 20
21 22 17
18 19 6
17 20 27
20 22 16
5 7 5
14 15 16
8 9 15
21 22 2
22 1 23
15 14 8
5 8 27
14 17 19
2 4 22
5 6 21
10 14 1
14 18 11
4 5 11
5 8 15
7 7 7
21 1 21
22 1 9
11 14 4
13 15 26
13 16 11
4 5 24
4 5 9
3 6 4
19 19 26
5 7 20
12 14 15
14 16 30
5 7 19
8 9 1
10 10 27
9 10 6
15 16 20
9 9 8
21 20 22
13 16 9
3 6 29
5 7 25
12 15 27
1 3 2
15 17 30
20 22 26
15 19 13
12 14 24
22 23 13
11 11 10
6 8 15
11 13 23
22 1 26
1 3 23
7 10 23
0 3 22
15 17 19
19 19 28
21 22 14
10 11 23
20 23 3
23 0 16
15 20 24
3 4 26
9 10 24
4 6 21
19 22 21
6 9 8
11 14 17
17 19 28
17 21 27
21 0 17
11 13 24
4 7 1
7 7 15
10 12 2
7 8 25
23 1 3
22 22 14
17 18 25
13 14 6
3 4 11
16 18 23
23 0 25
21 22 29
19 23 9
2 4 16
9 12 19
0 2 5
1 3 6
3 6 23
10 11 14
23 1 24
4 6 14
13 13 12
5 8 11
1 3 12
13 15 5
15 16 12
4 6 13
22 0 30
0 3 29
20 0 28
7 10 8
18 20 17
7 8 1
3 6 3
20 23 19
12 14 7
9 11 17
22 0 22
17 19 10
0 2 15
19 21 1
3 5 4
4 5 2
21 22 22
16 16 24
23 2 9
14 17 11
20 21 10
13 14 16
22 1 26
22 0 12
8 10 8
21 0 13
8 11 27
13 17 5
16 20 10
18 18 1
13 14 26
1 4 29
2 4 8
18 21 27
7 6 14
16 18 29
0 1 27
14 17 7
3 5 18
20 23 28
0 3 28
21 21 3
6 6 26
13 15 16
22 0 10
10 12 16
2 4 25
17 18 2
13 17 20
15 17 21
9 13 18
4 5 4
18 21 21
18 19 25
19 22 15
7 7 20
12 15 16
11 12 18
11 13 25
16 18 20
10 12 20
18 19 30
9 11 29
5 6 29
8 11 9
19 19 12
17 19 21
16 17 20
6 9 3
2 5 25
15 20 22
4 7 10
13 14 1
19 22 20
10 13 29
1 5 25
2 1 15
14 15 25
10 13 16
21 0 25
1 3 19
6 9 4
10 11 8
19 21 2
18 20 4
17 20 22
7 9 2
21 23 9
20 21 3
7 6 6
9 12 21
7 10 30
8 10 4
22 0 25
6 7 18
21 21 2
18 20 20
5 7 29
18 21 3
21 0 13
2 5 5
19 21 22
0 1 16
12 14 8
22 23 8
10 10 24
20 23 11
7 9 29
11 14 16
1 2 12
1 3 8
0 1 1
15 17 14
9 11 2
11 10 10
22 1 4
7 9 8
12 14 30
11 14 23
6 10 24
22 0 20
21 22 9
23 1 15
6 8 24
9 11 13
6 6 22
1 2 1
0 1 11
9 11 3
4 6 10
17 19 6
21 0 7
1 4 26
19 21 16
23 0 13
5 7 9
15 17 28
6 7 28
2 2 12
23 2 4
6 10 3
15 17 24
3 4 18
2 4 19
9 11 19
13 17 2
20 22 5
8 11 21
14 16 25
0 3 18
13 14 5
7 7 7
17 18 19
15 17 28
12 15 21
16 16 14
5 9 22
21 0 8
23 1 4
6 9 2
21 22 16
13 16 25
5 7 1
17 18 19
21 1 19
1 3 24
8 9 20
7 10 9
4 5 11
20 22 4
22 23 10
11 13 16
15 18 27
23 2 29
21 23 28
2 4 1
21 23 18
20 22 10
23 0 13
13 16 6
19 21 11
9 12 19
11 15 30
4 9 4
20 21 7
5 6 18
1 2 26
2 4 12
7 10 17
3 5 29
21 23 4
1 1 22
17 18 24
8 11 6
14 16 25
4 6 15
20 21 11
21 0 21
3 6 8
22 1 9
6 7 12
21 0 23
11 15 21
15 17 9
18 20 20
21 22 28
4 5 13
0 2 9
23 1 20
14 14 13
12 13 8
16 19 22
5 6 22
17 20 10
14 16 14
14 15 26
4 6 4
13 16 11
16 17 15
7 8 4
6 9 29
1 5 22
11 12 6
2 5 2
7 9 5
17 19 9
11 11 7
15 16 27
2 5 28
15 18 8
9 12 17
18 20 18
7 9 5
1 3 1
2 4 28
0 2 5
13 16 12
2 4 7
3 5 9
22 0 20
8 11 25
20 23 6
2 5 6
1 3 2
17 19 16
1 0 19
3 5 24
11 13 6
2 2 17
17 20 22
16 19 5
23 2 29
11 15 14
19 23 10
22 1 30
18 20 18
22 1 2
21 22 6
23 0 16
16 19 25
16 18 9
11 12 11
18 21 7
4 5 3
12 14 11
21 23 28
7 11 26
23 0 11
19 21 24
23 0 29
15 17 15
7 8 4
14 15 22
13 16 9
18 20 10
10 10 24
12 14 22
2 4 1
3 5 10
17 18 8
18 19 21
12 14 2
19 22 4
20 23 24
18 20 23
2 5 11
2 3 19
5 5 18
10 12 3
19 22 14
13 15 25
23 0 19
0 2 23
19 20 4
21 23 3
11 12 21
7 9 8
0 3 3
12 14 22
0 2 29
11 13 16
8 10 16
7 8 29
5 9 13
6 9 25
20 22 27
18 21 25
9 12 12
8 9 2
15 18 25
6 8 20
9 10 10
10 13 18
10 12 22
1 4 27
0 3 22
22 2 15
12 14 28
23 2 30
1 2 30
5 8 22
15 17 16
22 22 21
2 6 24
18 21 2
21 0 20
19 19 20
9 11 13
0 1 20
8 9 26
13 16 3
7 9 9
13 14 11
10 12 4
12 15 9
14 17 21
9 10 19
5 7 9
14 17 20
4 5 19
22 0 24
9 13 15
8 8 22
10 12 22
13 16 7
22 0 27
22 0 11
7 10 28
5 8 12
20 20 10
10 12 7
1 3 7
17 18 1
17 18 1
4 5 14
12 14 26
12 14 19
2 5 21
19 21 16
9 10 29
4 6 8
22 23 12
17 19 23
3 5 18
21 0 23
4 6 15
20 22 20
8 10 6
18 20 29
23 0 17
7 10 7
16 19 20
13 14 9
5 7 29
5 7 8
2 5 26
11 13 8
0 1 7
7 10 3
20 21 21
5 7 2
18 21 26
5 6 8
21 0 21
19 22 24
1 3 29
20 21 14
1 2 19
19 22 16
9 10 23
17 20 2
11 13 17
6 6 12
21 23 21
8 11 24
15 16 27
5 6 25
14 18 14
6 8 28
21 22 21
15 17 13
9 11 29
19 21 20
18 20 10
10 11 18
3 6 5
17 19 7
19 22 24
17 18 27
17 20 7
19 21 23
9 11 29
2 4 9
19 21 7
10 13 14
10 12 12
17 18 23
17 18 7
16 18 1
8 12 22
14 16 29
1 3 19
9 9 28
3 3 6
18 20 20
14 15 2
11 14 8
6 8 22
3 5 8
11 10 27
1 3 25
13 16 19
8 9 24
15 17 14
15 16 27
15 16 13
11 14 6
4 6 3
11 15 29
4 7 25
23 1 23
8 10 27
18 18 24
6 9 23
23 1 18
14 17 9
19 21 21
23 23 16
9 12 22
21 0 23
8 9 17
19 20 4
20 22 12
2 3 26
0 0 11
1 3 4
7 9 26
12 15 14
19 21 17
8 13 6
7 9 15
7 9 22
2 5 7
9 10 28
11 12 18
7 9 18
18 22 17
5 7 1
12 14 7
17 20 18
9 12 17
17 19 25
13 15 5
12 16 9
19 21 13
5 5 22
1 4 25
20 21 8
18 19 26
11 12 25
18 19 23
23 0 6
22 0 21
9 12 3
0 1 30
4 9 11
5 8 29
14 16 9
5 7 8
16 18 4
5 8 8
23 0 5
21 21 9
2 4 24
13 13 17
17 17 18
8 10 20
9 10 18
9 11 15
23 1 30
5 6 22
18 19 13
9 10 6
13 16 29
11 14 6
8 10 30
10 13 2
16 18 19
7 10 12
23 1 15
0 3 19
15 16 24
12 14 12
9 12 28
18 20 21
4 6 15
11 12 1
17 19 5
14 15 16
13 14 10
23 1 24
22 0 17
11 12 5
15 18 21
0 2 21
5 7 3
5 8 30
7 10 28
12 16 16
3 5 21
16 17 20
4 6 3
12 14 3
5 7 3
22 22 27
5 7 8
4 6 12
6 9 6
23 23 29
6 8 26
11 12 29
2 5 6
13 14 23
4 6 17
14 15 14
11 12 10
14 14 8
4 6 19
22 0 5
22 23 28
19 21 27
19 21 2
4 6 19
16 17 13
8 8 26
17 22 17
21 23 5
19 22 6
1 2 14
0 1 26
10 13 2
5 7 2
19 21 4
5 6 29
14 17 9
18 20 30
6 7 28
9 12 4
17 21 22
9 11 13
9 13 9
16 17 17
11 15 25
20 23 22
14 15 13
22 22 18
17 20 15
22 22 27
15 18 5
21 23 7
15 18 2
7 7 28
15 16 4
1 2 1
9 13 30
4 6 4
13 16 9
18 20 21
16 18 30
5 9 14
22 1 11
0 2 20
11 13 18
7 9 3
19 21 24
3 3 27
16 19 19
13 16 28
10 12 13
1 2 23
10 12 22
17 20 25
18 18 13
1 5 2
10 12 26
7 9 18
7 10 30
15 17 13
5 8 27
3 5 11
16 18 30
22 1 6
14 15 16
0 1 12
17 20 2
13 14 4
3 6 26
8 10 23
23 1 7
6 8 22
11 13 20
20 22 15
3 6 19
0 2 4
5 7 26
23 2 1
8 9 4
4 5 25
17 19 4
17 19 19
7 9 4
8 11 9
18 21 6
20 23 9
11 14 17
1 2 30
15 17 20
18 20 21
15 18 25
10 13 16
4 7 9
17 19 1
13 14 23
3 7 1
10 12 25
15 17 26
11 11 26
7 8 6
16 18 21
1 4 25
10 12 30
14 15 3
4 5 13
12 14 20
3 6 17
15 16 17
17 19 16
2 5 9
5 8 4
1 1 2
4 6 2
4 6 7
9 10 15
21 0 17
1 3 28
1 3 9
5 6 19
9 10 6
22 23 29
9 11 17
12 16 14
3 7 26
15 19 29
15 17 14
18 19 21
21 2 4
7 10 23
3 4 9
0 0 11
0 1 25
1 5 15
8 11 11
6 7 19
0 1 21
19 20 10
16 16 28
16 17 3
10 11 25
11 16 12
5 7 29
9 11 14
19 21 13
17 20 11
11 13 21
2 3 25
14 15 6
1 5 3
0 2 10
14 16 15
1 3 7
15 18 12
19 21 20
11 13 7
17 19 15
9 12 1
11 12 20
8 11 23
14 16 3
11 13 24
10 12 22
10 12 16
8 9 26
10 11 8
8 10 26
5 7 26
15 17 29
11 13 14
7 8 13
19 21 9
23 1 26
1 3 27
5 7 29
8 13 8
17 19 23
21 0 5
21 22 9
15 16 19
8 12 26
17 20 15
8 9 20
12 15 20
14 16 5
15 17 19
18 21 16
17 18 1
16 19 9
10 12 17
22 1 9
11 13 30
13 14 4
14 18 22
13 17 21
0 2 23
14 18 19
2 3 15
9 9 12
14 15 8
22 0 30
14 16 5
0 2 23
8 11 28
20 21 28
10 12 30
16 19 4
16 18 12
0 3 28
10 13 5
5 6 3
7 10 12
3 4 16
17 18 9
15 17 12
22 0 25
11 14 5
17 18 22
13 15 1
3 5 19
3 4 27
8 11 10
14 17 5
6 7 10
12 13 17
9 9 16
18 21 24
18 20 23
21 23 15
21 22 12
22 23 8
17 20 11
7 8 10
5 6 21
22 23 2
12 14 3
4 4 4
5 6 12
19 21 30
6 7 13
18 20 6
5 9 13
15 16 19
20 21 8
13 14 19
20 21 23
23 3 5
6 7 10
18 19 2
20 22 12
2 7 6
19 23 15
0 2 4
9 10 17
9 12 4
4 6 28
21 22 6
9 11 1
13 17 18
10 12 11
20 23 13
13 15 1
2 3 17
23 1 5
17 17 10
10 14 6
11 12 10
1 4 27
23 1 12
2 3 12
9 11 23
5 7 24
20 23 15
16 18 22
6 8 10
18 21 8
6 8 20
1 3 4
17 20 16
2 4 5
22 22 10
15 18 23
5 8 18
4 5 13
14 15 3
17 18 8
11 13 19
11 14 2
6 9 10
10 12 29
7 8 19
1 2 15
21 23 15
17 20 15
20 21 6
5 7 30
5 8 6
10 12 9
14 16 8
18 20 6
12 16 5
6 9 24
19 22 12
12 15 15
15 15 25
21 21 16
7 8 27
13 14 19
5 6 27
11 13 30
5 8 14
0 3 27
21 22 12
7 10 4
4 6 6
17 19 9
4 4 12
5 7 14
9 11 12
2 3 2
14 16 22
0 3 14
1 3 25
23 0 17
1 3 28
7 8 17
10 11 11
23 3 6
22 0 13
21 23 25
17 18 22
23 1 11
6 7 28
12 17 20
22 1 6
5 6 18
5 8 14
0 3 19
16 17 9
3 7 7
7 8 12
19 20 30
6 9 4
6 9 9
8 9 17
2 3 26
19 21 23
12 16 20
16 18 7
17 19 6
23 2 9
0 2 26
3 4 9
0 2 2
18 18 22
22 22 12
22 2 9
15 18 14
23 1 26
19 21 10
9 11 24
23 2 6
20 21 17
10 12 23
3 5 3
1 4 16
17 18 15
23 2 15
5 8 29
3 4 28
12 14 25
17 19 7
1 4 22
11 14 26
12 14 29
17 20 1
11 13 19
15 16 20
17 20 23
2 5 4
12 14 30
5 7 26
6 8 25
22 2 8
13 14 8
7 9 18
0 2 1
0 2 9
1 4 16
17 20 5
23 1 20
22 22 15
9 11 17
20 22 12
7 9 1
7 8 19
22 0 27
22 0 2
14 15 14
1 4 28
3 5 20
13 14 10
17 18 3
22 0 14
13 16 8
20 22 11
16 18 27
0 4 15
20 23 11
19 21 21
21 23 4
19 21 27
20 21 14
13 15 8
6 9 22
20 1 4
14 14 12
23 2 19
19 20 8
1 4 30
4 4 21
20 21 22
12 15 13
8 10 9
3 5 13
23 1 5
8 11 5
20 23 1
0 3 10
23 1 12
13 16 5
4 7 30
9 10 9
14 15 20
12 12 8
12 14 7
0 2 23
10 14 24
16 17 12
9 10 5
14 15 21
21 23 11
13 14 15
14 16 17
10 11 6
22 2 29
6 6 20
3 6 23
0 2 5
4 6 10
18 20 13
21 20 3
4 5 18
7 9 27
0 2 7
12 15 1
7 10 12
14 16 20
3 3 20
16 15 17
1 3 25
11 14 19
12 14 17
14 15 3
16 20 15
19 20 10
1 3 20
2 4 6
9 11 1
3 5 12
14 17 2
16 18 4
20 0 23
0 3 1
15 17 6
16 19 24
6 7 22
19 21 25
8 11 5
2 3 6
23 1 16
19 22 16
10 14 21
18 21 25
15 16 25
13 16 9
11 12 11
18 19 4
17 19 30
4 7 5
5 6 6
15 17 14
18 19 5
21 0 1
20 21 17
3 5 8
3 5 12
3 5 19
17 21 18
5 7 14
3 5 22
22 0 17
8 8 23
13 16 3
4 7 17
1 3 28
19 20 3
21 22 16
14 15 22
13 14 26
9 12 26
5 6 19
22 22 28
3 5 29
15 18 3
5 8 21
4 6 2
9 13 12
7 8 22
22 23 12
20 23 5
1 3 5
1 3 8
5 7 7
22 0 10
18 22 13
9 11 9
17 18 13
3 3 9
17 19 5
7 11 16
3 5 29
11 13 27
21 22 10
17 19 24
2 3 18
11 14 4
16 18 15
18 19 19
3 5 14
22 1 27
10 12 21
19 22 25
2 5 14
15 16 26
7 7 29
9 10 23
5 8 30
15 14 26
16 17 16
18 22 2
12 16 4
8 9 23
22 0 14
4 6 27
7 9 27
15 17 14
4 5 13
21 21 5
18 19 14
15 18 21
18 19 18
22 0 12
5 7 24
1 3 4
17 20 27
0 3 22
3 5 7
6 8 2
12 14 28
21 22 23
5 8 7
0 3 25
22 0 9
4 6 26
23 23 11
21 22 3
15 17 15
1 2 12
6 8 4
9 11 23
3 6 26
3 6 25
8 8 11
23 2 7
13 16 10
8 10 11
12 13 22
3 4 8
12 15 14
21 23 16
6 9 24
16 18 24
3 7 15
5 8 4
19 20 28
21 23 13
1 3 4
20 21 20
15 16 8
1 3 21
3 6 1
9 9 16
15 19 14
20 22 4
18 19 4
5 5 28
19 23 14
17 18 12
1 3 15
0 0 25
23 0 7
21 23 1
10 13 15
15 16 23
3 6 18
11 13 9
6 8 7
16 18 24
20 23 19
18 19 27
11 14 18
2 3 21
18 20 3
14 17 26
10 12 27
23 2 29
22 23 26
7 8 1
3 6 29
14 17 15
0 2 20
6 9 30
16 18 24
11 13 1
0 2 10
11 13 5
12 15 12
5 7 7
5 6 25
8 10 23
22 22 2
22 0 29
22 0 1
18 20 4
6 9 16
10 11 14
10 13 24
15 16 4
17 20 22
5 8 6
2 4 4
22 0 8
6 9 2
5 7 20
9 10 2
13 14 8
16 17 29
20 20 23
5 8 23
11 12 21
11 13 26
10 11 21
14 16 9
20 22 4
13 16 23
4 5 16
7 10 22
19 20 12
17 19 26
23 1 3
0 2 15
15 16 23
21 22 10
8 10 22
1 2 20
8 10 5
22 1 1
19 20 29
18 20 24
6 6 13
23 0 25
7 10 7
12 14 13
10 10 7
12 15 9
2 4 30
22 0 6
10 13 17
3 6 29
0 3 20
18 19 14
14 17 15
17 20 19
9 9 21
10 13 9
2 4 8
23 23 23
2 6 15
12 14 18
20 22 24
15 17 20
5 7 9
0 1 3
11 14 6
19 22 27
22 23 27
0 5 19
6 7 9
17 19 13
6 7 13
14 15 8
15 17 19
4 7 22
15 17 1
7 9 26
22 0 29
7 9 22
7 9 12
23 1 4
5 6 9
22 1 13
23 2 7
20 22 15
18 21 9
16 19 27
23 2 23
22 22 18
12 13 7
5 7 29
20 22 2
6 7 23
3 5 29
12 12 8
4 7 24
10 11 7
11 13 23
17 19 28
13 15 18
0 4 29
7 8 27
19 21 13
3 3 6
4 6 8
9 8 2
17 19 11
4 7 15
5 7 24
18 20 19
18 20 20
1 3 19
22 23 6
18 21 4
12 15 15
16 18 5
3 5 27
18 22 11
13 16 11
16 19 2
22 23 14
2 3 3
12 14 16
21 0 12
9 11 18
19 20 28
19 22 3
20 22 18
0 3 6
19 21 24
10 12 6
18 19 4
14 16 23
13 13 19
16 18 8
21 0 4
7 10 19
10 13 19
6 8 20
1 3 17
11 14 27
11 13 21
15 16 24
4 6 3
17 19 14
12 14 28
0 3 6
11 12 18
9 11 17
15 19 15
9 10 27
20 23 7
22 1 18
19 21 23
14 16 27
12 15 17
3 5 2
3 5 16
19 20 23
17 19 28
12 16 27
23 1 18
1 4 27
8 10 25
21 23 7
21 23 26
9 11 11
20 23 27
23 1 18
13 14 28
22 0 1
6 9 7
11 14 3
6 8 17
4 4 5
19 22 16
6 7 20
19 22 5
18 21 6
7 9 24
10 13 24
20 21 6
3 4 17
18 20 25
16 19 6
22 0 19
16 17 17
15 17 4
4 6 25
13 15 1
17 18 25
0 2 14
16 17 3
10 14 3
9 10 6
7 8 3
22 23 4
7 9 17
13 16 23
15 18 19
13 13 14
5 6 12
11 13 10
3 6 28
0 1 22
9 10 23
2 4 30
10 11 21
0 1 13
12 15 6
10 11 27
21 22 11
22 0 3
13 15 18
19 21 17
23 3 21
12 15 4
13 15 25
2 4 14
6 8 26
6 8 23
17 19 17
9 11 13
16 19 28
13 15 16
22 0 21
19 22 19
10 12 13
13 15 25
7 9 7
13 15 5
10 12 20
23 2 24
1 3 20
14 17 22
2 4 15
17 18 12
6 7 10
7 10 5
8 10 21
10 13 21
9 12 11
12 14 1
15 19 28
13 16 21
19 21 30
19 22 8
18 19 20
18 19 28
8 10 17
10 12 30
6 8 14
17 19 30
16 18 8
5 7 20
15 18 17
3 6 3
21 22 30
17 20 4
2 4 11
16 18 2
21 21 9
23 2 28
0 4 13
14 15 2
15 17 19
9 9 29
1 1 10
3 4 19
8 9 30
3 5 6
8 8 6
0 1 30
3 6 18
13 14 28
12 13 5
9 10 28
22 0 30
14 15 20
13 15 17
11 11 6
1 2 27
16 17 25
7 8 19
17 18 10
21 0 29
1 4 10
20 21 21
10 14 17
14 18 19
14 15 10
15 18 10
22 23 15
13 14 8
20 22 6
20 23 23
20 22 3
18 21 29
12 15 16
0 1 27
11 14 22
12 14 4
11 14 16
14 17 30
23 1 10
20 21 26
22 23 2
16 17 11
0 0 21
8 11 30
18 20 11
1 2 2
6 8 22
10 13 9
3 3 10
14 17 2
21 0 14
0 2 9
6 6 9
15 17 6
8 8 4
23 1 25
11 13 26
19 20 21
11 13 13
6 8 13
13 15 16
0 3 13
15 18 27
1 2 5
6 8 26
10 11 4
20 20 3
13 15 21
5 7 5
23 23 9
8 9 1
9 12 12
1 3 10
14 16 15
23 0 12
10 12 20
13 13 27
13 16 16
11 14 9
21 0 2
5 7 11
19 23 6
6 7 9
13 16 20
17 20 23
5 7 6
19 20 2
3 4 20
7 8 21
6 8 16
10 11 23
2 4 22
22 23 7
19 20 27
17 18 12
5 7 18
13 14 28
16 19 24
14 17 17
18 20 13
23 2 1
3 5 3
19 22 16
12 14 15
18 19 8
10 13 21
16 19 25
4 5 19
22 0 15
15 17 26
2 5 21
5 6 20
3 5 25
3 7 20
7 10 6
22 1 16
6 8 29
8 10 17
15 17 11
8 9 20
16 18 30
13 15 6
17 19 6
17 20 8
19 21 8
17 19 12
4 6 17
15 17 21
4 6 18
9 10 4
18 19 17
9 11 15
3 5 7
18 20 11
4 8 2
21 0 12
20 22 23
11 11 14
11 15 1
6 8 15
0 1 10
11 12 15
6 7 12
5 6 7
14 15 4
11 13 25
16 18 1
15 18 19
5 8 8
11 14 2
5 7 1
23 0 6
10 11 15
9 11 19
16 19 19
10 12 24
14 16 29
15 17 12
11 13 13
4 5 23
21 21 19
19 20 26
3 6 2
19 21 20
19 21 28
6 7 10
14 15 22
5 7 15
12 14 13
10 12 14
13 16 5
0 0 4
4 6 26
17 19 10
1 1 20
19 20 11
15 17 20
1 3 26
21 22 2
12 14 17
3 4 18
6 7 13
20 22 15
15 18 3
18 20 7
5 8 25
17 18 17
10 12 30
0 2 23
20 0 16
18 21 5
11 15 20
14 17 14
21 23 19
6 7 18
18 21 9
23 2 9
16 18 29
8 10 15
13 14 3
21 21 15
21 22 1
15 18 18
9 11 11
11 12 7
1 4 21
15 19 14
22 1 8
5 8 4
23 1 8
12 14 3
21 22 24
12 14 22
8 11 5
18 20 27
2 4 12
20 22 17
15 18 12
17 18 13
22 23 29
1 4 28
0 3 9
2 3 23
14 14 17
0 2 14
8 9 25
21 23 5
0 2 22
8 11 12
0 1 30
15 17 2
0 3 18
0 3 25
16 19 15
9 11 27
21 1 1
7 9 14
6 7 3
13 13 11
2 4 16
20 22 5
7 7 14
12 13 10
21 23 13
21 23 15
8 11 5
16 17 28
20 20 26
4 5 25
2 4 22
17 18 2
18 21 21
3 3 26
2 3 7
12 13 14
16 18 15
13 14 23
19 21 17
17 19 30
17 20 21
23 23 1
1 2 27
18 20 2
18 21 12
14 15 7
9 11 22
9 12 5
15 20 13
20 21 1
22 23 28
5 7 3
22 0 10
7 8 26
0 1 22
20 21 10
15 16 15
10 12 11
19 21 28
15 18 28
10 11 24
13 15 6
18 22 24
4 6 15
7 12 6
4 5 24
2 3 1
0 4 17
3 6 16
10 12 22
11 14 10
23 2 10
4 6 2
12 15 3
1 4 12
14 14 10
7 8 11
14 15 19
21 22 2
20 21 24
10 14 10
20 20 7
13 16 11
3 3 16
10 11 16
20 22 6
14 17 9
21 23 19
15 15 8
13 17 11
8 10 15
17 19 27
20 23 10
2 4 26
14 15 18
15 17 25
20 21 21
9 11 2
16 18 27
15 16 11
15 19 18
21 23 1
20 20 3
18 20 30
9 11 12
2 5 23
9 12 4
1 2 3
16 18 23
19 22 15
12 12 5
6 8 1
17 17 20
16 19 29
15 17 26
12 14 13
21 22 21
10 11 20
6 7 4
0 3 14
2 4 1
15 17 21
8 9 2
14 15 18
18 17 6
16 20 13
4 7 11
8 11 30
1 4 3
7 7 9
1 3 16
16 17 28
10 10 16
8 10 28
5 5 3
21 0 9
14 17 12
3 2 2
1 3 5
16 17 4
18 21 23
0 2 14
5 8 10
4 7 4
14 17 17
20 21 16
21 23 19
19 22 9
5 5 26
4 6 20
23 0 11
14 16 28
15 16 24
6 9 27
13 15 8
16 16 29
1 3 15
22 1 8
13 15 26
7 7 12
1 4 9
15 17 27
12 15 13
20 22 13
13 15 26
6 8 7
9 11 21
7 10 22
6 11 18
5 7 10
19 21 3
19 23 5
22 0 20
16 17 27
7 7 10
18 20 25
0 1 5
15 16 9
6 8 1
4 4 21
17 18 18
12 14 6
10 12 8
7 11 11
9 13 17
20 22 24
0 2 27
17 19 28
0 0 27
14 16 23
8 10 8
4 7 7
0 1 14
7 10 22
15 18 20
18 20 6
12 17 3
7 10 24
18 20 7
19 21 22
14 16 2
7 7 15
17 20 6
2 4 9
11 13 30
11 13 1
9 11 7
10 10 9
9 12 22
18 19 19
19 22 27
2 6 10
18 20 21
20 21 9
13 14 23
17 17 4
7 10 26
13 15 20
13 16 21
19 22 18
14 19 11
7 10 28
23 2 5
19 22 10
1 4 6
19 19 10
5 7 11
12 15 17
13 15 24
19 19 17
14 17 17
3 5 27
4 5 8
1 3 1
7 10 29
19 21 23
3 7 28
11 13 3
7 9 5
20 23 18
7 8 26
14 16 20
23 1 28
3 4 26
0 1 30
3 5 30
10 13 23
15 17 9
1 5 2
20 20 12
12 14 9
17 20 22
7 8 22
15 16 15
16 18 4
13 14 1
15 19 1
17 19 28
19 22 11
5 7 16
3 5 28
18 20 10
21 22 26
16 19 24
11 12 17
20 21 25
22 0 5
12 14 22
12 11 24
6 9 27
8 10 18
8 9 9
16 17 11
16 18 8
20 22 12
9 9 10
0 2 14
6 8 2
9 10 15
2 5 18
5 7 2
6 10 15
14 16 12
9 11 5
15 18 13
16 19 6
20 22 17
8 9 21
8 10 11
19 20 26
11 13 24
15 17 14
20 22 29
6 7 25
22 0 18
7 8 7
18 20 6
16 17 23
1 3 20
3 5 29
10 12 7
1 3 8
7 11 30
14 17 20
6 10 26
6 6 15
1 3 10
19 20 27
9 11 2
6 8 15
23 0 12
11 15 26
12 14 7
18 20 29
10 11 4
12 13 21
9 13 10
10 11 12
9 11 27
21 23 29
6 7 25
18 19 12
3 5 5
6 8 20
3 6 16
13 15 22
22 0 22
18 20 17
14 17 24
4 7 8
11 12 16
2 4 15
1 2 5
20 22 26
22 0 19
20 21 5
3 3 29
15 18 22
23 0 25
22 1 11
19 22 4
18 20 16
20 23 26
4 6 10
10 10 11
7 10 19
22 0 13
22 23 22
3 5 17
6 8 4
3 5 3
1 2 19
12 13 24
19 21 21
1 4 21
1 3 1
5 7 10
7 10 8
9 12 11
6 8 12
14 15 24
22 2 25
15 16 8
12 14 3
4 5 8
23 1 9
7 8 1
5 6 16
5 8 17
14 16 12
5 6 13
1 4 24
19 22 12
7 11 12
5 8 12
22 1 15
8 11 10
17 19 21
10 11 15
1 2 30
9 10 11
21 23 26
20 20 12
5 6 17
9 12 18
4 5 17
5 5 8
14 15 14
20 22 10
13 16 1
15 19 29
22 22 7
15 16 18
4 6 12
6 8 8
5 6 8
6 8 11
0 1 24
17 18 10
20 23 29
14 16 15
6 9 4
18 19 5
0 1 4
5 8 7
11 15 3
4 6 23
14 16 15
20 22 14
20 21 21
16 18 2
4 5 24
10 12 23
7 9 14
1 5 4
10 13 11
14 15 24
2 3 18
20 21 5
10 12 20
23 1 12
9 11 18
4 5 22
12 14 6
11 14 1
15 18 12
0 1 17
5 7 1
18 22 28
14 15 11
13 15 12
0 2 2
0 3 27
22 1 22
16 16 20
