4650 30
6 9 13 12 21 19 2 22 30 14 9 4 14 20 20 29 4 10 13 1 1 29 21 20 12 5 29 20 26 15 
6 7 21
9 11 12
1 2 9
9 10 29
9 12 8
17 20 11
18 20 23
15 15 30
22 23 29
0 2 25
21 22 30
22 0 4
23 2 28
21 0 5
8 10 14
14 16 7
17 20 17
13 14 17
5 8 5
10 12 10
4 6 19
19 22 19
19 21 28
0 3 20
21 0 28
1 2 17
14 16 18
12 15 28
18 19 9
3 4 27
12 16 3
14 16 21
1 2 14
5 6 13
23 0 25
8 9 2
8 11 22
5 8 9
13 13 27
3 5 22
2 5 25
12 14 10
14 15 24
14 16 30
20 23 9
21 0 18
12 15 26
0 2 27
9 12 21
8 9 16
3 5 12
3 4 24
10 12 30
2 6 7
16 17 24
21 23 6
18 20 2
20 22 21
7 9 29
9 11 28
15 17 3
20 19 29
6 9 5
20 21 13
20 23 17
9 9 20
16 17 22
23 2 28
19 21 2
8 10 9
5 6 24
5 7 11
6 9 18
21 23 22
23 2 4
4 6 7
4 7 10
3 7 22
22 23 18
14 14 23
6 10 23
0 4 18
5 8 29
10 13 25
12 14 14
0 1 24
12 15 28
8 10 1
21 23 6
22 23 13
0 2 10
1 5 16
12 14 28
23 0 18
15 18 8
20 22 16
16 19 29
6 8 16
14 16 13
2 5 28
0 3 28
20 21 20
1 4 7
5 8 7
4 5 25
21 21 23
4 3 15
21 22 23
4 6 13
8 10 7
21 23 13
16 16 22
5 8 13
15 15 15
16 16 10
14 16 13
0 2 12
23 1 13
8 11 8
21 23 22
14 17 4
8 12 22
22 0 20
1 1 3
22 0 12
15 17 24
8 8 12
9 9 7
6 7 28
0 3 11
17 19 7
9 12 16
7 8 23
13 15 30
20 22 29
16 17 19
4 8 24
17 19 25
22 23 24
4 6 20
18 21 12
12 15 24
20 20 10
20 19 5
4 6 25
10 11 9
9 13 21
15 17 5
22 0 5
10 12 26
23 1 9
10 12 5
9 12 6
23 23 10
3 6 24
2 3 6
17 20 4
2 4 28
11 13 8
23 2 12
12 12 22
13 15 7
7 8 9
20 21 18
5 11 22
12 14 17
14 16 29
3 4 22
18 21 23
13 17 26
12 15 14
21 22 5
22 0 3
14 16 11
11 14 7
23 0 18
4 7 17
1 5 18
4 7 11
7 8 12
10 13 15
7 8 14
21 22 8
2 4 17
16 19 17
2 5 17
18 21 10
0 0 7
17 18 12
21 0 21
16 19 2
14 17 20
7 9 5
17 17 9
1 4 4
7 9 2
0 3 3
3 4 14
3 5 21
8 10 29
2 4 15
11 12 23
8 10 19
20 22 7
2 7 19
11 14 2
0 1 23
5 6 8
2 4 1
11 13 28
13 14 3
11 12 29
17 21 30
0 3 24
7 7 30
22 1 21
4 6 16
11 13 29
2 5 30
21 22 3
3 5 25
1 3 15
19 19 6
1 3 11
0 2 19
4 6 17
7 9 14
21 22 28
9 11 11
18 19 15
22 1 21
9 10 21
11 12 1
10 13 4
7 9 19
21 21 28
11 14 7
17 18 23
7 9 25
0 0 10
8 12 25
8 11 13
21 0 12
15 17 14
15 17 15
12 14 26
2 4 4
14 17 1
3 5 26
10 12 2
14 16 23
2 5 18
11 13 14
18 20 30
13 15 2
18 20 21
2 3 30
19 21 28
18 21 29
4 6 6
10 14 14
19 20 18
3 5 5
20 20 25
2 4 20
7 8 25
20 22 5
0 4 26
6 10 10
0 2 17
23 1 3
20 22 19
11 12 16
13 15 16
19 21 6
17 20 6
19 20 29
17 18 23
3 5 20
1 4 27
12 12 3
18 21 26
12 14 12
0 2 9
17 18 25
10 12 18
9 12 13
9 10 4
11 13 8
4 6 14
7 11 22
17 19 15
18 21 14
6 6 18
11 13 5
9 10 1
11 13 15
1 2 17
5 7 12
7 10 20
22 1 10
3 5 23
9 10 15
10 13 10
23 1 15
15 18 29
2 4 9
16 18 30
10 11 6
17 19 26
21 22 24
5 8 18
8 11 18
6 8 26
18 18 21
0 2 26
18 19 30
0 3 29
14 17 18
6 9 7
1 2 3
12 15 14
20 22 13
3 5 10
0 0 10
21 23 25
18 21 24
5 6 27
7 9 18
6 9 19
0 2 25
18 19 24
7 7 5
0 4 9
4 6 28
17 19 7
10 12 4
23 0 27
12 15 20
17 20 7
15 17 5
16 17 13
7 8 2
23 1 30
2 3 7
22 1 5
17 19 28
9 11 9
23 2 10
21 1 23
13 16 8
22 0 22
6 9 18
8 10 28
7 9 15
2 5 27
15 17 24
8 9 29
1 4 13
7 9 26
22 0 12
3 8 25
18 20 1
16 18 12
14 17 28
5 7 10
7 9 28
11 13 28
12 12 29
10 12 3
21 1 3
2 5 8
9 13 16
14 16 20
17 19 2
5 9 27
19 21 2
2 3 4
4 6 28
3 4 2
17 18 6
7 8 24
1 3 14
6 8 29
6 6 4
12 13 11
19 20 29
9 11 21
13 15 14
22 23 6
16 17 9
22 2 3
9 8 17
6 7 13
18 19 8
13 14 17
2 4 21
14 15 16
23 2 30
3 6 4
15 17 10
9 9 12
1 2 10
23 1 16
19 22 26
11 14 11
6 10 8
11 13 30
8 9 1
17 19 21
13 14 4
9 10 12
5 6 21
0 1 16
13 16 15
5 7 28
8 10 14
1 4 27
0 5 17
20 0 30
15 14 9
1 2 18
0 1 2
9 12 8
0 1 5
13 14 28
12 15 27
1 4 18
16 18 19
6 10 22
4 7 20
17 19 8
7 9 6
5 8 16
9 10 27
9 12 30
8 10 9
20 22 4
23 0 1
8 10 23
18 21 3
23 1 20
9 10 2
5 8 25
3 4 28
22 0 18
22 1 26
10 12 9
11 11 14
23 1 8
8 11 19
12 15 25
22 23 29
22 0 26
9 11 16
2 2 14
8 12 10
5 7 19
11 13 2
21 23 28
2 4 16
0 2 18
12 15 12
11 13 22
11 12 19
19 21 22
23 0 1
16 17 21
3 5 2
18 21 22
11 14 1
1 2 26
21 23 29
14 17 30
17 17 17
8 10 14
15 18 27
7 9 28
21 22 11
3 5 17
17 22 7
18 20 13
0 3 4
23 0 3
14 16 18
19 21 24
4 5 6
4 6 1
5 6 26
3 7 17
15 15 25
12 14 14
8 11 23
1 3 24
4 6 20
6 7 24
2 4 8
1 1 20
21 22 11
18 19 11
16 18 29
2 3 13
19 22 24
21 21 5
6 7 23
11 14 16
13 15 10
0 0 11
7 8 18
10 11 14
9 11 7
23 2 16
1 3 21
4 5 16
9 12 7
13 15 24
15 17 22
9 11 17
13 15 30
9 10 17
5 8 4
12 16 26
13 16 26
23 1 10
5 7 19
19 21 28
4 5 17
16 19 22
19 20 17
6 10 29
3 5 7
0 4 21
18 21 11
21 23 17
14 14 23
9 10 5
11 13 9
17 17 11
12 12 8
7 9 27
10 12 3
10 13 5
18 20 26
4 5 9
7 10 13
14 16 13
4 7 25
15 18 26
23 1 11
3 5 30
19 22 4
3 5 21
2 4 22
14 17 24
7 10 12
0 4 6
17 19 11
15 17 15
21 0 10
19 20 30
0 4 11
16 19 4
17 19 9
7 8 22
21 0 2
20 22 15
10 13 13
9 10 26
0 1 7
3 4 11
15 16 5
9 12 25
12 15 28
11 14 30
16 18 18
0 3 4
7 10 8
7 10 16
14 16 1
2 5 30
14 17 22
22 0 27
3 3 29
19 22 5
17 18 22
22 0 7
11 14 7
21 0 16
11 14 18
13 14 7
0 2 6
10 12 16
21 22 27
4 5 22
16 18 5
16 19 16
6 8 6
21 23 15
10 12 14
10 12 11
21 22 2
8 9 10
16 18 23
10 9 11
3 5 18
10 12 8
2 5 26
0 2 29
7 10 15
12 12 8
17 20 23
4 8 23
1 4 21
16 19 17
8 11 20
13 15 10
22 2 25
18 19 8
8 13 30
19 21 16
3 4 30
6 8 14
12 14 29
17 19 24
22 0 4
8 10 26
14 16 2
3 4 7
18 20 14
13 14 11
4 7 6
17 19 13
12 14 2
21 0 9
8 11 5
19 22 26
2 4 24
14 16 24
20 22 8
10 11 27
1 3 28
2 5 9
18 20 28
9 11 3
9 13 14
1 4 6
19 23 5
16 17 17
14 15 8
15 17 23
5 6 15
21 0 15
3 6 17
11 14 24
12 14 16
2 5 24
7 10 30
3 4 28
4 7 1
23 0 29
14 17 9
6 8 30
13 14 21
10 14 18
3 4 3
13 16 4
23 1 6
5 8 12
11 13 25
8 9 9
17 19 18
11 13 28
23 0 26
22 0 26
18 21 14
14 15 4
11 13 1
11 13 17
5 6 12
16 19 6
5 5 7
11 13 5
20 23 21
18 21 15
10 12 22
13 14 14
2 4 19
16 19 2
7 9 24
22 0 4
10 12 13
4 6 17
7 8 28
14 16 8
3 5 4
5 8 20
15 18 16
21 23 4
7 9 10
2 4 20
9 10 2
0 2 17
19 23 29
13 15 22
14 15 13
20 22 26
23 23 8
9 12 9
8 11 16
22 1 20
17 20 15
20 21 10
18 21 14
5 5 12
11 12 19
15 16 22
3 4 30
10 14 29
19 20 1
5 6 30
21 23 7
5 5 11
12 13 2
20 22 21
14 16 5
22 0 1
22 0 23
4 5 6
2 3 28
11 12 14
7 9 4
20 22 7
2 5 8
6 7 9
12 14 21
10 13 30
12 13 30
11 14 11
7 10 27
15 17 21
14 17 2
4 6 19
2 5 23
8 10 20
14 17 26
5 5 15
4 6 15
11 13 19
16 19 8
10 12 23
1 4 22
4 5 15
12 14 3
17 20 25
12 14 16
5 8 3
16 17 1
15 15 20
4 6 1
2 4 8
2 4 20
2 4 13
2 5 13
12 14 15
7 8 17
10 12 18
10 11 26
13 17 27
3 3 13
3 4 10
17 17 11
14 18 23
0 3 19
14 16 27
10 13 30
18 20 8
17 19 21
14 17 21
7 9 13
1 3 21
18 19 18
15 17 29
15 19 30
0 1 15
16 18 28
13 15 2
16 17 24
18 20 20
1 4 2
9 12 11
7 8 4
8 8 11
21 1 26
20 20 27
16 18 24
3 5 2
16 16 17
14 15 5
15 16 18
0 1 22
10 12 4
6 7 25
13 14 2
1 1 13
12 15 22
18 21 14
19 23 15
6 8 14
2 4 15
3 6 6
20 21 23
2 6 7
1 3 3
18 20 13
23 1 29
5 8 12
9 12 25
6 9 9
13 15 14
0 3 23
5 6 2
6 6 15
5 6 3
17 20 26
12 13 26
1 2 25
11 13 4
17 17 11
10 12 3
3 6 16
13 15 12
20 20 27
9 10 18
0 3 4
8 8 4
10 13 19
7 9 21
13 16 27
4 7 3
2 4 5
12 15 12
7 8 1
21 0 5
14 17 16
18 20 18
6 8 7
16 19 11
13 16 27
2 5 24
16 20 27
14 17 13
2 2 19
18 20 4
13 16 9
3 5 2
6 8 16
5 8 22
15 16 21
11 14 15
12 14 4
10 12 4
4 4 25
14 17 16
2 4 28
10 11 14
0 2 29
18 20 8
11 13 3
10 10 2
13 15 3
0 0 26
21 23 10
23 2 6
9 11 6
5 7 7
22 0 8
6 9 27
7 11 13
20 21 12
14 16 5
16 18 21
18 20 12
6 9 25
12 15 25
23 1 10
6 9 21
15 16 13
4 6 30
21 23 2
15 18 29
14 16 23
19 21 1
14 16 10
18 20 5
21 23 4
11 13 20
10 13 19
2 3 12
13 15 12
0 1 8
10 12 5
19 21 2
9 10 26
6 7 10
16 17 14
14 17 14
1 1 13
17 18 19
8 10 8
3 4 4
8 12 23
15 17 14
14 16 24
1 2 16
22 23 11
21 0 7
22 0 12
23 1 13
9 9 1
18 20 4
18 22 4
15 18 30
16 18 28
18 22 30
21 23 14
12 13 21
22 0 16
7 10 25
4 6 20
0 2 16
12 15 1
7 10 11
15 17 15
4 6 6
20 22 27
19 21 2
10 13 11
4 7 2
2 6 2
20 21 27
1 3 19
4 7 13
1 3 27
14 15 24
5 7 28
8 10 6
22 0 16
6 8 6
13 13 9
7 9 18
14 16 15
23 2 14
19 21 22
18 21 3
19 21 1
19 21 23
3 5 17
21 21 6
16 19 9
11 12 7
11 13 24
4 5 5
11 14 13
8 11 29
5 6 18
11 12 18
6 6 10
21 23 12
9 11 1
15 17 15
5 6 10
4 6 28
17 20 4
3 4 20
5 6 29
22 0 7
8 10 4
5 8 13
5 6 1
12 13 15
10 14 18
15 17 7
1 4 28
19 20 7
0 1 14
2 5 22
9 10 13
7 8 12
9 10 26
16 18 30
7 9 4
2 5 2
12 14 22
9 11 12
16 18 19
12 14 2
13 14 29
2 4 19
16 17 3
3 4 2
15 17 19
17 19 4
10 12 25
4 7 2
9 12 6
23 1 30
22 0 10
8 9 23
22 23 4
17 19 27
13 16 2
22 0 21
23 1 7
5 7 10
2 2 28
19 20 5
10 11 5
9 10 29
10 11 2
1 4 24
14 16 22
1 1 8
0 4 4
22 22 26
18 21 28
3 4 1
1 2 4
17 17 8
5 8 6
23 2 15
19 21 25
13 14 10
22 0 7
3 6 24
15 16 3
7 9 21
7 10 12
19 19 16
6 9 2
6 8 10
13 14 24
12 13 9
22 23 27
5 8 28
11 13 20
7 9 10
16 19 10
9 11 26
10 11 15
21 23 14
16 18 30
21 0 9
14 14 3
3 5 25
10 12 5
2 3 9
22 0 19
10 11 20
15 17 30
3 6 30
4 6 21
2 3 3
0 4 15
17 19 22
7 10 14
11 14 17
0 2 5
10 13 6
16 19 9
7 8 18
10 15 21
20 21 5
20 20 12
10 13 7
18 20 13
3 4 16
22 0 22
10 12 9
6 9 4
13 15 17
15 18 16
6 8 1
8 9 8
20 22 18
16 18 6
5 7 17
15 16 3
19 21 27
6 10 14
9 13 15
15 19 10
19 21 12
10 13 1
16 16 24
3 6 14
18 20 2
14 16 16
7 9 24
12 14 30
13 15 23
9 12 2
20 23 16
12 13 27
1 3 22
6 9 30
5 7 16
16 18 14
13 17 11
16 19 12
10 10 30
22 0 8
8 11 22
21 0 30
10 12 28
2 3 29
12 13 24
2 5 17
7 8 2
4 6 25
4 6 2
11 14 2
0 1 20
5 7 9
15 18 30
23 1 3
9 10 14
18 20 12
12 13 17
6 8 14
3 4 26
17 19 11
19 21 3
10 12 28
8 12 22
18 21 25
10 12 27
2 4 21
21 23 20
3 6 7
5 9 30
6 8 7
17 18 25
6 9 24
20 23 3
7 11 19
1 3 16
12 15 3
19 20 23
9 11 20
6 9 30
3 5 18
20 23 4
5 6 15
8 9 27
2 4 1
1 2 23
17 19 27
1 4 3
13 15 13
17 19 3
23 2 20
17 21 2
2 4 21
18 20 8
2 6 30
23 3 13
10 12 18
11 13 8
22 1 1
7 9 17
18 19 4
0 1 24
22 0 7
17 19 21
6 7 29
8 9 14
6 9 3
10 12 16
4 7 19
18 20 15
8 10 9
0 3 29
20 22 20
10 12 5
8 11 20
23 1 1
4 6 16
5 6 16
11 14 4
17 21 13
13 15 21
5 8 14
12 13 10
11 13 13
21 22 17
7 10 15
12 13 3
6 9 5
9 13 28
19 19 22
22 23 23
0 2 8
3 4 9
11 11 4
7 9 8
15 16 6
7 8 29
7 8 25
6 8 14
15 17 5
20 22 1
20 22 18
2 4 10
12 15 13
17 19 1
9 11 21
7 8 24
11 12 1
19 20 1
13 14 30
15 18 24
22 0 19
19 21 28
2 4 7
15 17 5
8 11 6
0 1 5
6 9 29
18 21 9
16 17 13
20 22 8
3 6 27
21 22 28
18 21 26
22 3 28
20 22 24
11 14 15
20 22 8
10 12 16
5 6 20
20 21 16
19 20 28
10 13 21
8 11 13
18 21 13
3 4 1
7 9 8
15 20 21
14 16 25
7 8 24
13 14 16
1 3 11
3 3 6
18 21 15
7 10 11
2 6 13
20 21 15
18 22 9
20 21 5
10 12 20
22 0 23
23 1 2
15 18 29
5 8 23
10 12 9
21 23 13
7 10 11
12 15 17
3 8 16
8 11 5
13 15 25
11 13 22
13 15 3
18 20 28
19 20 11
17 21 23
5 8 1
23 1 4
1 3 4
14 15 10
10 13 5
22 0 18
1 2 25
20 22 28
23 2 28
4 7 27
4 6 25
5 6 21
19 21 3
12 15 23
12 15 19
10 12 29
11 13 10
15 16 5
17 20 5
2 5 30
1 2 6
19 20 9
17 19 19
9 11 12
8 12 21
10 13 17
19 21 1
12 15 19
14 17 15
6 6 28
10 11 21
17 21 28
18 21 21
16 19 23
9 12 2
18 20 8
11 11 14
19 21 13
20 22 29
12 15 29
9 13 20
20 22 6
16 19 13
1 3 17
22 0 5
6 9 1
6 9 26
11 14 16
2 5 18
20 21 26
10 11 29
10 12 25
16 16 12
18 20 4
21 23 16
14 17 20
8 9 11
23 2 23
22 0 24
9 10 26
14 17 30
0 1 14
10 11 1
8 10 3
20 21 11
21 23 11
23 1 23
18 19 10
2 4 8
1 5 30
12 14 7
18 23 28
15 17 1
16 17 21
23 2 13
14 17 15
16 18 30
11 13 14
16 18 6
11 13 11
7 11 8
10 12 2
17 19 29
22 0 10
9 12 3
17 19 8
0 1 17
10 12 29
9 11 19
16 18 25
21 0 20
3 5 26
14 16 1
7 10 26
16 17 11
7 9 20
5 8 27
17 20 20
7 8 3
19 23 29
14 15 29
0 2 18
8 11 11
13 13 10
23 1 11
23 1 4
1 4 6
4 5 20
10 11 12
3 6 16
17 20 29
7 9 16
22 1 17
14 17 9
8 9 1
18 19 6
5 8 28
17 18 9
7 7 27
3 4 10
9 12 2
23 23 17
2 4 1
10 11 15
18 19 7
6 10 30
12 14 9
3 3 6
12 14 21
9 11 15
0 3 30
0 2 15
13 16 17
15 18 12
20 1 10
14 18 8
15 16 9
11 14 20
6 8 13
3 5 4
2 4 18
10 11 11
1 2 24
2 4 11
8 11 24
10 12 10
12 13 4
1 3 22
3 6 4
13 17 7
16 18 25
20 21 4
12 15 24
1 4 22
12 14 25
3 3 14
8 10 1
16 18 13
6 8 3
12 14 1
5 8 12
11 12 1
19 21 27
16 19 22
0 3 8
9 10 26
21 1 15
21 0 8
18 19 29
22 23 16
0 4 14
5 9 27
2 5 15
9 11 24
14 15 28
7 9 29
10 12 23
18 21 27
5 9 14
12 14 24
23 2 22
18 19 19
16 19 14
12 13 26
11 11 14
12 15 9
14 15 4
22 0 15
13 14 19
15 16 9
17 19 2
13 15 21
13 13 20
20 20 3
2 4 21
18 19 1
7 9 13
17 18 18
5 7 5
17 19 29
5 7 26
19 21 23
0 3 26
13 14 16
23 0 8
6 9 1
12 12 17
2 4 22
19 22 8
22 0 15
6 9 4
5 7 28
1 4 28
18 19 1
18 20 5
17 20 12
15 19 3
0 3 2
3 2 21
16 18 28
21 23 12
0 2 29
22 1 17
7 11 24
1 3 7
23 23 8
11 12 29
2 4 27
3 5 29
11 9 5
3 7 24
2 4 20
14 16 12
4 6 12
18 20 24
18 20 11
4 6 13
5 9 16
11 13 15
21 0 2
7 10 18
6 9 22
13 15 30
7 11 10
10 12 10
18 20 30
2 3 15
22 0 15
9 12 9
1 3 3
9 12 27
2 4 12
16 20 11
8 10 14
14 15 2
15 16 3
2 3 24
20 21 26
12 16 13
9 12 14
7 9 12
22 2 18
6 9 14
5 7 22
14 15 22
11 11 19
22 0 25
1 3 12
12 16 22
1 4 29
1 1 29
10 11 2
4 6 12
18 19 10
0 2 8
18 22 25
20 23 3
0 1 4
12 15 26
1 2 14
1 4 24
21 23 4
21 22 1
19 21 8
3 6 21
3 4 6
11 15 12
19 21 18
15 15 4
13 16 25
23 2 2
13 15 21
23 1 6
9 10 15
8 11 4
6 9 29
15 17 19
10 13 4
8 10 4
14 16 10
23 2 21
8 11 18
19 21 12
19 20 19
14 16 15
16 19 15
7 10 6
17 19 4
18 20 27
11 13 20
10 12 24
23 1 10
9 10 11
23 1 21
4 6 10
22 0 28
19 21 17
0 1 20
22 23 24
13 14 3
6 7 6
14 16 15
19 21 5
1 2 20
19 22 25
2 2 30
12 12 3
7 10 12
8 12 30
19 19 26
1 4 19
3 6 9
21 22 14
22 23 17
8 10 24
18 20 15
8 11 19
2 3 11
3 5 15
10 13 21
13 15 4
20 21 11
8 11 1
3 6 11
11 13 20
8 9 5
14 17 1
18 20 14
4 7 1
18 18 21
7 7 19
18 20 8
8 10 13
4 8 2
2 4 17
19 21 2
10 12 17
12 14 16
8 10 29
7 10 6
4 6 10
3 7 17
16 19 14
6 8 12
13 15 10
7 9 15
23 2 3
4 7 19
19 23 7
7 10 10
10 11 13
5 7 26
19 18 4
6 10 6
22 0 25
2 3 30
20 22 8
1 3 28
11 14 26
3 6 23
14 17 27
9 11 29
20 21 8
19 19 18
2 4 1
0 1 21
2 3 8
1 2 18
21 23 3
4 5 23
4 7 12
23 0 1
20 23 1
2 5 19
11 14 14
1 4 2
5 6 12
5 6 2
15 15 16
9 9 3
4 4 11
20 21 25
18 21 11
11 12 27
5 7 28
5 9 3
16 17 15
1 5 27
3 4 13
15 17 1
5 8 22
11 11 26
12 14 6
14 15 8
3 4 15
18 22 26
12 15 27
15 18 19
17 19 7
10 10 2
12 14 25
19 21 25
17 18 26
1 2 21
9 11 30
22 0 28
23 1 8
12 14 5
20 0 5
17 20 3
1 3 1
13 16 26
13 15 15
23 2 4
8 9 6
16 18 18
14 16 16
22 1 23
5 7 5
15 16 12
16 17 15
5 8 11
14 16 28
23 2 9
9 12 11
19 0 11
1 1 29
9 11 30
11 13 1
18 21 13
17 18 22
21 1 16
13 14 2
3 6 12
11 14 29
14 15 24
1 2 3
22 0 17
8 10 24
18 23 18
1 4 28
21 23 29
4 5 4
10 13 12
6 8 10
0 1 30
20 22 15
1 1 22
22 0 17
10 14 19
1 4 22
6 9 12
6 6 9
23 1 25
8 12 12
5 8 19
20 22 11
5 6 1
19 21 8
0 1 30
11 11 27
12 16 26
0 4 3
1 5 10
16 17 17
10 12 14
5 8 24
19 20 6
10 13 10
3 5 30
20 22 29
8 10 17
19 21 3
12 13 5
0 3 12
10 11 9
14 15 11
7 8 26
10 12 5
19 22 23
0 3 27
14 16 8
20 21 11
4 8 30
20 21 21
17 18 19
14 16 29
17 18 7
1 4 23
10 13 6
13 15 19
12 12 6
10 13 7
20 22 11
11 14 21
13 14 6
21 22 11
12 14 12
5 9 30
11 14 28
20 22 27
17 19 16
3 5 3
7 9 9
9 10 20
13 13 14
17 18 15
9 9 17
2 5 28
18 20 29
13 17 7
9 10 29
1 3 15
7 9 11
10 11 8
5 10 28
12 13 24
21 1 4
15 18 19
17 20 12
19 0 14
23 4 28
19 21 26
9 11 25
12 12 13
5 7 11
17 20 29
12 14 29
2 4 5
3 6 13
9 10 16
2 3 13
14 17 16
22 0 21
15 16 4
10 12 10
1 4 9
9 10 29
14 16 6
11 13 2
22 23 16
14 16 17
5 7 28
8 11 15
19 20 24
5 8 11
22 0 5
10 13 24
0 2 24
11 13 12
5 8 4
13 14 18
14 17 12
5 6 9
4 5 20
14 16 9
5 6 14
4 6 27
3 4 13
12 13 15
4 6 8
15 16 2
23 23 26
13 15 14
8 9 12
17 19 10
2 4 19
5 7 13
2 4 15
15 18 26
2 3 11
5 7 11
13 14 6
18 19 13
0 2 4
2 5 21
0 1 8
4 5 10
6 8 9
11 13 1
7 9 9
21 22 27
7 9 13
5 6 4
2 5 25
5 7 22
2 3 16
9 12 20
9 13 7
9 10 10
11 14 8
19 21 2
7 8 16
3 4 7
3 6 8
15 19 3
18 19 17
11 13 26
11 14 22
7 9 11
12 11 23
21 0 26
5 6 3
10 13 18
10 13 21
14 16 3
21 23 21
18 20 17
3 6 20
4 5 7
1 5 2
15 17 13
10 11 10
17 20 15
15 17 27
7 9 12
3 5 3
20 23 23
2 4 17
4 6 28
19 22 19
23 0 17
21 23 13
3 4 29
2 3 14
9 12 13
8 10 6
6 6 24
21 23 20
21 23 7
10 13 15
3 4 4
16 18 8
23 1 22
1 2 15
20 23 14
14 16 26
9 11 1
11 13 21
7 9 24
5 6 17
7 9 30
12 13 14
9 11 14
6 9 17
0 1 13
21 0 6
5 8 19
11 13 1
15 19 26
0 2 11
17 19 17
13 16 23
21 23 15
12 14 25
17 20 2
15 17 11
11 13 28
0 2 8
22 22 10
3 6 10
4 6 18
17 20 28
2 4 9
5 5 19
14 17 15
8 9 3
13 14 29
19 19 22
11 12 28
17 18 27
22 2 26
14 16 29
6 9 21
23 1 15
17 19 21
16 18 9
23 1 21
4 5 11
1 2 22
11 13 15
3 6 7
8 9 13
15 18 25
18 20 29
15 18 21
0 1 17
0 3 17
11 13 24
11 13 22
0 1 10
15 16 29
22 2 6
23 23 8
17 18 4
20 22 30
20 21 28
18 19 10
14 16 26
6 8 5
0 4 1
18 19 24
6 7 16
6 6 11
18 19 6
20 0 6
0 0 30
7 8 2
15 18 9
10 13 2
8 10 7
12 15 29
13 16 18
20 20 26
18 19 30
14 16 24
19 20 15
18 20 23
0 2 18
18 18 12
23 2 26
23 3 21
23 1 6
16 16 1
19 21 15
9 10 9
18 18 7
13 15 24
22 22 17
0 1 29
7 9 18
13 16 22
9 11 3
3 5 3
1 4 29
1 3 16
22 1 15
20 21 2
0 2 5
20 20 3
10 12 13
2 5 27
22 0 3
18 20 28
22 23 5
5 5 11
14 17 18
9 12 10
18 19 14
13 15 16
20 22 18
11 11 30
1 4 15
23 1 10
5 6 8
3 5 10
3 5 26
17 19 3
18 20 25
10 11 25
15 16 22
0 1 20
11 13 19
2 5 26
13 15 3
3 5 30
0 1 28
3 7 2
2 4 19
22 0 25
17 20 28
14 18 14
8 6 3
9 11 11
6 9 17
11 13 7
19 22 6
10 12 27
18 19 15
7 8 24
22 0 30
20 21 28
7 8 30
6 8 6
0 3 28
1 3 7
3 5 4
5 6 24
18 21 8
7 10 25
11 13 24
12 13 11
13 14 4
21 23 26
19 21 6
13 15 8
11 14 7
8 10 18
9 9 17
11 13 12
22 1 15
19 22 18
0 2 16
17 16 20
7 10 19
4 6 20
19 20 30
11 14 20
9 11 7
18 19 3
16 17 22
3 6 29
0 1 29
23 1 10
3 6 4
5 9 14
7 10 9
8 11 27
0 1 19
16 18 17
23 0 27
19 20 6
14 16 30
5 8 17
8 10 16
6 7 8
8 11 20
8 9 30
0 1 29
1 2 12
14 16 23
14 15 30
2 5 3
14 16 9
4 4 16
15 18 22
2 4 6
2 3 25
11 11 5
21 23 8
19 21 4
3 5 18
19 21 12
16 18 30
10 12 11
0 2 23
5 8 21
4 6 15
9 11 11
9 12 4
21 22 18
0 1 20
9 10 25
1 5 5
6 8 17
1 3 7
16 19 12
20 22 23
9 12 15
22 0 23
4 6 26
8 9 25
0 3 19
10 13 18
0 3 6
8 10 13
3 3 20
18 20 20
19 20 27
17 19 2
6 9 19
0 2 28
1 3 8
6 8 3
18 20 14
16 19 7
0 1 7
0 3 24
1 3 22
17 21 12
22 2 17
5 7 17
7 10 16
23 3 7
4 6 4
16 18 2
11 13 16
0 3 20
18 19 15
17 22 5
17 19 14
20 23 11
16 18 11
14 17 4
20 21 25
0 2 4
15 17 30
17 18 14
5 7 7
3 5 14
9 13 7
15 16 16
9 13 15
6 8 13
19 21 5
9 10 16
14 15 4
8 11 14
14 16 9
22 22 14
4 7 6
14 17 7
10 14 6
21 23 3
10 12 5
8 9 2
16 18 16
10 11 28
9 11 26
23 1 18
11 12 30
17 19 18
5 7 12
1 2 13
6 8 11
17 20 6
0 1 26
10 13 1
1 4 25
19 23 8
20 22 10
17 18 9
18 21 22
19 20 5
22 0 16
4 6 16
7 9 30
14 14 26
16 17 19
5 7 19
8 9 8
23 4 12
14 14 15
19 21 21
14 16 11
9 11 16
20 22 21
23 2 22
11 12 29
21 22 25
15 16 28
4 6 8
3 5 13
22 1 28
5 6 8
20 22 23
9 11 25
1 3 19
6 9 10
2 4 25
17 18 6
16 16 9
15 16 19
12 15 15
13 15 3
10 12 13
18 20 7
5 9 29
3 5 10
11 13 29
1 3 24
11 14 26
22 23 11
10 11 3
19 22 22
7 9 19
8 10 20
21 0 13
18 21 4
5 5 14
8 11 23
8 11 16
5 7 16
1 3 29
15 16 6
7 8 3
19 20 29
11 14 8
1 5 24
17 21 10
22 0 17
9 11 21
1 1 27
17 19 5
18 20 11
4 6 19
16 18 16
21 0 9
17 20 24
1 3 7
18 19 22
21 22 25
7 9 25
17 18 11
3 5 9
7 9 14
14 17 24
21 22 11
23 1 18
20 22 9
4 6 27
1 4 22
4 8 22
7 9 14
5 6 15
1 2 15
0 2 27
4 6 30
19 22 21
3 2 9
12 15 9
16 18 25
17 19 30
2 5 28
12 16 11
12 13 27
11 13 11
18 21 11
14 14 10
1 3 23
19 21 9
7 9 26
9 11 15
4 5 30
23 0 14
3 5 7
13 15 28
11 13 20
11 13 21
4 7 30
2 4 9
23 1 12
7 8 29
19 20 1
5 7 7
23 0 7
1 2 30
6 9 29
11 13 19
22 22 12
11 13 16
20 20 24
6 8 1
21 22 11
17 19 7
21 1 22
2 3 7
0 3 1
15 17 13
15 17 15
21 23 11
23 1 25
23 2 10
21 23 20
8 10 21
6 9 30
17 18 5
23 2 25
9 11 11
20 22 20
11 13 14
13 14 27
13 15 13
9 11 14
17 18 20
16 18 27
8 10 26
1 4 25
14 17 2
19 19 21
20 23 27
12 15 21
5 8 3
21 22 29
7 9 2
6 10 13
11 14 22
1 4 20
7 8 28
21 23 30
18 19 6
5 7 7
1 3 4
15 16 24
12 15 20
22 23 27
2 5 2
11 12 17
12 14 23
22 1 13
2 5 13
23 1 22
19 21 20
9 13 1
9 11 4
16 19 7
4 6 11
12 14 4
0 3 1
9 12 22
13 15 21
20 22 30
17 20 4
0 2 17
2 3 18
10 12 28
0 2 1
11 14 22
5 8 14
5 8 24
6 7 26
7 7 10
12 14 1
16 18 22
19 20 22
2 3 8
21 0 2
13 16 21
19 20 20
8 11 15
13 15 23
15 17 25
19 21 20
12 14 18
13 13 27
14 15 17
6 8 18
23 1 16
19 21 12
8 11 17
7 10 20
13 16 26
23 2 9
23 1 17
13 15 13
17 20 10
19 22 7
12 13 15
9 12 16
5 7 3
6 8 14
23 1 6
16 16 3
20 21 1
9 11 9
5 6 13
14 15 16
0 1 5
1 4 3
4 7 17
5 8 24
12 14 5
17 18 1
14 16 18
17 20 22
16 19 4
12 14 6
2 4 2
10 13 5
2 4 12
3 5 14
4 5 12
1 4 8
1 2 4
9 12 12
8 10 8
20 23 22
2 4 4
19 21 10
9 13 18
19 0 28
23 23 1
2 4 5
13 15 25
12 14 26
7 9 30
11 13 17
1 2 7
2 4 11
0 3 28
0 2 12
7 9 23
7 9 4
1 4 26
9 11 1
12 14 5
5 7 9
22 23 27
6 8 12
8 11 18
19 21 9
7 8 16
7 8 15
15 18 24
19 22 3
0 1 28
3 4 13
23 1 7
1 1 4
11 14 23
2 4 10
4 6 10
10 11 19
4 5 7
12 16 24
6 7 1
3 6 26
17 19 9
6 9 12
9 10 17
21 23 22
19 21 25
17 18 29
14 16 8
10 11 17
17 20 19
0 0 7
0 2 1
18 20 18
2 3 19
5 5 5
2 2 15
13 15 17
2 5 13
18 18 30
12 14 19
16 18 25
17 20 20
3 5 13
22 0 30
0 3 9
9 12 29
18 22 22
14 15 23
15 18 20
13 16 7
11 12 30
16 18 14
21 0 15
3 3 8
23 1 5
16 16 14
1 4 22
18 19 11
14 15 21
7 12 16
21 1 17
8 10 12
3 5 12
22 0 24
21 22 2
2 5 18
21 23 10
9 13 26
6 9 27
10 13 20
1 2 15
23 1 16
16 19 16
21 1 12
16 17 2
12 14 27
1 3 16
3 6 15
22 0 15
17 19 20
21 23 29
17 19 10
4 7 28
0 1 7
15 16 22
9 8 22
19 21 30
3 3 27
17 20 6
8 11 29
20 23 14
0 2 15
10 12 8
23 0 30
5 6 6
14 14 6
19 21 2
15 16 13
17 21 8
5 6 5
6 6 9
16 19 12
16 18 16
19 21 3
17 19 1
22 0 25
16 18 3
15 18 14
5 6 19
17 18 13
22 1 15
0 3 24
2 3 21
8 9 22
6 8 29
2 3 5
18 20 15
16 18 20
10 12 23
8 11 7
13 13 5
16 17 28
21 23 16
21 0 1
13 15 26
14 17 11
9 11 11
9 11 18
0 2 16
0 1 18
22 1 4
11 13 29
9 10 9
4 5 19
2 4 13
1 4 15
8 9 9
0 1 3
0 1 19
5 6 24
11 14 6
14 16 28
8 10 5
1 2 18
23 23 19
9 9 5
12 16 21
9 12 12
17 20 2
2 2 24
19 21 8
1 4 13
23 0 24
12 15 10
4 8 13
11 14 25
21 23 4
17 20 7
10 14 13
4 6 8
9 9 25
12 15 18
8 8 5
16 17 25
17 19 21
5 8 19
20 22 28
23 1 19
8 8 5
14 15 1
21 22 11
10 12 11
9 11 15
10 10 22
15 15 14
5 6 21
22 1 24
0 1 4
4 5 12
8 10 4
11 13 11
10 15 7
2 6 22
13 14 11
14 15 15
12 16 26
16 16 1
10 12 17
12 15 15
0 2 22
1 1 22
21 23 22
5 8 11
17 18 18
12 14 7
19 23 20
18 20 18
8 9 24
12 14 28
12 13 12
13 15 27
8 8 25
17 19 13
20 21 7
7 10 10
21 22 7
20 22 6
5 6 10
3 5 16
6 8 11
19 21 29
21 23 30
0 1 15
8 9 5
15 17 3
16 20 6
8 12 12
5 7 13
13 15 8
5 9 14
7 9 29
12 14 30
19 22 10
20 21 22
3 4 16
10 13 7
12 12 13
16 17 27
18 20 28
20 23 11
23 3 30
1 5 24
1 2 21
11 14 23
1 3 20
21 21 21
3 5 8
4 5 25
7 8 8
4 6 27
1 3 14
22 23 8
7 11 8
22 22 14
5 8 17
0 2 29
23 1 13
0 1 22
23 0 23
3 8 8
13 16 1
14 15 11
6 8 15
16 18 15
19 22 2
20 22 4
21 0 17
10 12 28
2 3 15
1 5 20
2 4 20
17 19 22
17 17 24
9 11 18
4 5 16
22 0 5
22 23 16
16 17 1
7 10 24
0 0 22
18 21 30
12 13 9
9 12 27
0 2 18
14 16 17
15 18 21
10 11 27
20 23 4
0 4 14
13 15 14
8 10 7
4 7 24
14 16 17
1 3 15
5 7 20
13 12 16
14 16 30
4 8 24
12 15 12
5 8 1
23 1 2
14 19 15
8 12 5
19 21 27
0 3 8
14 16 17
19 20 8
21 21 26
11 13 12
2 3 6
5 7 20
17 20 9
0 2 22
3 4 13
6 7 28
18 21 2
13 15 14
3 4 9
9 10 3
21 0 18
5 6 23
16 19 19
17 19 27
14 17 27
14 18 30
11 13 3
17 18 27
21 23 19
21 22 1
1 3 18
18 19 28
6 11 4
7 9 25
13 12 6
8 10 30
9 12 1
18 19 29
6 7 29
2 3 2
12 13 30
16 18 18
18 21 24
8 10 11
22 0 7
2 4 23
2 4 23
8 12 8
11 12 29
7 8 27
19 20 3
0 1 26
6 6 12
17 20 3
2 5 1
11 14 18
5 5 14
17 19 9
16 17 11
21 0 29
17 21 26
23 3 28
13 14 8
19 20 24
9 10 24
17 19 1
22 23 5
1 1 4
19 22 23
7 8 24
8 11 16
2 5 11
0 3 9
4 7 24
9 10 29
10 13 17
13 15 1
13 15 8
10 12 16
15 18 8
23 0 3
3 5 8
8 11 27
10 12 9
22 23 17
0 3 14
8 10 11
4 7 11
3 5 7
16 19 23
4 6 29
1 4 7
18 21 1
6 8 18
13 15 21
16 17 3
12 14 1
2 5 18
4 6 14
6 7 4
10 13 11
12 15 20
19 21 22
7 10 24
9 13 3
18 19 24
23 1 19
22 22 15
3 5 27
3 4 29
8 12 14
15 17 8
23 2 15
9 12 29
9 11 24
2 3 10
9 11 18
1 3 17
1 2 12
0 3 28
19 20 17
10 13 19
10 11 7
2 3 12
22 0 28
11 15 8
1 2 14
23 0 5
13 15 7
11 14 11
3 5 30
1 3 10
5 7 18
10 11 20
7 9 17
22 1 19
20 23 1
11 14 20
6 8 22
23 3 27
23 1 22
2 2 6
15 17 24
9 10 18
21 23 6
0 3 28
13 13 10
5 6 20
10 11 23
4 6 25
17 19 4
7 9 11
18 19 25
9 12 11
7 9 29
20 22 10
18 19 13
6 8 21
6 6 29
3 5 27
10 11 8
5 8 19
19 20 24
18 21 14
7 10 30
19 21 13
18 21 14
13 14 25
17 17 3
1 4 27
11 13 23
19 23 10
15 17 28
7 10 27
7 9 3
10 12 23
20 22 10
1 4 11
16 18 6
4 7 23
18 21 6
13 15 30
6 9 14
18 20 12
4 8 28
9 10 25
5 9 16
0 3 30
20 21 2
21 23 12
11 13 1
2 4 29
10 12 19
9 10 25
11 14 7
7 8 17
14 16 14
19 20 24
1 3 24
16 17 6
23 1 1
18 17 19
2 3 16
11 14 7
12 14 24
23 0 6
7 9 30
0 2 2
13 15 2
20 23 10
23 0 16
11 12 1
3 7 29
10 13 20
10 13 28
18 21 4
3 5 22
18 19 30
6 9 7
17 18 15
7 9 2
3 4 3
2 3 8
20 23 29
12 16 21
15 18 24
0 2 9
9 12 12
5 9 25
4 6 15
22 2 15
11 14 27
21 1 13
15 17 18
20 23 5
6 8 21
3 6 4
2 3 9
0 1 16
9 10 14
3 3 25
20 22 12
0 1 11
2 3 28
15 16 9
3 6 11
2 2 5
11 12 15
12 14 5
21 23 13
3 4 17
20 22 17
11 11 19
16 19 7
17 17 13
21 22 8
12 14 22
14 17 20
11 12 15
16 19 11
16 20 23
15 17 12
8 11 17
15 18 12
14 15 28
22 23 14
9 10 26
16 19 17
16 19 23
0 1 26
10 13 21
6 8 21
8 12 8
1 3 26
2 3 18
1 5 14
20 22 18
9 10 22
16 19 5
4 7 21
21 22 5
5 7 13
3 5 19
8 10 10
3 5 16
10 12 3
23 1 7
19 22 16
19 19 13
5 7 21
9 11 7
3 5 13
3 5 23
14 16 24
13 16 26
11 13 5
6 8 8
3 5 26
4 7 15
8 10 7
7 9 19
22 22 25
21 23 26
4 6 30
23 1 12
5 7 30
13 15 1
21 23 5
23 1 14
17 19 28
16 16 9
17 18 24
21 22 15
23 0 17
15 18 3
1 3 16
17 20 5
14 17 25
2 5 4
5 7 11
18 19 18
4 5 29
6 9 4
2 3 17
20 23 16
13 15 8
10 12 2
9 11 7
9 11 1
12 12 11
16 18 3
21 0 19
5 8 10
12 14 25
22 0 18
20 23 3
2 4 18
4 5 17
21 23 5
17 20 8
14 15 9
14 16 25
7 10 13
0 2 16
23 0 19
4 5 28
21 0 16
5 6 16
11 12 1
3 4 17
11 15 2
23 1 24
2 5 16
5 7 15
18 20 11
18 21 25
13 14 6
21 22 15
4 5 28
19 21 22
21 0 18
3 6 20
13 17 26
7 9 20
7 9 30
13 15 18
14 17 6
7 8 2
18 19 15
13 15 28
8 10 27
4 7 28
5 7 28
14 16 5
11 12 17
0 2 15
21 0 15
10 13 6
22 22 27
1 3 5
1 4 22
11 14 20
0 1 22
23 2 25
1 4 3
23 2 21
20 23 23
5 8 8
2 5 29
1 4 1
5 6 19
16 18 17
10 11 16
10 12 15
23 0 11
7 11 10
3 5 10
6 9 25
13 18 7
2 4 26
5 7 14
21 22 5
8 11 1
23 0 15
6 7 25
6 6 20
2 4 3
6 7 18
22 0 9
16 20 5
16 18 23
21 22 3
2 4 28
13 15 30
14 17 5
16 17 9
12 15 3
22 23 18
12 12 23
1 3 15
19 21 13
19 21 4
9 11 22
6 9 10
2 3 19
7 9 29
23 2 18
1 4 18
17 18 29
13 16 3
9 12 29
13 15 7
23 0 8
19 20 5
13 14 15
5 7 16
8 11 18
18 20 15
6 7 20
11 12 2
12 15 19
15 16 6
11 13 7
21 22 9
15 15 21
13 15 29
10 12 23
22 1 1
13 14 29
8 11 19
9 11 30
20 21 24
14 16 23
20 20 25
20 23 22
10 12 3
12 15 24
14 18 7
0 1 29
8 10 5
3 5 15
10 12 29
6 7 17
6 7 18
3 6 19
14 16 29
14 17 4
16 19 17
17 21 5
23 2 1
0 1 14
21 23 15
0 2 24
15 17 11
14 15 21
1 4 28
0 1 22
7 9 17
20 21 7
21 22 21
17 19 4
17 18 6
2 4 6
19 19 9
7 9 6
18 20 18
10 12 21
2 4 28
19 22 25
21 0 25
16 19 6
8 10 28
9 12 25
3 5 6
8 10 8
19 20 17
22 23 10
22 23 23
12 14 8
5 6 1
22 0 23
7 8 5
10 12 20
7 8 21
13 15 28
14 15 7
16 19 6
0 1 23
21 1 15
16 17 24
9 12 23
6 7 19
20 22 14
18 19 29
17 19 21
5 7 30
17 19 12
1 4 1
23 23 4
10 11 1
11 13 21
13 16 5
20 22 17
6 6 11
4 6 22
21 0 5
4 5 10
21 0 30
13 15 13
3 4 7
12 15 14
6 8 3
21 23 25
7 9 12
20 22 7
10 12 2
10 11 13
2 2 12
8 11 26
1 3 7
20 23 19
2 4 2
20 22 16
6 8 29
2 5 6
10 12 5
11 14 9
14 16 27
17 21 14
1 4 14
10 13 11
19 21 21
0 3 28
16 20 7
20 20 20
7 10 16
16 18 7
20 22 21
4 9 25
16 18 4
21 0 6
11 13 8
23 1 17
23 23 15
14 16 5
4 6 10
10 13 5
0 1 23
9 12 2
16 18 4
18 20 29
9 10 22
5 10 22
23 0 16
12 13 5
22 0 5
5 7 27
10 13 26
2 5 23
11 12 2
5 4 14
21 1 20
19 20 1
6 7 4
23 1 6
12 14 13
9 12 29
19 19 20
21 21 13
15 16 4
19 20 8
23 23 1
9 11 9
13 14 7
23 1 9
2 4 5
14 17 26
14 17 11
10 14 27
3 6 11
12 14 16
11 15 21
16 19 29
12 15 30
23 0 21
16 16 30
1 4 3
16 19 9
21 23 19
9 12 11
13 15 19
9 9 11
12 13 15
18 20 13
21 23 13
1 5 7
23 1 6
12 16 10
15 18 17
12 14 29
21 23 8
2 4 16
18 17 18
16 18 2
20 22 12
5 7 8
18 19 3
19 22 25
4 6 8
18 19 29
20 22 20
15 17 8
11 12 1
9 11 5
0 1 30
20 0 5
12 12 2
19 19 15
16 18 16
16 17 18
17 18 4
5 8 30
14 14 14
2 4 8
11 14 14
16 18 16
13 15 26
10 14 4
6 8 3
21 0 11
10 13 13
15 16 29
0 1 28
17 19 2
23 1 5
22 0 10
13 16 1
7 8 26
13 15 11
18 21 11
3 5 10
14 16 14
9 12 15
0 1 17
19 21 6
6 7 8
2 4 28
5 8 26
13 14 23
5 6 22
22 1 6
15 16 12
14 16 29
6 9 19
2 5 14
20 22 25
18 19 13
7 8 12
14 16 16
23 3 3
7 9 1
5 7 1
21 1 27
6 8 18
23 1 22
1 3 7
0 3 24
5 7 7
12 14 13
11 11 15
10 14 12
23 1 16
23 1 27
8 9 23
1 4 5
19 20 3
8 10 9
8 10 19
8 10 18
11 13 19
23 4 18
11 14 28
17 19 24
16 18 18
5 8 18
19 21 8
23 2 6
4 4 7
14 15 7
16 20 11
19 20 5
22 1 3
1 3 6
18 21 3
9 13 5
15 18 26
23 0 11
0 0 11
3 4 28
8 10 26
21 23 25
17 19 14
8 10 15
1 4 7
19 22 6
15 19 12
1 2 12
13 16 7
9 13 1
6 9 27
23 1 4
7 10 28
12 14 1
8 9 21
7 10 10
6 7 28
12 14 4
20 23 22
19 23 18
15 15 16
21 23 23
20 20 18
0 1 30
15 15 15
15 19 6
4 7 16
22 1 11
6 7 22
7 10 22
12 16 21
6 9 28
22 0 21
20 23 6
10 12 18
15 17 12
12 15 29
16 20 16
18 20 11
5 7 7
22 21 22
5 8 13
20 21 8
17 18 13
22 0 14
11 12 5
1 4 7
20 22 25
18 21 25
3 6 15
14 17 14
3 3 25
0 2 23
11 13 30
14 15 13
4 7 7
18 19 28
14 16 11
1 3 3
4 4 5
16 17 28
12 12 25
23 2 6
22 22 29
12 14 28
7 9 19
7 8 8
1 2 11
1 2 22
9 11 5
9 10 27
11 12 25
22 23 17
5 8 2
22 1 4
23 1 15
10 12 17
14 17 28
7 9 27
23 1 29
4 7 3
7 11 11
16 18 30
10 11 15
21 23 1
4 7 29
12 11 4
9 10 10
16 20 16
23 2 22
22 1 9
17 20 4
14 15 17
17 19 8
10 11 25
13 15 19
11 12 5
18 21 26
17 20 15
3 5 6
5 7 18
20 22 26
11 13 26
16 21 9
3 4 18
6 8 2
13 15 7
8 10 29
7 8 29
6 11 15
21 0 16
22 0 26
23 2 10
17 19 6
12 14 14
9 12 18
12 15 16
23 0 15
7 9 6
0 2 13
0 2 15
1 5 6
6 9 6
7 10 12
14 15 16
5 9 12
21 23 17
4 7 23
8 10 23
22 0 6
22 23 23
8 10 13
0 1 13
20 22 12
10 13 1
20 23 12
14 18 21
20 23 21
1 2 29
9 12 15
10 14 17
3 7 10
6 8 1
2 3 1
12 14 24
14 16 7
10 12 24
0 3 18
11 13 3
16 19 23
18 21 7
3 4 21
12 14 9
23 2 13
7 8 18
2 3 12
16 18 7
6 8 10
15 15 24
12 12 30
2 4 24
17 19 12
13 16 20
1 3 9
1 4 8
0 3 9
12 14 24
3 6 18
22 23 3
18 18 28
10 12 13
18 21 5
4 6 30
11 14 5
14 16 12
21 22 2
14 17 7
13 15 26
5 7 4
18 19 11
0 2 26
18 21 2
18 19 21
0 2 27
10 12 16
4 5 30
11 13 22
14 16 15
9 10 30
23 2 4
12 14 23
20 23 3
13 14 2
8 10 12
4 6 15
4 8 9
14 18 4
20 0 20
14 17 5
15 16 16
4 6 7
0 0 19
9 11 30
11 15 20
22 1 17
8 9 20
2 5 29
20 23 10
12 14 9
18 19 29
12 11 1
0 3 24
15 18 16
4 7 15
10 14 24
13 17 21
15 16 10
17 20 19
4 7 9
23 1 26
14 17 22
14 17 20
19 21 6
5 6 23
2 4 3
11 12 16
14 15 28
20 1 29
6 9 28
9 12 4
22 1 18
1 4 14
1 3 28
10 13 3
12 14 22
1 2 13
12 13 5
0 1 9
7 9 29
22 23 11
6 7 14
10 11 30
8 12 2
19 22 26
12 13 29
11 13 19
23 2 22
18 20 6
2 3 7
3 3 12
9 12 13
3 5 20
8 10 13
22 0 15
23 0 17
17 19 11
11 13 19
4 6 3
1 3 20
19 22 6
8 10 24
7 9 26
5 6 15
4 7 9
2 4 15
14 17 6
3 5 11
18 19 2
20 23 15
17 20 7
8 10 24
23 1 3
4 6 14
8 9 17
18 20 27
9 10 4
7 9 11
21 22 27
11 14 21
19 20 12
17 19 14
9 11 6
6 8 4
22 1 29
8 10 29
0 0 12
8 10 1
22 0 19
11 13 16
5 7 21
4 5 19
0 2 13
2 5 11
15 15 3
17 18 29
10 12 12
14 15 10
3 5 7
6 8 18
3 5 1
5 7 10
6 7 27
18 21 29
7 9 9
1 4 8
9 12 5
12 14 1
22 23 6
5 6 30
8 10 25
6 9 29
1 4 19
5 5 23
1 3 26
20 22 28
20 21 4
3 6 16
7 9 10
12 12 28
19 21 18
21 23 25
11 13 23
11 13 22
17 18 6
22 1 14
19 21 27
22 0 29
18 20 30
13 17 29
4 6 2
4 6 25
11 13 22
14 17 22
5 7 14
3 5 6
1 2 6
16 18 3
2 4 28
16 19 9
13 16 21
11 13 27
5 7 2
17 19 22
18 20 27
12 13 7
17 18 6
8 11 26
2 4 5
1 3 13
13 14 10
0 2 27
13 13 20
18 20 25
17 18 14
3 5 4
0 1 22
13 15 8
9 11 25
22 1 7
9 12 5
12 15 16
18 21 7
20 22 12
3 5 1
0 3 5
1 3 15
16 19 23
23 2 19
23 2 1
10 12 8
21 1 13
16 16 26
3 3 14
16 21 8
0 1 18
16 18 2
5 7 5
16 17 1
2 4 25
3 5 1
23 2 5
15 18 17
17 19 23
16 19 12
20 22 7
3 4 21
12 14 21
21 23 28
4 6 17
8 9 21
18 21 19
22 21 17
16 17 10
23 1 2
22 0 30
12 15 7
21 23 7
3 5 16
14 17 29
7 9 21
17 19 20
16 17 30
2 5 9
16 18 7
10 13 30
19 21 30
11 14 22
21 21 24
20 23 26
17 20 7
16 18 5
1 4 1
23 2 25
15 14 25
18 21 10
7 8 17
17 19 9
10 11 22
6 9 15
20 20 6
8 11 10
9 12 5
10 11 10
1 5 26
21 22 7
18 20 20
7 8 8
4 6 19
11 13 10
3 6 12
7 8 21
4 6 25
12 14 27
23 0 13
18 19 23
21 23 8
15 16 15
0 1 22
17 20 23
15 18 4
8 10 23
13 15 30
5 7 13
13 16 21
4 7 20
1 3 30
9 12 4
11 12 26
16 18 18
20 0 27
5 7 10
9 11 5
22 0 2
12 14 11
13 14 22
12 14 24
6 9 15
19 21 17
7 11 14
11 12 8
22 1 18
0 1 4
1 3 8
3 5 29
16 19 2
12 13 8
21 0 16
3 6 17
16 18 23
0 3 25
5 6 14
8 11 14
11 12 30
12 13 4
9 12 13
13 14 27
6 8 11
10 10 29
20 22 20
4 7 4
8 8 11
1 3 14
9 11 19
4 7 22
22 1 28
3 6 3
20 20 29
17 20 17
16 19 26
14 16 27
13 16 4
11 11 11
22 0 6
8 10 28
19 23 7
0 2 17
11 14 18
9 11 7
21 22 27
19 21 22
10 12 7
16 19 17
4 6 23
20 22 20
14 16 15
7 8 14
17 19 12
13 14 2
1 2 28
1 3 22
5 7 4
21 23 28
13 15 1
17 20 16
5 5 30
23 1 13
14 17 27
20 23 14
19 20 22
14 16 9
3 3 4
10 13 8
12 14 26
0 2 6
7 9 6
6 7 4
19 22 22
4 8 10
7 10 14
9 12 10
13 15 8
7 8 3
21 22 9
21 22 17
7 9 26
3 3 12
3 6 14
22 1 11
16 18 14
1 3 27
0 3 9
5 7 15
7 10 18
15 15 22
11 14 14
23 0 13
6 10 3
14 17 7
2 2 23
14 17 12
14 18 5
17 17 11
12 15 7
11 14 2
11 13 4
18 21 22
6 7 23
12 13 29
19 23 6
6 7 7
2 4 1
13 15 10
17 18 19
21 23 8
15 18 6
9 10 4
19 20 22
15 17 11
14 16 28
6 9 16
17 18 26
7 10 24
7 9 27
3 5 25
2 4 6
18 20 22
11 12 2
13 13 7
13 15 16
21 1 26
18 20 2
0 2 16
4 8 20
0 1 30
11 12 11
19 19 23
3 6 28
13 14 18
14 17 10
11 12 18
19 20 30
21 23 10
5 8 13
8 9 17
9 9 19
21 22 27
19 22 22
2 4 1
4 7 26
22 0 18
1 1 9
12 12 13
11 14 30
3 4 8
22 0 13
19 22 21
6 7 11
2 5 5
8 11 6
0 1 11
7 10 19
10 11 11
9 11 21
1 3 16
14 17 10
16 18 18
14 16 6
4 5 14
2 3 15
3 6 27
6 9 18
13 15 6
22 0 21
6 7 14
17 19 8
19 22 7
12 14 3
23 2 4
20 21 16
20 22 11
4 7 14
17 19 3
21 22 29
19 20 22
13 16 11
16 18 30
1 2 11
3 6 26
20 21 13
21 21 13
5 9 23
13 15 14
15 17 27
2 5 1
4 8 22
15 16 16
16 19 16
17 20 15
14 18 27
18 18 25
18 20 23
14 18 4
0 0 11
18 19 21
9 10 6
4 8 17
10 10 4
15 17 3
20 23 1
21 23 25
10 13 14
23 1 29
2 3 25
8 9 10
3 5 13
13 17 12
7 9 6
16 20 1
19 21 20
3 5 23
2 4 13
4 7 27
23 1 13
22 0 19
11 14 16
0 3 26
3 3 23
14 15 22
19 19 25
10 11 19
13 13 12
9 11 27
16 19 13
2 2 12
1 1 5
1 3 16
22 1 24
22 0 7
5 8 22
15 16 7
14 15 6
9 12 15
9 10 14
7 8 11
12 14 4
3 5 20
6 7 12
19 21 6
23 2 3
17 19 17
3 4 5
13 14 7
23 0 27
7 9 27
12 14 29
6 7 11
21 23 26
8 11 18
18 21 9
11 13 10
12 13 27
10 13 1
17 20 19
16 16 12
11 13 17
9 10 8
13 15 18
21 23 15
7 9 16
11 13 8
9 10 15
15 18 9
20 23 14
14 16 3
4 4 21
14 17 11
20 23 10
12 13 23
3 4 12
19 19 11
13 15 20
1 3 4
16 18 29
18 21 14
16 18 3
14 17 25
6 7 30
22 0 27
9 11 23
21 23 8
10 10 6
18 21 1
23 1 22
11 12 23
21 23 23
12 12 15
7 9 2
1 4 8
13 18 13
18 19 19
17 18 1
0 4 16
12 13 13
23 1 27
6 7 23
13 17 2
20 23 30
5 7 7
12 14 5
19 21 18
19 22 9
18 20 21
12 13 24
19 21 6
6 9 20
18 20 27
8 11 3
4 6 30
23 3 3
9 11 1
20 23 7
9 11 3
1 2 10
23 0 10
17 19 23
2 5 8
12 14 3
19 21 20
8 12 28
10 11 4
2 2 30
14 15 8
14 16 17
3 6 2
5 6 2
18 21 5
22 0 1
0 2 15
15 17 17
5 7 19
19 21 17
4 5 22
17 18 14
8 9 7
14 17 12
9 13 24
2 4 4
22 23 30
21 22 2
22 0 26
10 12 20
8 12 25
1 4 21
21 23 27
9 10 2
19 21 13
4 8 13
19 23 15
15 17 17
22 0 16
6 9 6
1 3 19
6 8 8
6 8 9
14 16 29
14 16 3
5 8 28
19 21 1
1 4 12
1 4 4
6 8 28
20 22 12
21 23 24
20 22 8
5 7 15
5 9 16
18 20 14
2 5 7
6 7 26
17 19 6
12 15 19
16 19 14
16 18 19
16 18 15
10 10 24
16 17 1
4 5 4
1 4 18
21 23 24
13 17 2
8 10 4
18 20 6
9 12 17
0 1 6
3 6 12
3 5 5
19 22 6
11 13 2
21 22 28
11 13 3
8 8 22
6 8 9
8 10 19
5 6 28
19 21 29
0 2 29
5 7 17
5 7 8
5 8 18
20 23 16
11 14 10
4 5 4
18 19 7
9 11 14
21 23 5
3 3 24
5 8 22
7 9 15
23 23 21
10 12 28
1 2 26
21 23 6
7 8 5
19 21 17
1 3 12
7 8 27
11 12 20
0 1 24
16 18 1
15 17 28
2 4 28
13 15 28
5 6 11
13 15 20
14 17 14
20 22 3
5 7 16
20 22 16
21 0 3
8 9 15
4 7 17
18 21 15
23 2 24
6 8 20
16 20 23
20 22 18
5 6 22
5 8 23
1 4 17
14 16 26
15 16 21
9 12 3
9 11 14
17 20 6
10 12 29
20 22 30
0 2 13
3 5 5
14 15 29
20 23 21
18 22 3
18 18 14
0 2 13
5 7 9
22 1 10
22 23 14
0 2 17
22 0 9
16 18 8
20 22 20
16 17 5
7 7 22
5 7 4
3 4 15
21 23 2
11 12 23
4 6 17
22 0 17
2 5 26
2 5 29
6 8 17
9 9 21
17 18 21
3 5 20
3 5 1
9 11 18
0 3 2
20 22 21
18 19 28
22 22 14
20 23 27
18 20 14
14 18 7
7 7 9
19 21 19
1 2 18
3 5 18
17 19 23
20 22 14
1 4 12
21 23 24
6 7 20
0 3 18
0 1 11
20 22 19
3 5 28
9 11 23
16 18 26
4 6 12
3 4 11
10 13 18
21 23 28
9 9 30
19 20 14
0 1 25
18 21 9
6 8 30
21 22 8
11 12 9
2 4 15
14 17 12
4 6 13
17 17 26
23 1 8
13 15 16
12 14 5
20 22 22
19 20 11
11 13 11
1 3 21
6 8 2
0 3 6
8 9 5
7 10 23
2 4 24
5 9 15
6 9 10
13 16 12
9 11 11
17 19 23
5 8 22
7 9 28
2 3 21
13 14 14
0 2 15
17 18 11
3 5 6
8 11 12
21 0 8
12 13 16
0 2 19
2 3 9
22 1 20
4 7 19
4 8 11
19 21 15
18 20 15
20 23 30
8 9 9
17 20 6
0 0 26
2 4 15
2 4 19
2 4 27
17 18 22
18 19 29
4 7 30
17 18 16
8 10 13
7 12 18
18 19 12
3 6 5
9 10 23
5 6 10
12 14 25
21 0 9
5 8 10
23 1 20
12 14 25
8 11 7
5 9 1
12 15 2
10 13 26
13 15 8
19 21 22
14 15 29
3 5 5
18 21 16
0 3 10
18 20 9
17 19 27
5 7 10
18 21 15
3 4 28
15 18 20
0 4 5
5 7 8
18 20 10
6 7 3
15 18 3
11 12 29
19 21 29
18 21 17
23 2 21
10 11 28
5 7 2
14 15 18
13 14 7
23 1 6
1 4 8
12 14 12
21 0 8
2 4 30
4 6 2
0 1 7
14 17 7
7 8 11
12 13 8
23 1 30
1 4 15
8 12 11
4 7 10
16 18 6
13 17 19
20 21 8
7 8 17
14 16 26
20 22 22
13 15 4
9 10 10
19 19 22
17 19 7
11 14 10
9 9 24
16 19 3
17 19 6
20 22 2
19 20 19
14 16 7
17 19 2
18 21 18
7 7 1
12 14 21
17 20 8
18 20 13
18 21 8
20 21 28
0 3 27
0 2 4
5 6 12
16 17 23
14 15 16
12 14 14
23 2 8
6 9 29
8 10 3
7 9 1
6 6 18
14 17 13
7 8 29
19 21 1
19 22 6
23 0 21
4 7 15
5 8 28
11 15 1
17 19 28
21 23 3
22 23 26
12 14 11
22 1 10
8 12 19
1 2 3
18 20 23
1 2 16
4 5 22
12 14 6
6 8 21
16 18 22
22 1 29
5 6 2
20 22 15
14 16 1
15 17 2
4 4 25
3 5 6
9 10 25
21 22 19
19 22 5
21 22 12
20 23 23
1 2 23
4 7 24
12 13 13
10 12 2
7 9 9
12 13 17
6 7 17
20 22 15
22 1 24
