4720 30
25 17 21 25 16 8 16 10 26 26 27 22 3 22 18 17 17 17 29 26 3 6 30 14 9 1 14 16 5 25 
15 18 1
22 0 24
1 2 13
17 20 10
10 13 28
7 8 26
14 17 27
5 5 25
12 15 13
14 16 15
16 17 18
7 10 10
15 17 4
6 8 17
23 1 18
6 7 13
0 1 17
1 2 24
0 1 7
20 23 7
2 5 2
22 0 11
12 14 18
16 18 14
11 13 9
4 7 26
15 18 21
23 0 17
13 12 6
21 23 24
6 9 9
19 20 29
8 9 14
19 21 28
14 16 15
15 15 16
20 22 18
0 3 14
18 19 26
14 15 4
8 12 7
16 17 28
7 9 21
9 10 8
17 18 13
3 5 29
20 21 24
6 9 6
11 12 28
3 6 26
0 1 26
13 15 9
17 20 24
2 4 14
9 12 25
0 3 6
2 3 2
21 23 21
23 0 29
3 5 20
13 17 5
7 9 8
1 3 17
18 21 16
11 13 26
6 6 29
17 17 15
19 21 17
23 2 7
8 10 4
5 6 24
2 4 6
10 12 4
8 11 18
8 11 3
21 21 29
6 7 3
19 22 11
8 12 25
12 13 20
2 4 25
22 0 11
6 9 17
6 7 10
14 16 14
15 16 9
8 9 21
8 10 29
4 7 30
22 1 2
3 4 12
15 17 29
1 5 14
8 11 17
18 21 23
12 15 1
14 17 22
15 17 9
16 21 6
21 22 15
10 11 25
16 17 15
2 3 7
21 23 14
23 23 3
20 22 24
1 3 18
3 6 3
0 0 5
6 7 1
22 23 24
10 11 1
6 8 27
5 6 16
9 11 17
22 2 21
7 9 12
11 13 17
12 16 8
0 3 4
22 0 25
15 17 18
21 0 13
3 6 9
6 8 15
4 5 1
1 4 9
19 21 13
21 0 22
20 22 10
7 9 8
5 6 23
1 3 13
18 21 20
7 9 7
11 13 26
6 9 17
5 10 27
19 21 16
5 6 22
7 8 28
9 13 3
21 0 6
18 21 18
21 23 23
11 12 19
1 2 15
18 20 29
14 17 17
1 3 24
19 21 9
22 22 4
1 4 16
4 6 22
12 15 1
3 6 30
20 21 21
12 13 19
5 7 8
6 8 15
4 4 24
11 12 16
7 10 28
9 11 9
10 11 16
9 12 10
3 5 26
19 21 26
1 3 12
19 21 7
10 12 17
18 20 27
8 9 8
15 19 25
21 23 9
21 23 25
0 2 29
18 20 1
17 19 5
2 6 13
22 1 26
5 8 26
7 8 13
1 4 27
9 11 21
14 17 17
6 8 5
0 2 17
15 18 4
1 4 19
21 22 15
4 5 8
10 12 2
15 17 11
18 19 1
23 1 2
4 7 6
16 18 2
10 12 22
15 17 22
5 5 13
16 18 20
7 9 19
19 21 22
12 14 29
0 3 5
10 11 19
13 18 1
23 0 21
19 21 9
7 8 21
20 23 19
19 22 26
14 16 16
8 8 1
4 6 8
1 2 22
12 14 18
23 1 23
18 20 25
23 1 17
21 23 15
17 19 11
5 9 3
2 4 10
7 9 4
23 4 13
2 3 27
3 5 13
20 0 25
10 14 25
16 17 23
5 8 14
13 15 12
20 23 4
17 20 9
19 21 4
19 20 6
4 8 29
1 3 24
9 10 23
2 3 19
13 13 2
5 5 19
8 9 18
11 13 28
19 19 2
19 21 19
14 14 15
11 14 8
16 17 24
13 16 6
7 9 1
18 19 5
20 23 9
1 4 29
4 7 22
23 2 6
11 14 20
23 2 29
22 0 10
18 19 19
1 2 5
8 10 10
2 6 9
10 12 30
10 12 20
10 11 8
0 0 19
1 4 8
3 3 1
17 20 24
6 9 5
14 15 4
4 7 14
20 22 16
10 11 11
7 8 24
14 16 12
11 13 23
14 15 3
5 7 19
7 10 3
2 5 12
0 1 29
3 4 9
6 7 3
23 2 19
13 16 28
19 21 4
7 10 26
17 19 19
20 22 25
17 20 11
3 3 5
23 2 26
13 15 11
15 16 9
1 4 9
17 18 8
20 20 23
2 3 5
7 10 22
11 12 23
12 13 26
13 17 29
10 11 27
18 19 13
7 10 16
1 4 30
6 8 20
15 17 11
6 6 30
20 0 25
23 0 4
22 2 8
10 11 1
22 23 17
20 22 2
5 6 8
5 9 20
0 2 26
5 7 29
2 3 29
9 10 28
0 1 6
17 18 16
17 20 8
13 14 16
2 4 2
18 20 8
11 13 19
15 18 8
2 4 18
9 13 26
4 6 24
20 22 17
6 8 29
21 23 10
21 23 8
7 7 15
22 0 11
22 1 25
0 1 23
23 2 27
23 1 12
2 2 25
0 1 6
10 12 18
13 16 10
2 5 10
1 2 7
20 22 8
21 23 16
15 18 5
15 16 17
19 22 7
17 18 9
18 20 22
2 3 21
0 2 22
12 15 7
22 1 15
5 6 26
10 14 11
2 4 4
15 18 25
3 6 19
22 0 16
23 0 13
15 17 4
6 7 8
0 2 4
5 7 4
9 10 30
11 13 4
3 4 11
5 6 15
3 5 22
20 22 22
4 8 18
23 2 12
4 7 22
20 21 18
19 20 10
6 7 14
16 19 20
11 12 10
3 3 23
6 7 21
11 12 23
21 23 1
12 15 15
21 22 8
16 19 23
18 21 7
16 17 25
4 6 19
8 10 20
15 16 13
14 17 9
15 16 13
9 9 23
9 10 24
1 3 20
21 23 8
9 13 14
5 6 13
15 15 4
10 10 17
16 18 11
17 20 13
22 23 20
7 9 5
15 17 8
12 13 27
1 3 13
6 9 30
23 0 25
18 18 13
0 0 29
20 21 8
18 20 13
17 20 21
20 0 20
20 23 1
8 11 8
13 16 17
12 14 24
22 22 10
7 10 17
13 15 5
20 22 23
2 4 22
10 13 27
15 16 10
12 13 8
11 14 2
10 12 4
21 22 7
3 5 7
22 23 13
8 10 5
12 13 10
9 12 15
8 10 29
11 12 12
13 13 29
5 6 10
10 12 29
18 20 29
4 5 20
2 4 15
20 0 4
8 9 21
11 12 28
5 6 27
3 6 21
23 0 13
8 10 28
7 10 28
0 3 6
6 8 1
6 9 19
2 4 28
7 8 28
21 23 9
15 16 9
14 16 4
5 7 12
4 5 8
13 15 30
15 16 17
2 3 12
17 19 2
18 21 6
14 18 2
14 16 26
19 21 23
22 2 29
12 12 22
7 8 9
8 11 11
2 5 12
7 8 2
6 7 12
18 21 4
21 0 17
0 1 25
16 16 22
13 14 19
2 5 28
5 7 3
17 19 23
8 9 30
7 8 7
18 19 4
10 13 27
2 5 16
13 14 22
1 2 11
13 15 4
15 17 5
12 13 5
2 4 27
1 3 14
23 1 20
17 21 19
23 3 20
8 12 29
22 0 16
12 15 17
14 15 22
21 23 16
6 8 21
23 0 23
7 9 10
12 14 24
4 6 7
22 1 28
1 1 15
22 23 18
23 1 8
10 11 22
1 5 12
14 17 20
10 11 22
20 22 22
12 13 24
23 1 2
9 10 21
19 21 12
19 22 16
18 18 18
6 8 10
10 14 22
8 11 24
2 2 4
22 23 2
23 0 21
9 12 26
0 2 11
0 2 1
22 0 12
2 4 5
21 23 15
8 10 1
8 9 17
1 2 12
3 4 20
13 14 7
18 21 23
18 20 9
11 14 6
0 1 18
4 6 5
21 23 29
2 3 27
4 5 20
9 11 9
20 23 1
5 7 1
18 21 25
16 16 1
5 5 23
18 21 19
2 3 26
19 20 28
5 6 28
10 12 23
3 4 6
18 21 27
7 8 25
13 15 2
5 8 17
20 21 6
0 3 28
15 17 26
2 3 10
14 16 24
9 10 30
14 16 30
3 6 2
12 14 12
0 2 9
22 0 2
17 20 15
4 7 24
9 12 30
22 0 29
18 21 19
0 3 17
8 9 4
7 10 11
4 5 1
14 17 16
4 6 8
22 0 16
12 14 6
13 14 24
5 7 24
0 1 14
21 23 19
7 10 25
19 21 28
13 13 7
3 6 12
11 13 29
0 0 3
5 7 25
17 19 28
20 22 14
0 3 7
20 0 2
4 6 21
8 9 4
21 23 4
12 15 14
12 13 8
16 16 7
15 19 21
11 12 13
7 9 19
18 19 16
21 22 27
7 8 6
2 5 20
10 13 29
21 23 4
2 6 5
7 10 13
21 23 17
10 15 9
2 3 15
17 20 1
22 1 19
10 13 25
7 9 28
21 0 30
16 18 18
23 0 9
13 14 20
11 12 20
17 20 12
9 12 21
17 18 24
23 1 28
19 19 26
11 14 2
20 21 11
19 21 1
8 10 18
5 6 29
18 21 16
12 14 28
0 5 23
22 0 27
21 22 20
14 16 2
10 13 12
0 0 16
5 6 4
0 2 15
22 23 19
19 22 16
12 14 16
22 23 3
18 19 28
18 20 23
14 16 26
10 12 5
1 4 5
6 9 24
15 16 17
12 15 10
7 8 19
12 14 24
16 20 12
0 1 16
7 10 11
15 17 5
13 17 1
8 9 13
14 17 25
4 7 19
20 22 19
8 9 1
18 20 25
16 18 26
2 5 6
19 19 29
3 4 26
9 11 26
8 10 12
11 13 28
16 17 16
14 16 19
21 1 29
21 0 20
16 18 15
4 6 22
19 21 30
8 10 29
16 17 3
8 9 9
10 14 11
7 10 26
15 16 10
13 16 8
5 6 1
3 4 15
5 7 8
18 18 4
21 22 16
16 21 6
17 19 5
12 16 22
10 14 26
0 2 29
15 17 6
17 19 12
0 1 8
5 6 26
4 5 28
9 10 25
2 3 12
16 17 2
7 8 3
10 12 5
17 18 24
4 6 12
15 18 18
16 17 7
13 14 26
7 9 21
17 21 6
12 13 29
10 13 21
1 1 27
4 7 8
16 19 17
14 15 13
11 13 24
3 5 4
10 12 13
15 17 3
13 17 14
19 22 27
6 8 2
15 18 3
9 9 9
7 10 17
4 7 3
4 6 18
1 4 29
15 17 5
17 18 25
6 9 29
23 1 13
12 12 28
16 19 24
4 8 25
20 23 16
15 18 18
15 17 11
11 12 15
4 6 15
10 12 19
4 6 4
9 12 7
1 1 30
21 23 23
12 11 16
16 19 10
1 3 12
18 21 26
16 18 13
18 21 18
17 20 8
18 21 22
10 11 22
17 20 26
22 1 30
14 16 15
6 7 5
15 17 20
1 3 24
5 6 24
10 11 11
19 21 26
19 20 30
0 2 30
10 12 30
18 19 3
18 19 29
4 5 13
1 4 3
9 10 22
16 18 18
2 4 29
19 20 28
9 11 27
4 6 8
15 16 23
20 21 2
22 23 2
8 11 7
12 11 19
15 18 13
11 13 18
6 7 12
19 22 18
11 13 28
13 14 27
1 5 22
9 12 3
4 5 30
23 0 15
21 22 27
2 4 4
23 2 20
8 8 24
22 1 13
4 7 14
4 7 16
15 17 25
3 2 25
3 4 14
21 23 12
20 23 23
4 5 16
19 21 27
13 14 8
6 9 3
8 8 30
2 3 2
10 12 18
14 17 8
2 4 2
11 12 7
9 11 9
3 6 15
13 14 29
10 12 6
16 18 7
11 13 14
19 19 24
13 14 8
9 11 30
22 23 25
13 15 6
5 8 14
20 22 24
15 16 26
5 5 6
11 14 30
2 3 9
17 20 15
16 17 3
20 22 25
14 16 9
14 15 28
20 22 23
1 3 15
7 8 3
2 3 30
10 12 16
2 5 14
5 7 24
8 10 9
10 13 14
19 21 3
13 16 12
6 8 22
8 12 30
13 14 7
16 18 11
14 16 17
22 1 16
15 17 10
18 20 21
7 9 27
8 10 15
11 15 28
22 0 15
23 2 3
20 22 11
21 22 14
14 16 26
10 13 9
7 10 11
14 15 17
12 14 21
2 4 20
19 22 29
1 3 14
18 20 10
7 10 4
13 15 9
10 10 24
17 18 16
20 0 20
15 17 7
23 0 29
8 11 17
3 5 5
16 19 17
8 12 19
7 9 5
6 8 7
19 22 16
14 16 9
14 15 14
3 6 11
11 13 3
8 10 22
1 3 26
19 21 18
18 21 30
6 9 23
1 3 1
0 3 21
13 14 25
5 6 4
0 2 3
23 3 29
13 14 18
3 4 18
21 0 11
2 4 19
2 6 8
2 3 28
2 6 10
10 10 3
11 14 20
12 14 17
5 7 14
17 18 30
17 20 7
3 5 22
22 22 9
22 22 14
23 1 23
11 13 11
4 5 11
17 18 10
20 22 19
10 10 26
4 6 28
6 7 4
3 5 1
6 9 3
2 5 18
12 14 20
14 15 25
4 5 29
18 21 4
4 6 16
19 21 6
11 12 12
16 17 19
14 18 9
3 5 22
19 22 6
19 22 27
10 11 19
22 2 29
17 18 18
13 13 5
2 5 30
8 10 16
2 3 8
12 14 7
20 0 17
12 13 16
13 15 18
19 20 18
10 13 3
3 5 9
23 1 19
16 20 26
5 7 8
3 5 29
22 0 12
8 10 5
23 0 1
3 4 1
23 1 19
18 21 1
7 8 22
5 6 30
8 9 8
1 3 8
13 15 23
22 23 11
9 12 7
8 11 26
11 16 15
23 1 8
11 13 21
21 0 6
20 23 6
10 11 15
9 11 5
6 8 6
4 6 20
0 2 24
2 6 3
18 22 25
20 23 13
18 20 29
11 13 27
8 10 14
8 12 9
21 0 15
20 22 19
17 18 5
6 9 5
4 5 30
15 16 1
23 0 22
13 15 26
9 11 5
12 12 15
14 17 7
0 2 4
14 16 1
10 11 16
4 5 4
11 13 23
15 17 18
5 7 10
17 19 2
6 8 22
15 17 15
23 2 25
10 12 28
16 19 8
11 12 24
22 23 22
3 5 25
4 5 8
17 19 6
20 22 30
11 12 7
4 6 10
6 9 28
11 13 7
17 19 2
13 15 25
6 9 21
23 1 29
17 21 27
7 9 27
15 16 18
4 7 19
1 5 24
14 17 28
2 4 17
14 15 24
5 8 27
5 10 15
6 7 11
19 20 19
5 8 3
15 19 20
11 13 13
19 21 10
3 5 8
1 2 6
9 12 9
18 19 20
5 8 12
7 10 7
21 0 24
21 21 21
4 6 15
1 3 16
6 7 25
23 2 6
14 17 29
12 16 17
8 10 4
11 14 23
0 2 2
13 15 24
17 21 14
16 18 12
9 11 5
14 16 23
5 8 23
17 20 11
16 16 14
8 11 17
16 18 1
8 10 24
10 11 30
13 14 27
4 7 1
5 8 9
2 4 21
21 1 24
20 21 1
22 22 3
2 5 13
14 17 3
18 20 13
2 4 21
14 16 11
18 19 25
1 2 20
19 21 27
18 19 18
7 9 19
19 20 5
7 9 17
6 8 29
6 9 24
21 0 17
9 11 8
21 22 9
14 17 18
14 17 7
19 22 19
16 18 27
12 14 28
23 1 29
7 10 26
21 23 28
8 11 10
21 23 24
4 7 15
10 11 5
2 5 22
18 20 24
0 2 2
17 20 24
20 23 13
22 0 6
5 6 20
21 0 2
9 12 25
18 19 22
22 23 22
0 2 6
23 2 24
0 1 5
15 16 13
12 15 6
23 1 6
18 20 6
23 1 30
22 0 24
12 13 24
20 21 12
20 0 29
19 20 24
16 18 21
14 17 2
23 1 4
6 7 20
19 22 12
13 16 4
5 8 20
17 18 2
6 9 4
22 1 2
15 16 10
8 10 29
19 22 2
21 23 20
21 0 23
3 4 4
2 3 17
22 23 25
21 0 30
8 9 9
19 22 8
8 12 7
7 10 25
2 3 19
1 4 27
2 3 25
6 7 18
16 19 15
0 2 13
22 23 7
7 8 5
2 4 18
8 10 13
15 16 8
18 20 13
0 1 2
4 8 29
15 19 9
7 9 1
7 9 9
1 2 16
21 23 18
15 17 13
10 12 25
12 14 21
3 5 1
18 20 21
10 13 8
2 4 14
19 21 13
16 18 4
7 11 3
23 1 25
16 20 6
15 16 28
15 18 22
11 12 12
10 13 7
0 3 26
13 14 4
15 17 16
5 8 8
23 2 3
17 19 29
2 5 5
6 7 6
1 4 6
12 16 3
1 4 14
10 13 30
9 10 18
10 12 15
13 15 17
0 3 9
18 20 3
9 11 13
7 11 17
20 23 13
14 16 2
19 22 2
10 11 10
15 18 15
10 11 8
17 19 14
8 10 28
13 14 11
17 19 23
11 13 4
16 17 13
20 21 16
4 6 14
0 3 2
10 13 11
4 7 30
12 14 23
10 12 5
2 4 27
7 10 5
11 14 20
11 13 24
19 23 25
13 15 8
15 17 19
12 13 28
18 20 22
7 9 11
15 18 20
16 16 30
1 3 23
16 19 23
7 9 18
0 3 29
1 3 3
6 9 10
17 19 6
15 16 20
17 17 27
10 13 26
15 15 7
12 15 26
16 19 26
4 6 13
21 22 21
15 16 11
6 7 2
23 23 2
11 10 1
21 22 28
3 6 10
18 20 17
11 12 2
0 2 6
23 1 8
11 12 3
16 19 12
7 10 14
12 15 29
17 17 15
4 6 18
19 21 5
2 4 19
22 0 13
5 7 27
2 4 2
17 18 11
11 13 26
19 19 11
2 5 11
23 0 28
10 10 20
7 10 9
15 17 11
19 20 9
13 15 27
10 13 23
13 16 23
18 22 13
1 2 26
8 9 11
15 17 3
3 4 2
12 13 21
4 5 9
0 1 1
23 3 5
21 23 29
19 21 13
6 9 8
0 3 30
8 8 1
8 11 25
8 9 3
22 1 5
13 14 18
5 8 2
21 22 5
12 16 23
4 7 23
7 7 20
8 11 29
22 2 1
0 1 4
9 12 9
15 17 7
15 17 30
3 6 21
23 0 11
0 3 19
22 0 9
1 5 4
5 6 13
4 6 1
13 13 5
12 13 12
21 0 16
12 13 7
9 9 6
4 5 2
17 17 14
23 2 23
6 8 3
18 20 21
8 8 4
9 9 18
12 13 27
3 5 5
0 1 29
7 9 25
17 18 24
20 22 16
21 22 28
10 11 25
7 9 16
18 19 14
16 19 23
8 10 13
2 4 29
16 19 25
18 20 15
7 9 16
14 17 26
8 11 13
22 23 26
23 0 4
17 17 21
19 21 13
7 9 29
23 0 7
13 15 27
2 4 16
6 7 10
10 11 19
19 22 24
5 7 25
23 1 30
21 22 1
2 4 25
22 0 2
18 21 25
12 14 7
10 14 10
22 1 9
4 5 29
16 20 2
1 4 4
17 18 7
15 17 9
1 3 8
14 15 25
12 13 27
7 9 13
11 12 11
1 3 17
16 18 26
1 3 26
17 19 9
22 1 30
1 4 30
21 23 18
23 2 30
5 8 29
19 22 9
22 0 15
9 11 10
12 14 4
9 10 4
21 0 11
23 2 11
5 6 13
8 8 2
7 8 15
10 12 6
9 12 5
7 9 26
22 0 13
12 14 29
4 3 13
13 17 7
2 5 2
7 9 9
22 0 8
17 19 23
4 4 20
16 20 13
6 8 27
0 2 26
23 0 10
17 19 2
9 12 1
15 17 21
7 9 24
12 13 4
6 7 12
14 16 6
1 3 8
19 21 5
19 21 24
0 1 18
14 17 25
18 19 6
1 2 23
22 0 24
17 19 3
17 20 26
11 13 20
5 8 17
9 9 27
2 4 4
23 1 25
13 16 12
9 11 12
12 15 19
4 8 14
1 4 3
11 12 8
6 8 12
6 8 12
3 3 11
4 6 27
12 15 19
7 11 20
3 6 23
4 7 5
19 19 5
11 13 19
4 6 1
22 2 20
4 5 20
1 3 14
17 18 30
9 10 9
19 20 14
8 9 12
21 23 5
10 13 8
5 6 30
12 16 22
11 14 27
22 0 14
20 22 8
8 9 22
8 10 23
17 19 4
2 4 28
5 9 24
5 7 30
19 20 2
7 9 29
22 0 1
23 1 6
6 8 17
6 8 12
23 1 28
23 1 27
22 22 22
4 5 11
0 3 9
7 10 10
14 17 16
8 11 21
20 22 1
13 16 16
14 15 10
11 14 7
11 12 17
13 16 21
5 7 27
7 8 4
16 16 15
21 23 1
19 20 5
9 12 8
0 2 25
13 16 12
4 7 22
2 5 6
23 1 24
10 11 28
11 13 15
10 12 22
16 21 16
8 11 22
23 1 26
18 23 14
20 22 19
1 3 2
23 3 2
14 15 15
3 7 21
1 2 14
23 2 6
23 2 28
15 17 6
13 17 5
12 13 23
21 23 3
13 13 6
23 1 20
7 9 25
0 3 25
11 13 14
16 18 2
18 19 4
22 0 11
12 13 16
9 12 11
9 12 12
1 2 17
22 1 3
20 23 13
8 9 4
21 0 28
22 2 10
13 15 30
8 9 13
23 3 14
19 22 1
11 13 9
18 20 8
22 23 5
15 19 3
6 8 10
20 21 17
19 23 20
14 16 10
1 2 25
4 5 23
17 19 19
16 19 13
22 2 14
20 23 30
18 21 2
7 10 6
6 9 17
6 7 26
11 12 1
0 4 6
8 8 4
17 19 2
21 21 24
12 14 8
20 22 24
17 19 26
1 2 17
9 9 9
19 21 29
8 10 8
17 19 24
9 9 6
10 13 18
5 7 9
4 6 5
3 6 10
13 15 3
12 14 25
4 5 1
18 19 12
9 11 24
4 6 28
15 16 8
1 3 27
3 5 16
18 21 4
21 23 25
6 8 23
18 21 8
3 5 21
13 15 16
12 14 23
7 11 13
8 10 23
0 0 1
5 8 2
16 18 11
18 21 10
16 17 16
14 16 7
18 19 13
3 3 8
16 17 14
21 22 3
16 18 6
0 2 7
23 2 22
5 7 21
21 23 30
3 5 6
1 3 14
1 3 9
12 14 9
15 17 17
14 17 20
0 2 17
21 0 25
22 22 28
18 19 17
18 19 8
5 9 8
13 13 10
10 11 13
1 2 2
14 16 8
19 21 4
22 23 8
15 16 14
3 5 23
20 22 6
6 7 2
3 7 16
9 11 16
11 14 28
19 20 14
12 13 18
12 14 11
21 0 12
23 0 1
7 10 21
10 11 8
18 21 17
3 7 17
18 19 5
15 18 29
17 19 20
8 10 14
3 5 12
12 14 12
10 12 20
1 1 12
1 0 27
10 11 25
8 9 24
3 5 7
19 21 25
22 1 2
17 17 29
23 1 24
14 16 28
4 7 25
16 18 25
6 8 20
15 17 12
10 13 5
20 23 24
18 18 11
3 4 11
5 7 22
5 7 6
23 1 9
14 15 2
5 7 16
22 0 8
10 12 25
17 19 22
6 8 24
23 2 29
4 7 2
20 20 12
18 22 4
18 19 23
13 16 19
21 23 11
2 6 4
9 11 6
18 21 17
8 9 24
10 12 12
14 16 25
0 3 10
20 20 9
10 12 29
4 8 11
20 21 29
16 18 27
13 15 18
21 23 7
17 21 25
20 22 7
12 14 20
6 8 30
21 21 10
9 11 12
20 23 1
3 4 15
4 7 24
7 8 18
16 20 10
4 6 27
23 1 19
3 6 9
18 21 21
11 12 12
4 5 17
9 11 8
7 9 7
5 5 11
16 20 24
2 3 21
13 16 14
16 18 11
3 5 19
14 17 19
21 1 15
14 16 20
6 10 16
22 1 28
19 20 14
0 1 10
21 22 28
20 22 12
2 4 4
1 2 21
9 12 28
16 19 6
4 5 17
16 19 3
21 1 20
15 18 1
15 17 7
18 20 25
6 8 3
6 7 24
7 8 21
13 15 28
20 21 12
3 6 27
14 16 13
22 1 27
9 12 21
21 23 26
16 16 12
3 3 27
13 14 23
3 5 16
14 16 21
2 2 28
9 11 4
13 19 17
17 19 12
5 7 6
23 0 21
12 14 16
21 0 25
16 18 12
8 10 30
10 11 11
14 16 9
16 18 23
21 22 3
20 22 24
17 20 15
13 15 24
1 3 24
16 18 5
3 5 2
18 19 11
2 5 7
2 4 13
9 9 15
1 2 12
10 12 19
19 21 15
3 5 24
0 3 17
17 19 3
13 16 10
14 18 17
14 16 7
2 4 17
6 8 21
22 2 21
0 0 19
2 4 1
15 17 22
7 8 2
11 12 21
8 8 15
0 2 20
23 1 2
16 19 9
2 4 12
13 15 19
14 16 26
22 0 20
3 4 14
1 3 8
17 19 25
16 18 11
17 20 9
9 12 22
16 17 29
21 22 17
13 15 25
1 3 25
14 17 25
1 5 18
5 7 7
7 10 11
7 9 16
2 3 1
5 8 4
6 9 7
15 17 4
14 16 25
8 9 8
9 11 8
18 19 22
0 1 30
22 0 22
17 17 1
8 9 18
13 14 17
23 2 10
12 15 7
9 12 23
15 17 23
8 11 24
12 15 1
10 11 20
14 15 17
21 22 26
8 11 18
2 6 30
22 0 6
5 8 4
3 7 19
4 5 16
13 14 4
17 20 1
3 5 23
6 10 17
2 4 4
7 8 5
7 9 11
13 14 8
11 12 28
10 12 18
23 2 28
0 0 26
0 4 29
19 20 27
19 20 26
4 5 10
5 9 11
12 14 13
10 14 4
3 6 7
21 23 15
20 23 4
16 18 25
7 8 25
1 1 11
17 19 25
0 4 19
8 9 9
13 15 3
17 19 4
2 4 8
20 22 4
2 2 27
12 14 12
2 5 20
13 14 20
9 14 15
4 6 28
6 8 21
18 21 11
22 0 19
4 6 9
20 23 6
9 11 1
21 21 17
10 10 20
19 22 14
5 9 28
20 22 20
15 17 8
13 17 22
12 14 9
15 17 18
21 23 8
9 11 20
11 13 19
22 1 25
13 14 29
2 3 23
2 6 5
14 15 13
21 23 7
4 5 17
23 1 21
21 22 10
20 23 3
3 5 15
20 21 3
16 16 20
16 18 1
3 5 12
21 23 12
15 17 13
0 3 20
21 23 12
11 13 24
9 11 7
11 14 7
1 2 12
5 8 7
16 18 29
2 4 5
17 19 23
22 2 17
17 19 17
17 18 15
11 13 18
4 8 3
3 4 4
12 15 10
14 16 3
7 11 7
17 19 2
1 3 24
15 17 28
18 20 4
5 7 15
13 15 7
23 1 10
9 10 2
21 23 13
23 1 1
23 1 29
22 1 24
4 6 23
15 19 10
20 1 13
18 19 3
1 4 1
19 22 11
1 3 14
12 13 6
1 3 16
13 16 14
17 19 26
14 14 6
21 22 5
13 15 16
12 16 5
2 4 5
10 11 27
8 9 4
8 9 16
18 21 13
14 16 14
14 16 8
15 17 28
14 18 20
0 2 24
15 17 13
20 20 9
9 11 18
5 8 25
19 21 11
11 13 23
3 6 6
17 19 4
18 19 2
10 12 23
20 0 26
0 1 13
10 13 19
20 22 2
18 21 8
9 12 6
16 18 25
9 11 7
10 14 20
9 11 5
5 8 8
14 16 7
11 11 14
17 19 19
12 14 21
9 11 8
1 2 12
9 10 6
11 13 21
8 9 6
22 23 8
12 15 2
21 23 20
20 0 14
3 5 13
13 14 9
3 3 6
23 3 10
16 19 24
4 6 5
18 21 25
6 7 18
0 2 25
2 4 5
18 18 16
11 13 17
3 5 18
6 8 16
21 23 21
3 4 14
16 16 2
23 0 19
17 20 30
1 2 7
16 16 12
1 3 1
21 23 21
23 23 28
12 13 30
14 15 12
4 7 20
11 13 13
4 7 14
13 16 6
1 2 13
6 8 12
17 19 12
20 23 5
21 22 23
6 8 20
18 20 22
13 14 22
19 21 25
11 14 22
2 3 13
2 4 3
1 4 1
21 23 2
14 16 13
7 10 30
11 13 30
1 3 2
12 14 18
8 10 18
18 20 14
20 23 8
22 1 13
20 22 27
17 18 20
12 14 11
21 21 2
7 8 12
21 0 29
6 9 30
13 15 24
22 23 10
11 12 5
2 4 24
6 9 24
0 3 27
17 17 17
8 10 27
7 9 13
2 3 1
1 2 20
11 14 18
11 15 13
1 4 15
7 9 21
9 11 12
23 2 24
14 16 27
13 16 11
18 19 18
9 12 21
13 16 17
20 22 12
2 4 19
6 7 3
14 14 23
2 4 13
14 17 21
7 10 20
13 16 20
7 9 11
8 9 4
0 3 14
10 12 2
11 13 3
9 11 25
23 1 26
8 9 9
13 14 1
19 21 14
4 6 12
14 16 8
17 20 21
6 8 10
6 10 22
19 21 24
0 2 18
16 18 21
23 1 18
2 6 23
1 2 8
6 8 16
16 18 17
21 0 23
11 14 11
6 9 11
8 9 4
3 4 2
20 23 6
11 11 8
7 9 8
19 20 24
22 1 16
11 13 7
9 12 26
19 20 29
6 9 8
21 0 24
21 0 3
1 2 7
2 3 22
19 21 7
15 16 6
17 19 3
1 2 21
22 0 5
0 3 5
22 0 14
8 11 30
18 21 29
12 14 14
2 4 17
17 20 16
21 23 24
0 2 27
9 11 8
23 0 14
7 9 24
8 11 16
3 6 3
14 14 8
23 2 16
22 0 17
10 12 11
8 11 6
6 8 30
14 15 17
6 8 26
23 23 6
16 17 26
7 8 6
10 11 27
15 15 12
20 23 5
10 13 9
3 7 23
7 9 24
20 23 8
23 2 16
14 15 19
23 23 3
5 7 22
0 0 10
16 18 19
19 21 17
5 8 9
11 14 30
2 4 6
10 12 30
23 1 19
22 0 23
14 15 29
0 2 1
2 5 21
2 5 28
22 0 12
6 8 1
11 12 16
15 17 29
17 19 12
3 6 12
10 14 29
10 13 13
22 0 22
11 13 21
21 23 21
12 15 23
9 12 14
7 11 24
2 4 16
4 5 10
4 6 5
23 1 13
9 11 1
5 7 25
22 2 24
18 20 30
12 12 21
20 21 1
18 21 3
0 2 10
2 5 27
8 9 21
23 2 6
14 17 24
1 2 5
0 3 24
19 21 4
19 21 27
16 20 14
6 8 30
10 12 11
23 2 23
19 22 26
14 16 22
10 12 1
16 17 6
9 11 17
7 9 27
14 18 30
10 12 18
3 6 22
1 3 6
20 22 26
17 19 6
0 1 18
18 20 28
19 20 29
22 0 20
2 4 23
17 18 30
12 13 4
18 20 13
9 11 13
14 15 8
20 23 26
17 19 4
19 21 1
0 4 18
14 16 10
19 20 8
9 10 17
7 8 18
9 12 30
7 10 24
22 2 9
1 2 30
22 23 14
0 1 12
1 2 5
4 6 18
2 3 15
0 2 15
5 7 15
3 4 13
19 20 8
4 6 13
6 8 1
13 15 14
12 13 3
15 16 14
9 12 10
9 13 6
21 23 18
19 22 7
10 11 20
21 0 13
23 0 17
8 10 28
6 7 7
4 5 18
7 9 5
10 13 28
7 8 18
8 11 6
19 21 30
14 16 1
9 12 7
23 1 23
2 1 11
19 20 9
17 18 18
21 23 23
17 18 1
13 12 6
22 1 3
23 2 2
3 4 24
8 12 2
4 6 30
6 8 1
1 4 20
14 15 27
9 9 7
10 11 18
23 23 25
11 13 28
0 1 1
15 16 4
12 13 24
5 8 4
6 7 5
7 9 15
16 17 8
0 2 24
7 10 16
2 4 13
20 23 23
16 17 6
21 0 22
23 0 8
5 6 2
21 21 29
3 3 5
8 10 2
23 1 17
17 20 13
2 4 15
15 17 4
15 16 16
1 3 10
7 10 3
22 0 9
3 4 14
22 1 21
12 12 26
8 12 7
5 6 15
22 23 28
9 12 11
13 13 13
11 13 13
19 21 14
8 13 2
14 17 23
8 8 11
15 16 18
8 10 1
16 19 17
13 16 11
21 23 15
10 12 11
20 22 18
3 5 24
0 1 9
9 10 28
6 9 12
7 8 6
11 13 11
17 20 27
16 18 28
4 6 18
10 15 22
14 16 12
12 12 20
20 23 7
8 9 22
16 19 24
5 6 1
15 14 23
16 18 10
5 5 6
3 5 18
16 18 16
0 1 23
12 13 7
5 8 14
21 23 25
22 1 10
11 13 11
9 12 15
17 19 21
19 19 14
9 10 13
2 3 11
6 9 19
22 0 15
23 21 4
4 7 1
0 3 25
23 0 16
23 1 6
15 17 11
0 2 14
9 13 14
3 6 25
12 14 1
20 23 27
12 13 11
6 9 25
21 1 29
13 17 27
18 20 8
6 9 23
8 8 13
21 0 19
22 1 29
10 13 27
10 13 20
14 16 9
9 12 18
23 2 4
1 3 14
4 7 10
16 16 20
15 16 29
12 16 25
17 18 28
6 8 29
3 4 15
16 19 27
7 9 11
15 18 3
0 2 8
23 2 8
1 3 6
21 22 28
4 7 6
11 14 7
13 13 26
9 12 23
23 23 17
9 12 3
17 20 8
11 11 21
0 2 7
15 17 27
17 18 16
10 12 17
9 12 29
6 8 22
0 1 4
17 19 30
8 11 28
12 13 22
1 1 7
5 7 9
6 8 12
4 6 28
17 20 25
1 3 22
19 21 28
16 17 7
19 21 19
3 6 25
9 11 24
6 7 7
13 13 9
4 6 24
18 20 7
17 18 11
11 13 28
15 18 26
21 0 7
15 17 22
23 23 22
7 8 1
2 5 3
5 7 13
8 8 3
0 2 16
3 7 11
15 17 10
23 2 13
19 20 9
14 15 25
16 17 28
15 17 18
2 5 26
9 11 17
7 8 25
21 23 18
9 10 14
0 1 4
1 4 3
18 20 13
18 20 9
23 1 25
23 23 30
12 14 3
21 22 24
11 12 22
9 11 1
12 15 29
16 17 13
22 0 23
11 15 3
7 8 27
17 20 10
9 10 19
6 8 21
20 21 1
13 15 5
16 18 1
9 11 4
14 17 3
2 3 9
16 18 17
4 6 26
18 21 13
1 2 4
23 0 29
16 17 15
12 13 6
7 10 19
8 10 14
19 21 16
14 15 17
20 22 19
13 16 14
19 20 1
23 1 29
6 8 2
6 8 4
18 20 12
5 7 12
8 9 6
18 20 11
3 5 30
14 16 5
16 18 20
2 2 22
13 15 11
23 0 7
7 9 13
21 1 14
2 3 12
5 6 5
8 10 6
17 21 29
1 3 4
12 12 25
8 10 3
4 6 20
23 1 23
21 1 1
17 21 29
0 1 2
3 5 1
7 9 13
7 8 15
21 20 4
1 5 3
22 1 11
9 10 15
14 16 4
11 14 24
10 14 28
23 23 11
4 4 29
9 13 7
2 4 9
16 17 5
1 5 2
16 19 30
5 9 11
11 14 16
14 16 6
11 13 4
19 21 7
16 19 2
19 22 11
2 5 26
11 13 1
9 11 8
11 13 5
12 14 21
23 1 20
7 11 7
12 14 25
11 12 23
12 14 4
1 3 21
9 13 20
7 9 29
2 5 9
16 19 22
0 2 1
18 19 17
7 9 23
5 6 6
13 14 9
19 20 15
7 9 22
6 9 15
13 14 24
17 20 24
0 1 23
7 10 17
6 8 21
6 7 9
7 9 12
21 1 1
12 14 7
19 21 26
21 22 18
10 12 29
9 11 14
22 1 14
20 0 1
3 4 22
9 12 23
10 11 1
22 1 22
23 3 23
3 4 9
12 15 15
2 4 11
14 14 21
12 13 7
19 23 30
9 11 5
21 22 16
21 23 19
23 0 29
10 12 30
18 21 11
5 8 30
9 11 4
0 3 27
18 19 23
8 11 25
20 22 22
5 6 6
0 3 20
10 11 13
19 21 2
11 13 10
13 15 3
2 4 18
11 13 5
0 3 26
13 15 30
20 0 28
19 20 8
10 11 18
8 10 4
9 11 27
13 14 7
23 0 19
8 11 24
13 14 1
2 2 12
6 9 17
13 16 20
14 15 14
22 23 18
20 0 27
13 15 14
5 6 5
3 2 4
4 6 7
5 8 28
17 19 4
1 4 23
14 15 22
10 11 19
2 6 6
12 14 15
12 15 20
7 9 4
13 16 10
21 23 9
22 0 24
21 23 1
22 0 28
6 9 2
9 10 14
13 15 7
2 4 30
11 13 20
15 16 11
13 15 22
10 11 9
17 18 21
0 2 12
15 18 2
18 20 18
20 21 1
12 15 16
8 11 18
1 1 30
10 12 2
22 0 15
16 17 21
9 11 2
17 19 19
12 13 18
21 22 6
16 18 13
11 14 3
19 19 23
18 19 23
15 17 22
3 4 20
16 18 27
15 16 1
17 19 15
17 19 21
10 10 8
20 21 17
14 15 8
2 5 23
10 13 22
15 18 21
7 8 16
11 13 29
3 4 8
0 1 19
10 11 17
17 20 10
7 7 1
7 10 9
16 18 25
15 17 1
10 11 10
21 23 19
20 23 30
1 4 8
12 14 10
11 13 8
0 2 21
7 11 10
5 6 1
21 23 14
15 18 11
23 2 24
4 7 13
16 18 29
16 19 11
3 4 24
9 12 4
7 7 23
16 18 9
6 7 13
4 6 28
21 21 1
4 7 18
15 17 10
1 4 17
3 5 12
3 5 30
12 12 14
20 22 21
11 13 21
17 20 20
12 12 25
11 13 29
22 23 24
7 9 21
6 8 9
14 16 9
4 6 23
19 22 12
6 8 24
7 8 21
4 7 17
12 13 9
8 10 9
1 3 11
16 19 25
15 17 11
15 18 13
22 23 4
8 11 16
14 14 27
4 6 21
1 4 20
11 13 14
2 5 3
14 16 11
17 21 16
5 6 13
19 22 4
18 20 27
5 8 28
18 21 22
16 17 30
10 12 8
2 7 15
2 3 28
23 1 18
16 20 4
19 20 28
15 17 1
20 23 21
16 18 13
9 11 12
5 6 7
8 10 25
21 23 9
20 22 1
12 14 13
1 1 14
8 10 27
20 20 15
20 21 16
7 8 6
22 1 7
14 16 23
15 17 4
11 12 20
12 14 17
20 23 23
8 9 8
12 14 15
12 16 30
3 5 27
13 15 12
14 16 20
23 2 26
2 5 20
20 22 21
13 15 11
12 14 30
21 23 8
21 23 29
15 18 20
10 14 17
11 13 22
22 1 19
2 2 28
18 19 24
11 15 13
17 20 9
3 5 20
23 1 16
22 22 29
17 21 15
23 1 6
10 11 23
17 19 28
15 18 29
5 7 26
17 20 23
12 13 1
7 9 1
15 17 8
19 20 19
19 19 8
21 1 11
13 16 7
21 21 16
0 2 6
17 19 14
5 8 20
9 10 9
3 3 28
5 7 26
21 0 14
8 11 27
11 13 16
1 2 11
13 16 27
16 19 6
15 17 16
16 18 1
17 19 4
19 19 20
12 16 28
0 1 27
14 17 8
20 21 29
0 3 12
20 0 3
4 5 3
21 23 28
1 2 18
21 0 15
10 13 16
19 20 14
15 17 29
10 11 23
18 20 28
17 18 29
3 5 11
11 12 17
0 3 2
18 20 22
22 1 23
16 18 27
15 17 22
3 4 11
2 4 17
21 21 22
19 22 19
17 17 7
8 10 29
11 13 20
14 15 26
22 0 19
19 20 8
13 15 26
20 22 1
13 15 6
14 14 15
4 7 11
20 21 14
0 3 16
4 6 13
19 21 10
15 19 27
23 2 25
1 3 3
5 6 16
19 21 23
16 17 18
11 13 15
4 8 20
15 16 17
15 17 8
10 12 15
23 2 12
11 13 6
0 1 30
0 2 28
14 14 18
10 11 18
13 14 5
16 19 28
6 7 18
14 15 30
7 10 29
23 23 22
13 15 9
10 11 11
3 7 16
17 16 21
0 1 29
13 15 9
5 8 29
7 8 26
18 20 19
18 20 27
9 10 21
18 19 4
13 14 9
3 6 21
6 8 2
21 23 27
21 23 7
4 5 25
23 2 20
15 18 29
15 17 3
14 17 14
23 23 29
1 3 3
6 9 4
20 22 5
10 13 25
16 20 27
7 10 16
17 17 11
1 3 6
5 8 3
0 0 10
13 15 2
10 11 24
7 10 10
7 11 28
16 18 5
5 7 27
11 10 3
13 15 25
12 15 7
1 3 7
6 8 2
7 9 25
21 21 1
21 0 22
16 17 26
0 3 8
10 12 22
17 20 24
6 8 9
23 1 30
13 17 29
5 9 18
13 16 19
8 11 5
6 8 5
12 14 19
5 8 9
4 7 24
16 16 29
8 11 18
14 15 15
9 12 29
18 21 23
18 19 27
13 16 5
4 7 2
13 15 9
17 19 29
22 23 5
8 9 12
23 1 27
10 13 20
11 13 18
16 18 12
12 12 17
23 2 21
21 22 1
13 15 17
14 16 3
10 11 8
2 5 29
6 8 7
15 19 30
1 2 2
10 11 15
20 0 28
5 9 13
2 4 16
9 9 16
2 4 5
10 14 29
23 2 6
17 19 22
0 3 11
21 23 8
15 18 26
0 3 2
14 14 8
18 19 6
3 5 26
12 13 11
9 12 4
21 23 13
11 14 7
18 20 11
3 6 17
11 14 15
11 13 10
16 20 17
8 11 8
19 21 19
0 1 22
22 1 23
4 8 13
19 20 10
9 10 22
6 8 10
18 20 12
15 17 8
14 17 1
21 22 1
17 19 23
20 0 11
4 7 7
2 4 20
9 12 7
14 18 6
10 11 7
16 18 9
7 9 18
13 14 25
19 23 30
1 3 25
4 7 11
20 23 29
20 22 22
21 0 25
14 17 20
21 1 26
14 14 14
20 23 26
14 16 8
21 23 28
4 4 13
20 21 27
13 15 10
11 14 26
3 4 6
5 7 6
12 14 15
0 2 29
19 21 12
1 3 1
11 13 22
17 19 23
19 20 13
9 10 2
11 13 15
10 13 17
11 13 9
13 14 17
2 4 24
4 9 4
19 21 25
5 7 22
10 11 20
18 19 12
23 0 1
14 17 8
11 14 30
14 16 21
7 10 28
1 3 26
12 13 19
18 19 6
10 12 23
4 6 21
14 18 1
14 15 5
22 1 11
19 21 27
21 23 23
2 5 19
13 14 9
15 17 3
11 12 30
4 6 18
20 22 27
7 10 4
15 17 8
18 19 19
11 12 17
9 12 27
20 22 17
3 5 13
14 15 8
23 1 15
16 18 10
6 9 27
15 17 27
6 9 17
21 20 6
2 3 3
6 6 24
4 4 11
21 0 13
10 12 28
21 23 11
6 8 26
3 6 17
6 8 14
9 11 29
18 19 28
13 16 16
13 16 4
10 12 23
9 12 12
14 17 24
10 12 23
15 18 13
17 18 28
22 1 17
4 5 29
19 21 4
19 20 24
17 20 22
12 14 26
11 11 15
5 7 30
15 17 17
8 11 22
7 6 8
22 0 26
11 15 21
15 17 28
12 13 24
1 3 20
12 15 13
3 7 13
5 6 22
4 6 20
14 17 12
17 21 4
0 2 23
3 5 26
14 16 14
10 10 6
8 11 17
22 22 6
16 18 16
14 15 24
6 7 14
10 11 4
9 12 8
15 16 15
18 20 17
21 0 27
8 9 22
13 15 4
13 14 25
18 21 13
4 6 23
15 16 15
12 16 27
10 12 27
5 6 20
22 23 9
17 20 21
12 12 23
8 12 22
9 10 23
15 18 22
6 9 12
13 15 1
0 3 20
22 23 21
0 2 11
3 5 16
10 12 8
23 0 17
10 12 11
19 21 7
0 3 7
5 6 17
9 11 6
8 9 10
4 6 23
7 10 17
17 18 18
0 2 8
16 18 16
12 15 28
14 16 12
16 19 26
23 1 22
19 20 26
13 17 2
5 6 7
4 5 4
9 11 1
8 9 27
3 6 19
13 14 4
16 17 30
23 2 27
7 9 26
10 13 9
5 7 11
4 5 2
11 13 21
7 9 1
12 15 24
19 22 30
13 16 16
12 14 11
15 16 28
17 20 2
3 5 24
10 13 25
23 0 6
5 7 22
14 15 15
0 2 30
8 10 27
5 7 19
23 2 10
21 22 25
17 19 5
9 12 18
1 2 16
2 3 29
23 0 27
12 13 1
19 22 10
17 19 18
6 8 14
5 7 15
3 5 28
23 1 4
10 14 17
18 19 18
2 3 20
18 19 20
11 13 6
12 13 7
16 18 29
5 8 10
6 8 4
0 3 8
12 16 24
23 2 26
3 6 22
16 19 27
23 2 19
13 15 18
17 18 4
10 12 27
12 14 20
7 8 28
17 21 3
10 11 12
17 18 8
13 15 1
16 19 13
15 18 19
6 7 28
8 10 9
16 16 9
10 13 2
5 7 4
20 22 24
13 15 13
0 1 4
1 4 16
5 8 18
16 18 14
2 4 15
14 17 30
17 18 15
3 6 4
0 3 24
19 20 1
20 23 1
3 5 29
10 11 16
16 17 14
14 17 20
23 1 15
18 21 10
11 13 12
6 6 2
16 17 19
8 8 8
21 23 14
7 11 14
13 15 28
17 20 8
20 21 7
22 1 10
11 14 12
12 16 10
17 20 19
1 5 16
10 12 9
9 9 25
11 13 16
19 22 10
12 15 5
14 14 7
7 10 16
16 19 13
3 6 3
1 3 18
12 15 20
10 12 30
7 10 6
3 5 6
20 21 8
2 4 20
19 21 21
17 18 3
9 11 23
22 1 2
9 11 3
1 3 25
19 20 2
13 15 30
15 17 24
8 10 29
13 13 24
17 17 24
7 8 14
20 0 19
21 23 17
15 19 2
23 0 30
21 0 21
9 10 3
2 5 3
23 1 25
1 4 19
9 10 22
9 12 24
19 21 19
2 4 10
9 12 27
4 6 22
1 2 30
6 7 23
1 2 17
5 5 28
2 5 7
10 13 14
5 7 13
15 16 3
19 20 5
11 12 21
1 4 5
5 6 15
0 2 17
22 1 3
0 2 2
2 5 29
7 8 15
19 20 8
18 21 11
2 2 4
5 7 19
14 17 10
13 15 4
22 23 1
8 10 11
7 9 26
0 1 25
21 1 28
10 12 30
0 3 7
5 7 18
16 18 28
0 2 16
5 7 11
21 22 1
20 23 21
22 0 13
1 3 24
6 7 29
3 5 15
7 10 18
0 1 24
1 2 10
18 20 30
20 23 7
15 17 14
8 9 24
20 21 5
14 17 19
12 16 14
20 22 23
11 12 26
13 14 16
11 12 17
10 11 23
4 6 13
10 13 13
17 20 17
16 19 14
3 5 23
20 21 4
7 11 6
14 14 30
18 19 9
0 3 14
4 8 12
21 22 9
13 15 15
2 6 14
5 7 30
13 16 9
12 14 2
14 15 24
10 12 20
10 13 8
0 2 29
0 1 2
13 15 5
20 22 11
5 7 5
18 19 12
6 8 11
18 19 5
7 9 20
19 21 12
0 1 11
20 22 6
4 6 11
1 3 17
6 8 10
5 7 6
4 6 30
15 18 26
3 7 16
20 21 4
11 13 16
8 10 13
4 6 4
13 15 21
16 19 7
20 22 27
11 13 14
8 10 17
18 19 14
12 13 23
2 6 16
0 3 23
15 16 7
7 9 16
17 19 1
1 5 8
21 23 5
14 16 6
10 12 19
20 22 11
10 12 27
13 14 23
21 22 19
5 7 2
5 7 6
13 14 13
18 21 13
13 14 14
17 19 25
19 21 22
23 0 12
17 18 23
0 3 30
15 16 4
6 8 15
9 11 5
5 5 15
5 6 6
15 17 20
8 10 25
22 1 10
13 15 3
17 19 16
10 14 16
11 12 21
4 7 17
5 7 22
16 19 28
23 3 10
22 0 8
2 5 3
15 19 2
15 19 14
18 21 29
16 18 18
19 21 4
13 16 10
3 6 28
6 8 11
2 5 10
1 3 24
21 22 12
19 20 26
4 7 8
18 21 4
0 1 5
1 3 21
23 1 18
7 9 12
20 22 19
21 23 22
23 2 27
2 3 15
15 16 1
0 1 20
13 16 15
5 7 5
12 14 15
18 19 5
1 3 19
15 17 5
19 21 15
1 3 29
2 5 1
16 18 18
14 16 15
23 1 25
18 20 17
23 2 25
10 11 21
6 8 13
16 17 26
6 9 30
3 5 25
11 14 15
1 3 23
22 1 19
18 20 5
12 15 27
4 8 20
6 8 16
6 10 27
7 8 7
6 9 4
21 23 20
5 8 20
12 13 26
21 22 4
2 5 16
5 6 18
5 6 27
23 0 30
3 4 17
14 16 16
8 11 11
20 21 5
8 10 23
7 8 14
13 16 1
3 5 8
7 10 20
9 11 3
3 5 10
13 14 16
2 4 12
18 21 7
6 8 9
4 5 6
0 1 23
14 17 11
11 13 8
7 9 25
0 2 27
5 7 23
11 13 23
15 17 3
15 17 17
16 18 14
20 0 11
1 3 25
10 11 12
3 5 10
3 5 22
15 17 1
3 6 6
17 21 8
18 20 10
7 9 10
1 2 8
6 8 8
10 11 16
8 11 8
19 20 1
0 3 28
21 0 18
20 21 30
8 12 17
1 3 10
2 4 25
8 12 3
23 0 14
2 3 18
12 14 3
4 5 27
17 19 11
12 14 12
7 8 8
23 1 12
2 6 29
8 10 23
19 21 29
23 1 23
16 18 13
5 7 26
13 15 16
14 16 23
23 23 15
6 8 29
0 3 1
12 14 26
14 16 1
19 22 21
17 18 18
20 21 14
19 20 24
16 19 1
15 18 4
10 13 16
12 15 14
9 10 10
19 23 22
15 18 16
23 1 12
17 19 6
13 16 26
16 18 18
3 6 3
21 22 30
10 12 25
19 21 7
11 12 10
14 15 23
9 10 28
9 12 5
18 19 1
16 19 22
12 14 11
1 2 4
20 23 19
23 3 5
18 21 15
22 0 5
12 13 5
7 9 27
8 8 1
21 23 27
6 9 1
4 6 30
20 21 30
12 13 14
0 3 14
21 1 29
4 5 19
2 5 6
18 18 27
9 9 10
11 13 4
0 0 20
15 17 8
0 3 28
1 4 1
16 17 13
20 23 13
21 21 1
13 16 21
18 20 4
17 18 10
6 8 15
2 3 20
21 23 16
19 21 2
20 21 24
14 14 11
9 12 17
8 9 21
17 20 14
8 10 23
3 5 17
15 20 25
14 15 29
0 2 26
15 17 27
13 15 20
16 17 25
17 20 23
16 18 12
6 7 8
0 3 4
21 23 4
13 14 3
23 1 20
3 5 15
1 2 29
9 11 6
19 23 6
22 0 2
3 5 6
12 13 11
5 6 28
11 13 18
8 11 28
10 11 13
5 7 12
19 20 5
22 0 6
13 17 12
0 3 21
7 10 23
19 20 29
8 12 2
5 6 26
8 12 27
17 19 11
3 5 23
14 16 10
19 21 29
3 6 23
9 10 4
14 15 30
22 0 9
5 8 15
7 8 11
14 15 10
0 -1 3
16 19 25
23 2 18
8 11 1
5 7 7
19 23 6
19 22 8
18 19 14
20 22 22
19 22 4
4 4 4
3 6 15
1 4 9
19 21 3
8 11 21
8 11 15
7 8 18
20 22 3
13 14 11
6 7 20
22 1 3
2 4 13
23 1 19
0 2 3
1 4 25
3 6 28
4 7 3
4 4 20
20 21 4
5 6 9
4 5 20
21 22 6
20 21 2
2 3 3
10 12 24
11 13 14
23 1 14
23 23 5
11 14 20
12 13 22
1 3 11
11 12 5
8 11 28
6 7 7
6 9 23
9 11 6
4 6 16
6 7 21
1 4 30
23 2 16
20 21 28
8 12 26
21 22 4
21 0 12
22 0 18
13 15 7
18 21 27
4 5 23
19 20 18
8 10 23
15 18 29
11 14 5
19 21 18
6 6 22
8 11 17
13 14 15
20 23 7
11 13 9
18 20 10
8 9 29
5 7 20
22 1 29
6 10 28
4 7 5
18 20 5
13 15 15
20 21 12
18 21 18
5 7 27
14 19 3
16 19 19
7 9 5
4 6 9
8 11 1
0 2 25
5 8 18
23 1 22
22 1 2
1 3 12
6 9 24
1 1 16
15 16 18
11 13 4
6 10 16
13 15 13
13 14 29
6 8 21
21 22 26
11 15 13
6 8 10
6 9 20
6 7 4
9 11 30
19 21 26
4 4 23
2 3 2
7 11 29
22 1 16
16 19 20
9 11 24
20 23 30
21 0 12
7 10 20
10 12 23
18 19 22
14 16 13
17 19 24
6 9 14
17 18 3
11 13 5
16 18 8
4 6 5
9 12 14
13 17 6
16 18 25
13 16 10
21 22 2
22 0 10
16 18 6
3 6 11
13 13 5
1 5 2
17 19 17
2 5 5
10 12 16
3 6 6
0 3 26
6 6 27
19 21 5
3 3 11
9 12 9
17 19 20
6 8 14
20 22 6
3 5 12
1 2 22
6 7 18
16 17 24
2 2 29
11 13 5
4 5 23
3 4 22
15 19 22
19 21 13
23 23 7
4 4 14
12 14 18
15 18 4
14 15 14
5 6 9
10 12 24
3 5 18
3 4 19
16 18 8
19 20 24
14 17 1
6 8 19
1 1 20
21 0 26
18 20 24
20 22 17
5 6 8
14 15 20
13 14 26
22 0 5
3 4 8
23 2 13
10 11 29
2 5 7
18 20 14
15 17 13
6 8 12
13 15 19
7 11 17
11 14 8
3 6 23
13 14 20
22 0 22
19 21 19
21 23 12
21 23 5
4 5 18
1 3 6
4 6 4
9 11 9
4 5 28
23 23 12
16 17 21
1 3 16
7 8 18
7 11 23
22 0 11
20 23 30
10 11 6
18 21 12
10 12 18
11 12 8
3 6 19
15 16 25
3 4 5
2 5 17
17 18 4
9 11 8
0 2 13
15 17 27
23 4 18
5 6 18
11 15 7
11 13 23
18 20 16
9 9 11
2 4 2
3 7 27
7 10 10
1 3 13
19 21 9
1 4 8
11 13 26
21 22 16
0 2 21
4 8 24
8 10 28
1 2 24
16 18 8
18 20 2
22 23 29
22 23 21
10 13 5
12 13 26
8 9 24
2 3 16
0 1 6
6 8 21
21 21 15
13 17 23
9 10 21
1 4 3
2 3 30
6 8 23
7 9 5
5 6 10
0 1 15
21 22 7
21 23 4
23 1 30
14 17 12
14 17 27
5 7 24
0 3 6
5 6 17
13 14 1
7 10 13
11 14 10
8 11 22
10 13 5
11 13 13
2 4 13
15 15 27
19 21 7
0 1 28
11 13 23
12 15 19
11 13 13
17 19 10
20 22 12
9 11 24
1 5 25
21 23 9
7 11 7
17 17 2
4 4 30
22 23 29
9 11 2
14 16 29
8 9 5
18 20 5
23 2 10
3 5 18
9 11 3
17 19 13
7 10 24
18 22 23
8 10 14
11 14 20
16 19 30
11 13 14
15 18 19
1 4 10
9 10 25
3 5 25
14 15 25
9 10 19
7 9 16
0 2 29
21 21 8
12 15 27
17 16 19
17 18 15
11 14 1
23 1 5
21 22 1
8 10 10
19 22 4
20 21 14
12 14 7
23 0 25
22 23 13
13 16 10
6 8 28
3 5 12
15 18 2
21 23 2
12 15 14
7 11 23
7 8 14
23 1 6
7 7 29
19 22 10
4 7 20
6 8 10
0 2 30
20 23 8
23 1 15
13 14 1
9 10 6
8 9 21
17 19 3
22 0 24
9 10 13
13 14 1
5 6 5
1 3 19
1 2 6
23 0 26
3 6 6
4 3 12
15 16 12
4 6 2
17 19 30
21 0 21
21 23 9
22 2 16
11 14 8
5 5 3
13 15 23
16 15 4
15 17 27
6 7 9
5 6 12
0 2 25
23 2 17
0 2 20
17 19 6
6 8 8
5 6 10
0 3 8
4 6 11
20 23 5
6 7 26
16 19 30
12 14 15
6 6 17
15 16 12
19 21 15
2 5 10
23 0 26
15 17 24
9 11 28
17 19 2
3 6 28
6 7 21
12 15 20
9 11 11
7 10 20
5 6 2
13 16 22
7 8 8
17 20 7
20 22 7
23 0 7
23 3 14
7 9 21
20 22 12
15 19 12
11 14 29
19 21 28
16 17 3
7 8 21
16 18 7
1 1 7
22 0 14
0 1 7
21 23 10
10 13 14
21 0 2
19 21 10
19 19 24
8 11 29
20 23 30
6 7 12
5 6 17
17 20 2
10 11 25
9 11 28
3 4 14
4 8 17
9 12 5
14 15 16
2 3 14
9 12 25
8 11 29
12 14 5
8 11 19
16 17 7
4 7 3
4 6 25
11 13 10
6 6 25
8 12 12
14 17 29
0 2 13
19 21 8
4 6 7
0 2 27
18 18 11
3 5 9
18 21 17
14 15 17
19 23 28
7 7 10
8 11 23
3 4 4
9 11 16
0 2 30
3 4 25
10 12 14
10 12 21
15 16 14
8 11 28
18 19 16
17 19 22
6 10 9
22 23 9
7 9 2
13 15 24
17 18 19
3 4 19
20 23 19
17 20 25
12 13 3
3 4 1
2 4 24
7 10 9
17 20 6
5 7 3
6 8 24
17 22 11
16 17 3
7 9 14
23 1 10
10 13 13
10 12 3
19 21 28
16 18 26
3 6 13
23 2 5
17 17 10
5 6 13
10 13 12
14 16 17
9 14 11
2 5 12
4 6 13
10 11 12
14 17 28
5 8 30
20 20 12
22 23 15
9 10 23
1 3 25
0 1 22
20 22 16
12 15 21
1 3 24
2 5 8
5 7 3
5 8 13
5 8 15
0 2 13
0 1 19
7 10 12
20 23 30
15 16 30
6 9 16
1 4 6
7 10 9
21 22 12
5 9 2
16 17 11
22 0 20
13 16 12
21 22 30
3 5 29
16 18 15
11 12 12
22 1 1
5 8 17
10 11 17
9 9 4
5 6 10
9 12 25
12 13 19
4 4 17
18 20 17
20 22 11
0 2 23
9 12 21
15 17 5
13 15 16
15 17 1
8 9 16
4 4 12
21 23 17
13 17 3
11 13 25
9 12 23
20 22 15
0 4 2
6 9 24
2 3 12
12 14 1
1 3 20
10 12 20
0 3 20
22 23 20
17 18 26
4 5 26
6 9 25
10 12 23
23 1 25
18 21 1
4 5 30
19 21 17
9 11 3
11 13 22
10 10 29
5 6 22
8 11 8
23 1 24
6 9 2
13 16 16
16 19 19
5 7 7
19 21 2
20 22 16
21 21 7
7 9 23
0 2 6
20 20 15
14 16 27
8 8 6
22 23 21
15 17 11
3 5 21
9 9 15
14 13 5
6 7 13
18 19 13
3 5 22
4 5 30
14 17 15
15 16 25
0 3 19
16 18 8
21 23 7
4 7 15
22 2 8
9 11 8
11 13 4
5 6 15
4 5 12
8 12 14
6 8 19
20 23 16
19 22 18
15 16 2
16 20 24
13 14 10
15 18 4
18 21 24
10 12 29
9 11 3
8 11 1
18 21 11
1 4 19
4 6 7
20 21 27
18 19 18
14 16 6
13 16 28
7 8 24
0 2 14
0 0 5
10 12 27
20 22 15
4 7 14
9 11 22
3 5 10
7 9 7
13 16 30
7 8 23
0 3 26
1 3 29
21 0 12
0 2 13
8 11 15
17 20 29
8 10 14
8 11 13
18 19 28
6 7 12
0 1 9
15 18 22
16 18 20
13 14 26
2 4 25
22 1 5
9 12 15
9 10 2
13 17 18
7 8 13
17 18 1
9 10 18
0 2 2
13 15 15
15 19 17
23 0 24
15 16 2
3 5 26
20 23 27
18 21 23
15 18 7
2 4 30
17 19 11
21 23 27
8 9 11
22 22 21
13 17 10
11 13 4
2 5 29
10 12 24
14 17 18
12 15 8
21 0 22
1 2 9
8 11 22
23 2 24
0 2 2
2 2 3
4 6 18
11 12 13
1 2 3
13 16 6
14 17 2
17 20 10
12 13 19
19 21 18
7 9 23
8 10 28
10 11 21
12 15 2
3 5 22
6 8 1
16 17 5
10 12 12
21 0 3
5 8 12
12 14 11
13 15 26
4 6 4
12 13 6
6 8 1
16 20 3
9 9 12
21 0 18
11 14 17
15 18 8
18 21 13
12 14 23
23 0 2
21 23 7
12 14 25
19 20 24
5 8 26
19 22 11
0 1 23
2 5 14
11 12 6
7 9 23
15 16 19
19 21 3
8 10 8
11 15 7
6 8 2
11 13 17
15 17 17
0 2 20
15 18 12
0 2 11
7 12 22
3 5 12
14 14 18
20 23 7
6 8 11
5 8 7
19 19 2
8 8 21
17 19 17
0 1 21
7 8 28
23 1 27
12 15 8
6 8 9
3 6 27
19 22 23
19 20 27
12 13 16
20 22 23
5 7 22
1 4 13
10 11 25
20 0 17
20 23 19
2 5 19
20 23 27
7 9 29
19 20 20
10 13 13
4 5 17
17 20 23
14 16 9
9 12 13
0 3 24
6 7 19
14 16 15
20 21 28
12 15 30
4 5 5
17 19 18
6 8 23
8 9 7
2 3 26
4 6 6
9 11 20
7 9 1
20 22 11
11 11 3
9 10 12
17 20 21
15 19 22
11 14 27
2 5 27
17 19 17
0 2 29
15 16 17
13 17 26
4 7 6
8 10 26
6 7 4
16 17 29
6 8 27
9 11 2
7 9 26
21 0 22
0 2 26
2 2 29
7 9 13
22 0 7
13 16 5
16 18 27
16 17 12
6 8 11
12 13 24
16 17 24
2 4 9
16 19 20
16 20 9
8 8 5
13 14 5
6 8 25
22 1 10
2 3 11
22 1 11
9 11 11
1 3 2
10 12 8
10 12 9
6 9 21
2 5 28
0 3 27
23 1 28
4 6 13
10 13 22
4 5 28
22 0 18
1 3 8
23 0 14
21 23 27
16 17 13
6 6 25
21 0 23
10 11 19
16 18 14
3 4 9
11 14 26
20 0 13
18 19 22
23 1 23
9 13 16
10 12 4
17 19 8
0 2 15
10 10 6
22 0 21
13 15 13
3 5 26
0 5 7
7 8 16
18 21 16
16 17 22
12 15 16
17 17 6
20 22 16
16 18 6
15 18 11
22 2 10
18 20 25
8 9 23
1 4 7
19 22 27
23 0 9
19 20 10
22 1 15
2 3 16
7 9 1
12 14 4
13 13 7
8 9 8
0 3 2
4 4 22
6 8 20
17 19 29
0 3 25
11 13 17
4 7 25
23 2 19
5 5 30
19 21 5
6 9 9
7 9 29
17 20 15
12 14 23
6 8 22
16 18 19
5 6 3
21 0 24
14 15 4
6 8 7
16 17 23
18 20 27
19 21 14
21 22 5
21 22 22
3 4 30
17 17 19
21 0 12
10 9 15
13 14 14
8 10 19
23 0 18
19 21 28
19 21 15
6 6 5
0 2 8
2 3 20
16 19 17
18 19 30
8 11 4
3 5 11
5 8 12
23 0 21
10 11 18
