470 30
14 24 9 28 2 17 21 8 5 27 19 20 8 14 11 10 11 9 13 6 11 17 23 14 19 16 17 13 16 2 
15 18 28
15 16 18
9 10 12
2 5 9
9 12 19
16 16 17
10 12 8
23 1 24
0 2 22
3 6 20
11 14 29
9 10 24
6 7 28
8 10 23
8 10 19
17 20 21
10 12 14
13 15 1
7 10 17
1 3 9
11 14 25
20 22 2
23 1 18
21 23 28
5 9 5
22 2 9
4 7 2
5 7 15
14 17 9
12 13 28
4 5 15
19 21 15
3 4 22
8 9 12
2 5 22
14 16 25
10 11 24
13 13 18
11 13 12
10 11 5
19 22 7
5 9 2
16 17 29
23 3 6
2 5 11
0 2 8
1 2 4
5 7 17
19 21 29
17 19 19
2 3 20
4 8 12
7 9 6
0 1 16
10 11 2
1 3 12
14 16 26
9 13 23
16 18 29
3 3 8
3 4 1
7 10 18
23 2 12
1 4 17
19 21 16
21 23 27
2 4 10
0 3 18
17 17 15
15 16 15
22 0 6
0 1 11
12 13 3
8 10 24
20 21 9
20 21 4
11 13 23
4 6 6
20 23 12
13 15 14
4 7 22
2 4 28
1 6 20
14 15 10
2 4 11
2 4 27
11 15 1
19 21 27
8 11 2
14 15 7
10 14 2
5 6 8
21 1 19
1 6 27
0 1 11
14 16 1
18 19 23
22 23 28
21 20 20
1 1 24
21 22 8
7 10 20
2 2 25
19 21 6
10 12 7
0 3 25
10 13 22
14 16 12
19 20 6
13 16 28
2 3 5
4 6 15
8 8 18
18 20 3
15 17 12
22 23 21
5 7 14
18 20 13
23 2 10
14 16 14
15 18 19
14 16 25
8 10 16
16 17 9
22 2 6
18 20 18
23 0 24
5 7 14
7 10 14
0 2 17
3 6 22
9 12 24
13 15 30
13 17 16
10 12 22
16 18 8
23 0 7
20 21 21
9 11 7
3 4 11
6 7 1
2 3 13
10 10 1
8 10 2
16 18 21
17 20 10
15 16 27
13 15 20
5 7 24
7 9 26
0 3 2
12 15 10
11 12 13
23 1 8
13 15 12
12 15 20
13 15 18
1 4 27
23 2 22
23 2 18
17 20 9
10 11 13
13 15 11
8 10 13
13 17 18
5 7 29
0 1 24
14 16 27
17 18 14
8 10 1
23 0 15
19 21 24
20 23 17
21 22 26
6 7 8
3 6 17
14 15 28
16 19 14
8 10 23
7 9 12
21 1 8
14 15 10
11 13 11
22 0 10
19 19 5
0 2 22
17 18 2
18 19 11
22 0 20
19 21 25
3 5 12
3 4 21
15 17 28
17 17 8
8 9 8
19 22 4
19 22 7
9 10 13
8 10 27
22 0 29
6 7 11
1 3 26
23 0 4
2 4 1
20 20 11
5 7 24
4 6 15
19 19 16
3 6 27
0 1 13
1 3 2
3 3 17
7 11 3
5 5 11
9 11 4
20 22 29
0 1 2
2 3 4
20 22 19
2 4 9
22 1 8
14 16 9
13 14 19
10 10 2
14 15 19
17 18 23
8 9 14
9 12 29
17 19 25
20 21 1
7 9 4
21 1 22
17 19 23
2 3 14
2 2 23
8 9 6
16 19 20
15 17 10
11 13 4
3 5 15
22 0 18
17 19 26
11 11 19
21 0 18
5 8 14
2 3 30
7 8 8
8 9 4
12 14 5
12 16 6
7 9 25
10 12 1
21 0 29
17 19 3
21 23 28
13 15 11
5 8 16
12 15 15
21 0 13
2 4 10
14 15 25
23 0 26
12 15 17
21 1 6
2 4 7
0 1 30
2 4 10
10 13 23
3 5 17
7 9 1
5 7 16
18 21 30
19 21 4
3 4 30
3 5 1
13 15 7
4 6 20
11 12 17
8 10 29
12 12 1
20 20 8
19 21 2
11 12 16
21 23 9
10 14 12
13 15 9
11 12 16
6 7 9
12 15 13
8 10 14
1 2 6
0 2 29
9 11 16
17 20 16
4 7 29
12 13 6
16 18 2
11 11 6
0 2 2
2 3 14
14 17 30
3 4 15
19 20 1
1 2 29
17 19 11
8 9 5
15 15 21
22 1 17
19 21 24
6 8 13
7 10 1
2 5 3
12 15 3
6 7 7
7 10 27
0 1 17
19 21 12
6 8 7
22 22 19
1 2 25
14 15 15
23 1 28
8 11 23
20 22 15
9 11 12
10 15 12
5 8 17
8 9 17
7 9 8
5 10 28
19 21 9
15 15 18
20 23 26
5 8 2
1 3 27
15 17 3
0 2 9
5 8 30
18 20 19
16 18 8
2 6 7
9 11 25
19 20 14
23 2 7
12 12 29
16 19 6
14 16 6
9 13 27
5 5 6
18 21 25
3 4 14
18 21 26
10 13 23
18 21 3
21 0 4
13 16 12
8 10 30
12 12 18
1 3 18
4 5 6
7 9 4
14 15 5
2 4 7
7 9 11
6 8 24
23 1 22
0 1 17
2 4 19
20 23 20
5 7 7
4 7 15
20 21 15
18 20 27
18 21 21
1 2 29
0 4 24
18 18 26
6 7 7
19 20 9
18 19 13
10 11 8
9 11 15
2 4 28
15 20 2
2 4 22
21 0 5
7 9 24
8 7 18
9 11 18
20 22 2
5 7 19
18 20 20
23 2 9
16 17 16
3 5 2
0 2 4
5 9 30
21 23 14
13 15 18
0 1 3
5 6 25
19 21 21
3 4 4
22 22 24
18 21 29
8 9 6
6 7 18
3 5 26
4 8 1
5 8 21
3 6 7
7 9 8
3 5 7
20 22 2
18 19 8
11 11 28
3 4 18
9 10 15
2 4 12
22 3 26
3 6 18
6 9 2
6 7 7
14 17 15
8 10 19
16 16 11
12 14 6
8 8 7
3 5 21
0 1 9
18 19 29
5 8 4
22 0 8
3 4 30
9 11 25
12 14 12
0 4 4
21 21 23
5 9 21
21 23 5
11 13 24
17 19 19
14 16 24
10 12 30
13 15 17
7 9 18
23 23 21
16 18 12
18 20 15
10 13 7
22 2 3
13 15 26
8 10 7
11 13 12
15 17 18
9 12 24
20 22 22
4 8 2
10 13 14
9 11 25
23 2 9
15 16 9
16 18 8
20 22 17
2 4 8
15 17 4
15 20 3
5 7 5
16 18 20
11 13 14
