4760 30
1 27 29 23 2 19 1 28 15 4 20 9 14 8 23 30 25 16 19 29 14 21 9 4 19 1 27 3 13 28 
5 9 5
22 22 16
17 21 28
11 14 27
17 19 29
16 18 29
0 3 12
16 21 17
2 5 1
0 4 12
6 9 13
3 6 3
2 4 17
11 13 17
22 1 11
16 19 28
16 18 24
20 21 5
17 20 3
17 18 10
15 17 16
11 13 2
9 10 1
13 16 21
14 18 28
10 10 9
2 5 13
4 5 28
2 4 26
9 10 7
7 9 13
22 2 27
23 1 15
1 4 2
15 16 7
12 14 11
20 22 30
20 21 7
12 13 9
2 5 7
9 10 20
15 17 7
0 1 7
8 11 14
16 18 4
1 2 24
5 7 29
20 22 13
13 14 27
15 17 3
7 8 4
8 11 6
18 19 13
4 7 3
13 15 9
18 19 3
7 10 13
6 8 14
20 19 19
5 8 11
10 12 8
23 1 14
19 20 27
7 8 8
19 21 23
16 17 22
19 21 26
1 3 7
21 22 20
13 16 21
7 9 9
1 5 2
20 20 13
14 14 15
10 11 29
7 7 23
3 5 9
14 15 2
19 20 18
23 2 14
3 4 28
6 8 20
14 17 18
12 12 21
5 5 9
13 15 1
21 0 25
15 16 25
4 4 10
23 1 6
9 12 8
14 16 7
9 11 2
3 5 4
2 5 27
1 3 3
14 17 28
5 6 30
15 17 9
17 21 26
5 7 15
15 16 16
22 2 11
10 12 5
16 18 15
8 9 19
8 9 23
16 17 21
15 14 30
21 0 15
21 22 15
13 15 25
10 14 1
7 8 12
10 11 30
13 16 13
6 7 18
17 19 20
1 2 18
12 15 17
9 10 3
22 0 26
6 7 9
15 17 19
14 17 18
15 17 30
23 3 29
10 12 1
22 23 19
20 20 25
4 6 10
1 4 5
9 10 30
15 18 19
6 7 7
20 22 27
14 16 5
10 13 15
19 21 19
21 0 30
19 20 3
20 22 20
19 22 7
19 20 28
6 9 15
20 23 29
2 5 24
7 9 6
20 20 9
6 6 24
14 15 11
23 0 17
12 14 28
12 14 23
8 9 25
7 8 5
6 8 2
9 12 24
14 16 20
0 1 25
5 7 13
4 6 19
16 17 15
3 5 22
2 5 2
21 23 15
2 3 27
7 8 1
20 20 30
21 0 3
5 7 2
20 22 21
8 10 28
18 21 30
7 9 12
4 7 9
2 3 8
10 12 23
16 18 22
21 0 16
22 1 28
3 5 24
16 18 1
2 2 9
7 8 26
18 19 2
23 1 16
0 3 1
9 10 21
20 23 27
21 0 14
12 13 20
21 0 4
19 20 15
18 21 28
10 13 20
18 20 9
3 3 5
23 1 15
8 10 5
16 19 30
15 17 19
12 15 27
7 9 24
22 0 16
18 20 8
9 11 15
4 7 25
1 5 2
18 18 4
16 20 10
4 7 20
7 8 20
20 22 9
13 15 7
23 0 6
21 22 15
8 12 8
2 4 13
7 9 1
6 9 15
14 16 18
9 11 22
9 12 24
13 15 13
1 2 28
6 8 1
20 0 5
5 7 20
22 23 12
10 11 29
6 8 29
5 5 13
13 14 20
4 5 28
19 22 23
2 4 24
8 10 30
22 1 24
21 23 16
3 4 7
15 17 15
5 6 24
12 15 9
5 7 26
21 23 25
15 16 1
15 16 1
22 1 2
6 7 13
21 1 30
3 6 25
7 11 1
2 5 21
3 4 18
23 3 6
14 16 2
7 10 16
1 3 22
12 15 26
16 17 29
2 4 24
0 1 12
6 8 16
17 18 16
16 18 12
5 7 25
16 18 27
7 10 20
16 18 12
13 15 8
13 15 26
18 21 9
13 15 29
6 7 18
14 17 2
3 5 2
23 1 13
9 9 3
9 12 18
14 15 21
23 1 18
5 7 6
14 16 26
8 9 24
1 3 2
21 23 28
10 12 19
16 18 30
1 3 4
15 17 14
21 0 17
23 1 1
8 9 2
5 8 21
4 7 27
19 20 15
16 18 21
8 10 12
16 18 15
0 1 14
7 9 2
2 5 12
12 15 23
0 1 16
8 9 18
0 2 18
2 3 4
13 14 25
10 12 24
13 15 1
23 1 28
9 11 7
17 20 20
1 2 5
16 18 28
14 15 15
16 18 11
12 13 2
23 1 26
23 2 18
8 10 17
21 23 13
11 13 24
1 4 15
4 5 22
16 19 12
15 16 6
4 4 3
0 2 13
17 20 4
12 15 1
10 11 30
12 14 29
9 11 18
17 19 27
11 12 16
2 5 9
18 20 10
8 11 12
10 11 7
12 13 30
1 2 23
6 9 16
7 11 1
18 20 27
5 6 8
19 20 30
23 0 14
2 4 29
22 23 6
2 4 17
6 6 19
10 11 10
23 1 24
17 19 29
23 1 25
11 11 5
18 22 21
14 17 10
6 8 28
5 9 7
3 6 28
14 16 26
10 14 21
1 3 18
10 13 24
16 18 25
23 3 10
16 19 11
16 17 7
2 5 12
9 11 5
10 13 5
14 17 19
14 18 24
12 13 6
9 12 28
22 1 11
3 6 2
0 1 25
1 2 15
15 17 21
11 12 22
19 20 19
16 20 24
21 23 27
18 21 19
16 19 23
4 6 19
5 5 15
16 17 27
22 0 29
7 8 8
6 7 27
12 13 10
1 3 14
0 3 19
12 15 5
11 13 10
5 7 12
23 1 1
15 16 15
9 11 21
11 12 12
4 4 3
19 21 10
7 9 29
12 13 3
6 8 30
7 8 16
7 8 24
12 14 22
3 6 14
6 8 12
10 12 1
20 22 21
1 4 28
10 10 1
4 4 29
16 18 16
4 6 16
14 17 23
14 16 3
23 1 12
15 17 2
15 17 10
0 1 27
12 13 28
4 4 7
0 4 2
10 11 1
3 5 8
10 14 2
13 15 8
1 2 29
0 1 11
0 2 10
9 10 19
4 6 25
22 0 22
3 3 24
22 23 10
11 13 29
0 2 5
17 19 13
19 20 19
0 3 6
2 4 23
13 17 21
2 4 1
11 13 20
3 4 17
7 8 3
7 9 18
1 3 8
1 3 23
12 13 28
12 15 4
10 10 8
11 13 27
2 2 2
19 20 19
15 17 5
2 5 28
3 5 12
11 14 29
4 7 14
16 17 19
4 5 17
12 15 27
12 16 16
19 20 24
14 15 10
0 2 16
21 22 18
12 14 8
4 7 11
7 8 16
21 23 23
5 6 13
7 9 10
8 12 19
1 3 3
10 14 5
6 8 20
16 16 20
17 18 9
2 5 27
17 17 14
21 23 6
16 17 18
18 20 20
16 17 13
12 14 12
6 9 18
15 16 2
2 3 25
16 20 12
7 9 13
20 21 8
13 14 2
20 23 17
9 12 28
10 11 16
9 10 19
20 23 6
20 21 19
23 1 11
3 4 3
4 6 8
7 10 13
23 2 14
13 15 15
8 10 28
18 19 19
17 19 27
8 11 16
9 10 29
22 1 18
22 1 5
0 3 3
20 23 21
23 1 11
14 17 6
12 13 9
10 13 4
23 3 14
15 17 17
18 21 27
15 17 30
16 18 14
14 18 20
2 3 25
4 5 17
14 18 29
16 18 20
6 8 29
0 3 21
7 9 7
4 5 6
11 11 30
16 19 23
10 9 15
13 16 18
6 8 14
5 6 19
3 5 2
17 20 6
21 22 21
20 22 30
15 17 4
13 16 30
15 17 9
23 23 9
11 13 1
10 12 19
8 10 22
4 9 9
20 0 30
5 7 26
2 4 7
1 3 27
14 16 13
2 2 25
12 14 23
8 12 12
14 15 30
15 16 4
19 23 25
8 11 22
7 9 27
1 2 19
16 17 23
7 10 23
2 4 1
17 21 14
22 1 14
16 17 10
13 15 6
21 22 7
16 19 12
12 14 25
5 7 28
5 8 22
12 15 16
11 13 25
10 10 12
0 2 16
6 9 9
21 0 12
11 12 20
9 10 13
18 21 5
6 10 21
9 9 30
12 13 12
3 5 18
20 22 15
4 6 13
19 23 2
0 2 16
21 0 19
18 21 16
2 4 21
18 19 20
16 16 10
16 16 18
14 16 7
21 1 2
16 17 12
7 9 26
7 9 21
23 3 5
7 8 13
18 20 16
18 20 30
14 17 18
0 2 26
6 9 10
20 22 27
14 16 20
0 4 9
9 11 10
18 21 15
0 2 8
1 3 9
2 3 3
11 13 19
2 3 8
8 8 10
0 1 15
9 12 3
19 21 24
13 17 22
17 19 12
16 20 27
4 6 26
11 13 1
19 20 6
0 2 21
23 2 7
7 10 25
13 17 4
16 16 3
6 9 9
2 5 7
1 4 8
12 13 21
16 16 22
19 22 6
15 16 4
6 8 9
3 4 26
16 18 2
18 21 4
22 0 7
6 9 28
18 19 7
2 5 6
18 21 12
21 0 10
13 14 24
13 16 29
22 1 8
12 12 14
18 20 24
1 3 27
4 7 22
12 14 12
12 15 7
12 11 17
6 8 7
2 3 13
13 15 2
12 14 8
2 3 7
5 7 25
22 0 1
3 5 12
0 2 11
16 18 20
3 5 5
12 15 2
1 2 21
18 20 12
18 20 8
6 9 18
21 22 16
18 19 22
23 2 21
6 7 19
18 19 12
17 19 16
2 3 16
4 4 8
4 6 13
19 21 17
5 8 3
7 8 12
19 21 27
5 7 13
2 5 25
18 20 26
5 7 24
8 11 17
22 1 3
1 3 26
14 18 28
12 14 2
10 13 27
8 11 15
9 11 25
0 3 26
23 0 21
4 8 22
6 6 15
8 10 21
19 21 27
14 16 18
9 11 9
14 18 29
14 16 12
4 7 24
15 19 9
14 17 8
3 7 25
9 12 8
3 4 1
9 12 18
6 9 12
2 3 14
8 9 15
7 7 27
8 10 27
8 9 11
1 3 23
9 11 28
10 14 28
22 2 18
10 13 30
6 9 21
23 1 6
16 17 16
7 9 21
21 0 24
21 1 5
12 14 6
6 8 15
13 16 24
14 15 12
22 0 23
9 11 4
23 2 14
7 11 26
5 5 6
1 2 2
12 14 25
21 0 26
15 17 7
11 13 13
10 12 15
20 21 13
12 14 11
6 9 16
23 0 12
22 0 27
5 7 18
2 6 9
12 14 4
3 5 20
8 9 13
4 7 8
0 4 22
4 8 25
4 5 19
21 22 23
10 11 9
6 6 11
8 11 23
15 17 18
12 15 19
16 20 12
2 3 8
5 6 1
7 10 8
0 1 22
19 21 29
21 23 26
2 2 6
13 15 2
13 13 19
6 8 15
0 2 5
5 7 19
12 15 8
17 18 21
15 20 10
6 9 25
14 16 23
2 5 3
21 0 3
4 8 30
13 15 19
0 1 11
8 9 29
2 2 10
17 20 27
4 6 17
18 22 26
16 19 10
19 20 1
20 22 2
8 9 12
20 22 14
4 5 20
7 9 30
20 22 13
19 21 30
8 11 8
5 8 27
14 16 23
13 14 30
11 13 16
5 7 26
13 16 1
19 21 1
19 22 24
15 17 11
13 17 26
2 4 26
9 11 20
21 22 8
4 7 10
19 20 9
23 1 12
20 21 11
19 20 9
11 14 3
1 2 5
0 3 10
7 12 5
21 23 25
8 10 17
20 21 20
3 6 11
7 10 16
7 9 12
19 21 29
4 5 3
12 15 4
4 5 26
0 0 21
6 8 15
17 19 24
5 7 25
3 5 20
0 1 27
8 11 14
13 18 8
13 15 5
21 23 28
21 23 22
14 16 8
11 11 11
11 14 14
22 0 10
1 3 8
15 18 7
2 4 17
3 3 21
22 0 10
3 5 11
7 9 3
4 6 4
15 17 12
2 4 1
5 7 30
10 13 1
17 20 7
4 5 20
5 7 24
23 23 7
3 6 10
2 4 7
22 1 17
22 1 16
8 10 20
18 19 13
18 18 2
5 5 14
8 9 7
18 20 29
18 19 2
13 13 4
22 23 11
2 4 28
5 8 6
6 9 20
2 4 28
20 21 2
11 13 26
9 12 8
7 8 23
23 1 26
14 17 15
11 14 28
0 5 26
19 21 2
19 20 19
0 2 9
23 0 30
19 22 17
0 2 16
19 22 6
15 15 7
1 3 27
15 17 2
2 3 28
8 9 14
1 5 28
8 10 22
10 10 13
7 10 6
23 0 9
2 3 24
3 6 29
1 3 13
7 8 21
13 15 3
0 1 4
23 0 5
3 7 29
2 4 3
8 11 18
19 19 2
20 22 27
17 18 24
23 1 22
9 11 5
17 18 25
15 17 1
0 2 10
4 6 12
5 7 15
14 16 13
21 21 8
7 8 20
6 9 12
5 7 21
11 14 1
0 2 5
1 3 14
9 11 27
2 5 21
17 18 25
15 17 29
11 14 1
7 8 29
17 19 30
18 21 24
4 7 21
20 22 27
8 11 3
13 13 20
23 1 12
18 20 5
17 20 12
10 11 1
17 18 9
18 20 19
10 13 26
20 23 21
4 7 4
12 14 6
3 6 3
19 22 26
6 8 1
15 19 6
9 11 10
19 19 12
5 7 8
20 21 30
8 11 13
20 22 30
1 3 12
13 15 14
12 15 11
16 19 18
15 15 22
17 19 16
23 1 20
11 13 25
16 17 24
12 14 13
9 11 29
8 10 8
12 16 21
8 11 29
11 15 1
5 8 29
12 15 23
15 16 6
0 4 17
2 4 4
19 22 23
12 13 8
3 5 15
19 21 22
7 9 20
1 3 7
23 1 20
9 11 10
0 2 4
23 1 22
21 23 7
3 4 4
7 10 22
13 15 25
14 17 7
19 20 19
0 1 8
16 17 17
20 20 17
4 6 19
8 9 20
1 2 29
10 12 8
10 12 10
6 7 7
6 7 7
6 8 23
12 14 17
15 17 9
4 7 19
16 19 12
1 3 22
13 16 29
1 3 26
3 7 10
17 20 6
21 23 7
23 1 11
16 19 3
0 2 29
20 23 25
21 1 20
6 8 27
19 21 30
3 5 24
3 5 14
0 3 5
21 23 19
2 4 18
18 18 14
0 3 19
9 10 13
16 18 28
15 16 17
6 8 16
15 16 29
11 14 4
23 1 26
21 0 19
10 12 27
3 5 3
19 22 27
7 8 19
11 12 1
5 6 25
12 13 3
20 22 3
20 22 28
11 13 16
2 3 25
4 5 3
22 0 2
15 19 6
20 22 25
4 6 1
8 10 11
3 5 6
3 5 7
20 23 4
1 3 26
11 12 5
14 16 10
9 12 3
9 10 5
23 1 11
20 22 15
5 8 16
18 19 19
3 5 13
10 13 24
4 6 3
20 22 30
2 3 22
23 2 18
9 11 15
10 10 26
9 11 28
9 10 8
20 23 19
21 23 22
9 13 24
22 1 2
23 2 28
4 6 16
10 13 25
17 20 10
19 21 4
21 23 20
12 15 4
12 14 22
3 5 21
19 22 30
19 21 16
1 3 20
20 22 25
19 21 26
2 3 11
17 17 24
7 9 14
20 23 1
5 7 24
11 14 9
5 7 6
20 23 10
13 13 24
13 17 25
21 22 27
12 14 11
22 0 11
13 15 28
2 5 6
10 12 26
15 17 7
21 23 17
16 18 18
10 14 3
8 11 22
0 2 17
22 0 7
16 19 30
11 11 26
15 18 23
18 20 9
20 22 29
1 4 1
9 12 3
22 0 24
11 12 25
1 3 18
2 3 12
22 2 29
5 8 2
7 9 18
15 17 16
13 13 20
13 15 16
19 19 21
21 22 17
13 15 17
4 7 19
8 11 14
23 2 21
16 18 3
22 0 1
6 10 11
7 10 24
6 9 14
18 17 4
14 17 14
5 7 10
2 4 15
6 8 28
13 16 30
17 20 10
0 2 1
10 13 8
16 18 10
12 12 7
8 10 29
3 5 7
15 17 7
18 21 2
2 4 30
2 4 25
17 18 9
20 22 9
19 23 27
3 5 10
22 23 28
8 11 22
14 15 21
10 12 11
20 22 5
19 21 14
23 1 2
18 20 8
20 21 21
20 21 22
9 12 29
22 23 10
19 23 4
11 12 1
4 7 20
22 23 26
14 16 27
9 11 18
21 23 25
7 9 25
8 10 5
22 0 3
20 22 26
13 15 3
0 1 7
15 18 24
15 17 24
21 1 1
22 1 1
17 20 3
2 5 11
10 13 2
12 15 4
11 12 3
2 4 1
12 15 3
23 1 21
13 15 24
20 22 1
23 0 1
19 21 9
4 7 17
4 7 24
17 19 13
19 21 27
3 5 14
4 5 7
20 21 24
22 23 10
17 19 24
3 4 16
0 3 12
5 6 14
16 17 25
0 2 11
3 4 20
9 9 11
8 10 22
9 11 2
5 6 8
8 10 2
5 7 23
1 3 2
23 2 15
8 11 25
19 23 12
4 4 2
5 7 29
22 1 20
16 18 3
1 3 4
18 21 14
3 5 15
17 20 4
13 16 20
6 9 10
23 2 20
21 23 10
11 14 23
3 5 9
0 2 4
7 9 14
4 7 14
14 16 23
6 8 5
14 17 6
7 10 3
12 12 1
5 8 27
5 7 12
18 18 13
14 19 6
8 9 12
11 12 29
3 4 9
19 20 5
23 1 1
20 0 22
7 9 30
23 1 17
2 3 29
12 13 6
10 13 7
6 7 8
5 7 18
4 6 1
2 4 15
15 17 22
19 21 7
3 4 1
15 17 16
16 18 8
2 3 14
18 20 12
17 20 14
7 7 4
2 4 21
6 6 5
7 9 8
11 13 13
2 5 19
7 10 6
9 12 20
15 17 16
23 1 28
19 19 9
9 10 3
7 11 26
10 12 3
23 0 27
1 3 15
12 15 23
10 13 16
23 23 11
3 6 6
14 14 11
13 15 4
0 3 23
14 14 12
4 6 24
20 21 10
9 11 6
4 6 29
1 3 22
11 14 27
21 0 12
21 1 9
11 13 12
16 17 11
1 4 9
7 9 5
8 9 18
17 19 27
5 8 17
13 16 7
5 7 27
3 5 9
4 6 6
4 7 17
9 13 24
0 4 21
6 8 7
9 12 6
20 22 26
3 6 21
15 18 23
14 15 18
18 21 1
14 15 29
22 23 3
17 19 2
15 18 21
1 2 7
17 20 26
18 19 24
11 14 10
0 2 26
17 18 15
12 13 28
17 19 13
10 12 13
22 23 19
12 12 22
14 15 18
8 10 22
14 15 26
7 9 13
11 12 26
0 1 23
19 21 17
12 15 17
4 6 5
9 11 20
5 8 26
8 8 13
2 4 10
15 16 9
21 23 15
19 21 3
14 17 1
22 22 26
15 18 25
7 10 25
13 14 15
2 4 12
12 13 28
6 8 20
4 7 11
6 8 30
9 12 22
17 19 13
6 7 2
18 21 8
23 2 15
0 2 2
12 15 22
4 7 24
15 17 8
12 13 26
10 11 10
11 14 8
13 15 16
4 6 28
8 9 1
20 19 15
2 4 12
10 12 8
9 9 27
19 21 17
20 22 16
15 18 5
8 11 10
10 13 3
8 10 13
18 19 3
9 8 17
5 8 20
5 5 18
1 5 20
11 12 14
5 7 11
15 17 20
21 23 8
7 10 4
21 23 21
22 0 22
22 0 11
19 19 10
7 9 23
9 12 29
8 10 5
5 6 21
11 10 27
17 19 22
17 19 24
22 0 19
3 5 23
7 9 28
23 2 22
18 19 3
4 6 13
6 9 12
2 3 25
17 19 14
11 12 8
22 1 14
7 7 3
20 20 16
23 2 18
1 2 25
12 14 17
20 21 17
7 9 20
18 20 18
23 0 14
4 6 29
4 5 28
1 2 19
4 4 19
13 15 2
21 1 21
21 23 7
23 0 28
3 5 12
4 5 23
21 23 7
9 13 9
22 23 3
23 1 21
16 17 23
12 14 9
7 10 25
21 0 12
11 12 1
1 3 24
0 2 14
10 13 18
20 22 16
10 11 19
11 13 17
10 12 6
16 19 26
10 14 10
12 14 5
19 21 12
12 14 8
7 10 24
0 0 25
15 15 11
16 18 16
20 22 11
22 23 24
4 6 2
20 23 30
11 14 4
20 22 5
6 8 30
15 18 12
8 9 3
5 8 13
6 8 10
18 20 8
9 11 2
8 10 2
4 6 20
18 20 30
3 4 29
4 6 12
9 12 29
15 17 12
1 4 7
16 19 13
16 17 29
15 18 10
5 8 14
8 10 21
20 22 22
16 16 22
6 7 20
10 10 9
7 9 10
10 13 30
11 13 24
0 1 25
3 3 23
6 9 29
21 22 11
9 11 19
14 16 4
18 18 1
22 0 5
22 1 21
7 9 16
18 21 2
21 22 16
15 18 13
1 3 19
4 6 3
0 2 22
16 19 17
7 10 16
8 9 26
20 21 30
7 10 12
1 1 22
16 18 16
23 1 16
2 2 3
1 3 25
5 8 29
5 7 20
8 10 18
9 10 22
11 14 15
20 0 12
12 15 25
5 8 15
1 4 1
18 19 28
20 23 3
4 7 21
10 12 22
0 1 30
3 4 21
1 2 20
19 22 8
5 8 2
3 6 4
4 6 24
20 22 16
12 14 6
9 12 8
0 2 9
9 11 9
17 17 13
21 23 25
16 17 10
9 11 11
14 16 4
23 1 19
6 8 30
7 9 13
18 21 15
1 2 15
14 15 6
4 6 4
14 16 14
10 10 19
9 10 7
10 11 21
5 9 16
1 4 22
16 17 24
3 7 25
7 8 6
14 16 9
6 9 14
4 5 13
22 23 22
23 2 30
0 1 23
6 8 19
22 0 22
20 21 18
14 18 13
15 16 23
13 16 25
2 4 14
22 0 30
15 17 14
11 13 18
15 18 12
10 12 19
19 21 26
12 13 13
16 17 5
23 1 2
2 5 29
3 5 3
12 15 22
14 15 20
22 1 18
22 0 6
1 4 27
10 10 9
7 10 8
3 3 8
2 4 11
8 10 7
22 1 1
3 6 3
16 17 28
17 18 12
3 4 7
2 4 14
19 22 13
22 23 4
16 18 10
16 18 16
20 22 22
16 17 23
7 7 22
3 4 5
0 3 22
11 12 2
10 12 11
8 11 1
1 2 28
3 6 23
13 14 11
18 18 10
16 18 16
4 6 18
22 23 19
4 6 13
2 4 4
21 0 22
21 22 23
22 0 1
3 4 9
20 22 7
12 15 15
5 8 18
15 16 20
21 23 17
22 23 12
2 5 11
15 16 27
20 21 6
8 9 18
13 18 25
14 17 25
13 15 28
1 2 26
0 2 15
18 20 5
22 0 16
4 6 19
6 7 8
23 0 4
15 18 15
14 16 10
18 19 12
16 18 9
2 4 22
5 7 22
3 5 18
9 10 30
14 16 13
23 1 2
10 12 14
12 14 26
14 17 1
0 2 14
10 11 12
9 11 14
23 2 7
16 19 15
9 11 13
13 13 15
7 8 3
8 11 20
6 7 22
21 23 5
15 16 19
5 8 19
20 23 8
23 0 17
6 8 27
2 4 24
11 13 25
9 12 7
19 22 3
9 13 8
7 10 5
17 18 13
4 6 14
21 0 19
6 7 20
4 7 9
9 10 8
10 14 30
6 8 7
10 12 12
9 11 10
13 13 23
13 15 4
2 3 6
2 4 30
18 19 18
15 17 2
17 20 22
19 21 23
17 20 3
2 4 11
10 11 19
1 2 3
2 4 27
19 20 18
16 17 11
23 1 5
0 3 29
11 12 10
14 16 21
2 4 17
3 6 28
4 6 5
21 23 11
1 1 10
15 18 18
8 9 7
2 4 15
9 9 3
22 0 16
15 18 25
15 17 6
7 8 25
9 13 20
9 10 29
17 19 5
3 6 17
21 22 13
0 2 3
4 5 25
8 10 21
23 0 29
7 10 5
21 0 20
15 16 26
5 7 19
22 1 22
23 1 16
21 0 30
19 21 25
21 23 11
1 4 2
1 1 17
14 16 30
20 23 9
16 19 13
6 8 5
18 20 7
4 6 22
15 17 1
13 15 8
20 21 12
7 8 21
3 4 29
14 16 1
2 3 8
8 11 27
18 20 25
5 6 1
21 23 3
21 23 6
17 18 13
2 4 24
9 12 26
17 18 3
4 6 18
4 6 23
8 10 25
21 23 5
7 9 16
21 21 29
8 10 10
9 11 20
20 22 27
21 22 27
17 20 10
18 19 29
17 17 21
7 10 14
2 4 14
8 10 7
21 0 22
13 13 15
17 17 28
7 9 30
18 20 4
11 14 1
20 20 28
3 4 27
20 21 22
19 21 27
12 14 2
21 23 16
23 3 1
1 3 9
2 5 10
9 10 27
19 22 29
4 5 27
2 6 6
6 8 20
13 13 26
16 20 23
22 23 10
9 9 9
14 17 18
2 2 2
5 8 11
17 18 17
23 2 22
12 14 27
22 1 6
16 18 1
6 8 1
0 2 10
14 16 26
2 4 6
2 3 2
6 9 24
23 2 18
0 1 10
22 23 11
14 13 30
12 14 28
22 0 25
5 7 24
10 12 23
11 13 3
22 23 7
18 20 4
8 10 19
3 6 4
8 9 20
19 22 5
20 22 28
16 17 10
4 7 3
9 12 26
14 17 2
8 9 18
20 20 5
10 13 1
2 4 27
8 10 27
4 6 19
6 6 4
23 1 10
3 5 6
7 9 10
18 21 27
14 18 13
15 18 4
22 23 21
7 9 2
13 15 10
18 21 26
21 23 14
14 15 17
23 0 1
21 23 8
20 22 20
9 10 21
8 11 23
20 23 15
14 18 21
16 17 26
2 2 2
13 16 15
9 10 22
22 0 25
2 3 26
23 2 17
7 9 5
16 17 28
23 23 28
5 6 13
23 1 11
5 8 15
12 15 9
14 16 4
13 14 10
23 2 25
16 18 26
17 18 29
5 8 29
0 3 12
19 22 28
8 11 11
10 11 2
12 15 15
9 12 17
17 18 1
6 9 14
6 7 17
9 11 28
11 15 13
11 12 2
9 12 13
14 17 15
10 12 6
20 22 25
19 21 25
4 7 6
11 12 17
3 6 28
6 9 23
15 16 16
6 7 10
19 21 22
23 0 24
14 15 7
18 20 29
17 19 13
12 13 8
21 1 6
19 21 24
12 15 10
5 5 20
19 21 15
14 15 18
11 13 10
7 10 30
2 5 12
6 7 1
3 4 26
19 21 18
9 13 13
14 15 10
17 19 24
14 16 24
17 19 13
21 23 30
16 16 2
5 6 1
19 22 4
20 22 7
3 2 6
9 11 22
3 5 30
8 11 19
11 13 21
1 4 24
6 8 9
8 11 5
10 14 13
10 12 2
19 21 26
18 18 6
14 16 18
8 8 3
9 11 22
7 9 16
7 8 6
17 17 21
19 23 18
11 13 24
0 2 21
4 4 5
5 6 5
7 9 22
0 2 9
19 23 24
21 23 26
10 10 7
0 1 9
22 1 3
23 2 3
20 20 9
22 2 12
20 22 19
5 7 23
9 8 14
7 9 13
17 19 20
12 13 8
7 10 19
8 11 4
0 2 29
19 22 1
6 9 24
21 23 16
1 3 19
17 19 29
10 14 14
1 7 5
23 2 4
19 20 16
3 6 6
5 7 12
7 9 13
17 17 16
19 20 18
4 6 11
12 14 28
14 16 22
1 1 12
10 10 27
8 9 20
17 20 11
15 18 9
23 2 19
4 7 24
4 7 19
15 17 1
2 5 13
13 15 5
23 3 25
16 18 4
6 9 8
0 3 12
12 12 9
15 16 22
16 18 4
22 0 20
1 4 20
22 22 7
13 14 9
3 5 24
19 20 12
4 7 11
20 23 25
13 15 17
5 8 12
4 7 26
16 16 21
5 6 6
22 0 20
2 5 24
5 7 28
11 14 13
3 4 11
0 2 10
8 9 11
13 14 26
13 14 26
1 3 4
6 10 4
13 15 26
13 15 23
18 19 29
10 11 11
5 8 24
10 12 15
1 4 26
9 12 28
10 12 22
23 1 5
3 4 24
1 2 15
21 23 20
12 14 3
19 20 3
20 22 27
14 16 2
5 7 14
5 7 6
16 16 22
22 0 12
3 5 17
7 9 7
4 6 12
0 1 29
23 0 3
23 0 3
7 11 11
20 22 28
4 6 1
16 19 6
7 9 14
18 20 9
3 5 4
19 20 20
15 17 14
4 5 21
21 0 21
5 7 25
10 12 17
7 10 29
15 18 13
11 12 6
22 23 28
22 1 26
2 4 27
4 4 4
20 21 23
11 14 23
23 1 12
18 20 4
14 15 28
18 21 14
19 22 2
17 19 16
14 16 19
6 7 1
15 16 29
9 11 30
15 17 14
21 23 9
20 23 8
18 20 22
2 4 26
21 0 28
16 18 12
1 4 13
0 3 2
8 9 6
14 17 26
8 10 26
22 1 16
17 21 17
19 21 5
9 11 18
7 7 7
17 20 16
2 2 17
17 20 19
9 11 16
11 14 28
5 6 27
16 18 7
10 12 14
3 5 25
21 23 17
21 23 9
8 11 7
4 7 6
20 22 17
23 0 6
5 6 10
4 6 15
20 21 14
16 19 11
2 3 7
14 14 30
1 2 29
1 4 19
2 3 4
21 23 15
11 13 25
19 21 22
4 6 25
21 23 17
6 6 24
23 1 21
8 9 10
8 10 23
6 7 25
5 7 3
6 8 24
20 21 15
6 10 24
12 13 7
2 5 25
12 12 4
19 19 25
2 4 15
4 6 22
18 18 1
7 9 11
16 17 22
5 5 22
9 13 25
10 12 10
16 16 15
20 23 17
13 15 6
8 11 7
23 2 7
21 23 10
5 7 9
21 23 8
0 3 10
20 20 16
18 18 7
2 3 7
18 19 23
14 17 5
17 17 12
14 15 6
0 2 29
2 5 18
7 7 16
7 8 22
11 13 12
16 19 24
20 21 20
16 18 11
16 17 12
20 22 6
6 9 22
8 10 8
15 17 1
19 20 11
11 14 26
6 10 30
5 7 16
21 22 9
23 2 16
8 8 15
0 2 27
19 22 27
11 14 26
11 12 13
4 5 10
21 22 14
11 14 14
4 6 27
23 23 25
17 18 6
1 4 8
15 18 27
12 14 19
21 23 23
6 7 18
18 19 15
17 20 21
23 3 18
21 23 11
20 22 25
6 9 26
8 11 28
12 12 19
2 6 2
15 15 20
11 13 11
8 12 14
18 22 25
15 17 19
14 17 27
16 19 26
10 11 3
19 22 29
3 6 10
15 14 14
20 21 6
23 1 11
21 1 22
17 18 26
4 6 12
10 11 11
4 7 24
10 11 23
10 11 15
16 17 13
23 3 8
19 20 11
7 9 28
18 20 7
3 6 17
18 19 24
1 5 5
1 4 19
19 21 2
19 21 29
4 7 12
16 18 10
17 20 28
13 16 20
22 0 24
11 14 7
5 8 28
15 16 2
10 12 12
3 4 20
23 1 2
9 12 14
1 4 19
8 10 29
14 16 7
22 21 4
15 18 6
21 23 1
6 9 13
1 3 19
0 0 11
15 15 25
22 23 16
16 16 15
23 0 14
0 2 17
7 8 14
13 16 4
4 7 24
18 19 21
12 15 14
23 1 10
20 21 5
7 8 8
22 1 17
9 12 16
16 17 6
21 23 16
14 18 28
16 18 22
20 21 9
14 16 26
3 5 22
14 16 12
1 3 5
15 16 4
8 9 16
0 2 15
4 6 20
19 21 14
6 6 4
11 13 19
6 6 10
7 9 29
17 18 2
7 8 12
23 2 21
1 2 25
7 10 23
21 23 19
22 23 28
0 2 1
23 1 21
11 13 22
20 21 2
6 7 30
5 6 26
8 9 19
12 14 23
14 14 12
11 14 6
18 19 21
8 9 28
22 0 12
23 0 3
18 19 19
16 18 28
22 23 29
8 12 24
18 19 12
6 5 30
15 17 9
9 11 28
20 21 28
2 4 13
15 18 4
13 13 3
14 16 30
7 10 25
20 23 18
15 16 4
5 8 30
23 1 23
21 0 17
15 16 14
10 11 16
3 4 23
21 22 12
18 23 6
23 0 13
1 2 29
8 9 14
6 8 6
22 2 14
21 23 7
13 17 11
10 13 2
13 15 9
23 1 30
11 13 19
11 12 6
21 23 11
23 2 2
22 0 8
0 2 30
6 9 18
11 14 1
7 8 29
19 22 1
0 2 19
10 12 20
1 3 14
12 13 30
11 14 18
0 3 29
2 2 23
10 12 19
10 13 1
13 14 23
22 0 1
8 11 4
7 9 7
15 15 11
13 14 25
21 23 3
21 23 27
4 8 15
18 20 16
1 2 29
4 6 30
16 17 26
16 19 1
2 5 12
5 7 1
9 12 27
2 4 2
8 10 11
11 12 28
8 9 19
19 23 13
13 14 10
1 3 6
17 19 16
20 22 1
17 20 7
14 14 19
14 16 6
3 7 21
0 3 2
5 8 3
10 10 24
23 23 4
8 9 13
7 7 6
23 1 27
3 7 14
17 19 6
23 23 22
3 5 7
11 13 24
0 4 14
20 21 8
15 17 12
12 14 1
10 13 5
16 19 3
9 13 24
3 6 30
22 0 26
14 16 5
7 7 12
5 6 5
9 12 6
8 10 22
18 20 14
20 21 23
22 0 21
4 7 29
16 17 18
15 16 23
4 7 20
13 15 9
13 14 3
9 11 2
6 9 14
16 17 4
23 0 17
22 0 19
3 7 24
5 5 5
16 18 15
13 15 11
16 18 23
19 21 4
11 14 18
16 18 25
9 12 13
19 19 27
20 22 14
2 2 19
0 1 16
18 19 17
10 11 18
19 21 8
19 20 10
2 4 23
14 15 29
4 4 28
10 12 6
22 23 24
1 4 30
6 8 19
2 4 10
10 13 28
10 12 3
7 11 6
11 13 3
8 10 18
0 3 17
0 1 11
20 23 10
0 3 29
2 5 15
8 11 5
11 12 17
6 7 4
7 9 16
8 11 9
8 10 13
5 7 1
5 6 16
9 10 1
3 5 29
11 13 16
13 15 7
3 5 21
6 8 19
7 8 20
18 20 10
5 6 12
17 19 29
20 22 26
2 4 22
15 16 2
0 3 25
8 9 22
6 9 4
22 22 23
23 1 27
1 2 22
6 8 29
20 22 13
3 4 29
9 13 18
22 0 20
6 8 9
21 21 21
19 21 4
16 17 9
11 13 23
13 16 13
20 23 23
23 2 16
8 10 16
12 13 3
2 4 28
3 6 17
22 22 10
12 14 26
23 3 27
2 2 8
22 0 13
12 14 28
21 0 18
13 17 21
16 17 7
17 20 5
10 12 8
12 14 16
0 2 21
4 8 21
20 20 2
8 10 4
0 2 24
14 18 22
9 11 27
15 16 2
8 9 28
20 20 30
3 4 18
20 21 7
11 14 15
13 15 4
17 21 18
14 16 4
5 9 14
15 16 24
15 19 28
20 22 1
4 6 7
10 12 3
23 1 23
10 13 3
10 12 6
9 11 11
1 2 4
7 9 1
15 19 6
10 13 2
14 17 29
20 23 17
14 14 11
12 15 26
5 7 13
12 14 11
0 3 15
11 14 3
5 7 29
20 22 24
7 9 3
0 2 10
0 3 27
0 1 17
22 0 27
12 14 12
1 3 26
8 10 13
4 5 7
8 9 19
20 22 22
17 17 18
15 16 15
21 0 1
6 7 2
15 16 26
15 17 9
8 10 5
21 21 6
17 19 24
11 12 18
6 9 16
10 12 25
1 2 30
20 23 23
3 5 25
4 4 8
6 7 13
22 1 29
4 6 8
15 17 27
18 20 3
19 20 20
18 19 6
17 19 1
13 14 19
17 19 14
13 15 25
8 13 25
18 21 4
4 5 5
18 19 30
14 18 2
9 13 13
5 6 4
15 17 23
12 14 6
11 15 2
22 23 23
2 5 13
10 13 18
10 13 6
15 17 2
12 13 4
4 6 3
19 20 11
4 4 2
4 6 14
14 17 5
8 10 10
6 8 2
16 18 9
7 11 21
19 21 12
13 15 9
5 6 26
21 0 8
0 4 24
4 6 5
18 20 2
5 5 28
12 15 26
8 8 10
5 9 12
5 6 10
4 7 21
8 8 14
17 18 4
6 8 24
17 19 10
19 22 2
12 13 23
2 3 20
21 22 24
2 4 10
1 4 5
8 9 15
11 14 14
5 9 25
3 6 17
15 17 6
4 6 7
17 20 18
23 2 17
14 16 19
7 9 7
21 0 16
20 23 3
22 1 28
20 21 15
6 8 12
18 20 9
5 8 11
19 22 11
7 9 20
19 19 24
22 1 4
19 20 17
13 15 29
18 21 9
4 8 27
19 20 29
12 14 21
23 0 14
10 11 20
18 20 13
6 9 28
11 14 13
1 3 27
12 13 3
15 17 7
15 17 14
3 4 24
12 14 5
11 12 28
11 13 30
5 8 19
4 7 12
11 12 6
9 10 5
16 16 10
7 10 26
5 6 26
21 22 19
6 8 13
20 22 4
20 22 6
6 9 15
22 0 19
14 15 12
5 7 30
13 16 29
15 17 6
9 7 16
5 9 20
3 6 2
8 10 28
18 21 3
9 11 23
1 3 8
20 22 25
10 13 28
20 22 22
3 4 8
22 1 9
18 20 12
6 8 9
2 3 11
23 0 21
1 3 15
0 1 20
15 16 8
19 21 20
0 3 28
10 11 6
1 2 2
11 14 13
3 5 16
17 19 20
16 17 24
10 12 12
14 20 17
23 1 14
11 11 3
13 15 2
12 15 7
16 18 30
2 4 13
14 16 14
12 15 28
18 19 23
19 21 21
19 22 16
8 12 11
17 19 5
6 7 9
9 10 19
2 4 17
13 15 22
13 15 25
3 4 4
14 17 28
9 10 25
11 13 17
2 5 6
21 21 2
11 13 26
11 15 1
5 7 28
6 9 30
15 16 27
22 23 29
3 8 3
9 11 27
13 14 13
11 12 20
12 14 4
2 3 13
14 16 27
11 13 14
7 11 14
1 2 29
1 3 17
2 5 11
2 5 14
7 9 29
17 18 3
7 8 11
3 5 26
14 18 10
13 15 20
10 12 8
23 0 8
1 1 19
1 2 29
4 5 17
16 18 29
11 14 18
2 4 27
12 15 3
0 1 17
10 12 2
17 17 17
10 12 13
16 19 12
17 18 25
15 18 13
1 3 23
23 1 9
13 17 26
19 21 23
6 7 4
20 23 14
8 10 20
17 19 30
20 22 1
9 13 18
21 0 29
4 6 14
7 11 28
15 16 10
10 10 11
17 19 12
12 15 13
2 5 5
9 11 13
8 11 11
21 23 18
23 23 6
17 21 21
3 4 10
22 0 24
0 2 1
10 11 27
2 5 29
22 0 28
21 23 15
13 15 18
14 17 2
10 13 24
21 22 9
4 5 4
13 16 18
4 5 11
21 0 16
10 13 20
18 20 23
0 3 6
22 1 26
5 7 9
19 21 26
5 5 2
23 3 10
7 10 21
3 4 28
8 11 13
17 17 21
3 5 16
7 10 5
4 5 7
2 5 24
0 3 10
14 16 17
21 21 30
10 11 30
9 11 7
15 18 5
9 11 18
7 8 24
7 8 14
14 17 13
20 21 14
5 7 5
1 4 28
11 14 8
5 9 21
0 2 24
12 12 14
9 13 17
4 7 8
11 12 14
20 22 3
8 11 11
2 4 19
6 10 20
18 19 16
14 15 17
9 13 4
0 2 21
12 14 20
4 4 11
0 4 6
15 14 20
4 6 21
21 0 22
18 18 19
22 23 4
15 17 23
13 16 25
2 5 23
23 1 22
13 16 30
15 18 27
1 2 24
3 4 17
7 7 23
10 12 20
18 20 26
8 11 19
14 16 28
16 17 20
9 11 26
5 7 29
13 15 13
2 5 27
14 16 26
21 23 28
0 1 26
14 16 6
9 11 23
10 12 20
11 13 7
14 17 9
19 20 16
22 23 20
6 8 18
13 14 18
16 18 26
4 8 5
6 6 21
0 1 21
1 2 4
0 3 5
7 9 14
14 16 19
20 21 16
18 19 26
11 13 2
20 0 25
13 16 12
6 9 17
15 18 22
5 7 28
21 23 16
23 0 29
5 8 23
17 19 23
8 7 12
17 17 25
9 11 26
22 0 7
16 20 23
21 22 12
18 20 24
9 10 16
9 11 25
6 7 18
7 8 21
22 0 13
8 11 10
22 0 26
9 11 23
16 18 26
17 19 13
10 13 11
17 19 12
21 1 18
13 15 21
14 16 13
14 17 26
19 22 23
17 18 7
9 10 23
5 6 29
23 0 28
9 10 25
2 4 26
13 16 9
6 10 5
13 16 23
19 23 21
0 0 14
22 0 9
10 12 17
11 14 20
8 9 28
2 4 14
10 12 30
10 12 15
4 7 2
1 3 9
2 5 1
18 20 17
21 22 19
15 18 20
18 19 29
3 6 15
13 14 3
16 18 14
14 15 30
10 13 23
20 22 3
1 3 28
0 2 28
14 15 10
0 3 21
23 1 10
14 13 24
14 16 19
5 8 22
17 20 29
21 23 17
14 17 20
1 4 7
22 0 16
11 13 26
0 2 18
16 18 29
1 2 12
18 19 2
17 19 22
19 22 19
20 20 1
6 7 1
20 22 25
1 4 12
16 18 27
13 16 3
1 3 20
21 22 23
10 12 11
22 22 30
13 14 25
15 16 16
9 11 18
4 6 3
19 20 3
7 9 18
4 7 19
4 6 7
18 20 24
3 6 15
21 0 13
16 19 12
23 1 23
23 1 1
15 17 14
20 21 30
22 23 5
21 1 12
3 6 21
12 15 21
4 5 2
14 17 5
19 19 15
23 1 4
8 11 2
9 11 27
9 10 6
20 22 2
19 22 9
12 14 24
16 18 8
9 11 23
20 0 22
16 19 23
5 7 13
15 18 9
12 14 16
7 8 23
15 17 5
19 20 27
4 7 2
17 20 9
17 18 8
20 22 13
23 3 30
15 18 16
13 16 16
10 12 14
16 18 29
17 18 20
13 15 13
17 20 29
9 9 10
4 4 6
8 10 17
19 21 29
0 1 11
3 5 18
21 21 17
12 15 30
15 16 20
15 15 2
19 22 12
23 2 10
11 12 13
15 16 17
10 11 30
18 18 29
10 11 3
4 5 17
17 20 5
23 0 24
18 20 28
19 23 30
6 8 21
10 13 7
15 17 5
3 4 7
18 20 16
1 4 12
14 18 10
21 22 15
15 16 13
11 13 2
23 2 28
3 5 14
0 2 5
3 4 30
20 20 25
14 15 3
6 8 16
6 7 13
16 18 26
17 20 4
10 13 16
17 19 23
11 11 9
19 22 16
17 19 4
13 16 18
3 5 2
5 6 3
17 17 29
0 2 6
19 22 13
1 3 2
9 11 28
17 18 29
8 8 29
14 15 5
17 18 5
6 6 9
17 19 2
13 17 30
4 6 25
19 19 18
23 1 21
22 0 11
2 6 10
1 5 29
15 15 18
4 6 11
17 19 2
19 19 17
5 5 5
20 22 19
11 13 26
5 7 26
4 6 8
9 12 10
3 5 7
22 0 19
18 19 18
5 7 12
7 9 25
5 7 10
23 2 2
23 2 2
4 5 12
2 6 18
3 4 16
9 11 30
3 5 20
20 23 4
6 8 8
2 4 27
21 22 22
20 21 6
3 6 26
2 5 29
6 9 5
18 20 15
3 5 26
8 10 3
19 21 29
4 6 5
5 6 14
4 6 27
6 8 5
11 13 6
3 6 7
16 19 5
13 15 7
20 22 29
19 20 19
18 21 2
0 2 15
5 7 11
3 6 22
22 23 10
16 19 25
11 13 6
7 10 4
7 9 8
11 15 2
8 10 30
7 10 4
9 12 24
6 8 22
13 15 30
17 20 3
19 20 5
13 16 12
0 1 27
8 10 16
11 12 28
11 13 8
17 19 22
12 13 10
17 19 14
16 18 3
11 13 29
2 3 24
15 18 7
3 6 20
4 5 15
23 0 3
13 16 8
4 6 15
15 16 22
10 12 16
11 14 2
7 10 24
11 13 19
5 6 18
3 6 15
19 22 15
3 6 5
17 18 15
22 0 21
1 2 1
23 0 26
21 23 21
6 9 16
14 16 29
14 17 15
20 23 3
8 11 30
12 12 24
6 8 16
2 5 21
2 5 9
12 13 16
7 8 28
17 20 20
15 16 7
2 4 27
10 13 14
1 4 21
8 10 7
13 15 24
5 6 6
15 17 27
11 12 4
12 15 19
9 9 14
2 5 27
8 11 18
22 23 24
12 15 12
20 21 6
12 14 17
21 22 28
7 10 21
13 13 16
12 14 20
14 17 23
21 0 4
0 3 13
19 22 2
7 7 26
21 22 15
17 18 22
15 19 5
6 7 19
13 15 2
23 1 11
2 3 7
12 14 15
2 4 11
1 3 30
1 2 11
9 11 19
10 12 3
2 2 29
17 18 19
5 8 7
3 5 14
11 12 2
17 19 10
17 20 18
1 4 4
4 7 22
7 10 30
11 14 14
0 0 6
7 7 18
0 3 6
15 16 18
8 11 16
17 18 9
10 11 27
23 1 4
19 21 17
0 2 16
2 5 13
9 11 25
20 20 19
17 18 3
0 3 13
16 19 20
8 10 11
20 21 1
4 6 15
22 23 12
19 18 4
18 19 12
4 5 9
18 20 24
4 4 9
22 1 11
23 1 3
2 3 10
17 20 11
9 11 9
13 15 14
14 14 17
8 9 24
23 0 6
11 14 24
0 2 12
12 14 1
21 23 30
19 21 29
6 7 14
23 3 25
6 8 3
9 12 16
2 5 17
9 11 28
8 11 23
9 11 18
14 16 2
19 19 5
20 21 12
12 13 12
7 10 3
16 16 16
22 1 4
21 0 24
13 14 5
6 7 27
16 20 5
23 1 2
1 4 27
20 21 18
22 1 22
5 7 20
8 10 25
18 20 15
23 3 11
17 19 10
20 21 21
21 1 29
2 5 5
13 15 17
0 2 5
12 15 2
10 13 10
17 19 26
19 19 9
21 23 1
20 22 10
1 3 29
16 20 26
6 9 16
2 5 12
21 23 20
21 0 18
22 0 4
8 10 24
4 7 3
15 17 12
10 12 12
19 21 24
18 20 19
7 7 16
13 15 30
7 8 1
14 15 13
12 15 23
13 16 14
5 7 28
19 19 6
6 7 16
4 6 4
16 16 19
3 6 18
6 8 24
7 8 7
23 23 1
4 6 18
14 16 28
13 14 8
1 1 11
4 5 22
0 2 11
23 3 11
3 6 22
1 3 30
9 10 13
13 15 23
0 2 25
8 10 3
23 23 7
11 13 24
4 6 20
7 8 26
0 3 17
1 2 21
10 13 13
2 5 25
13 15 19
15 17 17
12 14 20
6 8 28
4 5 11
17 20 21
17 18 12
10 11 22
10 13 22
11 13 16
16 19 20
1 2 3
20 21 3
19 22 30
11 13 18
22 2 26
3 5 6
0 1 20
6 8 20
8 10 25
4 9 19
4 5 27
14 17 13
1 2 22
13 14 5
13 15 9
17 20 3
22 23 9
13 13 20
8 11 3
16 19 9
11 13 24
7 8 8
22 0 3
7 8 7
2 3 24
22 1 27
6 7 5
8 9 4
23 1 2
22 22 28
3 4 17
11 12 15
3 5 29
10 13 3
4 7 19
14 15 20
2 4 12
15 17 27
2 4 19
7 10 1
10 13 20
2 4 19
22 23 21
14 16 18
14 14 16
3 4 27
9 11 18
13 15 16
12 14 6
8 10 14
3 5 9
11 11 1
14 16 7
1 3 16
15 18 10
12 14 13
17 18 15
17 17 11
9 11 13
0 3 8
3 6 23
6 9 25
4 6 6
15 17 11
9 10 29
18 20 26
12 14 13
21 21 1
21 22 13
10 12 9
6 9 7
0 2 12
16 17 6
0 1 2
16 20 7
15 17 24
7 10 20
2 4 18
20 22 8
15 17 26
12 13 4
20 22 3
8 10 10
4 5 3
4 6 28
4 6 10
10 10 22
16 20 5
5 7 20
17 19 2
13 14 26
18 19 7
14 15 1
6 8 12
17 19 2
6 9 27
20 22 21
19 20 18
22 1 16
4 5 11
22 0 6
0 3 8
12 15 14
11 12 3
10 10 15
7 12 21
6 8 11
5 7 16
6 10 28
13 14 5
15 17 17
20 21 7
18 19 12
11 14 3
11 14 2
19 21 6
1 1 27
16 18 16
20 0 18
0 2 18
14 17 1
23 3 6
11 13 13
3 5 6
16 17 16
11 14 5
23 2 19
18 21 4
17 19 28
19 21 1
1 2 14
3 5 23
5 9 4
6 8 22
1 3 3
18 20 9
14 17 8
14 17 12
5 8 7
18 20 17
1 3 13
20 0 8
17 20 5
10 12 26
6 7 15
9 11 3
19 22 11
14 17 12
15 19 8
17 19 7
8 8 28
12 15 4
9 12 30
2 5 18
16 20 3
4 7 21
7 7 22
13 14 10
2 4 9
11 15 29
4 6 10
21 22 22
5 6 1
19 22 27
10 11 18
8 8 14
22 1 15
11 13 3
19 22 20
2 3 25
20 22 27
16 17 10
6 9 9
2 3 22
0 2 15
23 0 8
11 14 6
0 2 2
1 5 2
4 6 18
14 15 5
16 18 25
20 0 29
10 12 26
19 22 8
2 4 3
18 18 12
14 17 9
21 23 25
2 4 3
19 23 11
9 11 24
5 8 10
23 22 21
18 21 5
7 9 27
5 7 17
15 17 1
19 21 28
23 1 26
15 17 17
20 20 15
6 11 14
4 6 8
10 14 29
10 13 3
11 14 25
22 23 14
6 7 11
19 19 3
11 12 6
13 15 27
11 12 15
2 3 24
19 21 27
6 10 28
17 18 5
17 21 26
8 10 10
1 2 17
13 16 13
21 0 18
23 0 11
12 14 24
4 6 26
18 20 12
12 14 13
9 13 4
13 15 11
17 19 15
9 11 20
19 22 1
6 8 30
14 15 8
20 23 28
12 14 21
15 16 30
15 17 16
3 7 9
17 19 15
11 12 12
5 7 2
23 3 21
11 12 12
21 23 1
18 19 5
7 10 15
4 5 28
10 13 14
7 11 16
18 21 30
5 7 3
2 3 10
11 12 14
18 20 25
18 20 21
16 18 28
21 22 18
9 12 23
2 4 2
8 9 18
3 7 1
7 9 5
4 7 15
12 15 14
18 20 10
14 18 1
15 16 24
0 3 10
18 20 28
7 8 13
21 21 29
3 5 7
14 14 27
2 3 29
17 18 26
12 15 12
0 0 22
11 13 3
2 4 16
7 10 3
9 10 17
6 6 14
8 10 3
6 7 25
11 13 23
2 3 14
20 22 19
12 14 9
11 14 19
3 3 11
4 5 8
23 2 15
15 18 4
10 12 28
5 7 20
16 17 7
7 8 3
11 13 3
15 16 3
11 14 26
5 6 20
0 5 10
3 3 29
7 9 16
1 4 21
14 17 19
17 18 26
16 17 27
21 23 14
12 14 30
3 6 2
11 14 16
2 5 27
12 13 10
6 8 2
3 4 7
6 10 6
10 11 30
18 19 30
20 20 3
11 15 15
18 19 19
21 1 8
21 21 26
0 3 13
4 5 4
8 9 8
7 9 12
2 4 19
8 10 13
3 4 9
12 14 14
7 9 1
22 23 11
5 8 13
4 4 11
2 1 27
9 11 20
15 16 20
6 7 1
2 2 27
0 4 30
14 16 24
11 12 22
21 22 25
18 20 28
9 11 10
15 15 27
12 14 17
9 11 6
0 2 14
5 7 1
7 9 4
21 23 4
0 1 9
9 10 1
8 12 21
20 22 18
20 23 20
19 21 14
0 2 16
1 5 9
7 9 17
14 15 13
3 6 14
23 4 25
1 3 14
9 11 14
21 23 16
19 20 12
8 10 15
19 21 11
22 22 9
6 8 21
1 4 18
2 4 15
22 2 28
14 17 27
2 3 24
11 13 28
12 13 1
17 18 1
17 17 21
12 13 13
5 7 6
5 6 7
5 6 22
20 21 20
15 18 19
23 1 9
5 8 20
0 3 16
14 15 22
10 13 29
10 11 2
21 1 29
4 6 14
1 3 20
21 23 7
6 9 1
23 2 26
3 5 7
11 13 30
1 5 12
21 23 30
0 1 29
15 17 29
4 5 23
16 18 1
20 23 2
2 2 29
11 13 24
5 6 1
3 6 23
12 15 29
19 20 11
8 9 21
14 15 25
7 9 23
8 11 27
6 10 10
5 7 19
20 20 16
4 6 28
12 15 8
9 10 3
17 18 10
14 15 8
3 6 24
6 8 4
23 1 1
0 3 27
2 3 4
22 1 6
17 18 24
4 6 21
7 9 14
9 12 11
16 16 10
4 5 20
18 20 26
7 10 13
6 7 22
14 15 27
9 11 27
0 0 3
2 5 30
21 0 10
3 5 15
1 1 9
17 18 28
19 22 9
9 10 7
12 14 19
14 15 26
17 18 12
2 4 25
12 12 10
10 11 25
23 2 16
8 9 23
8 11 18
4 8 4
13 14 13
14 15 30
11 13 24
3 5 30
23 0 10
6 8 16
14 16 6
5 8 8
19 20 1
15 17 2
23 1 8
19 21 5
13 14 25
15 17 26
20 0 20
15 16 19
10 11 16
15 18 6
0 3 1
11 12 25
10 12 11
0 2 23
22 23 1
5 7 25
11 15 7
13 17 6
9 11 7
22 2 7
10 10 22
5 6 18
12 13 11
3 5 11
1 4 5
18 19 1
10 11 25
20 22 13
16 20 15
12 14 13
16 16 11
17 19 4
22 1 3
17 19 29
3 4 2
10 12 4
11 13 6
3 6 30
7 9 29
21 22 21
17 20 11
11 14 6
14 16 11
14 16 11
18 20 22
22 0 16
20 22 15
5 6 3
13 14 14
3 5 15
18 19 3
17 19 29
7 8 12
19 20 22
10 11 4
12 16 30
17 18 1
20 22 15
1 3 25
19 21 17
23 1 18
22 0 30
21 22 17
22 2 10
13 15 2
5 6 13
14 16 8
11 15 29
1 2 21
22 22 28
11 13 20
7 7 17
2 5 13
20 23 9
12 16 18
17 20 12
1 3 11
22 23 10
22 2 11
4 7 6
3 6 18
9 12 16
8 10 23
17 18 1
1 2 20
2 4 9
17 17 22
4 6 27
20 22 19
22 0 27
0 2 14
0 2 8
2 5 5
18 21 27
12 14 3
3 4 26
9 11 1
4 7 10
10 11 8
14 16 19
12 14 6
16 20 9
22 22 13
8 11 2
21 23 23
9 12 6
1 3 23
19 20 27
4 5 1
22 0 20
19 20 19
12 14 19
18 19 5
7 9 12
3 4 11
0 3 6
23 2 1
6 8 10
23 0 16
23 1 1
14 15 26
3 6 10
13 15 18
15 18 3
13 14 24
4 7 19
5 7 3
20 23 9
10 13 20
17 17 15
3 5 5
18 21 30
8 10 23
0 2 6
2 3 27
13 16 11
9 11 26
2 3 24
8 11 21
20 22 20
8 9 10
13 14 3
15 16 13
10 12 5
9 12 1
1 3 15
12 13 22
13 15 5
18 20 19
3 7 7
9 10 23
5 5 24
2 4 26
13 16 5
19 22 1
22 0 23
22 0 30
23 0 26
9 11 28
7 9 15
8 10 1
23 23 26
22 23 16
16 17 18
9 11 27
7 7 13
3 5 6
3 4 2
13 13 3
7 9 3
20 23 25
20 22 8
20 22 23
10 13 9
21 23 20
21 23 26
17 20 5
15 17 7
5 8 19
2 4 25
3 5 25
1 4 18
10 12 20
11 12 3
8 11 9
18 21 20
11 14 29
14 15 3
21 23 23
4 9 17
14 17 3
22 23 25
20 22 22
7 7 9
5 7 21
10 12 11
12 13 15
22 23 26
19 19 18
21 0 11
13 15 12
22 0 13
2 5 25
14 16 12
8 9 20
2 4 1
14 16 14
4 8 9
8 9 7
12 15 7
15 16 19
15 16 22
0 3 9
8 10 9
6 7 10
15 19 21
7 7 4
4 5 9
15 16 11
0 3 7
21 23 14
8 10 5
0 2 10
16 17 13
13 15 7
4 5 22
20 22 5
15 17 1
9 12 30
13 14 12
19 21 17
17 19 18
4 6 10
3 5 11
13 15 20
18 19 9
20 20 4
3 5 20
3 6 3
22 0 8
4 8 3
6 9 5
23 3 17
16 17 27
17 18 7
12 13 8
6 9 19
17 19 20
21 1 14
18 20 12
21 22 9
15 16 26
13 15 5
23 22 14
1 3 29
2 4 24
9 13 6
12 15 4
12 14 8
13 15 26
4 8 22
18 20 6
2 5 14
11 12 5
5 6 2
1 3 21
3 6 18
22 22 2
14 17 17
2 4 24
16 20 17
16 18 14
13 15 15
2 6 23
23 1 27
9 10 5
4 7 3
13 13 30
6 8 1
11 13 12
1 2 16
3 7 8
0 1 2
2 6 30
19 22 19
23 3 16
6 8 3
21 1 27
11 13 2
8 12 17
21 22 2
2 4 18
14 17 19
2 4 5
3 6 27
1 2 22
19 21 24
15 17 7
2 4 28
1 2 3
11 15 7
13 14 19
6 9 19
16 18 28
4 4 1
8 9 25
7 8 25
17 21 27
2 6 22
16 20 30
14 16 22
5 8 3
13 15 30
23 1 4
20 21 6
18 20 17
5 6 29
22 0 9
8 10 3
5 6 13
19 22 30
1 2 23
5 6 7
13 16 24
1 3 27
20 20 19
22 1 16
13 16 25
3 4 30
5 6 30
9 10 12
14 15 10
11 14 16
9 11 22
14 17 18
23 1 16
11 16 24
3 5 4
16 18 30
13 15 6
19 21 7
4 7 2
4 5 25
20 22 14
22 0 2
12 16 29
19 22 10
13 14 1
15 17 4
16 18 8
7 8 11
12 12 23
18 22 25
12 14 20
11 13 2
23 1 7
17 17 30
10 12 11
8 8 14
0 0 12
1 3 17
17 20 15
15 16 6
21 21 3
0 1 23
22 0 29
22 23 8
7 11 20
3 7 3
16 19 13
0 3 11
2 5 8
23 0 12
7 10 19
8 11 3
22 0 23
7 8 1
9 10 6
12 16 7
21 21 25
10 13 5
20 23 19
8 10 2
19 21 7
9 10 6
9 12 2
5 6 6
17 20 7
6 9 22
4 7 28
1 3 23
21 23 5
7 8 6
20 21 10
15 18 10
11 12 4
18 20 17
13 15 4
11 13 24
6 9 17
16 17 14
21 23 23
3 3 4
3 6 6
11 13 2
7 11 5
0 2 19
8 9 2
19 21 14
19 23 23
10 11 7
4 6 15
0 3 5
5 7 30
7 8 13
15 18 12
7 10 18
11 13 9
9 12 7
4 4 21
14 16 28
7 9 16
8 11 30
12 14 23
20 23 2
14 16 15
18 19 14
13 15 19
5 7 19
15 15 19
5 7 23
0 4 22
0 1 14
2 4 18
19 22 11
14 17 17
1 3 20
14 15 25
21 1 9
7 9 30
21 23 11
5 7 15
1 0 28
16 19 20
4 5 11
13 15 1
18 21 25
0 2 6
18 20 22
20 22 21
15 16 4
9 11 20
9 11 23
14 15 11
3 4 12
20 22 5
18 19 16
12 15 22
14 17 5
17 21 23
3 4 17
15 17 1
6 10 22
9 9 6
16 18 8
21 23 21
9 10 22
14 17 28
20 22 8
2 4 28
4 6 2
18 18 2
9 12 15
16 18 3
5 7 28
14 18 3
12 14 18
14 16 29
14 17 18
0 3 19
18 20 3
2 5 30
10 11 12
7 7 29
1 4 26
4 8 22
9 12 15
1 4 7
5 7 19
1 3 27
19 20 26
1 4 27
23 2 11
13 15 12
20 22 13
21 0 8
12 14 16
9 9 13
11 12 16
16 17 19
13 16 2
16 21 6
9 11 3
20 22 17
23 0 24
10 11 4
11 12 27
8 10 6
6 9 22
14 16 17
10 13 6
8 9 6
14 15 2
1 4 14
4 6 24
19 21 17
5 6 28
0 2 9
19 22 11
11 12 3
6 9 27
11 13 3
14 14 27
6 8 6
23 1 1
4 6 10
7 9 7
11 12 12
9 11 9
2 2 6
8 14 10
5 7 29
10 10 23
4 5 27
21 23 17
14 17 30
7 8 17
2 4 26
13 14 23
9 11 14
10 11 24
4 8 22
17 21 20
8 10 12
19 22 27
6 7 18
22 0 19
23 0 24
16 19 10
23 1 7
13 16 3
3 6 5
5 6 10
20 22 21
16 17 19
4 6 6
21 23 7
1 1 23
11 12 16
7 8 10
2 4 1
3 6 3
15 18 30
8 10 6
22 1 20
17 17 1
18 22 23
11 12 16
21 21 25
20 22 21
15 16 24
13 14 20
20 20 7
17 19 4
22 0 12
11 14 15
23 1 18
22 23 9
4 6 9
17 19 2
2 4 22
16 18 6
4 6 27
18 19 4
2 6 20
9 11 26
2 4 1
21 23 13
22 23 25
15 18 1
6 8 27
3 4 6
15 17 30
12 13 6
21 22 7
7 10 1
11 14 25
21 23 20
18 22 13
6 8 26
22 0 23
4 5 13
16 17 13
2 5 3
7 10 18
9 12 27
15 16 2
9 12 21
3 6 19
19 20 13
21 23 24
12 14 24
11 16 3
4 5 10
4 5 10
16 19 13
15 17 12
18 19 7
14 15 13
7 12 19
16 19 25
15 18 6
14 16 1
19 21 11
7 9 3
5 7 29
19 21 14
21 23 4
20 0 8
16 17 27
7 11 9
13 15 5
10 12 23
15 17 19
4 4 19
10 10 12
8 9 18
1 2 15
21 22 9
16 17 23
16 18 24
2 4 3
18 18 30
18 19 23
14 17 22
23 1 7
19 22 9
22 23 19
21 22 13
4 4 17
11 12 17
3 5 7
9 11 20
6 7 19
13 15 29
9 12 5
13 17 12
19 22 21
23 0 5
17 18 18
22 23 2
21 0 24
5 7 18
18 20 19
16 17 8
14 15 21
16 16 9
5 7 5
14 15 23
20 22 5
21 22 26
20 20 29
22 22 4
14 16 22
7 9 5
23 2 8
6 8 25
17 18 2
14 15 3
18 21 18
15 16 19
0 3 4
17 18 10
15 16 17
17 19 2
13 15 9
15 17 17
16 18 5
8 11 20
12 13 25
4 6 20
1 3 13
0 3 20
15 20 14
1 2 14
21 0 14
12 14 7
21 22 23
11 14 29
8 11 14
10 14 26
19 20 24
7 9 1
11 12 20
11 13 22
17 19 3
3 4 14
7 9 8
11 14 1
6 7 18
18 20 12
5 6 28
13 16 16
4 7 3
17 18 30
3 7 10
1 5 19
15 17 7
16 18 25
0 2 2
3 6 7
6 8 4
12 15 20
10 14 27
13 16 7
15 15 26
17 20 5
4 7 28
14 17 26
3 5 8
3 6 7
9 9 6
15 16 30
3 6 1
9 12 11
12 12 14
13 16 10
19 20 1
2 4 7
21 22 24
10 11 28
9 12 13
1 4 6
9 12 11
18 21 11
12 14 28
0 1 9
5 6 7
10 12 8
0 1 1
1 4 25
2 3 14
14 16 27
21 23 12
5 7 28
20 23 28
17 19 1
21 23 30
4 6 23
8 9 12
19 21 26
3 4 22
11 12 7
15 16 14
6 7 28
3 5 30
3 4 8
19 21 21
18 19 4
12 16 26
23 0 6
9 11 30
5 6 26
13 16 10
3 6 30
10 11 23
5 7 24
20 22 27
19 21 28
12 14 2
3 6 21
12 14 4
20 20 22
