4770 30
6 7 1 4 11 13 18 16 2 13 24 3 7 29 6 5 21 29 11 16 20 21 9 6 29 20 21 30 25 18 
3 4 29
12 15 12
10 11 26
13 14 1
11 14 27
3 3 21
14 16 6
16 18 12
5 8 24
11 13 11
17 18 16
0 3 2
18 19 22
2 5 24
5 8 30
12 14 8
1 4 18
21 23 12
3 6 23
14 17 16
14 16 3
19 21 1
4 6 28
14 16 21
1 3 8
23 0 14
17 22 27
11 12 30
18 20 28
14 16 9
5 8 5
10 11 17
13 14 16
0 3 8
2 2 2
9 10 30
2 2 10
19 21 29
8 11 26
19 21 13
17 21 16
2 3 12
6 8 7
3 6 18
13 16 7
20 22 8
6 9 2
16 20 25
7 9 26
7 10 26
19 21 19
20 23 2
10 13 25
5 6 27
5 7 29
1 3 19
15 17 11
7 9 8
5 7 11
18 18 1
7 8 27
14 15 26
23 0 20
20 22 15
3 5 13
14 16 3
4 4 4
19 21 2
23 1 6
11 13 15
20 22 6
18 20 13
1 3 20
3 5 14
7 9 13
3 4 15
17 18 25
15 16 19
5 8 18
16 19 29
2 3 8
2 4 3
0 2 5
5 7 17
23 1 10
9 9 29
0 2 6
10 14 20
7 9 1
21 23 29
10 12 27
10 11 10
22 2 4
16 19 14
10 9 22
7 7 22
4 7 22
23 1 10
12 13 11
15 19 30
8 10 15
3 4 12
15 17 18
4 7 13
3 6 21
8 9 24
7 9 20
7 9 6
8 12 11
17 19 21
11 13 21
1 2 28
17 21 18
3 6 18
0 2 20
19 23 30
21 23 24
15 16 11
14 15 14
15 17 11
17 19 12
20 22 25
10 11 17
22 2 23
6 7 27
15 17 14
7 9 16
5 6 22
23 2 4
15 17 18
18 20 13
10 12 15
7 8 4
22 1 23
11 13 19
12 12 8
19 21 12
12 14 13
2 5 21
15 19 20
10 12 4
9 11 9
20 22 29
5 6 27
17 18 16
15 18 26
11 13 15
1 2 2
2 5 29
18 20 21
5 6 25
17 19 12
13 17 19
1 1 13
2 4 24
12 14 9
17 18 13
23 0 30
5 8 21
19 21 25
7 10 4
22 1 3
9 11 15
10 12 29
4 7 8
18 18 6
0 1 26
18 20 30
7 10 19
13 15 6
9 10 16
13 14 1
2 4 26
0 1 25
20 23 7
5 7 6
13 14 8
23 0 2
20 22 7
19 20 27
16 19 9
8 9 2
17 19 21
10 12 16
12 15 25
0 4 8
20 21 11
6 8 21
0 4 7
15 17 19
15 18 6
1 4 24
17 20 19
11 12 28
19 22 1
3 4 5
18 21 27
1 3 5
1 3 3
23 0 1
9 11 20
22 23 9
20 22 19
19 20 4
10 12 26
4 7 30
0 2 29
19 22 4
1 3 7
2 4 22
16 18 23
8 10 3
9 11 7
2 4 25
17 19 5
7 9 26
22 23 6
21 21 17
13 12 22
7 9 21
7 11 27
20 19 26
21 22 18
9 12 19
13 15 14
2 3 17
6 9 6
5 8 8
2 3 2
16 18 22
4 5 15
17 18 1
16 17 19
12 15 9
4 7 18
1 2 15
16 18 6
22 0 17
6 9 24
7 9 12
11 13 13
12 12 19
4 4 1
7 9 25
16 18 14
15 16 6
11 15 29
11 14 28
12 15 12
8 9 17
14 16 16
12 15 3
8 12 11
0 3 29
10 12 18
15 17 6
23 1 9
5 8 29
23 1 28
15 18 13
13 18 13
21 22 29
9 10 3
4 7 27
16 20 18
8 11 27
15 16 6
8 11 11
10 11 3
16 17 12
10 12 27
10 14 30
5 8 29
12 13 3
9 12 25
18 20 6
20 23 22
0 2 19
16 17 1
2 4 11
6 7 26
8 9 9
17 19 23
4 6 3
5 7 5
14 17 30
17 17 8
22 2 1
18 21 26
6 10 6
7 10 12
20 22 29
3 3 18
20 21 25
7 8 2
2 3 24
16 17 1
11 12 4
11 13 25
4 6 10
4 7 2
20 22 15
7 8 15
13 15 14
15 16 6
11 12 10
14 17 21
4 5 27
3 6 13
0 3 16
4 8 18
18 18 13
20 21 4
17 20 17
16 17 11
19 23 13
22 23 25
2 7 30
7 9 29
4 6 1
11 12 17
6 6 2
23 23 13
10 11 6
23 2 12
14 16 22
0 2 29
15 17 17
13 16 23
14 16 4
9 12 1
12 16 27
18 20 4
7 10 4
5 7 17
16 18 6
13 16 7
15 17 22
18 22 1
16 18 4
9 9 16
19 22 18
7 9 14
18 21 29
10 10 5
10 11 28
9 11 6
2 3 8
17 20 22
20 21 19
21 23 10
11 14 29
5 9 18
16 16 30
2 6 5
1 1 12
3 5 15
15 17 2
11 12 3
1 4 16
7 11 16
1 3 6
9 11 24
1 5 24
8 11 4
3 3 6
14 15 19
22 1 6
21 23 24
9 13 6
7 8 9
22 1 26
15 17 30
14 16 15
7 10 22
3 4 7
16 17 28
7 10 15
18 19 14
20 0 2
20 23 22
19 22 12
22 0 21
10 12 20
19 22 21
17 20 13
13 15 1
2 3 10
20 21 8
6 9 26
20 22 12
10 12 2
9 12 15
12 15 17
20 0 24
12 13 7
14 17 3
19 22 3
6 7 22
6 10 17
19 20 23
22 23 20
8 10 8
2 4 8
2 6 16
4 7 3
8 10 24
16 18 9
5 6 6
10 11 13
4 9 12
15 18 21
8 12 9
10 14 27
23 2 4
0 0 16
1 4 20
22 1 27
3 6 4
10 11 30
2 3 26
0 1 24
12 14 12
14 16 3
9 10 19
16 16 4
1 3 7
9 11 25
17 18 3
19 21 14
21 0 20
11 14 5
5 8 11
17 18 29
0 2 20
0 2 27
9 11 23
11 13 11
15 18 11
2 4 6
0 2 22
6 8 14
22 0 6
3 5 7
23 1 8
22 23 23
8 11 12
3 5 28
10 11 6
4 6 29
9 11 23
15 19 13
2 4 3
23 2 1
15 16 17
20 23 19
5 7 29
16 16 30
3 5 30
10 12 25
18 20 19
3 5 17
6 7 27
8 9 16
6 10 22
13 16 27
23 0 27
4 5 30
18 21 16
15 17 20
13 15 15
17 18 22
13 16 5
18 20 28
4 6 20
3 5 23
8 13 23
11 13 22
13 17 8
23 0 11
14 16 23
16 18 26
2 6 6
19 23 6
10 11 2
19 23 11
7 9 20
14 18 2
1 4 15
13 15 22
3 4 10
1 2 8
19 22 3
12 17 17
16 18 24
2 4 16
23 0 9
5 7 23
10 14 27
20 23 21
15 18 1
16 17 12
23 0 18
11 13 24
15 19 24
6 8 17
11 13 1
17 19 23
15 17 18
6 7 10
17 18 12
16 17 1
22 1 24
2 5 29
8 9 2
23 1 25
6 8 29
3 4 22
3 5 8
23 2 8
5 7 22
7 11 16
12 14 14
9 13 5
20 22 4
18 21 22
22 23 15
17 20 28
16 20 24
2 5 15
11 13 18
22 0 12
9 10 24
18 19 5
7 9 3
16 19 8
20 22 28
4 6 26
20 22 7
5 8 25
18 19 14
17 16 22
13 14 4
8 10 7
9 11 27
1 3 6
20 23 22
6 8 21
18 19 28
19 20 17
4 6 8
20 21 15
16 18 13
19 22 2
5 7 30
14 16 16
10 12 14
8 12 2
10 13 8
6 8 29
23 1 11
23 0 29
4 5 18
14 15 2
23 1 15
6 9 13
6 10 9
1 3 2
21 23 20
20 21 2
8 9 23
8 9 15
17 20 25
20 23 17
21 23 19
9 10 12
1 4 6
13 14 1
16 17 22
2 3 29
0 1 9
16 19 17
16 18 9
15 18 11
17 21 8
14 17 1
3 5 24
3 5 11
11 13 9
4 6 15
5 7 20
22 1 22
10 12 24
19 20 15
2 4 13
14 17 18
1 3 30
6 9 8
11 16 3
4 6 2
9 10 13
19 20 26
10 12 17
13 14 6
6 6 11
5 5 11
19 22 10
23 2 30
10 12 3
13 14 9
9 10 17
5 5 21
5 8 17
4 6 19
10 12 13
3 5 29
13 15 16
21 22 24
17 19 24
17 18 18
17 22 22
11 13 21
5 5 9
3 5 4
11 11 12
22 0 6
9 9 3
20 23 4
0 1 26
12 15 24
2 3 23
17 17 26
14 16 30
7 10 2
12 15 13
17 20 8
15 16 21
15 17 3
1 5 30
2 4 8
17 19 27
16 18 30
12 14 4
4 5 29
7 9 30
20 22 21
10 12 21
4 6 30
9 10 20
23 1 28
8 10 27
16 18 7
11 13 25
9 11 7
10 10 8
20 22 22
19 22 7
4 3 4
9 10 21
4 5 24
18 19 26
11 11 26
2 3 30
3 4 10
15 18 17
7 11 27
22 23 29
4 7 26
21 23 7
0 2 22
23 1 15
12 15 20
3 4 16
15 16 14
12 12 27
5 6 13
15 17 25
18 18 8
19 22 27
15 17 24
13 15 10
15 17 24
23 23 17
13 15 8
19 21 11
15 18 24
6 9 24
13 15 27
1 4 8
19 22 22
9 11 24
10 12 13
17 19 8
8 11 8
18 19 18
2 3 27
6 8 12
15 17 27
13 15 28
1 4 11
14 15 6
8 10 11
9 11 16
7 8 25
15 19 22
3 5 25
15 17 17
7 8 30
11 12 27
21 21 24
4 6 2
22 1 11
13 14 20
9 14 12
23 1 2
6 8 29
22 2 10
7 9 7
2 4 21
23 0 10
8 10 3
1 3 2
15 16 27
9 15 15
4 6 22
8 9 4
18 19 25
12 14 17
4 4 12
23 1 10
5 6 13
14 15 12
19 20 22
10 12 5
16 17 21
16 18 21
23 1 14
12 14 17
8 10 15
19 22 13
20 21 20
20 22 26
2 4 2
3 6 29
8 12 11
23 1 10
2 3 29
10 12 28
2 4 16
4 5 13
6 7 15
8 11 20
12 13 28
10 13 12
13 14 27
11 14 27
23 1 21
1 2 6
5 6 1
12 15 13
14 18 21
4 5 5
7 7 22
22 0 22
7 7 20
12 14 4
18 19 6
2 5 26
4 6 2
1 5 22
6 8 17
0 1 8
3 5 2
0 5 3
17 20 18
9 9 9
21 22 11
9 10 3
1 3 21
21 0 21
11 12 21
14 17 23
19 22 14
5 9 1
14 17 4
19 23 11
20 0 2
10 11 13
3 4 1
22 0 14
0 2 16
21 23 13
6 7 30
20 22 21
15 18 20
6 8 8
16 18 23
23 1 29
9 12 14
19 22 18
13 15 5
15 18 23
13 15 14
17 18 2
3 5 2
4 5 7
3 3 13
12 16 7
16 17 3
7 8 1
22 0 22
5 6 19
1 1 30
23 1 10
12 13 14
21 23 10
20 21 20
20 21 24
18 20 16
16 19 27
9 10 26
14 17 24
22 1 22
21 21 5
14 16 14
1 2 1
18 20 27
14 16 8
15 15 30
3 6 5
13 15 26
7 8 2
18 21 17
14 16 6
9 11 19
7 9 25
14 16 18
21 22 24
6 7 17
12 14 26
22 1 6
2 4 15
14 17 27
14 17 3
0 2 16
5 5 23
12 13 3
16 19 29
14 16 17
11 14 12
15 17 17
18 19 9
21 22 26
12 14 14
15 16 22
10 13 12
12 14 3
9 10 25
12 13 6
12 15 20
11 14 26
10 12 6
9 11 17
19 20 1
21 0 28
15 18 6
8 11 30
5 7 10
4 6 7
2 5 1
15 17 2
0 0 28
16 17 19
17 17 17
20 21 20
21 1 6
12 14 21
1 2 1
19 21 3
16 17 22
20 0 4
19 19 14
23 2 10
14 15 5
5 7 17
9 13 8
16 19 22
13 14 7
4 6 18
1 3 29
4 7 17
20 21 8
10 11 23
16 18 21
23 3 2
11 12 1
23 23 9
2 6 2
9 12 19
14 17 29
5 5 10
12 16 11
22 0 14
6 8 19
19 22 3
6 7 3
19 21 27
11 12 17
11 12 19
11 13 18
21 1 10
4 5 11
11 14 8
9 10 27
20 22 8
10 12 2
19 20 8
2 5 18
10 13 18
16 18 28
8 10 16
12 15 12
12 14 24
9 10 21
15 16 10
4 8 30
3 6 23
17 19 21
15 19 8
11 14 27
14 15 26
21 22 13
13 15 27
19 21 25
19 22 10
8 10 23
11 13 27
15 16 17
10 12 2
11 13 7
12 15 16
12 13 12
5 6 23
10 11 22
8 11 20
12 13 25
15 19 10
2 3 22
2 5 9
23 3 12
11 12 1
10 11 24
14 15 16
22 0 15
0 4 22
18 20 19
0 2 8
3 6 22
17 18 25
22 0 15
7 9 10
12 15 7
9 9 9
2 4 28
15 18 24
12 15 12
20 21 21
4 6 25
20 23 28
22 0 6
23 0 14
9 10 4
8 11 8
18 22 11
4 6 16
13 16 29
8 11 2
3 5 11
16 18 24
9 12 12
16 19 23
8 11 14
6 5 26
1 2 22
17 21 27
17 18 18
23 1 25
20 23 25
22 23 15
1 3 18
22 1 11
20 23 15
22 2 27
4 7 26
22 0 7
16 16 5
3 5 9
18 21 16
12 14 2
11 13 14
19 22 5
13 16 6
15 19 27
1 4 25
21 0 8
21 22 3
2 4 16
15 18 21
18 20 9
16 18 19
14 16 3
12 12 21
17 20 8
15 16 30
14 17 20
18 20 20
23 0 21
11 14 3
14 17 26
6 8 25
2 3 11
2 4 12
6 9 23
12 13 27
17 20 13
18 19 12
19 0 18
23 23 12
3 5 15
9 13 30
23 1 19
0 2 30
15 16 23
3 5 18
23 0 11
15 17 29
12 14 7
4 7 24
22 22 20
1 2 4
20 22 10
10 12 5
14 16 4
5 8 3
19 20 4
2 3 19
1 1 14
23 1 30
2 4 10
21 22 25
10 12 4
13 15 19
5 6 8
4 7 20
17 19 17
7 10 24
13 16 1
4 5 9
5 7 24
18 20 3
5 5 7
20 22 14
5 8 13
8 8 29
15 16 24
21 23 22
1 4 17
0 2 2
1 3 17
1 3 12
12 16 19
10 11 29
21 23 23
0 1 14
23 3 10
14 17 8
16 18 18
10 11 5
15 16 23
9 9 30
13 15 26
16 20 14
18 20 19
18 19 15
16 18 2
11 14 28
13 17 25
22 2 23
11 12 7
12 14 1
11 13 25
12 16 30
23 0 13
15 16 20
12 15 8
12 16 18
6 8 7
9 10 2
2 4 8
23 1 5
17 17 5
3 5 28
4 6 12
16 17 5
18 19 27
17 19 10
8 11 7
2 3 9
5 7 15
9 10 9
23 0 28
21 0 3
3 5 11
19 21 25
20 0 29
6 7 15
15 18 19
8 10 17
13 14 21
14 16 11
12 13 14
12 14 9
15 19 15
3 4 23
23 2 16
20 22 15
14 17 14
7 10 22
23 0 4
16 19 18
14 17 11
4 6 10
6 8 15
15 19 6
20 22 27
7 7 29
3 6 28
3 6 5
16 18 28
20 21 13
18 20 23
12 14 29
18 20 9
1 3 9
8 11 24
20 22 22
16 18 27
5 7 25
0 2 27
8 11 14
2 5 14
13 15 4
17 18 11
4 7 8
11 13 15
13 14 26
17 18 8
6 7 21
3 4 12
20 22 25
14 16 8
19 21 14
1 4 22
22 23 7
6 9 30
16 18 11
13 15 24
23 1 13
4 6 18
17 20 1
8 10 9
3 6 1
0 3 19
15 17 21
16 18 1
11 13 2
23 0 12
2 3 21
3 6 11
23 0 15
0 1 11
14 16 11
1 3 6
8 11 17
8 10 26
3 4 30
8 9 22
9 10 29
12 15 4
5 5 22
20 21 19
7 9 12
15 17 22
12 15 8
20 22 4
18 20 26
1 3 28
6 7 22
22 1 5
18 20 8
16 17 10
16 17 8
20 21 17
4 7 21
17 20 24
12 13 23
8 10 21
7 11 24
16 17 15
14 15 21
19 20 5
23 1 11
18 21 13
8 10 4
10 10 1
16 16 22
10 12 20
8 10 30
10 10 29
7 9 3
18 20 26
16 19 6
20 22 5
23 1 23
1 2 9
7 10 21
21 22 24
19 21 30
4 7 17
6 7 17
14 16 19
0 -1 25
3 5 25
14 19 26
4 4 11
14 16 27
8 9 17
9 12 3
22 23 28
14 16 1
23 0 28
18 21 22
8 12 1
17 20 7
15 18 15
21 22 2
23 2 25
4 6 3
23 3 12
1 4 7
11 14 25
8 10 3
13 14 19
20 22 11
3 4 13
5 7 23
23 1 14
1 1 23
23 1 12
12 13 8
8 10 4
7 9 8
11 12 9
3 6 14
1 2 17
6 9 24
19 18 7
21 21 4
0 3 22
3 5 23
17 20 30
1 4 10
23 23 15
13 15 8
10 11 19
20 22 17
14 17 24
19 20 11
2 4 3
22 0 12
16 18 2
1 3 26
14 15 24
7 8 9
9 11 14
7 8 2
11 14 24
18 20 11
20 20 28
20 23 21
0 4 10
8 12 7
17 19 29
14 15 16
12 14 16
20 0 9
16 17 18
18 20 13
23 1 19
14 16 16
21 0 24
1 3 13
20 23 26
19 21 10
11 13 15
5 6 23
16 18 4
10 13 3
8 11 8
16 18 20
22 0 24
2 5 23
1 2 26
13 14 27
0 2 13
1 5 3
20 22 24
7 9 2
23 0 19
0 2 18
6 9 7
10 12 1
20 23 22
8 11 15
5 8 7
8 10 23
22 1 15
15 18 23
19 22 19
20 23 1
0 3 6
10 11 7
19 21 4
12 13 16
3 5 14
15 17 16
2 3 22
14 15 23
1 3 10
16 17 16
9 13 25
23 2 10
3 7 17
18 19 8
10 13 6
1 1 10
5 6 1
12 14 1
0 2 7
13 16 12
14 15 11
10 10 28
2 5 26
0 2 25
7 9 28
9 11 1
7 9 24
15 16 29
3 4 12
3 5 12
6 6 10
22 2 1
1 3 4
20 21 10
1 1 10
2 2 28
8 10 13
9 12 26
10 12 25
7 10 7
21 0 12
13 14 28
12 13 26
20 22 15
13 15 28
14 18 1
2 4 30
8 8 7
1 1 22
23 0 9
8 10 4
11 13 11
6 10 5
11 12 2
10 13 12
18 17 23
23 1 12
7 9 1
13 17 25
12 14 26
22 1 3
2 3 3
2 5 24
10 12 30
3 3 8
9 12 1
17 18 4
7 8 16
16 19 24
14 17 1
10 11 21
11 14 13
7 9 22
10 12 1
22 0 16
11 12 20
8 10 19
9 10 10
4 7 21
16 18 28
21 1 23
21 22 2
18 22 27
5 7 9
1 4 3
10 10 4
12 16 22
9 10 9
9 11 9
17 21 29
16 20 4
4 5 9
9 9 25
14 16 12
5 6 18
11 12 30
14 15 8
22 23 10
7 9 29
17 17 24
20 21 9
16 17 9
19 22 12
11 12 24
18 22 26
23 1 24
7 11 10
23 1 15
12 12 24
16 17 8
12 14 28
15 15 11
0 1 29
20 22 15
17 19 19
8 10 16
5 6 27
7 8 25
13 15 28
19 21 4
18 19 1
2 4 15
15 17 2
7 10 18
19 19 6
15 17 9
16 19 12
11 13 26
20 23 5
1 3 2
4 8 9
12 12 16
14 16 30
13 14 1
7 8 7
17 21 29
0 4 11
4 6 15
12 15 16
21 0 2
5 6 7
0 2 21
9 10 1
10 13 28
2 3 5
2 4 3
9 11 24
6 9 29
5 8 3
0 3 20
20 21 1
17 19 24
17 20 1
18 21 8
20 21 17
21 22 1
0 1 15
14 16 29
4 5 19
16 18 8
19 20 23
3 5 21
2 5 18
8 10 4
7 9 10
13 15 20
7 10 5
11 13 20
2 4 17
2 4 10
13 16 8
15 18 18
19 22 7
12 13 26
7 10 21
10 12 20
15 18 25
17 18 19
6 9 16
9 11 12
7 9 16
8 9 20
15 18 24
18 20 9
7 10 13
1 4 8
14 16 23
10 11 23
9 10 18
16 19 22
4 6 11
9 12 13
20 23 26
15 18 13
1 4 21
8 11 2
6 9 19
7 10 16
10 14 17
17 20 4
1 3 22
21 0 18
1 4 10
2 4 10
7 10 1
11 13 5
21 23 18
22 1 29
10 12 16
19 22 3
12 16 11
8 12 26
9 12 21
12 15 18
6 6 2
23 23 23
18 21 1
6 7 4
5 7 22
6 7 2
11 13 13
17 20 6
14 15 26
15 18 6
12 12 9
13 16 9
8 8 7
10 13 2
13 13 18
8 10 16
13 14 16
14 18 1
15 17 23
11 13 12
15 18 14
4 5 30
13 16 25
19 19 18
15 18 1
6 10 13
11 13 6
17 21 13
2 3 13
1 3 3
1 3 21
17 19 7
12 13 4
23 3 7
21 23 4
21 23 11
3 5 30
5 8 19
2 3 29
2 6 3
17 19 7
16 18 19
10 9 9
19 21 11
4 7 13
13 15 1
8 10 13
15 16 17
9 13 30
19 22 24
19 21 14
13 15 11
23 0 14
15 17 6
20 0 7
10 12 9
3 4 23
15 18 25
3 5 15
23 2 28
17 19 19
0 1 20
3 4 7
10 10 18
19 21 16
8 10 20
4 6 12
8 9 7
4 6 22
23 0 20
19 21 24
14 17 26
13 15 20
14 14 1
13 16 19
13 16 11
2 6 10
11 13 10
8 11 16
8 10 28
4 7 11
3 4 10
17 18 2
7 10 16
20 22 27
23 2 29
23 1 17
7 9 24
3 6 30
8 9 20
22 0 3
7 9 13
15 18 9
15 17 20
9 13 10
5 6 21
14 17 15
3 4 14
2 2 8
2 5 8
17 20 9
16 19 19
3 7 23
12 13 15
0 2 18
3 5 29
7 9 23
22 0 13
1 4 1
7 10 5
8 11 26
20 22 10
22 23 1
17 19 9
2 4 22
19 21 7
15 18 2
10 10 15
16 19 19
3 4 12
6 9 19
0 1 14
22 0 20
19 21 5
4 5 7
6 9 18
2 4 28
1 2 25
18 20 15
16 19 16
22 1 10
6 9 9
9 11 25
17 20 4
0 2 19
19 19 6
15 17 24
22 23 10
2 2 5
12 14 9
21 23 4
6 7 27
16 19 6
2 4 10
9 10 3
4 6 25
5 8 1
4 5 20
7 11 1
23 2 4
18 19 3
10 12 5
2 4 21
17 19 26
9 10 30
6 8 26
12 14 16
21 23 9
8 11 5
15 17 2
9 10 23
18 21 19
11 14 11
12 13 25
0 3 2
17 21 26
5 7 1
0 2 20
9 12 10
8 10 22
6 6 2
7 7 22
6 8 8
18 20 22
7 9 17
12 14 1
21 22 30
2 6 16
3 5 22
14 15 16
11 11 1
11 12 4
13 16 10
18 22 5
20 23 26
21 0 10
22 0 19
10 12 18
9 9 28
19 19 4
16 17 1
3 4 19
10 11 4
1 3 25
7 10 24
9 10 28
5 7 3
4 7 6
0 3 27
3 6 25
8 10 15
3 4 18
8 11 22
17 20 11
13 14 13
22 0 3
7 8 29
1 5 23
22 22 21
0 1 5
11 13 11
6 8 21
21 22 12
18 21 8
16 19 9
14 15 22
14 17 17
8 8 28
16 18 26
15 17 10
17 19 7
8 9 2
6 9 21
12 15 13
18 21 9
0 3 22
4 5 21
19 22 27
12 16 24
18 20 4
22 0 20
1 2 30
13 16 30
18 20 10
5 8 8
22 22 22
10 11 27
1 5 13
14 15 13
22 23 22
3 5 16
1 4 29
16 18 5
10 13 8
2 4 11
8 10 15
22 23 25
12 16 3
5 7 5
22 1 22
12 17 6
0 1 29
22 2 16
11 14 29
3 4 27
5 7 20
11 12 6
10 11 27
22 22 29
5 6 7
19 21 18
9 12 19
0 3 13
14 17 4
1 3 29
18 19 27
1 1 20
4 6 29
8 10 26
10 11 25
17 19 5
16 19 14
13 15 15
3 5 10
10 11 15
5 6 17
16 19 28
19 20 29
5 6 6
17 21 29
20 23 15
14 16 11
2 4 23
5 7 15
3 5 15
21 23 19
12 14 21
5 6 21
17 18 22
19 19 6
23 1 5
13 14 8
10 11 19
13 15 10
15 18 18
3 3 5
7 8 23
3 4 11
3 6 6
16 19 13
16 17 9
4 6 26
4 7 21
20 21 25
21 23 3
5 9 15
3 5 25
5 7 8
10 12 20
9 13 24
1 3 10
21 0 12
1 2 25
7 8 2
8 11 1
18 21 5
21 22 30
18 21 29
15 17 22
11 12 25
15 16 22
21 23 25
11 13 25
21 0 28
10 12 26
12 15 19
20 21 24
20 21 7
17 18 23
11 14 14
6 8 3
1 3 21
11 14 9
8 10 2
12 14 28
20 23 24
5 8 3
1 4 12
20 21 27
0 2 12
14 15 4
6 6 2
5 6 27
13 17 16
20 21 14
11 12 4
7 9 16
2 4 12
17 19 23
14 16 2
2 4 18
18 19 11
22 23 3
10 13 22
18 19 9
10 12 11
18 20 23
7 9 25
14 16 29
4 5 20
16 19 1
14 16 9
22 1 13
8 10 11
17 20 25
15 16 25
11 12 5
14 18 3
17 20 21
3 5 13
3 6 22
16 17 30
21 23 17
20 23 9
12 15 12
4 6 29
16 19 7
12 13 10
14 15 14
1 5 10
1 2 14
13 15 5
20 22 9
23 0 21
0 2 23
7 10 21
19 21 22
15 16 5
5 7 19
12 14 12
3 5 5
4 5 13
20 21 23
1 4 5
19 22 13
9 12 12
19 22 24
8 9 12
11 14 21
14 15 3
18 19 21
4 5 3
10 13 11
12 15 24
6 8 11
13 16 25
12 14 22
12 13 26
21 23 19
16 18 20
14 14 2
9 12 15
14 16 26
3 7 30
18 21 16
9 11 17
13 15 1
1 2 20
3 7 21
9 11 26
9 13 27
12 14 24
4 6 29
8 9 23
11 12 1
18 20 15
3 6 3
6 8 3
4 7 13
21 1 26
2 3 8
18 21 11
6 7 8
21 23 7
15 18 17
13 16 13
6 7 18
7 8 3
1 4 9
1 4 2
9 11 22
11 14 9
2 3 10
2 3 22
6 9 3
19 21 15
12 15 6
21 1 13
16 18 2
4 4 4
15 19 1
13 14 30
4 7 23
12 14 28
21 1 18
5 6 24
17 18 3
6 6 21
1 2 1
22 23 29
14 16 29
19 21 5
16 17 7
20 23 23
15 17 4
12 14 13
11 13 13
14 17 1
15 18 3
19 21 12
22 0 29
8 10 9
11 12 10
0 2 20
6 6 18
18 20 27
2 5 7
16 19 6
0 2 25
22 23 9
16 18 5
1 2 2
21 0 27
0 2 25
7 9 13
13 15 29
23 2 8
16 19 13
19 20 7
21 23 16
17 20 9
15 18 16
4 5 8
7 9 4
9 12 28
0 1 25
1 3 6
17 18 18
14 16 29
2 5 24
4 5 6
23 2 18
8 12 22
7 9 26
6 9 23
16 18 3
13 15 3
19 22 18
3 6 2
12 13 12
17 18 3
7 8 23
17 20 6
1 2 22
19 21 7
14 15 12
7 10 23
8 9 13
23 23 23
21 23 5
0 1 26
23 1 7
14 18 1
23 1 15
18 18 10
7 9 3
7 10 10
3 5 26
14 18 6
19 20 4
5 7 20
16 19 23
18 21 14
23 0 20
21 0 6
1 3 24
12 14 1
8 10 2
11 12 20
5 7 29
16 19 5
11 13 14
11 13 14
21 23 23
8 9 7
23 1 22
12 13 1
21 22 26
12 14 13
9 13 19
20 22 2
10 12 20
1 3 9
7 9 6
4 6 13
19 21 3
4 6 7
0 1 14
12 14 15
11 11 12
9 11 29
2 4 25
21 23 14
6 8 11
8 11 30
6 8 29
13 16 17
22 3 13
15 17 9
4 7 15
6 9 13
7 10 6
16 17 11
5 7 15
10 13 4
11 12 9
7 10 3
17 20 12
6 8 3
17 20 23
21 0 14
21 23 27
20 22 28
0 2 29
19 22 19
0 1 14
14 16 20
7 8 2
8 9 20
19 21 27
6 9 4
8 10 16
0 2 21
14 15 1
3 6 1
17 23 18
5 7 8
20 22 11
4 5 2
10 14 25
4 8 8
13 14 9
21 23 1
9 13 5
19 21 27
9 13 8
21 0 13
12 13 18
17 20 5
15 17 14
1 4 20
20 0 1
20 23 26
23 1 11
11 12 6
9 10 5
17 18 29
5 9 20
2 3 13
15 18 6
11 13 16
6 7 14
5 7 15
6 8 7
3 5 19
3 6 25
11 14 1
4 7 8
9 12 2
7 10 22
23 1 24
15 17 14
10 13 16
2 4 10
22 0 21
1 3 11
7 8 25
1 4 23
4 6 1
9 11 9
20 23 17
5 7 5
11 13 26
16 18 27
6 8 3
10 12 21
1 3 18
12 12 5
3 5 22
1 4 26
10 12 22
23 1 4
6 9 17
11 15 1
16 16 15
13 14 14
7 10 15
0 2 29
23 2 29
5 8 12
2 4 18
12 15 30
5 7 16
12 15 15
22 23 2
21 21 26
10 11 5
22 1 21
17 19 29
1 4 22
14 17 14
6 8 15
17 19 1
1 3 9
19 21 4
6 7 11
21 23 26
23 1 23
19 0 13
21 0 15
13 15 10
14 17 7
8 11 17
4 7 7
0 2 19
17 17 21
8 11 30
20 21 12
23 1 30
16 17 12
20 23 19
19 21 25
1 5 11
9 9 22
2 5 25
19 22 21
0 3 4
0 3 12
21 23 30
21 0 19
16 18 13
18 18 26
11 14 26
16 17 3
3 5 10
20 21 28
15 17 19
18 21 17
10 10 5
18 19 25
14 17 2
11 13 26
16 18 27
22 1 10
4 7 5
6 11 10
20 22 5
18 20 7
6 8 20
8 10 6
13 16 27
22 23 25
7 9 16
16 19 24
16 18 15
2 4 11
15 17 19
16 16 4
2 2 19
20 21 15
15 17 2
12 12 29
18 21 24
19 21 19
5 7 5
22 1 20
14 15 15
5 6 14
11 12 18
10 11 9
20 22 26
9 11 13
1 3 27
6 8 10
4 6 6
1 4 11
14 16 9
5 7 23
2 3 8
9 10 20
21 0 29
9 11 1
16 18 8
1 4 11
3 7 8
22 1 3
2 4 17
11 14 1
14 16 17
9 10 20
20 23 12
11 13 24
16 19 7
5 7 29
19 22 17
18 21 17
11 12 30
10 10 14
10 13 28
12 13 7
10 12 13
0 2 15
2 4 2
11 12 6
15 18 8
17 20 9
0 3 12
14 17 19
6 8 24
3 5 14
3 5 16
11 13 8
12 13 22
5 7 30
18 20 11
13 15 26
3 5 19
16 17 30
12 15 5
11 11 24
17 19 10
18 21 5
21 0 28
16 19 26
14 16 21
10 11 10
18 21 27
3 4 3
20 0 20
9 11 27
17 20 27
19 23 2
19 19 20
14 18 10
18 18 22
21 20 30
14 16 28
17 21 16
6 9 15
10 13 13
20 20 4
12 14 26
22 0 5
3 5 22
9 14 23
23 1 29
1 3 24
23 2 9
12 15 26
8 10 18
18 21 12
7 8 28
8 10 3
12 13 16
13 15 7
0 1 15
20 23 18
18 21 6
22 23 23
14 16 22
0 2 15
16 18 10
16 18 26
22 1 6
8 9 2
8 11 26
19 21 8
8 10 1
18 18 19
15 17 23
8 11 20
13 16 30
18 18 11
9 11 10
19 21 8
21 21 25
10 12 9
2 4 22
6 8 10
19 21 9
0 2 10
20 1 24
3 4 7
22 1 15
10 12 11
20 23 11
8 10 27
17 18 20
16 17 17
14 15 11
1 4 25
9 13 10
5 7 8
4 6 18
22 23 11
16 17 2
22 0 15
14 16 21
4 7 11
1 3 21
10 12 1
7 9 17
21 22 25
10 14 12
5 6 28
18 21 29
6 9 10
23 1 8
3 4 9
23 2 7
0 3 18
14 17 19
7 11 7
6 8 30
0 3 11
17 20 18
23 23 19
20 22 24
0 4 17
18 20 13
17 20 3
19 21 3
7 8 26
6 8 29
3 6 20
10 11 28
21 23 11
23 2 11
23 2 17
18 21 17
11 13 23
17 19 8
5 7 15
22 22 9
9 9 21
20 23 8
20 20 25
15 18 11
11 13 29
11 12 27
10 11 11
10 13 15
7 8 1
4 6 20
12 13 1
20 21 11
18 20 24
4 6 17
8 10 16
22 23 10
18 20 29
5 8 28
12 16 19
9 11 12
0 0 13
23 2 14
3 6 9
7 10 29
21 23 14
7 10 23
20 23 14
21 1 9
10 13 10
20 23 16
23 2 24
10 13 16
22 0 1
14 17 19
17 19 2
22 0 30
15 17 25
7 8 7
15 16 1
21 22 16
19 23 16
20 21 12
13 16 3
1 4 26
6 8 12
3 7 29
1 4 2
7 9 30
21 22 28
6 10 22
12 13 18
9 11 25
23 1 30
4 5 21
0 2 6
17 19 29
1 3 24
4 6 16
2 3 9
12 13 29
20 23 20
1 2 13
12 15 24
13 14 15
14 17 19
0 0 21
19 21 7
4 6 27
3 6 13
9 12 24
11 13 13
6 8 8
10 12 16
15 17 6
19 20 29
11 11 5
3 2 20
3 6 18
0 0 9
7 10 12
10 12 21
7 7 10
13 15 1
18 20 28
23 2 8
19 21 6
17 19 4
0 3 8
1 3 4
11 13 4
5 10 17
23 2 28
1 3 27
10 13 5
7 8 12
20 22 18
15 16 17
19 21 26
8 9 19
18 19 4
17 18 17
16 21 29
0 1 9
3 5 22
23 2 7
12 14 20
14 16 15
11 12 17
16 18 11
8 9 13
10 11 14
5 8 8
10 11 30
18 22 10
3 5 1
2 5 17
19 19 17
1 4 11
21 23 5
12 14 14
15 20 12
22 1 4
23 0 3
11 14 20
21 21 22
17 18 21
17 19 29
1 4 4
18 20 7
12 16 12
11 13 7
11 14 9
22 1 24
23 2 17
21 23 8
5 8 10
23 0 11
6 9 5
2 2 18
15 16 10
15 18 11
9 13 26
2 4 3
6 8 5
21 22 13
11 11 30
0 2 20
21 23 9
5 7 13
19 20 16
18 21 12
18 19 8
15 16 18
4 5 13
7 8 20
18 21 20
19 22 1
11 12 8
12 16 13
0 2 26
0 3 2
4 6 21
12 14 11
0 3 2
11 12 18
1 3 10
2 5 16
10 13 13
3 4 8
11 12 18
22 23 13
19 22 6
15 17 23
9 11 23
6 10 7
8 10 27
13 15 10
21 21 12
16 20 2
18 20 4
12 14 11
14 17 26
0 2 5
0 3 11
15 16 16
23 0 1
20 22 20
22 1 12
13 14 13
8 8 15
21 22 9
4 4 7
22 0 14
19 20 11
3 5 18
2 4 30
16 20 3
17 19 18
6 7 8
10 12 21
13 13 30
6 6 1
2 3 2
16 18 17
13 14 14
23 0 26
23 0 15
7 9 1
2 4 12
10 12 30
7 10 15
21 22 5
14 16 14
12 14 8
7 9 29
3 6 30
12 13 2
10 11 25
17 19 7
10 13 5
9 11 30
7 7 1
11 13 18
10 13 18
2 5 26
10 12 16
15 16 15
3 4 11
3 6 21
14 16 21
17 19 26
9 11 10
1 3 4
18 20 5
8 9 30
13 14 23
20 22 18
0 3 14
17 18 1
0 3 26
16 18 4
22 0 29
8 10 23
12 15 13
15 18 25
17 18 10
18 20 7
6 8 6
12 12 7
14 17 4
8 10 25
19 21 13
1 3 4
13 15 10
7 9 11
11 12 22
16 17 28
0 3 1
11 13 29
13 13 27
0 2 17
8 10 13
17 18 15
10 12 15
2 5 12
6 8 25
1 3 9
1 5 16
8 9 17
8 9 17
3 6 30
8 9 1
22 0 29
22 1 10
18 20 2
17 20 14
4 7 26
13 16 14
22 2 12
18 21 13
14 16 6
20 0 27
19 23 2
4 7 12
6 8 16
15 16 23
21 22 7
11 13 20
12 14 18
10 12 14
17 18 4
10 11 25
12 14 20
17 18 12
16 17 15
16 19 10
14 15 14
7 9 26
20 23 1
17 19 30
14 16 11
18 20 29
10 11 3
17 17 6
12 13 23
7 9 17
22 1 5
17 19 14
22 0 14
5 7 29
17 19 30
0 1 21
23 2 3
9 11 16
19 20 11
15 17 16
3 6 17
9 12 29
8 9 16
7 10 14
12 13 20
8 10 26
3 5 24
17 19 13
18 19 25
14 16 16
16 18 16
0 0 22
19 22 14
4 5 23
8 9 19
3 5 4
1 4 16
10 12 23
15 16 6
9 10 24
8 12 2
3 4 29
18 22 25
13 13 15
8 9 17
10 10 30
1 2 28
21 23 23
22 0 10
11 13 15
22 23 9
3 7 22
22 23 15
3 5 28
21 23 2
1 2 17
19 21 5
9 12 6
23 1 5
2 4 25
2 4 10
14 16 28
23 2 9
23 2 30
21 23 28
19 22 23
6 6 24
2 5 9
20 21 11
23 0 24
8 9 22
23 1 23
23 1 1
23 1 2
20 23 28
5 7 21
13 15 14
15 18 3
0 2 2
12 14 7
1 3 26
7 10 15
17 18 23
0 2 7
3 6 22
14 16 8
4 7 28
1 3 25
2 6 21
12 13 19
2 4 19
12 14 11
6 8 1
18 21 20
16 18 16
1 2 1
5 7 14
18 20 25
3 6 27
6 7 15
11 15 13
22 22 14
1 4 20
15 17 18
15 17 3
19 22 12
12 14 2
16 21 2
15 18 24
22 1 10
21 0 7
16 17 30
20 21 3
17 18 8
20 21 5
5 8 21
14 15 2
0 3 13
4 8 5
18 21 11
19 20 9
15 16 24
21 22 21
5 8 22
5 6 8
19 22 7
10 12 5
6 6 4
22 1 19
1 3 9
5 7 10
22 23 3
4 6 17
21 0 1
6 8 4
4 9 26
13 15 13
6 8 21
12 14 13
16 19 25
22 0 8
14 17 11
21 22 3
10 13 14
19 21 10
16 20 12
23 0 10
20 22 29
14 17 25
3 6 22
21 22 2
7 8 8
4 5 15
7 8 6
22 0 8
11 13 28
7 8 23
19 21 21
12 14 6
12 13 22
4 8 28
17 20 6
23 1 14
7 8 12
18 21 2
2 4 26
0 1 17
13 17 21
17 18 19
21 23 13
14 16 30
8 11 17
17 19 2
12 14 10
23 1 18
13 16 11
16 18 2
15 16 17
14 14 4
13 14 16
7 8 2
4 4 4
9 12 17
7 7 3
18 20 17
0 3 25
16 18 9
6 7 4
13 17 23
14 18 16
9 13 19
17 19 25
20 21 19
2 3 16
16 17 16
0 3 6
12 16 29
6 7 7
18 21 12
14 15 6
0 2 20
20 22 22
16 17 16
10 13 16
16 19 4
17 17 4
5 7 22
13 14 30
16 19 17
13 15 18
4 5 11
20 21 23
13 14 24
7 9 6
23 0 19
10 13 2
22 0 1
16 17 28
9 11 1
3 5 29
8 11 29
17 19 22
0 2 23
19 23 16
5 9 13
8 10 17
14 18 13
8 9 1
1 3 26
1 1 25
19 22 9
13 16 13
19 21 1
3 7 4
15 18 8
15 16 21
23 1 6
19 20 25
17 18 29
2 4 29
14 17 22
19 22 25
16 19 12
20 22 8
23 2 13
0 3 16
4 5 3
8 10 27
12 14 12
22 0 26
1 3 17
1 2 27
17 20 11
16 19 2
11 14 13
9 12 15
16 20 3
16 18 14
5 8 16
4 6 6
16 18 29
2 3 20
21 0 8
14 17 11
22 1 5
10 11 29
14 16 14
10 11 27
15 17 29
2 3 30
8 10 25
19 20 21
14 15 14
13 16 8
0 1 9
5 6 4
20 22 19
10 11 19
6 7 9
16 17 20
6 8 24
8 8 3
17 19 29
22 23 24
4 5 3
7 10 13
19 22 23
7 10 21
11 14 22
16 19 7
19 21 30
4 5 17
4 7 10
16 19 10
23 1 16
20 22 23
11 13 1
17 18 24
4 6 27
15 19 9
13 15 4
21 0 29
23 1 14
7 10 3
10 13 5
20 21 17
15 17 24
5 6 17
1 3 9
9 11 8
6 8 4
1 3 20
5 6 13
10 13 29
12 14 25
11 13 2
23 0 24
9 10 27
10 12 2
8 10 12
4 5 19
2 4 30
18 19 4
11 13 8
20 23 26
9 10 19
17 20 9
3 5 14
22 0 3
19 22 22
2 3 5
23 2 16
11 12 14
7 9 8
5 7 19
17 19 26
20 22 18
19 23 20
12 14 25
2 2 14
14 16 15
20 23 13
4 5 8
4 5 18
21 23 26
17 20 7
23 1 1
6 10 10
22 23 19
19 20 8
17 19 30
21 23 6
7 8 28
0 1 12
15 18 10
11 12 25
10 13 4
4 7 10
11 12 10
9 11 7
7 10 18
20 23 6
23 23 24
9 10 7
23 1 29
6 9 17
21 1 26
23 0 24
21 21 1
10 12 19
14 15 27
15 16 5
15 17 24
0 2 8
5 6 23
22 1 9
19 20 15
19 21 12
12 14 23
2 5 13
19 22 23
23 1 29
12 15 27
21 23 18
9 11 27
11 13 14
2 4 1
14 15 2
2 4 22
3 7 16
3 4 18
13 14 9
0 2 14
17 17 23
4 6 1
1 4 30
6 9 3
16 19 6
4 5 30
20 21 2
13 16 15
12 13 7
14 16 21
16 17 12
8 9 5
5 7 21
17 19 15
20 21 9
12 14 7
5 7 7
14 16 22
6 7 22
15 16 9
21 0 3
17 19 30
17 21 19
23 2 23
8 9 3
7 9 20
3 5 26
21 23 13
15 17 1
21 23 28
6 6 8
6 10 3
6 7 30
13 14 29
8 11 30
17 19 5
10 13 4
23 1 26
6 9 25
16 18 18
0 3 27
16 18 3
1 3 15
21 21 1
19 21 7
7 10 21
3 4 29
9 12 2
2 4 5
2 4 18
1 4 2
5 8 5
22 23 19
1 1 2
16 18 25
20 0 17
13 15 5
7 8 23
3 6 5
14 14 7
13 15 28
5 6 17
21 0 21
0 2 12
20 22 26
4 5 13
8 11 6
6 7 23
10 13 13
5 7 27
5 7 15
3 6 17
10 11 20
9 12 7
23 0 29
5 6 30
19 20 14
2 5 12
10 11 11
20 22 13
2 2 7
14 16 9
18 20 13
8 11 5
11 12 4
11 13 27
23 1 18
11 11 11
7 9 6
16 19 22
9 11 9
11 14 12
13 15 20
7 10 15
19 21 26
4 9 16
10 11 17
12 13 7
20 22 9
23 23 10
13 16 19
17 18 25
14 15 2
9 12 22
6 8 2
19 20 21
13 16 25
8 10 5
13 15 13
20 21 13
9 11 9
23 2 10
19 22 14
21 23 27
7 9 24
17 19 9
1 3 4
2 4 29
18 20 1
23 23 4
5 8 22
7 8 11
3 5 13
3 3 17
4 6 26
14 16 21
4 7 24
2 5 21
11 13 10
3 4 11
17 18 11
23 3 16
21 21 14
6 7 8
14 15 1
14 15 27
11 14 9
10 13 27
22 0 28
6 9 16
13 14 27
20 23 20
1 2 3
6 7 29
19 19 8
17 19 4
15 17 13
15 17 10
3 5 7
19 21 22
3 6 23
22 2 30
11 13 27
10 13 29
23 1 20
10 11 22
18 22 2
12 14 8
1 4 29
18 20 28
17 18 5
3 4 19
17 20 8
0 3 4
17 21 11
21 22 18
3 6 19
2 4 12
21 23 5
17 17 1
16 18 11
0 2 21
16 18 22
23 0 18
1 0 24
18 19 17
5 7 27
15 17 11
9 10 11
10 12 15
13 15 16
12 14 22
18 21 13
16 17 5
7 9 30
8 10 25
3 5 3
10 11 28
9 10 20
13 13 7
10 11 11
12 15 11
23 2 1
18 19 22
13 14 13
15 17 21
16 19 30
17 20 16
1 5 27
12 14 25
12 15 14
19 21 27
0 3 2
19 22 24
17 19 25
10 12 21
21 1 23
8 9 23
5 7 3
1 3 30
0 4 2
8 11 26
10 13 16
12 12 10
12 13 9
2 5 17
13 15 26
16 18 30
8 11 1
18 21 20
17 18 2
17 20 24
14 16 28
23 2 2
12 13 3
20 23 16
8 11 9
2 3 29
6 9 16
19 21 7
3 6 24
18 20 4
6 8 29
21 23 11
13 16 16
0 3 1
3 5 15
23 1 11
5 6 26
4 6 14
23 1 23
21 0 7
13 16 3
1 4 18
7 11 8
3 6 24
14 16 27
8 11 9
20 0 18
2 2 23
18 19 20
7 9 7
17 18 5
20 23 2
22 0 5
9 11 8
5 7 6
20 23 8
5 9 13
23 1 11
10 13 3
3 5 7
12 13 19
14 18 24
17 21 12
15 18 22
11 14 20
15 17 16
4 6 4
3 4 13
3 5 22
10 13 20
6 7 16
7 7 2
3 5 25
12 14 15
2 4 23
16 19 28
10 12 27
17 19 9
23 1 21
22 23 30
1 3 18
7 9 15
7 8 28
0 2 22
20 22 23
17 17 28
20 22 9
1 3 18
5 7 19
18 19 13
4 6 5
22 0 7
2 4 11
14 16 18
8 11 28
7 9 19
23 1 6
4 6 11
14 18 7
10 11 4
11 14 15
17 19 20
23 0 16
9 11 2
22 1 2
22 23 21
7 7 17
3 4 17
17 19 22
15 17 10
18 21 12
6 8 9
2 6 1
0 2 23
8 11 2
4 6 18
19 17 24
1 2 23
9 12 21
2 4 22
18 20 10
22 1 1
10 11 21
1 3 16
13 16 15
20 22 4
3 3 8
6 7 8
0 2 3
7 10 26
9 10 25
16 15 21
13 14 7
14 17 17
8 9 28
22 1 1
1 3 26
13 15 19
15 16 4
15 17 19
20 20 21
8 11 26
18 20 7
14 15 8
5 8 4
19 22 28
1 5 26
5 6 5
4 6 27
5 7 23
2 4 8
11 15 17
13 15 16
19 22 26
17 19 1
18 20 27
3 5 4
18 20 28
15 16 24
5 8 4
20 21 13
15 20 1
22 22 28
11 13 9
8 9 14
1 5 24
21 22 17
7 9 27
10 13 6
16 18 11
2 3 22
12 15 23
14 18 21
1 4 21
7 9 30
1 4 10
13 16 10
2 5 25
14 16 21
20 23 4
13 16 5
16 18 13
4 7 19
13 14 23
10 13 27
13 16 5
9 12 21
7 7 20
22 23 14
6 7 2
8 9 13
4 5 6
22 1 30
0 2 9
8 8 29
23 4 19
10 12 17
22 1 2
7 10 17
13 14 27
17 18 24
17 20 12
5 8 17
17 20 21
19 20 13
23 3 14
0 3 27
1 3 3
3 5 29
11 13 26
13 14 1
13 16 19
1 4 21
3 7 18
0 2 21
12 13 26
8 13 29
5 7 13
18 20 4
7 11 15
12 15 6
9 11 1
2 4 2
19 23 11
19 21 29
16 18 5
23 1 18
3 5 3
8 10 27
6 8 18
5 8 14
5 9 3
0 1 26
23 23 9
16 18 5
1 1 29
15 17 19
1 4 21
9 9 13
8 11 8
4 5 26
3 6 29
17 18 26
17 19 16
8 8 22
15 16 28
21 1 18
5 8 4
15 14 9
18 20 4
12 15 27
5 8 10
4 5 28
19 22 19
7 11 19
16 19 23
19 21 5
20 23 12
2 5 3
1 2 17
18 21 1
17 17 9
23 2 18
8 9 5
9 11 13
13 14 16
15 16 2
5 8 9
14 16 26
19 21 12
22 0 25
23 2 6
6 8 3
3 4 21
10 14 19
6 8 12
11 12 12
0 3 3
22 23 4
19 23 15
4 7 9
0 3 16
12 15 25
6 9 28
22 0 6
21 2 10
1 1 1
16 19 15
10 13 12
12 14 3
7 8 19
23 3 16
9 12 30
21 0 18
5 5 12
5 8 3
19 20 20
4 5 22
22 1 7
12 15 19
21 0 9
23 2 7
4 6 27
7 9 17
19 21 29
11 12 15
17 18 29
23 1 6
2 5 19
6 8 2
2 4 15
20 22 8
19 21 6
8 10 11
5 8 4
12 14 3
22 22 17
17 19 29
10 13 8
23 23 8
2 5 4
11 10 7
2 5 5
2 6 7
22 0 20
10 11 4
9 12 8
9 11 29
8 10 14
18 20 1
17 19 13
18 19 25
0 2 25
23 2 3
8 10 26
10 12 23
14 15 6
18 19 24
12 13 6
1 3 1
14 16 9
0 1 23
11 12 4
10 12 12
7 9 1
8 10 29
3 6 28
16 18 14
12 14 18
21 23 14
5 9 13
22 23 26
3 4 21
2 3 16
21 23 22
11 12 30
9 10 15
19 20 10
4 6 30
8 9 10
2 4 9
9 12 12
1 1 8
21 21 27
22 1 26
3 6 18
9 11 16
13 17 4
20 21 28
16 18 16
20 23 7
18 18 7
21 22 4
15 17 9
3 5 3
18 19 1
1 2 18
5 7 12
17 20 14
20 22 4
6 8 24
21 0 14
9 11 25
0 2 21
16 19 16
8 11 27
15 17 3
2 3 30
10 11 24
18 21 11
6 8 7
16 18 9
18 21 1
15 16 6
2 3 9
0 3 1
8 12 4
17 19 15
14 18 13
10 14 14
9 11 11
7 9 20
11 13 3
16 18 10
1 4 4
6 8 18
5 8 9
21 23 20
18 21 10
22 23 28
1 3 17
18 19 28
22 0 15
10 11 17
10 11 10
14 15 27
16 18 14
5 8 19
18 19 30
9 11 4
18 19 25
11 13 7
19 21 15
11 11 15
0 3 10
10 12 25
13 12 18
11 14 29
2 4 18
12 14 7
21 0 17
19 21 24
16 18 26
16 19 22
6 7 21
14 16 6
4 8 1
14 19 21
8 10 29
6 10 21
14 15 3
1 2 17
9 10 23
10 11 1
18 20 23
1 4 1
9 12 3
21 23 29
11 13 23
2 4 2
5 7 25
20 23 15
8 11 30
23 0 27
14 16 5
11 13 19
20 20 20
11 14 24
22 1 17
22 1 1
7 10 7
17 18 1
21 22 1
13 15 3
3 5 24
23 1 21
3 5 4
10 10 13
17 18 22
12 13 20
18 20 3
8 8 25
6 10 18
12 16 18
15 17 5
3 6 2
0 2 23
13 16 16
6 9 30
18 18 3
10 12 28
5 6 7
9 11 5
8 10 8
5 7 1
9 10 25
12 15 2
23 1 26
20 22 24
14 17 2
23 1 23
6 7 28
9 11 29
10 11 3
23 1 26
9 11 30
23 1 26
3 6 27
23 2 10
23 1 23
9 10 3
20 23 22
0 1 16
19 20 25
10 11 4
7 7 7
4 7 10
21 0 11
2 4 30
12 14 3
6 7 5
6 9 2
0 0 28
15 16 22
4 5 17
7 11 10
8 10 27
5 6 3
9 12 8
1 2 25
0 2 7
7 10 11
0 1 12
7 9 12
21 1 17
23 23 28
9 11 28
9 10 28
14 16 21
8 10 28
17 18 3
21 21 30
8 10 5
9 9 7
18 20 2
4 6 29
16 18 4
6 9 20
17 18 29
0 1 7
3 6 8
1 3 29
21 0 15
23 0 2
22 1 10
4 6 10
2 5 9
15 17 9
9 11 20
16 18 24
3 4 20
19 20 20
0 3 4
13 15 16
16 20 25
1 3 9
20 22 24
20 22 3
0 2 29
20 22 29
1 1 19
21 22 26
6 7 28
17 19 28
2 4 29
18 20 15
15 16 2
1 3 30
1 3 2
1 4 17
16 19 4
10 11 3
3 4 28
11 13 10
5 7 11
19 22 20
7 10 2
7 9 18
13 17 20
10 13 15
21 23 25
3 6 15
6 7 28
16 17 9
0 1 11
4 6 21
19 21 17
5 9 26
22 0 11
4 6 1
11 14 3
1 3 11
16 19 12
6 9 2
9 10 26
22 1 6
8 12 4
23 2 10
11 15 26
5 7 28
20 22 15
1 3 16
8 11 7
14 15 8
15 18 20
14 16 22
10 13 13
9 11 27
15 18 23
12 15 9
5 5 1
2 2 18
5 8 13
0 1 9
21 23 19
20 22 9
15 16 27
9 10 18
4 5 22
4 7 24
0 3 26
20 22 16
13 15 5
18 21 25
22 22 25
3 3 16
6 8 1
23 0 17
10 11 25
20 23 6
19 19 28
5 8 12
9 10 28
5 8 13
18 20 25
5 8 11
3 6 2
16 18 28
20 23 16
18 20 29
17 19 7
22 2 6
6 8 25
10 12 25
3 6 13
14 17 28
22 23 23
4 7 12
1 3 12
4 5 6
7 9 20
10 12 8
20 21 19
2 4 17
19 21 23
5 7 10
12 16 10
8 11 21
4 5 11
11 10 4
23 2 29
22 1 26
6 9 11
14 15 12
2 4 1
17 20 13
5 6 20
23 1 11
21 23 1
6 8 9
2 3 24
20 20 27
19 20 18
8 9 2
14 16 11
0 2 11
4 6 26
10 12 23
14 13 4
15 16 13
20 22 11
1 2 3
19 22 24
9 9 19
19 21 6
9 11 19
8 10 1
8 10 12
9 11 26
10 13 21
9 9 17
5 7 16
18 18 2
6 8 8
14 15 16
18 19 21
22 1 26
15 18 23
18 19 1
21 1 20
11 13 16
9 12 22
11 14 3
16 19 15
17 18 9
7 7 12
15 17 16
17 19 22
14 15 29
19 21 1
16 18 8
16 18 24
13 14 30
11 14 22
2 4 5
4 6 18
17 19 5
13 17 21
4 7 13
21 0 16
8 9 25
22 0 14
21 22 22
14 16 20
19 22 30
17 20 19
14 17 14
7 9 15
1 3 27
1 3 20
1 3 10
16 16 1
15 18 17
13 14 7
10 14 26
2 5 30
22 0 21
5 8 26
23 1 14
23 1 21
23 0 5
8 10 20
18 19 16
13 16 1
23 3 9
22 1 3
17 19 22
22 1 19
4 5 21
4 6 13
17 18 17
10 10 19
16 18 29
21 0 11
14 14 26
20 20 21
22 0 24
12 13 29
22 0 18
1 3 22
0 4 27
5 8 6
18 20 23
16 19 6
11 13 24
23 3 16
1 5 2
14 17 16
2 3 28
9 11 8
0 1 12
14 15 11
19 20 25
16 18 9
7 9 29
12 14 5
17 19 8
14 17 4
13 15 20
10 11 8
3 4 4
17 20 30
7 10 27
4 4 30
3 7 15
6 7 4
12 13 15
16 19 20
15 17 16
20 21 19
7 8 6
11 15 16
11 14 17
18 20 14
22 0 25
22 23 18
13 17 5
7 10 16
21 0 5
21 0 9
19 23 19
4 6 3
23 1 19
11 13 16
23 1 15
0 0 30
9 11 11
17 20 2
9 11 25
18 21 8
12 14 13
2 3 25
11 12 4
0 3 15
5 7 7
18 19 19
16 17 19
5 8 15
4 5 12
4 8 5
1 4 11
20 22 23
4 5 12
6 6 29
4 6 6
1 3 30
17 18 17
23 1 20
18 19 1
16 18 10
6 7 10
23 23 15
0 1 4
17 19 8
7 11 11
16 20 7
4 5 24
11 12 25
9 12 28
15 18 12
23 1 2
1 3 28
16 17 22
18 21 30
13 13 4
1 2 16
15 17 15
4 7 21
21 23 22
22 0 23
23 1 29
5 8 26
23 1 7
20 23 19
16 20 7
15 19 17
14 14 7
21 23 6
1 4 14
14 18 3
17 19 23
4 6 26
4 7 28
20 23 7
3 6 15
11 14 21
16 18 28
15 17 24
11 12 28
18 20 30
12 15 15
15 18 8
13 15 30
9 10 26
19 23 16
8 10 6
8 11 4
6 9 3
23 2 15
23 2 5
7 8 10
18 19 16
11 14 19
16 18 2
5 7 15
2 5 10
1 2 7
0 1 11
13 15 4
23 3 17
16 17 13
18 18 7
3 4 30
19 21 18
23 23 26
0 1 26
4 5 2
8 11 12
8 10 30
4 6 26
9 11 20
13 14 12
17 19 19
23 0 6
3 4 2
5 7 27
22 1 8
4 4 5
9 12 8
18 21 22
5 6 25
16 18 7
2 2 21
14 16 9
22 0 28
3 5 9
1 4 25
15 18 9
16 15 22
5 6 8
6 7 26
11 12 19
22 2 10
19 20 21
19 22 14
1 2 8
2 4 18
11 13 4
15 16 10
0 2 29
18 20 28
22 2 21
6 8 14
19 21 25
22 0 22
21 0 26
20 21 8
9 11 23
20 22 30
8 11 4
4 5 9
14 15 20
4 5 23
20 23 30
22 23 20
19 21 13
23 23 20
19 20 14
16 18 26
22 0 18
7 6 22
20 23 24
20 22 30
13 14 30
6 7 11
5 8 13
8 10 5
22 23 30
23 0 23
15 17 14
13 14 6
22 1 27
19 22 24
1 3 30
3 5 4
6 7 29
14 15 27
0 3 5
1 3 10
12 15 28
15 17 12
4 5 24
3 5 5
21 0 10
22 23 26
5 8 10
17 19 23
0 2 17
10 13 10
13 15 13
6 8 11
22 0 7
4 7 19
12 14 27
6 9 8
19 19 3
0 2 17
14 15 13
11 14 17
9 10 17
22 0 22
8 10 12
18 19 20
14 17 1
12 14 29
3 7 11
10 13 13
14 18 22
14 17 4
10 13 6
13 16 18
17 20 25
3 5 8
22 23 19
13 15 9
11 13 4
0 2 5
10 11 6
4 6 6
7 10 9
14 16 29
10 11 14
9 10 30
1 3 27
14 17 8
14 14 30
7 10 5
2 4 24
8 11 11
5 7 2
9 10 4
16 16 7
23 23 26
2 5 7
5 7 28
8 12 23
4 6 27
1 5 21
1 3 29
14 17 30
4 5 13
10 13 30
6 7 11
10 12 25
2 5 17
4 5 28
10 13 9
17 19 10
18 19 5
22 1 17
20 22 19
11 13 7
15 18 7
11 12 17
11 12 3
8 11 25
4 6 8
17 19 9
22 23 15
22 23 20
22 22 10
2 5 9
3 6 4
13 14 13
21 0 13
23 0 4
11 13 10
20 23 26
19 20 24
12 15 28
10 14 3
6 6 6
18 21 28
10 12 19
6 8 6
16 20 28
15 15 13
18 20 28
11 14 6
5 8 20
7 9 16
21 23 27
21 22 1
10 11 7
20 22 19
14 16 22
10 14 21
16 18 17
13 16 28
16 18 8
19 22 9
17 20 24
10 12 29
9 11 26
21 23 12
4 6 21
3 5 24
5 8 17
1 2 7
12 13 5
18 20 8
1 2 5
13 13 4
22 1 24
17 21 9
19 21 27
17 19 2
14 16 10
5 6 6
7 10 20
14 17 8
2 4 29
8 11 11
1 4 2
20 23 9
1 2 21
16 20 4
0 0 16
1 2 27
14 15 16
4 5 13
1 3 21
18 18 1
5 7 19
1 3 23
5 7 19
4 5 1
0 0 15
22 1 16
11 13 7
11 13 4
3 4 5
23 2 18
7 11 1
0 3 11
6 9 21
13 16 6
0 3 3
2 5 6
13 14 17
9 12 10
18 21 23
17 18 4
5 8 25
11 12 13
18 21 15
3 6 25
12 14 8
6 11 20
11 13 6
12 12 11
2 4 20
4 6 13
9 11 8
7 9 18
18 20 12
0 1 16
7 12 12
15 17 23
7 8 3
18 19 12
21 23 15
2 3 25
12 13 11
18 19 22
0 2 26
15 17 19
14 17 16
15 17 30
4 6 4
22 0 6
10 12 8
0 2 15
20 21 2
20 21 25
19 21 15
16 18 15
10 12 7
6 9 29
18 20 7
12 15 24
18 22 3
14 15 14
23 1 24
1 5 14
0 2 17
18 20 17
20 21 18
16 16 7
5 7 22
6 8 23
6 11 1
0 0 16
11 12 13
7 9 21
1 3 20
9 10 22
5 6 29
16 18 24
22 0 18
15 16 5
8 10 13
7 9 29
23 2 1
1 3 8
9 11 4
21 22 9
11 12 20
1 3 8
6 9 11
5 5 12
12 13 14
12 13 12
6 6 21
13 15 19
14 16 11
19 21 28
22 0 18
14 18 15
13 16 4
0 1 25
12 14 25
11 13 6
7 10 27
12 16 16
14 18 30
20 22 13
14 15 8
9 11 14
15 17 7
17 19 26
7 9 2
13 16 5
20 21 3
2 4 2
6 8 5
11 14 22
12 13 2
22 2 1
5 7 20
19 21 29
20 22 6
21 22 21
10 12 27
16 17 21
0 3 22
13 14 11
8 10 30
20 22 18
0 3 22
11 13 21
12 14 19
22 22 30
3 5 10
6 8 7
7 8 14
2 5 3
21 22 20
9 11 4
2 4 20
20 22 25
9 10 20
20 22 30
5 6 18
5 8 7
9 11 29
16 17 8
13 13 24
22 23 24
2 4 14
2 2 1
7 9 25
20 21 17
18 19 11
21 0 25
15 15 15
6 9 18
18 21 14
3 6 18
4 6 26
17 19 14
4 6 18
12 11 3
16 19 16
13 16 26
2 5 15
18 20 27
22 0 30
12 15 20
18 20 24
19 22 15
7 10 15
18 21 15
0 1 18
17 20 14
11 14 7
21 0 23
7 9 6
8 10 15
18 20 27
8 11 19
18 19 10
19 21 4
13 16 14
16 18 18
1 4 7
8 10 6
23 3 11
20 23 15
4 4 29
9 10 9
21 1 5
5 9 3
17 18 24
13 15 27
9 12 13
21 0 2
3 5 29
21 22 3
19 22 9
11 12 1
2 4 12
16 17 22
19 22 10
12 14 26
22 2 27
5 7 26
12 14 19
6 9 30
10 11 21
16 19 28
11 13 20
19 21 22
9 12 30
18 21 10
4 5 24
15 17 30
1 3 21
15 16 6
19 22 23
10 12 12
7 8 10
22 0 30
5 7 12
4 7 14
8 9 10
1 3 29
2 4 22
6 8 29
4 5 9
0 1 6
6 8 27
2 4 8
13 15 7
21 0 11
18 20 18
2 3 20
11 12 3
21 21 20
7 8 21
1 3 24
6 9 16
5 8 11
8 9 24
2 5 4
15 17 1
2 4 12
1 4 24
22 2 24
4 7 26
11 13 13
3 5 13
6 8 1
8 10 28
0 3 3
8 11 26
19 22 25
4 5 28
21 22 28
8 9 14
3 6 9
18 21 8
5 6 27
23 0 26
8 11 7
10 13 8
12 17 7
5 8 15
7 8 1
11 13 3
18 20 28
20 21 20
18 19 11
11 13 20
0 3 3
9 11 4
16 18 4
3 3 19
12 15 13
0 3 8
16 18 5
20 22 26
5 7 4
23 0 28
18 19 27
8 10 27
10 12 30
21 2 24
15 15 1
3 3 9
19 22 20
22 0 24
16 17 18
21 23 25
21 2 12
6 7 23
4 8 14
7 10 22
12 14 13
14 15 28
1 4 21
22 1 12
10 12 11
8 8 28
11 14 14
5 7 9
16 18 12
16 17 11
17 19 11
19 23 4
7 9 18
15 20 30
20 22 18
1 3 26
19 21 3
19 23 24
18 19 15
14 15 10
3 5 8
13 16 13
19 22 15
