4710 30
20 30 18 6 9 27 20 24 2 10 23 15 24 20 20 20 13 5 27 5 8 27 12 4 30 19 2 12 27 13 
13 14 13
10 11 28
14 16 13
23 0 19
2 5 8
21 23 9
17 20 21
17 20 25
12 14 17
10 12 5
14 16 3
6 9 25
9 10 5
4 6 26
10 13 16
19 20 11
11 13 22
9 11 16
14 16 2
15 17 24
17 21 16
5 6 26
7 8 19
1 2 4
22 0 21
1 3 18
9 8 14
2 5 17
7 10 4
10 13 3
9 10 14
14 16 22
23 2 26
4 7 19
6 7 19
10 12 2
6 8 28
20 22 26
10 12 27
21 23 23
16 18 7
3 4 24
23 2 2
0 1 2
22 23 20
8 11 8
18 20 6
15 17 29
3 5 1
22 1 22
6 9 20
1 2 2
22 1 15
17 18 22
17 19 20
18 20 15
5 8 21
14 16 13
3 6 18
5 9 18
20 22 10
22 0 3
0 3 20
15 18 15
0 3 3
9 10 24
0 0 14
5 7 1
1 2 15
21 21 20
17 18 11
0 3 29
18 19 27
18 19 23
22 2 3
5 5 22
20 23 15
19 22 12
18 19 21
22 23 10
15 17 28
9 11 7
22 2 15
17 20 20
9 12 26
5 7 28
9 10 13
10 12 22
21 23 24
11 12 4
23 3 3
6 7 1
18 20 23
6 9 9
15 18 9
20 19 7
22 0 11
10 12 5
5 5 20
21 23 13
18 21 19
11 15 10
12 15 9
10 13 27
5 8 13
9 12 10
15 17 15
2 3 25
6 8 24
22 0 29
8 10 11
10 12 11
9 11 5
12 13 28
3 5 5
10 13 13
18 20 7
20 23 30
9 11 19
4 8 2
8 9 2
21 23 28
19 20 27
18 17 22
16 19 8
12 14 7
6 9 1
22 0 15
19 21 24
6 10 1
1 2 20
10 11 18
1 4 1
9 12 29
22 0 29
7 10 24
22 23 1
20 22 30
23 23 27
13 15 29
6 8 22
16 17 16
1 3 20
17 17 15
21 0 28
4 7 27
18 21 11
16 17 29
20 0 12
7 10 26
18 21 2
9 12 19
21 22 13
2 6 25
5 6 22
3 6 13
17 20 5
8 9 3
19 21 3
17 20 15
8 10 30
13 14 9
9 12 25
21 23 5
7 10 8
13 16 23
17 18 25
16 19 15
4 6 19
21 23 6
9 11 19
2 4 7
9 13 12
17 17 2
12 14 27
11 13 27
8 12 1
16 19 14
18 18 23
7 9 27
11 13 27
14 17 21
20 22 22
4 7 8
4 8 11
0 1 20
4 5 28
3 5 7
20 21 23
4 7 24
3 3 6
18 19 20
18 18 15
22 1 22
9 11 20
8 10 4
18 21 4
0 1 23
21 22 15
9 12 26
23 3 27
13 15 8
16 19 7
10 11 24
13 15 26
8 11 30
23 0 23
0 4 26
6 8 20
13 14 2
23 2 27
16 17 6
6 8 4
1 3 7
19 20 30
16 19 24
17 20 23
15 18 16
7 9 7
4 6 22
10 12 12
17 19 23
22 0 14
11 14 13
18 20 17
13 13 13
9 11 30
5 6 12
13 15 24
14 14 12
4 7 27
19 22 3
6 8 16
2 4 10
17 18 13
11 12 20
15 18 18
20 23 8
11 14 5
19 22 20
4 7 19
12 14 21
5 7 17
14 18 19
4 5 6
8 11 28
8 11 26
2 3 6
6 7 30
2 4 17
9 11 21
13 16 10
4 5 20
7 9 19
22 0 6
21 22 7
19 20 26
22 1 6
9 9 1
12 14 26
7 10 18
10 15 7
12 12 8
19 21 6
5 5 3
12 14 13
20 22 22
8 11 12
12 14 27
20 21 14
6 8 8
11 14 23
16 18 13
20 23 15
3 5 21
16 18 22
7 8 21
16 18 15
10 11 30
20 22 14
7 9 14
2 5 18
0 4 24
16 15 16
0 1 2
21 23 2
13 14 13
19 20 30
7 10 17
15 16 12
2 2 22
2 3 17
11 12 19
8 9 4
7 9 3
16 18 2
18 20 14
6 7 4
13 14 9
6 8 3
3 5 11
13 17 9
18 21 27
19 19 19
10 13 8
9 11 29
10 10 15
18 19 7
5 7 18
10 12 13
8 12 22
3 6 12
6 8 1
16 16 30
14 16 30
16 17 14
1 4 19
3 5 20
22 23 29
5 7 21
3 4 26
3 5 25
5 7 20
0 2 7
2 1 13
2 5 17
23 23 14
1 5 19
21 23 4
22 1 13
23 0 22
20 0 3
4 7 17
12 14 12
14 16 10
12 13 12
13 16 22
22 1 1
12 14 18
3 6 25
21 23 29
7 9 8
6 7 20
21 22 25
17 18 17
17 20 29
6 8 26
22 2 3
11 14 6
1 3 14
0 2 17
19 21 5
22 23 29
2 4 19
15 18 26
16 17 19
18 21 7
23 1 8
4 7 20
4 6 20
2 3 10
9 11 10
22 0 12
1 2 3
22 1 11
18 20 28
16 17 6
2 2 28
22 22 30
22 0 15
9 11 5
7 8 28
22 22 10
21 23 5
0 2 15
18 21 14
7 8 24
13 15 8
3 6 1
17 21 1
12 15 15
5 7 1
16 18 30
20 22 1
17 19 30
12 16 22
5 6 22
16 19 19
8 10 24
0 3 25
4 6 6
9 12 24
11 12 25
17 20 26
19 22 24
22 1 16
15 17 26
1 3 27
17 17 24
3 3 26
11 11 14
21 0 20
22 23 16
1 3 4
23 3 30
20 21 18
11 11 20
9 11 16
3 5 17
7 8 1
16 19 2
18 21 1
17 19 26
14 16 20
14 16 18
13 15 13
8 12 17
8 9 2
20 21 25
8 10 30
18 19 1
13 14 1
11 14 2
1 2 26
10 13 4
5 8 11
1 6 30
13 14 8
7 9 25
17 19 2
6 8 17
8 9 4
5 5 12
6 9 9
8 10 14
20 21 22
19 20 24
17 20 15
5 7 10
22 23 24
18 21 15
16 18 11
19 21 30
3 5 7
21 21 21
1 2 3
20 21 12
20 22 9
1 3 14
21 23 28
21 0 7
12 13 27
23 1 13
17 18 9
8 9 1
21 23 18
14 17 25
0 3 8
20 23 9
19 19 16
21 23 3
11 14 30
10 12 23
4 6 5
20 22 18
6 7 23
21 23 13
1 2 4
10 13 15
7 9 14
19 22 19
15 18 7
23 0 7
15 16 27
0 2 12
6 9 10
12 15 24
6 8 27
20 20 19
3 7 18
2 3 26
13 14 10
20 22 23
9 9 15
0 0 10
7 10 14
19 20 14
16 17 4
20 21 5
15 16 18
19 18 23
8 9 17
16 17 16
7 10 7
9 14 17
4 5 16
16 18 5
9 11 26
16 19 24
3 5 22
4 7 30
23 1 16
1 5 11
23 0 25
7 8 7
3 5 1
20 21 12
8 11 26
9 11 1
4 7 2
0 0 9
0 3 29
18 20 5
20 0 15
15 17 27
22 1 1
13 15 26
5 7 1
13 16 7
19 21 1
2 3 3
2 3 25
2 2 26
18 21 23
0 2 25
12 15 26
16 18 25
5 8 19
22 23 19
12 12 14
17 18 2
7 8 8
19 21 15
8 12 9
12 14 20
13 14 5
0 3 24
17 16 12
10 10 1
21 22 12
10 12 27
7 10 17
17 19 16
20 0 28
3 6 22
3 6 3
23 1 6
17 20 26
11 13 11
3 3 1
3 3 16
13 13 5
20 23 10
4 6 27
23 3 12
9 12 17
22 1 3
12 15 26
14 16 14
14 15 2
22 23 8
5 6 2
2 4 13
3 3 14
9 12 5
1 5 9
4 5 5
2 4 12
12 14 29
2 4 21
2 4 23
15 15 16
21 1 24
2 4 12
0 2 20
3 5 20
14 17 22
22 22 30
16 18 15
22 23 15
18 20 8
7 10 11
18 19 26
4 6 4
20 22 6
8 10 9
17 20 18
2 4 14
3 4 17
22 0 8
0 1 21
16 20 22
22 0 28
7 10 29
12 15 6
3 5 21
10 11 1
1 3 18
22 1 25
10 11 26
17 19 5
23 1 4
7 9 26
17 19 27
16 18 15
21 0 25
14 15 5
14 16 3
10 12 27
17 17 8
14 16 28
17 18 16
3 6 12
12 13 19
10 12 15
3 4 15
1 3 9
3 5 28
21 0 4
15 17 8
5 8 25
3 5 14
18 21 6
13 16 10
18 23 13
20 22 30
4 6 12
16 19 29
1 3 11
17 18 13
11 13 28
3 6 15
23 0 13
2 5 18
12 17 25
8 11 22
8 10 10
14 16 11
23 0 19
17 16 30
13 15 12
1 4 23
22 23 14
21 0 16
5 8 1
15 17 19
18 20 7
16 17 22
11 13 30
1 3 1
22 0 8
13 15 14
12 15 21
21 23 15
5 7 17
11 12 10
3 6 17
1 3 11
18 21 11
10 10 12
5 8 24
15 17 24
23 3 16
16 17 23
11 14 27
23 0 4
0 3 16
3 4 18
18 22 14
16 20 4
15 17 13
19 22 16
1 4 10
14 15 20
17 20 30
18 21 28
11 12 14
23 2 12
22 1 1
20 21 10
8 10 11
10 14 7
0 2 8
3 4 29
2 3 21
7 11 10
5 7 3
21 22 27
21 21 4
9 11 1
10 14 24
1 3 20
14 16 15
21 0 29
20 22 13
11 14 3
1 4 16
20 21 17
20 0 7
12 14 3
3 6 5
6 8 24
17 20 19
15 18 22
0 3 4
17 20 10
18 20 26
17 18 13
12 15 19
20 23 1
1 4 14
2 5 18
16 18 16
21 0 10
2 6 4
17 19 18
19 21 4
3 6 23
11 14 27
5 6 14
2 5 17
16 19 19
10 12 8
8 9 9
6 10 3
21 21 5
15 18 27
13 16 10
16 18 30
0 3 14
16 18 13
10 13 20
0 2 27
14 16 14
17 16 18
22 0 19
13 14 5
21 22 23
12 14 24
21 22 15
0 1 28
1 5 8
15 17 19
12 15 3
10 12 7
7 8 10
3 5 24
17 19 29
11 12 14
17 21 15
15 16 25
4 7 17
5 7 22
18 20 29
5 6 18
9 11 13
10 10 18
13 15 4
15 18 26
17 18 29
4 6 19
3 6 3
15 17 10
23 2 16
9 11 1
5 7 2
6 8 13
8 9 25
14 17 4
1 3 30
1 5 8
5 6 24
6 8 8
6 9 22
4 5 4
16 19 18
16 20 15
17 19 4
1 4 9
3 7 27
19 20 6
19 22 25
16 17 23
8 11 25
8 10 17
14 14 7
3 4 5
17 19 9
10 12 9
1 4 1
20 21 4
23 1 18
7 8 5
10 11 29
12 14 1
21 23 16
5 7 7
13 13 29
12 14 1
11 14 22
20 23 15
2 6 12
14 17 8
12 12 30
21 22 10
13 14 5
2 3 21
20 22 23
3 3 4
11 13 20
21 23 27
13 15 8
0 0 30
8 11 30
17 17 1
14 15 11
9 12 1
1 3 23
2 4 17
11 12 7
21 22 28
11 13 14
5 7 23
14 16 11
2 3 9
11 13 21
8 9 19
3 4 9
1 2 3
23 1 12
12 15 23
17 19 13
9 11 23
9 11 25
7 10 13
20 23 23
6 9 10
0 3 22
20 23 30
20 21 19
16 16 20
19 21 4
11 14 30
19 20 1
4 6 4
2 3 30
18 20 14
12 15 13
8 8 28
12 14 17
9 11 4
23 1 9
22 1 11
1 3 2
8 10 16
18 22 30
3 6 8
13 15 5
1 2 1
20 23 22
5 8 21
4 6 20
6 10 11
7 9 6
19 21 14
13 15 23
12 12 21
2 5 4
1 1 22
14 16 29
15 16 17
5 7 18
23 1 25
12 13 9
8 9 21
20 20 3
3 5 25
16 18 29
12 15 28
22 2 15
8 10 19
20 23 3
2 3 24
16 19 5
11 13 3
16 18 16
4 6 3
23 1 20
16 17 28
14 16 12
13 14 16
8 10 14
17 20 16
10 13 2
13 15 11
16 18 29
13 16 1
5 6 24
12 15 18
2 5 26
23 2 14
0 2 21
14 16 17
3 5 12
13 15 27
14 17 29
6 8 5
0 2 3
12 14 5
3 5 19
20 22 22
16 18 4
5 6 13
15 14 14
10 12 3
1 3 4
22 1 11
9 10 2
15 16 10
2 4 12
17 17 15
1 3 17
14 15 10
22 0 3
14 16 16
5 6 15
12 14 5
15 18 6
1 4 27
15 16 11
18 19 3
17 17 25
0 1 22
11 14 17
14 15 20
0 2 6
4 6 21
19 20 16
22 0 19
0 1 18
12 13 2
1 5 23
6 9 7
3 2 8
21 21 25
18 20 22
16 18 15
6 9 22
20 22 19
14 16 25
11 14 15
1 5 1
1 0 26
10 11 13
20 22 6
2 3 1
6 9 1
10 13 5
8 11 19
7 9 28
18 21 21
18 20 22
5 8 29
22 23 24
6 8 25
22 0 14
13 16 27
5 6 9
1 3 3
22 1 14
17 21 18
7 8 30
22 23 28
11 12 25
1 3 21
11 12 27
2 5 22
0 1 20
5 8 30
19 20 10
6 9 1
21 0 11
12 15 29
6 9 12
18 21 6
19 21 5
0 1 1
12 13 29
22 0 30
11 13 29
10 11 5
15 19 29
18 20 10
22 2 8
9 11 22
17 19 1
5 7 4
11 13 9
10 12 9
1 4 21
0 4 10
7 9 16
20 22 5
15 18 20
15 17 26
16 17 23
19 20 21
22 0 20
18 19 11
15 17 19
1 3 6
19 20 17
23 0 29
6 6 27
14 15 28
21 22 8
1 3 17
0 3 1
22 23 19
18 20 28
5 7 24
10 13 6
20 0 25
1 2 15
1 3 14
18 20 25
13 15 3
23 1 10
16 17 26
13 13 19
8 9 19
8 11 8
12 12 13
16 16 23
8 11 1
7 10 22
5 8 22
23 1 27
5 8 25
8 10 1
5 8 18
22 1 26
8 11 2
3 4 25
16 18 22
6 8 12
9 10 28
3 5 18
15 17 2
14 14 30
3 5 5
21 23 21
10 12 7
7 8 20
0 2 9
0 0 17
4 5 20
12 14 27
8 10 21
14 19 28
23 0 16
6 9 2
15 18 18
0 4 11
17 17 4
3 4 19
0 4 30
16 19 16
6 11 24
9 11 26
0 2 12
11 13 1
12 14 16
8 10 26
7 8 13
5 6 22
9 11 11
9 10 14
2 3 29
7 10 21
18 21 29
8 12 2
21 0 25
14 16 3
20 23 26
5 8 15
10 12 1
10 11 17
1 3 9
11 13 3
1 3 26
15 19 28
11 12 12
20 22 11
5 7 24
19 21 4
22 1 2
12 13 17
15 15 4
12 15 15
1 2 2
11 13 15
3 4 17
5 5 18
3 4 26
17 19 23
11 13 11
4 7 7
5 6 21
15 16 20
6 9 1
9 11 5
23 2 19
5 6 28
14 15 14
23 23 30
19 21 16
22 0 26
23 2 24
19 22 14
7 8 21
18 19 22
3 5 1
12 13 11
23 2 18
19 22 19
10 12 14
20 23 17
18 19 24
14 17 25
10 12 29
11 13 16
15 17 24
19 23 27
19 20 30
3 5 20
18 19 3
1 3 7
4 6 10
14 17 30
12 14 27
0 2 1
1 2 21
4 7 25
12 15 22
11 13 7
13 17 27
7 10 14
11 14 26
6 8 22
16 18 16
8 9 8
12 14 27
15 17 27
5 5 2
8 9 2
5 7 5
1 3 9
17 19 21
4 5 4
11 12 19
18 20 13
21 23 9
11 14 14
7 9 15
22 22 24
7 9 11
17 18 4
6 7 24
23 1 12
14 17 25
11 14 15
12 14 6
14 17 7
2 4 11
2 4 21
3 6 18
23 0 13
19 21 6
18 20 19
9 11 17
19 21 4
9 11 17
4 6 4
4 6 25
10 11 15
18 20 12
1 4 29
22 0 2
6 8 28
17 17 9
10 12 12
4 6 10
21 0 1
20 22 9
14 15 3
21 23 19
0 2 16
16 19 16
18 18 5
8 10 12
11 14 30
19 21 3
6 9 12
19 22 12
16 16 30
14 15 15
0 3 11
11 13 8
22 23 30
3 5 2
11 13 20
20 22 26
8 9 26
8 10 18
21 23 21
15 16 11
19 21 2
3 7 5
21 23 1
13 15 23
8 10 12
17 20 23
8 11 10
3 5 1
15 18 29
1 3 6
13 14 29
4 6 29
20 22 18
13 15 4
10 15 3
15 17 20
13 16 10
13 15 14
15 16 9
19 22 16
18 20 17
7 10 3
5 6 21
22 0 30
17 18 5
4 5 8
20 20 29
22 23 8
14 16 29
9 12 26
2 4 22
21 23 25
11 14 21
12 14 4
23 2 21
15 17 24
7 9 11
19 22 12
10 13 7
0 2 21
12 14 22
13 14 20
12 14 19
12 13 28
16 18 28
23 1 8
15 18 7
19 23 22
11 13 25
13 16 17
22 1 14
3 4 30
7 9 16
3 7 9
17 18 22
20 20 26
14 15 15
3 4 14
18 19 25
6 6 10
5 8 2
8 9 14
6 9 19
7 11 14
20 21 29
19 21 12
16 18 27
0 2 10
10 13 9
10 12 27
2 6 19
22 1 7
21 0 4
16 17 1
12 13 12
8 10 27
8 10 26
17 20 17
21 23 16
21 22 7
8 8 15
1 3 8
15 19 5
12 14 22
9 10 23
16 18 17
0 1 10
7 9 4
1 2 28
22 0 1
14 17 23
3 3 25
1 4 26
1 4 4
7 10 29
8 10 2
14 17 25
0 1 24
4 7 14
19 20 25
3 6 8
19 20 20
8 12 29
4 5 4
12 14 23
10 12 15
4 7 3
23 1 10
16 19 26
12 14 11
19 20 17
6 9 16
16 18 29
8 10 13
6 9 14
14 17 11
23 1 21
8 10 6
6 6 5
13 15 26
10 12 7
10 13 4
18 21 26
10 12 1
8 10 22
22 23 12
18 22 9
4 5 26
7 7 22
15 19 8
2 4 6
23 3 26
12 13 17
7 8 4
20 22 4
20 22 30
23 3 11
5 7 9
20 22 10
2 3 19
2 4 22
10 12 10
8 9 30
7 11 20
11 12 16
23 23 13
17 19 27
19 20 20
16 18 8
22 1 4
14 15 15
13 14 25
10 12 7
14 16 6
8 11 11
20 23 9
20 21 17
21 23 17
20 20 25
16 19 16
0 2 14
15 18 28
1 3 14
12 14 20
21 0 12
21 22 1
18 21 16
21 0 11
2 2 13
0 2 13
7 9 27
22 0 2
23 1 26
19 22 18
2 3 6
19 21 27
20 23 25
15 17 12
23 3 16
23 1 21
6 8 11
3 4 28
9 12 14
0 1 19
7 8 21
7 8 8
1 2 23
3 4 8
6 7 3
11 14 22
13 15 15
18 19 4
17 20 7
14 16 29
17 19 14
5 8 23
18 19 18
6 6 24
12 14 21
14 16 19
5 7 6
22 0 28
10 12 29
14 16 23
20 22 5
16 16 18
11 14 12
4 6 6
8 9 26
0 3 12
4 6 25
3 7 11
13 15 10
10 14 29
0 0 8
1 2 8
22 23 6
12 15 7
21 0 18
22 2 7
4 5 20
3 7 25
12 14 23
1 3 9
0 2 24
4 5 7
9 10 30
4 4 8
9 9 23
18 20 6
4 6 16
23 1 8
0 2 5
10 11 21
8 12 6
19 20 28
9 11 9
10 12 1
15 17 4
17 19 19
0 1 27
23 0 6
15 19 17
3 7 26
18 20 28
4 6 24
23 2 15
22 0 16
15 17 11
11 13 1
3 5 5
22 0 8
12 12 15
6 11 16
19 19 27
4 5 18
12 15 1
23 2 19
19 22 19
2 4 30
20 23 14
11 13 12
12 13 25
2 5 4
21 23 17
21 23 10
18 20 25
0 1 8
9 12 30
14 15 8
21 22 1
8 10 17
2 5 1
9 11 4
12 16 13
12 14 9
19 23 4
4 6 14
10 12 15
19 23 8
4 6 21
8 9 17
12 13 29
9 12 23
13 13 29
22 1 14
5 6 21
14 17 29
20 21 12
22 0 8
17 19 25
20 22 5
16 19 8
6 8 25
12 13 14
6 9 1
21 23 24
22 0 26
17 20 14
15 16 12
19 21 8
23 3 14
14 15 6
20 22 7
19 21 6
15 17 7
16 21 1
19 21 23
12 14 2
6 7 28
11 15 16
6 7 30
17 19 25
13 15 4
10 11 20
21 22 19
16 19 12
17 21 14
10 11 30
4 5 21
13 14 3
21 23 16
16 18 4
20 23 27
9 11 19
17 19 26
22 22 25
2 5 1
12 13 19
1 4 28
16 18 20
2 4 3
5 5 9
3 4 28
23 1 20
20 20 3
4 5 3
10 11 21
23 1 28
5 6 19
0 1 23
15 17 23
5 8 15
8 9 27
19 21 1
0 1 13
12 14 8
12 13 23
22 23 27
7 11 12
0 4 27
0 2 23
21 22 27
6 7 6
22 1 26
11 12 24
16 19 27
12 14 21
4 6 27
8 10 24
6 9 29
2 4 19
8 10 21
0 2 27
5 7 12
6 6 9
17 19 1
19 22 30
1 2 28
11 13 23
2 2 14
16 20 22
8 11 22
15 16 24
1 3 16
0 3 18
12 16 15
15 16 22
13 14 8
14 17 1
5 7 1
22 0 30
5 7 11
13 14 22
12 14 26
18 20 3
17 19 9
21 23 10
18 21 21
4 6 10
21 0 6
6 7 24
9 11 26
17 19 30
12 14 17
0 2 14
11 14 15
14 18 11
0 3 24
8 10 27
2 2 27
23 1 20
20 20 29
3 5 15
20 22 11
19 23 1
14 17 25
6 8 13
15 17 4
22 0 23
13 15 9
14 16 29
6 9 6
5 5 1
0 1 30
3 4 18
8 10 12
20 22 17
14 16 13
18 20 18
4 6 26
3 7 8
8 11 23
4 6 17
18 21 11
9 11 22
22 1 13
16 20 17
22 1 30
20 20 16
14 16 29
2 5 19
21 22 14
0 4 24
2 4 13
18 19 18
2 4 29
3 6 4
12 14 1
2 4 16
22 0 25
22 1 18
12 14 28
23 1 21
22 0 1
17 21 21
17 18 8
2 4 27
0 3 2
22 2 8
23 2 12
22 0 18
13 15 26
12 13 4
18 19 13
15 17 11
10 14 8
8 9 14
15 18 20
3 5 29
20 21 26
11 14 30
6 8 6
1 2 19
6 10 12
15 17 2
22 23 13
1 3 21
9 11 29
3 7 14
16 19 17
23 1 27
4 8 7
18 21 23
18 19 28
16 17 28
6 8 30
13 16 19
2 4 23
2 5 26
17 21 3
21 0 27
5 10 18
16 17 3
21 22 19
22 23 7
10 12 18
12 13 10
18 20 26
18 21 18
21 22 11
20 22 18
10 13 14
2 5 8
2 5 6
1 3 20
3 5 5
19 21 24
23 2 18
18 20 20
2 3 2
13 16 20
8 7 16
16 17 5
8 8 29
9 10 10
11 13 28
2 4 23
17 18 1
16 18 6
19 23 17
8 11 9
5 7 8
5 4 24
17 19 7
1 3 13
4 7 24
21 23 19
0 2 30
8 10 19
4 5 2
10 13 21
2 3 8
23 0 4
5 5 22
4 6 18
21 23 15
11 12 13
19 22 28
21 23 8
16 18 26
9 9 20
9 11 19
23 0 4
6 6 1
21 22 3
23 1 25
11 12 28
6 8 15
9 10 17
6 6 3
11 13 19
17 18 28
8 10 21
10 12 3
20 21 10
19 22 26
23 23 26
16 18 15
13 14 13
13 15 11
18 20 16
5 6 5
15 16 23
6 8 5
10 12 18
18 21 19
9 11 27
5 7 29
20 21 5
8 10 17
23 0 9
6 8 10
18 20 21
13 15 9
3 4 4
9 11 17
5 8 23
15 17 7
20 20 19
7 10 5
11 14 16
21 0 3
23 1 17
20 22 20
0 2 4
6 7 2
18 19 10
0 2 2
23 3 22
23 3 21
13 15 5
10 12 4
6 9 21
20 23 15
23 2 23
20 23 25
10 12 15
5 8 19
15 17 5
16 19 13
7 7 3
13 15 6
19 21 16
5 6 28
13 14 28
3 4 2
15 17 5
4 5 11
23 2 17
20 21 7
5 5 22
0 0 3
20 21 1
14 16 21
8 10 25
11 14 12
18 22 17
20 23 8
8 11 26
3 7 12
6 7 10
7 10 17
1 4 5
15 20 7
3 5 23
15 18 15
4 5 4
13 17 11
11 13 29
0 3 1
20 22 20
20 23 21
20 22 26
23 2 25
1 4 4
2 4 24
13 14 13
14 15 15
17 19 30
9 9 18
11 13 9
20 22 22
20 21 11
6 8 12
22 1 12
16 18 28
8 11 4
2 3 30
10 13 20
10 12 20
19 22 28
16 18 22
13 14 10
1 1 23
6 8 16
21 1 1
11 10 8
0 0 4
16 17 15
10 13 12
10 14 27
12 14 11
19 20 2
21 0 1
19 23 18
18 21 26
14 16 17
6 7 1
1 2 18
8 11 10
20 23 18
18 20 20
19 21 13
20 22 28
14 14 19
15 17 7
23 1 19
21 23 9
8 10 4
11 12 29
18 19 14
17 18 21
17 19 22
15 17 5
14 16 5
6 9 10
0 2 14
6 9 5
2 4 18
5 7 27
14 16 4
20 0 9
10 11 28
13 15 23
16 18 5
23 1 26
12 13 2
22 23 27
19 23 4
18 19 14
8 11 18
1 4 13
19 20 27
19 20 6
2 5 22
21 0 10
6 8 26
4 4 20
2 3 4
13 15 6
11 13 12
16 19 26
12 11 12
20 21 9
22 0 21
4 5 15
8 10 9
5 5 25
16 16 11
15 17 23
20 22 27
6 8 17
8 10 23
20 23 16
22 0 17
11 12 27
16 18 11
11 15 12
22 23 15
21 0 26
15 17 27
13 14 12
14 17 30
18 20 9
18 21 7
11 14 18
7 9 25
4 7 21
6 11 8
5 7 4
5 9 26
11 15 23
14 17 5
18 19 15
1 3 10
19 20 12
20 21 5
22 2 30
3 6 7
9 10 28
4 7 1
7 10 1
19 20 4
2 2 20
9 12 9
17 20 28
14 17 1
16 18 23
3 3 24
11 12 19
0 1 6
13 14 19
6 9 20
8 10 28
0 1 8
23 1 4
23 1 25
20 23 14
12 15 15
14 16 19
2 2 21
1 2 8
9 10 29
2 2 6
18 20 16
5 6 16
14 16 17
21 0 22
19 20 12
4 6 7
22 2 10
23 2 5
22 0 11
7 8 16
14 16 10
15 17 4
14 14 17
13 15 16
9 11 22
22 23 8
17 19 30
14 14 29
21 23 4
20 22 6
5 8 24
1 3 6
18 21 11
11 14 10
0 2 29
12 14 26
14 15 16
2 3 2
12 15 24
18 20 5
6 9 18
21 0 14
21 0 5
5 7 6
1 4 28
5 8 28
16 18 2
3 7 6
8 13 6
3 4 21
23 1 30
17 19 26
16 18 3
13 15 18
0 3 4
0 1 29
16 20 12
20 0 24
9 11 21
8 12 22
20 23 11
23 2 26
8 11 20
9 10 8
4 6 10
19 22 2
12 14 6
5 8 28
8 10 19
12 15 6
18 20 16
1 3 23
17 20 14
17 21 6
17 20 13
11 14 27
5 10 2
22 1 1
14 16 30
17 21 24
22 0 15
16 18 17
18 20 11
2 4 13
17 20 4
9 11 18
18 21 7
19 22 12
20 0 15
16 16 7
22 0 15
2 2 24
21 21 9
9 10 16
1 2 27
23 1 20
12 14 10
23 3 5
8 10 27
5 7 28
2 3 18
20 23 18
17 21 20
1 3 4
9 10 15
7 9 18
2 4 12
5 9 3
17 19 4
0 1 8
4 8 30
22 2 9
11 13 29
21 22 30
7 10 29
6 7 12
18 21 20
4 7 11
2 4 25
20 18 24
8 8 21
5 6 10
13 16 4
22 22 14
16 18 14
11 11 14
1 3 26
23 1 6
3 5 19
20 0 5
23 1 12
7 8 20
7 9 8
11 13 15
12 13 3
6 9 17
6 7 9
21 22 24
9 13 22
19 21 14
11 13 15
4 5 25
5 8 9
8 9 9
19 19 29
10 10 19
16 17 29
19 20 22
10 13 25
7 9 28
6 9 1
20 22 17
2 4 25
22 1 27
9 12 11
19 20 3
8 8 3
15 18 25
11 14 27
13 14 18
1 4 12
4 6 7
14 16 7
16 18 7
16 18 1
5 8 1
9 12 24
20 22 1
10 13 6
9 10 12
11 13 20
9 12 19
15 17 24
17 19 14
19 22 7
19 19 6
19 23 10
13 15 17
1 1 3
14 15 30
8 10 25
4 7 30
12 14 13
12 12 9
16 17 28
2 5 3
16 18 25
16 16 4
12 13 5
8 10 18
8 11 13
20 22 4
13 16 9
8 11 10
8 9 27
18 20 20
15 18 22
6 7 24
9 11 10
3 4 13
20 22 29
5 7 25
10 12 21
22 0 10
14 16 3
13 16 11
4 6 17
7 8 5
19 21 11
22 0 10
17 18 8
21 23 16
5 8 20
10 12 15
15 17 24
17 18 17
1 2 25
6 9 8
2 3 17
9 10 6
7 8 18
21 23 22
20 0 13
13 15 27
16 17 8
22 0 17
13 16 9
6 9 5
20 23 16
14 14 27
5 6 4
16 18 24
13 16 24
2 5 19
7 7 25
15 16 10
14 16 4
0 2 10
5 6 26
0 1 1
17 19 2
1 2 5
0 0 17
20 21 23
15 15 4
19 22 23
20 22 11
18 21 2
9 11 9
21 0 28
20 21 5
20 23 11
21 22 8
3 4 9
13 17 14
3 6 29
18 22 5
0 3 8
18 20 7
11 13 17
22 23 12
2 4 12
23 0 28
8 10 4
17 20 22
1 4 23
22 1 25
2 5 14
0 2 23
2 3 8
9 11 1
8 10 4
13 16 6
12 14 27
23 2 2
2 5 2
8 9 7
3 6 19
1 4 11
22 1 17
10 14 18
15 18 15
21 23 20
4 6 1
4 5 7
20 22 26
6 6 3
4 6 23
10 12 13
15 17 28
11 13 7
23 1 18
7 9 2
14 15 16
14 16 9
5 5 2
21 23 29
20 23 3
0 2 3
3 5 17
2 3 17
23 1 22
5 7 21
0 2 12
22 23 1
14 16 2
6 9 16
16 17 24
2 5 15
18 16 7
10 12 14
19 22 9
19 20 13
11 12 28
21 0 11
7 9 27
7 9 25
10 13 14
14 16 5
7 9 29
5 7 29
10 12 8
5 7 15
5 7 2
12 15 29
14 17 2
11 13 14
1 2 23
6 7 21
20 22 25
9 10 23
21 23 13
5 9 24
9 10 20
21 22 1
11 11 5
19 21 28
9 13 7
19 22 2
0 4 5
9 11 19
11 13 24
12 13 24
17 21 21
6 8 15
21 0 4
23 1 16
1 3 5
17 20 26
8 9 27
18 19 29
3 6 6
0 3 30
8 11 2
16 19 3
16 19 5
23 23 18
23 3 20
23 3 24
11 12 6
10 11 25
15 16 20
4 7 27
0 3 5
13 15 22
22 23 11
8 10 18
16 19 18
6 7 27
17 19 7
19 20 18
6 7 26
19 20 24
1 2 19
17 18 26
4 5 10
13 17 29
22 1 17
5 7 1
13 14 16
14 16 14
4 6 15
1 3 20
15 18 25
20 23 19
12 14 13
21 0 9
22 22 10
16 17 27
5 7 24
19 20 16
17 19 23
20 22 14
13 15 10
21 1 6
13 15 12
17 18 6
2 4 30
10 10 15
2 5 9
12 13 19
5 8 15
18 20 15
0 2 26
16 17 22
10 13 2
4 6 15
6 10 29
21 0 30
17 17 28
10 11 25
13 15 8
22 0 13
12 16 23
5 7 9
18 18 12
6 10 25
2 3 5
9 11 9
11 13 14
1 2 9
10 12 10
11 12 23
21 0 19
21 21 1
3 4 20
5 6 20
3 6 2
9 12 8
3 6 4
1 2 23
5 7 10
1 1 3
3 4 3
20 22 19
13 16 16
8 10 9
17 20 15
19 21 2
17 20 3
20 23 8
16 18 18
8 8 24
15 17 30
20 21 3
16 17 22
8 10 1
6 6 18
12 14 5
15 16 13
18 19 10
3 6 13
11 14 24
16 17 16
8 9 7
13 16 23
6 9 28
9 11 30
13 14 4
7 10 14
14 16 28
3 3 17
4 7 18
11 14 7
1 2 12
6 9 9
1 5 11
19 22 3
23 0 14
1 4 26
9 12 29
3 6 1
3 6 7
13 15 7
16 19 6
2 5 3
5 5 17
0 3 13
22 0 23
9 10 21
23 1 9
22 2 25
20 23 7
8 8 24
20 23 1
22 1 21
10 12 13
11 10 12
5 5 12
5 8 30
23 2 21
1 4 23
1 2 22
19 22 7
3 6 30
12 13 10
16 20 26
2 4 28
12 15 2
5 8 4
3 5 7
11 13 26
7 9 11
0 0 8
11 14 20
7 9 13
15 17 7
0 2 25
13 15 16
5 7 22
14 17 19
1 2 16
3 5 7
10 13 13
23 1 14
9 11 4
12 13 4
3 4 18
11 14 26
14 15 27
12 16 2
15 17 25
0 2 3
0 1 8
19 20 27
16 19 7
19 21 16
6 7 29
12 14 13
2 5 7
15 18 28
6 9 2
0 1 7
16 17 5
20 23 21
6 9 17
15 17 28
5 7 28
23 1 28
12 15 6
23 1 17
4 6 26
17 19 14
23 0 23
21 22 29
23 0 6
18 19 7
3 5 1
7 8 30
1 3 10
6 6 18
22 1 30
22 23 13
2 4 25
8 11 18
4 5 17
7 10 25
11 14 11
10 12 8
7 9 3
17 20 12
15 15 16
8 9 8
10 12 11
22 0 5
16 19 22
14 16 20
10 13 30
19 20 4
20 23 16
18 19 20
23 2 12
19 21 27
18 20 9
7 8 10
18 20 10
21 23 3
12 14 25
3 6 5
1 3 18
14 16 18
2 4 26
19 20 22
5 7 8
14 16 7
3 5 16
21 23 12
11 11 24
12 15 21
11 11 2
3 4 17
0 2 7
19 21 19
0 1 26
1 3 6
10 13 29
6 9 7
14 17 3
6 8 16
23 3 3
9 11 2
12 15 16
11 13 20
18 19 14
20 21 27
1 2 8
16 17 15
1 4 2
19 22 30
10 14 27
4 4 21
12 15 27
9 11 6
8 9 8
22 0 9
4 6 29
10 13 15
13 18 1
10 11 14
9 12 13
6 8 15
15 15 2
20 22 23
17 18 9
17 18 9
1 2 18
0 2 1
21 0 18
19 21 17
1 2 12
7 9 21
10 13 9
13 13 28
2 5 20
6 9 12
4 5 9
10 12 5
22 1 24
9 12 23
10 12 1
16 17 30
18 21 9
23 1 16
20 23 25
2 3 13
11 11 27
8 9 4
2 4 12
7 10 13
21 0 10
11 13 8
9 9 25
23 1 28
4 6 25
11 14 22
8 12 8
10 13 23
20 22 2
7 9 26
1 4 24
2 5 14
10 12 16
13 15 10
21 22 8
9 12 9
1 3 14
21 0 15
20 22 24
12 13 16
17 18 30
15 17 4
5 7 30
19 20 9
20 23 27
12 13 7
12 13 29
4 7 12
5 7 16
10 11 25
12 15 28
23 0 6
0 3 16
20 23 3
3 5 1
23 1 21
20 0 8
15 16 15
12 13 19
21 23 1
17 19 5
3 4 7
23 23 4
17 17 25
14 16 5
17 19 10
3 3 11
4 7 3
15 18 16
18 21 4
23 3 11
9 11 29
13 15 18
18 22 4
5 6 11
12 12 30
15 18 30
8 10 26
9 12 7
15 17 12
2 4 15
12 14 15
0 1 15
10 12 10
9 11 7
14 16 8
20 22 25
7 10 15
6 7 12
23 3 1
15 18 23
1 2 3
0 3 26
16 19 25
5 8 20
1 4 16
17 18 15
2 4 16
21 22 16
0 2 9
9 11 20
4 4 12
20 20 25
17 18 2
9 10 26
17 20 21
17 18 7
9 10 4
17 19 6
15 16 13
5 7 21
7 7 25
14 17 28
21 23 1
22 0 24
4 6 3
5 6 27
16 19 25
2 4 21
13 14 28
10 11 8
1 3 4
14 16 22
22 2 17
10 12 28
14 18 22
9 11 10
19 21 29
23 1 27
16 16 22
11 13 29
18 20 19
22 0 14
20 22 13
10 13 9
8 8 4
13 13 29
23 1 4
3 5 14
18 20 28
14 15 10
7 9 23
7 9 4
18 20 12
7 9 9
20 22 29
0 2 9
13 15 25
18 21 16
10 11 2
5 8 29
5 7 21
11 14 8
3 5 16
16 20 22
3 7 24
13 15 8
17 18 12
1 3 29
21 23 11
2 4 4
17 19 24
0 2 29
12 15 30
14 15 27
18 20 11
14 16 24
14 16 9
14 17 30
18 20 6
23 2 30
20 22 5
17 19 7
11 12 21
15 17 5
2 3 13
8 11 26
22 0 9
1 2 1
18 22 26
3 5 28
10 12 5
10 13 7
13 15 29
19 21 18
14 17 27
18 21 2
7 9 22
0 4 19
3 4 28
3 5 8
15 16 10
18 20 20
20 21 2
22 0 12
12 12 8
2 4 3
17 18 15
8 9 21
17 18 15
5 8 15
1 3 15
4 6 22
6 8 16
0 3 13
14 17 16
21 0 25
8 9 15
12 14 20
16 19 15
4 5 1
6 8 3
6 9 17
19 22 15
21 22 12
13 14 16
7 8 14
14 15 19
22 22 2
11 12 21
4 7 5
23 1 15
20 23 16
2 4 10
22 1 4
17 20 15
6 8 17
13 14 4
14 16 8
3 6 17
2 4 29
12 14 8
8 12 24
9 10 29
14 16 18
17 18 12
8 12 23
1 1 22
20 23 20
23 1 23
2 2 5
7 9 12
15 17 26
11 12 30
16 17 3
8 9 6
1 3 7
9 11 27
19 22 7
10 12 21
15 15 7
1 4 28
8 11 5
13 15 18
2 3 12
10 12 11
4 5 4
5 8 4
6 8 21
9 11 20
21 22 21
14 16 11
12 15 9
22 1 7
5 5 29
19 21 7
5 8 28
5 8 8
13 14 15
20 22 26
16 19 6
7 7 5
22 0 24
11 13 15
22 23 13
19 20 10
7 9 2
11 14 6
19 19 15
13 15 14
8 9 7
22 1 27
13 15 28
3 5 19
14 14 3
7 8 13
2 4 26
4 6 18
22 1 11
6 8 8
6 9 6
1 5 10
0 2 28
7 9 29
20 22 23
14 15 30
5 6 3
22 1 9
8 12 4
11 13 25
10 11 10
8 9 3
3 6 3
16 19 6
1 1 19
16 18 14
13 16 3
18 19 14
11 12 4
7 9 6
17 20 21
12 14 28
6 7 26
1 0 16
2 5 23
18 20 25
11 12 19
3 4 25
9 11 24
10 10 3
11 13 6
13 15 29
11 14 1
13 16 17
1 3 16
21 1 29
22 23 9
6 8 5
23 0 3
0 1 21
19 22 8
22 0 10
22 1 4
19 21 28
1 3 30
15 17 30
20 22 28
8 10 28
10 12 16
22 0 24
20 22 3
7 10 12
9 10 11
16 19 16
3 5 10
16 19 28
16 19 6
0 2 29
17 17 21
0 3 12
7 8 5
17 18 28
8 12 30
2 4 26
8 11 5
8 10 25
9 10 5
9 10 25
20 22 11
7 10 21
20 22 10
19 18 3
12 14 11
23 0 1
0 2 10
0 1 8
5 9 16
4 6 18
17 20 1
2 5 3
23 1 12
22 23 26
18 19 30
9 11 7
14 14 30
23 2 2
20 21 13
10 11 24
14 17 19
23 1 27
12 13 24
20 22 30
11 13 11
0 1 4
17 19 4
20 22 14
18 20 2
20 23 19
3 4 22
6 8 7
23 2 15
6 8 8
14 16 22
1 3 11
21 22 8
2 4 27
21 0 22
5 7 10
8 10 19
19 21 9
8 9 22
11 13 29
23 3 24
20 22 2
6 9 23
1 3 11
9 12 5
7 9 17
8 11 22
11 14 23
22 23 8
17 19 23
20 1 1
23 0 21
10 12 23
17 18 11
0 2 14
14 15 18
2 4 16
23 1 23
21 1 11
13 15 6
5 7 18
6 9 12
17 21 5
4 5 2
13 13 5
6 7 21
19 20 11
0 2 12
20 23 3
8 10 12
16 18 27
7 7 16
23 1 9
11 12 8
13 16 12
3 5 20
21 22 10
17 19 26
12 13 27
7 10 29
22 1 5
16 18 29
17 17 3
11 10 24
2 5 6
10 14 30
10 11 18
20 22 17
8 10 8
12 14 14
8 12 26
17 19 15
13 16 22
22 1 25
12 15 26
17 22 18
2 5 10
16 17 28
9 10 29
18 20 1
11 14 13
7 8 25
17 19 15
23 2 8
4 6 29
3 3 7
14 16 28
14 16 6
6 8 14
14 17 2
16 18 8
14 15 9
8 11 14
8 10 4
1 4 7
2 3 12
17 18 21
11 13 28
14 16 24
9 11 11
7 8 8
9 10 25
17 21 30
21 1 29
0 1 8
16 17 15
20 19 2
6 8 27
5 6 12
11 14 16
23 1 18
13 14 26
23 2 9
19 20 27
19 22 21
12 15 3
4 8 10
17 19 21
21 23 29
8 12 17
13 14 28
10 12 15
7 10 11
21 23 6
12 14 12
15 17 17
19 23 10
19 22 19
17 18 2
22 1 7
2 5 30
18 18 24
1 4 28
22 23 29
21 0 3
19 20 23
9 10 15
22 2 16
9 11 27
14 14 26
0 1 21
18 19 23
18 20 30
22 23 14
11 12 19
20 22 13
3 4 19
7 7 11
1 4 30
9 10 26
17 21 30
2 6 16
15 17 9
19 21 4
6 8 25
7 9 20
10 11 24
13 14 7
19 22 23
11 13 26
2 6 6
12 15 12
2 4 30
1 3 20
22 0 1
17 18 21
14 15 12
8 11 20
7 9 3
10 13 29
9 11 26
10 12 23
0 2 23
13 15 11
0 1 11
23 1 26
1 4 23
2 3 5
0 2 1
3 4 19
1 3 1
22 23 18
4 7 1
8 9 1
15 18 19
17 17 1
23 1 16
12 14 9
21 0 2
3 5 10
11 14 5
7 10 3
4 6 24
21 23 21
21 23 30
2 3 22
12 14 10
13 15 21
3 4 22
17 20 17
9 13 11
2 3 16
1 3 9
6 8 17
2 3 18
15 15 7
13 15 10
9 9 7
19 22 5
18 20 4
11 12 14
6 8 16
12 14 15
11 12 30
22 23 24
7 9 10
17 19 20
18 18 9
19 21 22
13 14 1
4 5 14
14 17 11
10 12 4
22 23 6
19 22 30
10 12 1
1 5 7
19 21 17
8 12 7
5 8 25
13 16 30
0 3 9
20 22 21
1 3 25
7 9 29
6 7 19
6 7 12
17 18 16
10 11 29
11 15 17
22 0 13
9 11 2
8 9 27
10 11 17
4 6 12
0 2 1
13 16 26
3 4 26
20 22 11
17 19 10
7 10 7
15 16 18
9 11 14
0 2 25
11 13 18
9 10 7
0 1 25
8 10 24
8 9 3
5 6 28
9 12 8
4 6 9
15 17 20
6 9 23
10 12 26
6 7 9
12 13 1
10 13 7
13 15 4
11 13 9
19 21 24
1 2 28
8 9 6
1 2 10
23 1 27
3 5 4
7 9 5
14 14 7
8 12 1
0 1 20
16 18 9
15 16 14
10 13 13
14 17 23
16 19 3
6 7 3
0 2 4
23 1 28
8 9 13
14 17 14
7 9 10
20 0 27
3 4 20
10 11 12
19 23 10
7 8 25
1 5 10
19 21 11
6 8 9
15 15 29
12 14 28
12 14 21
14 17 15
22 1 2
4 4 29
1 3 16
13 16 12
21 21 6
12 15 25
23 2 6
8 10 13
7 11 29
5 6 26
1 4 18
19 20 5
13 14 30
2 4 9
14 17 20
1 4 26
13 14 19
15 16 18
23 0 21
20 0 19
12 14 24
13 14 1
16 19 30
22 0 23
2 6 16
4 6 24
5 7 4
0 2 21
4 6 13
10 12 1
9 12 26
14 16 28
5 8 18
15 17 13
1 3 6
12 16 12
2 5 30
9 9 13
3 7 10
7 8 24
13 15 22
2 4 10
23 0 22
11 13 16
5 6 4
9 12 20
16 18 26
13 17 20
20 23 8
16 18 5
5 8 10
15 15 28
16 19 27
13 15 8
3 5 8
13 15 5
13 14 21
9 10 5
21 21 8
22 23 24
14 15 6
23 2 25
20 22 6
8 11 24
21 2 3
13 15 14
13 17 3
21 0 21
8 10 30
2 4 23
2 4 4
21 22 26
19 19 7
0 2 17
14 15 23
9 11 5
23 2 26
4 6 23
5 7 22
7 9 26
21 0 27
15 16 23
18 20 15
11 12 18
6 8 23
8 9 14
19 21 5
4 5 29
3 5 3
7 9 8
14 15 29
10 11 20
13 15 30
5 7 17
5 7 25
4 6 27
16 18 16
13 14 20
0 1 13
6 8 15
22 0 17
0 1 16
9 12 9
22 0 1
8 10 4
14 15 24
16 17 24
5 7 6
19 22 6
16 17 17
10 13 6
19 22 14
1 3 29
19 21 9
0 1 11
10 13 22
8 11 3
2 5 1
20 22 17
17 18 10
16 19 20
3 6 2
22 0 7
9 10 12
0 2 24
14 16 7
14 15 7
15 15 11
13 15 4
14 17 30
6 10 1
1 3 27
11 12 23
16 18 28
10 11 25
15 15 15
7 8 27
0 1 30
12 14 6
23 1 12
15 17 3
14 16 30
21 23 18
1 4 18
1 3 8
23 23 24
4 6 9
1 3 21
8 9 15
5 8 22
1 3 25
2 4 20
11 13 3
5 6 30
16 20 17
2 6 10
17 18 23
2 6 21
20 23 25
23 1 11
6 7 24
5 7 2
14 18 6
15 18 30
9 9 30
4 6 11
14 16 13
5 4 2
5 8 24
4 5 11
19 20 22
18 20 2
21 23 4
9 12 28
9 10 27
21 21 10
20 21 19
14 17 9
19 20 8
14 16 2
13 16 11
5 6 29
1 2 17
11 11 1
19 22 8
16 18 7
0 2 7
23 1 1
21 22 17
1 2 16
15 16 3
12 14 30
0 1 29
4 5 23
22 0 11
8 11 3
8 10 5
7 8 7
10 12 10
0 2 27
23 0 22
0 2 11
1 5 15
22 1 8
8 10 6
1 1 17
6 7 24
15 16 13
0 2 13
5 8 5
11 14 1
19 21 15
3 5 20
8 11 13
6 7 4
13 14 2
21 1 5
20 22 17
23 2 24
15 18 12
23 3 1
4 6 7
2 3 2
10 13 9
13 16 28
23 2 13
2 4 4
0 1 26
23 2 16
21 0 12
2 4 17
20 22 1
10 12 24
10 13 5
11 14 19
17 18 23
15 17 6
12 15 1
6 8 27
19 21 11
17 17 8
22 0 17
15 17 7
14 16 5
7 9 30
20 20 20
4 8 24
1 4 21
15 16 11
21 23 3
12 14 21
23 2 5
4 6 8
5 7 24
6 9 20
18 20 26
0 2 10
19 20 18
5 6 25
12 14 5
4 6 23
8 10 10
8 9 19
10 13 27
21 23 24
2 3 21
16 17 27
16 16 2
18 18 22
7 9 1
9 10 7
13 16 2
11 12 8
17 19 16
21 1 9
1 4 4
18 20 10
15 17 20
3 5 29
9 13 1
10 11 2
4 5 29
20 22 28
6 9 9
3 6 25
8 11 2
17 19 11
17 21 23
19 21 24
3 7 12
1 2 5
4 6 6
18 19 9
20 22 22
21 0 22
18 20 10
15 16 21
19 22 29
0 4 21
11 12 13
10 12 1
14 16 19
2 2 11
15 17 2
12 14 9
3 4 12
0 1 13
11 12 24
23 0 20
11 14 9
6 7 18
11 12 25
9 12 30
22 0 12
12 14 18
17 18 11
23 1 29
14 17 18
8 9 15
1 2 16
12 13 2
0 0 5
18 21 22
13 15 12
23 1 6
0 3 22
7 9 6
4 6 18
19 20 4
3 5 20
14 15 18
21 20 21
6 9 23
17 20 19
11 13 11
0 1 10
15 16 15
11 13 16
23 2 22
15 18 7
8 10 25
21 0 21
1 3 2
8 9 2
9 12 11
20 22 4
16 18 18
22 23 13
23 1 28
17 18 19
6 8 7
19 20 2
3 5 11
13 16 13
8 10 7
10 13 8
20 20 4
6 9 5
5 6 12
9 11 23
18 19 4
7 10 23
5 7 29
23 1 24
18 22 28
0 0 20
5 6 23
2 4 12
16 18 17
19 22 22
6 10 22
9 11 15
5 7 28
8 10 30
5 5 15
13 15 11
6 6 5
9 12 12
13 16 16
5 8 26
19 20 7
13 16 19
20 23 1
14 15 6
12 15 22
5 6 24
19 21 4
21 0 11
12 14 14
12 15 7
0 1 13
16 19 11
0 3 29
17 20 2
14 15 29
7 9 6
7 8 23
2 4 9
7 9 1
6 8 27
4 5 25
23 1 7
20 22 3
8 10 3
7 10 8
10 11 7
20 21 4
2 4 14
0 1 25
6 7 27
3 6 26
7 10 22
21 23 14
21 0 3
22 23 28
7 9 27
12 14 15
10 11 5
2 4 15
18 19 13
18 21 28
10 13 5
9 11 13
23 1 13
3 4 3
14 15 14
1 3 10
3 4 30
12 13 7
12 13 23
8 10 28
12 15 26
9 10 26
2 5 2
17 19 13
15 17 29
15 19 25
4 5 12
4 6 20
7 10 28
7 9 17
11 15 14
8 12 9
9 10 13
4 7 24
2 4 29
3 3 11
0 3 22
1 3 4
23 1 23
22 23 28
13 15 17
5 8 6
1 2 12
12 14 12
21 22 27
15 18 13
2 4 5
22 0 12
11 12 5
1 1 14
0 4 18
6 7 18
10 10 11
18 21 25
4 5 19
15 16 16
23 1 19
17 19 14
12 13 24
16 19 5
22 23 1
18 19 18
15 18 3
16 17 10
18 19 15
7 9 20
19 20 12
18 19 21
0 3 13
15 16 16
12 15 3
22 22 21
18 19 27
20 21 5
1 4 1
18 20 22
10 12 15
2 4 20
0 3 15
7 9 11
14 14 28
19 20 19
12 15 6
1 4 29
21 0 13
6 8 26
12 12 5
20 22 1
10 12 26
12 12 27
13 15 12
13 14 7
14 15 13
4 6 19
20 22 23
19 20 11
22 23 14
13 15 1
22 23 12
7 9 10
11 12 6
8 11 20
3 4 30
6 7 8
20 22 19
16 19 14
21 0 26
0 2 8
21 21 9
9 11 18
16 18 16
23 1 27
16 18 28
13 15 20
5 7 13
4 6 12
14 16 24
0 3 11
18 19 5
15 17 25
8 11 8
2 5 5
21 23 9
22 0 9
20 22 7
21 23 2
10 12 1
22 23 4
6 6 29
14 14 7
22 23 13
11 13 17
7 10 1
17 20 9
19 20 2
12 16 26
7 7 2
13 14 27
14 17 21
21 0 13
18 21 11
11 12 21
11 12 15
20 22 4
16 19 13
17 18 2
15 17 4
8 10 24
16 21 2
1 2 23
15 16 13
8 11 8
1 5 1
16 19 13
4 6 17
14 18 27
0 2 23
16 19 18
20 22 29
9 11 4
23 1 17
9 12 7
17 19 26
13 14 4
15 16 27
17 18 14
21 23 6
2 3 28
21 23 8
3 6 26
6 8 1
19 21 10
21 23 27
4 7 3
6 8 24
7 7 27
7 9 27
0 3 24
22 23 23
0 4 19
15 18 7
0 3 26
21 1 4
9 10 4
7 9 25
2 4 22
10 12 13
18 22 9
11 13 23
4 6 16
8 11 16
8 9 16
1 3 4
19 22 29
4 7 19
13 15 23
20 21 26
7 8 13
4 6 6
22 1 15
12 14 15
16 18 11
16 21 8
12 13 10
22 0 19
6 8 19
20 21 17
13 15 19
16 19 24
15 18 9
7 9 14
9 12 5
19 21 27
18 20 4
14 16 5
15 17 12
18 20 29
12 14 2
0 2 23
23 0 20
14 15 8
13 12 7
2 5 17
22 1 22
8 10 23
18 20 15
16 16 13
4 5 1
9 11 11
22 23 15
12 13 17
6 8 25
16 18 23
8 9 2
15 17 11
4 8 30
15 18 12
7 9 18
5 6 11
10 10 20
20 23 28
21 22 25
17 19 25
0 1 12
21 0 17
8 8 9
23 1 23
2 5 23
6 10 19
17 18 10
16 20 5
8 10 8
18 20 15
2 3 20
8 10 6
14 15 25
19 23 2
14 18 7
0 1 10
14 15 10
17 19 8
7 9 21
1 2 24
5 7 9
20 20 20
12 14 20
15 20 25
14 16 5
10 13 2
1 4 11
13 15 1
18 20 26
12 13 24
7 10 14
3 6 1
14 15 18
4 7 2
14 17 8
14 14 19
16 17 4
10 13 22
20 21 27
8 8 30
11 13 30
1 2 7
17 19 12
9 11 28
21 21 12
0 2 16
0 3 14
19 22 6
2 4 28
11 15 15
14 16 29
0 1 21
7 11 24
20 22 23
12 13 17
14 15 26
2 5 22
12 12 26
21 22 16
12 14 18
6 6 2
4 6 25
14 15 17
4 6 28
23 23 12
14 15 12
1 4 16
6 8 13
23 1 21
5 6 20
9 11 19
11 14 1
23 1 7
18 20 28
4 6 19
19 22 15
16 18 13
13 16 3
12 15 11
21 22 27
21 23 16
9 9 22
23 1 12
1 3 14
0 2 16
8 9 8
6 8 29
4 7 27
5 7 14
6 7 16
0 2 14
21 0 26
11 14 6
23 3 24
22 0 19
20 21 2
14 16 15
15 18 1
1 3 21
10 11 19
15 18 5
18 19 12
16 19 3
10 11 23
4 6 10
11 14 12
21 0 1
19 21 29
14 17 7
5 8 21
1 2 29
14 17 20
8 9 15
3 6 15
8 11 7
2 5 12
18 21 16
14 18 4
11 13 14
1 4 15
23 0 9
13 15 5
17 20 15
2 4 4
1 3 29
5 7 17
8 10 11
4 5 25
12 13 17
7 9 27
0 3 25
23 0 9
19 23 7
0 3 13
8 12 19
3 5 1
10 12 10
6 7 28
2 3 17
16 18 8
7 9 23
0 4 28
14 17 22
19 21 21
9 11 20
17 19 10
21 23 8
2 4 19
5 5 16
21 23 10
4 5 5
3 4 20
4 8 25
10 12 23
6 9 27
16 18 4
18 21 28
23 1 1
23 1 26
2 5 2
10 12 20
7 8 21
14 16 30
4 6 6
7 9 1
19 21 7
2 5 17
7 9 18
15 15 5
20 21 12
11 14 4
0 2 13
11 13 4
15 17 26
22 1 10
18 20 7
21 0 3
18 19 6
0 2 26
6 7 18
14 17 19
3 3 18
13 15 9
10 12 9
10 11 13
11 12 14
8 10 27
16 19 11
19 22 8
13 16 16
6 6 27
21 22 29
20 22 28
14 17 13
8 10 24
20 21 20
16 17 6
20 21 21
13 15 9
1 2 16
20 23 15
20 23 21
14 18 16
23 0 10
7 8 5
15 19 19
13 14 6
7 8 19
6 9 23
16 18 19
0 1 23
12 14 17
2 6 25
23 0 28
2 4 28
23 1 11
12 14 3
2 4 1
14 18 20
5 8 19
7 9 17
19 22 13
13 15 14
8 10 14
15 18 22
9 13 4
4 8 17
8 9 2
22 22 15
21 23 9
4 7 5
4 5 22
6 9 8
2 5 20
19 21 22
1 4 16
22 2 24
11 11 14
5 5 8
5 6 13
8 8 27
4 7 23
2 4 12
14 16 16
3 4 6
13 13 1
22 23 15
11 13 9
3 5 27
18 18 6
16 18 3
16 19 15
17 19 1
14 15 3
7 11 11
7 10 29
0 3 20
1 2 22
19 20 21
22 0 6
12 14 11
14 16 20
23 1 21
20 22 18
12 15 14
15 17 11
9 12 5
19 22 13
16 17 4
23 3 23
11 14 15
18 21 18
0 2 14
14 17 3
11 14 6
6 7 5
5 5 7
15 18 22
7 8 20
12 14 8
23 2 9
9 12 18
21 0 24
20 23 7
20 23 16
16 19 24
21 21 7
8 9 13
2 4 16
13 14 2
4 5 23
16 16 8
18 21 30
19 21 14
20 21 2
19 20 17
18 20 11
17 19 1
13 15 16
16 18 13
5 8 28
0 1 18
14 18 12
4 5 12
20 22 26
8 10 10
8 9 3
5 6 11
21 23 7
22 22 10
5 8 20
18 20 10
1 3 15
12 14 27
4 5 21
22 0 10
6 9 13
15 16 15
11 16 30
3 2 19
2 5 22
12 14 9
16 18 16
15 17 27
8 11 27
15 17 26
12 14 23
22 0 21
23 0 8
5 7 8
16 16 15
10 13 16
14 15 5
7 9 13
12 13 23
23 2 30
7 8 27
3 5 16
8 13 26
16 19 19
13 15 11
10 11 6
15 16 1
23 23 17
8 10 11
4 6 17
10 12 14
15 17 28
0 2 17
16 18 15
10 12 8
1 1 13
10 11 3
10 12 2
16 18 14
8 10 7
19 21 6
15 17 22
10 15 16
7 9 18
0 2 4
21 22 16
3 5 30
9 13 6
16 16 14
22 0 23
2 5 19
4 6 26
6 7 16
13 14 7
1 4 7
11 14 4
20 23 22
15 16 20
5 6 4
0 1 1
0 1 24
10 13 2
6 10 29
6 8 22
4 5 8
10 12 7
1 3 7
3 5 17
15 15 5
18 19 10
7 11 11
17 20 3
15 17 26
5 7 24
14 16 24
3 4 11
2 3 29
2 5 6
21 22 24
18 22 27
12 14 14
6 7 13
7 8 14
22 23 21
7 8 29
11 13 20
2 4 5
18 21 19
4 5 12
7 8 29
9 12 28
10 12 4
2 3 9
11 13 13
13 15 20
15 17 24
21 23 10
6 8 19
8 11 14
9 12 6
18 19 17
17 19 15
16 17 19
1 3 20
14 15 22
8 11 23
11 13 7
5 7 29
20 22 23
22 0 24
21 23 23
13 14 29
0 5 26
1 4 10
6 7 13
18 23 1
22 1 10
3 4 5
15 16 7
18 21 8
0 1 19
23 2 7
4 8 5
13 17 29
15 18 1
1 4 27
18 20 18
2 4 18
16 18 21
15 15 24
6 8 16
10 12 26
11 14 21
0 1 19
15 18 2
3 7 11
15 19 10
0 2 6
5 8 21
19 22 27
20 0 22
23 1 6
20 23 7
13 15 23
9 10 23
6 9 21
11 13 9
22 23 20
23 2 13
0 2 11
16 19 28
22 23 20
13 16 20
21 22 22
17 19 25
20 22 11
8 10 12
7 8 8
2 4 5
15 17 1
13 15 6
19 21 1
5 7 14
21 22 10
6 7 13
20 20 18
4 6 14
1 4 28
6 9 13
13 15 6
13 17 20
6 7 7
6 7 13
8 9 12
20 20 8
14 16 15
1 2 16
6 9 18
7 10 22
9 13 20
9 12 21
20 22 7
13 15 16
3 5 28
12 13 16
14 15 22
11 12 8
2 3 26
17 19 5
8 10 11
6 9 21
23 1 17
19 22 22
5 8 14
17 17 24
11 11 9
19 19 11
4 6 1
15 16 30
21 0 30
22 1 13
0 3 29
5 5 29
20 0 20
14 15 16
7 10 29
19 22 17
8 9 29
6 8 24
2 3 5
19 22 22
16 19 29
5 5 6
8 10 10
13 15 6
17 18 14
8 10 6
2 4 26
8 10 16
7 10 15
2 2 2
9 11 9
3 4 2
0 1 4
14 16 18
21 22 16
22 23 16
3 3 16
19 21 21
17 19 28
10 12 17
10 13 7
10 12 5
19 21 28
15 17 21
21 0 10
12 13 17
10 11 10
6 8 25
4 7 11
18 19 25
2 5 14
13 14 3
20 21 6
7 9 26
14 16 27
14 16 23
13 14 28
18 20 14
1 3 1
17 19 23
5 8 18
11 12 10
19 22 21
4 7 21
6 8 2
12 14 9
16 19 9
12 13 10
9 13 17
8 11 12
16 18 28
10 12 15
15 18 9
3 5 7
18 21 24
18 19 3
20 21 28
9 10 17
11 14 5
21 23 11
9 12 3
18 19 18
2 6 22
18 20 29
18 20 13
7 9 4
7 8 9
11 15 26
5 7 12
7 8 1
13 16 15
14 16 12
19 21 17
16 17 5
15 16 7
18 23 4
4 6 10
6 7 16
17 18 10
1 2 11
10 12 20
6 10 18
16 19 14
2 5 14
14 14 4
20 0 12
1 3 1
12 14 14
8 10 29
13 14 22
10 12 19
19 20 14
2 3 23
15 18 14
21 1 25
14 16 21
8 9 29
15 14 11
5 6 10
21 23 6
19 21 4
10 12 19
22 23 27
11 14 15
3 5 1
9 10 15
21 23 17
9 12 27
20 21 3
23 0 2
3 6 1
0 1 30
7 9 19
17 20 15
10 11 19
3 6 16
16 17 27
16 18 5
0 4 16
14 15 25
5 8 13
18 22 13
3 5 22
12 14 6
0 2 6
19 21 11
7 9 16
19 20 1
10 12 14
4 6 22
3 6 7
0 2 10
22 22 29
6 8 23
12 13 11
15 17 15
16 19 30
16 19 22
18 21 20
13 15 18
15 17 30
8 11 22
13 16 20
19 22 24
16 17 27
10 11 16
23 3 12
18 17 19
2 5 17
14 15 17
22 0 28
21 22 15
3 4 1
5 7 2
18 21 2
19 21 17
1 5 1
12 13 24
21 23 15
10 11 8
21 21 9
21 23 22
23 1 28
14 17 12
16 17 7
17 20 24
0 2 14
12 13 20
15 16 19
8 9 5
21 23 29
17 20 6
13 14 26
9 11 6
11 13 20
8 10 27
21 22 9
18 20 26
10 12 8
20 22 3
18 21 2
2 3 22
21 22 27
18 20 3
14 16 11
10 13 4
15 18 12
20 21 14
10 12 11
13 15 16
10 12 6
16 17 21
15 17 30
21 22 18
14 17 12
1 4 10
13 15 11
9 13 9
3 2 30
9 10 21
6 7 3
1 3 12
17 20 22
2 2 10
14 15 15
11 13 23
19 23 13
4 7 25
21 0 23
3 4 24
20 22 10
22 1 4
4 6 27
3 5 14
0 3 29
18 21 12
4 8 18
3 4 1
14 17 24
3 5 1
7 8 22
22 0 13
16 19 21
14 15 9
5 7 19
15 17 3
3 7 8
12 15 5
16 19 19
12 14 7
23 1 6
19 22 19
8 9 11
10 11 23
10 10 12
16 17 18
17 19 10
22 0 11
4 4 14
15 16 28
18 20 9
22 2 6
23 1 23
