4920 30
21 8 26 12 3 12 16 12 18 6 22 25 17 18 29 4 26 20 29 17 21 28 12 3 10 3 25 20 27 27 
2 4 25
5 7 23
3 4 12
13 14 12
19 23 17
0 1 25
1 2 2
14 15 21
13 15 19
22 0 20
11 15 29
11 14 4
23 1 7
16 17 10
18 21 9
21 22 26
17 21 20
7 10 3
23 0 15
17 21 21
11 14 27
10 12 20
0 1 15
4 6 20
10 12 16
19 21 16
5 6 12
14 16 24
5 8 16
16 17 28
9 10 13
16 18 30
17 18 10
18 21 28
4 5 13
1 4 9
13 15 2
9 9 8
8 10 30
3 6 15
1 4 7
14 16 28
20 22 23
10 13 24
19 20 17
3 5 8
0 1 17
17 18 23
8 11 2
19 20 5
12 17 26
3 5 14
4 6 7
5 7 25
19 22 8
8 10 16
0 3 1
15 16 21
14 15 14
13 16 23
0 2 30
2 4 21
23 3 2
2 4 7
4 5 23
8 10 20
20 22 11
9 12 1
16 17 22
22 23 1
23 0 20
23 0 11
5 6 9
4 6 11
18 19 23
15 16 22
23 1 23
9 12 6
15 17 22
4 6 18
19 23 27
22 0 13
3 4 26
9 12 30
11 12 30
1 3 25
1 3 19
10 12 10
18 21 18
20 22 5
9 12 11
13 16 24
20 1 30
16 19 21
8 12 2
8 12 29
8 10 19
15 15 18
12 13 30
19 22 23
3 5 23
21 22 12
4 5 29
8 12 2
13 15 4
23 1 3
1 4 13
7 8 22
13 16 14
8 11 23
14 17 26
12 14 21
18 18 21
3 6 14
6 8 29
7 11 21
18 20 24
19 20 15
0 3 3
14 16 5
6 8 20
22 2 22
10 12 16
19 22 25
21 23 28
15 16 29
7 10 2
19 21 3
5 7 23
19 21 9
8 11 21
19 23 9
6 9 8
3 7 11
8 9 11
21 1 2
22 1 16
13 15 24
4 4 14
11 14 7
4 9 22
0 2 17
10 12 13
19 23 22
0 1 27
12 15 26
13 15 13
15 16 8
2 3 16
6 6 18
19 20 17
23 2 7
3 5 8
8 9 23
4 6 25
8 10 8
21 0 1
5 7 6
20 22 22
18 21 19
0 2 18
13 16 16
21 23 23
15 19 29
9 11 15
2 5 28
0 0 3
4 7 8
13 15 1
11 12 30
18 21 11
5 8 19
14 16 21
14 17 25
4 7 5
12 14 22
18 20 30
18 19 26
22 0 28
4 7 11
12 13 13
4 7 17
12 13 8
17 21 27
1 2 7
16 18 24
20 22 3
18 19 24
4 4 30
14 17 23
6 10 19
3 5 11
16 18 19
11 13 25
12 14 15
23 2 12
0 0 11
13 16 24
4 4 9
10 10 14
21 22 27
23 2 1
0 1 6
1 3 18
12 14 15
21 1 2
10 11 11
9 11 16
12 14 20
11 12 27
6 7 28
8 10 2
20 22 8
19 20 23
17 20 5
20 20 20
10 13 15
20 21 29
18 21 3
15 17 3
17 19 22
16 18 27
21 23 7
15 17 23
0 3 5
17 18 21
19 21 18
23 3 1
4 5 16
0 2 30
11 12 16
2 3 16
23 2 17
18 19 13
15 18 23
10 13 20
3 6 24
18 21 9
4 8 28
2 2 23
10 12 13
11 13 16
0 1 28
10 14 2
5 8 14
12 15 7
16 19 14
1 2 2
23 1 26
22 0 9
14 16 9
13 14 26
13 15 22
2 6 30
17 18 28
21 22 17
3 5 9
5 6 10
11 12 27
5 8 21
10 11 18
0 2 25
10 13 18
21 0 7
21 21 8
20 21 19
5 7 9
3 5 17
1 1 15
18 19 23
13 15 7
11 12 1
15 16 29
22 23 27
16 19 3
16 17 5
1 5 3
19 21 22
22 23 9
8 9 2
11 14 25
7 9 19
18 19 4
12 16 23
10 13 3
19 22 30
8 10 10
18 20 3
2 2 29
6 9 11
13 17 7
10 13 16
5 7 22
20 0 4
16 18 13
9 10 3
8 10 13
19 22 19
9 12 13
13 14 17
0 3 22
8 9 11
23 4 10
3 3 8
11 12 6
10 13 15
9 11 10
3 5 23
0 1 10
15 17 12
8 11 21
8 10 2
3 3 23
17 21 10
17 20 15
2 4 18
4 6 16
22 0 1
20 21 24
12 15 4
10 12 24
22 23 12
20 22 29
8 11 28
15 16 11
9 10 10
22 1 23
23 0 29
17 19 18
20 21 28
11 15 18
15 18 2
11 13 4
3 6 10
14 16 23
1 3 27
22 23 11
21 0 16
10 12 16
13 15 13
21 23 13
11 14 28
1 2 1
23 2 17
19 22 28
2 4 12
10 12 29
7 8 10
2 3 18
21 22 19
13 15 4
0 3 11
14 16 1
23 1 9
12 14 17
14 17 14
17 19 4
2 4 28
8 9 22
23 2 6
5 5 18
13 16 5
23 2 22
12 15 4
17 18 28
1 3 26
1 2 26
17 19 15
16 18 4
0 2 12
17 19 1
11 13 3
17 20 19
19 20 14
6 9 8
18 19 15
15 17 14
19 21 18
9 10 11
11 14 12
3 4 16
8 11 20
3 4 13
16 18 21
23 23 24
18 21 1
1 3 21
14 16 13
8 11 21
0 1 12
8 8 19
12 14 29
20 22 26
13 13 17
13 15 26
20 23 23
0 1 7
18 21 21
9 11 19
11 12 20
19 21 6
7 9 16
21 22 5
2 4 15
8 10 7
18 20 26
3 5 16
11 13 13
0 2 25
20 20 14
16 16 21
1 4 5
0 4 12
7 9 28
18 22 8
18 20 6
21 0 3
11 14 11
21 0 12
12 13 3
6 7 5
0 2 24
7 7 4
9 10 29
15 18 3
23 0 15
18 21 25
7 9 20
23 23 23
23 0 5
11 13 10
3 4 9
12 13 27
0 2 11
14 17 15
3 7 2
18 21 23
8 11 12
10 10 9
10 11 5
6 7 30
10 12 2
21 23 9
8 10 6
10 12 21
13 16 23
18 20 8
6 9 20
19 21 6
12 12 25
5 6 17
13 14 26
5 7 30
7 9 16
18 20 11
13 15 8
7 10 24
17 20 16
4 6 21
13 14 2
6 8 3
0 3 22
12 14 1
17 18 24
3 7 7
8 9 29
1 4 23
3 5 2
7 9 2
15 17 30
1 4 1
12 14 6
7 10 29
20 21 1
13 14 14
21 23 19
14 15 22
0 3 14
14 17 4
23 2 20
5 7 13
18 21 3
0 2 29
21 20 1
23 2 22
23 2 30
21 23 25
15 17 29
1 3 1
23 1 29
3 5 17
9 12 18
9 12 19
8 9 11
0 1 27
17 19 4
3 5 15
4 6 10
11 14 23
18 21 23
3 4 24
19 22 3
23 2 9
16 17 15
23 2 25
6 7 3
7 9 6
12 16 15
10 12 26
18 19 18
4 6 5
14 19 18
2 6 1
16 17 2
2 4 12
14 16 26
19 21 1
22 1 19
22 22 23
15 16 16
19 21 22
1 2 1
1 4 17
6 7 22
17 20 21
13 15 23
13 15 16
18 20 26
12 13 14
1 3 18
8 10 29
23 23 25
11 14 15
22 0 4
17 18 22
3 6 13
2 4 18
3 5 10
23 1 11
20 23 29
9 9 15
19 22 22
1 4 23
22 0 7
17 19 6
2 4 4
20 23 25
20 22 4
13 15 3
12 16 30
22 23 9
23 1 19
18 19 19
16 17 15
0 1 11
5 8 3
16 20 21
10 11 12
3 5 17
0 2 17
0 1 13
17 19 16
1 2 12
22 1 23
14 16 16
9 10 4
9 11 10
22 0 15
15 18 22
12 15 15
1 2 14
22 1 13
6 8 27
22 23 23
10 11 16
4 6 10
18 20 14
8 10 19
17 20 21
10 12 23
17 16 18
18 21 2
11 13 8
9 11 11
23 1 12
23 2 28
18 20 8
17 20 16
2 4 20
12 14 21
23 1 27
22 0 28
8 9 25
15 16 27
5 7 23
17 19 30
16 19 5
7 9 28
9 13 30
22 23 23
7 8 8
13 14 12
19 21 3
19 20 7
0 2 22
21 21 21
16 18 6
0 1 20
5 6 18
2 5 29
18 19 21
1 3 9
22 2 19
4 7 12
6 8 27
2 6 24
11 13 29
5 8 17
16 18 9
5 6 30
9 12 23
7 8 9
3 6 4
10 12 15
22 0 13
1 2 16
22 1 9
5 7 10
13 14 27
19 23 19
8 10 7
6 9 10
6 8 1
21 0 24
14 15 10
15 16 12
11 13 26
0 2 14
2 5 9
5 7 10
10 13 5
7 11 7
19 21 6
17 18 26
22 1 4
1 4 7
10 14 16
22 0 2
12 12 5
16 17 19
12 14 3
23 1 8
14 16 3
14 15 22
10 12 26
20 0 3
6 8 3
2 5 6
2 5 9
3 6 26
17 20 1
6 7 1
2 4 2
4 7 28
1 2 21
16 17 9
13 14 21
13 13 30
4 6 19
18 20 23
0 2 2
2 3 29
5 6 21
8 9 28
6 8 21
5 8 4
22 1 13
16 18 13
10 11 19
0 3 7
21 22 7
14 14 7
21 23 27
0 2 6
21 22 27
10 11 1
22 0 5
4 6 19
13 14 25
14 15 4
12 14 13
10 12 17
15 18 1
0 3 8
5 6 7
0 1 9
22 0 24
4 6 21
6 7 21
11 12 10
11 13 2
16 17 14
4 7 26
18 21 17
6 6 18
11 13 3
5 7 17
8 10 7
15 17 17
10 11 7
20 22 11
14 16 21
2 3 10
0 2 7
11 13 23
14 16 27
5 9 9
19 19 15
11 11 17
7 8 16
3 6 8
3 6 20
17 20 18
21 23 19
10 13 15
5 7 23
22 22 19
22 0 8
14 17 23
0 2 8
21 0 29
0 5 27
21 0 5
0 2 16
1 3 8
5 7 12
4 4 11
8 10 16
3 7 14
2 4 1
3 4 12
20 0 13
15 17 1
10 12 5
5 10 18
5 5 3
0 3 18
17 19 2
0 1 12
10 13 6
18 19 4
23 0 14
7 10 10
7 8 18
10 11 29
20 22 18
6 8 12
0 3 22
17 19 30
7 10 20
23 1 15
3 5 1
13 16 15
17 20 14
5 6 20
4 6 18
13 15 2
3 4 27
7 8 14
4 8 2
1 2 23
16 19 1
22 1 26
23 1 23
23 0 29
14 15 12
5 7 22
9 13 14
14 17 23
19 23 22
10 12 14
19 22 29
0 1 3
19 21 25
17 18 21
8 11 28
9 12 22
17 20 10
17 18 17
13 16 19
9 11 11
10 11 17
21 1 9
10 13 11
9 10 1
22 0 8
20 0 3
5 7 16
17 19 8
19 21 19
10 11 28
20 22 15
11 15 30
12 13 26
1 3 15
17 20 23
0 0 14
23 0 24
23 1 12
23 2 20
15 19 12
20 22 3
7 11 2
14 17 5
10 12 2
13 14 12
21 23 9
10 11 18
1 2 30
19 22 19
8 9 28
7 11 5
5 7 13
15 15 22
14 17 14
9 10 5
10 11 27
17 20 5
21 22 24
11 12 22
21 21 21
13 15 30
19 20 21
14 16 29
4 6 11
3 4 9
13 14 27
20 23 18
6 7 5
11 12 26
0 3 5
7 10 21
22 1 25
0 2 9
0 1 6
7 9 7
20 22 26
15 16 12
17 19 1
4 6 26
20 21 10
16 19 30
11 12 29
5 7 16
4 5 19
5 8 27
22 0 30
12 14 5
15 18 27
17 21 11
15 15 27
14 16 21
13 16 15
14 18 20
16 18 1
8 11 8
7 7 27
15 17 30
23 2 1
22 0 3
11 12 7
19 22 3
10 11 14
9 10 25
11 13 10
16 18 18
4 6 24
1 3 3
3 3 29
5 9 29
0 2 19
18 19 17
8 9 10
0 2 3
2 4 2
15 18 27
13 15 11
7 10 4
7 7 12
12 15 3
18 20 26
4 6 28
5 8 13
11 12 20
2 3 13
18 20 19
4 6 18
22 1 9
22 0 12
16 17 18
16 19 10
21 23 1
7 9 20
1 3 26
0 3 23
17 18 22
15 15 12
4 6 29
3 8 1
15 17 10
0 1 19
12 13 27
11 12 17
3 5 4
6 7 7
8 8 6
15 16 9
11 14 23
10 12 10
14 16 1
23 2 20
14 17 2
17 17 25
15 17 22
5 6 2
4 6 24
14 15 3
22 0 1
10 13 20
6 7 12
5 8 12
21 0 3
8 11 10
0 1 9
1 2 29
6 8 21
21 23 16
20 22 3
10 14 19
5 6 8
19 21 18
10 12 1
6 9 4
11 14 27
13 15 27
20 22 29
4 5 10
1 2 25
22 1 4
17 17 12
6 9 15
17 19 23
5 8 18
9 12 28
13 16 16
2 5 30
21 1 4
0 2 27
11 13 8
5 9 30
13 13 14
8 11 17
0 0 10
15 17 5
8 8 23
7 9 26
11 13 27
2 3 15
14 16 9
11 11 14
7 11 22
0 2 7
12 15 21
16 16 10
23 1 4
19 21 5
4 6 25
8 11 8
1 2 2
4 4 27
21 0 30
16 19 27
15 17 25
9 11 7
12 15 1
4 6 9
21 1 19
7 10 18
11 13 23
15 16 28
23 2 2
5 7 8
11 13 1
4 8 30
18 20 3
5 6 30
1 3 3
13 14 29
13 15 3
2 4 15
13 14 14
11 13 14
19 21 16
2 4 6
5 8 8
16 18 8
7 8 4
3 3 18
10 13 21
21 1 12
7 8 3
4 6 27
5 7 11
18 21 18
16 17 21
5 7 6
3 4 30
13 15 16
11 12 18
18 21 24
22 1 27
5 8 11
21 23 12
19 22 27
20 20 23
12 14 22
16 18 9
16 18 9
4 6 5
1 4 10
0 1 26
16 17 26
8 10 22
8 10 30
20 21 12
16 18 22
14 17 9
7 10 1
9 12 28
1 3 8
21 23 23
7 8 10
12 13 6
23 2 2
5 7 27
19 21 25
14 16 11
19 19 13
1 1 9
6 8 15
13 14 18
2 5 26
20 23 15
21 21 16
12 14 2
0 2 21
17 20 20
10 12 8
13 15 30
14 16 1
18 20 2
8 8 11
18 19 22
5 6 13
16 18 21
23 0 5
1 1 26
0 3 13
23 0 25
14 19 17
8 10 25
14 17 25
12 13 12
23 1 9
6 9 27
23 1 9
20 22 10
21 0 2
14 15 28
6 8 14
12 14 4
23 1 25
23 0 23
13 15 27
21 21 8
21 23 2
3 4 23
17 18 17
21 1 20
0 4 6
10 13 18
11 13 14
20 21 24
13 12 3
20 21 1
4 5 6
17 19 13
4 6 18
14 16 20
17 18 9
14 15 23
16 18 13
15 17 16
9 11 17
0 1 3
12 14 14
7 9 14
0 3 6
1 3 9
8 12 30
4 6 7
4 4 6
3 4 25
0 3 22
23 0 11
5 9 19
6 8 22
16 18 15
12 13 8
18 18 6
22 1 8
19 21 8
8 11 6
11 12 26
2 5 19
3 5 26
19 21 7
12 13 2
14 17 27
4 6 3
4 6 26
0 2 3
5 6 26
12 14 20
15 16 7
9 11 25
17 19 17
18 18 23
23 2 9
18 20 8
3 6 2
5 7 4
1 2 24
7 10 15
9 12 3
22 0 15
11 11 13
19 22 5
10 10 18
6 7 26
19 21 1
7 9 15
17 17 17
4 7 16
13 16 6
1 3 13
9 12 1
2 7 19
23 0 15
16 18 20
5 7 21
11 13 30
3 4 5
20 21 27
23 0 30
4 6 21
9 12 5
9 11 13
19 21 9
10 12 18
14 16 25
5 7 18
9 11 28
14 16 7
11 14 20
5 6 1
1 2 6
21 22 9
1 3 18
19 20 27
11 12 10
15 17 19
7 9 30
8 11 13
21 0 30
16 19 19
23 1 5
19 21 15
15 16 8
8 11 7
10 11 13
7 9 28
9 12 26
9 10 11
20 0 10
21 0 7
3 5 6
21 23 7
7 7 13
4 7 18
16 18 18
16 20 27
7 9 17
6 8 11
16 17 9
8 11 9
7 10 12
19 21 29
10 11 23
22 23 16
5 7 7
16 18 29
7 7 29
23 1 15
5 5 27
23 2 8
11 12 6
1 2 1
6 8 29
10 10 4
20 22 9
12 15 17
10 12 16
0 3 22
4 5 12
0 2 12
15 18 3
11 13 27
11 11 29
10 11 18
5 6 12
1 4 18
23 1 17
3 5 29
3 5 20
9 11 22
9 11 11
4 6 20
14 15 20
19 21 4
12 14 23
20 22 26
15 15 14
5 6 13
14 16 15
3 5 16
22 0 5
6 8 12
22 23 11
2 5 15
8 10 22
16 19 5
12 15 7
6 8 17
0 3 8
14 16 26
6 7 17
14 17 4
20 22 29
9 9 21
4 3 13
3 4 8
16 18 8
9 10 29
6 8 25
20 20 28
17 20 2
17 20 18
14 17 14
18 20 23
23 2 12
14 17 7
3 5 29
11 15 2
14 15 25
4 6 23
20 21 17
3 4 23
8 9 5
22 0 26
9 10 26
3 5 19
13 16 20
2 4 19
0 3 23
5 6 21
21 23 1
19 21 11
15 17 12
7 10 26
0 0 19
5 6 26
17 20 18
11 15 6
8 9 3
8 11 7
12 12 22
4 7 5
0 2 7
16 18 30
9 12 26
11 14 11
9 13 6
22 1 10
15 18 11
3 5 18
0 1 13
3 5 8
10 11 27
4 5 17
19 23 9
7 9 6
13 15 1
23 2 4
16 19 24
8 11 20
18 19 7
2 5 29
18 21 29
10 12 24
5 6 1
16 18 8
3 6 17
18 20 1
7 9 13
9 10 7
9 12 25
16 20 16
22 1 27
12 13 21
1 3 6
18 20 18
1 2 11
6 10 2
10 11 3
22 0 24
13 16 6
20 22 10
22 23 19
11 13 12
10 12 22
7 11 18
7 9 14
17 19 25
13 14 10
11 14 5
12 13 2
13 15 24
18 20 18
8 11 26
22 0 21
19 23 28
13 16 6
13 14 18
12 14 6
5 7 29
20 22 2
3 7 17
5 8 23
11 14 25
17 18 26
3 4 6
11 13 2
20 21 25
4 6 14
0 2 1
6 7 18
12 13 29
20 23 21
8 10 13
17 18 21
2 3 15
13 14 20
11 13 2
20 23 29
3 4 20
5 6 11
5 7 12
18 21 28
23 3 14
11 11 9
12 14 17
13 16 23
6 7 9
9 11 21
3 5 23
14 16 18
17 20 25
16 19 9
18 21 7
19 22 20
3 5 26
10 12 6
18 20 7
22 23 7
17 20 1
23 3 11
4 6 17
17 19 19
20 22 10
14 16 15
22 21 7
6 10 22
20 22 27
23 2 28
7 9 27
6 9 12
7 10 7
0 2 25
5 6 11
13 14 10
5 7 3
0 2 30
6 9 5
22 1 18
5 5 8
19 20 8
21 21 29
5 7 10
6 8 28
14 15 6
12 15 3
2 2 18
11 14 3
22 23 10
20 21 5
5 7 11
2 4 20
11 13 29
1 2 25
11 15 29
23 0 22
16 17 17
12 14 15
7 10 25
21 0 27
7 10 13
21 21 12
18 20 13
7 10 4
23 0 27
8 9 23
21 23 18
11 13 4
5 9 25
2 4 8
4 6 23
15 18 17
15 18 29
18 20 16
3 4 1
1 2 11
8 10 1
1 3 6
15 16 11
1 4 26
23 1 1
7 10 3
7 9 11
17 19 15
20 22 20
5 9 17
23 1 15
21 23 29
18 20 16
20 21 16
22 0 26
13 16 11
19 22 2
14 16 5
23 1 30
2 4 24
4 6 9
23 23 3
6 8 30
0 2 23
0 3 5
13 16 7
17 19 20
8 10 5
17 19 30
7 8 18
4 7 12
0 2 26
16 17 9
2 4 21
3 4 3
23 3 13
16 19 6
3 5 7
17 19 1
19 21 15
0 2 3
15 18 28
14 16 2
2 3 22
23 1 4
5 6 26
11 12 16
18 20 3
16 17 16
13 15 4
4 7 5
11 13 9
23 2 21
17 19 11
3 3 25
19 20 11
6 9 13
23 2 9
18 19 23
21 23 6
17 19 20
22 23 20
12 15 2
12 13 5
2 4 3
1 2 23
11 13 23
8 10 5
3 5 19
1 3 25
4 9 25
23 0 28
0 2 10
7 8 19
19 22 3
18 20 20
1 3 7
2 4 10
0 2 28
1 3 16
22 1 2
22 0 30
20 22 6
16 19 12
23 1 13
4 6 30
15 15 27
20 22 27
14 18 9
10 12 2
14 16 24
19 20 19
14 16 1
13 15 1
8 9 11
2 3 17
12 15 5
2 6 30
8 9 3
8 10 30
12 14 15
5 8 6
13 16 25
3 5 7
18 19 7
21 1 21
5 5 24
6 10 3
5 8 1
9 11 16
9 12 28
17 18 11
19 22 23
0 1 17
20 21 22
9 10 19
19 20 21
11 14 24
20 22 28
3 5 30
14 14 1
9 10 5
18 19 30
1 4 25
17 20 30
8 9 7
15 19 11
0 2 19
1 5 12
15 17 16
9 11 2
16 18 9
9 11 14
23 1 24
16 17 9
6 8 5
10 12 30
15 18 10
8 11 12
0 1 22
20 22 24
18 20 16
22 0 1
14 16 20
8 10 18
15 17 14
21 22 9
16 18 16
18 20 23
22 0 2
4 8 1
10 12 2
18 20 8
16 18 6
5 7 6
19 20 28
10 12 23
21 23 16
10 13 4
11 13 23
15 15 15
23 2 11
2 5 12
10 12 13
7 9 30
22 2 4
1 3 8
13 14 5
1 4 30
20 21 13
18 22 11
14 16 24
14 17 26
6 8 25
12 14 19
12 12 18
19 20 15
0 -1 24
6 8 27
2 3 30
2 4 4
1 3 22
5 6 3
16 16 17
1 6 11
16 18 1
20 21 15
11 12 19
5 8 13
2 5 24
21 21 18
20 21 1
16 18 17
18 19 2
21 23 6
10 13 20
15 17 2
7 10 23
4 6 15
2 4 2
16 19 5
13 14 12
13 16 5
7 10 6
17 19 29
0 1 3
4 6 17
21 23 6
15 16 11
3 5 18
11 14 2
7 10 16
3 5 18
6 9 9
11 12 4
5 8 4
12 14 1
12 15 17
6 9 23
21 0 19
15 18 22
0 3 6
0 3 27
11 11 18
11 11 11
6 9 23
14 14 3
10 12 22
8 10 24
19 22 4
1 3 17
4 7 4
10 11 30
0 0 24
13 15 4
15 16 26
9 11 27
12 13 6
11 12 18
6 8 12
11 14 19
23 0 12
16 18 28
19 22 14
0 2 23
1 4 18
14 16 13
11 11 22
8 11 19
16 20 18
8 9 27
1 4 22
18 19 2
17 19 19
22 1 19
6 7 8
14 18 30
20 22 30
9 10 23
7 8 3
22 22 25
16 18 14
1 2 14
9 11 10
1 2 3
0 0 11
12 15 20
0 1 13
22 0 6
23 0 5
5 7 16
14 16 24
18 20 16
11 14 8
7 10 24
5 8 14
10 11 18
21 22 14
7 8 27
9 13 2
17 20 22
3 3 26
20 22 5
18 20 1
1 4 29
0 1 25
6 6 28
3 5 22
11 14 15
2 4 27
20 0 27
6 8 18
21 23 23
7 9 2
18 19 25
4 5 2
2 4 4
14 15 15
4 5 26
16 19 26
17 20 11
3 6 11
2 3 20
8 9 16
7 10 15
21 22 14
2 4 4
10 12 8
17 18 7
19 21 8
14 14 29
4 7 1
13 16 4
22 0 7
22 0 2
7 10 29
20 22 5
12 15 27
11 13 16
12 15 20
5 6 28
8 11 19
6 9 12
11 14 18
10 11 26
22 23 20
20 22 12
1 2 29
11 13 25
10 14 6
20 20 9
17 20 2
0 2 16
18 21 1
10 12 28
15 16 9
7 9 25
16 19 30
0 2 10
21 0 23
7 10 9
16 18 2
21 1 12
19 20 18
4 7 6
3 5 11
11 12 23
19 20 25
12 14 16
9 12 26
2 4 20
10 12 15
12 14 15
0 2 11
19 22 2
2 4 18
17 19 21
5 7 13
23 0 26
19 21 15
0 2 22
14 16 30
4 6 1
13 15 9
19 23 7
5 8 9
1 2 24
18 22 14
15 18 24
12 14 19
0 1 14
4 5 5
4 6 2
23 3 28
2 4 11
9 11 16
7 8 5
11 13 29
22 1 25
4 6 26
3 5 11
19 18 23
1 4 15
8 8 21
8 10 19
8 10 30
2 2 18
11 11 4
15 16 23
10 13 7
16 17 28
16 18 23
20 23 18
5 6 30
18 22 30
9 10 13
20 22 6
0 3 22
19 21 4
0 1 30
2 1 1
19 21 9
17 20 5
16 16 3
2 4 14
15 17 30
7 7 15
3 5 8
12 14 25
15 18 24
20 21 23
9 10 18
22 0 13
16 18 4
2 4 29
9 12 28
8 9 18
17 18 26
16 20 17
10 12 27
14 16 2
2 6 27
21 0 30
9 9 11
11 10 18
0 2 29
18 20 12
19 20 6
11 13 3
21 0 14
1 2 7
17 19 2
4 5 7
19 20 1
14 17 26
15 16 26
16 18 16
12 12 26
1 2 30
23 0 13
20 22 19
23 1 17
22 23 7
8 11 14
5 6 25
14 18 6
7 9 15
1 3 23
2 4 21
6 8 5
3 4 17
9 13 6
5 8 7
2 6 26
16 18 26
8 9 25
21 0 29
17 19 18
18 19 21
22 23 20
15 17 19
8 11 16
8 10 18
9 12 18
3 4 22
13 16 11
23 1 17
7 9 11
18 20 27
11 12 17
14 17 19
23 1 26
17 19 12
8 9 15
1 3 3
23 1 7
8 11 19
22 0 5
13 15 24
10 11 29
7 9 28
21 23 22
7 9 12
3 4 6
7 8 1
14 17 11
18 21 12
6 8 13
9 14 8
1 4 27
3 6 5
4 6 23
8 11 29
18 19 24
13 14 22
13 14 6
15 16 7
22 20 30
14 15 3
1 2 15
5 8 9
13 14 7
11 13 18
7 10 7
21 1 17
15 17 11
1 3 21
21 0 29
17 20 30
20 23 4
2 5 30
14 17 3
17 19 7
13 17 29
23 0 16
8 11 17
19 21 18
9 11 17
23 0 13
2 4 25
0 2 21
17 19 22
18 19 4
0 2 5
23 2 19
19 22 6
8 8 13
18 20 15
3 4 16
0 3 2
2 3 25
4 4 15
12 14 4
12 16 12
2 3 1
1 3 27
5 6 15
3 5 28
4 7 19
19 19 5
17 18 25
21 23 12
18 20 13
22 1 26
16 16 9
21 23 12
14 17 8
15 18 20
16 18 16
12 14 9
19 21 5
16 19 4
14 17 6
5 7 19
22 0 26
18 22 2
8 11 23
15 18 17
9 12 22
2 4 26
20 22 22
10 11 29
23 1 10
16 16 25
21 23 13
0 2 30
14 16 28
11 13 15
23 1 29
18 20 3
0 1 25
11 15 6
3 5 17
3 5 30
15 18 5
14 17 25
18 22 11
0 2 6
1 5 27
14 17 7
20 22 8
7 8 3
7 8 16
21 21 28
19 23 6
12 14 19
12 12 13
6 8 4
22 1 29
13 15 24
19 21 29
1 2 24
23 0 21
15 17 9
13 15 16
13 16 11
4 6 16
0 1 20
7 9 3
2 5 18
17 17 17
18 21 29
18 21 17
21 0 17
20 22 26
13 15 27
8 10 23
6 7 24
13 15 14
10 13 9
10 11 17
5 7 1
17 18 9
3 4 29
7 9 5
5 7 11
18 22 2
19 22 22
10 12 12
22 1 9
21 0 15
16 17 27
5 6 18
5 9 12
14 15 11
1 3 29
22 0 16
20 22 12
11 12 8
19 21 24
4 4 16
6 10 21
16 18 28
7 11 10
19 21 27
6 7 3
22 1 26
10 12 25
14 16 26
11 13 22
3 3 8
5 6 1
12 15 17
11 13 14
6 9 19
2 4 7
15 17 10
12 13 5
12 15 5
5 9 18
1 4 5
5 8 28
22 0 12
1 2 23
13 15 23
20 21 22
23 1 23
3 5 29
21 23 18
21 21 24
19 20 27
17 17 26
14 16 25
17 18 26
5 8 1
5 7 10
22 23 12
10 13 28
5 7 21
6 8 13
2 3 21
23 1 24
5 6 14
2 3 1
6 8 16
8 10 30
6 7 3
18 19 27
1 3 29
18 20 12
13 15 18
15 18 22
1 4 29
14 17 27
18 20 19
10 13 9
15 17 19
13 14 1
19 21 11
19 21 28
9 11 30
5 6 28
8 10 29
6 9 2
1 5 15
19 21 5
16 18 18
21 23 29
7 10 26
19 21 20
13 14 21
16 19 29
19 23 15
4 7 15
17 17 27
3 7 1
7 10 8
5 6 2
4 4 8
4 5 10
14 16 8
21 22 24
2 4 16
5 6 18
13 15 9
8 11 7
22 1 5
16 19 28
4 5 30
2 5 15
7 9 29
1 3 27
15 17 2
5 9 16
4 8 13
20 22 17
4 6 15
11 14 11
19 21 24
16 18 16
22 1 26
5 7 13
17 18 17
10 11 27
1 3 22
23 2 19
1 0 23
8 10 10
12 16 20
7 8 13
23 0 15
23 1 19
22 0 2
3 5 22
17 19 29
22 0 30
20 22 5
2 3 24
14 15 21
15 17 5
3 5 29
9 11 16
23 1 9
15 18 19
9 11 4
6 9 13
23 1 9
4 6 7
4 6 25
6 9 26
12 13 8
15 20 25
23 1 9
4 5 10
4 5 25
10 12 1
10 12 2
14 16 28
15 17 6
2 4 10
0 2 16
1 3 28
18 20 10
8 10 5
20 22 29
2 5 28
10 13 24
1 3 15
12 14 26
19 22 2
20 21 23
17 21 16
19 20 2
2 2 24
1 3 12
13 17 1
22 1 7
3 4 4
20 22 12
5 9 15
2 5 23
0 1 4
11 13 18
21 23 29
20 21 14
23 1 9
12 14 27
3 5 26
6 6 13
9 12 24
18 19 10
8 11 13
11 15 20
13 14 24
21 0 24
11 14 11
10 13 3
2 4 9
21 23 19
16 17 15
4 5 22
10 12 21
16 17 18
20 22 7
11 12 14
9 12 13
8 10 7
1 4 9
15 16 19
6 8 27
0 1 5
10 12 16
7 11 26
17 22 23
20 22 1
8 10 10
8 11 17
8 10 26
15 17 12
10 13 15
4 4 5
0 2 11
9 12 23
13 14 9
20 0 16
0 1 15
23 1 5
3 5 17
10 13 23
21 0 6
15 17 11
19 20 7
1 4 3
4 6 19
14 16 5
3 6 5
13 15 14
10 10 10
21 22 12
14 17 18
19 20 5
7 9 8
16 18 13
21 22 9
19 20 29
7 9 23
0 2 10
17 18 12
5 7 20
2 4 1
2 5 2
12 14 20
3 4 3
18 20 10
18 20 28
18 19 12
15 17 3
14 15 19
5 7 6
0 2 2
15 17 14
0 3 26
8 11 17
2 3 28
16 18 15
12 15 3
5 6 30
8 9 10
21 23 10
11 14 15
2 4 15
0 2 21
8 9 3
16 17 24
3 5 1
3 3 17
22 23 1
14 14 3
13 15 29
21 23 6
20 23 10
17 18 28
15 16 25
10 11 28
22 2 6
5 6 26
13 14 15
20 22 19
23 2 16
12 13 9
7 9 1
20 22 18
23 0 8
13 15 25
19 21 29
7 10 14
0 2 23
17 19 12
21 21 10
10 11 10
16 17 16
23 1 19
18 20 19
9 10 19
2 4 7
8 9 19
1 5 22
3 7 9
5 6 22
5 8 27
4 6 29
21 0 10
3 5 18
18 20 15
23 23 11
18 21 20
9 12 13
16 18 11
1 3 25
13 14 18
17 19 12
1 3 23
11 15 2
18 20 8
19 20 10
15 17 14
14 17 2
5 7 21
9 10 5
13 12 28
22 3 9
9 10 1
12 15 15
10 11 12
20 23 29
23 2 2
19 20 29
18 20 10
18 20 21
19 20 24
5 6 29
3 7 21
0 2 18
8 10 13
17 21 20
22 0 27
23 0 20
20 0 25
1 2 15
23 1 18
8 9 27
7 8 19
5 7 5
14 16 20
7 11 1
21 23 12
11 13 5
18 21 30
2 3 19
3 6 7
18 19 3
2 3 19
14 18 9
10 12 23
2 4 14
18 19 10
10 12 5
12 13 25
1 4 8
9 12 4
21 0 28
18 20 7
17 19 18
23 1 7
18 19 19
2 3 5
7 9 8
22 1 21
12 13 29
2 5 29
4 6 14
9 11 21
11 13 19
16 18 2
1 4 21
0 3 17
4 7 10
18 19 25
7 9 29
15 15 9
9 12 11
19 20 14
0 1 3
18 21 11
12 15 29
13 16 4
18 21 5
1 3 24
9 12 16
20 22 6
13 15 17
7 9 3
7 9 10
6 8 17
0 4 10
12 14 17
23 1 15
23 22 14
10 14 18
16 20 7
20 22 3
1 4 24
3 5 23
1 4 12
11 12 6
18 22 27
3 5 3
6 5 19
23 0 1
4 8 8
18 20 3
22 1 29
3 5 7
17 19 14
14 16 17
5 5 12
12 15 24
10 11 7
4 7 20
15 17 30
1 2 6
17 20 26
17 21 1
7 9 15
8 10 22
23 1 30
17 19 3
2 3 29
0 2 9
15 17 8
15 16 9
0 2 7
15 17 4
10 11 30
20 21 1
0 0 26
15 16 27
16 19 8
20 23 18
10 12 22
3 6 22
9 10 4
2 5 24
16 16 23
18 19 22
21 21 11
21 21 27
20 22 28
5 7 20
1 3 2
2 5 15
1 3 21
23 1 12
21 22 18
20 23 29
0 2 27
18 21 1
4 5 2
5 7 22
11 12 26
7 11 17
19 20 13
5 8 7
20 22 28
16 17 21
6 8 26
0 2 19
7 9 6
14 17 26
6 8 10
1 2 28
9 10 10
21 23 4
12 12 5
0 2 5
0 2 5
16 18 24
6 9 21
21 0 23
22 0 14
2 5 11
16 18 24
11 12 10
5 8 13
15 16 25
8 11 13
1 3 19
16 16 29
10 12 14
9 12 13
8 10 1
12 14 30
2 5 25
9 10 10
19 20 13
0 1 7
7 9 14
8 12 14
12 13 10
21 0 14
14 15 26
2 3 2
8 8 20
7 11 23
7 10 4
11 12 8
8 9 16
16 19 1
2 3 5
16 17 12
19 21 6
0 1 9
21 23 9
5 5 21
23 1 12
3 5 10
8 9 30
6 8 19
8 10 4
12 15 3
7 9 27
4 4 16
0 2 10
16 18 24
13 17 12
1 3 13
0 0 1
4 5 16
17 19 25
3 6 3
11 14 8
12 14 26
3 7 8
18 19 8
18 19 5
18 21 1
19 18 20
2 3 27
17 19 19
3 4 13
13 16 15
14 17 23
18 21 23
23 1 23
18 21 28
14 15 7
16 19 18
19 20 23
5 6 3
9 11 11
10 12 3
0 2 11
2 3 2
5 8 26
10 14 5
10 14 2
16 18 6
8 10 1
10 11 23
22 0 12
13 15 17
21 0 24
21 22 28
10 11 19
10 11 27
9 11 28
17 20 23
13 14 5
6 7 13
10 12 13
13 15 21
14 15 13
0 1 15
10 12 29
12 13 16
0 2 12
18 19 8
2 6 16
1 4 10
12 14 1
23 1 29
19 21 5
23 0 26
8 10 17
13 14 8
11 12 3
6 9 12
11 13 1
4 8 11
7 9 22
15 17 5
21 22 21
14 16 26
22 0 29
10 11 18
1 3 10
20 22 20
9 9 23
20 22 29
7 9 21
17 19 16
12 14 11
15 16 3
9 10 21
7 9 13
10 10 10
9 11 14
6 8 21
13 16 1
8 11 17
4 6 7
22 0 12
22 1 18
21 22 17
19 21 17
12 13 11
1 2 14
20 22 9
21 23 21
8 10 18
23 3 8
21 23 20
19 21 17
18 20 6
11 13 21
23 3 22
22 1 5
10 13 17
14 15 10
18 19 3
13 15 18
7 9 12
21 0 3
13 16 1
6 9 11
20 22 17
18 18 8
7 9 16
1 2 1
9 11 14
0 4 11
16 18 3
22 23 23
3 5 13
15 17 7
7 10 25
4 5 20
13 14 27
4 6 12
5 6 20
23 1 9
13 16 11
16 19 14
11 15 2
3 5 23
20 23 17
19 21 5
22 0 30
22 1 12
6 6 15
3 4 1
20 22 21
3 4 10
21 22 3
10 10 6
0 3 11
17 19 2
20 21 24
0 2 1
7 10 27
18 20 16
2 4 21
5 7 12
22 23 13
9 11 29
3 7 10
6 9 18
14 15 3
15 16 3
19 20 23
2 5 10
0 2 25
17 20 26
4 7 28
5 5 23
12 14 22
9 12 20
17 19 26
14 15 21
9 11 25
6 9 11
15 17 30
21 21 21
17 19 18
4 5 19
5 9 18
3 4 2
12 12 21
21 0 14
21 0 23
1 3 13
1 3 28
2 5 19
23 1 23
13 13 13
11 13 3
9 10 5
17 20 25
23 2 29
22 1 13
19 20 15
9 12 6
0 2 3
11 12 7
22 23 21
5 5 5
23 0 2
15 16 8
16 18 28
6 8 29
23 1 11
4 5 16
18 20 23
9 11 23
9 12 1
22 1 9
15 16 4
3 5 4
20 21 26
17 18 11
4 7 29
23 0 2
11 11 5
0 2 28
21 23 2
13 15 29
15 15 20
23 1 12
2 4 18
20 20 6
5 7 17
19 21 11
5 8 8
12 15 10
22 0 19
16 18 18
5 7 18
10 14 25
23 1 25
10 14 20
4 8 16
23 0 15
12 12 14
10 12 26
19 21 21
12 15 1
13 15 22
7 9 13
2 5 25
14 17 12
9 11 24
2 4 13
19 22 5
17 20 5
15 16 30
18 20 7
6 6 29
1 3 6
7 12 7
16 18 29
13 16 23
1 2 28
1 4 29
21 23 15
2 4 25
3 5 18
8 10 18
9 11 1
15 16 11
17 19 25
20 22 20
20 22 7
11 13 13
9 11 25
7 10 6
5 8 11
5 8 15
19 20 11
9 11 10
0 3 23
13 14 18
1 3 15
10 12 20
2 5 29
23 2 24
9 12 26
20 22 18
22 23 16
2 5 2
1 2 25
0 1 14
16 18 26
9 11 11
23 23 7
16 17 22
19 20 13
4 7 17
20 21 27
4 6 11
2 4 23
14 16 22
8 9 25
1 3 28
17 18 12
14 16 10
13 14 21
13 16 20
2 6 22
12 13 22
22 1 8
7 8 15
16 17 2
4 5 5
22 0 27
5 7 17
21 23 9
22 0 1
21 23 24
21 23 2
18 18 20
4 5 18
18 18 7
16 20 10
11 12 20
3 3 8
12 14 9
18 21 26
9 12 17
13 14 30
18 19 30
8 11 15
18 19 13
17 19 21
16 18 11
3 4 8
19 21 18
10 12 25
12 13 16
13 16 1
16 18 2
8 10 9
19 20 27
23 1 15
3 6 14
9 14 30
22 23 30
2 4 24
16 18 27
15 19 12
4 5 25
9 11 17
0 1 28
5 8 21
18 21 28
7 12 10
20 23 20
7 7 3
14 16 10
2 5 19
16 18 6
7 9 28
5 7 21
23 1 4
16 19 9
12 14 8
5 6 28
15 19 3
18 19 14
3 4 11
3 4 5
10 10 17
19 21 11
3 6 21
21 22 8
15 17 27
3 5 5
21 23 27
23 1 22
12 15 20
14 14 4
9 12 26
19 21 24
18 21 13
0 2 11
5 8 14
5 6 9
5 7 22
10 12 29
16 16 28
13 14 26
21 0 28
1 5 20
13 14 7
12 16 30
15 18 28
1 3 29
6 7 13
10 11 3
16 17 19
10 12 8
16 19 18
15 17 7
16 19 23
23 2 19
15 17 21
15 19 6
7 10 26
9 10 30
18 20 16
14 16 27
8 10 1
15 16 10
22 23 25
5 8 16
11 13 5
1 4 8
5 6 3
3 5 13
7 9 24
13 15 24
12 13 10
20 22 3
4 6 27
11 12 8
13 14 11
11 12 29
6 9 3
4 4 9
8 10 25
17 18 8
19 22 3
10 13 16
11 14 4
12 14 9
15 17 19
19 21 3
0 2 25
5 10 28
12 14 3
10 10 22
2 3 24
13 15 25
12 15 22
22 0 23
14 16 24
5 7 4
18 20 29
4 5 30
22 0 26
10 10 1
1 2 16
11 11 23
15 15 19
22 23 18
14 18 21
16 17 2
10 13 24
15 18 26
20 0 13
20 22 30
21 23 12
13 16 9
8 11 26
8 10 8
22 0 8
17 19 25
14 17 14
15 18 29
3 6 18
14 15 7
6 7 20
2 4 15
22 0 9
23 2 4
11 14 14
16 19 7
19 21 13
4 5 20
17 19 23
22 23 29
9 13 25
0 1 10
19 19 15
1 5 12
20 21 27
17 20 8
8 11 20
5 9 13
22 0 6
21 23 3
13 17 1
20 21 30
21 22 30
22 23 30
6 9 21
1 3 6
3 6 3
13 14 7
14 15 25
8 9 5
22 23 26
12 13 18
12 13 5
16 17 8
22 1 12
7 10 21
11 13 3
2 3 6
21 22 26
12 13 2
0 2 21
11 13 3
21 23 16
21 22 22
18 20 29
12 14 19
10 11 15
21 23 6
20 22 21
8 11 9
4 8 5
19 20 5
9 13 28
9 11 18
17 19 8
0 2 7
14 15 10
9 12 16
22 0 30
9 14 9
12 14 1
3 4 27
5 7 3
18 20 27
4 5 28
0 3 12
5 7 16
0 1 1
8 10 15
5 8 14
11 13 18
23 2 4
4 8 2
23 3 1
9 9 1
3 4 13
1 2 11
20 21 4
5 9 11
14 15 24
13 14 27
12 14 28
18 19 4
11 12 25
12 14 12
2 5 22
4 7 4
22 1 14
13 14 14
4 6 5
17 19 12
12 15 26
15 18 26
20 23 26
6 9 6
3 6 10
9 11 2
23 0 5
8 9 15
15 17 24
8 11 1
17 19 16
7 9 29
3 6 7
6 8 25
4 5 2
7 9 14
14 15 5
15 16 8
4 8 12
19 21 2
16 18 9
2 4 20
10 12 29
4 7 28
8 9 9
17 22 12
1 4 20
14 17 3
15 17 25
8 11 20
18 20 29
14 15 16
9 10 3
1 5 6
13 16 24
20 21 15
21 0 8
5 6 2
1 2 9
8 10 12
10 13 9
20 21 21
11 13 9
2 2 15
21 0 23
0 3 26
9 11 22
6 8 11
20 22 6
8 11 27
18 20 27
8 8 4
20 21 20
3 6 18
13 15 17
21 1 29
21 23 18
16 19 6
15 16 9
18 20 18
9 13 14
23 2 27
19 22 14
16 17 2
9 9 1
8 10 9
21 23 30
6 9 5
2 4 11
18 20 11
19 21 5
4 5 28
6 7 10
9 11 25
18 20 11
8 10 7
15 18 7
8 10 6
23 0 5
4 5 16
8 10 13
3 5 10
0 3 14
13 16 17
0 1 3
17 18 9
5 4 4
20 22 15
11 13 25
5 7 30
7 10 29
2 3 2
20 20 20
20 22 20
6 7 27
11 13 25
5 6 1
14 15 19
12 14 21
4 5 18
12 13 19
3 5 25
10 10 15
19 21 20
16 19 16
1 2 27
10 12 9
14 14 6
7 12 25
1 3 19
11 13 7
3 6 4
14 17 12
11 12 22
21 22 27
12 13 25
13 14 1
21 22 9
6 8 18
10 13 26
7 8 17
13 15 3
23 0 5
15 17 20
22 0 22
3 7 12
0 3 17
16 18 13
7 8 17
10 12 3
20 23 28
15 17 8
19 21 4
18 20 25
8 11 27
14 16 26
10 11 19
10 13 17
15 17 25
7 11 13
22 0 3
16 17 24
17 19 17
16 18 22
7 9 30
0 4 16
1 3 1
4 6 30
13 14 29
14 15 16
20 21 19
7 9 17
20 21 29
8 10 29
13 13 23
3 5 10
23 2 23
23 0 21
1 4 12
15 17 10
8 8 24
6 9 11
1 3 19
6 8 5
16 19 14
3 7 5
2 4 6
20 22 19
21 0 6
10 13 15
4 5 16
4 6 29
15 17 6
21 1 25
6 10 25
12 15 20
19 21 28
18 21 20
7 10 30
2 2 11
4 6 4
12 15 28
15 16 22
21 23 2
2 5 12
8 9 27
16 16 7
19 21 4
21 1 19
21 23 12
18 20 27
9 11 26
11 14 12
4 7 21
21 23 13
7 9 10
22 23 19
12 16 8
10 13 10
13 16 20
15 16 1
0 2 27
4 5 22
15 18 28
22 23 27
22 1 22
1 3 30
2 5 2
13 18 3
21 22 21
6 7 6
23 1 16
14 17 21
21 21 12
21 22 6
8 11 27
9 11 27
19 20 21
11 13 16
12 12 17
0 2 26
4 4 10
20 20 1
21 0 12
14 16 27
7 7 23
6 7 21
10 11 19
18 19 10
15 16 22
19 20 3
3 6 16
14 17 2
23 1 17
5 7 4
22 2 9
13 15 12
12 15 23
2 5 22
6 7 4
15 15 27
10 9 29
0 1 16
9 11 15
11 12 6
22 0 9
1 3 22
23 0 11
23 1 29
21 23 24
12 13 13
3 6 22
15 16 17
20 22 11
2 3 28
0 2 22
11 12 12
16 17 17
15 17 5
18 20 7
6 7 8
9 11 12
12 12 4
2 2 14
18 20 5
9 10 4
17 17 14
0 2 29
12 15 17
1 3 19
19 21 19
4 5 27
8 9 28
5 5 29
14 15 13
23 2 18
7 7 10
3 5 26
2 4 11
15 19 9
2 4 24
7 10 26
0 2 18
6 8 21
4 7 11
13 14 23
18 19 8
5 8 22
2 5 24
13 15 19
15 19 19
0 1 5
18 20 6
3 4 1
23 0 23
15 17 5
23 0 13
2 3 19
21 21 24
15 16 11
19 22 18
1 4 12
0 0 3
22 1 10
21 22 22
7 8 2
12 13 26
22 0 6
11 13 21
2 5 3
20 0 23
5 7 30
5 6 22
17 20 6
18 20 6
2 3 20
6 7 19
17 19 7
7 8 20
5 9 24
14 15 6
0 3 2
3 6 24
11 14 25
22 22 7
2 5 15
5 4 11
16 19 27
1 4 27
4 5 27
4 6 9
20 22 27
1 3 29
21 22 29
13 16 29
21 21 19
1 2 29
14 16 21
22 0 19
19 22 8
19 21 20
14 15 10
14 16 4
6 9 14
8 9 12
2 6 5
20 21 4
5 7 13
8 11 29
4 4 25
9 12 30
22 1 20
17 20 7
7 8 22
12 14 24
11 13 10
1 2 21
21 23 28
15 17 18
11 14 22
10 11 13
16 20 30
3 4 5
19 21 3
16 19 21
0 0 8
21 23 16
10 11 17
11 13 12
13 14 3
16 18 30
19 21 4
22 0 7
19 20 1
22 23 25
21 0 23
14 14 2
22 0 22
19 21 17
23 1 7
17 19 19
23 1 18
21 22 18
18 21 8
2 4 22
15 18 15
20 20 29
20 23 16
8 10 26
14 15 6
18 21 16
2 3 29
17 19 1
6 7 20
8 10 24
13 15 11
20 20 12
13 15 20
0 2 22
6 8 23
6 7 2
19 20 19
18 21 21
2 4 3
15 17 29
11 14 30
14 16 27
6 8 2
16 19 8
11 14 28
9 11 12
15 16 17
6 8 15
19 22 26
8 8 8
3 5 27
10 13 8
8 10 22
11 14 29
21 23 22
20 21 10
6 8 7
0 2 12
2 5 6
21 23 9
17 19 11
2 4 9
13 15 19
11 14 6
20 21 21
21 1 6
18 21 7
12 15 19
13 14 16
18 21 3
23 1 10
9 12 18
17 21 14
23 1 11
17 17 26
8 10 13
16 18 10
10 12 1
3 3 18
17 19 16
15 17 4
14 16 25
1 3 29
1 4 20
6 9 27
2 4 21
15 17 27
6 10 29
17 19 24
4 7 19
10 12 28
23 0 18
12 16 26
23 0 5
14 17 3
2 5 20
17 18 30
14 17 4
13 15 7
5 8 20
3 5 19
14 16 10
1 3 10
17 20 12
0 3 3
0 2 17
14 17 15
11 13 2
22 23 6
22 22 10
13 15 12
1 5 14
1 1 1
4 7 10
12 14 30
19 20 26
20 21 16
6 10 25
11 13 29
1 5 14
5 6 21
19 20 17
5 7 16
16 18 29
10 10 5
16 19 20
0 3 16
0 3 5
19 22 18
16 20 7
3 3 8
7 10 17
3 5 18
10 11 27
10 12 24
4 7 22
10 11 9
23 1 20
14 17 12
9 11 4
11 13 8
0 3 18
2 3 10
23 1 25
15 17 10
9 11 6
10 12 9
2 4 2
4 7 8
13 17 9
21 0 6
10 12 7
13 14 3
22 23 11
23 0 25
14 16 23
15 17 24
10 13 8
3 6 23
19 22 20
13 14 15
20 21 21
6 8 15
13 14 2
0 2 9
15 16 30
10 12 16
22 1 23
14 15 10
4 5 24
1 3 12
6 9 15
11 14 8
4 7 8
5 6 26
1 4 21
5 6 21
22 1 4
11 13 20
18 20 10
18 21 2
3 4 4
9 10 17
1 3 8
17 20 18
4 7 19
17 18 26
8 11 30
14 16 25
17 18 20
2 4 4
4 6 13
2 5 9
9 10 10
14 16 25
9 11 11
19 22 24
15 15 24
11 13 8
2 5 10
18 21 17
7 8 10
2 5 23
21 22 22
21 23 9
20 22 13
2 4 28
0 3 1
9 9 13
7 7 23
3 6 3
10 13 24
9 12 5
16 18 3
11 11 9
12 14 22
2 4 2
3 5 11
0 1 24
10 13 10
14 15 10
6 7 30
18 20 3
20 23 15
6 11 3
23 2 24
0 1 17
10 12 11
23 3 17
10 11 3
0 3 20
16 18 10
3 5 6
22 22 15
23 0 9
20 22 4
2 5 16
23 2 19
16 18 5
5 7 19
16 21 24
0 3 6
8 11 13
13 18 7
17 19 23
7 10 25
10 12 14
22 0 6
13 16 9
1 3 22
10 10 18
5 6 20
3 5 30
9 10 16
19 22 10
8 10 7
18 21 13
13 14 6
2 4 25
10 13 3
17 19 27
17 18 23
11 13 5
22 23 1
20 22 3
14 14 18
15 18 18
11 13 3
1 5 15
3 4 22
3 4 15
16 17 2
11 13 18
23 1 16
6 6 10
5 10 3
22 0 6
15 16 15
5 8 15
0 2 15
22 1 8
19 21 2
16 19 22
17 19 30
4 7 30
4 5 26
14 16 29
17 20 25
9 10 1
9 11 2
5 8 28
11 14 22
14 16 13
4 4 13
20 22 6
4 7 7
20 22 19
19 19 23
15 18 11
0 2 3
14 16 20
17 20 9
15 18 20
19 21 20
16 19 21
22 0 13
13 14 20
1 1 1
12 16 16
19 20 10
13 16 19
10 13 17
19 21 18
11 13 10
12 13 15
14 16 1
11 14 28
5 7 8
13 15 11
23 2 19
9 12 25
13 14 22
9 11 30
22 0 27
19 20 11
8 10 12
12 14 16
20 0 16
6 8 30
6 9 14
21 22 2
22 0 17
11 14 8
18 19 1
19 20 10
5 8 10
9 10 7
14 16 20
20 22 15
20 22 10
23 2 7
0 2 8
11 14 5
10 13 21
16 18 15
14 16 13
15 18 15
7 10 21
3 4 4
22 23 28
16 19 29
1 3 26
12 14 20
20 23 10
16 18 28
10 14 7
19 20 7
4 6 7
0 4 16
13 14 29
17 19 18
13 14 19
12 15 16
20 0 3
13 15 18
17 19 27
11 12 23
14 18 19
11 13 2
4 7 7
11 16 25
13 18 21
8 11 5
7 9 5
19 22 5
9 13 15
11 13 15
21 22 21
11 13 13
9 12 9
22 1 28
20 23 6
13 14 27
1 1 26
2 5 29
12 15 14
11 14 4
5 6 22
23 2 6
17 19 26
8 10 19
7 8 9
10 10 11
1 5 24
1 4 7
23 4 24
2 4 11
11 13 28
2 4 9
2 3 8
13 17 6
6 9 22
4 7 2
7 9 21
11 12 25
14 18 7
13 14 25
9 12 3
15 16 27
11 14 30
4 6 25
0 1 1
13 14 30
11 14 25
16 18 26
12 13 15
7 10 27
15 18 21
12 13 24
3 6 22
18 19 25
5 7 11
11 12 8
3 5 30
7 10 27
19 20 7
17 18 16
4 7 22
15 16 19
10 13 2
0 2 28
23 0 25
15 19 27
13 15 29
22 23 5
3 4 18
14 17 11
4 5 25
5 8 10
23 0 30
10 13 10
13 14 20
6 7 11
11 14 1
23 0 1
6 7 26
17 20 6
17 20 29
7 9 25
21 22 23
12 16 29
9 10 28
13 16 4
1 2 16
3 5 11
7 9 24
23 3 16
17 20 8
4 5 7
15 17 13
10 14 24
4 3 27
22 1 15
6 8 14
20 23 15
1 5 8
13 15 1
13 14 26
9 10 15
11 12 1
19 21 16
11 13 18
23 1 27
5 8 21
17 20 11
22 0 16
10 12 8
21 23 21
15 18 4
0 3 13
6 7 8
19 21 22
2 4 5
2 4 17
9 11 8
20 22 5
14 15 8
9 8 26
22 23 1
15 15 13
10 10 20
11 13 17
3 5 9
13 14 29
14 16 20
14 15 2
8 10 14
1 3 20
19 23 20
16 18 5
13 17 25
23 1 2
22 1 16
8 9 18
7 9 12
18 21 6
13 16 14
8 7 26
15 17 13
6 9 13
18 21 9
13 15 12
18 21 11
11 14 9
21 0 5
22 22 2
1 5 25
9 13 21
3 6 10
1 3 5
19 21 9
16 17 10
2 5 15
16 18 8
23 2 1
17 18 17
16 18 10
4 5 15
2 4 26
14 16 3
16 18 11
8 10 13
2 5 27
5 5 24
10 12 16
3 5 15
23 1 3
16 18 5
10 13 24
5 7 27
4 6 16
1 5 19
20 22 4
8 9 5
19 22 4
8 10 1
2 5 25
21 23 26
5 6 5
13 14 25
18 20 12
15 17 13
20 20 22
4 5 19
3 7 11
4 6 25
3 4 12
0 2 21
18 19 29
10 12 24
10 12 8
10 12 5
23 0 11
2 6 5
8 9 24
23 1 5
17 22 23
21 0 3
23 0 13
9 10 29
15 18 26
23 1 30
6 9 24
17 20 12
19 22 28
3 5 1
1 5 14
0 1 22
23 1 8
20 0 4
22 23 5
22 23 22
6 9 4
2 3 8
10 11 25
23 1 3
23 0 16
5 6 18
21 2 26
19 20 18
6 7 20
10 14 1
4 6 29
7 9 28
15 19 3
16 17 12
0 2 20
2 4 2
20 23 7
5 7 9
21 22 11
10 12 17
10 12 19
21 1 18
11 13 9
5 7 23
12 15 10
3 5 10
16 18 30
19 22 15
10 13 23
20 22 3
13 15 6
22 23 8
17 19 23
12 15 9
13 17 21
17 18 9
8 10 1
15 16 13
20 0 17
6 10 4
23 3 28
23 1 3
8 10 22
9 12 12
14 17 5
22 2 14
17 20 30
8 10 22
14 15 23
19 21 3
9 12 26
0 0 29
5 6 28
8 11 1
23 1 19
2 4 21
0 2 27
23 1 30
1 2 23
22 22 2
10 13 20
8 13 22
12 12 23
6 7 26
7 11 3
2 2 5
3 4 1
13 14 25
11 13 18
6 9 19
6 8 5
10 12 6
17 20 16
8 10 18
5 7 1
1 3 12
7 11 7
20 22 28
18 20 3
16 20 29
22 1 6
14 16 7
8 11 23
12 14 19
18 20 3
10 13 6
4 5 29
20 22 21
4 6 10
4 6 23
10 12 27
3 5 13
15 16 22
3 5 26
3 4 27
6 7 6
5 6 15
9 13 24
17 19 29
12 15 10
5 6 2
17 20 6
15 18 21
11 14 12
18 20 15
12 15 14
8 9 17
9 12 7
11 11 26
18 19 11
12 14 30
4 5 13
4 6 11
12 16 6
15 18 2
21 0 26
23 23 25
16 18 20
12 13 19
3 4 17
22 0 11
11 12 1
13 16 2
17 19 29
0 1 9
5 8 29
20 21 18
7 9 14
16 17 23
2 3 22
8 10 15
8 11 8
7 10 6
20 23 28
23 2 19
14 16 1
4 5 19
21 0 17
6 9 2
1 3 25
23 1 27
7 11 12
11 12 11
17 19 30
5 9 15
20 23 4
9 11 12
22 1 6
1 3 18
4 5 10
4 4 12
20 23 13
20 22 12
3 5 29
11 14 23
4 6 10
16 18 17
9 11 6
7 8 15
7 7 22
1 3 23
3 5 20
23 0 14
15 17 19
15 17 6
17 18 30
2 5 22
7 9 1
17 18 19
18 20 17
16 18 23
5 6 17
11 15 28
14 17 17
10 11 12
2 4 11
19 21 15
13 14 20
5 7 21
21 23 3
15 16 11
17 20 3
15 17 23
22 23 29
21 23 6
22 2 23
9 12 7
23 1 1
20 20 21
0 1 26
5 6 19
9 12 24
22 0 18
1 3 16
1 2 14
17 18 25
7 8 28
23 1 28
0 3 12
10 13 23
22 23 18
16 17 30
14 16 22
9 13 5
2 4 7
21 22 25
11 13 19
6 8 13
18 22 9
14 15 11
9 12 23
15 16 24
20 23 4
20 22 25
17 20 12
3 5 15
18 20 11
22 1 29
14 14 2
12 14 6
12 16 4
0 3 11
0 3 19
22 1 2
18 19 16
6 9 17
3 6 24
16 19 10
7 7 1
2 5 25
16 18 28
13 14 28
13 16 23
17 19 4
1 4 21
22 0 27
6 8 1
18 21 6
19 21 2
12 14 14
16 18 15
12 12 7
12 13 11
19 20 25
20 22 5
11 13 8
6 7 28
8 11 18
19 22 10
12 15 9
15 17 10
18 20 21
19 22 17
2 5 16
0 2 22
22 1 1
16 18 17
12 14 6
17 19 21
22 0 19
10 13 14
9 11 23
19 23 19
23 0 9
23 1 2
3 5 25
15 17 21
23 2 28
4 6 28
5 6 29
10 11 18
11 15 8
2 6 25
4 6 22
10 14 23
2 5 26
0 2 8
9 11 9
9 12 27
13 16 8
2 4 12
18 22 2
5 6 24
2 5 12
4 8 24
7 9 30
4 6 7
16 19 12
14 15 17
12 16 18
20 22 18
16 18 28
11 13 5
9 11 9
4 6 1
15 16 29
9 11 27
1 3 9
19 21 27
22 23 7
0 3 15
19 21 26
7 9 7
16 19 22
22 1 27
7 10 1
11 13 14
19 21 30
18 20 19
17 20 20
19 21 10
10 13 19
5 6 11
18 21 9
0 3 27
5 6 6
22 22 28
4 5 19
19 21 17
13 15 21
5 8 5
3 4 24
13 16 16
6 6 20
19 22 30
5 9 23
14 16 20
22 0 26
9 10 3
5 7 30
20 22 21
2 5 29
16 18 16
1 3 2
6 8 16
22 0 15
16 20 12
1 3 14
6 10 22
1 5 28
2 6 13
23 2 9
20 23 4
2 4 3
12 15 6
12 15 19
17 20 1
18 20 22
9 10 12
8 10 5
15 20 11
21 23 26
3 5 23
6 8 23
8 11 15
21 23 14
15 17 25
3 5 2
19 21 17
20 22 21
5 7 4
8 10 23
21 0 30
12 15 2
20 21 11
10 12 21
17 18 17
5 6 6
9 11 16
13 13 18
11 11 12
14 17 10
4 6 16
16 18 28
2 5 1
3 5 26
12 13 14
19 22 2
21 23 15
20 22 14
13 15 22
1 4 19
0 4 13
0 2 8
9 11 8
5 6 6
16 18 27
12 15 9
8 10 9
15 16 19
2 5 11
18 21 19
6 8 20
23 2 4
23 2 18
2 5 15
3 6 20
1 4 30
18 19 20
13 14 29
16 17 3
1 3 24
1 3 16
23 1 14
2 4 13
12 14 4
17 19 21
9 11 24
2 5 20
2 4 28
2 3 7
23 2 7
4 7 5
5 8 17
10 10 30
20 23 21
19 20 11
5 8 16
22 22 19
0 3 4
2 3 4
1 4 18
15 18 15
12 14 23
0 2 22
9 10 10
11 11 6
4 5 26
2 2 8
15 18 2
14 17 30
9 12 18
8 10 12
2 6 21
11 12 30
20 21 16
21 22 13
19 21 6
9 11 18
2 4 13
0 3 28
18 19 7
16 19 7
7 8 25
18 20 27
11 13 27
5 5 25
17 18 21
14 15 14
2 4 2
0 2 24
8 8 14
5 8 21
11 14 23
10 12 6
22 0 8
17 18 8
9 11 1
10 12 6
20 22 14
12 14 3
0 2 13
5 9 28
23 3 22
22 1 1
10 12 11
7 9 2
4 5 12
13 15 6
6 11 15
3 6 11
10 13 29
12 15 12
3 5 4
6 10 21
10 12 22
1 2 13
10 12 13
2 4 20
20 22 19
11 14 23
14 19 9
5 6 4
12 12 8
13 16 25
3 5 5
13 16 19
4 6 18
20 0 18
14 16 6
1 3 10
6 8 5
0 2 25
17 20 7
4 7 26
19 21 23
16 19 6
14 17 10
5 8 8
0 3 20
14 16 22
22 0 20
6 9 7
6 8 26
8 9 18
6 6 26
19 19 14
14 15 19
10 11 28
3 5 26
3 4 12
18 20 27
23 3 29
7 7 15
20 21 29
4 6 22
15 17 6
21 22 14
18 18 10
14 16 3
13 14 14
15 15 16
13 17 26
23 1 30
5 9 30
5 5 14
22 0 27
2 4 22
6 8 28
18 20 5
0 2 4
9 10 7
22 3 13
11 14 1
16 19 1
3 6 29
3 5 4
10 13 18
10 11 30
13 16 6
10 12 3
0 3 10
4 5 8
15 17 10
12 16 9
14 17 22
7 8 1
20 22 15
4 5 21
18 20 10
8 11 2
8 9 2
3 5 26
12 13 23
8 11 21
22 1 30
14 18 1
17 17 8
18 19 30
11 12 20
20 22 26
11 13 1
13 16 18
6 8 12
19 23 15
10 14 27
19 21 24
14 17 19
18 20 30
17 19 7
13 15 26
21 21 11
12 15 15
14 15 25
10 13 29
20 22 27
10 13 26
9 9 19
2 4 16
0 4 14
21 23 1
2 3 28
20 22 2
22 0 8
1 4 16
15 16 12
6 9 16
0 3 12
20 23 28
16 19 22
23 0 27
0 2 3
21 22 18
21 0 5
3 6 22
8 11 25
19 20 8
11 13 9
23 2 24
16 17 24
3 5 24
18 20 25
8 9 28
11 11 6
12 14 4
21 23 11
20 22 13
3 5 10
13 14 9
21 0 26
22 23 7
11 12 18
4 5 27
12 13 26
21 0 6
7 8 13
5 6 27
19 19 17
17 18 19
11 14 23
3 5 27
6 9 30
4 5 29
8 12 10
22 1 8
7 9 10
3 6 14
2 3 27
6 8 4
14 16 13
0 3 9
12 14 26
6 8 2
0 2 17
19 20 14
1 4 13
1 3 7
16 21 2
1 2 27
10 12 20
14 18 12
17 20 26
9 12 13
16 19 9
7 9 2
13 15 18
18 20 4
8 12 12
16 17 6
21 0 11
21 23 13
19 21 11
15 15 5
10 12 2
11 10 11
3 6 20
16 19 4
11 11 7
2 2 29
6 8 28
3 4 19
19 22 7
13 15 16
19 21 16
11 12 30
16 16 10
20 23 5
5 8 25
10 10 24
3 4 19
4 6 7
20 22 15
0 3 13
12 13 29
13 15 26
15 17 14
19 21 14
18 20 9
11 14 5
20 22 12
16 19 28
20 23 13
15 15 23
8 11 23
19 22 10
19 20 12
15 16 8
4 6 3
17 19 23
0 3 28
10 12 3
4 4 15
22 23 21
5 7 12
9 9 6
16 17 18
5 8 25
7 8 15
5 8 24
8 9 7
5 6 8
10 12 9
7 9 12
0 2 3
20 22 11
16 18 20
5 8 16
16 16 29
15 17 17
20 22 8
2 3 9
4 5 24
23 2 23
7 10 17
20 20 19
2 5 21
10 10 4
2 5 4
10 12 12
13 14 16
11 14 21
5 6 18
14 17 17
13 16 11
6 9 11
1 2 2
5 7 25
23 23 16
2 5 12
14 16 15
8 12 21
6 7 7
14 16 6
18 18 12
23 2 4
22 2 4
1 3 5
9 10 5
10 13 12
19 20 17
9 11 18
21 23 11
23 0 26
11 13 21
10 13 20
0 3 29
17 18 26
23 0 4
14 16 13
14 16 12
8 10 8
17 20 15
15 17 18
9 10 28
6 9 13
6 9 17
8 10 22
17 18 16
16 18 18
17 19 7
13 16 20
20 22 8
20 22 14
9 12 1
18 20 11
23 3 8
3 5 8
5 8 16
1 3 14
9 11 6
7 10 13
15 18 5
21 1 9
3 5 11
12 15 18
19 22 19
20 20 15
10 13 4
21 22 23
11 12 25
6 8 25
21 22 25
11 12 18
4 6 29
2 4 11
3 5 20
9 11 17
13 15 11
12 13 19
18 19 1
11 13 24
6 9 26
10 10 19
20 22 18
11 12 12
7 10 1
11 12 20
20 0 15
8 9 25
12 14 6
5 7 9
0 1 10
23 1 20
15 18 19
4 5 17
0 3 19
16 16 23
3 5 25
19 22 18
1 3 4
11 13 18
22 1 2
5 7 9
12 14 11
4 8 28
17 18 7
15 19 6
17 19 23
1 4 14
8 11 2
19 21 15
4 6 8
3 6 20
5 6 5
23 0 25
0 2 24
11 13 19
11 12 29
11 13 5
22 23 29
