4990 30
29 5 24 21 1 15 26 24 28 11 30 14 10 26 29 10 9 30 1 3 9 19 17 17 29 27 29 9 29 15 
8 9 29
2 3 11
23 2 10
21 22 20
14 17 26
14 18 20
22 23 22
17 21 18
12 15 11
15 16 3
8 9 14
10 10 17
11 13 8
15 17 21
0 3 28
9 11 19
14 15 11
3 4 13
15 17 18
9 10 22
15 17 8
12 14 25
8 11 7
18 20 21
19 20 15
18 19 25
2 4 8
14 15 11
15 16 14
14 17 6
2 4 9
18 20 18
21 22 22
14 17 30
16 18 5
4 6 30
17 21 28
1 3 24
11 12 11
9 12 15
8 11 5
23 0 13
13 16 1
5 6 27
9 11 13
10 13 3
3 7 20
15 16 1
22 23 3
4 7 27
16 17 18
2 3 1
13 17 7
23 2 27
21 23 16
7 10 3
15 19 20
0 1 6
7 8 18
3 6 22
18 20 17
2 5 28
1 3 7
20 22 18
11 14 2
21 23 11
3 5 7
16 18 18
17 20 3
3 2 10
6 7 25
18 19 29
22 23 23
13 15 23
11 13 2
14 17 24
3 6 29
18 20 11
15 16 27
15 16 2
18 19 5
13 14 17
10 12 1
17 19 29
5 6 12
20 21 25
9 10 19
12 14 12
9 12 10
17 19 4
11 13 13
22 0 11
4 6 5
0 3 17
16 18 5
21 0 5
15 16 8
23 1 19
21 23 30
3 5 15
6 9 23
0 3 9
11 13 17
11 12 14
13 14 25
21 22 16
22 0 6
1 2 27
16 19 28
0 1 10
8 13 23
21 22 13
0 1 16
3 7 25
10 11 16
7 11 30
13 16 22
6 8 1
17 18 22
20 20 22
8 11 27
9 10 3
8 8 16
3 5 3
15 16 21
17 19 2
19 22 28
2 4 18
17 21 16
23 23 24
21 21 8
19 21 28
7 7 25
16 18 11
2 5 3
8 10 13
19 20 16
18 19 7
9 11 29
0 2 18
7 10 20
0 1 5
19 23 23
22 2 23
1 2 29
6 8 9
3 5 7
6 8 23
13 15 24
10 13 7
18 20 29
1 2 2
16 19 28
3 5 29
0 2 27
11 14 21
16 17 6
1 4 24
5 7 6
21 23 2
21 23 4
9 12 16
22 22 25
8 9 11
20 20 9
7 10 30
16 18 24
8 10 27
3 6 29
6 9 13
8 8 27
12 14 3
20 21 3
4 5 28
21 0 30
14 16 1
16 17 8
17 18 22
1 2 10
2 4 8
0 3 25
2 7 2
0 1 10
16 19 13
3 5 3
5 6 14
22 1 26
9 11 22
4 6 8
19 23 3
13 14 28
10 10 12
11 13 23
10 10 7
20 21 16
4 5 21
7 9 7
14 17 12
16 17 11
3 6 13
23 1 18
18 18 17
15 19 3
20 20 16
3 3 4
14 15 3
21 23 21
4 6 8
9 11 4
2 5 12
4 7 24
2 5 16
22 22 15
4 7 28
21 23 26
11 14 19
3 3 1
5 8 5
15 17 14
14 17 15
5 7 22
10 12 11
8 10 20
23 0 8
12 15 7
22 23 2
4 5 1
7 9 21
18 19 10
10 12 28
1 4 11
19 21 20
0 2 15
13 14 9
19 22 1
12 13 1
21 22 9
16 18 11
16 18 16
2 4 5
17 20 28
19 21 4
18 20 1
1 2 9
7 9 28
21 23 25
5 6 26
2 3 9
20 21 20
23 23 13
1 4 13
9 14 11
3 5 27
9 10 22
3 5 29
5 8 25
2 4 1
14 16 20
21 23 2
9 11 24
6 7 30
11 13 12
16 16 8
21 23 9
1 3 24
12 14 27
13 15 21
7 8 18
13 15 24
14 14 3
16 18 21
14 15 10
1 3 23
4 6 6
8 9 20
20 23 11
14 18 24
23 1 20
17 18 17
11 13 22
12 15 16
2 6 20
5 9 6
18 19 7
20 22 18
20 23 24
16 20 24
12 14 26
2 3 23
17 18 24
3 6 16
4 8 9
16 18 30
19 21 11
11 14 8
2 4 8
3 5 21
13 15 5
3 6 11
3 6 8
0 3 4
9 12 24
20 20 2
20 20 18
22 1 22
11 14 23
13 15 7
11 15 19
0 1 15
4 7 8
11 14 7
14 15 26
9 10 17
10 11 13
8 10 14
5 6 24
10 13 28
21 0 27
3 4 18
23 2 11
13 13 30
18 21 12
7 8 18
19 23 26
23 0 11
18 21 23
6 9 26
10 12 24
7 8 26
17 17 27
13 16 2
4 7 15
16 19 4
8 8 16
21 23 17
2 3 3
21 0 18
16 18 2
4 7 2
14 16 25
7 8 26
16 17 29
17 19 12
1 5 14
5 9 15
8 11 16
3 6 18
0 2 7
9 12 6
0 2 21
0 2 7
11 13 18
11 13 17
22 23 26
8 10 7
13 15 4
22 1 2
13 14 4
17 19 29
21 22 6
10 11 17
20 23 21
22 2 29
23 1 23
6 8 29
9 10 24
17 19 23
7 10 19
21 23 9
16 16 16
5 8 20
22 23 9
17 19 6
9 11 22
14 16 29
5 7 13
21 0 3
2 4 14
5 6 27
16 18 6
3 6 23
15 18 29
15 18 3
15 15 6
14 16 18
21 0 22
17 21 22
10 12 27
19 22 3
18 20 30
7 10 11
4 5 29
9 11 7
22 1 22
14 16 15
16 17 25
7 9 16
22 1 29
7 9 2
9 9 13
14 16 29
8 10 21
23 23 17
13 16 20
10 12 22
6 7 20
8 11 16
6 8 5
10 11 17
15 19 13
11 14 29
18 18 23
8 10 4
2 4 28
15 16 15
7 9 30
22 23 19
3 6 17
0 1 11
17 20 1
13 14 2
1 2 26
18 19 22
10 13 1
12 17 14
0 3 17
17 19 12
9 11 9
19 20 21
4 6 7
15 17 9
12 14 11
0 4 6
0 2 18
5 6 12
3 6 7
16 18 17
15 17 18
20 22 7
4 7 7
20 21 22
6 8 30
8 11 4
18 21 19
16 19 9
1 4 29
14 16 19
21 23 15
17 19 19
20 22 27
4 7 19
20 23 9
15 16 19
3 5 18
1 3 19
9 12 6
13 17 14
1 3 6
15 17 9
21 22 21
10 10 12
2 4 20
8 9 17
12 13 21
6 7 22
16 18 11
23 2 20
2 5 23
10 11 4
1 5 22
7 8 17
19 20 29
2 5 26
10 11 8
18 19 1
13 16 1
4 7 8
8 10 2
15 17 28
19 23 16
18 20 16
4 5 9
2 4 29
12 12 25
19 20 24
6 9 20
2 4 23
20 23 6
3 5 21
12 12 29
4 7 18
10 14 6
4 5 18
20 20 14
0 2 20
7 7 18
12 16 20
10 11 13
13 14 1
9 11 25
2 3 17
21 23 16
12 14 10
18 20 26
5 9 2
5 7 26
7 9 12
9 11 29
22 0 18
7 9 9
7 10 10
19 21 6
21 23 21
18 20 16
19 20 5
13 15 21
9 11 1
10 12 11
19 20 14
15 20 1
18 19 22
1 4 5
14 15 3
17 19 1
21 22 9
2 3 23
0 3 14
5 7 14
20 23 10
14 15 20
20 22 17
15 18 12
23 0 26
10 12 16
11 14 30
14 17 23
7 9 14
14 15 3
2 5 8
10 12 17
22 2 22
4 6 13
0 1 21
4 6 17
9 11 8
23 2 18
14 15 18
0 3 10
14 16 20
5 5 21
8 10 8
11 13 17
18 19 7
20 0 24
11 14 10
9 11 19
1 3 14
5 6 2
15 17 5
11 14 5
3 5 5
12 14 4
11 12 19
13 14 6
21 21 10
6 9 8
16 18 2
8 9 1
16 18 10
5 6 16
20 22 15
5 9 5
11 12 27
18 20 30
2 5 16
17 18 12
10 13 25
1 3 19
14 17 30
6 9 7
8 11 24
9 12 29
0 1 30
1 2 16
10 13 28
16 19 20
16 18 26
5 7 30
1 3 23
5 6 8
20 22 3
13 16 18
20 22 6
6 8 1
2 4 8
10 11 17
15 17 27
12 13 3
2 4 4
16 17 12
6 8 25
8 8 11
3 6 16
16 17 19
13 14 6
0 2 26
0 2 14
12 14 24
16 15 3
12 11 20
9 11 14
21 23 21
14 15 27
2 5 23
8 10 24
13 16 14
21 23 29
17 20 1
11 13 11
22 0 11
20 21 30
12 14 7
1 3 20
4 6 9
16 19 17
2 4 17
10 12 2
0 1 16
11 11 20
3 4 10
8 10 21
23 0 1
6 7 23
20 1 19
16 18 11
1 2 14
19 21 22
4 5 29
2 2 22
12 14 5
3 3 16
8 10 23
11 13 30
9 10 13
12 14 28
13 15 20
5 8 5
22 1 26
6 9 9
5 8 2
17 20 18
19 22 19
13 15 13
12 15 5
14 14 1
12 15 2
19 21 26
7 10 14
1 4 3
21 23 17
16 18 24
7 9 14
21 0 18
21 22 21
0 3 9
4 5 6
19 22 19
10 12 16
6 9 18
11 14 2
17 17 18
5 6 26
10 13 20
0 2 27
0 2 22
6 9 3
22 23 10
2 4 11
1 2 29
14 17 7
1 2 24
22 22 14
9 13 28
19 21 13
3 6 4
15 17 20
10 13 10
19 21 6
8 9 3
5 7 1
0 3 11
11 14 29
18 18 8
14 17 2
7 10 5
17 19 19
12 13 20
17 19 21
17 19 6
19 21 6
14 14 25
7 9 18
6 8 10
11 13 26
15 17 24
7 8 25
0 3 8
1 3 12
3 6 20
8 10 19
7 10 21
20 22 28
9 13 15
22 23 27
19 22 20
8 10 11
13 15 19
19 21 17
0 2 3
3 5 7
0 2 19
18 19 29
0 3 15
12 12 23
18 21 13
6 8 11
23 0 29
14 16 13
10 12 26
22 0 27
1 1 23
3 6 18
12 15 4
5 6 26
8 10 11
12 14 25
10 12 25
16 18 1
10 12 17
8 11 21
2 5 10
13 13 26
16 19 22
13 16 12
11 13 25
11 13 28
4 8 3
4 7 3
18 20 12
22 0 5
6 7 4
23 0 5
2 5 5
2 4 6
18 22 19
0 3 2
1 4 5
21 0 9
22 1 28
14 16 16
15 15 23
11 12 15
5 7 1
19 21 18
0 3 23
16 17 18
18 20 17
3 4 17
23 2 29
15 19 8
0 1 24
11 12 22
22 0 25
15 17 13
17 21 2
14 17 29
5 6 5
1 2 15
22 1 7
4 6 30
9 10 2
19 20 5
20 23 7
19 19 8
19 21 17
15 20 14
9 11 8
13 14 13
13 15 17
6 8 26
14 16 20
4 7 21
16 17 11
19 20 28
17 20 8
13 16 8
21 23 5
2 4 30
22 1 19
18 21 27
13 16 23
23 2 7
9 10 1
10 12 14
4 5 26
10 11 11
18 20 30
14 17 23
20 21 21
22 1 8
6 7 14
8 12 16
14 16 2
7 9 2
16 19 2
1 3 27
16 17 3
9 9 20
17 18 5
16 19 28
11 14 30
3 5 20
16 18 15
0 3 17
6 8 27
22 1 15
11 14 21
10 12 4
18 21 8
12 15 27
15 15 27
20 22 13
19 23 12
23 1 12
10 13 6
14 16 6
7 6 29
10 12 22
3 5 3
1 4 27
12 13 2
10 12 11
0 3 4
4 5 17
17 19 16
4 6 15
15 17 20
11 14 22
1 3 7
2 3 10
21 23 14
14 16 15
5 6 3
18 19 13
3 5 8
2 6 13
20 22 9
20 23 7
13 16 2
15 17 24
8 11 2
3 4 30
19 22 26
1 5 13
20 21 1
17 19 28
11 12 16
11 12 3
20 21 3
5 6 8
17 18 17
8 8 4
5 7 22
7 9 6
14 17 24
2 4 15
17 18 24
19 21 10
3 5 6
13 15 3
2 4 16
13 16 9
16 17 16
3 4 8
10 13 25
11 13 16
8 9 16
13 15 27
12 13 27
2 4 3
14 17 26
2 1 7
23 1 29
10 11 26
13 15 16
23 3 14
2 4 1
12 15 29
5 7 21
0 1 14
3 5 7
21 0 4
0 3 26
10 11 29
8 11 10
9 9 9
17 20 23
17 19 22
9 11 24
21 0 20
15 17 13
14 15 26
10 14 30
9 9 5
23 1 29
23 3 6
7 9 15
17 19 23
7 10 28
18 20 26
9 11 10
23 1 30
8 10 6
14 15 15
4 6 8
9 10 29
11 13 28
11 14 18
23 23 4
7 8 19
20 21 1
21 23 12
1 5 19
18 21 22
5 7 6
16 21 10
20 21 9
20 21 4
19 21 27
20 23 10
17 18 26
13 17 14
3 6 2
7 8 3
11 13 10
11 14 5
22 0 7
4 6 5
2 4 18
3 5 23
21 0 23
14 16 22
18 21 10
3 5 29
12 15 15
18 21 22
23 1 26
10 12 23
23 2 15
2 5 28
5 4 23
0 2 5
9 10 25
11 15 26
19 22 8
3 5 15
10 12 29
14 14 5
2 3 25
9 11 1
20 21 23
18 21 11
8 9 27
5 8 4
16 18 2
11 13 15
6 7 25
9 10 15
22 0 8
22 0 15
19 20 18
15 17 26
6 9 24
5 7 27
14 18 20
8 10 11
13 17 7
8 10 28
9 10 3
2 3 16
2 5 20
8 10 7
4 6 7
1 3 6
5 8 5
1 2 4
7 8 4
17 17 26
13 15 19
23 1 5
5 5 23
1 4 6
12 13 18
1 1 26
4 6 29
2 6 4
16 18 6
14 16 21
23 1 27
10 13 1
19 23 27
10 12 27
4 5 5
12 14 20
21 0 4
4 7 3
14 17 15
13 13 22
12 15 27
15 18 3
9 11 13
23 23 20
16 18 10
19 22 10
1 2 4
4 6 7
0 2 4
14 16 22
6 8 5
8 10 6
18 19 28
9 12 27
14 15 4
19 22 12
18 21 17
17 19 23
21 23 16
23 2 8
4 7 11
13 15 21
10 13 27
22 0 27
17 20 16
19 22 16
2 3 13
20 22 10
5 6 24
15 18 13
4 4 20
12 14 9
3 5 8
22 0 26
6 9 15
13 15 30
10 13 7
6 8 15
22 0 30
15 18 27
1 3 20
21 23 22
9 10 5
14 16 2
2 4 18
9 10 7
12 15 2
17 19 13
18 19 24
5 5 9
11 12 16
5 6 20
7 10 5
23 1 3
5 6 15
11 12 13
18 20 14
0 2 2
4 7 22
11 12 15
7 7 7
13 14 23
16 18 29
3 3 19
11 13 24
4 6 19
2 6 6
20 22 17
5 8 5
0 2 25
16 18 26
14 15 22
20 22 16
11 14 24
17 19 24
9 10 27
2 2 4
20 0 28
1 3 8
15 17 7
14 15 12
18 20 10
19 19 1
9 9 10
4 7 7
15 17 8
7 9 25
7 8 15
0 2 3
5 6 18
17 20 17
3 5 5
14 14 30
14 17 5
22 0 19
11 13 12
22 1 2
16 16 28
21 21 4
6 7 30
3 4 18
18 19 15
2 4 21
4 6 28
19 23 13
3 4 7
20 23 23
19 19 24
19 20 26
9 13 13
4 5 21
21 22 19
9 12 9
5 9 21
1 3 17
16 18 26
20 0 5
23 2 14
14 17 14
8 10 19
17 20 7
14 18 2
0 2 23
21 21 22
2 3 16
2 5 1
5 7 3
10 12 21
11 13 3
16 18 29
2 4 11
14 17 11
23 1 22
1 3 6
8 10 25
2 4 17
6 7 21
19 21 6
20 23 8
6 8 24
2 3 6
15 16 27
19 21 11
11 13 19
12 14 24
22 0 8
23 1 5
6 9 28
22 1 16
14 15 1
3 5 8
4 7 13
11 12 6
10 13 13
4 4 22
15 16 18
20 23 4
18 20 18
18 20 4
20 20 21
4 5 28
9 11 14
11 12 22
13 15 26
0 0 29
20 23 12
10 12 4
23 2 12
2 4 2
23 0 4
19 22 1
3 6 13
8 7 4
12 16 27
6 8 15
19 21 19
5 8 28
7 9 10
16 18 4
4 5 29
20 21 3
17 17 4
19 22 4
0 2 14
17 19 3
16 19 21
9 10 10
1 2 2
1 2 14
18 21 18
8 9 10
23 0 18
20 23 17
14 16 11
7 9 14
8 10 16
15 17 30
13 16 6
10 11 16
14 17 3
15 17 20
15 18 6
17 19 14
14 16 8
21 22 16
0 1 11
0 2 9
23 1 19
23 1 25
12 13 18
19 22 11
4 6 8
22 1 12
17 17 4
15 19 17
2 5 3
5 6 11
20 20 18
6 9 22
17 18 14
19 20 7
19 21 10
6 8 26
18 21 18
7 9 3
20 23 29
3 6 2
1 4 27
18 20 22
7 10 27
2 4 17
17 20 6
19 21 28
9 11 15
10 12 18
17 21 26
14 18 5
12 16 24
14 15 29
3 6 24
17 21 24
1 4 12
3 6 27
12 13 26
16 18 4
15 16 1
10 12 1
5 7 21
13 14 27
3 4 21
3 7 21
9 11 6
21 0 10
13 15 23
11 15 24
22 1 5
22 1 1
8 11 10
14 15 22
2 5 11
20 22 12
2 4 11
15 15 24
8 9 5
14 15 16
13 14 10
1 2 12
10 14 10
20 23 23
23 2 5
17 19 1
4 6 2
23 2 10
9 11 8
12 14 28
15 19 16
5 7 23
6 9 25
19 19 4
6 7 4
13 16 20
10 11 28
15 17 26
22 0 9
15 15 18
17 20 15
1 2 9
11 13 13
1 4 16
5 8 20
23 1 9
23 1 17
12 17 10
14 17 26
5 6 2
10 13 8
2 6 4
22 2 16
20 23 24
18 20 19
6 8 14
16 18 23
5 6 8
20 23 11
22 23 29
20 21 21
3 4 26
22 0 30
2 3 8
10 10 24
14 16 14
22 23 9
9 11 23
23 1 2
3 5 11
15 16 7
2 3 14
6 8 12
22 2 14
1 2 9
3 5 29
14 15 17
6 9 8
4 7 18
8 9 5
23 2 10
2 4 26
21 0 16
17 18 19
5 7 30
10 13 26
19 21 21
11 13 8
20 23 22
8 8 10
9 13 20
5 6 8
13 15 7
2 5 18
19 20 15
13 15 28
22 0 19
1 4 12
12 16 14
12 15 10
8 11 1
11 13 28
5 6 11
7 9 6
5 5 10
1 3 14
13 14 17
7 9 25
13 15 13
22 22 26
11 12 13
20 0 18
21 1 9
1 3 16
20 23 27
3 5 10
20 23 9
14 16 30
11 14 4
12 13 13
22 0 3
3 7 24
11 14 13
3 4 2
20 21 21
23 2 11
19 20 28
0 2 16
10 14 19
9 12 20
0 2 27
2 3 27
5 7 16
17 18 17
11 12 6
2 2 11
12 13 14
23 2 5
23 0 13
8 12 24
13 16 2
16 18 12
2 5 6
4 5 11
6 8 2
4 8 30
10 11 10
5 8 15
15 16 16
3 5 21
2 4 24
19 21 13
23 1 16
7 10 20
17 20 26
2 5 16
22 0 22
11 12 8
11 14 28
0 2 20
20 0 10
12 13 29
10 14 14
15 17 14
11 14 22
3 6 22
18 21 29
1 3 23
18 19 18
12 14 27
17 18 8
15 16 28
2 4 11
1 3 26
2 5 30
15 17 16
15 18 16
4 6 12
4 5 26
2 5 17
11 11 23
18 21 17
1 2 9
11 12 27
23 0 6
13 15 21
20 22 28
6 8 20
15 16 25
17 18 27
13 14 4
6 9 4
17 19 8
14 16 22
9 11 16
6 8 9
6 10 10
0 2 27
17 18 4
17 19 17
22 1 5
15 17 23
17 18 27
1 3 13
8 10 15
6 7 8
6 8 23
5 6 15
9 11 3
20 23 20
1 3 23
13 16 12
4 5 9
17 19 12
21 23 26
12 13 13
22 23 19
8 10 19
7 8 23
7 11 11
22 1 22
4 7 9
10 11 30
15 18 4
19 20 29
5 9 25
15 19 16
20 21 19
17 18 22
18 18 16
1 2 3
23 2 19
6 7 11
22 0 8
14 16 8
19 21 4
21 23 29
18 19 24
6 6 19
17 21 30
3 6 21
19 22 15
5 7 28
16 17 15
13 14 23
6 8 27
18 19 21
9 10 15
11 13 30
16 17 2
14 15 7
14 15 18
14 16 17
2 6 27
13 16 30
15 17 28
9 11 24
11 12 29
18 19 19
6 7 21
11 13 21
18 20 28
16 18 5
0 1 10
3 4 5
8 10 15
5 7 17
19 20 7
20 22 23
10 13 11
18 20 29
10 12 26
1 2 24
14 15 7
14 16 17
0 1 13
8 10 30
8 8 24
12 14 9
12 14 28
0 1 26
3 6 25
9 11 3
9 12 1
14 17 23
0 3 6
18 20 20
19 20 27
21 0 8
4 4 25
13 17 8
20 22 4
21 23 22
0 5 2
13 14 30
0 1 19
19 19 22
12 15 18
8 11 9
2 4 15
6 8 2
3 4 3
21 23 2
9 10 27
2 5 19
9 9 24
22 0 20
8 9 16
5 7 4
12 14 13
1 2 4
21 0 26
2 4 19
18 21 29
0 3 22
14 16 16
23 1 14
9 11 21
9 12 21
16 18 8
9 12 2
17 22 8
2 4 10
13 15 1
3 4 17
5 7 3
16 19 1
8 11 11
22 0 25
19 22 12
8 10 10
21 1 25
5 6 5
1 1 2
11 14 26
19 20 7
19 21 22
13 14 17
20 22 11
19 19 19
19 22 22
22 3 1
19 22 15
2 4 13
6 9 4
20 23 10
12 16 2
8 11 12
1 3 16
15 15 16
15 17 28
23 1 15
1 3 4
6 9 1
8 10 18
19 20 4
20 23 22
6 9 17
3 6 7
1 3 17
10 12 9
20 23 5
17 20 8
12 15 23
20 22 19
0 4 12
20 23 17
17 19 27
8 10 12
8 9 22
4 6 9
8 9 15
1 3 3
1 3 16
7 10 18
22 0 4
1 3 8
2 3 5
6 8 23
2 5 11
1 2 20
7 8 7
3 5 25
7 8 30
22 0 25
5 7 20
16 19 17
13 17 26
18 21 30
14 16 30
13 14 7
3 3 20
14 16 25
17 20 18
14 17 24
3 5 5
17 20 14
13 14 12
1 2 5
16 17 27
16 19 30
10 12 23
15 16 13
19 21 15
13 15 7
23 2 30
14 17 7
23 2 25
16 19 5
11 13 19
9 12 24
6 8 13
14 16 25
7 8 12
15 17 18
4 6 4
17 21 8
6 7 12
18 21 20
7 10 3
21 23 8
15 15 6
8 11 11
13 14 25
11 13 9
14 18 1
0 3 28
22 1 10
13 13 25
22 3 24
7 10 23
6 10 7
22 1 12
8 9 29
13 15 7
17 19 4
8 12 6
6 8 22
8 8 24
15 16 17
14 16 2
11 13 2
18 19 16
20 22 21
2 3 16
6 9 16
19 21 7
19 21 10
15 16 3
4 6 8
17 17 13
21 0 11
14 17 25
6 7 19
13 17 4
6 8 5
20 23 24
3 4 29
14 16 12
9 12 8
0 2 15
12 15 6
18 20 22
12 15 4
3 6 17
21 23 15
23 2 29
3 3 23
18 20 26
1 4 12
21 0 6
1 2 14
14 15 24
14 17 18
10 12 12
0 3 18
0 2 10
3 4 20
14 17 4
18 20 30
11 14 8
22 23 21
19 20 22
4 5 15
16 17 3
5 8 24
5 8 23
13 15 9
13 15 1
14 16 19
3 4 16
3 6 24
17 19 6
14 15 4
3 5 16
1 2 29
10 12 23
16 16 8
15 18 9
19 22 28
5 6 17
6 9 14
21 22 20
17 19 29
17 18 10
15 17 20
9 9 16
14 17 21
12 14 4
21 22 18
11 13 28
18 20 7
10 13 7
6 8 30
9 11 6
8 8 19
18 20 30
8 12 1
23 1 24
0 4 18
2 3 27
18 22 4
12 14 26
16 18 27
3 5 25
5 7 18
17 20 4
15 17 25
13 14 28
3 5 21
15 16 2
13 14 25
14 16 29
3 5 8
20 23 25
20 22 28
10 12 17
1 3 24
9 10 20
10 13 26
17 19 25
16 15 14
4 5 20
0 1 21
6 10 3
13 16 8
15 16 4
13 16 18
19 21 27
23 0 4
9 12 18
19 20 11
7 8 7
11 13 29
23 2 23
7 10 12
2 4 24
22 3 10
19 21 6
15 18 30
20 22 11
7 10 30
12 13 13
20 23 29
18 20 2
16 18 15
14 17 13
13 13 8
6 8 17
3 3 14
11 13 13
7 10 15
19 22 16
11 14 14
6 8 13
15 17 24
20 0 13
19 21 6
12 13 27
8 12 6
9 11 1
19 21 3
9 13 18
2 5 18
10 10 9
1 3 2
12 13 14
5 6 9
16 18 6
16 18 7
4 7 28
15 17 26
23 0 3
11 12 5
0 0 3
20 21 30
3 5 21
3 3 21
12 15 18
7 9 8
17 19 7
17 19 25
14 16 11
2 3 7
16 18 27
2 5 20
22 2 16
23 2 16
1 4 4
2 4 29
0 3 3
16 19 13
15 18 13
14 17 12
11 13 17
9 10 16
11 14 25
5 8 3
20 23 7
0 1 8
4 7 15
16 19 30
16 18 8
1 4 30
21 1 29
11 14 11
17 19 24
6 8 20
9 12 30
5 8 21
0 2 14
9 13 29
17 19 9
5 7 24
0 2 16
8 9 2
10 11 15
19 21 18
5 7 7
23 3 4
19 21 28
18 19 3
20 22 19
11 13 1
11 13 23
18 22 13
8 11 9
7 9 12
2 4 10
15 17 27
4 5 10
22 0 22
18 19 19
17 18 27
13 16 10
15 16 18
21 23 2
1 3 4
11 15 11
3 6 21
20 22 5
11 14 28
8 9 22
7 9 7
16 18 14
11 11 1
11 12 26
21 21 8
11 15 4
1 3 17
5 9 28
23 23 10
14 17 17
16 19 29
1 1 16
5 8 27
14 17 22
22 0 26
21 22 30
4 6 10
3 4 6
20 0 17
7 10 13
17 20 9
7 9 11
20 23 27
14 15 2
13 14 13
4 6 12
18 21 12
0 2 15
7 8 19
22 1 27
0 2 2
16 17 23
0 1 1
8 12 23
19 22 19
2 3 17
9 11 13
11 13 29
13 13 30
0 4 14
19 20 23
19 21 25
19 21 18
19 21 15
3 5 9
6 8 20
19 22 9
9 11 17
20 21 13
4 4 14
2 3 16
5 6 16
9 10 27
3 4 29
0 1 27
6 7 17
4 6 2
8 11 25
19 22 25
7 9 30
2 3 19
20 22 16
16 17 8
18 20 22
15 17 20
3 5 5
14 16 22
15 16 7
4 6 22
20 23 19
15 18 2
13 15 2
4 4 5
0 2 14
20 22 29
20 21 5
16 17 1
10 13 29
13 16 11
5 6 16
5 9 19
16 18 24
6 7 20
5 5 29
23 0 30
1 5 21
15 17 14
13 17 30
11 12 16
2 4 11
9 11 16
15 17 16
20 22 14
12 14 16
7 9 21
1 2 26
1 2 9
20 22 27
0 3 5
22 0 9
15 18 16
5 5 8
8 9 28
5 7 21
16 17 16
20 22 26
15 17 23
0 2 27
14 16 16
10 12 29
18 20 3
15 17 19
3 5 23
23 1 9
2 5 17
6 10 30
7 8 6
6 9 27
19 21 11
16 19 21
13 15 19
4 7 27
8 10 23
2 3 17
8 10 10
16 18 14
2 4 6
1 3 1
14 17 29
13 14 1
9 11 3
11 13 16
18 20 28
16 17 17
14 15 20
19 22 13
10 11 22
1 4 29
14 17 12
14 16 7
8 9 25
0 3 15
12 12 19
19 22 20
7 10 18
13 16 8
9 10 9
6 8 22
2 3 30
20 23 20
12 16 20
21 0 16
8 10 10
9 12 29
8 11 16
0 0 25
21 23 14
16 19 27
10 12 22
16 17 5
5 7 16
20 22 1
13 13 6
21 0 3
15 15 7
11 11 18
15 19 9
14 16 2
11 12 18
19 21 22
2 3 23
4 6 5
3 5 17
1 4 30
0 3 5
8 10 13
3 5 9
0 0 8
9 13 25
22 0 19
12 15 16
4 8 12
10 13 21
19 20 2
3 5 14
2 5 28
5 9 5
14 16 28
1 3 17
5 9 4
23 0 21
2 5 15
21 23 17
4 6 8
10 14 21
7 10 15
5 7 18
3 5 1
13 15 12
5 7 19
22 0 26
8 10 25
12 16 23
2 4 2
13 16 20
17 19 1
8 10 23
19 23 4
23 0 29
20 23 8
2 5 2
1 3 14
19 20 12
9 11 5
3 4 8
12 15 14
5 7 21
9 10 27
1 3 17
15 19 10
19 20 25
17 19 29
13 14 24
5 7 19
12 14 10
15 17 9
2 3 16
4 5 4
4 7 17
1 3 6
5 6 18
15 17 20
9 11 5
9 11 25
2 3 23
2 5 17
6 8 2
11 14 10
13 14 24
23 0 24
16 18 19
20 21 4
17 18 3
21 23 18
17 18 15
10 13 14
8 11 1
4 6 28
12 13 9
8 11 1
20 22 14
18 19 18
11 12 19
21 22 20
20 22 29
21 23 11
20 22 6
19 22 29
8 11 12
20 22 14
23 1 6
7 10 3
17 19 5
9 10 7
2 5 24
17 19 4
4 7 12
14 17 24
1 2 29
11 14 12
3 6 29
5 7 28
21 22 25
11 14 1
5 6 21
23 0 19
6 6 27
10 12 6
3 6 18
18 19 3
17 18 30
13 15 30
23 1 30
7 9 27
21 23 5
22 1 29
10 11 16
19 21 30
3 5 8
12 15 1
3 6 14
3 4 14
11 14 25
21 0 11
12 14 11
10 13 28
8 11 6
3 4 5
12 15 27
15 15 6
11 12 4
3 6 1
14 17 16
3 5 4
3 5 14
12 14 25
4 6 14
5 7 26
18 21 13
20 22 19
3 4 6
5 7 21
14 16 10
7 8 23
8 9 9
7 8 13
7 8 2
19 21 9
15 19 30
9 10 23
15 17 13
15 17 18
14 15 3
3 6 28
22 0 11
11 12 23
23 1 1
6 9 28
21 23 15
4 5 7
21 23 18
17 16 12
19 22 12
14 17 9
23 0 6
6 7 28
11 15 7
6 8 22
23 1 10
19 20 1
13 16 28
20 22 11
15 18 22
15 17 11
3 5 21
1 2 13
8 10 25
12 13 9
10 11 3
21 0 17
16 18 29
17 19 22
9 11 14
0 3 22
8 10 4
3 6 4
2 3 21
4 6 25
11 13 13
4 6 6
11 13 16
6 9 3
23 23 26
21 23 26
7 9 7
15 13 1
7 9 1
1 3 6
8 10 12
12 15 10
13 15 30
2 3 12
19 19 22
1 1 14
21 23 29
13 17 12
2 4 6
3 5 9
7 8 22
18 20 16
9 11 12
8 10 25
23 3 13
0 1 7
1 4 30
2 3 3
12 13 27
6 6 20
18 19 27
15 17 22
17 20 22
17 20 18
17 19 23
10 14 29
21 22 7
6 8 26
10 10 24
8 10 12
20 22 23
18 20 11
17 18 8
5 7 30
0 2 16
19 21 13
23 2 7
21 0 14
11 13 2
8 11 30
7 11 20
23 0 15
8 10 25
20 0 15
14 15 11
22 0 23
0 2 24
6 9 26
7 11 15
0 1 3
15 17 15
19 22 1
10 11 17
23 3 10
17 19 3
7 11 22
4 4 25
8 10 25
18 22 6
1 3 9
7 9 19
11 15 27
16 15 26
1 2 6
7 10 25
11 13 13
14 17 7
13 14 1
10 12 22
8 11 11
16 17 13
2 3 10
2 3 18
22 2 4
10 11 6
18 21 17
15 18 26
21 23 28
8 9 11
9 11 4
13 16 23
21 22 16
17 18 27
17 19 13
3 5 15
5 7 2
23 3 2
22 21 23
6 7 3
23 1 6
0 2 21
1 2 3
14 14 16
0 1 23
22 0 13
8 9 14
17 19 6
0 1 30
13 17 1
5 6 11
9 12 7
0 1 8
1 3 1
15 16 7
8 11 23
20 23 11
3 7 15
10 13 15
7 9 4
4 6 12
12 12 29
5 8 24
14 15 20
4 6 9
11 13 29
19 20 8
20 23 29
12 15 10
10 13 19
2 4 22
14 17 3
14 18 6
9 11 20
5 8 3
22 23 25
5 6 9
8 11 26
21 22 22
0 1 26
17 19 7
19 23 13
13 16 13
17 19 22
1 3 10
18 21 9
20 21 5
8 10 23
8 11 23
21 22 9
14 16 2
19 22 8
10 11 14
7 8 13
4 5 13
10 13 22
11 13 2
12 14 14
19 21 21
6 8 3
15 15 17
10 12 9
22 22 27
15 15 15
2 5 26
2 3 9
3 8 27
6 8 14
21 21 9
0 4 26
4 5 8
12 14 8
17 21 20
14 17 21
12 14 6
22 1 17
18 21 2
2 3 18
23 2 15
18 18 21
1 2 13
19 22 5
20 22 6
16 18 10
14 18 7
23 1 19
8 8 18
22 1 11
3 5 22
20 20 12
19 21 19
11 14 13
5 6 10
22 1 30
4 7 7
12 14 16
8 10 6
6 11 23
13 15 2
16 19 15
9 12 30
15 17 28
8 11 27
21 23 21
20 23 5
7 9 20
6 8 9
7 10 27
8 11 14
17 19 3
4 6 5
5 7 13
7 8 4
13 16 5
13 15 10
9 11 23
9 13 24
18 19 25
22 23 25
15 18 11
7 8 29
20 21 18
12 15 10
9 10 5
21 22 29
17 20 14
14 15 9
10 12 3
21 1 2
14 16 17
14 17 14
17 18 29
18 21 21
8 11 8
23 0 26
20 22 28
8 10 24
13 14 3
18 21 16
15 16 27
5 5 19
14 16 19
4 4 18
17 19 30
5 9 28
12 14 28
18 18 8
0 1 2
16 17 29
20 22 13
18 21 9
1 3 17
10 13 26
13 15 17
23 1 10
15 17 23
8 10 2
1 4 16
23 2 5
22 1 3
8 9 8
21 0 8
13 14 11
19 20 20
21 0 6
11 13 23
16 19 13
19 20 21
20 21 13
6 8 7
17 18 30
19 20 17
15 17 9
22 23 4
20 22 5
11 13 28
12 14 6
16 18 17
21 23 13
5 7 5
11 13 29
17 21 11
20 23 7
0 1 18
13 14 27
21 21 11
13 15 9
22 23 11
4 6 30
14 16 26
4 6 19
7 11 3
1 4 9
3 6 5
18 19 13
19 21 28
12 14 24
21 22 14
19 21 28
15 16 14
14 15 7
20 21 4
4 7 13
23 3 11
12 13 23
8 9 26
0 4 6
9 11 20
4 8 24
8 11 29
8 10 21
15 16 19
11 12 21
5 6 19
6 10 16
4 6 2
7 10 3
12 16 17
14 17 13
12 15 3
4 5 26
18 19 4
9 10 26
12 14 24
6 8 18
5 8 9
3 4 25
3 6 17
21 22 15
5 6 29
23 0 1
15 17 6
8 10 16
2 5 13
8 10 17
10 11 6
13 14 29
17 19 25
13 15 21
9 11 19
0 2 7
13 14 21
12 15 6
20 21 28
12 15 29
9 11 20
21 23 14
8 10 7
5 7 23
16 18 12
17 19 23
5 8 18
15 17 15
0 3 23
13 17 9
6 8 5
11 13 6
3 6 15
15 17 15
8 10 8
14 16 8
15 18 5
21 23 10
13 16 24
20 22 28
9 13 14
2 6 23
15 18 4
8 10 17
20 23 29
16 20 26
19 22 4
21 23 2
13 15 8
21 23 20
16 17 18
14 16 15
2 4 18
21 0 8
19 22 19
2 4 18
0 2 29
22 0 23
2 3 21
15 18 27
19 20 21
18 19 29
10 11 17
19 22 27
23 0 27
10 10 5
23 1 3
20 22 7
3 4 18
23 1 29
13 14 6
12 13 17
21 23 22
5 7 7
12 14 22
10 13 5
0 2 13
22 0 27
15 17 11
6 9 9
22 23 9
14 16 19
21 23 8
16 18 17
13 14 6
3 6 10
11 14 13
6 8 17
20 22 13
4 6 8
18 20 17
21 22 18
4 5 9
23 0 20
10 12 12
10 11 9
4 7 14
4 5 30
5 8 2
3 3 5
19 22 22
11 14 30
17 17 20
17 20 29
12 13 21
8 10 1
18 22 7
9 11 24
13 14 29
7 8 24
17 19 21
17 19 7
7 10 12
4 7 11
17 19 24
5 9 1
17 19 30
16 18 25
14 15 28
14 15 6
7 8 18
20 23 15
7 8 21
19 20 30
23 1 20
6 9 13
13 15 27
7 8 26
2 5 7
12 15 29
21 20 4
13 14 21
1 3 10
9 11 14
22 23 20
13 16 30
4 7 6
0 3 27
1 3 8
9 12 16
1 3 19
22 0 18
10 13 7
5 8 9
6 7 11
0 3 11
16 18 30
6 8 3
15 16 16
14 17 9
21 21 24
10 12 28
14 17 29
20 23 10
10 11 17
0 0 28
5 7 4
15 16 15
5 6 19
23 1 16
20 22 9
10 12 16
22 23 4
7 10 15
5 6 12
7 10 26
22 1 12
10 13 24
9 11 26
7 8 12
13 15 10
18 19 5
14 15 15
4 5 18
19 23 15
6 9 11
17 19 4
7 10 21
5 6 10
19 20 26
15 16 18
2 2 23
22 23 14
5 6 29
14 16 22
12 15 2
2 5 16
23 0 23
1 4 26
23 1 30
18 19 9
2 3 1
21 0 6
3 4 30
16 18 20
4 5 10
18 20 18
16 17 20
7 9 6
5 7 23
12 14 16
8 10 4
16 18 21
12 14 11
13 15 30
9 11 1
16 18 25
16 19 23
8 10 25
1 3 12
20 23 29
14 17 4
16 18 15
3 5 15
16 18 21
8 9 25
12 14 12
9 14 13
11 13 4
10 12 21
12 12 17
17 18 12
19 22 5
9 11 3
13 15 22
5 6 2
2 5 24
1 3 8
4 5 18
7 9 17
0 2 30
5 8 25
22 23 4
15 17 22
18 19 29
4 5 22
4 8 23
6 7 14
9 12 27
12 14 19
6 8 23
20 22 24
19 19 20
21 23 24
3 5 25
20 23 28
19 22 14
18 20 11
7 8 16
9 12 25
14 16 3
0 2 15
17 20 16
23 2 25
13 14 21
9 10 3
14 17 21
10 10 28
18 21 15
14 15 23
20 20 4
11 11 30
13 14 3
9 9 13
19 20 9
8 9 30
2 4 17
5 7 3
18 19 12
16 18 23
17 21 21
23 2 30
5 6 27
2 3 19
0 1 7
23 0 27
1 2 23
0 4 2
16 19 1
13 15 17
6 8 28
21 23 3
23 2 10
20 21 22
5 6 26
5 9 23
4 7 23
15 17 30
5 7 26
17 20 10
9 10 22
6 8 21
8 10 16
18 21 14
6 9 30
12 14 19
14 16 5
19 20 29
5 7 19
17 19 8
5 7 11
18 20 15
23 1 17
1 2 19
17 20 22
15 15 1
19 20 29
0 2 13
12 14 12
0 3 5
7 10 28
0 4 29
13 16 2
20 21 27
2 5 6
21 1 18
14 17 21
20 22 8
16 17 10
4 5 30
16 18 14
14 17 12
15 17 27
11 13 19
12 13 14
14 16 6
19 21 17
12 15 6
1 2 18
3 2 12
4 6 22
20 21 20
12 15 20
10 13 9
12 15 28
1 3 15
14 16 9
19 21 12
22 1 6
8 10 23
0 2 19
8 9 23
19 22 14
1 2 24
1 3 12
14 17 28
15 17 16
22 23 13
23 23 5
22 22 7
2 3 17
0 3 19
4 4 30
19 22 14
13 14 4
20 22 19
14 18 18
1 3 8
23 1 25
4 5 20
20 22 13
8 11 20
2 4 18
10 12 21
18 22 2
13 15 11
1 3 10
0 0 16
6 7 16
7 8 13
4 7 12
17 20 28
21 0 10
8 10 8
13 14 1
14 15 9
17 18 8
0 0 7
18 20 22
23 2 15
4 7 2
3 4 29
6 10 3
5 8 17
20 22 24
19 20 27
4 6 17
13 14 27
8 11 30
6 10 11
8 10 17
23 23 22
21 22 21
8 9 21
21 21 26
11 15 25
6 7 19
20 22 30
7 10 26
9 11 29
17 20 16
5 9 3
18 20 5
4 7 5
23 2 25
13 16 30
0 2 27
20 22 16
12 16 2
11 15 21
3 5 6
0 4 5
21 23 16
12 13 10
14 18 22
0 1 15
14 17 22
18 21 13
21 0 4
22 0 14
21 0 10
11 13 16
2 5 12
3 3 16
5 5 22
6 8 4
12 13 27
13 16 11
8 10 25
6 9 2
18 20 8
8 10 12
20 22 9
20 23 28
3 5 18
2 6 4
8 10 8
18 20 28
0 2 27
5 9 1
9 11 9
4 8 23
19 21 4
19 21 5
3 5 4
6 6 18
18 21 18
14 15 28
11 15 10
23 2 12
17 19 12
8 8 2
3 4 26
15 17 8
15 19 6
13 15 17
8 11 15
8 10 2
0 3 28
23 0 15
14 14 4
12 14 12
21 22 29
6 8 15
22 0 13
14 16 10
2 4 28
16 17 25
2 5 26
4 6 7
22 23 14
9 11 2
20 22 27
10 11 1
19 21 2
13 16 4
2 4 1
4 6 4
7 10 26
23 23 6
19 21 22
19 22 12
8 10 3
14 16 6
18 19 21
0 3 20
1 3 26
16 19 4
1 3 4
22 0 15
18 20 12
13 13 30
1 4 27
5 8 13
19 22 1
17 18 4
4 6 14
0 2 24
4 6 26
6 8 27
16 17 24
20 22 15
13 15 2
18 21 5
22 0 11
4 6 11
15 16 9
3 5 20
4 4 16
20 23 7
18 20 23
6 8 21
1 5 12
20 0 30
10 11 6
17 19 14
6 6 20
4 4 14
14 15 10
22 23 27
13 15 5
15 18 7
18 20 27
8 11 1
23 1 23
19 20 22
20 22 16
21 22 20
19 21 5
17 18 13
20 21 3
13 16 11
15 18 6
20 22 3
2 3 20
20 21 6
15 18 21
4 5 30
2 5 12
18 18 28
21 1 15
10 13 29
3 4 28
9 12 17
3 5 14
16 18 1
16 18 13
4 6 5
13 15 4
12 14 10
8 9 29
5 7 10
12 14 12
9 12 2
7 7 24
22 1 18
7 8 22
11 11 24
21 22 14
10 14 11
18 18 12
14 15 22
1 4 6
23 1 5
4 7 8
4 7 3
10 14 18
10 12 23
23 1 26
3 5 15
10 13 17
14 15 21
23 2 25
12 14 29
14 14 28
15 17 23
23 1 8
10 13 9
7 9 21
1 3 26
11 15 17
12 12 13
13 15 7
1 4 6
15 15 1
0 2 11
6 8 21
3 4 8
23 2 27
13 14 6
9 11 13
16 17 30
20 23 4
8 9 23
5 8 8
8 8 26
12 13 30
4 7 4
17 18 4
17 20 20
4 6 21
22 23 7
21 22 27
13 13 14
23 23 7
9 11 4
16 18 4
13 14 2
22 2 19
22 0 29
15 17 7
20 0 18
14 18 20
1 1 9
20 22 28
5 6 18
14 15 16
5 8 23
12 14 27
17 19 4
0 2 16
6 8 17
18 20 16
12 14 15
0 2 23
18 20 26
18 20 23
16 19 16
5 8 4
21 1 22
23 23 22
1 1 25
11 12 10
21 23 16
10 13 21
19 21 22
19 21 12
5 8 1
23 0 8
8 11 27
8 9 12
4 5 3
1 3 19
0 3 6
19 21 5
19 20 19
6 8 12
10 12 15
16 17 6
4 5 17
16 17 23
17 19 26
6 7 25
3 5 20
18 19 16
23 2 29
7 7 1
10 13 27
11 13 7
15 18 28
13 15 11
5 7 12
2 3 10
7 8 8
20 21 5
16 19 1
16 18 30
12 16 8
7 9 25
12 13 16
22 1 21
13 15 18
0 3 4
20 21 7
2 3 9
18 19 10
14 18 23
19 20 13
17 18 12
2 5 3
21 22 12
17 17 4
14 17 25
13 14 21
13 15 24
21 21 5
12 15 13
15 17 10
1 2 26
3 5 9
20 23 21
14 16 3
3 6 10
1 3 7
19 20 29
20 22 22
6 7 11
17 21 9
0 2 27
22 0 25
6 8 27
6 8 1
11 14 4
19 23 12
11 12 7
7 7 5
2 6 30
6 7 2
1 2 26
8 10 25
15 16 2
3 6 26
8 11 29
7 8 9
21 22 27
23 0 1
1 4 30
0 1 24
12 13 24
3 6 15
19 20 19
2 4 21
20 21 26
15 16 19
20 23 6
6 8 16
11 13 20
7 9 10
6 8 25
16 18 26
9 11 15
16 17 17
1 3 27
12 12 9
0 3 5
2 5 21
9 11 5
8 11 28
22 22 30
1 2 6
4 5 15
17 19 15
16 18 2
9 11 29
20 21 18
17 19 18
6 7 11
22 0 24
5 8 4
15 16 3
18 19 12
18 21 18
10 11 16
16 19 8
9 12 14
5 7 13
3 6 18
7 9 16
15 17 17
10 14 10
5 7 25
3 5 21
21 23 7
19 21 23
8 9 29
23 1 4
10 12 7
20 23 17
13 15 22
21 0 21
3 5 14
2 5 24
7 8 4
23 23 23
16 17 23
12 14 15
20 21 2
16 18 1
11 14 12
1 2 24
1 1 29
5 6 22
22 23 22
16 19 18
3 4 10
4 7 17
19 18 22
22 1 19
6 8 30
12 13 19
4 7 26
8 10 28
21 22 29
23 1 22
12 15 1
13 14 3
10 12 9
12 12 12
2 4 16
2 4 13
21 22 30
23 2 8
20 22 20
13 16 28
4 5 13
19 21 13
4 6 21
12 15 16
1 5 8
10 13 2
13 16 29
0 1 3
18 20 17
19 20 25
13 16 7
15 18 29
17 19 14
22 23 26
14 15 3
3 4 2
2 5 15
13 15 6
1 1 30
23 0 19
6 8 21
20 22 20
12 14 1
16 19 20
2 4 26
12 14 23
23 2 14
8 10 1
18 21 22
19 22 9
3 6 9
15 16 1
13 15 29
18 21 23
6 8 28
20 23 6
4 4 7
10 11 1
10 12 15
5 8 1
10 11 20
4 6 19
16 19 28
6 8 27
12 14 27
13 15 16
17 18 28
5 8 25
2 5 29
12 15 25
18 20 20
19 20 5
9 12 29
14 15 19
21 23 10
11 11 23
2 3 8
4 10 24
7 10 2
17 20 17
20 22 7
1 3 8
9 11 10
10 12 9
5 6 21
14 14 19
23 2 25
18 21 22
1 2 9
12 13 18
22 0 9
9 11 25
14 15 29
3 6 22
15 17 9
3 6 29
4 6 2
19 21 24
18 20 20
8 10 17
4 5 12
0 2 16
17 20 21
3 6 9
5 6 19
9 11 6
11 13 21
20 23 17
16 18 7
3 4 1
2 5 13
11 13 8
23 2 23
19 22 29
1 3 20
18 18 9
16 19 4
5 6 3
23 3 12
17 19 30
6 9 20
9 10 18
2 4 28
23 2 28
17 19 15
18 21 18
6 7 22
17 18 14
20 22 1
10 13 17
6 8 17
3 5 11
14 16 23
23 0 7
21 23 23
20 0 24
4 5 3
16 18 7
9 12 6
19 21 16
1 2 3
17 20 9
14 15 21
7 10 19
3 3 5
1 2 28
21 21 10
0 3 23
23 1 14
10 12 15
11 12 23
14 16 17
12 12 23
15 15 3
17 20 17
15 17 18
11 16 10
13 13 18
22 22 24
9 12 23
22 23 5
18 21 2
9 11 1
5 6 25
3 3 16
12 14 11
12 14 1
8 10 23
1 3 13
14 15 28
13 15 30
19 21 7
10 14 19
1 4 20
22 22 18
13 15 12
13 15 26
14 18 8
10 13 16
19 21 10
23 23 20
13 14 18
12 13 29
9 10 12
18 20 8
8 11 12
14 15 3
13 17 10
8 11 15
23 1 5
6 9 8
18 21 16
14 16 21
22 0 4
1 1 19
17 20 20
0 5 7
21 22 15
10 13 23
10 12 4
10 12 12
0 0 22
10 13 7
22 21 6
10 12 16
19 21 7
13 15 2
2 5 22
19 19 28
18 20 28
2 3 11
0 2 3
12 13 4
2 5 26
7 9 22
2 5 12
1 3 9
21 23 2
7 8 13
7 9 24
13 12 1
17 18 2
20 22 8
19 22 19
8 10 3
19 23 2
15 17 22
7 10 27
14 16 29
9 10 8
0 1 15
15 17 23
19 21 12
8 11 22
18 18 2
10 12 12
19 21 7
5 6 26
23 1 27
7 7 30
20 21 11
13 15 15
6 8 18
5 8 9
4 4 6
12 14 11
1 2 24
20 21 6
16 17 5
9 12 13
21 0 14
18 21 15
13 16 18
9 10 20
10 13 21
22 2 17
1 3 25
13 14 5
15 17 4
19 22 3
12 14 5
6 8 9
7 9 27
23 1 23
13 15 19
22 22 30
23 0 27
5 8 22
12 14 23
4 6 22
10 11 4
18 19 23
4 8 10
14 16 26
3 4 25
22 0 27
18 21 27
22 1 3
9 10 27
4 5 2
22 23 28
17 20 25
16 18 17
21 23 28
10 12 2
21 22 20
22 1 14
19 1 11
11 11 20
21 23 28
11 13 17
2 4 26
14 16 9
15 17 4
11 14 29
18 21 7
6 7 26
5 6 19
7 10 24
5 6 1
21 23 8
3 4 16
11 13 13
3 3 24
23 0 3
2 3 8
16 19 5
10 11 1
4 6 8
21 22 7
2 3 9
12 14 8
15 17 21
17 19 1
13 14 17
7 8 7
5 9 7
5 7 28
6 8 10
10 14 30
3 5 2
17 18 30
10 12 6
14 15 19
13 17 3
6 8 21
3 6 11
14 17 2
16 18 23
18 21 2
8 9 29
23 1 17
12 15 27
3 5 22
4 7 29
11 13 9
19 20 25
15 16 27
15 16 21
16 17 19
6 7 5
12 15 19
10 12 30
0 2 5
20 23 7
19 22 21
22 0 5
17 18 7
17 19 7
6 7 20
4 6 26
12 14 4
22 1 20
7 10 17
17 17 29
6 8 22
21 23 4
10 13 2
18 20 6
13 17 20
19 20 19
13 15 3
0 3 13
16 17 7
1 2 29
1 3 27
6 9 9
13 12 3
9 11 5
0 3 28
0 2 29
0 1 14
3 5 11
13 15 5
1 4 2
18 20 30
16 18 1
6 8 28
1 5 16
4 6 25
19 20 22
1 2 26
5 6 5
10 13 9
3 4 27
18 21 17
21 23 6
9 10 21
6 8 19
9 10 13
18 20 29
17 20 21
11 12 27
2 7 11
8 12 19
14 16 18
15 16 23
6 7 1
10 12 22
10 12 25
2 5 13
22 0 17
6 8 29
10 12 15
8 9 19
13 13 17
20 20 22
18 20 12
17 18 30
21 22 9
22 23 11
2 4 3
17 19 23
8 9 27
13 14 9
20 21 28
2 6 3
22 2 10
1 2 3
8 11 24
0 1 18
3 3 26
16 18 26
22 1 20
17 19 1
0 3 23
10 12 4
10 13 18
14 17 3
1 3 17
17 18 12
3 6 1
3 5 22
16 18 10
18 19 12
1 1 15
6 8 6
14 16 21
12 14 25
23 2 20
12 14 13
3 5 24
1 4 25
23 23 16
1 3 5
0 3 9
5 10 7
20 23 4
0 3 15
15 19 4
17 17 24
14 16 5
4 6 10
2 5 22
11 14 21
2 5 4
10 12 19
2 4 1
21 1 22
19 21 6
15 17 23
8 10 17
11 14 14
1 3 30
0 3 20
15 18 4
21 0 14
0 3 7
20 0 16
17 18 27
9 12 3
21 0 18
22 1 9
0 2 20
2 3 10
6 8 6
19 22 30
16 20 13
12 14 17
18 20 29
15 18 10
1 4 22
5 5 11
2 4 17
4 6 27
15 16 6
7 9 13
20 23 12
8 11 23
8 9 23
23 23 26
4 6 23
16 18 7
9 13 28
16 17 25
3 5 7
14 16 2
4 5 23
14 15 25
5 7 12
18 21 17
3 4 27
22 23 16
5 7 28
8 10 26
8 9 14
6 8 17
13 16 23
21 22 26
1 3 4
10 11 5
5 6 16
16 19 23
14 15 10
1 4 5
19 21 15
20 23 30
16 17 10
18 20 27
1 3 23
4 4 22
12 14 29
5 9 11
5 7 24
3 5 23
7 10 17
21 23 27
7 8 17
6 8 1
2 4 5
22 1 4
19 21 17
14 15 17
8 9 3
23 1 19
5 7 18
19 21 11
21 22 1
1 2 15
23 1 21
7 8 30
14 17 28
10 14 22
10 11 23
5 7 6
17 16 2
12 14 7
8 10 20
9 11 28
6 7 14
11 12 22
4 5 10
21 0 27
0 2 15
18 21 9
12 14 24
22 22 16
10 13 5
5 5 29
7 10 18
16 17 23
10 13 22
5 9 22
0 2 30
23 2 16
3 4 20
18 20 23
14 17 27
0 2 27
13 13 21
1 3 1
18 20 29
23 1 10
8 10 16
16 19 2
15 19 15
4 8 24
8 10 7
6 7 27
21 22 23
10 10 28
19 20 22
14 15 14
20 23 29
18 19 9
23 1 21
14 16 12
6 8 22
13 16 17
3 4 28
23 2 16
13 15 19
21 21 30
0 1 6
23 0 7
18 21 22
20 22 24
23 23 6
20 22 22
6 8 5
13 16 18
11 12 26
7 9 30
21 22 9
13 14 2
3 7 13
10 13 23
6 9 19
20 22 26
19 20 5
16 20 25
20 21 2
23 0 18
5 5 27
17 19 18
0 2 27
0 2 3
13 15 11
4 8 16
6 8 20
4 5 27
8 10 13
13 15 3
16 18 28
9 12 5
16 18 14
8 10 20
13 15 9
6 8 29
20 22 20
21 23 11
10 10 3
20 22 18
16 20 15
6 9 9
0 3 9
2 2 12
11 14 18
0 1 5
21 0 30
1 3 11
20 23 23
17 20 5
2 5 25
18 21 13
6 7 1
8 10 24
2 2 22
14 16 21
16 19 12
20 23 5
7 8 24
7 9 23
21 23 29
6 7 30
1 1 16
16 21 26
4 6 25
11 13 11
16 17 17
23 3 13
18 20 10
15 17 4
7 8 14
17 19 13
5 7 3
8 10 16
1 2 7
15 17 19
11 12 13
13 15 15
20 22 3
14 16 11
5 6 30
19 22 29
2 3 22
19 21 12
17 19 16
7 9 6
11 13 8
8 10 17
8 10 28
19 21 25
8 11 4
15 18 8
13 17 20
19 19 4
6 8 13
11 14 7
6 6 8
3 5 4
9 12 23
8 9 12
20 22 27
17 19 9
3 5 21
2 6 28
14 15 28
21 23 17
21 23 28
12 13 26
21 0 21
1 3 26
15 17 1
13 16 14
17 19 30
11 12 18
1 2 21
0 2 3
6 7 7
3 4 24
8 10 16
6 8 19
6 8 14
10 12 7
16 17 28
18 20 8
16 19 22
12 15 14
7 8 10
6 10 16
7 11 30
20 23 28
6 7 5
18 18 3
10 12 29
12 17 3
6 10 18
20 20 25
1 3 24
20 22 15
0 2 30
13 16 5
12 13 3
5 7 5
0 3 9
0 3 11
21 0 10
11 14 28
7 8 19
20 21 5
11 14 23
6 11 4
21 23 14
22 1 4
6 6 4
3 5 11
19 20 25
6 8 21
19 19 4
20 22 5
22 23 28
1 3 2
20 21 20
0 2 30
0 3 21
20 23 28
19 21 15
16 17 30
15 17 4
16 16 1
12 15 25
2 4 2
18 20 11
9 12 28
15 17 10
22 1 17
20 22 27
1 3 17
17 19 15
3 5 25
6 8 21
16 18 25
2 4 23
14 14 9
8 9 13
0 2 19
15 19 23
20 23 10
8 11 14
22 1 23
3 5 27
7 11 28
9 11 8
4 8 30
16 18 22
8 10 5
11 13 28
23 1 21
21 23 6
15 17 1
3 3 7
14 16 16
23 0 24
15 16 28
14 15 1
18 20 17
16 16 8
7 10 6
13 14 16
3 5 22
1 4 9
21 23 29
9 11 11
14 16 1
23 1 18
22 1 1
21 0 24
22 23 21
13 17 14
4 6 1
10 13 22
4 5 4
23 2 11
4 6 24
23 2 5
15 16 25
4 6 10
7 7 28
3 5 13
16 17 12
22 23 2
19 21 30
7 10 18
13 14 8
13 14 1
12 14 26
1 2 5
8 12 4
5 6 29
14 16 19
2 4 24
9 10 16
2 3 24
8 12 23
22 23 4
7 8 24
5 8 8
20 20 17
18 21 14
23 3 29
7 10 19
19 20 5
20 22 22
8 10 27
8 12 15
21 21 16
4 5 26
0 1 20
0 2 23
7 10 6
17 19 5
21 0 7
23 1 23
6 7 7
11 13 14
18 22 1
12 13 17
12 13 7
3 6 22
12 13 28
21 0 24
18 19 11
3 6 17
20 23 9
12 14 7
2 2 26
21 1 28
16 17 10
23 1 3
22 0 16
7 9 29
9 9 28
5 7 8
23 3 11
0 1 7
20 22 29
9 12 5
11 14 16
11 12 12
19 20 16
8 11 13
23 1 7
14 16 7
22 0 30
17 21 10
1 2 6
19 22 15
9 11 5
22 0 23
6 8 10
10 13 28
21 0 29
17 19 28
22 22 28
19 20 14
2 4 20
4 6 15
12 14 10
4 6 20
5 7 24
16 17 17
6 7 25
3 5 23
13 15 10
14 15 15
23 1 26
14 16 3
9 12 24
5 7 23
8 9 21
17 19 30
20 21 25
20 21 10
16 19 19
22 22 6
23 2 7
20 22 3
10 13 2
7 8 6
21 22 2
11 13 15
23 1 23
2 5 28
17 19 10
14 15 22
4 4 7
11 14 21
15 17 23
7 8 30
22 23 25
19 22 15
6 10 20
12 14 2
13 13 28
10 13 1
12 13 29
11 14 8
10 14 15
11 13 22
15 17 29
21 0 25
7 9 25
20 21 13
9 11 26
0 3 25
1 3 4
10 12 2
21 22 13
17 19 24
5 7 1
7 8 21
7 10 10
21 23 21
19 19 30
12 13 23
18 19 11
1 3 9
20 21 18
22 22 6
22 0 15
8 10 17
4 6 8
4 7 2
4 7 2
17 18 24
5 8 2
5 7 5
19 20 11
7 10 22
10 11 23
23 1 30
9 11 11
11 14 19
18 20 12
18 21 25
6 9 4
16 20 7
23 2 29
11 12 30
0 0 20
17 18 3
6 7 17
20 23 22
5 5 24
10 12 5
4 7 12
1 2 24
7 9 7
17 19 4
14 16 28
2 4 21
6 8 19
9 12 7
16 16 29
14 15 15
6 7 3
17 19 26
21 0 14
19 21 11
7 9 7
1 3 11
1 3 3
6 9 16
6 9 5
2 4 8
16 20 25
2 3 10
4 8 21
1 4 10
7 8 30
6 6 1
14 16 2
21 1 8
11 14 4
8 10 13
15 18 29
2 2 8
13 16 30
10 13 27
22 0 23
18 17 3
9 10 9
16 18 4
10 11 30
2 3 3
7 10 26
7 7 26
2 5 29
16 16 10
12 13 9
21 23 6
21 21 4
19 21 9
3 4 9
7 9 17
7 10 11
2 4 6
19 20 20
13 15 11
2 4 21
10 9 28
21 23 13
9 12 28
19 21 19
13 17 30
10 13 18
6 6 9
20 22 6
22 0 14
7 9 27
19 23 11
0 3 4
15 16 4
14 15 9
18 17 30
12 15 6
11 14 8
15 17 4
6 9 3
4 6 23
12 14 11
12 14 7
18 20 7
13 16 5
1 1 21
6 8 4
0 3 11
19 23 16
8 11 23
12 14 22
20 22 16
20 23 19
15 15 8
2 2 20
5 7 10
9 13 18
13 17 29
4 8 7
20 22 23
2 2 1
4 5 12
4 7 16
22 2 12
15 18 13
7 9 16
21 23 13
18 18 28
22 0 21
19 22 11
15 18 22
7 9 6
16 19 28
21 22 4
10 14 12
10 15 22
20 23 9
9 10 7
10 11 25
6 8 3
19 20 23
2 4 18
3 4 23
8 10 1
22 0 23
12 13 26
22 0 9
9 10 8
15 17 10
23 0 8
21 22 3
12 15 20
16 16 22
20 21 29
17 20 10
5 8 11
16 17 18
22 0 4
15 16 16
6 8 4
3 6 22
7 12 3
23 1 28
23 1 19
6 7 24
20 22 27
14 16 26
7 10 11
21 22 27
11 15 13
12 16 8
12 16 2
7 9 27
19 22 24
8 10 1
7 9 16
9 11 28
23 1 22
22 0 25
14 15 5
3 6 14
20 23 21
16 19 23
15 17 10
9 10 13
19 22 26
6 11 26
3 4 3
7 9 28
20 21 17
19 21 11
7 8 26
15 18 28
23 1 22
16 19 27
19 21 26
10 11 27
15 17 13
11 12 9
21 0 26
1 0 12
20 22 18
9 11 3
12 13 9
19 21 27
12 14 24
22 0 14
22 2 17
0 2 11
14 15 3
19 21 6
19 21 17
8 12 25
7 7 20
20 21 16
12 13 5
23 0 17
21 23 10
16 18 16
8 9 26
12 13 23
1 4 4
21 23 3
8 11 11
9 12 21
21 23 4
4 4 13
2 4 29
2 2 12
8 8 29
10 11 2
2 2 12
5 8 23
20 22 6
15 17 21
22 22 7
20 23 4
11 13 3
22 0 28
5 6 9
15 18 7
19 20 11
17 18 15
5 7 17
5 8 10
17 20 8
2 3 22
2 5 7
1 4 23
10 11 25
3 7 21
16 18 20
1 2 4
2 2 14
18 21 8
4 7 16
12 14 12
18 21 4
12 14 28
20 22 25
18 18 25
18 21 8
22 23 11
13 15 27
11 12 28
21 0 6
1 2 22
22 0 27
5 5 19
17 18 17
3 6 5
12 13 26
23 1 30
0 2 9
12 13 29
15 17 20
14 13 18
13 15 24
17 19 25
12 14 9
10 13 9
12 13 25
7 9 14
9 10 20
21 23 19
23 1 9
23 1 21
7 9 6
12 14 13
12 13 12
6 7 11
4 6 28
20 22 4
23 2 10
17 20 20
11 12 5
16 17 23
18 20 4
21 0 23
5 6 28
19 21 1
21 0 8
14 15 30
9 10 18
18 19 21
10 13 12
7 10 30
1 4 9
5 6 24
9 10 19
12 14 29
3 5 29
15 17 14
22 23 15
18 20 23
2 3 5
21 1 8
14 14 13
11 15 6
6 6 5
1 2 17
5 8 18
19 21 16
9 12 15
5 7 26
3 6 5
18 19 7
22 1 9
14 16 18
10 12 8
15 17 11
17 20 26
18 20 30
6 8 4
0 2 21
12 12 13
1 3 9
18 21 16
22 0 14
2 4 9
21 22 12
11 11 1
16 16 17
19 19 3
0 3 23
14 14 12
10 15 3
11 13 9
16 19 13
12 14 10
8 11 15
15 16 9
21 22 7
20 23 19
0 3 1
5 5 23
15 19 2
7 9 11
9 10 7
9 10 8
13 15 10
22 0 22
5 8 2
7 9 16
15 18 22
13 16 25
12 14 20
13 16 18
12 14 3
15 17 7
12 14 20
22 23 7
4 6 19
0 2 17
4 7 29
4 6 12
22 23 11
9 12 23
11 13 27
18 20 17
13 16 26
6 7 28
14 16 27
14 16 9
0 3 28
16 18 18
2 5 18
22 23 11
8 11 1
3 7 11
14 15 7
8 11 13
22 22 20
21 0 28
22 0 20
13 17 17
15 16 8
17 18 27
1 1 14
21 22 4
23 1 30
3 4 28
9 10 21
20 0 17
15 17 13
22 0 28
3 4 19
4 7 1
19 21 21
18 22 10
7 10 13
7 8 15
22 23 7
19 22 27
11 14 30
1 3 21
9 11 5
22 0 26
23 0 24
21 22 13
19 21 5
19 22 29
19 21 25
11 14 1
20 20 12
13 14 13
15 16 17
1 4 13
5 6 23
2 4 11
9 11 5
14 17 21
6 8 26
0 1 17
5 7 6
13 15 28
5 7 29
5 6 8
12 16 24
1 2 9
3 6 21
17 18 9
2 5 26
3 6 18
14 16 23
17 19 10
0 1 11
17 19 13
23 3 21
0 3 15
7 8 6
7 10 10
8 8 3
17 20 16
13 14 29
12 15 5
4 7 28
8 12 20
8 12 8
19 22 9
14 16 15
16 20 11
2 3 20
9 11 22
16 17 29
5 7 26
17 20 9
10 11 9
5 6 24
1 4 5
11 13 13
14 15 17
14 15 25
15 17 22
0 3 20
6 9 23
3 5 30
10 12 17
6 8 1
23 1 25
14 17 25
4 6 30
9 12 19
19 22 4
3 6 10
17 18 28
13 15 13
17 19 18
13 16 6
2 3 5
6 9 29
21 22 25
19 23 2
21 23 21
22 1 17
10 12 7
19 21 28
11 12 30
1 2 19
0 1 19
10 11 4
21 23 4
12 15 2
8 9 11
7 8 24
7 10 24
18 19 7
11 14 15
9 10 27
20 23 25
20 21 5
11 14 23
23 2 6
18 20 13
7 10 8
3 5 16
3 4 25
20 21 1
1 2 27
22 1 10
10 12 18
23 23 7
7 10 17
23 1 8
2 4 17
16 18 9
4 5 25
19 21 14
16 20 9
1 2 11
20 0 3
17 18 5
19 22 12
15 19 3
14 16 4
20 23 29
16 16 22
2 3 1
14 17 29
2 4 29
6 7 25
3 5 26
21 21 4
23 1 15
13 14 7
18 20 9
17 19 11
14 16 29
6 8 27
9 11 7
12 13 4
7 8 7
11 13 13
6 7 14
14 16 14
21 23 2
4 6 26
16 19 27
22 23 2
11 13 15
17 19 28
20 22 25
2 4 17
8 9 11
9 12 25
4 8 4
22 0 30
20 23 13
8 10 7
0 1 17
10 11 15
12 14 5
16 16 8
5 7 8
17 19 8
16 17 10
20 22 9
7 9 3
23 1 24
10 11 21
21 0 8
0 1 9
4 6 25
5 7 19
23 2 18
17 17 9
8 8 24
11 14 16
22 0 22
23 2 20
1 4 28
8 11 16
15 17 5
14 16 5
1 2 13
21 23 18
10 13 18
6 7 26
21 0 10
8 11 2
19 21 23
14 15 8
13 13 17
20 22 28
21 23 4
6 8 28
0 2 22
0 1 25
18 20 4
22 23 29
19 21 1
15 17 26
7 8 19
17 19 29
14 16 8
6 7 22
10 11 8
9 13 7
13 15 5
10 11 11
18 20 30
8 10 16
18 19 20
21 2 27
4 5 10
12 13 6
6 7 10
15 18 4
2 4 2
0 3 1
7 9 29
1 3 19
23 1 30
0 2 21
3 4 1
6 7 24
2 3 16
6 6 8
