5060 30
28 26 8 11 4 15 27 21 3 3 15 15 28 28 21 12 27 14 27 17 12 11 26 7 20 12 27 25 13 19 
6 8 18
15 17 27
5 7 23
16 17 3
10 13 4
10 11 4
23 1 18
13 16 24
3 3 22
15 17 11
22 0 29
0 3 5
5 7 22
22 23 6
22 0 13
4 6 19
8 11 28
2 3 20
14 16 13
19 22 19
23 0 30
23 23 12
13 17 14
23 0 24
23 1 5
9 12 25
21 0 29
7 10 30
2 5 29
8 9 27
10 13 7
7 9 3
8 11 7
20 22 12
4 4 17
19 20 28
5 9 18
7 10 26
16 18 22
3 6 9
8 8 11
5 9 7
20 21 19
5 7 23
20 22 23
20 23 25
15 17 16
18 22 17
15 18 19
20 21 3
15 19 1
16 19 11
0 2 9
2 4 6
8 10 12
15 18 9
9 12 14
17 19 20
1 3 15
6 10 4
16 18 17
18 19 23
11 13 20
21 1 23
9 12 16
16 17 25
20 0 28
2 3 14
9 12 20
19 21 16
16 20 26
7 10 20
23 0 18
2 4 3
2 2 16
21 22 18
18 19 2
8 10 30
18 20 27
15 17 2
3 5 14
2 4 21
18 20 19
15 17 1
15 17 6
14 16 18
8 8 16
15 17 11
21 23 16
6 9 1
2 5 18
11 14 29
11 13 25
5 9 26
6 9 16
2 6 25
15 18 1
5 9 20
9 12 20
11 13 29
23 2 24
10 12 15
9 11 18
12 15 22
6 9 11
12 13 20
1 2 30
4 7 17
18 19 24
21 23 23
12 15 15
8 10 12
18 20 28
21 23 15
21 22 8
10 13 17
11 13 30
18 20 20
16 17 24
19 21 13
8 11 20
16 20 12
3 6 3
18 20 13
12 14 13
0 0 28
0 3 6
8 10 2
17 19 10
9 12 24
2 4 27
18 20 16
21 22 18
23 0 21
22 0 10
12 14 22
5 6 21
6 8 3
6 8 14
15 18 19
20 23 20
22 1 12
11 13 27
2 5 21
2 4 22
15 17 25
23 0 6
19 21 14
22 0 12
14 16 5
23 0 15
11 13 29
21 23 17
13 15 10
10 11 22
22 23 5
4 5 30
6 8 21
8 10 2
19 22 16
0 1 19
13 16 8
21 23 14
15 19 11
17 19 13
10 12 29
12 13 14
12 15 6
17 20 12
19 19 23
20 23 2
9 12 14
18 19 21
0 1 26
18 20 7
17 19 15
10 13 9
13 14 9
2 5 4
2 3 12
17 19 3
5 9 2
8 11 1
20 23 7
23 1 24
14 17 24
13 15 15
14 14 15
5 9 8
11 12 10
17 20 27
6 11 5
2 2 17
5 8 11
8 8 5
21 23 7
11 11 10
23 1 21
13 16 12
5 7 12
3 5 19
20 22 13
16 18 12
2 4 30
3 6 16
7 8 11
16 20 2
23 2 22
21 0 3
4 6 11
2 5 12
3 5 25
21 22 15
13 15 2
21 23 5
12 15 26
16 18 28
5 8 2
16 17 18
23 1 1
4 6 8
10 9 13
19 21 12
7 10 8
5 8 10
0 2 14
15 17 1
0 3 28
1 4 15
8 10 27
17 18 30
4 6 28
14 17 1
20 22 11
10 13 14
3 5 11
5 7 18
16 18 5
19 20 2
5 8 25
7 7 19
13 17 23
7 8 5
7 9 1
6 8 2
10 14 2
3 6 16
16 18 27
16 18 4
18 20 24
9 10 4
3 6 12
22 2 29
14 16 3
21 23 15
4 6 25
11 16 13
13 14 7
5 6 5
19 19 20
12 14 23
14 16 18
8 9 26
19 23 22
10 11 20
0 3 19
3 5 6
18 21 10
18 20 11
8 11 2
13 16 4
16 20 3
18 20 13
1 3 24
4 6 24
19 22 3
14 16 14
13 13 8
3 6 21
23 2 25
0 1 14
17 18 20
1 3 30
16 18 12
16 18 15
13 17 17
8 10 3
4 6 19
22 0 10
9 11 29
2 3 27
21 23 3
20 22 11
19 21 12
17 18 26
12 13 12
15 17 5
22 0 17
12 15 17
12 14 13
12 13 24
0 4 28
7 7 12
18 19 28
3 4 19
8 12 5
0 1 21
19 20 23
11 13 23
17 19 17
1 2 17
13 17 29
18 20 26
20 21 13
10 11 14
4 6 21
22 1 14
4 7 19
23 1 8
5 6 4
17 20 30
6 7 1
17 18 1
3 4 10
21 0 28
16 16 12
16 17 13
15 17 20
2 3 20
20 19 20
5 6 2
15 16 1
2 5 15
10 14 7
5 7 27
2 4 11
13 16 26
19 21 5
14 14 6
0 1 1
7 9 3
14 18 9
4 5 5
19 21 5
8 10 16
15 17 13
21 22 17
19 21 23
19 20 12
20 22 26
19 21 24
2 2 14
14 14 23
17 19 15
11 12 14
19 21 3
16 17 29
5 7 25
9 10 5
9 13 16
1 2 2
8 11 12
5 7 3
19 20 23
11 15 23
11 13 25
4 5 23
4 7 7
0 2 26
5 5 16
9 12 13
14 17 17
6 9 18
11 15 17
15 16 6
6 7 4
21 0 1
11 13 14
2 3 6
2 4 29
9 12 16
22 2 2
12 14 5
17 19 18
0 0 8
22 1 8
22 23 27
16 20 27
22 0 10
3 5 3
19 21 3
23 1 19
20 20 30
10 11 17
22 1 3
1 2 18
16 18 17
8 11 24
21 0 7
3 4 13
12 15 13
2 5 15
14 18 29
13 15 21
9 12 6
21 0 28
17 19 17
4 6 21
0 1 17
12 14 11
7 10 13
22 1 4
15 18 8
18 21 16
13 15 14
22 0 25
6 10 30
0 4 7
20 23 16
22 0 4
22 1 9
1 2 21
8 9 11
20 21 19
17 18 3
16 18 16
11 13 21
1 4 20
3 4 27
6 7 4
20 22 12
1 2 9
10 13 25
22 23 23
0 1 29
20 21 24
4 5 28
7 10 10
20 21 14
2 5 4
14 15 2
10 13 2
11 11 28
20 23 20
15 18 9
22 0 24
18 21 3
19 20 1
20 21 9
2 3 22
18 18 1
16 19 4
2 4 8
16 19 22
5 8 6
6 9 25
15 16 14
16 18 3
0 2 9
20 23 12
4 8 3
11 13 6
23 1 21
14 15 8
4 5 28
23 0 12
19 21 9
3 5 21
22 0 24
6 9 9
3 6 19
20 23 5
7 8 1
14 16 9
22 0 20
6 9 30
2 2 11
0 1 2
17 17 4
3 3 21
14 15 17
14 17 9
12 13 28
8 8 25
7 9 30
22 2 9
5 6 30
6 7 16
7 8 22
16 17 8
5 6 15
9 11 8
6 9 26
14 17 10
16 20 5
19 22 30
8 9 13
11 14 25
20 0 22
13 16 4
6 7 24
17 19 27
18 19 1
0 2 20
3 5 15
10 12 18
1 3 4
22 0 20
19 23 23
23 2 13
4 6 20
8 8 9
13 16 21
8 11 5
7 8 26
14 15 1
15 16 8
2 3 11
23 2 3
8 12 5
14 15 23
0 4 11
1 3 13
19 21 27
1 2 3
19 22 6
16 19 22
16 17 12
6 6 21
17 19 30
11 13 26
22 2 21
8 10 23
21 1 23
9 12 22
4 6 27
4 5 3
15 16 15
18 21 22
6 10 8
6 7 30
1 4 9
0 2 22
10 12 9
23 1 22
10 13 8
11 13 10
18 19 5
23 0 25
7 9 20
6 11 9
23 0 3
7 7 2
6 9 18
12 13 1
4 6 18
2 4 23
21 21 10
22 1 25
8 9 12
4 6 19
8 10 27
22 23 9
15 17 7
2 4 17
4 5 16
2 4 5
1 2 8
2 5 16
15 17 17
20 23 18
22 0 8
17 20 8
20 19 25
23 1 8
15 19 13
0 1 16
7 9 27
2 6 17
2 5 30
10 11 15
22 1 28
14 16 1
22 0 26
23 0 22
17 19 11
4 5 17
15 15 11
4 5 13
15 18 18
13 15 22
23 1 2
15 18 20
19 21 27
8 9 1
6 7 6
11 11 24
7 10 5
6 8 12
6 7 16
7 11 26
14 17 12
10 12 12
4 5 21
18 23 19
20 21 29
11 13 29
12 15 24
19 20 12
6 8 23
18 21 15
6 7 4
3 4 21
20 21 14
2 5 11
6 9 14
4 5 5
19 22 28
14 17 1
13 15 7
23 2 3
3 4 25
2 3 24
14 16 17
22 23 26
21 21 10
3 6 26
2 5 15
22 0 16
18 21 18
13 15 7
3 5 9
7 9 29
3 5 15
13 14 4
12 13 12
17 21 19
21 23 18
15 15 22
8 9 12
1 2 25
11 11 12
10 10 18
19 22 10
23 2 17
17 19 10
4 6 20
15 16 8
3 7 29
0 0 19
1 4 24
9 10 2
2 3 20
1 2 3
14 15 15
18 19 28
11 12 2
12 14 11
11 14 16
7 8 9
9 11 24
0 1 7
10 11 3
18 19 26
0 3 29
0 1 3
11 10 11
1 4 27
22 1 24
8 12 10
8 11 10
14 16 12
23 3 12
21 23 19
7 10 17
12 15 21
17 19 25
10 12 7
1 2 4
4 7 3
9 13 10
1 3 14
14 16 27
8 10 2
12 12 4
21 22 18
8 12 25
19 21 25
22 0 5
0 1 30
20 21 2
16 20 4
19 20 3
18 20 5
23 0 1
19 21 24
0 1 15
11 12 25
13 14 9
17 17 15
20 23 28
13 14 20
11 12 30
9 13 6
21 0 7
13 15 17
15 18 27
8 10 11
16 17 3
8 11 24
8 10 5
19 21 20
21 23 26
2 6 4
15 17 24
13 17 8
5 8 9
16 18 17
3 5 3
4 4 14
16 18 5
19 22 18
12 14 29
12 14 30
8 10 16
0 2 25
3 3 1
11 12 9
20 22 19
15 16 1
22 1 10
11 13 4
4 6 14
9 11 8
3 5 27
16 18 20
11 16 5
13 14 22
0 1 16
1 4 13
18 20 21
23 1 19
1 4 15
1 2 22
14 17 11
10 12 15
11 13 26
1 3 17
20 22 11
11 14 19
13 16 11
23 2 30
1 5 6
6 9 21
20 22 18
12 15 24
10 13 21
17 18 11
23 0 1
21 22 21
19 21 17
8 11 3
17 21 27
3 5 18
4 5 10
15 18 26
16 19 11
0 4 6
19 20 30
19 21 16
18 21 3
18 20 11
11 12 3
17 19 17
0 2 21
22 1 8
17 20 12
16 18 12
0 1 30
9 11 22
14 15 5
13 15 6
21 0 3
10 13 1
4 5 28
14 17 10
21 23 18
21 23 4
15 16 29
12 14 7
5 7 29
5 7 3
23 1 28
19 21 21
5 7 30
20 0 24
2 4 25
11 13 12
21 23 21
21 23 25
23 0 29
7 7 10
12 13 12
8 11 19
3 6 12
19 21 28
22 23 3
6 8 15
11 12 22
3 3 7
10 12 15
17 20 10
15 17 23
19 20 2
12 14 24
14 15 15
21 23 3
19 21 22
4 5 16
7 10 18
15 15 27
6 8 8
6 9 20
23 0 30
11 13 3
16 18 24
0 3 28
21 23 17
10 11 30
5 6 17
7 8 10
23 2 13
7 9 4
22 23 6
20 21 20
12 15 15
19 21 30
2 5 3
14 16 17
0 1 20
20 21 27
23 2 3
11 13 30
9 11 7
2 2 2
17 19 23
18 21 9
22 0 22
13 17 16
17 20 7
1 3 15
17 21 24
17 18 19
13 15 21
11 14 13
18 19 8
13 13 29
14 15 30
15 16 14
21 23 19
1 2 26
22 0 12
5 6 9
17 19 7
16 16 11
22 0 6
3 6 4
18 20 5
12 14 28
20 23 25
17 20 29
19 22 5
20 23 10
22 22 16
5 8 27
13 14 25
16 17 2
21 23 26
4 6 20
21 0 3
3 6 30
14 15 20
8 11 21
18 20 29
18 18 19
19 21 12
8 9 1
14 16 7
1 4 2
22 1 18
20 21 21
3 3 26
19 22 5
19 21 2
13 17 18
0 2 18
4 7 8
14 18 5
11 12 18
7 8 7
14 17 26
14 17 27
23 2 30
10 10 26
15 16 8
6 7 5
21 0 26
9 12 26
7 10 13
10 11 20
17 19 29
0 4 14
11 10 1
21 22 19
15 18 13
23 22 9
20 22 2
0 3 22
10 12 9
0 2 10
10 13 6
14 14 25
12 13 21
10 11 4
13 14 25
14 16 29
17 18 14
3 6 13
17 18 10
0 2 26
4 6 28
13 15 5
11 13 16
1 4 19
11 12 19
14 15 5
21 23 6
18 20 1
1 3 3
8 10 25
12 16 11
1 3 12
17 18 11
1 4 26
4 7 17
8 10 5
1 3 6
6 8 14
14 17 18
17 19 25
8 9 22
5 8 12
4 7 18
21 0 27
23 0 3
14 16 24
1 4 24
10 11 15
1 3 9
12 16 10
10 14 4
23 1 8
20 22 13
20 22 6
8 11 22
4 7 20
9 11 5
16 18 21
10 11 26
22 23 26
9 14 22
7 9 29
22 1 29
18 21 3
12 16 7
13 16 16
13 15 6
18 18 9
7 10 24
0 2 29
12 12 23
1 5 1
0 1 17
0 1 25
19 19 6
16 15 3
13 16 6
23 1 4
11 15 11
14 17 16
5 6 16
14 16 14
2 5 8
21 1 12
14 15 9
14 14 20
15 16 6
8 11 17
23 0 20
1 5 19
18 19 7
14 16 27
1 3 2
13 15 30
14 16 4
14 18 16
16 17 5
10 14 5
0 3 10
22 22 15
20 22 8
18 22 15
19 0 19
5 7 22
18 20 2
16 19 1
16 17 6
16 18 4
20 21 28
7 10 29
16 17 27
2 3 21
7 9 10
13 17 30
20 22 13
22 2 21
4 6 17
5 7 22
11 15 19
16 19 23
9 12 21
0 3 5
0 3 4
9 12 14
16 19 18
15 16 4
15 16 22
21 22 11
17 19 14
6 8 30
19 22 7
12 15 19
2 3 20
21 22 11
7 10 6
14 15 22
8 10 24
13 12 16
23 1 3
8 10 28
3 5 8
0 2 12
1 3 21
5 7 23
18 19 24
10 11 5
6 7 7
21 22 14
23 0 22
13 17 21
22 1 5
23 23 11
15 16 4
8 11 17
16 20 21
14 15 23
11 13 21
17 20 22
5 7 21
1 2 28
1 3 20
18 20 23
3 5 3
0 4 30
1 5 7
10 12 16
8 9 12
6 8 11
0 2 2
22 1 15
19 20 21
14 16 2
19 22 21
15 17 22
1 5 29
6 9 28
12 14 20
6 7 23
17 18 16
7 9 16
11 13 12
3 4 30
22 23 8
19 22 10
8 8 22
18 21 23
23 1 16
1 3 16
0 3 4
11 13 25
20 23 9
11 14 27
10 15 29
0 2 19
0 2 10
5 7 4
0 2 22
12 13 19
22 0 12
15 17 17
14 17 19
19 21 28
12 15 14
20 22 21
21 23 5
2 3 12
16 18 5
8 8 3
6 8 18
11 12 3
1 3 16
19 22 15
22 23 27
4 6 1
20 22 4
16 16 22
12 14 19
11 15 26
5 7 12
14 16 30
10 10 28
0 2 7
21 23 8
20 21 5
21 23 26
12 14 10
9 13 30
9 11 3
19 22 2
13 14 2
5 6 30
4 5 26
18 20 17
2 5 6
13 15 2
19 22 20
22 23 13
23 2 1
18 21 25
19 19 15
2 5 30
8 9 11
10 13 2
13 14 13
0 4 28
3 5 8
5 6 23
4 7 18
21 0 9
8 10 21
13 14 26
18 19 8
2 3 4
12 13 12
9 11 26
12 14 6
10 10 25
12 15 4
18 20 5
16 18 15
8 9 18
0 1 4
13 14 20
14 16 3
8 11 18
16 20 8
15 16 25
14 16 2
14 16 20
11 13 29
11 12 16
7 8 25
7 10 2
18 21 27
13 14 7
2 3 1
9 10 30
12 12 10
16 19 14
6 7 10
0 2 7
1 1 28
1 2 25
13 15 26
22 2 21
21 23 25
1 2 5
1 4 27
5 8 4
6 7 22
23 1 16
22 0 6
15 17 28
20 23 24
11 12 23
23 1 17
9 11 28
2 5 17
9 10 25
21 23 13
21 0 21
5 9 22
16 18 19
1 2 17
22 0 14
15 19 30
20 22 14
15 17 22
14 16 14
10 11 8
5 7 7
20 23 25
18 22 1
12 14 3
8 9 12
23 1 2
5 5 30
15 17 10
12 14 21
18 21 3
21 0 26
14 16 3
18 21 5
15 17 25
11 12 26
9 10 5
7 10 26
1 2 9
19 22 24
10 12 13
13 16 8
22 22 17
9 11 21
6 9 23
9 11 22
12 15 28
8 9 29
23 1 14
2 4 5
13 16 29
8 10 1
16 17 13
2 4 11
2 4 9
15 17 2
16 19 2
2 3 14
11 14 12
19 23 26
4 5 18
2 4 26
16 17 8
22 1 30
3 3 22
6 8 25
0 2 25
14 16 22
12 16 17
11 15 30
4 6 13
2 3 23
14 15 21
17 19 16
7 10 16
19 23 24
19 19 11
18 19 25
18 19 27
13 15 5
8 8 1
6 8 19
22 1 27
18 20 13
14 17 18
22 23 29
20 23 9
9 11 12
8 11 8
6 8 2
22 1 21
12 15 4
7 7 3
12 12 20
17 19 8
7 9 20
13 16 17
18 20 8
5 7 21
1 3 12
9 10 19
6 7 4
1 3 6
23 2 26
13 12 27
21 0 18
6 11 11
5 7 9
4 4 17
7 9 16
21 22 24
11 12 24
13 15 4
3 6 16
13 16 13
3 6 2
3 6 6
1 4 12
1 4 14
7 8 7
18 22 15
19 0 5
6 7 5
10 11 1
10 12 14
5 7 15
1 4 14
7 8 29
7 10 21
23 2 30
4 6 8
21 21 28
13 16 16
4 6 19
10 12 15
11 12 30
16 14 18
17 17 9
6 8 16
3 5 7
21 23 20
9 11 18
9 13 22
9 9 19
21 0 23
18 20 23
20 22 2
13 15 1
18 20 11
0 1 11
0 3 4
22 1 22
6 8 8
14 15 25
15 15 12
10 13 17
8 10 13
16 19 2
0 1 28
7 8 14
9 10 29
1 4 27
13 15 29
17 18 15
3 4 8
14 14 24
14 15 3
12 15 28
17 19 4
1 3 18
8 10 5
23 0 11
23 2 9
17 21 29
10 13 4
21 23 19
17 18 24
23 1 5
23 2 13
20 20 5
5 6 29
6 8 28
8 10 2
2 5 25
23 1 29
9 10 18
9 12 19
8 12 22
17 19 12
23 0 3
2 4 1
21 23 11
8 10 15
23 1 16
9 11 13
14 15 29
2 5 30
3 5 6
20 21 27
18 22 12
9 9 18
21 23 30
14 16 15
11 14 1
22 1 25
23 1 20
0 1 14
17 21 6
17 18 30
15 17 9
14 17 4
8 11 13
22 2 26
11 14 15
0 4 7
18 19 14
1 2 25
1 2 30
14 15 11
0 3 21
5 8 9
8 11 14
20 23 3
23 0 7
5 8 6
23 1 19
18 20 14
15 16 14
15 17 5
17 20 24
20 22 23
22 1 13
19 20 3
17 18 17
23 2 10
11 14 24
5 7 3
6 8 7
6 8 21
22 0 9
12 15 16
14 15 6
14 15 12
6 6 5
2 4 1
3 6 25
12 14 28
11 14 24
7 8 5
3 6 5
20 21 24
2 2 23
9 10 15
15 18 21
2 5 17
22 23 11
14 16 22
18 20 17
4 6 5
14 15 10
11 12 20
5 8 14
7 8 22
2 5 27
20 22 8
16 18 15
7 9 16
17 19 9
12 13 5
5 7 25
23 2 4
3 5 9
20 1 12
19 22 10
11 13 8
5 8 6
2 5 23
7 9 5
21 0 1
0 1 27
8 9 4
22 22 20
18 22 8
1 3 19
12 15 22
18 20 7
4 7 22
17 18 27
0 2 11
17 21 28
4 7 9
9 13 19
2 5 25
9 10 21
18 18 12
5 6 3
20 21 10
20 23 20
15 16 7
5 6 25
20 22 1
3 5 11
18 20 8
1 3 5
14 15 15
16 17 29
19 21 8
12 15 23
14 15 23
10 12 13
14 16 2
0 0 20
10 12 12
0 4 17
16 18 23
7 9 20
12 12 9
8 9 17
14 15 19
19 23 23
5 8 24
0 2 22
15 17 1
8 9 7
13 15 13
3 5 20
1 5 7
11 15 21
9 10 1
22 1 24
12 14 28
20 23 9
8 10 24
14 15 12
0 2 20
13 13 15
19 19 9
14 18 7
14 15 8
16 16 11
2 5 8
23 2 27
10 12 5
2 4 20
13 16 24
8 11 13
2 5 14
20 2 6
8 11 17
0 3 20
22 2 10
8 9 7
7 9 28
20 21 10
7 11 19
23 2 18
11 14 13
22 0 30
9 11 25
13 15 17
2 3 5
23 1 11
5 8 25
14 17 21
10 12 12
13 16 4
4 9 2
4 5 22
0 2 29
21 22 10
12 14 11
15 17 4
23 1 1
9 10 2
4 6 4
9 10 16
9 12 25
13 19 22
0 2 27
17 19 15
8 10 25
3 3 8
21 22 11
22 0 26
5 7 28
19 22 29
20 22 5
23 0 13
17 19 26
4 6 25
0 1 2
4 7 8
23 0 6
1 3 30
3 4 28
22 0 24
22 22 29
8 10 22
10 13 5
14 16 26
12 13 6
20 23 23
4 4 24
19 20 16
18 20 3
11 13 11
10 12 15
8 11 6
9 10 9
4 6 13
3 6 15
20 22 29
6 7 30
10 14 30
17 20 24
17 19 13
10 12 26
18 19 29
14 14 22
14 15 22
22 23 22
15 18 24
11 12 16
10 10 22
20 21 9
3 7 7
16 20 9
14 16 25
19 22 9
15 18 30
14 16 7
6 8 10
2 3 3
0 1 3
18 20 14
11 15 11
6 7 26
16 18 20
12 13 1
22 2 21
12 14 27
7 9 3
18 19 30
13 16 7
12 14 1
18 20 6
18 19 2
13 15 14
5 7 3
21 1 9
20 22 29
14 16 23
12 15 8
13 14 30
13 15 28
11 12 29
6 6 10
18 20 28
13 16 24
0 1 5
22 1 15
21 0 22
7 9 30
19 21 29
11 13 20
20 22 4
4 7 2
15 16 7
1 2 29
5 7 20
12 14 8
5 8 18
9 10 4
20 20 7
12 14 24
23 1 6
5 6 28
3 4 14
21 23 17
4 6 25
7 11 29
17 18 22
4 7 17
12 16 11
3 5 24
16 18 26
23 1 26
12 14 16
6 8 17
8 10 7
8 9 27
13 15 16
13 14 15
1 1 2
20 21 7
23 1 18
8 10 3
18 20 25
18 20 17
19 22 14
17 19 14
6 8 23
15 16 20
9 11 11
22 23 16
5 8 2
1 3 9
19 20 25
11 14 6
11 13 2
1 4 16
20 22 10
19 22 4
19 20 28
21 0 9
10 12 27
9 11 25
5 7 10
11 11 13
12 12 28
3 4 6
18 20 2
20 20 10
10 11 12
5 7 4
20 0 6
12 14 18
11 13 15
10 12 30
11 14 11
10 11 5
12 15 16
8 10 21
5 7 2
4 7 23
5 7 17
20 23 5
17 18 19
6 7 20
20 20 18
4 7 1
8 10 17
22 0 28
0 2 26
11 12 23
5 6 17
21 22 1
6 7 5
3 6 2
0 2 17
0 2 12
20 22 20
6 8 29
1 4 12
23 3 15
16 18 28
18 18 26
13 15 24
20 23 22
17 20 4
11 13 8
4 5 11
0 3 10
0 2 17
19 21 16
9 11 27
4 6 3
5 8 21
16 18 17
13 16 11
10 12 20
8 10 17
11 11 6
0 1 29
2 2 20
15 18 24
13 18 8
12 15 6
12 14 15
22 1 4
5 4 22
4 8 4
16 17 27
12 14 18
11 14 9
11 13 4
22 23 27
20 22 28
13 15 16
21 22 1
12 13 5
9 10 27
17 19 15
9 9 14
17 19 28
0 1 4
20 21 29
1 2 20
4 6 3
12 16 15
7 9 6
16 19 13
10 12 9
8 9 13
15 17 29
2 4 27
17 20 6
22 0 9
11 15 5
19 23 13
16 19 30
14 17 11
13 14 22
13 15 2
6 7 16
10 12 14
8 10 29
8 10 20
16 18 11
23 1 30
2 3 1
14 17 15
1 4 30
18 21 22
7 11 8
4 6 15
22 4 23
5 7 13
23 0 3
12 14 10
13 15 23
17 20 29
0 3 21
2 4 19
21 22 22
15 17 2
23 2 16
7 8 29
0 4 4
9 8 21
8 10 12
0 3 21
10 11 27
15 16 25
10 12 25
12 13 5
2 3 26
23 1 18
21 23 18
0 3 2
20 23 16
13 15 15
16 17 28
7 8 13
1 3 14
10 14 10
6 7 26
15 17 25
15 18 16
1 3 27
23 1 15
16 18 27
22 23 16
15 17 30
10 12 20
22 0 8
3 6 4
11 13 5
11 13 27
3 5 19
13 15 8
11 13 1
1 2 23
19 21 4
18 20 12
23 1 5
11 11 11
22 23 4
9 10 21
19 21 3
21 23 22
20 23 10
17 19 30
16 18 15
2 5 24
12 13 24
16 20 4
3 7 16
22 1 23
3 6 11
15 16 23
11 14 3
20 22 17
2 4 4
19 22 20
6 6 12
11 12 29
13 15 6
19 20 6
6 9 15
22 1 24
22 23 14
9 11 12
10 11 14
9 12 23
3 4 19
15 16 10
0 4 29
4 5 8
23 2 7
3 5 1
22 0 3
3 5 8
16 18 13
13 13 17
9 10 18
17 20 15
21 22 1
10 13 16
9 12 4
6 10 5
13 14 8
15 18 30
19 21 3
17 17 25
0 1 27
14 17 8
8 9 28
0 1 17
0 2 3
23 2 1
19 19 21
21 21 7
7 10 11
4 8 10
18 19 16
1 3 25
4 6 6
2 3 6
10 13 29
5 7 23
13 15 3
4 6 25
14 17 28
15 15 6
22 1 3
10 12 7
2 3 29
16 17 3
1 1 5
22 2 9
15 17 4
14 16 23
3 6 18
16 19 7
0 2 12
7 10 1
2 3 28
17 18 3
21 23 9
6 8 6
15 18 25
9 11 30
22 0 25
14 17 7
8 9 18
22 23 20
21 23 24
19 18 1
18 23 15
23 0 5
16 18 14
18 20 27
4 7 8
11 14 30
18 19 26
10 9 8
14 17 1
1 3 5
20 22 11
16 19 15
18 19 17
16 20 20
23 1 14
16 18 7
22 1 17
20 23 5
6 9 2
6 8 8
4 8 25
20 23 1
0 2 24
17 20 23
14 18 26
12 15 23
4 5 22
2 4 9
23 2 13
5 8 27
7 11 14
1 3 13
17 19 16
10 11 29
3 5 14
8 9 14
4 7 8
11 15 6
4 5 4
15 18 6
10 13 9
22 0 4
3 4 23
18 22 23
1 3 17
15 18 7
10 12 8
15 18 6
14 15 11
4 6 17
3 5 19
2 4 8
10 15 11
2 4 17
0 3 5
1 1 21
4 7 16
11 14 21
20 23 7
17 20 22
22 1 19
7 8 30
4 6 15
5 10 10
0 1 28
0 1 23
23 2 12
2 3 24
19 19 9
1 3 14
20 22 30
23 0 4
0 1 25
19 20 30
4 7 20
15 16 14
21 23 17
15 17 23
6 7 12
4 6 20
14 15 24
1 4 25
7 9 11
13 15 22
18 19 9
7 10 15
1 2 19
7 9 20
22 23 12
0 3 14
5 6 6
6 8 7
18 19 22
15 16 30
13 15 15
22 23 18
17 18 20
13 14 5
20 23 6
1 3 24
12 14 21
21 23 10
16 17 7
4 7 10
5 6 22
0 1 19
22 23 30
11 13 19
14 17 18
23 0 1
6 8 26
23 2 19
9 10 27
11 13 6
9 12 13
7 9 16
14 16 11
15 17 12
15 18 20
14 17 10
1 2 18
12 14 3
16 17 13
0 4 4
6 7 13
1 3 16
5 6 21
14 16 28
7 9 10
3 6 16
10 12 15
19 22 22
2 5 21
20 22 26
12 15 3
5 7 27
16 17 24
13 15 4
18 19 2
8 10 27
11 12 25
13 16 6
4 6 4
2 4 3
11 13 8
0 3 11
22 0 3
20 22 3
10 11 14
15 16 23
6 7 30
21 0 28
20 21 11
20 21 5
4 6 14
4 7 16
20 21 23
23 0 5
1 3 14
0 1 25
22 1 11
14 16 20
16 16 23
10 13 13
13 16 7
4 5 12
17 18 11
23 1 13
8 11 26
13 13 30
16 17 10
17 20 21
14 16 23
19 21 12
4 6 5
21 0 12
8 10 15
4 6 29
4 6 5
18 21 8
13 15 27
10 12 4
17 19 5
4 7 13
20 22 6
13 15 3
23 2 12
21 1 22
9 12 27
22 23 6
9 10 30
11 13 23
9 11 12
23 2 15
21 21 21
11 13 21
16 19 23
1 3 27
20 0 21
5 8 5
9 12 16
2 5 2
22 1 2
3 6 12
15 17 14
4 6 7
12 14 2
3 8 1
2 3 17
8 11 10
14 14 1
10 10 28
0 1 16
4 5 5
13 15 28
9 10 3
18 20 2
2 5 26
7 10 28
0 3 2
22 0 9
7 6 4
12 13 1
6 8 11
9 9 27
3 5 25
13 15 4
14 16 6
10 14 6
21 0 15
9 11 11
16 17 15
9 12 20
1 1 5
8 9 6
7 9 23
4 6 5
4 7 6
10 12 23
7 9 25
18 19 15
11 13 19
22 23 3
18 21 22
4 6 23
9 12 7
10 13 8
16 17 13
6 8 3
9 11 6
23 1 8
9 10 8
22 1 17
5 7 18
7 9 16
22 23 23
14 18 26
18 20 14
18 21 17
17 18 10
1 5 17
22 0 25
5 7 19
5 8 4
5 8 19
2 6 9
17 20 9
17 18 30
21 23 2
2 4 6
3 4 7
13 14 11
22 0 23
2 3 17
20 22 30
1 5 25
12 15 10
10 10 23
18 18 4
4 7 20
17 20 6
14 14 25
0 2 1
3 5 19
13 16 1
14 16 24
22 2 20
2 4 3
0 3 2
4 7 1
15 17 23
16 18 6
12 14 10
17 20 13
23 2 28
23 0 6
18 20 15
2 3 1
5 5 7
7 9 28
8 10 6
6 7 18
11 14 29
13 15 17
5 6 20
2 6 22
14 16 3
14 14 12
6 9 3
0 4 2
18 21 19
2 5 7
14 16 11
3 7 18
12 15 11
10 14 26
4 5 30
16 18 27
2 4 26
15 16 3
4 7 29
7 9 23
22 23 18
17 19 11
10 14 7
2 5 17
14 16 8
1 3 8
18 20 5
21 23 30
3 5 15
9 11 5
9 11 24
15 17 8
1 4 28
17 18 7
18 20 17
21 0 7
0 3 2
12 15 6
20 22 19
1 1 27
13 14 5
19 22 19
14 17 6
8 10 27
18 20 17
12 14 21
2 4 25
3 6 29
23 0 21
2 4 26
2 3 22
20 22 6
17 20 14
18 19 21
7 9 20
11 12 9
19 20 20
16 17 1
10 13 15
11 13 14
5 6 20
3 4 11
1 2 9
16 18 29
1 1 2
11 15 17
5 8 4
18 20 18
23 1 19
11 12 6
14 15 23
14 15 19
19 20 22
19 21 15
17 19 9
10 10 25
10 11 24
21 0 29
21 23 11
7 9 21
20 22 5
21 0 15
8 10 17
7 8 16
23 2 17
5 9 2
1 3 29
2 3 2
9 9 21
0 1 11
15 18 16
17 19 28
12 15 6
8 9 6
0 1 10
17 20 3
12 12 12
13 15 28
16 18 24
5 8 5
12 15 5
7 9 5
23 2 18
7 10 28
22 23 6
5 8 30
0 3 12
17 20 11
14 14 2
14 16 22
22 23 12
19 0 13
8 11 10
21 23 28
4 5 5
20 20 15
2 4 7
19 22 8
13 16 14
17 21 9
8 10 30
0 2 24
7 9 11
21 23 10
15 16 28
16 17 11
10 12 3
0 2 28
16 16 19
8 9 12
6 10 20
8 9 5
18 19 16
18 19 30
0 4 28
6 8 11
22 0 26
16 17 12
4 8 3
10 13 24
3 4 24
13 15 2
9 13 18
0 1 16
11 15 18
10 11 30
19 22 10
9 11 7
21 23 21
6 8 7
16 16 25
16 17 29
4 6 5
19 23 3
19 22 27
4 6 4
15 17 13
10 12 3
19 21 4
8 9 15
6 9 11
2 5 12
13 14 28
6 7 8
17 19 10
1 3 25
19 20 13
4 7 15
22 2 14
16 17 23
19 20 7
10 12 26
0 3 1
21 23 10
16 19 25
11 14 8
7 9 12
1 2 24
5 6 30
0 4 21
23 1 5
9 11 7
14 17 27
6 8 17
15 16 23
5 8 28
9 12 19
7 8 8
16 20 11
9 9 23
15 16 14
13 14 24
7 9 7
0 2 29
17 20 3
13 14 23
1 2 1
5 8 4
5 6 9
3 2 9
4 8 2
2 4 26
13 15 15
14 17 7
18 20 22
4 5 25
11 12 1
9 10 10
3 4 1
9 11 14
5 9 10
5 8 7
6 10 10
12 13 23
5 9 22
20 20 15
22 2 25
16 19 30
16 17 11
0 3 5
4 5 18
3 6 5
21 23 10
15 18 9
17 20 28
23 23 4
16 18 12
0 0 12
15 17 30
12 14 28
2 4 28
21 23 28
2 3 1
4 6 19
3 6 2
10 12 8
19 21 15
8 8 24
16 19 24
5 7 19
2 4 23
6 9 19
0 4 20
3 7 26
19 22 18
13 16 20
17 20 6
6 7 6
1 4 6
21 0 10
9 11 6
17 20 14
12 15 7
6 9 20
12 13 15
16 17 18
13 16 8
3 5 6
6 8 12
23 0 9
11 15 2
21 22 14
0 0 17
7 8 10
23 1 15
20 22 25
11 12 21
13 14 16
21 1 15
4 7 2
18 19 24
19 21 29
11 13 19
11 13 21
13 17 16
6 8 15
23 2 15
1 2 11
20 21 3
21 0 26
16 18 4
13 14 6
13 14 12
8 10 1
13 16 30
9 12 25
9 13 12
22 0 25
21 22 15
10 12 4
15 19 21
15 16 21
15 17 8
4 7 19
20 22 24
6 8 6
8 10 7
3 6 20
8 11 17
4 6 12
3 7 17
18 22 8
21 1 26
5 7 2
7 11 17
11 13 21
21 22 16
8 10 24
21 22 7
4 6 30
3 4 30
7 8 30
10 13 4
4 7 22
13 15 2
7 9 11
13 14 19
1 4 14
4 5 7
2 2 18
0 3 12
9 10 26
15 18 21
9 9 18
1 2 29
3 4 30
9 11 21
12 15 9
23 1 27
7 9 25
22 23 3
6 8 30
10 12 20
3 5 2
15 16 3
0 1 9
7 9 27
10 13 2
19 21 8
16 20 14
19 20 4
6 6 2
18 20 5
23 2 29
13 15 24
0 0 6
8 12 18
9 10 18
18 20 1
14 16 7
0 3 7
20 22 17
22 0 18
14 16 23
6 8 15
9 11 3
0 3 20
23 0 5
23 23 15
4 6 4
6 8 29
4 6 27
22 1 17
4 6 28
1 2 20
20 23 17
18 20 6
12 15 20
2 4 27
8 9 24
11 14 24
5 9 11
1 3 27
17 20 14
6 9 8
1 2 18
8 9 26
23 1 13
22 0 20
14 16 11
5 7 28
3 6 5
14 17 22
12 15 6
10 12 17
16 18 29
12 14 10
22 1 25
0 2 17
7 9 20
16 17 20
15 16 11
17 18 12
8 9 29
1 3 26
14 19 14
17 18 5
3 4 9
8 8 11
7 10 1
13 14 23
0 1 22
10 11 5
1 2 17
11 12 10
18 19 4
12 14 3
0 3 8
13 15 23
22 1 3
8 10 20
11 12 27
7 9 15
1 3 20
8 10 13
23 0 15
6 8 19
12 13 29
16 18 6
9 11 12
9 12 23
20 22 18
7 10 24
2 5 28
15 19 14
5 8 22
20 23 3
8 10 9
20 22 9
0 3 10
19 22 25
4 7 1
20 23 14
18 20 6
17 20 28
5 8 3
22 2 25
23 2 5
17 19 15
5 6 20
12 14 3
3 4 13
13 18 17
1 3 23
9 12 21
14 17 30
15 16 25
22 0 7
1 4 29
11 14 7
0 4 7
2 4 15
9 11 23
20 22 19
5 8 27
19 21 14
13 16 18
6 8 7
4 6 14
6 8 15
7 8 23
14 16 10
1 2 30
14 15 18
4 7 18
14 15 29
11 14 6
4 6 17
16 16 27
7 9 21
1 4 11
10 13 6
17 19 13
12 13 27
10 12 30
17 18 19
7 8 16
23 0 26
22 1 20
7 9 2
13 14 6
17 20 10
21 23 19
20 21 8
21 22 11
3 5 3
10 13 23
15 17 8
9 12 21
13 15 7
17 19 15
14 17 26
8 10 27
8 8 5
10 11 10
22 22 19
22 2 15
20 20 11
15 17 13
7 11 6
20 20 13
7 11 3
23 0 7
4 6 8
8 9 4
20 22 15
6 8 28
7 10 9
13 15 1
12 14 19
7 10 1
1 4 14
21 23 18
13 14 25
10 12 9
4 5 18
10 12 21
2 5 27
0 3 29
1 3 30
15 16 28
13 15 29
18 22 10
3 5 9
13 15 17
5 6 10
10 12 11
9 12 12
11 12 24
3 4 14
19 21 18
14 17 23
2 3 15
18 20 10
14 17 28
19 20 27
23 1 9
6 8 23
14 17 13
14 15 14
4 7 9
18 22 26
18 19 10
9 11 20
20 22 26
16 17 10
20 23 25
10 13 1
11 13 10
19 21 23
10 13 20
4 6 7
10 12 19
13 16 5
2 6 18
3 5 21
5 9 11
9 12 11
1 2 17
2 4 28
4 8 17
12 14 2
22 0 11
4 6 13
12 13 20
23 2 22
2 4 23
20 22 4
17 19 9
8 10 10
17 18 28
0 1 15
4 8 22
13 14 25
9 11 11
3 4 7
6 7 22
6 8 29
6 7 29
13 15 30
11 13 21
3 7 23
19 22 19
3 6 23
23 1 2
2 3 7
21 22 18
15 19 8
7 13 29
4 7 1
10 10 17
11 13 6
5 6 26
22 0 10
17 20 1
23 0 5
10 10 4
21 23 1
21 0 16
11 13 16
8 11 14
16 17 3
18 20 27
21 23 3
21 23 14
0 2 16
9 9 19
17 19 8
5 5 4
1 3 13
1 1 20
13 17 18
17 18 15
21 21 22
9 9 2
20 21 22
13 16 27
9 11 10
10 11 12
21 23 14
20 21 24
18 20 8
5 9 30
3 4 28
5 7 12
7 9 10
16 16 30
5 7 20
7 8 27
23 1 10
1 3 12
16 17 15
6 8 10
19 22 22
11 12 14
17 18 18
9 10 17
2 4 27
20 21 25
0 2 16
12 12 8
17 19 2
5 8 6
13 16 6
3 4 7
19 21 17
16 19 3
5 8 24
21 1 19
0 4 26
15 17 6
12 14 26
14 14 8
6 10 21
17 18 19
14 18 7
19 19 14
20 22 28
5 6 9
13 15 17
23 0 13
13 14 30
8 12 20
22 0 2
14 19 11
5 7 10
13 16 21
1 4 28
19 19 17
21 0 18
15 18 16
0 4 26
19 23 16
0 2 29
14 16 18
11 12 5
17 20 2
12 15 12
16 18 10
15 16 6
9 9 21
22 0 9
14 16 25
21 1 9
5 5 15
2 5 22
3 4 2
1 2 22
3 6 14
10 11 2
14 16 23
9 9 5
14 16 23
13 15 29
17 20 25
13 14 20
19 21 12
16 19 27
20 0 29
17 21 10
13 15 18
15 14 5
6 9 22
15 18 4
1 3 22
3 5 23
14 15 26
17 18 18
18 19 22
20 22 14
20 23 11
8 12 30
8 9 3
5 7 12
18 21 26
10 10 22
8 12 3
0 0 13
2 4 29
23 2 26
20 21 20
23 1 5
11 13 25
6 7 5
11 13 24
12 14 13
21 0 17
11 14 8
8 9 19
15 17 12
7 9 8
1 1 5
10 11 10
1 3 3
8 9 8
11 13 30
23 3 16
22 0 1
1 2 17
8 12 1
8 10 28
9 10 25
1 2 28
5 6 29
4 4 24
6 9 14
11 15 28
23 2 7
4 6 3
7 9 10
6 8 28
4 6 8
17 20 24
13 15 18
10 11 21
15 17 10
3 5 29
7 7 14
14 15 28
12 14 11
7 11 13
14 16 24
4 5 27
2 4 1
0 3 17
22 1 13
3 6 3
12 14 18
21 23 29
8 10 10
12 13 8
22 2 30
11 12 30
3 7 7
4 6 8
0 3 30
18 19 18
20 22 10
11 13 24
18 18 28
3 5 16
21 23 16
23 1 21
15 17 29
18 21 6
10 12 25
22 0 30
1 2 23
18 19 10
4 6 16
9 11 19
10 12 19
5 7 8
14 14 17
17 20 29
18 22 25
18 20 28
19 21 23
22 22 23
11 12 21
15 16 18
1 3 13
9 11 13
20 22 14
5 7 11
1 2 22
3 5 18
11 13 23
3 5 25
21 23 12
9 10 24
9 11 1
4 5 15
8 10 15
13 14 5
18 21 1
19 20 10
19 20 8
23 1 24
16 19 9
20 21 8
21 23 19
5 8 22
8 10 9
19 20 14
13 14 17
5 8 29
18 19 16
17 19 20
20 21 20
8 10 4
10 12 17
5 7 18
16 19 11
1 5 15
5 7 21
13 15 21
19 20 5
4 8 3
16 16 21
1 2 14
1 4 9
13 14 18
1 1 7
22 0 22
13 15 23
16 19 4
9 10 22
4 7 10
15 18 30
1 4 20
7 10 22
17 18 13
9 10 5
3 6 28
2 5 16
15 17 3
22 0 1
6 9 17
21 0 9
13 14 7
3 4 7
1 3 10
6 7 21
14 17 26
8 10 6
17 17 8
14 15 1
21 0 22
22 0 6
1 3 20
9 11 9
23 23 16
12 14 26
17 19 23
10 13 17
19 22 17
22 1 2
4 6 13
11 14 23
9 11 21
6 8 24
8 12 23
14 18 17
1 4 13
21 22 15
16 18 5
2 2 23
7 9 30
16 19 6
19 21 19
22 0 2
0 1 28
0 3 9
19 21 18
12 16 21
23 1 11
5 7 27
23 23 5
1 4 25
4 6 21
4 7 17
20 22 26
19 20 24
7 10 5
2 5 3
5 5 4
21 23 3
5 7 28
18 19 14
18 19 5
9 10 19
22 1 3
17 20 9
5 8 12
12 14 14
14 16 19
22 2 16
2 6 14
17 17 13
13 14 10
0 3 20
8 10 18
23 1 3
13 16 12
9 10 12
14 17 17
9 11 17
13 15 16
20 23 14
13 14 13
13 16 27
20 22 7
0 3 23
2 5 14
15 18 8
7 8 13
0 2 16
5 7 1
6 7 25
20 23 20
22 1 29
20 20 17
21 23 26
5 7 24
17 21 22
12 14 12
0 2 17
17 18 14
4 7 26
21 1 21
12 15 16
5 6 16
16 19 21
15 18 9
19 21 23
4 9 24
3 5 13
9 11 29
20 22 5
20 22 16
1 2 5
21 22 13
21 22 10
15 19 17
22 23 8
20 22 15
23 1 25
18 21 30
10 11 8
19 22 26
10 12 19
7 8 6
11 13 12
15 18 28
4 5 7
19 20 19
8 9 9
15 17 22
1 2 5
9 9 8
18 19 10
0 1 16
10 12 28
1 4 14
10 10 7
13 14 7
22 0 11
13 17 14
1 2 12
18 21 16
16 16 23
1 4 23
0 4 17
23 1 10
18 20 16
9 11 27
14 16 13
12 14 11
15 18 22
9 11 7
3 4 8
3 5 21
21 21 16
6 7 18
2 5 6
8 8 21
16 17 3
5 7 11
15 19 4
17 20 19
1 3 18
18 19 21
2 3 12
15 17 10
21 23 10
2 3 30
19 22 24
6 7 25
8 11 2
4 6 10
7 8 25
14 18 23
0 2 5
12 14 2
6 8 22
5 9 23
3 7 16
0 2 5
0 3 11
15 17 15
1 3 30
11 14 18
19 22 23
19 20 28
3 4 1
2 4 5
21 1 26
15 17 24
23 2 16
23 2 25
15 18 25
6 9 4
22 0 25
22 1 16
12 14 28
6 9 6
19 23 3
0 3 9
8 10 30
8 8 10
14 17 13
5 7 4
5 7 13
19 19 14
16 18 2
11 13 5
16 19 29
4 6 27
12 15 7
14 16 26
10 13 19
14 16 17
9 9 6
3 3 1
1 4 4
22 0 29
7 9 11
18 21 12
10 10 6
15 17 14
18 20 26
6 8 20
17 18 28
6 8 24
3 5 3
12 13 10
14 15 23
23 1 17
23 1 18
20 0 20
10 12 23
8 8 5
18 19 30
3 6 23
23 0 8
8 11 11
13 16 24
16 18 6
19 23 2
4 7 11
7 9 13
17 19 16
16 17 21
14 16 20
6 9 17
3 4 30
22 0 9
1 4 3
12 13 7
11 11 30
5 8 11
7 9 6
2 4 28
18 21 15
21 23 16
5 7 27
15 18 26
7 8 13
20 21 3
6 9 26
15 17 3
15 18 2
7 7 19
2 3 15
10 13 2
15 17 25
1 3 8
20 23 28
16 19 10
15 18 2
19 22 27
23 23 4
7 7 7
20 23 25
22 0 29
7 9 2
12 13 16
2 3 26
13 15 18
20 20 9
17 19 17
5 5 4
19 20 27
11 14 21
3 4 19
9 9 20
18 21 1
19 22 11
7 8 10
17 20 23
18 20 14
7 9 28
5 8 29
17 20 12
15 17 27
5 7 23
20 22 15
21 23 24
0 2 30
3 7 18
23 3 26
9 11 29
16 19 14
10 11 23
17 18 27
5 6 1
18 19 13
5 6 4
3 5 23
19 21 7
7 9 24
22 23 24
16 19 20
18 21 22
8 10 7
9 12 15
12 15 23
0 3 19
16 17 3
14 14 30
3 5 3
22 23 20
13 15 5
6 8 1
1 2 6
20 21 24
3 5 7
11 13 7
22 23 23
5 8 10
5 7 13
12 13 24
4 6 16
15 17 16
11 11 29
9 12 27
15 17 11
11 13 23
10 11 5
9 13 2
4 5 2
7 8 12
8 8 20
14 17 6
1 4 29
3 5 13
14 16 8
20 23 22
4 6 23
22 0 20
9 11 14
6 9 28
11 13 30
15 15 23
8 11 15
12 15 22
3 5 25
5 8 17
22 0 16
2 4 29
0 1 15
14 17 7
10 13 27
11 11 15
2 6 4
17 18 17
1 3 20
1 2 13
13 14 29
0 2 25
9 11 1
11 14 27
21 23 10
12 17 18
21 23 19
7 10 5
7 9 2
21 0 20
2 3 15
7 10 23
11 14 17
10 12 20
7 9 26
9 11 20
15 17 25
23 1 14
21 22 29
22 22 13
9 14 25
23 2 3
9 12 29
16 18 3
14 17 7
10 12 8
10 12 5
23 1 12
0 3 13
8 9 2
14 17 29
13 16 6
14 16 28
18 19 25
13 15 7
13 16 15
2 3 7
20 22 3
14 18 5
1 3 28
3 4 2
3 4 1
20 23 11
20 21 2
3 6 18
10 12 21
6 7 23
8 11 9
3 4 8
5 6 5
21 23 20
12 14 7
5 4 24
19 21 21
19 20 4
7 8 25
5 7 22
15 19 25
9 11 23
0 2 5
22 0 2
16 17 6
10 11 15
15 17 4
23 1 14
15 16 29
7 8 2
14 15 6
8 10 8
18 21 26
10 13 29
15 17 21
6 6 27
4 5 9
3 5 5
13 15 25
12 14 30
22 0 11
23 1 1
22 0 26
18 19 11
8 11 25
12 13 11
8 10 30
20 22 12
15 17 16
20 21 22
7 9 9
10 12 11
21 23 8
19 20 26
16 16 30
22 0 15
7 9 5
17 20 14
21 23 10
13 13 9
11 12 2
9 12 27
19 20 27
4 5 17
21 21 19
19 19 8
20 23 15
15 16 10
13 15 28
15 17 1
10 12 17
5 7 1
7 8 2
11 14 2
9 10 30
19 21 29
11 12 18
19 22 4
20 23 24
13 15 14
14 16 21
23 1 6
23 1 18
10 12 6
16 19 14
19 22 7
4 4 4
16 19 24
2 5 12
9 12 11
12 14 1
11 15 7
19 21 4
3 5 11
1 2 14
4 5 8
6 8 15
15 18 27
1 3 9
0 0 20
0 3 1
9 11 9
23 23 14
1 3 22
21 22 5
7 10 13
11 14 11
19 20 12
22 23 18
7 9 22
20 22 25
19 20 15
8 10 13
17 19 27
21 21 1
0 3 5
18 20 23
2 3 24
12 13 6
13 16 24
23 2 5
7 9 24
19 19 9
14 17 23
7 10 19
3 5 22
6 8 9
23 1 29
23 1 15
10 13 22
7 8 29
5 7 18
20 23 3
12 15 18
16 19 9
7 10 28
2 4 8
17 20 14
16 19 20
8 9 9
12 15 21
2 4 12
11 13 27
7 8 13
3 6 21
19 19 12
18 19 22
8 10 22
11 14 18
23 3 12
1 1 11
5 9 8
14 17 13
1 2 9
6 8 29
12 14 7
3 5 10
5 6 5
7 9 7
16 17 30
0 1 4
3 7 29
5 8 27
13 15 9
2 4 11
3 5 3
4 5 1
5 7 1
18 21 9
8 12 22
13 15 2
2 5 24
9 12 16
4 6 11
14 15 11
22 23 26
20 20 30
17 19 8
13 15 1
9 12 2
22 0 25
17 17 27
14 16 2
12 15 21
17 18 5
14 15 24
18 20 7
10 12 10
17 20 14
15 19 14
1 2 1
3 5 27
9 10 6
8 10 19
23 2 22
12 16 7
13 15 6
5 8 13
13 15 26
9 9 4
23 2 28
6 8 3
23 2 27
18 22 30
13 17 22
13 16 28
20 22 25
19 22 19
15 19 8
6 8 25
19 20 12
23 1 3
8 10 16
1 4 26
16 16 23
1 2 5
22 0 11
7 9 25
15 18 27
12 12 2
16 19 25
10 11 4
4 6 18
21 23 4
22 0 13
4 6 4
1 2 29
21 22 6
20 21 3
9 11 6
15 18 14
15 18 6
8 11 24
10 10 7
4 6 2
19 21 4
15 17 6
15 18 24
16 18 19
10 13 5
0 2 21
5 6 13
21 21 8
19 21 19
2 3 25
5 7 13
18 22 15
16 17 26
3 5 22
19 21 28
17 20 30
14 19 28
12 15 17
19 21 20
15 17 4
22 2 22
5 10 23
18 20 21
0 2 9
10 12 21
7 9 23
5 6 14
3 6 26
12 15 23
15 17 11
12 14 15
13 13 28
4 6 20
15 17 10
23 0 20
4 5 24
19 23 19
2 4 8
0 1 19
20 22 5
0 2 3
11 13 8
21 0 27
6 6 21
23 0 14
1 4 17
6 8 22
3 5 16
19 21 14
5 7 7
23 3 10
23 2 9
11 15 20
9 11 11
16 19 26
12 14 27
6 6 8
22 23 7
23 1 26
1 5 4
8 11 2
22 22 24
4 5 2
22 2 18
19 21 14
17 19 25
17 20 20
12 15 17
14 15 29
17 19 7
14 16 16
20 23 13
23 23 11
14 15 3
23 0 13
13 15 17
11 13 2
10 12 3
19 21 4
20 23 10
4 7 15
8 11 21
16 16 23
21 0 4
7 8 28
5 10 17
18 18 14
18 19 30
0 2 21
1 3 12
19 22 5
3 5 5
13 14 27
13 14 18
23 1 18
19 19 11
16 18 16
21 23 29
14 16 2
8 11 6
19 20 4
13 16 23
6 7 29
18 19 11
19 21 8
21 22 16
13 16 1
2 5 15
22 23 17
9 12 9
10 11 8
5 6 17
7 9 8
13 15 2
0 4 30
23 3 13
3 6 15
11 12 13
16 18 24
17 17 27
11 13 5
5 8 21
13 15 8
16 18 13
2 3 20
19 21 20
16 16 8
6 9 28
19 21 2
12 14 6
2 5 27
22 1 13
0 2 26
21 23 6
9 13 5
21 22 6
2 6 8
8 9 14
4 6 5
17 19 20
16 17 10
2 7 8
8 9 17
7 7 3
3 6 4
22 0 3
15 17 11
3 5 4
18 20 20
9 13 29
20 23 11
19 22 6
15 19 27
8 9 4
11 14 15
21 0 1
17 18 13
8 10 19
21 22 24
22 23 29
5 7 3
15 17 30
5 8 14
19 21 22
7 8 8
20 22 15
22 0 29
1 1 5
20 21 13
10 13 11
19 20 5
18 19 23
0 1 28
3 4 28
7 7 7
0 4 28
19 23 9
0 2 12
9 11 21
17 19 19
20 21 11
6 9 20
20 22 13
4 4 12
13 14 15
23 2 7
8 10 12
0 2 12
2 4 24
10 11 18
18 20 27
3 6 12
18 19 1
5 6 21
20 22 9
8 9 13
6 8 2
10 12 1
10 12 20
16 18 25
23 2 18
9 13 27
7 9 30
12 14 29
6 7 7
4 5 22
18 19 29
13 15 22
21 23 14
1 3 10
16 17 1
12 13 14
23 1 1
8 10 11
8 11 6
21 23 25
17 20 23
15 16 26
21 22 8
20 22 17
5 8 24
2 2 14
13 15 13
10 12 15
2 3 15
9 11 14
4 5 18
21 23 16
7 10 15
7 8 9
21 23 7
20 20 29
12 14 21
14 18 15
23 0 29
8 10 25
18 20 7
20 0 30
14 15 21
9 11 23
17 18 2
7 8 10
4 4 27
22 0 5
2 5 16
14 15 24
20 22 10
3 5 29
19 22 27
23 23 28
7 10 15
9 10 28
7 8 25
3 5 2
15 18 11
18 20 9
2 2 22
9 12 23
18 20 17
9 10 25
20 22 3
3 5 10
10 12 13
2 3 20
8 11 1
13 14 4
9 12 3
12 15 26
22 23 23
6 8 17
2 6 1
21 23 29
17 20 7
11 12 4
3 5 28
5 6 26
22 0 30
13 15 24
7 11 16
17 19 12
3 6 10
21 23 14
6 9 24
22 1 5
7 10 12
11 13 20
15 18 18
1 2 17
18 21 6
13 16 24
22 0 3
12 14 23
13 16 16
20 20 17
19 23 16
16 19 29
0 1 27
21 23 16
21 23 4
13 17 30
0 3 8
22 3 15
13 15 16
0 2 7
17 20 20
10 11 8
3 6 3
17 19 23
11 14 20
20 20 15
21 23 16
4 6 25
9 13 23
17 20 5
17 20 28
7 10 5
1 2 1
6 8 3
20 0 7
1 4 21
6 7 29
5 8 25
18 20 8
16 18 7
11 14 25
2 4 15
5 7 17
5 7 6
2 4 19
10 12 8
16 18 10
14 17 22
7 9 18
18 22 4
3 5 20
8 12 13
15 17 21
9 13 3
8 11 13
13 16 10
12 13 5
0 1 29
12 13 15
4 7 10
4 5 30
4 6 12
21 1 27
17 18 23
16 19 9
9 12 16
13 14 27
21 22 26
18 21 11
7 10 7
3 7 7
11 11 14
9 12 1
9 12 9
13 14 29
4 6 1
5 7 3
0 3 30
20 22 7
16 18 9
0 1 1
23 1 29
9 10 6
23 2 24
12 14 8
19 22 5
7 9 21
23 0 20
20 23 26
1 2 7
21 22 2
8 9 30
11 14 4
16 16 6
18 21 4
10 12 5
9 11 23
13 17 9
20 0 22
4 7 1
20 21 19
3 5 26
13 14 1
9 10 24
16 18 25
12 14 26
8 9 26
4 4 22
14 16 16
4 7 14
20 21 5
16 20 15
17 20 16
1 -1 4
23 2 7
13 15 28
7 11 5
10 11 28
1 4 14
3 6 25
9 10 5
8 11 4
20 22 18
1 2 17
5 8 28
7 8 27
17 20 3
6 7 8
1 3 15
13 15 6
0 2 1
17 16 1
8 10 27
1 3 1
12 16 27
15 17 25
0 3 25
18 21 5
3 7 5
11 13 24
16 18 25
17 18 24
13 16 21
5 5 11
18 21 10
21 23 26
18 21 9
1 1 18
18 19 27
18 21 10
2 4 22
20 21 23
17 19 7
16 18 22
15 18 9
17 19 29
21 0 25
1 4 29
10 13 24
19 22 27
12 11 3
1 3 8
3 4 5
0 3 19
10 13 3
21 23 14
3 5 7
17 19 6
1 4 29
6 7 19
15 18 30
19 23 6
8 10 12
6 7 28
19 21 8
15 19 13
0 2 13
6 7 1
11 13 2
0 2 4
0 4 18
16 18 12
1 3 15
8 10 8
7 9 21
23 23 25
2 3 15
4 6 6
16 18 1
18 20 30
13 15 17
17 18 10
10 13 16
14 15 17
5 8 6
3 4 11
13 16 28
6 8 6
14 16 6
7 7 26
22 0 8
21 23 20
14 18 11
13 14 1
21 23 7
18 21 23
17 20 13
21 23 8
21 23 16
5 6 6
10 11 17
10 12 22
16 18 16
4 6 4
6 7 25
9 12 30
2 2 20
10 11 16
5 7 28
12 14 20
4 6 22
13 16 6
18 20 7
5 9 16
0 2 23
20 22 6
12 15 20
13 14 2
21 22 3
5 9 1
23 2 24
19 21 6
7 8 25
12 14 16
4 6 30
1 3 5
11 15 17
6 9 16
16 18 28
2 3 6
16 18 29
10 13 11
20 22 12
21 22 15
11 14 2
22 2 13
2 4 10
3 5 25
12 15 20
6 10 25
0 2 6
15 16 30
4 7 17
0 2 15
3 5 26
23 1 28
7 10 10
3 4 9
18 21 27
16 18 13
18 21 10
21 22 30
19 22 15
10 12 4
1 2 3
19 21 28
9 10 28
13 16 6
23 1 25
2 5 6
21 22 10
16 20 23
16 17 9
21 20 23
8 10 8
21 23 3
18 20 23
1 3 14
22 0 18
14 16 23
17 17 3
5 7 23
14 16 18
10 13 6
19 21 4
15 17 5
17 20 8
8 12 6
9 9 24
15 18 9
0 2 25
17 18 19
17 20 26
5 7 5
2 2 11
1 2 24
1 6 27
13 14 1
13 14 16
22 1 21
21 23 24
9 10 26
3 5 10
20 23 2
14 14 12
21 0 6
0 1 12
15 18 21
11 12 4
5 7 2
7 8 14
15 17 22
12 13 2
8 10 17
9 11 12
2 3 2
8 8 27
9 13 2
4 7 29
12 13 1
10 13 25
1 4 22
18 20 11
21 22 13
4 8 19
13 14 25
16 18 10
4 8 2
1 3 18
1 5 19
5 6 19
5 7 9
2 4 4
3 5 12
7 8 2
21 22 2
15 17 19
19 22 29
6 10 23
20 21 29
12 13 24
21 0 18
13 14 6
10 11 1
15 16 12
23 0 26
15 17 3
11 13 20
14 15 3
12 14 12
21 0 27
1 3 13
15 16 8
0 2 11
14 16 12
1 2 30
4 6 20
8 9 29
11 12 16
0 4 11
14 16 30
10 12 15
17 20 22
0 1 22
18 21 6
16 18 13
19 21 5
1 4 26
15 18 24
4 6 12
9 12 3
0 3 11
19 19 25
11 13 29
19 22 25
3 4 4
18 18 18
6 8 4
5 6 7
8 12 30
11 13 1
0 1 8
23 1 25
11 12 4
6 8 25
19 23 9
23 2 6
1 4 5
4 5 6
17 18 29
1 4 7
0 1 23
14 15 21
23 3 12
9 9 17
12 14 17
22 23 2
13 14 9
13 16 30
5 5 7
23 1 8
5 7 21
4 5 1
3 6 9
2 3 6
11 13 3
13 16 3
13 15 28
16 17 16
6 8 22
13 17 2
18 20 15
22 0 7
10 13 26
23 2 16
4 6 29
14 14 15
8 9 3
3 5 25
5 7 28
8 9 12
5 8 3
1 3 25
3 5 26
13 14 25
16 17 13
1 3 3
4 6 16
19 23 16
5 6 21
22 22 26
14 16 22
13 17 2
11 14 22
6 8 30
11 13 20
22 23 24
13 14 16
9 11 6
18 20 16
22 0 26
5 8 17
9 11 13
4 5 4
6 9 20
22 1 27
0 1 13
21 20 6
4 9 10
10 14 16
2 6 11
8 10 14
10 13 6
20 21 15
21 0 7
11 13 8
7 8 3
20 20 13
0 0 10
19 23 13
22 23 7
15 16 6
16 19 25
14 16 22
21 23 19
1 3 3
4 7 14
17 20 25
9 12 25
18 18 14
21 0 11
22 0 6
8 9 22
0 2 17
12 15 27
20 23 27
17 18 30
10 13 25
20 22 18
3 4 30
6 9 14
5 7 13
4 4 19
15 17 19
3 4 14
15 18 16
11 14 11
18 19 7
9 11 15
10 13 8
20 22 24
4 7 29
19 21 11
23 23 1
9 11 19
15 17 14
17 20 24
20 23 16
12 12 27
17 20 17
11 14 27
2 3 20
0 4 16
5 8 9
13 14 2
5 7 9
12 13 15
1 3 23
22 1 6
3 7 2
10 12 5
21 0 18
8 10 8
13 14 9
10 14 20
22 22 20
6 10 11
21 22 16
11 12 1
8 11 20
15 16 24
20 22 15
6 9 12
13 17 4
20 21 5
6 8 27
18 21 18
14 17 23
6 8 25
22 1 8
19 21 1
21 2 15
10 12 18
3 4 8
10 11 23
23 1 1
8 10 23
20 21 12
11 13 20
1 2 29
21 1 10
0 3 8
5 7 24
11 14 19
3 6 11
3 5 15
2 4 16
22 23 3
2 4 17
16 17 7
3 5 15
9 10 17
9 12 7
12 16 22
22 2 13
4 6 22
1 3 15
19 23 5
7 9 15
7 9 17
4 6 2
23 0 5
15 17 18
21 1 2
18 21 16
14 16 26
16 18 1
13 15 21
7 8 2
15 16 7
17 18 21
18 21 11
13 16 29
1 3 24
6 8 27
1 3 28
11 14 20
21 23 27
9 11 2
0 1 18
14 15 15
9 11 29
21 0 24
3 4 19
4 5 20
5 6 18
8 8 20
23 2 14
21 0 25
15 17 3
20 22 5
6 8 22
17 20 30
18 22 6
19 23 1
17 18 19
16 18 8
18 20 18
12 14 14
17 20 12
8 10 20
1 3 13
3 4 10
21 23 10
8 10 20
16 17 14
11 11 27
2 4 16
16 18 28
17 20 28
16 17 7
16 18 22
5 5 13
4 6 14
16 16 23
15 18 6
9 9 1
1 2 24
9 12 30
9 12 10
13 14 9
11 12 6
1 3 26
7 9 28
6 7 21
17 18 6
9 12 16
0 3 8
10 10 3
9 11 12
16 19 15
11 14 14
13 15 16
8 9 21
7 10 16
6 9 22
8 12 24
20 22 28
16 17 5
16 17 2
5 7 6
4 7 2
0 1 21
16 20 29
10 12 24
4 8 16
0 3 22
5 6 28
6 6 10
11 13 7
16 19 28
23 0 18
18 21 16
14 15 14
2 5 15
17 19 12
22 23 28
15 16 26
5 8 29
5 7 1
19 22 25
1 3 13
7 9 23
18 20 9
21 23 21
22 1 7
15 18 25
5 10 26
14 16 11
15 17 29
1 4 12
12 14 16
8 11 17
19 22 14
22 0 21
20 21 19
20 22 9
6 8 24
5 8 6
6 9 9
13 14 6
7 10 19
0 2 29
19 22 4
4 6 11
6 7 21
8 9 10
18 19 18
6 9 26
21 23 15
1 2 2
11 12 8
10 12 15
13 13 17
23 0 13
11 13 10
14 17 15
23 3 16
19 23 27
16 18 29
0 1 18
14 15 23
1 4 22
6 9 1
7 8 29
11 12 28
5 6 6
10 12 25
17 19 23
4 7 1
5 6 14
10 12 12
14 17 16
3 6 25
14 15 4
7 10 29
19 20 11
17 19 10
11 14 16
13 14 29
10 11 9
10 12 1
1 3 23
18 20 21
1 3 13
13 15 13
11 12 23
21 23 25
1 4 12
11 15 17
6 8 11
19 21 23
15 17 2
2 4 17
13 15 6
23 2 21
16 19 29
13 12 20
14 16 16
18 20 10
4 7 12
3 7 9
18 20 22
13 16 15
12 14 18
19 21 9
0 2 20
16 19 21
13 16 27
3 5 28
0 1 6
23 0 6
8 11 10
13 15 3
0 1 14
20 20 13
7 12 6
15 18 29
18 18 2
3 7 1
23 0 23
20 22 3
1 1 30
3 4 29
15 17 29
2 3 5
18 21 21
4 5 24
22 1 24
10 12 25
13 14 23
22 23 30
11 14 17
17 19 15
17 20 21
23 2 7
21 21 23
12 15 27
21 23 26
1 2 14
13 15 22
0 1 20
10 12 8
6 9 26
10 12 15
5 6 12
10 11 28
14 16 21
4 5 23
10 12 3
18 20 16
11 14 20
16 19 5
18 20 12
3 4 3
11 12 18
6 7 8
14 18 9
10 10 18
6 9 23
17 19 6
13 15 13
14 17 27
4 5 19
6 9 15
16 19 5
10 13 9
6 6 25
2 4 25
16 17 11
7 11 6
23 0 28
14 16 9
5 7 24
13 15 24
18 20 11
19 20 18
3 5 21
11 11 26
4 6 20
16 17 19
6 8 6
7 9 28
5 6 26
20 21 24
8 8 8
21 22 26
18 20 16
14 17 23
15 16 24
2 4 16
23 1 26
6 7 11
3 5 22
8 10 18
9 12 30
22 0 14
15 18 24
21 0 24
22 0 20
18 21 5
18 17 20
17 17 9
18 19 22
3 7 24
7 10 26
3 4 5
5 7 27
15 15 25
0 3 21
21 23 14
9 10 13
16 18 23
12 16 11
17 19 10
11 12 26
12 14 16
3 4 15
3 5 25
21 23 28
9 11 4
16 17 18
4 6 13
6 6 13
12 13 13
13 16 22
21 23 26
10 11 5
12 14 26
8 10 2
15 17 20
18 21 18
21 23 3
23 0 4
22 23 20
6 8 3
11 13 7
17 19 16
22 1 22
6 7 6
3 5 30
9 11 11
12 15 25
7 9 7
6 9 3
12 14 5
14 16 25
22 23 29
1 4 25
15 18 12
15 17 15
11 13 29
2 4 13
12 16 28
12 13 11
7 9 20
3 3 22
21 23 14
1 3 3
14 17 14
9 13 14
11 12 10
14 18 11
19 20 2
5 7 2
1 2 23
12 13 6
12 13 17
8 10 6
20 23 11
8 11 3
18 22 10
3 4 29
11 14 19
10 11 2
0 2 12
7 9 2
20 23 3
20 23 3
10 13 28
22 0 7
2 5 30
15 15 24
11 14 12
17 20 19
20 23 21
17 19 13
23 0 4
23 1 10
6 8 10
9 11 20
3 5 8
12 14 23
8 9 8
17 17 20
0 0 22
5 6 4
20 21 9
16 18 4
11 13 3
19 22 14
19 21 16
1 3 25
0 4 14
8 10 8
9 9 6
15 15 24
17 18 4
4 7 23
16 17 20
15 17 25
8 9 10
6 7 16
0 1 5
13 15 5
3 5 3
5 7 20
11 14 4
18 19 25
2 5 18
6 9 13
12 14 26
11 15 11
19 20 16
17 19 21
1 3 29
17 19 2
23 2 22
1 4 3
16 16 1
6 7 5
7 10 16
13 14 17
13 15 27
2 4 8
23 2 22
23 1 18
16 18 13
23 1 11
23 1 18
16 18 6
1 4 1
20 22 22
23 0 2
11 14 27
8 11 26
2 3 11
16 18 28
16 19 6
3 6 7
4 7 6
12 14 12
17 19 29
22 23 21
13 16 4
18 18 7
16 19 26
8 10 9
19 20 5
4 3 18
2 4 8
9 9 21
20 21 15
19 22 27
16 17 11
10 10 26
18 20 29
21 22 17
20 21 28
7 9 22
22 23 28
18 19 7
23 0 22
20 21 7
22 0 2
