5250 30
7 16 7 2 3 6 26 23 18 10 6 29 10 12 2 23 29 14 16 5 24 18 20 27 27 7 12 29 23 3 
16 17 29
0 3 20
23 1 2
15 16 18
6 9 24
19 21 29
1 3 9
7 9 2
20 21 30
15 18 20
14 17 6
15 17 28
12 15 22
19 21 21
20 23 12
11 12 27
16 19 17
18 19 18
13 14 5
19 22 9
8 10 28
4 9 7
23 1 17
16 18 10
14 15 9
20 22 16
18 21 14
15 17 23
1 2 6
8 8 3
21 23 25
2 4 2
2 5 30
18 19 12
20 23 8
5 7 7
23 0 11
3 5 21
13 14 15
10 11 30
14 15 19
13 17 17
11 12 16
13 16 11
17 20 23
19 21 28
17 19 1
23 2 22
13 15 13
3 5 29
13 15 1
14 14 15
4 6 14
2 3 17
4 8 30
14 15 29
21 1 6
22 1 18
8 12 21
13 15 15
1 4 9
0 2 19
20 0 22
23 0 16
7 9 3
10 13 28
16 17 10
19 22 4
16 19 23
4 6 28
6 8 15
6 8 20
9 10 26
11 13 14
23 2 2
13 15 1
3 4 26
13 15 9
10 12 7
11 12 13
22 22 12
13 16 25
15 17 26
5 7 23
5 5 27
13 14 15
4 6 30
23 0 21
23 0 6
6 6 19
16 18 10
19 21 8
15 16 13
5 7 3
11 13 21
22 0 7
4 6 23
23 1 8
21 22 27
16 19 1
16 20 10
13 16 19
15 17 16
6 8 15
7 10 29
1 4 22
12 14 25
19 21 17
7 9 26
3 5 29
16 19 2
4 6 29
14 16 25
11 13 17
14 16 9
8 10 30
7 9 2
14 15 11
11 12 26
0 1 10
14 16 11
20 22 25
21 0 2
20 21 21
3 3 13
3 5 19
8 9 20
14 16 26
13 15 11
6 9 16
11 13 29
3 6 27
18 20 24
2 5 12
12 15 25
11 12 14
23 2 23
6 7 3
14 16 12
21 21 30
5 7 25
20 21 7
13 14 29
21 22 10
7 11 16
4 6 23
20 22 6
14 15 15
14 16 5
16 18 5
11 14 20
6 9 8
0 2 29
2 4 1
13 16 4
13 16 12
23 1 22
15 18 29
0 3 21
8 10 17
17 18 20
5 7 6
11 12 1
12 13 26
4 5 27
21 0 7
0 3 17
20 22 14
22 22 25
11 14 24
4 6 17
4 6 10
0 4 28
10 11 19
4 6 4
12 13 15
15 18 9
12 14 15
12 14 19
18 22 29
20 21 11
18 22 26
2 5 19
0 0 27
3 5 17
2 4 19
2 6 18
10 13 8
0 2 25
17 19 4
9 10 26
0 1 11
10 13 6
12 13 30
19 21 22
9 12 12
2 3 24
5 7 11
1 2 24
15 16 3
1 3 25
10 13 14
8 10 23
6 10 24
12 13 29
5 7 7
15 17 18
3 6 8
7 9 15
12 14 15
20 21 20
19 22 22
2 5 23
11 13 4
8 10 5
14 16 19
17 18 27
5 8 26
2 4 24
15 18 9
23 1 4
6 9 20
11 13 8
21 23 17
8 11 10
5 7 28
8 10 19
7 9 24
2 4 18
22 23 17
8 11 2
9 10 17
9 11 11
14 15 12
22 0 30
10 12 8
2 3 2
14 15 11
21 22 23
11 13 19
10 13 7
14 15 10
21 0 4
13 17 26
3 5 21
17 19 14
4 6 24
22 0 30
16 17 28
16 17 25
0 1 9
2 4 5
22 1 3
12 13 28
18 21 17
13 15 13
6 7 3
9 11 19
17 18 19
18 20 21
0 4 23
19 21 16
12 14 13
22 1 9
10 13 9
23 23 5
19 20 13
0 1 29
0 2 12
20 20 25
15 18 27
23 1 8
18 20 17
19 23 4
10 13 6
3 6 17
4 6 7
19 23 21
8 12 11
23 2 30
1 4 1
14 17 15
23 0 28
9 11 25
2 5 17
7 10 14
12 13 1
0 2 24
16 17 1
7 10 14
0 1 22
21 23 14
21 23 24
8 10 18
23 2 19
22 0 14
0 1 3
21 1 15
4 7 11
4 6 24
15 16 10
15 16 10
12 12 28
1 2 19
19 20 5
9 11 7
13 15 16
13 15 23
21 22 6
19 19 29
3 5 9
5 7 9
8 10 12
11 13 2
1 3 19
4 4 7
23 1 3
16 18 18
1 3 18
15 17 24
10 10 2
2 6 7
10 11 3
9 11 19
16 18 16
22 1 18
11 11 13
4 6 30
17 21 2
15 17 28
21 22 21
3 6 5
11 13 29
8 10 4
21 23 21
4 6 21
15 16 23
21 23 13
4 6 14
11 14 3
14 16 18
13 15 11
21 0 13
6 8 11
5 7 18
17 19 27
14 17 16
15 16 20
16 19 24
11 13 23
0 0 30
18 19 5
23 1 2
21 1 7
21 23 28
7 10 26
15 17 1
19 0 6
21 23 19
13 14 25
18 20 4
6 10 8
4 5 8
12 15 8
14 16 24
13 14 17
1 3 21
19 21 21
19 22 3
23 0 3
12 13 26
1 2 4
17 19 2
3 7 7
18 20 21
18 20 20
8 9 8
4 7 26
8 10 5
20 22 17
11 12 13
1 3 14
12 15 21
7 9 7
21 22 12
23 1 10
21 0 24
21 22 1
16 17 15
13 15 6
10 12 26
15 16 17
6 8 23
3 5 8
7 9 16
16 18 20
3 7 9
15 16 30
5 8 3
18 19 2
4 5 27
6 8 22
16 16 17
18 21 4
9 11 18
4 6 18
20 22 16
9 10 8
13 15 10
5 7 20
7 8 23
14 17 18
20 22 7
4 4 2
4 7 5
14 16 19
6 8 11
3 5 7
19 22 27
9 9 24
7 8 11
2 4 16
13 14 7
20 22 18
12 14 24
13 15 13
2 5 9
22 23 20
11 13 24
10 12 5
10 12 23
13 16 30
19 20 25
21 22 17
4 7 12
16 19 19
9 11 21
2 3 23
1 3 24
13 15 8
11 14 19
13 17 16
7 8 5
13 14 14
9 10 29
16 17 20
8 9 24
13 13 29
21 1 26
12 14 27
17 18 24
20 23 26
8 10 11
19 21 30
11 12 13
7 9 16
10 12 11
15 18 4
4 6 7
7 9 4
20 22 20
0 0 26
5 6 26
16 18 3
21 1 30
7 9 5
19 21 24
16 17 22
13 14 22
10 12 3
14 16 23
16 17 9
16 17 16
14 16 5
8 9 26
1 2 14
10 13 24
5 7 20
10 13 29
14 15 20
19 21 21
9 12 20
16 18 29
5 6 14
3 2 30
23 2 28
2 5 9
18 20 26
9 10 28
21 0 21
17 19 3
18 20 24
8 8 16
23 1 16
16 17 16
6 8 8
21 23 30
3 7 1
2 5 3
3 4 12
20 23 7
10 12 3
3 5 23
14 17 22
5 6 19
9 11 4
16 17 20
1 2 9
16 18 4
22 0 20
14 15 24
22 23 28
12 14 25
7 9 2
7 9 14
23 0 4
19 18 14
0 1 2
20 20 16
11 14 4
3 4 3
6 8 26
12 14 17
3 5 9
0 2 28
12 15 15
16 18 25
15 17 16
20 21 27
13 15 21
4 6 25
14 18 26
7 10 15
20 21 22
14 14 27
15 19 14
14 15 16
9 11 27
4 6 2
20 22 19
4 7 7
14 17 12
18 21 25
19 20 7
15 17 28
17 20 24
8 10 26
11 13 26
16 16 11
16 18 2
19 21 18
9 9 12
4 6 2
15 17 2
19 21 5
13 14 1
15 16 3
18 20 22
3 6 29
15 17 1
14 17 5
19 21 17
11 14 20
23 23 11
17 18 20
3 5 3
23 3 1
5 6 7
3 4 25
19 21 21
10 11 26
23 2 28
3 6 1
8 10 9
4 6 22
17 18 14
11 13 26
18 19 29
9 9 7
17 19 20
8 11 5
6 8 29
13 16 26
12 14 15
4 5 22
5 7 13
6 9 7
9 12 23
12 14 5
15 18 16
8 10 7
4 7 21
13 12 27
22 0 25
3 5 29
5 8 7
22 22 27
0 3 8
0 0 21
17 19 21
14 16 27
2 5 21
5 6 10
20 22 15
0 2 6
0 1 7
13 15 20
5 8 1
19 21 30
13 15 9
11 14 16
6 8 4
5 7 2
6 8 20
3 5 24
11 14 17
16 17 15
22 0 28
23 2 1
20 22 4
0 2 28
6 8 12
4 7 23
3 5 16
9 10 17
1 4 23
2 3 9
0 2 24
23 2 11
10 11 4
16 17 14
0 4 5
11 13 23
20 22 21
19 21 26
8 11 12
23 2 5
16 17 9
1 2 12
17 21 8
5 8 10
18 19 28
10 14 13
21 1 7
20 20 15
20 21 18
21 22 1
2 2 26
19 20 15
19 21 11
9 13 29
10 12 25
2 3 25
20 0 20
10 9 27
5 7 25
0 2 16
9 11 18
2 4 29
11 14 16
5 7 7
1 3 9
3 5 9
12 16 23
10 12 8
4 6 7
23 23 12
2 2 17
0 2 23
2 3 26
12 13 24
18 21 26
20 22 21
20 0 21
5 7 30
9 11 12
7 9 14
6 8 10
10 10 30
15 17 30
8 7 24
19 22 17
6 7 7
5 7 14
13 15 13
17 19 19
18 20 26
7 9 10
21 0 20
17 19 22
6 7 10
4 5 16
2 5 15
17 19 14
10 12 3
8 11 24
12 14 21
3 5 19
11 14 21
6 8 16
3 6 30
6 8 17
17 19 19
3 8 10
16 17 2
7 10 2
6 9 23
19 22 6
1 3 21
8 9 4
3 6 18
0 0 13
17 19 30
7 9 24
9 10 10
6 10 16
22 1 12
15 16 29
17 19 5
10 13 29
14 16 14
2 4 18
17 18 30
11 13 12
10 13 11
12 15 27
21 23 20
4 7 13
15 16 6
10 12 27
10 12 23
8 9 16
0 3 8
14 16 20
21 23 15
12 13 16
17 20 5
19 23 12
8 11 14
10 11 21
3 3 23
4 6 26
12 13 15
21 22 26
7 8 3
13 16 16
10 14 14
0 2 10
10 12 9
8 11 6
7 10 6
1 6 24
3 4 3
12 13 24
20 22 7
7 9 14
17 19 21
1 4 5
23 2 10
20 22 5
16 17 27
14 15 10
18 21 8
5 7 29
7 9 10
20 23 3
15 16 26
15 17 12
23 1 15
15 18 26
13 16 4
3 6 16
20 22 7
14 16 29
18 21 19
12 14 29
20 22 15
14 14 28
11 14 4
17 19 4
19 21 7
17 20 26
6 9 2
10 14 21
15 16 16
6 6 13
17 20 17
8 10 19
5 7 16
6 7 9
5 7 7
12 14 11
18 21 24
16 19 10
8 9 11
2 5 19
15 18 25
1 3 18
6 9 11
8 10 9
9 11 19
17 18 29
12 14 10
3 6 1
12 13 6
1 3 10
0 3 9
2 5 11
15 17 27
2 4 7
14 18 16
15 15 16
22 2 23
13 14 21
13 16 7
21 22 4
21 0 14
14 15 22
20 0 27
19 21 18
0 2 21
1 3 17
12 13 30
19 21 16
5 5 4
21 0 10
3 6 26
12 16 7
14 13 27
1 5 8
8 9 17
1 2 9
16 17 25
22 23 11
1 3 9
6 8 6
15 18 1
3 4 3
5 9 29
17 18 12
18 20 13
13 14 18
13 16 17
6 8 9
18 20 14
11 14 17
13 14 27
20 22 14
3 6 23
11 12 14
17 18 13
16 17 27
17 20 4
13 15 29
2 5 8
13 15 4
11 11 5
5 7 30
11 14 21
11 13 23
1 3 4
3 3 23
20 22 27
15 17 7
0 4 21
5 7 24
2 4 15
5 7 3
3 5 5
12 13 14
19 22 25
15 16 17
20 0 19
9 13 23
8 10 23
13 14 20
3 5 28
5 6 27
19 20 9
22 23 22
15 17 4
1 4 25
20 23 19
3 7 24
5 7 1
6 8 7
23 1 1
2 3 25
9 11 28
14 16 5
22 0 14
2 4 8
8 11 25
0 2 7
9 11 14
10 12 24
17 18 12
12 17 11
5 6 17
0 1 2
21 22 16
14 16 21
0 2 19
0 1 2
19 23 19
16 19 22
14 15 16
13 17 17
7 9 28
1 3 28
3 3 12
6 7 22
5 6 7
13 14 25
6 7 10
3 4 5
15 18 15
23 1 28
7 9 7
4 7 30
18 20 11
2 4 27
14 17 28
3 4 28
0 2 21
1 3 12
11 13 27
12 15 9
23 1 1
17 19 10
0 1 21
0 2 4
4 6 7
13 13 19
2 4 10
10 11 20
0 1 21
4 6 11
17 19 9
1 3 17
1 5 10
21 1 5
6 9 14
7 9 23
14 18 17
18 21 7
23 2 4
23 2 17
0 1 5
13 16 3
5 7 3
15 18 12
5 6 14
13 15 9
8 11 12
7 8 24
23 23 3
14 16 9
1 2 21
12 13 10
18 20 28
23 2 30
4 5 7
2 4 19
15 17 29
21 22 2
19 22 22
5 7 7
7 9 4
13 14 25
10 14 14
8 10 25
10 11 14
12 14 10
12 15 11
15 17 24
12 14 7
4 5 8
18 20 27
21 22 28
11 13 6
18 19 20
0 3 22
8 10 23
14 16 28
16 18 28
15 16 7
21 0 26
8 10 3
3 6 28
8 9 17
4 4 22
17 18 26
7 9 6
21 0 13
6 8 17
23 1 12
4 6 25
13 16 21
20 22 7
19 20 28
17 19 10
18 20 18
3 5 13
15 18 19
17 19 5
17 19 12
19 22 30
15 19 23
9 10 11
13 15 21
18 21 4
15 18 11
14 17 23
16 17 19
17 19 10
7 10 8
21 0 26
8 9 1
8 10 14
19 22 23
1 3 10
20 22 2
0 1 9
16 18 6
16 17 30
6 9 27
12 13 6
22 23 4
9 11 9
4 5 24
16 20 13
18 20 26
11 13 16
18 19 10
11 13 24
1 4 28
8 9 16
3 4 9
3 6 28
11 13 11
19 22 29
3 6 5
0 1 18
2 2 14
22 0 17
6 8 23
16 21 7
15 18 20
7 10 14
1 3 3
6 11 3
3 6 27
8 8 18
9 12 22
4 8 6
21 23 7
8 11 30
7 7 30
7 8 12
7 9 7
9 12 10
22 22 6
11 14 19
5 7 12
17 18 22
18 21 9
2 4 1
12 14 17
10 12 11
17 18 22
18 19 15
22 1 19
17 19 26
7 9 21
14 16 6
22 0 27
10 13 16
6 10 29
3 4 21
8 11 13
8 11 23
5 8 19
17 18 25
8 9 18
20 23 30
10 11 21
11 13 17
18 21 9
5 8 30
17 18 30
0 3 18
12 12 19
8 9 15
12 14 6
15 16 26
11 13 16
16 19 3
16 17 26
5 7 8
14 16 9
19 21 26
19 22 27
22 0 13
15 16 4
10 11 22
8 9 29
4 4 25
22 0 29
5 8 12
9 11 26
18 20 7
4 6 3
5 6 28
4 5 7
6 8 3
9 13 18
2 4 16
20 22 24
1 2 28
1 1 1
14 15 18
11 12 13
6 7 19
11 14 14
19 21 2
15 16 21
15 17 6
17 19 29
10 13 2
8 9 12
3 4 24
11 15 6
11 12 11
0 2 12
12 15 30
11 13 22
18 21 6
21 21 9
16 18 2
13 16 2
21 0 5
9 10 27
12 13 26
22 23 18
8 10 4
19 22 29
21 22 2
19 22 5
22 0 9
12 12 18
14 15 20
13 15 17
6 8 27
9 11 9
12 12 20
0 3 6
4 6 22
9 11 4
18 21 26
12 14 24
15 16 27
16 18 3
18 21 22
19 21 3
8 10 11
1 0 1
4 7 19
15 17 19
2 3 23
7 9 30
20 22 28
12 13 16
7 9 21
18 20 10
11 11 4
13 14 13
15 17 4
12 14 28
14 16 25
12 14 3
14 16 10
23 1 29
9 12 9
13 16 12
22 0 29
2 5 29
10 11 17
12 14 15
15 17 3
3 3 23
1 3 2
14 15 3
7 8 13
6 7 11
1 2 17
4 7 10
1 3 19
19 19 9
21 23 18
0 2 26
17 20 9
4 6 10
13 15 3
5 7 20
17 18 29
13 16 22
23 4 15
15 16 7
4 5 2
18 19 18
15 17 21
23 2 21
6 9 30
19 21 4
16 20 1
21 23 15
1 2 10
18 22 21
7 9 23
9 12 4
23 1 17
6 9 12
21 0 3
12 17 11
9 12 24
9 13 6
7 11 1
5 9 6
9 10 2
18 19 20
13 15 4
21 23 19
12 14 19
17 18 28
15 16 13
17 19 22
17 18 7
21 23 16
6 7 2
15 17 30
17 19 29
3 6 16
6 8 4
20 21 1
1 5 1
23 2 24
16 18 14
17 19 2
8 7 23
10 12 5
18 19 28
13 16 3
23 1 5
14 15 12
4 6 11
9 12 23
4 4 3
7 10 10
16 18 13
19 21 12
8 10 29
15 17 8
12 14 24
17 20 3
3 5 26
15 16 9
0 2 19
18 20 7
6 8 21
12 13 12
22 0 21
15 18 29
3 4 29
16 19 7
8 10 29
23 23 14
7 8 7
22 1 13
4 5 19
6 7 1
14 17 24
10 10 13
0 1 12
16 18 3
12 15 2
18 20 11
8 10 29
16 18 10
17 19 18
9 11 20
21 1 24
21 22 26
11 15 16
4 8 7
15 15 24
13 15 13
1 3 30
4 5 22
11 11 8
22 1 9
18 22 25
6 8 1
6 7 15
10 12 13
3 5 9
14 17 19
2 5 29
9 11 25
0 3 28
13 15 15
23 3 20
9 11 12
2 4 26
11 13 29
18 20 15
0 2 8
18 21 21
13 13 12
5 8 28
16 16 26
19 21 19
14 17 26
9 13 24
10 12 5
22 0 6
18 19 30
17 19 15
17 20 4
2 2 7
17 19 15
0 1 22
12 12 26
19 21 28
20 21 29
4 8 27
7 9 25
23 0 9
4 5 13
15 17 6
11 12 9
16 17 21
17 19 27
2 4 20
22 23 10
19 21 26
4 7 1
5 9 7
6 10 19
23 1 3
17 18 23
1 5 26
19 22 19
8 9 20
23 2 1
23 1 13
13 14 5
23 1 29
22 0 3
11 14 1
4 4 29
2 8 24
18 20 15
3 4 23
20 22 15
9 11 15
0 2 25
6 8 24
10 11 27
11 13 15
23 0 28
0 2 7
4 5 16
6 8 27
3 6 28
23 0 16
9 11 17
10 12 8
8 11 14
19 21 15
17 18 17
21 23 28
7 9 4
18 20 16
14 17 3
4 6 21
22 1 28
16 18 20
20 22 30
2 4 15
19 21 17
4 5 14
0 3 30
15 16 16
12 15 4
17 19 11
0 2 2
8 9 18
13 14 26
23 1 4
23 2 9
3 3 19
20 0 21
18 20 30
22 22 6
3 5 22
5 8 4
3 4 20
18 21 18
0 4 11
1 3 3
11 12 13
17 19 12
19 21 19
13 15 7
9 10 23
8 9 19
10 12 16
19 22 10
14 16 1
5 8 20
9 11 3
0 2 13
0 2 15
2 2 8
13 15 3
12 13 27
14 16 5
23 1 9
19 22 4
10 11 6
2 6 27
3 5 5
23 2 24
20 20 22
7 9 24
10 12 19
19 20 6
5 7 6
0 3 19
2 5 29
13 14 7
10 12 19
21 23 23
6 8 17
13 14 23
17 19 14
17 20 14
20 20 4
10 11 12
9 10 20
13 16 3
19 21 1
18 19 2
9 9 28
23 1 28
8 8 28
0 3 25
6 6 24
5 7 20
17 18 16
2 4 19
9 12 17
0 2 7
5 8 30
21 0 29
4 5 9
14 16 5
17 19 20
21 23 15
14 15 21
11 12 4
11 12 5
22 1 20
4 5 21
8 11 9
5 7 8
4 5 17
12 15 22
15 18 2
21 22 23
7 11 28
2 3 24
6 9 12
9 13 29
15 17 29
4 7 12
17 20 21
8 10 13
5 7 19
16 18 5
14 17 6
3 4 2
2 5 27
19 20 19
22 0 10
13 15 22
2 4 1
13 14 20
6 8 4
15 16 25
14 16 15
3 6 21
8 11 1
8 8 16
7 10 10
12 13 9
2 6 28
12 15 19
11 15 24
22 0 13
23 2 5
23 1 17
12 13 18
17 20 2
20 21 27
10 11 22
20 0 12
3 3 8
18 20 22
9 11 15
21 22 3
16 17 25
23 1 1
9 10 19
10 12 16
18 21 3
14 15 15
17 20 6
4 8 4
2 2 8
9 10 26
11 13 11
17 19 16
10 10 21
10 11 10
15 16 21
2 4 3
0 2 10
17 21 22
8 12 18
5 7 3
5 6 29
6 9 27
19 22 21
23 1 16
15 17 29
5 8 10
22 22 23
13 16 27
5 8 5
22 0 8
14 16 12
1 3 22
17 18 4
7 9 6
2 5 20
13 15 5
15 18 21
9 12 2
15 16 11
12 14 8
14 16 8
14 16 28
6 8 21
21 23 15
13 16 25
4 6 30
10 11 7
7 10 16
21 1 14
18 19 10
23 2 17
17 20 27
20 23 3
10 12 15
21 23 1
13 16 3
1 4 9
6 8 17
16 16 26
13 15 21
11 14 12
2 4 14
3 5 7
7 9 8
8 9 22
10 14 9
23 1 30
12 14 19
16 18 20
6 8 23
15 18 26
23 2 17
3 3 1
4 7 11
20 23 30
19 21 13
12 14 25
1 2 30
0 2 15
12 14 11
1 4 18
4 6 18
21 23 21
18 19 21
4 6 26
1 2 13
5 6 7
5 6 14
17 20 16
10 13 10
10 13 30
12 13 1
18 19 14
21 22 14
11 12 17
23 2 26
23 0 7
20 22 4
11 12 21
2 5 1
19 21 30
4 7 18
14 16 11
2 4 30
8 10 14
13 13 18
13 17 8
2 3 28
23 0 11
3 4 20
5 8 6
23 2 15
5 6 14
11 15 30
14 15 17
12 14 8
15 17 28
4 7 8
21 0 24
20 22 24
2 3 6
0 1 23
10 12 29
17 18 12
7 8 17
17 20 1
21 0 28
16 17 29
11 12 19
19 22 25
7 12 10
9 10 20
9 12 24
5 7 25
14 15 22
10 10 28
2 4 11
22 0 9
2 5 18
12 13 7
9 10 2
12 13 23
19 22 27
8 9 13
21 1 27
3 5 19
21 22 27
8 11 14
6 7 1
14 15 16
6 8 27
16 19 5
13 14 30
19 23 18
2 3 28
22 1 10
13 15 1
10 12 4
21 23 18
4 5 16
8 10 7
7 10 21
2 4 2
5 6 6
14 17 27
0 1 27
14 16 25
11 13 14
15 17 26
5 7 27
22 0 26
14 13 18
20 23 24
14 18 21
20 20 4
20 22 18
12 14 9
19 21 2
15 17 7
1 2 14
19 22 1
18 17 28
11 13 1
9 11 28
7 10 15
15 17 29
19 21 8
5 6 17
12 12 26
23 0 26
20 21 11
8 10 18
3 6 26
23 3 16
18 20 19
18 19 7
19 22 19
22 1 16
2 4 17
8 11 2
23 1 16
7 9 16
23 23 24
23 4 19
21 23 2
23 1 28
22 21 18
7 11 21
19 20 28
19 22 29
10 11 21
21 23 23
13 14 27
18 21 17
15 19 15
3 4 19
18 21 5
10 13 15
9 10 18
20 23 9
16 17 21
18 20 18
22 0 23
13 16 24
1 2 17
11 12 8
14 16 20
22 0 27
17 19 9
3 4 30
10 12 16
3 4 22
0 1 22
4 6 19
18 22 28
4 6 6
2 3 12
15 16 19
1 4 23
5 6 5
1 3 29
8 12 22
23 0 27
18 21 21
15 17 5
20 22 9
19 20 9
23 4 8
14 15 10
6 6 28
21 0 9
12 14 1
2 3 14
1 2 15
1 3 4
22 23 22
4 6 19
22 23 6
3 4 3
5 7 25
10 14 1
21 23 10
22 22 29
5 8 26
1 2 2
6 8 20
6 9 27
8 9 1
16 18 21
14 15 8
11 14 1
13 16 10
16 17 8
10 11 2
20 20 29
19 22 4
18 20 23
14 14 4
3 5 7
17 17 16
14 14 8
20 21 8
21 23 21
9 11 10
9 11 8
19 20 11
6 6 20
7 7 9
7 8 18
13 14 28
18 20 2
10 11 28
8 11 4
5 7 9
23 3 20
5 6 14
18 20 30
11 13 11
22 0 21
16 18 24
18 20 24
11 13 3
17 19 6
0 2 7
12 13 14
16 16 27
9 11 26
8 9 27
11 14 27
0 3 9
17 19 9
23 1 2
3 6 11
21 23 14
6 6 10
12 15 19
15 15 25
4 6 18
20 0 29
15 18 3
12 14 21
5 6 28
8 9 1
4 6 26
22 22 26
21 23 23
18 20 7
12 16 4
8 10 8
16 18 22
10 13 26
1 1 1
8 9 29
21 22 7
19 21 16
15 18 23
5 8 11
21 0 23
19 20 20
7 8 22
1 3 21
4 6 27
16 16 27
3 6 10
16 18 27
0 2 12
16 19 20
15 18 27
2 3 17
2 2 28
15 18 26
23 1 13
5 7 17
4 4 18
6 9 23
4 6 3
9 12 12
5 7 29
16 17 24
16 19 26
9 13 26
16 18 10
16 17 30
0 2 19
22 23 1
20 22 26
20 22 12
18 19 13
0 2 14
3 4 3
9 10 12
17 19 3
7 7 17
16 20 7
19 21 27
7 9 21
19 20 5
1 2 6
14 16 9
3 5 26
16 17 24
22 0 6
12 13 25
19 21 15
6 7 20
4 5 23
16 18 12
17 18 18
9 13 12
22 23 27
19 20 10
14 16 3
6 8 13
6 7 26
11 13 29
12 15 14
9 10 25
3 6 19
17 20 27
14 18 24
17 19 11
9 11 26
22 23 5
9 11 3
5 7 25
6 9 13
19 22 17
14 15 4
12 14 8
19 21 6
7 8 27
15 18 19
14 17 30
20 21 1
23 1 10
18 19 22
15 15 10
11 13 25
1 3 10
16 18 5
3 8 23
8 10 4
4 5 18
6 9 19
7 9 16
23 3 2
22 1 26
21 22 14
6 9 27
3 5 16
4 5 21
7 10 17
10 12 4
14 15 21
8 10 11
12 15 29
7 9 28
10 13 22
22 0 14
12 14 30
17 21 15
23 1 16
23 0 8
2 3 13
7 8 2
18 20 27
22 2 1
23 0 23
4 5 18
12 15 13
4 6 29
21 22 22
3 3 2
16 18 25
13 16 29
12 14 13
20 22 28
18 19 7
13 15 24
21 22 27
7 9 17
20 22 3
22 0 5
7 10 4
1 1 7
6 9 2
21 23 14
3 6 26
0 3 26
12 14 22
12 15 26
22 0 12
13 16 20
9 11 6
5 7 23
12 14 26
10 13 17
6 8 14
19 22 14
8 9 15
15 16 28
22 1 9
11 14 2
4 5 9
10 13 23
19 22 5
7 7 19
0 2 29
17 18 14
22 23 26
3 6 26
15 17 2
17 20 2
9 12 3
13 13 27
21 0 2
6 8 4
23 1 7
23 1 28
5 7 6
16 20 10
19 21 25
3 5 1
20 22 17
14 17 9
22 1 15
8 10 12
21 23 2
18 17 14
20 22 24
9 9 2
15 16 14
1 3 9
3 3 14
5 6 29
10 13 20
3 6 26
22 2 8
11 14 22
11 13 8
22 23 5
15 20 10
9 12 8
6 8 30
12 14 12
4 5 23
19 21 20
6 10 8
15 17 12
20 23 25
14 14 21
22 0 6
3 6 21
0 1 16
3 6 5
20 0 20
4 7 26
0 1 21
2 4 7
12 14 25
19 21 3
1 1 5
13 14 30
7 10 27
14 16 28
11 14 20
20 20 28
23 0 27
8 12 26
1 5 8
19 21 4
4 6 20
23 2 23
12 14 22
20 23 24
15 19 7
16 17 11
9 11 13
8 9 2
4 6 21
23 1 3
22 1 22
3 5 22
6 9 30
20 21 1
3 4 9
0 2 14
3 7 7
1 4 18
3 5 4
2 4 19
13 16 29
20 21 8
6 7 17
7 8 2
17 18 12
15 16 13
17 19 24
15 15 17
23 1 14
18 20 10
13 14 10
8 9 8
20 20 7
15 16 30
11 12 3
4 6 7
13 16 17
11 15 7
16 16 3
23 2 3
13 15 6
15 18 28
4 5 16
2 5 26
6 7 25
11 13 6
8 9 5
20 23 2
9 9 17
9 12 11
8 11 16
6 9 26
12 15 16
14 13 16
16 19 22
19 20 7
11 12 11
13 14 17
6 9 16
10 15 8
22 23 11
16 18 11
1 4 19
19 21 30
0 1 5
10 12 14
20 0 6
5 7 26
4 7 15
10 12 21
21 23 16
16 17 24
17 19 18
14 16 13
11 14 18
10 13 20
11 15 5
12 16 22
17 18 12
18 20 26
7 9 25
11 14 27
3 6 14
6 8 11
4 4 20
14 16 5
11 12 14
9 10 25
15 16 10
0 1 1
20 21 25
12 15 21
21 22 17
15 18 3
4 6 8
22 1 6
12 14 12
12 15 16
1 2 13
14 16 26
23 0 20
14 15 16
19 22 8
15 15 27
23 1 18
14 14 23
11 14 16
20 22 24
13 16 27
21 22 3
3 4 26
13 15 15
16 17 25
4 5 18
0 1 30
8 11 22
8 10 20
16 18 12
9 11 3
3 6 3
5 6 7
4 6 4
12 15 17
13 16 3
6 7 3
17 19 13
6 9 30
20 22 3
23 2 9
11 14 2
14 16 3
8 10 2
9 10 22
5 6 24
8 11 24
4 4 14
2 6 15
12 14 13
10 12 12
1 4 15
18 21 29
2 5 28
17 19 14
20 23 1
16 19 21
17 19 9
2 3 7
18 19 15
19 21 7
15 17 17
4 8 19
10 12 4
23 0 12
21 23 4
4 6 6
14 15 13
9 10 2
19 22 13
14 17 22
7 8 16
5 8 22
15 16 20
0 2 6
12 14 6
2 3 17
6 8 24
6 10 23
22 0 27
17 20 16
17 21 7
17 19 28
10 13 12
6 9 18
15 16 28
4 6 15
21 23 13
20 21 25
16 19 21
18 21 13
7 10 1
22 0 17
0 2 29
16 18 9
2 5 13
9 13 5
9 12 10
9 11 6
14 16 21
3 3 6
23 1 19
17 19 13
1 3 25
8 11 26
20 22 27
16 18 27
11 13 18
11 14 28
0 4 22
21 0 23
1 3 23
7 9 20
23 2 20
7 7 21
22 1 26
9 11 15
1 4 29
22 23 2
16 19 1
4 7 15
16 18 10
10 10 5
9 13 3
11 13 24
17 17 2
2 5 9
22 23 6
13 14 21
18 19 9
8 10 15
6 8 9
11 14 8
18 19 25
6 10 15
3 5 7
12 14 22
16 18 15
11 13 14
4 6 27
6 11 25
20 23 8
17 19 12
21 0 2
2 6 22
22 23 18
5 9 18
7 8 20
9 11 7
8 10 17
17 17 15
4 7 14
0 2 5
17 22 4
23 2 27
12 16 2
18 19 30
16 19 23
11 12 27
4 7 19
7 9 14
7 10 22
0 2 16
1 3 1
14 16 5
13 14 15
5 7 14
0 1 10
6 8 12
9 10 16
3 5 8
5 8 7
17 19 23
5 5 23
20 23 1
16 19 26
2 4 3
23 2 20
0 2 4
3 4 15
12 13 13
23 0 29
5 7 30
12 14 25
3 5 2
9 10 19
17 18 29
10 13 5
9 10 18
22 22 17
4 5 29
8 8 29
22 23 7
2 5 27
15 18 18
14 16 28
3 5 23
15 18 26
12 13 2
14 16 14
23 2 7
6 7 20
17 18 19
21 21 24
17 20 10
17 20 3
4 8 7
12 15 4
10 12 6
14 16 2
17 19 6
14 15 2
4 6 24
16 18 1
0 2 27
14 14 18
18 20 13
18 19 15
18 21 4
10 11 13
9 12 25
0 3 24
4 6 29
4 5 7
12 13 17
14 15 11
1 5 11
20 23 22
20 22 9
4 7 20
21 0 6
8 11 16
6 7 19
10 14 17
19 20 22
19 21 26
11 14 18
15 17 20
7 9 28
15 17 19
3 6 19
20 22 19
13 13 16
9 10 3
11 13 28
19 21 25
13 13 7
8 10 6
5 8 13
9 12 18
12 11 16
15 16 30
17 18 1
7 9 4
2 5 20
13 16 26
19 21 23
23 1 17
10 12 21
6 8 6
15 16 9
10 13 23
1 3 6
1 3 27
2 4 4
15 18 12
16 18 23
17 17 28
15 16 7
21 22 30
12 14 12
7 8 20
20 21 11
23 0 14
16 19 24
0 3 30
15 19 21
16 17 16
11 14 19
22 1 20
3 6 16
18 20 14
8 11 26
0 5 4
13 14 30
12 14 7
2 4 12
16 18 1
20 22 9
16 16 30
13 15 23
20 23 17
23 3 20
12 14 9
15 17 28
21 23 6
9 10 19
3 5 5
9 12 19
6 9 29
6 10 24
7 9 25
6 9 15
22 0 10
10 13 20
3 4 22
5 7 20
17 20 7
1 4 12
4 7 15
17 17 3
7 10 17
16 19 11
2 4 2
10 11 27
19 21 12
16 19 28
11 12 16
3 5 3
1 2 20
9 12 8
16 18 1
19 21 19
6 8 21
22 1 13
10 13 10
5 6 1
21 22 7
0 2 18
18 22 27
20 21 15
2 2 24
13 17 3
15 18 30
7 9 25
4 6 18
9 10 24
2 5 27
16 18 2
11 13 8
7 8 11
6 8 3
7 9 27
6 8 17
6 8 2
15 18 28
2 4 9
5 7 27
9 12 5
11 12 6
14 16 10
5 6 9
19 21 9
14 17 3
4 7 2
12 17 1
0 1 29
21 23 21
7 7 7
5 7 18
4 9 22
13 15 15
14 15 5
0 2 5
15 18 5
15 15 15
13 15 23
3 3 24
20 22 14
18 22 29
15 17 11
19 21 4
16 18 17
19 21 3
5 10 30
20 23 4
8 10 14
1 2 5
15 17 12
15 15 8
16 19 4
10 11 6
17 19 10
3 6 9
12 15 15
14 15 13
3 6 11
22 23 12
3 4 13
21 23 14
3 4 3
20 23 8
5 6 17
10 14 15
4 5 10
10 13 20
10 13 6
22 0 17
16 18 19
2 2 23
13 14 26
5 8 25
0 2 16
23 2 11
15 17 7
4 6 12
2 3 8
1 3 15
1 3 3
15 19 9
17 21 30
11 14 10
22 23 9
13 18 10
19 20 10
3 4 6
1 1 2
18 20 4
11 15 11
4 5 10
16 18 3
8 11 25
12 13 1
9 10 10
20 23 29
23 0 8
11 12 11
6 8 24
20 21 12
18 21 22
14 16 6
1 4 29
16 17 16
10 12 28
22 0 25
7 7 24
8 9 10
7 9 16
1 3 7
0 3 2
3 5 15
15 17 18
13 14 2
19 19 15
21 0 2
13 15 15
6 8 22
7 8 6
20 21 7
20 23 25
2 4 16
4 6 19
4 9 30
18 19 24
6 8 20
12 14 25
17 18 29
17 19 20
6 8 10
6 8 21
12 13 28
11 15 14
7 8 16
19 22 25
9 10 26
14 17 15
19 21 7
9 10 19
23 0 2
20 23 5
13 16 16
9 11 10
14 16 20
13 15 23
7 9 28
7 10 3
22 21 17
9 11 10
20 21 20
17 20 4
23 3 2
12 15 8
12 15 20
14 18 30
19 21 21
10 12 22
22 0 1
10 12 11
12 17 28
16 18 4
13 15 26
23 2 27
16 18 7
13 16 9
17 21 15
12 13 8
5 8 14
1 4 1
6 6 23
16 18 13
6 7 9
0 2 13
15 15 10
7 10 22
2 4 8
23 2 24
20 23 17
1 3 19
18 21 10
20 0 1
15 16 12
19 22 1
6 7 22
0 2 21
18 20 6
14 15 6
0 -1 15
17 18 25
23 2 18
14 16 27
3 5 16
16 18 16
14 14 3
20 23 16
14 15 7
15 17 3
7 10 18
22 1 27
20 23 16
22 1 17
20 23 25
23 23 12
22 0 27
20 23 18
6 8 6
1 5 16
19 19 11
18 20 11
3 5 25
12 14 23
23 1 21
4 8 18
8 11 22
16 18 1
11 13 2
21 21 21
16 19 11
2 4 17
15 17 20
3 6 6
0 4 19
20 22 18
17 19 4
23 2 1
23 0 14
0 2 19
20 23 28
9 10 7
12 15 8
12 14 5
12 13 17
5 7 16
23 1 30
8 10 12
22 0 6
13 17 28
23 1 25
8 10 3
6 8 27
6 7 21
2 3 13
21 0 10
5 6 24
9 11 14
17 18 5
21 23 29
13 14 4
18 19 28
17 19 13
21 1 30
8 10 10
13 14 8
21 23 26
17 19 30
19 22 30
5 6 25
19 23 19
21 23 13
20 22 18
14 16 2
14 14 7
23 23 18
1 2 19
2 3 28
4 6 18
9 10 15
0 2 1
18 22 20
21 1 7
6 6 24
19 21 27
15 16 1
3 5 12
15 17 23
8 11 10
21 0 7
3 5 11
7 10 7
4 5 19
20 21 15
4 7 24
21 23 30
15 17 19
19 22 29
19 19 27
11 13 15
8 10 10
14 17 11
10 13 15
17 21 15
10 12 25
4 5 14
2 5 24
4 5 25
13 15 10
23 1 17
10 13 16
22 1 11
19 21 15
15 17 20
20 23 27
12 15 25
13 14 27
18 19 10
1 2 18
22 1 27
4 7 26
17 21 4
3 5 18
15 17 9
12 12 22
9 12 16
9 11 29
2 3 30
16 17 6
11 13 15
22 23 6
4 5 2
15 17 7
18 21 17
0 2 26
8 11 27
3 5 13
10 12 10
9 12 4
20 22 2
10 12 4
1 3 24
6 8 9
22 1 20
18 20 19
11 13 20
7 9 18
2 6 30
9 12 24
0 2 14
23 0 4
3 6 15
3 6 13
10 11 23
18 19 21
5 7 29
2 3 22
7 9 30
22 1 24
19 21 18
21 0 20
9 13 18
3 6 19
17 19 16
13 15 22
13 16 16
22 0 1
1 3 9
1 4 18
22 23 15
16 20 9
21 23 1
19 21 21
19 20 24
9 10 17
1 3 6
23 0 26
17 16 17
10 12 23
5 4 15
6 8 16
20 23 24
11 14 24
11 11 18
17 20 26
8 10 15
19 21 16
20 21 17
9 12 9
14 16 18
13 16 23
9 10 26
12 14 2
20 23 3
14 17 18
19 19 11
6 7 3
19 21 22
3 5 21
15 17 25
13 14 9
1 5 17
4 4 28
14 17 8
5 7 29
17 20 3
1 2 25
6 7 5
7 10 10
15 18 30
19 22 9
11 13 17
20 21 11
8 9 17
21 23 3
0 0 25
11 13 30
1 4 15
17 20 15
20 21 6
23 2 12
19 20 15
23 2 18
2 4 4
23 1 16
21 22 28
21 23 5
20 23 13
9 12 5
1 2 10
4 5 9
22 23 15
22 1 21
19 21 8
0 3 13
11 15 27
2 3 28
14 16 30
9 11 26
7 9 2
0 4 7
2 5 20
0 -1 23
12 15 25
11 12 27
14 18 1
16 19 17
1 2 14
14 15 13
11 13 16
1 4 13
4 6 15
17 20 10
10 11 29
16 16 15
6 9 1
12 13 10
13 14 23
9 11 12
1 3 6
22 23 14
21 23 16
19 21 17
17 18 22
23 1 20
20 23 29
18 20 11
3 7 30
19 20 8
9 11 7
18 20 8
5 7 15
14 17 12
13 16 15
4 7 11
3 7 21
11 15 27
20 21 27
17 18 27
15 18 2
23 2 20
14 16 21
14 18 9
5 8 8
13 15 8
21 23 13
15 17 16
1 3 29
22 23 11
17 18 29
15 16 3
10 12 21
6 8 23
12 15 15
21 23 5
12 13 13
18 20 9
20 20 8
23 2 13
14 16 9
3 5 3
20 21 13
2 3 28
12 13 7
12 13 25
3 5 19
14 15 15
3 4 14
0 3 16
6 7 3
12 16 10
13 15 14
3 5 7
22 0 19
2 4 1
18 22 24
6 8 4
9 10 1
6 9 1
11 13 19
23 1 30
19 19 19
16 19 3
3 7 2
3 5 17
9 11 15
6 9 29
19 21 25
11 14 7
4 6 8
21 0 6
8 11 8
3 6 22
15 17 16
8 11 13
6 9 15
5 7 30
21 22 1
5 5 30
0 0 18
22 0 18
23 0 12
19 19 21
15 16 15
4 7 19
23 2 9
0 2 6
12 14 6
14 15 25
21 21 7
0 2 8
7 9 6
23 2 8
23 23 5
7 9 17
18 17 23
2 4 6
5 8 4
16 19 26
5 6 21
9 9 26
2 5 11
7 8 11
16 20 3
14 17 10
14 18 20
7 7 15
10 11 30
20 21 23
19 19 12
20 0 13
16 18 30
4 6 6
10 15 10
15 18 1
16 18 20
3 6 12
12 14 19
2 4 20
11 14 26
5 6 16
16 19 1
18 19 15
5 9 26
11 12 8
11 13 15
20 23 27
21 0 25
1 6 2
23 1 23
0 2 5
12 14 16
14 16 2
19 21 6
11 11 29
1 4 1
9 10 30
22 0 28
23 3 13
13 15 24
0 3 25
18 21 27
1 2 19
12 16 26
9 11 6
6 8 24
7 8 29
4 6 27
18 20 9
4 5 30
2 3 15
0 0 29
12 13 10
6 9 2
9 11 5
15 17 12
9 11 4
1 2 9
19 22 3
3 8 7
4 8 8
6 7 13
19 21 2
21 23 19
1 3 27
9 11 4
9 12 2
19 20 15
16 18 24
9 10 23
15 16 11
16 19 18
15 18 9
5 7 12
18 19 14
0 2 18
0 1 4
15 18 22
11 15 7
22 0 8
4 6 19
3 2 17
10 9 21
2 6 4
7 9 7
1 4 21
21 23 15
2 2 17
15 18 12
13 12 2
12 15 20
7 8 12
5 7 6
10 14 3
20 22 27
20 21 22
22 0 23
17 20 1
3 5 25
19 21 27
19 22 19
17 19 21
22 23 20
4 8 13
16 18 15
21 0 20
22 1 6
15 19 11
13 15 29
14 17 22
9 11 21
11 14 17
12 15 1
6 9 3
22 23 29
14 15 21
3 5 29
13 15 11
9 12 9
3 6 18
7 9 16
6 11 9
9 12 15
3 5 19
4 8 12
5 7 10
7 9 16
15 16 2
9 11 10
7 8 22
7 11 4
14 15 8
19 22 30
19 20 26
6 10 16
21 0 24
10 12 6
18 21 6
21 23 7
22 0 8
10 11 24
13 14 8
3 6 1
20 23 5
11 14 10
5 4 20
7 10 13
16 17 7
0 2 14
11 13 14
7 9 22
10 13 21
3 5 1
18 20 16
20 22 29
3 7 7
20 21 14
21 0 19
5 6 19
4 7 26
16 19 15
7 9 6
3 4 17
22 21 1
6 9 6
23 1 12
8 10 19
3 5 19
5 6 13
2 5 12
13 16 22
23 2 24
1 3 18
13 14 16
5 7 11
22 23 20
16 18 21
16 17 15
20 22 3
2 5 21
15 18 10
23 22 1
7 10 18
12 16 13
10 13 30
2 5 17
19 22 10
8 11 1
7 7 22
16 16 10
11 13 5
10 12 24
3 5 27
0 3 6
20 21 29
18 20 22
6 8 29
12 14 22
13 14 13
8 9 20
7 10 2
10 12 22
18 21 15
13 14 17
13 14 16
10 12 26
16 20 10
22 0 16
5 7 15
16 17 27
1 2 25
4 7 9
20 21 28
6 8 2
6 7 6
3 5 11
20 22 21
16 18 3
5 7 1
8 9 19
10 11 25
11 12 23
13 15 4
23 1 11
7 10 7
18 20 2
14 16 16
23 0 1
12 14 11
23 0 9
0 2 13
20 22 11
8 10 23
3 5 29
16 19 30
4 5 19
3 7 27
21 23 25
22 0 10
8 10 2
3 5 3
15 17 28
21 23 16
23 2 9
20 1 1
7 8 22
16 19 5
15 17 24
19 21 15
0 3 26
0 1 1
2 5 23
5 9 8
4 6 4
9 11 7
15 18 16
21 1 12
2 6 11
17 21 24
0 3 4
11 13 29
7 9 15
10 11 29
1 1 19
12 14 12
16 18 21
1 2 7
8 11 10
16 16 17
4 5 25
0 3 23
4 5 21
2 5 26
17 18 2
17 19 9
9 13 4
22 23 24
9 10 16
7 12 22
3 5 26
23 1 6
11 14 6
8 9 28
1 4 4
1 3 11
19 20 23
4 6 21
21 23 22
10 13 8
3 5 3
1 4 8
17 18 15
1 4 6
15 16 14
22 0 6
4 5 13
10 12 28
13 17 10
4 5 17
8 8 11
7 10 20
10 13 1
3 5 14
9 12 30
21 23 19
23 2 20
22 23 12
9 12 5
0 3 21
4 7 13
19 23 6
4 7 8
6 8 22
13 14 15
7 8 5
7 9 26
3 7 10
0 3 30
23 0 1
9 10 11
16 20 19
13 14 3
22 0 9
16 20 2
10 13 5
6 8 8
18 19 2
9 11 17
0 4 4
16 18 10
17 18 24
3 6 5
13 14 30
15 16 16
9 12 27
18 21 14
22 1 26
20 23 21
21 0 30
9 9 21
13 15 30
10 11 18
9 9 21
4 5 28
4 6 21
2 4 3
16 18 11
17 18 7
20 1 8
16 18 11
0 4 21
17 19 9
0 2 17
21 22 6
1 3 7
12 12 29
0 3 29
8 10 7
13 14 21
14 17 4
13 16 3
4 6 30
4 7 14
8 11 11
10 14 6
21 23 21
18 19 23
10 13 14
5 6 24
10 11 19
10 13 24
10 13 25
6 8 7
10 13 12
9 13 14
16 18 5
18 21 9
2 4 15
14 16 5
12 15 12
15 19 12
17 20 16
16 18 18
23 1 11
1 3 23
23 0 11
8 12 18
14 15 26
22 23 21
15 17 23
7 9 13
2 4 21
2 3 9
19 21 11
13 14 6
4 9 7
13 14 4
0 2 9
4 5 25
21 23 22
2 6 7
10 11 4
4 6 27
22 23 7
4 7 15
3 4 16
22 1 20
11 13 6
2 4 6
20 23 9
22 2 1
15 19 18
11 14 21
19 22 22
2 3 22
11 14 7
0 1 10
1 3 13
4 7 1
22 23 23
6 8 7
22 0 9
10 14 6
8 9 10
0 2 27
8 11 4
16 18 27
6 7 26
7 8 5
14 14 19
20 23 10
17 20 26
4 6 20
8 8 12
21 22 12
14 18 6
19 23 6
10 12 29
5 8 25
4 5 22
5 7 27
23 1 21
8 9 20
15 17 26
0 2 27
9 10 13
2 2 12
4 6 22
0 1 29
12 15 14
8 10 14
1 4 22
12 12 12
4 6 5
20 23 5
7 9 3
6 9 18
15 17 11
15 19 28
10 11 12
0 2 1
18 20 16
15 16 16
4 9 20
16 17 28
19 22 1
12 14 27
9 11 1
0 0 2
5 7 11
20 22 15
23 0 13
2 5 17
20 0 7
11 15 6
13 14 9
21 1 18
0 2 19
11 13 24
18 20 28
16 17 17
11 14 20
5 7 28
17 18 28
14 16 7
14 17 21
7 10 20
8 11 17
1 2 29
15 16 26
17 19 25
23 1 29
6 7 23
13 14 11
10 11 20
23 1 4
10 12 29
1 3 11
9 12 16
0 1 13
21 21 9
1 2 26
10 11 15
23 1 9
9 12 3
9 11 23
5 6 26
6 8 12
19 22 6
0 3 17
3 6 14
1 4 15
4 5 24
20 23 28
9 10 3
1 4 18
3 5 15
13 16 10
17 19 6
7 10 27
3 6 27
16 16 2
0 3 16
23 3 4
9 12 21
23 1 30
18 21 18
6 8 5
23 3 20
21 20 27
21 22 30
9 9 24
19 21 26
4 6 25
18 21 27
0 1 20
22 0 2
5 7 26
4 6 3
7 7 22
4 4 14
10 12 11
5 6 23
4 5 21
5 7 15
22 0 26
15 17 11
15 16 28
17 18 2
8 10 2
12 14 6
13 15 17
3 6 30
18 20 30
22 1 15
0 2 26
1 4 11
8 10 26
22 1 21
2 4 24
22 0 10
12 15 15
2 6 7
10 11 20
1 3 16
18 20 21
11 14 30
3 5 27
5 5 7
6 8 22
14 16 26
21 0 1
21 0 27
5 7 25
23 2 10
1 4 18
8 10 2
8 11 15
22 0 2
5 7 17
20 22 24
6 8 19
22 1 30
10 12 29
2 4 20
4 5 7
16 17 23
3 4 10
22 1 14
23 3 28
3 5 10
11 15 27
7 8 19
8 10 11
21 22 26
16 18 13
20 21 14
2 1 25
16 19 8
21 23 23
11 12 3
18 19 19
23 0 4
9 12 11
8 10 17
6 7 12
5 6 23
15 18 18
19 20 1
22 1 28
9 12 13
5 6 27
23 1 3
12 14 1
16 18 20
15 17 26
4 6 23
7 9 1
12 14 8
7 10 25
21 22 27
3 6 12
11 12 26
1 4 11
11 14 8
0 2 26
3 6 14
9 11 13
8 9 26
22 0 16
21 23 1
3 3 24
7 9 2
6 8 18
12 13 2
18 21 7
23 1 5
13 15 15
17 20 21
21 22 30
12 14 29
2 4 4
3 5 17
17 18 14
15 16 27
3 5 14
7 9 26
22 0 26
12 14 22
20 21 15
18 19 7
10 13 24
6 9 17
3 4 22
2 3 17
12 14 28
6 9 2
10 12 10
22 0 10
16 17 18
22 23 12
11 11 26
13 16 13
7 7 22
1 4 30
12 13 21
14 14 12
13 14 8
3 5 9
18 20 13
0 3 21
7 9 20
14 16 10
3 6 15
14 15 29
3 5 14
14 16 23
7 8 4
11 13 15
22 23 10
4 5 10
22 23 9
16 17 19
13 14 5
5 7 11
4 7 26
10 11 30
12 14 1
23 2 9
1 4 5
12 12 9
21 0 10
1 5 12
22 0 15
23 1 10
14 17 20
15 15 14
18 20 18
20 23 17
19 22 19
8 11 19
6 8 14
0 1 18
21 0 1
23 1 30
22 23 15
6 6 19
17 20 18
9 11 17
16 19 1
3 5 30
16 19 26
18 20 6
10 11 16
23 3 9
0 3 19
11 14 14
14 15 6
18 19 30
7 9 2
17 21 6
3 4 2
17 19 1
20 23 2
8 11 4
23 1 24
22 21 8
11 13 6
13 16 2
7 9 17
21 23 5
22 23 11
22 0 15
14 16 3
19 20 19
16 16 27
15 18 7
11 13 11
19 20 28
13 16 7
10 12 12
0 3 28
8 9 11
22 23 7
18 19 16
19 21 28
14 17 10
4 6 30
10 14 29
22 23 17
7 9 29
5 6 2
2 3 11
8 11 5
0 3 17
10 12 1
20 21 22
5 8 14
9 12 8
22 23 11
2 3 26
10 11 1
2 4 17
9 10 4
21 0 11
5 6 24
2 4 4
2 6 22
15 18 25
1 2 19
8 10 24
0 2 17
19 19 26
19 21 19
3 4 23
12 14 8
14 15 9
16 17 4
5 7 16
0 1 3
8 11 22
5 8 9
17 19 1
16 19 8
22 1 13
21 23 9
18 20 24
21 23 16
11 14 1
10 11 17
12 14 14
18 20 13
21 23 22
17 21 21
16 19 9
3 5 29
18 18 15
2 4 17
20 20 18
19 21 1
22 23 9
15 18 30
21 22 24
8 10 17
16 16 6
19 22 1
6 9 20
13 16 20
18 19 11
10 12 13
23 0 2
15 16 26
10 12 20
9 11 20
0 2 16
9 9 6
15 19 19
23 1 17
16 17 25
1 5 20
18 21 26
6 8 16
14 15 26
15 17 10
3 4 23
15 15 9
0 3 12
13 16 8
7 9 18
1 2 26
18 20 22
15 18 12
1 3 7
14 15 8
12 14 23
4 5 21
6 9 30
23 1 13
1 3 3
23 3 4
10 13 23
7 8 12
11 14 5
17 19 20
0 3 4
21 23 5
4 5 19
18 21 26
7 6 14
8 9 7
9 11 16
8 10 18
5 5 1
6 9 25
2 4 25
15 15 27
4 6 19
17 21 4
17 20 14
20 0 16
7 10 2
21 2 8
22 21 8
23 1 3
0 2 11
14 16 17
19 21 19
21 23 30
20 21 16
11 14 14
22 23 30
17 19 10
3 6 27
1 3 6
11 13 4
17 18 18
4 7 21
9 10 13
20 23 12
21 20 17
19 23 20
17 19 18
1 3 20
20 21 18
11 14 16
19 20 11
21 22 2
4 6 1
22 0 13
9 11 23
10 13 7
17 20 6
0 2 7
20 22 13
17 19 18
18 18 21
18 20 1
4 6 4
23 3 28
13 16 12
15 18 8
5 7 15
9 11 27
0 2 23
19 23 26
10 12 3
1 3 23
4 5 4
4 6 30
9 11 8
2 4 17
4 8 18
9 11 5
10 12 20
11 13 22
8 10 12
3 5 27
5 7 14
20 23 15
20 22 2
21 23 19
8 9 25
7 9 1
10 11 23
4 5 26
0 2 28
18 21 8
9 11 13
3 3 22
11 14 6
20 22 19
3 5 9
5 6 2
8 11 1
19 21 1
17 20 5
22 0 27
3 6 18
11 13 1
16 18 2
23 1 5
19 22 8
8 10 8
7 8 29
21 23 22
6 7 30
20 21 7
7 10 3
19 20 20
13 16 15
5 8 14
18 18 2
6 7 26
3 7 11
1 1 4
6 9 14
23 0 13
23 1 17
15 17 7
9 11 2
19 18 19
10 12 12
9 11 26
5 9 2
9 10 16
2 3 12
17 17 4
0 1 21
12 15 25
4 5 9
20 21 18
6 8 22
10 12 23
19 21 5
22 0 15
23 0 13
21 0 6
10 12 8
17 18 28
23 1 25
22 0 11
11 14 29
21 23 8
22 0 12
5 7 23
18 21 11
16 17 18
7 9 16
9 13 22
7 10 27
3 6 28
13 14 24
22 23 13
10 13 24
21 22 6
22 23 19
2 4 9
1 5 27
20 21 1
10 13 1
20 0 12
15 16 1
0 1 6
2 5 13
1 4 5
18 21 12
11 14 4
21 23 27
23 2 3
21 22 12
16 19 2
12 15 1
13 14 8
3 6 8
20 23 3
18 20 25
21 21 25
15 17 29
17 20 24
19 21 27
6 9 1
1 2 1
6 10 26
5 9 2
12 13 12
6 9 3
14 14 14
18 21 18
14 17 29
15 17 14
22 2 14
15 17 22
19 23 2
7 9 1
22 0 13
6 8 10
2 6 8
20 0 3
16 18 19
3 5 3
8 11 7
3 4 18
6 8 21
5 7 19
4 6 19
21 23 1
20 22 21
16 19 28
12 14 10
8 8 1
5 8 3
18 21 26
8 10 7
21 23 8
13 15 28
22 1 9
10 12 19
1 2 11
15 16 2
14 16 13
2 3 14
9 11 16
5 7 10
2 5 22
2 4 28
20 20 24
20 21 14
17 19 28
9 9 3
15 18 29
5 7 1
19 20 10
15 16 22
9 9 22
5 7 13
16 19 2
9 11 14
5 8 1
21 23 30
4 5 18
14 18 7
11 13 26
8 11 29
11 14 12
7 11 7
12 15 6
18 18 11
9 12 7
12 15 3
22 1 9
18 20 6
5 8 5
4 6 26
21 23 11
1 3 18
9 11 23
16 17 14
4 6 26
8 11 12
18 20 11
8 12 14
9 13 6
1 2 17
23 1 29
23 2 17
2 3 14
7 9 10
3 4 4
15 16 29
12 15 24
3 6 2
9 11 12
6 8 8
9 10 3
17 18 20
18 19 11
9 12 25
9 12 14
18 20 8
9 10 21
14 16 7
16 19 5
10 11 13
5 6 28
5 7 25
2 3 20
22 23 6
12 13 20
14 15 9
6 7 18
22 0 13
20 23 20
11 13 1
3 6 14
17 20 2
1 2 28
20 23 15
11 13 3
8 10 29
4 4 29
12 15 1
22 1 4
3 6 20
12 15 13
4 7 8
1 4 14
1 3 6
6 10 1
10 11 14
12 13 11
2 5 16
14 16 23
0 1 4
14 15 28
16 17 6
16 20 1
6 7 30
3 6 18
15 18 19
9 12 5
22 1 29
16 19 13
14 17 22
16 17 27
21 2 21
14 17 26
5 7 23
22 23 1
21 23 20
1 3 3
22 0 9
7 9 23
22 1 22
19 20 4
20 23 27
19 21 3
0 1 14
17 19 21
4 5 20
8 12 2
0 1 3
9 10 9
17 18 1
15 16 18
5 8 14
4 4 30
6 8 12
18 21 10
22 23 4
3 5 11
7 9 2
11 13 17
22 2 27
11 13 15
15 18 1
3 4 30
22 1 30
3 6 11
13 13 13
18 21 7
4 4 6
21 23 19
1 2 18
11 12 11
14 17 2
12 16 15
4 6 29
16 18 27
2 3 30
7 9 13
16 19 28
22 0 8
15 16 8
9 12 1
16 19 26
16 18 5
21 23 11
13 16 22
20 21 16
12 14 7
8 9 23
21 1 20
13 15 29
0 2 14
20 22 23
12 15 12
14 15 13
15 15 30
19 22 18
12 13 2
11 14 11
23 1 12
7 8 9
3 6 21
8 9 30
2 6 15
0 2 14
10 13 8
21 23 9
21 22 3
18 20 25
5 7 1
14 16 7
17 18 11
14 16 22
0 1 15
12 13 29
7 9 2
5 8 1
14 17 29
23 1 15
2 6 27
21 22 26
10 12 10
2 4 16
10 12 6
22 0 17
15 18 24
8 10 18
0 3 23
12 13 9
16 18 22
20 23 17
2 4 6
21 23 16
11 14 10
15 17 20
16 18 24
14 16 7
8 11 30
3 5 17
18 21 6
8 9 9
11 13 20
2 4 15
14 16 10
17 19 16
1 4 26
16 20 6
2 4 11
4 5 7
23 1 3
16 16 16
1 2 18
23 23 18
3 5 28
8 10 9
16 18 20
10 11 29
12 17 1
2 5 28
17 19 7
12 14 11
23 1 6
3 4 24
20 22 26
3 8 22
22 0 1
3 6 24
17 19 17
2 3 17
18 21 14
1 1 6
13 15 14
0 3 12
23 3 6
7 7 6
11 13 24
18 21 29
4 5 22
13 16 13
8 9 12
10 12 19
6 9 4
21 23 25
9 11 23
6 6 5
3 5 6
23 0 7
12 14 17
21 23 26
4 5 4
6 9 12
19 20 13
20 23 12
9 9 10
22 1 9
15 16 4
8 11 23
6 8 22
11 13 23
18 18 19
10 11 29
0 2 19
11 14 29
11 12 24
0 3 23
12 15 10
17 20 7
8 8 11
16 18 24
6 8 5
10 12 1
2 4 4
12 13 23
22 21 21
11 14 28
16 17 25
1 4 12
21 0 9
2 2 4
7 7 29
14 15 21
19 21 17
6 7 21
23 0 6
23 1 14
18 20 3
10 10 4
14 16 3
14 17 28
11 13 13
21 22 13
5 6 29
11 13 30
19 21 2
2 4 24
9 12 12
21 23 9
12 16 20
2 4 14
13 15 29
11 13 2
22 23 1
17 17 21
10 12 27
7 9 19
20 22 26
2 4 12
14 16 12
19 23 5
3 3 18
18 20 18
4 6 10
14 16 9
0 2 17
23 2 26
5 5 1
11 14 29
17 18 23
2 4 19
23 1 12
13 15 9
22 1 27
2 4 5
11 14 14
5 7 11
6 8 24
13 16 8
20 20 12
11 13 24
7 8 11
17 19 8
18 22 10
2 3 1
12 14 23
11 14 20
8 8 4
8 9 15
8 11 27
21 22 22
0 2 23
8 10 13
7 9 6
4 6 28
21 22 6
13 15 9
9 11 20
11 13 9
10 14 25
15 18 10
1 1 24
22 1 4
18 21 11
3 5 22
22 23 8
18 19 18
23 1 18
21 22 15
9 11 17
6 9 16
21 0 13
21 1 12
11 14 1
13 17 28
4 7 20
23 2 11
0 4 30
23 1 18
3 6 19
4 7 20
3 4 8
4 8 28
5 8 11
14 17 2
11 12 23
10 12 9
5 8 13
0 3 14
7 7 17
20 23 14
1 3 11
10 13 30
5 6 22
4 7 18
1 3 22
21 1 23
17 17 13
2 3 21
14 16 26
2 3 29
10 11 1
2 3 27
15 17 26
7 10 18
11 13 1
10 12 18
6 10 7
5 7 2
15 15 7
5 7 18
11 14 13
9 13 13
21 2 19
22 0 8
21 21 6
23 1 5
16 19 27
20 22 12
1 2 25
6 7 12
3 6 13
10 10 2
0 3 9
11 13 28
4 7 24
2 5 5
14 15 3
13 17 8
20 22 5
11 13 13
3 6 7
22 0 19
2 3 25
23 0 15
10 11 28
9 13 12
16 17 11
2 5 20
6 8 27
2 4 15
4 5 19
9 12 18
20 22 26
10 12 4
11 14 13
22 2 6
0 2 27
22 0 25
15 16 24
18 20 17
1 2 2
4 8 12
1 2 5
5 6 7
2 1 27
16 18 7
5 6 3
17 19 24
0 2 8
13 14 25
12 12 21
11 12 15
3 5 16
4 5 24
23 1 24
16 17 27
11 12 4
4 8 10
22 0 19
16 19 26
0 2 1
21 22 10
3 5 25
7 9 29
1 1 24
9 12 3
19 22 25
1 3 16
9 11 7
4 5 2
10 13 19
3 6 22
21 23 3
3 5 30
17 19 24
20 23 21
12 15 14
15 17 25
9 12 16
18 19 5
17 18 15
23 22 1
2 3 28
10 12 4
19 20 17
10 11 27
10 12 3
21 23 22
16 19 24
4 5 9
17 19 20
3 7 26
1 2 23
6 7 8
15 18 29
2 4 23
4 6 8
7 10 4
19 20 12
10 13 26
18 20 27
8 11 28
6 9 4
1 3 24
4 6 20
18 20 11
0 2 22
15 16 1
19 23 3
10 13 3
13 17 1
19 20 19
5 6 4
10 12 15
16 19 18
4 6 19
22 23 11
14 18 18
19 0 15
1 2 1
18 20 1
2 4 22
4 4 17
12 14 5
8 9 10
23 0 13
16 19 20
11 13 22
11 14 16
15 16 8
16 19 13
18 19 21
23 0 13
11 12 23
23 3 1
8 10 9
20 22 30
0 2 13
14 17 19
16 18 23
21 1 7
3 6 13
10 11 7
19 22 15
23 2 16
2 4 3
0 3 25
20 19 6
14 16 3
2 3 4
22 1 22
16 18 14
16 20 23
11 13 24
3 5 1
6 9 4
21 0 12
18 20 3
7 10 27
19 21 5
16 19 12
22 1 23
8 11 17
10 13 6
18 19 11
4 6 13
0 5 15
17 19 7
16 17 20
2 2 4
7 8 29
18 19 27
3 6 6
18 19 27
11 12 12
14 14 10
5 9 7
13 14 27
14 15 24
6 8 9
10 12 21
16 19 8
21 1 21
23 1 12
7 11 5
17 20 5
1 3 25
8 10 9
20 21 8
14 16 10
13 15 10
19 21 13
5 7 29
20 22 27
14 17 29
15 17 6
18 20 4
20 23 27
20 21 3
11 12 10
4 6 25
21 23 30
11 12 23
21 23 22
22 0 12
5 6 9
22 0 22
14 15 13
1 4 19
6 9 19
12 15 27
1 3 3
13 17 26
16 19 1
4 5 28
4 4 22
17 19 10
0 2 23
18 21 20
9 12 17
2 3 11
18 19 17
5 7 19
23 0 19
2 5 27
10 12 2
9 12 20
8 11 23
17 18 16
23 1 29
3 5 10
10 14 21
23 1 22
17 17 11
9 9 16
20 23 6
10 13 2
15 16 26
10 10 19
1 2 15
14 15 28
15 18 17
10 13 17
15 19 6
12 14 7
12 13 28
4 6 2
10 12 24
19 21 19
7 9 15
20 20 8
6 9 1
18 21 20
21 0 15
19 21 22
10 12 17
0 3 8
21 21 20
5 8 18
6 7 1
3 4 2
15 17 25
13 15 27
17 19 6
14 15 19
15 18 30
11 12 8
19 19 10
15 16 20
2 4 6
23 23 23
7 9 10
10 12 1
23 0 5
2 5 2
4 9 17
22 1 17
12 16 18
1 4 9
19 20 24
12 14 7
22 0 21
2 3 5
18 19 20
12 13 12
19 21 12
8 10 27
13 16 3
14 17 9
7 9 27
6 8 24
23 1 17
21 22 3
1 3 5
2 4 26
7 8 27
2 5 18
22 1 10
7 10 19
7 9 1
20 0 18
7 8 23
16 18 4
19 21 8
16 18 23
20 21 26
3 5 2
22 1 9
12 14 14
23 1 6
22 0 20
9 10 27
23 1 26
22 0 27
1 3 30
2 5 22
13 15 28
1 3 14
20 22 11
10 12 11
10 11 20
2 3 2
4 6 27
10 13 10
21 23 4
1 3 11
19 22 24
7 9 7
7 9 26
22 0 14
5 7 27
7 7 27
14 18 13
15 17 4
0 4 13
9 10 25
8 9 24
23 1 13
22 23 21
21 22 30
7 8 11
3 5 18
7 11 8
23 2 19
10 12 11
0 1 10
3 5 11
10 12 30
22 0 5
2 4 19
11 12 30
11 13 14
9 11 19
5 8 25
5 7 13
10 13 30
22 0 18
12 15 18
23 0 20
12 15 26
19 20 15
19 20 19
5 8 20
22 1 14
21 23 24
11 14 9
5 7 9
23 3 27
18 21 27
4 6 17
21 22 23
5 8 3
21 23 16
8 9 25
9 11 17
3 4 23
14 16 15
22 22 9
6 8 18
1 3 6
22 1 8
16 19 2
14 17 17
11 13 29
20 23 6
7 10 28
17 18 6
11 12 7
15 18 17
12 13 24
22 0 7
13 15 30
22 22 23
15 17 29
19 22 18
17 18 15
22 1 7
21 0 14
1 2 4
4 7 27
10 12 19
19 22 5
22 23 2
18 19 24
3 5 1
12 15 4
6 8 1
4 5 30
17 21 27
15 16 9
13 15 3
7 10 3
23 1 24
14 17 6
12 13 5
8 10 15
10 11 9
21 23 6
4 6 10
5 8 8
6 8 4
7 8 22
22 0 22
20 22 18
6 8 9
3 5 4
7 10 29
19 22 8
7 7 6
5 8 7
6 8 22
23 3 7
6 7 2
16 19 6
12 16 10
18 20 23
22 0 5
6 8 4
11 14 20
17 19 2
19 21 18
23 0 29
16 16 19
7 9 26
1 3 15
11 13 29
17 19 30
8 9 6
20 23 18
13 15 17
15 17 2
16 20 12
8 11 10
23 1 10
6 8 19
22 0 3
17 18 19
1 5 15
12 13 22
4 6 30
14 17 11
19 21 8
4 6 9
3 3 14
19 22 9
6 8 28
13 16 21
14 17 16
17 18 29
2 4 24
6 8 5
4 5 1
14 16 6
19 20 1
20 21 23
20 22 9
15 18 22
16 18 4
14 16 17
21 0 6
2 6 16
20 23 23
3 5 23
2 5 21
12 14 20
21 22 5
19 21 20
6 9 3
7 10 11
5 6 8
10 13 18
8 10 11
1 3 12
10 11 16
3 7 28
2 3 26
17 20 13
16 18 23
23 0 28
1 4 28
2 5 3
21 22 5
15 17 19
15 17 9
10 12 3
20 21 7
15 18 17
17 18 24
7 8 22
17 19 6
9 11 8
4 7 6
16 18 29
12 14 7
1 2 20
5 8 27
12 14 21
13 17 16
11 14 10
10 11 14
8 11 22
16 19 20
11 12 16
21 23 19
6 8 26
12 16 10
19 20 14
2 4 2
9 11 9
2 4 1
17 19 23
21 23 24
22 1 30
2 4 11
6 9 10
16 17 14
16 19 25
9 10 11
16 17 15
23 3 19
4 7 16
16 17 20
8 9 22
2 6 2
6 9 6
3 3 14
14 16 23
1 3 19
9 11 30
7 9 16
0 1 21
7 8 19
8 9 8
20 23 2
9 12 27
12 13 20
7 10 26
23 1 19
5 8 25
7 11 27
9 10 30
3 4 26
3 4 6
16 19 19
9 12 11
17 19 30
23 1 6
0 2 12
9 12 5
4 7 18
11 13 4
19 22 30
15 18 27
12 14 8
15 15 26
22 0 17
3 4 23
20 21 7
15 16 20
16 20 9
8 9 11
9 10 22
5 7 16
16 18 20
11 13 5
17 20 6
18 20 29
9 11 23
21 21 24
8 10 11
17 19 7
23 1 24
15 16 10
5 5 17
2 2 25
10 12 12
11 15 3
10 12 10
7 9 1
8 10 3
2 4 22
0 2 25
7 10 28
13 14 15
12 14 10
8 8 3
19 22 21
8 10 1
5 6 25
13 16 21
16 18 9
21 23 7
8 11 18
3 7 27
23 0 21
22 1 8
10 11 1
20 23 15
21 23 27
13 13 22
20 21 20
7 8 27
13 16 23
22 1 15
0 2 9
7 9 19
12 14 9
22 0 8
1 3 8
12 15 12
17 18 18
11 13 2
14 17 5
23 2 11
11 13 3
16 18 13
18 20 8
17 18 9
19 21 24
6 9 26
10 13 20
3 5 27
9 11 10
1 3 10
4 7 2
14 16 23
0 3 13
2 5 10
9 10 27
16 18 6
1 2 8
17 20 7
16 17 24
13 15 2
18 21 21
9 11 19
13 15 24
6 7 15
18 20 22
8 13 26
17 19 7
10 11 10
21 0 7
15 18 19
14 14 17
5 6 11
18 20 9
23 1 24
1 2 22
3 7 24
13 15 24
6 9 1
7 9 4
21 0 5
16 18 10
1 4 5
23 2 4
11 11 2
1 4 21
8 10 26
10 12 18
12 12 21
7 8 28
10 12 21
12 15 16
2 5 26
17 20 27
10 11 5
4 9 9
23 1 5
15 17 6
6 8 16
23 1 19
9 11 21
13 14 14
13 14 4
9 11 23
11 13 13
21 23 18
23 1 3
7 9 3
16 17 25
20 23 4
14 17 17
19 22 13
18 22 23
23 2 23
12 15 28
4 5 25
3 3 26
7 9 22
9 10 10
0 1 29
19 22 14
21 23 30
21 23 14
15 17 18
23 0 18
10 12 12
9 13 4
9 11 25
4 6 17
9 12 2
17 20 21
10 10 23
7 10 2
18 21 18
12 12 6
10 11 28
0 4 28
9 11 3
14 16 28
1 6 27
5 8 22
16 19 2
16 19 8
8 10 12
15 19 9
10 13 6
11 13 25
13 14 26
1 2 29
