520 30
20 14 28 25 24 12 2 2 7 10 20 10 12 19 13 20 15 3 29 12 23 14 27 30 15 9 18 20 28 23 
11 13 17
14 16 24
21 23 27
15 16 20
20 22 16
18 23 28
19 22 15
14 15 1
21 23 6
17 19 5
10 12 27
21 23 5
11 13 20
6 6 3
11 14 24
8 11 18
1 4 20
14 14 9
12 14 11
4 5 23
0 1 8
12 16 4
12 15 7
12 15 11
9 12 17
11 13 7
21 23 25
4 6 13
6 9 20
15 17 21
23 2 24
13 17 26
17 20 24
6 9 7
15 18 23
6 8 28
12 13 17
15 17 11
22 1 2
17 20 11
3 5 14
6 8 5
13 16 21
14 15 18
10 11 22
5 6 9
16 18 22
18 19 24
11 13 27
6 8 27
20 0 4
20 22 1
1 4 28
21 0 25
2 4 22
2 4 8
0 2 2
3 3 26
7 10 10
10 11 21
13 16 13
17 19 24
18 20 10
11 12 8
18 20 3
4 5 29
14 16 18
2 4 25
16 17 10
9 11 3
1 4 11
0 3 18
16 18 14
2 4 26
19 20 20
12 14 19
10 13 27
4 5 25
16 19 21
16 18 19
6 8 13
1 3 1
17 19 30
17 18 22
11 14 17
19 21 28
22 2 3
19 21 6
2 3 9
19 21 17
0 2 19
16 18 5
11 15 7
14 16 12
13 15 30
4 8 16
3 5 11
8 9 17
13 16 4
0 3 7
18 20 24
1 3 1
12 13 26
1 2 22
18 19 20
14 15 23
10 12 14
13 15 6
7 9 12
19 21 2
9 8 24
3 5 7
20 22 27
11 13 26
15 16 17
1 2 23
1 2 12
16 17 13
15 18 6
17 20 2
21 22 4
23 1 29
15 17 19
1 3 25
6 10 25
23 1 8
9 10 7
9 13 6
5 6 1
19 19 4
23 2 16
19 22 15
15 16 12
23 1 8
5 8 19
20 22 4
14 17 28
4 6 27
6 8 5
14 16 20
17 21 27
6 9 30
8 10 29
8 13 17
23 1 16
1 3 15
21 23 18
6 8 21
3 4 13
12 13 13
20 1 21
22 1 13
21 23 6
14 14 13
12 14 11
17 18 10
13 16 18
20 23 23
22 0 24
17 20 9
20 21 3
12 14 10
3 6 27
18 18 29
5 8 10
22 22 3
12 13 6
14 15 9
11 12 9
2 4 5
17 20 16
21 23 21
16 17 4
12 13 27
15 17 15
5 7 23
18 19 3
22 2 26
5 7 3
18 18 11
0 2 30
8 10 21
1 2 14
4 6 17
18 21 29
1 2 1
11 13 3
3 5 17
18 20 28
10 14 22
13 16 24
10 11 7
13 14 27
6 8 29
0 0 5
1 3 11
22 1 10
6 8 30
23 1 21
0 3 25
6 9 30
12 13 27
22 23 5
17 18 19
2 3 20
19 23 4
10 12 26
11 14 21
4 5 23
10 13 17
15 16 2
9 11 29
15 17 28
2 4 4
16 20 12
20 22 7
7 8 19
3 4 17
17 20 23
4 6 4
14 16 4
2 5 8
7 9 23
21 0 30
18 20 5
12 13 26
12 14 20
19 21 16
12 13 25
23 1 18
20 20 27
20 22 8
15 20 1
6 9 22
5 7 17
18 20 22
4 7 4
0 1 22
5 8 1
17 20 14
3 6 7
5 7 30
20 23 22
9 11 29
11 13 25
13 15 13
11 14 11
15 17 26
12 12 3
19 21 23
21 0 9
9 11 11
21 22 16
0 2 30
18 19 21
17 18 3
0 1 3
0 1 23
20 22 26
1 3 29
9 11 7
7 9 3
16 19 9
16 18 21
9 11 5
11 13 19
16 18 18
19 22 5
5 7 29
13 14 10
11 12 25
17 19 14
21 23 20
12 13 19
21 0 24
22 23 4
20 22 25
3 5 15
17 19 11
23 0 28
2 3 19
23 0 4
9 11 25
7 11 23
9 12 14
20 23 26
12 13 6
22 0 15
2 4 20
16 18 5
1 2 19
14 16 21
2 4 12
15 17 23
4 6 16
21 22 21
16 17 27
2 2 28
23 0 5
23 1 18
2 4 4
15 17 26
13 15 30
19 21 17
22 1 26
16 18 21
23 2 1
2 4 24
2 4 6
4 6 4
11 13 8
18 22 21
21 0 20
4 8 24
17 20 10
17 19 20
6 9 24
4 5 13
5 6 5
7 7 5
8 9 8
14 18 27
3 5 30
22 0 26
3 5 9
0 1 17
1 3 25
20 22 29
4 4 29
2 5 15
14 19 27
15 17 16
23 2 3
0 1 9
19 21 23
15 16 3
7 10 12
17 19 5
17 19 14
16 18 16
15 17 4
10 12 6
15 17 23
22 2 2
8 9 29
4 6 24
15 16 28
12 14 18
18 20 10
16 17 18
7 9 8
7 11 26
15 16 27
5 5 30
5 7 5
7 9 1
16 18 13
9 11 26
15 17 8
13 15 26
7 9 12
4 5 2
19 20 16
16 17 12
19 21 8
4 5 25
23 2 25
20 22 1
11 12 22
2 3 27
18 18 22
2 6 7
5 7 5
3 5 27
18 19 8
20 23 9
8 9 6
1 3 14
15 18 27
19 22 23
16 18 30
12 14 8
17 21 28
21 22 14
3 6 16
6 9 15
9 12 23
1 3 27
10 12 13
18 19 16
23 0 16
21 23 11
11 12 23
23 0 10
20 23 26
9 11 6
22 22 22
11 12 29
22 23 29
2 3 20
0 2 12
11 13 9
11 14 22
2 4 6
9 12 24
2 5 14
15 15 8
17 18 23
20 22 8
10 14 12
23 1 27
10 13 1
3 6 12
8 8 14
12 13 19
9 11 3
11 13 17
23 2 6
9 10 4
12 14 22
12 16 16
21 22 25
0 0 10
3 5 22
20 22 9
8 11 21
8 10 7
10 11 28
7 11 25
5 7 25
12 14 23
7 10 25
6 8 12
17 18 6
11 13 2
15 15 22
13 15 9
12 14 23
10 11 2
0 4 11
11 14 25
8 10 9
19 22 26
7 8 25
3 5 2
13 16 11
21 23 20
3 4 28
17 18 2
16 18 14
5 8 29
15 17 3
7 9 26
1 3 13
7 9 27
17 18 27
14 17 22
12 12 14
3 5 21
21 23 22
4 7 15
17 21 8
0 2 28
12 14 16
10 12 27
19 21 19
23 3 21
3 3 14
18 21 7
18 21 24
7 7 11
16 18 16
20 22 4
22 3 2
3 6 18
18 21 13
19 20 7
5 7 12
15 17 7
11 13 8
1 2 8
1 5 30
11 14 4
4 5 5
19 21 13
15 17 6
9 10 2
3 6 4
16 17 30
17 20 19
23 2 10
6 9 23
15 17 24
16 18 10
3 4 13
21 23 6
17 20 5
16 17 18
17 20 19
19 21 18
21 1 8
8 9 25
14 16 28
17 19 9
23 2 12
9 11 27
0 2 5
3 5 23
23 1 20
19 22 23
10 13 9
15 16 14
6 6 27
7 9 21
21 22 5
18 21 17
4 5 3
9 12 23
17 18 21
20 22 12
