5380 30
29 6 18 23 22 17 6 2 17 16 20 29 9 11 20 23 27 14 7 1 2 26 29 12 21 17 14 14 30 7 
2 3 26
9 11 3
8 9 8
4 5 25
20 22 12
2 3 12
4 6 26
19 20 9
7 7 28
16 18 7
16 18 20
10 10 16
15 17 19
10 11 26
5 9 6
9 10 17
2 4 28
11 13 23
7 8 17
11 14 20
7 9 13
21 23 16
16 18 12
6 8 19
12 15 11
16 17 10
4 5 17
9 11 15
11 13 22
20 22 11
9 11 4
3 4 21
17 19 25
23 1 15
1 3 22
5 7 24
22 0 8
19 21 16
9 11 13
23 1 4
7 9 11
7 9 5
15 15 19
17 18 10
7 9 26
11 12 27
3 5 15
16 19 26
11 12 3
11 13 28
7 10 8
1 1 18
5 7 24
16 17 15
17 18 30
22 0 12
15 16 11
7 8 5
2 3 23
16 18 10
14 16 19
8 12 22
8 11 28
20 23 24
13 14 30
22 1 7
17 18 17
12 16 24
22 23 8
23 1 23
17 19 10
13 16 7
9 11 29
1 3 24
6 7 20
20 23 27
18 20 22
14 14 24
12 14 30
13 16 23
17 19 23
20 23 7
17 20 27
15 18 7
4 6 27
23 1 2
9 10 10
2 4 23
14 15 3
3 6 19
0 2 4
6 7 18
9 10 4
5 7 5
21 23 28
23 2 13
15 19 5
5 7 16
21 22 1
23 1 11
5 8 15
17 18 8
12 13 9
22 1 24
7 7 11
18 20 20
23 2 13
12 15 9
20 21 28
9 10 17
6 6 8
12 13 20
21 22 11
9 12 17
10 11 18
20 20 20
1 3 30
1 3 23
16 18 1
5 8 4
7 9 22
19 21 11
8 9 21
4 4 19
8 11 18
15 19 14
15 17 26
23 3 27
23 2 15
21 0 10
15 16 30
1 3 1
11 13 2
22 0 2
7 9 14
0 1 5
16 18 3
9 10 7
5 7 11
20 22 24
10 13 26
21 23 10
18 21 15
18 21 18
18 20 6
8 11 6
12 13 17
19 22 13
11 12 28
2 4 20
6 6 3
19 22 3
21 23 12
13 14 8
17 20 17
8 10 15
12 14 19
7 9 16
21 22 8
12 16 5
4 6 16
10 13 3
22 0 14
18 20 15
13 16 25
13 15 22
2 3 10
4 4 18
18 20 7
6 8 30
15 18 6
6 8 9
1 1 24
8 9 4
13 15 4
6 9 21
9 12 14
22 23 15
6 8 9
10 12 23
5 7 18
3 4 22
2 4 4
13 16 13
2 5 21
0 3 7
19 20 17
14 16 19
8 10 12
19 19 15
21 21 19
5 8 22
20 21 3
13 14 7
17 19 26
19 19 17
6 8 11
0 3 8
19 20 3
20 22 8
2 4 17
13 16 5
0 3 19
2 3 8
8 10 25
1 5 29
0 2 7
11 13 29
2 4 12
12 13 14
3 5 9
20 22 29
14 15 12
3 5 22
13 15 30
18 21 27
11 14 8
6 7 14
1 3 9
0 4 4
5 6 23
10 11 10
9 14 21
19 21 18
14 14 17
23 1 20
18 20 28
13 15 8
4 7 9
16 20 22
9 12 14
17 19 9
20 20 23
4 6 17
22 0 18
16 17 4
5 6 13
11 13 30
8 12 18
22 0 2
14 18 21
4 5 10
0 1 28
8 10 17
21 23 27
1 3 19
3 6 7
14 16 23
12 15 3
16 19 14
21 22 6
3 7 29
4 8 27
7 10 14
11 13 23
19 21 9
9 11 21
12 15 16
23 23 24
12 15 10
14 15 26
1 4 14
10 13 29
19 21 29
9 12 13
13 15 18
8 8 15
17 17 22
2 4 24
21 1 26
19 21 2
13 14 1
17 18 13
14 17 4
1 4 17
4 5 22
19 21 15
15 17 14
8 11 30
4 7 6
9 11 7
7 9 15
7 9 23
16 19 30
6 6 10
14 16 19
21 22 27
8 9 26
23 0 5
7 8 5
7 9 21
15 18 16
11 14 24
18 20 26
22 0 28
20 22 10
17 20 9
18 19 6
3 4 14
7 8 7
8 10 18
22 0 18
16 20 14
19 21 23
10 11 15
0 3 3
22 0 6
20 22 30
2 3 10
4 5 16
6 7 29
15 16 30
1 3 12
19 21 24
4 6 20
17 17 6
7 9 11
2 6 2
2 4 12
10 13 25
8 10 19
14 14 12
9 11 30
21 0 21
12 14 27
23 2 15
10 11 18
12 13 22
3 6 29
9 10 18
8 11 20
5 7 10
14 16 14
9 10 22
13 15 8
20 20 1
3 3 4
5 8 22
22 0 19
13 14 17
13 16 23
2 5 18
4 5 18
17 21 3
13 15 17
21 0 18
1 4 27
5 6 7
19 20 14
11 13 22
20 23 14
2 4 6
0 3 28
9 12 17
15 18 1
4 6 25
7 7 17
7 9 12
18 21 6
18 20 5
9 10 12
3 5 27
2 2 1
1 2 25
13 16 18
2 5 8
14 17 17
10 11 18
18 20 3
1 2 2
12 14 5
4 4 16
10 11 3
20 23 15
10 12 16
14 16 19
21 0 21
6 8 9
9 12 21
5 9 6
5 6 29
19 21 7
17 17 22
22 0 16
14 14 29
14 15 5
5 8 1
17 18 20
3 4 22
20 23 14
1 3 26
3 7 17
22 23 20
13 15 10
9 10 12
18 19 7
14 16 1
3 3 5
11 11 4
18 20 2
7 9 21
6 8 30
21 23 18
22 2 5
16 17 24
18 19 19
4 6 15
7 10 5
6 8 22
5 6 12
4 7 6
20 23 27
9 11 24
20 21 4
10 11 26
3 5 22
16 18 28
12 13 22
21 23 8
20 20 18
21 22 24
10 13 22
20 22 8
13 14 7
11 14 17
2 4 8
3 5 2
0 2 2
0 2 14
8 10 24
12 13 5
4 5 13
21 23 14
6 8 1
0 2 26
20 22 24
14 17 25
20 23 8
8 8 17
4 6 16
14 17 26
14 14 1
18 20 17
16 17 3
1 4 14
20 21 30
17 19 2
13 15 15
1 2 15
16 20 3
3 6 7
5 7 15
9 9 3
9 10 23
1 3 24
17 19 8
5 9 2
13 13 23
2 5 11
17 19 16
15 17 19
6 9 12
10 11 25
2 4 17
23 0 22
3 6 6
0 1 13
15 19 28
16 16 29
12 12 17
21 23 26
5 8 5
15 17 1
23 1 9
9 13 13
3 7 22
9 11 26
10 12 22
19 22 30
15 17 10
0 3 11
2 2 2
2 5 22
13 14 4
5 7 25
8 10 15
13 14 8
20 21 11
10 13 24
4 7 23
23 2 28
1 4 25
15 19 17
3 7 19
10 11 16
6 10 2
12 14 16
3 4 12
22 22 23
10 13 5
22 23 23
12 15 13
6 9 30
5 5 14
14 17 11
5 8 9
3 7 15
3 5 3
10 11 20
2 2 6
1 4 11
5 6 1
18 21 4
9 12 14
9 10 10
5 7 16
21 22 21
22 0 16
16 17 19
5 5 9
15 18 22
6 7 14
6 8 27
5 7 28
16 18 20
14 18 17
0 2 13
3 6 8
18 20 22
18 19 7
21 23 6
23 1 3
13 13 22
8 8 20
4 5 18
10 13 12
14 16 21
5 7 28
2 3 14
12 13 21
6 6 2
23 2 19
8 10 25
18 20 20
22 0 17
20 21 6
8 11 24
4 5 23
7 9 9
6 9 26
19 21 3
6 7 3
15 16 19
15 16 6
1 2 14
6 6 11
5 8 1
11 14 27
10 12 1
18 21 1
18 18 14
20 22 15
4 7 10
19 22 24
19 21 12
5 7 26
15 17 30
14 16 1
1 2 19
17 19 9
21 23 21
5 7 14
21 23 24
13 14 6
3 5 28
16 17 18
2 4 8
0 3 2
19 19 25
18 21 30
0 2 24
19 20 20
18 20 25
16 18 26
3 5 15
11 11 3
22 23 12
3 6 22
12 14 30
4 5 18
7 9 16
5 5 2
5 7 5
8 12 24
11 12 24
0 -1 14
5 8 5
17 20 3
7 8 10
2 5 29
16 18 1
7 10 11
5 5 7
0 3 12
1 4 28
9 11 4
22 0 7
20 20 5
6 9 19
8 10 5
5 9 9
1 4 6
8 12 19
11 14 21
8 10 30
12 15 27
22 1 9
7 9 2
17 19 14
18 18 27
23 2 18
11 13 30
3 7 6
12 14 27
9 11 23
7 10 12
14 17 5
22 23 30
2 5 29
4 6 4
4 5 7
2 5 14
22 23 30
2 3 18
5 8 13
18 22 28
9 11 6
19 21 27
15 17 5
21 22 20
21 23 23
0 2 9
13 16 12
3 5 18
13 15 29
16 17 20
12 15 10
11 13 4
19 22 15
0 2 3
0 3 22
6 8 17
0 1 13
9 11 1
23 0 4
3 5 20
21 21 1
9 11 8
16 20 18
16 19 21
1 3 1
6 8 8
7 8 21
9 12 30
19 22 16
3 5 28
2 3 27
17 19 23
0 1 12
11 12 28
4 6 12
17 19 11
16 17 22
16 19 12
8 11 2
11 13 21
8 10 22
5 8 8
21 23 2
0 1 24
23 0 20
9 12 2
10 11 26
15 17 13
22 23 18
21 23 16
11 13 16
3 4 28
6 9 4
10 13 28
3 7 13
10 13 29
16 19 2
7 7 5
0 1 29
2 4 30
1 3 6
11 12 18
10 12 24
15 16 12
23 2 1
12 14 24
15 18 5
12 13 17
0 2 16
5 8 2
17 19 19
20 0 30
17 19 18
13 15 10
16 19 10
22 1 2
18 22 5
10 12 13
18 21 15
16 19 29
6 8 19
14 17 20
7 9 13
11 13 21
18 18 22
16 18 2
17 19 7
22 0 20
14 16 26
13 15 26
1 3 11
18 19 18
9 11 1
15 16 12
18 21 22
13 15 5
1 2 9
12 14 19
16 19 9
20 22 17
7 8 19
11 12 16
12 14 22
20 22 3
6 7 25
5 7 8
6 8 22
22 23 10
0 2 28
1 1 16
13 15 13
12 15 29
6 9 9
18 20 27
8 9 13
3 5 25
12 15 26
1 4 22
3 4 14
3 6 25
3 4 18
11 15 27
14 16 8
13 13 15
8 10 24
19 21 6
18 20 22
6 9 19
16 20 8
17 20 11
5 9 28
13 15 7
9 12 17
12 14 27
3 5 14
21 22 27
15 17 18
14 16 4
18 19 17
12 15 15
4 5 10
2 4 22
14 15 12
17 19 25
14 14 25
16 18 28
18 20 15
14 17 19
12 14 10
5 8 25
7 9 26
8 8 5
12 13 21
16 18 26
15 17 29
17 20 6
11 12 22
14 15 7
20 22 19
18 21 10
16 16 24
13 15 8
23 0 6
11 14 28
4 5 8
14 16 19
5 8 8
2 5 25
19 19 29
11 13 30
18 21 20
8 12 20
7 9 20
5 7 18
5 5 7
11 13 11
5 6 30
22 23 6
14 17 9
3 3 21
20 22 20
4 5 27
5 6 21
8 10 3
8 10 10
6 8 22
9 10 30
20 21 29
21 23 14
21 23 23
23 1 8
4 6 14
21 23 23
16 18 25
23 1 11
20 22 17
15 17 1
5 7 7
8 10 14
22 1 20
7 8 22
4 4 27
14 16 21
10 13 19
13 15 4
15 16 7
5 8 11
22 23 24
8 11 21
8 13 17
19 22 7
16 17 6
23 1 18
19 21 30
10 13 14
20 21 12
5 6 28
10 13 1
0 2 30
11 12 29
2 4 7
15 17 26
11 12 30
15 16 19
21 23 5
11 13 19
5 6 15
9 11 1
14 16 30
21 23 20
7 10 24
23 0 12
5 8 6
16 19 25
23 1 23
0 2 29
5 5 18
10 14 7
20 22 28
5 5 3
4 6 2
13 16 25
13 16 21
19 22 13
14 17 25
13 14 11
21 23 26
22 2 27
7 9 6
20 22 9
14 16 26
0 1 8
21 21 30
20 23 18
7 9 3
10 12 27
12 14 29
14 17 4
4 6 25
8 11 11
0 1 26
23 0 14
4 8 30
11 13 6
12 15 20
22 23 14
22 1 9
2 4 21
15 17 7
23 2 25
23 1 8
1 3 6
14 18 11
13 12 8
13 15 15
0 1 15
10 11 24
6 7 25
19 21 17
15 16 16
19 20 7
21 23 4
10 11 8
18 20 8
20 22 21
7 9 12
5 6 2
3 6 28
15 15 10
13 17 9
13 16 12
23 1 24
17 19 16
17 19 13
10 12 12
4 6 11
15 17 2
8 11 27
2 4 9
5 7 15
16 19 20
21 23 14
10 13 13
19 22 9
0 1 8
14 16 2
3 7 24
23 0 19
16 17 23
3 4 5
1 2 18
16 18 15
13 14 13
0 1 21
13 16 13
0 2 15
8 10 3
3 5 20
2 5 19
22 23 30
8 8 25
18 20 11
19 22 6
3 5 19
7 8 18
20 23 16
5 7 8
7 9 13
16 18 16
22 0 30
9 13 4
2 4 15
21 23 17
2 4 3
14 16 5
7 9 18
23 1 20
10 13 13
16 18 3
3 5 9
0 2 19
9 11 10
6 8 24
6 7 29
4 5 16
3 6 21
20 22 9
7 9 7
19 20 21
11 13 14
20 23 29
8 10 21
9 11 18
19 21 6
13 15 18
11 14 16
11 13 7
12 16 9
9 12 24
6 7 7
20 22 14
11 12 16
12 14 17
22 23 6
3 6 14
6 9 14
8 10 5
16 18 17
0 2 25
21 23 14
17 19 12
10 14 16
8 9 22
22 1 7
19 23 17
15 17 20
3 4 13
18 20 13
8 9 4
22 0 6
17 19 23
3 5 3
9 10 17
3 5 27
23 1 23
4 7 15
22 0 9
11 12 6
16 16 21
19 21 8
15 15 8
9 11 6
7 9 14
16 18 25
15 16 28
18 20 24
7 11 17
0 2 20
21 22 25
8 9 2
21 23 24
16 17 9
20 22 17
6 6 19
1 3 5
16 18 7
17 17 27
17 18 14
20 22 24
18 19 24
16 17 11
12 15 19
1 3 27
7 10 30
22 0 29
11 13 30
4 8 20
23 1 25
13 15 5
16 19 27
1 2 10
6 8 28
3 5 5
4 6 9
15 17 9
11 15 5
12 13 3
11 11 3
5 7 10
2 4 13
11 13 6
23 1 13
16 18 26
13 14 4
7 8 29
0 1 24
13 14 7
5 7 2
0 1 12
22 0 19
10 13 4
14 17 25
10 11 1
21 23 28
23 0 6
19 22 11
16 19 27
7 8 22
18 21 25
6 8 30
8 8 18
23 1 23
13 15 24
23 0 2
4 7 12
6 7 7
4 5 25
1 3 29
15 17 29
13 16 17
2 6 6
0 1 9
18 19 5
18 20 16
22 23 30
22 21 4
10 12 17
16 19 10
2 5 13
2 2 5
22 1 2
19 22 11
12 14 29
17 18 4
6 8 1
8 9 24
13 15 10
3 5 21
11 13 7
16 19 23
17 19 22
10 10 9
22 23 16
13 13 7
23 1 12
0 2 19
22 0 18
12 14 12
1 1 10
18 19 29
21 23 2
3 4 17
1 4 11
9 12 23
1 2 21
7 9 1
15 17 2
0 2 3
3 7 28
14 16 18
13 14 10
8 10 9
22 0 1
11 13 2
17 19 27
11 14 8
4 7 27
1 3 30
22 22 28
17 18 29
1 3 25
1 3 8
21 23 16
0 3 20
9 13 23
11 13 20
9 10 3
22 1 13
18 20 14
1 3 10
13 15 18
2 6 18
6 7 20
23 1 22
19 22 16
7 9 16
1 3 22
23 1 5
2 3 22
4 5 3
14 15 19
23 0 16
18 20 18
10 12 27
18 20 4
10 12 5
23 0 2
1 4 29
14 17 13
11 14 25
18 21 7
19 21 10
19 20 26
7 10 4
18 20 5
14 16 21
13 15 13
22 0 29
17 18 3
8 11 27
16 19 30
0 2 8
18 19 18
2 3 21
7 10 4
7 8 19
23 1 1
2 4 16
1 4 26
22 1 4
1 2 25
18 20 7
1 4 25
10 12 4
16 18 8
8 10 23
11 15 7
4 6 22
18 20 7
0 2 1
5 6 4
6 9 16
23 1 13
1 3 18
7 6 16
20 22 1
23 1 7
19 21 15
3 5 21
23 1 28
15 18 22
18 21 2
7 8 14
19 21 3
5 7 20
10 12 2
1 3 22
0 1 2
8 10 19
11 13 23
9 10 4
18 19 6
18 22 24
0 1 25
13 16 22
3 5 26
7 10 6
13 14 2
6 9 14
4 7 24
7 9 7
9 11 17
15 17 5
2 3 22
10 13 27
9 10 30
10 12 27
5 7 13
19 22 3
19 21 7
8 9 25
1 2 5
12 15 15
20 22 2
0 2 22
0 2 24
2 5 28
14 17 22
1 2 29
5 4 21
1 1 25
13 13 24
3 4 16
19 21 14
19 21 24
15 18 5
0 2 21
12 12 13
20 21 16
23 0 30
13 15 5
9 10 6
23 3 14
7 9 11
22 0 26
6 8 3
17 20 28
7 9 18
22 23 22
7 7 16
17 19 23
8 11 22
16 18 23
7 9 25
14 16 12
3 8 20
8 9 4
18 20 1
18 21 7
10 13 14
12 14 22
7 10 5
23 3 9
10 11 20
2 4 2
2 4 1
15 18 10
1 3 14
3 6 17
7 8 7
22 0 19
17 21 27
12 14 29
5 8 10
10 13 20
2 3 29
20 22 25
7 8 20
9 12 15
18 19 2
10 10 12
4 6 2
19 21 6
15 16 2
14 16 3
7 9 15
8 9 20
15 16 13
12 13 1
10 11 26
16 18 19
22 0 11
3 6 13
0 1 4
21 23 18
5 8 23
5 7 27
21 23 20
7 9 30
9 13 10
21 0 19
23 0 3
11 14 2
5 7 4
0 3 25
22 1 2
2 2 17
21 23 19
23 2 23
22 1 19
2 5 27
6 10 27
9 10 15
14 16 28
12 14 28
22 0 12
9 10 13
17 19 2
22 0 14
19 20 29
6 8 2
11 14 28
2 4 10
10 11 28
8 11 24
17 18 28
14 16 3
21 0 7
1 3 8
1 2 12
17 20 26
19 21 19
21 23 15
7 7 17
16 19 27
22 1 15
14 16 6
7 10 22
1 3 22
12 16 7
10 12 26
8 11 15
11 13 22
4 5 20
12 13 30
12 14 26
4 5 2
5 7 3
9 9 24
14 15 14
5 7 27
12 16 6
17 18 22
0 2 20
5 9 23
15 18 26
18 21 23
9 10 10
13 15 27
6 8 28
0 4 4
0 0 8
0 2 22
4 6 11
3 5 6
1 4 4
4 5 8
3 4 27
8 11 23
13 15 8
20 22 13
19 20 7
0 2 25
18 18 19
11 13 20
23 1 5
10 12 26
5 9 25
0 2 14
4 5 24
4 5 8
22 0 25
11 13 14
1 3 15
11 14 18
17 18 26
11 14 28
2 3 28
6 9 4
2 5 9
13 15 21
21 0 14
17 17 11
13 15 7
20 21 21
0 2 16
6 6 7
5 8 2
4 5 3
4 5 8
14 16 30
23 1 3
2 5 18
7 8 20
8 9 2
3 4 5
8 9 27
14 16 26
11 12 1
22 23 25
13 15 12
0 3 23
8 11 27
11 13 21
17 20 18
13 15 14
2 5 24
12 16 21
2 3 23
8 10 18
14 15 22
23 0 13
11 14 9
7 8 29
11 11 9
6 9 28
9 10 4
4 5 3
9 11 26
11 13 5
17 17 9
20 22 25
14 16 13
9 11 6
2 5 5
2 5 15
10 13 9
13 15 16
17 19 1
1 4 30
23 23 21
19 23 9
12 14 26
16 18 13
0 2 8
14 17 11
17 18 3
12 13 11
8 10 15
20 22 20
17 20 21
16 19 13
23 1 18
17 18 30
5 9 12
8 9 30
6 7 8
9 11 8
10 14 21
13 14 29
6 8 7
7 9 20
9 9 14
22 3 16
2 4 19
20 21 9
13 15 16
13 15 10
9 9 13
18 20 12
16 19 23
10 13 10
17 19 6
7 7 6
7 10 21
4 7 27
0 2 12
6 7 13
15 19 7
19 19 14
5 8 12
12 14 8
16 17 26
0 3 15
9 12 26
20 0 12
21 22 11
15 16 7
3 4 15
3 2 12
18 19 22
22 0 19
3 6 1
9 11 20
18 19 6
0 2 15
3 5 1
4 5 20
23 0 12
22 2 16
23 2 11
18 19 8
14 16 23
2 4 23
22 1 5
10 12 15
17 19 5
6 9 22
3 4 24
5 7 6
13 14 6
9 11 18
0 0 22
22 23 13
4 4 30
12 15 30
0 1 19
22 23 28
7 10 15
9 9 27
10 11 21
13 15 28
11 13 16
13 14 11
21 23 17
10 11 3
15 17 16
16 19 8
20 21 27
18 21 5
20 23 16
18 19 10
0 3 29
17 17 13
0 3 16
20 21 18
5 6 4
0 3 25
13 17 6
9 12 8
13 15 29
5 9 11
18 20 4
21 0 22
1 1 7
12 14 19
0 2 21
20 22 25
9 12 9
15 17 6
2 5 19
3 5 9
23 1 4
20 21 6
7 8 15
3 7 23
4 6 6
15 16 28
11 16 2
12 14 30
3 5 4
20 22 1
2 4 1
20 22 21
2 4 3
3 4 19
18 19 9
14 15 21
15 18 6
3 4 7
21 22 18
22 0 20
8 12 23
12 12 3
14 14 11
16 19 21
2 3 28
1 4 30
10 11 25
20 22 6
7 8 24
9 12 26
11 13 15
14 16 26
18 20 6
0 1 5
0 1 30
14 14 27
17 19 5
11 15 22
11 13 16
2 3 20
6 7 27
7 10 11
21 21 11
13 13 7
6 6 13
17 20 2
4 7 1
2 6 2
9 11 25
9 13 18
16 18 28
9 11 10
17 19 5
7 10 21
19 21 14
20 22 4
9 12 28
20 0 15
23 2 12
1 3 25
14 15 14
11 14 5
8 7 23
8 11 23
7 10 27
13 14 18
8 10 26
3 6 16
3 5 29
17 19 19
14 17 23
1 5 4
5 8 5
11 12 29
3 5 10
21 22 12
6 9 3
21 21 23
16 17 2
23 0 10
12 15 28
2 5 8
13 15 7
3 6 10
11 12 19
17 18 24
13 13 24
9 11 25
19 22 7
0 1 3
13 15 20
13 14 29
13 16 30
11 14 7
13 18 30
12 14 23
16 17 10
7 9 16
12 15 19
19 22 15
15 16 3
2 3 6
6 8 27
21 23 6
1 3 14
13 17 11
4 5 3
20 21 22
5 8 17
14 15 15
19 21 29
21 23 16
12 14 4
6 8 4
5 6 16
21 23 15
3 7 2
6 8 28
11 15 12
21 23 27
13 15 13
8 11 8
3 3 3
12 14 25
20 23 21
23 23 4
19 22 28
17 18 16
20 22 22
22 0 2
5 7 27
11 13 17
2 5 13
21 22 26
11 13 10
14 17 28
12 15 13
11 14 5
19 22 15
7 8 26
4 6 16
9 11 28
10 12 24
9 12 25
19 22 29
9 12 17
19 22 21
21 0 3
23 0 6
1 3 4
20 22 16
2 4 27
14 17 16
18 20 26
20 23 9
12 15 16
1 2 24
15 18 27
12 16 16
6 7 21
20 21 16
22 1 28
17 19 3
12 14 8
8 9 20
14 16 26
17 19 9
5 8 1
13 14 21
0 2 23
0 2 10
13 15 28
16 19 28
17 19 21
0 2 18
12 14 2
3 4 1
22 2 7
19 22 12
8 9 3
4 6 1
15 18 30
11 13 2
9 12 1
22 0 16
3 7 24
0 2 24
16 18 18
23 23 26
5 7 16
17 20 28
8 10 10
0 1 2
16 18 2
13 15 1
18 20 28
13 14 16
18 21 19
2 4 20
20 23 14
7 11 4
3 7 23
8 10 30
3 5 21
13 16 17
20 22 11
15 19 13
17 18 8
12 15 4
6 7 10
11 12 16
17 19 22
0 3 22
17 19 30
1 3 19
20 0 26
22 1 20
21 23 18
2 6 21
1 3 16
22 0 22
22 0 13
19 20 10
12 14 20
18 21 28
19 22 29
17 19 8
21 23 15
5 8 19
11 12 20
9 11 19
0 0 8
8 11 28
6 7 27
7 11 12
23 1 16
8 10 20
14 15 26
13 14 14
16 18 13
14 17 22
14 18 20
11 13 23
9 11 9
13 15 6
0 2 25
14 17 28
15 17 4
23 1 6
1 4 5
8 9 12
9 12 21
15 19 28
21 23 21
0 2 27
12 14 6
7 9 14
14 15 16
22 0 12
19 21 23
5 7 25
3 4 27
7 10 8
3 6 25
14 16 21
2 4 26
20 22 25
10 13 19
15 17 22
5 8 4
21 22 13
9 12 23
15 16 28
22 23 14
4 6 16
12 14 17
0 2 11
11 12 13
13 16 1
18 19 23
7 8 6
1 4 8
7 8 27
13 16 2
14 15 19
14 15 19
7 9 17
17 20 12
3 5 22
18 22 3
11 12 24
21 0 20
12 12 28
5 7 10
2 4 7
3 6 17
9 13 14
12 13 27
21 0 19
15 17 3
23 2 1
14 18 18
9 10 24
20 0 2
11 12 24
4 5 1
5 7 22
9 12 13
0 2 2
18 19 1
7 10 14
20 23 16
1 3 2
13 15 30
14 15 25
6 6 20
10 10 24
8 10 25
16 17 22
16 19 28
12 14 18
16 17 14
11 12 11
12 14 20
13 15 24
10 13 15
14 16 19
3 5 8
12 15 13
17 19 19
8 10 12
20 0 20
5 6 12
22 0 1
12 14 29
5 7 25
14 16 2
20 22 2
5 7 6
3 6 14
12 14 29
15 17 11
6 7 2
12 15 28
18 19 1
16 17 6
15 18 30
7 9 14
0 2 1
21 0 18
2 5 12
7 8 24
10 12 15
6 8 11
16 16 5
18 19 8
14 16 14
4 6 11
18 20 14
14 17 12
8 8 11
5 5 30
23 2 29
5 8 10
4 5 29
19 20 30
2 6 16
15 17 13
13 14 21
1 3 8
18 19 1
19 23 14
8 10 23
18 21 3
6 8 10
17 18 30
17 20 12
22 23 11
5 7 29
8 10 17
15 19 25
5 7 3
3 7 4
5 5 25
0 2 27
14 17 2
18 20 16
17 20 18
17 19 18
8 10 10
19 20 3
8 9 16
19 21 21
12 13 20
14 16 5
3 5 14
4 5 26
9 12 12
20 23 3
7 10 11
6 7 29
23 2 17
16 19 26
22 0 15
0 2 25
16 17 9
19 20 5
16 19 24
7 8 10
6 9 27
21 0 10
22 0 5
18 19 18
13 16 30
18 19 6
11 13 9
15 18 26
3 6 30
16 18 14
3 3 21
15 18 1
11 14 26
5 8 8
12 14 7
2 5 3
23 1 14
18 20 12
20 22 11
23 1 22
21 0 5
23 2 30
14 16 17
8 9 20
18 18 25
8 11 21
9 9 28
4 8 7
21 23 7
17 19 23
22 1 14
9 10 17
4 7 23
11 13 25
0 2 23
19 20 21
21 23 9
12 15 18
11 13 28
21 22 22
9 12 18
19 22 1
5 7 19
0 2 25
21 23 2
13 14 12
21 0 11
7 9 4
20 22 7
11 12 15
17 20 14
11 13 2
13 14 10
21 22 15
14 16 11
20 22 4
21 23 23
14 17 22
16 17 16
18 21 4
0 2 6
20 23 28
11 13 21
19 21 12
19 23 26
8 8 8
17 19 8
0 1 27
5 7 29
14 17 7
18 20 1
21 22 6
16 19 5
8 10 26
12 12 28
21 23 20
18 20 3
6 9 17
16 17 30
5 7 18
6 9 13
3 5 12
14 15 15
18 19 8
5 6 26
20 22 2
14 16 14
1 3 26
20 21 2
7 8 3
18 20 20
15 17 15
23 2 4
16 19 1
16 19 8
16 19 3
21 23 9
22 23 14
3 6 1
23 0 25
17 20 1
4 6 16
16 19 22
22 0 28
8 11 2
13 15 26
11 13 13
18 21 1
6 9 18
3 5 15
3 5 15
0 2 18
18 20 7
21 0 14
2 3 14
0 0 30
1 2 22
8 10 23
9 12 14
0 1 24
3 5 9
10 12 20
8 12 29
5 5 27
1 3 12
20 23 28
4 6 23
12 14 16
12 15 26
7 9 10
5 7 25
13 14 7
14 17 26
6 7 29
23 1 24
1 3 15
8 10 29
20 21 10
14 15 29
14 15 11
1 3 15
1 3 11
23 2 21
2 4 18
8 10 30
7 9 6
8 10 6
12 16 5
11 11 25
19 22 15
6 8 4
17 20 28
2 4 11
20 21 11
18 20 6
4 6 23
12 15 1
1 3 14
21 0 3
8 10 7
18 20 27
10 13 19
14 15 10
11 14 7
22 0 25
19 21 30
23 1 16
1 2 2
12 15 13
16 19 6
20 21 2
1 4 15
8 10 7
10 13 13
1 4 17
9 12 19
16 17 17
14 17 28
1 5 18
8 9 20
16 20 8
7 9 12
23 2 30
16 18 29
6 9 13
3 6 6
7 10 17
6 7 20
5 7 14
22 0 22
3 5 27
2 2 13
17 17 19
4 6 15
6 10 13
5 7 14
6 7 7
2 5 19
4 6 16
10 12 11
15 18 29
12 13 16
23 1 15
3 5 11
14 15 4
17 18 24
21 21 24
7 10 6
19 17 1
0 3 30
19 20 1
6 10 20
5 8 19
15 16 16
9 11 13
17 20 21
3 6 30
23 2 29
9 11 5
10 13 7
19 22 5
9 11 2
22 23 16
8 12 9
13 15 13
1 3 8
15 16 17
9 11 16
17 19 15
2 5 8
13 14 16
14 17 29
11 14 10
13 13 25
9 10 15
9 12 29
20 21 24
8 11 14
20 21 25
4 6 17
9 10 10
22 1 11
21 22 18
1 2 13
11 12 27
10 13 28
8 11 16
14 17 26
8 10 27
0 3 5
23 1 5
20 21 29
10 13 13
14 16 7
6 6 6
11 12 11
21 23 8
2 5 26
16 16 25
9 11 2
8 11 7
0 2 8
15 17 10
8 11 6
13 16 13
17 18 21
6 7 22
4 7 16
1 3 25
22 1 22
4 6 12
17 19 14
1 3 26
20 23 19
12 14 15
9 9 28
20 22 13
19 22 14
4 7 19
19 22 1
8 11 1
9 10 27
14 14 5
1 3 8
19 21 27
9 12 10
6 8 12
9 11 2
13 13 23
7 9 21
16 17 6
17 17 22
19 22 5
16 18 21
11 12 24
7 8 13
11 13 19
5 7 28
16 19 21
5 8 11
18 20 7
12 15 27
11 12 16
5 7 26
17 19 19
17 19 16
18 19 22
15 16 9
16 17 22
9 11 21
16 17 8
20 23 27
14 16 4
8 11 7
22 0 24
7 9 24
12 13 2
9 11 27
0 3 1
18 19 12
6 9 16
8 10 19
12 15 30
22 23 16
19 21 15
1 3 23
20 23 12
4 6 15
16 18 23
5 7 5
10 11 12
20 21 15
9 12 4
15 15 18
12 14 19
23 1 5
22 0 19
22 1 15
19 21 26
12 14 30
0 3 7
6 6 23
13 14 21
12 14 25
3 4 7
21 21 30
13 17 28
13 16 30
23 1 27
20 21 7
11 13 13
22 23 3
9 13 11
14 15 26
14 16 29
15 17 11
20 0 13
8 9 13
20 22 29
20 22 26
15 18 29
13 14 16
17 19 10
12 15 23
11 13 1
7 8 11
12 14 12
21 22 17
22 0 6
18 19 6
22 23 19
20 22 22
0 3 16
5 6 5
15 17 4
8 11 7
7 10 3
23 2 15
22 1 11
0 2 30
10 11 27
3 3 28
9 10 26
19 22 2
4 5 27
12 15 5
23 23 11
15 18 20
23 1 9
14 14 1
15 18 1
11 12 21
22 0 8
10 14 29
23 2 30
20 22 28
18 20 10
8 9 6
20 21 20
9 10 4
10 13 16
19 21 8
8 8 4
22 0 16
13 15 28
13 15 1
9 12 28
13 16 28
3 7 9
6 8 19
11 13 26
20 20 8
12 13 27
8 9 10
7 9 30
3 5 29
22 1 11
20 22 3
3 5 27
11 14 26
6 9 20
15 16 7
20 23 9
20 21 5
2 5 30
16 19 30
0 5 15
12 15 18
18 20 16
7 10 10
10 15 11
10 11 22
15 17 24
2 4 15
3 4 10
13 17 7
23 1 4
8 11 27
18 21 20
22 23 24
12 15 13
19 0 30
2 3 29
12 15 3
10 12 18
4 5 17
10 11 10
6 9 11
21 0 26
5 6 17
20 23 21
4 7 16
4 5 24
16 18 14
2 4 4
4 7 20
19 19 1
17 16 8
20 23 13
23 0 1
21 0 1
1 3 4
20 22 5
7 8 24
12 14 7
9 10 6
10 11 21
16 17 10
4 6 20
11 13 3
2 5 10
20 21 20
11 12 17
12 13 10
1 3 28
11 13 6
11 13 24
9 11 23
10 13 15
23 1 16
3 4 30
8 11 14
4 6 21
7 9 12
10 12 4
16 20 1
2 4 15
15 17 5
14 18 19
21 20 18
22 1 3
15 17 25
4 6 29
20 0 12
21 23 13
6 9 28
23 1 28
3 5 18
6 8 15
4 4 15
7 10 18
2 5 2
16 17 17
21 23 7
8 10 4
21 23 27
3 6 25
4 8 30
23 3 26
18 20 15
0 2 23
3 5 2
6 6 1
8 12 11
16 19 17
18 18 7
8 9 18
1 3 23
10 11 16
8 9 16
10 13 27
0 2 16
11 12 1
5 6 3
19 22 21
17 19 16
0 2 1
22 0 10
8 8 3
17 18 29
8 11 5
6 8 7
19 22 9
6 8 26
12 13 19
10 13 16
20 22 27
15 17 20
12 14 28
3 4 23
2 5 25
4 6 1
18 20 14
23 2 6
9 11 1
15 18 28
6 10 7
8 9 21
22 1 21
20 23 2
16 17 14
4 7 7
10 13 23
10 11 16
19 22 7
14 15 27
15 18 25
12 14 20
17 17 14
19 20 19
17 20 27
11 14 22
3 8 13
23 4 7
12 13 29
6 7 19
15 15 3
5 8 28
21 22 28
10 13 22
11 12 25
15 19 16
20 23 14
20 21 15
7 9 5
8 10 5
21 22 28
7 10 3
10 11 20
14 16 25
18 20 9
20 22 10
9 11 17
12 14 3
17 20 8
3 5 17
21 22 26
5 6 19
14 15 24
12 15 8
3 4 22
15 17 7
8 8 5
12 15 6
11 13 29
2 6 10
14 17 12
6 9 29
5 7 25
9 9 5
12 14 24
4 7 11
21 23 11
3 6 6
20 22 6
19 21 29
17 18 15
2 4 24
3 6 23
19 21 30
21 0 24
8 10 28
18 19 12
19 21 9
14 15 27
20 23 8
17 20 24
8 10 21
8 10 29
3 4 10
10 11 23
11 13 28
20 22 1
15 17 13
14 17 14
22 0 30
17 20 8
8 11 11
3 3 8
12 15 21
11 15 5
18 20 23
8 10 5
14 16 21
14 15 18
0 3 5
22 0 27
5 8 16
8 9 7
21 23 25
10 13 27
4 6 13
3 7 14
16 17 12
14 18 25
19 22 26
22 1 9
9 12 5
12 14 16
15 16 23
4 6 9
11 14 27
20 22 17
2 4 7
18 18 10
2 5 17
5 7 18
12 13 23
5 8 25
7 9 15
7 10 11
20 22 27
3 5 21
20 23 27
13 14 3
3 6 23
9 11 26
9 11 11
6 11 3
10 10 4
9 11 16
14 14 6
12 16 13
8 10 23
2 5 11
3 4 20
8 9 22
5 8 15
14 17 5
12 13 6
5 8 23
9 9 18
21 0 7
14 16 18
16 18 10
5 8 16
14 16 23
0 1 18
2 4 7
9 10 6
18 20 16
23 2 19
14 18 9
13 16 1
20 23 15
14 16 4
17 20 3
4 5 9
13 17 5
20 0 26
16 19 17
12 13 7
4 5 14
4 5 9
8 9 25
10 11 20
22 1 6
12 15 2
8 11 3
14 16 15
12 14 28
23 1 14
1 3 27
0 3 6
15 18 28
21 23 3
1 3 11
22 23 25
2 3 30
13 16 3
6 8 23
9 11 11
11 12 23
3 4 21
0 3 25
3 5 5
9 11 25
5 6 26
16 17 1
14 16 20
7 8 29
7 7 12
13 14 19
10 13 30
5 8 25
15 16 27
22 23 3
3 3 17
10 10 15
19 20 4
22 0 26
12 13 6
7 8 4
0 3 24
1 4 12
6 8 16
18 21 13
7 8 3
19 21 22
21 22 2
20 0 11
6 6 21
17 19 28
13 15 23
6 8 21
3 5 8
20 23 6
21 0 17
12 12 18
16 19 27
7 9 16
20 21 30
5 8 26
17 18 24
12 13 3
12 16 20
12 15 8
2 3 13
15 16 7
4 6 1
16 17 6
22 0 11
5 7 10
1 3 13
8 10 6
7 9 22
17 19 13
13 15 21
5 6 6
13 15 18
0 3 23
9 11 7
23 0 17
14 16 1
21 23 27
22 1 20
9 13 20
18 18 23
8 9 11
4 6 29
23 23 8
4 5 23
15 18 17
5 6 14
10 14 24
1 4 28
8 10 21
1 4 26
10 12 9
13 15 9
14 14 19
23 1 28
0 1 19
7 9 25
18 20 19
6 8 2
6 9 22
4 7 5
21 0 28
10 11 29
21 22 22
14 15 24
0 2 25
13 15 11
3 6 9
16 21 19
13 15 17
3 5 5
7 7 11
15 18 2
14 16 17
10 14 7
9 11 3
22 1 11
3 5 5
17 21 27
7 9 6
20 0 19
15 17 30
10 12 25
19 20 27
13 14 22
14 17 13
19 22 25
17 17 18
12 15 14
21 0 27
0 1 22
15 16 10
9 11 4
8 11 6
9 12 4
2 3 22
9 11 2
8 10 7
15 15 6
13 14 10
6 7 7
5 6 5
11 12 19
12 13 6
20 22 25
23 2 6
13 16 29
16 18 12
21 23 9
18 22 24
13 14 22
2 4 17
9 12 8
10 11 6
15 17 19
21 0 9
11 14 8
7 8 9
18 21 12
0 2 1
17 18 5
21 23 4
21 22 24
13 16 27
3 5 3
14 16 5
16 18 25
8 11 24
19 0 17
11 13 12
8 9 21
12 14 20
19 21 2
20 21 10
15 18 21
7 7 4
6 10 26
3 5 4
9 11 4
5 6 10
20 0 25
3 6 14
18 20 2
16 19 12
11 12 11
5 8 8
13 14 15
19 20 20
16 17 5
6 6 6
22 0 21
1 2 18
11 13 19
23 1 24
0 3 20
21 23 20
2 5 9
19 20 29
11 13 6
18 21 8
11 11 4
7 7 4
17 19 2
15 19 13
21 1 29
13 17 22
20 22 22
21 21 20
4 6 3
16 19 18
14 16 14
10 14 29
10 12 20
20 23 26
11 12 16
16 18 19
2 3 24
6 9 9
5 9 26
7 8 26
19 22 20
4 5 29
9 11 20
19 21 13
6 8 18
3 5 22
18 20 12
17 18 10
9 11 15
15 18 2
3 6 8
15 16 12
22 23 16
22 23 30
0 4 5
7 9 6
20 21 9
2 4 5
13 15 12
14 17 1
18 19 15
23 1 14
13 16 28
2 5 3
5 8 15
20 21 15
1 3 18
18 21 29
9 12 20
10 12 3
16 18 22
9 10 3
16 18 4
5 8 6
23 1 9
4 6 25
18 22 9
2 3 22
1 3 25
10 10 4
15 17 3
0 2 7
9 9 13
1 3 29
15 16 22
5 9 21
20 20 28
16 19 24
13 15 26
6 8 8
15 17 28
4 6 1
11 13 28
2 5 20
5 6 17
2 4 29
14 14 16
1 2 28
9 12 8
19 22 26
19 20 1
0 2 26
23 0 2
14 18 25
6 9 1
17 20 4
11 13 7
20 22 9
7 9 12
15 17 27
14 17 4
20 20 5
23 1 5
9 11 17
0 1 16
23 1 2
9 9 17
15 17 29
8 10 18
21 0 15
14 16 18
14 16 5
6 7 14
10 11 13
2 4 26
11 12 9
0 2 29
14 14 13
5 6 14
18 20 30
19 20 18
22 0 2
8 9 17
13 14 5
6 10 28
14 16 26
20 23 22
12 13 1
5 7 15
11 14 5
6 8 26
1 3 21
21 0 6
8 11 28
19 20 27
6 7 15
12 14 11
23 2 17
2 4 14
4 7 15
11 13 3
20 22 13
1 3 14
15 17 11
23 0 23
7 12 29
9 12 25
15 17 3
9 10 3
18 20 12
17 18 21
23 0 8
5 7 3
8 10 1
18 22 26
1 2 9
18 20 1
8 10 21
16 17 5
20 21 13
19 23 25
3 4 17
7 9 18
12 16 10
8 10 12
18 18 12
13 14 10
2 6 12
16 18 30
11 15 14
11 13 1
16 19 16
1 3 21
10 10 27
16 18 3
13 14 1
19 19 25
7 8 12
12 14 1
13 15 18
10 13 21
4 5 28
1 3 17
23 1 3
5 8 30
19 22 3
10 13 29
8 10 11
17 19 11
8 11 11
18 21 1
2 5 5
16 18 12
5 7 21
11 12 28
4 5 19
19 19 15
14 17 30
23 1 11
15 15 25
10 12 8
2 4 3
4 5 5
9 11 30
23 0 29
16 18 4
14 17 15
0 3 19
16 17 30
5 8 26
14 15 24
17 19 10
0 2 25
13 16 5
21 0 16
21 23 26
1 1 8
17 19 30
21 23 13
10 12 10
20 21 5
13 14 4
9 11 12
5 6 28
0 2 13
11 13 15
16 18 22
18 20 29
16 18 7
10 12 22
8 9 4
19 21 17
14 18 9
13 16 25
16 17 3
17 20 22
6 6 1
11 15 8
18 21 19
0 4 19
1 1 16
2 4 11
1 4 29
8 9 13
14 17 28
17 19 29
19 21 13
7 9 24
7 8 29
6 7 6
1 3 4
8 8 2
0 2 20
17 19 12
14 17 28
11 13 12
19 21 26
21 23 23
5 8 27
18 19 28
15 17 12
4 8 25
23 1 26
11 13 5
21 22 13
14 16 15
7 10 11
22 1 7
12 14 3
4 4 27
1 3 20
22 0 6
11 13 12
0 3 30
17 18 16
18 21 26
21 23 11
0 3 17
5 5 28
21 0 11
4 6 27
19 21 17
18 22 3
7 10 23
11 11 11
0 3 16
12 14 5
16 17 26
7 9 13
20 22 13
21 22 19
14 17 7
5 7 23
6 9 10
20 22 26
8 10 26
9 11 23
7 8 20
0 3 18
1 2 11
3 5 6
13 15 21
8 11 16
14 16 11
8 10 19
16 19 8
23 0 7
21 22 8
22 0 29
10 13 23
6 7 20
9 12 16
11 12 19
12 13 26
21 22 14
17 19 7
10 11 28
4 6 26
3 6 3
21 22 5
6 8 15
22 1 19
6 7 27
0 3 23
5 7 8
11 11 3
1 4 10
20 20 1
21 0 7
21 23 12
18 20 25
13 16 22
18 21 3
21 23 26
7 7 26
1 2 20
4 7 10
1 3 25
17 18 24
7 9 30
6 8 3
6 8 18
7 9 14
1 3 29
10 11 12
4 4 23
22 2 9
0 2 26
16 17 11
2 4 20
1 4 29
17 18 2
2 4 11
18 19 28
13 15 14
14 15 25
12 14 10
4 5 19
13 13 4
1 4 27
4 5 3
16 20 11
12 15 30
17 19 21
11 13 13
20 21 9
7 9 12
5 6 27
6 12 25
15 17 22
18 18 24
11 13 24
20 21 4
0 1 21
20 21 11
13 17 27
11 14 1
5 9 5
1 5 29
1 3 14
23 2 6
1 2 5
11 13 29
21 22 10
15 17 26
6 8 5
15 17 29
8 10 6
6 9 6
1 3 2
15 16 11
3 7 10
18 21 6
20 20 8
13 15 20
0 1 2
9 11 14
23 2 18
8 8 20
12 13 25
8 9 21
11 15 13
9 12 28
9 10 2
19 20 29
4 6 8
1 4 5
1 4 19
10 13 19
21 0 29
0 3 16
17 18 11
2 5 14
20 23 9
4 6 6
11 14 21
19 23 3
6 10 4
6 9 18
15 15 9
12 15 5
10 13 8
17 20 24
21 23 24
0 2 3
0 1 12
17 18 22
9 12 15
5 7 17
6 8 15
16 16 22
14 15 7
13 14 12
23 1 27
14 16 17
7 9 4
5 6 21
10 13 23
20 22 19
9 12 8
16 17 12
5 7 5
2 5 28
4 6 29
13 16 21
2 4 26
17 19 15
2 4 5
11 14 22
14 16 18
1 3 22
10 10 11
3 5 15
12 14 22
5 7 27
6 7 30
16 19 22
3 4 11
23 23 21
4 6 3
9 12 3
21 23 30
15 18 22
9 12 14
1 2 18
15 16 5
12 13 16
17 17 4
10 11 21
17 19 24
10 10 3
20 22 12
20 22 16
13 15 30
22 23 14
12 14 14
0 0 16
10 12 26
22 1 11
17 20 17
10 13 13
1 2 1
0 3 10
12 13 9
12 14 7
2 6 3
6 8 19
21 22 16
4 6 7
1 2 9
23 1 10
12 14 10
13 15 30
6 8 8
7 9 4
17 20 10
18 21 26
17 20 20
15 18 9
19 21 8
19 22 30
5 8 17
11 13 21
12 13 21
23 1 20
15 18 17
3 4 9
12 13 25
2 3 15
12 14 25
2 4 15
14 16 3
4 7 8
22 2 22
18 20 9
7 10 9
21 1 11
21 0 12
14 17 6
3 5 16
9 12 19
16 16 15
2 3 16
7 10 2
6 10 8
12 14 14
17 20 7
22 0 10
21 23 3
19 21 12
0 1 30
14 16 2
0 1 3
0 2 24
9 11 1
23 1 24
4 8 17
10 14 16
14 17 5
23 1 15
2 4 24
13 14 12
13 15 15
10 12 7
16 18 27
21 23 26
9 10 7
18 21 8
19 23 8
11 13 16
21 23 17
3 3 22
4 6 26
17 17 26
4 6 21
2 2 14
5 7 19
6 7 25
12 12 23
5 7 7
1 3 2
9 12 21
22 23 10
1 3 8
15 17 21
12 13 27
10 15 30
0 3 19
20 21 20
13 15 10
14 15 3
11 13 7
1 4 19
23 1 30
1 7 15
10 11 23
8 11 20
3 7 25
11 13 29
9 13 11
16 16 21
8 10 14
0 3 15
20 22 24
22 0 8
0 3 21
4 7 28
10 13 2
8 9 23
15 18 26
17 18 24
13 15 8
15 18 3
17 19 12
9 11 23
10 13 3
9 11 26
19 21 30
20 22 28
0 2 5
17 18 27
22 1 13
6 8 14
9 11 5
6 9 29
15 16 8
5 6 6
0 2 22
2 4 7
14 15 7
23 1 10
10 12 4
10 12 19
5 8 20
18 21 24
3 6 14
20 22 21
3 5 14
17 18 19
10 13 8
14 17 29
21 23 12
4 6 30
18 21 22
13 17 27
10 13 12
5 7 23
16 18 23
6 6 22
23 23 28
15 18 21
12 15 24
0 1 29
13 16 11
15 19 17
22 1 26
1 4 17
5 7 16
4 5 17
3 6 6
3 5 11
2 4 6
22 23 7
10 11 7
10 11 5
19 20 17
2 5 9
23 0 14
16 18 14
13 16 5
7 10 30
5 7 13
10 11 1
22 0 25
16 19 8
23 2 11
19 22 18
14 15 12
6 7 9
18 20 2
7 9 7
3 4 6
13 15 5
8 11 20
8 11 4
5 7 11
2 5 15
21 0 9
22 23 17
19 21 6
1 5 4
0 3 12
4 6 1
6 8 2
20 23 17
4 6 6
11 14 7
17 20 12
18 22 5
7 8 19
2 5 12
14 16 18
3 4 15
9 12 3
5 7 4
9 13 28
2 5 27
4 5 1
3 5 30
4 7 13
11 12 9
11 12 28
15 18 4
14 17 12
18 19 16
20 22 10
23 1 17
7 9 4
23 0 18
3 6 3
10 11 25
4 7 7
6 7 2
20 22 26
23 1 29
19 19 29
9 12 8
20 21 9
15 19 1
2 5 29
1 2 16
11 12 21
17 20 21
6 9 1
7 10 30
13 14 3
7 8 10
17 19 13
7 9 14
3 5 22
3 7 14
11 12 12
15 19 19
3 6 1
5 8 8
15 16 23
2 5 28
5 8 22
18 19 14
14 16 3
11 13 3
6 9 3
16 17 23
17 18 2
13 14 10
14 17 13
7 9 13
22 23 21
16 18 13
10 11 17
5 6 23
21 23 29
16 17 15
8 10 14
11 12 4
23 1 20
23 1 2
18 22 12
2 2 14
7 10 28
17 19 9
14 15 4
19 20 22
22 0 7
8 10 24
3 7 4
6 8 25
20 21 12
19 23 2
7 10 13
18 19 25
8 9 27
22 0 16
19 20 18
14 16 20
22 1 6
20 23 19
1 2 10
7 10 16
15 16 17
17 21 20
3 4 8
17 20 29
16 18 21
21 2 18
3 5 18
15 19 2
11 12 20
14 15 8
2 4 25
2 5 2
20 21 5
20 21 3
13 13 22
1 3 5
2 5 13
14 17 13
23 0 7
5 7 4
18 22 21
1 3 21
0 1 25
16 17 19
17 18 19
13 17 8
23 23 21
21 23 15
20 22 9
3 3 24
10 12 25
16 18 6
7 9 15
8 10 20
3 5 12
19 22 21
11 12 3
18 20 5
8 10 2
16 18 11
8 10 15
2 4 19
6 7 3
15 17 27
20 23 11
3 4 8
5 7 5
6 9 9
2 4 14
21 1 6
23 1 27
5 7 5
7 10 21
7 9 25
19 22 20
11 13 16
10 12 21
10 12 29
8 9 10
14 18 13
15 17 4
20 20 14
7 9 2
12 14 15
22 1 12
2 3 20
20 21 1
21 22 18
21 23 14
5 7 20
13 15 10
11 14 16
13 15 23
17 18 3
22 0 28
1 2 14
16 18 21
20 23 25
3 4 1
10 11 14
3 6 3
18 20 6
19 21 12
13 17 22
9 10 17
21 0 24
9 9 28
16 18 14
15 16 19
17 18 23
9 9 15
14 15 3
7 10 1
9 11 6
14 16 2
0 2 29
11 13 16
19 22 6
4 7 28
10 11 12
15 17 1
8 10 5
6 10 22
12 14 5
2 4 15
21 23 15
23 1 20
8 9 9
10 12 19
14 15 27
20 23 4
18 19 14
1 3 28
2 3 13
6 7 10
14 15 29
18 20 19
21 22 10
19 21 7
23 23 4
22 0 22
10 15 14
4 6 3
19 21 25
1 4 11
2 4 27
1 3 6
15 17 6
13 12 23
11 13 14
17 18 7
9 11 17
4 5 25
6 9 10
20 22 30
10 11 9
13 15 8
9 11 19
0 2 2
18 19 22
15 15 26
1 3 14
14 16 25
14 15 25
0 1 21
11 13 26
14 16 16
1 2 9
10 13 9
0 2 15
14 16 6
15 18 28
5 7 4
15 15 12
3 5 20
16 19 26
6 9 22
12 12 23
10 11 12
15 18 21
7 10 9
22 23 3
2 4 7
15 19 27
2 5 11
22 23 1
22 2 21
10 13 1
20 23 6
10 12 19
1 3 8
23 2 1
12 16 25
18 20 7
22 0 17
6 8 3
4 4 2
17 20 9
10 14 13
20 20 30
0 1 3
18 20 25
9 13 7
3 5 23
23 1 30
9 12 1
9 12 13
1 3 24
23 1 4
11 13 11
8 10 8
19 20 13
1 3 6
16 18 20
7 9 5
8 10 22
17 18 6
17 18 15
12 15 30
21 22 25
20 23 4
1 3 11
22 0 29
22 1 21
18 22 20
11 13 18
3 3 4
20 22 2
21 22 29
3 4 5
8 10 30
6 8 16
10 10 12
23 3 29
3 5 30
22 1 3
19 0 16
4 4 1
1 1 25
1 2 25
7 10 7
16 17 22
6 8 1
11 12 19
17 18 3
19 0 15
6 8 28
12 13 29
2 4 9
2 3 16
11 14 11
0 1 18
1 6 24
22 0 26
15 18 9
19 22 27
8 10 19
8 11 9
23 0 13
4 6 28
17 21 3
17 21 14
1 3 6
17 18 9
3 5 27
21 23 3
17 19 30
0 0 30
9 12 28
22 23 29
21 22 11
19 19 3
11 12 13
21 1 29
20 23 20
1 2 18
0 3 27
5 7 27
1 3 6
13 14 27
13 15 18
13 18 27
8 10 17
16 18 25
4 5 23
4 6 21
16 19 3
14 18 25
15 16 5
4 7 24
7 9 9
19 22 16
12 14 25
19 22 23
3 4 24
20 22 18
0 2 24
10 11 13
12 14 12
7 9 26
21 1 2
22 0 22
9 11 30
0 0 21
23 1 22
9 12 11
22 23 18
10 11 2
21 22 6
21 23 24
8 10 17
15 17 3
0 2 2
14 17 19
11 12 14
17 18 10
0 3 11
2 4 13
3 4 9
11 13 1
16 19 17
0 2 8
12 15 7
10 14 16
2 4 20
6 6 7
4 7 30
0 2 25
10 11 24
10 12 19
17 18 14
10 11 20
10 11 6
19 22 22
3 5 3
10 12 28
20 23 26
21 22 20
14 15 16
19 21 10
11 12 30
16 16 18
8 11 21
17 18 4
22 2 26
15 18 2
15 17 7
4 7 21
13 15 4
15 15 12
3 7 13
13 15 7
12 13 10
6 7 17
15 16 7
5 8 6
9 12 17
9 11 21
16 19 12
9 11 20
1 4 13
1 3 10
15 16 12
19 22 27
11 14 16
13 14 8
5 8 13
11 12 2
1 3 6
22 0 13
0 1 14
16 18 16
13 16 9
3 5 25
0 2 7
6 8 29
6 7 28
10 13 16
16 17 18
4 5 2
18 21 24
12 15 20
5 6 10
21 0 15
12 14 10
7 10 7
6 9 25
17 19 20
8 8 20
18 21 15
3 3 1
23 2 26
20 23 19
3 2 12
4 7 1
14 14 1
10 12 3
1 4 23
0 3 17
6 7 15
14 17 12
13 15 5
2 4 29
1 1 22
22 0 19
5 6 21
20 23 8
15 17 10
22 1 2
18 20 20
22 0 7
12 13 27
12 14 16
23 23 12
11 13 4
23 2 29
2 5 3
3 6 30
1 2 11
18 20 26
3 4 17
7 9 19
12 15 8
17 19 17
2 5 30
11 14 26
13 16 21
14 17 6
20 21 28
4 6 15
14 16 25
20 21 4
10 12 6
22 23 2
7 9 12
6 8 20
8 11 13
1 2 20
2 4 23
11 13 12
2 3 19
15 19 12
18 19 29
18 21 23
19 21 20
14 16 13
7 10 13
1 3 9
21 22 25
15 16 15
7 8 11
23 0 21
22 23 24
7 8 9
2 3 3
21 23 27
1 2 2
12 15 23
22 23 11
11 12 5
15 19 11
23 1 30
18 22 9
11 13 3
15 17 26
5 6 27
1 2 10
1 3 5
1 3 11
23 1 27
16 17 10
1 2 20
19 20 17
12 15 3
20 22 24
17 18 27
9 13 15
9 11 17
23 2 6
14 17 27
20 22 6
21 23 12
4 5 15
1 1 25
1 6 5
22 2 25
15 16 23
6 8 6
15 16 3
6 7 18
21 23 12
4 5 1
0 1 2
10 10 3
19 22 14
14 16 10
18 21 16
17 20 5
18 19 18
13 15 5
6 9 19
17 19 20
19 21 2
12 16 19
9 11 14
3 6 10
7 7 21
3 5 8
10 12 10
9 12 16
23 1 8
12 12 27
16 18 15
17 21 20
18 18 16
23 2 6
12 15 12
16 17 9
17 16 29
12 13 25
10 13 13
10 12 24
0 1 27
7 10 22
13 15 1
14 16 6
19 22 21
22 0 20
3 5 26
0 2 20
16 19 19
19 22 7
19 20 6
20 22 28
8 9 4
15 18 5
3 6 29
10 12 24
20 21 6
10 11 22
18 20 24
22 22 29
19 22 24
5 9 28
5 8 12
20 21 24
6 9 25
3 5 4
1 1 29
10 11 28
3 6 27
12 14 8
4 7 11
15 16 7
7 8 16
3 5 3
9 10 10
21 0 20
18 19 4
20 22 4
12 13 22
2 5 15
19 21 22
8 11 21
7 10 14
1 2 5
23 2 25
1 2 29
17 19 12
23 0 3
16 18 6
0 3 30
14 16 5
3 5 29
3 5 29
19 20 12
8 12 11
8 10 25
3 3 15
12 14 4
17 19 23
4 6 3
20 22 7
9 11 7
2 4 18
14 18 19
19 22 13
19 21 14
2 2 1
21 22 24
5 7 18
18 18 29
1 6 19
2 5 6
10 13 4
1 4 19
20 22 16
8 9 8
7 7 10
15 19 26
22 2 18
20 21 19
23 1 22
21 0 15
9 11 11
18 20 23
14 18 7
11 12 25
6 10 25
18 19 10
17 18 28
23 0 28
0 3 12
14 17 23
4 6 7
1 4 23
18 20 12
6 8 12
16 18 13
19 21 5
2 4 5
3 5 16
22 2 12
9 12 18
7 8 25
13 15 23
9 11 12
15 17 2
21 22 28
19 23 20
0 3 25
2 4 8
4 6 9
5 7 4
8 10 14
7 9 19
19 22 10
14 16 28
22 0 13
8 10 14
13 14 8
11 14 9
8 11 1
3 5 21
19 21 21
17 20 15
23 2 28
15 16 7
17 19 14
22 1 13
20 22 29
9 9 23
4 5 20
15 17 18
0 3 12
8 9 24
21 22 9
17 21 5
10 12 22
6 7 16
22 23 3
15 18 7
12 14 23
1 2 8
23 2 6
7 9 24
0 3 10
7 10 4
22 1 15
3 5 29
8 11 24
5 7 29
14 17 15
8 11 15
1 4 3
3 6 20
1 3 5
8 8 13
23 2 2
6 9 14
9 12 21
2 3 23
3 5 19
16 19 7
10 13 7
17 20 27
8 12 27
13 14 19
19 21 2
10 10 3
2 3 14
7 8 14
3 6 9
12 13 4
9 10 4
23 0 8
5 6 6
5 7 19
6 6 19
14 16 9
6 7 16
3 5 23
5 8 4
11 13 3
7 9 18
13 15 28
23 22 11
13 15 15
4 8 14
20 21 12
11 13 1
10 13 18
20 22 21
2 4 27
7 8 28
10 10 1
1 3 3
0 3 2
8 9 21
23 4 3
8 9 29
8 10 29
4 6 30
4 6 2
3 4 19
16 18 10
9 12 27
1 3 6
16 16 9
12 14 25
19 21 14
22 23 5
4 4 4
13 15 14
14 16 19
1 2 21
13 15 9
4 5 14
15 16 28
2 5 29
20 21 19
1 2 28
0 3 21
1 3 8
8 10 4
8 12 26
5 7 8
3 5 14
0 3 30
18 20 30
13 15 10
9 11 14
8 11 8
21 0 20
6 7 22
3 5 26
21 21 8
9 12 10
19 23 23
5 6 2
17 18 13
7 9 13
7 9 30
9 11 4
1 3 14
11 12 28
1 3 17
5 7 10
11 14 14
5 8 11
1 4 22
18 21 15
15 17 6
18 20 4
15 17 16
20 21 24
1 2 28
8 10 4
2 3 30
23 2 6
14 16 13
19 21 28
19 22 4
13 14 6
6 7 21
8 9 10
20 22 3
8 11 9
2 4 28
8 10 15
14 16 10
7 8 30
17 20 23
10 11 26
11 11 20
9 10 25
19 20 16
23 1 20
11 13 25
2 1 4
0 3 25
0 4 1
23 2 1
22 23 10
18 19 1
16 17 7
7 9 15
17 20 16
1 3 26
20 23 21
3 5 7
10 11 24
13 15 27
13 14 14
12 14 21
17 18 18
9 12 23
15 19 6
16 16 3
12 12 19
4 6 17
9 11 7
0 3 8
1 1 20
23 1 16
7 11 19
17 17 1
22 0 24
8 10 4
21 22 3
2 4 17
8 11 15
17 20 7
4 7 21
21 0 4
2 4 10
10 14 11
18 21 14
1 2 5
14 17 22
8 9 17
22 23 13
13 15 18
16 18 21
11 15 15
10 13 14
8 9 1
15 17 11
10 14 18
2 4 3
10 12 22
16 18 2
23 1 9
11 12 12
16 19 9
11 13 10
5 8 16
20 21 29
11 13 12
17 17 21
8 10 10
0 3 19
1 2 28
4 7 24
1 3 20
14 17 8
15 17 3
23 3 10
20 22 16
4 6 5
21 23 15
13 16 6
23 0 8
1 4 28
10 14 23
14 17 23
1 5 24
19 22 29
4 6 16
12 15 21
21 22 26
9 11 4
23 1 12
8 10 29
8 9 17
18 20 14
2 5 8
14 15 9
18 21 3
11 15 18
8 9 5
5 8 4
1 4 4
22 0 16
1 5 8
8 9 16
6 6 30
23 3 15
12 12 1
17 18 20
6 8 19
2 3 13
9 9 21
19 22 3
1 3 26
2 4 19
16 18 5
17 19 2
3 6 2
12 14 10
19 20 8
9 11 23
23 2 13
9 11 23
8 10 2
22 1 14
12 15 20
21 23 25
20 23 26
14 15 4
0 3 29
1 4 7
2 3 5
3 5 6
19 23 15
17 21 26
11 12 1
19 21 4
1 2 22
12 15 28
6 7 26
20 21 19
12 14 22
21 0 7
5 9 22
3 5 26
5 6 3
4 5 1
8 11 11
21 0 11
21 0 16
4 4 9
20 21 10
19 21 5
22 23 5
23 1 18
5 7 8
13 15 5
2 4 20
11 12 10
17 19 9
15 17 2
18 18 14
23 2 4
9 13 2
8 10 18
16 19 5
5 6 29
10 12 30
16 17 18
19 22 6
2 5 2
17 19 29
14 17 27
16 20 17
1 4 5
16 17 14
7 9 10
14 17 24
3 3 1
12 13 23
17 20 27
23 0 7
22 1 7
22 0 17
9 11 20
2 4 2
5 8 3
5 6 4
6 8 11
17 18 2
13 15 18
8 10 6
10 10 15
19 21 17
0 0 6
16 18 6
15 17 17
19 21 17
22 23 15
21 23 21
11 13 30
22 0 25
3 5 20
3 3 29
11 13 29
0 2 27
5 6 15
23 1 30
19 20 25
22 0 4
4 6 16
4 4 30
17 18 29
10 12 14
7 7 16
10 12 12
2 5 5
18 19 23
18 20 4
11 14 16
23 0 10
12 13 5
9 10 4
4 6 10
19 22 4
4 7 14
21 22 26
17 19 6
23 1 8
4 5 19
14 16 28
2 3 25
7 9 14
5 8 11
5 7 10
20 22 22
19 22 30
22 0 12
4 7 30
19 21 27
23 1 22
22 23 2
8 11 30
0 2 19
0 3 29
20 23 10
8 11 27
4 6 17
6 8 10
3 5 4
2 1 25
8 10 14
2 3 10
13 16 29
10 12 20
15 17 29
22 23 1
14 16 4
2 4 3
2 5 2
8 11 21
3 6 18
16 20 14
13 14 28
10 13 30
11 13 14
23 0 7
10 12 5
1 4 24
0 2 29
21 23 2
17 19 30
16 19 13
0 2 1
11 12 24
6 6 8
4 6 21
6 8 6
23 1 5
20 21 5
5 6 15
23 1 26
16 16 10
13 15 14
7 7 15
2 3 8
16 18 28
18 21 8
20 22 30
19 21 2
17 18 17
9 12 21
19 21 22
23 22 2
22 0 1
4 7 2
1 2 18
20 21 21
11 14 18
11 13 20
13 14 28
19 20 11
22 23 6
11 13 9
7 9 14
23 2 8
19 23 15
0 2 10
21 23 25
15 16 13
22 22 22
4 5 22
0 1 29
14 16 9
16 18 18
15 16 7
6 9 17
16 19 9
4 5 26
15 16 26
12 15 19
1 3 11
21 1 12
5 7 10
19 20 21
18 20 18
21 23 1
19 23 19
14 16 13
6 8 21
8 10 30
15 17 24
23 2 6
4 6 13
19 22 16
8 9 27
7 10 16
6 8 6
23 2 13
16 17 20
21 22 11
22 1 1
8 11 22
16 18 24
8 9 23
14 16 6
23 3 23
9 10 13
20 22 20
14 16 10
19 20 27
5 7 12
12 13 30
19 23 13
12 13 3
18 20 11
20 22 7
19 20 20
5 8 7
0 2 14
3 5 13
7 10 26
2 4 24
18 19 15
20 21 23
23 1 25
9 11 19
20 20 15
21 23 26
6 8 12
15 16 15
6 9 4
10 11 17
11 14 12
17 18 26
17 19 26
1 3 20
20 21 13
12 14 15
19 23 16
18 20 17
16 20 11
12 15 7
13 15 1
20 23 6
8 9 11
10 14 20
14 15 23
13 13 11
2 3 18
2 2 7
7 9 27
10 11 29
5 6 11
22 0 11
7 9 10
19 23 21
1 2 16
17 20 20
15 18 8
11 14 2
3 4 25
14 14 19
17 18 30
2 3 28
15 16 26
16 19 21
19 20 21
23 1 29
4 7 27
0 2 10
5 9 5
18 18 9
23 0 22
18 22 19
6 10 25
11 12 16
19 21 3
17 19 25
20 20 24
14 16 23
5 8 25
14 15 18
6 9 5
19 21 6
4 7 3
6 8 3
10 14 16
17 19 14
19 19 14
5 8 6
7 10 29
0 2 19
21 0 21
11 14 26
11 12 27
2 4 10
7 10 1
9 11 17
13 16 12
0 2 17
14 17 25
5 6 15
6 8 28
14 14 6
18 21 12
22 0 17
12 17 22
0 2 10
10 13 26
0 3 8
4 6 3
16 18 28
5 6 20
18 18 1
3 6 16
11 14 3
8 11 7
4 6 8
6 7 18
15 18 28
7 8 17
11 13 9
2 5 19
16 16 18
17 19 18
4 6 27
17 19 1
23 0 18
2 5 26
5 5 15
19 22 28
20 21 23
19 21 13
6 10 11
12 13 2
23 2 29
1 3 4
20 22 21
1 4 23
7 8 5
2 5 29
13 17 1
7 9 26
15 16 12
20 0 4
9 12 1
23 3 23
9 12 8
19 21 18
23 2 13
4 6 27
1 3 22
8 11 9
11 13 6
13 13 16
19 21 7
0 1 5
15 16 5
20 22 4
0 0 8
20 22 2
19 20 16
11 10 1
5 7 20
6 9 7
1 2 28
18 20 19
14 16 27
11 13 8
19 22 30
7 11 27
8 10 19
12 13 5
0 3 17
21 23 5
14 15 18
9 11 15
20 23 17
7 8 17
11 13 28
4 6 4
12 14 27
9 12 14
13 15 17
12 14 17
16 18 21
16 18 8
7 8 20
6 7 28
9 12 27
22 23 25
16 17 22
14 16 22
12 13 22
12 14 17
0 3 10
4 7 21
21 22 16
1 3 3
5 5 1
5 8 28
5 4 8
18 21 2
23 0 30
14 16 30
2 4 28
13 14 12
14 18 3
1 3 27
1 3 13
2 4 17
19 19 11
21 22 15
22 0 25
2 3 16
20 20 13
10 12 13
2 4 29
8 9 19
7 8 26
3 5 1
15 18 28
17 19 29
21 22 24
10 13 9
17 20 12
22 23 2
3 6 11
15 17 11
2 3 27
11 13 3
2 4 13
6 8 16
0 2 12
21 23 30
19 20 9
0 1 14
10 11 19
12 14 24
7 9 1
14 15 5
4 5 7
12 13 6
20 21 2
3 4 2
1 6 9
3 5 27
23 0 18
2 4 12
8 10 11
21 23 1
23 0 26
0 2 24
4 6 3
7 9 28
4 7 4
11 15 9
23 1 27
11 12 24
1 4 10
21 0 17
1 2 30
22 0 16
19 23 19
0 2 28
21 0 7
12 13 27
16 18 1
14 17 12
20 22 10
8 11 27
19 22 25
1 3 6
8 10 7
23 3 13
15 15 6
5 7 2
13 15 2
13 15 1
15 17 8
7 9 26
16 17 18
12 15 8
10 10 20
14 15 16
6 7 8
0 2 24
3 6 7
19 21 12
8 9 7
20 23 2
15 19 29
6 8 20
7 8 12
21 0 2
6 8 13
12 15 8
16 18 25
2 6 8
6 9 24
19 22 8
12 13 1
8 10 11
8 11 12
14 15 6
11 13 4
3 5 19
18 20 12
15 18 7
2 4 27
22 1 14
10 10 5
4 5 26
2 4 10
17 19 15
15 17 24
3 6 4
22 0 27
0 1 4
3 5 26
10 12 4
12 15 23
3 5 25
12 14 19
3 5 14
5 5 12
2 4 12
21 0 22
8 10 18
23 2 2
10 13 30
3 5 22
16 17 14
0 1 17
14 15 1
17 20 24
5 6 24
16 19 29
13 15 23
15 16 5
8 11 28
3 8 28
6 8 16
16 18 15
4 6 5
1 3 6
4 5 4
11 11 19
1 2 24
0 3 25
9 12 28
0 2 9
0 4 6
12 14 30
18 20 12
13 13 19
15 18 30
18 20 1
4 7 28
13 17 30
8 10 21
12 13 27
5 7 19
14 18 26
17 19 27
10 11 6
3 6 18
20 22 12
16 18 5
17 18 30
8 10 17
10 12 23
1 4 20
5 6 6
17 19 25
5 8 24
9 11 23
23 0 21
5 8 7
8 11 28
4 7 12
15 17 16
15 18 10
17 18 13
10 12 19
15 16 8
5 10 20
0 1 7
21 23 19
15 16 18
23 0 29
14 16 8
1 2 15
9 11 4
2 5 21
23 0 3
11 12 15
14 16 9
2 4 19
8 10 21
3 7 8
8 9 5
13 15 21
15 18 20
21 21 5
9 11 1
9 11 26
17 20 22
4 6 25
3 4 1
14 17 11
2 3 18
2 4 29
3 5 30
11 13 10
0 1 11
6 7 4
0 1 13
23 0 24
13 15 10
6 7 21
22 0 26
12 12 3
2 5 18
11 14 22
2 5 3
12 13 12
23 1 11
18 19 3
22 1 29
4 5 4
14 16 20
22 1 2
10 12 11
13 17 15
6 8 6
7 9 27
8 10 15
6 10 19
20 21 28
15 19 15
10 14 7
11 14 3
20 22 13
12 14 29
23 2 12
0 2 15
0 1 3
4 7 3
20 21 26
21 21 5
8 11 6
18 22 28
9 9 24
2 4 6
4 6 28
23 2 11
6 9 3
5 6 12
19 22 3
21 23 19
6 9 20
23 1 24
8 11 30
8 11 16
17 18 25
23 2 11
14 16 13
16 18 14
19 17 10
2 5 29
21 23 28
23 2 19
3 4 6
10 12 26
8 12 17
19 22 25
18 22 5
11 12 7
3 5 11
9 12 20
14 18 7
19 21 27
20 23 8
12 15 8
20 21 22
23 0 19
1 4 12
16 17 1
8 12 6
23 23 26
2 4 29
20 21 18
8 11 23
16 18 4
3 5 30
7 7 16
19 20 10
4 6 17
3 6 4
5 7 3
5 7 18
18 21 30
7 9 11
3 6 1
2 4 3
11 14 30
3 5 13
5 7 11
17 19 19
9 10 19
15 17 23
23 0 12
1 3 25
8 12 10
0 3 1
6 7 16
12 14 27
4 6 18
16 16 6
0 3 21
17 19 13
9 11 25
21 1 4
10 12 2
11 14 24
1 4 24
16 19 12
16 18 22
14 16 13
9 10 11
1 3 10
4 8 28
5 6 24
10 12 8
1 4 16
12 15 2
2 4 5
0 2 25
23 3 8
0 3 5
16 15 8
10 12 26
5 7 11
6 8 23
20 21 15
7 10 3
15 16 5
4 6 29
17 18 19
12 14 29
14 16 18
2 3 5
15 16 10
18 21 18
22 1 28
17 20 25
13 14 3
3 5 26
7 8 15
23 0 28
13 15 4
7 9 30
17 18 23
9 10 6
17 19 26
4 7 5
22 1 9
1 5 11
18 19 10
2 4 14
9 10 17
10 13 18
1 3 18
10 12 4
14 16 6
16 18 24
12 15 25
11 11 8
16 19 19
18 20 16
17 21 21
21 23 24
12 15 2
6 8 28
18 19 26
1 4 25
12 15 28
1 3 27
12 15 9
14 14 9
3 2 3
22 1 27
12 14 29
14 16 15
11 14 27
15 17 10
4 8 29
7 10 12
21 22 12
10 11 22
23 2 9
6 9 17
11 10 8
11 13 17
9 9 18
14 16 29
21 23 16
10 12 10
21 0 1
15 18 2
19 21 11
3 3 26
10 12 11
14 15 23
