5320 30
10 25 10 29 17 2 11 28 30 14 25 9 14 30 29 12 24 13 30 5 18 14 27 6 28 11 27 6 1 11 
11 14 8
20 0 27
22 1 23
4 8 1
15 19 11
5 7 29
2 2 9
9 12 28
5 6 29
18 21 15
3 5 28
23 1 29
14 16 24
16 18 15
13 15 26
17 19 14
15 17 17
5 6 1
8 10 17
21 0 4
4 8 9
18 20 6
11 13 7
0 3 12
16 19 10
3 6 21
5 5 18
8 8 7
3 5 4
10 10 24
15 16 14
17 19 12
8 9 18
7 8 18
7 9 26
5 9 3
19 21 17
17 20 16
14 16 9
5 8 30
2 3 22
14 16 20
5 5 4
18 21 19
3 5 3
9 11 28
8 10 7
4 6 13
7 9 7
1 4 23
10 12 16
20 22 7
13 17 9
18 20 22
18 20 6
2 3 28
1 5 20
13 16 5
7 10 17
13 15 29
8 11 19
3 6 26
23 1 10
14 17 19
17 18 11
8 9 27
23 2 20
4 6 30
11 14 10
9 10 19
22 0 2
4 4 23
9 10 3
3 4 4
21 23 24
22 23 26
22 0 23
8 9 10
10 12 11
10 12 28
13 15 1
4 6 28
17 19 16
3 4 2
9 10 21
15 16 7
8 10 4
15 16 20
7 8 20
3 6 7
4 6 25
5 6 28
14 16 25
15 19 4
15 16 10
10 14 26
5 8 13
4 5 23
5 6 21
6 9 6
6 8 19
15 16 2
10 12 6
7 7 14
14 16 17
4 7 20
14 16 22
5 7 30
0 0 13
5 7 18
11 13 18
23 1 23
10 13 7
9 12 13
4 6 27
7 8 18
10 12 12
9 11 19
17 18 6
3 5 21
6 6 15
21 22 30
1 2 14
3 5 19
0 1 23
16 20 19
19 23 17
21 0 19
13 14 2
18 19 1
9 12 1
14 17 29
8 9 3
13 16 26
22 0 16
16 18 15
18 20 29
6 8 1
6 9 16
0 1 8
18 20 14
2 4 15
13 16 29
18 21 1
21 23 12
1 3 12
17 21 24
3 3 29
2 6 25
17 18 4
2 5 11
20 22 23
15 19 5
0 2 12
3 4 7
16 18 1
14 16 6
5 6 24
13 15 1
10 13 12
19 21 1
23 1 28
15 16 15
19 21 1
17 19 6
8 11 21
15 15 3
16 18 25
1 2 11
21 23 29
0 3 29
3 7 6
20 22 26
1 3 23
6 10 15
20 22 14
10 12 29
23 1 22
8 10 21
0 3 5
3 6 15
9 9 9
16 17 24
23 2 12
16 18 30
4 5 9
0 2 24
6 9 12
19 21 24
20 22 9
23 1 4
4 5 1
15 17 29
8 10 23
17 20 12
10 12 3
0 3 28
1 2 18
19 22 2
22 22 9
7 10 15
14 17 27
2 3 18
20 22 5
1 2 22
15 17 25
9 11 1
21 0 25
16 18 7
14 17 2
14 16 12
16 16 27
19 19 17
6 7 27
3 6 13
23 0 21
0 2 14
11 12 14
22 23 4
7 8 1
1 4 8
2 4 26
11 13 24
4 7 23
16 18 22
13 16 22
3 5 22
19 19 24
23 2 6
4 4 24
16 19 27
15 17 3
11 11 5
2 6 22
19 21 27
5 8 19
11 13 25
21 0 29
21 22 20
13 15 7
2 5 16
20 21 6
4 5 3
12 13 28
22 0 3
20 21 2
21 23 28
23 3 8
18 19 28
21 23 15
4 5 6
8 10 29
8 10 16
8 9 30
6 9 25
13 15 13
14 18 11
4 6 16
15 17 1
2 4 4
21 1 2
10 11 28
23 2 15
0 3 15
17 18 12
0 2 29
18 19 10
16 18 4
8 12 19
9 12 17
19 20 14
15 18 9
1 5 6
5 8 28
19 21 23
7 9 26
4 5 6
7 8 4
18 20 19
4 5 29
11 11 21
4 5 7
12 12 16
2 3 19
17 18 1
5 7 28
10 11 12
2 4 26
11 12 21
1 5 28
23 1 16
23 0 9
19 21 16
22 23 24
22 0 15
21 0 30
14 18 19
20 22 24
4 6 24
2 4 8
11 11 8
23 0 13
12 13 19
0 2 16
4 8 1
18 20 22
23 0 24
6 9 11
21 21 15
17 19 1
10 13 6
21 23 9
20 21 13
3 6 20
3 6 10
0 3 3
10 12 28
11 13 27
0 3 9
2 4 9
10 12 23
14 15 20
3 3 7
7 8 30
22 2 26
13 15 13
19 22 22
18 22 4
23 23 9
14 17 19
1 3 30
14 17 10
3 5 16
7 8 26
10 12 22
18 20 10
2 4 18
7 10 5
15 18 5
2 5 17
13 16 25
2 4 16
1 3 2
10 13 29
2 2 10
13 14 17
19 22 15
14 14 3
1 5 17
12 15 11
6 9 9
10 8 14
8 11 27
4 6 6
23 0 14
4 9 25
9 10 6
8 12 24
18 19 11
20 21 17
4 9 27
8 9 23
15 16 30
13 15 4
18 21 29
16 18 13
5 5 3
21 0 17
17 20 22
18 20 12
1 5 18
7 8 1
1 2 10
9 9 6
15 17 21
23 0 4
2 4 8
2 4 5
2 5 11
15 17 16
8 11 25
16 17 8
3 6 11
10 13 2
22 22 22
15 16 26
21 23 18
14 14 7
12 16 29
1 4 11
0 1 12
17 19 1
9 13 4
16 17 30
9 10 26
14 15 14
2 5 5
21 0 12
0 1 21
1 3 22
22 1 27
17 19 29
8 8 10
14 15 6
0 2 16
20 21 15
5 6 30
1 5 23
14 18 24
22 2 16
16 18 21
19 22 14
22 0 19
20 23 29
2 5 20
11 13 26
11 12 11
3 6 25
22 23 12
16 18 30
13 16 24
5 8 11
2 5 5
18 22 2
21 1 29
23 2 22
8 10 9
3 4 23
9 11 27
14 15 9
13 14 29
13 14 24
17 21 5
16 18 12
21 0 27
15 18 14
5 8 23
7 8 22
10 14 3
23 0 15
0 1 19
4 6 8
2 3 5
12 15 4
19 23 11
3 6 10
12 12 14
4 7 13
23 1 2
5 5 17
19 21 13
18 20 28
17 19 26
4 6 16
23 1 24
20 0 25
11 12 16
3 3 5
5 6 13
20 22 7
17 19 13
6 7 17
19 20 25
17 19 23
14 16 11
8 11 17
5 8 24
5 8 17
8 11 10
21 0 3
22 23 5
0 3 10
3 5 12
22 23 5
7 9 15
2 3 18
1 3 17
23 1 2
21 23 4
23 2 13
13 14 15
3 4 29
10 13 11
17 19 7
1 2 22
4 6 25
1 4 5
2 3 30
7 7 4
23 2 6
5 5 1
19 22 3
10 12 30
7 10 8
17 18 15
12 14 16
9 14 9
23 1 4
21 22 5
19 22 9
9 11 12
21 0 2
20 1 16
17 18 2
20 0 19
9 10 10
22 23 13
23 2 6
6 8 20
2 3 2
3 6 6
17 19 7
23 2 14
4 9 15
15 15 13
20 23 21
11 14 12
6 8 19
17 20 1
10 16 16
20 22 1
4 6 7
13 13 26
19 22 23
15 18 1
17 18 23
17 20 27
16 20 10
2 3 17
6 9 9
9 11 25
21 23 4
17 19 10
13 15 10
8 10 30
14 15 22
2 3 18
3 6 3
13 15 28
1 2 12
1 2 13
9 11 10
0 2 29
20 21 6
0 0 8
14 16 12
9 11 26
7 10 16
12 15 13
8 10 22
14 17 4
14 15 9
19 20 28
22 2 10
2 4 29
19 20 8
1 2 19
19 23 14
22 1 4
3 5 22
17 18 11
23 2 30
14 16 7
2 3 30
6 7 12
11 13 11
9 11 8
12 13 15
16 18 9
21 1 13
1 3 4
2 4 4
11 13 27
13 14 26
17 19 13
22 2 11
4 7 21
21 21 12
7 8 5
21 22 3
19 0 15
19 19 22
20 0 26
23 1 18
19 23 28
12 13 16
14 16 25
1 4 23
6 7 10
22 23 23
11 12 5
5 7 20
7 10 22
17 18 25
1 2 18
16 18 6
19 20 28
18 20 9
14 16 20
23 23 12
0 3 12
12 14 13
17 20 8
11 13 1
1 4 15
18 18 22
21 23 26
15 17 12
11 11 25
7 8 25
22 23 2
20 21 6
23 1 19
18 20 2
2 5 26
23 1 11
15 17 26
7 9 23
19 22 30
18 20 25
16 17 26
12 14 6
2 4 10
15 18 4
5 8 20
1 3 27
1 3 17
13 15 12
16 18 5
23 1 25
22 1 8
15 17 21
17 18 8
23 0 16
5 5 1
0 2 25
21 21 4
21 22 30
7 7 28
9 11 9
22 1 18
4 7 14
21 2 12
3 6 4
19 21 22
20 22 23
20 22 17
15 18 11
23 2 5
21 22 29
13 15 25
14 16 8
16 19 13
19 22 21
15 20 1
0 1 13
19 21 23
6 9 2
23 1 15
21 0 20
17 20 10
2 3 8
8 10 3
18 20 7
10 12 26
12 14 1
12 15 9
20 22 5
11 14 17
10 13 6
15 16 2
3 4 9
19 23 28
6 8 16
8 11 14
0 3 13
19 21 19
22 0 23
23 1 12
13 13 20
6 8 14
17 20 20
5 5 23
20 22 17
16 17 22
9 10 1
21 0 23
21 22 25
21 22 27
19 21 16
15 15 9
0 3 22
0 2 30
2 3 8
16 17 7
4 4 30
3 6 13
13 14 27
6 6 20
4 6 29
11 13 1
8 10 28
2 3 26
9 13 4
10 12 3
10 12 10
9 10 22
22 1 7
13 14 15
21 23 8
12 13 23
21 0 1
22 0 19
15 17 29
7 9 23
10 12 20
0 3 15
23 1 26
17 19 26
8 10 14
4 7 2
11 13 27
16 17 1
2 5 9
5 8 7
8 10 20
14 16 27
4 4 6
13 15 24
23 1 18
10 12 16
16 18 28
22 23 4
13 17 29
12 13 10
16 19 1
8 11 27
5 7 17
13 15 12
15 18 1
10 13 12
10 14 21
10 12 16
17 19 20
3 6 21
4 7 16
7 10 30
15 19 4
4 7 27
16 15 7
13 14 2
15 16 12
1 4 24
4 8 15
23 2 13
23 0 19
21 23 12
17 20 21
10 11 21
10 14 13
3 5 2
5 7 30
12 13 22
5 8 26
5 8 30
2 3 11
11 14 12
0 2 2
18 18 8
12 13 5
14 16 27
18 20 8
4 8 14
20 21 25
9 10 30
16 19 12
12 16 20
17 18 24
16 18 19
10 10 13
8 11 3
2 4 6
11 14 22
15 16 8
8 11 18
11 13 25
2 4 1
16 19 8
0 2 29
21 22 5
21 22 6
12 13 3
2 5 6
6 8 8
0 1 4
2 6 11
23 2 21
14 16 10
15 18 8
9 13 13
13 15 13
1 2 17
12 15 12
4 6 25
5 6 2
16 18 29
8 10 22
14 16 8
21 22 25
0 3 30
5 6 29
11 12 8
9 10 10
6 9 16
14 17 10
8 10 10
4 5 29
9 11 19
11 12 9
5 8 8
18 20 15
8 9 3
5 5 16
0 2 20
1 2 6
4 7 14
16 18 19
23 1 1
21 23 8
23 2 12
4 8 19
20 22 29
22 23 6
15 16 17
4 5 28
14 16 8
1 4 23
10 11 26
15 18 1
0 2 22
8 11 28
21 23 25
21 0 17
0 1 22
22 23 5
12 14 19
18 21 5
5 7 27
22 23 11
10 11 14
7 10 17
22 0 20
17 20 2
11 13 7
23 1 5
6 7 20
23 1 14
0 1 12
5 8 10
0 3 24
7 11 18
11 12 20
0 1 8
17 20 8
19 21 12
12 13 12
4 6 4
21 22 12
17 19 27
9 8 5
2 4 18
9 12 2
19 21 23
3 6 4
19 23 18
22 1 11
22 0 24
0 2 10
3 3 13
10 11 26
11 13 21
8 9 18
22 0 20
9 12 29
19 20 2
8 9 6
12 14 28
18 20 10
4 6 26
2 4 15
8 10 26
4 6 10
0 2 29
4 5 11
1 3 13
11 14 27
16 18 26
18 21 30
2 4 22
11 13 12
11 13 2
21 0 23
19 22 26
2 5 4
15 17 27
4 5 20
18 21 29
11 14 6
7 8 4
15 18 13
12 14 12
2 5 22
11 12 27
14 17 7
23 2 5
23 1 24
14 15 29
22 1 15
0 2 11
17 17 14
22 1 3
16 18 7
3 5 18
0 4 16
21 0 10
23 2 19
6 8 27
20 22 17
8 9 26
18 21 18
2 5 15
19 22 1
8 10 6
10 12 16
13 16 6
20 23 30
19 20 15
14 17 21
0 3 20
16 18 4
3 5 30
7 8 18
7 10 17
14 15 28
0 0 8
17 17 17
8 10 21
21 22 5
15 18 22
22 23 20
0 3 14
12 13 2
19 20 15
12 12 17
19 0 11
17 19 3
12 14 21
11 13 15
13 13 27
0 1 9
23 1 16
0 2 8
11 11 10
7 7 21
12 15 7
13 16 24
23 2 30
4 5 10
11 12 19
5 6 15
4 6 8
20 23 13
0 1 7
10 12 13
3 5 23
15 16 3
4 5 3
2 5 22
15 17 9
2 5 25
23 1 27
9 10 23
18 21 24
19 22 27
14 16 24
5 6 7
14 17 1
9 10 27
11 12 6
15 17 20
6 7 2
0 0 8
12 14 24
12 13 20
16 18 6
12 14 6
19 20 5
14 16 16
9 10 30
8 9 11
10 11 2
7 8 21
7 9 15
14 15 23
19 21 29
8 10 27
6 8 18
15 16 25
2 3 22
3 6 11
17 19 17
20 22 11
17 20 25
11 13 10
18 21 1
9 11 28
9 11 21
8 9 19
10 12 5
11 13 2
10 15 28
20 20 8
1 3 17
4 6 27
14 18 5
0 1 29
13 14 22
10 12 11
10 12 26
18 20 7
15 16 28
18 20 12
15 18 3
2 5 18
5 5 7
20 0 23
18 21 2
17 19 8
3 3 30
22 0 28
4 6 23
11 13 26
4 4 23
22 0 13
8 8 25
15 17 19
7 11 9
21 21 24
12 14 13
6 8 26
15 16 11
22 0 5
19 22 30
14 14 29
13 14 7
23 1 1
18 19 28
12 15 12
13 15 6
1 3 3
0 3 14
7 11 4
17 19 5
4 7 8
1 3 15
6 8 21
3 6 17
1 3 5
12 15 27
3 5 30
17 19 17
9 10 14
14 16 15
8 8 30
20 22 22
8 9 3
18 20 9
11 12 12
4 7 28
10 10 2
8 9 12
6 8 5
20 22 7
0 0 1
9 11 17
2 6 4
11 12 3
21 0 5
23 2 18
2 3 11
12 15 18
1 2 26
23 0 3
2 4 13
19 21 9
14 16 14
8 8 4
0 2 28
0 4 19
0 3 12
1 4 20
14 15 2
16 18 13
14 16 6
15 18 8
22 2 12
17 20 14
17 19 19
8 11 8
16 19 23
10 12 27
5 7 22
1 2 15
10 12 1
11 14 21
3 4 21
18 20 19
1 4 15
14 16 16
10 12 21
9 12 6
11 13 21
5 5 21
12 15 26
20 21 12
22 0 7
9 11 30
1 4 7
19 22 10
15 18 4
12 15 13
22 1 23
10 14 12
1 5 25
13 15 5
8 11 11
1 4 18
0 1 14
10 10 30
22 0 13
11 14 25
0 2 3
22 0 29
9 11 23
10 11 12
16 16 18
16 18 8
8 11 24
5 9 9
14 15 14
9 12 3
11 14 14
4 7 2
14 16 11
8 9 28
18 19 10
15 17 12
16 18 6
15 16 14
9 10 6
10 12 16
14 16 16
10 14 9
12 14 15
7 10 12
16 19 11
1 3 30
12 14 2
15 17 29
7 10 5
14 17 4
12 14 20
8 9 23
7 7 9
16 19 12
14 16 19
11 13 27
11 13 26
10 11 6
1 4 13
12 13 23
13 14 22
21 22 21
1 3 27
19 22 10
0 2 23
14 16 23
11 14 7
6 7 7
17 17 5
20 0 17
5 8 7
13 15 1
16 18 9
5 6 5
22 22 17
6 8 5
5 6 15
20 22 10
23 3 14
4 6 11
5 7 17
22 22 27
19 21 4
10 12 18
13 14 2
11 15 11
13 13 14
8 11 25
1 3 8
13 14 22
14 17 16
3 6 19
11 13 8
9 10 25
9 10 8
5 5 4
4 7 16
16 17 18
21 22 18
22 0 6
19 20 23
20 22 30
11 14 12
6 8 2
7 10 24
14 17 5
21 0 11
0 1 5
23 4 16
9 11 26
10 12 5
2 4 20
11 15 15
5 7 1
6 8 16
19 22 10
1 4 18
6 8 17
12 13 1
11 13 5
7 9 5
6 9 26
1 3 30
17 19 12
0 2 11
3 6 10
14 16 20
9 12 24
17 19 9
13 16 13
5 7 15
7 7 3
17 19 26
10 11 17
14 16 4
9 11 19
18 19 13
3 6 21
1 3 1
19 22 15
10 13 15
13 16 17
14 15 24
18 20 8
9 11 1
10 12 19
2 7 21
17 18 5
15 18 17
3 4 16
1 4 27
1 3 18
19 22 21
13 13 27
10 11 26
22 2 18
2 3 6
3 5 5
19 20 18
17 19 27
11 13 1
21 23 18
6 8 12
12 13 9
4 6 4
3 6 26
15 19 15
3 6 20
11 12 20
10 11 8
17 20 23
20 1 6
6 8 25
11 14 24
4 6 20
7 9 23
10 12 9
22 23 29
10 13 19
7 11 10
20 0 5
20 22 7
13 15 6
7 10 9
1 1 19
17 17 1
19 20 3
6 8 13
10 13 26
4 7 5
8 9 6
2 4 19
20 22 21
14 16 6
20 22 22
6 9 3
8 13 27
17 18 28
23 1 25
22 23 2
20 21 23
12 13 2
0 1 10
1 2 24
18 21 30
2 5 29
15 18 9
17 19 10
1 3 12
0 2 13
16 19 20
20 23 8
23 1 26
5 9 6
3 6 27
1 1 6
13 15 9
1 3 16
17 21 17
15 18 19
12 13 30
1 2 4
12 14 19
13 15 28
12 14 11
0 1 4
1 3 15
1 3 11
19 20 9
17 19 26
7 8 26
23 3 7
2 4 20
13 16 4
6 9 8
2 3 6
17 18 16
18 20 14
21 0 4
5 8 11
7 8 14
0 2 25
14 16 11
6 8 15
8 11 22
0 1 15
12 15 2
21 22 19
10 12 28
3 4 4
15 18 12
18 20 5
13 17 25
16 18 18
1 4 18
6 9 3
15 17 11
21 22 18
11 14 30
7 9 22
20 23 4
1 3 7
2 4 21
20 22 29
10 12 4
22 0 14
15 16 29
4 4 30
22 0 13
19 22 13
12 14 9
22 0 3
11 13 17
17 18 9
2 5 13
7 10 24
3 7 16
7 9 15
14 16 17
7 9 24
15 15 19
19 21 12
16 18 21
22 23 25
21 22 17
3 4 5
9 10 1
2 5 29
3 4 23
3 5 23
7 8 10
22 22 19
7 10 27
19 22 16
22 23 12
4 6 26
12 13 3
19 22 18
21 23 19
19 20 27
23 1 13
15 15 22
20 22 13
4 6 1
1 5 3
22 0 13
15 15 23
19 23 6
9 11 21
14 16 9
13 15 2
2 4 28
4 6 30
18 18 25
4 7 13
16 17 14
22 23 20
5 7 21
18 19 24
16 16 24
5 6 28
1 1 21
6 7 19
20 22 28
9 11 7
15 16 25
0 1 19
11 13 27
22 1 18
12 15 11
11 15 20
3 5 6
8 10 1
23 2 4
23 2 23
23 1 30
9 10 10
7 8 30
20 23 12
16 18 25
20 23 10
14 17 20
21 23 8
9 12 18
10 12 1
7 8 14
0 2 9
6 9 11
0 1 21
1 4 12
10 12 13
11 12 12
20 23 25
15 18 12
2 5 22
16 20 1
16 17 17
10 11 15
5 7 24
0 3 23
12 13 3
14 17 1
3 5 8
7 9 25
10 13 10
4 6 7
7 9 25
11 15 11
14 17 16
13 15 25
16 20 12
2 6 20
5 9 12
8 9 22
14 16 21
1 2 30
3 5 3
1 4 22
22 1 23
7 9 12
15 18 10
13 15 8
11 14 28
17 19 27
19 22 26
9 12 22
14 15 13
2 4 3
21 23 12
6 7 14
12 14 12
6 7 3
3 4 25
2 3 16
11 13 25
23 1 17
4 5 17
17 18 2
23 2 13
5 5 2
11 12 3
12 14 11
3 5 17
14 16 25
7 8 3
10 12 12
10 12 14
14 14 1
10 12 21
11 11 15
21 22 30
4 6 28
22 2 27
20 22 16
19 22 5
23 1 14
5 7 19
8 10 7
3 4 26
18 20 11
0 2 11
11 13 7
6 9 17
19 21 3
10 12 7
16 18 10
10 12 13
23 1 3
10 11 10
10 13 20
10 13 16
12 13 10
2 5 8
18 18 23
2 6 14
16 20 7
8 8 29
5 8 5
6 7 17
4 6 26
23 0 24
5 7 21
23 22 15
23 1 24
11 15 1
4 6 26
21 1 25
17 20 11
2 5 30
23 2 10
22 0 28
8 8 22
14 18 9
10 12 30
13 16 17
16 17 30
20 21 16
19 21 14
13 14 5
13 15 28
7 10 22
23 0 12
18 21 5
12 14 25
17 20 25
14 16 15
3 3 28
15 17 15
21 23 17
21 0 5
16 19 27
22 0 3
14 17 11
2 2 27
7 9 20
13 15 25
21 0 29
7 8 30
21 23 23
21 22 20
23 1 4
23 1 8
7 8 27
16 18 1
9 12 1
12 14 7
15 17 21
12 14 2
10 12 27
23 1 4
10 11 18
18 22 15
20 22 17
15 18 21
5 10 2
14 15 20
1 3 20
23 1 9
13 14 24
13 13 19
12 14 16
6 9 27
2 4 4
3 4 9
8 10 4
7 9 8
7 9 20
16 19 4
3 4 19
17 19 12
18 20 13
16 18 3
12 15 19
8 10 6
11 10 23
20 21 9
1 4 3
13 16 2
15 16 7
7 10 24
22 22 26
21 1 18
0 3 5
1 3 26
14 16 6
4 5 25
12 14 28
1 3 7
23 2 5
7 7 1
14 15 6
20 23 21
11 15 28
8 10 3
6 9 9
0 3 30
6 7 30
19 21 13
0 1 26
3 5 17
20 23 19
17 17 5
1 3 16
17 20 27
13 13 18
22 0 7
23 22 4
20 23 24
1 3 4
15 17 20
6 8 13
16 17 10
6 8 16
7 7 2
4 8 26
12 17 25
3 7 30
0 3 27
6 8 11
1 4 7
13 16 24
11 14 27
6 7 15
5 5 15
13 16 7
13 15 10
17 19 11
10 13 8
17 20 1
15 18 18
4 6 23
8 11 23
8 9 5
8 9 25
10 10 25
11 12 5
6 7 11
4 7 23
21 23 20
19 20 6
20 22 20
8 11 4
11 16 19
12 14 17
13 15 22
16 20 28
18 20 10
6 10 18
6 8 20
22 0 24
12 15 26
5 8 21
8 10 20
5 7 27
16 17 7
21 0 9
7 9 25
20 22 16
10 12 9
21 22 12
12 15 22
18 20 21
10 12 3
16 20 16
10 11 27
12 14 19
17 19 22
14 14 30
16 19 10
10 11 15
21 22 24
23 1 17
7 10 29
21 0 5
22 22 2
19 20 17
22 0 24
12 13 3
12 13 22
6 8 16
3 5 26
6 7 25
2 4 11
6 9 29
5 7 21
23 1 16
14 14 18
22 1 3
6 7 5
9 11 28
10 12 16
22 2 8
13 15 13
14 16 11
13 16 8
10 11 16
3 5 5
7 9 19
14 16 12
0 1 12
13 14 24
4 6 24
20 22 20
3 5 24
20 20 9
19 21 6
5 7 20
1 4 2
12 17 7
13 13 6
17 19 29
11 14 1
12 13 27
3 5 17
13 15 2
4 5 6
21 23 5
5 6 24
18 20 26
18 20 5
15 16 12
2 5 10
3 4 26
4 5 17
11 12 28
17 19 4
5 7 8
16 17 14
13 15 17
23 2 30
16 18 4
18 19 1
22 0 7
17 19 9
8 10 20
3 4 29
21 0 6
3 6 22
1 2 7
18 21 21
1 2 9
15 17 27
16 17 6
14 15 16
6 7 3
23 1 21
18 20 5
23 2 21
2 3 24
2 4 16
5 6 3
21 0 21
2 5 13
13 15 18
23 2 6
20 23 2
2 5 4
14 16 20
0 3 4
16 20 24
10 12 16
8 8 30
8 7 6
21 1 9
7 9 5
19 19 11
14 17 4
10 11 15
12 14 22
4 6 19
19 22 2
22 1 9
20 20 30
19 21 1
11 13 29
0 2 27
20 23 2
0 1 29
16 18 13
14 15 13
15 17 14
7 10 26
19 21 9
17 19 17
11 13 26
3 6 9
15 17 15
17 19 11
16 18 8
3 4 15
11 14 2
3 6 8
15 18 2
14 14 23
2 8 5
10 11 7
21 23 20
17 18 18
13 15 21
3 6 30
5 7 13
6 9 18
12 12 8
13 15 5
5 8 26
22 1 16
21 22 13
11 12 14
20 22 2
17 18 27
23 1 18
12 16 18
5 7 8
13 15 4
0 2 7
20 22 7
3 5 19
2 4 30
1 3 21
12 15 24
13 15 28
18 20 7
4 4 3
18 20 21
5 8 13
19 20 23
6 7 16
2 4 1
19 20 14
12 14 27
3 4 17
21 23 19
21 23 12
16 18 18
22 0 6
16 19 22
20 21 18
13 16 8
8 11 25
0 0 4
4 7 20
22 0 23
21 23 3
17 19 25
12 13 10
12 14 27
21 1 10
22 1 28
14 17 17
23 3 3
12 13 18
18 18 18
14 15 9
8 10 26
23 1 30
11 13 22
1 3 20
19 21 30
12 14 21
7 8 11
21 23 15
16 17 23
12 14 9
8 11 26
2 2 21
1 3 22
19 21 5
8 10 29
14 16 25
13 14 13
12 15 25
15 16 29
1 3 9
4 10 7
10 13 13
16 17 20
5 6 17
13 14 12
9 12 1
12 13 17
7 9 4
23 1 26
15 16 21
20 22 21
0 2 21
19 20 7
11 13 28
19 21 9
12 14 1
7 9 23
10 13 4
13 13 21
9 11 6
10 11 2
22 22 1
6 7 30
9 12 4
18 21 24
10 12 9
6 9 9
16 18 17
15 16 12
14 14 15
20 23 11
13 14 20
2 6 2
7 10 22
2 3 10
11 13 21
13 17 25
11 14 2
14 18 6
23 1 26
4 7 6
21 23 3
8 11 22
10 14 26
18 20 22
11 13 1
11 13 11
9 11 19
4 5 1
11 14 26
12 14 14
17 18 13
7 7 28
8 11 12
11 13 27
4 5 25
1 3 23
23 0 25
12 15 23
5 6 11
1 3 4
14 16 26
7 10 16
8 10 1
19 20 25
17 19 5
9 11 27
14 16 20
8 9 23
2 5 11
7 9 17
1 5 18
3 5 27
9 12 9
5 8 11
14 17 26
1 5 22
4 6 18
10 13 20
1 4 3
21 22 14
15 18 29
21 23 18
21 0 24
15 17 14
6 8 8
10 12 18
2 5 20
16 19 14
5 6 7
6 9 13
13 15 8
19 21 10
11 13 7
8 10 25
22 2 16
8 11 22
7 9 6
18 20 2
18 20 10
16 18 10
17 21 19
14 15 8
10 12 10
3 4 15
6 9 13
18 21 11
8 9 30
6 8 18
2 3 28
7 8 6
14 17 19
3 6 24
10 12 17
21 23 1
12 14 6
15 17 29
22 1 28
16 17 19
3 5 4
15 17 6
7 10 29
10 12 22
8 10 21
6 9 27
0 2 28
0 1 23
22 22 14
16 18 22
22 1 16
11 13 16
14 15 9
20 22 18
6 9 11
6 10 15
5 7 16
8 10 11
10 13 30
10 11 17
13 16 28
19 22 24
18 21 3
3 4 18
14 15 20
12 14 5
22 1 17
6 9 5
1 3 15
12 14 17
1 4 1
2 3 20
23 1 1
18 20 5
13 15 18
0 3 7
11 12 27
11 11 3
0 2 24
8 11 18
15 16 2
19 23 13
3 4 17
4 6 6
18 21 17
17 18 23
5 7 9
19 21 28
6 10 27
8 10 7
7 10 23
2 4 5
19 21 11
21 21 13
14 15 23
7 9 29
11 13 14
1 2 8
4 6 26
11 14 6
10 11 18
23 0 5
4 6 18
5 6 9
19 20 12
9 11 14
0 3 8
8 9 12
15 15 1
22 23 4
22 0 23
21 0 22
19 20 29
1 6 11
11 12 23
23 1 26
9 11 14
11 13 5
8 11 19
7 10 29
13 14 30
5 8 2
19 20 13
0 2 30
6 8 14
12 15 2
4 5 25
13 16 3
22 1 3
17 19 5
22 1 23
20 21 6
13 16 12
7 9 6
6 7 25
8 11 13
8 8 14
5 6 21
22 23 18
23 0 8
9 11 13
12 14 3
3 4 9
19 21 15
3 5 1
8 11 5
21 23 12
15 15 3
2 4 25
18 19 27
21 23 21
16 18 15
12 15 12
9 11 7
0 3 9
9 11 21
8 11 4
20 23 22
15 16 29
2 4 8
12 13 29
11 13 29
0 2 29
12 13 2
2 4 15
10 12 23
23 2 22
10 11 14
11 12 15
13 18 2
12 15 12
0 4 22
22 1 24
4 4 16
18 20 4
5 7 16
20 23 7
1 5 3
14 15 29
19 21 6
20 22 2
5 5 22
15 16 17
10 13 29
17 20 23
23 1 19
17 20 15
11 12 18
22 2 9
11 12 21
11 12 19
10 11 28
11 12 10
19 23 5
15 18 20
5 7 12
16 18 13
9 10 26
14 17 5
22 0 12
6 8 10
0 3 2
14 17 28
10 12 2
19 20 8
15 18 15
0 0 18
17 18 29
16 18 11
19 21 20
20 23 19
9 12 7
2 4 4
19 22 25
23 2 13
3 5 11
18 21 7
19 21 30
19 23 16
14 18 22
4 7 25
10 13 17
3 5 6
2 5 3
10 12 14
0 3 3
11 12 1
4 7 4
21 22 10
19 22 8
4 7 15
20 22 24
22 23 28
20 22 12
9 11 9
21 0 17
3 5 12
16 17 6
3 6 6
7 9 24
3 4 10
6 10 5
2 2 12
1 4 21
22 0 18
17 19 26
6 6 3
12 14 5
0 1 8
13 15 11
16 17 6
2 3 2
11 14 13
1 5 15
5 7 3
20 20 6
10 13 9
6 8 22
12 13 26
13 15 23
14 15 15
22 0 29
14 17 20
13 15 23
16 17 20
23 1 25
16 19 18
7 10 20
0 2 14
20 23 4
13 14 27
9 11 7
13 15 16
6 9 24
11 14 25
16 16 11
14 15 27
16 18 21
7 10 28
13 14 6
4 6 14
19 20 6
2 4 21
7 9 5
6 8 2
12 14 28
12 14 23
23 23 6
21 23 19
23 1 24
10 13 8
23 23 29
22 0 13
22 1 4
15 17 9
17 17 4
13 16 28
19 21 13
9 11 6
14 15 16
9 8 2
16 18 7
0 2 25
10 14 29
1 3 9
2 3 29
2 5 13
17 20 10
19 21 18
21 23 18
10 11 10
21 0 13
18 22 29
3 4 24
17 19 9
15 17 6
8 12 4
7 10 22
4 5 1
8 10 7
12 14 25
0 3 11
14 16 17
10 13 3
18 20 21
10 11 6
6 8 14
23 0 28
10 13 9
22 0 30
12 13 10
0 3 4
15 18 4
9 9 13
17 19 19
16 18 26
8 9 20
20 22 24
20 22 26
6 9 16
2 3 2
7 8 19
21 22 29
23 2 27
5 7 26
11 14 6
10 11 19
2 4 29
9 11 13
9 9 6
9 11 4
19 21 18
19 21 15
3 5 1
3 6 16
15 18 26
21 0 1
8 10 13
19 21 21
23 1 28
13 16 3
3 5 9
19 21 21
7 8 13
13 15 13
0 2 18
4 4 19
22 1 11
21 0 11
3 6 28
12 15 19
3 5 3
5 9 2
4 5 16
23 2 24
9 10 18
9 11 10
3 6 21
10 12 3
7 9 4
15 17 17
17 16 14
17 17 22
20 22 28
11 13 11
16 17 11
9 10 30
0 2 28
4 7 10
5 7 14
14 17 1
18 19 12
12 14 5
9 12 8
4 4 12
6 9 27
15 17 11
16 18 27
20 23 8
21 23 16
15 17 20
11 14 2
22 23 2
18 20 28
6 9 13
7 8 5
8 8 17
21 0 15
22 0 10
8 10 27
8 9 30
4 5 7
10 12 11
3 4 13
7 9 9
14 18 11
22 0 9
12 14 10
6 8 12
20 21 18
3 4 12
18 19 6
9 11 18
1 1 7
15 15 10
6 7 21
8 11 8
11 14 12
10 12 14
6 8 14
1 3 12
3 5 19
5 8 21
18 20 15
18 19 8
11 13 9
9 11 2
1 3 18
2 4 20
21 23 27
21 23 24
5 7 30
9 11 4
5 7 30
1 4 9
22 23 1
23 0 17
19 20 20
22 0 24
3 4 26
22 1 1
9 13 18
5 9 14
14 15 11
4 5 19
5 5 17
7 10 5
13 15 15
21 0 15
18 18 15
15 18 10
0 1 26
11 15 23
0 3 16
2 4 28
1 3 17
2 4 28
20 21 12
2 4 23
16 18 11
11 11 10
20 22 1
1 3 9
19 22 2
21 0 20
18 22 20
23 0 20
19 22 16
13 15 17
17 20 23
7 9 11
0 1 7
13 16 22
10 11 25
21 22 14
1 3 20
10 12 29
19 21 13
22 2 10
9 10 3
19 20 3
15 19 17
23 0 28
1 3 17
11 13 8
16 20 26
5 7 20
5 5 3
16 18 11
2 1 6
15 17 21
15 17 23
4 8 1
1 3 28
16 18 11
1 1 23
12 13 29
23 0 13
17 19 14
21 22 21
10 14 8
22 1 14
7 9 12
7 8 11
2 4 9
4 5 3
19 21 14
23 2 20
8 11 19
14 16 10
5 8 5
4 6 12
12 13 4
3 6 5
13 15 14
21 2 10
21 22 30
18 19 15
0 2 10
11 14 9
23 1 29
19 21 10
23 2 12
19 21 15
17 21 6
17 20 29
1 5 20
4 5 21
0 1 12
18 20 10
13 14 26
5 5 1
7 8 15
6 7 28
13 13 13
18 20 5
5 6 6
14 18 23
6 8 5
2 4 6
21 23 11
6 8 13
11 12 4
3 6 26
22 0 3
9 11 16
13 12 18
0 3 7
12 13 16
11 14 27
18 20 29
21 22 5
10 12 22
10 11 27
4 6 10
14 15 5
2 4 2
15 17 13
15 18 3
10 12 16
21 0 25
13 15 10
16 15 18
23 23 22
9 13 10
4 5 10
2 3 24
11 13 6
5 8 15
4 6 5
19 22 18
21 21 25
17 19 16
3 6 28
22 22 25
20 22 24
8 10 26
23 1 19
4 7 15
9 13 7
2 3 6
10 12 19
18 19 17
15 16 29
3 4 7
10 13 20
17 21 2
1 4 29
4 5 23
7 9 2
20 22 8
10 14 13
17 20 25
17 19 3
14 15 10
21 23 1
14 17 30
4 8 20
23 1 24
11 13 28
11 13 6
21 2 28
21 21 20
11 13 26
2 3 27
23 1 22
9 11 4
0 2 2
4 7 17
13 15 12
14 16 28
6 5 5
2 3 12
2 2 16
1 3 4
22 0 11
23 1 21
5 8 19
14 15 14
16 19 6
18 20 7
22 0 23
10 12 28
20 1 24
0 3 23
11 12 2
0 2 26
13 15 16
3 6 30
2 4 27
22 0 9
7 10 7
6 8 1
6 7 4
2 2 8
8 10 17
6 9 15
23 2 14
5 7 19
6 7 4
14 16 3
0 2 15
20 23 19
21 21 15
22 0 10
4 6 23
8 8 7
7 10 23
19 20 11
9 12 17
23 1 2
14 15 27
1 3 18
2 4 1
7 10 8
0 2 13
2 4 18
4 5 4
7 9 14
18 19 28
17 20 27
21 23 30
2 4 27
3 5 14
19 21 11
0 1 26
17 19 1
11 13 4
15 16 4
3 6 23
20 20 10
22 0 8
15 18 25
17 19 22
1 2 1
20 22 24
13 14 30
14 17 14
12 13 28
22 0 19
11 15 24
23 0 30
0 0 3
16 18 19
11 13 26
10 11 9
3 6 5
5 7 1
15 17 26
14 15 14
18 18 12
2 3 29
6 7 18
3 7 28
18 21 15
0 1 23
17 19 23
22 1 16
18 20 16
22 0 8
7 9 12
17 19 27
5 7 14
3 6 1
5 8 6
2 4 5
1 4 29
22 22 11
21 22 19
13 13 16
16 17 19
14 15 24
6 8 21
5 7 20
9 10 17
10 13 1
2 3 20
5 10 4
12 14 7
5 7 4
13 16 20
9 14 17
7 9 4
18 20 2
9 12 11
23 23 9
19 21 19
15 16 10
9 10 23
23 0 26
6 9 10
2 3 9
15 19 5
8 9 27
8 10 12
4 6 16
0 1 22
6 6 26
15 18 8
3 6 1
9 11 12
18 20 17
7 7 25
9 10 18
12 14 25
1 4 16
18 20 7
16 19 6
4 5 25
11 12 27
21 0 24
21 1 25
16 16 9
13 14 18
3 6 15
22 23 26
2 2 10
8 9 3
14 16 19
7 9 12
21 21 4
10 11 20
6 8 25
20 0 12
2 5 5
5 7 25
7 11 6
14 18 2
0 3 23
22 1 9
8 11 12
4 8 18
6 8 15
1 5 12
15 16 15
2 4 22
5 6 3
6 9 16
19 20 10
17 19 9
23 2 22
11 13 3
7 9 2
3 4 5
22 22 26
20 23 5
1 3 3
1 3 30
0 1 16
4 6 3
1 5 4
1 2 11
7 10 22
0 3 24
15 19 20
3 5 1
13 16 20
8 10 6
21 22 6
1 5 10
22 0 24
15 17 14
5 7 29
19 19 16
8 10 26
20 21 7
8 11 12
6 9 7
16 17 21
2 5 11
1 4 13
4 5 18
10 13 28
18 19 24
6 8 29
4 5 9
2 3 23
23 1 27
13 16 15
21 22 8
8 10 27
6 8 21
16 17 12
21 22 16
14 15 18
9 12 18
14 16 26
13 15 24
10 13 8
23 0 3
0 1 15
10 14 11
3 6 6
11 15 23
10 12 10
14 16 25
18 21 22
10 12 28
9 10 30
6 6 7
21 0 12
2 4 3
0 2 26
13 14 14
14 18 9
23 2 11
15 18 18
20 23 3
6 7 23
10 11 15
20 22 20
16 19 26
12 15 14
21 23 13
3 5 19
3 5 24
5 8 3
1 4 14
12 14 4
23 1 13
8 10 16
20 22 30
3 5 11
20 23 19
6 8 17
10 13 15
0 2 20
7 9 7
14 16 12
20 22 25
4 5 27
2 4 14
12 15 19
13 16 21
14 16 9
5 7 2
20 23 22
8 9 26
15 17 3
8 10 30
22 1 10
22 0 22
23 0 29
2 4 22
2 5 20
8 9 2
7 10 1
22 2 8
14 14 28
9 11 7
21 23 12
10 12 21
21 23 28
15 16 25
0 4 30
8 11 24
19 20 24
9 9 4
4 7 24
5 6 28
10 13 16
5 7 1
15 17 1
8 10 20
8 10 7
17 19 2
8 10 3
14 17 29
14 16 30
8 11 22
22 0 20
8 9 12
15 17 12
21 23 2
17 20 28
3 5 19
16 19 30
13 15 13
1 3 25
12 15 30
20 23 21
5 6 29
17 19 26
1 3 2
16 19 28
5 5 18
0 3 30
7 8 29
14 17 18
22 22 29
22 0 22
4 7 6
22 23 1
4 7 5
10 9 23
10 15 28
7 9 26
12 15 30
23 1 15
12 14 2
21 23 24
7 9 28
10 12 2
23 0 7
16 19 2
0 2 26
14 16 24
22 23 6
23 0 28
10 12 6
6 8 27
15 17 10
2 5 30
23 0 1
4 6 27
15 18 11
22 0 7
1 4 12
18 20 23
19 20 8
1 1 29
16 18 21
16 17 18
6 10 2
18 17 1
17 20 10
18 20 25
23 1 4
15 17 18
11 13 10
21 23 29
20 22 18
8 9 30
10 13 26
15 17 13
1 3 1
3 5 28
8 10 8
7 9 15
21 23 8
2 4 19
19 22 22
13 16 11
1 3 13
20 22 29
18 18 16
8 10 19
6 8 6
23 1 26
22 1 13
6 8 17
8 9 7
5 6 13
22 1 15
7 10 1
10 13 17
4 6 6
0 1 7
14 16 7
20 21 20
19 20 7
20 22 30
17 19 17
22 0 23
6 8 7
12 15 7
15 16 1
22 0 5
12 15 1
4 5 24
22 23 6
3 4 15
7 9 8
16 19 2
10 12 4
0 1 28
9 11 26
16 18 30
14 16 22
12 14 9
18 20 5
9 9 21
13 16 28
10 15 5
21 1 26
14 14 12
4 7 7
0 4 15
10 13 8
11 13 22
18 21 20
2 3 23
15 18 24
21 23 19
18 20 30
1 4 21
23 0 11
7 10 11
21 23 16
8 7 22
15 17 7
4 6 29
12 15 26
2 4 15
14 16 11
5 8 22
5 7 6
6 8 21
8 10 16
16 17 28
17 19 8
20 23 22
1 3 10
13 15 4
20 22 22
21 22 26
19 20 26
18 21 28
12 13 4
17 19 6
20 23 1
13 17 11
7 9 14
8 11 4
21 23 12
14 15 22
19 22 12
16 21 13
22 0 2
15 18 26
19 21 20
6 8 15
8 10 14
3 4 25
17 16 12
22 1 25
23 2 8
23 2 8
8 10 21
17 18 19
2 4 29
8 10 1
19 22 12
12 14 18
14 14 5
8 9 13
0 1 28
6 7 30
18 21 20
4 6 3
2 4 12
16 18 25
17 19 14
6 8 27
7 10 6
23 0 4
5 7 4
10 12 13
20 22 20
22 23 11
15 17 3
19 20 18
21 23 21
7 10 13
17 21 21
16 17 26
13 15 29
14 18 12
4 8 25
13 15 24
9 11 4
8 12 17
3 6 27
6 9 24
15 16 20
23 1 17
23 0 7
13 15 10
5 4 21
21 22 23
23 0 9
12 12 15
5 7 2
8 9 1
17 19 9
23 2 5
13 14 17
12 16 17
5 8 24
2 2 14
5 8 14
3 7 15
10 10 30
7 8 27
4 7 3
5 7 10
14 15 22
14 15 24
8 11 5
1 3 4
3 5 12
13 16 10
12 16 21
3 4 14
22 3 10
22 0 25
17 19 29
23 1 22
5 6 11
12 13 18
13 15 30
2 4 28
23 1 13
22 0 19
22 0 5
17 19 11
16 19 13
20 21 23
18 17 30
7 11 27
23 1 1
16 19 5
6 8 28
6 9 27
17 18 22
0 2 19
17 18 10
20 22 1
16 17 23
1 2 20
19 23 13
15 19 10
19 21 13
1 4 14
6 8 6
21 21 12
0 1 24
10 12 7
16 17 28
4 7 22
1 4 13
7 10 2
14 15 8
8 10 18
6 7 22
0 1 24
2 5 2
5 7 22
2 5 30
13 15 30
3 4 5
22 1 26
11 13 1
2 3 21
8 11 16
11 14 19
20 21 29
5 8 19
12 15 4
20 21 19
5 8 25
11 11 16
6 10 27
8 10 17
1 3 7
15 19 21
19 22 21
14 17 23
21 23 17
1 2 7
6 7 3
16 19 16
2 4 5
23 3 28
15 16 23
9 12 13
0 2 25
15 16 18
7 7 24
13 14 19
9 9 1
3 6 15
20 22 6
21 23 4
17 19 19
21 1 4
22 0 1
12 14 1
5 8 26
12 13 22
21 0 22
17 17 19
0 4 13
15 15 19
23 23 10
12 15 8
5 6 8
11 13 6
14 17 28
5 6 19
10 11 21
4 7 29
5 8 30
19 20 5
9 12 20
3 3 24
20 22 22
17 20 7
8 10 18
14 18 17
20 22 30
15 17 15
20 22 23
16 17 13
10 13 24
10 11 22
9 12 4
14 16 6
8 11 1
11 12 5
11 14 26
18 19 9
16 18 15
4 7 16
19 18 22
12 16 18
14 16 14
18 19 12
16 18 23
11 13 7
3 6 18
7 9 28
7 10 21
20 22 3
4 6 7
2 4 27
23 0 20
18 20 27
10 12 9
0 2 14
1 4 9
18 22 20
9 9 9
7 11 29
16 17 2
12 15 17
23 23 22
13 16 16
22 1 23
2 6 18
21 23 27
3 5 20
17 19 17
14 16 11
17 20 26
12 14 27
5 7 26
6 11 12
20 22 18
15 18 1
4 6 27
18 20 22
4 8 11
4 7 11
7 9 12
13 14 8
13 14 2
23 1 25
13 16 11
22 0 4
4 7 17
8 9 13
0 2 14
16 19 19
14 16 28
10 13 26
1 3 16
19 0 17
23 1 6
17 19 17
5 7 21
8 10 9
14 16 30
23 2 11
19 22 26
12 13 9
12 15 24
12 15 21
17 20 12
10 11 20
0 1 30
2 5 6
7 8 10
2 3 23
12 13 11
22 1 1
20 22 4
14 17 22
20 23 10
6 7 24
16 19 27
21 23 22
1 3 26
16 18 20
7 10 21
19 19 1
8 10 3
18 20 16
1 4 26
9 10 13
12 13 10
13 14 12
3 3 8
12 15 6
1 2 22
14 16 1
12 14 1
13 15 11
16 19 13
14 17 6
1 4 1
21 21 26
0 3 17
20 22 28
7 10 19
5 7 28
12 13 23
22 1 25
9 12 11
13 15 21
6 8 18
9 11 17
14 17 14
10 11 17
19 20 24
1 4 20
5 5 6
17 21 14
21 23 20
20 22 11
20 22 4
0 1 1
16 18 4
12 12 8
15 15 13
6 9 25
8 11 6
10 12 1
4 6 20
3 5 11
9 10 30
3 7 8
14 14 14
16 18 21
21 22 22
1 3 8
7 10 10
22 0 10
16 17 27
19 21 1
13 15 11
23 1 4
6 9 29
4 5 6
3 3 15
3 4 6
9 11 28
9 10 19
2 5 21
16 18 27
2 4 10
5 8 11
18 19 23
19 19 6
5 7 8
20 23 11
20 23 15
0 2 12
22 1 1
16 19 3
21 23 9
13 14 22
1 3 17
3 5 14
23 23 15
11 14 8
7 8 12
16 19 30
1 3 2
23 2 9
21 23 29
22 22 26
15 18 21
17 20 17
16 19 21
14 15 13
13 14 17
19 20 17
4 4 23
1 3 20
17 19 24
2 6 1
17 17 22
22 0 27
10 13 14
13 14 2
15 15 28
0 2 5
17 20 11
7 7 19
22 23 18
11 13 25
13 16 8
20 22 22
2 5 30
8 10 18
4 6 6
10 12 29
9 9 9
0 1 25
4 6 12
5 7 23
4 5 3
18 20 27
19 20 4
18 22 5
4 6 21
8 10 22
2 4 1
0 2 27
1 2 15
16 16 25
4 6 6
23 1 21
5 7 11
11 12 18
14 17 28
17 18 20
3 5 27
1 2 1
17 18 26
5 6 7
5 6 24
17 21 12
5 8 10
7 7 16
23 1 17
1 4 16
14 16 27
23 2 14
21 23 29
7 7 19
4 6 28
0 3 20
3 5 5
20 21 18
16 17 18
14 17 6
12 14 14
9 11 23
10 12 20
1 4 12
11 15 13
5 8 14
8 11 10
14 16 23
13 15 2
16 16 12
1 3 10
13 14 24
20 23 16
21 22 17
10 12 12
21 22 26
8 9 28
10 11 21
11 15 4
3 4 15
20 22 2
1 4 6
21 23 11
7 7 10
8 10 3
17 19 8
10 11 29
18 20 10
17 19 11
17 19 30
12 13 12
4 7 1
17 17 4
8 10 18
10 12 25
19 22 9
0 2 15
21 0 5
18 23 10
23 1 4
19 21 21
13 14 27
20 22 6
1 2 28
18 20 21
3 4 25
20 22 15
22 0 19
16 16 13
0 3 22
6 7 29
0 4 25
14 16 25
2 3 19
2 4 5
0 2 4
17 20 5
13 14 5
20 22 4
4 8 11
2 4 12
22 23 9
16 20 3
21 0 25
16 17 14
5 6 2
4 7 8
1 1 24
13 14 27
19 23 6
0 3 11
3 5 19
16 18 6
3 5 29
1 3 2
16 17 14
15 17 19
16 18 24
1 4 28
21 22 3
1 2 23
4 6 12
4 6 8
21 23 22
22 0 17
9 11 30
23 3 22
5 7 24
16 19 19
22 22 15
0 3 12
12 15 19
1 3 30
11 12 18
0 0 27
11 14 21
19 21 29
11 14 3
9 10 10
19 22 3
23 2 20
4 7 14
18 21 8
13 16 28
6 7 27
10 12 25
10 11 17
13 15 14
19 20 28
23 0 25
10 12 2
21 22 14
19 20 4
6 7 15
7 10 16
7 11 15
1 1 22
17 21 16
7 9 28
19 22 6
9 10 29
0 1 7
17 19 19
4 5 3
3 5 2
12 13 26
15 15 16
6 9 24
20 23 4
12 17 20
9 11 5
22 23 24
5 9 10
11 12 12
3 6 30
23 0 23
14 15 21
22 23 6
2 4 8
14 16 19
15 16 14
13 14 18
3 6 16
8 9 9
10 13 3
19 21 30
19 17 6
1 3 5
12 15 19
19 19 22
13 15 8
23 2 21
17 19 2
7 9 20
9 11 19
2 4 26
6 10 18
20 22 20
10 11 13
3 6 3
12 14 2
5 7 24
2 5 20
17 17 16
3 3 13
15 16 16
12 13 1
0 0 26
3 2 2
2 4 5
15 18 12
17 19 21
14 15 30
6 10 27
10 10 8
15 17 30
22 23 29
2 2 12
16 19 20
23 2 21
2 3 4
16 18 29
5 7 3
16 17 5
21 23 20
12 16 22
1 2 7
21 23 12
21 22 30
23 1 2
22 0 29
22 1 1
5 7 7
1 3 1
18 20 10
23 1 13
0 3 29
3 7 30
23 3 13
22 0 15
10 12 21
22 0 22
1 5 27
2 4 10
21 23 8
7 8 2
6 9 15
6 8 6
17 20 25
20 22 25
9 10 21
5 5 27
3 6 9
20 22 16
0 1 12
8 10 19
22 1 6
19 21 6
1 3 9
14 16 17
20 23 27
3 5 3
12 13 6
22 1 24
8 10 8
8 11 21
14 18 12
2 6 26
18 20 15
0 2 23
19 20 17
22 0 5
19 21 10
3 6 25
12 14 23
7 8 1
9 11 17
14 15 9
8 9 17
7 10 12
20 20 13
18 19 20
0 4 28
11 12 4
4 6 3
10 11 20
5 7 21
3 5 27
9 10 19
19 21 22
7 8 3
0 2 27
0 3 25
23 2 1
8 11 3
17 19 22
7 9 11
12 14 23
17 19 18
18 19 3
5 7 1
6 7 28
6 8 24
5 8 11
12 14 10
8 8 26
6 8 16
17 18 17
0 2 12
8 10 26
0 4 12
2 4 11
1 4 16
15 17 9
17 19 3
5 6 30
21 22 8
17 19 22
5 6 5
15 18 20
15 17 12
9 12 6
14 15 3
20 21 27
2 2 11
17 19 7
7 8 9
17 19 9
21 23 26
9 12 8
21 22 4
22 23 10
5 8 20
23 1 27
2 6 2
6 7 9
10 11 2
15 16 14
6 8 11
4 5 30
23 2 21
15 17 2
23 2 27
1 4 3
20 22 17
11 11 28
10 11 8
12 13 18
12 14 23
12 14 12
19 22 18
2 2 29
16 19 30
11 12 20
3 4 15
7 10 17
3 4 16
13 15 28
1 3 19
15 18 6
6 10 1
13 15 9
21 0 1
5 6 4
13 15 15
8 8 1
22 23 10
9 12 1
0 3 14
5 8 19
19 19 27
3 7 2
23 1 1
20 22 24
3 6 4
11 12 1
22 23 10
6 9 6
23 0 12
21 23 11
19 20 29
10 12 8
2 5 7
23 1 2
18 20 27
20 21 27
1 3 15
2 3 6
14 17 2
6 10 6
5 7 16
21 23 21
19 22 27
23 0 28
19 21 8
14 16 12
9 10 10
4 6 27
17 20 6
21 0 2
20 22 25
11 12 13
10 14 5
19 22 19
7 9 29
9 13 14
7 8 17
9 11 13
9 11 30
12 12 27
18 19 11
5 6 2
7 10 16
21 23 6
12 14 27
18 20 25
3 4 21
8 11 4
18 20 29
18 21 30
4 7 20
3 6 26
12 14 20
6 8 8
11 13 12
14 16 25
16 18 3
2 4 15
10 12 25
11 13 15
7 8 22
22 23 8
1 3 12
20 21 26
18 19 7
14 16 20
3 4 25
22 1 8
15 18 5
2 5 28
16 17 14
4 6 4
22 23 23
11 14 30
8 9 22
17 18 6
21 23 1
0 3 27
9 9 26
18 21 18
18 21 4
16 18 8
5 7 26
23 23 16
0 1 24
9 11 17
12 16 9
0 2 22
21 22 19
7 8 20
12 13 1
22 1 25
6 9 15
14 16 2
2 4 29
7 8 7
23 2 20
14 16 27
11 12 17
8 10 21
23 1 16
17 19 28
23 1 24
1 3 6
8 11 25
20 22 16
18 18 3
18 21 20
11 13 1
13 14 3
2 4 11
10 10 22
18 21 10
14 16 22
19 19 21
9 9 8
11 12 12
12 14 28
3 5 29
3 5 2
0 1 8
23 3 23
5 8 26
2 4 13
5 6 8
7 10 3
11 12 13
8 11 13
10 12 3
11 13 3
4 6 19
22 0 24
2 3 5
10 13 17
10 13 20
10 12 21
15 16 25
4 7 16
1 3 20
20 0 1
21 0 24
19 21 11
6 7 5
6 9 22
17 19 22
14 16 1
9 10 25
5 6 25
19 20 24
20 23 16
2 4 26
17 21 21
3 4 5
23 1 9
6 6 25
18 18 14
16 18 28
13 16 22
9 13 11
16 19 18
23 0 6
5 9 23
13 14 1
7 10 28
6 10 29
18 21 24
18 19 12
8 11 23
14 17 21
6 9 21
1 4 25
5 7 8
23 2 26
5 4 26
1 3 12
17 18 16
17 19 9
18 19 8
22 23 14
20 22 3
9 12 12
17 18 16
10 10 13
7 10 22
17 21 11
7 9 26
0 5 28
19 20 27
21 22 27
11 15 15
7 9 15
4 7 25
21 23 7
6 9 28
21 0 9
20 21 5
1 3 25
20 22 10
8 10 10
8 9 4
13 15 1
9 10 17
9 11 13
3 4 24
20 23 2
2 3 9
3 5 25
17 18 10
18 19 29
8 9 6
18 20 13
20 21 28
22 1 7
23 2 27
9 10 20
14 16 13
0 4 15
9 11 5
14 17 30
21 0 7
7 9 19
16 18 28
5 7 13
20 21 16
15 16 23
23 1 6
16 19 21
19 21 28
8 10 24
20 21 24
19 21 22
2 2 20
21 23 19
8 9 9
19 20 10
9 12 13
19 21 11
5 6 6
11 15 20
3 3 18
20 22 29
4 5 5
19 21 14
14 16 30
10 12 22
14 16 10
13 16 18
9 10 28
6 8 7
21 23 23
14 16 19
5 6 20
21 23 28
23 2 4
20 22 28
13 16 18
19 22 21
12 15 18
3 5 27
21 22 22
5 6 13
23 3 18
5 7 14
14 17 22
12 15 7
12 13 13
16 19 11
9 9 8
23 23 12
13 15 13
8 10 20
13 16 7
8 11 3
0 1 14
14 18 3
1 3 20
4 7 2
15 17 24
10 14 22
13 14 7
8 10 12
0 3 24
7 7 19
10 12 12
4 8 14
0 2 16
6 6 14
5 8 15
11 16 20
22 23 24
2 3 15
4 7 10
12 13 19
21 0 18
12 14 28
20 21 2
2 5 28
2 4 19
9 10 30
6 8 15
19 22 17
16 19 3
0 1 2
15 17 18
0 2 29
16 17 8
6 9 24
11 13 27
12 15 26
19 20 12
19 21 4
10 12 5
12 12 22
4 5 19
14 15 27
18 20 20
22 23 21
3 5 18
15 17 30
6 7 6
0 2 6
18 20 23
20 21 6
12 14 26
5 6 13
9 11 21
17 17 20
4 5 6
6 8 15
8 10 4
19 20 14
13 16 1
22 22 29
21 23 27
20 22 16
6 7 13
19 20 21
21 23 4
7 8 29
23 1 17
18 20 24
19 21 4
5 6 30
20 23 18
12 15 6
13 14 3
11 13 29
2 4 29
12 15 27
8 9 1
7 11 19
23 1 26
3 5 15
17 17 24
2 3 4
6 7 24
5 6 1
23 2 4
17 20 2
12 13 11
3 7 24
11 15 15
7 8 9
22 2 28
20 20 21
9 12 4
22 2 22
10 12 4
20 22 16
11 13 20
0 2 13
9 13 11
22 0 6
23 0 26
18 19 19
18 20 28
18 21 15
12 15 24
6 6 18
11 14 5
22 0 28
18 20 23
1 3 27
1 4 27
23 1 8
23 0 3
4 5 7
13 16 17
1 2 3
8 10 6
17 18 30
8 10 25
2 4 23
10 11 17
8 10 13
17 19 5
14 16 24
8 10 13
18 21 28
15 15 13
22 0 3
23 1 23
6 8 1
13 13 24
20 22 18
20 23 2
14 16 22
13 15 25
9 10 9
20 23 1
1 3 27
19 20 23
6 10 9
9 11 16
19 20 14
13 13 13
15 14 27
1 3 14
9 11 30
21 0 14
16 17 19
1 2 25
23 1 28
18 20 13
12 13 24
16 19 12
0 1 24
10 10 29
5 9 12
23 0 3
2 4 18
1 2 21
1 2 26
14 16 13
1 2 22
2 4 12
19 22 28
5 8 10
0 3 25
6 9 5
0 0 12
21 23 16
21 23 9
19 23 13
19 21 5
16 18 16
8 10 17
5 7 19
23 1 18
20 22 16
16 20 3
4 5 17
15 18 7
11 13 18
22 0 28
19 20 12
23 1 15
7 9 20
3 6 3
13 15 28
5 8 13
7 7 10
8 11 2
19 20 20
5 8 24
10 11 8
22 23 18
11 12 14
22 0 28
18 21 30
7 8 14
7 10 27
20 21 8
3 3 20
21 23 27
18 18 14
8 8 3
14 16 10
8 11 7
14 18 3
6 8 28
6 8 9
7 9 10
0 4 21
23 1 15
9 11 6
3 5 18
16 18 11
14 17 5
10 13 30
23 1 28
23 3 5
3 7 1
7 8 15
21 23 28
7 8 7
12 14 22
14 17 18
12 15 11
7 8 19
13 17 25
18 20 28
21 0 11
7 8 10
12 14 24
4 5 17
11 13 21
4 6 11
14 15 1
5 6 10
19 21 24
20 23 8
6 9 27
19 21 1
9 11 17
21 0 16
20 23 7
1 3 5
13 14 16
17 19 13
2 3 10
20 21 24
16 18 4
4 6 21
14 18 9
23 1 7
22 1 17
2 5 4
11 12 8
6 8 23
7 9 15
1 3 29
10 13 9
2 4 19
20 23 28
22 1 5
1 3 9
13 15 18
17 20 14
2 5 29
6 8 27
2 2 10
17 18 4
7 8 19
6 7 30
4 6 11
21 1 10
21 23 29
3 6 19
13 14 3
15 18 4
17 17 23
10 11 13
22 22 17
17 20 4
4 7 5
12 13 7
23 23 23
10 12 17
7 9 27
3 4 8
3 7 15
14 15 22
16 18 10
4 7 12
3 6 7
18 18 8
20 22 1
19 19 26
8 12 23
2 4 8
21 22 22
13 15 27
23 1 1
23 0 15
18 22 11
9 12 22
16 17 24
18 20 27
3 5 24
11 13 8
10 12 11
17 20 21
13 16 21
11 13 13
11 14 26
11 14 2
2 2 6
0 3 28
22 0 21
4 6 10
14 16 28
5 7 14
15 19 4
19 22 8
14 16 17
11 12 12
18 19 18
12 14 6
2 3 30
8 11 5
5 5 25
10 13 16
13 14 11
3 5 28
14 14 29
21 23 2
7 10 4
2 4 4
0 0 26
1 4 18
15 17 29
22 0 30
13 16 30
15 18 22
16 17 27
12 14 21
12 14 1
19 22 29
22 23 20
22 23 6
16 20 7
3 4 8
14 15 20
21 23 26
18 19 15
0 3 15
11 12 12
13 14 29
2 4 4
9 10 17
20 21 16
15 18 29
16 18 10
15 15 9
12 13 2
12 14 27
12 15 28
20 22 29
10 11 29
17 19 23
21 22 8
7 10 16
20 22 11
13 14 20
15 16 23
19 22 3
23 2 4
1 4 23
13 16 3
5 7 5
14 17 22
11 13 9
10 14 17
6 8 1
11 14 29
9 11 4
7 10 6
17 19 1
14 18 18
14 15 15
0 3 25
1 2 6
0 2 5
18 19 22
14 17 1
5 6 19
15 18 18
13 16 29
1 3 1
11 13 12
13 15 15
18 21 21
2 5 19
15 17 18
22 2 4
15 18 23
22 1 5
16 17 22
8 10 17
6 8 10
6 8 10
5 7 14
22 1 30
2 3 24
22 0 4
2 5 4
8 11 21
20 22 20
12 13 2
12 13 18
7 10 9
22 0 4
23 1 6
20 21 27
0 4 13
18 20 26
23 1 7
4 5 7
19 21 21
13 13 18
6 8 22
16 17 10
2 4 4
8 10 20
0 2 18
20 21 30
15 17 3
16 17 20
16 18 18
19 21 14
8 10 4
10 11 6
3 6 29
19 19 1
7 9 15
23 2 14
21 23 21
19 21 17
0 1 6
7 7 28
18 20 8
7 10 22
16 17 5
6 9 26
12 13 6
22 1 1
3 5 19
3 5 25
0 3 10
13 16 16
13 14 30
8 9 26
17 18 12
15 17 8
13 15 30
7 8 24
1 2 26
18 20 7
16 16 24
9 10 22
4 7 27
21 22 8
21 23 3
17 18 28
8 11 3
10 13 14
4 7 17
7 9 24
15 17 4
15 17 8
15 18 24
20 22 2
10 11 28
15 17 11
2 5 27
4 8 17
15 14 20
14 18 12
14 15 24
4 6 3
16 16 18
9 11 12
3 5 21
12 15 27
18 20 22
22 0 25
14 14 8
10 10 29
6 8 7
6 9 23
9 10 3
0 3 23
17 18 8
4 6 26
20 0 6
2 4 21
4 7 1
20 21 26
8 8 21
14 16 25
6 7 12
18 20 6
16 18 29
0 1 18
6 8 6
7 8 12
23 1 15
1 2 24
4 6 2
4 6 5
10 12 22
23 0 20
9 12 3
11 12 29
20 23 9
10 11 18
22 1 27
4 5 21
10 12 17
16 18 11
2 4 21
15 19 1
12 14 26
22 0 23
23 1 9
0 3 5
14 15 25
21 23 18
2 4 25
17 20 23
9 11 2
7 8 7
11 13 27
3 6 13
21 22 28
17 18 16
5 7 28
6 8 5
22 22 8
2 5 1
7 9 23
21 0 26
8 9 8
2 3 5
8 12 19
6 10 2
18 21 4
5 6 7
13 16 7
21 0 29
23 0 13
18 20 22
1 3 9
20 22 1
1 3 22
3 5 5
12 16 25
4 6 5
19 22 28
23 1 29
11 13 29
16 18 8
12 13 18
20 21 4
20 23 4
14 15 14
15 18 24
9 8 24
14 19 1
9 11 28
3 7 4
17 19 9
13 13 8
4 6 15
16 17 29
10 13 12
10 12 30
6 9 8
15 17 15
23 0 24
20 19 6
15 19 16
19 18 23
0 1 3
22 23 17
15 16 14
11 13 22
22 23 24
9 11 2
18 21 19
7 11 15
11 11 16
13 13 11
8 9 8
21 23 12
6 9 1
9 12 28
0 1 5
15 15 16
6 7 24
8 10 21
7 10 2
1 2 4
5 7 10
21 0 26
5 8 1
20 22 11
18 20 24
8 10 19
21 1 29
19 21 4
11 12 12
23 2 21
23 0 8
8 10 27
21 23 30
0 3 9
6 5 9
14 16 8
12 14 23
22 23 9
22 23 5
7 10 13
16 18 13
9 11 2
22 1 30
4 6 11
12 15 30
22 0 18
5 7 30
2 4 24
23 0 29
21 23 4
8 11 8
22 2 30
0 3 7
10 11 7
5 7 3
21 0 7
8 9 9
12 15 24
23 2 25
7 8 2
16 19 20
1 2 15
21 0 13
12 13 10
6 8 1
17 19 17
18 20 6
3 5 29
12 13 6
19 22 13
8 11 27
13 14 29
12 12 19
5 7 18
6 8 9
21 22 22
16 17 11
21 0 18
14 16 15
16 18 28
13 16 8
15 17 17
20 23 24
9 12 16
16 18 19
8 11 12
7 9 14
9 12 11
13 16 10
17 19 10
14 15 7
13 16 26
23 2 10
12 15 30
10 11 15
5 8 25
6 8 20
20 22 4
0 2 21
20 23 7
3 5 12
18 20 12
16 18 16
8 10 8
6 8 10
3 6 15
19 22 22
5 7 2
12 14 7
9 11 23
23 1 28
11 14 24
22 0 20
8 12 8
4 5 10
23 0 8
9 10 26
23 1 15
8 10 24
2 4 28
6 8 14
6 6 22
20 22 15
8 11 8
12 14 11
2 4 5
21 23 2
5 7 9
0 1 5
22 0 21
3 4 8
20 23 7
23 1 11
22 1 2
8 10 27
5 5 9
0 3 18
14 16 8
9 10 20
6 7 25
15 17 9
20 22 4
0 3 3
10 14 28
6 8 30
13 16 3
20 23 6
11 12 4
20 21 21
22 0 13
6 9 9
20 0 10
4 6 29
9 11 23
22 1 4
9 10 18
6 9 13
14 15 16
2 4 20
18 21 16
3 5 20
6 8 6
1 3 16
3 4 5
22 23 13
6 8 30
16 20 23
2 4 17
10 13 10
15 16 12
8 10 27
2 4 1
20 22 7
3 4 25
4 7 26
20 21 16
2 5 18
19 20 13
16 16 22
12 13 25
20 21 6
8 10 24
9 11 7
21 23 9
10 10 21
12 13 23
11 14 7
18 20 7
0 1 13
3 4 30
3 6 23
4 6 14
22 23 1
21 23 10
19 21 22
7 10 29
18 20 7
0 1 10
16 17 11
6 7 28
0 2 1
4 5 18
9 10 30
15 18 3
21 22 18
12 12 25
7 10 30
2 5 21
18 19 17
11 15 26
10 13 21
0 1 21
15 19 16
4 6 29
1 4 27
13 15 27
16 17 9
9 11 16
8 11 11
7 9 5
17 20 16
0 3 6
8 10 25
17 19 15
7 8 24
1 3 26
11 13 3
15 14 13
9 10 24
21 23 20
2 4 20
18 20 9
2 4 27
0 1 5
19 21 8
7 8 21
20 22 28
8 10 3
19 19 7
6 9 3
18 20 6
0 2 2
19 21 19
4 6 15
3 5 21
22 23 25
23 2 29
7 10 6
19 20 23
0 3 15
13 15 5
2 3 20
14 17 14
16 20 6
19 21 19
17 18 4
17 19 3
12 14 5
12 15 26
1 1 9
6 8 22
5 7 17
1 4 26
7 12 20
12 15 26
0 2 2
4 6 11
12 14 16
10 12 15
4 4 14
18 20 24
22 0 23
1 3 19
14 16 11
14 17 27
13 14 28
10 13 17
22 23 20
21 0 21
10 9 25
0 1 2
23 1 23
21 1 13
0 4 22
22 0 26
1 5 13
17 18 7
19 20 6
9 11 18
3 6 19
1 4 18
3 6 1
15 18 8
10 12 7
18 18 24
14 16 18
13 16 19
20 20 26
14 17 22
14 15 25
7 9 28
7 9 11
13 15 4
8 9 18
8 8 25
1 2 15
22 23 25
3 5 13
14 15 30
8 10 27
11 12 1
17 20 28
9 9 4
14 15 3
22 1 14
21 22 13
2 4 17
6 8 14
14 15 12
5 7 29
15 16 16
16 19 11
20 22 11
6 8 26
4 7 4
9 10 21
18 20 22
2 3 4
4 7 9
23 1 9
0 0 22
8 9 2
22 0 16
5 8 29
13 15 30
4 5 7
20 20 2
3 5 21
22 0 27
0 1 22
17 18 11
3 4 12
5 7 5
18 19 12
2 5 3
8 10 5
2 4 3
15 17 19
16 17 2
4 6 26
22 0 4
5 8 7
2 5 10
12 15 28
2 4 2
20 22 17
18 21 21
0 0 25
15 17 18
20 23 4
20 21 29
18 21 4
2 5 9
12 15 12
5 7 29
5 7 23
23 0 10
4 6 9
4 6 15
0 1 7
5 7 22
6 9 3
7 8 15
5 7 6
9 10 17
19 21 8
6 7 19
4 6 23
22 0 29
2 3 3
11 12 12
8 9 28
2 4 8
20 21 26
3 5 16
9 11 14
22 0 20
13 16 21
9 11 27
11 13 17
11 14 13
0 4 28
22 23 3
6 6 19
11 14 26
11 12 21
23 3 10
7 8 13
8 10 12
6 8 13
13 16 20
13 15 19
22 23 5
3 5 21
5 7 10
22 0 16
2 6 15
0 3 4
1 4 7
4 6 27
2 5 18
10 12 13
6 8 19
14 17 26
21 0 3
7 12 5
6 7 6
0 1 8
4 5 23
5 9 26
13 15 18
16 17 10
12 13 5
12 15 1
17 21 14
0 3 5
18 21 2
11 11 29
22 1 5
4 8 5
16 17 29
11 15 4
1 2 3
15 18 15
2 5 1
11 13 27
7 9 16
13 15 4
10 12 12
3 4 30
18 20 5
6 9 19
0 2 14
17 18 5
8 10 11
21 22 25
20 21 4
23 1 23
6 7 3
14 16 29
21 0 18
18 20 21
13 14 6
0 3 1
2 4 8
15 16 11
18 19 1
12 14 22
2 5 22
19 21 3
6 7 15
14 15 8
17 20 1
5 6 23
2 3 5
7 9 26
9 11 27
20 22 18
12 14 30
22 1 21
12 13 6
10 12 10
21 0 5
7 10 11
9 11 6
18 19 20
10 13 10
14 16 21
18 17 19
22 0 25
11 11 10
15 17 19
3 5 10
7 8 26
6 7 25
3 5 1
11 13 29
17 20 1
4 5 21
6 8 26
23 1 5
11 14 19
3 7 19
21 22 3
11 15 15
23 1 30
1 2 7
0 3 5
12 14 11
19 19 2
3 4 7
18 19 2
23 1 14
22 0 23
23 1 13
17 20 6
23 0 28
20 23 22
14 16 22
21 23 13
10 11 20
3 6 3
17 18 22
4 6 10
4 5 30
0 2 24
9 11 2
15 17 15
12 15 9
18 20 21
18 20 6
17 20 20
17 17 15
23 0 27
21 21 20
8 9 9
14 17 17
16 18 4
14 16 17
7 10 5
23 2 19
2 2 9
13 14 15
11 13 11
23 1 11
6 9 8
3 5 16
3 6 27
23 2 26
3 5 14
20 20 5
0 3 24
2 5 1
2 4 19
11 12 2
5 8 13
22 22 3
6 9 24
22 1 28
15 19 26
12 13 18
0 3 28
16 18 25
10 13 27
14 16 15
10 12 30
2 4 1
15 15 30
14 16 22
10 11 28
2 6 4
12 12 26
8 10 13
12 12 2
0 2 10
20 22 2
12 15 8
15 19 13
20 23 30
2 5 14
11 14 27
3 5 2
19 22 10
19 22 29
3 5 26
11 12 12
22 23 4
9 12 18
11 13 24
10 11 13
8 11 16
7 8 6
8 9 14
2 4 18
7 9 3
19 22 18
0 2 28
23 0 21
11 13 6
4 6 9
8 9 29
20 22 24
17 20 2
12 14 26
1 3 6
3 5 4
4 6 13
5 8 12
21 23 17
17 20 24
13 16 30
6 5 24
7 9 11
14 17 4
3 5 27
