5600 30
16 6 23 20 26 4 18 18 14 25 24 14 23 20 8 21 8 8 23 23 21 1 26 10 14 10 5 21 13 23 
22 23 26
5 8 4
0 1 9
11 14 15
19 21 19
13 14 18
10 13 23
17 19 8
1 3 1
3 5 17
17 19 26
3 6 6
20 23 26
17 20 19
11 13 30
14 14 5
1 3 12
3 6 18
7 8 20
2 3 9
19 20 25
19 21 4
15 16 12
8 10 29
4 6 20
6 9 29
2 3 27
1 4 1
18 20 16
1 3 10
18 19 7
8 10 15
8 11 25
8 9 3
23 23 2
2 5 10
2 4 18
11 13 21
22 0 6
13 16 7
23 2 11
21 0 3
7 9 4
14 17 15
4 7 8
8 9 12
18 20 12
21 0 29
15 17 22
20 21 13
2 3 28
7 9 30
3 4 21
19 20 10
15 18 1
17 19 25
16 18 28
13 14 12
6 8 10
21 0 23
5 8 26
5 7 2
19 23 24
9 12 12
21 0 23
4 5 27
11 13 27
15 18 29
1 1 23
18 22 20
2 3 12
18 21 10
4 6 25
9 11 8
17 18 13
11 13 30
18 22 18
17 19 16
18 20 11
9 13 12
1 5 8
2 3 14
6 7 20
1 2 25
15 18 1
21 22 19
2 3 11
15 18 12
16 18 13
3 6 21
22 0 27
23 1 22
10 13 18
16 17 27
12 14 7
12 14 8
12 15 21
7 10 22
21 22 17
1 4 25
10 12 25
15 18 6
15 16 3
3 5 4
11 11 21
1 2 5
10 13 16
22 0 15
19 22 12
12 14 24
0 2 8
4 6 15
4 6 7
20 22 21
22 1 29
21 23 18
1 1 2
2 4 13
11 13 9
3 6 12
21 23 16
5 7 1
19 21 27
9 12 3
3 5 21
18 19 22
12 15 16
21 22 29
5 8 22
21 23 9
22 1 9
17 20 23
2 4 9
2 5 29
1 3 14
20 20 3
9 9 5
21 23 6
22 0 27
11 13 14
4 6 23
4 7 28
4 7 22
14 15 16
17 19 18
13 14 9
1 2 24
2 3 27
9 10 6
23 1 28
20 23 10
15 16 30
3 5 6
1 3 6
11 13 19
6 8 23
4 6 28
9 11 25
0 2 18
13 15 3
17 20 9
23 2 15
3 3 20
3 6 8
3 7 25
19 21 12
14 18 2
19 22 4
7 7 23
16 17 1
2 3 6
1 3 7
17 19 7
21 23 14
20 22 24
18 22 9
19 20 24
4 7 23
21 23 16
17 20 12
17 19 9
23 1 27
17 17 9
21 1 1
6 8 20
13 14 18
15 17 23
14 15 22
17 20 16
16 19 27
2 5 23
3 6 30
13 15 16
11 12 26
15 18 12
1 4 27
22 1 11
4 6 22
22 23 27
5 5 6
7 9 5
10 13 14
0 1 14
12 12 14
12 13 8
9 10 23
11 13 2
11 12 24
9 11 11
22 1 7
9 11 24
1 3 4
18 19 19
9 11 23
5 9 8
22 0 25
3 5 25
14 16 21
15 17 22
18 20 15
0 1 3
3 6 4
4 6 22
18 21 27
0 2 5
7 9 10
4 7 4
7 9 30
11 12 2
2 3 28
23 23 30
7 8 13
3 5 21
8 9 20
13 16 7
17 20 23
6 9 2
14 15 25
16 18 19
2 4 15
17 17 17
23 0 28
13 14 2
19 20 12
3 5 16
17 18 6
15 19 4
2 4 25
3 4 2
2 4 13
12 14 23
1 4 8
18 20 11
14 17 26
5 8 14
20 22 18
4 6 2
4 6 4
22 2 17
9 11 5
19 22 25
0 1 27
20 23 23
16 18 25
16 18 14
2 4 16
4 5 2
15 16 28
7 9 18
12 15 1
12 14 9
18 21 20
8 10 27
15 18 7
14 16 27
20 20 9
7 9 12
5 7 15
8 11 26
22 0 25
9 11 12
21 23 19
14 15 26
6 8 28
19 22 24
3 5 17
6 7 29
5 8 25
14 16 18
14 16 2
7 10 3
17 18 22
23 22 7
14 17 8
7 10 10
0 2 19
5 7 27
13 16 15
13 15 9
10 12 5
1 5 4
19 20 10
11 13 24
13 14 12
18 20 3
3 5 24
1 4 18
18 21 20
2 4 3
12 16 26
20 22 6
8 10 21
7 9 18
0 3 27
21 23 13
11 14 3
23 0 27
18 20 9
0 4 12
23 3 4
23 1 30
10 12 13
5 9 13
2 6 22
17 18 5
18 20 15
4 6 23
0 2 16
13 16 10
17 19 7
3 4 5
8 10 4
23 1 6
23 0 1
14 16 9
3 6 9
12 14 30
11 12 4
6 8 15
18 19 2
16 19 20
16 19 20
5 6 14
19 20 25
0 1 22
17 20 12
18 21 10
13 15 13
0 4 27
2 4 8
16 19 9
20 22 1
13 15 6
16 19 18
11 14 9
11 14 8
14 16 11
10 13 1
14 17 14
19 20 24
1 4 26
9 11 17
8 9 7
14 18 16
11 14 24
2 5 19
4 6 22
6 7 7
15 17 19
17 19 27
5 8 11
13 15 20
18 20 10
19 22 1
14 16 1
14 17 2
8 11 24
5 7 15
11 12 27
1 2 6
21 23 3
16 17 16
5 5 20
17 19 29
13 15 23
20 21 17
2 5 12
19 20 16
8 10 15
21 23 14
15 17 30
7 10 3
6 7 10
2 4 21
20 21 11
12 14 15
3 6 9
4 8 28
9 12 25
7 7 19
7 10 1
4 6 2
18 21 5
8 9 9
13 15 9
0 1 6
1 2 26
9 11 23
9 10 11
13 14 13
10 12 10
14 15 14
11 13 25
21 1 24
17 19 24
13 16 28
7 9 15
8 12 29
12 15 9
1 3 30
22 1 19
6 8 17
14 16 16
8 10 25
17 19 6
9 13 9
16 16 2
5 6 14
17 19 1
0 3 25
23 0 28
5 8 11
23 0 23
12 13 10
8 13 18
21 23 20
10 12 26
11 13 18
17 20 1
8 10 19
1 3 8
7 11 8
3 5 6
18 20 2
21 0 19
1 2 26
4 5 19
15 17 5
19 21 25
21 21 20
15 18 16
22 0 4
13 14 8
19 21 6
2 5 18
13 16 5
7 10 12
6 9 13
6 7 23
4 6 9
13 14 23
12 14 19
14 16 1
17 19 18
1 3 25
10 13 30
21 23 19
13 15 15
2 5 6
11 12 7
4 7 21
12 13 2
7 9 8
6 10 25
11 12 20
9 11 3
1 3 3
5 7 20
9 11 30
6 8 5
17 20 29
9 10 24
15 18 7
8 9 20
13 17 28
4 5 25
21 23 8
1 3 2
22 1 12
20 23 4
9 10 14
6 7 6
4 7 28
3 4 11
21 23 30
23 0 25
11 13 9
18 21 12
5 7 4
21 22 25
9 10 23
23 0 29
2 4 18
12 14 21
13 16 22
10 11 2
19 21 8
6 8 24
16 18 29
9 12 29
8 10 12
9 12 25
19 21 13
12 15 21
18 20 27
21 23 14
16 18 4
7 7 22
20 22 19
23 2 30
22 0 24
15 16 11
8 7 16
11 15 19
17 19 2
8 9 21
23 1 13
2 5 19
22 1 17
9 12 21
21 21 6
14 17 25
23 23 6
11 15 20
21 23 30
4 5 11
4 4 5
23 1 1
13 15 11
1 2 6
22 23 10
13 16 3
18 19 3
20 20 7
2 5 19
22 2 16
10 11 3
10 11 3
4 5 6
7 9 9
19 21 23
14 16 5
12 13 9
1 2 29
1 3 24
11 12 19
22 22 15
14 16 25
10 11 26
11 13 25
22 0 27
15 18 15
5 7 7
22 23 18
14 16 3
9 13 10
20 22 22
4 6 2
0 2 28
21 1 5
23 2 8
18 21 21
18 20 10
23 1 18
16 19 22
17 19 11
4 7 11
23 2 12
2 5 24
10 10 8
18 21 22
15 18 12
22 23 1
23 3 27
17 19 2
16 17 24
11 13 12
19 22 6
19 20 29
20 23 23
20 21 27
9 11 19
7 8 17
2 3 22
10 13 14
10 11 30
20 22 20
23 1 11
10 12 4
19 20 26
1 4 24
20 22 1
17 20 12
7 11 16
17 19 24
7 10 3
2 5 5
13 17 23
1 5 27
9 11 18
11 14 20
14 16 3
3 7 20
23 1 23
3 4 11
1 5 1
17 19 30
9 11 9
16 18 17
22 2 7
0 0 16
0 0 11
20 22 28
20 20 1
14 17 25
14 15 25
18 19 18
22 22 17
10 13 28
9 11 16
11 13 2
19 19 14
15 17 7
16 19 4
17 20 27
17 18 1
23 1 23
16 17 25
7 10 8
5 8 29
1 4 25
10 12 8
4 6 25
16 18 29
13 16 27
12 15 29
20 21 4
2 4 2
16 17 12
20 23 4
20 20 15
14 17 26
17 19 13
23 2 30
3 4 1
13 15 3
14 16 5
2 4 24
10 10 20
12 15 28
0 2 25
1 2 20
6 8 10
19 22 23
7 9 30
2 4 6
15 18 9
22 0 18
21 23 29
3 6 2
17 17 29
2 4 22
17 20 20
11 13 13
6 8 30
5 7 26
4 5 17
15 18 15
19 22 28
13 14 19
10 11 5
19 18 10
11 13 19
20 23 1
15 18 23
14 17 3
12 14 13
2 2 10
21 23 23
17 18 9
22 0 13
11 13 27
4 6 9
10 12 9
7 9 26
13 14 22
16 17 19
14 16 16
22 23 26
9 12 2
10 13 10
1 3 24
9 10 24
4 7 1
7 10 9
13 16 2
20 22 4
2 5 15
12 14 13
6 8 30
19 22 27
7 10 10
20 1 10
7 9 26
6 7 25
7 11 21
12 15 18
8 12 18
16 18 6
6 9 23
6 10 7
16 19 10
19 20 2
2 4 12
0 3 17
8 9 6
16 18 9
19 19 25
5 8 10
17 16 16
17 17 23
22 0 12
11 12 17
1 4 21
22 0 2
4 7 25
9 11 17
16 18 12
15 18 28
10 14 27
8 10 18
0 3 19
5 7 9
4 6 8
6 8 3
16 19 13
17 18 24
4 5 21
2 3 5
20 22 2
3 5 28
5 7 15
5 9 13
20 21 23
10 13 3
15 19 13
2 4 18
11 14 27
2 4 30
14 17 6
7 10 14
20 23 13
23 2 10
13 15 28
14 17 21
11 13 23
6 9 24
16 18 29
15 18 5
3 6 29
18 22 25
5 6 25
0 2 30
6 8 17
19 21 8
12 14 2
0 0 14
16 21 18
9 11 23
7 10 10
1 2 14
9 10 27
7 9 26
16 19 12
6 8 15
7 10 12
17 18 25
18 20 23
13 16 15
23 1 15
7 8 23
19 21 3
22 1 4
3 4 1
14 16 27
12 13 30
5 6 23
8 11 24
6 9 1
6 7 27
8 11 1
17 20 25
11 12 25
16 17 19
4 7 14
9 11 29
12 11 11
2 4 8
18 19 11
21 23 3
17 20 3
23 0 25
7 9 11
21 0 17
5 6 7
1 4 29
5 6 3
4 6 21
9 12 29
6 7 9
17 18 9
9 10 6
19 21 2
10 11 11
0 3 24
17 17 30
4 7 30
23 1 4
7 10 10
0 1 25
19 20 9
12 14 29
3 7 29
18 19 28
15 18 21
5 7 15
1 2 30
23 0 9
11 13 9
20 22 12
19 21 1
11 13 10
11 14 26
8 10 23
12 15 28
21 22 11
0 2 23
18 20 4
15 17 20
18 20 11
6 6 9
0 3 25
20 0 24
21 0 1
8 9 19
3 6 23
14 16 9
22 1 10
14 16 11
5 9 12
11 13 22
12 17 28
7 9 19
1 3 17
18 21 22
1 3 5
23 0 14
23 1 9
10 13 2
18 20 13
6 9 11
2 2 23
22 23 17
1 1 6
10 13 20
1 4 18
12 14 27
21 22 28
21 23 6
0 3 22
12 13 27
20 21 1
14 16 25
2 5 5
23 2 9
11 12 2
9 10 24
17 20 14
19 22 26
22 23 22
23 2 10
6 9 18
4 5 6
2 4 5
5 8 4
3 4 19
14 15 26
9 10 17
5 8 27
11 13 5
15 17 17
7 10 20
10 14 9
14 16 11
15 18 21
12 14 10
6 10 16
7 10 16
19 22 27
7 8 13
14 15 30
21 23 28
6 9 16
13 16 14
0 2 12
17 18 23
1 2 6
2 5 26
12 16 8
5 8 16
4 6 24
18 19 28
2 5 30
7 10 8
4 6 15
6 8 17
7 9 17
20 0 10
6 9 10
4 6 23
6 9 23
8 8 15
6 7 30
15 17 14
7 9 16
15 15 27
23 23 29
12 15 25
11 15 8
23 2 13
12 13 25
0 1 5
4 4 15
15 18 22
11 13 6
17 19 11
4 6 29
18 21 6
5 8 11
17 18 10
3 4 13
0 3 21
1 4 26
17 21 23
9 12 27
4 6 12
21 1 10
10 13 26
23 2 16
5 7 15
0 1 18
16 19 15
6 8 2
4 7 3
23 1 11
11 12 27
6 8 2
10 12 10
12 14 29
17 19 18
5 7 8
9 10 16
14 16 16
3 6 25
12 13 21
17 18 25
23 0 26
19 0 8
13 16 24
22 0 4
20 20 8
11 13 1
23 2 9
13 15 27
17 18 6
6 8 20
16 18 11
12 16 21
12 14 3
3 5 3
20 20 24
17 18 2
19 20 24
4 6 27
5 7 19
14 14 22
18 21 14
1 3 21
10 14 27
0 2 11
23 2 5
3 4 11
15 17 25
2 3 26
3 6 18
13 15 2
9 11 6
18 20 1
23 2 11
4 7 2
15 18 15
13 14 28
14 16 28
12 13 1
3 4 25
18 20 9
21 21 26
20 21 27
7 8 13
9 14 24
14 16 14
1 2 13
10 12 27
15 17 7
20 22 15
1 3 30
6 9 19
21 23 11
20 21 5
22 0 22
19 23 30
19 21 23
18 21 29
13 16 3
12 14 23
15 16 4
18 21 1
1 3 7
14 17 18
10 10 25
4 6 15
6 8 5
11 14 20
11 14 23
6 8 1
17 20 17
11 12 22
15 17 3
11 13 21
3 5 11
4 4 25
20 22 30
7 11 29
14 16 16
23 0 27
21 1 7
18 21 14
17 20 9
16 18 14
23 1 13
5 6 10
2 5 30
3 4 5
2 4 8
18 21 17
0 2 6
2 4 7
23 2 7
8 9 8
22 23 13
6 9 26
20 21 21
3 3 13
7 10 28
9 10 14
12 14 2
1 5 11
4 7 9
15 16 1
12 16 17
19 20 20
6 7 20
23 0 26
9 11 6
0 3 14
11 14 17
4 6 23
16 18 6
17 20 22
14 15 9
10 12 11
13 14 28
6 9 7
20 23 14
4 6 10
5 8 8
7 7 3
6 8 24
9 10 18
20 23 17
22 23 15
0 4 28
19 21 30
12 13 15
19 22 17
4 7 29
18 20 29
20 20 28
3 6 24
13 16 28
6 6 11
9 11 16
8 11 21
22 0 7
14 16 17
20 21 10
7 8 27
23 2 17
7 9 10
4 6 12
21 23 12
7 9 13
23 0 19
8 10 13
2 6 17
17 17 18
15 18 17
13 14 10
7 8 26
12 14 24
22 23 3
17 19 25
5 7 16
15 17 12
1 3 23
15 17 21
10 12 15
14 17 16
5 7 6
8 9 11
9 11 6
14 17 12
15 18 10
14 18 20
15 19 6
13 15 22
18 20 2
18 22 28
13 13 13
22 1 29
9 12 16
8 8 5
21 1 5
4 8 3
15 17 9
16 17 20
10 11 22
21 23 10
3 4 19
10 12 28
21 22 27
8 10 4
2 4 7
9 9 27
23 1 12
6 9 12
9 11 4
22 1 24
16 18 12
13 14 27
1 3 23
12 16 25
16 18 24
12 14 12
13 16 14
0 1 26
4 7 8
16 18 24
14 16 30
11 12 1
14 15 1
5 8 4
20 22 22
8 11 13
6 9 27
14 18 2
2 2 7
6 9 26
23 0 8
0 3 7
8 9 18
20 22 30
9 12 27
17 18 11
22 0 6
7 9 4
22 2 17
13 14 23
6 11 5
4 8 3
7 8 26
1 2 18
9 11 6
0 3 29
3 5 14
11 15 4
20 22 21
20 22 15
6 8 29
3 6 26
16 19 4
3 6 18
21 0 19
19 19 14
21 22 29
6 8 18
18 20 7
2 5 16
23 0 2
5 9 17
7 10 14
18 21 28
13 15 23
9 9 23
21 23 6
21 0 30
9 10 3
5 8 10
9 10 5
14 17 20
0 2 29
21 23 7
5 6 27
1 2 26
14 16 26
22 0 14
7 9 3
2 4 15
20 23 15
20 20 20
1 2 27
16 19 13
15 16 13
18 21 20
7 9 8
0 3 13
16 19 16
4 6 20
12 12 11
19 22 5
13 17 26
21 0 7
3 4 16
20 21 18
21 23 8
17 19 7
3 5 5
20 22 15
2 4 17
2 4 4
21 22 28
11 14 19
20 22 19
10 11 2
22 1 30
7 10 1
1 0 15
2 4 7
6 9 12
3 6 27
16 17 21
19 20 28
4 7 16
9 11 12
14 15 30
7 9 15
20 20 15
19 21 9
9 10 2
22 0 8
12 14 17
13 14 14
13 15 18
9 12 17
14 16 12
7 10 16
14 16 17
1 4 22
1 1 8
17 20 6
8 12 20
17 18 10
14 17 20
21 23 6
0 2 27
21 22 1
2 5 28
20 23 17
6 8 12
9 11 5
8 11 29
12 14 2
10 13 3
17 19 26
15 18 20
1 4 27
10 11 30
16 18 16
3 4 20
12 15 9
17 18 20
20 23 21
16 18 25
16 19 9
18 21 30
5 6 3
3 5 1
16 17 23
18 18 23
17 18 1
14 17 5
23 1 6
3 5 26
16 18 21
10 11 27
12 14 12
18 21 19
22 22 20
21 23 11
13 16 1
0 3 29
11 14 22
0 2 20
5 9 3
22 1 14
4 6 15
13 13 16
12 14 3
21 0 21
1 4 4
9 12 8
5 7 28
6 8 25
0 2 22
16 16 2
16 19 9
2 3 24
14 15 22
8 10 28
20 23 1
15 18 19
23 23 8
10 13 24
0 2 8
18 20 25
9 12 21
0 2 25
21 0 11
4 5 10
0 1 4
12 15 23
19 20 1
13 16 10
6 9 9
5 8 21
3 6 28
5 6 10
1 2 13
22 0 29
1 2 22
11 13 14
4 7 26
19 19 22
11 12 27
4 7 2
20 22 21
7 9 10
22 0 6
9 11 25
12 15 2
2 4 15
15 18 18
1 3 15
5 6 25
2 3 18
12 11 11
2 4 13
22 23 4
6 8 21
8 12 18
2 3 6
22 23 27
12 14 25
8 10 14
0 1 22
11 13 7
18 20 16
13 16 13
0 3 18
12 14 1
10 13 15
4 7 12
12 12 4
10 12 24
21 0 25
3 4 18
18 19 25
10 12 28
7 9 28
21 0 13
0 2 17
11 15 13
21 0 18
9 12 30
16 16 5
2 4 1
0 3 1
12 15 23
16 20 1
3 5 17
14 16 20
22 23 12
19 22 6
5 7 2
7 10 26
17 18 8
22 1 15
23 0 28
11 14 13
12 13 13
10 12 14
12 16 8
2 3 17
10 11 27
5 9 30
2 4 16
6 8 13
9 10 14
22 2 7
17 20 1
6 6 5
1 3 4
16 17 25
12 16 5
13 16 7
21 23 28
13 15 21
2 4 14
4 7 20
11 14 11
1 3 18
11 13 11
4 5 30
17 19 16
15 18 2
18 22 1
7 8 15
20 23 7
12 13 6
17 19 30
3 6 3
22 22 15
14 17 18
18 18 16
7 10 3
14 16 5
1 3 8
17 18 3
18 20 6
9 11 21
16 18 13
15 16 6
20 21 3
12 16 29
23 1 17
14 17 28
20 23 27
11 12 28
4 5 16
5 8 11
3 5 4
11 13 14
23 2 24
20 22 9
23 1 8
8 10 10
15 17 21
9 11 14
15 18 3
3 6 10
20 23 24
18 22 4
8 11 17
17 18 6
0 4 22
20 22 8
11 14 16
19 20 5
5 7 21
5 8 1
10 12 23
21 22 30
3 5 16
4 5 8
9 9 28
20 22 22
22 0 17
21 22 3
9 10 16
13 14 11
2 5 11
12 13 20
15 14 1
20 23 11
6 7 18
8 10 1
7 8 14
22 2 22
12 13 2
6 8 17
0 1 23
2 3 10
5 7 29
11 14 3
10 10 18
0 2 14
5 6 11
14 16 16
1 4 18
3 7 24
2 4 18
8 11 16
15 18 21
19 21 23
19 21 21
2 3 28
6 8 22
6 8 7
15 18 9
6 6 5
14 16 21
21 22 10
2 3 9
17 17 3
2 3 30
14 18 6
2 4 7
5 9 8
7 8 20
13 14 10
9 11 5
4 5 7
14 16 21
20 21 28
9 11 4
0 1 14
15 17 28
1 3 14
11 13 6
0 3 18
1 3 30
21 23 21
8 10 10
17 19 20
0 3 13
14 15 26
23 0 27
23 1 16
18 19 9
11 12 20
6 8 21
3 4 17
3 6 1
23 0 17
15 16 5
12 15 11
16 19 23
18 19 25
12 13 6
19 21 2
7 10 9
9 12 8
12 12 23
1 2 4
4 7 7
10 13 29
21 23 15
12 15 14
0 1 5
5 6 21
19 21 25
5 7 11
6 8 19
18 20 22
23 1 7
1 3 4
10 12 28
19 22 6
0 3 8
23 2 18
23 1 29
0 0 2
3 6 1
5 7 12
15 16 8
16 17 15
14 17 21
9 11 11
3 5 4
5 6 24
22 0 30
22 2 29
13 15 17
12 14 14
3 5 27
6 10 8
18 18 8
3 5 29
0 2 25
10 12 18
0 2 4
15 18 26
19 20 11
14 16 8
6 9 3
5 7 17
20 22 3
16 17 2
3 8 20
1 3 19
1 3 8
18 21 25
18 19 29
9 11 13
0 2 8
6 8 20
4 8 10
10 11 25
7 8 9
23 2 23
17 19 25
6 8 19
16 17 24
7 8 5
14 17 14
4 6 27
3 5 29
4 5 11
18 20 20
16 18 13
21 0 29
11 13 5
14 17 4
21 23 28
14 15 13
16 16 18
11 13 17
14 15 26
19 22 21
16 18 7
14 16 23
6 9 7
10 12 11
5 5 19
13 17 22
6 9 10
19 21 22
17 19 11
9 12 26
2 3 29
1 4 14
3 5 13
14 16 18
22 1 5
13 15 14
14 16 14
13 15 20
10 13 3
19 20 5
3 5 26
21 23 6
13 16 27
6 9 12
19 21 24
6 7 3
7 9 20
12 14 7
1 2 2
20 23 19
20 22 7
12 15 17
12 15 14
9 11 11
10 13 13
3 5 7
1 3 29
3 5 15
22 22 25
17 18 30
17 18 18
20 22 30
2 4 4
13 14 28
19 20 25
1 3 12
23 1 10
15 19 11
1 2 10
9 11 16
14 14 21
13 13 14
9 10 2
18 20 26
9 9 18
15 17 16
2 3 13
20 22 23
19 21 17
3 7 5
10 15 30
11 14 26
14 14 11
3 6 24
0 2 24
7 9 10
22 1 12
11 13 9
16 18 18
3 5 24
18 19 7
14 15 8
18 20 24
13 13 22
21 23 23
2 2 25
17 18 10
0 3 26
17 21 21
12 14 14
15 19 18
19 21 13
13 15 8
10 14 27
2 4 3
7 9 21
23 2 13
2 5 11
8 10 5
3 4 15
13 16 3
13 16 24
20 21 29
12 14 11
0 2 3
6 8 3
22 0 27
21 1 28
11 12 17
14 16 9
15 17 17
6 8 27
22 0 15
0 1 12
19 21 8
14 15 6
13 15 23
2 5 26
14 16 30
18 20 16
14 16 23
19 21 25
12 14 3
17 19 8
0 2 1
10 11 27
1 1 2
21 21 18
3 5 30
20 0 18
3 6 8
21 0 1
12 13 5
4 7 29
21 22 10
12 14 16
21 23 8
15 17 1
7 10 26
5 6 20
17 17 21
6 9 19
21 23 5
22 0 18
14 16 3
4 5 28
11 14 11
4 4 3
19 21 2
2 3 29
0 2 12
19 21 29
10 12 29
16 17 15
3 5 30
8 11 26
12 14 13
21 22 10
14 15 23
17 19 10
14 16 17
13 17 8
14 17 4
16 19 26
3 5 18
18 21 24
13 16 6
10 13 4
10 12 10
20 22 9
8 9 3
2 2 8
10 12 21
7 8 18
19 20 30
23 1 3
7 8 4
1 1 5
17 19 1
22 0 1
4 6 3
17 18 15
19 22 3
20 23 1
19 22 17
6 7 6
7 10 28
13 16 5
4 7 8
19 21 4
17 18 19
6 8 12
20 22 20
4 5 18
13 16 18
0 2 27
19 19 10
4 5 16
0 1 19
14 15 7
3 6 3
2 4 19
12 14 27
4 6 11
2 3 18
17 19 5
0 2 21
8 11 30
15 17 2
23 2 3
21 21 7
17 20 7
18 20 27
20 21 29
19 20 26
10 11 26
0 2 18
16 17 11
17 20 14
22 21 14
10 12 23
10 11 11
21 22 3
16 18 29
3 3 3
4 7 5
14 17 2
5 7 18
2 3 2
10 13 21
2 3 20
17 18 17
3 6 3
2 5 14
2 5 29
19 19 1
3 5 10
3 4 2
23 22 27
10 12 5
2 3 17
11 12 10
11 14 29
18 21 4
2 3 28
1 3 2
21 0 19
11 14 12
4 5 16
2 5 25
5 7 7
1 3 28
20 23 27
10 11 4
5 7 28
1 4 10
4 6 5
15 17 28
17 18 14
16 19 28
20 23 18
12 14 28
17 20 23
1 2 1
23 0 25
3 5 23
16 19 17
9 11 7
10 9 2
17 19 20
0 2 7
21 1 25
20 22 6
0 1 10
18 20 12
18 19 20
16 18 9
22 0 28
10 12 4
1 3 14
16 18 24
10 10 25
7 10 26
20 20 15
9 13 7
9 11 12
10 12 18
2 4 27
20 22 22
11 13 3
16 18 27
9 11 2
20 22 21
18 17 1
1 3 1
3 5 26
17 19 17
9 11 18
0 3 21
2 6 7
14 14 14
21 0 15
17 19 7
23 1 2
5 7 11
21 0 22
6 7 19
18 22 19
11 11 23
1 2 10
7 10 22
18 19 7
17 20 2
9 8 27
14 17 13
1 2 30
22 1 27
6 8 15
0 4 7
19 22 25
8 11 5
22 1 6
6 7 12
9 12 16
23 1 17
2 3 7
19 21 30
12 14 23
10 12 12
12 14 4
14 15 26
17 19 8
7 7 6
16 20 25
13 15 19
12 16 3
5 5 11
0 3 25
18 19 23
21 0 15
8 9 18
22 2 22
3 6 14
2 3 10
9 10 28
15 19 30
13 16 27
6 7 9
19 21 9
15 18 28
8 8 6
15 18 13
23 1 1
7 10 10
4 7 16
11 12 13
20 22 18
2 4 12
2 3 30
6 7 30
10 13 3
6 9 12
8 7 26
20 22 10
12 14 6
19 22 4
18 21 9
18 20 4
9 11 12
2 4 30
15 17 2
2 4 4
9 13 9
16 18 29
2 5 16
12 13 11
20 0 29
1 3 26
5 7 1
0 1 10
2 3 29
15 16 7
4 6 3
0 3 15
22 0 17
11 15 8
6 8 4
7 9 25
20 22 13
18 21 7
7 9 18
23 1 14
1 3 18
21 22 19
21 23 20
0 2 5
1 3 17
7 9 22
3 5 29
11 12 18
14 17 26
11 12 24
8 10 17
20 22 3
4 4 27
1 4 11
5 7 5
17 18 11
1 3 5
22 2 27
14 15 20
9 11 5
21 23 24
2 3 23
20 22 16
2 4 17
23 2 26
5 8 22
9 11 25
7 11 25
11 13 30
4 4 4
22 0 29
17 21 7
16 19 20
13 15 25
11 13 19
0 4 29
7 9 18
12 13 22
14 16 19
23 2 8
18 20 24
16 17 30
4 6 6
4 6 28
22 0 14
2 4 7
8 11 9
23 1 20
9 9 27
15 17 13
20 22 24
3 6 14
2 5 22
2 5 28
2 4 29
19 21 6
2 5 7
12 14 27
2 4 28
14 15 8
10 12 12
14 15 17
16 17 11
3 7 7
5 7 25
23 1 4
17 21 24
18 20 13
22 23 5
0 2 27
19 21 1
23 1 18
5 6 20
22 1 8
19 21 27
7 10 28
17 18 9
9 11 18
18 20 6
7 9 14
23 2 6
13 15 2
18 19 17
22 22 26
15 18 4
16 19 15
17 19 22
15 17 19
10 11 18
5 8 1
15 17 7
0 3 12
5 6 1
23 23 4
6 8 20
1 4 13
8 9 27
19 21 16
19 21 3
23 23 27
6 10 8
17 19 11
10 12 28
2 4 28
4 9 12
6 8 28
8 11 1
7 9 7
14 16 8
1 5 2
6 9 8
13 16 6
9 12 1
23 23 14
3 6 3
18 19 3
16 18 7
19 21 26
4 5 4
18 20 22
22 1 30
7 8 19
9 11 5
0 2 18
19 21 3
2 4 20
16 18 10
14 15 6
8 10 28
4 5 9
9 12 24
4 6 19
4 5 28
19 21 13
0 2 29
12 13 30
7 8 7
22 0 5
16 17 6
1 3 25
18 20 17
15 17 12
5 7 28
12 15 5
18 20 9
0 1 24
23 2 10
7 9 27
0 -1 23
11 12 30
8 10 30
10 11 28
18 20 15
16 19 7
23 1 3
5 7 10
1 3 16
23 1 7
20 22 14
18 19 1
9 11 26
16 20 28
12 13 13
21 0 4
15 14 22
16 18 10
1 4 23
13 16 2
22 0 23
11 14 12
15 20 9
20 21 5
5 7 29
10 13 24
11 13 2
20 22 12
10 11 23
10 11 30
7 9 8
20 22 3
22 0 30
4 7 7
23 0 29
15 17 26
11 13 27
7 9 19
16 18 29
17 19 19
11 14 26
4 6 15
18 20 19
18 20 21
12 14 9
14 15 8
9 10 14
23 1 7
22 0 3
16 17 30
1 2 2
2 5 10
20 23 14
11 14 3
8 10 27
1 3 10
16 18 8
16 21 16
18 19 20
16 18 6
17 19 10
11 14 11
9 12 17
15 17 26
23 2 8
6 8 11
8 10 25
17 19 27
0 1 5
1 4 26
4 7 3
15 16 22
19 20 19
15 17 26
15 18 3
6 9 20
13 15 21
0 3 29
11 13 24
13 14 15
0 1 12
2 3 6
22 0 17
4 6 13
17 18 11
1 3 4
20 22 1
19 21 11
4 6 8
3 6 30
11 12 7
4 7 14
5 6 23
13 16 25
17 19 5
3 4 26
20 22 26
16 18 14
15 18 18
3 8 16
14 15 25
13 15 12
19 21 1
18 20 19
17 18 26
5 8 14
1 5 15
22 0 18
2 3 19
22 0 2
5 7 11
15 18 11
4 6 5
19 20 30
16 18 2
11 14 2
10 11 24
22 0 8
7 9 23
1 3 22
15 17 5
14 17 27
8 9 17
3 6 24
2 4 4
9 12 10
13 15 17
20 23 5
7 10 24
13 14 11
19 20 29
18 20 18
22 0 10
18 21 16
13 15 29
4 7 18
8 12 20
23 0 13
11 13 29
11 13 29
16 18 6
3 5 3
5 6 2
8 10 22
7 8 24
5 9 1
4 7 9
19 21 14
14 16 10
2 4 27
6 8 5
23 2 13
0 2 6
19 21 28
14 16 26
9 12 12
21 22 6
2 4 23
10 13 13
3 5 25
2 3 30
14 19 21
0 0 13
16 17 23
19 19 28
13 15 23
13 15 8
5 7 22
15 17 10
6 7 2
14 17 14
3 5 3
21 23 18
8 10 21
11 14 27
12 14 18
3 5 3
15 16 19
9 12 4
23 1 14
7 7 9
14 16 19
22 23 11
14 16 25
1 3 4
13 14 29
13 15 26
5 8 14
14 16 5
6 8 8
12 16 27
17 20 12
23 0 16
1 4 22
14 16 22
17 21 29
0 -1 7
14 15 9
3 4 18
3 6 15
2 5 9
10 11 18
0 0 22
12 14 18
22 1 20
10 14 13
10 13 12
18 21 5
20 23 30
6 8 15
10 12 10
18 19 4
11 14 20
16 19 25
12 14 12
16 19 6
0 2 14
0 2 17
13 15 14
20 22 13
17 18 24
21 23 26
12 13 6
4 5 16
13 16 30
19 21 25
16 17 23
1 5 6
8 10 16
15 18 23
21 23 16
0 2 7
10 12 14
12 16 1
23 2 13
5 6 10
16 19 14
2 4 6
5 9 18
1 4 3
8 10 30
3 4 2
9 12 2
13 15 3
9 12 19
3 5 29
2 4 29
19 20 10
23 23 15
5 7 23
1 2 8
15 17 8
22 23 15
0 1 4
17 19 12
5 6 12
12 16 20
18 20 12
18 19 7
9 10 15
22 22 22
3 4 10
9 10 3
8 10 25
8 9 4
15 17 27
23 0 6
15 18 15
16 18 19
9 12 4
2 4 24
19 22 13
1 2 29
15 16 22
21 22 14
8 11 10
11 13 19
12 16 26
4 8 26
15 16 11
4 4 24
18 20 24
0 3 26
22 1 14
18 22 6
13 15 1
9 11 27
21 23 20
18 20 14
15 17 12
14 16 3
0 2 14
3 6 16
13 16 20
9 11 13
2 3 12
10 12 18
4 8 9
8 10 19
16 17 23
19 21 5
2 4 12
16 17 25
21 23 8
10 14 29
0 2 16
1 2 18
11 12 22
0 1 13
4 6 25
5 8 1
6 8 14
12 14 5
15 16 17
22 23 24
6 8 6
21 0 29
3 5 19
1 3 26
16 19 14
13 14 6
23 1 16
19 20 1
4 7 30
5 7 19
15 18 7
2 1 5
17 19 13
5 8 3
15 16 21
21 22 1
9 12 24
9 13 27
14 15 16
15 17 28
7 7 3
1 2 22
3 4 17
21 0 26
11 13 19
7 9 6
8 7 11
17 20 24
19 21 2
22 0 26
15 18 2
11 12 11
0 2 25
17 20 7
17 19 26
14 15 27
6 8 13
9 12 6
11 12 21
5 7 18
10 11 26
16 19 18
15 17 7
0 0 3
3 4 11
4 6 12
5 7 7
7 8 24
8 11 27
3 5 15
19 22 26
13 15 25
9 12 7
12 15 15
2 5 16
22 0 19
6 7 17
14 15 25
18 20 25
17 19 23
6 7 16
12 15 14
6 9 9
3 4 21
5 6 18
3 2 21
22 0 19
7 8 27
8 9 3
22 22 7
23 23 22
9 13 17
20 22 27
1 3 6
1 2 8
3 4 22
4 5 1
20 22 27
14 16 20
14 17 26
20 23 30
8 10 18
18 20 18
1 3 5
14 16 29
10 11 29
20 0 22
16 17 25
2 4 3
10 11 12
10 13 5
17 18 29
11 13 16
12 15 24
12 13 14
19 22 16
7 7 3
7 9 26
10 12 30
15 19 24
17 19 25
23 2 22
9 10 22
19 21 23
12 13 25
9 10 2
16 19 12
19 20 6
13 15 26
11 14 30
13 15 29
15 17 11
0 2 28
23 0 12
17 20 28
0 2 17
21 23 28
23 2 30
18 19 20
19 20 21
9 11 4
2 3 7
10 12 11
9 11 27
1 4 1
14 17 12
9 9 6
11 11 16
0 1 26
17 18 18
11 12 7
21 22 18
18 18 5
10 12 23
16 17 21
10 11 17
14 17 24
9 12 9
10 12 22
3 6 4
8 10 14
17 20 7
18 19 17
3 5 4
14 16 12
3 6 14
3 6 2
5 6 7
17 20 3
12 15 1
8 10 25
7 9 4
3 4 28
10 13 18
12 14 2
7 8 21
15 19 3
0 1 26
14 17 14
19 20 20
10 12 22
3 2 29
16 17 21
16 19 20
8 11 25
9 12 19
5 7 3
20 22 23
16 20 1
23 1 22
0 2 28
11 13 11
23 1 24
10 12 15
13 15 26
1 5 17
18 21 9
22 0 20
4 4 30
10 10 23
8 11 5
22 1 25
7 9 12
6 9 15
14 16 29
2 5 18
2 4 15
15 18 23
14 18 25
11 13 27
10 13 23
3 4 20
21 23 17
14 17 30
15 17 7
20 21 26
3 3 11
12 16 16
9 11 11
18 19 10
11 14 27
13 15 26
20 21 8
23 1 22
12 15 10
23 0 30
11 17 16
19 20 25
5 6 27
13 15 21
6 7 2
1 3 6
7 9 3
9 11 30
6 7 6
12 14 27
21 22 25
3 6 7
10 13 26
1 2 6
16 17 1
3 4 5
12 13 23
20 23 11
21 22 4
2 3 18
13 14 9
10 11 30
4 5 19
23 0 22
8 9 25
23 2 17
14 17 30
14 16 13
12 14 28
15 17 19
20 21 26
4 5 20
6 8 18
4 5 7
5 7 30
11 12 4
10 12 28
7 9 21
13 16 10
1 3 3
22 0 16
11 13 24
0 2 25
5 8 25
23 1 2
19 20 13
15 16 22
14 18 6
19 22 28
17 19 29
16 19 1
22 21 25
3 4 11
0 2 30
4 7 17
7 8 24
22 0 28
21 21 5
23 1 27
15 19 18
14 17 10
7 9 15
19 22 7
16 18 2
4 6 6
22 1 13
8 11 18
12 14 5
22 23 8
7 9 7
21 1 2
7 9 14
11 13 22
17 19 1
10 12 8
13 14 16
13 16 30
11 14 8
4 7 13
4 8 3
0 4 20
8 9 19
0 2 22
10 14 29
17 20 13
8 9 2
13 15 7
6 10 3
3 4 30
0 3 7
3 4 6
4 5 29
0 1 8
9 10 16
6 9 29
17 19 2
2 4 19
7 9 19
10 12 29
21 0 11
14 15 1
16 19 15
5 6 6
13 16 25
20 21 22
10 12 28
16 17 24
16 19 27
6 7 26
8 8 22
6 7 4
12 11 23
5 8 26
18 20 11
8 10 15
1 4 10
1 3 14
5 8 30
22 0 15
18 20 29
6 8 5
0 1 6
18 20 16
14 17 10
1 4 17
20 22 7
12 14 25
10 12 19
4 6 10
19 21 26
11 12 28
13 14 30
22 0 30
11 12 20
18 19 26
1 4 28
13 16 19
17 20 29
14 14 23
23 0 3
8 11 11
6 8 3
16 17 14
5 8 18
22 1 29
16 18 25
3 5 24
9 11 3
17 18 19
10 14 30
14 16 9
2 4 29
6 8 19
9 11 22
21 23 20
11 14 21
21 22 5
18 20 25
16 17 1
9 12 16
18 20 27
15 17 24
12 15 23
4 5 24
21 23 29
21 23 5
0 1 25
8 9 25
23 1 25
23 2 22
17 19 18
10 11 3
13 17 5
22 1 16
1 4 29
14 14 26
19 21 22
0 1 12
22 23 13
20 22 15
15 17 17
4 7 7
23 2 15
18 21 13
17 20 25
20 0 5
2 5 23
2 5 24
18 19 9
7 10 11
22 22 12
15 17 21
13 14 29
6 10 9
18 20 18
18 19 30
10 12 23
16 17 27
22 23 17
1 3 10
0 2 23
20 22 18
17 20 1
23 1 7
18 20 18
6 8 22
17 19 1
0 3 21
9 12 27
22 23 26
12 14 13
23 1 6
11 14 4
16 17 28
15 17 27
17 20 26
12 14 5
13 16 28
18 19 4
1 3 8
7 9 10
5 7 21
14 16 7
21 1 19
8 7 12
13 15 24
22 0 25
12 16 13
16 17 4
6 6 29
15 16 29
2 5 18
10 13 19
15 18 10
18 20 21
20 22 20
11 14 3
3 4 21
16 19 10
19 22 24
13 15 11
1 3 18
17 21 30
1 4 3
5 6 27
13 14 18
12 14 13
19 21 8
12 13 8
0 2 21
6 8 26
6 6 7
6 7 9
0 1 28
16 19 5
16 18 29
18 20 1
14 15 29
6 8 16
18 18 21
9 11 10
15 18 19
9 11 30
15 16 25
13 15 27
18 19 15
0 2 12
14 17 22
14 16 18
19 22 8
17 19 2
6 7 3
4 5 30
4 7 26
15 16 11
8 11 3
1 3 30
23 2 14
15 18 6
13 14 6
16 20 7
22 0 13
12 14 4
8 8 8
20 23 3
11 14 28
13 16 24
21 1 17
22 1 27
15 17 16
6 9 1
5 7 24
2 4 26
11 15 11
13 16 11
15 17 15
10 12 5
13 16 17
11 13 17
0 3 27
14 17 24
18 21 7
10 10 2
18 20 3
18 20 2
16 18 13
1 4 29
18 19 20
14 17 21
15 16 1
22 0 8
5 6 1
1 5 1
11 13 13
22 1 12
2 2 28
14 15 16
3 4 7
1 3 10
3 4 17
7 9 2
16 18 16
1 2 1
22 23 2
11 13 26
10 12 18
5 7 2
14 18 4
5 8 18
6 7 22
3 7 1
15 17 10
11 13 14
4 7 25
8 10 17
1 2 17
2 4 25
4 7 30
15 16 24
23 23 1
3 4 7
20 0 10
0 2 2
13 17 3
8 10 11
0 2 11
15 17 22
5 7 9
4 7 12
18 21 21
22 0 28
11 13 24
22 22 17
19 21 15
14 15 28
13 16 28
20 22 2
18 20 29
14 16 6
7 10 29
16 20 24
13 15 4
6 9 25
13 15 26
14 17 19
21 23 18
7 10 4
18 20 11
8 11 21
21 23 12
20 23 8
23 0 22
6 7 21
2 4 2
16 16 29
1 4 23
2 3 5
13 15 3
4 6 14
8 11 19
8 9 27
20 23 23
2 3 26
13 16 14
10 13 8
5 6 12
22 23 12
10 12 12
19 23 30
3 5 19
13 14 6
1 4 14
4 8 10
12 13 29
9 9 20
11 14 5
11 13 5
16 16 18
14 15 13
18 20 28
7 9 17
6 8 21
18 22 29
20 0 3
18 21 7
6 9 24
7 9 8
7 10 13
12 14 1
7 10 2
7 8 9
8 9 2
8 10 20
7 10 17
16 18 22
22 23 12
21 23 20
9 11 13
17 20 26
5 7 24
19 21 21
16 17 6
17 19 18
9 12 23
1 3 1
12 15 20
8 10 15
16 19 27
7 11 18
0 1 1
16 17 17
19 20 9
14 17 10
0 3 17
15 17 19
9 11 3
9 12 10
2 4 7
2 6 3
22 23 11
13 12 13
13 16 12
7 10 7
14 16 9
9 10 17
15 16 19
12 16 30
12 15 29
21 0 19
21 23 28
23 0 8
18 20 26
18 21 26
11 12 11
18 20 5
10 13 27
12 14 9
12 16 14
15 16 2
17 18 12
20 22 25
19 21 7
12 15 6
5 8 27
17 21 15
23 1 4
8 10 19
0 1 23
1 1 19
8 11 30
14 15 19
17 19 11
0 3 1
10 12 29
1 2 20
6 7 25
15 17 22
13 16 15
1 4 13
13 14 2
11 13 11
13 16 30
23 0 7
7 9 8
17 19 8
3 4 27
11 13 1
5 7 20
19 21 15
21 0 3
21 0 28
21 0 16
16 16 13
21 23 23
11 12 20
12 14 3
18 20 29
20 22 18
5 7 16
21 23 22
19 21 19
13 15 29
12 13 24
18 21 24
3 6 28
9 10 28
10 10 11
15 18 13
0 1 12
3 4 6
9 11 16
12 13 1
3 6 3
10 13 26
15 18 25
13 16 4
13 16 7
15 18 5
20 1 30
21 0 22
4 7 11
7 10 12
22 0 9
13 13 20
11 13 22
12 16 27
2 4 24
2 4 6
8 8 24
3 5 1
17 21 12
5 7 24
1 4 29
17 18 7
5 6 24
16 18 2
12 15 1
17 19 10
12 12 12
20 20 15
21 0 11
3 5 6
3 4 30
21 22 15
14 16 9
21 0 28
6 8 22
18 19 11
14 14 29
3 6 4
7 9 30
21 22 27
16 20 24
9 11 9
11 14 11
1 3 7
21 1 14
21 0 4
9 12 5
14 17 22
23 23 25
0 3 9
13 14 17
12 12 1
20 22 30
13 16 8
4 6 6
9 12 27
17 21 13
6 10 23
23 4 24
6 7 14
14 15 27
21 23 13
1 5 19
1 1 7
9 9 1
16 19 16
12 14 30
22 22 21
3 3 4
18 18 11
10 14 13
18 21 8
8 10 2
0 2 25
4 4 29
19 20 20
6 8 5
14 15 30
14 17 27
14 17 13
18 21 23
15 15 15
23 1 24
23 0 3
17 20 30
1 4 20
0 2 9
6 7 12
8 12 27
22 0 14
12 15 23
21 22 21
16 18 13
13 15 23
1 4 4
17 18 11
20 0 28
3 6 22
11 12 23
0 2 12
21 21 10
7 8 4
7 9 25
20 22 3
17 20 18
0 1 29
4 7 11
17 19 21
21 22 14
1 4 14
0 0 13
21 23 9
6 7 8
21 0 29
18 18 4
20 23 10
9 12 14
13 15 24
20 21 6
19 21 1
11 13 29
15 16 15
15 18 26
9 11 5
10 11 11
19 21 8
20 22 13
4 4 10
16 15 1
0 2 22
4 5 24
8 10 9
8 12 16
4 7 30
19 21 2
20 22 16
0 2 28
17 19 13
22 0 13
8 10 4
1 3 9
1 4 14
5 5 14
13 15 6
5 6 28
4 7 28
15 16 20
15 17 28
23 2 7
15 18 7
23 1 25
18 22 6
15 18 22
17 19 16
16 18 2
20 23 15
16 16 16
17 19 16
20 23 30
11 13 30
4 8 18
22 0 16
1 3 23
18 18 15
14 16 12
21 23 29
20 23 17
21 22 18
4 5 12
1 3 3
20 23 27
11 13 29
17 21 1
3 5 24
17 16 7
19 21 16
13 16 28
22 23 17
14 17 25
17 18 11
4 7 17
15 15 30
10 11 21
4 7 21
4 7 20
13 16 28
15 16 7
21 0 30
0 4 9
22 0 13
0 4 24
3 3 2
16 18 27
15 17 6
15 17 9
9 12 23
10 12 15
7 10 21
10 12 8
1 4 30
21 23 25
13 15 14
20 23 8
18 20 4
9 11 14
6 9 7
20 22 3
4 5 9
8 9 24
23 1 14
14 18 24
16 19 28
14 16 7
17 20 30
18 19 17
14 16 19
10 12 24
21 23 25
6 8 14
1 5 19
16 18 15
8 10 25
9 10 2
23 23 7
3 6 17
13 14 8
8 10 20
12 14 20
23 0 3
20 23 22
2 5 5
1 3 19
0 2 15
13 14 25
23 2 11
15 17 8
3 4 28
7 9 26
7 9 29
4 6 1
15 16 23
6 9 16
4 6 28
6 8 29
6 7 14
1 1 28
1 4 6
20 22 19
2 3 6
1 2 19
21 23 6
15 20 16
0 2 28
17 20 5
18 20 14
6 8 16
23 1 6
9 12 20
10 11 4
0 2 26
15 18 4
23 2 24
2 3 15
10 14 4
22 23 10
21 23 27
2 5 28
18 22 3
11 13 26
18 21 21
9 12 14
13 15 24
12 11 18
4 7 27
15 17 6
17 20 9
22 0 10
20 0 17
21 22 19
3 6 5
5 8 30
7 11 21
10 12 12
8 10 19
8 10 19
1 2 13
16 18 26
19 22 14
8 9 3
12 13 30
1 3 29
21 22 16
23 3 12
6 7 14
16 17 9
23 2 25
9 9 7
11 11 12
13 15 8
13 14 11
7 7 17
11 12 28
15 17 6
11 15 12
2 6 7
1 3 5
19 22 29
2 6 14
4 6 29
17 19 28
12 13 26
16 19 28
10 13 18
19 20 25
21 23 14
10 14 5
5 8 9
9 12 19
10 12 1
2 5 21
22 0 11
2 4 20
7 8 19
4 7 20
15 16 29
3 5 3
3 5 24
3 6 10
3 3 15
8 8 18
16 17 4
14 16 27
4 6 12
15 18 14
4 6 25
7 8 10
15 18 3
2 4 7
16 18 1
16 16 3
7 8 21
0 1 15
13 15 19
3 5 26
8 10 30
11 12 13
23 0 20
15 17 14
6 7 26
16 16 26
1 3 14
4 4 22
4 7 4
13 15 30
23 2 29
1 5 23
18 20 10
17 20 8
1 2 10
18 19 12
3 4 12
15 17 28
14 16 19
6 6 17
15 16 11
15 17 10
19 20 23
14 17 13
2 6 22
20 22 19
14 17 11
23 23 2
9 10 2
20 22 17
16 18 18
19 20 1
13 15 8
6 7 20
0 2 29
21 22 6
1 2 5
7 11 4
22 22 22
3 6 17
19 23 19
1 3 21
6 7 28
22 23 26
8 10 4
10 12 11
12 13 12
15 15 30
17 18 18
16 19 4
5 9 21
17 19 26
23 3 9
15 17 30
0 2 10
4 7 8
4 8 23
1 1 7
15 17 19
13 14 15
2 4 5
1 2 26
4 4 6
20 21 7
20 22 11
19 23 10
12 12 10
22 0 19
12 14 22
20 22 13
14 15 15
11 13 21
4 8 8
19 21 19
12 15 23
8 10 16
5 8 26
12 13 27
10 11 28
6 8 24
0 2 21
7 9 15
5 6 4
2 3 11
17 19 20
4 6 9
13 14 30
4 8 20
10 13 25
17 20 16
16 18 4
23 1 4
22 0 18
1 4 11
11 12 23
4 6 10
0 1 21
12 14 11
7 8 19
12 14 29
21 0 22
1 3 18
12 16 20
21 22 16
4 7 18
0 0 29
6 8 23
2 3 28
5 6 30
9 12 15
15 16 27
0 2 8
22 0 24
1 3 27
9 11 16
3 6 11
21 0 3
20 21 14
12 13 20
13 16 26
19 21 12
12 12 1
21 22 30
22 23 8
4 5 10
4 6 11
2 3 5
3 5 3
16 19 19
9 12 10
5 7 2
10 13 26
15 17 3
14 16 9
15 17 24
7 9 24
20 21 5
20 22 22
4 6 2
22 0 8
21 0 26
12 13 10
15 18 4
23 1 10
4 6 30
10 12 2
13 15 14
17 20 2
2 3 12
21 23 7
12 16 7
1 4 3
1 3 23
0 2 11
14 17 5
0 3 18
12 13 19
5 4 13
0 2 20
10 14 11
9 11 9
2 4 2
22 23 16
4 5 15
1 3 18
0 1 27
20 21 21
18 20 26
16 18 2
19 21 27
23 0 7
13 16 30
18 21 30
16 19 2
23 0 17
19 22 26
19 21 4
13 15 27
21 22 9
9 11 14
1 3 14
8 11 12
17 19 15
2 3 18
21 0 10
16 18 6
10 13 28
7 9 2
9 12 1
2 3 1
6 8 21
15 18 6
3 5 27
22 0 16
20 22 23
5 5 22
13 15 12
19 19 15
12 14 12
0 2 29
4 6 19
8 10 26
15 17 7
4 5 11
8 8 13
12 15 8
12 14 4
12 14 11
14 16 2
4 6 5
22 1 14
0 2 24
6 9 10
20 0 5
21 0 6
13 15 24
1 3 25
5 7 25
2 4 14
22 1 13
4 7 23
10 11 9
5 6 14
3 5 30
6 7 11
13 15 10
11 14 14
5 9 22
5 7 10
6 8 14
6 8 14
21 0 9
9 11 7
9 9 9
22 21 15
9 10 17
0 1 13
5 8 9
2 5 21
13 14 24
12 15 24
14 17 24
0 4 29
1 2 17
9 11 30
6 9 10
2 5 24
4 6 19
6 8 10
22 0 11
2 5 2
4 6 26
10 11 8
17 19 14
16 17 28
21 23 11
12 14 8
19 21 28
8 10 15
11 12 7
10 12 25
17 18 14
14 14 4
12 12 6
15 15 3
0 2 3
14 17 15
7 9 9
7 9 9
7 9 24
7 10 7
12 14 3
7 8 25
8 11 25
12 13 4
15 18 2
17 19 26
10 11 26
19 22 9
3 4 19
1 3 14
16 19 19
4 5 12
13 15 2
10 11 18
19 21 1
2 4 19
2 3 3
4 5 24
19 21 9
21 23 29
13 15 11
2 6 2
2 4 4
14 15 2
4 6 27
13 15 8
8 10 27
16 17 25
9 10 19
13 15 13
20 22 4
3 4 25
20 23 21
3 5 15
6 8 22
0 1 3
7 10 16
17 20 17
5 7 10
15 17 2
22 1 28
4 6 19
3 4 25
6 9 3
17 20 9
5 6 15
12 15 10
7 10 2
6 9 15
4 5 20
19 20 14
2 5 27
8 9 10
10 10 21
22 2 19
6 8 29
10 11 23
7 10 9
10 12 26
3 7 5
20 0 9
8 11 12
23 1 10
20 21 24
23 23 23
4 6 20
19 21 14
10 11 15
5 8 28
13 16 22
2 4 15
6 9 20
1 3 29
23 2 12
7 11 26
22 23 4
7 8 17
13 16 26
6 6 3
3 4 24
11 14 23
18 20 13
0 3 14
2 3 10
7 11 18
5 7 13
9 11 14
23 1 20
4 7 13
17 19 18
2 5 10
16 20 3
8 11 12
2 4 9
5 9 7
22 22 26
7 10 30
10 12 6
22 23 9
20 21 28
8 9 6
3 5 4
2 3 15
2 1 24
2 4 13
17 21 11
12 15 5
5 8 29
20 23 19
4 6 11
23 0 11
18 21 8
2 2 13
11 11 10
17 19 11
10 13 29
7 11 25
9 10 7
9 10 1
8 9 27
14 14 17
0 2 25
3 3 13
0 2 21
19 21 3
19 22 7
3 6 9
20 21 8
5 6 26
6 7 24
10 12 6
17 20 16
14 15 19
0 1 15
8 8 19
23 1 5
15 16 12
3 6 27
4 5 5
10 13 7
2 6 20
21 1 13
8 10 8
7 9 12
7 9 28
22 0 27
23 1 27
12 15 22
0 2 8
4 7 19
14 16 27
11 12 24
1 4 23
6 9 21
1 3 24
21 21 17
2 4 19
11 12 16
18 19 25
14 16 3
17 21 7
1 3 22
15 17 17
0 1 5
15 18 23
2 4 20
19 22 25
4 6 18
12 15 28
20 23 15
11 10 29
18 20 13
2 3 15
20 20 29
22 23 7
20 23 30
12 14 24
16 17 11
5 7 3
23 1 20
2 3 19
21 22 2
3 4 1
16 19 8
7 10 12
12 13 28
16 19 3
9 11 10
21 0 7
12 15 10
16 18 27
19 21 9
20 22 29
14 16 27
6 9 22
10 13 29
2 3 16
8 9 10
15 17 7
22 2 9
19 21 2
8 11 18
1 3 27
18 20 12
5 7 26
7 10 27
23 1 8
22 23 20
16 19 25
18 22 8
21 23 7
2 4 22
15 16 8
8 12 3
22 1 5
10 12 27
6 8 11
5 7 8
15 17 15
19 21 2
9 11 8
11 14 18
1 5 23
9 9 5
8 10 26
12 13 15
3 5 5
16 19 8
0 0 19
14 15 28
21 23 11
4 7 2
2 4 7
12 14 25
1 4 2
19 22 23
20 22 19
11 14 14
15 18 23
7 11 2
13 14 25
9 11 25
6 8 10
12 15 9
17 20 30
22 0 20
12 13 12
19 22 19
6 8 6
7 8 6
17 18 18
8 11 21
2 4 10
8 12 27
1 1 23
18 19 21
17 21 22
18 20 15
1 4 2
3 5 17
10 13 29
4 5 18
14 16 23
3 5 9
1 3 26
17 20 14
4 3 4
17 17 16
0 2 19
22 22 8
6 8 18
22 0 28
17 18 28
9 9 10
21 23 25
0 2 12
18 20 10
11 14 22
18 20 5
17 21 29
17 19 20
9 9 23
1 3 21
18 21 16
10 12 6
10 10 18
15 19 5
13 17 9
14 14 4
18 20 13
12 13 14
0 3 24
15 16 18
17 19 26
5 8 27
20 22 6
21 0 20
1 4 23
8 10 23
14 18 28
11 12 13
16 18 28
0 3 2
9 9 9
14 16 17
21 23 13
3 5 10
22 23 16
1 3 19
9 11 9
16 17 13
0 -1 12
20 22 30
18 18 29
1 4 16
3 5 12
7 8 11
1 3 19
17 20 28
23 2 24
19 22 16
22 1 20
3 4 6
1 3 22
9 11 1
10 12 1
20 22 9
18 18 7
14 16 8
20 20 20
6 7 14
17 18 28
8 11 8
2 6 1
12 15 4
5 6 5
5 8 5
4 7 22
5 8 13
13 16 20
5 9 8
21 23 2
2 4 16
5 6 8
13 15 11
2 4 5
0 3 11
10 12 25
19 20 7
7 10 12
4 5 25
21 0 28
10 11 21
19 20 3
17 18 23
14 14 15
14 17 12
2 5 21
23 2 6
21 21 29
0 3 11
4 5 2
23 0 2
23 1 13
22 23 22
3 6 20
19 19 27
22 0 4
15 17 18
0 4 29
13 16 6
16 16 27
9 10 7
3 3 7
16 19 19
4 7 19
16 18 22
21 21 23
20 23 23
0 3 22
12 14 22
22 23 7
5 8 7
9 11 19
2 6 23
4 7 5
6 9 14
2 6 20
14 15 14
20 19 19
21 22 19
8 10 22
2 5 2
7 9 15
23 0 24
2 4 18
20 22 23
15 18 19
21 23 19
23 2 19
9 12 24
14 16 25
21 22 25
5 6 24
17 20 21
6 9 28
0 1 7
10 12 18
20 21 8
8 10 20
22 0 14
9 12 12
6 9 18
8 11 28
17 20 17
18 21 20
1 5 8
8 12 9
6 7 27
20 22 8
15 16 18
16 18 3
21 22 26
10 12 7
7 10 3
18 19 26
3 5 9
0 3 8
1 2 10
16 19 8
16 17 8
20 22 12
0 1 15
16 16 30
16 18 29
6 9 13
1 3 4
9 10 13
10 12 4
11 13 12
14 18 2
15 18 7
0 2 7
11 11 13
2 4 9
5 8 29
6 8 29
1 3 4
11 14 13
8 9 26
6 7 15
2 6 18
18 18 19
21 23 16
4 6 19
5 9 11
6 8 19
20 20 27
2 4 20
16 18 29
17 20 24
15 17 15
5 10 9
15 17 24
9 10 8
9 10 25
21 0 8
3 6 16
0 2 27
3 5 23
4 5 6
1 4 15
2 4 11
0 3 29
21 21 7
19 20 28
23 23 22
1 4 11
1 1 20
11 13 15
3 6 30
5 8 12
15 17 29
0 0 25
21 23 28
20 22 11
8 11 7
18 20 10
7 11 22
10 12 6
0 3 21
23 0 12
1 3 6
2 5 25
6 8 24
5 7 4
1 3 1
16 19 17
20 22 4
7 9 2
14 16 12
15 17 7
6 7 16
19 20 25
2 5 19
9 10 23
10 13 10
3 6 18
22 0 4
2 5 4
7 9 29
21 23 1
3 4 8
0 3 15
12 13 23
13 15 3
11 15 15
8 12 21
3 5 4
2 5 27
0 3 11
21 0 30
5 7 23
18 19 1
10 12 27
23 0 23
17 18 21
22 23 1
9 11 2
9 10 25
11 13 30
22 23 3
3 5 2
19 23 2
23 1 4
12 13 19
9 10 26
23 1 7
7 10 16
7 10 8
12 13 28
10 11 18
16 17 13
9 10 3
18 19 4
8 9 19
15 18 25
0 4 13
5 7 30
16 20 22
16 17 15
13 14 18
5 7 12
10 13 8
4 5 4
6 7 23
19 22 13
11 13 7
22 1 8
23 0 6
20 21 21
21 21 3
1 4 24
6 8 20
10 13 18
5 7 14
8 9 18
4 6 17
6 9 3
15 17 3
4 6 3
4 5 26
13 12 5
16 17 8
3 5 15
9 11 8
22 23 3
8 10 29
4 5 7
12 13 11
13 17 28
21 22 3
10 12 30
2 6 14
4 5 22
14 16 29
4 7 20
10 12 19
22 1 23
8 10 2
17 18 8
15 15 13
17 19 17
22 23 16
18 20 25
17 17 20
9 11 4
21 22 16
23 2 15
8 11 6
1 2 6
8 10 20
2 3 27
2 3 27
9 12 24
22 0 22
4 6 12
20 22 6
8 11 5
0 2 4
0 0 17
18 20 7
8 11 19
15 18 22
13 16 17
10 12 8
16 18 18
4 6 23
2 4 17
11 12 11
5 8 27
23 23 13
15 16 16
23 0 15
12 15 25
5 8 28
14 16 4
6 6 27
18 20 14
8 9 27
18 21 25
7 7 5
16 18 4
11 14 25
16 17 2
3 5 3
19 20 1
8 10 14
19 20 4
5 8 12
21 22 7
18 20 9
5 7 12
6 9 13
0 3 20
10 13 6
10 13 28
20 22 22
15 17 19
6 7 11
16 17 17
20 23 9
21 22 21
13 16 24
1 3 17
23 1 30
14 15 7
17 19 24
11 13 3
13 15 28
1 1 25
7 8 16
18 21 20
18 20 12
5 7 10
10 12 14
19 20 28
16 19 28
7 9 12
20 23 2
16 18 14
7 9 1
11 12 18
6 10 19
0 2 4
11 13 7
14 16 8
1 2 6
18 19 7
8 11 22
10 11 8
17 20 1
18 20 16
10 11 12
20 1 15
12 13 28
6 7 28
21 23 15
17 18 27
14 15 9
11 12 6
19 22 20
2 3 15
16 18 27
16 19 13
10 15 9
10 12 12
11 11 24
8 11 4
0 4 21
12 16 26
14 17 4
0 2 22
15 17 18
8 9 27
11 13 9
6 10 14
13 17 5
8 9 27
0 0 18
10 9 22
21 23 6
3 8 15
9 11 30
4 7 21
12 13 2
7 10 26
18 18 10
7 9 26
12 14 5
2 5 6
23 1 27
15 18 20
12 15 11
5 6 14
19 20 28
5 8 23
3 5 5
18 19 26
20 22 30
23 1 30
16 18 20
5 7 29
10 12 19
2 3 20
14 16 4
18 21 19
12 14 9
12 14 8
22 21 19
23 2 3
21 23 24
13 14 23
13 16 9
17 19 5
23 1 2
20 21 4
23 0 15
0 2 20
23 2 16
6 9 10
11 13 22
11 14 3
12 14 15
5 6 30
12 15 11
23 23 14
14 14 10
14 17 21
9 12 1
5 7 12
19 19 30
19 21 15
17 18 7
4 6 9
22 23 12
3 7 22
13 17 21
1 3 21
1 3 27
8 9 14
18 20 9
14 16 3
8 10 9
3 3 24
7 8 27
20 23 1
9 11 19
15 17 25
23 1 21
15 18 13
13 14 2
9 12 15
15 17 3
22 0 1
7 7 30
4 6 13
7 11 15
17 17 21
19 20 30
10 12 11
15 19 16
6 7 25
18 19 6
9 12 5
15 18 4
21 0 2
19 23 27
1 5 2
18 20 5
17 20 25
3 4 5
20 23 3
15 15 1
1 3 9
18 21 29
22 1 3
0 4 28
3 4 15
13 14 16
12 13 13
23 2 29
11 12 24
4 6 23
19 21 6
13 14 16
2 4 3
14 14 11
18 20 3
9 12 8
18 20 3
3 6 30
3 4 11
16 18 12
2 4 24
0 2 19
2 3 19
13 16 15
16 19 23
17 19 22
15 18 2
18 19 18
13 15 14
1 5 4
22 23 5
12 13 15
5 8 13
18 21 3
15 16 21
16 17 7
20 21 28
15 17 16
12 14 8
11 13 11
22 1 22
17 19 14
10 10 3
6 7 26
5 7 19
17 19 29
8 9 22
21 0 20
18 20 2
9 11 20
13 15 15
4 7 22
6 7 21
3 6 12
4 6 2
12 14 15
4 4 5
3 3 2
2 5 29
10 13 10
14 16 25
9 12 7
15 17 14
21 22 13
20 22 1
5 7 21
14 17 7
6 8 1
0 2 1
3 6 13
20 21 21
2 6 6
11 14 11
10 12 6
10 12 14
1 2 21
4 5 18
0 3 30
11 12 14
17 18 19
8 10 15
13 15 8
19 21 28
14 16 2
2 3 22
12 15 5
8 9 8
22 1 14
13 15 18
0 2 19
3 3 2
22 23 9
2 4 5
18 21 4
9 12 13
12 16 9
19 22 1
23 0 11
13 14 28
23 0 25
20 23 4
0 1 2
15 18 26
19 22 13
22 2 10
21 23 3
18 21 8
19 19 16
5 7 26
6 7 6
2 3 13
8 9 12
11 14 24
8 9 5
3 5 7
20 20 6
12 14 13
21 0 8
4 6 23
9 10 17
23 1 4
14 15 14
6 9 29
12 13 9
19 21 3
10 12 12
2 4 15
8 9 17
13 15 17
0 0 22
18 20 11
16 19 25
5 7 16
11 14 4
8 10 16
19 22 29
15 18 23
2 3 22
15 16 13
12 15 25
14 17 17
2 3 21
5 8 24
9 12 3
21 22 13
6 8 13
3 5 8
13 13 27
4 5 13
20 21 19
6 6 4
18 18 24
4 6 6
19 23 13
3 6 28
13 16 28
7 8 1
11 13 3
6 9 16
7 8 21
1 4 13
5 8 5
4 7 22
0 2 29
18 20 22
22 23 12
8 8 5
12 13 17
20 21 22
2 3 1
11 13 17
6 7 23
10 12 22
6 8 21
17 17 22
21 22 19
18 21 16
14 14 12
5 7 21
13 15 2
16 20 7
23 1 13
22 0 18
23 0 5
10 14 24
8 10 28
11 15 21
19 21 14
23 1 3
6 9 21
5 6 26
19 22 2
15 17 7
8 9 12
17 19 16
15 17 14
4 5 28
3 6 8
4 6 21
13 16 15
17 18 25
13 16 30
0 2 21
0 1 3
23 1 27
9 12 16
7 10 22
0 3 16
16 18 7
13 15 3
12 15 13
4 4 21
17 19 27
14 16 20
22 23 9
23 2 5
2 5 30
7 8 8
2 5 23
11 13 23
12 14 1
4 6 17
9 11 15
5 6 19
6 7 27
6 8 6
5 5 9
21 0 29
16 17 7
14 15 23
17 19 4
11 14 14
23 1 20
7 10 22
10 11 18
22 0 10
0 2 19
7 9 17
9 12 23
1 3 8
5 7 27
11 15 29
22 0 4
3 4 29
2 5 27
1 3 29
5 7 13
9 10 12
15 17 1
4 6 29
5 7 21
3 5 26
5 8 28
23 1 11
22 0 6
14 17 4
2 5 23
16 19 3
11 12 28
3 5 4
20 21 30
23 1 7
16 19 18
16 18 26
11 15 20
23 0 13
17 19 10
17 19 6
9 12 14
13 17 15
2 4 1
12 13 25
15 18 28
16 17 17
8 9 28
15 17 29
18 18 30
18 20 6
16 18 13
14 18 23
1 4 8
20 20 14
16 18 11
4 6 4
3 4 9
1 4 24
13 16 25
1 1 5
17 18 28
4 5 28
19 22 12
2 5 25
19 22 4
14 16 11
21 22 16
18 21 6
23 1 16
19 21 19
23 3 27
19 23 21
17 19 5
8 9 29
7 9 1
0 2 26
3 5 1
2 3 6
12 14 9
1 2 5
22 0 21
19 21 10
21 22 20
23 3 5
2 3 1
10 13 10
21 0 12
17 19 3
3 5 5
2 4 8
13 15 11
18 21 1
22 1 3
1 4 29
5 6 27
23 2 21
10 13 1
17 20 23
8 10 29
0 2 16
11 13 23
19 20 20
18 21 18
7 9 12
8 12 24
18 20 30
0 1 17
0 2 19
21 0 8
18 21 25
13 14 20
1 3 19
11 13 27
23 0 29
17 19 15
20 23 7
8 11 11
18 21 28
3 5 16
20 22 30
10 12 8
12 13 18
19 20 24
19 20 5
21 20 2
2 3 12
9 13 23
5 9 26
18 20 3
20 0 10
5 7 20
12 14 7
2 5 25
2 5 3
22 1 5
19 21 2
16 19 2
5 6 21
17 20 21
22 23 9
13 14 5
20 21 2
15 16 27
2 4 24
0 3 22
17 20 9
12 15 29
2 4 18
23 0 5
14 17 14
10 11 7
9 10 14
22 1 1
1 0 6
3 5 23
22 23 6
9 11 7
15 16 2
3 5 8
2 4 20
2 5 26
15 19 24
20 22 20
15 20 23
3 5 12
1 2 4
12 15 26
15 18 24
19 21 26
11 13 28
6 7 11
5 5 24
18 20 29
12 14 9
6 9 7
23 0 25
23 0 14
3 5 12
18 19 30
8 10 13
5 7 9
12 14 22
22 1 9
6 9 7
21 23 7
20 23 17
21 23 5
0 3 15
5 6 30
20 22 5
11 12 12
22 1 2
16 18 14
12 15 10
13 15 4
23 1 3
22 23 29
17 20 17
16 19 3
19 22 11
8 10 25
23 2 18
20 23 28
2 4 6
20 18 10
21 23 24
4 6 21
13 15 12
21 0 26
18 19 28
5 6 18
6 8 15
8 10 13
4 6 24
16 17 23
16 20 30
13 16 14
0 3 16
13 14 7
13 16 21
1 3 3
23 2 29
18 19 24
1 4 8
21 22 7
4 6 8
4 7 12
16 18 17
11 14 27
19 0 11
2 5 7
5 6 29
14 16 27
1 3 29
4 6 11
9 10 27
20 23 17
21 21 23
11 14 27
8 9 26
19 21 21
20 20 1
4 6 7
0 1 15
13 13 30
9 12 12
6 8 18
14 17 7
3 6 1
10 12 8
18 22 7
16 17 29
9 12 20
18 20 5
12 14 30
1 3 5
8 10 13
17 19 29
5 7 22
17 21 30
21 0 25
12 14 13
13 16 24
2 5 25
21 23 27
4 7 11
4 9 6
6 9 14
4 6 7
19 20 25
8 8 19
11 12 28
22 23 6
5 7 9
0 2 8
6 9 30
7 9 12
18 19 9
1 4 1
15 19 22
4 4 10
14 16 22
15 18 9
23 2 22
10 13 15
8 10 2
4 7 30
21 21 21
21 0 12
8 10 3
19 23 30
6 8 21
20 22 15
8 11 19
17 18 16
14 17 5
19 22 1
1 6 10
0 2 7
22 23 9
18 19 27
23 0 10
18 21 23
18 21 19
11 13 30
6 8 4
22 23 4
14 16 7
21 21 12
8 10 27
1 3 7
10 11 21
1 3 4
6 7 1
15 18 15
12 14 5
1 1 6
3 7 2
4 8 22
7 10 27
15 17 12
12 13 1
15 17 22
19 22 3
23 0 5
10 13 13
2 5 3
20 22 29
9 11 22
18 21 28
7 8 9
0 0 25
23 2 3
2 3 25
11 14 13
11 13 11
3 4 24
1 4 27
21 23 22
0 2 26
13 16 27
5 7 19
0 2 19
8 10 21
5 8 2
22 1 4
14 17 12
6 8 1
0 3 21
20 22 2
5 6 10
5 7 26
8 9 20
3 3 25
21 22 11
18 20 30
4 6 26
20 21 12
10 12 19
0 1 8
10 13 10
11 12 20
14 17 21
13 14 28
23 2 19
17 19 22
10 11 2
21 0 12
4 7 22
16 18 12
18 21 2
19 22 8
17 20 14
4 3 23
23 1 17
9 9 28
12 15 11
11 14 16
17 19 22
10 12 4
19 20 3
23 1 27
4 5 23
1 4 24
11 13 22
21 23 18
8 11 7
21 23 17
22 0 26
11 12 30
18 22 7
7 7 22
9 10 29
4 6 24
21 23 13
11 13 29
8 8 2
16 15 24
10 13 20
20 23 29
8 9 18
16 18 24
9 13 26
22 0 29
9 11 14
16 18 19
14 17 6
12 16 12
3 5 26
12 14 8
22 0 2
22 2 28
21 0 24
19 22 17
18 20 2
14 16 10
5 8 22
3 5 3
11 12 15
5 6 7
14 16 12
5 7 30
18 19 24
3 6 16
21 1 7
5 6 14
10 11 30
9 12 7
1 3 17
16 18 21
22 2 26
14 17 11
8 9 4
22 0 12
18 18 11
5 9 7
4 5 18
16 18 29
23 1 27
2 3 3
16 18 7
23 1 20
14 16 7
21 23 15
14 16 6
17 20 14
14 15 11
19 22 23
19 22 4
16 18 17
23 2 2
20 23 12
6 8 27
20 22 9
0 3 7
13 14 12
10 12 10
14 15 17
22 0 21
16 17 5
3 7 5
6 8 1
16 19 25
15 17 17
0 0 7
3 4 10
6 8 16
18 20 9
13 15 20
5 7 9
16 20 25
21 22 14
19 20 14
12 13 10
21 23 9
16 17 11
14 16 2
7 12 20
23 1 3
18 21 28
8 11 6
5 8 15
1 3 20
7 9 2
21 20 1
10 13 23
0 -1 5
14 15 29
5 7 15
21 23 19
20 22 23
11 12 1
3 5 1
22 22 26
13 15 18
7 10 29
1 2 10
18 22 16
7 8 4
20 21 1
20 22 3
4 6 2
10 11 14
20 22 26
7 11 7
2 4 30
8 10 11
19 22 14
16 18 8
10 13 14
9 10 7
19 19 29
3 5 21
18 20 4
11 14 6
19 23 21
5 8 30
21 0 24
23 1 2
6 7 26
1 3 17
19 20 14
1 4 11
13 16 5
9 12 5
9 11 4
23 23 3
17 19 28
21 23 24
12 13 9
18 20 8
3 4 3
6 10 10
23 1 22
7 9 7
14 15 20
7 10 28
16 17 22
23 3 9
1 4 25
4 6 21
1 3 5
20 22 3
13 13 30
10 12 16
2 3 27
6 8 22
13 15 13
8 10 9
6 10 15
18 21 19
18 19 23
17 19 22
2 4 27
12 14 7
7 7 11
21 1 23
19 21 29
4 6 7
14 17 1
21 22 18
1 4 10
9 10 17
20 21 19
7 9 26
19 23 10
4 7 16
0 3 20
21 0 3
21 22 5
12 13 23
20 21 8
23 1 22
23 0 11
22 0 2
21 0 5
18 21 7
10 12 9
12 13 4
5 7 25
14 16 11
1 2 26
13 13 2
22 1 10
8 10 17
1 3 9
9 12 10
13 15 5
13 14 5
3 5 11
0 3 4
0 2 7
14 18 15
23 1 12
2 5 16
7 7 12
8 10 23
0 0 6
17 20 15
19 19 30
19 22 5
22 0 19
19 20 23
10 13 15
19 20 10
14 15 29
13 15 26
9 11 5
4 5 26
18 19 17
18 17 28
20 21 12
3 5 10
2 5 6
16 17 2
17 20 24
18 21 20
23 2 10
9 10 11
11 14 18
1 4 4
17 19 26
2 4 25
6 8 27
13 15 29
6 8 28
10 12 30
17 19 10
20 22 5
17 19 11
17 20 11
16 20 2
22 1 23
3 6 29
23 1 21
4 5 4
2 5 7
8 12 25
19 22 10
19 22 27
5 7 27
15 16 17
17 18 9
4 6 12
14 15 9
17 19 13
6 9 29
22 0 3
11 12 7
4 6 6
10 13 2
8 9 12
3 5 17
8 9 25
20 23 22
9 8 17
13 16 3
6 10 23
19 21 3
13 13 13
4 5 29
21 23 5
15 17 21
4 8 22
22 1 6
14 16 10
11 12 21
15 16 16
19 23 10
8 11 3
1 3 25
8 7 10
7 8 3
10 13 18
22 1 12
20 21 22
9 12 3
20 1 24
18 20 18
16 17 20
15 18 28
0 1 10
10 13 27
18 20 20
9 10 17
17 18 19
1 4 25
10 12 13
0 1 24
20 22 14
16 21 3
19 19 1
3 6 4
14 17 3
17 20 14
19 21 12
19 21 19
8 11 7
3 5 1
12 15 16
0 2 24
9 11 30
23 0 14
23 2 18
2 4 21
12 14 27
7 12 17
21 23 24
3 6 21
11 13 14
17 21 19
3 4 21
11 15 30
21 21 2
21 22 30
6 10 29
8 10 3
15 17 25
22 22 6
20 22 25
12 14 1
17 20 12
4 6 9
8 9 18
1 -1 17
15 16 22
7 7 11
14 16 27
8 10 6
3 4 10
6 8 24
