560 30
22 21 13 30 27 5 8 15 20 26 30 17 22 5 1 14 26 28 26 4 30 21 7 14 19 30 24 22 8 1 
5 6 7
6 7 7
2 3 10
16 18 4
17 18 2
3 4 15
3 7 22
12 13 14
14 16 14
5 7 19
3 4 17
18 18 4
15 16 6
21 23 22
17 18 4
19 22 14
4 7 20
11 15 8
11 13 12
23 1 13
22 0 13
13 16 1
12 13 29
2 4 25
6 9 8
2 3 30
16 17 11
8 9 29
0 1 7
16 19 26
13 14 26
19 22 9
13 17 17
3 4 20
8 11 26
9 10 11
18 18 5
23 1 24
6 8 16
19 21 19
18 20 15
8 10 4
22 23 27
20 21 26
9 10 11
12 11 30
11 13 5
2 3 7
20 21 30
13 16 3
11 14 27
7 8 28
14 16 4
0 2 17
13 14 22
6 8 10
19 20 9
13 15 15
18 19 27
15 19 23
11 12 12
21 23 2
19 21 18
18 21 16
9 8 4
11 13 26
11 13 1
22 0 5
15 18 19
15 18 29
23 1 17
4 7 18
23 0 16
19 21 16
7 8 11
4 6 2
23 22 1
2 3 13
9 11 11
1 2 18
1 4 5
3 3 22
1 3 12
21 22 15
11 13 23
15 18 9
12 12 2
7 10 15
2 6 27
20 23 26
15 15 8
18 20 20
17 19 22
3 4 6
7 10 12
20 23 11
2 5 15
13 14 1
0 0 29
23 2 22
19 20 9
3 5 21
3 4 10
4 6 7
1 3 18
10 10 28
13 14 5
0 2 2
18 21 20
19 21 8
12 12 3
1 4 21
7 9 20
11 12 5
7 8 4
18 20 17
22 0 1
20 22 15
7 9 12
0 1 29
3 6 27
3 6 30
11 13 14
23 1 26
12 13 29
0 1 7
7 8 29
2 4 1
9 10 6
19 20 26
2 4 29
4 7 29
23 23 9
8 11 4
8 11 21
14 15 12
23 0 28
5 6 11
10 11 4
10 10 14
12 14 21
4 5 12
5 9 6
14 17 13
4 5 4
15 16 3
7 7 4
19 22 27
6 9 8
21 23 4
7 9 26
10 14 29
0 2 25
18 20 25
11 13 26
2 4 21
6 7 23
3 5 19
8 10 10
14 15 27
10 12 19
13 15 12
2 4 26
18 20 18
13 15 8
8 9 10
2 5 13
10 10 1
21 23 16
16 16 7
6 7 2
9 13 1
11 13 24
9 11 18
4 6 18
8 9 18
1 3 13
8 11 15
6 11 2
22 0 2
23 2 21
19 21 16
22 22 5
1 2 29
23 1 19
13 13 3
4 5 24
17 20 12
14 16 12
1 4 14
2 4 14
16 17 3
4 6 3
7 9 8
1 4 10
15 18 14
6 9 27
1 2 23
6 9 28
5 6 4
10 12 10
2 3 16
6 8 23
6 9 20
16 17 12
1 4 1
0 2 5
10 13 3
21 22 17
6 8 29
19 20 21
0 1 1
14 16 13
20 22 10
11 11 8
12 11 19
5 7 7
9 12 25
13 15 10
23 3 5
15 16 14
18 20 7
16 17 1
1 4 29
18 21 29
12 12 4
3 3 8
11 12 5
6 9 1
12 13 7
5 8 15
12 15 14
1 2 2
9 10 4
7 10 30
22 0 26
3 6 22
23 1 5
22 1 23
13 14 20
3 5 3
8 9 8
1 2 20
4 5 3
19 21 8
8 7 3
13 16 17
20 22 27
10 11 20
6 8 20
7 8 4
2 3 28
19 22 27
13 15 9
18 20 3
13 15 22
19 22 24
17 19 14
4 7 10
11 14 12
3 5 28
2 5 18
11 13 5
14 15 24
19 21 9
20 22 22
1 2 8
10 12 25
22 23 11
6 8 2
18 20 8
12 13 29
10 13 10
11 14 30
2 4 4
19 22 15
1 5 24
18 20 6
11 13 28
18 20 27
12 13 14
22 1 16
12 14 16
3 5 13
1 0 4
17 17 4
1 2 19
5 7 11
18 22 28
0 2 5
1 3 24
21 22 16
5 7 2
20 21 4
5 6 24
21 23 26
23 1 4
9 10 29
12 14 1
8 10 12
3 2 5
9 11 18
14 17 14
17 20 22
4 4 24
15 17 19
9 10 10
5 7 28
18 21 23
3 6 11
13 15 17
12 14 9
1 4 2
9 11 7
14 15 22
10 11 2
7 10 19
3 6 29
3 5 15
6 6 22
13 16 6
7 9 30
7 8 28
10 12 8
19 21 24
12 13 3
16 17 7
22 23 21
14 16 15
15 18 20
8 10 4
10 13 19
9 11 27
9 12 28
2 5 21
17 20 20
8 11 17
0 1 11
0 2 30
22 23 13
2 6 15
19 22 11
12 13 15
19 19 25
18 21 14
3 6 12
2 6 2
22 1 27
13 15 19
8 11 8
20 23 28
21 23 1
11 13 29
17 17 18
23 2 22
16 18 2
23 1 13
1 2 19
20 23 15
10 12 28
3 6 7
1 3 8
20 0 10
11 15 10
11 13 26
19 20 3
15 17 10
6 8 27
17 20 2
6 8 29
3 5 4
13 17 29
23 0 27
15 16 1
16 20 15
20 23 8
17 20 3
0 2 12
23 1 14
22 1 1
19 23 6
8 11 19
15 18 18
19 19 16
3 6 8
1 3 15
8 9 2
13 14 3
0 3 21
18 19 8
4 7 17
15 15 18
4 6 25
14 16 15
8 8 24
23 3 6
1 1 3
5 6 11
13 15 11
1 0 30
1 3 8
17 19 3
1 5 20
6 7 26
23 2 14
22 1 8
14 18 5
7 8 21
19 23 19
20 22 17
23 1 13
11 13 22
14 18 14
16 18 4
7 9 19
6 11 17
9 11 28
7 9 24
6 9 25
12 16 1
0 2 11
1 4 13
4 4 13
13 16 29
8 9 6
21 23 5
13 15 29
16 18 1
9 12 12
19 20 23
22 23 20
15 17 13
12 15 6
11 12 3
7 7 25
16 18 29
21 21 26
0 2 3
6 7 30
14 15 13
12 14 8
8 11 12
7 10 14
22 0 24
13 17 13
10 12 22
6 7 30
19 21 4
16 17 15
15 18 12
3 5 7
18 21 20
2 3 21
16 17 7
8 9 10
17 17 24
19 21 2
15 16 7
3 4 26
14 16 16
9 10 2
12 14 10
3 5 15
11 13 2
8 10 25
14 15 12
20 22 6
7 9 14
23 3 24
13 15 27
18 19 30
22 1 16
13 16 22
8 10 29
21 22 16
16 18 9
0 2 18
18 19 13
10 13 5
11 14 13
21 22 6
8 9 10
10 11 13
8 10 16
22 0 2
14 17 14
2 3 8
8 9 22
12 14 14
20 20 16
13 14 22
3 6 15
5 7 5
2 4 29
7 10 1
21 1 22
17 18 30
22 0 17
10 12 11
3 3 23
11 10 4
1 3 10
19 19 19
5 8 1
16 19 19
16 20 5
13 15 29
14 15 30
9 12 11
7 9 11
16 17 28
1 3 12
21 0 25
4 7 1
8 11 15
3 6 5
4 6 2
14 15 26
1 2 30
2 4 10
18 20 5
3 5 1
11 11 9
2 3 5
13 14 16
21 0 11
21 23 18
19 22 25
9 9 16
21 22 23
23 1 18
4 5 16
5 5 13
11 12 29
13 15 1
11 13 23
7 9 25
0 2 2
2 6 10
10 11 28
8 9 28
23 0 23
0 3 27
16 18 8
17 18 14
20 22 25
2 3 20
21 1 27
8 9 1
1 3 9
23 3 23
6 8 7
1 2 27
18 19 8
15 17 22
0 3 7
6 8 2
10 11 12
13 13 18
3 6 19
