60 30
16 18 18 26 10 16 25 14 19 26 21 26 9 11 9 26 27 1 7 24 24 2 4 17 27 18 12 7 23 7 
17 19 27
17 19 6
14 15 22
3 5 23
18 21 3
8 11 13
20 22 27
5 8 4
15 17 18
19 20 29
7 8 26
21 0 20
8 9 21
1 4 15
10 13 19
10 10 6
12 14 22
6 7 6
21 0 27
12 14 4
20 22 17
12 16 12
11 14 4
6 6 28
4 9 29
3 6 26
9 11 27
4 5 28
23 1 2
13 16 13
10 11 20
19 19 4
11 11 30
20 21 12
14 18 7
8 9 13
21 22 20
5 6 21
1 4 8
10 12 18
5 7 30
20 23 15
6 8 17
11 13 20
6 8 15
13 15 12
23 0 26
20 22 6
15 19 3
14 17 16
18 19 27
2 3 17
10 12 25
11 13 19
5 7 18
13 15 18
9 10 16
22 2 1
17 19 24
22 0 23
