6030 30
22 17 13 4 27 3 23 18 18 5 21 26 28 1 25 27 14 1 28 28 30 8 10 4 26 20 1 30 5 16 
8 10 6
7 9 5
12 14 1
15 15 19
7 10 21
11 12 28
10 12 5
7 9 2
19 20 13
5 7 27
0 2 11
7 8 2
14 16 7
15 17 26
23 0 13
20 22 7
21 23 15
12 14 25
22 23 12
19 22 10
20 21 17
10 11 27
13 14 30
4 6 15
18 19 27
6 6 8
14 16 23
16 17 14
1 5 27
3 5 3
7 6 5
13 13 16
22 1 29
1 3 21
12 14 1
23 0 21
16 16 1
21 22 20
19 20 17
10 12 18
18 20 11
1 3 9
19 22 18
20 23 7
9 11 22
20 22 5
19 22 20
2 3 6
6 8 27
15 17 16
0 1 20
7 8 10
13 16 10
16 19 5
3 7 23
23 0 8
23 2 25
22 23 15
16 17 4
12 13 8
17 19 18
19 21 14
20 21 26
3 5 29
2 5 16
7 9 8
21 23 22
21 22 5
13 16 4
5 7 2
1 4 16
6 8 3
2 3 17
18 20 27
4 6 1
2 4 17
6 9 1
9 12 12
18 20 5
12 13 23
21 22 21
13 13 20
9 12 22
5 7 10
12 14 13
19 21 27
3 9 12
12 13 14
23 0 9
2 4 16
12 15 9
10 12 24
19 19 10
23 1 21
3 5 3
3 4 10
4 3 6
8 10 14
3 6 2
6 8 11
12 15 6
17 19 29
16 19 11
22 0 9
2 3 17
12 14 1
4 8 11
1 3 10
21 0 13
0 2 2
9 11 17
8 9 21
3 6 13
23 2 2
18 19 10
0 0 15
6 7 30
21 23 12
19 21 21
11 14 26
1 1 3
16 17 15
19 21 5
8 11 10
0 3 18
23 23 29
20 22 26
6 8 3
1 2 9
15 17 13
7 9 1
17 19 22
22 23 26
21 23 18
5 8 26
2 4 10
15 17 3
5 8 22
1 3 7
16 18 6
17 18 19
20 22 26
16 19 20
1 4 9
8 11 19
5 6 27
15 17 13
3 5 23
11 16 17
20 23 27
17 20 19
12 15 28
3 5 10
4 6 24
11 13 1
19 21 17
21 0 24
14 16 14
14 16 13
9 10 11
5 7 26
16 20 22
3 6 12
8 11 12
19 20 15
17 21 19
3 6 20
9 12 7
1 2 4
13 14 21
13 16 7
17 21 23
23 4 27
7 9 3
1 2 21
3 5 11
6 7 29
4 6 3
23 4 22
22 1 16
15 15 10
3 6 17
3 5 28
8 9 8
3 5 29
21 22 13
16 18 21
13 14 3
13 14 15
4 7 20
5 7 7
4 7 3
2 4 25
6 9 7
9 10 30
5 7 4
3 5 17
18 18 9
7 9 6
17 20 30
7 8 25
11 13 9
6 9 10
22 23 15
7 8 24
16 17 1
2 3 30
18 20 14
3 4 30
11 13 12
22 0 21
3 5 7
23 1 12
10 13 24
14 17 11
14 16 17
0 3 11
7 8 25
17 18 28
5 5 11
12 15 25
17 18 15
6 8 21
14 16 12
8 7 1
4 4 8
1 3 6
8 10 16
4 5 27
10 12 24
3 3 11
21 23 1
8 11 19
10 12 11
2 4 9
23 2 4
12 14 11
6 7 10
9 13 10
12 14 14
6 10 16
0 3 3
18 19 26
15 18 27
11 13 7
16 19 24
10 9 21
11 11 22
21 22 3
3 6 30
10 12 9
4 6 26
13 15 12
11 12 18
8 10 24
6 8 17
21 0 17
5 6 14
2 2 3
8 9 20
1 4 3
4 6 18
15 18 2
9 11 25
17 18 13
2 3 4
17 21 2
1 3 22
1 2 18
17 18 25
10 11 19
23 0 13
21 21 10
15 19 25
15 17 3
1 2 26
3 5 3
8 9 17
18 19 27
16 19 10
10 12 28
1 3 23
12 15 5
23 2 12
6 8 22
5 7 1
21 1 22
10 13 4
0 2 8
19 22 9
9 11 18
0 2 23
7 10 22
5 6 4
6 7 9
1 2 21
15 17 11
17 17 5
11 13 8
7 8 28
10 13 17
5 8 24
9 11 20
13 16 28
22 23 14
6 8 22
22 21 25
3 4 12
15 17 28
22 23 10
1 3 22
3 4 9
22 0 25
9 13 12
14 17 17
7 8 19
22 0 7
21 1 18
3 5 26
10 12 1
23 1 15
11 12 26
15 16 26
19 21 13
5 6 29
21 22 17
1 3 29
5 8 3
10 11 12
17 20 30
1 3 19
6 9 5
22 1 1
10 11 23
1 2 16
14 15 22
5 8 18
17 19 24
3 5 28
6 9 1
18 19 4
8 11 12
10 11 4
6 8 13
13 15 11
9 10 14
18 20 27
8 10 6
5 8 27
5 7 26
6 9 3
12 14 29
12 15 10
1 4 25
3 5 30
0 2 7
0 3 16
13 14 2
17 20 12
21 22 11
15 17 23
12 14 7
11 12 28
7 11 10
12 13 4
12 14 18
18 20 23
1 2 7
22 2 11
21 0 26
14 16 15
16 20 8
9 11 15
17 19 8
2 4 12
7 10 22
8 11 27
17 19 29
22 0 8
5 6 19
10 12 14
5 5 27
11 14 26
2 4 18
18 20 6
0 2 1
9 13 6
15 17 27
13 14 2
21 22 24
19 22 25
22 1 16
3 4 3
19 22 20
17 19 5
9 10 7
4 6 18
20 22 6
16 19 16
15 17 19
6 6 30
16 19 26
10 13 27
11 12 9
19 21 24
4 5 16
1 3 22
5 8 8
16 19 28
14 17 27
13 15 18
6 8 27
13 14 15
19 21 14
12 13 25
7 11 24
15 18 3
21 23 20
13 16 18
4 7 8
19 21 29
6 9 23
6 6 5
19 20 1
19 21 25
6 9 12
5 6 17
16 19 22
20 23 3
10 14 3
16 20 28
9 11 26
23 1 16
13 15 1
2 3 24
21 23 14
17 18 10
17 19 27
6 9 18
5 8 23
8 11 28
2 4 7
3 7 6
22 1 16
21 22 8
18 21 15
18 20 28
17 19 17
8 10 7
7 11 1
3 6 7
16 17 27
9 9 29
8 9 8
23 2 22
10 12 5
3 5 21
8 9 24
20 21 27
20 22 2
8 9 22
13 16 25
2 5 12
8 9 5
19 21 15
20 23 6
1 3 5
2 5 12
16 17 7
4 6 16
22 23 9
9 11 19
23 0 7
10 12 16
4 8 21
20 21 25
2 3 28
4 5 20
20 22 13
12 15 13
9 11 15
8 11 8
4 6 2
7 9 30
20 1 18
22 1 10
15 18 24
13 16 22
13 14 3
13 16 21
21 22 28
1 4 7
23 2 14
13 16 6
4 6 17
8 10 16
22 22 19
7 10 7
11 14 1
3 6 24
23 1 2
12 13 29
9 11 24
3 4 25
15 18 27
5 9 30
22 1 20
0 2 26
1 5 12
1 4 10
14 15 18
7 9 16
13 15 1
9 11 3
20 23 13
16 16 5
21 0 22
21 21 28
7 9 2
15 17 30
1 5 4
15 17 3
3 6 13
23 1 10
12 13 3
16 19 30
5 8 9
2 4 28
1 3 7
1 2 1
2 4 28
18 20 9
9 12 24
18 18 25
18 19 23
6 9 28
23 23 8
19 20 8
4 6 8
15 18 27
4 7 1
0 2 3
15 17 22
14 16 10
20 21 20
18 19 21
5 8 15
7 9 27
6 8 28
7 11 16
21 0 23
20 22 22
7 11 29
22 0 13
12 12 25
15 17 30
5 7 25
2 4 2
17 19 8
6 7 29
15 17 12
4 7 18
4 6 17
12 13 8
8 9 6
14 17 6
15 15 28
11 13 24
15 16 5
8 9 12
20 22 18
15 18 8
8 9 1
2 4 20
16 19 14
11 14 27
23 2 4
13 14 13
8 11 13
14 17 23
9 11 6
16 17 22
7 8 17
12 15 14
0 3 7
2 5 14
11 13 16
5 6 15
18 20 10
7 9 17
13 16 11
4 7 2
11 13 24
4 7 23
8 8 2
11 14 21
14 17 24
23 3 5
21 0 27
17 19 8
16 18 28
23 1 12
5 5 3
21 1 28
22 23 17
21 22 9
4 7 6
23 1 24
1 2 20
23 2 15
10 12 6
1 4 19
5 5 18
20 22 4
0 1 24
21 22 5
13 15 10
8 9 28
10 10 1
14 17 19
20 23 26
23 1 30
22 0 20
14 16 16
2 5 28
1 2 27
1 3 24
19 22 2
17 19 18
13 15 5
10 12 13
6 7 15
12 13 6
3 6 8
21 23 22
22 1 18
4 7 21
9 12 19
23 1 25
20 21 1
20 22 27
22 1 29
12 13 22
1 3 8
1 3 14
4 6 19
13 16 24
13 14 23
10 12 2
15 17 22
7 9 30
3 6 14
14 16 15
4 4 27
18 20 25
1 3 27
22 1 1
8 8 9
15 16 16
8 11 29
12 13 2
0 1 1
19 22 28
11 11 8
2 5 22
13 15 28
0 3 5
11 12 17
13 14 14
17 20 14
18 22 27
9 11 6
15 18 1
17 20 2
0 2 30
4 4 6
3 7 13
16 17 15
17 18 16
23 3 6
7 10 23
7 8 26
21 23 17
9 11 23
22 1 22
21 22 4
3 4 4
3 5 30
12 11 11
19 20 27
3 5 5
3 5 17
3 6 24
11 13 29
0 1 18
17 20 28
6 9 15
9 11 20
15 16 28
10 12 9
6 7 6
22 23 15
8 12 4
3 4 3
18 19 3
21 0 6
15 17 1
6 8 2
15 16 1
0 3 25
16 19 10
3 4 3
2 4 22
8 8 15
13 16 1
7 9 2
8 9 13
9 10 1
22 0 13
12 14 21
17 19 23
1 2 13
18 23 1
5 5 16
20 21 15
4 7 24
14 17 30
3 6 22
23 3 6
19 22 15
4 7 8
15 16 10
13 16 8
20 23 11
20 22 25
3 5 4
18 20 18
11 12 18
15 16 28
2 4 27
5 6 12
18 21 23
12 13 17
11 13 17
5 6 23
11 13 15
21 22 21
15 18 8
15 15 23
5 7 5
2 3 28
3 5 15
1 3 26
13 14 15
3 5 11
9 12 20
5 6 10
21 23 13
20 23 19
0 1 18
17 22 29
20 21 8
8 8 28
15 18 29
11 14 19
2 3 10
3 5 8
3 3 28
4 6 25
17 17 13
5 10 11
17 19 17
6 6 26
1 4 11
22 0 30
11 13 2
5 6 11
9 11 28
13 16 22
9 10 6
8 10 13
22 0 19
12 14 26
5 7 19
19 22 24
5 6 29
0 3 23
6 8 1
20 22 27
23 1 8
4 7 21
23 2 14
9 13 9
7 9 9
20 20 3
12 12 13
9 10 24
17 19 15
11 13 16
14 17 30
8 10 10
8 10 22
17 19 20
6 9 20
3 4 22
6 9 26
11 12 4
20 23 14
5 7 2
7 10 2
7 10 18
13 14 18
23 1 4
4 7 15
2 4 7
14 15 8
6 8 28
22 0 27
23 1 29
11 14 13
10 12 12
7 8 11
0 4 19
12 16 26
1 2 18
14 16 1
8 9 30
12 16 30
1 2 30
14 14 28
19 22 8
16 18 18
23 0 16
21 0 20
7 9 12
21 23 19
23 0 22
7 8 24
19 21 25
10 11 8
15 18 19
10 12 5
19 19 5
11 11 7
16 18 23
11 11 10
0 0 30
4 5 17
13 15 16
21 0 9
13 15 18
21 23 1
11 12 16
15 16 20
7 10 20
3 4 16
19 22 25
16 19 20
21 21 10
18 20 3
7 8 16
4 4 6
13 15 26
13 14 29
1 2 26
17 19 13
4 6 15
14 17 16
11 14 1
21 23 10
7 8 15
11 12 8
14 15 23
14 17 11
18 20 22
0 3 13
21 23 5
17 19 23
9 11 19
17 20 29
4 6 10
21 22 29
1 3 28
4 4 11
3 5 25
2 4 12
8 10 3
5 7 4
10 11 30
9 11 17
23 0 8
1 1 18
10 11 3
17 18 17
12 14 24
2 3 30
0 2 25
10 12 29
1 2 23
23 3 4
5 9 8
15 19 5
6 9 21
1 2 14
13 16 17
21 23 1
9 10 20
17 20 9
11 13 19
19 22 26
9 10 13
12 15 5
10 14 28
22 0 29
23 1 25
21 23 5
16 17 19
6 6 19
5 8 7
4 6 11
22 23 25
0 2 7
23 2 25
13 16 20
4 5 30
13 14 17
8 10 20
14 16 30
21 0 19
19 19 10
20 21 11
5 7 16
4 6 16
8 9 5
19 22 12
9 10 21
13 15 6
21 0 1
15 16 29
7 9 23
21 0 4
3 5 12
17 21 25
18 21 21
9 11 18
23 0 13
10 13 19
1 4 23
22 1 14
6 8 26
20 21 7
6 8 27
21 0 25
15 17 1
1 3 8
22 0 5
23 2 18
10 12 5
13 15 20
1 2 26
2 3 4
11 13 10
3 5 17
16 18 8
19 22 30
6 7 14
16 17 18
19 22 17
23 1 2
17 17 15
13 15 15
22 0 7
20 23 4
2 4 21
17 19 19
21 22 28
16 19 26
12 14 27
5 7 24
14 17 26
5 8 8
22 0 3
3 5 5
9 11 17
21 22 13
9 10 28
11 13 25
0 1 14
5 7 17
20 22 27
8 11 19
3 5 12
6 6 19
20 22 1
3 4 4
11 13 1
8 10 21
5 7 23
0 3 16
17 17 9
23 2 27
17 18 25
21 22 18
3 4 22
0 1 30
18 20 20
15 17 25
15 17 29
16 17 28
3 6 29
12 14 16
3 5 20
7 10 24
4 5 28
14 17 27
9 11 25
15 17 1
9 11 25
3 6 25
18 20 6
9 12 27
3 6 19
7 8 8
5 6 26
4 7 19
3 5 10
14 15 14
6 8 13
11 11 15
4 6 24
17 19 30
11 13 13
9 11 5
14 17 19
7 9 3
21 1 2
21 22 16
6 8 21
2 4 6
10 14 17
19 21 27
4 7 15
9 10 29
17 19 14
23 0 9
10 12 22
1 5 28
7 9 14
3 5 16
15 18 5
3 7 13
10 12 3
5 7 28
5 7 10
4 6 11
22 0 19
23 1 1
1 3 11
9 12 21
7 8 10
0 2 13
13 14 9
17 20 11
12 13 11
2 4 17
15 17 13
10 10 12
10 13 17
6 8 24
1 2 10
21 1 1
10 11 24
15 16 16
9 10 10
22 23 18
3 6 24
20 23 17
11 14 9
21 23 30
23 2 19
18 19 18
11 14 10
14 16 7
10 11 9
13 16 7
15 18 14
19 21 28
0 3 15
0 2 22
1 5 30
21 21 30
15 16 1
19 20 20
6 8 11
14 13 30
17 19 30
15 16 20
7 9 27
22 0 10
5 6 5
18 18 7
9 12 19
19 22 29
12 15 22
4 6 7
0 2 14
9 11 18
2 3 1
9 11 19
17 20 20
17 18 26
11 14 21
16 19 15
15 16 18
20 22 11
14 16 22
8 10 6
23 23 18
11 13 16
22 0 17
11 15 19
20 0 29
19 20 11
20 21 21
5 7 16
6 7 10
7 9 25
11 14 3
17 19 23
17 20 4
20 22 12
6 7 9
2 3 2
1 4 28
22 0 20
14 16 17
21 22 29
21 22 29
1 2 2
17 18 22
12 12 1
10 12 9
2 3 5
23 1 27
8 10 8
2 4 17
16 18 26
9 10 2
3 6 23
16 19 16
17 18 17
10 13 18
22 2 21
16 17 3
17 20 13
16 17 17
18 20 24
7 9 15
5 8 1
20 21 12
23 2 13
3 4 28
13 16 19
15 19 11
15 17 18
10 13 18
7 9 2
3 5 13
17 18 13
14 14 21
12 11 2
18 21 14
19 21 11
2 4 18
14 16 19
0 2 6
2 4 29
23 1 22
17 19 28
19 21 11
12 14 28
5 7 17
16 19 10
0 2 10
21 1 22
11 12 21
16 20 21
6 7 16
20 21 19
11 12 5
9 10 25
3 5 17
23 0 6
0 1 30
13 15 27
3 6 22
10 11 3
3 4 24
22 23 21
7 10 1
23 1 20
14 16 24
17 19 4
18 20 29
19 20 20
2 5 24
11 11 19
12 12 6
18 19 12
12 13 2
6 9 23
17 19 21
22 21 17
23 1 18
4 6 19
17 20 20
5 6 25
17 17 27
3 3 18
15 16 10
20 21 18
22 0 10
1 3 3
0 2 7
12 14 1
14 17 21
1 4 4
15 18 6
7 7 7
4 7 21
9 12 28
2 6 14
17 19 26
21 22 29
4 6 29
18 18 27
20 23 13
23 1 28
17 20 16
6 8 18
13 16 2
22 1 19
5 7 3
19 20 29
9 9 26
21 22 4
12 14 10
0 3 2
17 20 17
22 23 22
2 5 10
23 1 28
21 22 9
23 1 23
14 17 15
23 1 10
19 21 27
12 14 1
14 17 6
19 21 23
23 0 19
10 11 3
1 2 1
3 7 13
3 4 23
16 17 7
19 21 23
23 2 26
10 11 2
14 15 19
23 2 25
1 1 2
20 21 5
12 15 17
18 20 7
2 3 21
20 22 12
10 13 6
17 19 30
6 8 29
15 18 15
18 20 19
11 13 14
1 1 3
0 2 3
4 7 28
7 9 5
2 3 27
22 1 7
19 22 22
18 19 12
21 0 2
14 14 16
9 10 11
2 4 13
23 1 23
6 8 14
4 7 11
18 20 22
10 11 27
19 21 18
20 22 4
8 10 11
3 7 12
7 9 28
19 20 4
2 3 20
16 18 14
5 9 9
4 7 20
16 17 22
2 3 26
18 20 5
20 23 28
6 8 1
6 7 20
5 7 30
20 20 1
3 6 4
16 17 30
6 9 20
16 18 7
14 15 23
12 13 30
19 23 21
1 1 14
20 21 24
6 8 1
15 18 10
10 13 9
23 2 14
10 12 2
6 8 14
10 13 20
13 15 5
18 20 12
16 18 15
18 20 7
7 8 19
2 4 2
2 5 18
9 13 13
17 19 8
21 1 2
17 19 29
5 7 29
12 16 19
5 7 19
6 7 16
16 17 23
6 7 21
11 12 5
7 10 15
21 23 10
2 4 20
8 9 26
0 1 14
13 15 28
4 6 10
23 1 20
12 16 18
16 19 11
7 7 20
6 8 10
11 10 22
16 17 16
21 1 20
1 3 7
11 14 7
4 5 14
21 23 12
13 15 26
9 12 22
3 5 26
14 16 11
0 2 30
23 0 8
19 20 19
23 1 8
17 19 30
11 13 26
8 11 26
4 6 22
23 3 16
15 15 15
2 4 29
1 3 2
13 15 1
6 8 23
8 9 7
7 10 5
20 22 12
3 6 24
0 2 27
22 22 16
12 12 28
2 4 4
11 13 9
16 17 2
9 11 16
2 3 22
13 15 26
21 23 2
5 7 14
0 2 4
18 20 1
17 19 26
20 1 22
22 23 22
17 20 23
23 0 3
9 9 16
10 12 17
23 1 14
13 17 27
4 7 4
9 13 20
12 14 1
10 11 12
1 3 19
12 14 2
9 11 24
19 22 16
19 22 5
22 23 18
21 23 12
2 4 18
16 18 16
6 10 5
20 22 19
10 11 16
20 20 22
2 5 13
13 11 18
6 7 11
20 21 28
5 6 19
14 16 12
13 16 6
12 14 22
14 17 22
20 23 14
20 21 20
22 0 22
13 15 1
19 20 14
2 3 27
19 22 19
4 6 3
22 0 20
8 10 11
9 11 11
12 14 23
17 18 5
3 5 4
13 17 11
8 11 15
16 17 4
10 13 9
0 2 8
22 0 6
21 23 9
17 17 10
18 21 4
0 3 8
21 23 9
11 13 15
23 1 21
7 8 24
14 16 13
15 17 18
13 14 20
18 19 2
8 9 24
2 4 1
22 0 5
20 23 1
15 16 6
13 14 13
2 5 5
23 1 28
1 4 16
23 0 1
22 0 8
1 4 26
4 5 27
7 8 12
14 17 15
5 9 5
11 12 21
20 22 29
8 12 27
9 11 7
0 0 26
22 0 10
17 19 1
13 11 15
14 17 18
1 3 5
20 20 20
14 16 11
3 3 3
4 7 1
20 23 2
9 11 27
14 16 5
21 23 20
6 8 13
6 10 6
6 9 14
0 3 24
21 23 2
5 8 19
6 8 18
6 7 23
23 23 6
14 15 22
2 4 28
2 3 28
14 16 25
13 15 1
21 0 19
5 7 26
4 6 4
18 22 4
18 19 26
2 3 23
19 19 3
7 9 7
12 15 28
13 15 22
20 22 1
21 23 18
10 11 17
15 15 3
17 19 12
5 7 14
23 0 14
15 16 24
20 21 8
23 0 11
15 18 24
23 1 10
13 15 28
2 3 23
6 9 21
0 2 10
0 4 3
22 23 2
19 20 13
15 18 8
8 11 22
23 2 23
19 22 23
8 10 14
1 3 27
23 23 22
15 20 27
16 19 6
1 2 16
14 14 2
12 15 10
19 21 30
17 19 14
22 0 19
3 4 1
3 4 26
17 19 27
0 1 25
17 20 4
23 3 26
0 1 30
16 19 27
4 4 3
9 13 7
15 18 30
8 10 3
9 11 12
6 10 12
19 21 28
0 4 12
20 21 8
1 3 28
13 16 14
15 15 17
23 1 5
11 12 22
6 9 12
9 10 24
5 6 6
13 16 4
3 5 11
3 4 23
16 21 15
17 19 2
2 2 16
14 17 7
2 4 23
17 19 2
7 9 13
2 4 25
6 9 19
5 6 26
5 8 1
10 11 12
7 8 22
5 7 23
3 5 22
14 16 18
18 21 28
1 3 7
2 5 1
11 14 3
23 23 30
0 2 24
16 19 10
11 11 9
7 8 18
0 2 11
10 12 6
15 17 18
8 10 14
5 8 12
1 3 20
19 22 11
23 1 24
6 9 23
8 10 23
3 4 1
4 6 20
5 7 6
14 15 4
8 11 26
14 15 3
6 8 6
21 23 30
17 19 10
4 5 16
19 21 7
22 23 2
11 13 8
4 7 3
20 21 14
5 7 5
9 9 10
17 20 25
7 8 11
13 15 1
17 20 27
5 6 16
6 10 18
15 18 12
19 21 14
2 5 5
8 11 10
9 12 11
6 9 3
6 8 4
0 1 11
18 21 22
10 13 13
12 13 23
14 16 11
9 12 1
17 20 9
15 16 3
2 4 11
19 19 3
1 5 1
12 14 3
0 2 18
10 12 9
17 19 6
21 0 8
8 9 15
9 10 22
0 2 18
19 22 26
11 12 7
23 2 14
8 9 14
9 12 4
2 5 10
17 20 8
5 8 30
16 19 18
22 0 10
14 16 22
11 12 1
22 22 4
21 0 5
14 16 5
22 0 25
19 21 17
22 0 12
23 3 13
4 6 23
21 1 11
12 13 10
3 3 27
11 15 3
14 16 11
23 0 28
19 21 12
16 19 18
19 23 3
17 19 28
10 12 3
12 15 15
11 11 12
16 19 22
2 3 8
21 21 11
12 13 23
9 11 7
17 20 25
21 22 24
7 9 16
0 2 15
17 19 22
1 4 29
16 19 8
18 22 2
2 5 7
0 0 7
18 19 16
10 11 1
6 7 1
16 17 14
6 7 3
7 10 11
18 18 17
2 4 22
1 4 19
18 18 10
0 3 18
10 11 2
4 5 18
1 3 29
8 9 27
22 0 20
6 8 7
3 4 19
10 13 23
7 8 11
0 2 28
13 14 6
13 15 9
21 23 11
21 0 19
20 21 23
11 15 6
13 14 19
17 21 20
11 13 4
1 2 17
9 14 21
14 14 8
9 12 17
12 16 10
14 16 18
17 19 5
4 6 7
5 7 15
0 2 10
21 0 6
6 8 17
13 16 2
15 17 11
5 8 11
15 16 7
9 11 27
8 10 14
9 9 16
21 23 28
6 8 28
3 6 2
0 3 6
17 18 28
19 21 9
2 2 16
12 14 25
15 15 19
1 4 20
8 10 14
12 15 30
20 0 13
16 17 8
1 3 5
11 14 23
1 3 24
18 21 28
6 9 18
6 8 27
20 22 3
19 21 18
18 20 14
9 11 27
9 9 12
0 3 23
6 8 9
2 4 14
19 21 12
11 14 17
11 13 18
15 17 27
10 13 6
12 13 12
11 13 7
22 0 22
16 18 4
22 0 22
23 1 24
10 13 9
4 4 18
16 20 15
6 9 14
14 17 12
16 18 18
20 22 24
5 7 6
4 6 24
0 2 30
4 7 23
8 11 6
8 9 9
14 17 29
23 3 6
14 17 13
1 2 16
11 13 17
17 21 28
20 21 20
6 9 23
3 5 27
20 21 9
17 19 20
12 13 14
20 23 12
16 19 17
4 5 8
3 4 23
8 11 11
1 3 23
11 13 29
9 11 30
0 1 29
1 4 28
18 19 4
15 16 28
2 4 8
4 7 7
12 12 1
3 5 21
2 5 16
17 17 13
22 0 24
5 6 26
10 13 8
0 2 24
3 6 27
5 7 11
17 19 15
14 16 10
4 5 30
18 20 6
7 10 23
3 5 18
20 1 14
19 21 3
13 16 4
23 2 19
17 20 2
8 11 20
6 8 29
15 16 15
7 10 21
12 14 15
11 13 17
15 18 20
19 20 17
12 15 24
11 12 1
3 3 19
7 8 4
1 3 21
6 7 13
20 22 6
18 21 6
7 8 22
18 19 24
3 6 4
18 20 21
8 10 4
6 8 30
18 21 8
8 11 10
5 8 5
2 4 12
23 2 20
19 20 21
18 19 3
10 13 26
10 12 21
5 7 12
4 6 8
5 6 2
16 19 14
17 18 21
0 2 1
5 9 9
5 6 13
6 8 19
9 11 15
18 20 5
5 8 1
4 6 5
0 2 15
5 6 16
15 16 21
17 20 14
1 4 20
20 22 11
14 15 10
19 22 13
14 15 19
12 14 14
6 6 25
11 12 12
17 20 14
13 16 11
21 0 18
16 18 28
9 10 16
23 2 25
1 4 18
7 9 24
22 1 22
21 23 2
5 9 15
19 22 27
0 1 23
18 20 29
5 7 15
8 11 26
17 20 12
17 19 7
17 20 11
15 17 29
3 5 11
13 13 5
0 1 23
16 19 20
21 20 19
13 15 5
11 14 9
20 21 12
18 19 15
20 21 9
3 4 7
10 11 5
6 9 18
14 14 22
17 21 11
12 13 16
9 10 12
18 20 27
11 13 8
0 2 12
10 11 4
18 19 13
6 8 26
18 19 9
9 11 3
2 4 30
12 15 13
5 7 21
5 8 30
17 19 12
1 3 11
23 1 13
13 14 7
15 18 27
0 2 23
20 22 2
20 0 13
12 14 3
13 14 14
14 17 26
2 2 2
20 21 23
19 21 24
22 0 19
19 21 8
2 3 17
20 23 2
2 4 12
19 21 26
10 12 28
20 22 12
18 18 13
6 7 12
9 12 6
0 2 18
5 8 4
15 16 18
6 8 17
22 0 13
0 2 7
14 15 10
22 23 11
11 12 10
20 23 1
17 19 7
17 17 13
21 21 27
8 10 15
7 11 17
16 17 19
15 18 8
21 23 13
20 21 19
3 4 1
5 8 19
18 19 6
13 15 2
7 9 11
1 3 10
6 8 30
8 12 4
15 15 10
3 5 2
17 19 12
11 11 22
10 13 25
16 18 9
3 5 23
2 5 16
2 4 4
22 22 15
17 19 29
8 11 14
5 7 23
17 19 4
21 21 4
6 8 27
8 9 26
6 8 9
22 1 19
9 10 24
16 19 11
0 -1 14
2 6 17
16 19 24
9 13 1
20 21 8
22 0 11
4 5 21
0 1 26
8 11 3
22 0 15
9 12 24
12 14 22
1 3 29
19 23 12
10 12 12
16 17 13
7 10 14
16 18 5
1 3 14
16 18 3
22 0 18
18 20 9
17 18 5
16 18 8
8 9 4
1 3 1
6 9 24
2 3 9
4 5 3
15 18 18
17 21 19
21 0 10
15 15 29
7 10 12
7 9 16
21 22 7
17 17 6
17 18 13
20 20 23
18 20 17
16 16 22
2 3 18
22 0 19
0 2 9
14 17 22
17 20 5
15 18 12
8 9 12
22 23 6
0 2 27
14 15 6
21 22 20
22 0 8
2 4 19
22 23 30
23 1 2
20 22 19
7 8 29
6 9 26
12 14 15
0 0 25
11 12 15
21 22 8
12 14 22
10 13 12
20 22 11
0 3 20
22 23 2
16 19 1
3 6 7
1 2 18
1 3 4
13 15 26
5 7 16
8 12 24
19 21 7
1 3 4
23 2 25
18 22 16
13 14 19
2 4 27
13 15 25
5 8 4
23 2 13
6 8 2
16 17 17
21 23 28
22 0 8
20 23 16
5 7 18
0 3 4
5 6 4
0 0 7
2 5 10
10 12 10
10 11 4
7 10 29
23 0 17
18 21 10
20 21 22
23 0 20
15 17 4
16 18 10
7 8 1
18 21 10
1 2 13
9 10 28
19 20 30
7 9 25
7 8 15
17 20 18
10 10 15
4 5 22
16 18 19
9 11 15
5 8 25
10 12 4
18 20 10
6 7 10
9 11 9
0 2 10
4 4 18
14 14 16
21 0 18
15 17 10
10 13 3
8 11 19
8 11 8
8 10 5
13 14 16
23 1 5
0 2 12
0 2 23
4 6 14
13 15 2
12 14 24
1 4 30
21 0 6
16 18 4
4 7 26
6 8 7
5 8 27
1 3 1
18 20 21
19 20 21
7 8 13
22 1 5
3 5 8
5 6 14
5 8 16
22 1 9
14 17 4
5 8 12
10 13 9
0 1 16
21 0 1
23 2 13
8 10 21
14 15 12
21 0 13
17 20 30
20 22 1
1 3 20
7 10 5
11 12 29
10 12 18
13 13 1
10 12 18
16 19 30
20 22 7
15 16 20
22 23 26
22 1 3
19 20 2
16 21 11
12 15 16
15 17 23
4 4 11
9 11 16
1 4 23
14 16 17
2 3 23
7 10 7
8 12 24
3 5 6
1 3 22
7 10 14
7 9 5
16 18 11
14 16 13
11 14 4
0 2 2
19 19 24
7 8 2
2 4 4
10 12 8
5 7 19
4 6 12
5 7 3
11 13 7
23 2 27
0 2 12
6 7 7
19 21 26
15 17 14
18 21 4
21 23 22
1 3 14
4 5 13
18 21 5
1 5 25
4 5 10
3 6 26
12 15 18
16 18 11
11 13 18
10 12 26
23 2 8
19 21 6
20 23 6
18 20 12
18 20 4
10 13 25
22 23 25
16 17 6
19 20 3
16 19 26
10 12 29
15 17 10
22 1 16
8 11 4
1 1 29
3 5 26
12 14 20
8 11 12
1 4 12
21 23 10
11 13 13
11 14 16
16 19 16
22 2 7
18 20 14
10 14 19
2 4 25
15 17 24
0 2 11
11 11 3
7 9 17
12 14 6
21 23 23
23 3 20
2 3 10
22 1 23
16 20 26
9 11 22
0 2 20
0 1 26
17 20 7
15 17 27
21 23 11
19 21 14
6 9 30
18 19 11
6 10 4
1 2 30
3 5 20
10 11 10
11 12 20
2 5 21
22 22 2
12 13 20
10 12 5
8 9 30
20 0 12
7 7 25
15 16 18
3 4 3
16 17 29
16 18 28
7 9 14
21 23 22
3 5 2
8 9 27
18 18 7
4 4 12
6 8 9
5 9 24
0 2 15
20 22 10
14 17 8
8 9 10
21 23 24
16 19 28
1 2 26
18 21 10
13 14 14
17 19 15
15 18 8
13 14 6
18 21 22
0 1 16
11 13 22
5 8 24
19 20 29
11 15 16
2 3 2
6 8 7
17 18 25
21 23 9
23 23 28
13 16 2
8 8 16
2 5 14
3 6 10
12 15 20
8 8 13
19 20 23
15 17 1
16 18 9
9 11 18
9 11 21
10 12 12
4 5 21
18 20 25
21 22 8
16 19 19
10 13 22
15 17 11
0 1 12
0 2 2
8 10 3
12 15 2
16 16 12
13 17 14
9 11 29
2 4 30
1 4 24
8 9 29
10 13 24
23 1 21
14 16 3
13 15 7
13 16 15
16 19 29
0 2 24
4 7 19
6 7 5
9 10 16
19 22 8
7 8 17
1 5 9
11 12 26
6 8 25
13 16 19
4 7 8
11 12 27
16 19 8
17 17 22
19 22 4
5 7 13
14 16 4
9 11 23
8 11 12
10 10 10
11 13 12
16 18 18
3 6 14
18 20 19
20 23 18
18 19 2
7 8 15
4 5 11
15 16 29
14 14 29
2 4 4
20 23 14
4 6 19
18 21 8
2 6 7
13 16 29
9 10 16
14 19 21
22 1 19
6 6 24
8 13 21
18 18 22
10 12 18
21 22 4
2 4 22
13 14 8
17 17 14
11 13 5
20 22 22
21 22 12
13 15 16
1 3 27
1 3 29
13 17 26
22 0 9
5 7 15
15 18 5
3 5 8
2 4 20
2 4 30
5 6 25
0 1 5
16 20 14
5 8 26
18 21 27
5 7 9
0 2 2
9 10 18
23 1 14
14 16 7
13 16 23
3 5 28
19 22 27
12 15 16
4 7 10
6 9 4
4 6 26
5 8 19
10 13 6
1 4 13
19 21 16
4 8 20
18 20 12
10 12 18
4 5 19
12 11 15
4 7 24
13 15 2
14 17 27
11 12 26
6 7 13
9 10 13
10 14 7
2 3 11
3 4 17
0 1 28
12 13 19
9 13 11
9 11 27
3 6 1
2 4 20
17 20 28
14 16 13
6 8 14
11 12 8
13 12 25
9 11 19
19 21 22
21 23 6
21 23 23
14 15 10
19 20 14
4 7 21
2 4 27
2 5 28
3 4 7
10 11 9
12 16 1
18 20 23
19 20 16
3 5 21
18 18 5
21 23 29
22 1 9
2 3 9
23 1 21
17 18 9
5 7 29
2 4 13
11 13 11
2 4 29
8 10 7
4 5 10
11 11 4
15 16 8
19 19 11
11 13 27
23 2 16
8 9 9
19 22 5
3 5 5
19 21 18
8 10 22
12 14 4
8 9 11
8 10 14
3 5 13
15 16 19
13 16 23
10 12 26
15 16 20
11 14 22
19 21 30
20 22 21
11 14 14
13 15 16
20 21 17
7 7 23
3 5 12
12 16 29
8 9 15
2 3 5
4 5 22
8 9 2
21 22 27
5 8 29
11 15 20
16 18 13
10 13 15
3 3 22
9 12 24
7 7 6
21 23 25
19 21 4
14 15 5
7 10 20
1 2 2
20 21 7
15 16 2
20 22 4
22 1 13
11 12 19
17 19 12
20 21 14
11 14 20
10 11 2
13 15 30
2 2 29
12 15 28
5 8 29
15 18 1
22 23 3
12 13 2
7 8 8
23 2 13
21 23 23
14 16 18
3 8 12
18 22 18
23 2 20
8 12 27
10 12 4
18 20 1
12 14 30
3 5 20
2 3 20
17 18 17
11 12 28
23 0 30
18 20 16
12 15 7
10 12 26
22 0 1
20 22 4
8 8 19
22 0 7
16 19 6
15 17 20
18 20 4
21 23 9
10 12 12
18 19 17
12 15 11
11 14 6
22 23 12
8 8 15
13 13 13
23 2 24
11 12 30
2 4 15
7 9 14
16 19 3
2 3 25
6 7 1
22 0 1
14 15 5
5 8 29
21 0 7
12 13 5
21 0 14
8 11 3
8 10 30
3 5 17
19 19 1
21 22 18
5 7 5
3 5 12
14 15 16
0 1 21
16 19 12
9 9 26
13 14 3
16 18 5
23 1 7
16 18 10
3 5 11
5 6 4
6 8 3
0 1 2
5 6 19
7 8 18
6 8 5
14 17 12
6 8 9
8 11 13
13 15 11
8 10 19
6 7 23
23 0 7
19 21 22
14 17 30
0 2 26
23 2 18
11 14 29
19 21 21
14 15 30
13 14 25
15 17 28
8 10 13
0 3 1
4 7 23
17 18 20
22 0 29
12 14 5
11 13 1
20 22 8
13 16 4
21 23 29
13 15 22
4 6 18
9 10 23
9 10 30
20 22 25
11 13 8
8 9 20
12 14 29
1 2 10
5 7 26
9 10 14
17 19 11
10 13 20
20 21 29
23 2 6
11 12 4
1 4 16
12 14 6
19 19 6
23 2 11
13 15 5
16 19 18
15 16 3
17 19 23
4 4 24
17 19 6
12 13 2
17 17 10
17 18 2
0 2 25
3 5 27
10 11 27
7 9 15
12 13 18
7 11 2
9 13 8
9 12 29
10 11 29
16 18 17
12 14 17
20 23 8
14 15 28
22 0 21
16 18 9
6 10 13
21 21 20
22 23 24
7 10 17
19 21 9
7 10 2
13 16 13
12 14 26
23 0 4
18 19 30
19 21 3
6 8 21
11 13 22
16 18 26
13 13 26
11 13 11
5 5 24
3 6 24
21 23 12
11 12 4
9 11 26
9 12 5
0 0 1
4 8 11
11 13 23
10 12 10
16 17 16
4 4 3
23 23 20
4 7 15
23 1 18
17 19 22
6 7 18
10 12 18
1 5 3
6 8 12
8 13 8
6 9 12
21 22 5
15 17 3
15 17 21
22 22 13
7 11 21
17 20 11
3 2 14
16 17 27
0 3 4
13 13 3
4 5 16
5 7 17
6 9 19
4 4 15
13 15 28
17 19 26
22 0 21
4 7 23
18 19 19
4 6 7
14 14 12
2 5 5
4 7 29
5 5 7
4 6 21
14 16 10
4 5 7
17 20 8
7 9 26
0 3 5
23 1 12
7 9 7
9 11 7
11 14 7
5 6 10
5 6 1
18 21 28
0 1 9
20 23 19
11 13 30
17 19 17
22 23 2
4 7 13
9 12 28
17 19 16
1 2 6
12 14 28
13 16 7
17 20 28
12 13 12
19 23 8
15 17 18
23 0 18
20 21 2
3 6 17
15 18 20
15 18 13
17 18 19
23 0 21
6 6 21
0 1 29
1 2 12
1 2 2
2 5 2
7 8 24
13 14 5
17 17 29
12 13 20
23 0 24
20 20 30
2 3 29
1 3 18
15 16 26
21 23 5
8 11 18
21 23 6
17 20 11
13 14 27
1 2 19
22 1 3
15 18 5
18 20 20
2 4 18
12 12 16
4 6 9
3 3 2
22 23 24
10 10 30
0 1 19
22 1 29
0 2 18
1 2 17
14 15 17
16 18 23
2 4 13
0 1 25
17 18 13
17 19 8
2 3 8
15 17 14
15 16 28
18 20 27
18 21 17
9 9 26
6 8 12
13 15 27
2 5 9
5 7 13
1 2 1
16 19 2
0 1 24
0 2 19
4 5 5
1 5 2
16 19 4
15 19 24
15 16 8
1 3 21
22 1 9
0 3 25
14 18 13
21 0 25
9 9 24
8 9 26
10 12 13
2 5 22
3 6 21
23 1 4
10 13 11
7 8 6
12 15 20
10 11 16
15 17 10
22 0 15
7 10 15
19 23 3
11 13 22
2 4 16
3 5 2
18 21 16
11 12 14
6 8 16
16 17 5
2 4 14
23 1 23
17 17 4
6 9 12
16 18 3
18 20 26
9 11 1
18 20 26
13 15 16
16 17 9
20 20 12
3 6 12
23 1 4
6 7 28
2 4 25
5 7 26
7 9 22
1 2 10
17 19 3
18 19 18
18 21 16
15 16 23
1 2 1
13 15 25
9 10 8
2 2 14
15 17 28
23 1 13
21 22 2
18 20 30
2 3 14
8 10 21
20 23 19
13 15 21
13 15 15
19 21 12
3 5 13
7 9 4
14 17 25
3 3 9
11 14 4
9 10 8
20 22 24
4 6 25
2 3 5
4 6 17
18 19 30
10 13 19
15 18 27
20 22 14
13 14 3
0 4 29
14 16 11
17 19 6
22 0 2
6 8 29
5 6 8
23 1 9
18 19 1
4 9 3
22 0 8
12 15 17
20 22 30
11 12 26
14 16 5
9 11 9
6 8 3
8 9 5
15 18 27
1 5 19
2 5 10
7 10 25
17 18 14
13 13 23
3 5 11
17 17 17
16 17 11
6 8 2
11 13 12
4 6 8
2 5 21
16 18 1
4 7 23
6 10 30
5 5 13
23 1 14
8 9 3
9 10 29
22 23 9
18 21 26
6 9 29
6 9 14
15 17 19
12 14 14
18 20 24
11 14 19
21 23 7
15 17 26
7 9 17
6 7 20
1 3 3
14 17 12
6 8 23
0 2 20
9 9 7
20 21 4
14 17 28
9 12 30
5 7 24
6 8 10
12 14 8
17 19 18
18 20 9
18 21 9
14 14 7
17 19 8
3 7 23
21 23 13
19 21 13
13 16 24
4 8 19
7 9 14
18 20 25
1 3 4
14 16 30
6 8 23
17 19 17
23 2 15
0 1 20
11 13 26
22 23 24
16 18 21
13 14 13
2 4 3
19 21 2
5 5 2
13 16 8
3 4 23
12 14 29
19 20 10
7 8 25
15 17 28
7 9 1
20 20 22
10 13 4
17 18 15
9 10 14
3 4 6
17 19 15
6 6 7
18 18 30
0 2 26
23 1 12
15 16 2
21 20 30
17 20 8
3 6 30
17 20 22
12 14 20
17 19 9
0 2 17
4 7 15
6 8 10
20 23 14
19 22 19
8 9 9
3 5 14
8 10 8
13 16 7
18 19 27
13 15 10
10 12 21
10 14 30
0 3 22
0 2 10
6 7 25
14 15 20
19 22 17
14 16 3
15 17 5
15 17 12
15 17 10
15 16 10
13 16 24
16 19 21
23 23 11
2 4 13
19 22 25
11 12 28
19 21 4
17 18 16
4 6 10
20 23 12
3 6 14
5 9 25
11 15 10
2 5 13
5 7 27
6 8 20
15 16 29
14 16 26
18 19 5
13 16 12
10 12 4
11 14 10
9 9 8
14 16 19
16 19 8
1 5 23
12 14 5
14 16 28
23 1 11
23 23 13
23 3 8
19 20 27
22 0 29
17 20 24
9 13 2
21 1 26
0 0 25
10 11 2
7 9 19
0 3 9
18 20 13
19 21 30
16 19 5
14 15 11
1 3 25
0 2 13
9 9 10
7 10 1
20 22 8
7 8 4
23 2 22
3 6 13
6 8 26
8 10 29
14 16 2
13 16 13
7 10 1
14 17 19
6 8 7
20 23 10
0 2 27
10 13 4
10 11 2
23 1 16
4 7 22
6 10 20
4 6 28
2 2 11
13 15 2
1 4 29
13 16 9
10 12 11
9 10 29
17 20 28
14 15 27
9 10 24
20 22 17
16 18 3
4 5 4
20 0 16
6 8 21
6 8 21
17 20 29
14 16 29
0 2 19
16 17 18
4 7 1
8 10 28
21 23 27
20 22 27
6 6 2
23 3 14
2 5 1
3 5 11
16 19 11
13 14 28
4 6 19
9 13 11
0 2 16
23 2 30
11 14 13
8 9 11
10 12 24
11 13 1
2 4 4
0 2 13
5 8 9
8 9 23
11 13 25
16 18 8
14 17 3
6 7 8
4 6 25
17 21 2
21 0 1
20 22 14
20 23 17
4 6 27
20 23 26
15 18 23
2 5 19
0 3 16
0 3 8
12 14 10
8 10 6
9 11 7
23 0 30
16 20 12
16 17 2
7 10 2
2 4 4
3 4 6
5 7 23
15 17 21
7 8 11
3 6 15
3 5 13
17 18 20
13 14 6
14 14 22
3 3 14
11 13 24
3 6 22
4 4 17
21 0 7
9 10 7
5 8 17
18 21 9
17 19 23
23 1 22
2 4 5
14 15 2
11 15 17
21 23 23
2 5 22
17 19 19
4 4 6
0 1 3
6 7 26
22 23 11
0 3 12
7 10 21
1 3 11
8 10 7
19 21 21
20 23 22
17 18 28
1 3 1
11 12 27
9 11 13
21 23 23
12 14 24
17 18 26
0 2 26
21 22 7
16 19 30
22 22 6
5 6 16
2 6 15
16 17 26
7 8 25
14 15 8
19 20 6
16 18 8
16 19 28
6 8 9
22 23 3
11 13 29
22 23 30
22 0 6
16 19 19
22 0 22
11 12 2
18 19 6
12 15 2
5 7 9
8 11 26
19 20 23
18 21 24
18 21 26
8 7 1
3 4 20
8 9 4
5 6 28
2 4 17
12 15 7
8 12 22
11 14 1
20 19 17
0 1 23
20 0 10
0 1 16
8 9 3
3 6 22
23 3 2
8 11 3
21 23 16
23 0 15
19 21 17
0 2 18
22 23 8
15 18 30
15 17 27
21 23 25
20 23 13
22 23 28
8 8 21
14 15 27
8 9 27
5 7 16
16 18 21
0 3 4
17 19 30
17 19 30
5 7 7
20 20 30
20 23 24
8 9 29
16 18 10
20 22 6
15 15 30
20 22 17
13 15 12
22 2 13
15 18 16
1 2 16
22 0 23
7 8 26
9 11 4
12 16 16
21 23 7
10 11 5
4 6 6
3 4 18
10 11 24
22 0 8
13 15 26
13 13 4
18 20 3
13 17 6
6 7 26
0 2 26
6 8 25
1 3 20
17 17 26
11 15 16
13 16 19
2 4 2
15 18 26
5 8 10
6 10 26
23 1 3
12 15 26
13 16 28
10 10 6
0 2 2
21 22 5
4 8 19
4 6 12
8 11 1
14 17 3
6 9 26
16 18 11
18 21 9
11 12 10
22 2 22
16 20 9
18 20 6
5 9 22
14 16 9
4 5 12
22 1 5
11 15 8
23 2 12
3 6 19
21 23 6
19 22 15
12 14 14
9 11 5
14 15 21
9 10 14
18 21 24
13 16 9
11 13 4
19 21 17
12 13 29
16 20 19
12 13 19
5 7 17
12 15 29
21 23 14
1 4 1
6 8 4
22 0 19
10 13 4
17 20 4
14 15 27
4 7 27
6 8 24
11 13 8
22 0 27
10 11 27
8 10 26
8 10 15
17 18 23
12 13 10
23 1 15
0 3 29
19 21 5
23 2 24
2 7 4
3 6 1
17 21 15
12 14 17
19 20 1
10 12 24
20 23 29
3 5 17
18 20 10
4 6 4
13 16 17
15 17 3
18 19 20
8 10 2
23 2 10
1 1 2
16 17 12
0 0 15
10 12 20
18 20 18
20 20 12
3 5 4
4 6 28
21 0 27
7 10 21
16 20 20
14 17 21
15 17 18
0 2 27
20 23 30
22 1 12
21 23 18
22 2 1
2 4 5
14 15 1
18 21 8
11 13 7
5 6 13
21 0 5
4 5 5
23 1 16
3 4 9
23 1 28
9 13 21
2 4 19
21 22 9
18 19 26
22 1 17
8 10 4
11 13 22
20 21 29
23 2 12
11 13 9
4 5 15
0 3 20
14 14 10
22 22 5
4 8 2
20 20 25
8 10 15
13 14 3
15 17 6
15 14 13
18 20 25
15 16 27
10 11 22
2 4 9
10 12 22
9 11 12
23 0 4
4 8 30
3 4 22
13 13 26
8 10 8
1 2 24
2 5 5
1 3 16
17 19 13
14 15 9
23 23 9
21 23 3
7 10 27
17 21 22
5 7 20
12 15 16
11 13 14
9 12 18
22 1 25
6 8 10
21 23 13
23 2 5
11 14 21
23 2 27
22 23 30
5 9 9
10 13 14
21 21 19
4 6 20
9 11 4
20 22 4
16 18 30
19 23 15
22 23 11
20 22 21
15 17 8
18 18 18
20 20 13
21 23 27
17 18 24
0 0 5
9 12 24
1 4 8
20 23 4
19 20 22
7 9 2
20 22 7
13 15 3
3 7 28
14 14 3
5 5 6
18 20 8
21 22 22
2 4 18
9 12 12
5 6 16
15 17 3
20 21 17
23 1 10
21 0 26
12 14 29
3 7 17
1 4 21
13 15 26
10 10 21
13 15 10
19 23 30
15 16 23
8 10 20
7 8 7
4 5 12
16 18 29
23 1 25
1 4 15
18 19 27
0 2 1
19 20 19
11 14 5
19 20 12
13 15 24
13 16 4
5 6 4
17 16 4
17 19 9
6 6 3
16 17 4
6 7 30
22 1 5
0 1 26
1 4 2
15 17 24
17 19 26
20 22 14
18 20 1
1 3 1
3 4 17
8 9 14
23 0 25
2 5 9
0 2 6
0 2 20
20 22 27
13 15 23
3 4 9
7 9 3
4 7 9
0 2 21
14 16 3
19 20 4
13 14 5
13 16 1
16 17 5
8 10 29
0 3 19
17 19 12
23 2 9
19 21 17
19 20 2
12 13 30
18 19 10
9 10 13
8 10 12
13 15 5
4 6 3
7 10 8
13 15 30
20 22 23
20 21 17
21 23 28
8 11 16
3 4 5
16 19 7
14 17 30
20 19 20
23 23 2
5 6 1
11 12 22
7 10 17
15 17 24
11 14 27
13 16 23
4 7 22
21 22 29
21 22 28
13 15 22
6 7 14
22 0 25
2 5 21
6 7 30
23 1 2
22 23 16
4 6 8
12 14 21
7 9 1
8 10 23
9 11 8
4 6 1
21 23 29
3 6 26
3 6 1
6 8 23
8 9 4
15 17 28
1 3 7
18 20 4
18 20 2
15 18 6
17 20 18
14 17 10
13 14 19
20 20 7
16 19 11
15 17 13
12 15 7
10 14 8
21 23 7
20 23 19
18 21 15
6 7 19
9 13 11
11 12 13
22 1 16
5 7 2
4 7 8
14 16 10
23 0 5
8 8 16
9 11 11
1 5 10
15 16 4
1 3 3
9 12 24
23 0 5
7 9 5
18 18 19
6 7 23
15 16 5
14 16 25
8 12 3
23 23 23
16 19 20
9 12 25
19 20 8
1 1 4
1 5 1
21 1 7
23 0 4
18 19 16
3 4 25
18 19 30
17 20 18
7 8 16
6 7 23
16 19 14
23 23 4
22 0 26
1 2 1
20 20 20
17 18 19
5 8 8
13 16 11
15 16 24
0 4 25
12 15 10
2 5 27
6 7 13
6 9 29
12 13 1
13 16 27
0 2 24
4 7 13
17 19 21
23 1 5
1 1 29
9 12 11
22 0 2
14 16 13
21 1 19
4 6 1
12 15 7
11 13 18
15 17 30
14 16 6
10 10 15
3 3 3
23 23 10
5 7 6
3 6 22
15 17 30
10 13 3
7 10 29
8 9 19
9 11 29
7 10 23
15 18 18
3 4 8
5 4 14
13 17 18
21 1 18
11 12 29
18 20 17
9 13 18
4 5 26
1 4 24
17 18 21
8 10 26
14 16 9
16 20 11
5 7 10
17 21 21
17 18 3
10 10 29
21 1 24
9 12 19
13 16 7
10 11 30
3 5 16
20 22 30
3 6 26
14 16 23
2 5 25
15 17 26
8 11 5
9 11 14
7 8 10
15 16 30
8 11 26
6 6 26
7 9 20
16 18 26
4 7 2
12 13 2
8 10 17
8 10 9
17 18 12
7 8 21
4 7 10
16 18 11
23 0 23
13 14 3
20 22 30
7 10 6
5 8 24
6 7 24
8 14 24
8 10 16
15 16 2
5 7 19
10 12 30
13 15 15
6 7 17
15 18 30
12 13 20
3 6 9
6 8 25
6 9 2
7 8 3
2 3 11
3 5 21
14 15 15
16 15 27
11 12 14
0 3 27
10 11 17
18 19 6
4 6 30
7 9 19
20 22 23
5 6 1
2 3 21
2 5 5
16 17 4
15 17 12
8 11 20
4 7 27
12 15 27
11 14 1
23 2 12
22 0 23
21 23 27
8 10 28
7 9 27
20 22 9
8 11 9
18 20 23
14 17 10
14 18 22
0 4 22
12 15 17
6 8 9
12 15 19
11 12 11
10 11 17
0 2 4
8 10 16
3 7 3
2 2 30
19 20 23
3 4 29
10 11 10
10 11 16
14 16 9
2 3 11
15 17 1
12 13 22
1 4 12
19 22 30
12 13 13
3 3 6
15 17 3
21 21 20
15 18 16
2 5 5
7 10 25
3 4 26
0 2 22
19 20 11
15 17 29
8 9 12
17 19 17
14 15 28
13 13 1
8 12 25
4 5 25
20 23 21
10 12 22
5 7 14
2 5 9
7 9 24
22 0 30
4 7 18
2 3 5
5 7 12
4 8 23
22 1 6
16 19 7
23 0 7
0 1 29
22 23 26
1 2 17
8 12 23
17 19 11
2 2 27
17 18 10
21 22 8
6 8 29
15 17 15
18 20 4
16 18 2
4 4 26
14 17 15
8 11 12
8 10 2
14 17 30
1 3 17
23 1 8
11 13 19
13 16 24
2 4 7
23 1 21
19 23 20
5 7 16
21 23 27
5 9 30
17 19 24
19 19 3
22 2 11
8 10 29
9 11 25
14 18 20
5 8 16
12 13 14
19 20 25
3 4 7
20 23 14
23 1 25
16 19 29
22 0 18
15 17 4
1 2 29
3 6 11
6 9 15
21 22 17
13 17 1
5 6 12
7 10 7
10 12 4
3 6 23
15 17 12
0 2 4
12 14 21
15 18 23
6 9 25
17 20 16
0 3 18
23 3 18
17 19 24
23 0 15
15 18 18
21 0 4
3 5 26
10 12 17
18 21 14
19 21 25
11 13 27
0 0 27
14 16 2
16 21 29
14 16 17
21 0 30
2 5 21
3 4 14
4 6 27
2 3 25
18 21 20
17 20 27
6 7 14
23 1 8
2 4 1
16 18 9
21 23 18
0 1 8
1 2 7
23 3 17
10 12 15
15 17 9
2 6 3
9 11 17
1 2 5
10 12 16
23 1 3
13 16 29
22 0 29
3 6 11
22 22 24
11 12 23
7 9 14
20 0 27
18 21 15
8 10 14
17 18 14
12 15 9
14 17 23
14 15 22
10 12 28
16 18 26
1 4 21
15 18 23
6 8 7
19 22 30
14 15 28
11 14 27
16 17 15
4 7 10
1 1 17
11 10 7
11 14 15
1 2 1
5 8 10
7 10 1
23 0 2
16 18 19
18 17 2
23 1 16
22 23 11
19 22 5
5 7 13
20 22 8
11 13 30
6 6 15
3 5 12
18 21 27
17 19 12
3 4 21
5 7 1
1 3 29
11 12 20
1 4 16
20 21 25
10 12 24
14 16 11
5 7 17
18 20 25
10 12 15
20 20 30
15 17 30
12 15 11
15 17 18
23 0 8
8 10 7
12 15 1
22 23 30
2 4 2
1 3 17
1 5 11
5 7 15
20 23 26
8 10 14
13 15 3
8 10 12
19 20 18
0 2 1
23 0 1
9 10 9
15 17 20
7 9 8
22 23 5
21 23 8
15 17 21
23 0 20
8 10 29
18 21 27
12 12 13
19 21 7
2 5 4
21 23 30
5 8 16
4 7 28
9 11 12
17 17 29
19 22 11
4 8 3
11 14 22
10 12 9
12 13 27
21 1 30
11 14 16
3 5 7
19 19 21
18 20 27
11 11 13
16 20 21
21 21 28
3 5 14
10 12 3
20 22 30
10 11 24
12 13 27
21 0 2
21 0 27
22 2 15
10 11 11
1 3 19
7 9 26
6 8 6
12 14 5
1 3 18
17 20 9
18 21 19
20 21 26
0 2 28
19 19 26
17 19 23
8 10 29
14 16 17
7 10 7
17 18 30
2 4 20
14 17 1
1 4 4
5 8 12
21 22 25
6 6 5
2 5 8
11 13 28
11 12 22
19 21 15
20 22 14
13 16 22
1 2 26
18 19 2
11 13 17
4 6 7
11 14 23
12 14 22
0 2 20
2 4 26
6 8 10
12 14 22
3 5 28
23 0 24
6 9 13
15 16 20
8 9 25
8 9 9
21 23 11
14 15 22
15 17 6
13 14 19
4 6 1
10 12 5
19 21 23
9 11 25
7 7 9
8 10 30
15 15 16
1 1 11
5 7 17
0 4 3
9 11 21
2 5 5
1 3 17
17 20 13
15 17 8
21 1 5
9 12 8
12 15 24
4 6 10
6 8 15
3 6 23
15 17 27
6 7 21
3 6 18
20 23 20
20 21 13
11 13 11
9 12 25
8 10 27
4 5 29
6 7 16
15 16 5
7 8 14
10 11 20
21 22 10
12 15 12
2 3 2
4 9 8
3 6 18
4 6 17
23 3 6
15 17 11
7 9 28
7 9 12
1 3 15
10 12 16
15 17 4
11 14 3
9 11 9
23 23 2
4 6 4
0 3 3
19 22 25
13 17 26
17 17 20
7 11 17
13 15 10
18 20 18
20 22 23
22 23 2
14 16 3
20 20 5
19 21 3
21 22 29
18 19 20
10 11 27
12 14 18
15 18 19
20 21 7
8 10 20
15 17 14
6 8 25
11 13 15
0 1 5
20 21 18
16 18 24
15 17 23
10 12 4
22 2 15
12 12 22
3 4 28
3 6 19
6 8 25
23 0 9
11 12 13
11 12 19
20 23 4
23 3 4
9 11 5
23 0 26
19 23 4
3 5 8
16 19 4
23 1 25
13 15 29
18 20 29
2 4 22
23 2 11
7 9 1
5 6 18
11 14 4
7 9 24
2 3 6
18 20 23
2 5 16
10 12 12
6 10 10
18 20 19
21 23 21
13 15 10
13 14 11
0 2 30
17 19 30
17 21 15
6 8 21
13 15 23
2 4 30
22 23 4
11 14 24
0 2 26
21 23 27
1 3 12
23 0 13
23 0 4
9 10 8
17 19 20
5 7 29
4 6 5
16 18 17
23 1 13
7 9 18
12 13 20
8 9 4
13 14 15
14 15 15
19 21 29
8 11 21
23 2 22
10 12 29
9 9 25
0 3 20
4 4 16
7 9 20
18 20 30
0 2 11
11 14 7
2 5 15
22 1 25
14 17 10
18 19 22
23 2 25
6 8 26
3 3 15
5 8 20
8 10 2
6 8 11
3 4 4
0 5 15
11 11 2
17 20 11
8 11 9
10 12 23
11 15 22
20 21 5
19 21 27
11 14 3
21 23 12
6 7 12
13 15 26
17 17 17
1 3 8
21 0 20
18 20 30
3 5 30
7 11 11
18 20 29
19 21 30
9 13 8
2 6 11
3 3 7
12 13 4
3 4 3
22 0 17
18 21 8
2 6 30
14 16 27
16 18 5
1 5 2
23 0 1
10 12 12
20 21 18
19 21 17
15 16 23
10 13 10
20 21 23
11 15 18
22 2 2
8 9 6
9 10 8
17 19 12
7 8 24
5 6 23
20 22 24
1 4 14
16 19 28
15 17 24
23 0 5
4 6 2
15 16 2
10 13 30
5 6 13
10 13 3
15 17 28
8 11 14
5 7 29
0 1 28
15 19 20
2 3 17
22 0 22
22 1 25
21 0 18
11 13 15
21 0 14
17 18 29
21 22 12
16 17 15
9 12 23
8 9 13
11 14 19
18 21 14
6 8 27
20 23 26
10 12 21
1 4 12
23 1 21
0 5 3
4 6 10
9 12 23
1 0 10
17 18 6
20 22 1
10 12 16
0 1 26
13 15 25
4 4 21
4 6 10
22 1 9
20 21 28
6 8 22
9 11 21
21 0 22
14 16 18
19 22 19
21 22 5
2 4 30
15 17 19
18 20 9
16 18 6
18 18 2
12 16 21
5 8 29
6 8 15
7 9 11
1 2 5
14 16 16
11 13 5
5 8 6
15 18 3
12 14 26
19 21 13
7 11 19
5 7 21
21 23 6
16 17 8
15 17 14
4 6 23
22 1 23
6 8 20
7 7 15
16 20 29
4 7 25
13 15 30
9 11 14
7 10 28
12 15 20
15 17 25
7 9 2
13 15 27
10 12 2
20 21 21
0 1 29
1 3 18
14 17 23
10 11 23
18 19 17
16 18 15
15 20 24
16 18 13
20 23 14
2 4 18
11 13 29
10 11 28
11 13 4
9 12 15
22 23 28
4 6 11
20 23 3
8 10 6
9 10 23
18 21 29
2 4 30
11 11 10
16 18 28
9 12 20
0 1 6
15 18 18
0 2 30
0 0 13
9 12 4
20 23 9
3 3 9
4 8 24
23 23 22
20 22 6
15 18 1
4 5 21
5 7 26
6 8 23
15 17 1
10 11 4
16 19 18
14 14 29
0 4 2
12 15 14
21 22 8
23 1 27
23 1 29
14 17 4
18 20 2
4 8 12
2 4 21
8 10 1
23 2 25
12 13 29
18 19 9
5 4 20
23 0 20
7 8 23
9 10 6
20 23 27
18 19 14
2 3 9
9 13 29
9 10 29
7 7 6
13 15 4
23 0 26
3 5 7
10 12 2
1 2 18
1 4 20
20 22 15
17 20 10
13 17 29
12 13 4
7 8 22
0 1 14
12 15 11
9 10 12
14 17 8
14 17 10
5 6 11
4 5 4
2 6 16
1 4 30
19 21 4
15 15 3
2 3 9
19 22 22
5 8 7
6 8 13
16 17 19
11 14 30
2 3 7
13 15 6
11 10 18
8 10 30
13 15 14
4 4 27
13 15 19
20 21 8
16 18 20
17 19 22
22 23 6
16 19 12
14 15 2
10 10 22
1 2 14
11 13 4
9 10 12
19 20 29
9 11 11
16 19 16
1 4 6
9 10 26
9 10 19
14 16 27
5 8 22
3 6 16
7 10 2
20 21 10
7 8 1
6 7 20
16 18 25
1 3 12
16 19 9
17 20 7
13 16 28
1 4 24
15 17 19
23 2 12
8 10 30
9 12 13
5 7 21
22 23 5
0 1 13
5 6 10
7 9 3
21 1 29
5 8 9
21 0 2
17 20 9
6 9 23
19 22 29
22 1 16
9 9 27
16 18 29
8 10 15
14 17 22
12 13 30
4 6 3
4 6 11
14 15 17
2 2 3
20 19 14
19 20 30
9 11 2
1 2 30
6 7 6
13 14 16
23 1 14
7 9 20
11 13 25
11 13 10
4 7 21
10 12 3
17 19 21
13 15 14
23 2 1
14 17 6
20 21 23
9 12 3
3 6 6
1 3 27
2 3 18
16 19 19
4 5 23
4 7 30
0 4 15
21 22 29
14 17 13
17 20 25
16 16 22
9 9 13
12 14 2
9 12 24
1 3 30
15 17 11
7 9 3
15 16 18
11 11 23
13 14 5
12 12 14
5 6 8
17 18 29
15 16 12
11 12 1
0 1 17
23 0 29
23 2 5
17 19 22
19 20 9
19 20 9
23 3 5
2 4 30
21 21 26
20 22 23
7 8 1
11 15 26
6 7 27
1 2 19
22 0 26
4 8 28
14 17 28
19 21 29
17 18 10
19 18 21
6 7 21
6 8 10
19 20 19
2 5 10
11 14 13
1 4 26
13 16 3
12 13 17
3 6 3
17 21 10
7 10 20
8 9 13
14 15 12
1 3 25
21 22 27
21 21 27
22 1 8
10 12 17
2 2 4
6 9 18
21 0 24
9 10 7
13 16 18
1 2 12
21 0 10
22 0 3
12 14 16
15 16 23
3 5 11
11 13 8
13 18 9
9 11 23
17 20 25
13 16 13
1 4 29
11 13 13
14 15 2
8 10 11
20 0 17
16 17 15
20 22 18
0 1 10
8 10 2
7 10 24
14 16 23
8 9 10
20 0 6
3 5 12
10 10 21
2 2 10
6 8 16
7 9 22
23 0 16
4 5 26
6 8 20
9 11 27
4 7 13
5 6 21
22 1 26
2 4 17
8 10 30
23 22 1
23 2 21
22 0 12
21 0 1
10 10 26
10 13 10
2 5 13
10 13 16
7 9 15
18 22 24
1 3 17
1 1 3
17 19 16
11 14 8
14 18 1
22 0 14
2 5 26
22 23 7
20 23 27
18 19 24
9 11 26
21 23 3
20 22 30
10 11 10
23 2 27
2 4 22
23 2 22
4 5 20
6 8 9
23 1 6
19 19 13
18 21 5
23 1 14
20 23 23
8 11 6
18 21 30
1 3 4
11 12 17
9 11 11
17 20 2
5 7 20
12 13 12
2 6 10
17 20 17
5 7 18
1 3 22
23 0 10
12 12 3
14 17 20
4 6 22
19 21 18
19 20 23
4 5 1
13 14 27
6 8 7
5 5 22
6 8 15
2 5 21
19 20 17
12 14 18
23 2 14
14 17 2
11 12 6
23 23 23
16 19 5
14 15 20
5 6 12
23 1 2
0 1 22
13 17 30
3 5 7
5 9 8
12 18 17
17 19 27
4 8 6
2 6 7
19 21 28
3 6 21
17 19 20
4 6 19
9 11 3
2 5 14
0 1 14
0 3 20
12 15 15
12 13 17
23 2 19
10 11 2
20 19 7
19 21 5
23 2 22
1 2 27
1 3 10
23 4 12
21 22 10
13 17 12
19 22 13
5 8 30
10 12 6
18 19 26
1 2 7
18 20 30
22 3 9
16 20 3
3 5 18
3 5 25
6 8 24
22 0 29
2 4 24
2 3 7
6 8 24
6 8 16
11 14 16
11 13 19
19 22 12
14 15 20
2 5 27
6 9 26
23 2 28
8 10 13
3 5 8
22 0 3
7 10 13
12 14 2
0 1 17
5 6 28
11 13 30
11 12 14
21 0 2
21 0 7
14 16 23
21 22 3
1 2 10
19 22 17
10 11 30
6 7 17
8 10 10
17 18 23
19 20 20
22 23 7
3 4 19
18 20 19
14 16 2
16 18 10
13 16 6
3 5 20
14 19 2
19 21 8
0 2 20
4 6 7
20 23 18
11 14 11
6 7 25
8 11 8
11 14 11
22 0 20
2 5 23
20 0 1
11 12 4
2 4 4
5 7 3
11 13 17
19 20 29
15 17 7
23 2 22
22 1 1
20 21 27
6 7 22
0 3 5
14 16 13
4 6 20
18 20 24
11 13 19
13 16 6
6 10 21
12 14 28
16 16 13
0 1 9
22 0 15
18 20 19
8 10 29
3 5 10
9 12 24
1 2 7
20 22 15
8 9 3
18 21 11
13 14 17
20 23 4
6 8 8
5 7 15
7 10 13
9 11 13
6 7 10
20 22 17
5 7 21
8 9 4
16 17 22
9 10 12
21 0 8
23 0 21
14 16 15
8 10 28
7 10 21
10 12 19
12 14 27
4 6 29
3 5 24
0 2 3
10 11 21
3 5 30
20 21 3
8 11 21
2 2 9
3 4 20
16 16 9
4 6 23
6 9 17
16 16 2
10 13 4
6 10 6
2 4 18
21 22 6
17 19 10
4 5 19
22 0 21
4 6 12
14 17 15
21 22 12
13 14 21
21 1 25
0 2 21
17 19 9
4 6 2
20 22 30
10 13 11
18 20 11
9 10 7
9 9 9
17 18 23
22 0 17
0 1 13
10 12 26
23 1 4
8 10 29
9 11 4
0 2 15
9 10 25
14 15 13
11 13 8
11 15 16
2 4 24
13 14 22
14 17 24
10 13 7
11 15 2
15 16 21
17 20 30
23 23 27
21 0 17
12 14 26
0 0 27
1 4 4
23 2 25
14 16 21
11 13 30
14 17 9
4 6 20
3 5 24
17 18 10
11 13 1
0 1 7
3 5 17
10 11 4
3 4 28
17 20 10
22 0 16
17 19 8
17 19 27
6 9 2
19 21 6
0 1 23
0 3 10
5 5 14
2 5 19
3 6 24
13 15 19
4 6 23
6 7 26
18 21 3
11 11 15
7 11 6
13 14 15
3 4 4
23 1 28
16 19 4
16 19 11
17 20 27
20 22 17
19 22 27
17 20 5
12 17 7
4 5 9
4 6 28
6 9 23
20 22 13
19 20 13
14 16 3
16 19 13
6 8 10
21 1 3
3 6 12
7 10 11
5 7 20
23 0 17
5 7 11
5 8 10
4 6 12
6 7 4
6 8 25
11 13 23
23 1 28
12 15 11
22 0 17
15 17 14
17 19 5
23 23 25
10 12 18
7 10 8
15 18 3
12 15 20
22 22 17
12 14 24
23 3 13
4 8 30
21 1 5
0 2 28
0 1 29
23 23 22
1 2 30
22 1 10
21 0 23
13 15 24
10 12 18
7 8 27
1 3 11
7 8 10
22 2 15
15 19 11
7 8 4
20 22 6
13 16 26
17 21 5
22 23 8
2 3 23
8 9 13
5 8 22
10 12 24
11 14 6
9 12 21
0 1 8
22 0 28
17 18 24
6 8 26
9 13 22
6 8 10
8 10 21
16 18 26
12 14 10
14 16 26
1 3 16
1 6 7
3 4 3
0 0 29
16 17 25
4 5 17
6 8 24
18 22 5
21 23 4
17 18 29
23 0 11
6 8 8
9 12 21
5 9 11
0 4 27
11 14 22
18 20 8
16 19 27
21 0 26
21 23 6
20 22 19
0 2 9
5 7 10
14 17 7
2 3 17
2 3 27
16 18 9
13 16 20
17 19 16
8 12 6
0 2 16
7 9 9
18 19 28
12 15 23
1 2 16
22 1 23
3 7 20
12 13 22
17 17 24
14 16 20
10 12 22
12 13 18
14 16 17
4 6 14
7 9 22
19 22 7
12 13 4
2 5 2
3 5 11
15 17 24
21 21 8
14 16 30
7 10 1
4 7 12
23 0 22
23 3 28
11 13 29
6 9 14
22 23 4
3 5 3
7 8 29
22 0 13
8 11 23
23 2 7
5 7 9
22 1 20
2 4 4
22 1 6
8 10 1
14 16 28
3 5 19
10 12 25
16 17 11
4 6 13
14 15 9
13 14 11
22 0 17
14 18 8
6 10 24
9 10 9
8 9 19
10 11 16
16 17 9
8 10 24
4 6 24
22 0 11
6 7 1
19 22 6
4 8 21
20 20 20
20 23 9
2 3 17
22 0 5
2 6 17
2 4 8
14 17 23
19 22 22
16 17 20
3 5 7
2 5 4
23 1 2
4 6 28
0 2 1
13 14 22
3 6 17
15 17 23
6 9 23
15 18 24
14 15 24
3 6 1
13 15 24
12 15 7
9 10 23
16 16 30
20 21 27
16 20 29
18 22 28
17 19 10
23 2 16
1 3 8
19 21 23
0 2 20
0 1 20
2 4 13
5 6 17
11 12 25
13 15 21
17 19 20
10 12 9
19 22 6
8 11 9
16 17 3
1 4 18
1 6 17
22 0 26
18 20 8
11 13 30
23 1 6
6 8 9
19 21 11
10 11 22
18 19 20
11 14 5
0 2 27
21 23 7
2 5 5
19 20 15
10 12 24
5 6 11
7 8 23
1 2 11
8 8 26
1 3 11
17 19 21
2 4 13
6 8 3
5 8 28
11 13 23
1 3 3
5 6 19
8 11 20
6 9 17
10 12 22
3 6 6
2 4 14
15 16 13
16 19 23
22 0 6
15 18 6
14 16 17
20 22 10
11 13 1
8 11 11
23 3 6
15 18 3
9 9 14
13 14 6
0 0 13
20 22 26
1 3 7
19 20 18
17 18 16
12 15 22
0 3 2
22 0 9
18 19 5
16 18 29
16 18 11
21 23 14
23 1 23
4 5 26
8 11 5
22 0 24
22 23 10
10 9 12
5 7 23
16 18 18
21 0 6
12 13 8
12 14 8
5 7 20
9 11 30
17 17 28
20 23 1
16 17 13
15 16 26
21 23 18
2 4 8
6 8 18
12 14 6
5 5 8
12 13 16
20 21 14
16 18 21
15 18 14
13 14 28
23 2 18
9 9 11
9 11 5
7 8 26
15 18 9
21 22 13
11 14 7
15 17 26
19 20 10
18 20 15
17 20 20
2 4 24
19 22 24
18 21 9
17 18 4
9 12 11
2 6 2
11 13 10
18 19 13
2 5 21
9 11 23
12 12 2
18 20 17
16 17 5
0 2 4
1 4 11
8 11 10
7 9 11
17 22 1
1 2 17
17 20 18
4 8 23
15 17 10
21 23 28
9 13 21
9 12 21
14 17 23
17 18 1
4 4 30
12 13 5
16 17 2
18 20 2
5 8 18
23 1 11
3 4 29
22 1 30
14 15 25
16 17 30
9 11 28
2 5 17
18 21 28
5 7 23
1 2 13
17 19 14
22 1 18
19 21 12
15 16 20
9 11 22
3 6 27
21 0 23
21 0 8
20 22 16
21 23 11
19 22 21
0 3 5
2 4 17
2 3 24
1 5 18
18 19 25
23 1 13
2 3 6
11 14 27
15 18 3
1 3 8
1 3 19
21 23 19
9 12 12
1 3 24
17 18 26
11 13 9
16 18 13
0 5 11
0 0 14
0 1 17
19 18 12
23 2 24
19 22 21
12 15 9
14 15 17
2 3 13
16 16 16
4 6 26
19 22 21
18 21 10
18 19 4
19 21 21
21 1 30
23 1 28
19 20 5
3 4 15
19 22 21
17 18 3
20 23 19
21 0 13
3 3 6
22 23 18
19 22 1
11 14 28
16 17 8
21 0 29
8 10 19
0 1 29
16 19 13
17 20 10
21 23 14
5 6 13
23 0 3
7 10 23
9 10 9
7 9 5
13 15 9
12 14 28
7 10 20
4 6 6
1 1 2
4 7 3
10 12 2
8 11 23
15 17 26
1 3 10
5 7 18
11 12 23
13 16 19
8 10 13
10 11 27
0 4 9
3 4 20
18 19 20
19 19 23
7 9 13
1 2 19
5 7 24
7 9 9
11 13 3
3 5 28
18 19 18
5 9 25
6 9 8
19 19 13
6 10 16
9 10 26
11 12 30
3 4 2
2 5 8
6 7 1
5 6 3
5 8 3
14 14 4
6 9 24
19 22 14
2 3 2
6 9 10
8 9 18
6 7 16
12 12 11
12 13 20
14 17 25
23 2 21
23 0 4
9 10 29
9 12 5
3 6 14
15 17 2
10 11 13
8 9 13
11 13 22
21 21 27
9 12 4
4 7 28
8 10 25
11 13 25
20 22 30
11 13 18
14 17 26
18 21 9
15 16 9
19 21 14
15 17 6
7 9 6
6 8 21
19 20 1
0 2 30
8 9 17
18 19 3
9 9 8
10 11 10
23 1 26
13 16 18
18 19 2
1 4 26
15 18 18
2 4 25
2 5 23
17 20 18
16 18 3
21 0 7
3 6 17
11 14 4
8 10 17
3 5 18
11 11 15
18 19 4
1 4 21
1 4 8
15 17 11
17 21 30
18 18 10
13 16 18
16 19 17
14 17 13
11 13 9
1 3 8
7 10 11
4 6 4
17 19 26
12 14 22
20 23 18
21 0 12
14 15 23
21 0 2
0 2 8
21 23 14
6 7 11
0 3 22
5 7 30
16 18 3
1 3 8
2 4 18
11 11 10
18 21 1
16 18 27
7 9 22
5 6 22
6 9 9
12 14 28
19 20 17
11 12 8
3 5 26
19 20 27
23 0 11
9 11 28
3 5 15
6 10 4
7 9 18
2 4 25
21 23 10
18 19 24
17 19 22
1 2 5
6 8 23
9 10 7
4 6 3
15 19 30
0 2 10
10 14 17
5 8 7
18 19 4
22 22 18
14 15 14
5 7 5
3 4 23
8 10 19
22 23 13
14 15 14
1 2 6
7 10 3
21 23 22
15 17 21
16 19 23
2 4 16
22 0 29
2 5 13
7 8 6
3 7 20
19 22 24
13 16 11
4 7 26
7 8 26
3 3 20
14 16 17
10 14 15
7 8 19
10 12 21
19 19 16
4 6 19
18 21 25
1 2 20
16 18 5
12 14 23
21 21 3
9 12 7
22 0 15
7 9 30
14 17 30
4 4 13
20 22 12
8 12 14
7 8 3
10 10 13
6 6 7
10 12 12
18 19 24
13 15 22
10 13 21
7 9 19
10 12 19
19 23 10
18 19 11
14 17 22
4 5 2
0 0 9
21 1 26
18 21 11
13 14 22
11 14 7
22 1 10
2 2 26
21 0 6
15 15 10
1 3 16
12 15 4
9 11 28
0 0 14
17 20 9
16 17 22
16 19 20
15 18 12
2 3 22
17 17 21
9 11 24
18 21 5
14 16 24
5 7 13
7 10 24
20 21 11
15 16 17
0 0 17
2 5 13
22 0 6
12 15 30
6 9 26
12 13 22
13 14 17
23 1 20
2 5 3
3 5 7
8 9 1
20 21 27
4 7 16
1 3 16
16 17 28
15 17 16
22 21 2
21 0 29
2 2 12
14 16 15
20 21 9
2 3 25
19 21 11
13 15 2
6 7 20
13 15 7
19 19 21
23 23 24
1 2 16
16 18 2
3 6 9
22 1 18
5 6 10
15 16 16
11 14 1
18 21 16
17 17 17
22 23 11
2 5 10
13 15 26
12 12 29
0 1 18
11 14 21
3 4 12
1 4 19
1 3 19
1 5 19
6 7 19
12 14 15
2 5 17
10 12 27
21 22 30
13 14 21
10 12 25
22 23 30
16 18 6
10 13 11
13 15 5
4 7 18
21 0 1
23 23 14
21 0 14
3 3 22
2 4 19
20 0 24
6 8 5
22 1 14
10 12 3
23 1 17
22 0 28
15 18 12
2 4 18
9 10 19
15 15 26
14 16 28
19 22 20
19 22 10
15 17 7
3 4 13
12 14 6
0 4 17
19 21 2
10 11 23
9 12 17
11 14 5
8 8 25
1 4 1
20 21 17
23 23 14
8 10 6
10 11 7
15 17 12
7 7 21
6 8 6
5 8 15
13 14 3
22 0 7
23 1 12
10 11 2
2 4 22
5 5 9
9 13 2
11 13 8
21 0 30
1 4 16
21 20 12
13 14 23
23 1 16
15 17 9
18 20 20
10 13 11
5 8 12
9 12 27
16 17 28
14 15 8
1 3 26
9 11 29
6 7 22
18 20 24
11 12 10
3 5 7
4 5 10
22 23 10
3 4 5
14 15 16
2 5 17
15 18 24
17 18 26
11 14 27
4 6 26
14 16 2
1 2 4
13 15 30
17 19 22
21 23 22
19 20 9
14 16 18
22 0 24
9 12 3
18 22 28
13 14 9
18 19 7
2 4 4
12 14 2
9 12 22
11 13 26
23 1 10
2 6 8
2 4 30
10 11 19
11 13 1
7 8 11
5 8 25
11 12 13
23 23 11
18 20 22
9 10 17
18 19 13
22 0 18
9 11 21
18 18 26
17 20 22
18 20 20
17 19 1
14 16 28
13 15 5
3 5 21
13 16 1
14 14 12
9 11 3
13 14 9
3 6 18
2 6 12
8 10 9
16 17 3
23 1 17
22 1 25
23 1 30
10 11 2
18 20 7
4 5 18
13 15 4
23 3 21
3 5 1
9 9 19
23 0 29
16 18 19
6 8 18
4 7 28
4 6 18
20 0 27
18 20 28
4 4 12
9 11 3
6 9 21
4 7 26
17 19 23
3 6 11
20 22 4
3 6 27
12 15 24
0 2 11
16 18 21
5 8 9
19 19 8
17 19 13
1 3 10
17 20 25
2 4 25
19 20 15
3 4 12
5 7 10
10 13 11
19 20 12
19 21 22
12 15 25
13 13 1
22 23 12
11 13 1
17 19 15
13 15 15
1 3 30
23 2 9
15 15 24
23 1 13
1 3 15
5 7 9
4 8 2
4 6 18
10 13 15
9 12 5
16 19 3
1 1 27
10 11 6
8 9 17
8 8 20
5 7 16
14 16 20
22 0 8
18 19 4
16 18 13
6 6 19
18 21 25
3 3 14
21 0 13
22 2 27
9 11 24
19 0 14
2 6 23
7 9 20
16 19 15
18 19 1
14 15 16
1 3 30
5 7 8
5 8 23
8 8 7
23 2 28
14 16 7
15 18 7
0 4 28
14 16 3
5 6 6
21 22 17
0 3 27
0 2 4
7 9 5
13 16 19
10 13 1
10 10 9
8 10 10
0 2 26
11 13 20
23 1 13
18 19 1
3 5 11
13 15 7
18 22 13
15 17 25
21 0 22
8 12 12
17 20 2
23 0 15
20 22 7
13 16 23
11 12 9
18 21 25
7 8 30
23 3 30
0 1 24
12 14 25
9 12 8
22 0 12
3 5 29
14 16 8
18 19 29
21 22 13
13 14 22
22 23 10
1 2 1
3 5 25
18 21 18
11 13 14
3 5 30
2 5 28
15 19 30
14 17 7
7 9 8
7 9 24
11 13 21
16 19 4
4 6 2
18 21 2
1 3 11
3 5 14
8 11 9
6 9 4
13 17 25
14 16 17
4 6 29
17 20 13
6 9 20
7 9 6
0 2 27
19 21 25
22 23 16
16 18 25
7 10 6
23 1 8
18 21 15
15 19 5
17 18 23
23 0 5
2 5 26
19 23 2
8 10 5
9 11 12
3 5 13
22 23 26
2 3 21
19 23 10
8 10 20
10 12 26
9 12 17
17 19 12
2 3 4
20 0 20
0 2 13
2 5 18
18 20 20
0 3 6
23 2 30
4 7 15
13 15 4
17 20 18
5 6 22
20 22 27
12 13 28
21 21 3
16 18 17
4 6 2
3 4 4
20 21 21
15 15 28
5 6 3
9 12 1
21 23 13
12 14 21
14 17 6
21 23 4
4 5 4
20 20 14
5 7 19
12 13 6
9 10 14
5 7 21
13 15 18
9 12 20
9 11 1
5 8 2
1 5 9
16 17 16
3 5 24
12 14 14
19 21 5
19 23 29
2 0 20
22 23 19
5 8 22
7 8 17
12 13 7
