610 30
20 15 4 3 30 7 22 7 10 9 10 15 13 11 10 3 9 26 25 16 23 6 26 11 9 18 14 22 16 25 
20 22 7
5 6 18
18 21 23
21 23 13
20 23 2
18 21 20
14 18 2
7 10 6
6 9 15
19 21 25
23 3 10
16 19 6
9 12 27
16 19 15
9 11 21
18 21 11
0 2 14
2 5 26
1 5 10
22 2 3
14 16 10
7 10 24
7 8 17
23 0 14
13 15 6
12 15 19
6 8 3
8 10 29
5 9 23
2 4 1
21 1 3
23 1 21
6 9 12
23 1 25
15 17 30
13 15 23
11 13 13
17 19 1
22 1 25
17 17 17
0 2 14
15 16 16
19 20 9
0 2 11
18 20 9
19 22 26
10 11 17
7 12 9
17 19 15
12 14 27
8 10 26
1 4 10
15 17 7
12 13 14
6 9 19
18 20 19
13 15 20
21 22 23
5 6 9
14 17 16
9 9 9
22 23 18
12 13 4
13 13 10
22 22 8
12 15 30
22 0 3
4 4 11
13 16 8
3 6 22
21 0 13
18 22 30
5 6 17
22 1 13
14 15 10
3 5 5
6 8 25
2 3 10
20 1 13
12 13 15
4 7 25
0 2 12
2 2 25
12 14 30
21 22 24
1 2 8
4 6 29
15 17 10
12 13 22
6 10 18
8 10 12
5 7 5
9 10 21
5 8 24
13 14 5
6 7 14
17 21 21
6 8 15
1 4 19
21 22 9
11 14 18
8 11 2
16 18 10
17 18 8
20 23 28
5 8 8
10 13 25
5 7 8
2 5 14
8 11 24
0 1 2
19 20 5
12 13 30
19 21 11
15 17 27
6 10 20
16 18 26
20 23 9
8 10 12
6 7 18
16 19 9
11 15 1
4 4 23
18 21 26
11 13 29
8 8 24
9 13 12
9 10 26
0 3 9
14 14 30
9 11 26
3 4 23
16 16 27
10 11 20
4 7 17
19 20 21
18 19 11
5 6 11
8 10 4
0 3 23
3 4 29
9 12 15
0 2 7
8 11 18
12 12 20
11 12 30
22 1 17
17 19 25
12 14 30
16 18 22
12 14 26
7 9 28
18 18 6
9 11 28
12 15 24
13 14 16
14 18 26
16 19 12
10 12 29
22 0 21
20 19 1
3 4 4
3 5 2
7 9 3
13 15 16
22 1 18
7 10 23
16 18 11
21 1 4
12 14 4
20 22 29
19 21 18
23 2 27
9 10 18
23 23 27
8 10 19
3 6 11
5 6 3
14 17 12
11 12 2
1 4 5
12 14 19
4 6 20
1 4 21
22 1 20
0 2 14
17 19 7
5 8 28
22 0 14
0 2 10
15 18 6
23 0 7
2 6 23
9 11 13
20 21 29
8 9 4
17 17 29
15 16 3
13 14 1
0 1 25
15 17 23
7 10 4
5 7 23
3 4 25
16 18 23
13 17 15
18 20 11
2 4 12
21 23 12
20 23 8
17 20 11
15 18 3
10 10 25
19 21 13
8 11 7
4 7 14
16 18 26
13 14 25
8 9 13
20 23 28
19 20 28
8 8 2
13 13 15
10 12 9
0 2 15
8 10 28
19 21 13
16 18 30
10 11 12
21 23 14
7 9 16
10 13 22
9 11 14
15 18 5
4 6 7
14 15 12
14 17 27
17 18 12
7 8 23
9 11 1
3 4 4
19 22 9
13 15 21
7 9 26
11 12 30
20 22 5
10 10 24
23 1 28
1 4 26
0 2 8
7 8 2
23 23 18
7 11 29
5 8 10
22 1 25
14 16 12
13 15 13
16 20 22
18 19 27
17 19 25
6 8 10
8 12 11
23 1 11
6 8 14
13 15 13
2 3 20
4 7 22
20 22 14
21 23 13
20 22 15
5 7 23
23 1 18
5 8 19
0 2 22
1 2 27
5 8 4
10 11 18
8 10 1
9 12 20
4 7 11
5 9 7
13 15 10
10 12 16
23 2 25
6 9 22
19 21 2
22 22 8
5 9 20
19 20 23
17 19 10
8 11 4
14 15 25
20 22 15
12 15 25
17 18 30
7 11 19
2 4 3
16 17 1
14 16 27
4 5 25
6 7 30
0 2 2
16 19 24
17 18 25
11 15 2
14 17 23
11 13 27
10 13 1
11 14 22
21 1 19
23 2 7
7 7 14
6 8 25
12 14 10
18 20 12
13 16 14
2 3 17
18 19 20
13 16 15
15 17 2
14 16 18
1 3 2
2 4 24
10 13 10
3 5 19
3 4 9
15 17 5
12 14 20
20 23 4
9 11 29
19 22 9
4 7 25
10 13 25
18 19 25
1 3 6
18 20 16
20 22 1
20 0 11
6 8 3
19 22 9
8 10 29
13 16 12
19 21 6
11 13 17
21 23 5
23 0 1
18 19 16
11 12 29
21 2 19
20 21 16
7 10 25
22 0 28
21 0 11
17 18 12
16 17 30
23 2 16
7 9 13
23 2 27
3 4 18
18 21 3
1 3 4
13 14 30
8 10 15
3 4 8
6 8 4
14 15 17
21 22 21
19 23 18
20 22 23
14 16 26
23 2 9
12 15 24
10 12 14
11 11 8
22 0 14
8 11 24
5 8 6
20 22 30
23 2 2
23 1 4
7 8 10
19 22 18
9 11 12
20 23 27
1 4 30
3 4 21
0 2 16
13 15 14
11 14 21
21 0 7
1 3 13
6 8 27
9 11 20
6 8 16
19 21 12
10 11 19
19 21 4
19 21 8
14 15 25
7 10 20
0 3 29
6 8 26
4 7 24
2 4 8
17 18 23
4 6 28
15 17 16
2 4 11
12 14 8
23 1 27
0 2 15
20 22 27
16 17 2
6 6 26
5 4 5
2 4 24
15 18 18
17 19 10
15 19 3
14 17 13
9 12 3
0 1 26
8 9 13
11 13 24
13 17 14
22 0 10
15 17 2
4 5 20
13 15 21
2 4 6
20 21 17
16 18 18
14 14 15
23 1 3
19 21 23
17 20 29
8 9 30
3 4 1
13 15 1
15 18 9
21 23 5
10 11 10
19 21 2
12 14 11
7 8 28
20 21 6
2 5 22
9 12 4
7 8 17
1 1 28
4 6 23
15 17 23
5 5 28
15 17 9
17 19 18
6 7 21
13 15 24
4 7 14
15 18 18
16 18 7
17 18 7
20 22 23
9 10 30
3 4 26
11 13 24
9 10 27
1 3 16
17 19 1
8 9 29
20 20 24
18 19 17
0 3 11
6 8 22
11 13 10
4 7 11
15 18 22
9 11 17
15 16 4
11 12 24
9 11 22
16 17 16
5 8 25
5 5 1
13 16 22
21 1 11
14 18 22
21 23 5
15 18 11
18 20 4
14 13 14
10 12 16
9 12 30
23 1 9
1 2 2
23 0 15
9 11 2
8 10 19
4 7 14
21 22 11
19 21 25
0 4 20
23 1 29
1 5 20
10 14 12
1 3 22
12 14 21
7 8 10
9 12 23
4 6 27
13 13 28
11 13 21
7 8 11
13 16 27
10 11 1
20 20 29
12 14 12
2 3 17
18 20 11
0 0 24
2 4 28
7 10 16
16 17 15
1 2 9
8 9 24
6 8 12
11 15 27
9 10 7
2 4 5
18 20 21
20 21 3
1 3 19
9 11 17
21 22 17
8 10 9
7 10 28
8 10 29
7 9 16
1 2 5
6 8 17
0 1 30
11 15 5
10 11 14
9 11 17
16 18 23
22 0 9
12 13 7
12 13 25
0 2 24
17 19 10
4 6 10
18 22 1
17 17 2
15 16 6
18 19 2
23 2 23
2 6 16
14 17 21
11 15 15
2 2 20
0 2 2
18 19 28
18 19 18
16 17 17
17 18 16
12 15 4
6 8 14
19 21 27
2 4 6
6 9 16
23 1 19
8 10 27
7 9 22
15 18 12
22 0 2
7 11 15
16 17 17
19 20 26
13 15 28
7 10 9
10 13 1
21 0 23
1 2 20
0 2 6
3 5 24
13 14 25
6 9 5
1 2 4
12 14 3
14 16 20
22 0 7
9 11 20
13 15 25
9 10 9
19 20 14
7 9 20
6 7 22
12 15 24
0 0 30
22 23 22
4 6 30
21 0 17
9 11 9
10 13 2
8 10 25
4 7 23
11 13 11
15 18 7
2 5 23
18 21 26
11 12 7
