6120 30
19 26 14 7 14 29 28 19 25 5 27 16 14 29 22 6 24 5 14 26 26 22 29 8 19 17 7 27 21 5 
21 0 12
13 13 8
14 15 24
12 12 15
6 8 22
18 20 4
4 4 5
18 18 12
21 23 1
16 19 7
21 22 23
2 4 17
11 13 17
16 20 18
12 15 14
9 12 1
9 11 26
14 15 21
8 10 6
9 11 26
10 12 8
21 22 20
0 1 3
9 8 15
21 22 15
3 6 23
3 4 23
20 23 1
12 13 16
19 20 14
22 0 21
15 18 29
22 23 27
16 18 22
10 11 6
21 20 24
20 22 6
5 8 26
17 19 4
12 14 16
22 0 11
10 10 3
18 21 20
1 4 1
14 16 20
1 4 22
21 23 17
9 10 23
18 20 19
17 19 14
11 12 3
18 19 7
16 17 8
14 18 5
11 11 18
2 4 18
4 7 21
18 19 29
3 5 8
13 14 22
22 23 3
20 21 25
11 14 22
13 15 23
9 12 6
1 3 25
0 2 19
11 15 24
2 4 30
22 1 6
15 17 4
7 10 11
16 17 8
18 20 5
20 20 10
7 9 29
0 1 26
3 7 21
4 6 13
20 21 22
4 5 23
5 8 5
7 8 22
1 1 12
14 14 11
19 22 5
8 9 3
17 17 8
14 16 1
11 12 15
9 10 21
0 2 6
19 22 1
3 6 1
5 7 30
8 9 23
22 22 18
21 0 2
1 3 1
1 3 1
1 3 16
19 22 17
8 9 11
18 20 20
12 13 1
6 7 4
3 4 8
12 14 16
3 6 15
13 15 22
2 7 24
8 11 30
3 4 15
19 21 18
8 11 16
2 2 27
2 3 22
18 22 19
10 13 23
20 21 24
14 14 3
19 21 17
5 6 17
0 3 15
7 10 23
22 23 26
16 17 21
2 4 21
21 0 7
6 8 8
14 16 7
18 20 24
11 13 4
14 14 12
17 19 9
6 9 20
11 13 14
10 12 15
0 1 15
22 2 5
22 2 3
18 21 3
10 12 4
9 11 26
23 0 26
7 10 6
0 4 23
3 5 18
23 0 12
7 8 1
2 3 27
17 20 11
3 5 4
3 4 21
22 1 5
0 3 9
1 2 13
6 8 22
22 0 4
7 8 13
6 7 5
12 14 11
11 13 17
18 21 6
3 5 16
16 18 13
23 1 27
10 12 22
19 22 18
16 18 18
9 12 10
23 0 5
22 1 24
1 1 27
9 13 28
6 6 1
12 13 24
18 20 18
22 0 12
17 20 26
14 16 4
14 15 29
15 17 2
9 11 18
16 20 17
8 11 11
14 16 18
5 7 16
20 22 21
9 11 27
6 9 23
18 19 23
20 23 1
11 14 10
1 1 16
2 4 30
7 9 26
4 7 9
20 22 8
13 15 13
12 15 18
7 9 28
2 4 11
20 21 18
14 15 3
12 13 5
14 16 11
1 2 2
12 15 20
15 17 7
5 8 6
6 8 1
18 21 18
19 21 25
5 6 2
12 14 6
17 17 8
5 6 26
21 0 20
2 5 27
19 20 4
19 22 12
2 5 26
14 14 26
6 7 18
5 6 14
21 1 2
7 10 21
12 14 15
9 12 20
10 12 10
9 13 6
11 13 3
21 23 13
18 21 20
5 7 1
1 3 11
14 19 30
13 14 8
2 4 29
4 6 21
10 12 14
18 19 24
18 19 12
0 4 14
2 4 15
22 0 8
3 6 28
9 11 21
5 8 21
21 22 4
11 12 19
15 17 11
11 13 12
5 5 28
19 22 14
4 6 6
3 5 22
10 11 12
18 21 1
14 16 9
15 19 19
13 16 5
8 9 14
15 17 23
15 17 12
2 6 13
0 2 22
16 18 19
0 1 20
7 9 26
11 13 23
22 0 15
10 11 30
22 0 12
14 15 28
14 16 23
16 18 11
1 3 24
4 8 21
5 8 28
19 22 20
12 14 15
0 1 6
12 14 23
10 11 28
3 4 12
4 6 8
21 23 17
11 12 5
5 6 13
4 5 27
16 18 15
1 2 24
12 14 19
8 11 7
22 23 5
12 14 10
2 4 30
9 11 19
14 16 9
3 5 2
11 12 23
8 11 16
8 10 2
12 14 26
11 14 15
8 11 18
6 8 13
0 1 10
3 4 7
8 11 2
20 22 1
6 8 14
16 18 8
21 23 23
5 7 16
18 21 28
11 13 7
13 15 2
12 14 4
0 2 1
11 15 27
21 22 22
7 10 28
21 22 23
5 6 12
19 21 1
12 15 29
11 12 14
19 22 22
23 1 15
6 9 30
10 14 18
6 8 14
15 18 20
21 0 18
16 18 16
21 23 20
18 20 29
17 19 23
14 17 7
9 13 11
1 2 11
9 11 23
8 10 12
19 22 12
18 22 19
22 22 16
13 14 12
18 20 6
0 2 29
21 0 30
20 21 7
12 14 6
22 1 11
11 15 28
23 0 20
14 16 22
10 13 7
11 12 1
6 6 20
6 8 16
19 20 1
2 6 14
22 23 8
23 1 14
4 6 16
4 5 28
19 23 22
20 1 16
13 16 11
10 11 19
0 2 22
5 7 16
16 17 30
2 5 10
2 4 22
18 21 7
7 11 11
19 21 25
21 22 6
1 3 20
20 23 25
14 15 22
15 18 26
17 17 17
21 23 21
11 14 4
14 17 6
21 1 19
18 20 3
3 6 9
12 14 25
16 17 21
17 19 8
10 12 28
0 1 11
3 6 7
13 15 9
10 12 8
17 18 28
12 13 6
12 12 13
15 16 17
1 3 16
10 11 6
3 4 13
3 6 19
4 6 9
0 2 3
4 7 20
1 3 29
18 20 18
11 14 23
23 1 29
22 0 29
20 23 30
12 13 2
0 5 21
15 18 17
14 18 6
4 5 24
23 2 2
21 0 1
8 11 4
1 4 16
2 4 5
19 20 19
5 7 2
11 14 16
11 13 11
8 10 12
20 23 22
23 2 21
22 1 5
8 9 29
13 16 23
16 17 20
11 13 6
6 8 30
4 6 10
18 21 30
22 23 21
23 1 23
14 16 17
14 17 5
0 0 11
3 4 7
5 8 30
17 21 30
13 15 11
2 4 30
22 23 13
20 22 6
21 23 29
0 2 5
21 22 18
20 23 20
14 15 21
2 3 1
11 12 1
23 0 15
9 11 24
1 3 3
23 3 7
12 15 22
17 20 28
18 21 8
4 5 24
17 19 27
23 1 27
13 15 18
4 6 10
18 19 12
14 16 6
23 3 24
7 7 11
11 13 15
18 21 5
17 21 24
19 21 28
17 17 23
20 21 9
15 17 15
12 14 24
9 11 12
0 0 7
22 2 8
2 6 26
0 2 22
11 13 1
4 5 25
5 8 1
8 9 17
20 22 4
2 4 2
21 22 24
9 11 11
15 19 5
9 10 21
5 7 16
19 21 23
15 16 19
19 19 22
4 5 8
14 15 6
7 9 23
7 9 28
8 11 22
9 11 23
16 17 20
19 23 26
5 7 12
7 10 30
23 0 7
17 20 4
17 19 8
22 23 7
9 12 2
9 10 26
12 14 26
9 12 23
9 9 21
17 17 4
7 10 9
17 19 9
12 12 30
6 7 22
18 18 28
9 11 15
13 16 28
16 18 10
5 7 11
4 5 19
20 1 23
10 11 29
7 10 30
1 4 29
11 13 15
0 1 24
12 15 16
12 12 26
20 23 25
2 4 2
19 20 8
7 10 4
0 2 27
12 15 18
0 3 29
21 23 23
9 11 9
7 10 15
1 3 13
16 17 22
14 16 2
9 11 5
11 12 21
1 3 17
2 4 26
15 16 20
16 20 29
12 12 2
23 23 10
12 15 7
6 8 15
1 4 8
5 8 2
16 17 15
7 9 2
0 1 19
19 21 17
23 2 14
5 8 15
3 2 23
2 4 1
0 1 15
2 2 4
9 11 6
2 5 3
15 16 8
20 23 8
13 16 3
8 11 23
6 8 16
12 15 1
10 12 6
3 4 13
17 16 5
9 9 16
3 7 4
23 0 28
19 21 4
0 2 16
9 9 4
6 9 13
18 21 27
16 18 26
8 12 19
21 0 4
2 6 29
12 14 8
12 15 26
4 7 5
8 11 6
8 11 22
12 14 29
14 17 16
8 10 5
6 8 3
19 21 28
10 11 26
20 22 11
14 17 6
16 17 10
6 8 24
9 11 10
16 19 10
7 8 6
21 23 17
1 3 14
13 17 23
3 5 6
15 18 11
2 4 25
17 19 25
21 0 29
20 0 24
9 12 19
23 23 27
23 1 24
14 17 12
5 7 12
23 23 22
19 21 6
17 19 20
9 12 24
21 23 2
17 19 6
6 7 30
4 7 24
19 19 15
11 12 23
13 16 28
8 11 16
9 10 15
0 0 22
6 9 26
15 18 24
12 15 17
8 10 19
13 14 12
16 17 8
11 14 12
0 2 22
15 18 11
5 7 9
9 12 17
4 6 15
18 20 5
19 21 2
1 1 2
7 9 3
3 3 17
6 8 3
16 18 26
0 1 22
8 10 16
9 11 27
12 14 14
9 10 29
10 12 25
20 23 26
3 5 30
0 5 4
5 8 16
15 15 6
20 21 30
1 4 2
8 10 4
0 3 20
4 6 17
14 15 18
6 8 19
2 2 25
2 4 5
1 3 28
15 18 7
12 14 27
3 4 30
7 9 16
22 1 11
6 9 4
6 9 11
11 12 11
23 0 25
17 19 28
2 3 16
4 7 18
8 12 21
18 20 16
19 21 17
0 0 1
21 21 10
16 19 18
17 18 3
18 20 12
16 19 3
8 11 12
13 16 18
0 1 5
2 4 30
8 10 21
22 0 13
8 11 1
10 10 13
16 20 3
22 0 3
7 9 18
10 11 18
14 15 15
3 5 13
8 11 13
3 6 4
19 20 11
4 8 16
17 21 6
20 22 8
4 6 7
4 6 24
3 4 13
1 4 11
22 2 28
12 15 18
14 16 7
21 0 27
15 17 9
9 10 9
10 14 16
11 12 1
10 11 3
10 11 30
20 21 28
6 9 22
11 12 13
21 23 5
5 7 24
15 16 2
3 4 22
9 11 6
14 17 14
1 2 3
23 1 20
3 4 17
0 2 18
2 4 28
6 8 11
4 6 24
20 23 22
3 4 14
4 7 30
0 3 25
3 4 29
4 5 24
21 22 17
15 16 18
14 18 20
7 11 6
15 16 3
11 13 21
8 11 4
18 19 2
0 2 27
6 8 17
12 15 1
0 3 7
23 0 7
13 15 19
19 22 10
0 0 8
11 14 10
14 15 16
6 7 9
15 17 27
13 13 14
9 11 14
19 22 27
16 18 19
14 18 1
14 15 24
3 5 19
21 23 4
3 6 28
21 23 3
16 19 20
15 17 16
18 22 24
14 14 13
22 0 26
23 1 19
4 6 23
1 4 1
2 5 26
13 16 8
8 8 24
1 4 13
4 6 19
9 10 7
10 12 20
13 14 20
1 1 9
19 22 1
3 7 27
23 1 23
20 22 29
20 22 10
7 10 11
15 17 2
7 10 13
12 12 6
22 0 1
6 9 13
15 17 28
7 10 29
20 22 13
16 19 29
1 3 10
11 14 22
5 7 28
4 6 24
4 6 8
17 21 15
2 4 2
20 23 15
22 0 24
21 22 20
10 13 15
13 17 2
3 6 21
14 16 20
3 4 3
22 0 16
18 20 30
8 9 11
19 21 16
0 1 20
8 10 17
14 15 14
8 11 23
11 15 15
2 5 24
20 20 7
16 16 1
8 10 2
17 20 15
17 21 5
1 2 6
7 9 21
8 11 14
15 17 17
17 19 8
15 18 15
4 6 10
20 23 13
15 17 26
14 17 29
1 2 27
13 14 20
21 22 7
2 5 27
1 2 6
1 2 7
15 17 26
3 6 8
18 18 5
15 16 7
5 6 30
6 7 20
19 19 15
19 21 19
9 13 1
2 6 14
2 1 17
21 23 23
2 4 23
1 1 27
14 16 15
14 17 15
22 23 13
16 17 24
14 14 22
16 15 21
16 19 6
14 15 26
7 8 9
2 5 5
20 23 18
3 5 28
8 9 27
0 4 14
2 4 13
8 11 19
21 0 22
23 0 18
12 13 4
23 1 29
0 2 8
12 16 22
16 19 22
2 5 24
18 19 9
3 6 2
7 10 28
12 15 7
8 10 20
4 7 25
3 6 8
6 7 3
8 8 13
15 15 3
8 10 17
0 2 5
14 16 23
7 9 29
8 10 14
16 19 16
4 7 3
16 18 10
8 11 14
11 13 24
4 4 2
19 21 4
12 13 22
15 17 26
5 5 5
7 9 18
18 20 29
8 9 8
21 22 26
7 10 10
16 18 18
9 12 13
4 5 30
22 23 25
3 6 8
23 23 16
9 10 8
0 2 10
23 2 4
10 10 2
5 8 24
12 13 9
23 1 5
21 0 3
17 20 24
21 22 11
20 23 9
19 19 23
13 14 11
6 8 14
6 8 14
19 21 10
22 23 28
0 2 16
0 1 29
1 3 14
23 1 21
22 0 8
6 9 1
17 19 16
2 3 27
11 14 23
2 4 17
8 11 24
18 21 30
6 8 20
18 18 25
17 18 20
0 1 12
16 19 20
14 16 3
9 10 7
2 3 30
7 9 3
3 5 18
17 17 19
21 23 22
17 18 17
2 4 25
1 3 24
1 2 14
11 13 28
1 4 13
10 12 15
13 15 15
12 15 16
22 0 9
1 3 2
5 9 6
3 7 8
7 9 18
19 21 23
11 14 18
23 1 3
22 0 10
14 17 23
23 2 14
15 17 2
7 10 8
22 0 15
19 20 13
16 18 19
1 4 6
10 11 10
17 19 16
15 18 4
3 5 26
11 13 21
3 4 3
22 23 1
21 0 18
0 3 3
23 2 29
19 19 7
13 14 2
21 22 8
6 7 20
0 2 16
7 10 11
0 2 26
2 3 15
10 12 10
2 4 22
8 12 26
13 14 10
10 13 13
11 12 20
7 8 29
12 16 28
6 8 6
11 13 12
21 23 26
3 5 19
20 21 15
20 21 18
11 13 18
19 22 23
23 3 14
0 1 15
23 2 19
2 4 2
18 18 29
9 10 16
22 0 16
15 17 3
13 16 21
15 16 23
22 2 23
18 21 11
3 5 29
18 20 4
15 17 10
13 15 27
11 15 30
4 8 29
1 5 4
12 15 7
11 14 20
20 21 21
17 18 27
14 18 18
22 2 12
11 13 12
3 4 15
2 5 11
18 20 22
3 6 30
10 12 1
2 4 8
21 23 5
6 5 21
12 14 8
23 3 18
19 22 3
11 14 9
9 11 20
9 12 9
17 20 29
18 20 30
4 5 23
14 15 28
12 15 7
23 1 14
5 8 27
1 4 25
12 12 7
6 8 4
10 13 22
10 12 28
7 9 13
0 4 6
22 0 27
13 16 27
12 15 13
23 2 23
9 11 28
13 14 30
1 3 18
18 20 26
10 11 13
20 21 25
1 3 12
10 12 15
21 23 26
14 16 3
21 23 10
0 2 26
16 19 10
0 3 8
4 7 24
1 3 11
9 12 15
9 9 26
16 18 22
1 2 16
10 13 4
6 8 14
11 14 15
16 19 20
0 3 4
10 13 13
16 19 10
5 6 18
18 21 4
17 21 1
12 13 29
20 23 15
7 12 28
19 20 16
8 10 25
4 5 28
22 23 16
23 2 24
19 21 4
13 16 14
17 18 23
5 7 22
21 22 24
15 17 24
18 20 5
6 7 5
7 9 22
0 2 23
14 16 30
18 22 19
1 2 8
9 13 7
19 22 15
5 5 26
12 13 22
13 15 20
2 5 7
6 7 14
10 13 30
3 6 18
13 15 20
9 12 23
17 20 13
1 5 9
23 1 23
0 2 10
20 22 30
1 3 26
13 14 11
3 5 30
7 8 21
17 19 21
22 22 15
5 6 10
13 15 10
15 17 10
5 8 9
23 1 10
15 16 17
10 11 28
5 8 2
22 1 19
8 11 12
8 10 7
18 21 24
20 23 24
9 12 5
12 17 23
10 13 27
21 22 11
11 13 19
1 2 15
15 19 3
10 12 22
10 12 7
14 15 9
15 18 14
7 9 29
9 11 5
9 13 13
11 14 7
20 23 28
0 3 4
20 23 22
21 23 2
20 21 27
22 0 25
22 22 3
19 20 5
6 10 1
17 21 16
8 10 15
8 10 14
17 19 25
19 22 23
8 11 13
4 8 14
21 22 9
10 13 15
22 2 28
19 20 12
7 7 4
20 22 5
6 8 7
7 8 14
6 8 17
20 20 6
14 18 11
1 2 15
6 7 11
0 1 2
7 11 4
21 0 16
12 13 17
18 21 6
13 16 21
6 10 6
5 6 15
17 19 25
11 12 18
1 1 27
18 21 6
8 11 15
10 11 5
5 7 20
2 5 9
0 3 28
10 12 8
9 10 26
4 6 1
5 8 2
13 15 13
22 1 8
12 15 18
2 5 4
17 19 4
0 2 4
18 18 27
11 13 4
23 0 9
12 12 6
5 5 10
2 3 22
14 16 9
17 19 10
15 18 24
0 2 1
18 21 10
19 21 22
6 8 8
14 16 29
3 5 3
13 13 27
18 20 14
6 7 26
13 15 14
22 0 1
18 19 11
10 11 25
22 0 30
14 16 22
2 4 5
20 19 8
5 7 12
19 22 11
14 17 22
17 18 8
7 9 4
4 6 28
19 19 20
17 21 20
19 20 22
14 15 17
14 15 8
20 23 22
16 17 23
21 22 11
1 4 16
5 6 28
15 17 12
22 22 1
7 10 13
21 0 7
13 15 17
5 8 23
13 16 26
6 8 26
20 22 15
8 11 19
17 20 13
19 20 23
7 10 29
18 21 5
10 12 23
0 3 1
11 11 8
0 3 26
12 15 23
12 13 15
23 1 6
5 5 6
9 10 8
16 16 29
5 8 1
2 3 21
14 15 8
3 7 19
4 6 18
1 2 1
9 12 7
17 19 9
0 0 1
17 17 4
1 3 29
8 10 2
23 1 11
15 17 1
10 14 12
17 18 21
15 16 9
0 2 21
23 2 3
10 12 25
9 10 6
6 7 14
8 10 25
18 19 23
15 18 21
10 12 2
16 16 1
17 18 27
12 12 12
2 3 25
18 20 13
0 2 4
20 22 7
19 21 13
19 21 19
16 17 16
9 12 20
21 22 20
19 21 8
0 4 19
1 2 23
12 13 26
9 12 21
2 5 22
3 6 24
23 2 10
20 21 20
12 15 15
12 13 8
7 10 13
20 21 3
21 0 7
22 0 4
16 19 7
15 18 5
6 8 25
7 8 14
2 5 7
3 4 14
10 10 1
3 4 6
6 8 10
8 10 20
18 21 27
9 13 3
3 4 19
6 8 9
8 10 20
1 3 16
14 16 17
17 19 1
22 0 2
5 8 26
15 17 21
16 18 2
23 2 18
16 19 13
20 22 11
2 3 12
3 5 24
12 14 15
7 11 28
9 12 25
5 7 13
14 16 2
14 16 9
0 4 17
19 22 11
13 15 28
20 20 10
5 9 18
10 11 11
0 2 23
20 22 30
18 20 2
1 4 23
22 22 16
12 16 29
21 23 16
2 3 15
19 22 26
9 10 20
18 18 22
3 5 14
8 10 1
15 16 29
20 23 2
19 21 30
15 17 3
15 17 14
16 16 13
19 22 25
1 3 26
9 10 30
23 2 16
4 5 16
9 11 18
14 16 22
1 4 2
17 19 16
18 20 5
12 15 14
14 16 11
20 21 25
20 22 4
13 14 28
5 8 24
5 5 13
20 22 11
8 11 23
20 20 29
8 8 8
1 2 3
21 1 14
18 20 4
20 21 23
10 12 18
15 17 2
11 14 26
0 2 10
22 1 7
18 19 23
4 7 8
21 0 8
14 17 23
13 16 19
17 20 15
13 14 7
4 6 22
14 16 17
23 1 13
4 8 6
3 5 7
11 14 16
19 20 9
9 8 16
12 15 3
7 8 20
20 21 19
0 1 19
4 5 8
22 1 13
18 20 18
12 14 14
21 0 17
13 14 29
23 2 13
1 3 16
10 11 29
16 18 5
7 11 16
3 5 14
17 17 6
15 17 6
8 12 6
15 20 5
9 12 4
11 14 19
20 23 23
13 16 14
9 10 7
6 9 6
17 18 17
23 23 26
21 22 2
23 0 3
11 13 10
12 14 28
0 1 11
23 2 12
16 17 4
23 1 16
4 7 19
2 4 24
3 6 22
6 7 13
3 5 8
10 13 9
14 17 27
3 3 28
21 0 3
21 1 23
21 23 18
15 19 8
17 18 7
8 10 4
4 5 5
13 16 26
0 2 6
19 21 24
4 6 25
2 3 11
7 8 7
9 12 19
17 18 23
17 20 30
19 22 23
23 2 1
8 8 3
18 18 2
2 5 27
3 4 2
7 8 1
11 12 29
1 3 3
1 3 29
11 13 3
14 14 30
6 8 24
11 12 1
9 12 15
15 17 12
23 1 17
6 10 29
11 13 8
21 23 8
6 8 13
11 12 24
7 8 14
15 18 27
4 6 28
20 22 6
18 19 20
16 18 26
12 14 13
11 13 20
23 1 13
11 14 19
20 22 27
22 0 11
22 1 2
16 18 12
8 11 27
5 7 18
13 15 6
5 8 6
3 5 5
23 0 21
11 14 1
13 14 13
15 17 24
6 8 4
7 10 15
6 8 2
13 15 17
6 7 3
20 22 17
16 17 10
3 7 23
15 18 13
8 9 21
11 14 20
12 13 15
4 5 3
20 23 29
21 0 13
2 5 14
11 13 1
8 11 19
22 23 16
6 9 26
20 23 16
13 14 23
13 14 13
18 20 13
11 15 30
22 0 13
6 9 12
1 3 22
6 7 17
10 11 20
14 16 27
14 16 21
4 7 5
7 9 30
23 0 25
8 11 23
22 2 20
21 0 16
22 1 26
5 7 25
6 7 26
20 21 22
14 18 26
21 0 15
7 9 8
1 3 2
18 19 20
20 22 7
4 5 25
7 11 12
20 21 18
18 20 13
6 8 7
9 10 1
13 15 21
14 16 15
5 7 11
22 23 27
14 17 6
6 8 10
18 19 16
6 9 20
8 11 12
5 7 22
7 12 6
2 5 17
8 10 14
16 18 25
23 1 1
16 19 13
12 13 16
8 9 13
4 5 25
7 7 3
17 19 20
15 18 8
17 18 28
11 12 4
0 1 10
19 23 10
22 0 4
5 7 11
20 21 10
19 21 25
11 14 20
10 12 9
17 19 5
1 5 22
17 19 23
12 14 1
14 14 20
0 1 23
6 7 17
4 8 30
8 10 1
4 5 30
4 6 23
3 5 23
18 20 16
14 17 20
23 0 2
4 7 13
8 9 14
5 6 14
10 11 5
15 18 17
14 17 7
16 18 27
7 9 22
7 9 25
11 14 21
22 23 4
8 9 17
8 10 8
14 17 25
20 22 19
8 11 17
0 2 11
3 3 22
0 2 11
21 0 22
20 21 18
2 2 24
11 13 20
23 1 21
15 17 28
17 18 6
8 9 11
0 2 23
12 16 22
11 12 26
18 19 29
5 7 1
5 7 28
11 13 19
20 23 13
23 1 16
9 10 12
14 14 10
16 17 26
19 21 9
6 5 19
10 13 29
16 18 5
8 11 17
3 4 11
16 20 8
8 10 9
13 14 5
22 0 5
8 10 9
4 7 15
17 18 20
17 20 20
13 13 26
10 12 12
16 18 11
14 17 5
2 4 28
19 21 29
16 20 9
8 11 15
18 19 13
15 15 8
10 12 29
14 16 12
16 17 3
21 0 11
22 23 14
18 19 26
13 14 1
3 5 4
10 10 1
1 3 5
12 14 13
16 18 17
21 23 26
7 9 30
5 8 17
8 10 1
13 15 7
7 10 27
13 18 16
4 5 9
12 15 3
5 7 20
9 11 16
16 18 12
7 12 19
12 15 4
17 17 2
12 14 30
21 23 18
10 13 17
23 2 29
18 21 15
9 11 20
11 12 2
17 20 12
18 21 29
22 0 20
1 2 15
19 21 23
0 2 8
20 0 26
17 19 13
1 3 28
1 4 21
20 21 26
4 5 3
7 8 22
11 13 24
6 5 28
14 15 5
2 6 16
13 15 30
22 0 1
13 16 26
15 18 9
17 19 30
18 20 27
10 11 28
7 8 12
23 2 26
15 17 25
5 6 17
21 23 25
17 19 17
6 9 15
15 17 22
20 1 9
6 9 17
8 9 15
21 23 14
16 17 20
18 21 12
4 6 27
0 1 26
14 18 7
1 2 26
21 0 17
12 14 22
19 21 28
20 23 3
23 2 12
8 10 6
0 3 26
20 22 11
17 18 27
4 6 28
10 11 16
4 5 12
9 11 22
10 13 27
22 0 29
15 17 27
6 9 12
19 20 21
20 23 4
1 4 12
5 8 11
21 22 25
19 21 17
18 20 1
8 9 10
17 18 2
15 18 8
4 6 21
17 19 10
1 0 19
7 10 9
22 0 29
22 0 10
22 0 30
1 4 4
2 4 1
20 21 15
3 5 14
6 7 2
17 19 11
21 22 3
6 9 28
17 19 27
2 5 30
4 7 25
5 8 13
4 6 26
17 18 9
4 7 27
4 6 11
13 16 14
11 12 9
13 15 21
19 21 20
0 2 16
17 20 2
10 11 7
8 9 8
21 23 30
22 0 21
22 22 19
7 9 8
12 14 14
18 20 12
5 8 22
5 7 15
17 18 24
1 2 4
23 0 2
6 8 6
2 4 24
0 3 27
20 20 18
6 8 16
12 13 13
23 1 30
7 10 13
18 20 20
3 4 20
12 13 6
22 1 22
4 5 16
6 9 15
19 22 14
0 1 12
9 12 15
14 16 12
12 14 28
2 6 13
5 8 14
1 4 13
11 12 12
22 22 15
7 11 24
21 22 24
22 0 22
18 20 20
2 4 28
10 12 22
21 1 21
10 12 10
20 0 10
9 12 29
2 5 2
22 0 7
3 5 13
13 14 2
22 1 27
9 12 18
0 2 18
5 7 15
7 10 20
17 19 10
10 10 22
9 12 19
1 2 23
22 23 26
3 6 26
14 16 19
12 15 21
11 14 3
7 9 25
10 12 11
10 12 14
16 18 17
3 6 2
23 2 27
18 20 26
3 6 1
10 10 13
4 4 30
9 11 5
3 4 7
13 15 2
15 16 6
15 19 12
8 10 22
14 16 8
6 8 30
12 15 23
2 5 28
1 2 4
22 1 9
2 3 15
8 10 4
23 1 27
18 19 3
23 0 25
16 18 1
12 13 18
13 14 2
8 12 13
4 8 17
15 17 2
12 15 12
0 2 21
7 7 8
18 20 10
13 16 24
16 18 26
6 8 20
11 15 29
4 5 6
17 20 29
6 9 14
2 4 5
23 0 16
14 16 15
15 18 24
19 20 28
21 1 27
6 10 3
20 21 20
7 10 5
20 22 4
22 22 11
0 3 4
21 22 28
20 21 20
20 21 9
22 0 12
13 16 29
11 14 6
19 21 16
16 18 21
15 18 18
9 11 10
12 13 21
9 11 17
0 3 26
13 15 24
0 2 16
10 10 10
19 20 4
13 15 16
7 10 17
19 21 19
18 21 29
10 11 30
2 5 16
19 20 2
5 7 15
10 11 3
5 6 13
0 2 14
22 0 16
13 16 8
16 18 23
8 10 30
17 20 20
16 18 2
3 5 15
7 9 12
8 10 30
3 4 18
7 8 11
16 18 28
22 0 27
18 21 17
2 3 25
17 18 29
16 18 15
10 12 18
7 9 20
3 5 19
23 0 30
17 19 21
10 11 22
23 2 18
23 0 15
23 3 11
15 16 2
7 8 13
12 15 26
0 1 16
5 7 13
12 14 8
17 18 4
15 16 8
1 5 15
8 10 4
7 10 21
21 23 14
21 0 6
6 8 3
11 12 10
11 13 7
10 13 21
23 1 1
23 2 15
14 16 19
20 21 30
6 8 29
22 0 29
17 20 13
9 11 1
16 20 14
20 0 24
13 15 9
2 6 3
18 20 21
23 1 5
18 21 4
1 1 27
19 22 11
8 10 15
2 4 29
13 15 5
11 13 15
2 3 25
4 8 14
13 16 8
12 13 18
22 1 2
12 15 13
10 13 23
12 14 1
16 19 24
4 5 25
19 20 6
14 17 8
5 8 26
8 11 25
1 3 7
5 7 2
3 5 17
17 19 9
8 10 28
12 13 2
6 8 12
20 22 10
0 3 3
13 16 3
19 23 23
22 1 18
2 5 28
4 5 25
15 17 2
0 3 3
8 9 9
18 19 18
6 7 23
1 3 13
10 12 1
13 13 20
5 6 19
4 7 21
7 10 4
1 5 6
13 15 17
13 17 29
10 14 11
11 13 23
18 18 9
3 4 17
1 3 3
21 23 6
12 13 27
19 23 17
17 20 5
22 0 16
5 7 10
22 1 27
11 15 6
11 12 4
9 13 21
5 7 27
8 10 28
17 18 24
14 15 3
6 11 30
3 4 10
21 0 10
22 0 7
5 9 27
17 19 9
10 11 20
2 3 13
17 19 3
13 14 14
3 5 18
16 19 27
9 11 18
8 11 26
14 16 14
14 15 17
12 13 6
12 14 16
16 19 22
23 1 13
15 15 30
8 11 26
22 23 24
23 1 4
5 9 22
9 11 11
3 3 27
4 6 27
19 23 15
19 21 26
11 13 23
3 6 4
0 1 25
10 12 5
1 3 16
0 2 28
17 18 30
22 0 10
11 13 24
23 1 18
19 21 13
7 9 18
0 1 2
10 12 10
11 14 5
7 9 18
13 14 9
5 7 27
13 14 25
10 12 8
6 8 13
16 20 11
6 10 4
19 21 23
14 17 18
3 5 3
22 23 25
21 22 6
15 18 29
1 3 28
3 6 5
10 13 21
10 10 30
0 2 8
10 14 28
23 0 1
2 2 3
8 10 2
17 18 9
1 3 3
7 10 6
6 8 29
9 11 23
6 9 27
18 18 24
1 2 1
7 9 13
21 23 2
7 9 28
18 21 30
10 12 1
21 23 17
13 16 19
8 11 3
5 5 26
18 20 22
16 18 6
3 6 3
10 11 15
9 10 17
9 9 29
3 4 5
0 1 19
19 20 28
19 22 20
7 8 7
14 17 7
22 0 14
21 23 13
22 0 17
9 9 15
18 22 18
5 7 16
16 18 8
7 11 14
18 21 7
17 21 24
23 1 30
6 10 23
3 5 17
6 8 5
16 17 2
16 18 17
4 5 14
19 21 12
8 9 20
1 3 4
12 13 6
5 4 27
17 18 13
21 22 3
15 16 29
18 21 11
1 2 14
6 6 14
14 16 8
21 22 14
6 7 20
14 14 6
3 5 4
7 10 2
6 9 28
2 3 29
16 18 7
10 12 11
4 5 4
1 3 21
1 3 4
9 11 7
11 14 11
2 6 13
4 6 5
21 23 10
6 7 7
16 18 15
12 12 16
17 20 2
20 23 17
9 12 9
5 6 3
9 12 12
18 18 10
10 11 23
12 13 16
17 20 8
3 5 22
2 3 30
1 2 26
3 4 3
9 14 1
9 10 13
23 2 30
20 23 12
18 18 19
14 17 24
3 4 17
3 4 21
14 16 24
11 14 28
6 7 10
9 11 29
16 19 26
12 14 19
0 3 30
0 2 22
19 22 25
17 18 3
3 5 9
2 4 19
7 9 19
7 10 9
10 14 19
11 14 8
15 18 7
13 16 30
11 11 3
2 6 2
14 16 1
20 23 26
19 21 9
15 20 16
22 0 23
12 15 11
9 11 24
20 23 2
4 5 15
9 12 25
16 18 9
0 1 15
4 6 27
4 5 1
21 22 8
4 6 2
19 22 20
14 16 5
2 5 19
12 14 29
10 11 26
4 6 7
7 8 4
9 10 8
19 22 11
5 7 24
23 3 21
3 5 23
11 12 12
18 20 6
17 19 1
19 21 22
7 9 16
10 10 22
17 18 24
23 2 28
5 6 6
16 20 22
8 9 5
19 19 14
2 3 17
19 20 7
18 19 25
10 11 26
16 19 21
18 20 26
7 7 16
7 10 6
16 18 20
12 14 10
12 14 18
11 14 8
14 15 25
15 16 2
3 5 15
0 2 2
16 18 26
9 11 1
13 17 30
5 6 11
23 23 9
18 20 8
7 11 25
2 4 9
22 23 21
3 5 30
22 1 28
15 15 7
4 5 7
13 15 22
2 4 2
0 1 7
5 6 14
16 19 17
10 13 5
2 5 18
8 9 20
6 8 20
8 9 22
12 12 26
10 12 5
13 17 16
8 10 19
7 9 23
2 5 1
3 5 20
7 8 8
20 21 2
17 17 11
9 12 7
8 11 21
5 7 24
13 14 2
1 2 25
19 20 23
4 7 11
1 4 7
17 20 7
4 6 6
6 9 12
7 9 16
13 13 5
8 10 17
18 21 13
9 10 20
9 11 13
15 16 4
5 6 5
22 1 19
11 13 22
23 1 1
21 23 18
14 17 16
10 14 21
21 22 11
18 20 5
18 21 25
6 8 2
18 20 3
8 9 6
14 14 29
12 14 3
21 0 24
4 5 9
6 8 24
19 20 7
6 7 13
0 2 13
17 18 28
2 4 7
10 11 19
9 12 6
23 23 5
21 23 27
0 0 20
8 9 30
5 7 30
11 14 5
9 12 21
8 10 21
17 18 28
23 0 15
9 12 11
1 2 28
11 13 21
19 21 11
18 18 18
23 0 13
7 10 5
12 15 27
21 23 28
2 4 26
11 13 7
20 23 12
3 5 7
15 17 1
0 1 8
21 23 13
15 17 24
16 20 7
2 6 16
14 14 30
13 16 29
15 18 6
6 9 18
14 15 27
22 1 17
19 21 28
15 16 16
3 6 6
18 19 19
22 1 1
20 23 17
14 16 17
11 12 4
14 16 25
12 14 19
18 19 8
20 23 4
15 17 7
12 14 9
22 1 7
21 0 5
2 5 15
4 5 16
7 9 10
2 6 20
18 18 27
8 10 16
6 7 7
2 5 27
14 17 7
7 10 29
19 22 11
20 0 19
11 13 28
12 14 9
15 17 23
18 19 11
20 22 21
23 2 12
18 19 2
15 16 9
22 0 22
23 1 20
19 21 6
3 5 5
2 3 19
13 13 21
21 23 22
14 17 17
4 4 21
16 17 16
13 16 18
21 22 25
7 10 21
14 15 4
17 18 24
2 4 10
23 0 2
16 19 13
9 11 29
6 8 9
14 14 21
19 20 27
12 14 15
3 5 14
11 13 17
20 20 17
8 8 3
4 6 4
21 22 10
20 22 23
6 9 25
17 20 4
10 12 17
6 8 30
16 19 11
19 21 6
21 1 20
19 19 27
19 21 30
16 19 19
10 12 21
1 2 4
8 10 14
17 20 9
2 4 28
12 14 12
18 21 18
8 10 19
7 6 6
8 11 27
21 1 26
22 1 21
12 13 13
13 15 27
20 23 15
9 9 14
7 8 25
12 14 28
0 3 22
9 11 23
18 20 4
13 17 12
11 13 14
18 20 13
4 8 21
7 8 11
22 0 8
6 7 12
14 16 14
1 4 2
16 19 12
19 21 15
12 15 11
8 8 16
20 23 14
18 19 20
8 9 18
13 15 6
3 7 28
20 20 8
15 18 12
16 18 15
18 20 21
23 1 27
13 15 8
18 20 27
4 7 10
5 7 29
6 7 26
17 18 24
2 5 16
0 3 5
11 15 25
22 23 12
6 6 21
17 19 9
7 8 30
4 5 3
20 22 25
8 10 11
9 12 8
10 13 9
18 18 17
1 3 15
4 5 13
20 23 9
13 16 23
2 6 6
15 17 14
12 14 13
12 12 20
22 1 1
14 16 18
1 3 23
9 11 11
22 22 14
15 18 18
12 15 26
17 19 21
15 17 29
5 6 5
5 8 27
20 0 29
22 22 4
8 10 23
1 3 28
5 7 27
6 10 29
16 17 4
10 11 29
15 17 21
22 0 23
3 4 9
21 0 11
21 0 13
20 22 13
8 11 11
23 1 26
11 14 6
8 10 24
21 23 5
4 6 13
10 14 5
8 10 19
13 14 14
5 7 2
5 9 8
7 9 14
12 12 21
22 0 30
18 19 17
6 8 9
22 2 27
4 6 16
4 5 7
0 1 18
0 2 13
0 3 1
0 3 21
18 21 27
12 13 4
10 13 26
14 17 24
7 10 12
20 22 5
9 11 7
21 0 27
22 0 28
19 21 22
0 1 17
1 2 26
16 19 13
19 22 26
0 2 13
18 19 11
3 5 15
15 17 16
2 4 24
18 22 19
0 2 19
3 5 27
12 13 16
2 2 30
1 3 8
6 7 30
6 7 1
13 15 18
3 4 9
19 21 14
5 8 7
0 1 2
19 22 26
6 10 9
14 18 22
8 10 20
5 8 26
23 0 24
13 15 17
21 23 22
21 23 3
14 15 20
12 12 7
8 11 9
19 21 21
15 16 19
20 23 23
20 21 28
16 17 9
9 12 15
20 22 25
3 5 25
23 1 30
23 3 27
19 21 17
11 12 28
18 20 8
12 14 11
13 15 4
6 6 21
8 12 3
16 18 16
22 23 13
9 11 4
20 23 24
14 15 22
5 9 17
8 10 24
22 22 19
13 14 2
4 7 7
3 5 24
13 13 27
18 18 30
23 1 8
11 12 12
21 1 7
15 18 16
10 12 24
19 20 9
16 18 26
16 19 4
3 2 20
4 6 7
23 0 4
9 11 9
0 1 27
21 23 24
23 4 22
4 5 5
15 17 10
0 3 21
23 1 7
9 11 15
23 23 29
20 21 27
14 16 14
2 5 9
7 10 20
23 1 4
7 10 23
19 21 6
1 3 22
5 7 28
8 10 27
18 22 11
0 3 2
11 11 18
20 23 5
18 19 23
10 12 13
23 23 4
13 15 25
18 20 30
0 2 4
16 17 13
3 3 28
13 16 27
19 21 22
0 2 1
0 4 22
15 16 12
8 9 6
20 21 11
19 19 7
22 23 16
1 4 6
1 2 27
0 -1 9
0 3 18
10 10 2
9 13 10
13 16 6
11 13 4
14 16 5
22 23 15
15 17 21
2 3 3
23 3 18
14 17 13
16 17 5
4 6 17
7 7 6
2 4 13
10 11 17
19 22 18
0 2 12
19 21 22
16 19 1
20 23 10
22 1 2
2 3 2
4 6 4
7 8 5
2 3 5
1 2 18
7 7 4
22 1 27
23 2 4
11 12 12
1 3 8
21 23 26
18 21 30
13 16 28
0 2 6
0 3 5
4 8 14
20 22 14
20 0 28
2 3 30
19 22 6
18 21 21
2 4 23
21 22 17
8 9 25
8 9 6
10 13 28
20 22 10
21 23 22
18 19 21
23 1 20
17 18 18
16 19 5
1 3 8
7 10 10
18 20 19
20 21 23
1 3 1
9 10 27
15 18 3
7 9 20
6 8 10
8 10 20
19 20 26
10 13 26
21 22 25
21 1 5
0 2 20
1 1 19
8 10 4
17 20 10
11 14 22
14 17 21
13 16 6
16 17 7
11 14 23
8 10 13
22 1 16
8 10 11
22 1 14
15 16 19
13 15 9
8 10 4
15 17 12
19 22 28
11 11 14
7 10 28
16 18 27
21 1 3
9 13 10
9 11 18
21 23 6
19 21 25
2 4 24
5 7 3
2 3 18
10 12 16
23 0 16
12 12 21
0 1 9
12 14 2
10 13 30
2 3 28
14 16 19
21 0 17
6 9 11
15 16 18
22 0 13
12 14 16
15 17 8
9 11 7
19 22 19
6 7 30
11 13 23
2 1 29
5 9 24
17 17 16
11 13 26
10 13 30
9 10 13
4 6 5
16 18 11
13 16 13
12 13 26
23 0 5
4 7 19
20 22 14
10 11 28
6 8 13
11 14 22
18 22 2
8 11 6
14 17 10
8 8 15
19 20 2
8 11 30
15 16 25
19 21 16
8 11 29
3 3 7
12 13 26
0 1 14
4 7 10
12 13 1
12 13 18
23 1 18
21 0 13
22 1 27
2 5 10
7 8 10
10 13 17
22 1 10
19 22 24
19 22 21
9 10 8
8 10 19
9 10 2
0 2 17
8 11 27
5 6 17
14 15 3
17 19 3
8 11 7
2 4 15
6 7 4
13 16 10
11 12 4
10 13 3
6 8 5
13 15 25
20 22 21
1 3 12
17 19 17
23 0 16
3 4 8
10 12 12
16 17 12
10 10 3
15 17 22
20 21 13
19 23 22
23 0 13
21 23 6
13 13 2
16 18 20
13 15 8
1 4 26
19 23 29
23 1 12
20 22 5
4 6 5
3 4 8
13 13 19
2 4 16
16 18 2
22 23 30
0 2 21
8 10 18
16 18 28
11 12 25
13 14 30
2 4 20
10 12 25
2 3 30
4 6 27
2 5 26
11 13 4
22 23 15
18 20 9
2 5 29
17 20 4
1 4 20
17 20 11
3 5 16
17 19 25
14 16 3
22 1 18
13 16 26
22 1 25
15 17 26
21 23 1
22 0 17
21 1 23
11 14 25
12 14 11
0 1 18
9 10 29
14 15 3
22 1 2
23 2 1
4 6 14
7 8 21
9 9 16
19 21 25
12 13 12
10 13 13
17 17 13
19 21 13
3 4 8
8 10 24
21 0 15
18 19 21
1 4 25
10 11 12
19 22 5
18 20 29
9 11 12
22 22 22
5 6 26
10 12 16
14 15 22
19 20 21
1 4 20
16 20 6
6 10 22
7 10 29
5 7 15
5 6 24
0 2 14
10 12 20
7 9 12
23 1 16
4 8 5
14 15 11
20 21 22
16 19 3
1 3 14
8 10 27
2 4 16
7 8 20
6 9 27
11 14 23
17 17 14
1 3 1
20 23 20
14 17 29
12 16 29
1 2 9
3 5 22
8 10 15
14 16 18
17 19 18
20 22 7
9 11 3
2 2 30
3 6 27
6 9 14
13 14 19
14 16 29
3 4 6
13 14 6
1 3 25
18 20 4
8 9 5
17 18 29
1 4 19
9 11 7
13 15 4
18 22 15
23 0 28
3 6 30
13 15 10
15 17 4
5 7 2
8 10 10
8 12 17
20 22 10
16 19 18
2 2 11
22 23 16
9 9 9
8 9 4
23 2 13
4 5 7
0 3 8
1 4 14
12 13 4
9 11 30
9 11 8
8 9 23
5 7 4
14 17 20
19 20 25
22 0 30
1 2 13
4 8 29
2 5 12
3 3 1
14 16 11
6 9 17
13 14 3
2 3 14
19 19 28
18 19 5
7 11 27
20 23 27
5 7 7
4 7 3
11 12 16
5 6 15
6 7 12
2 2 22
22 0 19
21 23 9
11 12 18
22 22 7
16 17 26
19 22 5
12 14 2
3 5 28
20 21 7
12 15 20
10 11 11
8 9 4
11 12 6
19 21 12
8 10 29
6 9 18
17 18 2
6 10 9
19 21 19
14 15 26
2 3 18
6 9 22
0 -1 23
5 6 7
16 17 19
13 15 15
3 6 27
14 16 18
16 17 11
12 16 24
5 7 14
13 15 13
21 22 8
19 19 13
1 3 7
1 3 9
3 5 5
0 2 23
15 18 19
15 18 2
3 4 29
0 2 11
18 20 5
1 4 7
1 3 7
11 14 17
17 19 11
0 3 1
17 19 12
5 5 2
3 6 14
6 7 10
21 22 1
6 7 16
19 0 11
8 10 18
12 15 6
19 23 3
5 7 26
17 21 12
21 23 4
6 7 28
8 10 17
5 8 26
11 13 24
5 6 17
14 17 30
14 16 10
2 5 9
10 12 12
17 18 30
8 10 11
23 2 28
18 20 25
13 17 30
12 13 18
6 8 25
14 17 22
0 3 10
10 12 13
7 9 7
17 19 20
6 9 17
18 19 18
11 15 19
4 6 25
14 16 8
23 0 23
18 19 18
12 14 7
4 6 19
16 17 13
14 16 20
22 0 7
19 20 9
1 4 20
19 20 15
22 22 24
9 11 9
12 15 14
2 4 12
8 11 1
22 0 19
7 9 19
2 4 2
16 18 30
2 4 10
13 16 20
14 17 24
15 16 4
18 21 12
4 5 22
8 10 27
4 6 6
13 15 11
12 13 19
13 15 16
5 8 1
19 22 3
21 21 17
16 19 10
11 15 24
7 8 28
22 23 18
4 6 18
4 8 10
20 22 22
15 17 18
16 17 12
20 23 14
8 10 24
22 0 1
1 4 9
17 19 7
1 2 16
10 11 5
9 12 23
8 9 18
17 19 15
15 16 3
16 19 30
15 17 5
18 21 6
12 13 7
8 11 6
22 0 5
6 8 9
18 20 16
14 17 11
8 10 23
11 12 30
8 9 8
16 18 26
9 12 17
19 21 14
14 17 8
11 13 14
16 19 4
17 19 19
2 4 24
11 12 22
8 9 27
11 13 22
9 13 7
16 18 6
6 7 4
14 16 6
20 22 4
12 13 22
15 17 17
2 4 24
5 8 5
19 21 30
10 12 10
11 12 29
14 17 14
23 2 14
15 17 19
9 12 1
6 10 15
15 17 24
20 22 9
17 20 13
22 0 11
23 0 9
11 13 16
6 9 13
11 16 20
3 5 15
8 9 30
15 17 18
18 19 1
23 0 26
21 22 3
15 16 14
16 18 1
3 6 22
2 5 2
22 2 10
3 5 10
10 11 11
23 0 25
6 7 15
3 5 2
12 13 24
0 3 1
12 15 17
8 8 19
6 8 3
6 8 22
3 4 14
1 2 21
23 23 2
23 0 8
19 20 27
15 17 16
13 15 13
22 1 30
1 2 26
3 4 8
7 9 26
2 4 7
7 8 9
19 20 12
5 8 1
9 12 30
3 3 29
18 22 6
20 21 1
19 20 11
13 14 21
1 2 15
23 23 15
18 20 28
11 12 23
20 22 1
8 11 14
11 14 7
7 10 9
4 5 1
15 17 10
20 20 26
16 17 29
15 15 7
8 11 1
20 22 9
13 16 9
0 2 14
17 19 12
1 2 27
21 23 4
11 13 23
23 2 15
17 20 27
21 23 8
8 11 29
7 11 29
21 23 3
4 4 14
8 9 21
20 22 6
2 5 6
21 23 15
12 14 4
3 5 28
0 2 5
12 15 14
17 19 18
12 13 16
15 18 28
10 11 5
4 4 19
23 1 15
14 16 18
12 15 12
6 9 6
17 20 16
22 1 12
17 21 7
15 16 15
9 13 29
11 14 6
1 4 28
8 11 27
16 18 1
2 4 2
21 22 4
1 4 2
10 13 16
1 3 11
11 14 29
4 7 8
23 1 7
19 21 16
4 5 17
17 18 3
22 22 6
8 11 26
21 23 20
0 1 28
19 21 23
22 0 23
9 11 9
1 0 17
3 5 15
13 14 3
7 7 23
1 3 25
8 9 23
22 1 29
2 4 27
0 1 8
18 19 13
15 17 15
9 12 5
18 18 17
12 14 22
15 17 28
18 19 2
6 8 19
22 0 15
17 18 18
3 4 23
9 11 22
15 17 5
5 6 11
22 1 23
15 16 13
6 8 19
6 8 28
11 15 24
8 8 12
19 22 6
21 0 6
2 5 20
0 3 26
11 13 7
5 8 3
17 18 26
21 1 28
15 17 11
21 1 15
4 6 24
20 23 13
15 16 7
2 3 10
21 23 23
21 22 9
17 19 20
9 11 26
6 7 4
14 15 18
17 18 3
23 1 18
14 18 16
3 4 11
13 14 14
5 6 17
1 3 11
21 22 26
23 2 15
15 17 28
19 21 18
19 20 13
21 22 26
7 9 25
8 8 14
2 4 7
1 4 30
23 1 7
13 15 27
2 5 1
9 13 8
7 12 28
2 6 4
10 13 8
0 1 25
10 12 14
22 1 25
0 2 7
9 11 15
1 1 8
23 1 26
9 8 5
21 0 7
4 7 6
9 9 30
13 16 20
7 10 24
9 11 2
20 22 29
21 22 10
13 15 26
0 3 4
18 21 28
1 4 30
9 9 10
19 21 11
7 9 2
3 3 19
18 21 25
18 22 6
23 0 29
8 10 14
15 17 4
15 17 26
4 6 16
16 17 25
8 9 11
8 9 20
13 16 20
8 9 8
10 10 13
2 3 25
10 14 12
0 1 8
9 11 10
12 15 7
16 19 22
22 1 13
15 18 16
5 5 15
7 7 30
5 7 15
10 13 15
10 10 12
21 23 28
14 17 23
7 9 23
22 23 6
9 12 8
14 17 19
9 10 19
5 6 28
21 22 4
10 14 21
8 10 25
9 11 29
14 15 21
13 16 17
15 17 20
7 10 2
1 2 28
22 0 26
21 0 11
3 6 2
16 19 13
18 20 5
1 3 10
23 0 7
15 19 23
0 2 7
11 14 6
11 13 17
6 10 5
4 5 18
0 0 9
7 10 23
3 7 29
21 23 13
3 4 9
23 1 22
12 15 28
16 17 27
18 19 22
13 16 1
18 19 29
11 12 23
5 8 3
5 6 20
9 11 8
12 15 7
18 19 7
3 5 15
9 12 27
13 15 14
10 12 6
6 9 18
10 11 11
13 15 6
2 4 20
5 7 25
7 9 11
16 17 3
12 15 3
22 0 10
10 11 30
6 6 21
12 14 8
17 18 27
19 20 9
9 11 24
4 6 4
10 13 16
16 20 23
3 5 4
15 17 23
22 0 14
21 23 30
7 8 17
20 22 26
18 21 23
12 14 5
23 1 11
14 18 29
14 17 3
8 9 10
3 5 13
17 19 22
7 7 19
19 22 7
9 11 20
21 22 29
2 5 30
20 22 30
22 0 30
4 6 6
21 23 8
19 20 15
14 15 16
15 17 27
2 3 20
19 21 23
22 1 14
12 15 28
9 13 24
21 22 12
1 3 18
3 6 5
7 8 20
12 14 10
15 17 8
3 4 15
2 2 5
4 5 2
16 18 29
23 0 16
5 6 5
22 0 17
18 20 19
0 1 13
11 13 27
21 21 25
16 20 26
6 9 12
17 18 13
13 14 20
19 22 19
1 2 5
22 23 5
19 21 8
11 13 29
9 12 23
21 22 30
7 10 6
22 0 16
20 0 29
7 8 1
22 0 16
0 3 6
11 11 4
22 23 21
2 5 27
7 9 28
1 2 20
20 22 10
3 6 24
4 5 25
7 9 27
0 2 7
3 5 5
11 13 26
2 4 4
22 0 1
8 11 29
17 19 13
16 18 30
4 7 4
6 10 3
16 18 1
17 19 3
6 10 6
21 23 23
23 0 1
23 0 25
15 17 8
21 23 13
15 18 14
7 9 21
20 22 16
9 12 29
2 4 23
3 6 24
23 23 22
4 5 30
12 14 14
1 2 24
22 0 10
14 15 3
13 15 7
13 16 15
20 22 15
4 7 27
13 15 17
11 14 14
0 3 29
5 9 24
13 14 14
3 5 12
6 9 16
13 15 19
9 10 16
8 10 10
4 7 11
21 23 17
18 19 4
3 5 24
8 12 7
11 12 9
10 12 24
19 19 2
1 3 23
5 5 26
17 18 16
8 11 2
20 22 21
6 7 27
6 9 5
7 9 1
18 20 23
1 2 22
5 10 6
16 18 8
21 21 8
0 0 4
9 11 19
0 2 30
13 17 18
3 6 17
2 3 26
17 19 19
0 1 22
0 2 29
12 11 9
7 8 13
2 2 3
17 19 2
3 5 23
3 3 10
19 20 11
9 10 5
21 23 25
15 15 23
19 20 30
1 2 18
16 18 14
14 17 3
14 14 13
15 17 25
6 9 13
2 2 21
19 22 16
18 19 15
6 8 14
7 10 15
16 17 8
3 5 11
10 13 14
22 1 4
21 1 10
21 0 8
16 18 15
22 0 6
22 0 7
16 17 21
9 9 20
11 12 1
1 4 20
8 12 7
2 5 29
1 2 23
7 11 2
16 19 11
11 12 1
22 0 29
22 1 6
15 17 29
1 3 15
14 16 13
12 13 18
17 20 30
2 6 25
18 18 3
4 7 15
20 23 6
8 11 6
15 18 24
15 18 21
5 8 24
11 13 18
12 14 8
19 20 11
15 16 5
21 22 25
12 14 14
17 17 9
17 19 4
18 21 25
18 19 8
18 20 19
12 13 28
16 19 2
11 13 16
10 13 21
11 11 14
12 14 9
1 4 8
12 16 2
8 12 21
4 5 22
8 9 21
0 2 23
20 21 4
7 11 15
5 8 7
9 11 11
13 17 19
6 9 2
16 18 21
11 12 12
15 18 24
2 3 18
0 2 27
1 3 17
11 12 7
22 1 17
1 4 21
3 6 20
6 8 6
19 20 15
19 22 8
0 3 21
12 13 30
16 18 21
0 1 25
18 20 12
12 13 17
7 9 20
10 12 25
15 16 22
23 1 17
14 16 9
22 2 9
4 5 18
0 2 4
16 19 10
14 17 30
15 18 29
17 20 14
21 23 26
3 6 3
23 1 19
6 8 30
5 7 16
11 12 11
23 2 3
7 10 14
13 13 30
14 15 24
19 20 16
12 13 4
15 17 27
3 7 16
2 3 12
22 1 25
16 16 9
7 8 8
7 9 10
3 6 22
4 8 13
19 21 17
15 17 6
14 15 19
8 9 2
21 22 13
5 8 27
8 9 11
5 7 30
15 17 5
0 2 24
17 18 5
14 17 18
16 18 12
0 3 12
0 2 15
5 9 6
18 18 28
0 2 3
19 21 20
4 7 4
23 2 12
10 11 13
21 1 17
7 10 18
14 17 22
20 20 20
22 23 22
22 23 15
10 12 10
0 3 1
6 8 7
9 10 23
2 5 27
6 9 14
4 7 24
17 20 23
7 9 21
1 2 27
23 1 27
4 8 6
4 5 28
15 18 15
23 2 22
6 10 26
4 7 10
8 9 30
8 10 2
17 20 19
14 17 13
0 5 4
7 9 4
13 14 24
1 3 14
21 21 17
18 19 2
11 14 26
7 9 28
13 14 7
13 14 3
5 8 11
7 8 20
6 7 7
22 1 25
13 15 2
0 3 16
7 9 29
1 4 23
6 8 19
15 17 22
1 2 20
15 17 17
21 23 24
23 1 10
22 1 6
22 0 26
23 1 1
12 15 5
5 7 20
16 19 28
20 23 18
2 4 20
21 23 12
12 15 25
19 23 25
16 18 11
15 17 29
21 23 16
13 16 28
20 22 17
9 12 9
19 20 10
0 1 21
14 16 8
3 5 3
7 8 25
12 14 17
19 21 1
3 2 13
19 21 25
11 16 6
17 17 26
1 2 14
21 0 11
12 15 6
2 3 27
13 15 10
19 21 28
23 0 16
5 7 4
14 16 8
3 5 15
12 18 11
22 1 13
13 15 23
15 16 28
7 9 14
5 6 11
0 1 10
13 15 22
17 21 14
9 9 7
16 16 11
7 9 14
7 11 23
5 6 28
22 0 12
17 18 15
18 20 17
7 10 29
18 19 14
20 22 27
20 20 25
7 9 18
12 15 15
9 11 17
23 0 14
4 6 25
11 11 26
11 13 15
19 20 7
1 3 29
10 12 8
22 1 3
0 1 11
13 15 25
1 5 22
20 19 16
13 14 22
20 23 21
3 4 2
23 3 18
3 5 23
11 11 19
1 4 12
15 17 19
14 18 29
0 3 12
17 20 2
5 7 5
15 16 14
22 21 25
18 17 12
23 2 23
23 2 30
8 9 28
17 19 22
17 19 13
0 2 14
4 6 29
4 5 18
11 13 26
5 7 24
2 7 2
10 11 4
5 6 4
23 1 30
0 3 2
23 1 5
7 10 16
17 20 17
16 17 8
18 21 22
12 17 1
20 23 7
12 15 30
4 6 5
3 3 19
5 8 5
11 12 3
12 14 24
17 20 22
17 19 13
18 19 5
4 6 10
17 20 12
19 20 2
2 3 24
8 7 7
3 6 8
15 17 9
10 13 19
0 1 1
19 20 21
6 8 24
11 13 10
19 21 6
18 21 23
7 10 25
3 5 22
1 3 1
23 1 26
18 19 22
3 4 27
9 12 18
14 17 13
23 1 16
12 13 18
3 5 17
6 9 30
19 22 22
8 11 27
4 6 27
22 1 11
16 18 27
23 0 29
16 19 13
18 21 16
15 17 9
18 22 8
18 20 5
5 7 24
2 4 5
12 15 16
6 7 27
20 22 14
17 18 2
15 16 22
13 16 15
17 18 2
6 8 7
23 1 2
7 11 10
7 8 11
19 22 3
18 20 29
13 16 23
7 11 12
16 16 16
4 5 1
4 6 10
8 11 19
3 5 25
6 7 29
6 6 2
9 11 22
7 9 19
6 9 14
11 12 9
22 1 28
4 7 24
14 15 29
10 12 24
21 23 23
5 7 10
16 20 15
18 20 29
11 15 7
20 21 19
22 1 14
21 1 13
20 23 2
19 21 21
13 14 16
5 7 1
21 22 4
5 8 12
12 12 12
18 22 21
2 4 10
7 9 21
8 10 3
15 17 16
3 5 25
11 14 12
18 21 15
5 6 19
20 22 6
3 5 24
13 17 23
19 20 19
0 3 14
9 13 7
6 7 2
2 4 2
4 9 25
4 6 18
9 12 7
15 18 3
11 12 19
11 14 11
19 19 26
16 16 17
4 7 12
16 19 23
17 20 11
11 14 19
12 15 14
7 11 5
11 14 15
22 0 19
4 7 2
9 9 5
10 12 19
17 18 30
9 13 25
0 0 30
14 16 20
13 15 25
11 11 25
15 16 14
6 9 7
7 10 27
14 17 6
6 10 11
3 4 8
12 14 29
5 8 18
20 21 20
5 9 19
4 6 18
9 11 14
19 22 19
7 9 7
16 19 5
9 10 11
6 9 8
12 14 21
15 20 5
4 7 29
1 3 1
19 22 27
1 4 22
0 1 16
0 3 27
16 19 12
2 4 12
16 18 29
21 22 19
17 19 5
22 23 15
15 19 8
14 16 18
17 19 17
18 19 28
18 20 30
12 16 24
0 3 19
16 18 26
3 5 22
6 8 10
11 12 11
23 2 8
6 7 21
9 11 19
11 13 29
19 20 3
21 0 24
2 5 3
22 21 26
6 7 5
21 2 9
2 6 19
1 3 27
12 14 10
22 0 19
12 13 7
10 12 14
15 17 30
19 21 11
8 10 14
16 19 23
15 16 23
20 22 18
2 4 15
13 13 26
18 20 9
19 18 30
2 4 10
0 2 15
15 17 8
7 10 23
11 11 18
21 23 22
21 22 14
19 20 15
22 0 12
22 22 19
10 12 28
10 12 21
15 17 5
16 19 26
22 0 23
9 12 9
19 21 29
22 0 11
15 18 16
9 12 8
0 2 18
7 8 2
6 8 8
12 16 12
3 5 25
0 2 29
23 2 25
10 12 7
10 12 1
13 15 26
7 8 13
14 16 7
12 14 5
9 10 23
22 1 10
21 1 15
23 1 17
8 10 22
19 21 25
2 6 18
17 18 21
4 7 4
9 12 10
12 14 17
10 12 23
3 5 7
8 9 5
11 14 20
2 5 11
18 20 26
23 23 10
13 14 14
5 8 16
10 12 6
17 19 4
5 6 24
10 15 23
11 13 7
14 15 24
13 14 8
17 20 8
13 15 4
9 11 26
5 6 11
18 20 10
7 9 25
7 7 27
3 4 5
13 17 16
12 14 2
7 10 29
21 22 14
23 1 22
14 18 5
2 5 7
21 22 15
10 13 16
21 1 29
20 21 25
1 1 1
18 21 21
17 19 30
7 8 11
11 13 16
18 21 14
16 18 21
10 13 13
3 3 23
6 7 22
4 4 9
14 15 9
6 8 2
18 20 23
16 18 14
21 23 28
6 7 18
2 3 2
23 2 17
2 5 22
3 6 5
14 15 25
23 0 4
5 7 9
2 4 12
17 19 10
1 3 6
22 0 10
9 9 25
15 16 4
23 0 30
3 5 12
22 0 10
8 8 9
2 3 1
22 0 5
19 19 3
15 16 24
14 17 26
8 9 29
6 7 11
5 7 7
3 4 29
8 11 19
10 11 8
20 22 15
20 22 23
16 18 26
14 16 3
17 18 23
13 15 9
23 2 8
7 9 9
22 0 6
9 10 18
19 22 8
7 9 21
0 4 26
19 20 27
7 11 20
2 3 7
13 17 26
19 22 10
5 8 13
6 6 18
0 2 8
21 22 15
11 13 24
16 18 26
6 9 28
12 14 28
15 16 30
9 10 29
18 20 1
1 4 8
3 7 11
11 14 13
20 23 8
1 4 10
11 13 18
8 9 14
16 18 23
1 2 21
1 4 11
1 3 5
17 20 16
10 12 15
18 19 18
19 21 3
23 1 22
23 0 13
13 15 20
14 17 12
8 9 7
4 6 13
8 10 9
18 20 14
14 17 13
11 12 6
10 12 15
19 22 8
17 20 29
13 16 3
18 20 18
0 2 19
8 11 25
16 19 6
13 16 19
1 4 6
13 16 15
19 23 21
12 13 15
15 15 26
8 9 15
21 22 19
11 14 25
10 12 25
16 20 22
14 15 14
19 22 9
2 5 27
21 22 8
18 20 19
18 19 5
10 12 11
18 20 11
15 18 30
4 5 19
23 2 28
18 21 11
11 12 22
16 18 2
6 9 9
18 20 13
0 4 13
11 13 7
14 16 4
1 3 23
10 10 8
8 8 16
6 7 28
14 16 14
10 12 18
9 13 6
0 0 14
19 20 25
9 11 14
9 9 2
2 5 11
12 16 3
16 18 10
18 21 8
2 3 10
3 6 13
1 3 15
17 17 19
4 5 3
10 12 12
5 8 6
4 7 9
17 20 28
16 17 26
13 14 8
2 5 16
23 1 9
4 5 11
9 10 10
10 13 6
11 14 23
21 23 2
1 2 14
2 3 23
15 16 12
14 16 3
3 3 2
12 12 24
16 17 2
6 8 8
16 17 30
0 4 13
12 15 18
18 22 19
3 4 24
19 22 12
7 11 15
21 23 16
22 2 23
18 20 17
16 18 22
22 1 7
17 18 8
12 14 9
12 15 7
8 10 23
5 8 1
5 5 4
8 10 25
17 19 24
21 0 21
21 23 29
11 13 6
4 5 7
9 10 14
0 3 21
11 13 16
4 6 22
13 14 6
2 4 1
7 7 19
11 13 13
1 1 29
0 4 6
8 10 1
6 7 15
18 19 19
9 10 25
3 5 3
4 6 16
19 23 18
21 22 27
21 0 5
12 15 3
14 17 10
7 7 5
16 18 6
1 1 14
15 16 14
22 1 12
23 1 27
13 16 28
4 7 14
5 5 1
12 13 22
14 16 7
13 15 11
13 16 24
23 0 28
22 1 7
10 13 30
22 0 1
8 9 12
9 8 1
17 19 11
3 6 19
10 12 9
2 3 18
8 11 29
18 19 27
1 3 12
15 18 16
0 3 7
11 11 30
20 22 19
8 10 24
21 1 26
5 7 6
0 0 22
15 16 14
4 6 28
22 0 30
20 21 29
17 19 6
9 11 22
9 11 5
15 18 26
22 1 26
18 20 20
13 13 23
17 19 10
6 9 13
23 0 17
6 7 8
19 21 18
10 12 19
22 1 14
1 5 6
0 2 4
13 15 6
17 21 27
13 16 5
21 21 5
11 13 9
18 21 2
23 2 30
11 14 27
19 21 29
22 2 28
19 22 21
5 7 25
10 12 20
1 1 14
0 2 19
19 22 27
19 20 12
15 16 22
0 0 25
5 7 21
10 11 26
23 1 13
4 6 9
12 14 26
23 23 20
1 2 5
23 2 19
11 13 23
23 1 4
20 20 3
6 8 16
3 5 14
15 18 20
8 9 10
2 4 1
22 0 20
13 17 23
4 6 13
22 1 18
5 8 22
22 1 19
2 5 27
5 7 8
8 9 27
11 12 14
13 16 28
23 1 1
1 3 6
18 19 26
7 8 24
6 7 7
11 12 3
20 22 20
6 8 3
11 12 29
7 9 30
1 4 30
15 18 11
6 7 13
4 7 20
20 22 28
3 6 1
18 19 20
22 0 29
17 20 26
5 8 27
5 5 26
0 3 21
0 2 11
22 23 17
18 19 18
20 23 19
15 16 21
17 19 25
4 6 19
21 22 4
5 8 14
3 7 12
15 18 16
17 17 13
19 22 10
23 0 25
5 8 20
15 17 17
7 9 9
16 17 3
18 20 25
0 2 23
13 15 24
19 22 26
17 19 15
23 1 2
21 23 5
12 16 19
18 21 4
17 18 24
8 7 27
19 18 4
9 11 4
2 3 12
5 8 10
7 8 26
3 5 21
2 4 30
1 3 3
20 23 17
20 22 1
13 14 30
4 7 1
5 7 10
7 9 8
3 5 12
11 12 20
0 1 15
11 13 10
14 17 1
18 20 18
11 14 11
18 20 16
10 11 10
3 6 25
13 17 7
9 11 18
23 2 11
18 18 9
23 2 21
11 12 13
23 0 13
18 20 7
5 7 21
4 7 26
13 15 8
17 20 18
22 1 13
13 14 19
0 1 25
9 11 16
16 18 11
19 20 25
0 3 2
15 17 11
23 1 5
17 21 21
10 14 7
11 13 19
3 5 30
20 22 17
3 7 23
5 7 18
12 16 17
20 22 8
9 10 18
6 7 18
16 18 8
15 17 25
18 19 23
14 16 20
13 16 7
7 9 10
13 15 6
1 4 18
10 12 10
18 20 28
5 8 1
1 3 27
16 20 8
9 11 11
19 22 13
0 2 28
17 18 3
9 10 21
12 13 6
15 16 14
6 7 13
22 0 26
4 6 11
9 11 15
6 8 27
8 9 24
10 13 26
15 15 1
16 19 13
10 14 22
10 14 6
2 4 28
12 14 21
1 2 26
17 18 24
0 3 4
20 22 10
15 16 10
23 1 12
9 11 6
2 4 7
13 14 20
16 17 2
8 12 13
15 16 8
14 17 20
16 19 21
10 12 16
9 12 13
22 1 20
11 15 30
19 20 9
23 0 7
2 3 20
22 0 12
15 16 14
19 23 5
15 16 27
11 13 24
4 7 19
20 21 14
8 9 16
3 5 5
3 6 18
19 18 3
1 4 6
21 0 30
7 7 22
0 4 14
16 19 14
6 7 21
6 7 18
10 10 27
21 23 8
14 16 18
16 18 6
21 23 19
12 15 15
11 14 13
1 4 4
23 1 1
2 4 7
9 8 26
1 3 1
11 12 2
2 4 20
8 9 11
22 0 4
8 9 2
3 6 28
0 2 19
2 3 11
18 19 2
11 12 24
16 17 19
10 12 11
11 14 11
3 5 2
13 16 11
3 6 9
22 23 28
12 14 15
5 8 19
20 23 27
13 14 30
16 18 1
21 22 19
12 14 20
4 7 24
2 4 25
9 11 16
21 1 16
3 5 21
3 4 11
19 21 27
19 19 7
20 23 14
17 20 15
11 12 30
11 15 6
8 11 13
15 16 18
18 22 18
15 18 22
20 22 29
12 14 7
0 3 24
7 6 27
6 8 29
21 23 27
7 9 13
22 1 5
13 16 1
3 3 17
0 1 21
21 21 3
18 21 24
10 11 26
20 0 30
7 10 22
7 8 15
13 17 24
3 5 26
14 16 21
0 1 23
10 14 19
10 11 20
10 13 10
6 6 7
10 12 28
7 9 23
14 16 28
13 15 13
10 11 27
21 23 16
18 22 2
17 18 16
7 10 15
11 12 12
12 14 10
22 0 17
15 15 8
11 13 28
4 7 24
1 4 3
20 22 25
14 16 20
11 13 3
15 16 14
10 11 8
4 4 7
7 8 26
17 18 19
4 8 29
13 15 10
23 2 30
18 21 27
19 19 17
0 2 4
9 10 16
12 16 2
13 14 20
23 1 27
17 18 16
3 5 20
12 14 7
15 15 15
6 6 26
23 2 8
11 14 27
12 12 5
18 21 26
10 10 13
12 14 22
14 15 24
21 22 9
7 8 17
22 1 10
18 20 24
22 1 9
23 2 24
13 13 2
12 13 28
10 12 18
23 2 28
9 12 11
18 19 29
14 16 23
21 23 19
6 7 17
17 20 1
14 15 23
3 4 23
8 10 20
23 0 2
9 12 21
11 15 23
1 3 9
1 3 1
5 8 25
8 11 9
1 5 9
17 19 15
23 1 18
12 15 26
21 23 10
18 22 26
19 23 24
18 21 4
4 7 28
8 9 21
0 4 8
8 12 14
5 7 19
9 10 7
12 15 9
21 22 26
13 15 4
23 2 15
10 11 27
7 9 17
5 6 6
20 22 27
0 2 19
12 15 27
15 17 27
7 9 28
1 3 9
11 14 22
14 17 10
1 3 6
9 11 3
15 17 12
16 16 19
21 22 22
6 8 1
16 18 1
14 18 27
22 2 20
7 8 6
15 16 10
1 3 21
18 22 22
3 5 23
16 18 16
19 21 24
18 20 25
14 16 21
8 10 18
4 7 17
8 11 22
12 14 23
10 12 15
3 6 24
8 9 22
5 7 30
20 21 20
13 15 11
21 23 11
14 15 27
11 13 2
4 7 12
13 13 23
1 3 16
13 15 21
6 8 5
5 7 6
11 14 2
20 19 18
0 2 25
8 10 17
17 19 13
14 17 23
3 6 2
10 13 8
6 8 12
0 1 10
6 7 22
21 23 3
5 9 29
16 17 15
18 20 11
4 6 15
9 12 7
15 18 28
4 9 16
21 22 11
2 3 2
8 10 26
16 18 21
5 7 26
13 15 13
7 7 20
3 4 17
20 21 2
23 22 20
21 21 29
19 20 24
22 0 9
10 11 13
21 23 15
18 18 11
1 4 14
1 4 8
10 11 29
18 21 16
7 11 28
5 7 14
11 14 5
3 3 26
21 21 16
16 19 20
16 17 8
0 1 15
15 18 7
3 5 29
17 19 27
12 13 6
19 20 12
3 4 6
21 0 3
12 12 7
22 0 3
0 4 20
7 9 11
14 14 9
17 18 30
6 8 22
3 4 8
22 1 25
21 0 22
16 18 27
13 15 22
18 18 8
11 14 26
8 10 24
1 3 18
15 18 2
4 6 21
8 10 1
10 14 3
11 14 18
13 15 8
13 15 19
19 22 26
11 13 3
17 19 19
5 7 7
1 3 27
15 18 30
20 23 25
1 2 27
18 20 22
21 0 5
10 11 7
10 11 17
0 3 18
11 15 15
1 0 23
22 1 30
3 4 25
22 1 21
18 22 9
15 17 24
14 15 29
9 10 20
22 22 20
19 21 12
19 21 2
18 21 18
3 4 3
2 3 2
20 21 25
17 19 5
3 6 4
14 17 11
20 23 11
4 6 23
5 5 30
22 1 24
13 14 16
5 8 20
12 15 27
12 12 15
15 18 9
23 0 18
16 18 21
0 2 20
14 16 1
4 6 6
9 12 20
1 4 2
19 22 17
5 6 19
11 14 2
1 3 13
22 2 2
17 17 11
4 5 29
12 14 2
15 16 19
0 1 28
16 18 8
23 2 23
12 14 23
4 5 24
15 17 3
3 4 15
11 13 7
11 12 17
19 21 26
9 12 1
13 16 26
16 18 11
14 16 15
17 19 25
12 14 13
10 12 24
9 12 14
20 21 11
13 15 6
10 12 29
9 12 6
22 1 28
6 8 24
23 2 23
10 12 26
9 13 17
7 9 6
1 2 13
2 5 3
23 23 22
23 0 8
10 12 7
22 1 22
6 9 6
23 1 9
22 23 5
17 19 3
9 12 27
7 8 5
16 18 9
13 15 1
20 23 6
17 19 16
22 1 1
1 1 23
9 13 17
10 12 14
5 7 11
21 22 3
19 21 9
14 13 12
1 2 17
10 14 17
12 15 2
15 17 30
21 23 25
8 10 26
9 11 5
6 7 27
5 7 13
10 13 29
20 23 25
8 11 3
22 1 30
22 0 22
22 0 7
9 10 17
9 8 29
1 2 16
14 17 14
1 2 10
3 3 28
13 15 13
11 13 19
11 11 11
7 10 16
5 5 24
6 7 8
9 12 21
5 7 12
15 17 30
12 15 24
12 13 19
7 9 12
8 10 6
2 5 8
18 21 24
6 8 8
21 23 22
9 12 4
10 11 19
22 0 4
16 20 29
20 22 23
0 2 19
11 13 21
19 22 5
10 11 24
22 0 24
21 0 21
17 20 23
4 6 21
4 4 23
8 9 21
18 20 19
17 20 19
1 4 15
20 23 4
5 8 21
10 12 12
4 5 28
7 11 12
5 6 30
19 21 20
23 1 2
7 6 12
4 7 2
11 14 13
18 22 6
0 3 24
2 5 12
22 23 27
16 18 26
21 23 1
18 21 8
9 10 11
12 12 2
19 22 19
20 21 23
11 14 18
7 10 14
9 12 21
18 20 7
1 3 5
6 10 17
9 9 1
10 11 28
8 8 26
18 21 20
2 4 14
1 1 6
11 14 9
5 8 6
21 1 14
19 23 7
4 6 22
14 15 14
10 12 19
0 2 5
11 13 4
19 21 10
4 7 16
21 23 30
3 5 19
1 2 7
15 17 4
11 13 1
23 1 1
17 21 6
4 8 15
17 19 29
14 15 20
12 12 4
23 23 13
12 13 29
18 21 7
8 11 1
16 18 27
16 17 29
4 5 22
2 4 24
6 7 27
8 10 15
23 1 20
17 20 25
23 3 8
2 5 12
1 2 30
22 1 10
3 5 26
16 17 1
9 12 24
7 10 3
7 9 10
2 4 15
15 16 24
4 6 28
17 20 27
16 17 30
21 23 14
13 16 2
18 21 25
16 18 26
20 21 13
3 6 16
22 1 21
22 2 4
8 11 23
20 21 14
20 23 9
11 11 30
15 17 17
6 7 4
10 12 18
8 9 14
6 9 20
2 3 21
23 1 15
7 10 15
1 3 14
4 6 11
10 12 14
15 17 3
7 8 29
7 9 28
16 19 11
16 17 9
21 22 24
6 8 23
9 11 30
1 2 12
17 20 28
0 1 18
11 13 22
18 21 27
11 13 24
16 17 27
6 8 25
22 0 2
12 14 26
11 13 6
3 5 27
21 21 29
6 7 27
2 7 2
20 22 25
10 12 22
17 19 8
10 11 17
22 1 23
20 21 23
8 10 2
17 19 16
21 0 28
16 18 20
14 17 14
22 2 3
9 11 6
17 18 22
22 23 10
15 17 16
18 20 29
9 12 21
6 8 13
1 3 13
4 7 23
10 11 4
14 16 28
18 18 9
4 8 5
20 23 19
2 5 17
0 2 8
20 23 15
18 20 3
1 4 2
5 9 15
10 13 28
20 22 9
3 7 3
14 17 1
7 10 2
13 16 25
0 3 17
10 11 18
20 0 15
9 10 19
20 21 10
9 11 27
4 7 7
17 17 13
5 8 9
18 20 30
5 7 9
3 5 7
5 6 6
11 14 5
18 20 15
4 6 29
11 13 18
18 20 3
0 0 5
16 19 24
8 8 9
14 16 10
6 6 7
22 1 24
22 23 14
4 4 25
17 19 5
1 3 7
16 17 17
5 8 26
11 13 29
23 1 2
10 13 28
5 7 20
19 20 27
4 5 10
11 14 29
23 1 12
9 10 11
12 14 7
19 21 3
14 15 19
13 16 23
11 12 24
19 21 17
10 11 11
23 2 17
5 6 26
15 17 2
14 16 12
23 2 4
10 14 8
14 16 5
14 15 11
14 17 8
14 14 2
21 22 15
13 14 3
6 9 2
23 0 14
2 2 19
20 21 27
14 16 25
7 9 12
12 13 25
21 0 22
9 10 19
23 2 15
7 7 8
1 2 8
7 9 25
16 18 12
9 12 12
15 19 5
4 6 14
2 4 26
12 14 16
22 23 26
0 3 28
4 7 30
22 23 3
9 10 30
15 17 23
19 21 4
21 23 18
4 7 26
20 22 14
4 5 25
22 1 11
23 0 11
23 23 9
2 3 20
22 0 27
17 20 28
7 8 19
18 20 25
7 10 2
11 14 14
13 15 7
17 20 26
18 18 6
7 8 1
22 0 1
16 18 15
12 14 19
15 16 17
5 9 10
18 20 15
20 0 8
2 4 10
7 9 17
8 9 16
12 14 11
5 8 23
5 7 6
8 10 3
6 6 3
20 20 3
2 4 18
11 12 22
23 1 6
7 10 10
22 0 14
5 7 14
17 17 13
16 18 17
1 3 27
8 11 24
4 6 8
6 7 25
15 17 16
6 8 12
0 1 26
14 16 3
17 19 17
9 13 12
19 21 3
10 13 30
22 23 4
5 8 11
15 17 12
6 8 6
21 23 4
7 9 22
0 2 26
10 13 5
5 6 7
8 12 14
23 0 17
16 17 6
7 8 19
3 3 6
18 21 27
18 20 5
9 12 18
11 12 14
14 16 27
20 0 24
22 22 9
5 8 23
2 4 21
21 0 22
3 5 4
21 22 9
1 4 8
19 21 1
7 9 2
6 8 11
0 2 3
15 17 16
15 15 12
6 8 9
23 3 8
4 7 28
21 0 15
18 19 25
17 18 9
17 19 29
14 15 29
0 1 7
12 14 3
17 19 10
10 12 16
11 12 4
12 15 26
20 22 29
23 3 6
20 21 24
4 5 15
9 11 18
0 1 9
14 14 12
16 18 30
2 3 19
3 6 8
20 22 22
8 10 30
20 21 19
16 18 27
16 17 3
16 16 25
12 12 3
9 11 28
17 17 25
9 11 15
22 0 13
12 14 11
18 20 28
13 16 4
3 4 17
15 15 23
5 6 26
17 19 30
9 10 20
19 20 4
12 14 5
5 10 4
10 12 28
22 0 5
22 1 15
9 11 6
21 0 14
21 23 22
11 13 27
10 13 20
21 23 22
8 10 27
7 10 16
9 10 6
8 9 18
19 21 29
16 17 17
19 20 15
17 18 6
4 8 27
15 17 26
9 9 4
19 21 14
9 12 15
5 7 21
7 9 5
4 5 15
4 6 4
13 15 20
4 7 28
3 3 15
2 6 19
23 2 13
19 19 22
5 8 6
7 10 4
19 22 24
14 15 30
19 20 2
6 8 15
7 9 6
12 15 9
20 22 22
9 10 27
9 10 14
11 13 24
10 12 16
10 12 22
17 19 5
16 18 4
21 22 13
22 23 13
22 1 21
19 21 23
5 7 19
6 7 29
22 0 8
17 18 29
13 15 4
13 14 26
0 2 30
9 11 16
10 12 10
9 9 2
16 17 29
17 19 25
10 11 23
11 13 17
12 15 29
23 0 17
3 5 18
15 18 25
16 17 17
19 21 21
13 15 12
8 11 22
14 16 18
2 5 4
7 10 11
15 16 21
16 19 22
20 0 18
6 8 18
5 6 25
6 8 29
11 12 8
2 5 13
17 20 29
14 15 24
6 7 13
9 13 9
7 10 15
0 2 23
23 0 10
21 23 18
19 21 18
12 14 3
13 15 3
19 21 8
5 7 30
7 10 11
13 15 16
9 12 30
12 14 27
5 7 18
15 18 4
23 0 25
6 9 16
15 17 22
3 5 29
16 19 22
20 23 15
15 16 15
17 19 19
18 20 11
18 19 25
10 12 3
1 3 3
20 21 19
16 17 14
13 15 24
15 16 19
19 20 20
1 3 17
13 14 6
1 3 20
14 17 9
7 8 28
8 12 6
18 18 29
23 0 25
6 8 1
18 19 20
18 20 5
0 1 27
0 2 7
21 22 24
11 13 4
21 23 15
8 9 27
5 7 28
22 1 19
4 5 30
8 9 8
14 17 25
2 2 11
21 23 25
19 20 19
16 19 11
5 7 7
6 8 7
9 10 14
21 0 17
15 18 21
21 22 21
21 22 15
10 13 1
0 2 15
5 6 29
20 21 16
13 14 24
4 5 27
17 19 19
13 16 16
22 0 4
20 23 1
13 14 29
23 0 15
4 7 24
1 4 18
1 3 26
22 23 22
15 18 17
16 20 24
13 13 9
21 23 12
22 1 1
9 11 4
3 4 24
5 6 29
2 4 10
19 20 8
13 16 26
13 14 6
13 15 2
4 9 7
8 10 4
22 23 4
19 21 29
8 10 4
4 3 23
9 12 4
11 14 7
15 17 12
15 19 21
18 21 4
15 16 9
11 14 5
10 11 16
12 14 1
22 2 8
11 13 13
15 15 25
21 22 6
17 21 19
19 20 18
14 16 24
11 12 28
11 12 25
4 7 11
16 19 28
22 0 3
20 23 30
14 16 12
16 20 29
22 0 4
3 5 30
16 18 10
12 13 14
0 2 15
8 9 14
23 1 12
3 5 29
4 5 19
19 19 19
15 18 2
23 23 18
3 7 18
7 7 21
1 4 24
10 10 14
4 7 6
22 22 21
15 17 5
22 22 28
22 0 17
12 13 9
10 13 28
2 1 20
5 7 1
9 12 3
7 10 9
12 13 16
20 22 16
5 7 20
23 2 22
14 15 23
11 11 23
3 7 30
18 21 19
13 14 22
2 4 11
21 23 9
15 17 23
5 8 13
11 13 18
18 21 11
19 21 27
9 13 12
2 5 25
12 14 17
22 1 4
15 16 23
21 21 3
18 20 26
15 17 6
16 19 15
7 8 7
12 15 4
21 23 12
21 22 4
2 3 8
4 6 11
10 13 30
21 22 5
9 11 10
6 7 27
23 1 27
6 7 7
4 7 18
3 4 4
18 20 19
16 18 23
10 11 2
11 13 2
21 0 25
3 5 4
17 18 15
1 4 29
0 3 13
6 6 30
20 21 6
5 6 6
9 11 8
16 20 18
3 5 23
9 12 27
19 21 22
1 3 18
6 8 1
18 20 17
12 13 19
12 15 18
23 0 8
21 23 4
0 1 26
23 1 17
18 20 15
15 17 25
8 11 28
22 0 28
10 12 1
9 11 27
14 15 8
4 5 18
4 7 3
18 20 23
6 9 23
3 4 16
23 1 4
12 13 13
3 5 19
3 5 10
11 13 30
1 3 16
22 1 23
18 20 28
2 3 13
8 10 4
16 20 9
6 8 28
1 4 27
5 7 30
13 15 30
22 23 23
7 7 12
22 1 9
16 16 20
15 17 4
9 11 19
18 20 5
13 16 24
10 13 12
18 21 2
15 17 30
4 5 30
21 22 25
18 20 29
23 23 21
10 12 29
11 14 15
5 7 23
11 14 22
21 23 15
