630 30
23 1 20 9 16 29 16 29 4 25 30 13 21 29 24 7 28 1 2 23 4 26 29 30 17 5 7 24 26 23 
12 14 9
6 8 21
13 14 24
10 12 12
2 2 24
20 22 11
23 0 21
8 9 12
22 23 16
13 17 15
17 19 19
15 17 14
20 21 6
15 18 23
22 1 21
17 17 15
16 17 25
1 4 27
6 9 9
12 14 11
9 13 18
8 9 19
0 3 7
11 14 5
6 9 24
18 19 10
9 11 30
22 0 4
12 14 25
4 7 25
4 7 26
23 2 6
21 22 25
1 4 12
19 20 5
14 17 7
21 21 28
2 5 3
10 15 10
10 11 2
23 22 23
18 21 22
3 6 11
7 8 7
4 7 10
14 17 10
2 4 22
0 4 8
21 0 5
9 10 30
0 4 25
2 4 22
21 0 13
23 0 30
13 16 28
12 13 14
6 9 18
14 16 17
18 18 3
21 22 29
15 19 11
0 -1 9
6 7 29
14 15 16
11 12 2
21 23 14
10 12 10
5 8 29
14 16 24
18 21 26
1 4 6
16 18 7
13 16 24
2 3 16
10 12 25
9 11 29
3 5 28
17 18 4
18 19 16
15 16 14
11 13 30
22 0 9
17 19 5
0 1 8
1 3 16
8 8 20
2 4 14
1 1 17
12 13 21
3 3 29
12 14 23
22 0 16
8 11 10
18 19 23
9 12 30
23 1 27
19 20 20
8 9 5
7 9 23
4 6 20
10 12 16
7 9 21
0 2 23
17 18 11
17 18 3
3 6 9
20 21 23
13 15 13
22 0 13
10 13 27
11 14 2
10 14 25
2 5 10
21 23 24
18 20 18
20 21 30
9 12 4
13 15 11
19 21 30
19 21 1
6 8 9
6 7 30
16 17 7
13 15 2
2 3 27
7 7 25
0 2 13
1 5 17
7 8 27
11 14 9
19 20 21
0 2 25
8 10 18
12 14 23
14 16 28
14 17 5
4 7 26
17 19 14
9 12 11
13 17 16
19 22 21
14 16 19
17 19 29
1 4 15
20 21 4
5 8 21
14 15 6
4 6 2
7 8 13
6 6 26
21 0 15
19 21 7
3 6 20
14 15 13
11 12 2
8 11 26
18 20 29
18 21 1
2 6 11
20 22 17
11 13 2
6 8 24
2 6 3
6 9 29
5 7 7
9 9 5
10 15 8
3 5 4
13 15 28
17 18 18
2 5 18
1 4 30
7 8 8
11 13 17
21 22 22
15 18 14
14 16 23
23 1 3
5 5 25
5 5 12
13 14 17
11 13 18
3 8 8
0 1 30
15 16 15
19 22 11
3 6 30
16 19 1
16 17 25
23 0 25
16 17 11
22 1 10
23 0 12
11 14 19
4 6 30
17 19 21
21 0 4
0 1 3
16 17 9
6 6 4
0 3 16
9 11 12
16 17 23
17 20 24
18 20 16
22 23 18
10 14 20
5 8 6
18 18 1
7 10 7
15 18 16
4 5 9
14 16 13
21 1 7
10 11 9
1 5 17
17 17 24
10 12 6
17 20 13
18 21 24
22 0 30
11 14 18
23 2 16
4 8 15
16 18 28
21 0 30
0 4 30
4 7 20
21 23 30
9 12 22
10 13 2
8 10 10
19 22 15
21 0 10
5 5 24
14 16 20
3 6 19
8 10 25
8 9 9
5 7 29
1 3 23
23 1 17
2 5 21
8 11 19
23 2 27
22 1 16
2 4 19
14 15 14
23 1 13
5 7 7
7 10 18
2 4 16
6 9 24
15 18 6
2 5 28
17 19 8
17 19 9
11 12 25
2 4 26
5 8 28
4 5 5
23 1 28
1 3 13
21 22 1
12 15 22
21 0 27
0 1 20
4 6 21
5 7 25
18 21 19
2 5 21
8 10 26
7 11 24
21 22 5
23 0 28
19 20 7
5 6 7
9 10 28
0 3 5
14 17 29
3 6 29
17 19 24
21 22 24
10 10 4
2 5 15
7 8 26
11 11 12
14 16 6
18 20 1
7 10 23
16 20 4
4 6 12
4 6 15
1 2 4
17 19 18
1 2 15
6 7 6
2 4 4
19 21 15
10 12 4
12 15 3
10 12 18
5 8 11
15 16 18
11 14 25
13 13 17
2 3 27
3 4 19
4 7 23
20 22 19
1 5 4
15 17 30
5 7 13
1 2 21
1 4 4
6 10 5
2 5 30
14 16 12
11 13 9
4 3 30
12 14 18
23 0 11
11 14 27
17 18 18
19 19 22
8 11 22
8 12 22
11 14 1
1 3 12
0 2 7
20 23 12
17 20 9
20 23 9
7 11 27
18 18 6
9 9 28
15 17 1
21 0 9
14 17 21
0 5 12
1 2 9
0 4 20
18 20 22
23 1 25
8 8 27
7 9 24
14 19 15
4 6 20
14 17 28
7 9 11
18 20 21
14 16 27
20 22 5
19 22 3
23 2 29
16 19 22
17 19 24
7 7 8
12 14 4
4 6 20
4 6 30
20 21 2
22 23 23
5 7 12
8 10 8
3 5 25
1 4 5
6 8 1
11 13 14
14 15 30
17 19 12
9 12 23
21 21 21
0 3 5
3 4 13
20 23 5
21 22 7
3 7 15
3 6 3
8 9 14
10 11 16
20 23 27
12 13 14
1 3 10
8 9 3
23 3 16
0 3 14
2 4 20
17 21 22
8 11 10
16 17 9
6 7 10
12 14 28
8 10 3
6 8 26
20 23 11
16 16 15
17 18 14
22 0 12
23 1 16
0 5 27
9 11 20
0 3 21
14 17 6
15 15 14
14 16 22
10 13 14
1 4 1
10 12 24
23 1 7
7 9 9
15 15 21
11 14 10
22 22 29
21 0 6
19 20 20
2 5 14
19 21 15
23 2 30
11 14 10
10 14 27
9 11 24
3 3 22
23 0 7
13 14 23
19 21 1
7 10 10
20 23 1
4 5 19
2 3 19
5 6 15
1 4 9
6 8 4
1 4 21
3 6 23
4 6 24
5 7 6
8 10 30
18 21 9
16 18 17
7 8 22
20 23 18
15 17 8
15 18 27
7 9 19
2 5 20
20 20 24
11 12 5
3 4 10
2 3 17
5 8 29
13 16 14
8 12 18
6 8 1
17 19 26
23 0 15
4 6 26
2 4 3
3 6 11
18 19 27
11 14 30
7 10 4
19 22 2
7 8 13
21 21 21
20 22 2
21 23 7
15 19 28
17 18 3
14 16 30
7 9 23
21 23 26
23 1 4
23 23 14
1 2 20
15 17 30
16 18 23
8 11 3
12 13 25
21 23 20
0 1 26
11 14 14
16 18 29
2 3 15
9 11 5
14 16 23
6 8 7
23 0 8
18 20 6
2 6 26
10 10 17
17 19 29
11 13 1
11 12 12
2 4 4
13 15 18
19 21 11
9 10 24
19 20 19
16 19 12
21 1 7
14 17 30
2 5 1
17 19 9
21 23 4
15 17 18
18 20 5
6 8 26
22 23 30
14 16 24
12 14 12
15 18 12
14 15 10
15 16 20
1 2 4
0 2 11
3 6 21
10 14 19
22 0 16
1 6 7
20 21 20
12 16 6
11 11 6
8 9 24
0 2 13
5 8 21
23 23 2
21 22 7
20 22 20
17 19 23
19 23 18
18 20 29
11 13 4
11 14 29
20 22 22
23 2 19
15 17 14
4 5 20
6 8 16
3 5 26
19 21 6
23 2 2
21 23 27
10 12 24
5 5 16
23 0 3
8 10 6
8 9 2
19 20 7
4 4 23
1 3 6
11 13 16
11 13 10
11 14 5
23 0 5
10 14 13
10 12 3
10 11 25
8 11 29
20 22 14
17 19 12
21 23 17
5 8 22
11 12 22
22 0 3
3 6 12
6 9 6
1 4 26
15 17 12
12 14 2
0 2 1
21 23 7
11 14 22
23 1 9
9 11 5
3 4 8
2 3 26
16 18 11
15 17 11
11 14 4
20 0 23
11 14 25
15 17 23
21 0 16
23 2 3
5 6 26
12 14 20
6 7 3
6 7 14
2 4 18
6 7 25
16 18 12
17 18 24
23 2 13
11 11 30
6 9 7
0 2 15
22 0 21
17 18 25
14 16 27
22 23 5
14 17 30
6 7 1
7 10 7
21 21 16
11 12 6
20 21 13
6 8 17
10 12 22
21 0 3
8 9 22
13 15 15
20 22 15
14 16 6
8 10 29
4 4 8
20 0 9
2 4 30
2 5 15
0 2 26
18 19 18
6 7 4
1 3 6
11 13 4
11 12 24
23 1 3
8 10 24
8 10 16
21 0 19
1 1 12
