640 30
30 18 17 2 10 24 9 24 12 18 10 27 24 11 27 22 11 18 17 14 21 6 8 15 26 28 16 8 1 30 
15 16 2
5 8 14
5 5 30
18 19 25
8 8 11
9 12 11
14 16 22
22 23 10
6 8 6
23 3 19
23 0 1
18 20 21
22 2 13
2 3 22
14 17 10
20 23 20
21 23 2
4 6 19
15 18 9
7 8 14
15 19 5
10 10 4
20 23 15
17 20 18
15 16 5
21 0 23
2 4 16
10 12 30
22 0 28
14 17 16
0 1 23
14 16 30
5 6 2
22 0 4
18 21 28
3 6 19
2 4 16
6 8 5
16 19 13
18 20 12
7 8 13
21 23 25
0 0 23
18 21 21
13 15 23
12 13 6
0 3 30
3 4 7
0 1 18
13 15 2
2 5 15
18 21 15
11 11 13
21 22 3
4 6 25
17 20 17
10 12 4
16 19 10
6 8 30
23 23 12
23 2 30
6 5 8
5 5 25
12 13 3
13 15 4
16 19 10
21 23 22
5 7 21
6 8 18
0 2 1
8 10 5
16 19 21
21 21 19
7 9 4
18 20 7
8 10 18
19 21 14
16 19 24
17 19 8
19 22 19
17 20 19
13 16 5
8 10 1
18 20 12
23 1 1
11 13 27
14 16 5
23 1 1
19 23 12
6 9 18
13 13 23
22 22 8
14 15 26
22 22 20
14 17 22
9 10 11
17 19 20
20 21 27
20 23 6
14 15 12
14 16 22
1 2 29
21 22 29
20 23 13
4 6 13
20 0 19
0 2 5
17 21 6
15 17 12
13 14 28
9 10 23
6 7 13
8 11 14
7 11 17
22 1 29
0 1 13
6 7 21
19 19 4
15 18 30
7 9 4
4 7 14
21 23 19
13 16 23
19 21 15
2 4 23
10 13 24
7 8 4
1 4 1
8 9 7
10 14 5
23 22 29
14 17 24
15 15 3
3 6 2
1 3 18
19 21 29
1 3 21
10 12 5
22 23 23
20 23 4
21 23 12
20 22 25
16 18 28
9 10 10
9 13 24
19 21 11
17 19 20
1 3 4
19 22 29
16 17 24
14 17 22
5 8 9
16 18 25
7 10 3
4 7 25
11 14 5
8 10 24
17 17 21
2 4 23
15 17 17
8 9 9
15 15 10
6 7 5
20 21 18
5 9 27
4 6 13
13 16 30
4 7 22
20 22 23
10 12 3
15 17 11
16 17 1
6 9 2
2 5 20
9 12 20
2 5 12
0 3 3
11 12 6
3 5 15
20 22 16
5 5 13
22 1 6
15 18 12
9 11 20
12 14 22
1 4 18
22 0 14
1 3 6
10 13 15
7 9 2
16 18 7
16 18 3
2 3 5
17 18 22
11 13 29
22 21 7
1 2 8
21 22 18
18 20 18
4 5 10
3 6 9
6 8 19
1 4 4
9 11 22
21 23 27
13 16 20
23 23 11
13 13 9
19 20 29
2 4 15
17 19 12
2 1 26
0 0 27
0 4 23
6 8 20
15 18 17
11 15 28
10 12 13
16 17 11
18 21 1
23 2 20
6 9 17
23 1 9
21 23 8
17 19 20
16 20 5
15 18 29
2 5 13
20 23 14
2 4 6
23 2 2
10 13 14
22 22 23
7 11 13
4 6 20
1 2 22
2 5 25
12 14 21
22 3 16
15 15 10
18 19 15
1 4 12
9 12 13
21 1 29
0 0 17
18 20 17
5 6 11
1 3 7
10 13 13
17 19 28
16 15 2
18 23 26
4 7 19
19 21 5
13 15 26
15 18 3
23 3 30
23 1 25
22 23 24
12 14 24
11 11 24
23 2 18
7 10 23
10 12 3
17 20 28
3 6 26
12 13 8
12 12 2
23 2 18
7 9 8
0 3 9
19 22 7
7 8 14
14 17 15
17 17 22
14 17 2
12 15 19
4 6 21
11 12 15
10 12 23
5 8 15
3 6 27
15 16 28
20 22 8
7 11 12
13 16 21
15 16 11
16 18 13
1 4 24
1 4 7
9 10 4
8 10 2
0 4 12
17 19 12
19 21 9
19 20 23
11 13 28
19 22 24
22 23 4
0 1 11
14 15 19
4 7 11
23 0 30
20 22 11
17 18 19
3 4 26
20 0 2
9 12 28
10 11 1
22 0 16
7 11 4
16 19 21
0 3 3
5 5 14
11 13 17
10 11 30
22 23 27
13 14 4
2 3 26
5 5 7
23 3 16
19 18 7
1 3 27
6 9 5
10 10 14
14 16 16
13 15 1
7 8 28
8 9 8
7 8 25
16 18 10
3 5 5
18 19 18
11 13 21
12 15 12
13 13 13
10 13 1
2 2 29
1 3 11
1 3 27
8 10 26
6 11 30
19 20 15
10 13 17
22 22 6
15 18 7
15 18 4
20 23 24
22 0 4
1 3 28
20 22 28
3 4 4
15 17 14
15 17 18
3 6 17
0 1 18
2 4 12
10 12 29
0 2 17
0 3 7
22 23 27
20 21 10
22 0 30
13 14 27
23 0 15
6 9 6
18 19 6
3 4 2
4 6 19
12 15 29
2 4 7
9 11 21
5 5 27
19 20 12
17 22 7
12 11 2
13 14 15
20 22 5
18 20 7
19 19 21
4 6 26
23 2 21
11 11 15
13 15 8
8 11 7
2 4 1
12 13 30
4 7 4
1 2 5
16 17 1
11 14 6
14 16 12
22 0 17
20 23 19
2 5 2
20 22 27
11 12 16
15 17 17
12 16 15
15 16 19
12 14 22
10 12 3
11 13 12
12 14 29
19 22 28
6 7 20
19 20 3
10 12 26
8 7 29
12 13 2
21 22 27
10 13 15
17 20 11
17 19 27
5 8 28
7 11 13
19 21 5
18 21 14
18 19 3
18 21 29
21 0 11
3 6 20
8 10 3
5 8 11
5 7 20
13 14 29
2 4 19
18 19 19
20 23 15
8 9 14
6 9 6
22 23 21
8 10 8
9 12 9
9 12 11
23 0 14
10 12 22
16 18 25
0 1 5
9 12 3
3 4 4
15 18 4
4 7 29
19 20 17
19 21 7
18 20 7
1 3 27
23 1 21
11 11 13
19 22 28
6 8 22
22 22 25
22 1 6
1 3 9
20 20 20
13 16 26
7 10 2
22 23 10
3 5 26
14 15 20
7 9 29
14 16 18
14 15 9
15 18 9
3 5 18
1 3 5
19 19 23
13 15 30
6 7 22
3 4 5
18 19 25
0 3 27
2 5 22
22 0 4
8 10 19
20 22 23
13 16 9
2 4 4
20 21 10
17 19 26
16 18 11
1 3 5
5 7 3
19 21 27
16 17 29
9 11 11
3 5 2
9 11 20
19 20 17
3 5 16
5 6 24
7 10 15
2 5 2
1 2 3
16 19 12
15 19 21
3 6 30
5 7 10
22 1 12
15 17 1
23 0 12
19 19 16
1 5 24
22 1 19
3 5 6
0 3 5
5 9 17
8 11 14
4 6 22
4 6 13
14 15 18
10 11 7
15 15 19
1 4 6
0 2 23
4 7 14
12 14 3
6 8 15
20 23 3
13 15 5
1 4 1
5 5 17
5 7 16
9 13 7
14 15 27
10 13 13
21 0 18
9 10 14
0 3 1
3 4 4
0 1 21
13 15 15
23 0 7
4 6 30
8 11 16
14 15 24
15 17 26
3 5 9
2 3 27
10 10 29
0 2 16
18 22 3
19 21 2
4 5 12
1 4 1
6 7 24
1 4 20
8 9 26
17 19 18
3 5 21
19 20 13
6 7 26
13 17 14
0 2 8
11 14 18
20 21 20
17 20 20
18 20 15
10 13 5
3 5 6
5 6 12
4 5 26
16 18 22
17 19 25
1 6 23
8 8 4
1 3 18
19 20 17
17 17 22
6 7 27
11 12 30
2 3 7
5 5 9
18 21 6
18 19 18
2 5 27
16 18 26
23 2 26
17 19 12
23 1 16
18 20 5
14 15 13
23 0 26
2 4 27
4 5 10
5 7 9
9 10 15
10 11 24
1 2 25
14 16 27
21 21 15
5 7 14
20 22 30
5 7 16
6 10 9
22 23 10
18 20 14
16 20 3
21 22 19
15 18 25
13 14 5
9 10 21
15 16 30
6 6 12
22 23 1
18 20 18
4 7 20
19 21 19
22 0 19
13 15 30
9 12 6
17 19 21
3 4 7
6 8 25
9 10 15
18 19 16
3 5 2
0 3 9
10 13 21
11 14 13
8 10 21
14 15 21
13 16 16
19 20 24
3 6 19
5 7 19
12 14 19
5 7 10
19 20 5
3 3 17
7 10 27
20 22 10
7 8 10
5 8 7
8 8 16
3 4 6
17 20 18
7 9 20
12 11 9
0 0 21
