660 30
23 25 23 12 19 13 6 6 14 11 16 4 26 5 28 18 5 26 6 3 8 29 11 6 1 18 10 30 27 14 
21 22 17
9 13 28
2 4 26
4 5 22
20 23 21
18 20 5
18 21 24
5 7 27
4 5 8
9 11 13
18 19 30
10 11 13
18 19 18
13 16 22
21 22 13
3 5 25
9 11 9
4 7 5
5 7 13
13 15 13
1 3 17
9 11 17
16 17 8
13 13 15
9 11 10
4 5 30
21 23 12
0 1 13
17 19 16
14 14 2
21 23 9
21 21 24
12 15 22
22 23 14
14 17 5
6 11 19
8 11 3
22 1 21
9 11 20
18 20 4
3 6 14
3 4 16
12 14 17
3 4 10
16 19 18
20 20 22
15 18 16
10 12 14
8 8 5
5 7 30
1 3 2
0 3 27
13 14 11
11 13 30
21 23 28
13 15 1
18 20 6
3 5 21
5 7 16
4 5 25
12 15 18
23 1 16
13 14 16
23 0 29
10 12 16
12 14 2
21 0 18
0 1 16
2 4 30
17 19 26
9 12 10
3 3 26
7 9 11
2 4 28
8 12 22
17 20 21
16 19 4
11 14 25
3 4 23
12 14 30
13 16 28
11 13 20
3 6 12
17 20 27
8 8 3
3 5 9
13 15 29
23 23 18
19 21 1
22 0 22
12 13 11
14 14 30
2 4 19
1 4 11
16 17 8
10 11 24
23 0 2
23 0 13
5 6 6
6 7 30
21 21 25
4 7 15
19 21 11
8 9 18
14 15 11
20 21 5
13 14 18
10 11 17
1 3 11
13 13 7
4 7 5
19 21 25
0 2 14
23 23 24
5 8 14
15 17 19
3 3 15
14 15 13
6 8 19
15 16 18
11 12 14
18 22 22
17 20 26
12 14 27
9 10 7
13 12 16
1 4 24
0 3 28
17 19 2
4 6 8
6 8 7
0 2 4
22 23 10
12 12 22
16 17 24
5 8 3
10 11 5
1 2 15
7 9 23
3 7 12
11 15 12
22 0 12
11 12 23
8 10 7
22 0 2
8 10 13
17 19 24
12 15 25
20 22 10
9 10 26
19 21 8
22 22 11
18 20 10
6 8 10
1 4 25
3 3 5
12 14 21
17 18 20
1 2 5
13 16 20
14 18 22
20 21 23
23 0 9
15 17 29
9 12 15
11 13 8
11 12 14
14 16 23
18 20 27
19 20 2
16 19 29
14 18 13
1 3 14
0 2 17
9 12 5
10 12 3
1 3 24
16 18 20
19 22 7
0 2 6
14 16 15
6 7 7
11 15 9
14 15 22
15 17 14
22 22 17
2 3 13
1 4 7
3 5 11
23 1 15
7 10 18
7 8 21
15 19 8
14 16 5
18 20 7
21 22 28
22 0 27
16 18 12
16 18 27
3 6 12
17 19 4
21 22 20
11 11 17
19 23 28
12 14 11
18 22 17
5 7 9
18 21 17
18 19 8
20 23 18
14 17 26
6 8 14
23 1 5
21 22 25
3 3 19
3 4 23
13 14 19
12 13 6
3 3 3
0 3 21
9 11 7
14 15 6
14 18 26
21 22 13
0 2 15
18 20 21
3 5 14
12 13 21
7 8 27
0 2 26
23 2 27
11 13 22
13 15 15
18 21 1
7 8 14
22 23 21
11 12 30
21 22 29
7 7 18
23 1 27
17 18 13
11 14 17
23 1 13
22 1 28
15 18 29
16 19 23
10 13 4
15 18 22
3 5 18
15 17 4
13 16 3
10 12 27
18 20 19
0 2 30
21 0 5
9 10 17
9 10 12
1 2 21
14 16 5
14 15 28
12 15 21
1 3 21
1 3 17
15 18 13
18 21 26
7 8 19
20 22 9
11 12 26
16 19 22
3 4 24
9 12 3
20 21 28
0 2 3
10 13 11
13 14 9
19 20 14
21 22 12
10 11 21
18 19 21
19 21 16
6 7 25
19 19 22
20 22 30
21 22 16
9 12 17
0 2 22
11 13 29
5 5 1
17 20 29
17 19 7
0 1 20
15 17 17
6 7 28
2 5 13
11 13 27
6 8 19
4 5 5
10 12 21
23 1 2
18 20 14
2 6 12
19 22 12
13 13 30
5 5 13
20 23 3
6 7 9
19 20 4
21 0 17
7 10 13
1 4 10
11 13 6
11 13 25
21 23 8
22 1 10
22 0 19
5 6 30
6 8 20
21 22 10
15 18 25
22 1 25
18 22 7
20 23 1
23 0 11
15 18 6
23 0 21
1 2 1
14 17 15
13 14 29
19 21 13
7 8 4
20 22 16
10 13 27
7 8 20
21 23 30
17 19 25
23 0 14
22 23 11
11 12 23
0 1 4
2 5 20
18 20 14
1 4 18
13 15 6
13 16 3
0 4 15
7 9 12
14 17 20
0 2 26
21 0 10
3 4 27
5 7 23
17 19 9
21 1 9
0 2 10
18 20 9
14 17 2
14 16 23
16 16 14
17 19 4
20 23 9
2 5 2
20 22 8
14 18 16
3 5 12
3 5 17
2 3 16
22 23 3
12 13 19
8 10 22
12 15 8
4 6 1
21 23 25
17 19 11
19 20 29
21 23 18
16 17 14
17 19 18
14 16 11
11 13 9
1 4 11
17 19 6
4 5 9
2 6 16
5 7 18
14 15 7
23 0 24
8 9 29
14 16 27
19 19 15
10 13 26
11 13 7
16 20 5
2 4 17
3 4 19
11 13 3
14 15 8
20 21 7
13 15 9
21 0 20
10 10 13
0 2 20
0 2 23
5 7 29
1 3 19
18 18 23
20 21 9
1 4 4
18 20 28
22 23 10
14 16 5
18 21 10
5 6 19
7 10 4
0 2 16
15 17 20
4 5 10
20 22 14
15 17 29
15 17 5
9 10 28
0 2 17
7 8 25
18 21 29
12 15 26
7 9 28
16 19 7
10 10 15
23 2 18
3 4 3
10 13 23
9 9 23
19 22 12
14 17 21
17 20 24
11 11 24
15 16 14
4 5 16
19 21 29
5 7 25
23 1 7
12 14 15
20 21 4
10 13 18
14 15 5
18 20 16
11 14 8
3 5 13
10 12 21
13 15 11
7 10 30
20 20 20
7 9 26
10 11 14
2 4 20
2 2 15
7 9 29
18 22 1
1 3 12
16 19 29
17 19 11
7 9 3
22 0 27
0 2 24
17 18 2
12 13 3
4 6 8
21 23 27
16 19 8
0 1 21
5 8 23
1 3 23
19 18 19
22 1 20
17 21 20
20 23 15
11 12 13
1 4 28
11 15 9
5 6 29
19 22 23
1 2 28
1 2 12
7 9 27
6 7 15
18 20 5
2 5 1
4 7 15
18 21 23
22 1 20
17 18 19
9 13 26
14 14 4
2 4 21
15 17 13
4 7 10
22 0 10
14 16 13
3 6 15
9 11 23
7 8 20
17 19 9
12 15 19
4 6 9
10 12 29
9 11 20
6 9 16
16 18 16
0 4 14
12 11 24
2 3 8
7 7 20
23 0 27
17 18 28
1 1 8
10 13 12
20 21 18
4 7 22
14 15 2
21 0 13
19 19 7
11 12 3
7 8 24
13 16 12
22 1 5
8 10 29
9 10 15
6 7 4
13 16 21
12 12 5
18 20 28
8 10 3
11 14 21
13 15 29
6 10 20
21 23 1
17 19 19
7 9 8
10 12 8
9 12 30
16 17 27
11 12 5
0 3 6
17 19 7
0 3 11
17 19 22
8 11 11
9 12 2
18 19 23
21 22 9
19 22 20
13 16 16
6 7 22
20 20 22
5 7 21
17 20 21
18 20 19
21 23 26
6 9 22
14 15 14
20 22 14
16 18 14
21 23 8
23 0 24
0 0 28
20 22 2
18 20 6
10 13 13
21 22 16
2 4 24
10 12 30
16 18 17
21 0 22
7 10 17
12 14 3
16 18 23
15 17 11
3 5 29
9 13 7
8 8 12
0 2 7
5 6 20
17 19 8
8 9 8
12 12 15
9 11 28
19 21 25
16 18 2
13 15 24
22 0 14
18 21 10
20 21 25
18 19 13
9 11 10
0 3 23
14 16 13
8 10 22
0 0 16
8 9 12
6 9 2
16 18 27
17 19 29
2 4 30
9 11 5
16 19 9
11 12 18
11 13 17
18 19 10
6 8 29
18 21 29
2 5 7
10 13 17
19 21 14
20 21 23
15 18 5
2 3 16
18 20 28
0 0 13
8 11 12
16 18 8
22 0 30
5 7 29
4 7 24
2 6 28
21 23 4
2 4 17
16 18 11
8 11 29
19 22 22
14 14 28
1 2 25
9 12 11
23 2 10
15 17 5
13 15 28
11 13 1
19 19 8
11 13 28
22 0 17
15 17 5
15 16 8
9 12 9
12 15 25
17 20 17
4 6 28
3 4 30
19 21 25
7 8 16
1 4 11
2 4 25
2 3 27
7 8 17
4 6 1
8 13 15
5 7 15
8 10 30
16 18 26
3 8 14
19 22 4
21 23 23
8 7 11
