670 30
5 11 23 15 25 24 9 11 29 29 10 16 6 11 7 20 15 2 30 25 13 1 21 20 9 27 14 16 11 21 
5 7 24
13 15 8
1 3 8
10 9 15
4 6 23
10 12 1
1 2 4
10 12 3
10 13 19
2 6 22
19 21 27
19 22 12
8 11 30
3 6 30
14 15 24
11 12 8
0 1 24
11 15 20
5 5 24
0 2 17
0 3 7
8 9 4
21 21 26
9 11 12
7 8 19
15 16 4
0 2 1
13 16 3
13 15 17
0 3 4
7 10 3
8 11 8
13 15 27
1 1 12
18 20 29
20 21 16
10 13 14
2 4 10
17 18 10
9 11 3
20 20 17
13 15 28
6 7 29
1 4 23
14 17 12
23 1 3
13 15 3
18 20 4
14 13 24
23 4 1
21 0 22
20 23 13
11 12 7
16 17 3
18 21 8
10 11 19
3 6 29
19 22 24
4 7 28
16 17 8
10 9 11
0 3 9
17 18 16
6 7 27
4 6 23
20 21 26
18 19 20
15 18 30
22 0 21
16 18 28
20 22 9
9 11 8
7 10 9
16 19 10
19 23 12
20 21 11
2 3 2
9 10 11
21 22 25
20 23 14
5 7 5
7 9 9
20 23 7
14 17 30
20 23 29
20 22 13
19 22 29
22 1 15
3 6 29
19 20 5
2 4 18
17 18 1
3 4 11
21 21 16
5 6 20
15 17 17
10 12 9
5 9 10
9 12 12
7 10 2
0 2 25
9 10 1
12 15 28
12 13 2
15 18 1
0 2 27
16 19 5
22 0 12
11 14 20
14 17 3
18 20 4
20 22 16
12 12 16
4 7 14
12 14 5
5 7 25
23 2 26
22 2 7
20 22 6
7 9 25
14 17 23
10 13 30
2 4 12
6 7 24
19 18 3
14 16 24
23 1 21
8 10 22
1 3 8
1 3 6
11 13 19
15 16 2
15 15 11
2 5 5
13 15 25
12 12 2
1 4 20
9 12 22
12 13 16
3 5 22
4 6 23
2 3 11
12 14 2
11 14 24
10 11 7
14 16 21
2 4 22
1 2 21
21 23 29
7 9 11
18 22 9
19 21 21
5 6 28
10 13 2
4 8 4
0 2 6
20 22 20
14 16 16
7 7 30
6 7 1
0 3 19
5 7 4
6 9 15
4 6 19
5 7 17
18 21 16
16 18 4
5 7 7
21 0 26
7 8 14
23 2 20
8 9 22
20 21 10
10 11 25
19 20 30
0 0 17
8 9 5
10 11 16
19 21 29
19 22 1
17 20 9
7 8 30
17 19 25
1 2 13
23 1 28
20 22 5
11 13 13
1 3 9
2 5 15
10 15 13
7 10 29
15 18 5
19 20 26
1 5 7
13 16 24
15 17 8
5 7 2
14 16 2
10 12 21
2 2 22
13 15 29
20 20 12
10 11 29
17 18 4
0 3 26
0 1 15
9 11 5
0 4 27
9 11 14
9 12 23
11 13 9
4 7 7
9 11 10
18 17 6
7 11 4
7 9 24
23 2 4
10 13 18
12 15 8
14 17 7
11 13 6
12 13 24
15 17 2
22 0 12
18 21 11
7 9 20
8 11 29
18 20 5
20 20 9
19 19 21
22 23 7
22 23 5
20 22 22
4 6 15
21 23 1
18 20 1
19 19 19
10 11 30
10 13 19
15 16 4
18 19 25
17 19 11
20 22 17
12 13 15
19 22 26
6 10 16
18 20 6
4 5 10
1 1 13
12 15 27
18 20 1
21 22 25
5 8 17
13 16 1
11 13 15
17 19 28
17 18 3
8 11 21
1 2 3
9 10 3
19 20 6
10 12 20
0 3 21
17 18 16
17 18 9
9 11 17
1 3 4
7 8 23
18 20 8
2 2 10
11 13 13
8 9 4
3 6 13
17 21 18
4 5 29
2 4 30
2 4 26
12 15 13
22 1 14
18 20 15
12 12 7
1 3 9
8 9 29
0 2 27
7 10 5
5 7 8
4 7 8
22 0 5
6 8 13
22 0 5
6 8 5
20 22 8
19 20 13
16 16 27
20 22 10
18 19 27
3 4 15
5 6 3
22 1 2
21 23 16
4 6 21
11 14 13
11 13 15
11 14 13
14 17 21
9 10 4
21 23 14
5 5 17
5 6 24
3 4 29
16 17 26
2 4 8
4 6 14
17 20 23
18 20 6
21 0 22
12 14 3
7 8 15
2 6 10
8 9 10
7 8 26
0 1 3
1 3 12
23 2 29
1 3 25
6 8 5
23 1 15
21 23 29
3 4 9
5 6 17
7 9 9
17 18 8
21 23 2
22 22 6
19 21 26
19 21 16
19 21 14
19 21 1
5 7 1
6 9 7
15 18 2
14 16 3
6 8 12
12 13 18
8 8 9
10 12 24
15 18 4
2 3 5
13 15 30
9 11 21
14 17 23
22 0 13
9 11 14
16 18 14
6 7 8
3 6 16
0 1 30
13 15 3
6 8 5
17 19 26
17 20 6
13 13 27
4 6 11
10 12 30
10 12 19
9 10 4
23 0 14
23 2 10
14 13 10
20 0 24
3 6 18
19 22 13
12 14 21
1 4 26
17 19 16
1 3 6
11 14 3
15 19 14
16 18 17
15 18 8
4 6 18
4 4 22
11 14 16
21 23 26
7 12 11
2 6 19
21 23 28
13 14 1
13 15 20
14 14 5
14 17 6
4 5 23
6 9 18
11 14 9
1 2 22
23 1 29
21 22 17
11 14 30
0 2 23
17 19 27
3 4 18
17 20 28
19 20 28
22 1 12
2 5 15
1 3 26
15 17 4
0 2 19
14 15 27
0 2 29
12 15 4
9 12 22
6 8 9
19 20 20
1 3 23
18 19 14
6 8 28
15 15 6
8 10 15
14 17 2
6 7 5
15 18 26
5 6 3
10 11 22
22 0 21
18 20 23
4 7 2
0 2 26
9 12 13
17 18 1
17 19 10
19 22 11
20 21 10
1 4 25
9 11 26
21 22 3
1 3 24
6 9 18
4 5 27
3 4 2
12 16 27
7 8 5
0 2 23
6 7 17
0 2 1
6 8 2
5 8 22
0 2 10
1 3 16
6 8 8
12 14 12
12 14 1
20 23 15
0 3 9
17 21 26
8 11 15
21 23 24
10 10 20
9 11 30
21 0 9
20 20 10
11 13 30
8 8 18
17 22 27
17 18 20
20 21 29
6 6 15
19 22 13
15 19 26
4 6 2
18 20 12
10 12 2
11 13 29
8 8 25
12 14 21
21 20 22
5 9 23
4 7 26
15 16 30
1 2 4
18 18 12
16 19 13
19 21 25
10 11 12
17 19 7
7 11 5
8 11 22
10 11 28
10 11 15
23 1 18
0 1 16
7 9 5
16 18 19
4 6 1
13 15 18
6 10 2
18 19 6
10 11 1
15 16 13
19 23 2
13 15 16
17 18 22
18 19 18
16 20 25
20 22 29
17 19 2
2 5 21
19 21 19
11 15 12
19 19 13
15 18 30
16 17 13
6 7 22
1 4 16
10 11 12
1 5 26
11 13 15
0 3 24
23 3 11
6 9 30
1 3 24
13 15 15
1 3 24
0 0 11
13 15 8
3 7 7
18 20 11
2 6 19
5 7 2
7 10 25
5 8 3
20 22 6
10 12 11
23 2 18
8 8 3
15 16 14
12 15 18
12 14 13
21 0 16
8 10 24
1 2 16
10 11 16
15 17 29
17 20 7
2 5 20
6 6 25
7 9 6
5 9 20
14 16 17
4 6 28
6 7 13
8 11 10
23 2 18
13 15 7
19 20 1
14 16 18
11 12 15
8 9 28
3 6 15
4 6 24
12 15 17
14 13 28
13 14 24
0 1 6
10 12 18
20 21 5
15 17 10
21 23 27
22 23 14
14 18 22
0 1 16
14 16 2
3 5 13
8 10 4
18 22 9
12 14 14
22 1 16
21 22 25
15 16 27
7 9 24
6 8 4
14 16 5
20 23 14
21 22 12
21 22 27
4 6 8
17 20 26
15 17 26
17 20 17
19 21 3
11 11 27
16 18 3
0 2 15
19 20 19
10 12 12
21 21 26
0 1 15
3 4 26
18 20 9
14 16 26
14 17 13
15 19 26
22 23 30
23 1 21
12 15 19
15 15 16
20 22 9
16 17 15
4 6 28
6 10 18
15 18 12
15 16 6
5 7 5
0 2 6
9 9 18
12 15 16
20 23 23
18 21 20
12 13 9
1 5 25
6 9 16
21 20 2
10 12 9
20 23 24
1 5 30
2 4 30
5 8 26
3 6 7
3 4 1
8 11 18
3 6 9
11 13 19
9 11 3
8 9 23
6 10 3
2 4 3
9 12 20
7 8 27
2 3 18
6 9 16
14 18 19
0 1 19
22 23 7
14 15 19
21 0 27
10 11 20
14 17 6
18 20 5
15 17 14
9 11 1
11 11 11
13 15 1
3 3 10
4 7 23
10 10 19
15 18 17
22 0 2
0 1 8
10 10 24
2 4 12
20 21 30
3 5 23
14 17 30
14 15 16
14 17 9
14 18 23
2 4 23
17 19 27
0 3 18
8 10 18
