680 30
9 28 8 23 26 7 28 17 6 9 27 4 16 14 18 29 21 6 25 11 10 12 9 19 19 1 14 24 30 22 
8 9 29
0 2 5
18 18 17
17 22 7
14 17 15
15 17 17
19 23 24
3 5 17
18 20 7
8 10 13
3 6 20
5 7 11
11 12 9
15 17 19
5 8 5
11 11 24
20 21 2
22 0 1
16 20 11
8 10 4
20 23 11
22 23 12
2 4 4
0 3 19
8 10 29
11 12 14
20 21 22
14 17 18
8 12 9
16 17 1
18 19 17
9 9 21
18 21 6
9 10 25
21 22 27
20 21 2
21 22 29
17 18 18
22 0 16
18 20 3
13 12 27
2 5 11
3 4 24
10 10 29
6 7 20
2 4 4
23 0 7
18 20 10
13 14 7
19 21 10
8 9 19
6 8 25
4 6 16
2 4 19
11 15 22
5 7 10
11 13 9
12 15 1
0 2 27
2 3 20
14 14 3
17 19 14
14 15 4
20 20 8
1 1 8
4 5 21
8 9 28
14 14 25
10 12 23
6 8 10
13 16 21
21 23 14
22 0 9
19 21 20
14 17 4
16 18 29
22 22 6
0 3 21
8 10 9
17 18 8
5 7 10
20 22 25
5 5 2
17 21 30
3 7 23
21 23 3
11 14 2
2 4 25
22 23 29
17 19 6
14 16 6
15 17 22
16 19 27
2 5 7
22 1 14
15 18 5
22 1 19
20 0 16
9 12 28
0 1 26
0 2 11
1 4 6
3 6 19
22 23 1
4 5 24
12 14 3
20 23 8
4 6 8
23 0 14
20 22 13
21 23 7
4 5 30
21 22 29
15 17 2
0 2 1
16 19 7
13 14 16
11 13 12
9 11 19
8 10 17
9 13 16
20 22 11
22 1 22
23 0 1
5 6 21
3 5 11
6 9 27
6 8 21
18 21 10
13 16 4
17 18 28
3 4 25
21 22 9
7 7 20
21 22 25
3 4 30
22 0 11
0 1 29
9 11 2
15 18 1
7 9 9
12 12 20
2 4 25
6 9 23
13 16 13
6 7 10
16 18 20
8 12 9
5 7 22
22 0 17
17 18 9
6 6 25
17 18 8
12 14 1
2 3 24
23 2 23
10 13 26
14 14 14
16 17 4
1 2 21
15 18 5
1 4 8
14 17 4
10 13 29
2 4 26
14 17 30
22 23 10
21 0 28
22 23 7
18 19 6
11 13 17
13 15 30
14 16 8
4 6 25
19 19 29
16 18 6
21 23 4
11 14 2
22 0 5
21 22 22
9 11 14
13 14 20
13 14 8
16 18 24
19 23 3
11 12 29
17 21 2
3 5 16
20 21 13
12 14 19
13 15 10
1 3 14
19 22 3
13 17 23
1 2 1
18 19 15
18 19 18
17 18 29
19 21 15
2 2 9
7 11 16
10 8 1
23 1 9
16 18 20
1 2 16
10 12 22
13 15 8
0 2 13
0 3 11
17 19 21
17 18 12
14 15 28
21 22 25
3 6 9
23 2 18
7 9 17
9 13 9
20 21 15
13 16 26
5 7 7
16 18 30
20 23 22
2 3 26
23 3 18
3 6 6
12 14 18
15 17 5
23 4 3
10 11 14
20 23 5
16 19 18
7 8 11
10 12 4
14 15 13
3 3 10
8 9 25
4 7 22
3 6 29
1 4 5
5 7 26
3 5 6
18 19 29
2 5 6
21 23 7
6 7 25
8 9 1
21 0 9
14 16 5
19 22 6
5 6 29
23 1 26
14 15 20
0 1 17
12 14 6
4 6 11
12 16 9
8 9 7
21 22 8
18 20 20
20 23 20
6 8 28
8 9 27
23 3 17
19 22 13
21 22 13
16 17 9
20 23 8
4 5 9
0 1 26
10 10 26
0 0 6
18 20 26
13 16 29
1 4 16
1 2 1
3 4 15
23 1 30
23 2 29
23 1 29
22 1 22
8 11 20
17 18 20
18 19 25
13 16 28
20 21 4
4 6 1
1 2 20
23 1 20
6 7 23
9 11 7
4 6 13
23 0 24
9 12 22
10 13 1
5 7 5
6 8 10
2 3 25
20 19 9
23 0 30
0 2 18
9 8 15
16 18 1
8 10 4
1 3 23
0 2 5
20 22 3
15 16 9
1 1 17
9 11 10
22 23 19
17 19 1
21 22 9
18 20 15
14 18 17
9 10 20
5 8 16
15 17 12
7 8 7
19 19 14
7 10 17
16 18 14
22 0 26
18 20 3
12 13 2
8 11 20
7 9 2
23 0 21
8 11 27
4 6 20
11 13 11
5 6 22
0 3 17
6 8 7
14 15 9
10 12 20
6 9 7
8 9 12
12 13 5
18 18 7
1 3 19
10 11 14
13 17 27
0 4 19
15 17 26
8 10 6
21 0 9
9 10 30
9 12 22
0 1 14
1 5 10
15 17 15
22 23 18
3 5 26
22 0 3
12 12 21
2 5 2
13 13 14
11 14 1
14 16 18
11 12 17
17 20 27
1 3 10
6 7 24
4 4 24
21 23 28
19 22 22
21 0 6
18 20 27
11 15 25
15 17 29
8 9 4
10 12 8
19 20 3
11 11 10
0 4 10
6 8 15
4 6 14
1 5 18
19 20 2
23 1 22
10 14 19
7 9 24
13 15 24
14 16 3
11 12 3
17 18 7
11 12 3
15 18 4
11 12 16
16 18 26
17 20 23
12 11 13
18 20 13
7 9 15
10 12 30
4 6 13
17 20 2
15 18 26
1 5 23
22 0 16
8 11 28
22 0 11
23 23 14
6 9 22
23 0 22
19 21 10
8 12 9
4 6 9
12 15 22
5 7 1
18 20 16
17 18 12
2 3 16
3 6 28
12 13 11
11 14 10
3 5 24
22 0 5
6 8 5
1 3 15
19 22 2
17 18 9
5 8 29
1 1 6
20 22 29
11 13 19
3 5 30
3 5 4
16 17 20
15 18 14
18 20 27
15 18 3
9 10 12
23 1 2
4 7 5
1 4 1
5 7 30
8 8 9
23 0 3
7 9 13
21 23 8
7 11 25
4 5 18
5 7 3
9 11 21
16 18 10
6 7 15
10 12 14
0 3 20
2 4 9
5 7 4
22 23 3
22 1 1
17 20 25
0 3 16
13 15 2
8 9 24
11 13 23
14 15 19
2 4 4
1 3 7
1 4 29
20 22 20
20 21 28
17 19 26
20 0 12
10 12 22
17 20 9
14 17 21
23 0 6
23 2 16
13 14 8
4 7 12
5 6 10
23 1 19
7 8 10
20 21 12
1 5 7
2 3 29
11 13 17
11 12 28
2 3 18
6 11 19
19 21 3
14 15 19
18 19 23
16 18 12
20 23 24
2 5 28
2 5 19
2 5 9
18 20 9
19 22 11
14 15 30
2 4 14
10 11 5
17 17 30
9 11 13
13 15 19
23 1 14
3 5 6
19 0 29
20 23 7
0 1 9
9 12 29
8 9 29
6 9 30
0 2 14
23 1 6
9 13 13
18 21 18
12 15 20
1 3 11
6 8 27
3 6 23
1 3 2
23 0 29
19 21 23
15 17 23
13 15 21
18 19 26
15 18 8
9 12 8
3 3 18
2 5 16
15 17 11
6 7 16
20 22 14
9 10 26
18 20 4
16 18 5
20 23 7
11 13 26
9 10 6
14 16 3
18 19 27
11 13 25
1 3 25
10 12 10
10 11 10
1 3 18
10 12 15
22 23 8
12 13 7
4 7 14
19 20 21
16 18 6
13 16 21
2 3 29
14 16 3
8 10 18
1 5 17
22 1 19
22 23 2
14 17 8
19 20 12
14 15 16
12 15 4
12 14 28
11 13 3
15 16 14
20 21 10
8 10 17
9 11 24
5 6 2
15 19 27
18 21 9
21 21 30
5 6 1
11 14 23
12 14 26
13 14 5
10 11 17
19 21 25
3 5 9
12 14 16
11 12 10
12 14 30
20 21 30
6 10 12
23 23 19
14 16 16
6 8 12
11 12 1
19 21 24
7 10 6
9 11 26
12 13 11
9 11 14
17 20 29
15 19 15
17 20 7
8 10 11
2 6 13
20 22 9
13 15 1
12 15 21
17 18 3
11 11 16
3 4 4
6 7 15
2 4 14
4 7 7
11 13 4
8 9 22
15 19 18
14 14 14
13 15 5
16 18 4
17 18 18
18 17 29
10 12 20
0 1 8
16 17 20
21 0 27
12 15 23
15 18 23
18 21 17
14 16 4
5 8 7
9 11 7
23 2 4
7 10 13
20 21 16
22 23 21
6 8 29
8 11 5
2 5 30
22 0 19
2 6 12
20 23 27
11 15 19
1 2 10
23 0 22
10 12 3
1 3 18
15 18 20
6 9 8
21 1 5
18 22 27
9 11 6
22 0 26
19 22 21
15 17 2
20 23 8
8 10 10
0 3 4
15 17 3
16 18 22
15 17 18
22 0 5
19 20 30
17 19 10
5 7 29
13 16 22
10 10 20
14 17 25
6 8 19
5 8 13
7 10 16
0 2 17
16 19 18
22 1 26
16 17 8
12 12 29
18 19 1
9 10 14
2 5 19
22 22 8
11 13 3
20 21 2
23 2 9
18 20 19
4 7 11
16 17 18
4 6 28
13 17 14
20 22 10
18 20 25
11 15 3
