6800 30
26 10 9 1 6 25 29 20 11 27 28 29 5 13 28 1 1 15 7 4 6 13 14 22 21 29 9 10 21 6 
1 1 7
6 9 1
22 23 27
2 3 28
8 10 21
22 23 2
2 3 12
0 2 9
10 12 18
15 17 21
15 17 25
0 3 10
5 5 30
16 18 16
12 14 8
18 20 18
4 7 26
17 18 2
5 6 21
4 6 12
12 15 11
20 21 16
21 22 21
4 4 15
11 14 30
22 1 27
14 15 5
13 15 19
5 6 20
3 6 3
20 22 27
5 9 13
17 19 29
0 1 5
16 19 17
1 4 23
20 21 9
10 12 19
13 16 26
19 21 26
14 14 20
4 7 8
1 4 20
17 18 15
12 14 26
8 10 2
5 7 3
23 0 23
21 0 22
4 6 20
7 9 16
15 16 30
21 22 7
19 20 9
13 14 26
4 7 14
3 4 17
5 8 29
20 21 16
11 13 10
13 15 11
17 20 21
16 17 18
4 6 21
1 1 1
8 10 1
15 17 25
18 20 27
14 15 8
12 14 11
23 1 21
9 11 3
4 7 22
14 15 29
15 17 9
3 4 24
20 22 3
13 17 3
7 11 23
13 17 10
10 11 12
4 5 28
22 23 26
17 19 7
22 23 2
12 13 29
14 14 26
21 23 16
12 15 2
22 0 6
21 22 21
21 1 19
19 21 18
22 0 15
0 2 27
7 9 22
0 3 22
21 23 20
3 7 13
6 8 7
21 23 15
18 20 13
6 9 2
14 14 1
8 10 19
20 23 25
5 7 24
17 19 17
1 1 22
12 14 1
4 6 26
1 1 22
4 7 2
11 13 15
11 14 2
17 21 12
14 15 18
8 9 14
17 21 16
12 14 6
12 14 13
22 1 7
12 12 15
8 12 6
0 3 27
9 9 16
17 20 17
18 18 2
3 5 19
1 2 2
4 6 9
8 10 27
3 5 28
3 7 10
12 14 23
13 15 16
0 1 26
23 3 8
0 3 13
14 14 3
12 13 17
23 1 18
11 14 22
10 14 4
17 19 13
23 0 23
20 21 13
16 17 4
23 2 9
15 19 19
7 9 16
21 23 18
3 4 7
5 7 27
3 5 8
21 0 29
17 19 10
11 14 17
5 6 6
3 6 7
14 16 12
8 10 8
1 4 17
3 5 10
22 0 2
9 11 27
21 22 10
9 12 23
2 2 20
12 13 17
4 6 11
8 10 30
2 5 9
21 21 18
9 11 20
6 9 24
22 23 8
17 19 7
8 10 24
5 8 14
1 3 12
1 3 29
8 10 20
23 2 16
22 2 14
16 18 20
13 14 20
8 11 9
0 3 5
21 0 25
20 22 13
18 22 24
6 7 15
18 20 2
15 16 4
1 3 29
14 15 23
4 5 25
9 11 26
12 15 2
7 8 20
22 23 14
12 14 3
14 18 19
7 10 17
1 3 15
6 8 23
12 14 16
2 4 8
18 19 15
19 20 30
19 21 16
10 12 14
6 9 9
7 10 14
14 17 10
1 3 16
11 13 30
3 6 26
8 9 18
7 10 29
11 13 8
7 8 18
17 21 21
23 1 28
22 1 13
18 19 5
4 8 7
12 15 30
12 14 11
1 2 22
8 10 17
1 2 9
0 4 6
12 14 10
13 15 18
21 23 24
7 8 10
5 5 24
19 21 2
18 19 7
15 17 7
23 1 16
21 22 12
13 16 29
0 4 24
18 20 20
7 7 13
13 14 30
15 16 2
18 20 19
10 11 30
8 10 6
2 4 18
17 19 6
6 7 11
20 23 19
13 16 4
2 3 26
3 5 1
2 3 5
5 8 24
11 11 19
12 13 2
22 23 3
8 10 3
23 1 16
1 3 2
9 9 21
4 7 11
13 15 7
7 10 3
5 6 11
23 1 1
1 5 18
6 7 28
3 6 6
13 15 21
7 8 18
14 16 28
17 19 6
13 15 8
1 1 28
0 2 29
3 6 7
19 20 22
8 10 17
16 18 24
20 22 23
11 11 2
23 0 25
16 19 7
6 8 9
19 23 20
12 14 20
20 23 24
1 5 25
1 3 6
20 22 14
15 16 9
3 4 1
6 9 10
14 16 10
7 9 18
1 2 22
13 15 15
15 17 12
0 2 14
23 2 25
18 21 14
20 21 22
4 5 27
6 9 30
10 11 19
19 22 11
21 0 23
1 4 10
3 7 12
16 19 11
11 12 19
13 18 10
4 6 18
4 7 16
23 1 17
8 10 18
2 5 5
0 2 21
4 5 10
11 14 3
4 5 5
4 9 8
16 20 29
2 5 23
20 22 28
19 21 9
13 14 23
5 9 17
21 23 20
20 22 14
9 10 3
10 12 21
14 17 21
2 5 22
19 22 23
23 1 27
2 3 15
5 8 4
17 18 10
13 13 10
22 0 13
14 15 21
0 1 15
7 7 6
18 20 26
0 2 18
15 18 11
13 15 24
11 14 29
9 12 13
13 15 3
9 11 17
20 23 4
10 13 4
4 7 2
11 14 29
18 20 22
23 2 17
0 1 1
2 4 3
18 21 26
9 9 22
2 7 17
17 19 12
13 15 2
17 17 22
0 3 7
8 10 29
6 7 1
22 1 6
20 21 28
15 18 9
19 22 19
21 22 8
19 19 24
6 8 16
0 2 3
6 8 21
13 16 7
20 23 24
4 8 9
7 10 13
8 10 16
22 0 5
3 2 2
3 5 30
5 7 14
7 9 12
5 6 12
23 1 22
0 2 20
17 19 14
13 15 22
13 14 17
23 3 28
23 0 11
22 23 6
10 12 13
8 12 17
15 16 25
1 3 28
23 1 8
16 19 6
2 3 14
13 16 19
0 3 21
5 6 23
1 3 29
8 10 13
7 8 9
9 11 2
5 6 28
22 0 24
14 15 3
5 7 13
19 22 6
9 11 8
12 13 13
10 11 12
5 8 15
15 16 17
5 9 29
3 4 12
7 8 20
13 13 14
23 1 9
8 11 30
15 17 24
21 23 11
12 14 18
10 12 27
17 19 30
17 21 20
8 11 29
14 16 21
12 13 24
22 1 7
19 21 21
23 2 30
2 5 29
20 21 15
14 16 10
6 9 21
22 1 30
16 18 22
3 4 6
6 8 7
3 5 10
16 18 4
4 6 7
16 17 14
16 17 24
7 10 3
17 17 11
15 16 1
2 5 2
14 16 14
16 18 23
3 6 2
8 11 1
0 2 20
14 16 13
10 12 16
1 2 11
21 0 16
13 15 27
18 19 22
18 20 7
9 11 7
9 10 28
10 11 28
4 5 5
16 19 11
0 1 11
5 8 27
21 21 25
4 5 6
15 18 1
10 12 11
11 13 9
1 1 13
15 18 8
15 16 23
22 2 16
1 4 2
15 17 2
12 14 15
0 -1 29
6 7 29
5 8 10
22 23 15
16 17 26
10 14 13
4 5 7
16 16 12
4 5 30
11 13 16
9 11 30
17 17 30
19 21 11
3 6 1
9 10 25
16 16 16
11 13 5
17 20 21
7 7 10
7 11 4
7 10 11
6 9 25
17 20 24
14 16 15
17 20 23
10 12 27
17 18 23
7 8 18
2 5 4
23 1 13
4 5 5
5 7 14
23 0 22
6 9 9
17 21 5
21 23 22
8 9 28
6 7 13
2 4 12
5 7 11
14 16 21
5 7 3
19 23 1
20 21 4
13 16 19
19 23 2
10 12 12
7 10 12
4 6 19
18 18 23
0 3 2
9 10 16
1 3 24
19 21 22
18 21 25
5 6 20
7 9 8
8 9 2
3 6 1
2 3 29
19 22 20
4 6 29
22 1 11
21 23 21
0 2 17
16 18 24
11 12 19
20 22 6
16 17 25
4 7 25
8 10 7
9 11 8
10 11 21
14 15 13
20 22 21
19 20 25
2 4 5
11 14 25
21 22 24
14 16 27
19 22 14
9 13 8
4 6 12
9 12 6
19 21 25
6 8 17
22 0 11
12 13 5
11 13 10
22 22 17
9 11 22
18 20 14
10 13 30
15 18 20
22 0 11
9 12 2
11 11 30
7 11 14
8 13 14
3 5 21
13 16 27
13 14 7
12 14 9
6 8 9
7 10 5
14 15 21
0 0 23
3 5 15
13 14 17
0 3 21
16 19 5
15 17 25
2 3 6
18 20 28
15 18 12
13 16 4
7 8 16
21 23 15
22 0 14
6 7 29
10 12 18
14 17 21
9 11 23
18 21 15
17 18 21
16 19 4
10 11 26
10 11 15
4 7 25
21 0 22
18 21 30
3 6 9
2 6 23
3 5 17
18 19 11
0 3 12
7 8 24
14 15 10
19 21 26
15 19 3
8 10 29
23 1 18
6 8 3
11 13 12
21 0 9
16 16 16
9 11 18
3 3 3
19 22 4
18 20 3
19 20 25
18 20 27
13 16 28
3 5 23
22 1 5
4 6 10
7 10 5
0 2 1
22 22 17
16 19 16
1 3 15
11 12 15
10 12 3
22 23 21
11 13 10
9 12 9
16 18 28
17 18 12
21 22 15
15 17 15
7 11 22
2 3 21
22 1 23
0 3 7
4 7 2
11 13 7
14 17 28
2 4 28
9 12 25
15 16 22
20 21 27
0 3 19
8 11 27
19 21 12
10 12 11
4 6 26
17 19 9
22 1 26
6 8 2
13 15 16
22 0 26
16 19 6
8 9 2
5 7 27
20 22 25
3 3 9
13 15 14
0 1 6
2 4 10
10 11 10
3 4 12
19 20 7
4 5 17
6 8 4
9 11 2
10 12 6
4 6 22
4 5 23
19 21 15
20 22 19
9 12 28
0 0 1
21 0 21
3 6 6
12 14 28
3 5 16
20 21 13
0 1 6
17 18 14
22 1 16
19 22 18
18 19 21
12 14 15
7 10 21
12 12 27
0 2 1
11 13 7
19 21 17
18 19 25
21 0 24
20 23 3
7 8 12
21 23 20
10 12 19
11 13 14
19 22 30
14 17 11
21 21 8
10 11 15
7 9 19
21 0 27
23 1 12
11 13 3
22 0 18
8 10 26
12 13 6
21 21 24
4 5 12
7 8 8
14 15 11
14 16 9
12 12 13
20 22 4
18 19 7
10 12 13
23 1 1
6 8 26
6 7 9
4 5 26
15 18 26
1 2 5
20 22 22
23 2 30
12 15 7
15 17 5
22 2 19
23 0 22
3 4 21
16 18 3
14 15 25
11 14 9
22 23 29
7 11 14
14 17 28
20 23 11
0 2 29
13 15 9
20 22 9
14 16 30
2 4 19
23 1 1
2 4 16
13 14 2
18 21 21
11 14 21
20 22 12
14 15 5
2 3 9
23 2 29
2 2 15
12 13 30
0 2 7
2 4 11
13 15 14
5 5 6
21 22 5
7 9 3
14 16 15
7 8 7
12 15 22
7 10 3
20 22 8
10 12 25
11 14 16
10 13 29
7 10 17
5 7 24
14 18 30
11 13 12
20 21 1
6 8 19
17 18 14
19 21 8
10 11 3
10 11 23
0 4 24
6 7 16
17 22 23
22 0 10
7 10 16
1 2 3
16 19 8
2 3 28
7 9 24
2 5 19
18 19 17
8 10 3
2 2 26
19 20 11
3 5 1
13 17 3
8 10 29
16 19 20
0 2 15
5 8 29
19 22 1
8 11 22
4 6 24
13 14 5
10 11 20
3 2 28
2 4 18
3 5 30
15 16 24
14 14 18
20 21 22
14 17 23
3 5 17
4 5 11
2 4 21
15 17 11
5 8 11
17 20 15
19 22 21
16 17 20
14 16 22
4 6 22
16 18 26
3 5 11
11 14 2
17 20 4
11 13 20
0 0 19
12 14 15
0 1 13
21 23 1
12 14 10
19 22 13
3 6 16
1 3 6
19 20 11
6 7 15
21 22 10
9 11 30
17 18 4
14 16 24
21 2 7
5 7 1
13 14 10
22 23 22
18 19 1
23 1 11
7 10 1
0 2 25
12 15 15
10 13 9
5 9 16
21 23 9
12 14 26
17 18 21
16 18 13
12 13 8
1 5 13
16 17 21
23 0 3
18 20 4
16 18 2
11 15 24
14 17 1
17 19 26
20 22 24
17 19 5
5 5 17
7 9 14
9 9 30
6 7 7
13 15 28
12 14 30
7 9 30
22 1 3
16 18 22
18 19 15
8 12 15
17 19 15
13 16 8
17 19 30
1 3 30
5 8 28
18 21 18
19 22 19
7 8 13
11 14 18
11 14 8
23 1 21
13 14 14
2 6 5
20 22 14
2 4 30
7 8 23
2 4 7
4 8 11
9 12 13
0 3 15
0 1 25
14 15 9
6 6 20
15 18 26
5 7 8
17 19 27
4 6 27
4 7 4
23 1 9
20 22 22
0 3 16
6 9 11
5 7 23
3 4 25
15 16 14
11 12 4
2 5 14
21 23 10
15 18 12
11 14 13
5 8 24
20 23 9
11 14 10
21 23 19
5 8 5
8 11 12
15 18 27
3 7 15
12 14 9
13 15 6
17 20 14
3 6 7
14 14 23
22 23 4
22 23 26
22 23 19
7 10 3
4 6 29
9 11 16
4 5 5
14 16 25
3 6 22
13 17 18
22 23 4
2 4 21
8 9 29
19 22 3
17 18 29
9 10 29
2 6 11
7 11 6
23 1 16
11 11 25
14 16 6
20 22 4
18 21 10
0 1 19
11 12 2
19 21 23
8 8 22
21 23 15
1 3 23
19 21 27
4 8 26
22 1 13
12 15 24
21 1 6
12 15 26
14 16 24
13 14 7
14 17 8
6 8 14
8 12 13
9 10 3
12 12 19
2 4 24
9 12 23
10 13 4
8 11 30
2 3 20
12 13 12
18 21 29
23 0 9
12 13 18
12 12 25
13 14 20
0 1 27
22 1 18
6 8 8
15 17 17
21 23 16
11 12 11
22 23 22
7 9 14
1 4 18
6 8 11
22 23 16
7 8 12
0 1 5
11 13 11
17 19 7
22 2 30
11 13 2
15 18 30
14 15 13
7 10 13
14 16 4
9 10 4
0 3 6
22 0 10
7 9 12
13 16 8
17 18 3
6 10 5
19 20 20
9 10 10
2 4 1
8 11 30
3 6 23
17 19 15
13 15 15
6 9 20
1 3 11
8 9 5
2 5 16
2 3 27
21 23 2
1 4 17
20 23 13
12 14 27
13 17 1
4 6 30
1 4 25
22 0 19
15 16 2
5 8 10
9 11 6
17 18 25
13 15 17
19 21 20
3 4 20
7 8 2
17 19 9
22 0 17
3 4 6
12 15 12
16 19 25
21 0 12
4 6 16
12 13 1
8 11 11
12 13 7
6 7 14
2 5 22
13 15 20
8 10 2
10 12 13
9 12 4
18 19 10
11 12 13
12 14 15
11 13 17
12 13 18
6 8 23
15 18 1
17 20 26
19 21 25
21 0 9
18 20 8
8 10 14
18 21 13
14 16 10
22 1 24
14 16 13
10 11 29
22 23 27
10 12 11
1 3 13
3 7 13
4 5 29
7 11 11
7 9 6
23 2 28
9 11 24
13 16 27
2 5 25
6 9 1
1 2 15
14 15 18
4 5 7
21 23 26
4 6 12
18 21 28
12 14 15
20 21 14
8 10 15
10 11 11
5 6 18
3 5 13
23 1 12
20 22 24
16 19 12
6 8 5
14 15 20
3 3 18
6 9 26
2 3 7
18 20 16
7 9 24
1 3 7
16 17 17
4 6 3
20 23 2
13 14 5
9 12 28
13 13 18
12 15 29
5 8 29
17 16 27
7 10 28
3 6 14
6 8 21
11 13 24
7 10 13
2 5 11
9 11 15
11 13 3
21 21 30
23 1 4
18 20 2
18 20 28
2 3 10
3 6 7
22 2 4
23 1 6
15 16 5
22 23 29
7 9 9
3 5 8
21 21 17
11 13 8
5 9 4
23 2 6
22 0 14
20 23 3
15 17 19
4 5 24
15 17 6
18 21 29
6 8 5
17 20 3
12 16 16
7 8 18
22 0 11
23 23 28
22 23 18
15 18 29
23 2 28
22 0 13
15 17 20
16 17 19
21 23 7
17 20 30
14 16 30
13 14 15
7 7 10
0 1 29
23 2 6
23 0 12
15 14 8
7 9 24
7 9 1
21 1 15
4 7 24
13 16 16
4 5 8
22 22 8
17 19 5
19 19 23
13 14 1
10 13 14
8 10 21
19 20 18
16 18 11
17 20 21
9 10 4
0 1 2
3 5 19
13 15 12
11 13 20
3 5 21
1 4 18
7 9 5
19 21 11
21 0 3
15 16 25
19 21 11
2 4 30
10 13 22
15 17 9
15 15 26
17 17 28
8 9 18
18 19 14
7 8 1
13 17 15
14 16 5
23 1 26
6 6 22
8 9 8
2 6 26
16 18 2
13 15 22
22 0 1
1 -2 10
3 4 16
5 6 16
19 21 2
1 3 3
1 4 11
1 5 20
19 21 26
9 12 16
0 1 3
6 9 7
7 8 15
23 0 24
21 23 17
15 17 20
10 11 24
18 20 23
9 10 28
11 14 24
19 23 30
13 14 19
20 21 10
13 16 16
6 9 29
12 14 19
18 20 30
22 23 9
14 17 5
7 10 8
1 4 19
3 5 25
5 9 10
16 19 29
14 15 23
11 12 6
17 19 11
11 13 23
8 12 6
19 21 1
17 20 26
14 16 13
8 9 8
9 10 1
21 22 18
3 4 1
13 16 7
9 11 22
5 6 7
11 13 7
17 21 30
21 22 5
21 23 5
15 18 27
19 21 22
21 23 19
8 10 8
23 1 18
9 12 12
19 20 20
17 19 15
22 0 8
10 12 7
7 10 28
23 1 29
7 8 20
0 3 4
5 7 6
20 22 13
13 16 14
9 12 24
5 8 13
15 17 26
3 4 29
0 1 20
7 8 22
9 11 29
13 13 29
23 2 7
5 8 4
11 13 16
21 1 5
19 21 26
18 20 6
4 5 24
21 1 7
2 2 6
18 19 25
11 13 1
0 1 28
20 1 20
12 15 20
14 16 22
18 20 30
1 2 5
2 3 28
2 4 7
11 15 10
12 13 2
7 8 4
4 6 20
6 8 12
13 15 30
0 2 9
23 1 23
22 1 6
11 13 8
19 22 25
20 22 13
8 10 27
16 19 10
1 2 23
3 4 3
22 1 2
8 12 26
18 20 22
9 11 11
21 0 26
0 3 1
20 22 17
16 20 23
7 9 2
20 0 23
17 21 11
13 15 22
6 7 3
9 12 5
6 9 27
23 1 15
4 5 21
5 7 4
1 5 30
23 1 14
16 17 6
18 19 9
17 21 17
14 17 7
13 15 2
23 1 14
6 7 26
17 20 19
7 9 4
0 2 16
22 1 11
5 7 6
18 19 21
7 9 6
0 2 1
18 21 30
15 17 17
20 22 22
6 8 9
10 11 19
11 13 10
1 2 28
17 21 27
7 8 7
3 4 24
10 12 26
21 22 14
18 19 3
5 7 8
5 9 20
19 21 13
0 3 10
9 13 29
5 6 12
17 19 23
19 20 23
13 14 4
9 10 18
22 0 30
3 7 27
13 13 9
23 1 30
4 6 9
6 7 10
19 21 5
21 23 23
10 11 5
13 15 8
4 6 28
4 6 1
9 11 19
3 6 14
23 1 22
19 21 25
18 20 17
22 23 22
6 9 19
9 11 21
3 7 27
6 9 24
20 22 19
13 16 5
0 0 8
7 8 25
12 13 9
19 21 25
10 12 15
2 3 23
12 13 8
4 5 17
23 2 18
23 1 27
23 1 9
23 2 21
4 5 3
13 16 3
4 8 14
14 15 26
15 18 16
13 17 5
20 20 2
22 23 14
2 4 1
13 15 12
10 12 8
22 1 21
11 13 29
16 17 28
8 9 28
0 0 15
18 19 27
17 20 6
5 7 28
21 22 6
10 11 29
18 22 2
18 18 11
11 13 9
17 19 30
4 6 7
14 17 19
5 8 5
14 15 26
7 8 30
3 5 1
12 15 28
18 21 23
2 4 11
15 17 2
8 9 27
13 15 25
22 23 20
23 0 14
4 6 8
9 10 4
19 20 19
18 20 25
14 16 19
22 23 16
4 5 5
2 4 10
8 12 17
21 1 21
14 15 14
10 11 12
5 7 6
17 18 6
1 1 27
3 5 4
13 15 4
7 9 15
22 23 14
5 7 12
0 1 5
13 15 8
15 16 22
3 7 15
23 2 16
11 12 28
0 3 26
7 9 17
21 23 11
1 3 12
2 4 25
14 16 26
12 13 30
23 1 10
23 1 24
13 15 28
22 23 14
8 10 6
8 10 7
8 9 20
23 0 8
22 22 23
17 19 20
2 3 1
21 0 26
0 1 6
8 11 20
11 14 14
16 17 30
16 17 25
16 18 17
10 12 13
23 1 18
12 14 4
1 3 14
23 3 13
23 1 12
19 20 13
9 11 5
22 1 2
14 17 3
5 8 4
6 8 22
4 6 13
18 20 19
7 9 19
0 1 20
15 17 19
20 23 23
6 6 26
17 20 27
17 19 18
18 22 29
19 21 29
12 13 13
20 21 12
8 11 29
8 10 4
20 20 19
8 9 12
0 2 27
21 0 20
6 9 2
16 19 19
7 9 5
4 5 19
11 13 1
8 11 23
1 5 10
23 1 23
7 9 13
23 0 29
3 6 3
3 5 13
15 17 17
17 17 8
3 4 11
4 7 29
15 17 2
14 15 2
1 4 13
18 20 24
14 16 23
15 18 4
14 18 25
18 20 27
11 13 6
18 19 15
11 14 26
4 7 27
16 18 28
17 19 23
13 14 4
11 12 30
2 5 14
10 12 6
5 7 22
2 4 7
0 3 8
14 17 16
23 0 7
5 6 18
16 19 21
12 13 29
1 3 17
7 9 18
12 13 15
16 18 26
6 8 16
17 19 8
6 8 3
8 11 4
12 15 7
5 6 18
8 10 24
9 11 18
22 0 6
19 21 12
7 10 17
8 10 1
10 13 18
10 12 3
4 5 3
15 17 8
1 3 27
8 11 10
2 5 13
20 23 28
2 4 2
2 3 16
20 21 25
12 11 3
14 15 12
18 20 29
20 20 16
13 14 28
11 14 30
12 14 3
20 0 6
17 19 30
5 7 9
13 16 19
4 6 25
15 17 14
14 18 21
7 8 19
20 21 1
14 16 22
1 2 15
4 6 3
7 7 23
9 12 4
14 15 26
8 9 10
22 23 30
18 20 14
12 17 28
12 14 26
8 10 21
7 10 8
13 14 22
22 1 8
1 3 16
4 7 18
10 12 26
3 6 20
12 14 20
2 3 19
9 13 3
5 6 27
15 17 21
6 9 29
18 18 5
16 19 20
10 12 16
0 2 4
6 8 16
19 21 1
7 9 30
2 4 3
4 7 26
0 4 12
10 12 12
4 6 13
6 8 29
19 22 23
6 9 23
4 5 29
19 21 20
20 21 23
15 18 8
17 18 27
6 7 28
6 9 13
19 0 12
0 3 17
12 13 7
19 0 22
1 4 19
11 12 9
14 15 13
5 6 12
19 21 24
14 13 21
6 9 4
19 20 7
10 12 26
20 21 12
8 10 22
1 2 12
19 20 5
14 17 22
5 6 18
0 0 9
18 20 21
23 1 2
20 23 21
10 12 15
22 23 22
5 6 18
22 1 26
22 1 10
2 4 25
20 0 3
4 6 17
4 6 1
4 6 28
8 10 16
19 22 8
16 18 27
20 21 12
23 1 28
18 20 21
23 1 19
19 21 4
2 4 15
22 1 24
1 2 15
8 10 30
10 12 23
21 23 19
11 12 28
5 7 29
12 13 25
12 14 19
7 9 8
6 8 1
10 13 12
21 23 25
13 15 20
11 13 14
9 11 7
6 7 21
12 13 9
18 21 1
9 11 4
4 5 23
2 2 22
8 9 22
5 7 25
21 0 24
7 8 12
14 15 26
4 4 20
0 1 13
22 0 14
10 12 15
13 16 27
19 22 5
17 19 23
6 6 10
17 19 3
20 21 20
10 11 10
6 7 1
2 6 8
10 13 27
19 22 10
20 23 20
19 20 24
5 6 22
15 18 11
2 3 5
9 13 8
3 6 28
16 17 25
2 4 5
5 8 5
10 11 17
0 -1 25
23 2 14
7 7 27
4 7 13
2 3 20
5 7 27
16 17 7
8 11 12
11 13 10
12 15 27
10 11 27
1 3 17
4 6 22
20 22 3
1 3 15
7 11 24
0 1 29
6 9 9
4 5 5
20 0 5
20 22 28
10 12 8
16 18 11
11 13 14
9 10 16
10 13 19
17 17 25
23 2 3
22 0 22
8 11 18
5 8 23
17 20 28
13 15 26
6 7 28
23 2 10
7 8 18
22 1 25
22 1 21
21 0 10
1 4 30
12 13 4
22 23 16
5 8 28
11 13 12
2 3 16
1 2 20
4 5 12
23 1 17
4 5 12
14 16 15
6 8 14
19 22 10
9 10 6
10 12 25
2 3 18
15 17 15
13 15 24
16 15 14
12 12 7
4 7 27
23 0 11
22 0 8
19 21 12
0 1 17
21 23 20
19 20 7
23 3 18
6 8 12
2 3 29
18 20 12
14 15 8
23 0 4
20 22 4
20 22 9
3 5 15
1 4 27
20 0 16
5 7 14
23 1 30
15 17 1
0 2 15
23 2 16
6 8 13
22 0 20
7 9 3
7 7 11
17 17 6
1 3 16
12 14 6
19 21 30
22 2 20
9 10 2
20 22 18
22 23 9
9 9 7
9 12 11
22 0 22
20 22 14
11 11 3
5 6 17
10 12 28
10 12 23
17 18 29
14 17 5
13 15 12
2 4 8
10 10 2
20 22 18
19 20 8
4 5 28
5 7 13
20 21 30
17 19 23
7 9 16
20 0 6
4 8 25
15 17 18
4 6 25
20 2 7
4 6 4
23 1 14
6 10 18
7 9 27
16 18 28
11 13 1
20 23 3
11 13 18
17 18 19
23 1 23
6 8 4
1 4 29
8 10 23
12 14 24
1 3 11
10 12 30
13 13 29
19 21 8
20 22 29
12 15 26
1 2 2
6 7 29
14 16 22
19 22 1
2 4 27
7 8 30
21 22 14
5 8 6
13 17 15
10 12 16
10 13 3
20 22 23
12 14 22
23 0 13
22 1 27
9 11 13
17 21 20
10 12 19
2 6 26
14 17 3
15 17 26
17 20 1
9 12 24
0 0 27
17 19 18
5 7 1
16 19 8
3 5 6
10 10 24
5 6 24
8 9 14
19 22 29
9 12 20
19 20 28
11 12 18
0 3 7
20 22 14
7 9 1
7 10 13
22 23 29
9 13 24
0 2 2
18 20 16
11 14 26
18 21 22
18 22 14
1 2 15
17 19 12
8 10 26
2 4 30
8 11 28
3 4 24
21 23 15
7 9 23
2 6 15
4 7 15
9 11 12
6 7 16
17 19 24
22 2 10
19 19 26
3 5 6
5 7 1
7 8 12
21 23 5
15 15 14
13 15 13
5 7 17
20 21 2
23 0 5
9 10 22
8 10 15
20 21 19
17 20 6
0 2 12
2 6 18
14 15 12
9 11 27
3 4 6
22 0 9
21 22 26
13 13 29
17 18 22
11 14 3
1 3 29
12 14 4
11 11 25
9 11 30
15 17 16
4 5 12
21 23 30
17 19 20
17 19 20
6 8 8
10 12 16
7 10 5
22 23 10
23 0 9
21 21 12
21 23 22
23 2 2
11 10 19
14 17 2
22 0 8
22 1 9
3 7 30
1 2 25
6 9 17
13 13 4
23 2 6
2 5 5
10 14 18
19 22 23
23 1 1
20 0 22
9 13 1
7 9 12
14 15 26
0 1 28
18 21 23
10 11 25
0 2 29
16 19 8
5 8 10
23 2 8
4 7 21
2 4 19
5 7 2
6 7 17
3 3 14
4 8 27
8 9 5
8 10 4
16 18 22
12 14 14
21 23 11
3 6 4
18 20 23
20 22 17
21 23 12
17 18 14
6 8 27
8 11 27
13 14 12
13 16 5
17 18 22
13 17 5
20 20 26
16 17 5
12 13 10
0 3 23
19 22 28
19 22 11
5 7 12
22 0 29
2 8 29
10 12 2
22 0 24
2 4 27
12 14 30
11 14 11
0 0 21
16 18 1
14 17 18
10 13 9
17 20 7
8 11 7
19 20 3
0 3 13
15 16 16
2 5 23
1 3 5
13 15 30
8 11 28
13 17 27
19 22 23
21 0 17
7 10 23
16 18 26
2 6 3
16 19 22
13 15 13
10 12 29
11 14 25
2 2 1
4 8 29
0 2 2
1 2 30
17 20 19
0 1 17
22 0 23
8 10 19
5 7 17
7 7 13
8 11 27
15 17 3
16 19 5
6 9 3
0 2 8
16 19 17
15 18 12
18 20 17
3 5 21
18 21 29
12 12 9
12 15 2
23 1 14
2 3 17
12 15 6
22 22 5
2 6 17
15 17 10
0 2 10
7 8 20
12 13 16
14 17 3
15 16 27
5 7 7
23 1 29
15 17 5
1 3 16
9 12 1
21 0 25
7 9 30
21 23 10
22 23 16
10 13 23
23 1 16
5 7 15
15 16 28
15 18 22
4 6 3
9 12 26
1 2 23
1 3 19
21 21 24
3 4 20
18 19 2
7 10 9
18 19 2
6 7 15
21 23 3
23 2 1
12 13 21
4 8 9
5 6 20
12 15 16
16 17 9
23 1 4
1 3 9
4 6 24
0 3 27
22 1 26
17 18 27
23 23 19
19 20 10
19 22 7
12 13 7
23 0 13
14 17 7
7 8 18
16 18 28
2 5 26
20 21 13
21 0 12
6 8 30
8 11 16
1 3 19
19 21 9
22 23 20
21 22 21
13 15 11
17 20 2
4 5 6
16 19 10
13 16 5
19 21 6
8 10 22
5 5 13
19 23 8
9 10 9
1 4 22
16 20 28
16 20 13
14 15 26
21 23 28
1 4 15
12 14 13
22 0 25
21 22 12
13 16 25
8 9 8
20 20 9
16 21 23
22 1 3
17 19 1
1 3 30
11 13 21
8 11 4
5 7 14
20 22 9
10 11 19
23 0 20
23 1 21
1 4 26
2 4 4
8 11 13
5 8 19
2 4 14
20 23 14
22 1 23
19 20 15
16 18 6
6 8 22
9 11 30
17 20 18
17 20 16
23 23 9
5 7 27
6 9 3
14 16 21
20 22 3
5 8 18
16 18 11
0 2 4
17 18 26
11 14 9
1 4 18
23 0 23
1 2 14
7 9 12
10 12 10
2 5 15
17 20 25
9 12 20
22 1 18
3 6 23
5 7 10
10 12 26
12 13 9
23 2 2
1 3 9
22 23 7
14 17 20
8 10 20
16 18 17
18 19 6
7 8 28
11 14 24
11 13 13
6 6 21
6 7 8
20 23 26
0 2 30
12 14 10
2 4 20
12 14 11
22 0 8
1 3 17
10 11 8
12 14 22
3 6 30
23 1 15
1 3 30
11 13 4
6 8 22
1 3 24
7 9 1
22 23 5
13 15 12
10 10 11
22 0 14
19 20 18
16 18 24
18 20 30
22 1 10
19 21 20
6 7 19
15 18 29
2 5 7
6 8 5
18 19 9
8 11 12
3 4 21
12 13 19
18 21 5
5 7 1
17 19 21
7 9 3
3 6 27
20 22 9
21 22 25
22 0 14
22 0 12
16 19 14
16 18 13
8 12 1
22 0 11
2 4 26
3 5 21
21 0 18
11 12 13
13 14 10
9 11 1
3 4 13
21 23 21
1 2 4
12 12 7
3 4 27
23 1 29
1 2 14
21 22 6
6 8 10
13 15 14
17 19 29
10 12 25
22 2 6
1 3 13
15 18 8
12 16 24
6 8 17
16 17 21
22 1 4
22 2 13
20 22 2
3 6 25
19 17 27
18 18 25
10 12 27
2 5 7
8 10 20
10 13 5
16 18 26
16 18 9
14 17 19
22 0 28
19 19 16
10 11 23
18 20 9
3 4 23
2 5 1
9 11 8
13 15 19
21 21 22
0 3 30
10 13 2
1 3 4
14 15 23
18 22 4
16 17 20
9 10 21
6 8 20
13 14 17
11 13 23
17 19 20
21 22 17
20 21 12
3 4 30
8 10 20
20 21 2
21 21 21
9 11 1
18 20 12
5 6 29
2 5 18
1 1 30
20 23 23
17 19 4
16 18 3
21 0 30
16 18 30
21 23 15
23 2 22
5 8 12
9 13 11
20 22 20
23 0 18
18 19 30
15 16 23
17 20 12
21 22 25
9 10 12
1 2 5
19 20 6
22 0 20
19 22 6
1 1 23
0 2 17
22 1 11
15 16 24
8 11 28
15 17 10
9 11 18
17 20 22
9 12 3
9 13 9
13 13 3
3 6 30
6 8 18
16 19 16
12 13 18
18 19 3
20 20 23
2 5 25
5 7 15
19 22 17
8 10 13
9 11 19
20 22 1
14 15 16
16 19 28
1 3 20
21 0 26
8 11 19
21 0 2
16 18 20
1 2 9
6 8 24
4 5 16
8 9 30
5 8 1
21 23 15
6 6 8
18 20 22
7 11 15
18 19 7
3 5 28
12 13 7
6 7 5
12 17 2
4 6 6
23 0 19
5 5 6
8 9 19
15 18 2
11 14 14
15 16 25
9 10 9
16 16 26
9 12 14
11 14 3
23 2 25
1 4 26
3 4 20
13 15 20
6 9 18
7 9 18
8 12 24
0 1 11
10 13 14
16 20 22
20 22 27
8 9 11
9 10 29
4 7 2
3 6 19
21 0 14
11 12 2
17 19 24
23 1 20
16 19 24
6 8 14
21 1 29
13 14 30
11 12 22
4 7 8
22 23 29
18 21 19
18 21 12
5 7 19
5 6 20
11 14 2
11 13 5
2 5 11
5 8 12
21 0 20
17 19 18
7 8 2
20 21 8
6 8 9
10 14 13
12 13 17
21 23 5
18 20 28
18 20 8
9 12 13
4 6 27
22 23 12
14 15 4
4 6 16
11 12 30
8 9 28
16 17 30
18 19 26
11 13 18
0 1 8
17 20 28
4 5 14
2 4 22
18 20 22
11 13 26
14 16 12
15 17 5
7 9 26
3 6 26
8 10 9
13 15 12
12 14 8
22 1 29
0 1 6
23 2 1
8 8 10
14 16 15
1 2 17
13 14 24
4 5 18
15 17 2
11 13 22
9 11 20
2 4 20
22 2 13
4 7 2
21 21 24
21 23 13
15 16 25
21 0 20
13 15 29
22 1 15
16 18 16
20 20 25
16 19 14
18 19 22
16 17 13
11 13 4
11 14 8
13 14 16
3 4 14
14 16 26
22 2 22
14 15 17
5 6 15
11 10 25
14 15 15
1 2 15
5 6 13
15 17 22
18 19 4
23 2 3
1 4 14
8 10 3
15 17 26
22 1 5
5 6 1
14 15 4
23 2 15
16 19 27
11 13 22
14 16 5
8 9 16
8 10 22
15 17 30
3 5 25
1 3 8
20 22 17
13 15 7
5 5 11
14 17 1
6 8 18
10 13 2
23 0 20
14 17 3
21 23 26
14 17 8
5 7 11
20 22 16
22 0 10
9 10 22
9 9 9
16 19 4
15 17 20
20 21 27
21 23 20
21 0 7
11 17 14
1 4 8
19 22 5
0 1 30
22 0 20
4 6 10
16 17 28
16 19 2
8 10 18
23 23 30
15 16 6
14 16 19
21 23 21
15 16 28
15 18 5
20 23 12
13 13 27
17 18 1
4 6 30
6 8 20
4 6 10
0 2 4
15 17 9
1 3 19
5 7 23
8 11 25
16 18 3
1 3 15
19 22 14
21 23 10
16 17 16
1 2 30
2 3 20
1 3 14
1 1 2
7 10 10
3 5 21
23 0 4
13 16 25
15 17 10
1 3 10
12 14 3
2 3 5
1 4 11
0 2 15
3 5 12
4 6 23
6 8 29
17 20 10
8 10 16
3 5 18
17 21 12
3 4 27
21 0 6
9 12 28
6 11 10
6 8 21
1 2 27
17 17 7
18 20 5
12 14 11
19 21 25
13 16 30
3 4 24
18 21 23
10 12 15
10 14 12
6 7 5
16 16 29
13 13 10
4 5 10
15 19 23
17 18 18
21 22 14
10 11 18
0 1 10
14 16 19
13 15 2
15 17 7
7 10 2
11 12 29
15 17 19
0 3 8
4 7 13
9 11 5
4 6 25
17 18 21
11 12 20
23 1 29
13 13 12
10 14 13
2 5 3
5 7 20
8 9 3
1 5 4
13 15 6
19 21 9
2 6 12
3 4 27
18 20 12
15 17 23
7 8 7
23 1 25
2 3 12
19 22 16
17 19 9
13 14 26
17 18 29
17 20 11
20 22 23
6 8 22
8 10 22
14 17 4
13 14 18
5 8 22
21 22 26
12 11 10
21 22 9
9 10 3
3 7 21
23 1 21
2 4 11
7 8 19
23 0 11
13 13 27
12 16 27
17 20 30
21 22 23
17 19 11
0 2 12
5 7 18
16 19 21
3 5 6
9 10 17
9 10 29
18 20 20
10 13 8
13 17 13
23 2 2
7 9 5
23 1 13
12 14 22
9 11 14
9 12 13
7 10 7
23 0 8
23 1 24
15 17 23
0 1 2
5 8 18
19 22 11
21 1 29
16 16 12
19 20 30
6 7 16
13 15 19
21 23 28
20 21 9
19 20 9
3 5 15
20 22 21
5 7 12
22 23 23
19 20 22
1 2 9
2 4 13
6 9 7
21 23 18
0 2 21
20 23 30
2 5 5
7 10 19
9 12 12
19 21 28
18 20 13
19 22 16
3 4 7
14 16 8
19 21 8
8 9 10
0 2 28
23 2 11
19 20 12
5 8 10
11 15 26
6 9 20
17 19 24
9 11 16
21 23 1
12 14 2
10 13 28
22 23 29
0 3 19
9 11 12
19 21 11
23 1 12
20 20 2
11 15 9
12 15 9
2 3 23
9 11 26
13 16 12
18 20 5
16 19 16
17 18 29
16 20 13
17 18 22
23 23 23
0 1 27
23 1 5
9 10 9
17 19 18
19 21 12
14 16 15
5 8 21
23 23 8
4 6 12
22 23 22
23 0 9
22 1 27
9 11 18
21 23 20
3 7 17
3 4 28
18 21 30
7 11 5
12 14 12
2 5 12
18 20 13
19 23 3
12 12 30
12 15 2
18 18 26
8 10 10
9 10 10
15 17 3
3 6 24
13 16 26
0 2 16
12 14 10
5 5 16
20 23 28
9 11 5
15 15 12
4 5 20
4 5 17
6 8 6
4 6 27
16 18 13
15 19 11
21 21 19
14 18 4
6 8 13
19 20 8
16 19 24
19 21 28
16 20 6
4 7 22
8 11 7
9 11 20
5 7 21
11 13 2
17 20 6
15 17 21
0 4 9
16 18 28
1 4 30
19 20 24
14 17 15
0 2 29
2 3 16
3 7 25
16 17 15
7 9 6
19 21 27
16 18 12
12 13 1
0 1 3
8 9 22
17 20 4
6 7 27
22 1 2
4 6 2
12 15 11
16 17 18
14 17 30
7 9 15
2 4 10
3 3 30
1 4 9
12 14 17
21 22 21
21 23 19
23 0 9
23 1 9
22 22 23
4 5 6
12 14 15
23 1 17
2 4 21
23 2 1
1 3 24
2 4 25
14 15 13
10 12 6
4 6 11
6 9 17
12 14 15
21 0 3
3 5 20
17 19 19
7 9 9
14 16 17
3 5 11
12 13 2
2 4 14
4 6 10
16 17 20
14 16 23
18 21 25
20 0 13
15 17 9
6 9 10
10 9 2
16 16 7
5 5 26
19 20 9
14 16 25
23 1 10
2 3 14
21 23 7
19 20 26
4 7 24
10 13 18
21 23 19
2 2 20
0 -1 11
17 17 19
2 4 10
7 10 7
18 22 16
10 11 11
22 23 4
2 4 8
18 20 28
3 4 16
0 3 6
4 6 30
18 20 26
11 13 25
8 10 1
4 6 30
5 8 19
21 23 5
5 7 14
17 18 7
3 5 23
5 8 23
18 22 14
7 8 20
7 8 11
4 5 19
23 2 14
23 2 8
21 0 17
12 13 5
14 18 10
21 22 21
17 19 22
10 13 23
1 4 28
5 8 13
7 10 30
23 1 28
10 12 17
23 0 19
4 5 11
23 0 12
19 21 25
5 6 30
15 18 25
6 8 6
6 10 14
1 3 25
10 11 9
16 20 16
19 19 28
16 18 15
7 8 24
20 23 17
12 14 29
5 8 20
17 18 13
1 2 17
16 16 15
16 16 10
19 19 25
2 5 9
11 14 7
19 19 21
20 21 8
14 16 28
14 17 15
0 1 7
14 17 18
14 16 14
7 8 17
7 8 13
3 5 18
13 15 3
20 22 11
9 12 13
7 8 26
11 15 12
13 15 28
14 15 5
10 13 18
3 3 13
2 2 12
7 10 4
8 10 30
15 17 14
17 19 7
19 20 26
12 15 13
0 3 12
17 19 13
19 21 17
7 8 5
19 21 7
14 16 27
11 11 4
15 16 24
7 9 8
20 22 16
1 3 22
6 8 19
15 19 25
4 6 11
9 10 1
20 22 28
12 14 27
23 1 5
19 23 11
0 3 25
8 8 15
12 14 30
5 7 10
6 10 9
8 10 9
3 5 1
20 22 2
21 22 16
1 3 30
14 16 15
6 8 12
1 3 10
2 4 26
16 19 30
4 7 10
22 2 28
9 10 29
18 19 30
3 4 16
16 17 15
9 11 17
2 4 18
21 22 11
1 3 26
6 10 26
19 22 12
1 3 2
3 5 20
4 7 10
0 3 5
11 13 9
23 1 13
19 21 8
22 0 24
6 6 25
7 9 23
2 4 18
11 12 24
21 23 10
18 19 27
5 7 14
16 17 2
8 9 7
2 4 12
1 3 6
23 1 10
14 16 24
8 10 23
10 11 21
13 16 26
13 15 26
8 10 18
10 13 13
14 16 14
16 16 29
1 3 20
16 17 24
23 0 9
18 20 7
10 14 2
18 19 18
10 12 20
20 21 10
14 17 14
23 0 14
8 10 13
17 19 18
22 1 4
21 0 19
20 0 27
18 20 1
7 10 17
11 10 11
19 21 12
13 15 4
6 7 13
9 12 6
12 15 16
4 5 7
12 14 1
9 11 17
9 12 22
18 19 10
6 9 16
18 20 11
6 9 18
9 11 9
0 2 8
14 16 5
8 12 21
0 3 13
17 18 13
11 12 6
0 2 20
9 11 21
12 13 20
15 15 19
17 18 23
22 1 17
1 3 22
16 19 25
6 10 16
21 1 22
18 20 1
13 15 1
3 5 25
6 8 17
17 20 14
7 10 4
12 14 2
14 16 21
12 13 4
11 16 22
12 14 1
9 10 18
8 11 8
18 19 6
16 18 28
19 21 23
18 18 7
6 9 7
19 22 15
8 9 20
23 2 6
5 6 7
11 13 4
17 20 8
2 4 15
6 8 5
0 3 18
6 8 11
16 18 3
4 6 13
16 17 14
2 3 25
17 20 24
4 6 24
18 19 14
7 10 18
9 10 26
5 9 11
7 12 21
14 17 28
14 16 2
0 2 10
0 2 11
4 6 12
20 21 18
7 11 13
10 13 3
19 20 24
18 20 17
10 15 7
1 2 1
0 2 27
10 12 16
0 0 11
16 18 13
9 10 14
18 20 13
17 18 14
23 3 15
23 2 6
18 21 13
21 23 2
19 22 20
17 19 9
11 14 16
19 20 29
10 12 18
8 10 4
2 8 19
15 16 13
6 9 17
16 18 10
10 12 13
19 21 7
13 14 3
1 2 16
0 2 1
7 7 19
5 10 10
8 10 27
11 12 28
0 4 3
23 0 16
7 9 7
9 13 5
22 23 18
21 23 12
15 16 8
19 21 30
1 4 21
21 21 4
2 7 29
20 22 15
9 10 19
9 10 13
10 13 21
3 6 2
10 11 21
10 13 7
11 13 8
4 6 7
13 15 4
0 2 27
13 16 18
9 10 5
21 22 19
23 2 10
17 20 1
15 16 25
14 16 11
23 0 10
16 17 27
19 20 25
8 10 23
9 11 11
11 14 18
5 8 20
2 3 7
5 7 2
10 13 23
22 23 17
15 17 15
14 17 10
18 20 19
0 3 28
21 1 18
16 18 19
8 11 20
8 9 25
16 18 2
8 11 30
12 15 11
23 0 24
4 4 6
12 12 1
18 19 7
19 22 2
21 23 4
10 12 5
4 7 14
19 21 23
2 5 29
17 20 17
19 22 12
14 17 29
7 9 20
17 19 29
18 18 26
21 1 25
5 6 25
12 14 4
15 16 14
7 9 11
14 14 1
9 11 7
14 15 24
0 4 24
21 21 8
23 1 30
0 3 22
13 15 14
2 5 7
6 7 24
5 8 15
17 18 7
22 22 6
13 16 10
2 3 3
12 15 23
22 23 7
5 7 15
7 8 10
4 7 7
2 3 17
0 2 29
19 22 9
8 9 16
20 23 7
19 23 8
7 10 4
17 21 9
3 5 2
9 12 14
12 13 5
2 5 25
3 4 28
8 9 15
0 1 19
19 22 28
17 19 26
6 9 9
14 15 3
16 18 7
16 17 18
4 6 27
10 10 26
15 18 2
10 12 11
12 14 15
3 7 15
13 15 3
20 22 30
19 21 21
16 21 17
10 13 24
21 23 8
5 7 8
19 19 8
12 13 16
23 2 10
5 7 24
20 23 25
15 17 13
10 13 11
0 2 14
12 13 5
8 9 1
20 0 17
18 20 18
18 21 10
19 21 9
13 15 9
12 15 3
15 18 15
14 17 7
7 10 3
12 13 3
23 0 14
18 19 25
16 19 24
14 15 27
18 20 10
11 13 20
9 10 5
5 7 12
4 6 16
0 2 15
7 7 3
22 1 11
17 20 18
14 16 6
19 21 18
21 0 12
18 19 5
19 21 23
4 5 7
7 11 14
16 17 6
16 18 24
6 9 14
7 8 7
12 14 27
19 20 27
10 13 26
23 1 20
20 23 27
23 2 5
13 15 11
17 21 18
13 16 5
2 5 4
15 15 5
18 20 19
13 16 29
10 11 24
6 8 10
23 0 9
19 21 21
18 22 5
12 14 30
9 10 3
20 21 29
20 22 29
2 5 6
2 4 17
4 5 9
4 6 27
17 20 28
18 21 7
20 21 7
8 10 20
21 22 3
4 6 20
19 21 13
14 17 27
6 11 11
23 1 15
13 15 23
6 7 2
12 15 17
5 7 27
13 15 17
5 8 1
10 11 3
4 6 28
10 13 11
5 9 8
19 20 20
2 4 4
15 16 1
11 13 26
9 11 4
19 19 5
10 10 5
9 11 19
11 13 14
16 17 11
6 9 3
11 12 8
18 21 8
17 20 4
9 11 2
1 3 13
13 16 11
14 16 5
22 1 28
5 8 5
22 0 9
8 12 11
16 18 7
9 11 7
23 0 28
0 0 26
10 12 26
2 4 5
19 20 3
6 7 26
8 10 11
9 12 20
13 16 22
9 9 7
8 11 28
22 1 8
0 3 4
12 15 19
5 7 26
15 16 15
3 3 23
4 6 24
1 4 16
22 0 9
8 9 24
23 3 1
8 8 29
10 12 9
8 10 11
12 14 23
4 4 8
22 2 4
5 6 5
21 22 9
21 22 25
10 11 16
13 15 9
0 1 19
22 0 10
12 13 24
9 12 3
5 7 13
12 14 6
13 13 6
2 4 16
23 2 2
9 11 22
11 13 22
4 5 10
20 22 24
22 0 23
9 10 12
18 20 14
6 7 22
16 16 7
8 10 11
14 15 2
18 22 6
18 20 12
15 17 4
5 8 22
1 4 17
13 15 9
2 3 15
6 8 13
3 5 28
2 3 27
3 4 20
20 22 11
6 10 4
5 6 27
0 2 24
16 17 12
11 13 9
1 3 26
18 20 1
4 6 26
19 21 21
16 18 13
9 11 17
7 10 17
12 15 24
5 5 9
13 15 30
0 4 18
11 13 6
11 13 16
17 20 22
5 7 16
12 11 30
16 16 2
6 8 9
15 17 11
16 20 17
8 11 29
18 18 16
4 6 19
0 2 5
23 0 30
10 12 16
21 23 24
11 13 9
10 12 24
2 6 27
0 1 23
2 5 25
21 23 17
10 12 1
10 9 29
5 7 7
8 10 19
14 16 13
2 4 4
19 22 27
22 23 6
20 21 17
16 18 15
1 3 24
2 4 18
11 12 10
0 2 22
20 23 3
0 2 26
19 21 29
22 23 29
11 11 11
18 19 13
11 12 7
3 6 29
7 10 8
9 12 27
3 4 29
9 10 8
23 0 25
22 0 26
14 16 30
8 8 24
6 7 19
15 17 27
14 17 23
20 23 22
16 17 17
2 4 29
1 3 7
1 2 21
15 15 11
12 15 9
13 14 2
5 6 8
5 6 9
14 15 21
20 21 17
2 3 20
4 6 6
7 9 11
13 14 18
6 10 21
17 19 4
10 12 11
8 10 9
19 19 14
14 17 17
19 21 17
7 11 17
4 6 2
19 20 26
10 12 6
13 16 3
13 15 26
16 19 17
8 12 16
8 10 23
17 18 6
22 1 10
14 16 19
12 13 20
4 6 26
23 1 22
22 0 10
13 15 17
2 5 17
23 2 26
7 9 2
8 12 18
19 21 29
22 1 9
20 21 9
1 4 11
8 10 11
11 12 6
20 22 12
11 12 12
1 4 26
21 21 16
9 11 25
11 12 15
23 0 27
20 22 17
22 1 8
13 14 9
20 0 12
6 8 26
5 8 14
13 15 19
6 9 22
0 3 23
5 7 12
2 3 15
15 17 21
5 7 1
6 9 29
10 11 23
13 16 19
18 20 19
16 19 19
6 8 6
14 15 2
0 3 30
20 22 5
1 3 11
9 12 9
9 11 22
3 4 2
13 15 30
15 15 6
7 8 11
18 21 24
4 5 21
16 20 19
22 22 19
22 20 27
13 15 25
11 13 12
5 6 12
7 9 29
3 6 12
13 15 10
17 19 11
7 12 2
20 21 30
2 5 3
14 18 1
9 11 9
12 13 4
23 2 23
18 20 8
1 3 14
9 10 5
6 9 14
0 2 4
15 15 13
5 5 2
15 17 2
16 18 5
21 0 12
20 23 13
13 14 2
7 9 23
10 13 6
4 8 11
4 6 27
20 22 19
20 23 3
11 11 20
1 1 2
15 16 3
7 9 27
16 18 4
17 17 11
22 0 5
4 7 6
11 12 22
4 9 10
3 4 24
19 21 11
16 17 30
9 9 30
5 8 26
19 21 19
23 2 29
23 23 1
17 20 13
15 17 12
6 7 10
11 13 28
19 23 10
8 10 8
3 5 15
20 20 25
11 13 22
13 14 6
5 7 17
20 21 6
11 15 30
10 12 23
22 0 1
17 19 5
5 9 8
8 10 12
20 0 19
3 6 4
20 22 14
23 0 21
4 5 15
5 8 9
8 10 29
21 21 11
7 10 17
6 8 26
8 12 29
15 16 9
21 22 26
8 12 8
20 22 9
14 17 6
19 23 30
1 2 4
13 17 17
6 8 17
6 8 30
19 23 25
10 12 15
4 8 19
7 9 4
22 0 3
19 20 15
12 15 3
11 12 23
3 6 16
7 9 17
10 12 14
8 10 8
5 7 30
13 14 20
9 10 11
6 7 30
5 8 2
0 2 19
16 18 26
0 4 14
7 10 18
21 0 21
11 14 2
12 14 18
9 9 5
23 3 28
20 21 21
9 10 21
2 2 7
17 18 22
21 0 5
13 14 26
16 17 8
21 22 13
14 17 4
1 1 28
9 9 7
8 8 1
14 15 10
14 17 15
6 9 30
11 14 28
3 3 26
9 12 27
4 6 29
17 21 8
2 4 21
23 1 24
2 3 25
22 0 23
10 11 8
19 19 29
10 11 3
1 1 9
19 23 16
9 11 7
18 20 23
12 14 16
14 17 28
14 16 12
14 17 30
4 7 24
4 6 6
2 5 3
3 5 13
0 3 10
9 11 3
8 11 12
3 5 11
5 4 23
5 6 20
23 1 27
22 1 25
1 4 30
0 3 27
21 21 29
5 5 7
11 11 11
2 4 25
9 12 20
16 15 8
16 18 16
21 0 9
20 21 20
17 17 22
13 14 21
11 13 3
21 1 11
10 11 7
10 12 23
0 2 14
20 21 6
6 7 24
5 7 18
14 17 6
9 12 23
9 12 17
2 5 28
18 21 5
13 15 15
13 14 29
22 0 12
8 10 4
20 23 9
7 10 20
22 0 28
21 22 18
21 21 3
14 15 28
14 16 19
5 8 18
3 5 11
17 20 28
16 18 21
13 13 30
17 20 4
13 14 5
21 1 25
16 18 11
5 7 2
11 13 26
3 4 30
13 16 20
14 18 9
4 5 8
18 20 3
13 16 7
12 13 14
6 10 21
8 11 29
14 18 11
20 22 25
6 10 3
10 13 7
19 22 9
1 4 8
21 0 19
6 8 1
17 20 2
3 4 4
1 2 19
8 10 22
9 13 18
21 22 27
3 7 1
9 12 19
13 14 21
14 17 28
7 10 28
3 3 2
7 7 26
23 1 21
2 2 9
0 1 10
5 7 17
0 2 6
17 20 11
10 12 28
8 8 30
18 19 23
7 8 26
15 18 3
17 21 27
5 8 18
0 2 3
0 2 2
14 17 11
6 8 17
2 5 12
18 21 5
2 4 25
14 16 4
13 17 6
8 11 19
8 10 20
21 23 10
21 0 25
10 11 14
1 3 7
16 17 6
0 2 6
4 7 8
21 23 28
6 7 28
1 3 17
6 8 19
23 23 2
15 16 17
20 21 4
3 4 15
9 11 11
14 16 22
11 13 12
4 5 1
13 15 20
2 5 11
10 13 25
7 7 21
14 16 2
15 17 6
20 0 23
12 15 15
15 15 2
3 5 2
15 17 12
2 6 9
20 23 13
3 6 16
13 16 10
6 8 25
14 17 9
20 20 23
23 1 12
18 19 16
0 1 16
15 17 2
16 17 30
10 12 27
7 9 2
15 18 26
9 11 7
18 19 20
6 7 19
12 14 12
8 10 23
13 15 25
17 18 22
5 7 6
0 1 25
15 19 9
5 7 7
19 21 12
4 6 29
7 9 7
10 14 24
15 18 3
1 5 30
4 7 21
13 14 20
13 15 15
3 6 14
15 15 7
12 14 5
2 4 9
13 13 6
11 14 16
15 17 7
6 8 13
15 17 11
3 5 8
3 3 20
6 7 18
12 14 30
12 14 11
8 10 11
13 14 21
4 7 21
21 0 3
14 17 16
6 6 3
23 2 29
7 8 20
15 17 26
14 17 7
16 18 6
15 19 6
7 9 19
5 8 26
7 10 26
9 11 19
17 18 19
3 6 13
18 19 22
20 21 24
4 7 21
2 4 27
19 22 28
21 23 11
6 8 28
6 7 5
2 2 7
4 7 20
2 5 1
1 4 14
8 10 21
17 19 12
13 15 15
19 22 26
7 8 2
7 8 17
12 14 22
20 22 9
0 1 23
21 22 20
8 10 14
16 18 1
17 19 21
0 1 25
12 15 6
10 11 9
14 18 21
19 21 18
14 17 19
3 5 1
13 15 7
23 2 19
3 3 7
14 17 11
15 16 8
22 23 11
9 11 26
17 19 9
1 4 14
8 10 27
5 6 28
23 23 25
13 16 16
3 6 7
10 13 28
13 14 20
22 0 29
3 6 8
6 9 23
15 18 13
6 7 30
22 0 25
2 4 23
21 23 17
4 5 16
18 21 2
6 7 19
19 22 5
0 1 15
3 6 12
10 13 15
18 20 6
5 8 24
21 22 22
6 8 20
17 20 20
3 4 2
11 12 5
14 17 28
19 21 13
19 21 16
14 15 7
20 21 7
3 5 18
16 18 15
15 16 23
14 17 24
10 12 19
13 16 13
5 5 14
15 18 8
2 1 29
12 13 22
19 21 11
1 5 20
13 16 12
5 7 5
8 11 16
10 13 15
9 12 21
21 22 22
2 4 30
19 19 2
13 17 20
20 22 10
10 12 10
9 11 8
10 11 14
5 8 15
17 19 17
7 9 19
13 15 30
20 21 25
2 3 10
3 5 5
9 11 30
18 20 30
22 1 1
6 8 25
16 17 3
5 5 16
9 11 15
13 14 10
18 21 4
23 1 17
19 22 24
19 20 22
5 6 17
12 15 27
23 1 17
20 21 30
7 9 7
5 9 4
2 6 15
6 9 11
0 1 16
8 11 13
15 19 14
4 8 28
18 21 11
13 16 14
14 16 18
6 8 2
5 9 24
21 1 27
17 19 20
8 8 18
15 17 28
2 3 6
5 8 27
13 14 23
17 20 21
15 17 17
5 7 18
19 22 22
22 0 27
5 8 29
5 8 23
20 22 3
22 1 23
4 6 22
11 14 28
16 18 27
6 9 5
12 13 15
23 0 3
2 5 2
6 8 2
8 10 22
19 22 29
7 8 16
4 5 29
1 2 23
14 16 2
0 1 7
21 23 9
21 22 6
4 4 3
3 4 16
21 0 2
6 9 6
3 6 9
23 1 16
2 6 25
0 1 10
20 22 3
7 9 15
12 16 27
15 16 10
3 3 4
5 7 7
18 19 8
8 9 30
21 0 11
11 15 7
13 15 16
18 19 17
8 8 11
19 20 12
17 17 8
13 17 6
15 18 18
18 21 23
4 7 23
13 15 9
12 14 5
17 19 13
19 20 10
20 23 26
22 0 5
10 14 24
3 4 20
3 5 28
18 20 8
23 0 30
12 13 21
17 19 29
5 8 21
13 15 1
4 7 6
10 12 3
7 10 27
9 12 12
14 17 7
16 17 24
7 9 3
22 0 29
0 3 26
9 10 20
5 9 25
12 12 3
20 21 12
18 20 18
18 19 26
10 11 26
6 8 28
18 19 1
9 11 22
23 1 19
10 13 4
22 0 1
6 6 16
7 9 9
19 22 14
21 1 3
18 22 13
12 12 18
1 1 8
15 17 16
17 19 13
14 16 27
23 2 13
6 7 28
14 15 30
22 1 20
13 15 10
9 10 23
5 6 22
21 22 25
3 4 3
13 15 24
9 11 22
8 9 11
21 0 1
5 6 13
20 21 4
11 15 21
7 10 12
11 12 27
17 20 26
10 12 16
3 7 23
0 2 2
17 20 7
10 11 7
15 17 22
0 2 12
16 18 22
21 23 4
18 21 23
9 13 27
21 0 13
5 6 22
23 3 12
1 3 9
9 10 4
11 14 29
12 12 27
6 8 13
5 6 14
16 18 27
21 0 21
22 1 11
18 21 30
17 19 18
8 12 10
2 3 23
19 22 23
2 4 27
22 23 24
6 9 19
6 8 8
11 13 18
0 1 9
17 20 16
18 20 14
10 12 10
2 4 4
11 14 8
15 17 18
12 14 23
14 16 13
20 22 8
22 0 18
2 4 25
10 13 13
10 11 25
21 22 22
15 17 7
5 8 7
10 13 17
23 1 14
20 21 24
12 15 18
14 16 20
5 8 13
19 20 10
10 12 16
15 17 14
1 1 20
6 9 26
21 0 15
5 6 3
22 0 6
16 19 12
11 11 24
5 7 16
18 19 10
19 22 25
7 10 8
9 11 7
14 17 1
19 20 12
16 19 9
18 19 3
21 23 30
17 20 6
14 15 3
4 7 3
5 6 28
1 4 4
20 21 5
7 9 9
15 17 5
22 3 6
16 18 18
1 4 23
5 6 13
5 7 22
10 12 7
19 21 12
7 10 25
13 17 6
0 2 8
15 17 8
23 2 22
22 0 15
21 0 30
15 17 4
9 9 13
23 1 8
22 23 1
5 7 2
17 18 10
15 18 24
11 13 27
18 21 4
9 10 22
23 3 21
7 7 9
6 10 16
20 20 13
14 16 11
10 13 11
15 17 20
15 19 17
12 14 6
7 10 1
23 1 4
14 18 7
6 8 12
14 14 17
4 5 5
4 8 14
17 19 30
6 9 8
18 19 1
2 6 5
21 0 13
13 12 1
1 2 26
10 12 2
17 20 5
3 5 6
18 22 29
2 6 19
0 4 2
4 6 3
18 19 7
15 14 4
23 0 17
22 0 16
21 1 3
20 23 30
18 20 13
3 5 26
3 6 7
3 5 26
11 13 3
7 10 10
11 13 28
9 11 19
7 8 20
11 13 6
1 4 30
8 10 15
13 16 18
9 12 16
19 21 14
22 1 1
14 16 13
14 17 25
15 18 23
3 6 5
19 20 21
7 9 1
13 15 2
0 1 11
17 20 27
11 13 26
15 19 14
1 4 30
8 9 29
2 3 19
6 9 9
2 3 24
4 4 19
13 15 18
16 18 2
17 20 19
19 22 30
0 2 25
16 18 20
3 4 25
9 11 15
17 19 15
17 18 7
15 18 11
1 3 29
15 18 22
20 21 27
9 12 16
18 20 24
15 16 20
1 2 9
7 10 30
14 18 25
13 16 11
7 8 24
22 1 3
4 7 30
9 13 22
3 5 14
20 0 10
13 16 5
2 2 17
7 8 22
21 21 10
21 21 13
18 20 21
3 7 27
18 18 16
15 18 7
15 17 8
0 3 21
1 2 25
3 4 29
18 19 3
11 14 11
11 15 11
3 6 1
11 14 23
9 11 11
18 20 11
22 0 14
15 18 20
15 17 15
17 20 24
4 7 9
8 9 25
11 12 21
21 23 8
4 6 11
13 16 22
10 12 16
1 3 4
7 9 10
23 1 14
22 23 2
14 16 25
23 2 13
8 10 13
18 19 11
20 21 8
21 23 12
13 14 8
12 13 23
3 6 6
12 14 18
19 21 6
12 13 16
4 6 30
17 19 12
17 19 7
2 5 16
5 8 3
12 14 17
14 17 5
18 19 24
19 21 21
20 21 3
20 21 17
10 11 27
7 8 9
16 18 23
19 22 12
21 0 27
3 5 24
23 2 9
18 21 12
22 22 6
3 5 30
10 13 27
8 12 1
22 22 16
10 10 27
7 9 21
7 9 1
19 20 20
20 22 3
9 11 13
16 17 4
20 21 25
4 7 2
9 11 3
15 17 11
20 20 23
19 0 9
19 20 23
10 11 25
16 19 3
21 23 18
11 11 2
11 13 24
14 17 20
11 15 2
19 20 30
0 3 6
17 19 28
6 7 30
6 9 29
0 2 15
0 3 20
18 22 21
7 10 24
22 23 20
16 17 26
4 5 30
8 11 5
16 18 14
4 6 25
2 3 21
15 18 3
4 6 15
13 15 27
17 18 8
20 21 16
3 5 30
19 19 25
14 15 21
4 6 21
7 8 14
6 8 25
13 15 16
2 4 19
22 22 27
18 21 22
7 9 6
15 15 28
9 11 19
7 9 2
12 16 13
1 3 9
12 13 15
3 5 20
20 21 23
18 19 10
7 9 1
21 0 16
7 9 10
1 2 30
18 19 25
12 15 21
22 0 28
11 12 24
8 10 10
9 11 5
6 8 27
21 22 17
9 11 17
3 4 14
10 14 15
4 5 10
9 11 11
13 15 24
22 0 11
16 19 13
15 17 16
19 21 7
2 5 14
8 11 29
6 9 9
19 23 6
21 1 2
11 11 28
20 21 25
1 3 10
6 8 4
21 23 1
23 0 6
6 7 6
4 7 27
18 18 12
8 10 6
14 19 18
7 9 18
16 19 22
20 22 12
14 17 22
0 1 11
6 9 16
13 16 10
6 9 17
12 12 7
10 11 11
0 2 18
10 11 25
3 3 9
5 6 22
8 10 9
11 14 21
3 3 17
22 1 7
3 4 13
17 19 13
21 23 16
17 19 21
8 10 1
10 12 13
21 23 16
4 5 15
12 15 5
22 1 4
8 9 6
13 14 27
4 5 26
13 14 29
18 20 22
15 16 13
20 21 29
7 8 12
20 23 20
18 19 13
8 8 19
10 13 25
2 2 16
22 1 5
6 8 8
8 12 27
18 22 5
18 22 16
4 7 20
20 0 8
10 13 9
17 19 28
4 5 7
23 23 14
22 1 15
9 10 14
1 3 14
9 9 12
9 10 17
9 11 5
15 16 10
2 3 9
18 20 3
9 12 8
4 7 27
18 20 28
3 5 25
1 3 14
12 16 26
3 5 27
5 5 2
12 14 8
20 22 24
19 21 16
19 20 17
4 6 17
10 12 7
18 19 26
2 4 4
7 11 30
8 9 18
10 12 10
19 22 2
7 9 8
10 11 18
15 18 11
16 16 4
6 7 14
6 6 23
2 2 25
2 6 19
8 8 21
14 16 15
14 16 4
16 18 6
18 18 11
22 23 27
22 0 19
10 13 23
23 1 3
12 14 19
5 7 4
10 13 29
17 19 30
19 23 24
5 7 17
7 11 28
18 19 19
19 22 12
16 18 11
13 16 12
5 8 13
6 9 21
15 16 16
20 21 14
23 2 15
10 13 9
7 10 12
1 2 13
8 11 9
14 14 19
12 13 12
7 9 8
12 13 17
9 13 5
3 5 30
14 15 7
5 9 9
4 7 7
0 3 29
23 2 1
10 13 9
10 12 3
7 10 3
2 4 15
6 7 25
18 21 29
2 5 18
4 4 25
10 12 3
5 8 4
13 15 13
12 15 19
8 9 6
3 6 20
10 13 29
8 9 12
20 20 23
11 13 18
20 23 26
10 10 18
8 8 12
6 6 13
3 6 18
4 8 20
4 7 7
2 5 10
18 21 6
17 18 29
18 20 2
22 1 24
15 16 16
17 17 14
12 15 15
22 23 23
20 21 26
7 10 3
9 11 9
16 19 24
22 0 18
7 10 29
3 3 5
23 3 26
3 5 28
15 16 11
22 23 19
4 5 1
17 18 6
1 4 24
6 9 11
13 14 14
8 10 6
11 11 2
3 5 4
14 17 5
7 10 23
12 12 5
17 19 27
19 21 30
2 4 26
10 12 24
20 23 23
15 16 5
20 22 14
0 2 8
15 16 3
5 7 6
8 9 10
21 1 29
8 9 16
1 3 21
17 18 25
14 15 3
12 15 25
1 3 18
14 16 6
12 13 10
13 14 22
7 8 3
5 8 27
18 22 7
10 12 20
18 19 26
16 17 15
2 5 26
8 9 8
14 16 2
18 19 10
1 4 14
22 23 6
3 3 2
12 13 10
19 21 27
23 2 19
5 7 11
16 18 16
23 0 23
5 6 2
1 3 14
9 11 6
9 14 8
22 22 4
16 20 11
23 0 24
12 16 5
6 9 16
8 11 26
8 9 11
0 2 18
23 2 12
12 12 8
11 13 23
10 12 15
3 6 17
22 23 20
6 8 13
5 7 30
13 13 24
6 8 2
9 11 19
14 17 11
11 14 9
17 20 12
7 9 6
3 5 15
16 18 30
14 16 15
22 1 13
14 15 9
10 13 23
17 16 26
11 13 7
18 21 6
15 16 10
8 10 8
3 7 6
19 19 14
11 12 25
1 3 20
23 2 11
2 4 1
20 22 10
22 21 9
6 7 9
5 6 23
0 3 16
0 2 2
18 21 1
0 1 9
18 21 13
15 17 19
1 3 1
23 1 29
20 22 2
3 5 13
22 1 1
17 19 22
14 16 5
5 6 1
1 2 12
22 23 6
1 3 25
9 11 13
7 9 17
17 18 10
21 0 1
13 14 20
0 2 26
3 4 2
16 18 5
3 5 3
1 3 13
19 22 8
17 19 16
22 2 25
4 6 23
11 13 29
7 10 13
19 22 8
10 13 7
17 19 14
8 11 27
11 12 22
20 22 8
5 6 19
12 15 12
2 5 7
5 6 12
3 4 24
9 11 25
6 8 9
10 13 25
19 21 12
9 11 15
2 3 11
4 6 30
2 3 15
10 11 8
23 0 24
17 18 4
10 13 5
3 4 14
20 22 13
3 5 7
2 3 13
4 6 1
18 19 1
2 4 26
22 23 11
5 8 12
6 11 13
21 23 26
8 9 2
17 18 18
18 22 22
13 15 1
18 19 14
13 14 19
6 9 22
13 14 13
1 3 11
19 21 24
18 21 1
16 18 1
17 21 26
21 21 16
2 4 5
11 13 18
21 22 20
2 6 1
9 12 8
22 23 22
2 5 11
18 19 10
3 4 3
19 21 27
5 6 2
18 19 19
18 21 1
4 5 17
15 17 27
14 17 12
21 1 17
8 9 19
13 18 1
1 4 25
7 8 14
21 23 20
10 13 14
14 16 1
0 4 3
3 5 24
14 16 12
5 7 16
19 21 19
8 9 29
0 2 1
1 1 8
14 15 29
19 22 18
23 0 11
16 18 30
12 14 26
11 13 18
9 12 5
12 14 16
10 12 10
9 11 25
23 0 8
3 6 29
3 7 8
22 0 23
14 18 29
1 4 11
11 14 26
6 8 16
5 7 3
8 9 19
5 6 11
15 17 29
9 11 12
0 2 13
20 22 22
18 20 27
7 9 26
13 15 1
16 18 29
18 21 18
21 0 28
9 11 30
13 14 14
14 15 5
8 11 29
8 11 12
5 5 15
20 23 12
15 18 18
3 5 23
6 7 8
15 16 30
9 11 4
8 10 17
17 20 7
12 16 16
17 19 1
12 13 13
3 5 13
19 21 29
23 1 4
4 6 27
15 16 18
14 14 30
6 8 25
6 6 13
0 1 15
13 16 20
23 1 21
12 13 25
9 11 9
5 8 30
1 4 17
0 1 30
6 8 25
23 1 16
11 12 23
3 5 1
1 2 1
19 22 21
12 14 25
14 17 15
8 9 5
3 6 5
17 20 27
0 1 18
13 15 17
14 16 9
18 22 10
20 22 16
20 23 17
20 22 8
2 4 26
3 6 15
13 16 20
5 7 5
23 23 22
9 12 9
14 17 24
1 4 22
3 5 28
5 7 30
17 18 13
4 6 9
23 0 2
3 7 1
18 20 19
10 14 23
1 3 2
9 12 18
5 6 24
11 13 21
22 2 25
19 21 1
16 19 19
3 5 8
21 1 10
20 21 4
17 19 21
4 5 6
3 6 21
10 13 5
8 11 28
6 8 4
20 21 14
18 21 4
18 20 30
7 9 13
12 15 26
21 23 16
1 3 5
4 6 2
17 18 20
2 4 11
1 3 22
23 1 10
8 8 27
5 7 4
0 3 17
5 8 13
14 16 8
9 12 28
11 13 14
19 22 20
7 11 24
17 20 8
4 7 24
13 14 18
12 13 22
17 18 26
13 14 18
21 21 12
11 14 6
3 4 20
18 19 14
21 22 16
2 3 11
8 11 11
14 17 4
5 5 30
1 5 20
15 17 20
7 10 10
22 23 27
12 13 25
12 14 3
17 19 17
6 7 12
0 1 21
19 21 3
21 0 19
2 6 5
3 3 27
23 1 9
17 18 18
18 21 28
0 2 4
18 19 17
13 15 9
8 10 17
15 17 15
19 21 1
20 22 12
7 9 29
15 18 24
7 9 5
10 13 27
12 14 18
19 22 6
23 1 8
19 20 21
10 12 23
12 16 3
12 13 25
12 14 19
17 21 28
20 23 12
2 4 9
23 2 3
7 8 23
20 23 6
17 19 2
4 5 28
0 1 7
0 2 21
17 17 22
13 16 15
22 0 26
0 2 20
15 19 5
19 20 1
22 0 7
22 23 23
12 14 21
21 22 26
18 20 4
18 19 16
12 13 28
1 2 1
0 3 24
10 13 19
23 2 1
2 3 21
8 11 13
7 8 22
0 2 12
21 23 25
9 11 3
23 1 15
6 7 21
22 0 4
23 2 4
4 4 23
19 22 14
11 13 30
12 13 14
22 1 9
1 3 8
5 7 2
6 8 10
11 13 13
21 0 15
16 17 14
3 4 6
20 22 12
13 14 15
12 14 30
21 21 28
3 5 20
22 1 29
1 3 12
4 3 23
19 22 1
17 18 29
10 11 23
13 15 25
10 12 20
4 5 20
15 18 28
18 21 30
21 23 23
19 20 21
15 16 1
10 12 30
12 13 30
9 11 29
23 2 9
10 12 7
2 3 22
0 3 14
1 3 18
20 22 11
20 21 2
19 21 27
2 4 14
14 17 17
6 9 2
18 20 30
6 8 4
16 17 30
22 0 15
12 14 4
8 11 21
4 4 29
19 22 8
1 3 3
6 9 7
3 4 28
23 1 10
22 2 1
11 13 20
22 2 21
15 18 10
22 1 28
4 8 5
4 7 19
14 18 5
18 19 29
21 23 15
14 17 9
6 9 16
16 19 11
16 17 16
13 15 29
17 21 10
10 12 29
9 10 15
13 16 10
6 8 11
22 0 9
6 9 10
20 0 30
11 12 15
0 1 8
23 1 5
9 13 28
15 16 14
21 21 18
21 1 3
16 18 28
22 0 19
3 5 17
20 23 14
3 5 9
15 17 20
8 8 1
14 13 15
9 12 20
2 4 6
20 0 15
5 6 12
9 10 13
9 13 29
4 7 4
23 0 15
20 20 23
6 7 15
19 21 8
13 16 11
6 7 20
22 1 30
23 0 25
1 3 6
11 12 25
20 22 21
0 2 16
13 15 18
12 14 26
13 13 26
19 22 6
7 8 3
13 13 13
2 5 27
15 15 12
17 19 15
17 20 24
15 17 18
14 16 21
23 2 23
4 4 3
9 11 16
15 16 4
21 22 2
8 10 10
20 23 6
2 4 2
3 5 16
22 1 9
21 0 26
13 15 23
21 23 29
21 0 22
10 12 24
3 5 5
2 3 19
2 4 16
11 11 12
13 15 9
10 12 3
17 19 18
1 3 2
5 7 12
18 22 6
16 17 15
5 7 6
17 18 8
0 1 14
3 4 14
7 10 12
15 17 29
20 21 3
16 16 5
12 12 27
9 12 17
13 15 16
16 18 14
3 4 3
16 18 13
0 3 11
10 13 22
20 23 18
14 17 7
17 20 5
23 0 30
11 14 3
6 8 23
21 23 16
16 18 5
17 20 25
4 6 12
12 15 15
12 15 20
5 7 14
4 4 24
8 11 29
13 16 5
11 13 9
20 21 24
3 4 2
5 7 11
16 16 20
5 7 10
9 10 9
18 19 28
17 18 24
4 7 12
2 4 16
19 22 11
9 12 15
20 22 9
21 0 11
7 9 3
13 15 30
11 12 10
15 16 1
1 3 17
15 18 29
8 10 6
21 0 8
11 14 25
18 20 8
13 14 26
12 15 25
6 9 28
3 6 6
6 9 30
15 17 20
21 22 2
10 11 8
20 22 2
1 3 15
10 14 3
0 1 9
3 5 27
9 10 13
9 11 30
15 18 11
21 23 22
13 15 14
6 10 14
7 7 18
3 5 16
4 7 10
9 10 20
14 15 9
17 18 13
11 11 27
4 6 27
9 10 20
12 14 2
18 20 18
21 1 17
15 15 26
15 16 1
13 14 6
10 11 20
6 8 20
7 11 5
23 2 19
1 2 25
3 5 23
8 10 12
12 15 10
18 20 3
18 19 18
17 17 29
6 7 17
16 19 26
23 1 26
23 2 17
1 4 6
18 21 17
15 16 15
4 6 25
1 4 28
17 19 29
10 10 28
6 9 15
7 9 27
12 13 17
21 22 27
10 12 25
9 10 1
20 22 19
9 11 9
9 11 20
18 20 29
11 15 27
18 21 8
10 11 3
13 14 4
12 14 20
3 5 12
8 10 18
7 8 21
22 22 12
13 16 9
0 2 5
7 9 10
16 18 8
0 3 28
14 15 9
1 3 24
19 20 24
1 3 30
13 14 30
14 15 14
14 16 7
13 16 23
16 18 27
5 7 27
0 1 13
22 1 16
11 12 22
8 10 20
7 10 21
22 23 3
9 13 4
9 11 20
22 1 25
23 1 25
23 1 1
10 13 28
12 15 18
4 7 3
7 11 16
7 7 18
8 10 17
20 22 3
9 11 14
10 11 3
17 20 10
19 22 22
14 16 10
2 4 4
18 18 4
23 0 20
13 16 8
10 10 5
7 9 17
11 13 24
23 23 10
7 9 29
8 10 2
18 22 15
10 11 16
19 21 3
20 21 28
5 7 2
14 19 28
11 13 17
18 19 15
9 12 21
3 7 17
0 2 2
15 18 29
1 4 25
6 7 21
6 7 15
6 9 6
4 5 12
7 9 22
23 23 23
2 6 22
23 2 16
13 14 5
2 3 28
16 18 26
11 13 26
8 11 7
11 12 24
18 20 27
9 13 1
15 18 23
12 13 30
10 15 13
17 19 8
3 6 16
7 9 17
5 8 10
8 11 29
1 2 6
19 22 5
11 13 17
14 16 6
6 9 24
22 23 21
9 10 22
16 17 23
1 3 11
15 17 9
6 9 9
10 12 19
16 18 27
13 15 25
11 12 8
21 0 8
14 16 10
7 9 5
12 14 1
21 22 4
7 8 11
11 11 5
22 2 25
10 12 13
11 13 1
6 8 5
5 8 11
18 21 26
0 3 22
7 8 21
15 17 8
18 19 9
11 12 28
11 13 3
10 12 21
17 19 10
18 20 4
0 1 22
3 4 2
21 0 19
6 8 30
14 16 5
13 16 21
10 12 26
19 22 29
17 20 12
2 3 16
17 19 11
2 6 24
16 19 19
5 7 9
2 5 24
23 3 22
5 8 7
5 7 6
6 10 22
12 15 8
1 2 3
14 18 21
22 22 25
9 11 1
12 14 3
16 18 24
2 5 27
9 11 11
19 20 12
16 18 22
13 14 6
19 20 21
3 3 24
11 14 5
17 20 15
20 22 18
6 9 10
19 20 28
15 17 21
17 19 19
23 2 22
5 6 22
11 13 21
0 2 4
1 4 13
3 4 29
5 5 15
0 3 3
11 15 2
7 7 9
20 21 17
14 16 27
3 5 29
16 17 21
6 8 8
8 10 11
23 2 4
4 4 4
0 3 5
13 16 24
14 15 23
20 22 29
9 10 12
20 22 28
7 8 24
13 16 10
3 6 25
18 22 17
9 13 24
3 6 19
7 8 13
19 22 20
16 19 12
21 22 9
19 23 2
2 4 26
16 19 3
22 23 2
8 11 4
9 10 20
22 22 19
5 7 22
17 19 22
0 1 2
8 10 22
21 1 27
11 13 11
17 20 20
12 13 27
11 13 26
6 9 2
8 7 28
23 0 14
5 6 26
15 19 27
1 2 21
12 15 19
10 10 17
15 17 4
21 21 9
15 16 6
17 18 13
15 17 8
22 23 19
8 11 18
5 5 3
0 2 30
4 6 14
2 3 26
15 17 22
0 2 16
19 20 9
1 3 12
17 20 25
14 15 25
4 5 2
5 6 26
2 3 23
9 12 5
8 9 17
14 15 14
13 16 19
23 2 12
22 22 7
19 21 8
7 10 3
19 22 10
7 8 18
9 12 7
4 5 6
18 21 20
4 6 17
3 5 10
5 7 4
17 20 21
1 5 8
7 8 14
0 1 25
23 23 3
13 16 20
15 16 1
17 19 14
15 17 5
5 8 3
23 1 26
7 9 1
20 20 2
10 13 30
20 23 18
9 11 18
3 5 26
6 8 30
17 19 2
22 0 22
11 13 6
18 22 29
1 4 20
18 20 8
22 1 9
20 0 2
5 7 30
2 3 23
7 10 12
5 5 17
14 16 10
3 7 16
19 22 3
4 6 8
4 6 17
3 5 12
17 21 22
14 15 20
21 1 6
15 17 3
15 18 22
20 21 20
13 15 29
20 23 4
7 10 30
12 15 3
3 4 8
10 13 28
18 20 28
9 12 17
21 23 12
8 12 19
23 1 26
4 5 10
10 12 26
18 19 14
21 23 14
11 14 3
21 23 28
14 16 25
20 21 30
0 3 21
10 13 23
11 14 17
20 21 10
22 0 23
17 20 21
23 1 27
2 5 19
13 15 13
8 11 1
2 5 27
13 16 27
13 14 4
17 17 3
21 0 6
21 22 13
2 4 29
18 21 22
4 6 16
7 9 21
3 6 15
5 7 9
4 8 17
17 19 3
9 12 13
11 11 18
18 22 13
14 16 22
19 21 16
6 9 26
16 18 24
2 2 26
21 0 23
5 5 16
16 21 20
1 4 9
23 2 10
19 23 13
21 23 2
2 6 21
20 21 6
2 4 17
18 18 14
15 17 4
22 0 21
17 18 26
21 1 15
5 6 18
4 6 9
9 11 18
11 13 5
23 1 24
12 14 26
7 8 13
19 22 22
1 4 27
10 11 7
6 7 27
7 9 23
19 22 19
5 8 16
5 7 15
10 11 27
0 1 25
1 3 10
18 20 1
18 20 26
8 10 14
8 10 13
16 18 25
2 3 26
13 18 8
2 5 15
11 13 24
10 12 17
16 18 12
11 13 9
4 7 24
11 14 21
20 22 17
9 9 29
18 21 7
23 1 3
15 18 10
13 13 16
16 18 21
4 5 8
3 3 28
14 15 25
18 18 25
0 1 30
3 4 22
23 3 18
8 9 1
13 17 19
2 3 4
5 7 20
3 6 26
18 19 22
5 7 29
7 9 5
23 2 7
9 12 30
21 22 14
12 16 12
20 22 8
5 7 17
0 1 14
7 10 22
0 2 24
7 12 3
11 12 21
1 4 15
22 22 28
19 21 22
16 18 14
21 1 7
9 11 26
3 4 12
20 21 24
11 14 10
3 6 2
13 15 6
12 13 13
2 4 1
4 6 9
20 22 19
0 2 16
4 5 25
19 21 27
8 10 6
2 4 15
1 4 12
0 1 9
8 10 28
21 23 3
21 22 2
16 19 28
17 19 30
14 14 29
3 5 25
20 22 1
18 18 11
7 9 27
3 5 30
16 17 21
13 14 26
1 1 30
11 12 16
8 11 3
4 6 21
3 5 8
5 8 17
17 19 25
19 23 17
12 15 9
1 3 15
13 18 2
11 14 8
22 1 10
18 20 8
6 9 28
14 16 17
14 15 26
16 17 18
11 14 25
21 22 14
0 5 8
10 13 28
9 10 2
20 23 11
1 2 26
23 3 1
4 3 18
7 9 3
9 12 23
2 4 22
7 9 3
17 20 9
7 10 13
23 0 14
3 5 1
17 21 29
0 0 15
5 7 20
14 16 30
9 12 30
8 11 1
4 5 15
21 0 8
3 5 3
19 22 23
4 8 28
6 7 24
22 2 5
5 8 13
13 15 8
21 1 18
18 21 30
23 0 3
9 12 30
9 12 18
23 2 13
13 17 10
12 13 21
20 22 22
11 13 2
1 1 12
14 15 7
3 5 29
23 1 15
6 7 7
14 16 6
23 1 3
15 18 8
7 9 8
12 16 18
15 17 16
19 22 1
3 4 16
16 17 2
10 11 2
14 16 5
17 20 20
15 16 18
6 7 11
11 11 1
11 13 9
16 18 7
19 20 22
13 15 28
4 5 7
19 21 15
19 21 3
3 5 10
23 1 25
16 18 16
19 21 15
16 17 18
23 23 8
14 17 7
12 15 11
9 12 2
8 10 15
1 4 22
3 7 4
12 15 10
10 10 16
5 8 7
0 3 23
14 15 16
20 21 17
17 18 23
15 17 1
16 18 17
23 1 16
3 5 20
11 13 3
19 19 19
12 13 17
2 4 17
23 1 26
20 22 16
17 19 4
15 17 22
3 5 23
14 15 25
8 11 16
15 18 5
23 1 24
23 2 24
23 1 22
9 9 30
23 1 9
23 1 23
1 2 8
21 22 29
11 12 20
20 22 23
14 15 8
12 15 30
2 4 19
1 3 6
6 8 9
18 21 23
22 0 11
9 11 23
22 2 8
15 19 29
4 5 27
17 20 23
7 9 21
22 2 19
14 16 5
13 18 20
9 11 5
10 11 14
7 10 3
23 1 21
16 21 7
18 21 1
4 7 2
22 0 11
17 19 2
15 19 22
10 12 9
5 7 16
18 19 11
6 7 23
20 22 14
4 6 29
11 13 7
10 11 6
12 16 24
3 6 18
4 6 8
21 0 7
19 21 29
21 0 21
13 14 26
3 6 5
10 14 27
5 9 2
20 21 16
2 4 2
14 15 12
17 18 14
2 7 5
18 19 16
21 23 24
10 12 13
2 5 29
3 5 22
1 3 9
12 16 13
18 20 3
20 21 12
2 5 18
13 16 23
5 6 21
11 12 13
5 8 2
23 1 10
19 21 30
15 17 28
17 19 29
1 3 26
19 20 13
4 5 27
20 21 7
3 4 3
16 18 24
12 13 29
12 15 6
12 14 1
14 16 3
0 2 4
14 17 2
14 17 15
8 11 26
3 6 16
0 0 27
15 18 22
5 7 4
16 18 2
4 5 23
13 17 10
13 18 14
21 23 1
1 3 23
12 14 12
10 12 22
5 8 17
7 10 15
6 8 27
9 10 1
15 19 12
6 11 14
1 2 14
1 5 5
4 7 2
17 19 1
14 17 26
8 10 10
11 15 25
8 11 3
0 2 26
15 20 5
23 2 23
19 21 20
16 19 23
6 8 14
18 19 27
0 0 5
12 14 27
4 7 21
3 6 1
0 1 22
5 5 8
16 17 2
4 7 20
1 2 18
2 4 11
23 1 9
0 2 1
14 16 26
12 14 15
6 8 25
13 15 17
3 3 7
17 19 19
14 16 17
16 19 25
3 4 6
11 13 29
5 6 5
6 7 12
16 18 6
0 1 6
2 4 11
11 12 8
0 2 8
1 3 20
11 14 1
19 21 12
21 0 17
16 19 20
5 7 17
7 10 17
17 19 22
21 23 16
11 12 18
22 23 6
4 8 25
16 17 14
21 22 4
2 4 15
21 23 19
16 16 21
20 23 12
7 10 28
18 20 11
0 2 22
12 15 21
17 18 21
5 6 26
18 20 25
4 6 26
23 1 6
0 0 12
14 16 24
1 3 9
19 21 22
3 5 15
19 20 11
13 13 9
19 21 10
19 22 29
2 3 16
15 17 30
2 4 6
0 2 11
6 8 8
4 5 24
14 16 23
5 7 1
7 9 28
7 9 19
7 9 17
21 0 5
0 1 15
3 7 20
20 21 24
19 22 25
20 22 7
0 4 19
9 11 23
11 15 17
4 8 4
4 6 6
7 9 25
23 23 4
22 23 18
20 23 14
23 2 28
1 2 14
12 14 29
3 7 3
8 9 24
0 2 7
5 6 8
6 8 6
6 6 15
6 10 15
3 5 4
20 22 30
10 12 22
21 1 28
15 17 2
6 8 17
9 11 29
13 17 5
22 0 21
6 5 28
7 9 18
17 19 26
22 23 29
2 5 19
14 17 25
18 19 27
22 0 9
9 11 21
5 8 19
3 8 16
4 6 24
16 17 26
8 10 22
13 12 13
3 5 12
18 21 4
2 3 6
4 4 20
21 22 14
7 9 11
23 1 21
5 8 23
19 21 26
16 17 14
22 1 22
19 21 1
22 22 16
23 1 6
10 11 26
7 10 7
16 17 2
19 19 17
19 22 5
22 0 15
20 21 14
21 22 15
20 22 20
8 10 2
23 1 6
11 14 15
9 11 21
0 2 21
16 19 28
20 0 2
10 13 10
12 13 16
19 21 7
5 7 18
23 0 21
16 19 2
23 0 22
13 15 23
1 3 1
6 9 4
15 17 21
18 20 4
3 6 25
14 16 28
19 21 6
19 21 2
9 9 18
21 23 4
2 4 12
7 10 15
0 1 15
22 22 30
2 4 23
15 16 29
17 20 11
16 18 5
23 23 27
4 6 21
10 11 27
12 14 24
13 16 17
6 9 19
17 19 10
0 3 21
22 0 11
7 9 7
22 23 28
15 17 18
13 14 24
16 18 25
7 9 19
13 14 20
17 19 7
9 11 15
11 12 10
15 16 11
16 18 22
17 19 3
9 12 23
1 4 22
19 22 8
12 16 13
21 23 17
3 5 26
1 4 7
13 15 4
10 11 25
22 1 3
2 4 13
3 6 10
4 6 21
22 23 2
17 19 24
10 13 2
11 12 26
15 16 28
17 20 13
23 0 24
22 23 17
22 3 29
10 13 22
6 6 16
2 4 6
7 8 1
12 13 13
10 12 17
12 14 12
0 3 28
16 17 25
0 2 10
21 0 25
23 2 28
21 0 25
8 12 3
18 20 8
9 12 23
6 8 16
4 5 1
1 4 15
13 17 15
6 8 12
11 13 25
18 19 6
13 15 2
10 13 2
17 17 24
1 3 20
13 15 22
11 14 13
6 8 24
20 0 25
12 12 14
21 23 9
0 2 28
1 3 18
17 19 14
23 1 29
4 4 9
5 8 23
5 8 11
21 22 6
6 8 5
22 23 14
17 17 20
7 9 20
17 20 9
10 12 6
6 8 13
1 2 21
14 17 18
17 20 13
16 19 25
7 10 23
18 21 14
21 22 9
0 2 27
16 19 25
22 0 23
22 0 13
12 15 26
19 21 27
10 14 25
10 11 6
10 12 25
11 14 19
2 3 27
10 12 18
11 14 30
21 23 3
11 14 25
9 11 14
13 15 2
18 20 25
6 8 5
22 0 15
2 3 21
8 9 1
17 18 3
1 3 7
14 16 29
8 10 18
15 18 4
18 21 21
19 21 17
18 21 26
18 20 18
1 5 2
16 18 14
2 3 2
11 13 19
22 1 5
3 6 29
14 17 24
19 21 19
16 18 17
20 22 30
4 6 27
14 16 30
0 2 22
18 20 13
11 14 26
19 21 20
4 7 5
4 8 9
9 11 21
12 14 29
23 1 16
2 4 30
13 18 4
5 7 13
18 21 22
8 9 1
8 10 25
20 21 16
4 8 3
19 21 3
10 13 24
16 17 24
20 23 26
19 21 6
19 0 21
11 13 10
9 10 27
0 4 26
8 10 23
6 10 5
4 4 8
7 9 8
13 16 10
7 9 3
22 0 2
15 16 25
20 22 22
9 12 13
6 8 23
10 12 18
1 1 21
8 9 1
19 21 30
23 1 13
13 14 16
21 23 23
5 7 5
11 15 15
6 9 21
12 15 16
1 4 24
5 8 24
8 9 20
7 8 28
2 3 26
23 0 7
4 6 12
19 22 17
12 13 28
12 13 13
1 2 20
13 14 15
21 1 2
15 19 30
19 19 5
13 15 28
10 12 1
6 7 9
18 20 23
11 12 8
10 10 7
8 9 29
18 20 18
21 23 22
13 15 3
11 13 1
17 20 13
12 15 25
23 0 6
22 23 12
0 3 19
20 23 1
3 6 21
14 16 2
13 15 6
17 18 16
20 22 6
8 10 24
21 23 1
11 11 11
0 2 2
7 8 16
2 3 30
7 8 2
4 7 23
13 16 19
14 15 20
14 17 23
9 10 8
12 16 25
0 3 16
21 0 13
10 13 11
12 12 27
1 4 20
15 17 26
5 7 19
14 16 19
16 17 16
11 12 21
4 6 7
19 22 8
5 6 13
1 2 18
4 5 8
17 20 10
14 15 22
10 10 14
14 17 3
20 22 10
8 9 15
6 9 9
5 5 12
12 14 18
12 13 14
12 13 22
12 15 17
13 15 25
12 14 17
3 6 8
22 0 16
9 11 12
19 22 17
13 14 14
1 4 1
6 9 15
19 20 4
6 7 21
4 6 29
22 23 20
3 5 26
0 2 11
6 8 2
16 17 10
15 18 22
14 17 21
6 10 30
10 13 27
12 13 16
7 9 28
11 13 14
8 11 25
12 15 28
1 3 12
0 2 23
2 5 2
20 23 2
13 13 4
20 22 23
4 5 18
4 6 28
0 4 2
18 20 24
21 1 28
