690 30
9 1 3 26 5 26 4 15 27 6 17 19 10 21 6 26 3 25 6 16 16 29 3 16 2 11 2 27 8 4 
14 15 5
9 11 24
18 20 24
23 1 13
19 18 15
9 11 23
22 2 23
9 12 24
14 16 27
17 20 28
2 5 19
12 15 22
3 5 15
19 21 21
4 6 20
9 11 26
7 11 28
5 9 19
23 0 10
10 11 6
22 1 12
14 18 9
1 3 12
1 2 19
9 12 15
2 2 30
12 15 15
8 10 3
14 16 21
5 8 17
9 12 26
13 16 28
17 18 30
9 13 9
21 21 24
3 6 18
10 11 24
14 17 11
9 10 17
21 0 17
4 7 17
12 14 22
10 12 30
23 2 30
16 19 19
12 13 4
0 3 1
13 14 7
18 19 30
0 3 27
5 5 21
4 6 14
20 21 14
11 15 18
5 7 26
11 11 19
5 8 26
17 19 6
23 0 10
7 9 18
23 1 2
5 6 25
2 5 3
6 7 22
16 19 22
22 1 5
15 16 18
9 10 10
19 20 12
13 16 14
7 9 25
5 5 11
8 10 25
18 19 20
9 10 27
3 6 22
13 16 30
12 15 1
8 9 21
14 18 20
3 5 10
0 1 28
8 11 9
2 5 1
14 15 15
7 10 3
10 13 17
2 3 22
7 10 23
7 9 22
11 13 10
22 1 18
13 15 21
21 0 30
6 7 19
14 16 4
12 14 14
1 2 4
19 20 13
21 23 14
15 17 4
6 9 16
15 16 5
17 19 9
23 2 16
9 11 23
14 15 10
23 1 7
16 18 9
17 19 1
17 20 2
9 12 25
2 5 19
8 8 1
9 11 12
15 17 8
9 12 25
7 11 6
10 12 26
12 14 5
20 22 24
2 5 29
14 16 27
14 15 11
22 0 16
11 13 13
21 23 11
10 12 25
17 20 11
4 6 23
5 7 3
23 23 24
5 7 17
11 12 17
13 16 8
15 16 27
13 16 18
5 7 18
20 23 18
12 14 11
23 2 2
5 7 1
6 8 22
4 6 19
16 17 9
21 0 21
21 21 27
18 20 20
2 4 30
8 9 2
11 14 16
10 12 28
23 1 21
12 14 26
12 14 16
10 11 21
9 12 23
0 0 17
14 15 10
15 17 17
14 16 5
13 15 10
22 23 5
11 14 8
1 2 8
3 4 21
9 12 9
2 4 16
9 11 25
2 3 6
5 6 14
14 15 10
22 23 7
1 3 12
8 10 21
10 13 1
20 22 28
15 17 18
6 9 12
0 2 7
5 7 16
3 5 7
16 19 25
5 8 29
6 9 19
23 0 2
10 11 11
1 3 27
8 10 11
8 10 5
0 2 15
19 22 12
3 6 29
9 10 5
16 18 13
23 23 20
7 9 2
8 10 2
0 3 28
15 18 1
21 23 21
15 18 26
14 16 12
7 10 16
23 1 24
23 1 21
15 17 8
12 14 20
8 10 10
14 14 19
17 18 24
14 18 11
7 8 11
16 17 7
15 18 10
9 11 21
12 14 24
3 5 11
6 8 17
14 16 9
3 6 1
14 15 24
9 10 10
8 10 22
21 22 14
20 23 22
4 8 22
23 0 20
20 23 24
2 3 28
19 20 3
16 18 18
10 13 29
19 22 17
12 15 28
14 15 23
20 22 25
20 22 28
7 8 26
13 16 13
2 3 5
19 20 21
23 2 27
15 17 10
11 14 10
9 10 25
3 6 24
0 1 8
3 3 10
5 7 16
5 8 20
16 17 18
11 14 18
7 9 11
13 15 4
6 9 21
17 18 10
23 23 10
3 6 28
7 11 30
12 14 7
22 22 13
19 21 15
13 15 22
16 17 6
3 5 26
11 14 9
20 23 22
9 10 1
22 1 25
16 17 25
1 2 30
18 21 26
2 4 15
4 5 16
1 3 17
19 22 7
15 19 12
6 9 3
18 20 23
17 19 26
14 16 15
22 1 18
8 12 24
19 19 21
10 11 8
9 10 23
2 3 5
14 17 14
1 3 13
3 6 28
16 18 4
10 12 24
21 0 25
12 14 9
16 18 5
19 21 27
3 4 7
4 6 13
11 14 23
14 16 21
9 11 28
2 5 3
16 18 22
10 12 20
11 12 23
4 6 16
6 9 23
1 3 6
11 12 13
5 5 12
20 21 20
23 1 28
17 21 17
19 20 16
4 7 10
1 1 8
14 18 5
6 7 7
18 20 19
15 17 17
9 11 20
15 16 28
9 11 8
17 21 26
7 10 8
13 16 24
3 6 2
0 2 28
18 20 20
11 13 18
14 16 23
14 17 21
1 3 6
4 6 7
9 10 14
1 4 21
19 22 2
6 9 17
22 0 13
7 10 10
5 7 5
8 9 13
20 23 23
18 21 12
3 4 19
2 3 21
1 4 5
9 9 23
21 22 6
23 2 16
12 16 18
4 6 3
3 5 21
10 11 7
5 7 29
4 6 29
21 23 25
15 16 21
1 3 14
21 22 27
11 13 1
15 17 21
9 10 11
10 13 13
4 6 2
15 18 22
8 12 7
10 11 16
20 23 27
6 8 23
3 6 27
3 5 20
15 18 7
15 17 2
12 17 7
1 4 7
16 16 28
6 8 9
2 4 19
2 5 11
7 9 18
6 7 27
16 19 20
17 20 4
1 5 4
4 8 5
2 4 8
9 12 8
18 20 12
5 6 12
23 1 17
11 14 7
4 6 16
7 8 11
20 21 4
2 7 23
9 11 29
19 21 18
13 15 8
18 21 11
4 6 14
4 5 9
16 18 14
13 15 9
10 11 5
2 4 30
7 10 3
18 19 18
4 7 20
5 6 20
8 10 6
9 10 22
22 0 16
6 7 7
9 11 29
2 2 28
20 0 7
0 1 2
21 23 18
6 9 13
12 13 29
7 9 1
23 0 15
14 14 28
19 22 3
18 19 13
4 6 6
9 11 20
4 8 14
5 6 23
22 0 20
20 21 1
16 17 20
16 18 9
9 10 20
16 18 30
0 1 20
20 22 16
10 10 30
23 1 30
10 12 6
21 21 25
8 9 13
7 9 16
9 12 13
1 1 16
21 0 27
14 16 26
2 5 22
9 12 25
11 12 23
15 17 17
9 10 18
12 15 17
14 18 25
13 15 10
6 9 22
15 17 25
8 10 28
9 11 9
3 5 12
15 17 17
16 19 22
18 20 8
16 19 11
18 19 2
21 21 7
5 8 3
19 22 29
22 1 7
10 14 10
14 16 18
9 12 25
2 3 8
15 16 4
3 5 24
5 7 6
4 7 19
0 2 22
10 11 12
11 12 26
15 17 26
7 11 5
21 22 26
7 8 8
18 19 22
5 8 20
16 18 6
18 18 22
21 0 16
3 5 24
3 6 10
10 12 7
14 15 11
8 10 18
12 13 29
19 21 1
13 15 26
23 1 7
10 12 9
8 11 26
17 18 27
3 5 27
4 4 15
10 11 5
19 21 1
17 20 22
18 22 2
21 0 6
6 8 22
12 13 1
3 5 22
0 1 14
23 0 9
19 20 15
8 11 12
11 16 12
10 11 15
20 23 18
17 19 29
5 7 8
0 3 20
22 0 17
11 14 6
7 10 24
16 17 16
8 10 15
16 17 19
8 11 16
17 19 19
2 5 9
18 19 6
20 22 6
9 9 21
20 0 10
10 11 18
22 2 5
23 3 29
14 15 24
0 2 2
20 21 18
10 10 29
16 17 28
18 19 19
0 2 9
23 1 30
21 23 20
15 17 23
0 2 16
13 16 28
10 11 15
17 19 7
4 6 22
10 9 30
16 18 26
11 13 11
17 18 8
7 10 6
15 17 17
4 6 27
14 16 11
13 15 13
14 15 6
17 18 19
3 4 3
11 13 28
14 16 6
13 15 13
10 13 2
1 3 11
2 3 10
23 2 21
16 17 23
11 14 24
10 12 18
9 11 2
19 21 3
22 1 4
3 5 1
14 15 5
2 6 18
7 8 22
21 23 26
12 14 27
22 23 28
3 6 16
22 2 11
8 11 13
7 9 3
23 1 25
0 2 7
17 19 5
5 9 6
20 20 10
12 14 13
15 17 19
20 0 15
14 17 5
23 0 23
3 4 21
7 9 12
17 18 26
18 21 22
11 14 28
18 19 11
9 10 2
8 10 2
0 1 7
5 6 23
2 4 19
12 13 20
20 22 16
9 11 27
18 21 8
18 20 5
16 18 9
21 21 28
23 2 11
19 22 13
9 10 2
21 22 17
4 6 12
10 12 27
17 20 16
2 5 5
11 12 10
10 11 5
13 14 20
11 13 16
11 13 16
20 22 17
7 8 5
11 13 18
4 6 11
13 14 10
7 9 18
20 22 21
5 6 11
15 16 16
9 11 26
6 7 28
18 20 2
8 11 30
14 15 12
19 22 6
12 12 26
10 12 6
17 18 3
9 10 10
6 9 2
0 3 19
23 1 24
0 2 20
22 0 16
20 21 27
15 18 21
2 6 10
0 3 23
9 11 26
18 21 17
14 15 6
9 12 7
7 8 30
22 0 20
17 19 10
2 4 25
2 4 21
14 16 18
0 3 5
9 11 1
5 6 27
15 16 23
20 21 29
12 14 13
22 22 25
4 5 9
2 4 10
9 10 19
7 7 21
3 5 13
1 2 12
21 22 18
6 8 15
19 22 26
17 19 11
13 15 23
14 15 30
16 19 10
18 21 5
