700 30
10 28 24 25 22 20 7 30 21 29 28 9 14 27 27 2 22 29 4 4 18 3 14 13 11 23 19 23 1 18 
11 11 5
4 8 30
17 20 7
13 16 17
16 18 28
23 0 29
9 10 28
22 0 8
23 0 29
21 23 12
11 14 14
20 22 21
11 13 1
0 3 26
4 7 20
19 22 16
6 8 5
16 17 25
6 8 27
13 16 27
10 11 19
23 1 17
17 19 17
9 11 1
0 1 27
19 21 10
17 18 13
8 11 20
23 2 23
20 23 9
16 17 8
6 8 19
21 22 6
12 15 1
12 15 6
14 14 6
9 12 19
5 9 18
7 8 13
10 13 24
4 5 13
12 15 5
21 0 6
20 21 3
21 22 10
4 6 7
23 0 10
9 11 15
2 4 5
20 22 26
10 9 1
13 16 26
8 11 9
3 4 21
12 13 9
8 10 27
1 4 30
6 8 9
2 2 26
8 10 21
17 18 10
20 23 14
4 3 7
19 22 5
11 13 25
14 14 2
7 9 11
5 7 4
12 13 28
13 15 18
15 17 19
7 9 15
14 17 17
22 1 16
19 21 10
3 6 5
10 14 19
21 23 11
8 10 23
17 18 1
3 6 12
20 22 17
13 15 28
14 16 1
19 21 12
7 9 29
20 21 6
8 9 10
18 21 6
18 22 27
19 23 17
3 1 3
1 4 23
16 18 5
21 22 1
11 12 21
21 22 2
2 5 30
21 21 24
20 23 23
19 22 12
21 22 2
17 19 6
1 5 20
3 4 9
19 23 4
9 12 13
19 20 8
0 3 25
13 14 6
6 10 1
16 17 5
7 9 16
15 16 28
20 23 16
1 4 16
23 3 1
8 10 11
5 6 22
3 5 21
1 3 23
16 18 24
19 21 17
14 15 23
23 1 5
6 7 25
11 14 3
17 19 16
19 22 2
17 18 3
1 3 1
13 15 10
10 12 16
19 22 22
20 22 12
3 5 30
12 15 4
3 6 26
13 14 19
8 11 22
3 4 26
19 21 25
9 11 5
11 15 25
18 20 9
5 5 12
18 20 29
19 22 8
3 6 2
12 15 27
1 1 13
8 11 22
19 22 16
13 14 22
19 21 10
14 15 25
7 10 30
23 1 11
11 11 24
8 10 25
21 22 10
17 17 4
5 6 24
6 8 23
23 1 17
3 5 16
21 23 22
22 0 27
17 20 30
6 8 9
18 20 19
11 14 21
0 1 3
9 12 10
18 21 8
2 4 18
4 3 18
15 16 4
15 17 5
3 7 18
18 22 29
7 9 27
2 4 1
10 13 18
1 3 8
7 8 16
10 10 8
10 10 17
12 15 3
19 20 10
12 12 12
11 13 6
4 7 4
20 22 23
23 2 17
14 16 15
6 8 28
14 16 21
16 17 5
3 3 13
16 19 13
6 9 26
10 11 6
6 7 3
15 17 20
20 23 29
0 2 17
5 5 23
13 16 21
6 9 7
2 3 25
7 10 10
0 2 17
10 12 19
7 8 8
6 9 7
17 17 29
9 8 11
13 15 17
1 4 28
19 22 7
9 11 14
2 3 1
23 1 8
21 22 9
6 7 4
1 4 14
14 18 5
14 19 7
8 10 5
3 3 7
23 3 3
21 0 1
12 15 27
6 9 29
3 5 12
3 5 8
0 3 12
14 14 25
17 19 25
18 21 8
22 23 13
9 10 24
6 8 3
9 13 19
22 22 4
23 1 18
11 14 14
5 6 7
16 16 26
13 17 19
11 13 6
14 15 5
2 5 11
22 0 12
15 17 25
18 19 3
0 2 28
13 15 4
13 15 4
1 2 8
11 13 19
7 9 19
16 20 21
13 15 10
22 2 6
8 10 12
9 10 13
10 12 7
4 7 29
14 15 3
21 22 28
14 15 26
21 0 26
12 15 11
7 9 16
15 17 6
20 22 27
4 4 21
0 3 16
0 3 17
23 0 26
5 9 22
3 6 8
19 20 17
18 20 14
10 11 1
16 20 17
12 15 22
23 2 3
6 8 21
22 23 15
8 11 22
1 4 7
9 11 2
4 7 25
21 22 15
13 15 26
1 3 1
10 13 6
15 19 27
10 11 6
2 5 19
8 10 14
6 9 22
2 5 14
1 3 21
10 12 14
0 2 20
9 9 11
23 2 21
11 13 13
10 12 25
7 9 6
0 2 8
2 6 26
2 4 7
16 17 30
14 16 7
0 4 3
5 9 30
12 13 27
22 0 19
2 4 28
0 1 7
18 18 4
23 0 21
5 8 19
12 16 6
9 10 14
17 17 2
16 17 27
13 14 20
10 13 21
16 19 11
14 17 6
9 12 2
5 7 17
15 18 8
23 2 30
4 5 11
7 10 20
20 22 19
5 7 3
9 11 16
13 14 3
15 15 30
22 21 7
3 5 18
7 9 14
20 22 3
1 3 14
19 20 12
20 20 30
17 19 21
21 0 4
10 10 20
20 22 23
21 23 10
4 4 8
2 3 14
10 12 3
8 11 12
17 21 3
19 21 30
6 8 30
19 22 15
19 0 17
11 13 29
16 19 27
2 5 16
18 19 24
12 16 10
0 0 28
3 4 30
3 6 30
1 5 30
17 19 8
16 20 28
1 3 28
17 19 1
4 6 1
23 3 27
20 22 22
11 14 29
5 9 27
14 14 5
3 6 26
11 13 20
4 5 8
5 8 22
5 8 22
9 10 30
14 17 29
17 18 8
14 15 23
4 5 16
6 9 11
19 20 6
8 10 1
21 22 13
0 3 9
11 14 14
21 22 12
8 11 13
18 20 18
7 9 15
5 7 8
8 9 16
4 6 26
2 6 13
15 18 24
23 1 28
20 21 16
6 8 14
17 19 26
12 15 22
22 0 20
19 21 30
6 9 24
19 22 26
20 22 9
19 22 2
6 8 16
16 17 18
23 2 18
8 10 3
17 20 18
22 22 1
22 0 23
10 13 4
1 2 9
15 17 21
5 8 28
19 22 3
18 20 12
17 20 23
9 11 13
18 20 30
10 11 15
4 6 29
10 11 6
15 18 5
4 4 14
12 14 4
13 16 7
21 0 28
17 19 19
10 11 24
20 22 30
7 9 6
2 4 13
5 7 13
0 3 20
19 21 15
8 9 27
8 10 3
21 22 2
12 12 28
7 10 11
22 0 9
17 19 26
0 1 30
4 6 19
12 14 24
12 12 27
23 3 18
12 15 10
9 10 4
0 3 13
23 2 13
7 8 6
6 7 7
5 5 17
6 9 3
12 14 5
17 20 28
5 8 24
10 13 7
13 15 21
6 10 18
11 13 27
21 23 11
17 19 15
23 0 26
12 14 27
19 21 8
19 21 18
20 21 26
1 4 21
5 7 1
17 19 17
3 5 15
12 14 19
11 15 20
3 4 17
17 19 11
21 23 11
0 4 16
9 10 16
17 19 25
5 7 18
18 22 20
0 2 6
8 11 24
8 8 3
19 23 13
1 2 3
12 13 3
17 20 5
18 19 5
17 18 16
16 20 21
21 1 24
6 7 15
20 23 1
4 6 30
17 21 28
4 7 23
14 15 12
19 21 18
5 7 5
5 7 14
10 12 21
21 23 20
2 5 25
3 5 5
14 15 11
22 22 25
11 12 11
15 16 20
14 16 10
7 9 17
15 17 20
19 21 22
14 17 15
3 7 13
2 2 15
13 15 13
0 2 25
2 4 6
23 2 15
5 6 13
7 10 22
20 21 28
1 4 28
5 6 26
7 9 8
7 9 26
6 8 29
15 16 28
9 11 14
16 17 3
12 14 6
23 1 27
1 3 1
13 15 1
6 7 11
16 17 16
0 2 19
7 8 22
14 17 15
22 23 17
9 10 16
5 7 22
15 15 25
5 8 18
2 4 27
18 19 16
23 1 16
7 9 3
1 3 28
11 12 26
6 8 12
12 13 5
14 15 27
18 20 3
6 8 2
16 18 26
23 1 27
23 0 18
3 5 14
0 1 8
11 14 20
18 19 4
22 23 14
23 0 4
1 1 1
5 7 30
12 15 30
11 15 14
22 1 16
15 18 11
20 21 20
16 17 8
8 10 20
1 3 11
2 6 24
9 10 29
6 8 9
18 21 11
11 12 18
19 21 24
13 15 21
10 13 3
9 11 24
12 15 8
4 6 15
6 8 28
13 14 23
17 19 22
7 10 26
2 4 6
16 17 29
20 21 9
17 20 7
2 3 1
20 23 27
19 21 1
10 12 13
2 4 5
1 3 30
6 7 21
8 9 10
23 0 30
5 5 23
21 23 22
15 18 13
10 14 24
18 18 11
12 14 1
4 4 4
1 3 27
3 5 17
21 21 2
3 5 10
10 13 15
12 13 13
6 9 13
10 12 13
4 5 23
12 14 30
16 19 29
14 17 28
4 7 22
21 23 12
14 17 30
8 8 15
9 10 21
0 1 16
4 3 8
2 4 27
19 21 15
5 7 3
0 2 9
17 19 14
21 0 17
14 16 15
19 21 10
6 7 28
21 0 9
7 9 30
16 18 10
22 1 26
17 20 11
19 19 1
18 20 22
20 21 11
19 21 28
19 21 22
6 9 5
1 4 21
19 22 6
17 20 18
0 1 29
19 21 26
8 8 21
14 16 30
20 23 17
4 7 9
2 2 30
20 22 13
1 4 11
2 1 27
12 15 11
15 14 17
12 13 23
0 4 1
22 23 30
9 10 14
12 15 6
21 0 19
7 9 8
18 20 14
1 4 10
15 18 16
6 7 17
2 5 23
1 5 23
0 1 20
