70 30
6 15 6 21 29 7 29 20 27 5 12 9 25 10 9 18 3 15 22 12 23 28 6 30 3 15 29 16 7 15 
19 22 29
6 9 26
5 8 27
9 11 5
17 19 12
18 22 20
1 3 4
10 12 14
21 0 5
20 22 22
16 16 11
6 7 1
1 4 10
10 13 28
19 20 4
4 6 16
9 10 9
1 3 29
22 0 13
6 8 10
1 1 8
7 7 7
12 13 28
17 19 7
19 20 2
0 0 11
5 7 26
14 15 1
3 2 3
15 17 18
21 0 22
8 11 17
19 22 4
14 17 28
13 15 17
12 15 9
3 6 11
6 7 2
5 6 18
19 21 27
2 2 21
19 19 17
7 10 3
16 18 27
19 22 15
15 18 1
11 13 9
16 17 21
1 3 25
11 12 10
15 18 29
22 22 10
23 2 7
10 11 20
21 22 15
19 21 19
18 22 15
10 13 8
18 19 11
21 22 12
21 23 25
20 22 22
21 0 4
6 8 7
18 20 27
0 2 19
5 8 8
10 13 14
0 2 2
8 8 21
