720 30
2 15 13 16 25 9 16 21 4 18 30 8 1 27 29 25 5 4 11 6 29 14 24 29 30 27 6 1 9 8 
15 17 10
10 11 10
2 3 12
1 1 26
2 5 25
3 4 2
14 15 29
22 23 15
2 4 7
17 18 20
0 1 23
9 11 18
9 11 29
20 22 29
9 11 12
5 8 22
6 7 2
22 0 14
15 17 22
18 19 16
12 15 9
1 3 30
13 14 6
15 17 8
21 0 25
4 5 12
23 1 22
21 23 5
1 3 2
8 10 14
22 22 30
19 22 8
7 8 14
0 1 6
3 5 2
13 14 9
19 21 23
5 9 1
23 1 10
0 0 26
19 21 27
2 5 30
21 22 23
7 10 5
2 5 26
23 2 18
5 7 24
6 6 23
20 21 19
17 18 5
10 13 2
7 10 13
7 10 23
6 8 14
1 1 1
1 2 16
22 1 14
6 8 7
5 5 9
2 5 3
1 3 18
13 13 30
18 19 29
2 4 30
0 1 2
4 7 4
19 21 29
2 5 13
8 11 11
17 19 20
0 2 25
16 17 25
15 18 9
11 13 28
1 3 17
0 2 28
20 23 1
23 1 26
16 19 23
15 16 6
17 19 28
23 1 26
10 12 27
17 21 26
1 4 21
1 4 16
19 22 14
1 3 11
16 17 3
2 4 24
1 3 6
16 21 23
17 19 30
16 18 11
12 14 8
5 6 11
23 2 13
5 7 30
1 6 11
20 22 14
12 13 3
20 22 27
19 21 15
10 12 14
17 19 2
3 7 24
17 20 22
6 8 17
17 19 18
22 0 22
22 0 1
23 0 2
21 0 3
15 19 20
11 14 15
10 13 18
8 10 22
23 1 22
5 8 13
3 7 5
10 13 23
8 10 8
21 23 10
10 11 25
8 11 14
11 12 13
11 14 26
0 2 5
4 5 5
19 21 24
21 23 7
13 15 28
16 17 16
20 22 13
13 16 11
17 19 20
0 4 14
21 23 17
6 9 20
11 12 28
7 9 27
21 23 7
16 17 24
0 2 19
1 2 19
23 0 4
6 8 27
6 8 8
22 1 14
22 0 18
0 1 10
6 9 9
18 21 8
20 20 5
3 4 8
3 5 24
9 10 3
2 4 27
10 12 29
2 3 11
22 1 14
4 6 6
14 18 28
1 5 10
3 7 4
0 2 8
21 0 2
12 14 25
22 23 8
21 0 1
20 0 27
7 10 16
16 16 17
19 22 9
23 2 2
9 10 25
3 4 28
5 8 3
23 0 29
21 23 9
13 15 17
7 10 21
21 21 16
17 18 20
1 3 1
9 12 6
7 9 28
18 20 22
20 21 26
4 6 11
8 11 26
18 18 30
9 9 28
20 21 7
6 9 20
17 20 11
22 23 29
17 20 7
11 12 12
2 4 17
14 15 2
8 10 24
8 10 27
21 23 21
0 2 28
2 3 9
9 11 19
14 15 13
10 11 30
16 18 24
23 0 2
3 7 9
20 0 29
17 19 23
16 17 30
19 20 17
12 12 10
11 14 30
9 9 20
5 7 24
17 18 1
14 16 2
11 14 19
13 14 14
8 10 7
2 4 4
3 6 8
10 11 18
19 21 29
22 23 23
22 0 25
19 21 27
22 1 17
21 23 21
2 4 15
13 14 21
16 17 12
18 20 18
0 3 26
15 17 24
22 23 29
21 23 15
16 21 24
9 12 2
5 6 22
3 4 5
11 15 6
9 12 12
7 9 21
9 12 27
13 14 14
16 18 27
16 19 24
18 22 7
5 8 3
5 8 25
8 11 16
2 5 1
10 11 2
20 21 18
23 0 10
3 5 18
3 5 19
21 23 24
7 8 25
3 6 16
5 8 22
19 22 23
10 13 24
23 2 22
23 2 24
0 1 21
14 17 6
8 9 7
3 5 21
0 1 25
11 13 5
20 21 9
2 4 18
15 18 23
17 19 5
5 7 17
17 18 27
22 1 2
11 13 24
10 13 22
17 19 15
0 2 27
12 14 13
1 3 11
19 21 1
21 23 4
14 16 13
12 13 18
6 8 13
20 23 28
12 14 29
18 19 22
7 8 16
14 15 1
20 22 24
7 8 11
5 7 3
9 11 2
21 23 20
8 9 9
4 5 12
0 1 7
12 15 2
9 14 20
2 5 17
11 13 18
9 12 16
21 22 7
10 12 8
14 15 14
22 23 8
14 15 18
15 18 9
15 16 12
11 15 13
1 1 12
23 2 22
3 4 14
13 13 30
12 14 7
13 15 29
4 6 9
16 17 19
22 23 11
14 15 9
6 6 10
7 9 12
6 8 2
6 8 21
18 20 20
2 3 25
2 4 19
13 15 26
22 1 30
13 15 13
21 22 25
3 6 12
13 14 9
3 5 6
14 16 2
6 10 22
7 9 1
23 0 3
17 20 18
22 0 3
0 2 27
0 3 7
1 3 9
16 17 6
22 23 13
8 10 25
7 10 28
7 9 16
13 16 13
9 10 2
10 13 6
11 14 8
10 13 20
0 3 2
16 18 29
11 14 2
11 12 27
11 14 9
10 11 8
17 18 30
23 2 13
21 22 6
15 17 9
8 9 16
14 16 5
4 9 14
14 16 29
20 21 26
14 15 30
9 11 13
2 3 17
5 8 12
15 19 30
14 16 29
3 3 23
5 7 16
20 22 20
7 8 24
8 11 22
14 17 9
0 2 16
4 7 24
12 12 9
12 14 1
16 19 5
3 7 7
5 7 28
18 19 14
8 10 30
23 1 6
18 21 23
14 17 7
11 13 12
1 3 29
13 17 29
15 16 24
23 2 20
17 20 8
1 2 4
9 9 11
0 2 16
7 10 1
19 21 17
3 5 27
14 15 18
19 21 5
6 8 1
23 23 12
1 3 10
19 21 16
2 6 6
9 11 17
5 6 8
11 12 21
20 22 30
21 22 18
0 1 5
10 11 14
3 5 20
7 10 9
6 8 12
22 0 14
23 1 10
18 20 5
23 2 11
1 2 14
17 19 23
6 8 21
7 7 1
14 17 9
14 15 11
17 19 27
2 5 28
20 21 26
22 1 25
6 9 25
17 20 8
1 3 20
6 9 4
10 10 4
21 23 29
0 2 13
6 7 18
20 21 5
1 3 8
15 16 26
8 9 8
23 1 11
9 11 21
20 23 3
19 21 7
4 5 22
23 1 22
18 18 14
23 1 29
11 16 29
5 8 9
15 18 24
5 8 24
4 7 26
1 2 27
5 6 14
13 13 30
11 12 20
8 10 22
19 22 12
8 12 28
13 13 2
17 15 7
8 9 13
10 11 7
22 1 14
13 15 6
17 18 7
17 16 16
22 22 24
14 15 1
15 17 14
2 3 11
15 19 29
11 11 4
1 4 12
10 12 5
14 17 10
16 16 21
17 19 18
20 22 1
8 11 24
10 13 22
17 17 1
3 5 17
12 14 9
17 21 6
8 11 22
20 22 26
21 0 17
12 15 22
15 16 26
20 21 13
0 2 8
16 19 23
3 5 14
11 12 7
2 4 23
2 4 11
10 12 17
18 20 26
20 22 11
8 7 30
20 19 5
13 14 2
20 23 10
21 23 16
11 13 14
10 12 15
2 4 14
15 17 17
15 18 13
3 4 6
13 16 30
11 13 28
9 12 13
12 14 13
2 3 13
15 16 3
15 17 17
12 13 26
1 3 13
23 0 8
19 22 16
2 5 5
1 3 26
23 2 16
17 20 29
16 17 22
14 16 7
9 11 13
16 17 14
11 14 23
19 22 7
6 5 1
22 0 23
11 15 1
20 22 26
0 2 8
17 18 27
17 21 2
3 5 7
18 20 17
22 0 23
4 5 19
18 19 7
15 18 7
11 13 6
14 17 24
16 18 22
13 15 5
20 21 5
0 0 11
18 22 12
0 1 30
3 5 28
18 20 12
14 17 9
3 5 21
7 10 1
20 0 14
14 19 13
7 10 9
18 20 30
23 0 15
6 6 19
10 12 26
20 22 30
9 10 25
23 1 27
23 23 12
10 13 19
14 15 25
2 4 20
17 16 16
2 5 28
23 1 29
8 11 7
5 8 3
6 7 22
9 12 28
9 11 8
5 8 10
4 6 27
4 5 30
15 17 20
17 20 7
17 19 21
18 21 27
17 18 3
20 20 16
8 10 30
12 15 2
4 5 12
15 15 22
13 17 29
2 4 24
1 3 22
15 17 28
23 23 3
0 2 20
10 14 21
11 12 14
23 0 25
14 15 4
16 16 25
9 12 12
4 6 9
23 1 14
23 1 7
19 21 15
20 22 8
23 3 27
12 14 6
4 6 7
7 9 25
17 19 11
21 23 26
5 5 1
17 20 17
10 12 14
11 14 13
3 8 2
22 1 24
0 3 23
21 23 3
9 10 2
7 6 20
11 14 27
10 11 3
23 23 27
16 19 21
4 5 3
10 13 22
2 3 11
1 3 23
21 23 17
9 9 24
20 22 17
18 19 26
20 22 26
13 14 7
15 15 16
3 4 24
15 15 18
13 14 23
11 14 7
7 10 27
9 10 8
1 4 12
20 20 7
13 15 17
7 9 26
11 14 19
19 22 7
16 17 6
5 8 3
8 10 5
20 23 19
18 21 27
15 19 15
16 19 4
11 12 28
10 12 27
4 4 7
16 19 10
1 2 7
7 9 11
7 10 2
6 8 26
22 0 17
23 0 26
22 23 13
4 5 16
16 18 10
8 10 22
22 2 18
8 11 13
5 6 19
6 7 22
12 14 5
9 10 21
23 1 23
0 2 23
20 23 25
15 16 3
15 18 13
16 18 29
22 1 2
13 15 27
14 16 20
23 2 9
4 5 2
21 22 7
0 4 14
21 23 26
4 6 2
18 20 28
9 12 26
0 1 9
17 17 22
17 18 30
12 16 26
