7360 30
10 14 21 5 23 16 24 23 5 18 21 13 20 10 26 1 25 14 12 26 22 24 9 26 30 5 22 25 19 27 
7 9 1
4 8 26
9 12 25
1 1 30
13 15 10
4 5 29
14 16 9
8 10 13
1 2 19
18 21 9
23 1 13
23 22 5
12 14 30
0 2 11
1 3 30
4 6 29
4 7 4
10 11 22
2 4 19
10 12 4
8 10 27
4 6 19
11 14 28
16 17 17
18 17 27
0 2 26
1 3 24
21 0 7
6 7 4
23 1 19
21 1 28
6 9 8
6 9 8
5 6 6
18 20 20
12 13 5
10 12 26
9 10 8
13 16 5
3 6 27
21 23 1
11 13 9
14 16 22
23 0 18
18 19 9
2 3 5
22 23 23
6 8 25
10 12 17
9 10 25
4 5 9
7 10 6
14 17 3
22 0 4
7 9 6
11 13 5
12 14 11
22 0 22
0 1 30
0 0 20
17 19 27
10 11 14
19 22 16
1 1 21
14 14 15
2 3 22
21 22 22
1 3 25
8 8 6
8 10 10
13 15 22
2 4 1
13 15 21
2 4 3
1 4 16
16 17 19
17 19 15
15 16 13
3 5 22
11 12 5
16 18 3
12 15 27
13 15 17
18 20 8
17 20 2
20 21 10
16 18 3
10 11 26
10 13 21
17 19 11
17 17 25
13 15 27
23 0 21
19 21 24
1 3 21
3 6 20
18 22 6
7 9 25
16 17 25
17 18 18
8 10 21
12 16 11
11 13 19
7 8 18
2 3 5
10 12 3
10 12 25
7 11 30
17 20 24
1 2 21
0 1 2
12 13 12
12 13 29
15 16 12
1 2 27
2 4 26
9 11 18
4 6 8
3 5 24
5 9 19
9 12 19
2 3 18
10 11 19
13 14 26
10 14 18
21 23 11
18 20 14
19 22 29
3 5 29
10 11 27
13 15 6
7 9 11
22 23 3
10 12 15
9 11 29
3 4 30
11 14 25
19 21 23
4 7 26
9 9 2
13 13 22
14 16 13
8 10 7
9 12 28
3 6 26
14 15 28
8 10 29
11 14 8
18 21 4
8 10 6
23 1 14
6 9 8
11 14 21
3 5 29
3 4 19
15 17 16
23 0 16
12 15 17
9 10 13
9 13 20
20 21 16
21 0 26
10 13 22
15 19 11
16 19 28
22 1 23
22 0 5
6 9 26
17 18 1
23 2 1
12 15 22
1 5 13
11 13 19
9 9 25
17 20 13
12 14 15
23 3 17
15 18 13
13 16 17
9 11 28
8 9 15
1 2 27
14 15 2
13 16 16
3 4 30
2 3 3
2 4 25
10 11 26
21 0 18
6 7 1
16 16 15
6 7 17
4 6 28
19 20 12
5 8 21
8 9 1
2 5 27
1 3 26
3 5 19
9 11 29
20 22 1
21 0 28
9 9 24
23 1 10
8 8 8
21 23 24
0 2 5
5 8 5
10 12 16
14 16 9
13 16 4
23 1 26
16 18 16
3 2 29
0 3 26
16 20 6
9 11 15
10 14 29
14 16 29
23 1 22
18 19 9
20 22 19
11 13 21
6 7 13
7 8 26
0 1 16
10 11 27
19 22 16
3 4 12
11 12 6
5 9 14
20 22 20
0 2 10
0 4 9
8 10 30
20 22 18
23 23 18
9 10 24
9 11 12
19 21 20
5 8 7
15 17 6
14 16 10
11 13 30
19 21 10
21 22 24
17 17 14
4 6 2
13 14 12
3 6 15
9 12 23
21 0 17
1 4 17
11 13 21
15 17 18
21 1 16
7 7 8
17 19 25
13 16 20
15 18 25
11 12 17
14 17 14
2 3 15
19 21 30
2 4 14
0 0 15
16 17 14
18 20 16
6 7 6
10 13 5
22 0 28
23 2 17
2 5 11
1 3 25
7 8 17
4 8 4
17 20 16
13 15 20
1 3 15
23 2 11
22 23 23
14 16 3
14 16 22
7 8 24
12 13 10
11 15 30
15 17 11
7 8 29
5 8 7
20 22 6
23 0 25
22 22 6
3 4 25
16 18 29
5 5 1
11 12 25
0 0 28
19 22 14
9 12 23
20 22 14
4 7 16
19 22 13
5 7 23
16 19 1
11 12 11
1 2 13
15 16 11
15 18 24
22 22 20
14 16 23
8 11 7
19 21 30
16 18 6
19 21 7
6 9 21
18 19 18
13 16 13
22 0 16
2 6 30
5 7 1
17 19 27
1 2 15
17 20 24
19 22 26
5 8 6
9 11 25
16 17 30
16 18 24
19 21 18
14 17 30
14 18 19
20 23 18
7 7 7
17 17 20
9 9 2
16 19 30
14 15 5
13 14 22
4 5 1
1 3 13
11 13 30
4 6 12
11 14 3
23 2 12
19 21 16
19 21 13
17 19 8
23 0 7
7 9 16
1 4 1
12 12 3
4 5 6
7 10 1
14 15 8
23 3 27
22 0 3
2 2 26
18 21 24
16 18 20
5 6 18
14 15 27
6 7 5
7 10 4
8 10 15
12 15 19
22 0 19
22 1 19
6 9 20
19 19 22
18 19 19
19 22 18
13 16 30
22 23 29
4 6 19
13 16 6
14 18 3
14 15 29
15 17 14
14 17 25
21 0 23
2 4 23
20 23 23
8 9 11
22 0 7
22 0 22
19 21 5
18 22 4
23 1 18
14 17 24
0 4 3
5 9 20
4 5 18
1 3 23
22 1 5
18 20 4
9 11 5
11 14 24
20 0 13
15 16 11
8 11 10
0 3 3
21 23 7
9 11 16
3 6 2
19 21 11
12 13 19
13 14 16
12 13 30
4 5 7
14 16 24
3 6 29
1 3 27
14 16 22
10 13 8
13 17 16
23 23 28
0 0 28
4 7 3
11 14 17
16 16 8
9 11 9
8 9 22
2 4 2
7 13 16
18 18 20
17 21 26
14 16 8
9 11 2
3 5 24
4 7 15
1 4 20
1 4 29
3 6 12
13 15 1
11 13 16
12 13 12
10 12 7
14 17 19
9 9 6
21 22 16
13 15 25
19 20 1
11 13 20
8 10 12
3 4 30
15 18 17
13 14 7
8 11 4
19 20 28
22 3 5
23 2 26
21 1 4
1 3 12
23 1 8
12 12 25
17 20 10
4 6 1
23 2 15
3 6 22
14 16 11
5 10 21
15 18 22
14 15 19
21 23 13
17 20 8
6 8 4
2 4 20
23 0 24
21 23 8
8 11 27
15 17 17
4 7 29
22 23 19
17 21 15
11 14 30
14 17 1
23 1 24
1 3 16
11 13 25
4 7 28
3 5 28
4 6 27
4 7 8
19 21 24
6 11 19
2 5 19
1 3 25
9 11 30
20 21 30
2 4 24
20 22 18
11 13 6
19 21 23
22 1 15
4 6 4
19 21 5
10 11 17
1 3 9
23 2 8
9 12 30
8 9 1
5 7 28
6 8 9
12 13 8
7 12 24
11 12 20
6 8 25
8 11 10
1 2 19
5 7 1
1 3 23
16 19 5
17 18 27
10 13 9
14 16 13
3 6 15
11 13 28
6 8 29
1 2 15
20 22 1
17 20 6
2 3 13
9 12 8
17 20 8
17 19 10
5 9 1
6 8 30
4 6 1
2 4 8
7 9 9
6 7 27
1 3 28
13 16 8
7 9 13
16 20 27
1 1 15
0 2 10
2 4 13
23 2 3
9 11 17
7 9 25
1 4 7
14 16 17
5 5 26
17 19 24
3 6 1
6 9 9
21 22 10
12 13 3
4 6 29
6 8 10
6 8 30
15 17 13
15 19 4
5 6 2
9 12 8
12 13 10
9 10 4
21 23 22
0 2 19
0 2 6
22 0 6
8 11 29
22 1 18
17 19 9
8 11 28
21 23 30
2 4 5
18 19 18
11 13 29
14 15 24
14 16 24
3 5 11
5 6 9
5 6 10
12 13 15
21 22 27
21 22 26
19 22 30
9 10 14
12 14 4
17 20 18
5 7 19
10 11 5
15 18 3
12 15 15
3 5 4
6 8 9
4 6 16
21 2 9
19 22 6
14 17 2
15 16 5
23 2 20
15 18 2
1 3 29
9 11 15
9 10 27
19 21 1
8 10 27
13 15 5
8 9 7
4 7 30
13 15 18
23 3 29
3 3 11
15 16 26
7 10 14
1 4 27
5 7 19
10 13 22
1 5 18
12 16 2
22 2 18
21 0 3
15 18 26
9 11 13
23 23 26
17 19 1
4 6 4
10 12 14
2 3 20
5 8 19
23 2 18
9 11 8
2 6 4
9 11 18
2 3 30
2 4 23
8 10 29
5 6 3
19 21 17
17 22 18
4 5 26
19 19 17
3 4 10
16 18 29
10 12 27
15 18 1
20 22 19
14 13 15
10 13 29
1 2 20
5 7 5
14 17 29
0 2 18
1 3 17
20 22 28
19 22 1
22 0 25
13 14 6
21 23 11
3 5 2
20 21 22
22 22 27
18 19 10
5 7 18
2 6 6
15 16 23
12 14 6
20 21 23
22 23 12
19 21 23
0 3 2
14 16 29
10 11 24
3 5 3
13 13 18
3 6 10
2 5 7
7 7 7
1 2 15
5 6 4
20 23 25
23 0 16
22 0 7
10 11 13
17 20 4
14 16 6
2 6 9
22 23 4
20 22 6
4 6 26
11 13 11
23 23 10
5 7 3
6 7 30
12 13 18
4 7 10
3 6 3
14 16 6
11 14 17
4 7 5
11 11 9
22 0 5
6 10 6
0 4 23
20 22 28
5 7 13
16 18 10
6 7 26
23 1 28
13 16 2
17 20 11
1 2 25
4 8 2
3 6 23
20 21 2
5 8 14
3 6 13
6 7 28
13 15 1
18 19 10
19 22 15
7 9 17
11 13 29
5 7 4
17 19 14
19 22 28
1 3 25
23 2 29
4 7 23
19 20 20
15 17 12
21 0 24
19 21 13
19 22 21
5 7 3
9 9 4
7 10 27
5 7 17
21 23 3
11 13 3
22 0 1
16 18 17
9 10 27
12 13 28
17 17 7
14 17 25
6 8 2
21 22 21
6 8 19
17 18 6
20 22 8
5 7 3
8 10 15
7 9 17
15 18 7
21 23 14
7 9 27
20 21 10
18 19 29
23 1 27
20 21 22
10 12 7
7 11 22
12 12 19
11 13 9
22 23 14
7 10 3
11 15 7
4 5 1
21 23 6
3 7 11
3 6 27
9 12 8
22 22 26
8 11 12
5 6 23
22 23 15
4 7 8
21 22 25
13 14 8
16 19 11
5 7 3
8 10 15
17 19 16
21 0 21
6 6 14
6 8 24
19 21 21
13 15 26
4 5 21
18 21 8
19 22 1
19 22 15
23 0 16
2 2 16
18 21 17
13 15 23
8 10 1
4 6 5
3 5 28
9 10 3
0 1 8
5 7 15
11 14 12
8 11 19
22 23 6
22 0 20
11 14 9
0 0 22
4 7 18
17 19 10
14 18 1
15 17 2
3 5 26
1 4 6
20 19 2
9 10 7
11 11 1
12 17 29
13 16 11
11 13 5
5 7 30
16 18 6
23 1 22
1 2 14
18 19 17
1 2 10
14 16 5
2 3 9
22 22 22
6 7 11
3 5 28
20 21 26
16 18 26
16 18 13
6 8 7
15 17 24
13 16 17
16 18 2
20 22 24
3 5 25
10 12 1
10 12 24
11 10 27
5 5 26
7 11 29
10 11 7
13 16 14
17 20 10
1 3 26
13 17 6
9 11 30
16 20 28
16 17 3
18 20 19
0 2 5
12 13 1
9 11 20
23 1 17
20 23 22
16 16 17
10 12 15
14 15 17
0 3 9
9 11 23
0 2 22
20 21 12
13 13 13
7 9 10
1 4 23
8 11 7
20 23 13
1 2 29
4 6 27
17 21 20
6 8 17
13 16 28
21 0 21
13 15 19
8 10 27
6 6 8
10 11 9
1 4 26
15 17 3
19 21 19
6 9 15
20 21 20
0 2 27
1 3 18
18 21 25
12 16 7
11 13 12
9 13 30
17 19 1
6 10 8
14 18 22
1 4 16
4 7 16
18 22 13
18 19 23
5 5 26
2 2 2
3 5 10
3 6 26
5 5 20
13 14 30
3 5 6
17 18 30
21 23 18
13 14 25
1 2 4
21 23 15
3 6 26
3 5 7
19 21 19
23 0 29
0 3 28
4 7 30
6 8 16
18 21 25
21 22 28
12 15 21
7 11 4
13 14 11
11 13 15
1 1 21
7 8 16
8 9 22
15 17 21
7 8 14
8 8 18
1 3 25
4 7 13
9 10 22
7 10 5
2 5 9
5 7 8
9 11 21
20 21 14
10 11 19
3 4 21
7 10 3
11 11 4
4 6 24
12 13 27
3 6 26
6 8 29
1 3 1
14 15 26
13 14 30
12 11 22
12 14 4
23 1 10
22 23 14
1 3 13
22 23 27
8 10 30
23 1 30
13 15 20
1 4 15
12 15 11
18 22 20
21 23 22
4 5 20
11 14 18
14 16 24
9 9 18
9 12 30
8 10 8
4 6 19
5 7 4
4 6 14
4 5 20
2 5 9
19 21 3
12 16 16
5 8 4
14 17 15
23 2 4
2 3 9
10 12 27
6 8 1
10 11 8
10 10 17
19 22 27
7 9 27
6 9 16
3 5 7
17 20 10
2 3 7
16 18 13
6 7 25
2 5 9
6 8 1
7 8 28
22 0 20
13 16 17
13 17 22
15 17 21
2 6 27
22 1 9
23 0 24
17 20 23
16 19 28
7 9 3
1 2 28
9 13 21
21 0 26
0 1 26
3 5 11
2 5 30
16 17 25
2 4 6
13 14 12
12 14 16
4 7 19
10 11 6
4 5 1
23 1 5
11 11 15
20 23 26
2 1 26
15 18 26
12 12 1
17 19 30
18 21 20
8 10 26
7 7 4
19 21 17
7 10 26
13 16 7
21 22 27
23 0 26
14 18 16
5 7 28
6 8 29
3 3 17
9 13 2
21 23 21
15 17 21
3 3 7
19 21 11
10 13 17
14 16 24
6 6 11
10 11 18
16 17 13
17 19 8
16 18 28
12 14 11
3 5 16
21 23 23
22 0 20
13 16 3
2 5 13
4 7 26
10 11 5
12 13 19
11 13 28
16 19 5
0 1 1
14 17 24
16 17 29
1 4 10
2 3 16
14 15 16
11 13 1
17 19 9
2 3 30
6 9 27
14 17 27
18 20 12
18 22 16
18 19 17
10 12 25
23 1 21
14 16 23
20 21 24
14 15 7
14 17 28
15 16 21
18 21 29
6 7 27
6 8 15
21 0 2
4 6 7
9 10 28
11 15 1
1 2 18
10 12 7
5 8 14
7 7 21
17 18 30
12 11 6
12 15 1
2 4 3
17 18 27
6 7 6
19 23 17
13 16 4
11 13 5
8 10 13
11 13 18
14 17 25
22 0 24
20 21 18
23 1 19
22 0 4
10 13 14
5 7 12
0 3 18
3 5 17
15 18 24
16 18 15
21 22 28
5 7 24
14 18 10
21 22 27
8 10 3
2 5 8
15 17 15
22 2 20
16 18 25
15 16 14
6 8 25
16 17 22
11 11 2
4 7 15
15 17 17
4 8 29
7 10 10
12 15 24
20 22 7
6 10 17
19 21 19
4 8 27
19 20 12
20 22 19
22 0 6
7 9 25
10 11 28
9 10 24
18 19 8
16 16 10
14 16 23
7 10 13
22 0 3
21 23 12
2 5 20
8 10 29
13 16 13
12 14 27
14 16 17
5 7 7
8 10 26
22 1 11
7 8 20
10 15 6
5 6 23
14 14 12
2 4 16
4 7 23
17 18 29
14 16 7
11 12 8
19 21 30
15 17 26
7 9 14
1 3 22
8 10 18
13 14 4
9 12 3
13 16 9
17 21 20
22 1 10
13 14 7
21 23 30
18 23 25
13 14 3
17 18 9
4 4 15
22 23 18
20 22 9
10 11 28
12 15 20
1 3 13
19 22 20
12 13 19
1 3 3
3 5 21
21 23 3
6 5 3
18 20 18
0 3 14
14 17 5
14 16 18
10 12 5
3 6 28
11 14 13
0 3 22
6 10 29
21 22 6
10 11 30
12 13 13
1 4 15
2 5 3
11 15 26
15 15 5
12 12 3
4 6 23
6 8 25
21 23 8
19 21 1
23 1 14
13 14 25
21 0 5
11 12 5
12 14 8
17 19 9
11 13 17
3 5 22
23 1 24
18 21 2
13 15 9
12 13 24
14 16 8
0 3 8
16 19 6
22 0 16
10 13 14
20 0 9
10 12 9
23 1 17
2 4 4
0 2 12
5 7 10
9 11 10
21 23 9
2 5 2
7 10 14
19 21 1
18 19 6
1 2 9
22 1 26
19 20 10
23 1 19
8 9 10
7 10 22
7 9 30
7 7 20
6 8 11
13 16 25
3 4 20
9 9 12
19 19 21
18 20 21
5 7 27
23 2 7
6 8 9
13 17 12
16 19 3
3 6 17
1 4 18
7 7 12
11 13 5
23 0 22
6 8 18
20 21 29
14 15 3
4 4 18
10 12 10
3 4 18
19 21 4
16 19 21
16 17 20
15 16 4
6 8 14
15 17 11
3 6 17
16 19 18
17 18 24
17 18 27
21 21 8
11 11 5
10 12 12
0 4 26
22 0 11
8 9 3
21 1 16
22 0 22
17 20 22
22 23 12
20 21 18
15 16 5
17 18 28
15 18 5
1 4 21
10 12 16
4 8 13
21 0 19
7 11 17
13 14 7
9 10 13
12 14 8
3 6 20
3 6 13
16 18 11
23 2 20
17 18 17
10 13 1
15 18 14
22 2 4
1 2 22
9 12 15
15 16 2
7 10 12
11 13 2
2 4 16
18 20 20
20 22 29
2 4 20
9 11 15
3 4 22
11 11 5
3 4 23
13 14 23
10 13 17
1 3 2
1 4 27
5 6 9
20 22 27
7 9 2
16 15 10
9 10 29
20 21 27
18 19 3
14 15 21
22 0 12
21 22 15
6 8 20
23 3 11
1 4 30
2 5 13
18 20 28
20 21 29
4 6 3
11 12 30
14 15 14
16 20 15
22 0 11
15 16 1
18 20 30
3 5 23
9 10 23
7 10 16
21 23 11
23 1 2
21 22 29
0 2 25
8 11 23
20 23 27
19 21 30
5 7 29
3 5 1
1 3 22
11 13 10
23 2 4
19 22 20
0 2 8
22 2 7
11 12 15
8 8 28
13 14 25
0 2 14
9 11 20
23 0 3
14 16 3
9 11 6
12 14 26
21 0 29
4 7 8
21 22 8
0 -1 11
17 19 22
15 18 2
5 6 28
9 11 1
16 19 22
22 22 19
12 15 9
1 1 8
15 18 13
5 4 14
3 6 15
2 4 19
1 3 26
7 7 27
13 14 26
21 0 13
18 20 7
3 4 16
13 15 29
21 22 2
22 2 2
1 3 4
9 13 17
19 21 10
1 2 27
16 18 28
17 19 11
6 8 18
14 16 12
13 14 20
5 6 3
17 20 26
10 14 27
7 10 1
23 2 6
1 3 10
12 15 6
3 4 30
16 19 15
9 11 11
2 4 14
22 23 9
22 2 1
7 10 6
22 0 1
3 6 26
17 19 1
20 22 10
15 16 19
15 16 29
0 3 1
0 1 4
13 17 1
14 17 5
6 10 23
23 3 27
22 23 12
10 11 29
8 9 12
17 18 13
4 6 20
22 21 17
7 8 25
12 14 5
18 20 16
14 16 9
18 20 16
7 11 15
19 22 22
23 3 11
23 1 6
11 12 5
19 20 11
2 3 16
20 22 5
5 6 12
18 20 7
1 3 17
12 13 5
2 5 29
3 6 18
10 12 20
2 3 2
9 12 15
9 11 15
2 5 27
5 5 30
20 22 8
2 3 22
12 12 17
23 2 1
20 23 12
0 3 23
16 18 11
14 16 11
16 18 20
9 11 6
7 9 3
21 23 14
16 16 14
14 15 3
21 0 3
13 15 28
16 18 4
15 17 17
2 5 26
1 3 10
15 17 10
11 12 16
22 23 29
16 19 11
8 10 8
21 21 29
16 18 12
14 15 24
19 21 17
11 14 5
13 15 12
16 18 7
4 6 15
20 22 26
15 17 19
8 10 11
17 19 27
10 12 25
16 18 26
19 21 13
6 8 15
20 23 20
3 5 24
14 16 14
16 19 12
12 14 7
13 15 21
4 8 14
10 11 20
17 17 22
23 3 23
7 9 9
6 9 3
7 10 18
2 4 18
15 17 30
16 18 19
2 5 29
12 13 26
2 2 22
9 10 13
6 8 4
12 15 9
7 10 29
18 20 29
16 18 6
5 7 14
22 23 10
19 21 17
5 7 23
3 4 3
16 17 4
9 12 9
19 22 21
4 7 13
18 19 11
20 21 8
2 4 13
13 13 16
6 7 22
1 5 11
1 2 7
20 21 23
19 21 27
21 1 24
5 7 10
17 17 9
9 11 28
9 10 26
14 18 6
9 12 9
21 20 5
9 11 12
19 20 24
21 2 30
22 22 15
2 4 14
7 9 2
6 8 29
12 13 19
12 14 25
10 13 21
21 23 12
17 18 15
0 3 11
16 19 26
6 6 17
10 12 14
2 6 13
17 20 8
6 8 15
3 5 26
5 8 7
11 15 19
8 10 17
16 17 29
6 9 5
17 18 1
19 21 5
21 20 1
20 22 29
7 11 4
16 18 26
4 5 23
12 15 1
16 18 11
19 21 18
3 5 14
21 23 22
16 18 28
4 6 19
6 8 26
10 13 17
8 10 6
19 21 13
0 4 7
10 10 9
0 1 1
20 23 17
22 22 14
11 13 20
14 15 18
23 2 28
22 1 25
8 12 5
11 12 25
12 14 28
19 21 9
3 5 4
5 4 5
10 12 25
23 0 28
10 12 24
19 21 13
3 5 10
2 4 3
0 2 2
20 1 1
19 22 5
3 5 30
11 12 9
1 2 22
12 14 23
12 14 5
16 18 24
1 4 29
5 7 19
2 3 13
13 14 4
15 18 28
15 18 30
13 16 1
13 15 20
9 11 28
4 5 13
14 16 10
22 3 14
22 0 20
19 22 26
2 4 6
12 13 17
14 16 30
14 17 17
15 16 19
1 3 27
16 18 3
12 13 23
5 8 10
11 12 14
9 12 22
20 21 19
16 17 8
9 11 4
20 20 5
11 13 20
21 21 17
6 8 6
18 21 23
3 6 22
12 15 8
3 5 14
1 4 4
4 4 19
10 12 27
22 1 19
19 20 28
15 16 3
22 1 30
18 20 8
20 23 30
3 5 1
12 15 23
8 10 17
22 23 6
2 5 26
5 6 7
0 2 23
17 19 1
2 4 26
3 6 12
19 21 11
22 0 23
16 19 16
2 5 8
7 10 23
20 21 2
23 1 24
19 22 30
17 17 1
13 15 17
5 6 25
20 22 27
16 18 14
14 15 19
16 18 4
8 10 5
20 19 6
11 12 8
0 2 30
12 13 27
15 18 4
11 12 2
16 17 3
17 18 23
21 0 30
8 10 19
13 15 16
10 13 6
1 1 14
12 14 23
15 19 14
4 6 1
14 16 25
15 19 14
5 4 21
10 11 21
10 12 17
18 17 12
11 13 10
12 15 25
11 13 2
1 3 28
9 9 14
21 22 12
13 14 19
0 2 18
8 11 19
13 15 29
12 13 29
15 18 13
5 8 17
9 10 23
19 22 30
6 7 30
12 13 15
18 18 30
4 7 25
13 15 29
22 0 30
5 7 13
5 6 11
6 9 16
4 6 22
1 4 22
3 3 1
12 14 19
3 5 30
15 17 3
10 12 4
14 14 7
7 10 5
14 16 8
6 8 22
1 2 12
8 11 27
6 7 23
1 2 7
5 8 8
11 14 30
21 23 9
3 3 9
15 19 15
9 12 5
17 18 17
5 8 29
19 20 10
20 21 9
12 15 5
23 2 28
15 18 1
11 14 10
16 18 28
1 4 6
3 5 20
23 0 8
17 19 19
8 9 10
6 8 18
12 16 7
13 15 3
5 6 16
6 9 24
13 14 7
14 18 14
5 5 3
13 16 5
22 0 15
10 10 15
6 9 17
13 16 9
15 16 1
22 0 28
1 2 26
7 8 9
15 17 27
11 12 9
9 10 9
15 17 19
5 7 2
15 18 9
10 12 28
14 17 20
3 5 7
6 8 5
23 3 10
16 17 23
8 11 19
7 10 27
11 13 23
22 23 5
3 5 13
19 23 25
1 3 4
8 12 22
18 21 19
21 22 23
8 10 19
8 9 15
23 1 6
23 1 15
22 21 28
5 8 26
21 23 4
5 7 25
6 7 24
3 5 23
8 10 19
20 22 16
18 19 22
12 14 17
18 20 17
6 8 28
9 10 16
1 1 28
10 12 8
17 19 24
3 4 27
17 19 17
17 17 20
2 4 10
9 12 14
10 10 28
15 17 15
18 19 12
2 5 18
20 22 3
13 15 20
4 7 3
22 2 7
7 9 25
6 9 19
23 0 17
7 8 27
2 4 13
23 2 14
15 18 11
22 1 25
10 13 5
20 21 25
2 4 26
18 20 20
5 7 25
22 1 14
9 13 4
10 13 3
16 19 10
0 2 18
4 6 5
20 20 3
19 22 27
8 9 6
16 19 25
15 16 16
13 15 16
22 23 14
3 4 2
22 2 20
12 14 30
10 10 28
12 15 2
1 4 3
3 4 7
10 11 4
19 22 16
15 18 5
19 19 21
0 0 28
1 2 27
5 5 29
15 14 16
17 18 28
3 5 7
9 11 8
18 19 20
0 1 26
19 22 11
9 10 26
0 3 26
8 9 24
14 17 22
3 6 11
17 20 20
7 9 9
7 9 22
8 9 6
1 3 30
11 14 21
17 20 16
2 3 19
8 11 28
6 8 1
22 0 24
23 1 6
20 22 29
4 5 15
7 9 14
0 0 14
9 11 17
6 8 1
17 18 25
10 11 30
8 11 18
12 15 22
18 20 23
2 3 10
6 8 27
20 22 21
7 9 13
23 23 10
19 20 27
8 11 13
12 15 13
16 18 1
14 17 9
4 5 24
6 8 20
9 11 18
7 8 11
9 11 18
5 7 21
10 11 13
5 8 18
8 11 23
13 15 7
7 9 2
6 7 14
10 12 9
0 2 1
6 9 8
16 18 23
6 10 4
4 5 28
5 7 26
6 7 19
3 5 11
10 13 17
12 15 9
5 8 20
8 11 7
22 0 1
12 14 9
16 18 1
20 22 30
14 16 22
6 9 29
23 1 18
16 16 5
4 5 3
15 17 18
18 19 5
21 23 15
23 23 4
12 14 27
7 8 28
10 13 20
18 21 21
18 20 26
2 3 17
21 22 14
2 3 13
23 0 17
5 6 27
6 8 24
14 15 24
4 5 9
22 1 5
13 14 23
7 8 9
22 23 20
3 5 9
9 11 27
18 18 27
19 20 27
11 13 8
23 1 26
20 22 23
8 9 15
3 4 27
1 4 19
6 7 18
11 14 26
15 15 19
21 21 19
3 6 4
13 14 13
21 22 11
19 20 14
18 20 4
18 18 13
20 21 27
11 13 21
16 18 14
10 11 15
5 7 12
10 10 12
20 23 13
14 16 26
13 16 10
13 15 25
0 3 23
19 23 29
19 23 13
14 16 19
12 15 18
22 1 19
12 13 12
0 2 18
6 10 28
16 20 16
21 0 23
12 14 9
12 14 10
10 12 14
20 22 12
19 21 5
11 13 4
8 12 29
12 14 28
11 14 6
6 7 29
20 22 15
5 7 4
11 12 23
4 6 17
17 21 24
16 19 11
15 17 15
8 11 14
10 12 15
5 7 23
22 1 7
8 10 23
21 23 30
5 6 12
19 19 7
23 2 15
20 22 27
8 11 2
8 10 7
18 20 1
5 8 24
3 6 4
8 11 24
0 1 27
6 7 18
18 20 22
14 16 6
2 4 17
14 16 3
5 7 26
5 10 10
14 16 19
1 4 19
8 11 18
15 17 14
3 3 7
12 14 13
4 7 28
22 0 3
20 22 29
21 23 13
2 5 1
13 15 13
12 15 14
4 4 19
14 16 26
4 5 12
15 16 13
0 2 17
12 14 29
21 23 22
18 19 10
1 1 19
4 7 7
3 6 19
4 5 25
10 12 7
3 5 10
21 1 6
9 13 2
16 17 3
1 3 22
19 22 28
10 12 15
7 9 13
12 14 13
14 15 3
18 19 4
18 20 30
18 19 5
21 0 7
10 13 18
9 11 8
15 16 2
9 10 26
14 15 30
22 0 18
7 10 21
3 4 21
21 0 2
3 2 4
14 15 12
14 15 21
6 9 9
4 5 8
6 7 19
9 13 24
23 1 20
6 8 29
3 6 28
9 10 12
2 4 8
4 6 11
14 16 3
11 13 9
15 17 1
2 4 22
2 4 22
8 9 24
21 23 7
16 20 11
21 23 18
23 1 9
0 2 16
12 15 6
11 14 4
19 20 9
19 21 6
22 23 23
17 20 1
0 2 3
3 5 30
7 9 18
20 21 1
13 15 14
3 4 29
23 1 8
19 20 28
14 16 26
22 0 4
19 20 29
0 2 17
12 15 15
6 9 15
20 23 26
6 8 23
8 13 23
11 14 24
10 13 23
12 14 15
2 5 30
20 23 14
4 6 13
0 3 21
18 19 20
7 8 10
16 15 23
13 16 16
12 16 26
9 11 1
23 1 22
6 9 20
1 2 19
3 4 24
22 1 16
19 23 18
3 5 23
23 2 16
21 23 21
19 20 11
13 17 7
11 13 25
11 12 2
7 10 12
3 6 1
0 1 18
19 21 18
19 22 23
4 7 25
18 21 13
18 20 18
8 10 4
6 7 8
14 15 26
19 21 14
12 12 1
17 20 21
1 1 20
11 13 10
12 14 2
23 2 6
9 11 29
1 2 22
8 11 13
1 3 20
19 22 17
2 4 20
4 5 29
17 19 2
22 1 22
1 3 25
23 0 24
17 19 23
23 1 7
16 18 11
10 13 10
7 9 30
2 4 6
20 22 19
8 10 15
13 15 8
1 4 22
18 21 24
2 4 24
22 23 20
5 6 9
1 3 10
0 1 22
12 15 29
19 21 1
10 12 17
13 14 20
1 4 26
9 11 29
14 15 19
23 3 8
19 21 1
22 0 17
17 18 26
23 1 29
20 23 10
6 9 18
3 4 22
21 23 30
4 7 27
0 2 21
9 10 25
22 1 12
20 20 19
22 22 10
18 20 12
13 16 8
5 6 4
3 4 20
13 13 22
5 8 3
2 5 17
0 1 21
14 16 27
18 21 9
1 2 3
12 14 24
1 1 2
15 17 24
3 5 17
9 13 11
13 13 25
5 7 2
21 23 8
19 20 28
6 7 22
6 9 21
14 15 17
1 3 21
10 11 13
22 1 19
0 1 1
9 12 24
13 14 20
19 22 21
16 17 5
11 13 2
14 16 4
20 23 29
16 16 17
7 10 27
17 20 17
7 9 4
22 1 30
18 21 4
2 2 10
21 23 6
0 4 30
23 1 19
11 14 28
14 16 11
20 20 29
3 5 26
1 2 6
19 20 6
0 -1 3
23 1 27
19 21 3
21 23 3
3 5 27
22 0 18
22 1 15
23 1 14
1 3 16
16 18 19
6 8 11
0 0 1
10 13 5
12 13 17
8 12 6
20 22 29
11 11 5
10 11 20
1 2 30
15 19 24
7 8 19
2 3 7
21 22 12
6 8 28
4 6 4
8 9 25
10 12 25
18 20 2
15 18 15
16 17 4
2 4 12
23 1 23
3 5 3
4 6 21
23 2 30
0 3 25
1 3 27
21 23 26
6 7 23
21 23 6
8 10 20
15 17 29
8 8 27
10 12 19
18 20 29
8 11 11
14 18 23
21 22 12
0 3 11
22 0 27
18 22 30
4 6 22
6 8 11
14 16 19
8 11 11
17 17 9
0 1 6
0 1 29
20 22 21
9 10 12
12 15 9
3 4 14
10 11 13
4 6 8
14 16 1
5 7 20
20 23 24
20 21 6
1 4 7
1 3 11
19 20 22
21 23 3
19 21 15
8 10 9
16 20 10
19 21 24
8 9 22
17 20 22
8 10 12
7 8 7
5 8 8
12 16 13
18 19 15
4 6 25
7 11 3
22 0 7
6 8 10
15 19 2
22 0 4
4 6 24
5 6 1
22 21 4
14 16 1
0 2 11
18 21 22
10 11 9
22 1 11
8 11 28
11 12 26
13 17 18
14 17 18
15 17 12
12 13 11
21 23 18
7 9 6
15 19 5
9 13 9
21 23 29
18 20 8
23 2 30
1 2 13
22 0 17
22 0 23
1 3 10
17 20 27
23 23 21
11 13 22
17 21 13
6 8 13
4 6 14
8 8 11
18 20 29
20 23 3
3 4 13
15 17 27
6 8 11
17 20 12
14 17 6
14 17 4
19 21 28
1 5 28
13 13 22
7 10 27
3 5 14
4 7 4
18 20 15
9 12 21
20 22 8
23 1 16
0 1 22
7 7 19
12 15 8
18 21 7
10 10 25
0 2 16
9 9 26
6 9 16
8 11 27
13 16 15
13 15 3
20 22 27
7 10 28
21 23 20
3 4 10
10 12 14
11 12 4
11 15 16
0 1 11
23 2 6
9 11 6
21 0 15
1 2 21
1 4 13
1 2 19
5 8 1
16 17 13
6 9 21
18 20 18
21 22 20
10 13 9
17 18 23
16 17 1
0 2 27
16 17 16
2 4 11
15 17 30
20 21 15
0 0 7
13 13 27
18 21 15
17 20 3
18 21 2
12 16 10
22 23 24
6 9 20
21 23 9
12 13 15
20 22 28
5 7 12
0 1 3
10 11 15
12 15 7
15 16 6
0 2 11
19 21 25
13 15 16
17 18 21
18 20 12
14 17 14
8 10 18
3 4 16
18 19 2
1 3 26
4 7 22
11 12 19
6 6 5
9 12 12
1 4 11
5 7 5
4 8 14
9 11 20
19 21 27
4 7 4
10 11 13
19 20 30
2 2 1
0 1 12
3 5 8
15 17 7
4 5 6
22 0 21
12 14 4
13 14 20
20 21 1
13 17 2
3 3 27
5 7 18
19 22 29
18 19 15
10 12 8
0 2 14
1 1 4
1 2 17
15 18 19
2 4 5
20 23 1
18 19 14
3 3 29
10 12 9
20 21 25
11 12 2
4 6 18
22 23 28
15 19 10
9 11 11
10 13 17
5 8 26
9 9 29
6 9 23
6 7 15
10 11 10
21 22 27
2 3 14
8 11 22
13 16 4
7 9 2
4 6 24
22 0 14
1 3 5
18 21 7
19 19 2
7 9 11
22 0 27
4 6 7
2 4 7
2 3 13
13 14 3
16 17 12
14 14 16
9 11 1
8 9 18
0 3 4
11 14 7
12 14 26
16 17 15
8 10 4
11 14 17
19 19 24
17 20 27
14 15 10
2 4 30
3 4 8
16 19 8
2 5 12
22 23 14
14 16 19
1 3 13
19 21 5
3 6 8
22 0 6
18 22 10
4 6 14
14 16 13
7 10 25
21 23 15
20 23 26
6 9 10
5 6 27
19 21 2
14 16 9
14 17 26
20 21 19
3 4 7
22 23 23
20 23 10
11 13 25
10 10 27
22 1 26
14 16 1
20 22 22
11 13 2
2 4 30
4 5 26
14 17 10
3 4 30
9 12 23
3 5 12
18 21 6
11 12 20
0 2 19
12 15 10
3 6 12
21 23 26
19 21 25
6 6 15
18 23 3
21 22 25
14 14 22
6 8 10
12 14 19
12 14 22
9 11 2
12 12 4
15 16 17
11 13 20
22 1 18
21 0 5
23 2 17
22 1 9
17 18 27
14 18 22
19 22 28
11 12 28
9 10 7
19 21 3
12 15 2
1 5 2
10 12 18
11 12 11
15 19 7
1 4 3
19 21 5
9 12 1
18 19 3
10 13 27
8 9 14
12 12 12
18 20 27
9 11 5
13 16 29
16 19 11
19 19 5
10 13 23
20 0 27
21 23 16
9 11 2
23 1 26
5 7 27
12 13 27
4 5 6
7 10 4
12 15 25
19 22 10
14 16 8
22 23 6
9 10 14
17 20 8
19 22 30
8 9 18
7 9 9
6 9 10
23 2 21
21 0 12
19 22 13
13 14 19
17 17 8
0 3 12
23 1 24
23 1 11
7 8 7
15 17 21
15 19 17
8 11 18
8 9 13
18 18 3
0 3 4
5 7 15
11 14 29
15 17 5
6 7 3
21 22 14
12 16 18
16 20 24
18 19 19
10 13 9
15 17 10
13 16 15
3 6 21
22 1 6
18 19 9
19 20 30
23 2 12
19 21 4
1 2 22
12 16 17
12 12 20
3 4 18
20 22 9
2 3 12
2 3 20
12 14 12
10 11 4
20 22 6
19 20 20
4 6 3
10 12 29
22 22 23
21 22 15
6 9 25
6 8 28
2 3 27
17 18 19
22 23 3
3 5 1
20 0 14
3 6 9
18 18 22
16 17 13
11 12 5
20 22 3
3 6 10
18 19 8
17 19 15
22 0 25
23 1 2
21 23 23
20 22 27
11 13 25
4 5 14
13 15 25
21 23 10
0 0 20
5 8 14
13 15 22
9 11 24
7 8 28
1 2 21
7 10 26
5 6 23
10 13 27
2 4 19
15 16 15
20 23 21
17 19 14
21 23 11
0 1 30
15 17 20
20 21 18
1 5 22
1 5 19
15 18 18
17 20 20
0 4 15
20 21 14
0 2 12
22 23 1
5 8 25
22 0 23
0 0 12
20 23 18
14 17 4
22 1 25
12 11 8
3 7 20
12 15 28
11 12 10
10 12 12
17 19 14
10 12 30
23 2 12
6 8 14
7 10 21
17 18 18
4 6 2
23 1 24
16 16 21
1 3 26
1 1 18
23 2 10
14 17 24
4 7 26
23 3 26
15 18 2
21 21 11
8 11 5
11 13 24
13 16 14
10 13 23
20 0 9
20 22 9
20 22 26
14 17 3
13 16 17
8 11 16
22 23 6
20 0 24
16 19 13
20 22 7
18 19 28
20 23 30
12 14 9
16 19 22
0 2 23
6 8 18
8 11 9
17 19 22
19 20 15
8 7 30
2 5 1
21 21 29
17 17 13
7 7 27
14 16 17
5 6 20
6 9 15
6 8 13
9 12 5
23 1 21
4 6 23
14 18 4
5 6 2
19 20 7
18 20 7
16 18 12
16 17 30
8 11 16
11 14 24
5 7 20
3 6 21
17 18 30
10 12 29
13 13 22
12 14 7
9 11 5
4 7 12
19 22 30
0 1 16
20 0 6
8 10 11
1 2 13
22 0 5
9 8 22
7 10 10
16 19 12
3 5 13
10 12 16
11 11 14
7 10 20
1 4 30
1 4 22
15 17 23
1 4 15
20 23 1
20 22 27
11 13 30
6 8 28
9 10 25
19 23 25
10 12 12
10 12 1
6 7 16
13 15 27
2 4 30
0 2 22
23 0 1
0 1 8
2 3 11
18 21 20
8 9 15
17 19 25
20 22 26
17 20 6
14 18 2
1 3 6
19 22 3
5 7 18
6 9 11
0 2 18
17 20 16
7 9 8
15 16 26
7 9 22
22 0 6
8 11 7
18 18 25
3 5 16
7 8 23
10 14 17
17 19 11
20 21 3
17 18 7
0 2 21
5 7 30
16 18 28
15 19 1
9 10 7
7 8 25
2 5 30
4 7 7
13 14 28
22 0 2
11 12 25
6 11 1
20 23 14
10 13 15
17 19 19
3 5 10
7 8 29
18 20 20
21 0 27
1 3 22
21 22 14
11 10 1
4 5 11
15 19 13
10 12 1
4 7 30
3 5 20
11 14 10
11 13 28
21 22 25
8 10 27
20 23 9
21 0 14
14 16 20
2 4 9
8 10 1
3 5 21
4 5 22
6 8 27
9 11 25
0 2 29
8 10 4
9 10 24
15 17 5
15 16 30
18 20 8
8 10 27
22 1 28
20 23 28
2 5 6
0 2 7
23 0 14
4 7 17
19 22 2
18 20 19
19 22 8
11 12 19
3 7 3
11 12 15
16 17 7
15 17 21
8 10 18
2 5 29
10 11 20
22 2 5
10 11 23
19 21 13
19 20 21
15 17 17
20 23 8
1 5 13
17 21 21
23 1 26
2 4 8
20 23 14
21 22 4
17 19 9
5 6 6
10 11 15
14 16 15
8 9 19
13 15 10
16 20 8
8 11 6
3 5 23
8 9 3
7 8 12
22 0 18
4 6 5
0 3 4
6 7 8
23 1 26
21 21 9
14 15 30
2 5 4
5 7 22
1 5 1
16 19 26
9 10 27
9 13 21
19 21 21
14 17 3
12 13 12
17 20 30
9 10 6
19 20 26
1 4 25
21 22 14
17 19 17
8 9 16
12 14 12
4 5 14
3 5 16
19 21 9
16 16 17
12 14 6
17 20 18
9 12 6
4 8 14
11 13 17
18 22 20
10 13 24
11 14 30
22 1 1
21 1 25
8 11 15
23 2 21
0 3 9
12 15 20
18 19 12
5 8 11
19 20 25
6 8 10
2 4 3
17 20 7
7 9 16
12 15 28
15 18 21
12 13 30
7 8 20
4 4 25
9 10 27
8 10 15
3 5 22
15 16 13
3 3 21
6 8 6
8 10 12
1 3 24
12 13 26
6 9 11
0 3 2
16 19 4
12 17 13
19 21 29
18 21 23
7 6 11
4 6 29
9 12 4
12 13 8
6 8 1
5 9 10
10 11 8
1 3 6
14 17 4
5 6 22
18 19 4
15 16 15
19 22 13
22 0 4
12 15 4
21 0 8
21 22 19
11 13 29
15 17 7
11 11 28
0 3 25
15 18 6
21 23 1
19 22 5
5 8 6
0 2 30
5 7 10
2 4 9
10 13 12
12 13 23
19 21 16
7 11 1
16 19 29
8 10 3
18 18 17
6 9 11
1 3 14
12 15 8
18 19 15
19 22 7
18 21 9
11 13 5
20 21 5
4 7 11
16 18 13
15 18 14
0 2 28
13 14 12
8 11 23
23 2 21
0 1 16
4 4 16
5 6 18
17 19 6
19 19 18
8 10 29
14 17 6
21 0 13
21 22 18
13 16 23
11 14 19
1 2 23
12 13 23
3 6 13
12 15 7
22 23 12
0 3 7
23 2 21
8 8 6
20 1 3
22 1 3
18 20 9
9 11 8
20 21 21
19 22 17
23 1 23
12 15 8
6 9 19
6 7 17
5 6 1
22 23 8
22 0 2
15 16 25
13 16 27
5 8 16
16 19 4
11 12 26
21 1 16
22 23 20
20 22 23
5 8 22
13 14 30
23 0 30
0 2 7
3 5 5
7 9 18
15 18 25
4 5 7
1 3 22
4 7 19
19 22 13
20 0 28
3 4 27
5 8 13
21 0 6
13 15 13
17 19 24
5 5 22
10 12 25
18 20 22
23 2 13
7 8 9
22 1 19
13 16 25
8 11 21
19 22 25
2 4 17
21 22 5
2 2 8
22 1 3
8 12 3
4 5 13
18 21 25
19 0 6
20 20 9
16 16 14
14 18 10
8 10 16
1 3 18
2 5 20
23 1 24
6 8 13
20 22 9
16 19 18
11 12 3
11 14 14
20 22 20
21 1 18
19 22 18
8 9 5
19 20 10
4 6 24
11 12 30
5 8 3
16 19 24
23 0 30
19 21 16
15 17 10
7 8 18
7 10 23
22 1 22
21 0 22
10 13 2
6 9 7
2 5 11
21 1 17
8 9 30
22 1 11
12 14 28
12 14 17
12 14 9
17 20 30
2 4 23
0 1 19
8 10 30
1 3 13
22 0 5
11 14 30
18 21 8
10 12 8
21 22 6
4 6 7
11 12 6
16 20 27
10 12 1
23 2 12
16 17 27
20 21 16
12 15 21
12 15 6
11 13 19
15 17 29
22 0 18
4 6 10
9 11 13
6 8 14
12 14 11
14 16 2
12 13 10
11 11 7
16 18 18
19 21 5
15 17 22
10 11 19
11 14 11
8 11 16
18 19 26
16 16 2
18 19 21
7 8 18
14 17 2
4 5 1
14 13 18
22 23 6
11 13 16
20 22 9
10 13 27
18 20 30
10 11 18
0 4 10
11 14 17
18 22 27
4 6 20
17 20 25
4 5 10
17 20 26
12 14 12
16 17 11
6 7 13
21 22 18
22 2 11
22 0 4
5 7 22
8 9 15
6 10 2
16 19 3
17 18 22
7 10 10
9 11 30
20 22 25
1 5 13
21 22 4
12 13 24
5 8 15
12 15 1
9 10 17
0 2 19
19 20 19
18 19 15
15 18 22
18 20 9
13 14 18
6 7 1
18 20 3
22 0 3
4 5 25
1 4 29
16 19 11
3 7 15
8 10 5
13 14 25
0 2 29
21 22 9
14 15 7
15 18 5
13 15 15
0 2 24
23 23 8
6 7 26
9 10 8
11 13 1
8 8 5
10 12 16
12 13 9
15 18 20
6 8 17
6 8 7
10 12 27
7 8 24
14 15 29
23 0 7
3 3 24
0 2 27
11 14 4
3 5 1
7 8 14
19 21 7
12 15 1
19 22 4
7 10 28
12 14 5
6 8 12
14 16 13
14 17 4
13 14 21
21 22 12
6 9 12
21 22 12
19 20 15
18 20 11
10 13 18
11 12 24
16 18 14
13 14 21
10 11 20
3 4 30
3 5 29
21 23 1
14 15 2
16 19 8
6 7 18
19 22 15
9 9 25
2 4 11
21 21 27
19 21 30
10 12 16
2 4 1
12 14 17
11 12 25
4 5 4
9 10 14
9 13 22
15 20 3
14 17 11
23 1 22
18 19 19
21 23 27
1 3 7
2 6 22
13 14 4
6 8 2
17 18 13
14 17 4
15 17 21
15 15 8
13 16 4
18 20 11
17 19 29
15 16 15
9 11 13
17 19 1
20 21 15
21 23 19
4 6 13
18 20 4
18 17 26
20 21 13
11 11 18
5 6 5
10 13 11
1 2 22
2 3 11
8 10 22
15 18 13
16 20 3
12 15 29
6 9 29
4 7 30
20 21 6
5 5 4
22 23 5
5 7 11
23 1 13
9 10 5
22 0 25
17 19 27
18 20 12
9 9 9
0 2 22
10 12 16
13 13 15
15 18 11
11 14 26
15 17 20
3 5 10
2 4 14
21 1 27
4 4 20
22 0 10
21 22 30
8 10 22
9 11 17
22 0 5
13 14 9
20 23 2
13 14 5
19 20 30
5 7 8
5 7 14
17 20 4
4 5 21
21 22 30
18 20 30
1 3 3
8 9 3
22 2 24
21 1 30
4 7 2
0 2 3
14 15 1
7 9 25
8 11 24
19 22 3
6 7 8
4 5 17
16 19 19
9 11 29
11 12 27
14 15 16
3 6 3
21 23 15
13 13 7
2 4 8
20 22 10
6 7 20
16 15 22
23 2 6
7 9 7
9 10 19
11 13 6
13 15 16
10 13 6
14 18 17
14 17 6
8 10 11
12 13 30
15 17 8
12 13 18
11 15 30
20 22 6
8 11 6
20 21 20
8 10 22
9 11 7
6 8 4
9 10 21
14 15 25
6 8 14
9 12 10
2 6 7
6 9 9
0 1 5
22 0 15
17 19 12
21 1 24
17 17 11
23 2 20
16 18 26
22 0 12
17 19 5
5 7 18
15 17 25
2 4 11
3 5 8
12 15 21
10 12 7
9 13 6
5 7 16
2 3 6
3 7 1
8 11 7
5 9 14
21 21 7
2 4 17
5 8 14
14 18 16
20 22 16
23 3 11
0 1 3
1 2 25
13 16 5
16 16 16
7 6 13
23 1 5
19 22 19
0 4 12
10 11 3
14 16 27
2 4 27
13 15 4
23 1 6
1 4 27
15 16 4
5 9 30
7 9 29
7 9 15
6 7 24
22 1 3
18 19 28
16 18 23
3 5 10
3 6 11
3 5 29
6 7 18
8 12 16
17 20 9
5 8 17
6 7 14
22 0 25
23 3 1
12 12 1
11 12 27
21 23 29
15 16 6
6 9 10
9 11 16
17 18 30
6 8 23
0 1 4
11 13 5
0 2 3
12 14 20
9 11 13
2 6 10
6 8 22
8 12 12
21 0 8
11 12 7
14 15 25
13 17 22
6 9 8
18 20 25
21 0 7
22 23 1
0 3 8
17 19 10
8 10 3
9 13 9
1 3 16
3 7 24
12 15 8
21 22 20
7 10 28
21 23 2
9 9 11
8 12 4
14 16 7
7 8 5
19 22 2
18 18 5
1 2 26
9 11 18
13 15 22
21 22 8
22 0 9
3 4 13
22 23 24
5 8 13
4 6 8
5 7 21
22 0 3
5 7 3
8 11 12
10 12 14
11 13 26
5 8 6
23 1 19
20 23 19
8 9 23
6 8 29
8 8 27
23 0 1
21 1 26
5 8 9
11 12 2
17 18 7
0 1 25
18 21 19
19 22 2
7 8 20
8 11 18
10 14 19
3 6 29
22 0 16
4 6 24
5 7 17
12 17 22
6 8 11
3 7 18
3 5 13
8 8 15
15 18 4
12 15 14
7 10 14
1 2 30
21 0 20
6 9 25
13 15 12
15 17 24
0 1 5
20 22 4
3 4 2
10 11 3
22 0 13
12 14 8
2 6 21
19 22 24
16 17 16
1 3 2
8 10 12
8 12 7
11 13 11
14 15 29
19 21 17
7 7 7
6 8 25
3 6 7
13 16 26
19 20 22
15 17 27
10 12 29
3 5 6
3 4 29
17 19 11
13 14 2
7 10 9
4 5 28
4 5 6
23 2 24
18 20 3
9 12 9
23 1 18
4 6 30
2 4 2
15 17 30
0 3 27
19 23 10
0 3 7
11 11 26
6 8 20
22 1 12
1 2 27
11 14 25
4 5 26
20 21 1
4 7 14
7 8 21
8 11 19
1 3 28
10 11 4
5 8 28
1 1 18
23 0 17
12 14 28
7 9 27
17 17 4
2 5 11
16 18 3
19 19 6
10 14 2
23 3 16
23 2 11
16 18 13
21 22 17
20 23 28
21 0 25
17 20 29
22 1 19
1 2 12
22 0 29
3 5 3
11 14 13
13 13 13
17 20 30
5 6 6
23 1 30
10 11 19
9 12 22
20 23 17
11 14 4
2 3 12
1 5 2
2 5 6
20 22 9
21 23 17
23 1 30
0 2 26
0 2 4
23 0 12
13 16 29
10 10 5
19 21 9
9 11 24
14 16 1
20 23 17
2 5 8
6 7 22
16 17 3
13 16 1
13 15 4
0 3 16
5 7 27
4 5 28
5 6 17
22 1 19
20 23 10
15 16 1
23 1 28
19 20 4
3 3 30
11 13 30
5 7 3
2 3 1
16 19 26
18 21 15
19 20 25
6 7 26
2 6 20
23 2 19
2 6 28
19 20 14
9 12 24
17 19 13
13 16 19
15 16 5
9 13 5
11 12 24
19 23 22
15 17 30
11 13 19
8 10 30
5 6 11
10 12 24
1 3 7
23 1 27
11 12 3
13 14 26
18 20 8
13 14 29
23 2 9
14 18 4
2 4 6
3 5 24
18 20 9
14 17 3
11 14 25
11 12 17
13 16 1
9 10 16
5 6 20
23 0 10
0 1 30
12 13 5
0 2 1
1 4 19
10 12 16
16 18 3
9 12 2
14 17 3
2 4 25
5 7 4
0 0 16
3 5 20
4 5 8
7 10 27
9 11 1
19 22 11
12 14 8
16 18 18
17 19 17
10 11 14
5 5 8
15 17 1
20 21 6
13 15 30
4 6 2
5 6 30
9 10 5
5 6 24
0 2 11
10 13 27
4 5 29
4 7 27
17 19 3
8 11 23
7 9 24
1 2 22
23 23 2
7 10 8
13 15 9
20 21 20
19 22 16
10 13 8
2 4 16
7 10 4
14 16 27
15 18 11
21 22 13
8 10 30
19 21 15
16 18 12
8 9 7
18 19 13
14 15 1
14 17 16
23 0 5
15 17 20
15 17 22
0 1 8
6 8 12
20 23 15
15 16 15
21 22 16
9 11 16
23 1 12
9 11 22
6 8 2
5 6 25
20 22 5
1 3 16
21 23 26
18 20 21
11 13 10
8 10 30
16 19 14
11 14 30
22 1 6
19 22 29
3 6 24
15 17 3
8 10 3
20 21 7
19 22 10
20 21 28
8 10 18
0 1 10
16 19 16
21 22 20
11 12 9
14 16 8
12 14 4
15 16 27
7 11 28
10 12 8
22 0 3
11 12 30
8 9 25
7 8 23
15 18 16
2 3 8
10 11 21
2 3 18
1 4 14
6 7 13
9 11 2
4 7 28
8 11 19
5 7 24
23 2 7
22 1 2
11 14 11
11 12 26
23 1 25
20 23 1
5 6 2
2 4 27
0 1 28
21 23 19
23 3 5
16 17 7
6 8 17
12 14 18
1 3 5
13 14 8
14 16 17
0 2 1
17 18 22
13 15 21
22 2 26
9 9 10
12 14 24
15 16 12
1 4 23
3 6 8
5 8 8
17 21 1
5 7 5
20 23 23
16 20 11
1 3 9
13 16 9
12 14 16
23 1 4
6 10 21
19 22 25
14 15 30
12 14 16
1 2 15
8 9 15
14 17 21
23 1 17
5 7 9
16 19 12
14 14 2
4 7 7
0 1 18
5 7 6
8 9 12
19 22 4
0 2 28
3 5 18
17 18 4
22 1 11
16 18 16
10 13 24
5 8 12
17 18 9
10 13 11
17 18 23
5 7 24
8 11 13
6 7 13
17 19 27
14 16 6
2 4 12
15 17 26
15 17 29
3 6 3
11 13 17
6 7 26
13 16 27
9 13 2
19 21 25
16 19 13
11 12 23
21 22 17
22 0 20
20 22 10
13 17 12
6 7 25
1 3 26
0 2 19
16 18 27
17 17 10
7 10 15
12 14 7
15 19 24
15 16 29
0 1 29
12 14 21
22 23 4
14 16 19
17 19 2
20 21 10
22 1 15
8 10 7
20 21 17
1 3 25
0 4 14
13 16 21
15 18 11
7 9 25
5 6 12
23 0 25
8 9 24
9 9 14
15 17 20
10 13 12
6 8 16
19 23 8
23 3 27
3 5 23
18 20 30
19 23 5
10 11 8
10 12 5
22 23 27
20 23 17
7 9 26
1 3 16
2 3 24
12 14 30
8 8 14
20 22 29
6 8 9
14 15 16
16 19 10
10 12 6
3 5 27
3 4 13
13 16 2
5 6 30
8 9 22
17 21 24
9 11 11
15 16 18
18 19 14
15 16 20
0 0 29
2 4 30
19 0 21
13 16 5
6 8 20
22 22 2
9 10 6
23 0 19
6 7 1
20 22 6
3 4 16
23 2 14
18 18 23
6 7 10
15 18 27
7 9 23
18 18 21
22 23 15
17 19 8
20 21 2
6 7 30
18 20 22
10 12 6
22 0 5
5 5 30
14 16 3
4 7 20
9 11 2
18 21 23
8 13 25
5 8 9
0 2 7
18 19 11
23 1 19
10 12 15
22 1 8
11 12 23
1 3 8
17 21 10
23 2 17
11 14 17
20 22 25
7 9 5
19 20 26
8 11 17
7 8 9
8 10 26
16 18 14
4 5 1
6 9 6
2 6 19
12 14 30
16 18 9
1 1 22
1 3 14
0 2 27
6 7 6
15 17 17
3 3 12
2 4 3
0 0 20
4 6 25
0 2 30
12 14 30
8 10 30
3 4 16
3 3 21
11 14 8
5 6 5
19 21 20
13 14 1
22 1 12
3 4 22
11 13 2
10 12 12
18 21 1
14 16 18
19 19 24
8 9 25
10 12 15
16 18 26
7 8 13
10 14 21
16 19 22
8 10 28
8 11 18
18 20 4
10 12 26
6 7 15
8 10 6
7 8 5
5 6 22
20 0 24
9 14 27
7 9 7
1 2 18
21 0 9
22 2 15
18 20 1
1 3 11
7 11 19
5 6 12
22 23 14
3 4 10
13 14 22
15 17 8
14 16 22
16 17 20
15 18 22
23 1 25
7 8 28
11 13 17
9 11 12
23 0 18
12 16 25
20 20 8
17 20 23
9 13 19
22 0 16
12 14 9
22 1 3
2 3 25
6 8 28
7 9 4
19 19 28
21 23 10
10 14 2
8 10 7
0 1 3
1 4 7
12 14 17
7 9 22
20 21 22
16 19 7
9 11 11
8 10 14
22 0 9
16 18 9
16 18 28
21 23 16
22 1 20
5 6 20
12 14 10
18 20 30
2 5 15
19 22 6
10 12 7
8 10 21
23 1 12
5 7 15
20 23 3
2 3 30
23 2 5
8 10 10
0 1 2
8 11 3
1 2 8
9 11 11
21 23 5
22 1 28
9 9 18
5 5 25
0 3 19
7 9 20
7 9 27
0 3 23
12 14 26
11 14 28
6 9 7
18 20 14
22 0 26
17 21 11
1 4 24
3 4 26
5 8 18
21 21 1
22 1 3
21 23 28
5 7 14
10 11 16
11 14 18
1 2 17
15 17 20
22 2 2
10 12 11
17 18 4
22 1 10
21 23 1
4 5 7
5 6 15
0 2 2
9 12 1
23 1 9
11 13 5
2 4 1
18 20 25
10 13 14
17 18 20
17 19 10
13 14 29
10 11 7
18 21 22
11 14 9
7 7 15
23 23 9
14 15 25
21 23 29
14 16 22
7 7 9
2 3 20
0 1 2
16 17 16
10 12 21
5 6 8
23 1 4
20 21 3
6 8 6
1 2 20
2 5 9
7 9 16
0 1 27
12 15 2
11 13 25
8 8 18
17 18 3
19 21 28
3 3 9
15 16 29
14 16 28
16 18 21
11 13 8
12 14 2
0 1 15
4 6 12
12 15 14
14 16 4
7 11 4
4 7 24
6 7 29
8 12 3
11 13 6
15 15 5
21 22 20
18 21 15
6 10 6
19 21 30
22 0 21
22 23 21
17 18 1
23 0 26
6 9 12
5 6 11
4 5 28
23 0 9
12 14 15
4 6 24
10 10 26
21 23 7
4 5 10
1 3 7
5 6 2
3 5 4
0 2 22
5 7 18
18 21 25
22 23 19
9 12 16
17 18 22
21 23 18
7 10 30
16 18 6
6 8 16
23 3 1
22 0 3
2 4 28
7 9 20
12 14 11
12 15 22
2 3 4
21 23 7
3 5 26
17 19 25
19 21 27
21 23 22
23 23 13
10 13 24
21 21 1
0 3 5
23 0 30
6 7 4
4 5 2
0 0 13
13 16 20
13 14 5
18 19 19
10 12 17
5 8 13
12 14 24
20 23 29
4 5 22
8 9 6
16 19 23
5 6 25
8 9 18
1 5 18
20 22 1
3 5 24
13 16 24
15 16 21
16 18 23
20 23 16
4 6 17
17 18 29
20 20 15
14 17 15
9 12 30
13 13 3
7 10 27
22 0 16
8 10 8
19 20 5
22 23 2
4 6 11
4 6 28
6 8 9
22 0 27
16 19 24
17 20 23
4 6 10
19 23 10
21 23 6
13 15 3
16 18 6
14 16 3
9 11 22
17 20 30
11 13 19
22 23 2
0 3 1
5 7 10
21 23 3
3 5 24
12 13 14
7 9 7
7 11 21
23 2 11
7 10 30
15 18 21
12 12 6
22 0 23
0 2 18
15 16 16
4 7 11
21 22 22
0 3 4
6 6 23
3 5 16
19 21 30
10 12 23
10 13 6
22 1 7
23 2 12
18 19 10
23 1 9
7 9 21
18 21 25
5 4 7
15 17 26
7 9 20
22 23 13
20 0 17
1 3 18
1 4 18
3 5 10
16 17 17
11 14 8
4 6 12
15 18 28
11 12 4
23 0 5
9 10 17
15 19 21
9 11 13
17 19 15
10 13 23
8 10 10
21 0 11
18 23 1
10 13 17
2 1 13
14 18 23
2 3 3
4 6 9
15 18 16
18 21 12
23 0 6
2 5 20
1 2 12
9 10 30
18 21 15
18 21 26
23 2 3
5 8 28
6 9 6
12 14 20
14 15 23
9 12 20
23 1 29
15 17 9
16 18 15
2 7 30
16 19 28
17 20 12
3 5 15
14 14 21
7 9 16
1 4 11
18 20 24
14 16 15
13 15 28
15 16 2
21 23 24
10 12 14
4 5 29
4 5 10
14 17 2
3 6 7
22 23 15
1 3 20
7 9 5
3 5 3
6 8 17
14 14 7
14 16 15
13 15 18
9 11 21
13 14 8
10 12 9
2 4 26
0 2 4
20 22 26
12 16 14
6 8 15
12 15 18
20 22 23
14 16 15
6 7 5
17 18 10
17 18 28
10 12 8
19 19 26
5 8 27
0 1 12
11 13 2
3 4 28
3 5 26
20 0 23
15 16 17
19 22 14
3 4 2
3 6 17
14 15 1
13 14 2
17 19 10
3 5 8
21 1 2
12 15 7
20 22 7
13 13 18
22 0 24
22 1 27
14 15 16
21 0 27
9 11 19
3 6 16
10 11 17
16 18 30
9 11 5
1 2 1
2 4 2
5 7 12
8 10 4
23 2 19
20 21 16
14 17 3
0 0 30
14 16 28
2 4 8
3 6 14
18 20 10
7 9 4
13 16 18
14 17 18
15 17 30
5 7 7
7 8 2
19 21 14
21 0 10
22 2 14
4 6 8
3 7 10
17 18 9
14 17 9
21 22 26
5 6 24
18 19 12
3 5 14
12 13 13
20 23 5
16 19 25
2 4 10
15 19 14
4 7 11
17 21 5
14 16 10
11 13 7
6 8 21
7 9 8
1 2 8
4 6 1
18 19 11
18 19 5
22 0 7
14 15 14
22 0 24
5 7 12
13 14 24
15 17 13
16 17 16
8 8 29
23 2 18
14 17 15
14 16 13
18 20 19
22 0 16
13 16 26
13 15 30
20 21 29
5 8 1
10 13 19
2 2 3
17 19 10
17 20 28
6 8 12
9 11 9
23 1 13
20 20 18
4 6 20
12 13 18
18 19 25
4 5 10
23 1 4
0 3 2
4 6 24
14 15 4
22 23 27
15 18 19
6 9 19
16 19 24
6 6 27
17 20 2
7 9 22
15 18 28
7 10 2
9 10 7
11 12 17
1 4 22
21 23 21
8 10 12
5 7 8
23 0 6
13 16 18
1 3 18
14 15 29
17 18 25
0 1 13
0 2 29
3 4 5
13 13 8
8 11 7
6 7 13
5 6 4
16 19 26
20 22 8
11 14 13
19 20 30
19 21 29
22 23 27
0 2 23
18 18 30
21 22 4
10 13 4
5 7 23
15 15 10
1 3 10
18 19 17
4 5 21
22 1 4
22 23 11
23 2 16
22 0 6
17 18 16
2 5 27
21 23 13
13 16 28
15 18 22
16 20 12
2 4 5
2 4 15
13 16 11
13 14 25
11 12 8
23 2 30
22 0 18
10 11 23
0 3 11
16 19 12
15 18 4
20 23 12
19 21 7
23 2 15
9 12 12
19 21 21
6 9 6
23 0 15
11 14 2
15 18 16
12 13 12
21 23 27
19 22 22
3 4 23
12 14 26
4 6 13
6 7 18
8 8 27
10 13 15
14 18 5
22 1 25
6 8 10
23 23 6
6 9 26
6 8 16
15 17 11
23 1 28
12 13 19
17 19 2
12 14 16
17 18 10
17 18 13
23 2 15
23 1 22
4 7 11
23 2 15
21 0 29
14 16 16
2 4 28
10 12 9
22 1 14
21 23 15
4 8 7
8 8 28
23 2 18
12 13 9
22 0 24
18 19 27
15 17 14
13 14 12
15 16 22
5 8 5
16 17 4
6 8 12
6 9 25
23 1 21
20 21 8
20 22 14
22 0 29
3 3 23
10 14 28
7 9 20
2 2 4
7 8 20
13 17 19
5 6 29
21 23 8
5 6 2
18 19 23
23 23 30
4 6 5
11 13 19
10 12 9
6 8 10
21 0 5
1 2 1
22 1 26
22 2 8
7 8 11
21 0 16
8 9 26
5 7 9
17 18 19
6 8 18
19 23 10
5 9 28
22 0 9
21 22 1
12 13 22
18 20 4
23 1 29
3 4 16
20 22 8
19 22 2
20 23 2
16 16 27
20 22 7
22 0 23
13 16 10
21 22 12
20 23 9
6 9 24
14 16 17
17 19 12
9 12 30
14 14 26
22 0 5
21 23 29
17 18 8
3 5 4
5 8 26
15 18 24
7 9 17
18 21 22
10 12 10
17 20 28
2 4 2
6 8 9
2 4 10
4 5 16
13 16 17
23 1 19
16 19 29
15 16 22
18 20 15
10 14 8
10 12 8
12 14 27
7 8 12
19 20 7
19 21 12
17 16 22
0 4 5
10 11 1
7 9 26
14 16 24
0 2 16
16 17 18
3 6 11
10 12 13
6 8 18
3 7 10
20 21 1
21 0 21
1 3 16
13 14 8
10 11 8
15 16 8
5 7 25
15 15 22
2 4 9
2 4 18
0 1 9
9 9 22
1 3 15
12 13 20
16 18 17
1 2 5
8 11 26
17 20 28
15 17 2
3 4 10
7 9 2
15 17 13
14 16 1
4 7 4
8 9 18
16 19 23
0 2 6
14 15 6
16 19 10
2 3 25
18 21 16
13 15 28
15 16 5
0 3 7
9 9 11
23 0 2
7 9 4
1 3 26
22 23 1
16 18 1
12 14 30
19 22 2
9 10 20
2 2 14
2 3 28
2 6 11
16 18 18
19 21 14
16 17 29
19 21 16
10 12 12
17 19 28
10 10 15
5 8 29
2 5 15
11 14 17
7 8 6
23 3 19
0 1 8
14 16 24
4 5 26
20 19 9
18 21 26
22 0 4
11 12 24
19 20 9
22 23 17
21 22 23
12 15 3
15 16 6
15 15 3
12 15 3
13 14 8
0 1 12
0 2 11
4 4 27
12 13 23
20 22 27
8 10 20
22 0 5
15 18 23
13 15 22
18 20 20
15 17 20
13 15 30
14 16 19
18 21 7
2 3 3
18 20 3
3 5 13
1 3 20
2 4 21
9 12 8
1 3 12
14 17 2
20 22 6
14 17 9
19 22 6
23 0 11
4 6 27
16 17 16
6 8 10
16 18 18
11 13 26
2 3 29
19 19 9
23 2 7
9 12 26
5 8 27
13 14 30
8 9 17
18 21 29
7 6 20
8 10 1
19 21 18
16 17 19
16 15 15
3 5 9
5 6 5
20 21 27
14 16 20
13 14 26
22 22 10
17 20 24
20 23 29
14 17 4
3 5 8
5 7 17
21 22 10
14 14 10
8 10 27
10 11 27
1 2 10
4 7 7
16 18 27
21 22 13
22 23 20
11 14 1
9 11 5
4 6 10
20 23 6
17 18 2
16 18 19
22 1 9
20 22 23
3 5 6
4 5 12
20 22 3
23 1 30
0 3 27
22 1 16
2 2 25
22 1 2
7 9 28
1 4 23
23 1 19
15 17 1
17 20 27
4 5 15
2 3 4
7 10 1
7 7 15
1 3 22
16 17 7
8 9 5
4 7 13
3 4 8
14 15 11
13 14 4
0 1 28
10 14 27
23 2 15
17 20 22
18 20 1
4 5 28
14 16 18
7 9 21
6 7 20
6 7 6
21 21 26
14 17 13
15 18 7
8 12 18
5 7 3
11 12 2
0 4 3
17 19 12
11 13 8
12 15 26
18 20 5
8 10 2
5 7 17
3 7 14
23 2 10
8 10 16
14 17 10
11 13 30
15 18 6
15 18 24
23 0 28
17 19 27
15 16 10
0 3 6
16 18 18
22 0 27
13 15 15
16 18 28
16 18 18
7 9 17
21 0 8
14 16 11
16 19 19
19 21 14
5 7 26
9 11 13
11 14 17
14 16 21
8 10 19
18 20 20
16 19 10
20 23 4
8 8 17
18 21 9
9 12 13
15 18 30
14 15 2
19 22 29
4 6 17
4 7 3
1 3 23
8 11 24
19 22 8
20 22 28
13 15 22
20 21 15
17 19 27
17 18 18
6 9 26
10 10 25
13 16 5
7 10 27
3 5 8
8 11 4
18 20 27
10 12 4
12 12 3
9 10 21
20 23 10
22 23 22
1 2 3
18 21 19
3 6 28
17 19 7
4 6 24
22 0 15
23 2 19
3 5 30
0 1 3
8 11 26
15 14 6
19 21 26
10 12 19
20 22 8
4 5 9
20 22 30
20 22 3
9 11 15
20 23 5
5 5 16
0 4 4
5 8 14
13 16 22
18 19 2
11 12 15
5 6 18
15 16 22
23 2 22
12 15 4
6 8 22
6 6 30
14 15 27
20 21 21
23 2 17
15 17 11
18 18 2
13 14 20
12 14 23
23 1 16
18 20 19
18 21 18
7 8 24
2 4 26
22 0 26
11 15 26
13 15 16
17 20 15
19 20 21
9 11 11
20 23 2
18 20 25
17 19 2
23 1 15
6 7 4
9 11 21
1 3 1
13 16 26
21 0 8
23 1 9
17 19 14
9 10 18
6 10 17
23 0 11
16 19 10
16 17 25
13 16 30
6 6 11
11 13 2
4 6 15
0 3 12
23 1 13
2 5 15
14 15 8
0 1 23
22 23 16
6 8 14
0 2 24
6 8 15
10 13 1
20 22 16
12 14 2
22 0 18
15 16 21
17 19 9
3 5 10
10 12 10
14 17 1
5 8 18
19 19 23
14 16 27
8 9 8
13 16 26
0 4 23
3 4 25
18 18 4
17 19 30
8 10 22
7 9 6
15 17 12
14 15 20
1 3 12
18 20 27
9 11 19
3 5 23
22 0 6
13 15 25
4 4 16
12 14 23
2 7 18
3 5 6
9 9 15
2 4 26
5 6 16
4 6 13
18 20 25
7 10 30
22 0 24
8 10 12
16 19 1
5 7 12
11 13 11
5 7 20
19 22 13
8 9 4
10 13 7
6 9 27
4 7 27
7 11 11
0 1 2
9 10 6
6 9 28
11 13 15
13 15 21
17 19 7
16 18 30
4 6 30
8 10 6
6 8 2
16 15 17
10 12 25
12 16 29
12 16 15
11 14 1
4 4 25
9 9 3
16 20 11
23 1 14
21 0 4
14 17 6
14 14 18
17 19 19
15 17 29
5 7 25
22 0 15
16 18 6
5 7 11
10 12 9
20 19 20
16 20 5
17 21 18
19 21 18
18 18 22
23 1 24
23 1 7
1 3 20
2 4 10
1 3 21
22 1 7
17 19 30
9 9 13
22 1 1
2 4 20
18 22 15
13 16 30
1 4 24
13 15 6
18 20 21
18 19 4
22 22 1
6 9 15
15 18 8
21 0 26
4 7 10
12 13 22
4 6 27
0 0 22
20 22 15
18 21 24
16 18 15
1 3 9
17 18 21
5 5 3
12 13 28
15 16 17
16 17 26
11 13 7
10 14 20
20 20 8
15 17 29
2 4 30
20 21 18
16 19 23
11 14 22
1 3 2
2 4 19
14 16 30
13 16 12
18 20 29
2 4 8
8 9 17
22 22 12
9 10 10
1 3 27
8 10 14
16 20 17
7 9 25
10 11 13
8 10 23
2 3 21
14 18 25
10 13 27
5 6 16
5 7 10
23 2 7
7 10 7
8 10 19
20 0 30
3 5 28
11 12 9
7 7 25
5 8 26
17 18 3
15 18 2
1 3 12
3 5 15
17 19 23
15 16 16
12 15 30
19 21 29
15 18 16
1 3 27
3 6 23
20 23 25
16 19 5
8 10 3
1 3 26
7 10 24
19 21 13
4 5 20
21 23 19
21 23 4
3 4 26
6 9 15
10 12 24
6 8 25
21 0 6
2 5 14
6 8 12
3 5 23
12 16 16
5 5 7
13 14 10
21 23 4
23 1 30
13 15 2
16 18 7
4 6 17
23 2 8
22 0 25
19 22 13
3 5 30
0 2 28
19 20 13
13 12 3
1 3 14
1 2 21
20 23 3
13 15 6
6 9 4
4 4 18
10 13 26
2 4 5
20 22 8
9 11 25
21 22 26
19 21 6
3 5 24
14 14 20
22 0 25
5 7 16
21 23 11
23 3 26
8 10 30
10 13 10
18 21 24
2 5 27
9 11 10
18 20 23
16 16 3
5 5 28
15 15 4
19 20 1
16 17 3
16 18 26
15 17 11
19 20 4
9 11 20
7 10 20
10 11 30
1 3 21
5 6 30
15 17 24
20 21 22
12 15 17
10 11 2
20 21 2
21 0 15
5 8 12
12 14 11
12 14 19
5 5 19
6 9 21
0 3 10
21 23 5
15 17 2
0 2 28
9 8 5
5 10 26
16 18 7
1 3 17
22 23 19
21 22 20
6 7 21
1 3 10
17 19 26
18 20 27
11 12 8
10 13 8
0 2 23
11 14 23
14 16 17
16 17 17
9 11 4
8 10 5
17 19 25
3 5 27
8 9 16
12 15 6
0 1 13
19 21 30
15 16 8
8 9 10
16 16 10
12 14 20
5 8 16
3 4 24
4 6 17
22 23 25
12 16 27
19 21 3
23 1 15
20 22 20
0 4 16
8 9 17
14 17 24
21 23 20
1 3 1
6 8 21
12 15 7
19 22 8
11 13 29
9 10 3
15 18 8
16 19 23
15 16 23
22 0 22
11 14 27
2 4 8
23 0 2
2 4 16
4 7 4
2 4 14
8 9 25
14 15 21
2 4 26
14 17 26
8 11 26
6 7 2
15 17 5
23 1 16
1 3 9
19 21 16
6 7 29
16 18 30
12 13 25
6 7 23
20 20 9
19 22 8
14 16 5
22 2 28
7 9 19
7 10 5
15 16 19
6 9 12
11 13 23
0 1 14
4 7 5
6 7 13
17 20 5
5 6 28
0 2 7
17 19 26
15 18 2
13 15 9
13 14 9
10 11 25
9 12 11
8 10 14
5 8 19
5 6 19
19 21 23
12 16 18
10 11 11
19 19 23
19 21 8
1 4 11
16 16 15
3 6 14
9 13 23
5 6 16
16 18 23
4 5 17
10 12 29
19 20 15
21 23 17
7 8 28
0 1 13
22 0 30
7 11 1
15 17 11
10 12 17
21 0 9
4 6 28
6 8 24
1 2 8
0 2 7
16 18 22
19 20 18
22 23 4
10 13 14
11 14 17
4 6 8
6 8 17
8 7 2
12 11 30
0 1 9
6 8 19
0 2 7
13 15 29
22 1 13
16 17 4
16 18 19
16 18 25
12 17 15
17 18 7
1 1 2
9 10 27
15 16 25
8 9 14
17 19 1
6 9 10
11 13 28
23 0 23
6 8 17
13 15 23
20 22 24
14 17 20
12 14 8
9 10 20
4 6 22
11 12 3
23 3 16
16 19 23
7 10 21
13 16 8
20 23 21
14 14 19
3 5 18
8 9 29
13 16 21
22 1 24
20 21 21
12 15 11
18 21 9
12 16 17
12 15 24
10 12 24
12 13 5
4 7 14
12 14 3
16 18 20
10 11 17
23 2 1
15 18 12
18 19 30
4 4 2
9 10 17
9 13 12
15 17 5
13 15 1
9 10 23
18 21 4
0 3 21
12 12 1
7 8 5
9 10 27
20 21 3
6 8 6
12 14 9
21 23 11
19 22 19
1 3 5
9 11 29
11 13 8
11 13 8
12 14 4
16 17 5
2 5 8
11 13 21
5 5 18
16 19 4
6 7 21
8 8 2
6 8 16
8 10 5
19 21 28
13 14 14
7 9 19
21 0 7
9 11 11
13 16 5
6 7 19
7 9 4
11 14 21
13 15 21
4 5 7
22 2 1
0 1 13
2 4 22
22 23 8
3 4 18
21 21 4
10 11 25
23 1 12
12 15 27
5 7 29
8 6 8
2 5 26
3 6 24
3 5 27
1 3 10
10 13 18
5 8 7
16 18 8
23 23 30
8 9 13
9 10 24
4 6 9
11 13 16
14 17 20
8 9 29
6 8 3
6 7 10
17 20 5
16 17 11
15 16 11
23 23 29
5 6 29
1 4 29
6 8 22
1 4 20
1 5 17
2 4 24
1 2 18
5 6 24
16 17 6
19 20 6
5 6 8
9 9 28
3 7 21
5 7 28
14 18 1
7 10 20
0 2 29
22 23 1
13 15 18
22 1 23
1 2 7
6 8 23
17 18 10
2 4 18
13 14 1
18 21 15
4 6 10
19 20 22
21 22 3
15 16 28
22 23 5
22 22 19
20 22 20
12 16 17
15 16 27
13 13 14
3 4 20
10 12 4
10 14 28
21 1 10
0 3 10
3 6 21
4 7 14
10 11 25
10 14 14
2 3 18
22 0 12
14 14 11
4 6 23
19 21 8
7 9 26
22 0 2
1 3 13
14 15 30
12 13 13
22 1 5
3 5 26
19 20 13
12 14 9
1 3 19
16 18 1
17 18 6
13 15 29
0 2 29
21 22 24
14 16 11
16 19 4
8 10 24
8 11 1
4 5 8
10 14 19
14 14 11
11 14 5
19 21 28
10 10 29
19 21 3
7 9 26
15 19 25
3 4 1
13 14 19
6 10 27
20 21 12
16 18 2
22 3 12
4 5 5
12 14 24
7 10 27
17 18 18
3 4 20
17 19 5
18 20 7
14 16 14
12 13 16
6 7 5
8 10 3
17 19 28
15 15 21
3 3 11
21 0 7
14 16 2
12 16 27
6 6 14
18 18 30
19 19 22
0 2 23
19 21 24
22 1 29
10 12 30
5 8 27
10 11 13
5 6 10
1 4 11
12 14 21
0 1 6
6 8 29
20 20 11
19 22 21
16 18 26
23 0 21
7 9 3
10 12 12
13 15 10
4 5 6
23 1 17
6 8 26
19 23 2
13 15 18
7 8 18
22 1 4
3 4 1
14 16 24
1 3 14
23 1 10
16 19 5
4 6 19
6 9 20
3 5 18
3 6 13
12 14 9
14 17 17
4 5 14
15 17 25
14 16 13
13 15 19
9 12 11
5 7 17
10 13 7
16 17 30
12 14 5
17 19 12
14 17 3
16 18 9
18 20 12
12 14 19
13 14 16
21 23 25
8 11 19
9 12 3
14 18 19
22 2 4
6 8 12
17 18 18
7 9 21
13 15 17
20 23 15
5 6 15
17 21 28
3 4 30
4 6 23
10 14 26
4 4 3
19 19 28
14 16 16
10 12 2
8 9 1
2 4 2
17 18 14
2 4 6
6 9 17
16 17 19
6 7 25
0 2 30
23 1 1
18 19 11
2 5 20
21 23 3
8 10 28
11 13 29
1 3 1
12 15 9
0 4 28
19 20 11
2 5 5
6 7 7
3 5 7
20 22 1
0 1 20
11 14 11
0 2 1
13 16 9
17 19 2
5 7 24
12 15 13
16 17 2
8 9 19
4 7 17
5 7 26
8 10 20
0 3 10
17 19 29
3 3 30
18 21 11
18 21 9
12 14 2
13 13 20
8 10 18
0 2 14
21 0 12
4 7 1
8 10 7
8 11 3
14 17 27
5 5 16
19 20 28
14 15 9
5 6 17
17 21 26
17 19 1
20 23 17
11 12 29
10 13 28
16 17 5
5 6 29
4 6 7
23 2 13
3 5 18
18 19 10
7 8 12
5 8 24
11 13 1
15 18 30
8 11 26
5 7 17
16 18 30
1 4 17
14 15 30
10 13 5
10 12 9
19 20 22
3 7 16
0 1 26
17 19 25
8 9 25
14 15 8
11 12 2
14 17 24
18 20 19
10 12 29
21 1 18
5 8 14
18 20 15
18 20 13
2 4 5
14 17 8
17 18 15
14 17 17
8 8 9
3 4 24
22 0 22
17 19 1
19 20 22
18 19 9
12 14 2
19 19 3
21 23 29
23 1 25
21 22 6
17 19 6
12 13 1
9 11 26
1 3 28
10 13 8
1 3 1
20 22 15
2 4 5
18 19 7
6 8 25
3 5 10
0 1 1
22 1 1
6 8 17
19 22 9
16 18 9
2 3 7
21 23 24
2 3 12
21 23 11
23 0 4
12 13 6
8 11 22
0 4 19
21 23 22
5 6 25
7 9 8
7 8 23
16 18 2
14 16 6
2 4 11
17 19 7
17 16 30
23 1 5
3 4 20
4 5 13
1 3 2
6 9 24
12 15 24
2 4 20
16 18 11
8 10 6
23 2 16
23 0 27
2 3 5
20 22 29
18 20 15
17 18 11
22 0 2
10 14 2
14 19 23
6 9 29
16 18 4
7 8 3
14 16 6
23 1 10
14 15 16
11 13 26
20 23 25
8 11 30
12 12 22
6 9 29
13 14 5
11 12 28
15 16 6
16 19 10
6 8 26
19 23 9
0 3 10
14 17 20
1 4 11
6 8 1
18 19 4
8 11 23
11 13 15
3 5 18
23 1 17
18 21 25
2 4 12
16 17 14
4 7 12
9 12 26
18 21 10
7 10 22
3 4 15
16 18 3
14 15 10
19 21 4
7 8 1
23 2 13
0 1 16
4 5 15
5 8 27
2 3 13
19 22 30
5 8 3
11 12 23
16 18 29
22 1 4
15 16 1
16 18 23
0 5 10
16 18 13
2 4 3
15 18 17
3 6 7
5 7 8
9 11 17
9 11 7
7 10 22
18 19 18
0 4 20
14 16 5
6 8 24
2 3 22
2 4 19
22 2 1
15 17 7
20 23 28
20 23 16
6 9 20
18 21 21
23 1 26
22 1 15
5 7 28
2 3 9
9 10 27
21 0 15
18 20 5
9 9 11
13 15 11
10 11 21
20 23 6
23 2 21
8 12 16
21 23 2
13 16 9
19 22 23
19 20 22
15 16 9
5 9 30
11 12 21
4 6 15
1 3 12
17 18 15
9 10 13
22 2 25
20 23 1
7 7 24
20 21 28
1 1 23
5 5 21
14 17 5
21 23 24
16 20 13
5 8 7
15 16 21
18 21 26
4 5 18
16 19 15
11 13 11
12 15 26
18 21 21
15 18 5
22 1 14
1 2 20
1 4 16
19 20 14
11 15 29
11 11 16
20 23 1
8 12 21
20 23 6
15 17 8
13 15 27
9 14 26
15 15 4
7 10 30
22 0 20
18 21 25
1 3 12
1 4 30
9 11 30
16 19 2
19 21 20
21 22 2
22 23 3
7 8 27
10 12 30
9 10 4
12 15 9
4 5 29
5 8 30
23 2 23
7 9 6
11 13 7
3 5 28
5 6 13
14 16 4
19 22 16
3 5 22
15 16 3
2 4 3
3 4 16
12 14 14
4 6 3
17 17 14
10 12 8
11 12 19
8 11 9
5 8 24
8 11 19
18 19 14
18 20 16
22 0 1
0 2 29
16 17 16
15 16 7
11 14 4
22 2 18
19 22 29
13 16 25
10 13 13
9 12 4
18 21 5
3 5 18
23 2 6
18 20 28
19 20 3
17 19 15
8 9 22
21 23 5
9 13 26
18 17 20
13 13 7
6 8 22
16 19 7
0 3 16
18 19 14
20 21 2
10 12 10
2 5 19
4 7 22
10 11 27
17 19 22
7 9 17
9 11 12
23 2 27
11 15 27
20 21 9
6 9 14
22 1 29
20 23 25
20 23 13
15 15 11
7 9 13
0 2 16
1 2 21
10 13 10
7 10 4
12 15 26
1 4 26
23 0 22
6 7 13
20 0 20
19 19 24
21 0 9
14 16 29
7 8 22
12 13 23
9 11 10
14 18 22
0 2 22
8 9 11
15 17 13
15 16 11
18 19 22
0 0 12
6 8 26
16 19 11
19 22 23
0 2 16
8 11 28
19 20 27
20 22 15
9 12 10
15 17 9
9 11 5
8 11 14
8 11 21
23 1 17
9 12 25
10 12 7
23 0 23
18 20 25
16 19 13
19 21 16
18 20 28
11 13 12
12 13 2
3 4 1
7 10 4
10 12 14
11 13 11
12 15 7
5 8 3
7 9 30
14 14 30
5 6 27
21 23 8
22 23 15
11 13 7
9 11 30
11 14 22
12 16 29
21 0 14
5 7 17
0 1 9
22 23 23
18 20 21
14 16 21
0 2 10
4 6 16
19 22 29
16 18 25
1 2 3
5 5 29
11 13 8
7 10 15
20 1 1
7 9 10
20 0 6
10 14 9
2 3 22
5 7 26
5 8 21
9 11 9
4 7 8
20 0 1
3 6 2
0 1 12
5 7 17
1 4 11
3 4 14
8 10 19
20 22 28
15 17 15
3 5 25
14 15 8
22 0 13
12 13 27
0 2 22
13 17 12
20 22 18
3 5 10
17 19 15
13 16 15
9 11 10
21 21 10
9 11 19
19 21 27
10 12 4
11 16 15
0 1 29
15 17 9
4 7 2
14 16 25
14 14 8
20 21 30
17 19 6
18 20 1
5 9 4
22 0 24
7 9 3
0 1 14
15 17 18
9 11 29
14 18 9
21 0 27
17 20 26
19 21 3
19 22 5
3 6 6
4 5 24
14 17 18
10 13 2
14 14 19
14 16 7
5 9 22
16 19 4
2 5 19
20 21 18
7 9 10
14 15 26
1 2 19
7 8 13
1 3 5
21 23 9
6 9 13
4 6 9
2 4 18
2 1 12
3 5 16
13 16 11
15 17 6
3 6 5
12 12 21
14 17 8
6 8 7
2 4 14
17 17 6
16 19 7
6 10 14
12 14 7
4 7 4
14 16 29
16 18 9
22 0 22
21 23 13
11 12 17
2 4 7
4 7 25
6 10 9
6 9 10
13 16 19
15 15 16
11 14 28
2 5 5
0 1 12
6 9 12
22 0 2
17 20 8
3 7 18
13 14 30
8 9 10
9 10 6
22 0 17
2 4 15
2 3 4
3 5 5
8 10 26
7 10 19
10 12 11
20 0 27
22 2 24
5 9 1
15 16 11
1 3 7
13 16 23
5 5 17
20 22 23
6 6 1
15 17 4
17 18 1
6 8 23
20 23 29
11 14 19
8 10 30
14 15 11
9 12 16
17 19 19
8 10 7
10 11 21
11 14 6
3 6 22
1 4 12
23 2 26
12 13 15
6 9 4
3 5 22
14 16 19
12 15 8
4 6 21
7 8 5
13 17 21
10 11 28
11 13 29
7 8 12
1 2 17
13 16 4
2 4 18
20 21 11
9 13 27
23 2 7
3 5 14
22 21 29
6 8 2
17 18 28
8 9 21
21 23 24
5 8 24
12 14 21
16 19 30
21 0 11
12 14 5
7 8 6
22 0 25
10 12 16
17 18 15
12 12 23
17 18 1
0 0 28
0 2 12
2 5 9
6 8 18
16 19 23
15 17 10
12 15 28
6 7 13
11 14 9
23 1 6
13 15 26
14 15 2
17 20 15
15 17 15
15 18 3
20 22 26
1 2 20
11 15 20
20 23 23
19 22 28
4 8 22
3 4 12
5 6 1
9 11 30
6 9 1
12 16 4
10 13 20
6 8 25
3 4 23
14 16 25
5 9 28
15 16 17
4 5 21
8 10 2
14 15 3
17 18 19
9 10 8
8 10 21
7 7 4
1 2 4
7 8 7
4 7 1
23 1 2
14 16 18
8 11 21
0 3 30
6 7 27
3 5 20
8 10 24
16 18 24
1 2 4
20 22 17
20 23 27
5 6 2
8 9 5
21 23 18
9 11 15
12 14 26
3 7 17
22 1 17
17 19 9
0 2 12
18 19 19
14 15 4
5 7 25
12 14 23
16 17 29
7 8 17
16 19 27
15 18 11
23 1 27
4 8 4
5 6 5
0 1 25
17 19 20
5 8 26
21 23 13
21 22 12
2 6 6
11 14 27
22 1 25
13 14 19
11 13 4
1 2 2
10 12 2
13 17 30
22 1 7
0 3 23
13 14 4
21 0 9
17 19 5
3 4 3
20 21 5
5 7 30
4 7 15
0 1 1
14 16 18
13 13 13
11 13 27
0 1 16
17 20 16
3 4 4
1 2 21
4 7 1
11 12 12
9 10 7
9 11 29
1 4 10
3 5 14
3 7 29
23 1 22
7 10 28
23 0 9
4 5 20
20 21 19
14 15 1
6 9 26
3 6 8
10 13 25
23 1 7
19 22 12
7 8 5
9 10 5
15 17 17
11 11 21
17 19 1
17 19 10
20 23 6
23 0 5
8 12 22
7 8 4
1 3 12
21 22 4
21 22 13
1 3 14
3 5 14
20 21 15
8 9 4
4 5 3
7 9 5
10 12 27
11 12 22
6 8 15
9 11 6
12 16 4
17 19 6
10 13 27
16 18 10
5 8 16
1 3 15
3 3 25
20 0 15
23 1 11
12 15 13
16 18 5
10 13 18
1 1 8
5 6 13
16 19 6
12 13 28
0 1 29
21 22 29
0 2 7
7 10 21
17 19 26
19 22 25
19 21 5
7 6 13
23 0 21
15 15 15
5 9 3
5 7 25
23 1 21
22 23 21
4 6 14
23 2 23
0 3 16
2 3 18
6 9 18
6 8 26
16 18 21
14 15 4
14 15 1
1 4 23
4 4 28
3 4 6
22 0 29
19 22 8
4 7 10
1 3 5
3 5 23
1 2 30
7 9 6
9 10 15
6 8 14
11 13 27
18 18 15
13 16 21
23 2 19
16 17 20
14 15 21
17 20 8
21 21 1
20 21 8
12 14 11
20 0 9
14 17 30
0 1 26
9 11 17
23 2 28
2 5 3
18 20 7
20 22 5
16 17 1
23 1 12
20 21 2
2 4 6
9 13 24
21 23 29
17 21 3
9 10 24
10 13 24
7 8 7
20 23 6
2 4 14
2 4 6
19 20 28
22 1 16
22 1 14
1 3 17
17 20 4
14 17 15
1 4 6
15 18 22
10 14 7
17 19 6
8 10 14
23 2 26
4 5 3
7 9 20
18 22 26
22 2 10
14 17 23
5 7 13
7 10 27
4 8 16
20 23 20
10 12 28
22 0 11
19 22 25
10 11 9
5 8 29
8 10 6
9 11 22
18 20 21
10 12 21
4 6 23
11 11 23
18 18 27
0 3 26
3 5 1
15 17 22
22 1 6
2 6 12
16 18 3
14 15 2
17 19 8
20 21 19
10 11 21
10 13 4
5 6 5
9 11 25
11 11 10
13 16 29
5 6 27
2 3 16
8 10 30
15 19 2
4 4 9
18 21 15
4 5 1
0 4 21
3 5 13
23 2 18
22 1 17
12 14 23
23 3 14
17 19 19
12 14 17
14 15 29
6 6 16
13 13 23
14 17 8
17 20 1
15 17 6
23 3 26
9 12 27
0 1 8
7 9 15
20 20 4
8 11 6
21 0 9
12 15 14
6 6 9
19 20 20
12 13 4
0 1 28
6 9 7
4 5 21
13 14 25
11 12 3
12 15 29
6 6 10
10 13 20
17 21 8
1 4 1
20 22 25
8 10 6
18 19 12
14 17 10
1 5 16
22 23 3
19 22 6
19 23 14
9 12 7
17 18 7
13 14 24
10 10 30
12 15 17
1 5 4
3 5 15
4 6 15
9 10 24
20 22 17
17 19 12
23 1 8
20 21 27
16 19 25
23 23 27
18 19 16
1 2 3
20 21 30
9 10 13
15 18 2
22 22 10
11 14 12
9 10 14
18 20 27
23 2 1
18 20 22
19 21 5
4 6 18
3 5 26
22 0 2
2 5 14
12 15 30
11 12 8
3 4 10
1 2 24
22 23 27
4 4 26
18 21 19
16 18 4
5 6 24
15 17 3
16 19 1
7 9 30
10 12 21
20 22 28
2 3 7
7 10 13
18 19 6
7 10 19
4 6 10
16 19 21
1 2 5
10 13 21
16 17 19
4 6 22
15 18 19
1 2 24
21 0 20
10 10 23
11 15 16
13 15 20
9 9 16
22 23 19
17 19 27
23 2 23
12 15 3
18 22 17
21 23 27
6 6 8
1 4 28
0 2 13
8 11 5
6 7 4
16 18 23
23 3 2
22 23 10
23 1 22
4 6 24
15 16 22
15 16 24
15 15 19
12 15 2
15 17 24
6 5 26
14 18 1
21 23 17
21 0 4
8 12 10
13 14 10
21 22 16
8 10 17
4 6 4
10 12 5
4 6 8
16 19 18
2 5 19
6 9 14
11 14 9
4 6 19
17 18 6
9 10 3
15 18 6
20 22 15
23 1 16
16 18 27
4 7 18
19 22 8
18 19 11
15 16 16
20 22 26
13 15 17
4 5 5
7 10 11
0 0 18
15 18 10
12 14 10
13 15 15
3 6 23
21 0 23
12 14 8
13 15 8
14 16 20
17 18 19
18 20 2
0 2 12
12 14 18
11 13 30
17 17 8
23 1 18
0 1 14
7 10 5
15 17 9
23 2 26
20 22 6
15 18 24
13 14 30
2 4 20
10 12 13
11 14 26
4 5 9
2 5 27
13 15 21
15 16 6
17 19 30
3 5 5
5 7 12
10 11 5
13 15 23
18 22 28
2 4 3
20 23 28
17 19 8
19 22 27
0 3 3
11 13 3
1 2 8
16 18 21
6 8 13
16 17 10
8 10 25
9 12 15
17 20 25
10 12 4
13 16 22
6 7 6
17 19 25
6 7 4
7 10 18
15 17 9
0 3 20
6 7 13
0 2 30
9 9 13
15 18 8
6 8 29
19 21 3
2 3 6
14 16 2
21 0 3
1 2 11
1 3 26
16 20 27
6 10 9
13 16 29
1 4 12
0 1 20
5 8 24
22 0 30
8 9 17
10 13 27
8 10 17
15 17 13
5 8 13
23 3 7
3 4 7
22 0 12
14 17 21
14 16 17
8 12 15
20 22 9
21 0 3
23 2 18
15 15 11
1 3 4
1 3 24
0 2 7
3 4 15
3 5 14
20 23 30
11 12 17
19 21 12
12 14 11
19 20 24
3 6 25
5 8 26
22 0 18
10 11 23
20 22 2
7 9 7
18 20 29
19 21 3
1 3 14
18 20 6
12 14 19
21 20 25
20 22 5
16 18 8
12 13 28
4 4 14
2 4 27
8 11 16
7 8 22
14 17 9
21 0 1
15 17 10
4 5 18
1 3 25
4 6 7
3 4 17
15 17 2
22 0 26
7 10 9
15 18 28
2 5 28
4 5 9
23 1 9
12 16 9
15 18 6
22 0 10
14 16 26
10 12 13
8 11 30
22 0 4
14 16 19
14 15 14
9 11 22
1 2 22
17 18 9
19 21 9
7 10 19
19 21 12
18 21 9
5 7 11
14 15 24
7 8 9
1 3 13
6 8 2
14 17 5
16 18 14
6 7 1
15 17 29
23 23 1
16 18 21
12 13 30
22 0 1
18 21 26
7 9 29
0 2 18
22 23 2
16 19 5
6 6 3
19 20 26
15 17 18
11 12 9
13 16 23
6 8 29
12 13 14
14 18 21
17 19 20
4 6 28
10 11 12
6 7 9
3 4 10
22 0 20
11 13 26
17 20 30
19 20 15
7 9 20
1 1 16
9 11 1
3 6 25
8 10 2
3 6 26
3 7 17
10 13 19
15 18 29
17 20 25
9 10 14
19 23 22
22 0 8
0 2 7
1 4 27
23 2 5
10 13 20
2 3 6
10 11 30
16 18 6
1 2 11
1 4 3
12 13 16
18 20 17
17 18 6
8 8 26
16 18 24
3 4 26
17 18 2
8 10 7
0 5 29
5 7 21
11 13 13
11 13 11
8 9 22
2 6 11
1 1 18
1 2 17
19 21 8
5 7 17
23 0 2
23 1 15
17 18 18
11 13 29
12 13 24
12 14 13
0 3 3
14 19 8
8 11 25
10 10 5
9 12 1
7 10 11
14 15 23
16 17 5
14 16 5
20 21 16
14 16 30
20 21 9
3 5 8
21 23 11
10 13 14
1 3 27
8 10 28
23 0 20
3 7 22
3 4 3
11 12 30
20 23 28
1 3 11
10 11 3
4 6 29
23 1 5
8 10 2
23 2 21
1 1 11
20 22 5
20 22 19
9 11 1
22 0 28
20 23 7
16 18 2
3 4 30
1 2 30
13 15 9
1 3 28
18 19 28
21 0 16
5 9 12
23 2 8
21 0 26
9 11 6
1 1 28
1 5 8
15 16 25
5 7 19
1 3 18
7 8 29
2 5 2
16 17 4
19 22 15
17 20 13
11 13 20
20 23 5
6 10 26
1 4 10
6 8 20
11 14 17
23 1 29
0 2 8
11 14 7
7 9 10
12 13 6
9 9 15
20 21 19
17 21 4
10 11 13
12 15 6
18 20 10
15 18 1
1 4 20
23 0 7
23 0 5
9 11 9
6 9 14
19 23 22
1 3 3
20 23 23
8 12 8
7 9 14
3 5 30
11 13 29
17 19 7
9 12 8
12 14 18
3 6 24
16 18 19
6 8 18
0 0 28
10 11 23
17 19 11
0 2 16
10 11 26
13 14 21
9 10 18
17 19 5
19 20 11
22 23 3
12 14 13
17 20 3
12 13 19
8 10 6
18 22 13
11 12 27
5 5 28
8 10 12
7 9 18
6 8 9
5 9 17
20 0 19
13 15 8
3 5 16
1 3 10
17 20 15
12 15 1
0 1 30
1 5 20
4 9 7
1 3 17
23 0 13
19 19 29
7 10 24
13 14 10
19 20 30
0 2 6
7 8 29
20 23 21
21 21 6
14 17 26
7 8 13
6 8 28
0 4 15
16 20 23
3 6 21
1 3 18
9 13 8
18 19 27
22 1 13
7 10 20
11 14 18
15 17 8
12 16 9
19 19 28
10 12 21
23 1 10
2 5 29
10 11 5
11 13 15
3 5 29
7 9 26
14 15 12
3 6 13
2 4 3
0 2 8
17 20 24
9 12 28
17 19 26
5 5 18
6 7 10
14 19 30
17 19 21
0 1 28
19 21 21
5 7 23
2 3 17
11 12 14
7 8 25
2 5 7
16 17 29
7 9 30
21 23 16
20 23 24
16 18 21
13 14 9
17 20 30
9 10 30
6 8 8
13 18 20
5 8 25
1 1 12
7 9 17
12 15 10
5 8 15
13 15 4
17 19 19
1 2 1
2 5 26
15 17 6
10 12 19
14 15 18
0 2 21
17 19 5
22 23 20
13 15 15
5 7 1
2 5 4
2 3 30
6 7 5
7 10 27
12 13 7
7 10 19
0 1 13
0 3 22
6 9 12
2 4 9
5 6 27
17 22 1
19 21 28
8 10 10
20 22 3
23 1 26
0 0 25
2 5 21
5 5 6
1 3 17
21 22 15
13 16 1
18 20 6
6 7 21
3 4 17
15 17 9
17 21 27
14 16 13
23 23 15
19 20 21
19 20 28
1 3 18
2 4 15
21 0 13
7 9 30
11 17 28
17 19 19
10 12 18
19 22 28
14 17 15
21 22 18
9 12 11
3 5 19
17 18 25
11 13 22
0 1 25
2 3 26
18 19 13
7 8 26
11 12 12
19 20 15
3 5 19
3 4 4
6 8 16
20 23 13
4 4 12
19 20 10
12 14 22
19 22 6
0 3 7
9 10 8
22 0 9
4 6 30
14 15 29
0 -2 20
13 16 21
8 11 1
14 16 23
0 1 28
0 2 24
10 11 2
13 14 3
14 16 25
