730 30
9 24 28 27 16 10 17 8 25 9 19 21 25 22 20 30 4 15 7 29 26 20 20 1 5 7 8 13 2 11 
16 17 28
19 21 8
16 17 21
11 13 30
18 21 27
3 5 14
19 22 13
13 14 8
12 13 22
12 14 5
11 13 22
2 5 29
19 22 4
15 16 15
22 0 1
6 9 6
20 23 17
6 7 14
22 2 29
7 10 12
20 22 15
3 5 30
11 13 6
9 11 11
0 2 22
10 12 1
9 11 9
10 12 2
11 12 20
23 1 5
15 17 14
4 4 17
10 12 21
18 20 17
12 13 26
11 12 27
13 15 10
5 6 26
9 11 7
0 0 1
20 0 10
17 20 28
19 22 7
0 2 22
3 5 30
8 10 15
1 3 11
5 6 12
12 14 26
6 8 7
11 14 3
2 3 27
16 19 6
11 14 28
11 14 19
22 0 23
16 19 16
14 16 8
22 1 13
6 9 21
12 15 22
3 4 5
20 22 6
17 18 1
1 3 4
7 10 6
17 19 23
8 11 28
22 22 18
12 13 5
5 7 2
1 3 27
19 21 28
1 3 8
4 5 3
9 10 13
5 7 23
0 2 25
19 22 14
1 3 29
8 12 2
13 16 26
9 11 27
5 7 19
18 20 8
12 14 1
23 1 18
14 15 17
20 0 20
13 16 29
11 15 8
18 19 28
13 15 10
19 20 30
16 18 17
19 19 11
18 19 16
9 12 12
21 0 2
5 7 11
9 10 19
19 22 19
12 15 19
0 3 1
14 17 27
18 19 19
10 13 13
10 14 6
15 17 19
9 13 19
19 0 7
9 10 28
3 5 13
20 22 15
3 5 16
4 7 21
3 4 28
15 17 25
9 11 14
15 16 17
13 16 4
6 7 8
22 0 28
5 7 20
20 21 7
21 23 6
2 3 23
14 17 16
9 12 20
3 4 21
12 14 24
0 2 27
9 10 22
11 12 20
2 2 16
13 15 7
4 5 29
20 21 14
8 11 10
17 20 21
7 9 19
7 10 30
14 14 27
14 16 2
1 2 7
21 0 4
17 19 8
14 17 24
22 0 3
6 9 9
23 0 21
20 23 5
19 21 11
8 9 16
2 4 1
7 8 15
7 8 1
16 17 7
4 9 25
1 3 25
19 22 29
7 9 29
0 0 4
19 22 14
22 0 9
11 12 9
16 18 7
0 3 14
19 22 5
21 22 14
20 22 6
13 14 18
18 21 3
7 9 25
17 19 7
23 1 26
17 20 6
6 8 11
0 3 8
10 12 23
11 14 28
17 18 27
22 22 22
13 14 17
1 3 15
7 10 25
8 10 15
16 19 19
10 11 6
9 10 12
2 4 4
13 15 8
23 1 13
17 18 15
11 12 20
12 14 13
19 20 10
12 13 8
0 2 23
4 5 24
22 23 27
10 11 5
6 8 28
1 5 21
6 8 29
20 23 13
23 2 12
16 17 8
22 0 15
20 22 25
7 9 22
13 14 13
9 11 7
20 20 5
4 6 3
18 21 19
9 10 27
3 4 27
10 13 6
11 13 28
19 23 12
10 12 17
15 18 4
4 5 24
10 12 6
18 20 13
7 10 25
3 4 9
18 21 1
7 10 29
22 0 25
13 16 2
16 21 12
21 22 15
17 18 14
21 23 15
19 21 29
20 22 23
2 3 9
10 12 24
15 18 18
19 20 3
20 22 5
19 19 22
0 2 1
12 15 28
12 14 6
10 12 13
11 14 20
13 15 17
6 7 28
10 12 24
12 14 17
3 5 13
21 0 11
20 21 20
2 6 12
4 6 5
5 8 2
0 2 29
13 17 1
2 3 6
23 0 30
6 9 22
14 16 28
10 13 16
22 2 6
10 11 13
14 15 2
22 1 12
20 21 27
3 5 20
0 3 11
6 6 10
23 0 15
16 19 6
6 7 20
8 10 14
5 8 23
19 22 28
20 22 14
6 8 6
19 22 13
15 17 16
6 8 8
5 8 13
23 1 25
12 13 25
5 6 27
8 11 6
14 14 22
13 15 29
21 21 2
13 14 24
18 21 12
7 9 6
12 15 8
22 23 3
23 1 29
9 10 15
16 18 16
11 12 26
6 8 1
3 6 27
21 23 22
9 10 24
6 8 23
10 12 28
14 14 2
22 0 9
14 18 22
8 7 11
14 16 29
16 18 11
5 5 2
0 1 12
6 7 23
7 10 15
19 22 27
21 0 29
0 4 14
21 22 6
22 22 1
12 15 17
5 6 2
4 4 8
4 5 8
15 16 30
15 17 5
14 17 15
15 17 21
9 10 15
14 16 6
4 4 7
21 22 16
7 10 13
3 4 1
5 8 18
2 5 19
13 14 10
19 21 9
9 11 24
0 3 16
3 4 1
23 2 9
17 19 12
11 12 15
18 20 25
21 22 26
2 5 20
13 13 17
4 8 22
18 19 21
16 18 4
10 11 30
20 23 2
19 22 7
0 3 9
1 3 1
10 13 14
1 2 12
16 19 22
2 4 26
16 18 1
3 6 27
2 4 24
3 6 6
18 22 15
15 17 25
8 10 20
19 23 24
23 1 9
18 21 4
11 14 27
22 0 2
15 17 19
21 22 8
15 18 2
19 21 30
12 13 8
4 5 7
0 1 28
21 23 13
22 23 18
12 12 28
5 6 25
16 20 20
19 22 9
13 15 6
18 19 16
6 10 25
7 8 23
15 16 8
16 17 30
3 5 3
17 17 15
9 11 24
1 2 26
0 3 8
21 0 10
15 18 24
16 18 3
10 12 29
0 3 13
18 20 5
0 2 4
20 21 9
4 7 20
17 20 16
23 1 3
23 2 24
10 12 21
4 7 26
7 8 28
4 5 8
20 22 17
19 22 8
22 0 13
12 14 26
23 3 5
10 13 19
7 8 22
19 21 15
15 16 1
14 16 5
20 21 30
18 22 29
11 14 25
13 15 12
22 1 22
7 12 7
19 21 12
20 0 14
16 18 16
14 16 25
14 17 2
5 6 9
10 12 3
14 14 13
8 9 10
17 19 6
9 12 4
16 18 28
0 2 1
6 9 18
3 4 22
0 1 20
19 23 16
9 11 20
9 11 14
15 19 19
2 5 12
22 0 18
3 7 22
20 22 27
16 18 8
1 2 28
18 19 23
21 23 10
4 7 22
5 6 6
19 20 30
15 17 1
1 4 16
1 2 21
10 14 27
21 22 16
23 1 14
0 3 22
22 1 20
11 12 7
17 19 17
22 1 30
4 6 14
21 0 20
21 23 8
22 0 30
0 2 17
8 12 21
2 4 16
12 13 5
8 9 21
21 2 29
7 10 30
14 17 4
2 5 4
3 4 1
1 4 22
14 17 24
16 19 19
23 2 6
23 2 16
7 9 16
1 4 6
14 17 3
10 12 12
6 7 5
12 14 22
10 13 9
4 6 14
1 3 3
15 17 1
15 18 11
12 13 15
10 13 5
3 5 22
21 23 11
17 18 27
23 23 16
5 6 28
12 13 15
22 1 25
15 18 15
8 12 9
12 14 21
9 10 25
20 22 23
7 9 14
11 13 18
9 12 20
11 14 26
19 20 1
23 0 28
11 11 25
1 2 7
3 5 17
5 6 22
4 6 4
11 15 10
20 0 11
18 20 22
8 10 25
10 12 23
23 0 24
16 18 16
3 4 7
13 15 7
11 14 4
19 20 30
11 13 3
8 10 3
9 10 10
4 6 7
3 3 25
6 7 2
10 13 21
21 2 24
18 19 20
16 17 27
9 10 27
3 6 23
22 23 11
10 11 12
9 10 22
15 18 17
3 3 24
21 22 25
22 1 29
21 21 25
21 23 25
6 6 7
15 20 20
10 11 6
1 2 20
10 12 27
8 11 10
23 2 22
13 14 20
17 18 26
5 7 4
19 21 30
3 4 28
22 1 6
15 14 14
13 15 12
18 19 7
15 17 8
10 12 26
13 13 7
11 12 21
10 12 27
2 4 8
10 14 25
16 17 7
20 22 11
13 16 14
11 13 18
13 15 3
6 9 6
3 6 30
5 9 27
15 16 23
6 9 12
17 17 24
10 14 21
8 10 14
19 20 7
18 21 13
13 14 12
15 16 1
14 14 23
9 10 8
9 12 30
11 13 25
23 0 3
18 20 22
11 14 22
10 12 1
1 2 14
16 17 7
2 5 30
20 23 1
11 14 8
19 23 11
13 15 22
20 22 23
0 2 29
8 11 21
9 9 17
10 12 7
6 8 11
6 9 14
21 0 24
15 17 6
10 12 30
16 18 22
15 16 3
13 14 29
21 0 20
19 22 8
7 8 21
12 15 22
10 12 11
5 7 23
19 22 28
9 12 22
2 3 5
14 17 25
12 15 29
11 12 12
18 21 19
15 18 18
21 23 24
4 7 4
18 21 5
16 20 14
2 5 24
4 6 11
17 18 22
6 8 1
23 1 23
6 8 15
22 22 21
9 12 9
2 4 12
7 8 4
5 7 21
2 6 4
13 14 4
4 6 29
12 15 18
19 20 6
18 20 22
10 13 11
7 9 1
0 3 17
12 15 30
17 19 24
7 10 6
17 20 14
10 13 7
19 22 9
15 18 24
15 18 25
22 0 5
23 3 13
8 12 14
4 7 6
2 4 11
19 21 23
12 14 12
2 3 1
3 6 28
9 9 11
23 3 10
16 17 6
4 6 14
22 1 12
0 2 21
14 17 16
18 19 4
16 18 29
7 10 5
6 8 15
21 22 13
9 11 14
15 17 7
0 3 3
16 19 5
22 22 22
4 5 2
12 16 12
5 8 6
15 19 27
5 7 13
11 12 8
14 16 24
18 20 18
19 23 9
0 3 30
9 12 5
21 22 20
9 11 22
6 9 12
13 16 25
14 16 7
14 16 16
19 21 26
15 17 20
3 4 5
1 5 20
11 11 3
12 15 29
11 13 12
19 22 15
17 20 14
18 18 6
3 5 10
12 14 7
19 22 20
