750 30
7 14 19 6 5 8 1 15 2 22 6 23 2 6 14 22 11 24 21 22 28 28 26 9 26 2 6 23 29 4 
5 8 22
2 4 4
22 23 23
18 21 19
3 7 26
0 2 11
23 2 9
9 11 22
16 18 22
20 21 24
19 21 1
1 2 11
17 19 1
3 5 2
1 4 17
14 16 19
8 9 19
0 3 19
21 0 5
20 21 4
2 6 13
4 5 7
10 12 30
22 1 10
9 11 23
23 3 12
3 6 15
1 3 1
1 3 4
19 22 18
3 3 15
6 10 15
19 23 1
5 7 22
15 18 8
7 9 27
13 16 24
9 13 28
10 12 14
3 6 6
21 22 10
8 10 9
17 19 26
1 4 18
19 22 3
13 14 24
3 5 5
15 18 6
22 1 2
11 13 6
14 16 8
6 6 14
0 1 28
16 17 16
22 0 28
1 2 4
13 15 28
18 20 20
20 23 19
5 6 10
5 7 13
12 14 10
17 19 5
6 7 16
13 14 20
8 10 23
12 14 9
18 19 21
7 8 3
9 9 29
13 16 10
18 20 5
16 19 11
1 3 28
23 0 19
15 16 2
21 23 26
5 6 5
22 1 23
0 3 13
11 13 27
22 23 29
6 8 11
13 15 14
11 13 26
22 23 7
16 16 1
17 20 20
5 7 13
14 15 22
14 16 21
22 23 3
3 4 13
9 11 20
8 11 6
18 18 19
13 16 17
23 3 25
1 3 8
11 12 24
0 2 2
22 0 17
9 9 20
20 22 19
21 23 12
7 8 15
10 12 19
23 1 16
4 6 16
10 12 19
12 13 23
7 8 22
18 19 4
11 15 22
8 9 1
4 4 5
22 1 1
0 2 1
3 4 20
0 3 27
16 18 28
18 23 21
19 21 21
12 13 28
19 20 26
14 14 9
2 5 8
14 14 20
13 15 27
12 14 10
2 3 23
19 22 1
1 6 25
13 15 15
3 5 15
3 4 25
5 6 18
10 14 29
0 2 29
4 5 16
2 2 23
13 15 29
8 8 8
12 14 1
20 22 2
5 7 6
10 12 28
0 2 23
19 22 8
18 22 25
13 15 15
6 8 24
12 15 1
10 14 26
11 13 17
1 2 26
23 1 22
15 16 11
20 21 14
20 0 19
16 17 29
23 1 27
10 12 5
11 12 5
7 9 9
13 15 24
4 6 14
9 11 30
23 1 20
22 1 10
2 7 14
21 22 6
12 13 11
20 22 27
16 17 20
18 19 1
20 22 2
5 7 29
6 9 2
5 6 30
6 9 12
2 3 26
15 18 20
23 1 14
0 1 18
10 12 21
14 16 28
23 0 5
17 19 12
16 16 24
13 13 6
5 7 11
15 19 9
0 0 4
17 19 10
12 15 2
19 23 21
16 18 3
1 3 18
15 17 11
22 0 23
3 5 25
20 23 4
11 13 4
20 21 5
9 11 28
2 4 12
15 17 4
23 2 10
11 14 28
3 5 28
9 10 9
11 14 10
17 17 28
23 2 25
12 12 10
5 7 6
3 4 2
2 5 18
23 1 10
0 0 10
15 16 18
20 23 12
5 7 6
8 10 5
11 14 16
9 10 7
23 0 3
18 18 29
2 3 14
17 18 16
18 20 27
10 13 8
2 4 15
13 14 12
19 23 17
21 23 16
8 9 25
23 23 28
17 20 28
5 6 14
9 12 2
6 10 7
1 2 21
12 13 28
9 13 9
17 18 16
12 13 6
2 3 28
18 19 6
7 7 3
14 16 12
11 12 14
8 11 3
9 9 10
22 23 1
6 7 16
2 4 11
9 11 15
12 15 21
17 19 6
13 13 24
12 14 15
10 12 21
13 16 5
15 17 5
14 15 6
1 4 30
18 20 2
10 12 13
14 15 3
2 3 18
20 23 22
21 23 1
16 20 15
3 7 25
7 9 26
18 22 7
3 5 17
17 18 21
14 16 23
16 17 29
11 14 25
2 6 11
14 16 12
0 1 10
11 13 21
15 18 27
21 22 28
19 19 23
0 1 21
14 15 24
15 16 25
16 17 27
10 12 24
23 3 13
10 10 30
8 10 7
19 22 3
0 3 28
19 21 5
23 2 12
12 15 4
9 11 29
8 12 20
21 0 16
5 8 12
6 6 18
7 9 18
12 15 22
14 15 20
10 12 3
8 10 1
6 8 17
21 23 13
5 7 1
14 15 29
20 21 14
5 8 17
23 0 30
23 1 3
0 3 9
22 0 9
20 22 21
14 15 6
2 4 28
21 23 25
14 17 9
8 9 8
12 15 5
4 7 1
3 2 12
1 2 21
21 22 10
13 15 24
23 2 11
12 15 30
22 1 30
5 9 11
8 8 11
1 4 19
0 2 15
7 7 2
9 11 25
1 3 3
22 0 23
15 17 29
22 23 9
1 2 20
4 6 8
11 12 22
4 6 4
1 3 11
0 1 13
13 15 12
1 3 4
18 18 11
12 14 25
20 23 18
1 2 2
18 21 21
4 7 23
9 11 18
16 19 20
18 21 24
7 10 20
9 10 19
2 4 29
11 15 3
21 21 2
3 5 27
14 16 3
18 19 24
1 3 11
23 1 12
15 19 1
12 13 9
12 15 4
8 11 17
0 0 26
20 21 7
8 9 20
2 6 11
9 10 16
6 9 18
9 12 4
6 8 17
17 18 4
14 16 21
12 14 16
6 9 19
10 12 26
14 17 3
10 11 9
15 18 7
0 3 6
2 6 27
7 10 12
22 22 1
5 6 24
14 15 23
0 3 17
10 11 11
20 0 19
20 22 18
14 16 24
5 7 11
14 14 14
16 16 28
9 12 20
17 19 19
17 17 12
12 14 1
2 6 8
21 23 17
4 6 17
17 18 25
4 8 10
6 7 28
14 18 5
17 17 21
14 16 2
7 11 23
11 11 16
3 4 12
6 9 12
7 9 12
11 12 22
20 22 21
16 18 29
5 6 14
9 11 12
13 14 25
1 3 5
0 2 2
7 10 15
4 5 9
18 21 7
11 12 30
16 17 18
2 5 19
12 15 1
13 15 10
5 6 10
15 17 23
23 3 28
2 6 20
5 7 27
12 15 26
9 10 18
16 18 17
9 11 29
4 4 10
4 6 28
14 18 18
1 1 14
18 20 17
8 10 9
22 23 14
9 10 5
21 22 3
20 22 17
12 16 5
22 1 14
22 0 20
4 6 18
22 22 6
10 14 12
20 22 18
15 18 26
5 6 15
18 20 16
20 22 11
1 4 29
14 16 11
16 16 2
5 7 25
3 5 6
16 19 12
12 14 4
9 12 3
13 15 27
3 4 8
9 12 12
3 5 29
13 14 17
10 11 26
13 15 5
22 1 24
7 9 26
22 2 19
12 13 4
16 18 23
6 8 4
13 15 12
12 14 12
19 20 22
12 15 8
9 12 9
2 5 8
2 3 12
23 1 1
23 3 12
15 18 24
21 23 15
2 4 13
5 7 2
17 18 27
1 1 19
23 2 29
2 3 23
0 3 3
21 0 13
16 17 4
20 23 3
11 11 15
3 5 19
8 9 20
20 22 11
2 4 26
22 0 16
23 2 2
1 2 25
4 5 20
8 12 16
18 18 3
7 11 26
7 9 6
7 8 12
18 19 5
19 20 29
5 6 17
11 14 28
12 14 9
23 1 7
4 7 25
0 1 14
14 15 7
0 3 27
13 13 17
1 4 9
12 14 2
7 8 22
0 1 23
8 11 6
22 0 17
18 19 3
17 20 8
0 1 25
10 13 22
20 22 3
13 15 19
20 21 5
11 15 28
13 15 29
6 7 9
6 8 24
13 15 2
11 14 30
22 0 6
16 18 22
23 1 29
4 4 16
7 10 13
21 0 15
21 22 20
11 13 2
6 9 3
10 12 8
10 12 20
11 13 22
2 3 15
18 20 13
18 19 23
19 20 13
12 15 15
14 17 2
22 0 15
12 14 3
21 0 22
1 3 11
16 18 20
15 18 22
13 14 25
2 6 24
23 0 21
15 16 22
7 8 13
16 17 3
23 1 29
6 8 30
8 9 10
0 1 5
11 12 20
9 12 5
13 14 29
22 0 9
1 2 28
16 18 7
17 18 3
11 14 23
3 5 7
8 9 3
15 17 15
4 7 19
14 15 7
19 20 19
6 9 10
13 14 19
4 6 1
12 14 28
17 19 14
0 3 3
16 18 5
17 20 15
3 4 5
14 17 3
21 0 7
13 17 19
1 4 3
20 22 6
1 2 7
1 3 23
11 14 26
17 20 15
6 8 2
7 7 2
1 4 15
19 22 22
15 18 3
7 9 11
5 6 17
10 11 28
17 19 26
1 3 9
6 9 17
4 5 26
6 7 17
20 22 26
1 3 9
2 4 4
0 1 18
10 13 8
17 19 4
23 1 23
5 6 30
10 13 10
20 23 25
18 20 17
12 14 27
9 10 26
22 0 11
13 15 5
23 2 13
15 17 22
12 14 14
4 5 21
14 17 22
18 20 10
15 16 21
11 14 30
3 6 5
22 0 25
21 22 14
10 12 23
2 3 1
5 8 30
4 8 1
18 19 16
11 15 17
16 19 23
12 14 8
4 7 28
2 3 17
7 9 28
8 9 29
14 15 22
2 5 24
22 0 4
18 20 2
1 3 22
10 12 9
12 16 2
5 6 3
3 8 30
19 21 2
5 7 26
4 7 29
15 18 2
9 11 4
1 2 28
21 0 19
20 23 9
10 11 19
8 10 29
13 15 2
4 6 29
21 0 21
4 7 24
14 15 7
10 13 7
3 3 4
5 8 8
21 23 3
13 14 21
2 4 13
14 17 14
13 16 10
7 8 13
9 11 26
19 20 22
2 3 28
11 13 24
12 13 28
15 17 24
3 5 27
1 3 24
19 19 19
5 6 8
3 7 7
9 11 7
17 19 28
15 18 12
7 9 8
22 23 9
8 12 21
10 13 6
15 16 19
2 3 8
23 0 10
0 2 26
10 11 1
16 17 17
18 20 10
7 10 8
2 4 9
9 12 26
12 13 10
2 4 26
14 15 23
19 22 17
3 5 20
19 21 28
1 2 6
1 3 2
23 1 27
4 4 21
18 19 27
18 21 10
20 22 21
