780 30
6 24 7 4 30 30 1 4 15 23 23 4 29 28 28 25 27 14 19 2 13 11 22 22 16 19 21 20 3 9 
9 11 9
23 2 6
10 13 17
12 15 13
6 8 21
9 12 8
13 15 21
22 0 15
11 15 22
14 17 11
14 17 26
5 7 24
5 8 19
1 1 10
7 9 22
7 8 18
18 19 25
1 6 8
20 22 25
2 5 24
4 7 1
1 3 10
0 2 7
17 21 25
10 12 27
15 17 14
17 18 27
20 22 12
5 7 17
7 10 2
5 7 27
20 23 15
4 7 27
0 2 1
2 3 28
0 1 26
6 6 13
22 23 10
10 13 30
1 4 4
19 23 6
12 15 15
6 7 11
4 6 26
3 5 26
8 10 18
12 14 9
2 5 28
11 13 17
23 23 1
11 13 5
16 16 3
7 9 15
6 9 23
14 17 15
20 20 17
8 10 17
13 15 9
20 23 11
9 10 22
23 2 11
10 13 11
13 14 29
3 3 10
3 4 16
10 10 15
18 21 20
6 7 5
21 23 24
19 20 4
1 2 25
10 11 15
20 22 14
12 13 26
5 5 12
4 6 13
17 19 11
22 0 21
10 14 1
7 9 27
2 4 22
4 6 25
4 8 11
20 21 19
10 14 6
5 7 22
11 12 29
2 3 7
15 15 23
17 18 2
9 10 10
4 8 23
10 12 15
5 9 21
5 7 3
15 18 27
3 4 18
7 10 14
14 16 13
16 18 8
2 5 7
14 16 23
17 19 5
19 20 17
18 19 28
13 15 16
12 15 19
22 0 8
23 3 28
1 4 3
22 23 11
16 18 11
2 2 19
2 4 1
11 13 6
8 9 14
22 1 30
8 10 6
5 7 4
14 17 9
20 23 2
6 8 21
22 0 8
14 16 24
20 21 14
18 20 21
16 19 18
12 13 16
5 8 28
12 13 1
12 15 23
13 17 2
13 15 8
3 6 17
5 7 19
17 21 20
17 17 22
14 18 4
17 19 27
22 1 6
19 21 5
9 11 2
22 23 4
23 0 1
8 10 8
18 20 6
11 12 30
5 6 12
21 0 26
10 12 2
23 0 22
5 8 18
22 1 15
6 8 18
15 17 16
3 4 21
11 12 19
7 9 18
23 1 21
2 3 28
18 21 24
13 15 30
19 21 24
8 10 5
18 19 17
11 12 9
10 12 15
15 16 6
7 8 3
11 12 22
1 3 7
22 23 2
8 11 16
5 7 19
17 18 11
21 23 6
5 5 29
9 10 17
2 3 25
21 23 15
10 12 6
14 18 1
5 6 5
1 3 3
21 23 28
15 16 11
9 11 29
21 22 5
10 12 5
7 10 9
6 9 23
8 11 27
22 0 16
0 2 22
9 11 24
19 21 12
1 2 16
1 2 12
15 18 9
16 17 17
6 9 12
7 10 7
12 13 4
18 20 3
19 19 10
14 17 20
12 14 17
18 20 23
22 23 13
7 8 18
14 16 11
10 12 23
0 1 11
7 9 11
21 1 5
20 22 29
7 10 19
17 17 27
14 16 15
16 19 8
11 13 11
5 6 24
6 7 22
20 22 20
13 15 28
13 14 23
10 10 21
21 23 20
8 10 1
3 5 14
13 15 27
23 1 29
2 5 1
5 7 24
21 23 9
12 15 23
15 17 20
19 20 4
23 2 10
14 19 10
11 12 3
4 7 30
9 12 25
8 10 17
10 14 9
10 13 16
14 17 23
18 21 12
22 0 8
11 11 10
3 7 27
9 12 8
16 18 8
0 4 9
11 13 6
13 15 28
22 0 24
17 18 5
2 5 30
5 7 8
12 13 17
10 10 27
6 8 10
16 18 23
20 22 28
0 2 18
0 1 25
7 10 30
17 18 9
9 10 26
17 19 12
18 20 20
12 15 19
2 4 22
9 12 9
0 2 12
20 23 12
0 4 19
13 15 7
11 14 21
1 3 27
13 15 28
2 5 2
0 3 19
21 23 27
17 18 4
2 5 28
17 19 10
2 4 1
6 9 30
13 13 29
16 18 21
11 12 14
2 3 22
2 3 29
8 10 23
19 21 14
19 20 25
6 8 9
22 0 26
1 4 14
13 15 3
11 12 4
11 13 11
12 14 27
22 1 10
9 11 13
7 8 27
15 17 4
0 2 12
8 11 25
2 6 17
2 4 2
23 1 20
10 11 11
12 13 22
5 7 30
17 19 5
18 20 21
4 6 2
8 9 2
0 2 19
10 13 7
23 3 2
21 23 27
19 21 5
1 2 5
13 14 12
19 23 24
3 5 18
7 10 10
13 16 20
0 1 13
12 13 15
5 6 11
20 21 25
20 23 11
23 2 16
0 2 21
1 4 2
9 12 15
3 4 20
20 23 29
18 21 5
8 10 5
10 13 20
9 10 29
8 9 19
17 19 16
6 8 25
3 5 24
4 7 3
8 11 18
18 19 21
3 6 29
21 22 22
23 3 23
9 12 25
23 3 21
10 12 23
14 15 2
10 12 20
23 2 2
17 20 29
1 4 30
9 11 30
14 14 9
7 9 9
17 20 30
6 6 17
1 4 2
21 0 27
15 16 24
17 21 17
9 11 3
3 5 9
4 6 17
12 15 2
7 8 10
13 15 6
4 7 3
23 1 1
8 11 5
18 19 9
1 2 7
5 6 7
9 11 30
6 8 27
7 9 5
7 9 29
3 5 22
14 16 17
22 0 10
23 1 1
15 16 23
19 21 28
12 12 18
3 6 23
5 6 5
10 11 27
14 15 13
6 8 1
9 13 2
17 20 30
4 5 30
5 6 24
6 8 18
13 15 29
7 9 11
1 3 2
2 6 25
8 11 4
8 10 20
8 9 21
22 1 29
21 0 3
23 2 6
21 0 3
23 0 17
2 4 26
14 15 26
20 21 8
9 12 25
15 17 28
7 10 15
14 17 29
21 0 29
16 18 2
3 4 6
10 13 6
2 4 6
13 15 20
17 19 18
0 3 9
22 0 25
14 16 17
18 20 10
19 21 25
6 7 9
8 10 29
9 11 28
19 20 28
12 12 24
11 13 24
12 15 25
5 8 9
7 8 29
2 4 10
13 16 29
7 10 10
17 18 30
11 13 10
1 3 4
4 6 9
22 0 2
21 0 11
14 16 25
23 1 22
19 21 26
1 2 22
12 14 16
7 8 28
21 23 9
22 23 4
13 14 21
5 6 30
21 0 22
6 10 3
5 8 23
15 16 18
12 15 9
1 3 14
11 13 11
9 11 9
18 20 12
10 12 25
2 2 18
17 19 24
0 2 9
7 7 15
2 3 28
1 3 30
18 20 4
18 19 12
12 13 15
8 11 26
21 23 9
19 21 1
23 0 10
17 20 15
16 19 22
10 11 7
9 12 13
4 4 21
14 17 13
2 4 28
19 20 20
14 17 27
6 8 28
14 16 19
19 20 17
6 8 21
6 9 2
20 22 13
5 7 23
23 0 20
4 6 18
17 20 5
21 23 24
22 22 2
2 5 21
4 6 5
22 1 3
2 4 23
10 14 5
6 8 25
18 20 6
22 1 18
12 13 11
1 2 11
20 23 2
21 23 11
22 23 20
22 23 14
3 5 15
14 15 4
18 19 5
19 20 17
18 21 16
23 0 9
10 11 28
3 5 22
0 2 4
3 5 17
23 0 4
6 8 29
2 3 30
6 7 8
1 4 29
23 1 18
11 13 18
18 21 7
19 22 25
14 18 8
2 4 13
16 19 30
14 18 4
13 15 14
19 21 21
21 0 15
10 12 9
18 20 29
7 11 6
7 9 3
7 9 24
5 7 24
14 15 19
6 8 5
9 11 2
8 10 30
0 2 19
11 13 4
23 2 19
6 8 17
21 0 3
21 22 4
6 7 20
13 17 19
17 19 15
11 12 2
21 3 17
20 21 24
3 5 16
13 14 9
13 13 3
16 20 30
10 14 30
10 12 14
8 9 23
6 8 23
22 22 29
4 6 29
0 3 10
5 7 8
12 13 22
4 6 30
16 19 18
15 16 22
6 7 1
8 10 18
16 17 19
18 20 7
15 17 17
20 21 19
18 20 17
8 9 19
21 0 30
13 16 14
14 18 7
14 15 28
13 14 11
14 15 17
19 22 28
20 22 20
1 3 8
1 1 5
12 13 23
16 19 14
2 5 9
18 21 10
0 2 23
8 11 9
0 2 16
6 8 19
1 2 7
17 19 21
15 17 9
11 14 14
14 17 20
9 9 28
17 19 5
13 15 6
21 19 21
21 0 25
2 7 2
1 3 29
11 15 5
9 13 24
17 21 1
4 5 14
11 12 11
3 6 2
18 20 27
19 23 7
1 2 22
19 22 13
19 21 1
7 9 12
14 17 13
7 10 3
17 18 12
20 21 23
10 12 14
17 21 27
4 6 15
10 11 2
4 7 3
22 23 28
23 1 29
6 8 30
14 17 17
4 7 11
22 0 22
9 10 6
11 14 10
23 1 11
2 5 16
16 18 20
23 3 11
10 12 13
14 15 29
23 2 8
19 21 27
13 14 3
18 20 25
16 18 23
15 17 1
20 22 15
1 3 4
4 6 17
2 3 22
8 10 21
22 23 27
1 2 12
10 11 1
21 23 11
3 5 1
11 11 9
9 12 4
19 20 11
16 17 25
9 12 19
5 7 4
5 9 4
10 12 5
7 10 21
19 22 4
16 18 9
9 11 13
16 15 24
19 21 6
8 9 6
5 9 24
11 11 4
23 1 8
2 4 14
17 19 9
9 10 19
5 7 12
10 12 27
10 12 8
7 7 25
11 15 8
13 15 12
1 2 16
14 16 24
21 0 4
19 22 7
8 9 23
14 17 8
20 23 16
13 15 14
7 9 26
21 0 16
18 20 26
6 7 1
12 16 13
2 4 2
17 19 7
10 12 10
16 18 17
2 3 29
2 5 16
19 20 14
14 17 20
11 12 13
13 15 8
2 3 3
12 14 26
13 17 27
19 23 6
7 10 17
5 9 23
16 20 15
5 6 25
4 6 15
23 1 10
20 23 23
12 14 23
3 6 20
20 21 20
4 7 14
23 2 2
15 17 2
13 16 1
4 5 26
2 2 1
6 8 18
14 16 24
1 3 9
16 18 16
20 23 25
2 3 24
16 18 10
12 15 10
16 16 25
18 19 7
21 22 27
0 1 21
22 0 7
9 12 2
14 15 11
17 20 22
22 0 23
3 5 2
10 10 20
12 13 10
2 4 22
4 6 11
2 4 14
5 6 11
22 23 17
23 2 9
20 22 4
20 21 4
8 10 3
15 16 11
10 10 7
20 23 25
6 9 23
