790 30
26 10 24 9 28 21 5 30 25 23 8 8 23 26 16 11 21 4 14 23 3 22 29 16 14 25 16 2 11 9 
22 0 10
14 17 26
22 23 23
16 17 8
13 13 1
15 18 16
11 14 6
1 5 29
19 20 15
13 15 20
13 16 11
14 17 12
11 12 26
15 16 22
6 8 30
3 4 16
11 14 30
12 14 4
8 10 22
22 23 7
19 22 24
22 1 3
14 13 19
8 8 13
14 16 20
5 7 29
15 16 13
18 19 6
4 5 29
3 5 23
2 4 12
14 16 11
7 9 17
8 9 24
13 14 1
23 1 21
7 9 21
16 18 1
8 11 3
18 20 5
18 21 24
21 23 6
10 13 16
17 20 2
3 5 9
19 19 17
19 22 21
20 21 30
23 1 16
17 19 24
17 19 29
4 8 20
11 13 8
14 17 29
6 8 4
23 2 5
12 14 27
4 5 4
10 12 15
19 21 7
21 23 5
3 4 23
11 15 8
20 23 30
10 12 20
8 10 29
4 8 12
1 2 14
8 8 30
12 16 18
0 3 5
7 11 11
8 9 9
20 23 30
16 20 24
21 0 1
2 5 15
3 5 30
22 23 6
15 16 15
6 7 1
15 18 13
2 4 25
9 12 29
21 22 7
21 23 18
17 21 27
15 18 29
3 6 26
7 8 8
12 12 19
2 4 10
8 10 18
7 9 8
4 8 6
4 6 24
1 5 27
0 3 10
18 18 14
15 17 13
13 13 27
23 2 10
12 13 17
1 3 8
14 17 14
6 8 5
8 8 22
11 14 17
12 14 24
19 19 28
9 11 28
7 9 8
4 5 7
19 22 7
21 22 3
7 9 11
1 2 18
6 8 19
17 19 8
21 21 1
17 18 25
4 5 30
21 22 23
18 20 7
7 8 4
12 14 17
15 18 1
10 10 29
21 23 7
2 6 15
1 5 20
6 8 10
10 13 22
3 4 25
5 7 6
5 7 22
17 18 7
18 18 22
14 16 11
2 5 26
5 6 16
5 9 27
0 4 14
14 15 11
19 23 14
18 20 10
14 14 22
17 19 19
0 2 17
4 4 21
4 6 15
14 16 9
2 4 2
20 22 21
22 0 3
18 21 15
18 20 2
10 11 29
16 17 17
10 11 28
22 22 10
18 19 1
18 20 12
14 18 4
21 22 19
0 3 16
0 3 17
2 4 5
15 17 4
9 12 22
15 18 5
6 8 20
2 3 7
4 6 28
11 14 9
19 22 4
20 21 1
11 13 2
1 3 29
22 23 4
21 0 16
18 20 15
4 6 11
3 3 18
14 15 1
9 10 26
14 15 6
0 2 23
12 12 3
3 6 17
22 0 9
2 2 8
19 22 15
4 7 27
17 19 20
19 22 26
14 17 18
3 3 9
5 6 1
15 18 22
6 8 22
18 21 28
7 8 23
17 19 8
17 16 9
18 21 7
6 9 30
10 13 6
15 15 5
21 0 20
11 13 9
1 3 23
10 13 24
6 8 14
15 18 8
2 5 19
5 5 7
22 0 27
10 12 27
12 15 28
15 17 13
9 11 28
4 5 12
14 17 26
22 22 16
21 22 16
20 23 23
0 2 29
0 2 30
4 7 30
1 5 6
15 16 16
12 13 1
17 20 3
17 18 14
2 3 2
8 10 17
19 21 23
11 15 19
6 6 6
3 5 30
1 2 24
12 14 6
1 4 16
20 23 6
4 7 20
22 1 2
10 12 11
15 16 9
23 1 22
5 7 28
6 8 2
17 19 26
18 20 28
10 11 17
11 14 30
13 15 18
3 6 21
0 3 30
20 21 22
2 4 30
19 22 1
2 3 12
1 4 13
17 19 9
0 2 13
2 4 7
10 11 22
0 3 27
8 10 17
5 7 30
6 9 24
6 10 26
15 17 22
1 3 6
8 11 9
16 19 23
19 21 29
2 6 26
15 19 15
17 19 14
16 16 30
15 17 30
16 19 5
20 21 20
18 19 2
19 20 10
19 20 3
19 21 3
22 1 7
9 11 29
20 22 9
13 15 14
11 11 6
1 4 25
5 8 14
17 18 21
2 4 30
22 0 21
2 2 20
18 20 3
19 21 8
0 2 6
15 17 5
20 20 16
6 9 18
16 19 10
1 3 30
4 7 21
10 12 9
0 2 30
20 21 24
4 5 20
3 7 10
18 21 15
18 21 13
9 11 28
14 15 17
8 8 15
7 9 27
1 1 16
10 14 27
3 5 12
19 21 13
10 11 22
10 12 3
14 15 8
11 12 1
11 14 7
21 0 29
15 18 15
6 7 16
21 0 23
20 21 19
16 17 12
21 23 16
15 17 1
20 0 6
11 13 9
15 17 7
14 17 14
6 9 14
15 17 5
11 13 15
4 7 9
9 11 8
8 10 24
20 23 18
4 8 14
7 9 4
5 7 20
13 14 21
7 7 7
11 12 18
8 9 27
9 12 29
9 11 11
6 8 19
6 7 27
9 12 22
3 5 29
4 7 5
0 2 7
7 8 11
10 12 13
7 8 20
21 23 18
12 15 21
22 1 20
14 17 9
13 16 24
23 0 12
8 10 28
23 3 23
17 19 14
20 22 30
18 21 29
10 10 23
13 16 5
23 0 11
20 21 16
21 0 22
11 13 20
17 19 22
5 6 1
23 1 1
7 10 30
21 23 9
12 14 15
10 11 1
9 9 10
18 21 26
18 20 10
17 21 29
10 12 18
18 21 24
7 11 27
7 8 4
23 1 23
17 20 29
8 10 28
5 8 26
23 1 18
3 4 6
2 2 8
1 3 3
19 21 11
9 11 5
16 20 5
8 9 19
13 16 20
6 7 21
14 15 12
3 6 18
16 17 22
5 10 2
2 6 13
9 13 26
1 3 28
11 14 22
3 4 5
17 19 10
7 11 20
7 10 6
0 3 18
10 12 26
18 20 14
11 14 6
11 12 24
17 21 6
19 23 6
4 5 9
4 6 26
20 23 18
6 8 4
9 9 8
2 6 27
19 23 22
21 23 23
15 18 8
21 23 13
18 20 19
12 16 22
5 8 7
12 14 7
6 9 1
18 19 17
10 11 19
15 18 21
10 10 26
3 7 14
8 10 20
14 17 1
15 15 11
10 13 27
20 21 13
5 7 28
1 3 10
17 20 4
19 20 17
2 4 21
22 1 25
0 2 21
11 15 5
5 6 19
14 17 1
18 18 10
7 8 23
10 12 30
6 8 6
3 6 26
17 19 12
18 21 8
22 2 21
5 8 23
8 11 7
14 15 25
2 4 23
8 8 4
10 12 3
13 15 28
20 22 25
16 17 2
14 15 9
23 3 12
7 8 14
5 6 21
4 5 2
18 22 13
0 2 23
7 9 20
18 20 16
22 1 28
0 3 13
11 13 19
19 19 2
21 0 21
8 10 19
22 0 30
10 13 24
15 15 6
8 10 10
18 20 29
12 14 25
16 16 14
19 19 18
2 5 10
4 5 12
9 12 23
2 3 13
6 7 6
23 0 11
13 16 6
8 11 14
18 20 16
9 11 19
22 0 3
23 1 17
18 21 7
21 22 25
13 17 10
2 5 15
3 5 18
11 15 25
2 5 2
16 17 19
18 20 4
18 20 29
3 6 22
20 21 8
16 17 19
22 23 4
17 19 6
21 22 16
16 20 7
2 3 7
19 22 15
15 19 20
4 5 4
20 21 24
8 10 29
17 19 1
20 21 22
7 10 9
20 21 10
2 3 22
19 20 16
23 23 14
11 14 13
18 19 29
3 6 28
16 20 27
1 4 14
18 20 19
20 21 26
13 15 28
14 14 14
6 9 26
2 5 23
11 14 27
3 5 24
12 14 28
12 14 29
22 1 5
22 23 23
16 18 5
23 2 1
1 4 26
8 13 18
5 6 16
8 10 29
2 5 24
11 13 25
9 12 15
5 6 15
21 0 4
15 17 22
6 7 18
13 14 19
12 13 9
14 16 6
1 3 30
4 8 15
4 6 21
15 15 2
17 20 27
17 20 5
3 4 7
9 11 16
10 11 24
14 15 13
7 9 6
1 4 16
9 14 9
10 12 6
12 14 21
22 1 4
14 14 16
2 5 6
23 2 2
1 4 5
13 14 24
9 12 21
0 2 28
8 11 18
19 21 29
21 22 14
4 6 22
22 1 2
10 13 7
12 13 23
9 11 6
1 3 22
6 9 17
6 8 25
3 5 29
22 1 8
3 2 11
3 6 15
17 18 2
3 3 26
13 16 29
12 12 10
2 4 11
3 6 20
1 1 13
14 18 28
16 17 18
1 0 26
16 17 12
17 19 13
4 5 21
5 8 21
21 23 4
0 3 5
22 2 13
21 0 12
7 11 13
22 0 5
21 1 28
15 18 28
16 19 15
2 4 23
3 4 6
7 9 4
4 6 28
5 7 2
23 2 23
2 4 27
13 15 22
7 8 14
9 11 16
18 22 29
16 17 27
5 8 22
9 10 23
9 11 16
1 1 28
11 12 12
9 12 7
3 6 10
0 2 6
8 9 23
18 20 17
9 8 29
14 14 7
20 22 2
7 8 11
1 1 4
4 6 13
22 1 12
21 0 29
6 8 26
3 6 8
8 10 17
9 13 18
3 5 17
10 13 28
1 3 7
7 9 24
0 1 13
8 11 28
5 7 17
8 8 13
6 8 3
8 9 12
20 22 21
14 17 16
3 5 26
16 19 13
5 6 7
1 4 21
11 14 22
15 18 28
16 18 18
17 19 2
3 4 23
6 6 18
2 4 27
19 20 5
10 13 2
8 10 23
14 17 22
12 13 13
5 9 11
18 21 16
0 2 1
18 19 5
13 14 19
21 23 3
0 1 29
18 20 30
12 13 17
8 9 1
8 11 17
18 19 23
7 10 11
18 21 3
2 4 7
2 5 15
3 5 17
1 3 3
14 17 1
23 3 9
6 7 20
7 9 14
1 4 14
8 11 25
9 12 6
13 15 7
4 5 16
6 7 28
23 1 20
11 14 7
5 5 16
4 6 7
7 7 20
19 21 27
6 8 6
20 22 19
15 17 12
18 19 13
23 1 24
6 7 10
13 14 2
19 22 9
23 1 29
20 23 21
20 20 19
5 7 13
5 6 10
7 8 10
21 22 11
4 7 23
9 11 22
9 11 29
14 17 6
11 14 4
18 19 24
3 3 6
16 19 19
20 23 11
14 16 7
19 22 11
5 5 17
8 8 1
23 2 19
19 21 1
17 22 25
13 16 20
11 14 21
15 17 25
2 4 29
14 16 25
18 19 5
11 13 22
14 14 6
17 19 3
6 7 2
19 21 5
9 13 13
5 6 14
11 13 18
12 13 2
0 2 16
5 8 4
20 22 2
22 23 17
17 17 14
11 14 6
