800 30
29 19 30 26 10 4 1 29 2 26 27 8 18 8 23 15 7 8 15 12 21 21 26 11 4 21 27 4 8 20 
0 1 5
7 8 1
2 4 2
7 11 8
11 14 10
12 14 11
4 7 14
20 0 29
22 0 13
15 17 20
5 6 24
16 19 27
3 6 22
12 14 6
10 14 7
0 2 23
5 9 23
21 0 5
18 20 22
21 23 27
0 3 6
2 4 18
8 9 20
21 0 26
3 5 5
0 4 19
2 4 20
17 19 19
1 4 24
6 8 16
16 16 6
0 1 30
4 7 30
8 12 18
15 18 11
17 19 11
7 8 10
21 0 3
23 23 17
7 10 3
5 7 12
18 19 30
12 14 3
11 15 7
12 14 9
19 21 28
8 10 12
19 20 17
22 0 20
19 22 21
11 14 12
0 0 7
2 5 7
4 6 5
13 15 16
6 7 12
16 18 7
13 15 5
3 7 19
23 1 3
5 9 18
19 22 27
5 8 27
2 4 3
5 7 25
3 4 25
11 13 29
9 13 23
15 16 28
1 4 23
14 16 29
17 19 24
8 10 25
0 2 20
16 19 15
0 3 21
5 8 23
2 4 24
13 15 10
17 18 21
18 22 26
5 8 11
6 6 23
3 7 25
15 16 24
12 15 22
5 6 11
7 9 18
15 17 15
11 12 21
16 20 1
20 23 30
12 16 4
7 11 23
8 9 2
12 15 24
7 11 1
21 1 29
14 16 1
12 13 14
20 20 1
9 10 27
8 11 22
17 17 28
17 20 18
9 12 22
17 18 29
5 7 21
11 14 5
15 17 13
3 6 2
4 5 9
1 5 17
2 4 13
4 7 29
12 13 11
21 0 29
18 20 1
1 3 19
1 3 21
8 11 21
11 13 17
14 15 20
9 10 13
13 15 4
6 8 17
2 5 5
6 7 14
4 5 2
17 18 22
16 19 4
9 12 27
13 14 15
16 18 14
13 14 12
9 13 15
20 23 22
21 22 26
21 22 11
21 0 23
11 14 30
7 10 19
13 14 5
3 6 12
16 17 23
11 14 29
17 19 23
22 1 27
6 7 15
1 3 14
20 22 8
18 19 15
20 23 7
1 2 8
1 3 3
8 8 30
7 8 9
11 14 15
5 8 28
3 5 29
18 22 3
4 6 8
21 22 1
4 4 9
20 21 2
14 17 25
8 11 29
2 5 4
13 16 16
15 17 22
8 10 14
22 1 6
8 9 20
22 0 2
23 2 4
16 18 9
9 11 3
17 19 1
10 12 14
12 14 1
4 5 12
3 5 2
21 22 24
19 21 28
2 4 24
16 16 6
23 1 27
16 18 7
4 5 15
16 18 16
19 21 15
22 0 9
4 7 5
22 1 14
3 5 5
12 15 29
2 3 17
10 13 17
11 14 9
1 3 17
19 21 12
18 18 15
16 17 18
9 10 19
10 12 3
6 8 4
20 22 9
21 23 22
4 8 3
4 7 8
1 3 15
6 6 25
2 3 8
20 22 14
18 19 25
22 0 9
20 22 2
3 4 4
23 0 17
5 8 12
16 18 10
18 20 25
9 11 9
3 7 15
3 3 15
10 10 17
14 18 5
3 5 8
3 4 9
1 2 25
0 3 14
17 21 5
9 10 27
19 22 17
23 1 9
23 1 29
14 16 15
15 18 28
19 20 19
18 18 21
11 13 20
0 3 15
7 10 20
16 18 5
11 11 25
19 23 12
1 3 14
18 19 23
2 2 7
12 14 6
5 5 3
16 20 29
16 18 17
3 4 13
18 21 16
20 22 28
19 22 29
15 17 8
11 12 5
10 12 22
16 18 6
0 2 17
10 11 27
12 13 5
1 2 9
17 19 29
3 4 16
22 23 9
4 6 20
10 13 14
9 13 21
13 16 28
20 22 21
12 14 18
14 17 7
5 7 12
10 12 26
8 9 15
18 20 14
15 16 7
0 2 3
13 15 23
22 23 27
1 4 3
13 16 3
5 7 29
19 20 1
21 23 7
14 16 18
21 22 25
13 15 28
19 20 5
9 12 14
16 20 27
13 14 28
21 23 15
9 13 25
23 3 21
11 13 19
0 3 19
0 2 30
0 2 16
21 23 18
18 21 20
12 15 4
1 1 4
19 21 30
8 12 23
3 7 14
9 12 13
6 7 1
21 0 25
17 19 16
2 3 11
13 14 10
8 9 22
17 19 26
16 18 18
22 1 11
20 23 11
18 19 21
12 13 2
4 4 2
1 2 4
8 11 6
3 6 23
19 22 6
16 17 13
19 20 11
0 1 25
14 19 10
2 5 3
8 11 28
9 11 9
6 8 5
6 9 14
12 15 7
2 2 10
19 21 4
1 3 27
20 21 8
9 13 14
14 15 11
18 21 18
16 19 23
7 10 8
17 20 3
21 22 25
12 16 9
20 22 25
20 22 18
14 16 26
21 22 13
11 12 5
11 13 25
23 1 26
4 6 14
8 11 3
3 6 16
15 15 9
19 21 13
16 16 21
8 9 18
15 17 12
23 0 10
20 20 12
17 19 4
7 9 8
19 21 22
7 9 22
12 14 3
12 15 20
23 0 6
23 2 2
12 13 23
2 3 9
9 9 8
13 16 18
13 15 26
20 22 11
11 12 21
8 10 19
22 1 15
7 10 27
13 14 27
10 10 25
18 20 4
14 17 4
19 23 17
20 22 29
11 11 12
17 19 28
2 5 26
8 11 5
21 23 16
19 22 11
17 19 9
3 2 7
17 18 12
16 17 10
20 22 7
23 2 18
1 5 4
23 3 20
4 7 7
22 23 14
19 22 1
3 7 20
2 3 27
1 5 25
7 9 25
5 8 12
10 12 28
0 1 30
3 5 17
18 21 22
22 1 17
1 3 11
5 8 16
16 17 24
19 20 11
16 18 10
14 17 8
19 21 28
6 9 15
12 15 27
9 10 3
0 2 27
3 5 2
17 20 9
19 22 19
13 16 5
5 7 21
7 10 2
19 20 6
2 4 5
21 23 16
20 19 27
19 21 2
20 21 9
13 15 12
6 8 24
22 1 10
1 5 22
2 3 1
11 12 22
14 16 26
20 23 14
8 10 15
22 0 20
9 11 23
1 2 23
20 23 28
20 22 3
23 2 9
10 11 5
8 12 15
10 13 14
13 16 19
9 10 28
12 15 27
13 13 7
2 3 12
2 3 29
18 21 15
16 18 27
12 13 21
19 22 9
22 22 25
6 8 24
1 2 12
5 7 13
18 19 12
7 7 30
0 3 6
3 4 3
8 12 24
2 4 29
4 5 30
2 2 3
1 5 17
7 8 16
3 6 17
9 12 19
11 14 9
1 3 6
4 7 22
15 17 19
0 1 3
22 0 22
10 12 26
8 10 25
1 4 7
23 2 16
11 13 15
10 13 1
0 1 6
9 12 8
4 5 18
4 6 10
15 17 20
8 11 29
18 21 28
19 20 24
1 4 4
17 19 28
9 11 12
19 21 15
22 0 26
20 21 25
23 2 3
17 18 27
16 18 11
20 21 30
6 7 22
7 9 9
15 16 19
0 0 26
8 10 5
16 18 10
12 15 26
7 9 24
23 23 30
21 0 30
15 18 11
2 4 9
13 17 15
22 23 24
17 19 13
21 22 7
3 4 30
12 15 29
22 0 10
8 10 6
4 8 15
5 7 8
22 23 27
3 5 21
1 3 3
7 9 14
22 23 7
19 20 12
13 16 2
13 16 27
12 16 16
13 15 21
0 1 29
2 3 14
17 18 18
13 16 27
7 9 6
4 7 27
1 2 12
8 12 17
0 2 23
14 15 25
10 12 3
16 19 30
22 23 18
22 0 6
9 11 24
18 19 18
20 0 12
20 22 8
12 14 15
19 22 6
0 1 17
13 16 5
12 15 10
5 7 24
23 2 5
11 13 5
12 14 23
18 21 22
2 4 23
14 15 7
12 13 25
15 17 10
9 12 22
22 23 26
19 20 29
5 7 2
8 7 20
6 8 25
6 8 3
19 22 30
7 8 22
13 15 14
13 15 2
3 5 8
7 9 12
23 0 1
2 5 15
19 21 6
9 13 8
0 1 15
12 14 6
21 22 21
11 13 9
7 8 4
11 14 13
2 4 21
17 18 21
4 6 4
12 13 15
11 14 16
13 14 4
12 14 2
1 2 19
6 8 28
11 14 27
14 17 12
10 12 26
17 19 15
10 12 7
0 0 6
6 6 22
20 22 4
21 0 14
4 5 6
11 14 30
8 8 15
22 1 16
1 5 29
19 22 2
5 4 27
11 11 12
10 12 24
19 20 7
5 5 27
20 0 25
12 15 9
0 2 22
21 23 5
4 5 18
2 3 10
0 2 27
20 22 16
1 4 26
6 5 9
3 5 9
1 2 29
5 7 28
23 0 10
2 4 21
13 14 3
1 4 10
4 5 13
5 7 7
23 0 20
13 18 18
19 20 3
19 20 24
2 5 7
21 1 5
3 5 26
14 16 10
15 16 28
1 4 10
15 17 29
0 2 17
16 18 10
4 5 11
11 15 19
23 23 20
18 21 20
16 19 1
13 13 12
8 9 26
14 15 13
8 10 25
3 4 29
0 2 23
18 21 12
8 10 10
11 12 18
20 22 24
17 19 20
22 1 26
23 1 16
1 5 21
5 7 4
8 12 11
10 12 11
16 20 29
3 3 18
9 11 6
7 9 20
10 12 7
23 2 8
17 20 7
10 12 8
16 19 20
16 18 3
3 6 3
12 14 22
17 18 21
23 2 10
22 0 6
1 4 15
1 2 20
17 20 20
7 10 26
2 3 19
14 15 5
7 9 1
12 15 20
20 0 1
3 6 24
9 10 11
22 1 19
0 3 5
13 16 11
7 9 29
0 2 27
23 0 13
1 4 17
9 11 29
20 23 17
2 5 7
3 6 20
16 17 25
17 20 30
18 21 14
10 12 4
21 22 13
4 5 4
12 15 15
11 15 9
9 9 30
22 0 26
10 12 9
17 20 7
19 21 1
18 20 24
1 3 8
13 15 26
3 6 21
21 22 16
2 4 4
19 21 11
20 22 8
22 23 15
17 18 10
12 15 3
15 18 18
19 22 17
7 9 29
3 5 3
7 10 28
13 15 27
14 17 25
1 3 8
6 7 8
22 0 12
16 18 10
4 5 21
0 0 21
11 13 3
18 19 2
10 12 26
16 18 21
10 12 24
17 20 28
12 16 27
9 11 17
10 13 3
18 20 7
17 21 15
19 22 13
8 12 23
21 23 4
5 7 28
1 2 12
0 3 17
9 13 12
22 23 7
22 1 11
0 3 29
13 15 7
14 15 30
2 4 17
18 18 17
20 23 9
8 9 5
3 5 22
19 22 5
9 12 1
0 4 26
22 0 13
16 19 2
2 3 9
22 23 10
1 3 2
22 1 29
18 19 10
18 20 27
11 12 6
20 23 9
1 3 7
