810 30
30 30 30 24 19 20 26 11 17 30 9 5 24 9 16 29 4 17 3 9 8 7 26 1 14 13 21 23 12 13 
18 22 3
5 7 28
20 22 16
11 12 1
2 4 14
10 12 29
11 13 15
15 18 18
2 5 8
1 1 19
13 16 21
13 17 27
1 2 12
22 23 14
8 9 13
18 20 9
9 11 19
20 22 2
20 20 3
13 17 15
5 7 18
17 20 18
21 0 7
18 20 15
4 7 23
5 8 7
6 9 5
16 17 19
9 12 20
15 17 22
13 15 29
12 14 7
3 4 20
23 0 1
1 2 17
6 8 27
8 10 2
14 17 15
13 14 11
3 5 8
11 12 16
8 9 23
22 0 2
17 19 3
20 23 23
20 19 3
14 16 29
11 13 2
9 13 27
15 17 19
7 9 7
13 14 20
17 20 29
10 12 7
9 10 22
17 20 1
7 9 16
0 2 3
3 5 7
4 7 25
21 22 2
0 4 12
17 20 10
21 23 27
15 17 7
8 11 13
23 1 28
8 10 11
6 8 4
12 14 23
23 1 18
19 22 19
4 7 24
3 4 27
5 5 16
15 17 30
6 8 16
19 21 21
8 10 20
7 10 7
8 10 4
8 10 8
9 12 11
12 14 27
20 0 21
22 21 12
0 1 15
20 22 29
14 15 3
20 22 17
2 4 17
3 5 19
13 16 22
13 14 19
2 5 16
14 15 14
9 12 14
7 9 19
21 23 27
19 22 3
10 13 6
10 14 1
21 22 20
19 21 1
12 14 14
18 21 19
6 8 4
20 23 7
2 5 21
19 21 22
16 17 11
1 5 5
3 5 1
18 21 23
11 13 23
10 12 29
5 7 12
3 4 3
13 14 28
6 8 18
16 17 7
12 14 17
7 9 19
22 3 24
19 20 17
9 9 29
15 17 23
12 13 29
6 8 6
0 0 20
21 0 18
12 14 7
18 21 16
22 0 18
21 23 25
21 22 20
23 4 29
8 9 17
6 7 23
17 19 10
5 7 22
3 5 24
5 6 5
3 5 30
13 16 29
15 17 16
5 7 26
10 12 26
0 2 24
15 18 6
7 11 20
4 7 29
1 5 9
19 21 22
11 12 25
2 3 28
0 2 29
22 0 13
22 23 14
14 16 5
8 8 5
0 2 30
23 1 18
11 12 12
10 12 20
3 4 7
17 19 6
10 14 19
12 13 3
13 15 13
14 17 3
22 0 29
20 22 9
20 23 24
11 14 28
17 19 29
14 16 4
17 20 29
22 0 2
0 1 17
17 19 24
3 5 24
10 14 3
6 8 23
11 12 18
16 20 8
4 6 4
23 2 20
17 19 20
1 2 15
5 7 18
14 17 1
8 8 10
6 9 28
7 9 5
1 4 17
18 19 29
3 4 26
17 18 23
4 6 18
9 11 19
5 9 10
11 11 20
3 6 3
13 15 27
5 7 25
10 14 15
12 13 30
20 22 24
18 19 10
1 4 2
8 11 3
21 23 20
10 12 21
14 16 15
22 1 10
15 16 24
8 11 28
7 9 18
0 4 9
1 3 9
14 18 5
23 0 30
8 11 3
20 22 1
10 12 7
4 5 2
20 22 22
9 11 18
2 6 20
13 15 17
10 12 30
2 3 2
7 9 27
4 7 22
19 20 5
8 9 12
15 16 2
2 3 26
18 20 15
10 10 24
17 19 20
21 1 30
16 18 5
10 11 27
15 16 10
2 4 27
15 18 10
8 11 13
0 2 16
13 15 27
6 7 15
20 23 11
12 13 30
12 13 1
8 11 14
8 10 24
8 9 4
2 3 30
17 19 1
16 17 28
7 9 23
15 17 12
17 19 20
22 0 2
5 8 2
21 23 8
13 14 29
11 12 12
19 19 3
11 12 5
0 1 6
1 2 14
9 11 22
4 7 27
23 4 1
3 5 28
11 13 29
1 3 15
18 19 28
22 23 3
9 11 8
14 17 14
18 21 27
18 19 30
4 5 19
23 1 9
22 0 4
23 0 29
16 19 24
2 3 6
3 7 28
0 0 24
15 18 16
15 17 7
18 19 30
17 19 21
9 11 10
18 20 13
2 5 21
13 15 6
19 23 13
20 23 13
4 5 4
20 21 7
13 14 18
13 14 27
12 15 23
21 22 26
3 5 28
11 11 29
17 18 29
8 11 5
4 4 16
4 5 16
12 15 18
10 12 1
5 7 12
14 16 19
11 13 2
17 18 6
7 9 14
17 20 25
17 20 30
14 16 14
9 13 29
10 12 8
13 14 1
21 0 11
17 19 27
12 15 28
12 14 25
12 14 19
1 1 22
10 14 18
17 20 21
20 22 25
5 7 12
15 17 24
17 20 16
8 10 6
17 20 21
3 5 30
20 23 30
12 14 27
5 6 23
11 13 7
17 20 4
3 7 25
9 11 11
9 10 7
9 12 27
9 9 19
0 3 20
19 20 7
7 9 15
6 7 10
4 6 25
2 4 29
21 23 16
19 22 14
23 2 1
6 9 16
9 10 5
20 21 21
0 3 7
21 23 5
10 13 5
5 8 16
12 15 29
11 13 19
1 4 1
12 15 10
0 2 8
13 14 3
17 19 3
23 4 3
21 22 30
4 7 17
4 7 17
7 9 12
14 17 20
17 17 11
2 3 23
15 19 22
9 10 14
13 15 18
19 20 23
23 0 25
5 7 24
9 9 23
9 10 17
18 20 16
14 15 10
17 20 1
19 21 14
2 3 21
19 22 23
11 13 3
12 14 30
21 0 1
14 15 16
0 1 9
4 5 3
4 6 24
15 17 7
9 10 23
19 20 14
16 17 1
23 2 23
18 20 10
2 4 10
17 19 1
22 2 20
0 2 3
16 19 8
22 1 12
16 17 16
13 16 23
8 10 1
17 19 11
13 16 19
8 9 16
4 8 29
6 9 19
8 11 15
1 3 2
0 0 15
10 11 27
1 4 14
1 4 14
18 21 25
13 14 13
17 19 24
1 2 7
15 15 1
6 9 18
9 11 30
20 21 14
20 21 15
0 1 24
8 11 26
15 18 21
23 1 29
19 22 5
2 5 26
15 15 1
16 16 25
6 8 21
20 21 19
7 9 8
17 17 22
16 19 6
6 6 22
8 10 15
4 6 5
21 0 14
20 22 11
9 11 23
6 7 23
18 20 8
1 2 30
5 6 13
4 9 27
2 4 7
21 23 28
17 20 15
20 21 1
12 13 2
4 5 21
10 12 26
1 3 10
13 14 8
5 7 17
3 4 6
7 9 12
4 7 29
20 22 17
15 17 11
20 22 22
6 8 14
3 4 19
18 20 3
18 20 22
18 22 25
5 7 3
20 21 5
17 19 5
1 4 24
19 23 25
12 14 1
6 7 13
16 17 1
19 20 15
22 0 12
2 2 1
9 12 29
4 5 28
13 15 3
22 23 15
16 20 17
5 7 10
0 2 22
22 23 13
16 16 27
22 0 13
17 18 6
7 8 15
1 3 29
0 1 22
6 8 20
14 15 30
3 5 7
11 14 29
4 5 18
18 18 20
12 15 13
6 9 9
13 15 15
14 16 26
14 15 7
23 3 30
2 5 9
15 16 6
2 4 28
4 7 27
11 14 14
21 0 7
10 14 27
19 21 30
7 9 13
17 17 7
3 6 17
19 22 10
15 15 18
3 6 16
11 12 28
17 19 1
5 8 3
5 8 23
7 9 24
1 4 27
14 17 15
14 17 18
4 5 8
23 0 3
11 10 14
18 20 16
2 5 13
10 12 7
19 21 21
22 23 29
16 18 24
19 21 2
7 8 22
19 20 12
8 12 5
14 16 28
13 17 30
16 18 3
16 17 6
13 14 3
16 17 11
6 8 21
7 9 27
20 22 21
6 8 29
22 0 28
20 0 17
19 19 23
12 15 20
22 0 12
9 10 13
20 21 25
7 9 12
18 19 20
4 5 10
2 5 22
11 14 30
2 4 8
1 4 22
1 2 24
19 20 29
21 23 27
13 14 7
1 3 3
7 9 8
11 14 12
3 6 4
12 15 10
12 14 12
21 23 28
15 14 13
16 17 26
12 16 15
18 21 11
16 17 30
23 2 22
5 6 22
7 9 2
0 3 27
3 4 26
14 17 27
6 8 17
3 7 29
11 13 3
17 21 29
16 18 23
17 20 10
22 23 29
21 21 23
18 21 7
20 21 29
0 4 2
19 0 23
15 15 5
0 1 29
21 22 30
0 1 1
14 16 17
6 7 26
16 19 18
14 15 4
11 14 18
0 2 18
15 16 13
8 9 11
12 14 22
11 12 9
6 9 1
3 3 4
20 21 30
0 1 10
18 18 2
6 8 18
11 12 30
12 15 1
23 1 14
5 7 16
10 10 4
10 11 28
3 5 7
18 19 25
8 11 16
17 19 24
3 5 6
2 4 17
4 6 2
9 11 4
8 10 10
21 23 17
9 10 2
14 16 29
21 23 4
14 16 7
12 15 30
7 9 26
7 11 17
5 9 9
0 3 29
10 11 24
2 4 3
7 8 28
19 20 7
3 5 16
16 18 13
20 21 1
19 21 25
17 18 20
16 19 6
23 1 4
17 19 13
18 19 12
1 3 4
20 21 7
21 22 2
2 5 26
11 12 15
15 16 29
3 5 1
12 14 17
15 18 5
0 3 1
2 4 20
6 8 17
17 17 29
5 10 17
6 10 4
18 18 18
21 22 3
20 21 23
7 9 4
13 15 29
3 6 8
5 7 1
18 19 14
12 14 11
7 9 23
21 23 28
17 18 16
4 5 21
2 5 11
0 2 28
2 4 5
16 19 8
16 19 3
0 2 2
11 13 11
22 1 27
22 23 22
0 2 7
6 9 11
9 11 20
18 18 20
4 5 16
16 20 24
9 11 13
22 0 24
20 0 1
12 13 7
11 12 8
6 9 5
10 13 6
12 14 2
4 7 21
14 16 28
23 0 24
21 23 16
19 21 27
10 12 2
6 8 3
0 1 8
6 9 29
19 19 20
5 7 13
3 5 11
0 1 21
0 3 12
2 4 5
19 21 14
21 23 24
17 19 13
18 20 21
14 15 29
21 21 3
13 15 16
22 0 12
20 23 8
23 0 3
23 2 4
20 20 13
11 14 26
12 14 7
16 18 29
23 2 7
20 21 3
20 23 17
15 17 15
12 13 27
10 12 1
2 5 7
8 7 26
15 16 20
4 7 25
13 15 24
17 18 3
19 20 8
19 21 3
3 5 24
13 15 19
19 21 23
17 16 17
16 18 3
14 14 7
22 23 13
11 13 28
18 20 13
2 2 6
22 1 12
21 23 23
19 21 20
22 1 25
18 18 17
11 13 10
5 7 12
4 6 27
18 21 28
15 17 3
2 3 11
21 0 10
3 4 1
22 1 13
12 14 2
7 9 30
5 8 29
20 20 30
0 2 3
20 22 12
22 0 7
6 8 11
0 3 24
21 23 26
13 13 18
8 9 30
20 22 2
7 9 5
0 3 13
3 6 15
9 10 21
18 20 6
