8260 30
1 20 9 13 4 4 4 1 17 28 12 2 23 15 10 3 1 4 1 25 23 11 9 3 1 21 6 26 24 26 
10 11 1
12 13 30
20 21 8
6 7 20
18 20 3
12 12 16
7 9 13
5 7 11
23 2 28
16 18 10
23 1 19
20 23 8
10 11 18
1 3 26
23 1 22
7 8 29
6 7 27
5 6 9
2 4 10
11 11 21
6 7 27
4 4 25
13 16 27
14 14 20
12 14 23
3 6 28
20 20 12
2 4 11
14 14 20
5 6 21
22 23 9
9 9 6
8 10 30
2 4 8
5 6 12
16 19 18
6 7 28
3 6 4
13 16 18
23 1 1
19 20 26
16 20 2
5 8 13
20 22 4
22 23 16
17 19 15
15 17 25
20 21 6
7 10 23
9 11 16
7 9 7
8 9 24
20 22 2
2 5 24
2 2 9
7 7 22
4 5 6
6 7 17
12 15 14
7 9 18
5 7 5
8 10 27
2 4 15
20 23 14
10 14 6
5 6 27
3 6 18
15 17 4
17 19 2
0 3 21
23 0 18
0 1 29
8 9 8
23 23 10
17 20 17
7 9 19
20 0 7
19 22 12
0 2 15
14 16 25
10 12 8
12 14 20
13 15 6
10 14 13
21 0 1
11 14 30
2 3 29
3 4 13
12 15 2
8 9 18
21 21 17
10 12 11
0 1 7
12 14 27
2 3 20
15 18 21
11 11 23
4 5 28
6 8 17
21 0 27
20 20 29
12 14 11
15 17 2
14 16 1
20 23 19
17 17 25
18 19 4
20 23 19
4 6 24
16 18 26
8 10 17
2 4 30
22 23 19
5 7 14
1 3 28
5 7 26
8 10 21
12 15 26
13 16 19
6 9 15
7 7 8
14 15 1
8 8 11
6 9 10
2 5 23
11 14 11
3 5 20
2 5 24
13 14 29
3 6 20
18 20 6
10 13 10
23 0 6
21 23 3
0 2 9
23 0 11
7 10 15
17 20 16
16 19 29
22 23 19
2 5 4
3 5 7
5 6 24
15 18 30
17 18 13
0 1 26
8 8 7
18 20 25
12 12 8
7 9 4
17 18 22
13 15 14
9 12 17
3 4 25
0 3 6
1 3 6
3 5 21
1 3 5
5 7 2
5 7 3
3 5 30
10 12 4
8 11 23
20 22 23
10 11 16
10 11 28
14 16 22
11 12 8
12 14 10
0 2 12
19 21 9
3 6 30
19 21 12
22 0 18
13 14 10
23 2 8
4 7 4
13 16 20
23 1 15
2 5 16
2 4 28
6 7 1
7 11 22
13 15 11
6 8 25
15 15 28
6 9 19
3 5 11
23 23 5
15 17 11
10 13 6
9 12 15
14 17 21
12 14 3
23 0 11
12 14 29
5 7 19
4 7 22
23 2 16
7 10 23
23 1 10
21 23 29
18 20 6
22 1 11
4 5 14
2 4 28
18 20 20
17 22 2
16 20 19
15 17 16
15 16 29
17 20 9
5 7 2
21 22 12
21 23 20
19 20 26
10 12 29
6 8 18
4 7 12
23 3 2
2 3 5
17 18 25
9 11 17
21 23 3
21 21 20
20 22 14
12 15 10
12 16 27
15 16 4
15 17 14
15 16 20
12 14 6
14 16 14
16 19 25
23 23 15
17 21 8
19 20 23
7 10 7
12 13 18
11 12 25
1 5 3
11 14 19
20 21 19
15 17 2
17 19 9
16 16 2
1 3 30
2 5 12
8 9 1
16 17 6
7 9 14
0 3 17
2 4 10
16 19 20
15 16 1
12 15 5
14 18 1
11 12 30
9 12 23
19 21 9
10 11 7
1 2 18
18 21 8
16 18 12
16 19 16
5 7 10
23 2 29
17 17 3
13 13 14
16 19 22
17 20 28
14 16 27
1 1 6
1 2 14
15 17 3
14 17 28
8 10 13
2 3 30
10 12 10
23 1 20
21 23 23
6 7 15
20 22 4
10 13 24
13 17 26
12 15 6
3 7 3
2 3 30
1 2 2
7 10 23
17 19 23
6 6 28
4 5 26
6 7 23
4 6 10
19 21 24
4 6 15
7 9 18
23 2 13
10 11 14
13 14 4
14 15 30
23 2 12
11 15 3
14 17 2
13 14 18
17 20 5
11 12 1
16 18 22
6 9 4
18 22 5
4 4 22
5 7 8
8 10 4
1 3 24
14 16 30
10 11 22
19 21 15
9 12 5
15 17 17
21 23 2
5 7 23
0 2 15
6 7 23
6 8 1
21 0 9
2 3 8
10 13 26
7 10 2
13 15 10
6 9 1
11 12 3
1 4 24
4 5 23
6 7 20
3 5 9
1 4 29
21 22 29
14 17 9
19 21 23
19 23 26
23 3 4
9 12 24
18 19 16
23 2 12
6 8 23
15 16 20
16 17 11
13 17 1
3 6 18
5 8 10
5 6 16
9 9 3
17 19 22
7 11 28
16 17 27
13 15 27
16 18 14
6 10 6
9 13 4
5 7 13
14 16 5
15 16 8
4 7 24
6 9 17
20 22 12
15 17 21
2 4 11
4 6 6
9 11 6
5 7 12
5 7 3
17 17 11
12 13 17
14 15 19
11 14 13
1 4 13
1 4 20
7 11 19
12 13 30
6 6 29
19 22 15
20 22 1
17 19 4
1 1 26
18 18 25
10 12 4
1 2 9
0 3 6
22 23 13
0 3 27
11 13 26
16 18 11
5 8 19
5 9 10
5 7 9
6 8 5
3 5 25
5 6 27
12 13 24
8 11 2
3 4 30
5 6 26
9 10 14
5 7 22
4 6 1
12 14 30
21 22 8
17 20 23
6 9 20
6 8 26
15 18 26
18 20 25
20 22 30
5 9 21
7 10 4
3 4 15
13 14 19
3 6 28
8 10 27
17 19 20
21 23 5
23 0 14
19 23 2
0 0 6
17 19 7
20 23 18
9 10 1
13 14 26
21 0 14
3 5 20
21 23 24
4 6 19
22 23 4
14 17 9
10 12 30
10 12 3
12 14 15
1 2 9
15 16 26
5 7 18
14 15 14
12 14 29
4 6 16
5 7 26
0 2 6
17 18 10
13 15 8
2 4 6
15 16 2
12 15 19
18 19 26
13 16 17
7 10 5
13 14 18
22 1 19
17 19 28
15 17 10
15 16 27
11 12 28
18 19 22
7 8 14
11 14 9
14 16 12
16 19 24
13 15 1
9 9 9
17 18 19
5 8 16
20 22 30
9 11 1
10 14 26
12 16 3
12 15 15
1 3 28
8 10 30
6 10 16
19 20 26
19 22 21
3 5 6
13 14 26
21 23 19
14 14 24
23 1 3
22 23 29
7 8 14
3 6 14
2 4 18
8 10 23
13 14 19
14 16 12
14 16 28
23 2 5
0 1 19
23 23 6
1 4 9
18 20 20
10 12 20
5 7 24
17 20 15
22 0 5
4 5 16
1 3 22
17 19 24
13 14 16
7 7 8
13 14 22
13 15 3
19 19 15
12 15 3
18 21 3
0 2 10
4 6 4
23 1 16
13 16 1
19 20 16
19 19 26
15 16 29
20 23 3
18 20 6
19 22 18
2 5 7
7 10 5
23 1 14
23 23 21
4 5 20
10 13 19
13 16 22
6 9 3
15 18 21
2 6 17
2 4 16
11 13 14
7 8 4
5 8 10
13 16 23
6 8 7
5 5 26
20 22 23
2 4 18
23 0 27
15 16 18
3 5 11
5 6 4
11 13 6
18 21 18
19 20 6
22 1 29
13 16 10
20 22 23
1 3 14
10 13 5
4 7 25
8 10 29
12 12 23
7 11 11
12 15 11
4 6 28
5 7 4
14 16 24
4 7 14
0 2 9
13 15 20
3 4 23
0 0 6
17 21 30
21 0 20
5 8 16
21 23 8
14 17 15
15 17 18
10 11 20
3 4 22
0 2 5
11 13 18
21 23 9
23 1 1
19 20 22
22 1 18
15 18 18
9 10 24
22 23 4
16 17 27
21 22 2
5 7 9
4 7 18
7 9 4
14 16 15
15 16 19
21 22 13
1 2 26
17 19 5
18 19 19
7 9 21
5 7 12
5 8 30
13 15 7
21 23 13
14 15 8
7 8 6
20 23 22
3 3 30
10 13 28
17 21 13
13 16 25
17 19 19
4 6 12
4 5 10
5 8 21
13 14 21
5 8 17
22 1 5
9 11 11
19 23 1
23 2 5
15 16 28
3 6 9
11 12 17
13 16 29
19 21 17
10 11 3
7 8 1
17 19 10
22 0 26
6 9 9
4 6 3
13 15 11
6 8 3
0 1 29
14 16 21
9 12 17
10 10 3
12 13 9
16 20 26
4 5 16
15 18 28
1 6 1
10 12 30
16 20 17
0 4 12
19 22 16
6 9 2
0 2 30
5 8 19
5 8 5
8 10 11
3 5 16
23 2 14
11 14 2
9 11 14
16 19 18
2 4 4
1 2 16
12 14 19
22 22 10
5 5 16
11 13 1
9 11 27
8 12 3
19 21 9
3 5 11
21 23 22
5 8 2
10 13 1
19 21 21
19 21 6
13 16 6
13 15 5
15 17 24
22 23 4
12 14 2
12 14 30
5 7 10
0 1 12
19 22 5
20 20 29
7 11 18
8 10 23
0 3 3
17 21 1
2 5 29
22 1 23
10 12 25
16 18 12
20 23 17
14 16 15
1 4 30
7 9 16
14 16 13
12 13 27
7 8 4
6 8 15
23 1 10
17 20 20
10 12 7
12 15 20
5 8 28
14 18 13
8 11 12
14 14 19
1 2 6
2 5 27
0 2 19
23 1 11
3 6 7
0 5 6
17 19 28
1 2 25
9 10 19
10 12 2
15 17 24
8 10 8
8 13 2
3 5 1
5 6 23
2 5 29
0 1 29
0 1 2
22 1 28
13 16 29
8 11 20
0 2 19
10 12 17
0 2 10
21 0 3
21 0 21
17 19 23
10 12 30
19 21 10
5 8 22
17 20 6
8 10 23
10 11 9
15 17 7
6 10 26
8 9 27
21 22 21
10 11 2
7 10 30
6 9 5
14 16 4
20 23 24
20 22 16
20 22 8
2 5 23
21 23 17
16 18 6
18 20 9
13 16 7
17 20 29
6 9 27
3 5 30
6 7 19
16 17 9
2 5 15
17 19 24
6 9 16
6 8 6
6 10 10
0 0 17
6 8 12
8 9 8
3 7 23
20 21 29
12 13 17
17 20 29
14 14 5
16 18 9
4 6 15
1 2 12
0 4 18
13 16 6
2 5 25
20 21 3
16 19 1
2 4 11
8 10 3
13 13 17
8 9 6
12 14 14
14 15 27
3 3 6
23 1 15
6 7 7
22 22 2
5 7 26
15 15 23
14 15 10
18 19 1
5 6 23
8 10 27
14 16 3
18 19 24
14 16 24
14 16 17
22 0 17
13 14 19
1 3 30
3 4 30
13 15 3
7 8 13
7 10 6
0 2 24
4 5 18
4 6 26
5 6 10
9 10 14
2 3 23
22 23 28
3 5 11
16 16 16
16 17 5
16 19 12
8 10 25
10 13 1
20 23 26
17 17 20
22 1 2
16 16 25
23 1 20
6 7 21
12 12 1
0 1 27
15 18 5
5 6 16
20 22 21
19 21 20
9 10 2
1 3 3
21 0 2
12 13 4
6 7 5
6 9 11
5 7 18
14 15 11
20 23 22
16 17 7
11 14 4
14 15 3
2 5 1
2 4 30
21 23 17
13 14 29
18 20 11
13 15 15
6 7 22
17 18 22
7 10 11
4 6 12
1 0 15
11 12 9
22 1 30
12 14 22
21 23 20
11 13 9
19 22 27
13 13 20
15 19 1
13 16 28
14 16 4
21 23 12
5 8 5
15 15 12
2 3 20
21 23 27
15 17 24
21 0 29
0 1 28
11 12 26
23 1 17
17 18 1
15 17 27
12 14 19
0 3 13
11 12 9
17 18 10
21 23 26
3 5 18
12 14 5
22 22 22
2 5 4
23 0 9
22 23 15
10 10 22
20 23 4
3 4 29
19 22 8
12 14 13
23 0 29
19 23 13
15 17 1
18 19 22
0 2 27
2 5 5
20 21 1
2 4 1
12 15 5
20 22 12
16 19 20
11 15 15
0 2 26
5 7 23
9 12 4
16 17 19
17 17 21
9 11 28
9 10 23
5 8 19
15 16 5
15 18 15
14 16 6
16 19 3
4 5 9
15 16 12
13 14 27
14 17 22
10 14 13
7 7 25
9 11 8
9 10 11
8 11 22
13 16 22
13 15 28
8 9 5
5 6 26
21 22 7
2 6 8
22 0 22
19 21 14
12 13 6
9 11 21
8 9 2
19 22 19
7 9 7
14 15 5
3 4 16
22 0 9
10 11 3
9 11 1
11 13 8
12 14 22
20 20 5
4 6 7
19 22 6
4 6 16
0 3 16
15 18 25
19 23 21
10 14 23
19 21 23
9 10 30
23 23 12
8 9 6
17 19 14
23 0 14
20 21 28
10 13 5
17 17 30
21 1 4
22 23 19
22 23 15
9 9 24
6 7 20
5 8 19
16 19 2
18 20 5
10 12 28
4 6 17
12 13 15
12 12 29
15 15 2
1 3 24
15 16 16
13 15 17
11 14 27
8 10 6
23 1 14
8 10 19
1 2 1
16 16 12
11 15 21
23 2 20
15 18 23
15 15 13
21 0 9
12 12 24
4 6 21
1 4 16
4 5 21
13 15 20
1 3 29
21 2 4
22 0 15
8 11 15
1 4 18
5 6 10
21 0 1
17 20 6
22 0 6
2 4 13
8 10 14
4 5 7
12 14 24
0 3 28
9 12 2
8 11 24
11 13 20
6 9 9
12 14 2
3 4 19
23 0 18
18 20 8
16 18 29
12 13 22
23 1 23
5 8 8
16 19 18
18 19 19
6 9 24
17 18 22
14 15 30
21 22 12
22 0 29
19 21 5
3 5 3
6 8 19
20 23 5
19 21 2
9 13 1
10 13 13
14 17 20
9 10 7
21 22 19
10 15 30
5 7 7
20 22 23
8 8 26
7 9 18
6 6 30
17 18 1
4 8 5
20 21 8
18 19 8
10 13 2
15 18 18
12 15 5
11 15 18
3 7 22
15 15 19
1 4 19
20 20 3
6 8 10
6 9 29
7 9 21
13 15 15
0 3 3
12 16 4
18 21 20
5 8 16
9 14 20
21 0 24
20 22 16
19 21 9
22 1 26
19 22 24
20 23 28
16 17 11
7 9 21
7 8 9
23 1 18
0 4 11
20 23 9
0 3 25
1 3 23
1 3 2
22 0 11
13 16 11
14 17 10
22 0 14
19 21 25
22 0 30
13 16 1
2 4 5
4 6 30
15 17 29
16 18 13
3 4 24
0 3 9
21 0 8
22 1 30
22 1 17
22 0 26
23 2 1
0 3 4
0 2 30
5 7 13
8 10 15
23 0 18
2 3 2
14 15 5
5 8 18
17 19 4
3 5 15
14 15 5
0 2 16
1 2 2
8 10 14
23 2 14
9 10 6
8 9 23
22 0 16
6 8 28
21 23 28
17 20 26
10 13 12
13 16 29
14 18 26
15 19 15
11 13 30
2 4 5
13 15 17
2 2 12
23 1 27
19 21 1
16 17 1
18 20 8
12 16 27
11 13 28
21 23 20
1 3 11
22 1 11
17 19 24
22 1 20
4 6 23
16 19 18
3 5 18
13 14 21
19 23 18
6 10 22
15 18 30
5 9 13
19 22 24
14 16 5
20 23 26
16 19 1
7 10 24
23 3 3
5 8 27
7 8 5
2 4 10
19 20 5
2 3 22
11 14 3
18 21 21
6 9 26
16 18 17
16 19 22
19 20 27
15 17 2
21 22 7
11 13 12
18 20 11
22 1 11
0 2 26
19 20 5
1 2 26
7 8 24
5 8 2
2 4 7
19 20 14
2 4 2
10 11 30
13 15 4
17 20 8
21 1 5
7 9 9
18 21 22
5 6 10
4 7 14
1 4 25
4 5 12
2 5 19
2 5 5
17 21 1
1 3 1
2 3 15
5 9 7
2 3 19
15 17 29
17 19 7
13 12 15
10 12 21
19 21 16
15 18 22
0 1 22
21 0 26
1 2 29
6 7 9
12 16 6
8 9 26
19 22 9
1 4 10
14 16 30
1 4 17
14 17 19
17 18 25
18 19 13
13 13 20
7 11 4
19 19 16
4 6 15
19 22 28
15 17 5
23 1 3
2 5 22
11 13 27
15 17 6
5 8 5
6 8 25
7 8 27
3 4 30
21 0 25
14 17 12
4 6 10
15 16 1
6 7 15
23 1 4
12 14 30
3 5 18
5 6 11
0 2 4
19 23 30
12 12 7
8 10 25
5 6 19
8 11 4
10 12 12
4 7 19
19 0 2
7 9 2
21 23 12
7 8 27
11 15 28
11 13 7
5 7 9
17 20 17
0 2 6
1 2 27
21 23 24
21 22 15
5 6 27
21 22 3
20 21 24
22 23 17
15 17 24
18 19 19
20 21 4
21 22 5
1 1 23
2 5 10
3 3 5
12 18 19
19 20 7
20 23 4
2 5 7
18 20 14
6 8 18
17 18 29
2 4 10
12 15 2
22 23 26
1 3 4
0 1 2
9 12 28
3 7 2
19 23 4
4 5 7
10 12 10
23 1 13
0 2 3
5 9 3
1 3 3
5 7 20
5 7 20
18 19 14
22 23 4
11 12 27
22 0 23
3 5 12
21 23 7
4 6 16
10 12 15
4 7 7
18 21 8
2 4 12
13 15 6
12 13 15
12 14 5
22 23 29
16 17 9
6 8 14
20 21 22
13 15 21
1 3 6
7 6 29
22 0 23
20 21 4
2 4 16
23 3 13
10 10 16
2 4 23
4 6 4
8 8 28
5 10 1
7 10 25
2 5 29
12 14 23
18 20 24
16 18 22
10 13 19
3 6 8
15 17 17
1 1 15
7 9 28
9 11 29
2 3 16
5 7 16
12 14 5
0 2 15
11 14 9
4 6 26
22 0 6
19 21 10
18 19 27
15 17 12
11 14 24
10 10 15
22 1 9
4 6 10
19 20 16
8 10 4
22 0 28
16 20 16
10 13 14
19 20 15
10 11 1
16 19 13
23 3 15
15 17 18
18 20 15
8 10 11
12 15 2
2 4 14
16 17 22
9 12 12
13 14 14
23 0 25
12 14 28
15 18 20
11 14 1
5 9 2
14 16 16
4 7 8
20 23 4
8 10 20
1 2 11
23 0 16
11 13 18
20 22 12
8 9 7
12 14 2
3 5 20
21 0 28
6 6 26
12 14 4
8 9 30
21 23 16
0 3 27
7 9 30
7 9 12
14 16 15
10 12 23
22 0 28
23 0 30
12 13 18
14 14 8
10 13 9
13 15 10
16 17 13
5 5 6
2 4 13
0 4 22
2 4 3
22 0 15
0 2 25
18 22 22
9 10 10
22 0 21
7 9 23
10 12 1
3 5 5
21 23 21
17 18 20
15 18 7
2 5 28
16 18 12
3 7 19
12 14 15
10 12 3
4 6 24
11 12 11
0 2 7
11 13 7
13 15 23
9 11 19
14 15 4
18 19 5
1 4 5
0 2 25
17 20 20
10 13 13
4 6 11
18 20 7
15 17 4
22 0 26
18 22 21
5 8 6
19 21 29
0 1 15
15 16 4
8 10 22
10 11 28
12 15 14
10 14 17
13 15 9
20 21 5
10 12 13
4 5 7
4 7 6
5 6 23
17 20 14
21 23 13
11 12 12
4 6 22
11 13 1
6 9 26
10 12 15
9 13 19
9 11 28
12 14 1
1 3 26
11 15 23
21 0 11
14 17 21
13 15 28
15 17 18
22 0 19
3 6 9
23 1 18
11 12 22
21 0 12
13 15 26
0 4 27
1 4 13
8 10 22
0 0 29
22 0 29
14 17 20
5 8 16
11 12 1
10 13 15
6 7 11
19 21 9
11 14 13
2 2 22
12 16 4
23 23 20
9 11 30
11 12 6
19 20 5
1 2 26
12 14 13
10 12 21
17 20 18
23 2 18
6 9 6
0 4 26
6 9 5
6 8 13
3 6 4
5 7 18
22 0 3
22 0 23
3 5 28
7 8 29
19 20 27
23 0 21
11 12 9
10 9 29
5 8 24
5 8 2
16 19 7
11 12 20
19 20 21
9 9 10
23 1 2
12 17 6
1 2 10
13 15 2
21 22 3
0 1 2
14 16 21
1 3 3
6 8 12
4 6 18
10 13 16
5 5 7
22 0 3
9 11 6
9 12 7
4 6 11
21 21 19
3 4 7
3 5 11
11 13 7
0 3 22
3 4 23
7 9 22
0 2 17
20 0 21
14 15 30
15 18 5
8 7 9
18 18 29
12 14 25
8 11 5
14 18 9
12 13 6
19 22 17
1 2 8
5 6 15
9 12 19
3 3 23
11 12 14
23 23 26
13 14 28
6 10 20
0 1 9
20 22 6
21 23 23
18 20 14
13 13 24
14 16 9
12 14 26
17 20 23
7 8 30
17 19 28
11 13 18
16 18 19
23 2 13
17 18 26
1 4 4
15 15 16
21 23 15
19 20 14
14 17 4
11 13 23
23 1 13
2 3 16
10 12 4
16 18 5
12 16 18
9 9 30
6 8 19
4 7 1
18 19 3
15 19 3
7 10 6
3 4 21
11 14 19
19 21 6
19 0 12
23 1 15
15 17 16
3 5 15
10 12 26
11 12 8
12 13 17
12 15 27
6 7 15
6 8 30
18 19 11
3 7 14
1 3 14
16 18 16
2 4 17
8 9 20
7 9 10
20 22 16
15 18 20
17 19 2
0 2 16
20 23 6
5 8 30
12 13 16
19 22 18
1 4 14
13 16 10
2 3 22
5 8 12
15 16 5
13 17 1
13 17 24
5 6 5
6 7 20
1 2 28
3 5 5
13 16 27
10 11 26
15 15 12
2 4 8
0 2 7
11 14 3
22 0 5
4 6 12
14 15 22
16 19 2
11 13 21
9 10 1
15 17 13
20 23 7
17 19 26
4 7 4
21 0 28
22 0 27
7 9 19
4 8 24
2 2 12
10 13 17
4 7 6
21 22 13
8 10 22
14 17 21
12 13 8
2 3 13
7 7 13
23 1 21
0 3 29
22 23 2
13 15 21
14 17 20
8 10 13
5 7 9
8 9 30
21 23 10
18 21 19
20 22 6
14 17 29
4 7 18
7 9 19
18 19 17
22 23 11
11 12 30
6 9 13
10 12 21
19 21 17
10 11 24
13 15 23
20 21 20
17 20 9
9 10 11
23 1 15
14 17 30
7 9 21
15 19 14
4 7 24
10 13 22
7 9 29
13 14 3
10 11 21
15 18 25
17 20 1
5 7 1
10 10 16
20 22 8
3 5 26
9 11 10
1 4 5
14 17 2
7 10 2
14 16 6
13 13 9
10 14 29
13 15 13
3 2 20
6 7 10
4 6 9
16 17 29
13 17 3
7 8 10
5 6 27
15 18 22
10 12 19
6 8 22
15 17 20
7 10 17
14 16 8
10 13 30
13 14 8
2 4 21
5 5 17
10 12 21
6 9 7
21 23 16
12 15 19
6 8 9
11 16 13
16 18 28
4 5 5
14 15 23
14 16 1
21 21 4
13 15 30
5 7 10
17 20 12
16 18 6
0 3 24
3 5 13
13 14 10
16 19 16
15 18 20
21 0 3
1 2 25
11 12 1
19 20 25
22 1 27
21 0 3
7 9 8
23 2 11
1 3 14
23 0 5
22 23 27
21 23 25
10 11 12
13 14 22
6 9 22
22 2 20
10 11 14
14 16 16
19 21 10
6 8 27
12 14 11
7 9 16
23 1 3
19 22 26
23 1 27
1 5 21
8 9 19
20 21 26
6 7 23
6 7 18
11 14 22
1 0 3
7 10 26
10 10 2
10 12 6
23 2 17
21 23 5
18 20 24
22 23 18
15 18 21
17 20 8
12 12 24
10 12 23
6 9 20
21 22 25
12 13 23
13 16 19
20 23 21
21 22 21
15 17 18
9 12 26
23 1 23
17 20 19
19 23 18
8 10 1
1 1 14
15 17 30
19 21 12
18 18 6
17 19 20
6 8 12
5 8 5
23 2 6
17 22 28
18 21 17
13 15 4
19 22 1
23 2 26
6 8 27
9 10 29
9 11 29
15 18 1
10 12 9
3 4 2
16 18 20
4 6 30
17 19 6
20 22 22
3 6 3
6 8 8
16 19 16
3 4 26
1 3 27
0 2 19
23 1 27
12 13 26
0 3 27
7 7 28
2 4 7
0 3 20
12 11 16
17 21 28
18 19 12
14 16 10
5 7 19
5 7 6
22 1 7
10 14 23
14 16 9
8 11 1
22 0 24
20 22 21
4 7 23
6 8 18
11 14 19
6 9 9
19 22 14
19 21 26
15 18 17
2 5 26
14 16 26
6 9 19
18 21 2
12 15 24
7 8 9
13 15 15
14 15 16
10 10 4
19 20 1
4 6 25
8 10 30
10 13 7
15 17 15
5 8 24
13 15 10
13 14 1
16 18 20
17 20 4
9 12 17
6 9 7
12 13 19
9 11 2
22 0 28
0 4 19
19 23 24
13 15 29
7 11 4
11 14 29
16 17 26
19 21 10
19 20 3
3 4 25
6 8 18
20 21 6
13 14 4
10 12 6
21 22 14
7 8 13
9 12 7
23 2 17
4 7 18
10 11 11
8 11 27
13 15 21
14 16 28
0 3 10
9 10 20
16 16 12
19 20 15
13 14 24
10 12 27
21 0 16
0 1 22
0 2 17
17 18 25
1 5 26
17 19 3
15 17 28
17 17 23
19 21 6
12 13 2
15 16 2
23 1 19
2 4 27
8 10 30
14 15 25
23 0 22
7 8 4
17 19 11
8 11 15
2 3 4
10 13 1
12 15 4
2 3 4
19 23 19
8 7 27
4 6 11
6 8 11
2 3 30
8 8 19
8 11 8
15 17 17
6 7 12
1 4 29
9 11 8
16 17 22
10 12 18
16 18 5
16 17 22
10 12 8
23 0 27
18 20 25
10 12 10
9 11 7
1 2 30
8 8 30
14 17 6
14 16 30
20 23 2
6 7 16
17 17 30
20 22 3
10 13 27
11 11 2
9 12 6
21 23 15
13 14 27
16 19 21
2 4 8
23 3 30
10 10 13
19 22 23
10 12 2
6 8 6
19 23 17
4 7 20
12 14 5
2 3 25
6 8 2
22 1 6
10 14 15
15 16 29
9 11 23
10 11 25
17 17 8
9 12 24
17 18 29
21 22 27
13 15 23
14 17 10
7 7 28
20 22 30
22 0 25
12 12 14
13 15 25
5 8 1
16 18 15
16 16 14
20 22 8
3 6 14
17 19 7
2 3 6
2 2 2
3 5 16
0 2 16
15 18 21
19 21 15
6 8 4
18 20 23
11 13 17
21 0 18
1 3 11
16 19 24
23 1 11
1 3 24
5 5 15
10 11 24
13 16 12
14 14 14
4 5 8
23 2 8
19 20 1
17 19 10
20 20 20
18 21 18
20 22 11
22 1 13
11 14 20
1 2 14
12 14 13
23 2 21
16 18 28
17 18 5
11 13 5
0 2 24
15 18 13
16 20 2
16 18 19
12 14 1
3 5 1
23 3 23
0 2 14
9 12 28
3 5 22
7 9 23
16 18 17
7 10 7
16 19 13
12 14 4
17 17 26
0 2 9
16 17 2
16 19 30
3 3 13
23 0 28
5 6 3
3 7 28
2 3 11
4 5 4
8 10 14
6 8 25
18 21 25
20 23 21
15 18 7
10 12 3
22 23 27
16 16 6
5 7 30
11 12 8
19 20 10
15 18 5
18 20 5
2 5 30
16 18 29
13 17 12
16 19 7
5 6 17
1 5 7
7 8 29
21 23 4
16 19 21
4 7 29
8 11 10
18 21 13
3 5 24
13 15 6
3 7 7
22 1 9
6 7 30
21 22 17
19 21 9
2 4 21
1 5 26
8 10 27
9 11 25
14 16 6
17 19 7
21 1 4
22 1 7
15 16 28
18 19 22
23 1 4
12 13 1
21 22 3
13 14 4
17 19 27
17 20 1
12 13 27
10 12 25
2 3 24
6 9 1
7 9 10
6 8 12
0 0 14
6 9 18
16 17 30
14 18 8
23 1 29
10 10 10
17 19 25
13 15 5
9 10 8
13 17 30
12 15 26
22 1 6
9 11 21
20 22 22
10 12 15
0 1 12
7 9 15
16 18 20
16 18 15
11 10 11
8 11 29
8 9 16
20 21 6
16 19 17
4 9 29
1 2 11
7 8 12
8 10 9
2 5 10
14 16 4
16 19 4
8 10 25
14 16 2
12 15 12
11 12 30
15 15 1
1 2 28
21 0 4
21 22 5
23 0 21
0 2 23
13 14 17
20 22 15
17 19 12
0 3 5
14 15 29
15 17 21
21 0 30
2 3 20
13 13 22
22 0 19
7 9 24
4 5 22
17 19 19
0 2 26
11 13 9
5 6 12
5 7 11
18 18 30
12 13 5
2 3 11
16 18 27
1 4 5
19 23 4
2 4 12
16 17 11
15 17 28
21 0 30
0 2 17
15 17 19
14 15 28
23 1 2
2 3 30
12 16 14
18 20 11
4 6 18
11 12 16
6 9 15
11 14 6
12 13 27
22 23 27
12 15 7
21 23 16
15 17 16
17 20 7
20 21 19
6 8 24
3 3 12
19 21 3
8 10 22
16 17 16
22 1 17
23 1 27
6 8 19
4 5 22
18 19 30
12 14 26
0 1 25
23 1 15
5 7 24
6 9 11
22 22 4
10 12 8
8 11 27
8 8 25
20 23 23
23 2 20
9 10 17
23 2 27
18 21 11
23 1 1
16 20 10
10 11 11
17 18 13
8 10 27
7 10 26
22 1 7
5 7 28
16 18 20
16 17 12
3 5 15
13 15 2
0 3 15
11 12 20
8 11 1
18 20 18
5 7 25
22 0 6
0 1 20
1 2 26
6 8 29
6 7 22
13 16 12
5 6 15
4 6 28
10 14 8
10 13 9
22 1 14
14 17 20
20 23 23
11 14 18
22 1 15
7 9 17
17 18 2
8 10 21
20 21 24
11 14 12
23 2 16
23 1 13
0 2 9
2 5 22
1 3 17
8 10 19
19 21 6
16 17 2
8 10 28
14 16 13
4 5 13
17 17 8
11 15 8
11 15 29
17 19 19
5 6 4
3 4 19
10 12 23
8 11 19
14 15 25
1 4 15
21 23 27
7 11 29
10 13 4
9 12 9
17 18 9
16 18 13
5 7 16
17 19 15
21 23 1
10 11 30
13 15 21
12 14 25
23 0 29
7 9 22
11 12 5
18 21 4
12 14 17
18 20 25
10 13 20
10 11 17
3 5 25
20 23 30
20 21 7
18 20 19
17 19 18
13 14 11
20 22 18
2 3 28
12 14 11
15 16 25
0 1 24
15 17 25
18 20 10
4 7 21
15 16 18
2 4 3
14 15 20
13 16 12
17 19 16
23 2 3
13 16 29
7 9 26
15 15 16
21 21 7
3 5 12
20 22 10
23 1 19
2 4 11
23 2 1
10 11 25
18 22 6
22 0 7
5 7 11
16 19 20
14 15 7
11 12 4
13 17 8
9 11 29
1 3 28
11 14 23
20 23 18
7 11 7
6 9 18
6 9 2
6 8 18
7 10 16
9 12 1
0 2 24
0 4 21
5 8 26
22 23 25
9 11 17
14 15 11
4 4 10
8 9 22
16 20 15
18 20 18
20 22 8
13 16 27
21 0 11
1 4 16
18 20 1
16 17 11
18 19 4
19 22 10
1 5 26
22 1 20
1 2 8
0 1 11
10 12 14
23 1 27
19 20 6
8 10 17
6 9 6
20 21 22
13 16 15
2 3 10
0 2 13
18 21 15
10 13 19
12 14 15
17 19 23
21 23 24
17 18 6
22 23 30
19 21 22
2 4 5
1 3 12
1 3 14
2 5 28
3 6 21
7 9 14
0 3 2
7 7 21
17 17 4
19 20 22
14 16 16
6 6 19
4 5 1
23 2 8
18 19 8
10 13 24
15 17 7
19 23 12
20 22 27
12 13 9
1 4 5
16 17 17
18 19 30
9 11 28
7 8 14
5 6 16
20 23 23
12 14 5
16 17 10
6 8 15
16 18 29
23 2 12
14 18 26
21 22 16
18 20 19
9 11 16
0 2 2
16 18 21
19 22 16
10 13 28
8 10 26
8 11 25
8 12 14
13 15 27
0 4 20
14 15 16
13 15 3
8 8 24
17 19 9
14 14 15
21 0 28
17 18 13
19 21 24
22 1 18
6 10 14
16 19 3
5 8 5
10 12 24
1 2 14
1 2 7
18 19 26
19 21 15
7 10 25
19 22 19
12 13 18
4 6 2
11 13 30
14 17 15
11 13 7
23 23 19
7 9 17
13 16 24
17 18 6
9 12 25
7 9 30
21 23 13
9 12 9
20 23 26
22 0 1
17 20 22
17 18 17
13 14 18
2 3 20
12 15 17
4 5 19
9 13 2
17 18 8
17 17 2
0 3 4
18 19 12
10 11 30
22 23 12
22 1 22
20 23 14
6 9 6
18 19 30
12 15 17
3 5 7
3 7 27
16 18 15
21 23 22
17 19 12
23 2 5
15 17 22
9 12 25
13 17 13
0 0 6
11 13 12
20 22 12
18 20 2
15 17 1
7 9 26
9 12 8
2 6 30
6 10 27
10 11 1
14 17 30
0 2 26
15 19 3
18 20 29
23 2 2
7 8 14
12 13 1
3 4 30
19 21 18
17 20 24
6 9 14
0 2 12
13 15 20
9 12 25
10 13 12
13 16 14
17 19 7
1 3 27
17 18 19
9 10 30
8 10 3
9 10 24
16 19 3
21 0 29
16 18 19
3 5 24
14 16 9
9 11 30
18 21 13
21 23 24
14 15 27
5 7 14
10 10 17
14 17 11
8 10 26
10 11 23
20 23 15
22 23 21
7 9 25
17 19 11
20 0 3
10 12 25
18 21 6
4 7 1
6 9 18
8 9 12
19 20 19
5 6 23
1 3 8
0 2 17
6 6 30
10 14 1
14 15 17
19 23 14
15 17 2
12 15 23
22 0 30
21 23 20
5 7 15
14 16 26
11 13 15
15 18 4
10 12 22
7 11 23
0 1 12
22 2 8
4 6 18
9 12 17
22 22 14
4 5 14
9 11 14
3 5 15
7 9 7
4 6 19
11 12 21
19 21 8
0 1 8
20 23 21
19 19 2
2 3 16
7 9 5
14 16 2
8 12 8
13 14 25
22 0 6
13 15 22
23 1 8
13 16 20
16 16 4
17 18 5
6 7 20
7 8 6
12 13 18
20 23 10
16 18 3
5 6 13
3 5 27
0 2 15
16 16 5
21 22 16
2 3 24
16 19 30
9 12 6
13 16 20
17 20 12
16 17 6
4 6 1
22 0 28
18 19 27
3 5 24
10 12 17
14 17 3
15 17 4
21 0 17
5 7 8
5 8 6
17 20 30
16 18 15
12 14 20
10 11 9
14 15 3
11 14 21
8 11 1
11 14 20
6 8 5
16 19 17
13 14 8
20 22 12
7 8 29
15 16 20
20 22 25
21 23 6
11 11 29
12 13 18
18 21 22
23 1 7
0 2 8
1 3 24
9 10 4
20 22 24
21 1 27
7 9 16
20 22 13
16 18 5
23 2 8
6 8 5
14 15 15
17 20 5
3 4 1
13 14 3
12 15 6
4 5 26
7 10 21
20 20 25
23 0 4
10 13 29
4 6 5
16 18 15
4 5 10
6 8 2
6 9 1
6 6 14
17 18 7
19 20 15
14 15 17
18 20 10
4 6 12
6 9 11
12 15 21
19 21 29
9 11 22
10 12 7
22 23 20
17 18 10
18 20 18
9 11 29
2 3 8
5 8 3
12 13 7
18 20 30
8 10 6
12 15 26
17 20 5
19 20 18
20 23 28
15 18 15
21 22 15
1 3 15
14 17 4
1 2 11
9 11 3
15 17 10
8 8 7
5 7 28
14 14 25
0 1 30
15 17 8
18 20 5
6 9 24
1 4 6
4 6 24
3 3 2
21 1 20
13 12 19
2 2 3
13 14 11
10 10 20
5 8 17
1 2 14
20 20 4
5 7 20
16 18 24
2 4 5
15 18 24
9 10 6
11 13 4
0 2 20
16 19 20
21 23 9
2 3 8
23 0 3
5 6 2
3 6 5
8 10 29
6 8 30
19 20 23
3 7 20
20 23 19
5 8 11
1 3 21
17 19 11
9 11 3
8 9 29
23 1 25
21 21 27
11 12 6
15 17 5
11 14 10
9 11 15
2 5 1
17 17 5
19 21 1
6 9 19
2 4 29
18 20 25
10 14 20
5 7 17
7 9 22
19 22 26
17 18 19
22 0 26
5 9 22
1 3 18
19 21 18
1 3 22
6 9 5
18 21 5
7 7 25
5 7 9
2 4 1
19 21 14
2 6 4
11 12 9
21 2 21
6 7 29
9 12 27
0 3 2
9 11 24
7 10 19
10 10 21
13 16 16
7 10 11
17 19 10
17 19 28
9 11 8
10 12 4
13 15 11
10 12 26
10 13 22
18 20 12
13 17 17
5 7 2
23 1 6
1 3 14
13 16 10
19 20 6
21 23 10
7 8 11
8 8 9
11 14 12
4 6 22
8 11 12
7 10 17
8 9 29
21 23 29
14 15 23
11 13 9
1 4 28
13 13 1
16 18 8
14 16 2
5 5 3
16 18 25
7 8 27
12 14 3
5 6 24
9 9 27
14 15 23
0 0 8
3 4 20
8 11 26
5 7 18
21 0 5
10 12 20
11 13 24
23 3 19
12 15 8
15 16 20
20 22 7
14 17 29
5 6 28
12 14 21
4 6 19
10 12 8
11 14 5
21 22 30
4 7 21
19 22 14
3 4 12
11 13 15
19 22 14
17 19 29
18 20 13
0 2 21
14 15 19
6 8 13
18 20 21
1 4 6
7 8 28
10 10 20
12 12 8
12 15 27
8 11 26
15 18 11
5 7 28
5 7 15
23 0 28
12 14 12
22 1 25
22 1 10
13 14 3
23 0 1
14 15 13
14 16 7
19 21 28
2 3 8
6 8 7
20 20 23
21 23 9
7 8 23
23 0 7
22 1 13
9 10 6
10 11 16
2 5 20
19 22 8
1 1 23
22 1 23
22 2 8
13 13 3
23 2 3
0 5 12
2 3 28
6 9 16
20 22 9
10 13 4
21 22 3
11 13 20
11 13 11
12 15 6
11 13 11
16 17 28
16 18 2
12 14 10
20 23 20
4 7 25
1 2 22
20 23 8
22 23 24
8 8 27
20 23 2
9 11 12
16 19 13
7 7 1
9 10 26
23 1 21
11 12 25
17 19 29
5 7 23
9 10 2
4 6 12
1 4 12
15 16 16
22 23 21
23 23 14
12 14 30
17 20 25
14 17 26
12 14 19
6 8 2
19 23 23
2 3 20
15 16 17
8 10 10
5 6 27
5 7 8
17 20 9
0 3 10
10 12 27
17 18 21
11 13 21
21 23 3
16 17 21
4 7 9
18 19 19
4 5 30
5 7 7
21 0 20
16 19 25
8 10 3
12 13 2
4 8 9
18 18 15
7 9 11
17 20 20
13 17 14
19 21 7
8 9 8
1 2 28
14 16 15
6 9 15
18 19 15
5 8 4
17 19 4
16 17 8
7 9 1
10 11 20
11 11 30
9 12 11
11 12 24
14 16 28
18 20 17
23 1 8
22 23 27
20 21 18
10 10 16
16 19 24
4 7 1
1 3 7
6 8 2
19 21 7
8 10 27
17 18 8
17 20 27
6 7 3
16 18 15
14 17 19
15 17 2
13 14 21
22 1 26
18 22 19
22 1 29
5 9 4
6 9 30
22 23 5
3 5 16
2 3 16
13 14 5
23 0 17
21 23 27
21 0 10
22 1 25
15 17 3
6 9 24
11 12 10
3 4 16
1 3 13
15 17 15
6 8 15
10 11 9
7 8 9
20 20 5
9 11 30
23 0 17
13 15 17
6 7 26
6 6 21
13 14 13
11 15 12
23 2 15
14 17 9
2 5 16
6 8 23
21 21 15
17 19 18
20 21 10
18 21 20
9 12 7
12 15 15
12 13 5
3 4 12
10 12 8
0 1 18
8 10 20
2 5 22
23 1 7
19 20 23
10 12 9
9 9 30
21 22 14
1 4 29
4 5 5
2 6 25
5 7 1
1 4 5
6 8 14
17 18 16
0 1 14
5 7 9
19 20 4
7 9 17
10 12 28
7 7 18
3 4 14
9 10 20
21 0 24
2 4 15
18 20 8
7 8 3
3 4 23
8 10 30
1 3 8
6 8 27
7 9 26
15 19 28
7 9 5
8 8 7
1 3 10
20 21 6
7 9 29
14 16 7
19 21 21
14 15 23
13 18 28
13 13 15
21 23 8
22 23 18
20 21 4
16 17 12
22 1 26
11 14 17
4 7 7
10 12 26
8 9 5
18 19 11
21 23 23
23 2 10
5 6 10
7 9 6
3 3 1
16 17 14
14 14 12
19 20 16
16 20 23
5 8 8
16 19 2
9 12 24
12 14 26
0 2 29
4 7 13
2 5 16
22 1 1
4 6 18
12 13 12
9 11 8
13 14 11
5 7 23
19 22 2
15 18 4
4 5 25
13 16 24
18 21 19
19 22 21
6 8 21
15 19 8
16 16 30
17 19 7
15 17 6
15 16 10
3 5 6
3 5 13
4 6 6
12 13 22
3 4 21
6 8 26
19 22 28
0 2 17
11 13 29
12 15 17
8 9 10
4 7 7
1 5 25
23 2 18
19 22 24
22 1 27
0 1 21
23 0 11
3 6 9
22 0 14
9 11 16
15 17 9
15 16 17
18 19 17
8 9 16
8 12 6
22 1 20
3 5 6
18 20 24
10 12 30
20 22 13
22 23 30
22 1 10
18 20 6
19 20 26
12 14 24
23 1 22
17 18 20
23 1 5
18 21 22
21 23 3
11 11 4
5 6 15
18 22 11
23 3 26
7 8 13
17 18 8
2 4 4
4 5 19
23 2 10
0 2 22
14 15 2
8 9 27
20 22 16
7 9 25
2 4 20
0 2 23
18 20 10
3 5 26
15 15 24
1 3 12
3 4 28
10 13 8
21 0 2
1 3 12
15 18 15
2 4 23
18 19 7
5 7 25
14 17 16
13 13 20
14 17 7
0 2 23
6 9 5
10 13 1
23 1 14
22 0 9
20 20 29
7 8 15
7 8 30
1 2 29
10 12 23
18 19 6
20 22 29
6 7 21
11 13 20
22 21 9
13 16 17
8 10 8
8 10 23
1 4 19
18 19 8
0 1 15
18 21 11
4 3 6
22 0 30
4 6 27
4 7 2
2 2 5
16 18 17
7 8 22
20 23 19
15 17 16
9 10 14
9 11 6
15 17 22
12 14 3
10 13 12
14 15 20
12 12 22
5 7 14
0 2 27
12 15 2
0 3 10
19 20 3
18 20 22
2 4 13
18 20 29
17 19 25
15 17 25
1 3 29
22 0 14
1 3 4
21 0 4
13 15 19
6 7 24
3 4 26
16 20 15
15 18 27
8 10 27
17 19 30
2 6 14
9 11 5
6 8 12
16 18 4
1 2 16
19 20 25
12 14 9
5 6 17
7 10 28
20 22 6
1 3 14
22 2 6
6 9 30
17 20 8
18 21 10
9 13 28
4 5 13
13 16 1
11 15 9
14 17 28
7 9 2
19 21 14
1 4 27
22 0 21
15 17 25
18 19 18
5 8 14
22 1 27
0 2 3
8 11 26
0 2 19
18 17 1
6 9 24
1 2 6
4 6 2
13 16 23
12 15 26
16 17 9
13 16 21
11 13 25
1 3 13
14 16 13
23 1 30
0 2 17
20 21 22
10 11 15
1 3 13
6 10 8
20 23 26
16 18 20
19 23 2
16 18 17
16 17 3
22 1 7
17 17 11
7 9 24
18 21 27
4 5 18
12 14 9
4 5 25
3 4 13
6 8 23
7 9 7
11 15 8
0 2 10
1 2 27
11 14 7
13 17 29
12 14 13
20 22 13
20 23 17
7 10 22
5 7 30
8 7 3
14 18 17
12 13 15
6 8 12
0 2 12
18 19 4
7 8 17
10 13 29
8 10 16
1 3 13
17 18 6
10 12 19
5 7 2
18 21 4
16 20 18
11 14 3
7 9 22
12 13 10
9 13 17
11 13 4
12 13 9
6 8 2
18 20 29
20 21 7
10 11 18
21 22 7
10 11 18
3 5 29
9 11 22
12 15 9
22 23 20
5 7 17
23 2 5
13 15 29
14 17 20
14 17 21
15 18 8
16 19 20
7 10 16
7 8 10
16 16 9
3 5 22
12 15 28
20 21 3
2 5 10
0 3 23
12 15 7
1 4 17
10 12 30
6 6 26
7 10 30
22 0 13
18 20 9
6 8 6
10 11 9
15 17 28
1 4 17
22 22 10
7 9 8
20 21 11
3 8 16
19 22 18
3 5 18
1 4 27
9 13 16
17 20 17
20 22 17
9 11 26
4 5 26
11 14 20
23 0 7
3 5 16
14 15 25
19 21 16
14 16 27
16 17 30
4 6 22
4 6 22
3 6 19
13 16 25
20 21 2
12 13 28
14 15 27
9 12 6
18 20 6
15 17 25
21 0 20
22 3 7
12 16 7
20 22 22
23 23 27
5 7 23
18 21 28
7 8 26
6 9 20
9 12 18
15 17 21
12 14 1
14 16 13
20 21 14
21 22 2
9 11 22
22 23 30
22 2 18
3 5 4
20 22 20
0 2 17
17 18 10
10 12 16
15 17 16
18 19 21
2 7 15
17 21 2
2 5 20
6 9 17
9 12 29
22 1 11
11 11 16
20 23 10
15 17 25
6 8 9
2 3 4
16 18 2
1 5 13
17 17 9
12 13 21
14 16 10
11 12 24
8 9 5
11 14 7
23 1 12
15 18 3
20 22 4
0 2 2
4 7 10
9 11 30
17 19 17
18 21 7
10 12 18
23 1 27
9 10 9
21 23 25
3 4 20
11 13 23
2 3 10
4 7 2
19 22 29
21 22 3
0 3 17
23 1 13
19 21 22
8 9 10
21 22 28
18 21 13
11 12 11
23 2 12
8 10 23
11 12 24
8 10 9
18 21 4
9 11 6
23 1 26
22 1 30
19 21 24
23 1 4
8 11 23
14 16 4
7 11 30
19 20 14
13 14 15
8 9 15
17 20 16
13 15 29
8 10 18
2 4 4
18 21 9
0 2 14
4 6 15
3 4 16
21 22 29
3 3 11
20 0 22
9 12 22
9 12 19
6 8 18
8 10 22
11 13 18
21 23 5
15 18 26
13 13 2
5 7 29
21 0 20
6 7 14
14 16 22
7 9 30
10 11 24
0 4 28
19 21 17
15 16 22
6 8 20
12 16 13
20 22 11
3 7 28
22 2 28
17 19 28
9 10 3
6 6 22
16 17 14
3 5 20
17 19 19
20 22 26
18 21 27
21 1 23
10 13 10
2 5 26
18 20 13
14 16 24
9 11 14
1 4 11
16 19 24
5 6 15
22 0 4
8 9 2
18 20 11
23 1 22
3 4 7
23 1 3
9 10 18
1 4 28
23 0 9
3 6 16
8 11 15
8 10 19
9 10 11
8 8 27
15 17 15
2 3 13
9 12 18
6 8 23
9 11 21
12 16 26
22 1 21
10 13 8
9 12 3
3 4 16
13 15 14
14 16 8
18 20 23
8 10 2
7 9 9
10 13 25
22 1 23
18 20 16
14 16 3
0 2 14
8 10 5
5 8 10
16 16 22
22 2 2
11 14 13
11 14 30
7 9 2
6 8 21
1 3 17
11 13 1
13 16 23
16 17 26
7 7 28
20 22 30
21 22 27
16 16 13
10 12 5
17 17 21
19 22 9
23 0 29
15 16 13
10 13 30
0 2 21
5 7 11
17 19 3
7 9 21
16 17 29
19 21 4
0 2 19
10 11 19
20 0 27
0 1 29
3 5 12
11 13 22
14 14 28
12 11 10
5 8 5
18 20 29
21 23 18
23 23 5
3 5 22
15 17 1
21 22 11
14 17 25
23 1 14
4 8 1
6 9 3
15 17 8
13 16 30
23 0 19
20 23 23
8 9 23
8 8 3
11 14 20
18 21 12
7 10 22
12 15 5
14 15 18
5 8 20
20 23 16
19 19 19
21 23 11
14 15 30
22 0 27
4 6 25
12 14 26
2 4 26
0 2 13
9 11 8
6 8 7
14 14 28
10 12 20
12 14 5
5 5 25
0 1 30
11 12 24
8 11 1
3 5 22
9 10 20
9 11 23
12 15 26
18 20 19
12 13 21
7 9 4
2 3 23
12 14 19
17 18 17
11 11 2
22 0 12
7 6 14
10 13 17
3 4 15
2 3 18
16 17 14
15 16 15
4 5 10
7 9 21
4 6 18
20 22 18
18 20 15
21 0 8
6 7 7
1 4 30
23 0 29
17 18 12
0 2 23
2 3 13
12 13 21
15 16 6
13 13 25
15 17 11
21 23 9
15 18 15
23 1 2
0 2 20
22 23 6
15 17 9
19 20 28
2 5 1
2 3 4
16 17 23
6 8 10
10 12 29
20 23 13
6 9 24
18 19 22
5 7 30
4 7 29
20 23 14
3 5 8
4 5 19
3 6 2
0 0 30
4 7 7
8 10 17
18 21 7
22 1 12
19 22 12
18 20 21
0 3 26
17 19 4
3 5 9
16 16 12
12 13 24
23 1 25
3 5 1
16 18 2
5 7 9
12 14 21
21 22 25
15 19 11
13 15 16
14 16 24
0 3 3
21 0 19
23 1 10
18 21 24
22 2 24
15 18 11
11 13 11
8 10 19
16 18 27
13 15 16
12 15 21
3 6 17
8 10 12
3 4 18
2 4 24
14 16 18
2 5 9
19 21 2
11 13 17
13 16 19
15 16 11
16 15 12
8 11 4
10 13 3
22 23 24
11 14 25
19 23 3
19 22 22
21 1 12
20 21 1
10 10 11
20 23 9
10 12 14
18 22 27
9 13 24
21 23 12
13 15 14
1 2 7
20 22 18
6 7 14
6 7 4
12 14 4
20 21 14
4 6 11
3 8 28
10 11 7
3 5 26
11 13 13
0 3 20
9 11 23
18 19 25
2 5 18
0 3 14
16 18 10
10 12 3
18 19 23
16 18 29
22 1 23
14 17 9
1 5 25
18 21 22
21 23 1
22 1 20
22 0 13
21 21 23
1 2 12
16 18 26
5 7 19
17 19 6
6 9 21
1 0 28
7 7 28
1 2 14
11 14 2
17 19 1
18 18 11
10 13 23
6 8 11
14 17 16
9 11 2
16 16 17
6 10 11
16 20 12
7 9 6
12 13 7
1 3 15
4 5 13
11 15 25
16 18 17
7 8 15
3 5 16
4 7 23
8 8 20
0 4 5
2 3 2
4 5 26
23 2 2
17 18 1
21 23 2
13 14 3
10 12 22
2 4 30
8 10 26
5 5 4
1 2 21
11 13 1
7 9 21
9 10 5
19 22 10
8 10 14
12 14 28
9 11 27
4 7 10
19 20 1
18 21 24
14 15 2
22 0 4
4 7 14
18 19 27
14 15 28
13 16 6
5 8 13
19 22 28
21 23 5
23 2 20
18 19 10
3 7 27
11 13 24
14 18 26
19 21 29
13 15 29
15 18 9
12 14 25
19 20 28
11 14 15
10 12 24
2 3 29
9 12 11
15 17 25
10 14 12
6 7 3
23 0 11
4 6 5
11 12 29
21 0 26
1 3 14
13 13 26
13 14 18
23 23 18
20 21 11
16 20 2
3 5 7
18 22 7
20 22 7
16 17 20
20 22 21
1 3 9
5 8 24
10 13 11
13 15 2
13 13 10
7 8 3
11 12 9
12 13 24
7 9 11
17 20 1
5 7 4
19 21 18
22 1 4
6 6 17
0 4 28
23 1 4
17 18 1
10 13 4
19 21 9
23 2 5
1 3 22
14 16 11
17 18 14
5 7 18
2 4 19
17 20 9
11 14 7
1 2 4
1 4 5
7 9 10
11 11 13
6 7 9
19 23 19
17 19 6
5 7 3
8 10 18
3 5 28
8 12 22
1 1 18
13 15 24
15 18 9
19 0 23
6 7 30
1 2 6
11 14 26
7 9 15
3 5 10
21 0 7
10 11 23
19 21 9
16 19 5
13 16 7
17 20 3
7 9 18
19 22 27
14 16 26
3 5 21
13 15 21
8 10 4
8 12 24
14 16 13
7 7 23
3 6 16
9 11 1
19 19 28
12 13 3
10 12 3
3 8 4
3 4 18
14 15 24
14 14 8
15 16 26
4 6 2
16 20 9
10 13 3
15 17 7
19 21 26
20 22 26
21 0 24
5 6 5
18 20 19
19 23 24
18 20 18
17 18 25
14 16 23
22 1 1
2 6 13
5 8 29
11 12 9
12 17 30
23 3 30
4 6 21
15 17 6
23 2 13
2 4 10
12 16 25
1 4 29
5 8 27
13 16 7
14 17 22
1 4 10
14 17 25
6 7 5
17 18 5
15 15 2
12 14 14
22 23 4
15 18 25
3 5 25
15 18 3
16 17 25
22 23 21
8 10 21
22 1 27
6 9 7
0 3 4
5 10 28
7 10 24
10 14 27
18 19 23
19 20 29
10 14 3
16 18 23
23 2 22
11 13 13
14 16 2
22 23 22
18 20 20
20 22 7
23 2 4
18 20 2
20 22 8
9 10 26
11 12 27
23 2 9
14 15 9
9 9 12
3 4 14
7 9 6
11 13 7
7 8 22
11 12 25
15 18 27
9 11 10
16 17 3
12 13 25
1 4 23
15 16 19
14 17 26
9 11 12
3 4 19
16 19 16
9 10 14
11 14 4
15 17 8
2 5 3
21 22 27
20 23 9
8 9 11
8 9 28
12 13 28
7 9 24
16 19 7
12 15 15
17 20 28
3 3 24
9 12 14
1 4 19
16 17 12
11 14 7
22 0 23
7 8 17
10 12 5
6 7 14
6 11 6
11 14 24
19 21 22
12 14 7
21 0 6
14 17 17
0 2 19
7 9 15
19 21 16
23 2 14
3 5 12
23 0 26
13 15 29
19 21 19
3 4 13
11 14 28
22 21 9
4 6 25
12 15 5
16 18 7
5 8 9
11 12 5
15 16 18
5 6 4
5 5 18
22 0 13
21 23 28
9 11 6
22 23 11
16 20 9
0 1 24
6 9 3
0 0 10
11 13 20
12 14 24
1 2 23
7 7 12
15 18 12
21 22 29
2 5 29
8 10 5
17 20 28
7 10 5
14 17 24
20 1 30
17 21 5
20 22 19
20 22 6
19 20 30
23 1 21
10 13 28
14 15 13
22 1 29
18 22 9
15 17 16
20 21 15
13 17 4
17 19 1
16 17 14
19 20 11
9 11 1
11 13 7
22 23 29
14 18 14
0 3 10
6 9 19
16 19 20
18 21 29
6 9 6
22 1 15
9 12 10
16 19 30
16 19 11
11 14 12
19 21 29
9 11 2
0 1 15
16 19 27
0 2 17
13 15 28
10 10 18
8 8 25
18 20 10
17 19 17
18 21 11
21 23 24
9 10 25
0 3 10
10 13 21
11 14 12
8 11 18
23 2 13
4 5 19
6 7 6
5 6 20
19 22 17
22 1 15
15 17 9
1 3 7
22 0 20
11 14 2
18 21 7
10 11 17
9 10 28
14 16 16
5 5 9
22 0 4
3 5 8
12 13 15
12 16 18
16 18 29
9 12 26
11 14 12
18 19 7
7 9 30
9 11 7
19 21 27
8 10 1
2 3 8
21 0 21
15 17 8
14 17 7
15 15 5
13 15 9
10 11 28
1 5 16
2 3 20
21 23 4
4 4 22
7 9 14
4 5 11
11 13 6
4 6 16
20 21 30
3 6 17
16 18 1
13 15 27
1 2 14
18 18 2
8 8 14
2 2 25
12 15 23
17 19 18
6 8 13
21 21 3
2 4 15
18 21 2
2 6 25
4 5 9
17 20 10
11 13 19
19 21 21
1 2 7
16 20 21
8 10 23
10 12 28
21 1 28
4 6 29
7 9 15
7 8 27
6 8 23
0 2 2
14 17 25
15 17 14
18 21 11
0 3 27
2 5 20
12 15 3
13 14 24
6 7 3
0 3 29
1 3 21
7 9 24
5 6 9
21 23 6
9 10 18
20 23 24
8 8 25
3 5 11
13 16 4
15 16 30
18 20 14
15 17 8
14 17 18
10 13 10
9 12 9
20 21 22
1 3 18
12 14 26
5 8 30
15 17 25
17 19 10
7 10 14
19 22 25
23 0 20
19 22 9
20 21 29
17 20 22
15 15 13
6 7 15
10 13 17
19 20 28
23 0 16
9 12 15
18 19 24
13 14 23
10 12 5
15 16 11
13 14 10
4 5 30
4 7 3
7 10 6
9 12 11
23 1 18
17 18 3
0 2 25
23 2 6
23 1 12
22 0 19
5 7 6
21 23 26
15 17 23
23 1 3
6 8 16
11 12 28
13 13 26
16 17 28
10 13 18
4 6 21
13 13 30
2 3 10
17 19 23
1 2 6
10 12 23
9 10 16
13 14 17
9 10 12
10 12 14
21 23 11
1 3 8
20 20 16
17 19 23
9 12 1
12 13 27
5 5 12
4 5 25
3 6 2
1 4 11
5 7 17
3 6 12
22 0 27
3 4 23
4 6 25
11 12 30
0 2 18
10 10 3
2 3 4
2 4 16
20 23 19
2 2 2
19 21 30
9 12 6
18 21 29
5 7 16
14 17 17
6 10 9
23 3 13
13 15 5
19 20 24
7 8 26
16 18 4
19 23 29
12 14 30
11 13 27
9 11 29
0 3 27
19 22 2
9 10 22
8 9 18
14 17 19
19 20 15
8 9 11
14 17 22
12 14 17
23 1 28
8 11 3
17 19 10
2 3 5
16 16 16
11 13 15
2 3 29
4 5 14
6 9 7
11 13 27
12 13 2
17 17 8
0 3 15
9 12 17
10 11 26
9 12 3
12 15 13
20 22 13
21 23 25
12 13 9
18 19 16
7 8 22
11 13 2
23 23 13
22 23 20
3 4 25
0 3 22
13 15 3
5 8 17
22 23 5
7 8 3
8 11 15
7 8 30
17 18 18
11 14 29
23 0 23
7 8 30
7 9 10
12 13 4
8 10 14
9 13 20
19 23 8
19 22 25
22 23 29
17 20 3
13 15 23
1 3 12
4 6 9
22 1 5
19 19 26
0 0 10
7 9 24
3 6 16
20 21 15
16 18 12
18 21 15
2 4 15
9 12 9
9 10 5
21 23 19
3 5 9
2 5 30
23 1 26
22 0 9
0 1 7
14 17 8
1 2 7
21 0 26
5 8 8
12 13 6
0 2 29
23 2 4
8 10 1
13 15 29
3 5 10
18 21 9
4 7 26
4 6 13
13 14 15
11 13 12
15 16 1
9 13 2
8 11 3
17 19 15
9 12 26
0 2 18
1 5 11
14 15 6
19 21 24
11 14 20
10 13 12
22 0 12
2 5 10
18 19 10
9 11 24
4 7 29
14 16 18
11 12 16
8 10 22
22 23 21
22 1 11
12 14 26
2 4 6
20 22 5
18 19 29
21 0 14
0 2 6
23 0 11
1 2 8
6 7 22
19 23 24
22 1 11
3 5 18
8 10 22
11 11 25
15 18 28
23 1 4
10 12 20
11 12 19
22 21 9
9 13 20
18 22 21
8 9 23
17 18 26
17 18 20
15 17 29
5 6 26
21 0 16
20 21 6
10 12 4
10 14 10
17 19 16
0 2 23
15 17 4
1 1 7
19 22 11
4 8 30
10 11 2
11 14 17
5 9 20
4 7 23
19 22 29
5 7 27
6 9 12
2 6 21
1 4 21
23 1 29
4 7 1
22 23 17
7 9 25
20 23 18
20 23 24
12 15 17
18 20 18
19 21 14
4 5 29
9 10 24
19 20 6
18 20 28
0 3 5
23 2 28
18 20 18
4 6 3
14 15 1
7 9 11
12 13 28
2 5 24
3 4 9
0 2 29
12 13 22
18 20 22
17 20 13
22 1 29
20 22 27
22 2 19
0 2 19
23 2 5
12 13 17
22 23 7
19 20 22
4 6 10
3 5 24
18 19 22
5 7 1
10 11 20
14 15 9
4 5 9
8 9 27
19 21 26
4 8 4
1 1 17
16 16 19
12 13 30
18 22 10
7 10 19
13 15 19
8 10 17
12 14 9
2 6 7
4 4 7
5 5 26
12 13 1
5 7 14
8 10 15
15 19 26
9 11 10
20 22 18
2 6 1
17 18 24
21 22 8
1 2 7
19 19 18
22 0 4
0 1 6
8 11 27
15 18 15
10 12 4
16 17 12
1 2 16
1 3 17
15 18 15
12 15 2
16 17 16
15 15 23
9 12 29
18 21 6
8 10 2
0 4 24
6 9 19
1 3 17
22 23 22
12 13 14
2 3 10
15 16 13
18 21 29
15 17 1
11 13 13
8 10 22
5 7 11
16 18 25
11 13 26
1 4 24
8 11 29
12 13 10
10 13 8
19 22 9
12 14 11
4 6 30
7 9 30
15 18 3
17 20 19
11 13 8
21 22 27
6 8 28
7 10 7
23 0 10
6 8 21
20 20 5
9 11 8
12 13 19
20 21 17
13 14 16
8 10 15
20 23 4
6 8 10
3 5 22
8 11 5
18 19 23
21 23 19
12 15 19
16 18 11
4 6 1
19 21 3
7 8 22
16 18 14
18 18 1
15 16 16
16 15 2
14 16 4
13 15 9
0 3 13
9 10 14
13 15 23
13 16 2
23 1 15
7 8 14
4 7 13
23 1 4
11 11 1
13 15 16
0 1 28
18 19 16
7 9 13
12 14 28
16 18 25
22 0 25
11 13 21
5 7 15
4 6 19
15 17 21
5 7 1
12 15 1
0 1 11
11 12 2
6 7 17
7 9 5
19 21 16
11 12 12
18 20 14
10 11 27
2 6 6
5 7 23
21 23 9
14 14 8
5 8 22
6 8 24
13 14 18
22 0 6
12 15 5
12 14 12
0 3 23
11 16 14
2 6 3
23 1 16
19 21 18
0 3 12
11 14 16
10 13 30
14 15 25
14 17 12
11 13 15
17 19 1
1 4 14
6 10 14
9 12 24
19 23 27
10 12 25
5 7 19
18 19 10
2 6 29
8 9 9
6 8 28
10 13 30
12 15 16
1 3 1
8 11 2
5 7 30
6 8 15
12 14 5
12 13 25
19 21 2
17 19 14
6 8 18
7 8 17
16 18 28
7 10 11
16 18 24
7 8 4
0 2 10
16 17 16
12 13 12
10 12 28
13 16 5
14 17 5
7 9 25
12 14 14
0 2 12
18 20 16
20 22 3
23 1 1
16 19 24
5 7 17
14 16 4
17 19 22
4 8 10
23 23 18
1 3 1
19 22 23
8 11 21
21 22 9
8 9 19
18 19 18
1 2 3
6 7 22
19 21 5
1 3 21
0 3 20
0 2 27
13 14 4
13 14 23
20 22 9
0 1 7
13 15 12
14 19 27
14 15 30
5 6 19
11 12 4
6 9 15
2 4 27
20 22 11
12 14 29
8 9 22
6 7 29
5 7 6
18 19 23
21 22 7
10 10 5
9 11 30
20 23 6
22 23 16
19 22 23
8 10 23
16 18 14
3 3 8
10 13 13
2 4 5
20 20 18
9 11 18
16 17 28
8 10 10
14 17 2
6 8 30
16 17 28
0 2 4
18 18 28
10 13 5
15 16 3
15 15 23
12 16 29
6 9 11
7 9 2
2 5 13
9 10 12
0 2 27
23 2 30
10 11 11
20 21 9
1 4 1
5 8 16
15 17 28
19 22 5
0 2 20
4 7 27
7 11 20
2 6 2
22 23 14
19 22 8
17 22 30
15 17 3
3 6 14
10 11 16
17 18 16
21 22 21
15 17 9
21 23 5
17 21 17
6 9 26
9 12 8
22 0 17
3 5 17
3 4 21
10 10 14
15 16 8
8 9 30
13 14 1
4 6 13
12 13 20
14 16 29
20 23 11
9 13 13
8 10 8
22 23 6
0 2 21
1 5 13
18 20 17
22 1 17
21 0 21
1 3 6
5 7 6
22 23 16
12 13 16
23 2 15
2 5 5
20 23 27
7 9 11
19 21 10
19 22 12
17 20 11
23 2 19
14 13 14
8 10 11
13 15 7
13 15 22
10 13 12
11 14 24
10 11 7
7 9 12
7 11 20
7 9 22
12 13 7
0 2 1
5 7 25
23 2 7
11 12 29
23 1 4
4 5 6
14 17 29
20 21 27
2 3 13
22 23 27
18 21 22
5 5 20
14 16 12
21 0 4
2 5 11
16 17 25
16 18 27
0 2 29
9 9 10
15 17 24
14 17 15
5 7 6
21 0 15
1 3 29
3 7 20
17 18 25
11 15 7
16 18 19
15 16 21
23 1 11
0 3 13
14 16 10
13 14 19
7 10 21
8 11 24
10 12 6
16 17 20
3 4 20
20 22 28
15 16 5
4 6 5
4 5 12
13 15 22
15 17 1
16 18 25
17 19 10
10 13 24
7 8 22
13 11 5
4 6 19
3 6 29
5 8 9
9 11 16
19 22 13
21 23 8
14 16 3
5 7 29
22 0 20
17 18 25
23 2 10
18 20 23
9 10 17
3 6 4
4 6 3
8 11 14
5 6 22
14 16 19
0 2 3
19 21 4
14 18 3
14 18 3
1 4 13
14 16 9
2 5 16
10 11 10
7 11 6
13 15 10
3 5 19
8 10 8
15 17 6
2 5 17
22 22 1
5 7 14
8 9 3
8 10 12
21 22 7
19 20 4
12 13 22
21 0 14
8 10 29
11 12 25
21 23 23
1 2 22
9 12 19
12 13 16
18 21 24
1 4 22
19 22 10
4 5 5
14 16 6
11 14 4
1 3 7
15 18 30
5 7 5
18 20 21
23 1 21
5 7 6
2 5 25
12 12 4
7 11 29
5 7 22
18 22 8
17 18 7
8 9 15
19 21 25
0 2 28
15 20 11
17 22 1
19 21 6
14 16 20
14 17 12
22 1 23
12 13 23
16 18 6
1 3 19
10 11 17
21 23 26
11 11 26
9 12 27
1 2 9
10 13 21
14 16 8
10 12 29
4 6 11
19 19 6
3 5 23
11 13 6
17 16 22
16 17 3
23 23 3
21 23 17
0 2 25
5 8 4
0 2 8
2 5 14
14 17 18
18 21 23
10 12 29
14 17 17
5 7 16
8 10 12
2 3 2
8 9 20
10 12 20
6 8 26
21 23 22
13 15 2
22 23 29
21 1 12
18 20 11
21 1 13
13 15 15
4 7 16
6 10 10
23 1 1
15 18 5
20 23 2
17 19 20
21 0 8
5 6 23
9 9 16
17 20 25
2 3 25
1 4 3
1 1 2
7 11 25
16 17 9
14 16 24
6 8 22
8 9 9
21 0 27
5 7 22
0 4 13
1 6 24
3 3 6
5 8 19
8 11 26
6 10 6
23 0 13
18 21 10
11 15 3
7 9 26
23 0 6
8 9 3
0 3 7
15 19 26
13 15 6
17 20 17
4 5 16
22 0 20
23 2 21
6 8 19
12 14 12
12 13 1
23 2 11
1 4 24
10 13 22
9 10 13
6 8 19
16 17 17
0 3 5
9 11 7
13 15 29
17 20 5
23 1 17
2 5 29
4 7 6
12 14 25
7 8 17
6 8 11
13 14 8
13 14 12
2 4 26
17 19 13
6 8 5
2 2 19
23 0 17
14 15 9
1 2 19
12 15 19
12 16 16
23 23 17
20 22 17
18 20 22
11 15 10
8 11 15
21 23 10
23 1 12
13 15 15
23 1 7
21 23 24
21 23 10
8 11 6
15 18 24
13 14 4
20 22 13
23 1 8
9 12 16
18 18 11
2 3 20
1 4 14
13 14 17
0 2 3
3 6 25
10 11 10
22 1 3
20 0 30
14 14 29
7 9 2
16 20 30
9 11 14
18 20 4
21 22 17
9 11 3
13 14 26
10 12 1
7 9 16
19 21 18
18 21 29
12 15 7
4 5 25
16 18 9
19 21 25
1 3 25
17 20 10
21 0 22
7 10 12
16 19 12
10 10 9
6 8 20
21 22 28
9 11 17
21 22 23
5 8 30
6 8 3
8 10 2
10 12 25
10 12 14
20 0 29
0 2 30
7 9 10
12 12 12
17 18 12
8 10 20
8 10 3
18 20 6
4 5 10
11 15 16
15 17 14
8 10 3
23 1 25
3 4 23
5 7 30
7 12 13
20 23 19
10 13 5
5 6 17
7 10 19
2 3 2
13 16 23
5 7 26
12 14 13
11 15 28
10 11 28
19 21 18
1 3 1
7 10 15
18 20 5
17 19 20
19 21 16
11 14 29
5 8 28
6 9 10
20 22 22
13 14 26
5 6 28
6 8 14
2 3 3
12 16 30
16 18 17
1 5 8
11 13 4
13 14 8
16 19 5
3 4 3
10 11 1
16 17 15
19 21 13
22 23 10
22 23 24
17 19 2
9 10 9
22 23 9
16 18 9
18 19 24
10 12 16
11 13 24
9 10 17
22 22 13
18 20 14
14 17 24
13 14 8
5 6 10
17 18 28
10 12 26
9 10 26
12 16 25
0 1 13
11 12 12
13 14 15
1 3 11
0 3 17
1 5 4
15 16 8
8 10 29
3 6 20
1 3 8
4 6 28
21 22 4
21 23 30
2 6 30
16 18 12
21 0 11
7 8 30
5 7 13
21 0 4
12 15 10
1 3 9
5 5 17
0 1 30
4 6 10
14 15 21
19 23 12
1 2 27
7 8 10
2 4 26
7 9 1
18 19 1
6 8 19
17 19 18
14 16 22
18 20 10
14 17 1
23 0 30
5 6 29
13 15 30
12 14 7
21 0 8
11 13 30
21 0 3
8 10 22
1 4 19
2 4 8
5 7 6
14 16 8
20 21 9
13 14 10
1 3 13
10 12 7
11 13 2
16 17 25
1 4 21
21 0 5
14 17 14
12 15 18
3 6 20
23 2 1
9 12 4
5 7 28
10 12 1
21 0 8
16 18 20
15 18 6
12 16 21
13 15 19
6 10 27
0 0 12
8 11 30
9 10 28
10 12 9
2 3 29
14 17 7
15 17 25
17 21 25
6 9 2
18 21 9
21 22 14
7 8 6
9 11 24
5 6 8
2 3 6
23 23 9
7 8 2
23 0 5
16 17 28
3 2 3
21 23 2
16 18 21
4 6 3
4 7 9
6 8 8
10 11 3
23 3 12
19 21 18
2 5 30
22 23 28
18 21 23
13 15 20
9 11 3
16 20 8
16 20 4
0 1 9
17 20 12
10 13 5
4 6 16
19 21 20
11 15 18
13 16 8
17 21 11
12 14 27
4 6 6
1 5 14
20 23 10
7 10 7
13 13 9
10 13 14
20 21 13
16 18 2
0 1 2
2 3 21
19 21 18
19 20 29
17 18 29
2 3 15
5 9 11
5 7 27
21 0 25
22 22 22
3 4 8
6 7 7
21 21 29
10 13 18
3 5 27
18 20 24
22 1 29
17 18 20
18 21 15
0 3 12
18 20 5
23 1 23
3 5 26
10 11 29
22 0 24
21 22 8
20 23 28
22 22 14
2 2 13
21 23 3
18 22 18
16 17 25
23 0 23
11 11 25
6 8 18
7 10 5
1 2 28
20 22 23
21 0 22
5 8 27
19 20 27
8 10 8
6 6 20
0 1 29
23 3 2
16 18 9
14 17 16
0 3 3
17 19 1
3 5 22
7 8 29
4 5 3
17 19 20
3 5 24
8 9 4
11 14 8
9 10 11
23 2 10
11 12 5
9 9 26
13 16 14
9 13 1
2 5 16
13 15 21
23 3 30
10 11 28
1 2 11
4 7 26
2 4 15
1 2 23
23 2 20
15 17 12
0 2 11
18 19 16
15 19 17
10 12 26
17 20 15
1 2 20
1 4 19
20 23 24
10 13 11
14 17 18
8 11 14
13 16 29
2 3 29
0 1 13
11 13 5
3 5 11
5 8 5
12 14 26
1 2 16
10 14 10
19 21 2
18 21 1
19 20 26
20 22 3
17 19 29
19 22 30
8 10 4
13 16 8
4 4 2
19 21 8
18 19 18
6 7 9
2 6 29
0 2 9
14 17 13
22 22 27
1 3 16
3 5 17
7 9 17
3 4 24
13 13 30
15 17 22
11 13 7
3 5 12
23 2 5
10 12 13
18 18 28
16 18 17
17 19 13
16 20 26
15 17 14
9 12 24
2 3 11
17 19 28
19 21 29
22 22 11
11 14 8
6 7 24
23 1 26
21 23 3
6 8 20
7 10 28
16 19 23
4 7 22
11 12 16
8 10 13
9 12 11
7 10 19
17 18 3
15 18 18
3 5 24
22 2 5
22 0 4
0 1 10
1 4 6
13 16 15
13 16 4
21 22 22
10 11 2
21 23 9
18 20 17
19 19 17
12 15 24
13 16 9
6 8 9
9 10 21
18 18 27
21 21 6
14 15 15
18 18 26
17 19 18
3 7 15
2 2 19
11 12 16
19 20 29
20 22 13
6 9 24
13 14 21
0 3 26
0 2 26
0 4 14
21 23 18
12 12 12
7 10 25
2 4 17
13 15 8
9 10 12
17 18 2
15 16 28
8 12 17
17 20 10
23 2 28
10 13 18
13 16 3
21 23 29
2 4 27
9 12 3
11 15 27
23 3 27
21 20 17
19 20 22
20 21 10
5 7 18
4 7 11
23 1 1
22 23 29
23 1 14
10 11 24
20 23 6
1 3 12
3 4 5
23 2 22
9 11 22
1 5 17
0 2 14
0 1 14
22 1 17
14 18 29
10 11 2
17 19 24
11 10 29
17 20 19
17 18 19
18 21 19
0 2 22
14 16 12
2 4 26
1 2 21
22 2 21
11 15 4
1 1 8
19 19 4
15 17 3
16 17 15
3 6 19
8 10 29
3 7 8
9 10 18
11 12 18
13 14 14
22 1 7
2 5 22
0 2 17
6 8 25
0 1 7
15 18 11
9 12 13
1 3 14
18 21 25
12 13 3
0 1 23
8 10 20
18 21 16
3 6 9
2 3 21
15 16 30
2 4 17
14 17 3
10 11 6
14 15 7
21 1 10
4 6 9
13 14 30
16 18 25
13 14 2
4 4 1
14 15 23
12 17 23
12 14 5
13 15 13
11 14 5
8 12 27
19 21 23
23 1 8
4 5 27
21 0 13
4 6 13
18 20 15
5 7 14
18 23 20
20 20 23
15 15 1
15 17 8
21 22 21
10 11 11
6 9 2
20 22 13
6 7 10
12 12 12
4 4 13
22 23 12
15 16 26
0 2 4
20 23 2
1 4 29
23 3 17
15 16 23
10 13 24
1 3 16
21 0 7
15 15 27
14 15 3
23 0 25
1 3 2
14 16 25
9 12 7
15 17 6
20 21 17
14 18 23
21 0 21
17 18 23
7 9 8
11 14 20
6 9 19
14 14 4
18 21 24
7 7 10
19 21 1
3 4 15
4 4 3
15 17 11
11 15 26
15 16 18
15 16 13
5 9 8
19 23 1
14 18 11
14 16 28
12 16 2
1 3 30
5 7 29
3 4 10
4 6 30
13 15 12
8 9 19
15 18 19
11 15 19
0 2 4
10 13 13
7 8 20
23 3 8
18 20 6
17 20 13
9 9 25
19 22 27
8 8 13
3 5 7
10 12 2
0 4 30
8 11 2
22 0 10
6 9 29
17 19 11
18 21 21
10 12 25
14 16 5
4 7 5
17 19 14
22 23 18
4 7 27
0 1 30
15 17 5
14 18 17
16 17 9
20 23 5
6 8 15
21 23 1
9 12 18
16 19 26
16 19 1
12 12 14
22 1 12
14 16 18
6 7 26
6 7 29
19 21 1
9 11 25
1 2 6
5 8 10
9 11 4
16 17 5
20 22 2
10 11 2
18 21 13
10 13 24
23 23 21
14 16 16
1 5 19
21 21 29
23 1 4
6 8 19
10 11 20
11 14 10
8 9 12
21 22 16
16 19 28
15 17 6
7 11 17
9 10 30
17 21 14
23 1 20
6 8 23
0 3 19
1 3 16
11 11 22
7 10 12
2 5 6
22 23 18
12 15 28
3 4 26
21 23 24
5 8 5
14 15 26
14 16 4
3 6 7
1 3 2
21 23 29
15 17 25
5 8 10
4 5 30
1 3 1
7 9 21
2 5 28
13 16 8
16 16 17
2 5 26
9 11 3
21 22 10
0 2 3
13 15 9
22 0 6
4 3 28
1 3 2
15 17 16
10 12 21
23 1 8
20 21 30
0 2 16
16 18 18
23 1 26
6 8 21
12 13 29
13 15 19
8 10 15
18 20 16
9 12 3
14 16 3
3 5 4
16 18 16
4 5 11
0 3 3
15 17 26
20 1 8
22 0 4
14 17 13
21 0 12
17 18 19
4 6 5
5 7 14
12 16 25
10 13 5
21 22 13
9 10 7
11 12 17
19 21 8
23 0 18
0 4 21
14 16 3
13 16 12
4 7 28
10 13 6
13 14 19
15 16 13
3 4 21
5 6 1
10 13 25
20 22 9
2 3 4
9 10 15
17 20 19
0 1 7
16 18 1
2 4 12
0 1 14
8 10 6
10 12 26
15 16 7
0 1 29
21 22 10
5 8 15
2 5 14
10 12 17
8 10 25
2 3 21
17 20 19
7 8 21
16 17 26
20 0 24
23 2 1
13 16 22
11 12 21
5 8 8
16 20 7
16 18 29
20 21 30
9 11 3
15 15 22
22 23 4
9 12 13
4 6 5
15 17 6
17 19 19
23 0 11
14 14 13
10 15 4
7 8 22
20 22 4
0 2 9
19 21 24
6 8 12
6 8 26
8 9 18
16 17 1
2 3 15
9 12 12
23 0 8
18 21 19
14 16 2
20 21 1
20 22 20
0 1 6
20 21 8
3 4 12
21 0 19
22 0 24
14 16 19
7 9 28
13 14 27
2 3 16
5 8 8
6 9 9
10 12 8
23 1 26
18 20 30
23 0 3
5 6 22
1 5 1
10 13 11
19 22 16
9 11 5
20 23 17
1 4 2
19 22 27
2 4 6
2 4 5
3 4 4
18 22 15
18 20 27
12 14 13
16 19 9
12 17 13
7 9 12
10 15 12
19 21 1
10 12 28
20 20 19
13 15 4
9 10 20
19 22 21
1 3 7
13 16 29
19 22 11
21 22 25
7 10 23
7 9 13
0 1 24
22 1 26
5 6 13
0 2 14
11 13 15
5 8 20
15 17 22
4 7 19
17 18 25
9 10 27
23 1 28
20 21 6
23 2 6
1 4 4
18 19 18
20 21 7
12 13 2
20 21 29
1 3 29
5 8 2
9 11 29
12 13 27
7 9 13
22 0 25
17 19 18
14 15 27
3 5 25
5 6 17
22 23 24
3 5 11
11 14 30
4 7 30
8 10 22
2 4 20
22 0 11
9 10 14
20 23 24
13 15 3
1 4 11
13 15 18
13 15 7
22 0 15
1 2 17
23 0 10
0 2 1
11 13 5
23 1 26
13 14 1
6 6 26
11 14 1
7 8 27
1 4 22
13 14 12
10 11 15
21 21 14
22 0 5
13 14 5
15 18 6
20 21 27
20 22 22
13 16 5
0 3 26
11 14 18
14 17 13
21 22 21
15 18 29
5 9 29
1 5 12
4 6 18
19 22 24
23 1 25
5 7 7
4 6 19
22 23 15
8 11 11
4 5 30
9 10 15
21 22 30
7 9 3
20 23 17
17 19 17
8 11 30
10 11 21
10 13 8
5 5 22
2 1 6
17 19 28
19 22 15
3 4 20
10 13 23
6 11 11
11 13 14
2 6 6
14 17 1
14 15 12
21 0 6
18 19 4
1 4 21
8 9 1
9 14 12
18 20 26
3 4 26
5 7 15
8 12 30
5 8 17
1 2 17
6 10 6
2 4 20
23 0 23
0 4 8
14 16 5
20 22 11
7 9 5
12 13 27
4 6 1
4 7 30
5 6 6
21 23 29
14 15 19
2 4 8
14 16 15
0 2 23
6 9 3
2 4 3
5 6 19
19 22 4
7 10 4
13 13 2
22 0 10
13 14 13
11 13 15
7 9 4
3 6 11
9 10 11
10 14 7
16 17 26
7 9 26
10 12 4
15 16 21
15 16 28
2 3 16
23 0 6
20 22 25
19 22 20
14 17 18
11 13 8
23 0 6
16 18 4
18 21 10
16 17 17
11 15 2
9 13 11
4 8 18
21 23 10
13 14 4
8 10 12
7 8 19
0 1 20
16 17 7
9 9 2
19 22 27
1 3 22
13 15 6
18 21 16
3 5 17
17 18 22
23 1 4
22 0 9
20 23 19
21 21 27
3 6 3
3 4 5
6 8 3
1 5 4
19 18 22
0 1 5
23 0 22
21 22 30
16 19 18
20 21 1
20 20 21
18 21 22
3 6 11
16 19 21
17 18 29
20 22 1
20 22 29
23 0 8
20 21 17
2 3 20
4 5 22
17 17 27
9 10 8
2 5 9
8 10 8
6 8 18
16 17 8
21 0 25
14 16 17
5 7 15
15 17 9
18 18 26
23 2 7
12 15 15
0 3 30
20 22 7
0 2 18
13 15 15
14 15 8
5 7 18
1 3 30
19 21 10
21 0 30
17 19 8
12 13 18
19 21 19
22 23 11
8 10 8
14 14 20
23 1 16
22 23 7
16 19 5
17 20 26
21 2 24
5 6 9
19 20 3
4 6 14
23 23 17
15 19 3
0 1 29
15 17 25
7 10 1
21 0 24
8 11 2
16 17 14
3 2 23
13 16 24
23 2 15
23 0 16
22 0 13
20 0 23
8 10 29
22 0 26
21 0 1
17 19 2
8 9 30
18 22 25
22 1 4
14 16 30
16 19 16
9 11 6
22 23 16
6 7 29
22 0 30
12 14 9
20 21 25
16 19 25
3 4 9
17 18 7
3 6 13
7 9 25
17 19 18
13 16 27
22 23 10
20 22 28
19 21 8
14 15 20
11 14 3
6 8 21
1 2 6
18 20 25
3 4 29
16 19 12
21 23 13
15 19 28
2 3 11
19 21 8
6 8 20
13 14 20
7 8 5
3 6 28
10 14 28
19 21 7
23 1 15
8 9 9
3 5 4
16 16 23
3 5 9
22 23 9
20 23 9
18 20 24
9 11 5
20 22 15
20 22 24
20 21 27
8 9 16
5 6 19
15 16 20
22 2 20
11 13 3
19 20 17
8 7 29
14 17 14
16 19 11
16 18 5
23 1 16
10 12 3
7 10 21
12 13 22
17 18 20
16 19 14
12 14 2
7 9 25
6 8 13
22 0 22
8 10 15
20 20 17
20 21 4
2 5 2
0 0 14
7 10 3
7 9 1
5 7 11
13 15 7
20 23 2
11 13 4
15 17 26
14 15 28
1 3 20
7 8 20
19 21 17
9 13 20
18 20 23
13 14 21
18 21 20
21 22 11
3 5 19
0 2 1
18 21 15
0 4 5
19 21 5
20 23 30
14 16 1
21 0 25
1 3 13
4 7 20
16 20 15
17 20 3
4 6 16
11 14 21
8 10 6
18 19 9
3 5 19
8 11 29
10 12 15
13 14 16
13 14 27
2 5 17
3 5 4
0 1 15
15 16 3
5 6 5
6 10 22
4 4 9
11 13 24
9 11 23
4 6 16
11 14 4
6 8 27
22 23 6
17 20 14
5 6 18
8 10 24
8 11 1
4 5 14
21 22 23
1 2 16
12 14 17
4 7 14
16 18 30
17 18 24
1 3 3
12 13 25
19 21 6
13 16 21
1 3 24
12 13 11
21 0 24
13 15 9
0 1 5
15 18 7
14 16 12
12 14 3
0 3 11
19 21 26
21 23 21
20 0 26
3 4 9
9 12 14
14 15 24
10 12 19
15 17 26
7 9 28
21 22 1
0 1 30
8 10 27
10 12 14
10 11 27
22 1 18
11 13 11
17 21 26
10 13 1
3 4 17
22 3 30
13 14 18
4 6 1
14 19 9
1 4 4
7 9 16
10 12 15
19 21 28
19 20 16
9 9 23
9 13 29
10 12 15
3 5 28
21 23 26
13 15 24
5 7 30
16 18 23
0 2 16
6 10 14
20 0 14
1 3 18
15 19 13
19 21 27
20 0 25
0 4 16
2 4 26
3 5 20
23 3 9
22 2 19
11 14 7
20 21 27
22 23 27
15 17 20
3 5 21
5 7 28
14 15 22
2 3 27
0 3 22
6 10 27
10 12 12
14 18 19
17 19 21
17 18 23
0 1 1
19 22 14
17 20 14
8 9 6
0 2 22
13 13 7
5 8 6
5 7 26
15 18 16
5 7 10
15 16 24
19 21 2
18 22 22
7 10 23
17 18 2
6 8 26
18 22 21
23 0 8
15 16 7
10 12 29
12 15 16
20 21 27
19 20 21
20 21 1
1 4 27
21 22 22
8 10 23
23 0 18
16 19 29
20 23 2
18 19 10
10 10 20
12 14 4
20 19 4
18 20 5
9 11 14
10 12 8
8 11 16
12 14 20
1 1 27
4 7 20
4 7 5
6 8 30
7 10 28
12 15 6
9 12 1
18 19 18
10 11 28
18 21 12
1 4 13
22 0 23
19 23 12
0 2 25
19 22 25
16 19 21
8 9 24
5 8 9
10 12 10
17 22 9
18 18 29
20 22 25
10 12 9
15 18 2
1 3 21
17 17 12
10 12 20
2 5 30
7 7 26
0 1 17
11 13 9
9 11 24
8 11 2
6 7 6
1 4 21
3 6 15
11 15 17
19 22 1
4 5 29
17 19 11
15 16 18
14 17 14
15 17 26
6 9 11
4 7 30
18 19 13
1 2 20
7 10 7
4 5 28
2 4 9
1 3 1
14 18 12
17 18 19
10 13 28
13 15 25
21 23 6
17 19 3
7 8 21
7 10 1
12 12 17
8 8 9
15 17 30
1 2 18
20 21 11
10 12 28
14 14 3
21 1 30
1 2 26
8 11 13
3 2 20
23 0 16
18 20 26
9 10 8
7 9 18
3 4 22
4 6 29
23 2 27
16 18 14
19 21 26
15 17 13
5 7 9
14 15 4
14 15 13
4 7 30
1 2 25
21 22 1
16 19 11
4 6 11
18 21 23
10 12 13
23 1 11
8 10 21
0 3 3
18 21 1
7 9 6
8 9 18
2 5 9
0 2 7
18 21 30
0 2 19
10 11 19
21 22 5
10 12 26
17 19 2
6 8 17
6 6 4
12 13 19
18 20 26
0 2 8
12 13 13
6 9 23
17 20 14
0 1 18
14 16 12
8 11 5
13 14 28
5 7 15
17 18 4
7 9 23
18 20 10
11 12 24
8 10 6
11 15 29
2 4 2
7 10 29
11 11 13
11 13 15
9 12 17
4 6 7
1 4 18
8 11 4
18 19 14
14 15 4
22 22 15
15 16 25
22 0 7
1 5 9
17 19 10
7 10 5
18 20 13
6 7 29
0 0 14
5 8 8
6 5 14
7 8 23
10 12 24
21 23 12
3 4 28
13 14 8
12 13 19
22 23 12
5 6 17
11 13 5
15 16 28
4 5 28
10 12 18
12 13 24
14 16 15
4 6 26
1 3 23
19 22 19
17 18 6
9 11 2
9 11 29
5 7 19
15 17 28
0 3 15
2 3 20
18 20 29
16 19 2
10 12 14
2 5 21
2 5 30
13 15 5
4 6 8
9 11 15
19 22 16
7 11 1
6 7 4
0 2 1
10 12 18
10 11 9
17 18 10
22 1 15
1 4 5
3 6 7
10 12 18
16 19 16
19 21 22
21 23 13
19 21 24
10 14 4
15 18 15
10 11 13
15 17 30
11 12 11
22 2 10
18 20 11
4 6 6
22 2 27
22 1 28
15 17 17
2 4 19
2 3 14
15 18 5
7 8 6
9 12 23
18 19 2
6 9 10
14 15 14
22 23 2
2 3 1
15 18 6
6 7 14
2 5 20
10 13 22
2 4 8
22 0 4
2 4 27
9 10 22
20 23 26
19 21 13
9 11 18
18 20 14
16 18 6
3 5 15
23 3 14
10 12 8
16 18 23
20 23 25
17 19 5
13 17 14
13 16 8
18 22 29
22 23 19
18 19 1
8 9 27
16 18 16
5 7 26
3 6 22
21 23 3
6 8 22
9 11 28
5 8 29
5 6 6
19 22 16
21 0 25
9 12 27
13 15 23
18 18 11
0 1 9
18 19 17
23 2 21
22 1 7
15 15 27
5 6 18
15 16 7
8 9 9
6 7 5
6 7 4
3 4 2
18 20 28
19 22 23
1 4 23
21 23 15
0 2 8
15 17 25
21 0 5
17 19 17
4 3 23
19 20 5
17 19 8
7 9 21
12 14 15
23 0 26
19 21 23
20 22 23
7 9 20
15 17 13
8 10 8
20 22 12
15 18 17
10 12 1
3 3 10
9 12 16
20 22 27
7 9 2
20 23 25
4 7 13
0 2 4
7 8 14
5 8 22
12 15 4
2 3 9
17 18 25
0 3 2
21 23 1
2 3 25
19 21 20
9 11 1
18 21 6
13 14 26
3 6 14
15 18 15
8 10 12
19 20 29
19 21 30
18 20 9
11 13 5
7 10 23
20 20 23
2 5 19
23 1 7
18 20 8
14 16 2
6 5 12
22 0 29
6 8 15
8 10 24
23 1 3
16 17 25
11 13 23
9 10 5
10 11 30
14 15 16
3 5 26
19 23 28
11 12 5
16 21 7
17 19 17
19 22 24
6 9 19
13 15 18
5 8 25
8 11 14
17 19 13
5 6 15
10 11 23
19 23 25
6 9 21
16 17 9
11 14 16
11 15 1
8 10 14
15 16 26
0 2 13
10 13 7
14 16 13
8 10 4
14 15 29
16 18 28
20 20 7
6 7 21
17 19 11
12 15 22
6 9 26
16 19 23
22 0 16
23 2 11
11 14 20
15 18 13
4 8 29
1 4 25
17 17 22
9 10 17
8 10 24
15 18 22
13 15 26
14 17 1
19 21 11
23 2 20
14 16 26
18 21 17
6 7 2
2 5 9
6 7 25
7 8 11
12 13 26
13 14 15
8 10 12
0 2 27
22 1 8
12 15 10
8 9 23
10 11 29
17 19 24
2 3 15
20 22 11
19 21 26
15 16 6
17 18 13
19 22 11
18 21 23
2 3 3
8 9 10
19 21 3
4 8 28
7 7 7
15 17 4
6 8 8
7 9 8
3 5 25
13 14 19
14 17 8
23 23 4
9 12 19
17 18 19
7 10 30
23 1 9
23 0 28
21 23 20
3 7 19
16 19 24
1 3 9
9 13 28
1 3 23
21 0 27
1 4 5
14 15 29
13 17 27
19 20 21
9 11 22
2 4 12
22 0 7
20 22 23
0 3 3
18 21 11
21 22 14
6 9 18
10 12 3
17 20 8
16 18 10
9 10 8
6 8 3
10 11 22
7 10 28
22 2 26
16 17 2
10 13 27
19 21 6
1 4 9
6 10 24
11 15 4
10 13 13
21 22 26
22 0 15
7 10 1
18 20 3
9 10 3
19 20 14
19 21 13
20 22 5
21 22 10
21 22 23
21 22 18
16 19 4
20 23 27
22 1 15
7 9 13
9 10 10
15 17 11
19 21 26
22 0 6
21 22 7
5 6 1
6 8 28
21 23 10
17 19 23
16 16 17
12 15 1
17 19 28
5 7 25
4 6 14
1 4 21
10 13 18
23 2 7
14 16 8
8 9 12
7 10 14
15 18 25
0 2 13
5 8 27
13 17 13
18 20 9
9 12 6
23 1 9
15 16 6
18 18 17
0 2 16
21 22 7
0 2 22
7 8 27
1 4 8
4 7 4
14 18 13
14 16 13
14 17 29
19 22 3
12 12 19
9 11 2
3 5 5
0 2 22
15 17 11
21 23 26
5 7 23
4 7 14
14 16 3
10 11 5
7 10 29
15 18 12
20 1 23
10 12 10
0 2 5
15 16 19
17 18 12
0 0 20
12 15 16
7 10 21
14 17 29
15 18 7
10 10 22
20 21 17
5 7 7
16 20 15
2 4 13
18 18 2
5 7 22
9 11 29
4 5 23
4 5 17
23 1 19
11 15 29
21 0 20
11 13 27
1 2 14
14 17 12
11 12 22
22 1 7
4 7 4
15 18 2
10 14 29
17 21 15
16 20 9
22 1 18
23 0 30
13 14 24
7 9 27
16 17 15
14 14 27
16 17 8
19 21 10
7 9 27
12 15 2
1 3 3
14 15 22
1 3 3
21 23 17
14 18 26
23 1 18
18 22 16
12 13 10
6 8 29
4 6 18
8 9 13
10 12 7
5 8 7
14 16 21
10 13 18
2 3 21
1 3 20
12 16 9
22 23 19
12 14 20
21 0 29
6 7 4
19 20 24
2 4 12
4 6 5
15 16 3
16 17 18
22 0 4
22 0 16
4 5 23
2 5 6
13 15 8
16 17 28
16 18 21
19 23 2
2 6 26
11 12 3
15 17 18
21 22 17
0 2 20
17 19 7
16 18 15
2 4 5
17 19 11
6 6 10
16 19 24
5 7 3
14 15 24
16 18 24
21 21 1
17 19 28
17 18 10
10 12 19
14 17 18
18 20 5
12 15 22
6 8 23
1 5 26
19 23 12
6 8 6
5 5 19
17 20 16
16 18 30
0 1 2
19 21 3
23 0 23
22 1 26
23 0 15
8 12 27
8 10 12
8 8 7
5 7 7
13 14 15
0 2 3
0 1 27
19 20 10
16 17 11
2 4 8
5 7 16
1 5 16
6 9 20
16 18 22
4 7 1
3 5 29
14 16 17
5 6 26
5 8 14
11 13 24
19 20 13
20 22 24
15 16 19
1 4 4
20 23 29
9 10 2
7 8 6
8 10 2
22 0 26
11 13 2
12 15 3
5 7 29
19 21 30
7 9 4
10 11 7
4 5 19
21 23 15
15 18 11
5 8 5
18 21 27
23 1 28
16 17 30
9 11 30
0 1 3
12 12 26
13 16 20
2 4 27
14 16 18
15 17 30
18 20 2
6 8 1
6 8 30
9 11 30
16 17 22
7 9 23
1 4 16
1 3 12
0 1 21
11 13 13
16 18 26
21 21 10
7 8 18
9 10 9
21 0 23
3 6 1
9 13 25
18 21 22
23 1 28
17 20 17
22 0 4
16 17 27
2 4 10
6 7 30
14 16 9
18 20 6
19 23 1
19 21 9
9 11 10
19 22 5
18 19 13
9 12 12
14 17 23
16 18 21
3 6 1
0 3 21
2 5 24
13 16 13
0 2 12
15 18 21
13 16 15
3 5 8
5 8 3
10 12 20
16 17 30
6 8 16
12 14 12
5 7 22
10 13 10
14 16 15
15 17 2
9 9 24
18 19 17
12 14 1
23 0 8
20 21 22
1 3 16
13 15 16
18 19 29
2 6 24
18 19 20
6 9 22
14 14 15
18 21 28
15 16 4
17 19 25
6 8 29
1 4 4
21 0 19
8 9 8
13 14 2
0 1 28
8 11 9
16 18 4
7 8 30
5 7 7
18 20 14
8 11 7
8 10 21
17 20 5
2 4 22
18 21 27
18 20 5
14 16 17
6 8 1
4 5 9
23 3 27
0 1 8
5 5 4
9 10 27
16 18 21
11 14 22
22 1 19
2 4 21
6 7 14
15 18 4
22 1 19
20 22 19
2 4 7
1 4 24
20 23 30
16 17 24
10 11 28
23 2 19
15 19 30
22 23 4
21 23 15
0 0 25
7 9 8
17 18 30
22 0 9
16 18 19
7 10 2
17 19 5
11 13 4
8 10 14
11 14 29
11 12 7
2 4 12
1 4 2
21 23 4
8 11 24
15 16 12
2 6 19
23 0 30
16 18 23
1 5 9
3 4 7
1 2 15
16 17 18
0 4 3
20 23 14
13 15 23
20 22 8
1 4 5
12 14 27
3 4 23
14 16 18
20 22 19
18 21 30
15 18 28
19 22 17
22 0 3
22 0 10
8 10 10
8 10 21
16 18 15
16 19 25
16 18 4
7 10 25
6 10 25
21 23 29
13 14 17
5 8 5
4 6 21
4 5 10
13 15 9
15 16 12
0 1 11
6 9 4
13 15 14
3 5 2
17 19 18
5 6 18
16 18 2
5 7 24
0 2 4
7 8 5
23 0 18
23 3 12
8 10 9
5 7 20
0 0 6
7 7 22
8 10 3
3 5 12
19 22 30
15 17 12
10 12 21
1 4 23
5 7 14
18 21 14
12 13 14
8 10 13
12 12 22
13 16 18
12 14 23
11 12 30
17 19 3
14 16 29
14 15 9
21 1 13
11 13 7
7 10 9
1 3 8
5 7 21
20 22 9
9 11 19
9 12 21
8 12 8
21 22 7
15 16 3
6 8 1
11 13 27
1 3 3
6 9 17
6 7 3
0 2 20
0 3 8
10 14 12
21 23 15
10 14 16
12 14 14
11 14 1
22 0 26
21 21 25
2 4 25
14 17 22
19 22 11
9 10 12
0 2 16
21 0 24
12 13 19
21 23 17
12 16 21
7 9 23
8 10 24
19 22 16
9 13 7
20 21 18
15 15 10
15 18 11
4 6 1
2 7 27
0 3 20
13 14 21
8 10 23
10 12 1
14 15 30
19 22 22
14 16 29
9 12 5
19 21 10
17 19 4
19 22 13
16 18 26
2 2 10
9 11 3
6 7 14
18 20 22
23 2 18
22 0 24
5 8 8
19 20 16
22 1 12
3 4 4
14 16 13
2 4 8
15 17 27
16 19 22
10 13 23
19 21 24
6 8 23
15 18 25
21 23 22
1 5 15
5 6 10
10 12 22
10 12 22
9 11 29
21 0 27
1 3 3
1 5 14
1 3 4
9 10 8
17 21 17
23 1 7
6 9 3
22 1 26
15 17 23
9 10 5
18 20 20
17 19 8
23 0 20
0 1 1
4 5 6
14 15 16
14 15 20
14 17 22
6 8 10
6 8 22
19 21 19
3 2 10
1 1 4
13 15 11
22 22 24
17 18 20
17 18 18
20 22 6
9 11 17
13 16 2
3 5 25
1 2 4
9 12 16
17 18 27
20 22 30
22 23 27
5 7 22
8 10 30
15 18 6
22 1 8
9 9 19
19 20 11
8 9 22
16 18 26
11 13 29
17 20 26
0 3 30
14 16 18
0 3 17
15 15 21
2 5 18
17 19 22
8 10 15
19 19 16
12 14 23
17 19 14
17 18 25
1 4 29
4 5 26
15 17 1
22 22 14
9 10 11
22 2 9
8 11 25
19 19 29
13 14 13
12 15 30
1 4 24
7 11 14
16 19 5
11 12 13
2 4 5
0 1 28
17 20 5
17 18 20
1 2 23
14 15 29
7 9 12
5 7 1
12 13 22
22 23 14
14 15 18
4 5 4
17 21 15
14 15 17
9 12 26
0 2 30
16 18 15
11 13 28
14 18 6
22 23 10
8 11 6
13 14 30
20 21 19
21 0 21
0 2 8
23 0 17
14 17 10
1 3 5
13 17 7
7 6 29
6 8 15
15 15 21
4 6 26
22 0 16
13 15 6
14 14 25
0 1 17
13 17 30
11 13 30
23 0 16
22 23 26
20 0 7
8 11 11
0 3 1
11 12 11
5 6 17
8 10 29
1 2 27
23 1 6
19 21 16
15 16 6
19 21 5
2 6 21
7 8 17
1 3 23
18 20 27
22 0 13
12 15 15
14 17 5
1 3 9
16 19 18
12 14 16
5 7 13
7 9 14
10 10 3
7 8 1
20 23 10
9 12 26
9 12 29
3 5 16
23 0 11
10 13 2
17 18 18
8 8 19
23 1 27
15 17 15
15 17 28
20 20 18
8 11 22
18 21 18
16 21 25
22 23 24
18 20 13
13 14 11
21 0 24
21 0 4
19 22 1
9 11 11
10 10 14
3 5 24
1 3 23
17 20 23
23 1 14
21 0 11
0 1 1
0 2 4
13 16 28
6 6 29
11 14 16
0 3 12
20 21 27
6 7 8
8 10 2
18 19 6
23 2 18
17 18 4
5 8 4
2 7 18
23 1 10
7 8 19
12 14 2
23 2 12
9 12 28
23 1 20
14 17 27
16 18 1
0 3 29
12 15 16
23 0 30
22 0 3
21 21 13
10 12 21
20 21 18
23 3 29
17 20 9
19 22 29
4 7 2
12 14 24
10 12 19
16 19 4
13 17 9
15 15 30
0 4 30
23 1 27
2 4 2
17 19 2
7 8 25
13 16 18
20 22 1
7 9 21
8 10 22
0 2 9
7 10 5
7 9 27
5 7 5
23 1 3
0 2 11
15 17 7
17 20 28
9 10 30
9 10 22
14 14 2
1 4 17
12 14 2
20 22 2
9 10 12
22 0 6
20 22 30
17 18 24
13 15 22
5 7 6
1 2 17
15 17 10
8 11 12
19 19 24
22 1 24
1 2 25
11 13 3
1 4 25
2 3 14
8 10 24
3 6 27
19 20 17
0 4 24
19 22 6
7 8 13
18 20 8
23 1 2
7 9 12
18 20 28
21 0 13
17 17 16
20 23 12
14 14 12
11 13 17
18 20 22
3 5 10
0 2 2
16 17 18
21 0 13
2 4 27
14 17 16
21 23 18
8 10 11
3 5 9
13 15 5
7 9 17
15 17 12
22 1 9
14 15 6
12 15 20
7 9 12
23 1 3
15 18 19
12 14 19
6 8 30
12 14 28
12 14 11
15 17 14
9 11 23
8 10 17
9 9 5
20 22 11
2 3 30
20 23 13
20 21 26
9 11 23
9 12 30
20 22 6
23 2 1
5 8 25
1 4 7
20 20 4
22 1 18
19 22 11
12 13 3
3 4 8
12 15 21
6 8 3
18 20 6
1 3 20
5 8 22
7 8 18
5 7 27
7 9 29
22 1 2
22 1 4
3 5 15
4 7 3
3 6 25
15 17 15
8 11 30
10 12 17
5 8 22
6 9 2
8 9 15
20 23 18
9 12 30
13 15 30
1 3 4
1 3 15
1 3 18
0 1 3
4 8 21
1 3 25
4 6 9
9 10 2
3 4 6
14 16 30
9 11 25
22 23 6
17 21 5
19 22 15
4 7 26
17 19 17
15 17 27
10 12 25
18 19 1
11 14 23
1 2 3
9 11 11
20 1 3
17 18 24
7 9 9
1 3 22
17 21 5
20 0 28
18 19 8
23 1 7
7 8 10
7 10 10
15 16 18
7 9 2
9 11 21
7 10 25
19 21 2
4 6 21
3 7 13
9 12 22
7 8 7
16 18 27
11 12 27
14 15 24
18 21 4
0 -1 12
2 4 29
17 20 21
21 23 5
10 10 24
10 12 29
23 1 4
2 3 21
10 12 19
21 23 23
3 5 12
19 21 22
12 14 18
8 10 19
20 23 10
22 22 22
5 6 27
9 12 13
7 10 24
6 9 17
20 23 27
0 3 4
9 14 21
7 8 25
16 17 4
13 14 25
3 5 17
5 10 13
9 10 23
20 19 18
17 19 29
8 10 10
0 2 18
14 17 6
14 16 22
3 6 13
16 19 3
5 6 7
8 11 21
11 14 6
0 2 25
4 6 6
17 18 26
12 15 5
18 20 26
8 10 7
0 1 10
14 14 3
1 2 27
1 6 15
19 20 9
19 22 26
15 16 22
22 22 21
9 10 9
20 20 13
23 2 4
12 15 2
18 19 18
12 12 28
21 0 1
23 0 8
7 9 12
22 2 23
14 16 22
4 6 12
14 17 22
17 18 1
18 21 17
5 7 27
17 19 13
5 7 24
3 5 30
14 16 13
15 17 13
10 12 7
20 21 2
11 14 17
20 22 1
14 16 11
3 6 16
6 8 19
8 10 7
13 16 1
9 11 6
23 1 10
14 15 10
2 2 3
17 19 26
1 2 19
9 11 29
12 12 16
4 6 4
13 14 9
7 7 29
2 3 18
15 18 17
1 2 24
23 0 11
22 0 9
22 23 19
17 20 29
10 11 8
6 7 15
19 20 21
8 10 30
2 4 23
15 17 1
9 12 18
17 19 1
13 15 23
13 16 5
9 10 3
5 7 19
7 9 6
17 18 23
8 12 26
3 6 16
16 19 17
5 10 18
1 1 9
0 2 9
7 8 20
15 18 29
17 20 26
15 18 6
22 0 1
5 7 6
14 15 27
19 21 8
11 13 26
3 5 21
18 18 29
6 7 5
1 3 16
17 20 22
23 0 1
21 23 25
7 9 30
11 12 1
10 12 8
4 7 9
18 20 6
7 9 17
9 11 3
17 21 20
11 12 6
16 18 10
23 23 12
3 5 25
4 7 3
14 15 1
21 23 14
9 12 28
21 0 17
3 5 7
7 9 24
0 1 4
23 0 17
20 23 25
15 16 6
3 3 4
19 21 10
16 16 18
21 0 23
22 23 1
20 23 10
17 18 21
20 22 28
4 7 2
4 6 21
12 14 22
15 16 7
8 8 20
14 17 1
5 7 22
18 19 22
17 20 13
3 6 7
7 9 30
13 15 18
21 0 3
2 4 11
23 0 16
14 16 9
15 16 28
18 20 12
3 5 2
21 0 24
21 0 2
5 6 27
3 5 16
19 21 5
19 20 16
0 1 21
4 6 26
14 14 24
11 12 4
4 6 2
2 5 19
11 12 1
11 12 7
10 11 15
4 5 17
23 0 17
13 15 7
19 22 30
6 8 19
9 11 27
7 9 24
23 0 28
22 0 26
14 16 12
12 15 28
19 21 12
18 20 14
11 13 4
4 6 15
7 9 30
8 11 18
1 4 28
13 16 3
8 9 20
10 13 19
14 15 21
23 1 19
16 19 7
5 8 21
14 18 17
16 18 19
23 1 20
11 15 30
22 0 11
16 17 6
12 16 30
22 0 3
13 14 8
12 14 6
3 3 29
15 17 19
21 0 1
1 4 30
5 7 17
23 2 9
6 6 24
11 13 9
15 16 9
23 2 10
20 20 10
15 18 28
5 8 29
1 3 14
12 15 19
14 16 9
0 1 16
5 9 24
4 5 24
20 23 3
1 3 11
19 21 1
19 23 28
22 0 5
8 11 24
7 9 8
5 8 9
23 1 27
3 6 21
19 21 28
6 9 2
5 8 24
17 20 16
2 2 7
14 15 21
17 18 30
17 19 5
17 18 4
18 19 5
17 19 24
11 14 17
1 4 20
15 16 11
7 10 4
3 6 24
11 13 2
9 11 26
23 0 26
23 1 22
20 23 2
15 17 9
19 19 5
5 8 10
10 11 22
10 13 16
4 4 27
13 16 2
10 12 15
5 5 30
7 9 26
4 7 2
6 7 9
20 21 15
17 20 11
0 1 16
18 19 25
22 2 4
1 2 10
22 1 26
15 19 5
9 11 11
19 21 7
14 17 29
6 8 7
3 6 18
1 3 9
17 19 23
14 15 17
4 6 7
15 18 30
7 10 5
15 17 29
12 13 1
7 8 7
2 3 29
14 15 14
12 14 13
4 5 23
21 23 22
14 17 10
17 18 29
20 23 5
11 13 20
2 4 27
22 1 29
23 1 29
18 21 13
12 14 10
2 3 9
4 5 20
16 19 25
1 2 30
6 8 10
17 19 14
17 19 25
17 20 26
8 11 8
17 19 14
1 3 21
21 23 14
13 16 23
15 17 14
20 22 28
17 19 17
22 23 18
1 5 23
16 16 16
17 19 17
23 2 19
2 5 9
9 12 20
6 8 1
19 21 16
0 1 4
10 13 20
21 0 30
3 7 21
22 1 24
17 18 20
8 8 26
9 11 22
19 21 26
12 14 1
16 17 19
21 23 9
22 0 27
11 14 25
2 4 28
15 17 7
18 21 5
16 18 11
8 11 23
2 5 19
11 12 17
13 15 5
22 23 9
3 5 13
17 18 29
21 23 1
19 21 26
1 1 7
23 3 22
19 23 18
13 16 6
20 21 23
20 22 24
4 5 10
2 4 7
12 13 14
23 2 16
17 21 10
10 12 20
15 18 26
15 19 13
2 4 9
21 0 20
15 16 13
5 8 24
22 2 30
3 3 30
6 8 11
6 7 26
20 23 28
8 9 12
12 13 3
4 5 11
19 20 24
22 23 25
6 6 10
23 1 1
18 21 22
20 23 19
3 4 15
5 8 16
21 22 21
15 15 9
15 15 1
12 13 28
6 10 14
1 1 12
20 22 26
23 1 11
11 12 20
22 23 15
0 2 16
16 17 4
12 13 8
18 21 30
6 8 3
22 0 20
0 1 4
10 12 7
4 6 16
5 6 5
23 2 4
6 7 8
6 7 9
18 21 6
12 16 4
4 7 5
19 21 27
8 12 16
16 20 5
10 10 13
21 22 17
1 3 24
6 8 26
17 20 13
16 18 19
11 14 2
12 15 23
19 19 10
0 2 6
15 16 19
10 13 28
9 10 27
18 20 12
4 8 30
11 14 28
8 11 23
16 18 30
3 3 22
15 15 14
3 5 28
6 8 27
17 19 6
7 10 25
15 18 3
2 4 30
18 19 13
1 4 13
8 12 17
21 23 24
6 8 25
7 11 28
11 12 12
19 21 11
3 5 29
7 10 3
5 8 12
12 14 7
14 17 18
22 0 27
20 22 17
19 20 2
12 14 18
3 6 4
19 21 18
13 15 25
6 8 3
23 2 20
12 13 20
21 23 6
8 9 25
4 7 29
2 4 24
16 18 20
18 19 27
4 6 16
11 14 25
4 6 2
13 15 11
19 21 15
14 17 28
3 5 11
18 20 30
6 7 30
17 20 8
19 21 19
1 6 18
15 16 16
5 8 17
22 23 20
23 2 8
17 19 1
19 21 15
7 9 16
6 8 23
22 23 5
19 19 11
4 6 13
4 7 14
9 11 13
1 0 12
20 22 8
19 21 7
0 2 15
10 13 2
6 8 27
4 7 12
23 2 19
2 5 8
2 4 7
3 5 8
17 20 9
19 22 6
8 9 13
17 19 7
20 21 6
21 21 12
22 22 8
0 3 1
11 13 8
7 9 8
10 14 20
5 7 17
17 19 5
5 9 8
8 11 16
21 0 18
9 11 29
13 14 21
18 20 12
7 10 12
4 7 12
23 2 14
23 4 10
11 13 29
18 21 29
12 12 14
20 22 24
5 7 22
13 16 2
3 6 14
0 3 8
16 19 17
22 23 6
7 10 8
7 10 29
5 8 30
9 9 4
0 0 24
3 7 3
21 23 1
7 8 11
10 11 29
17 20 26
15 17 17
15 16 11
20 20 16
0 2 24
12 14 18
6 8 5
19 21 28
16 18 20
20 21 3
0 1 2
10 12 28
18 20 17
14 19 30
19 23 21
20 21 28
14 18 7
1 5 9
19 22 24
22 0 7
18 19 28
