830 30
8 6 15 11 29 13 9 1 29 9 21 12 3 25 24 15 25 6 23 6 10 16 15 25 21 22 28 9 6 7 
22 0 13
23 1 20
8 11 30
4 6 15
6 8 20
15 17 21
13 17 29
22 2 7
14 16 25
0 2 13
18 20 11
20 22 24
20 20 13
18 20 30
17 20 30
7 9 27
0 2 22
3 7 6
16 18 11
22 22 2
20 22 23
10 11 8
8 9 29
20 21 24
18 22 16
23 0 5
17 18 18
12 14 3
1 4 24
8 9 21
11 13 23
2 3 27
10 12 28
21 0 30
13 14 22
15 16 17
21 22 16
15 16 16
20 23 14
2 3 6
12 14 17
17 18 29
6 7 8
14 17 29
15 17 21
2 5 10
9 11 14
23 1 16
15 18 1
16 20 24
20 22 30
17 18 12
5 7 28
19 22 27
4 5 13
10 13 29
15 16 23
6 9 28
19 20 19
12 13 7
22 2 4
20 22 27
19 20 3
0 2 27
3 6 15
15 17 10
0 2 18
16 18 6
10 13 13
19 21 23
16 18 13
12 14 19
8 10 14
2 4 30
4 6 23
16 20 7
22 0 25
7 8 23
20 0 25
7 10 15
7 8 4
21 23 18
1 3 3
11 13 23
7 9 27
19 22 23
3 5 15
4 6 2
23 4 28
19 21 17
14 16 12
5 6 30
7 9 12
23 0 14
4 7 28
10 12 2
23 0 3
4 4 10
22 23 29
9 8 26
9 13 20
1 2 17
9 12 28
16 18 7
5 8 25
19 20 7
18 21 14
4 6 24
1 3 5
17 18 16
11 14 15
15 18 20
6 9 9
14 14 5
13 15 9
18 19 13
7 9 22
6 10 22
17 18 12
8 12 27
0 1 7
11 14 29
4 3 27
9 10 15
2 4 30
16 18 2
20 23 29
15 16 14
8 12 5
2 4 9
6 9 26
16 18 12
21 0 29
7 7 7
12 12 30
3 5 25
10 12 24
1 1 21
11 15 4
10 13 26
8 8 22
6 8 16
20 21 12
11 13 2
18 20 11
11 15 22
3 4 21
0 2 20
11 11 15
21 23 10
12 15 8
4 6 9
8 11 30
13 16 29
21 0 26
6 7 24
2 4 17
14 16 29
5 5 26
3 5 12
9 10 28
7 10 4
9 11 6
18 21 12
0 4 12
18 22 26
6 8 19
21 21 30
2 4 12
11 15 19
3 5 2
20 23 4
13 15 2
0 3 20
16 17 9
4 8 19
10 11 10
21 23 8
4 7 13
15 15 16
13 15 11
16 19 8
16 17 30
4 5 20
9 10 28
20 21 23
13 15 10
2 3 20
15 17 17
12 13 8
4 6 9
23 1 6
18 21 15
7 10 10
12 15 1
8 9 23
22 0 26
7 8 19
11 13 23
3 5 7
14 18 19
8 10 16
14 15 14
21 0 9
7 9 6
10 11 12
22 23 22
9 12 2
22 0 26
22 23 14
0 3 22
7 8 13
5 7 29
11 14 15
19 21 8
23 23 12
17 19 22
18 20 5
4 8 20
14 17 14
8 9 1
10 12 10
11 11 9
2 5 24
17 19 11
11 11 1
16 19 17
21 23 17
3 4 28
10 12 5
8 9 23
14 17 3
19 21 18
13 16 27
4 5 18
7 8 14
2 5 5
2 5 30
23 0 21
10 12 11
19 21 14
23 1 19
22 22 25
17 19 4
21 22 9
1 2 29
10 12 26
1 3 10
5 8 16
12 14 6
20 21 3
9 12 23
18 18 14
3 4 15
19 0 3
20 22 12
13 16 14
2 4 12
12 13 12
20 22 18
11 12 4
16 20 3
15 16 19
20 0 15
20 21 4
3 5 5
19 21 2
4 7 6
9 12 6
16 15 6
8 10 13
2 4 11
3 4 5
12 13 28
8 11 25
20 20 20
2 4 20
13 15 7
18 21 24
19 20 20
1 5 25
2 6 29
0 2 27
9 10 13
4 8 25
19 21 5
12 13 12
18 20 13
8 9 17
16 19 2
7 8 7
22 0 10
10 13 12
22 0 18
0 1 2
15 17 21
3 7 12
6 8 6
11 15 14
22 0 15
23 2 29
14 16 2
22 1 17
23 1 26
2 2 11
6 7 4
22 1 17
2 4 11
6 6 21
6 6 6
23 1 17
23 2 24
11 12 24
20 22 13
16 19 2
20 22 7
20 20 17
15 17 7
0 2 15
21 0 6
12 12 3
22 0 20
14 18 7
20 23 12
22 23 8
16 19 21
14 15 20
0 2 8
22 0 16
10 11 26
14 16 24
9 9 14
16 19 14
12 13 6
13 13 1
23 2 12
20 22 30
4 6 10
21 23 19
6 9 16
22 1 7
2 4 27
8 8 30
18 22 25
6 9 17
3 3 22
5 7 4
11 14 22
2 4 11
7 9 22
11 13 21
15 17 27
19 20 18
0 1 24
10 12 9
17 19 2
4 6 27
17 18 22
5 6 26
15 18 30
5 6 6
8 10 5
22 0 13
2 4 27
0 1 7
10 12 25
0 4 4
6 8 28
0 2 5
4 5 13
12 13 21
7 9 23
17 19 6
11 12 14
17 19 23
6 8 29
4 6 3
18 20 17
0 2 26
1 4 13
20 23 6
2 3 4
23 1 30
1 3 5
3 7 28
14 17 17
4 7 25
23 1 29
17 20 4
17 20 2
0 0 28
15 18 17
16 18 18
18 21 19
13 12 8
20 0 30
18 20 13
7 9 26
14 16 25
14 16 19
8 9 15
12 14 27
7 8 30
7 10 30
17 17 16
7 8 10
8 9 29
10 12 23
7 10 13
23 2 26
11 13 23
14 17 25
9 10 27
7 8 2
0 2 4
15 18 17
21 22 6
18 21 28
1 3 28
6 8 12
5 7 14
16 17 14
14 15 18
0 1 21
2 3 16
4 7 24
17 19 30
22 0 10
17 18 6
9 11 15
20 22 4
10 12 13
5 8 29
2 3 18
3 4 19
0 2 21
12 14 3
9 10 24
6 8 26
4 7 5
23 0 13
12 14 4
23 1 29
14 17 9
9 11 5
5 6 24
1 4 22
2 6 28
17 17 14
14 16 6
11 11 3
20 21 9
16 17 11
12 15 24
17 17 9
17 18 24
23 2 15
23 1 17
14 17 22
20 0 12
18 22 30
14 17 5
8 11 2
10 11 19
1 3 8
18 21 3
3 5 16
18 20 29
4 7 25
2 3 2
14 13 15
11 11 30
21 1 12
6 7 12
8 8 23
8 8 13
22 0 18
18 19 24
20 22 14
23 2 5
2 4 21
22 22 25
5 8 11
10 15 20
21 23 13
12 13 14
5 6 7
3 5 1
23 2 30
8 9 24
0 1 26
12 13 22
22 1 8
12 15 30
22 23 23
14 16 1
18 19 3
22 22 7
1 3 20
6 7 4
5 8 2
9 11 28
9 10 22
0 4 13
19 20 14
22 23 22
15 18 25
22 0 10
21 22 10
2 5 14
15 18 24
14 16 30
1 4 14
5 7 2
16 18 16
19 21 2
23 1 15
17 19 21
10 13 22
3 4 17
9 11 5
0 3 20
15 17 25
20 21 30
22 23 14
8 9 1
12 14 25
13 15 22
0 2 6
16 19 27
2 3 7
14 17 26
21 0 1
12 16 19
21 1 4
15 17 10
23 1 25
18 19 30
9 12 28
5 6 26
16 19 6
20 22 6
11 14 26
15 15 14
15 18 24
7 7 14
9 11 23
17 18 30
9 12 2
13 15 30
11 12 23
22 2 6
23 23 11
10 11 24
20 22 25
23 2 15
9 11 27
23 2 30
17 19 22
22 1 16
19 21 16
13 16 21
3 7 6
12 13 8
0 3 1
10 12 12
13 14 8
14 17 20
10 11 14
14 16 18
20 23 1
3 6 22
8 9 12
14 15 30
17 19 15
10 12 14
15 16 12
6 8 20
12 15 25
1 3 26
14 18 18
6 9 24
16 18 10
3 4 28
18 22 22
23 2 15
13 14 9
10 13 30
12 13 16
15 17 23
2 3 7
10 12 18
23 2 21
5 8 10
13 16 25
17 20 24
18 19 26
18 20 30
16 17 5
10 11 9
19 23 10
21 22 10
22 23 6
14 18 11
12 15 16
1 4 25
10 12 2
8 10 4
14 15 24
20 22 17
16 19 1
4 7 13
8 11 2
19 21 9
15 17 14
10 11 22
14 15 5
0 4 29
15 17 15
15 17 20
1 2 1
13 15 2
7 9 5
4 7 25
3 4 19
9 12 28
8 10 12
3 6 10
11 14 21
11 12 6
14 17 22
1 2 29
9 10 27
16 18 15
11 13 14
13 15 4
23 2 5
16 18 10
22 1 19
9 10 8
2 3 26
23 2 5
12 13 1
8 10 1
10 12 9
22 1 30
1 4 7
11 13 11
23 2 24
10 13 8
5 6 22
0 3 12
13 17 10
11 11 4
7 9 10
10 12 26
13 17 16
23 1 11
23 1 30
22 23 9
14 14 17
23 2 8
7 8 30
13 16 26
1 3 26
18 19 7
11 14 1
1 3 22
4 7 4
22 0 4
16 20 10
17 21 12
2 5 23
16 19 28
4 9 29
9 10 24
15 18 26
22 23 15
14 16 24
19 21 27
19 20 18
1 2 19
1 2 5
11 13 3
14 17 27
3 4 9
21 23 10
2 4 27
3 5 8
13 13 14
16 18 30
15 16 7
20 22 27
14 16 12
18 19 23
22 0 7
9 12 6
2 4 28
6 7 22
0 3 30
22 1 21
23 2 14
6 8 29
10 13 13
5 7 7
5 7 29
12 12 18
7 8 23
13 14 6
17 20 10
11 12 8
10 13 17
20 22 5
11 12 20
15 16 4
8 10 25
15 17 29
12 16 6
23 2 6
23 1 30
6 7 26
3 7 12
7 9 5
13 15 28
6 9 25
5 6 11
18 20 27
1 3 10
19 22 9
20 22 30
11 13 25
9 11 6
10 12 1
5 8 12
7 9 7
10 12 6
17 18 29
13 14 3
14 16 23
8 10 15
14 17 18
2 4 13
19 20 13
10 12 6
12 15 30
11 14 18
19 22 4
12 14 7
16 17 5
5 6 2
19 20 16
21 0 30
15 17 1
15 18 3
0 1 11
17 19 29
5 7 24
18 21 4
3 6 13
5 7 8
5 6 26
13 14 8
12 13 17
1 3 18
13 14 28
10 12 6
17 18 5
12 14 9
5 6 3
12 14 29
9 11 8
7 9 28
14 16 2
1 4 20
15 17 30
23 1 1
11 15 14
22 0 22
21 23 23
17 19 19
18 20 14
22 22 16
17 19 22
7 11 27
11 12 25
2 6 13
20 20 20
6 7 5
21 22 30
2 4 13
10 11 8
13 15 18
0 2 5
18 21 4
5 6 19
18 20 17
20 23 18
12 14 20
13 15 1
21 23 6
2 3 11
21 23 2
3 5 30
16 18 17
2 4 18
12 13 28
11 14 24
22 2 28
18 19 13
1 4 30
10 13 9
20 22 22
7 8 7
21 0 22
10 12 30
12 13 8
12 15 18
17 19 15
23 0 4
19 20 22
1 2 5
23 23 27
19 21 21
14 15 19
16 17 23
15 17 17
16 20 21
16 18 8
22 0 14
19 22 23
