840 30
15 5 7 25 2 23 29 22 14 12 15 2 12 6 17 5 10 18 19 20 6 13 9 28 21 2 5 9 14 22 
23 2 29
22 0 23
16 18 9
2 3 23
6 8 4
0 4 14
7 8 28
0 1 4
6 7 30
8 11 24
13 15 13
8 10 25
22 1 17
8 11 4
19 21 5
5 7 19
7 9 10
1 4 12
16 17 19
4 7 1
2 5 5
5 9 18
4 5 17
1 3 20
8 11 29
1 2 27
13 16 13
12 15 10
19 21 2
3 5 28
19 19 19
1 2 18
8 10 26
17 20 18
21 23 16
6 6 20
11 12 21
3 4 25
15 17 24
17 20 25
19 21 26
19 23 8
14 16 8
2 5 28
7 8 22
5 7 16
4 7 14
1 5 12
3 5 12
21 23 19
19 22 5
19 21 12
6 6 7
14 16 28
14 16 18
1 6 24
4 5 30
9 13 12
10 10 11
13 15 7
5 7 9
1 2 13
21 0 8
3 5 23
23 1 21
1 3 5
15 16 22
23 0 29
22 1 3
19 21 26
22 2 19
13 14 20
8 10 30
23 23 9
9 10 26
7 9 23
1 2 29
3 5 3
12 14 22
23 1 19
20 23 5
2 3 21
10 12 17
14 16 1
23 2 8
12 14 22
12 15 21
8 10 21
22 0 3
9 11 17
10 10 9
22 22 24
18 21 26
18 20 14
22 23 28
8 10 28
2 3 28
3 5 12
9 11 15
12 13 3
8 11 30
18 20 24
9 10 11
8 9 15
0 2 4
16 19 29
5 7 10
21 23 6
1 4 20
12 13 10
10 12 30
5 5 23
5 5 25
16 19 14
22 0 24
15 18 20
23 3 3
14 16 2
5 6 13
3 7 12
6 8 5
19 22 29
15 17 27
23 1 22
0 1 20
5 7 6
20 22 6
7 11 18
0 2 29
10 14 22
14 16 26
14 15 13
23 0 4
22 22 12
1 3 6
11 11 17
4 7 22
23 2 26
0 2 26
15 17 9
18 21 27
7 9 14
1 3 8
9 12 8
4 6 3
20 21 11
6 9 18
9 11 9
8 11 23
17 18 5
0 1 15
8 10 21
10 12 15
0 1 28
4 8 9
6 8 12
8 10 11
19 22 18
3 6 9
14 17 24
9 12 19
3 5 5
12 14 23
22 1 14
17 19 9
11 13 11
17 20 20
17 19 13
3 5 28
4 8 29
12 14 9
3 7 20
9 10 28
0 3 13
15 17 22
13 16 24
0 1 21
16 18 20
14 14 29
23 2 24
22 1 3
9 11 8
12 14 17
2 6 8
18 18 10
16 17 30
12 13 9
19 23 24
5 6 21
3 4 29
8 9 10
16 19 13
14 15 2
0 2 7
1 5 20
2 5 30
5 8 18
8 11 26
19 21 26
6 9 3
9 11 14
23 2 4
11 14 1
11 13 23
0 3 30
10 12 23
14 14 6
11 13 4
8 10 30
12 15 16
1 2 1
14 17 6
8 10 9
10 12 13
13 14 28
17 19 22
0 3 6
11 11 25
2 4 21
21 22 1
15 17 9
9 12 30
13 15 6
16 17 9
10 12 27
15 16 10
7 10 21
15 18 30
16 15 5
4 7 28
18 20 6
21 23 15
23 0 21
22 0 19
16 19 30
12 15 18
14 16 19
1 4 17
7 10 18
0 3 12
22 23 15
6 9 19
3 6 22
23 1 17
18 21 9
7 10 19
22 1 26
14 18 20
20 22 25
16 18 28
5 6 3
10 13 5
18 19 13
22 1 16
8 9 25
15 17 25
6 9 12
7 9 25
9 11 26
10 13 5
14 16 13
18 19 11
7 10 8
18 19 17
17 19 26
20 22 14
10 12 16
12 14 22
6 8 19
4 6 21
9 10 6
15 18 4
12 14 15
10 12 1
3 6 18
4 7 26
11 14 3
4 5 3
23 2 13
12 14 12
22 1 16
20 21 16
7 8 14
22 0 26
13 15 12
17 20 12
13 15 20
22 23 16
3 5 26
0 0 9
20 21 24
22 1 13
11 14 8
13 16 1
10 12 9
9 11 15
4 6 22
5 5 13
9 11 6
9 10 18
6 9 10
12 15 29
2 4 23
1 2 9
19 23 20
15 16 17
18 20 8
11 11 4
13 17 29
9 12 30
9 13 13
3 3 22
20 22 24
2 6 17
17 19 3
3 7 14
20 22 19
17 19 24
11 12 2
16 17 1
5 8 13
4 5 2
21 22 6
13 14 4
14 15 1
10 12 10
5 8 20
6 9 19
12 15 22
1 3 17
2 4 11
1 3 17
8 9 9
5 8 1
5 6 12
9 12 1
10 12 27
22 1 25
5 6 25
14 16 27
1 3 26
23 1 10
20 22 14
14 16 9
0 2 1
17 21 25
21 23 29
19 21 6
5 7 23
11 14 7
5 5 26
3 4 22
12 13 14
23 3 10
20 21 4
1 3 6
10 11 1
23 3 30
10 13 15
6 7 20
16 19 1
19 20 11
6 8 4
21 23 2
2 4 16
6 9 29
13 15 1
10 12 12
15 17 16
6 8 8
1 4 20
17 19 6
21 0 26
3 4 8
23 0 21
10 13 20
14 16 10
18 18 11
18 21 24
7 11 6
0 2 26
16 17 25
6 8 9
5 5 25
14 18 8
5 7 6
8 9 8
14 16 30
6 7 18
10 13 27
4 5 3
13 14 24
18 20 24
19 20 3
15 17 21
10 12 7
10 13 13
1 3 23
20 21 25
8 11 1
1 3 18
16 17 21
18 21 4
9 11 6
17 18 10
15 17 16
18 20 8
5 8 2
17 19 13
4 5 24
17 21 7
1 2 21
12 15 14
20 21 14
3 4 14
15 17 29
7 10 9
4 5 25
21 22 6
7 8 4
13 13 24
6 8 14
21 22 3
0 1 5
0 2 7
20 22 30
10 13 12
22 0 14
3 6 6
11 12 6
12 15 24
14 17 19
23 0 18
17 20 11
10 12 3
11 15 8
21 23 6
6 10 4
1 2 11
16 20 25
6 10 2
3 5 1
11 13 4
14 16 22
0 2 22
6 7 2
4 4 21
5 7 5
19 21 22
5 7 5
0 2 19
0 1 28
18 19 17
5 9 21
2 4 22
11 13 23
0 2 6
20 22 21
9 11 17
11 14 2
13 16 11
11 13 11
20 22 10
21 22 18
13 14 22
18 20 30
14 17 21
16 19 14
0 1 16
13 14 1
5 8 12
18 20 1
22 23 23
1 2 27
7 9 20
6 9 12
19 22 20
19 19 15
13 16 2
22 0 4
10 10 8
13 15 15
11 14 23
3 6 13
19 20 4
5 6 12
13 14 10
6 6 15
8 10 8
16 19 22
22 0 5
18 20 21
10 12 12
12 14 21
9 10 18
13 15 23
13 15 14
1 4 27
3 4 22
7 10 24
20 21 10
0 3 12
15 17 12
12 14 8
11 13 28
2 5 2
9 12 8
9 10 26
23 0 9
20 23 24
0 2 29
13 14 29
17 19 13
18 18 14
3 5 26
0 3 15
22 23 23
23 2 30
11 14 22
10 13 23
23 0 15
2 4 28
18 21 26
15 16 5
11 14 24
3 7 19
9 12 4
11 13 21
23 2 22
1 3 24
9 10 18
7 8 5
1 3 1
9 9 7
12 15 14
9 11 14
14 15 7
2 5 26
12 14 30
18 21 15
16 20 15
13 15 28
5 9 10
13 16 7
7 9 26
16 17 30
12 14 17
4 6 19
9 10 14
20 21 30
18 20 9
13 15 17
6 8 18
22 23 17
13 15 11
15 16 6
12 13 19
23 1 17
9 9 2
3 5 2
3 5 27
1 4 2
19 22 19
5 7 23
14 17 20
15 18 6
2 3 20
7 10 22
7 10 16
4 7 17
16 19 18
1 3 6
6 9 4
8 11 15
17 19 25
4 7 14
21 23 15
7 9 9
8 10 14
13 15 16
19 21 9
12 15 9
6 9 3
6 11 11
21 22 4
23 2 19
13 15 28
21 0 1
22 1 3
12 17 11
21 23 29
1 2 1
20 21 28
13 14 2
13 15 16
4 5 29
18 19 26
7 9 27
1 4 16
1 3 25
8 11 2
8 9 20
7 7 23
10 12 14
0 3 29
9 11 7
7 8 21
20 20 8
13 15 20
7 10 7
10 13 11
1 4 1
14 17 22
4 4 21
15 15 8
16 16 25
5 8 14
20 21 21
18 20 29
4 7 20
18 22 23
17 18 27
3 3 16
2 5 21
7 7 6
23 0 9
22 0 3
5 7 23
15 17 7
16 20 3
3 6 24
14 17 9
19 21 27
21 22 17
18 20 17
22 0 26
10 13 29
2 4 27
10 13 6
5 8 20
2 5 2
15 16 8
19 20 16
17 18 15
10 11 27
9 12 29
0 3 19
16 18 24
17 18 24
23 0 6
23 1 1
21 1 29
0 2 4
22 22 17
21 22 16
16 18 5
18 18 26
15 19 24
15 18 8
19 22 20
17 19 7
10 12 18
18 20 14
17 18 23
2 3 9
15 18 1
16 19 13
7 9 3
15 18 15
12 15 26
0 2 27
23 1 23
18 20 16
12 15 11
19 21 17
8 10 25
3 6 17
0 1 15
18 19 27
11 15 4
19 18 10
17 21 23
10 11 18
22 22 24
20 0 22
15 19 29
5 7 19
15 16 10
20 23 14
8 9 13
16 17 1
22 1 24
1 3 30
17 17 24
10 14 21
16 18 17
8 10 24
22 0 30
19 21 18
2 4 26
8 9 15
12 15 2
11 14 21
8 9 26
8 10 14
5 8 4
7 7 21
16 18 11
13 16 9
9 12 28
19 19 16
14 16 11
8 9 25
21 1 22
5 7 2
6 7 4
18 19 8
4 6 29
8 10 8
0 2 17
2 4 27
2 4 19
17 18 26
19 22 11
2 4 25
21 1 19
0 2 17
0 4 18
7 9 28
20 23 30
9 11 7
4 6 7
17 18 8
4 6 23
4 6 25
20 0 8
4 6 26
20 22 8
15 19 18
6 8 11
0 3 14
13 14 21
3 4 24
22 1 12
23 0 26
13 15 24
21 0 28
12 13 22
22 0 28
19 22 4
12 15 30
14 17 4
2 3 21
19 21 12
14 17 27
19 20 5
18 19 28
0 1 3
22 1 6
20 23 25
22 22 22
14 16 8
20 21 20
10 11 7
19 20 3
10 11 16
5 8 20
21 23 19
13 14 8
23 1 5
2 5 14
5 9 11
2 4 8
0 2 21
18 19 18
14 17 21
13 17 7
15 18 8
5 7 20
12 14 10
11 13 9
17 20 8
12 15 16
16 19 24
6 8 24
12 15 21
6 8 25
15 17 9
14 17 5
21 0 17
7 9 25
14 17 23
9 12 9
12 12 3
0 1 22
2 4 15
7 8 16
5 9 19
14 18 22
3 6 18
11 14 9
0 2 22
2 5 16
19 22 7
21 22 11
4 5 15
3 4 30
0 1 21
13 15 29
4 5 2
4 5 1
11 12 26
23 1 15
12 13 7
13 15 29
4 6 28
23 0 9
16 18 14
3 5 30
2 4 27
7 8 24
16 16 23
1 3 30
19 21 13
5 8 20
23 0 6
13 14 8
1 3 10
9 11 26
7 10 4
15 19 7
2 5 23
6 8 12
15 16 22
19 20 11
9 11 6
18 19 6
8 11 13
12 15 17
15 17 1
