860 30
4 16 17 12 25 28 24 24 15 14 8 23 1 16 1 29 2 28 20 10 24 27 16 27 11 16 3 30 11 26 
13 15 25
19 21 16
4 6 8
20 21 1
17 19 6
1 3 26
5 8 30
19 22 13
2 4 26
17 19 7
10 13 10
20 0 8
20 22 3
11 14 27
12 14 27
1 3 13
9 11 10
2 3 27
18 20 16
20 22 2
22 1 12
12 13 15
16 18 29
9 12 5
23 2 13
15 15 27
13 15 6
4 5 3
9 12 30
9 11 23
1 2 30
17 18 7
17 17 29
0 3 21
13 14 9
19 21 11
12 13 5
16 19 7
12 13 27
8 12 25
17 20 21
22 23 9
23 0 4
5 6 8
3 6 3
8 10 21
14 16 5
6 9 29
4 7 14
14 15 5
2 5 30
19 21 27
12 16 25
5 7 8
21 2 2
5 8 10
0 2 21
10 11 6
14 15 13
11 14 11
23 3 5
4 7 15
14 16 24
13 16 25
8 10 25
0 2 16
17 19 1
16 18 18
13 15 21
22 2 3
19 20 23
10 12 26
7 9 12
1 4 19
15 16 18
17 19 6
7 10 12
20 22 5
9 10 24
17 19 26
8 10 17
13 17 10
12 14 6
6 8 29
18 21 7
16 17 28
20 19 6
18 20 20
5 6 2
14 16 6
19 21 9
16 18 20
13 17 26
20 22 13
18 19 7
8 10 10
11 13 29
23 1 28
2 4 8
18 19 17
23 2 14
16 19 2
20 23 9
11 10 19
21 23 20
1 4 27
16 19 7
23 1 10
2 5 8
4 4 25
20 22 1
0 2 15
2 2 17
10 12 24
2 3 22
20 22 8
0 1 7
6 5 1
21 23 22
14 14 11
22 23 6
3 4 5
2 4 5
13 15 16
9 12 6
8 11 14
19 22 12
11 13 11
5 7 28
14 16 20
15 16 27
13 15 2
22 0 1
11 13 1
16 19 12
16 17 28
7 7 27
15 18 29
23 0 21
9 10 11
9 11 23
20 23 22
6 7 10
1 4 5
15 17 14
0 4 19
6 9 24
10 11 8
18 20 18
13 14 10
9 11 10
0 1 13
18 20 14
1 3 10
5 6 11
23 0 24
5 6 21
14 14 23
1 2 14
9 10 10
21 0 26
20 23 14
13 15 7
23 1 24
7 9 4
23 1 26
3 4 10
8 11 11
19 22 9
12 16 8
10 11 30
11 12 5
10 12 23
11 14 16
1 2 6
9 11 10
4 6 2
5 6 29
11 14 14
18 18 12
7 7 25
21 23 15
7 9 3
9 10 1
17 19 22
0 1 5
4 6 9
22 22 15
5 7 4
13 18 27
13 14 5
2 5 2
22 23 23
15 17 8
13 16 13
7 10 20
7 8 24
23 0 11
22 0 5
21 23 16
16 17 12
11 13 24
16 17 22
23 2 15
12 14 21
13 15 28
19 21 8
0 2 13
6 5 19
15 17 7
19 20 26
5 6 9
4 7 24
23 2 24
13 15 26
23 2 16
21 1 16
11 14 27
17 17 30
20 22 3
1 5 24
6 8 3
16 18 20
19 23 9
21 23 13
21 23 6
9 11 26
6 7 24
15 18 8
22 1 23
9 9 2
21 0 25
15 18 27
14 14 23
15 15 18
2 4 20
8 9 16
8 9 13
18 18 26
4 8 17
20 22 28
21 0 23
13 15 10
0 1 6
17 20 2
9 11 1
5 7 18
14 16 20
19 21 28
4 6 5
7 9 9
7 8 6
18 21 22
4 7 25
19 21 2
3 6 18
22 0 10
12 14 5
11 14 24
9 11 11
3 3 12
16 19 21
4 6 24
9 12 23
1 2 18
6 8 8
1 3 1
2 4 24
18 19 8
11 12 20
11 12 17
15 15 5
8 11 28
23 2 10
21 23 4
23 1 7
9 10 19
10 13 13
1 2 4
14 16 21
13 13 8
1 4 25
20 23 7
17 20 7
17 21 20
2 3 1
12 13 6
20 21 15
2 4 6
23 1 16
2 5 24
14 17 17
7 9 23
4 5 3
2 5 12
0 2 15
12 15 11
16 17 19
4 4 11
4 5 30
9 10 26
22 0 14
16 18 19
18 20 10
14 16 24
17 17 17
10 12 5
23 1 18
15 16 18
6 9 13
17 21 4
5 8 6
21 23 14
16 18 29
10 11 1
7 8 1
11 13 26
8 9 1
17 21 17
7 9 27
10 11 17
12 14 17
14 16 28
6 8 9
9 12 15
14 14 30
11 13 11
6 8 30
4 6 13
2 4 14
9 11 12
12 15 25
4 5 9
20 22 20
3 6 23
23 0 21
19 21 4
2 3 8
23 1 2
1 3 27
6 8 15
14 16 20
17 19 13
2 3 21
13 15 30
2 5 17
21 23 21
23 1 20
6 7 3
18 22 4
9 12 16
2 4 5
23 0 17
21 22 18
22 23 17
7 7 12
14 18 3
6 7 2
19 22 18
15 17 1
18 20 30
5 8 29
14 17 10
21 22 10
13 16 25
23 0 12
16 19 4
18 21 19
21 21 25
23 2 6
14 16 2
14 15 3
23 1 15
21 23 16
15 17 27
2 3 2
0 0 28
11 13 30
1 4 16
8 13 27
3 5 19
20 23 5
0 3 7
22 23 5
2 3 10
0 2 26
11 12 19
22 0 13
18 22 6
9 10 6
11 13 1
16 20 11
1 2 1
1 4 17
16 17 16
22 23 1
17 17 17
0 2 17
18 21 27
19 22 15
22 0 16
10 13 9
23 1 14
1 0 18
14 14 2
21 21 24
0 1 22
1 3 23
18 20 25
23 1 3
17 18 5
12 14 23
1 4 29
15 15 16
5 7 11
9 10 19
6 9 9
0 0 21
22 1 11
19 20 26
9 12 6
4 7 14
16 18 12
4 7 14
22 0 5
8 9 8
4 6 2
1 3 1
7 9 27
9 12 15
22 22 3
7 9 29
11 14 28
5 8 10
21 22 13
21 23 2
8 9 26
13 15 4
13 14 17
23 2 6
16 17 17
23 0 13
20 21 2
12 13 16
22 0 5
18 20 24
2 4 11
16 17 8
6 8 20
17 20 8
8 9 8
13 15 6
23 0 14
22 22 18
10 11 6
0 2 8
3 7 24
8 9 19
23 1 21
2 3 23
4 6 17
14 16 13
18 20 22
2 5 30
1 2 19
5 7 8
6 8 24
5 7 30
16 19 24
11 12 30
17 20 4
16 17 26
19 20 15
9 12 7
20 22 9
16 16 26
17 19 20
10 12 11
18 21 1
4 6 9
15 18 24
16 18 18
5 6 24
12 14 24
10 13 28
0 2 13
3 3 20
21 23 1
22 23 1
9 10 28
18 21 3
21 23 16
6 8 29
15 16 6
22 0 2
8 9 15
15 18 24
2 5 2
1 3 22
8 11 18
1 3 3
7 9 5
8 9 10
14 15 15
14 16 3
21 23 13
8 9 5
22 2 18
11 14 20
7 7 27
20 0 4
5 8 8
0 2 4
22 22 1
9 12 27
23 0 12
4 7 24
8 10 1
12 15 10
0 2 7
11 13 30
12 16 12
20 22 9
16 17 25
18 20 20
9 12 22
2 4 8
2 3 21
23 2 16
19 21 7
12 15 26
10 11 27
12 14 22
17 18 13
13 14 4
9 11 11
5 5 28
3 4 25
10 12 28
21 0 1
14 17 29
1 2 23
23 2 19
21 0 20
21 22 4
15 17 11
3 2 17
16 19 1
3 4 12
19 22 27
17 19 13
17 19 1
14 16 23
3 5 25
14 17 28
3 4 11
5 6 22
10 11 4
10 11 19
5 9 3
0 2 11
17 19 27
17 20 5
4 6 11
14 17 24
10 11 26
9 10 20
17 19 6
9 10 14
16 18 18
1 4 26
4 5 14
21 23 5
6 6 17
16 18 2
22 0 27
1 3 15
0 1 7
22 1 5
10 13 26
6 7 5
23 0 4
19 20 17
4 6 19
1 3 10
15 18 17
2 4 13
3 6 14
10 12 12
8 10 16
0 0 11
18 19 3
16 17 6
19 22 28
0 3 29
11 11 27
0 1 17
10 12 8
14 15 9
2 4 1
3 4 25
14 16 2
13 15 15
20 21 11
5 6 16
15 20 21
7 7 8
19 21 15
10 13 2
1 2 13
22 0 1
17 22 7
7 10 23
23 2 9
23 23 29
8 9 17
6 8 29
18 21 3
18 21 5
18 21 15
11 13 11
18 21 1
21 23 4
14 17 25
1 2 12
8 10 13
4 6 2
19 21 18
14 16 9
10 14 9
4 6 17
19 20 25
22 1 28
23 1 15
9 11 9
0 2 1
16 18 30
10 12 22
6 8 25
18 21 26
9 10 2
6 9 26
15 15 30
19 21 22
4 8 11
2 5 7
5 7 27
15 17 12
15 17 2
1 4 18
19 22 17
21 0 11
5 8 14
6 8 22
12 13 12
2 4 7
18 20 26
4 6 21
15 17 4
22 1 26
23 1 27
23 1 8
6 9 3
19 21 28
12 15 9
16 19 9
3 7 17
1 2 26
5 8 26
16 17 20
0 3 9
18 20 14
15 17 26
18 20 1
13 17 24
14 17 22
9 12 4
1 3 15
14 15 16
2 5 18
4 5 13
7 11 10
10 10 27
2 4 20
15 18 13
5 8 23
9 13 24
15 17 6
19 21 15
2 5 5
16 18 10
9 13 15
8 11 22
12 16 5
20 23 4
6 7 26
3 5 6
12 13 21
11 13 29
18 19 16
18 20 3
21 23 20
13 14 11
23 23 7
23 1 19
14 16 5
15 19 5
4 6 9
21 0 4
6 7 20
17 20 12
10 12 16
12 13 25
14 18 19
0 2 9
17 18 8
8 9 27
2 1 5
14 15 24
3 4 30
21 0 14
7 9 11
0 2 18
17 19 1
21 0 9
20 22 29
19 22 21
18 21 14
16 18 20
3 4 25
16 16 30
2 6 5
20 21 7
19 23 22
0 4 12
22 23 10
3 5 24
7 9 24
22 23 10
13 14 25
14 17 16
21 22 20
11 12 21
5 8 22
16 16 16
17 19 10
8 7 16
17 18 21
9 11 30
8 9 2
5 6 2
23 2 21
12 15 1
18 18 27
12 14 10
4 6 2
20 21 5
23 0 21
18 21 19
4 6 15
15 18 2
4 7 24
5 6 10
0 1 19
11 14 13
19 21 3
7 8 3
22 23 8
7 11 10
8 11 10
16 17 24
14 18 23
21 21 13
11 11 4
22 23 28
17 19 5
2 3 16
7 10 28
17 19 8
13 14 29
14 16 12
22 2 2
7 8 27
11 15 19
18 21 24
22 0 23
2 4 28
7 9 24
16 17 22
6 9 11
6 9 20
10 9 15
3 5 4
6 8 11
9 11 30
19 22 22
11 13 14
21 22 4
1 4 24
13 14 5
17 20 29
10 13 6
12 16 3
1 4 10
5 6 4
14 16 5
9 11 7
12 15 18
1 2 18
4 7 15
18 20 26
21 0 3
0 1 30
22 1 17
9 10 12
9 11 22
6 6 12
16 17 13
3 6 18
2 2 24
20 21 24
12 13 9
4 5 9
1 3 23
8 10 18
15 16 22
7 9 26
14 18 28
3 6 6
3 4 2
16 16 25
2 3 19
10 11 25
19 20 12
21 23 10
18 20 7
8 9 8
22 1 29
21 21 25
5 7 24
10 11 20
16 17 16
4 6 5
0 2 25
13 13 26
23 2 22
1 2 22
8 10 13
6 9 8
2 5 2
13 14 24
10 10 12
1 4 23
0 0 18
8 9 1
18 20 16
22 0 23
13 14 30
14 15 26
2 5 10
