870 30
22 15 6 15 14 25 9 23 8 3 8 28 16 15 29 21 7 2 10 17 14 14 7 14 1 17 19 21 18 15 
21 23 9
22 1 20
6 7 1
6 8 29
6 7 6
23 2 16
14 16 2
3 6 3
0 2 1
23 0 4
23 2 6
10 11 23
5 7 29
18 21 24
2 5 14
1 3 14
15 17 1
7 11 28
6 8 8
7 9 4
8 10 9
5 5 30
6 7 16
14 17 9
5 8 6
20 23 7
5 6 17
17 19 10
16 17 28
12 13 6
6 6 4
6 9 22
12 14 15
2 3 24
11 12 27
16 16 28
9 11 2
15 17 4
6 8 20
0 1 30
22 0 17
4 5 6
14 16 11
18 20 30
10 11 20
17 20 29
2 5 10
5 7 17
21 1 11
20 21 2
14 17 27
20 22 28
14 16 11
22 23 9
1 3 9
6 9 24
2 5 13
16 18 18
12 13 27
4 5 15
8 11 30
8 12 23
16 18 6
11 13 28
11 13 21
16 18 3
3 5 13
10 10 14
19 19 18
12 13 26
10 11 3
22 0 2
20 22 1
10 11 3
18 20 18
12 14 28
5 7 7
14 16 3
22 0 20
0 1 21
19 18 9
5 6 8
7 9 22
7 11 8
8 11 9
22 0 6
3 6 17
12 14 12
1 2 19
8 10 17
5 7 26
15 16 9
14 16 9
2 5 7
22 2 8
5 6 9
13 15 20
15 18 30
0 1 3
8 10 24
22 23 14
2 4 5
19 20 24
8 10 10
15 17 17
2 3 18
9 9 6
20 23 29
20 23 12
17 18 25
11 13 2
19 22 2
18 20 22
20 21 6
16 17 9
15 17 1
19 23 24
14 16 8
23 0 28
4 6 11
20 20 6
18 19 16
13 15 21
13 13 16
16 19 26
5 7 10
8 11 5
18 21 3
19 22 13
6 7 7
1 3 2
22 22 7
19 21 19
22 1 12
19 20 2
15 17 5
21 0 13
23 1 25
8 10 2
6 9 7
22 0 16
8 11 27
2 3 17
13 14 15
17 18 3
19 21 22
23 1 27
9 12 18
5 6 28
17 19 6
18 20 24
1 3 25
8 11 27
7 8 1
17 19 26
12 15 22
22 0 14
12 15 19
0 1 15
11 13 20
3 7 7
5 6 20
0 2 29
1 3 14
19 21 21
14 16 11
4 6 1
9 12 5
4 7 6
7 8 19
3 5 17
3 3 9
11 12 28
9 12 24
13 14 23
16 17 15
11 14 6
0 3 10
23 0 17
9 11 15
6 8 1
16 18 26
7 9 19
12 15 20
1 2 13
13 14 7
6 8 9
15 16 21
14 18 28
22 1 27
3 6 10
20 21 24
1 3 2
23 0 25
21 22 6
11 13 5
18 20 30
12 15 23
20 21 27
17 17 6
0 3 30
12 13 4
3 6 28
13 15 24
3 3 29
12 13 29
10 12 7
6 9 16
17 19 11
14 14 23
6 7 18
11 14 12
8 11 16
22 23 7
5 7 19
17 19 26
9 10 10
7 9 20
19 20 12
22 1 30
22 0 14
2 5 16
3 4 27
12 13 20
18 19 24
10 14 2
15 18 10
23 2 4
19 23 5
21 22 28
8 11 10
17 20 22
3 4 6
14 17 23
2 4 17
3 6 12
1 4 20
11 11 23
2 4 5
5 6 24
18 21 21
9 12 18
7 9 16
7 9 10
21 0 28
7 8 12
16 20 21
22 1 14
10 12 16
17 20 27
17 19 16
23 2 27
3 4 3
12 13 7
1 2 16
5 7 24
6 8 11
0 4 24
13 15 2
22 1 18
10 11 18
7 10 14
23 1 13
9 10 27
22 1 3
0 2 12
0 0 30
19 21 21
18 20 25
22 23 4
2 4 21
0 3 14
0 2 23
15 16 27
22 23 23
8 8 3
14 17 2
6 9 25
7 10 14
9 11 3
6 8 21
10 13 6
10 13 7
11 13 13
19 23 18
9 10 4
1 4 15
4 6 19
10 11 21
10 13 26
23 23 6
5 9 13
22 0 5
4 5 26
17 19 20
1 3 10
11 12 17
16 18 15
23 1 17
23 1 14
18 21 3
15 18 7
22 0 20
5 6 17
4 4 15
21 0 13
7 10 9
9 11 6
11 13 8
10 12 23
13 16 18
8 10 26
2 3 27
12 14 14
10 11 10
20 21 4
13 15 16
6 9 10
18 21 21
21 22 30
22 1 26
1 4 21
8 8 19
20 21 19
11 14 18
15 16 11
11 12 27
13 14 21
11 13 26
5 7 11
8 9 13
2 6 15
12 15 26
11 12 22
6 7 18
0 2 15
18 20 10
2 4 29
15 17 18
16 19 16
21 23 25
20 21 27
12 16 20
16 19 24
6 8 26
18 19 2
1 4 15
5 7 23
9 11 18
23 2 24
18 19 29
9 12 25
1 3 4
7 8 1
21 23 13
8 10 5
0 1 6
1 4 13
5 7 6
5 7 28
2 5 12
12 13 26
13 14 9
10 12 4
10 13 12
7 8 23
15 17 24
18 21 16
7 8 26
18 21 14
21 22 30
23 0 10
0 1 2
19 21 11
20 22 18
15 16 6
10 13 25
0 2 5
9 11 17
22 23 1
0 2 11
11 14 24
4 7 12
8 11 30
15 17 9
10 10 25
23 1 16
8 8 23
14 18 24
12 14 17
17 18 17
1 3 16
17 20 9
9 12 20
15 15 8
0 2 24
7 7 14
7 10 8
3 4 11
16 18 26
14 18 4
5 7 4
8 11 3
4 5 5
2 3 25
9 10 25
1 4 26
1 4 16
4 5 4
6 9 26
11 11 15
7 9 21
14 16 14
3 5 11
9 11 17
15 16 25
20 23 14
4 7 21
13 17 17
1 2 16
2 6 26
12 13 2
0 2 5
21 0 7
10 12 11
14 16 13
14 15 30
22 22 22
10 13 5
5 7 7
4 5 5
17 20 10
21 23 23
21 22 8
21 21 26
9 12 11
11 15 22
0 1 27
14 16 5
15 18 19
9 10 9
16 18 19
8 10 22
5 7 12
19 23 25
8 10 14
13 16 1
18 20 29
3 6 2
7 10 20
17 18 11
3 5 16
8 10 10
19 21 28
4 7 21
1 3 7
12 15 2
16 18 16
3 4 28
10 12 6
0 2 26
6 7 20
10 12 26
19 22 8
2 5 16
3 4 1
15 18 6
2 4 5
16 18 1
5 6 24
19 22 18
4 6 1
14 16 1
18 22 23
17 20 10
17 20 15
20 23 1
4 6 18
11 10 10
6 9 3
7 7 7
1 4 24
0 3 6
3 6 30
10 13 3
13 15 5
0 2 19
6 8 22
2 3 18
18 20 1
3 5 19
14 13 7
17 18 3
22 23 9
5 7 26
1 2 30
8 8 13
9 10 5
22 1 11
7 8 3
12 15 5
13 15 26
1 3 20
13 14 11
12 15 26
8 12 23
23 2 30
11 14 19
19 21 23
6 8 4
9 9 15
15 17 1
12 15 15
21 23 25
12 14 12
23 1 13
0 3 14
0 2 30
5 7 15
23 0 20
21 23 10
5 6 20
19 20 20
23 1 23
8 11 30
21 22 6
5 9 30
15 16 29
23 1 13
15 18 27
8 8 2
15 19 25
22 22 28
0 2 28
22 0 10
10 12 23
10 13 9
11 12 17
11 14 18
22 0 18
19 22 25
10 13 21
14 14 9
23 1 4
23 1 6
5 5 14
20 22 7
2 4 4
17 18 5
0 2 7
1 3 9
7 7 19
2 5 25
5 7 16
3 6 28
21 23 14
21 23 29
15 18 29
3 5 21
4 7 12
20 0 10
23 23 1
9 11 20
5 8 6
22 0 10
16 17 17
9 12 14
13 17 12
0 2 15
16 18 24
2 4 21
3 5 30
13 14 5
2 4 19
4 4 19
4 7 21
11 14 25
17 20 8
11 15 8
1 2 12
3 5 27
21 0 22
16 18 3
7 9 10
16 17 4
18 20 20
1 2 21
6 8 7
14 17 28
19 21 16
7 8 6
16 15 3
4 7 14
21 23 17
15 19 18
13 15 19
5 9 13
15 18 17
3 6 7
6 9 9
9 10 12
10 14 29
9 10 9
1 4 18
0 1 14
18 20 6
3 5 29
2 5 1
20 21 17
10 11 26
22 0 21
5 5 20
18 21 12
19 21 22
6 10 5
9 11 26
19 22 20
9 11 22
20 21 26
4 6 1
15 16 6
22 1 1
13 16 1
0 3 2
8 10 23
2 3 6
1 3 21
9 12 8
19 22 6
3 5 29
11 13 19
15 15 29
11 14 5
10 14 22
3 5 14
9 12 20
12 13 30
7 9 23
17 20 20
17 18 21
20 20 7
1 5 28
4 6 10
14 16 21
16 17 7
20 22 17
22 1 29
8 11 18
19 21 16
12 14 10
8 10 1
23 1 16
7 7 3
16 17 2
10 11 5
2 6 5
2 2 29
20 22 27
22 0 2
5 8 30
18 19 9
19 22 17
3 6 28
1 3 1
19 22 8
18 21 6
5 8 27
6 10 21
7 9 21
21 22 16
3 6 13
0 3 24
17 19 1
23 0 18
22 0 3
12 13 4
11 12 1
1 3 2
14 14 7
20 21 28
16 18 16
6 7 10
20 22 22
13 15 15
5 7 17
14 17 10
12 15 17
14 15 14
0 3 19
17 19 20
21 1 23
22 0 23
16 18 21
13 14 15
7 8 23
12 14 7
1 3 19
1 2 18
11 12 12
8 9 30
16 18 7
0 5 29
17 18 13
15 16 27
19 20 27
21 1 16
12 14 4
12 15 21
22 1 21
9 13 5
13 15 15
13 14 29
15 16 3
5 7 17
19 22 1
18 18 6
11 14 15
4 6 11
21 0 22
16 18 7
8 9 30
23 2 4
17 20 28
9 12 11
17 19 27
23 0 3
12 15 1
7 9 26
2 4 7
9 10 29
19 21 19
0 2 28
22 2 10
3 5 17
23 1 28
19 21 11
7 9 6
2 5 16
23 1 19
20 21 13
6 7 17
8 12 22
3 4 29
23 0 1
6 6 28
8 12 17
4 4 1
17 19 4
22 1 28
7 10 5
13 14 10
22 1 22
7 8 3
17 19 17
12 14 22
8 11 11
3 6 9
0 3 27
17 18 1
6 7 4
13 15 25
23 23 7
21 23 1
5 8 14
13 14 3
21 22 27
18 20 18
15 18 2
18 21 7
9 13 6
18 21 27
13 15 7
16 18 10
3 5 3
13 15 17
23 2 4
15 16 18
4 7 8
2 5 8
19 21 30
15 17 16
6 8 6
0 2 8
15 18 13
3 5 26
11 12 26
7 10 26
12 14 6
8 8 6
7 8 8
12 12 26
17 21 13
17 20 4
23 0 6
5 7 27
12 13 18
14 15 22
23 1 30
9 10 19
11 14 1
16 17 2
9 10 28
5 8 20
3 5 21
10 13 21
16 19 6
2 4 23
11 12 25
21 23 5
15 16 9
4 7 16
17 20 8
0 2 23
15 18 22
12 12 23
2 3 10
12 16 26
16 18 30
9 9 2
19 22 20
3 5 12
3 6 6
19 20 27
1 5 15
9 11 30
17 20 20
2 3 12
8 9 13
20 22 5
0 1 25
22 1 10
12 15 21
18 20 30
23 2 28
7 9 7
5 8 16
4 5 18
12 13 1
17 18 25
22 3 16
7 8 15
3 6 21
13 14 14
7 11 8
7 8 23
4 6 10
10 11 21
22 1 14
17 20 8
14 15 4
16 18 13
14 15 8
22 22 6
5 6 20
5 9 23
11 11 24
0 2 6
7 9 8
4 6 30
7 9 26
18 21 3
4 6 22
22 1 12
16 19 9
16 19 22
1 4 29
4 7 14
15 17 29
20 23 28
0 2 29
