90 30
19 10 13 30 15 20 4 3 1 23 10 10 6 17 11 20 1 27 11 6 10 17 18 8 17 22 4 30 16 9 
20 23 3
16 19 16
23 1 14
21 21 23
14 17 23
0 2 19
15 16 20
23 1 27
19 21 21
21 0 14
10 12 18
3 6 3
4 6 12
3 5 21
17 21 25
14 17 5
4 6 5
2 5 27
0 1 30
19 20 12
11 15 6
22 23 13
17 20 8
20 21 25
10 11 11
9 12 18
9 13 27
3 6 7
6 9 22
4 6 19
9 13 7
1 2 20
17 19 24
16 17 8
13 15 9
19 22 21
19 21 11
13 14 26
0 3 20
0 2 9
11 13 16
6 8 2
6 6 1
15 17 3
16 17 20
21 23 1
8 10 7
10 11 20
20 23 21
11 14 27
10 12 20
6 10 17
0 2 18
7 8 7
21 0 29
9 9 10
15 16 19
16 16 29
9 11 6
9 11 4
10 12 14
0 0 27
0 2 30
19 20 13
10 13 28
4 6 14
18 20 20
22 0 21
5 9 28
22 0 22
11 13 16
16 18 20
14 16 18
22 2 5
17 19 4
5 7 17
22 1 25
8 11 26
18 21 30
22 23 19
10 12 16
17 20 25
17 19 30
12 15 12
12 14 21
8 9 30
13 15 30
14 16 22
22 1 10
23 23 2
