930 30
21 23 21 13 4 28 20 16 30 15 2 3 21 7 18 10 22 11 16 12 27 4 10 23 4 3 11 9 10 19 
12 13 25
11 13 12
0 3 7
8 11 3
9 12 8
23 3 16
0 3 6
9 11 26
15 16 23
12 13 22
1 4 29
12 14 13
2 2 23
15 17 21
9 12 20
8 10 20
23 2 26
8 9 8
21 23 1
8 9 28
18 20 10
13 15 20
7 8 12
5 8 19
8 12 22
21 22 18
17 17 3
17 17 22
9 12 18
10 12 10
22 0 15
18 20 13
8 11 1
2 4 3
15 17 25
6 8 21
10 12 1
11 13 27
2 5 6
13 15 6
23 2 27
22 0 2
21 23 1
8 10 18
4 6 12
4 5 6
20 22 28
1 2 11
15 17 21
11 13 9
9 12 15
1 4 14
6 6 1
15 16 17
21 21 24
20 23 11
16 19 10
2 4 20
22 1 30
6 9 16
11 13 23
17 20 9
5 6 19
22 0 6
7 9 10
14 17 24
15 17 4
6 8 22
20 23 28
12 15 21
3 5 28
3 5 30
23 1 12
2 4 16
1 3 9
12 12 19
15 17 12
3 4 3
7 9 30
3 5 16
3 6 3
16 19 23
21 23 16
18 19 19
7 9 18
8 9 24
0 2 11
5 8 14
2 6 7
16 18 13
19 21 9
0 2 8
2 4 14
18 21 14
16 18 4
8 12 25
5 6 28
15 17 9
2 3 24
13 16 2
15 18 23
0 4 6
17 20 16
14 16 12
0 2 29
12 14 20
1 2 13
4 5 3
2 3 9
4 6 13
18 20 25
11 14 22
20 23 9
15 16 26
1 5 17
18 20 7
0 2 30
4 7 30
19 19 21
21 21 29
10 12 17
11 14 19
5 6 12
5 6 16
6 8 15
17 20 28
19 20 2
12 14 17
3 4 2
4 5 6
10 14 20
6 7 16
0 3 1
7 10 29
23 2 23
6 8 26
21 23 13
8 10 2
10 12 24
21 1 8
7 7 10
3 4 27
11 14 16
14 16 23
1 4 12
11 12 28
13 13 27
0 1 24
8 9 7
21 0 14
17 21 15
17 18 6
0 0 9
19 21 21
4 7 22
2 4 10
0 2 25
18 20 15
10 11 13
9 12 17
23 1 10
17 19 26
9 11 21
4 6 16
9 12 15
1 4 28
12 14 23
19 20 2
1 3 10
9 12 13
20 22 1
15 18 1
16 17 3
23 0 12
20 21 22
1 2 9
4 8 28
22 1 17
14 14 21
0 1 9
12 15 1
6 8 8
3 3 4
18 19 23
23 1 25
11 13 8
18 19 23
1 3 10
13 16 1
4 7 26
12 13 25
22 23 18
21 22 28
3 4 6
5 7 29
2 4 15
22 23 3
21 0 19
7 8 19
23 1 11
18 20 1
1 2 10
9 11 17
7 6 9
15 15 7
0 5 14
1 3 28
5 6 27
2 4 27
21 23 1
6 9 8
10 12 27
6 8 11
15 17 7
9 12 13
22 0 26
10 11 1
19 22 30
22 2 28
20 22 19
17 18 11
3 6 2
10 11 2
3 3 16
2 3 7
12 14 1
2 4 13
2 5 18
1 4 25
4 7 12
0 3 2
15 18 15
4 6 23
17 18 8
5 5 21
5 8 14
7 11 15
15 17 10
7 8 16
0 2 23
22 22 4
20 22 5
1 3 17
18 21 11
10 12 21
11 14 1
17 17 30
17 18 2
19 20 3
22 23 30
20 21 22
16 17 24
16 17 3
7 10 20
18 21 25
0 4 30
13 14 30
1 2 27
5 8 16
22 0 22
7 8 2
1 2 2
20 23 2
10 11 27
8 12 11
22 0 22
0 2 1
0 0 16
20 22 17
19 19 20
2 3 7
20 0 15
1 4 15
6 8 17
7 9 5
22 23 2
4 7 11
9 12 16
22 23 18
16 19 17
15 18 12
5 8 10
4 5 16
1 5 13
14 17 15
9 11 29
23 1 27
21 23 5
16 18 3
8 9 29
17 19 27
19 20 3
5 6 23
13 14 23
14 15 13
2 2 17
16 20 6
19 21 17
1 3 24
22 1 22
23 1 18
17 18 8
22 23 24
21 23 9
10 11 12
21 2 5
6 7 18
6 10 21
20 22 9
19 21 6
23 2 28
23 0 9
15 16 1
22 0 15
12 13 13
20 23 8
16 19 26
14 16 3
9 12 19
14 17 4
16 18 29
15 18 25
19 20 10
3 5 16
7 8 25
4 6 14
4 5 15
15 17 20
8 8 16
0 2 14
17 18 24
19 21 9
19 20 5
5 6 28
4 7 24
15 17 12
2 5 4
18 21 23
16 18 11
16 21 8
3 4 18
3 5 28
14 18 9
23 1 24
13 14 18
10 11 24
20 23 19
21 0 21
21 23 29
22 1 5
22 23 2
3 4 28
14 17 1
14 16 17
14 15 12
10 11 1
10 13 19
17 18 14
14 17 3
21 0 18
3 7 7
11 13 25
5 9 12
22 0 8
8 9 14
23 0 27
5 7 24
13 15 1
17 20 15
19 20 8
13 13 26
19 23 5
10 12 5
18 21 2
2 3 26
5 8 3
19 22 28
15 19 4
17 19 15
1 1 25
7 9 26
11 14 9
0 3 20
13 17 19
12 14 20
5 6 10
19 20 29
5 6 26
19 20 26
1 1 9
15 16 22
10 12 13
0 2 9
14 16 6
18 19 23
9 11 27
13 14 29
22 0 1
14 16 28
8 9 13
23 2 1
9 11 4
6 9 2
19 21 2
5 6 5
12 15 27
7 8 24
15 18 8
3 6 22
21 22 29
14 14 28
0 3 25
6 8 4
15 16 20
18 21 27
19 20 15
12 13 5
18 18 13
20 22 28
7 9 11
3 7 4
10 10 16
12 12 27
22 1 17
0 1 9
23 0 15
16 19 11
16 17 13
11 12 3
14 16 24
18 17 1
22 22 25
7 11 11
23 2 27
12 14 20
8 10 21
21 21 9
9 9 6
20 22 21
17 20 7
0 1 5
22 23 16
15 17 26
8 12 11
19 21 10
18 19 7
11 14 29
9 12 7
23 2 24
17 20 28
1 2 13
8 8 21
18 19 11
16 17 14
5 8 21
16 19 20
16 17 6
19 20 18
7 10 7
0 0 17
6 9 13
2 3 26
16 17 6
11 13 12
19 22 13
8 9 3
18 19 8
18 18 29
9 13 3
19 21 14
3 7 9
21 0 9
8 8 13
2 5 21
9 12 13
6 9 2
0 0 26
14 17 3
20 22 24
21 0 12
20 20 8
23 2 22
16 18 6
11 12 11
0 2 18
16 16 12
17 17 18
17 18 24
6 7 2
21 0 18
20 21 8
3 7 12
14 17 11
3 6 2
14 16 26
20 0 21
9 12 6
19 20 29
2 6 5
11 14 17
3 5 23
11 13 7
3 6 14
4 6 2
4 6 9
2 3 19
15 18 1
13 16 29
19 20 10
12 13 23
2 3 29
19 21 8
12 13 3
6 10 18
18 21 1
10 11 30
19 23 12
13 16 7
17 18 13
13 16 1
4 7 20
1 4 30
19 20 13
6 8 7
16 17 20
16 20 16
19 22 19
20 21 25
13 15 11
23 3 15
19 21 29
21 1 17
9 12 23
21 22 19
15 15 25
14 15 16
14 16 24
1 2 14
22 0 11
4 4 1
1 4 4
1 3 12
18 20 10
8 11 28
10 11 3
17 20 4
20 22 26
10 13 3
13 15 9
7 10 14
23 1 24
19 20 13
19 22 11
0 4 12
7 6 6
9 12 11
16 19 1
5 7 30
17 20 9
3 5 22
18 20 26
11 12 7
11 13 29
20 22 29
1 3 15
18 19 2
19 21 13
4 6 20
11 13 8
17 18 23
11 16 30
21 0 2
17 19 3
20 22 11
13 14 16
10 12 3
16 19 18
13 15 20
3 4 16
19 20 20
23 1 22
0 2 24
3 5 28
12 12 27
19 20 11
6 8 4
22 0 1
0 2 19
4 8 3
10 10 22
17 21 6
6 9 6
22 23 6
17 19 27
12 15 3
13 17 16
20 23 12
16 17 30
23 0 28
11 13 23
16 17 28
14 17 11
13 14 8
3 5 30
22 1 29
19 21 5
6 7 16
3 6 3
8 10 7
11 13 3
21 23 10
3 5 17
3 5 9
1 4 29
4 7 3
1 2 24
22 1 12
14 16 14
23 1 21
6 8 23
14 15 13
19 22 23
17 18 24
9 13 15
10 13 4
4 4 10
3 3 19
7 11 3
20 23 18
23 1 29
8 9 11
13 14 29
7 10 5
15 18 17
14 16 12
19 19 28
17 19 30
21 23 16
20 22 29
20 21 24
14 16 28
9 9 26
21 21 6
18 20 5
8 10 1
9 11 9
1 1 23
22 1 3
13 14 28
6 9 11
16 18 5
21 23 19
5 8 27
11 14 4
13 17 13
6 9 7
6 9 10
16 19 10
17 19 14
14 16 13
22 0 14
11 14 15
7 7 11
13 15 18
0 2 17
2 4 15
7 9 28
13 17 22
14 15 4
17 19 7
9 12 11
22 2 1
0 3 20
17 19 13
17 19 22
7 10 19
11 13 20
22 1 26
7 10 29
7 8 13
2 4 1
15 15 15
2 5 11
16 18 9
1 4 12
6 9 9
9 12 17
5 8 30
9 12 5
14 17 23
13 16 10
3 5 21
16 19 3
4 7 11
7 8 10
20 22 5
7 10 4
19 21 19
20 22 13
10 12 15
23 1 10
6 9 13
8 9 1
12 14 18
12 15 22
5 7 6
1 4 4
3 4 16
4 4 30
8 11 12
8 11 1
3 4 6
19 20 20
4 4 16
2 4 15
4 6 26
15 17 11
9 11 19
5 7 6
12 15 20
8 11 6
20 22 10
22 1 6
11 13 28
6 9 2
8 9 26
23 23 6
14 16 22
17 19 6
18 21 23
2 4 4
11 14 13
13 14 6
18 18 4
15 17 21
16 17 6
23 3 5
0 2 1
7 10 11
11 16 24
4 6 16
10 12 9
1 2 23
15 17 22
13 15 11
0 2 21
6 8 16
11 13 22
14 17 25
12 15 14
21 1 17
16 19 11
22 1 13
6 8 21
2 5 14
16 18 18
10 11 22
15 18 20
2 2 9
20 23 2
20 21 1
12 15 2
15 18 7
2 4 4
12 14 23
18 19 24
12 14 21
13 16 7
2 4 27
4 6 27
8 11 12
12 15 5
22 1 23
17 19 9
11 12 23
6 8 16
17 18 21
3 7 13
12 13 29
20 21 12
5 7 23
23 1 8
10 13 10
13 14 18
20 0 9
5 8 16
0 3 29
19 20 22
9 9 8
7 10 8
17 19 25
15 18 17
5 7 15
14 17 8
5 7 10
20 23 19
17 18 25
11 13 11
19 20 21
13 16 10
5 6 26
9 10 24
5 7 17
12 13 19
16 19 30
4 6 19
13 14 19
0 1 13
9 12 13
23 0 4
9 12 6
8 12 29
8 11 27
13 17 14
7 10 3
6 8 11
13 15 13
17 21 21
6 7 20
14 16 20
22 0 26
20 22 14
17 19 22
2 3 9
14 15 1
18 20 24
3 7 16
4 7 2
14 16 6
17 19 18
21 22 19
13 15 12
1 2 16
2 7 12
2 6 22
5 6 19
9 10 25
20 1 30
5 7 24
20 23 4
23 1 6
12 14 6
15 18 30
9 10 5
5 7 20
10 13 4
8 9 10
11 13 26
5 9 3
14 15 1
5 7 5
22 23 21
11 12 21
0 1 29
5 8 19
3 4 9
3 5 8
23 23 8
2 4 25
12 15 21
19 21 13
1 3 29
22 0 2
10 14 3
20 22 14
16 17 8
13 15 30
12 15 21
10 12 11
15 18 2
11 13 1
22 23 5
20 22 24
7 8 10
8 8 7
3 6 1
9 12 14
16 18 23
6 8 30
21 22 4
23 1 1
19 22 12
21 23 30
6 8 15
14 15 29
14 16 16
21 23 24
11 14 5
23 1 9
13 14 25
18 20 11
12 15 20
3 5 8
1 3 7
10 11 26
23 0 24
0 2 5
5 6 14
0 4 4
14 15 7
15 16 18
6 7 27
6 10 19
18 19 18
11 13 25
3 6 6
7 10 30
4 5 24
10 13 29
3 5 12
7 9 4
20 22 5
7 8 25
4 5 17
0 4 3
6 8 30
5 8 8
23 1 2
11 14 5
19 20 26
0 4 5
11 13 9
8 9 11
21 23 19
13 16 12
5 7 1
23 2 3
0 3 22
2 5 14
20 21 10
