940 30
19 19 21 14 4 28 24 24 22 5 5 2 17 1 19 21 27 23 28 28 27 25 15 21 16 22 30 14 25 28 
6 7 14
8 10 2
22 2 4
19 22 23
15 17 11
7 9 9
16 17 11
9 10 9
16 18 2
3 5 28
20 23 1
23 1 17
10 11 22
21 23 20
9 11 13
16 15 1
20 23 21
12 14 13
20 20 24
14 15 13
6 8 18
19 21 28
20 0 15
10 11 1
9 10 30
14 17 21
5 7 28
9 10 4
11 14 19
9 10 19
6 7 16
12 13 4
3 7 1
2 4 18
11 13 22
21 0 12
18 20 30
0 3 20
6 7 5
14 16 15
2 6 13
13 15 17
5 5 9
5 7 4
9 11 12
5 8 19
18 21 15
18 21 6
0 1 6
8 10 27
17 20 4
3 5 25
12 13 20
13 15 19
14 16 12
5 7 2
20 21 8
18 20 15
23 3 6
10 11 25
10 13 15
1 2 28
20 22 3
14 16 11
0 4 25
18 21 6
20 21 23
2 5 13
0 4 6
5 7 12
9 11 8
14 16 28
9 12 25
5 7 30
2 5 3
8 10 4
12 13 26
17 19 21
13 16 1
23 1 7
14 15 18
10 13 23
21 23 24
6 8 14
2 3 10
14 16 21
3 5 22
14 15 1
4 5 19
15 17 9
9 9 10
6 9 13
0 2 4
21 23 7
18 20 12
10 12 2
7 9 1
11 14 8
6 7 23
4 6 29
6 10 15
23 1 4
6 6 16
7 9 29
8 10 24
3 6 13
19 22 21
7 10 7
2 5 12
8 10 2
13 15 14
20 22 4
5 7 20
22 23 20
2 4 29
2 5 1
11 13 1
0 2 19
2 7 4
21 22 1
12 13 1
11 13 20
9 12 4
8 10 2
22 23 21
13 17 27
6 8 2
9 12 4
23 1 20
21 22 10
14 17 20
3 5 5
16 19 19
16 18 18
0 2 20
8 10 26
7 8 11
21 23 2
19 21 25
10 12 29
9 11 5
14 18 7
5 8 7
8 10 15
16 17 7
14 14 23
22 0 14
21 23 23
14 16 5
23 1 1
14 15 28
16 17 23
2 4 9
23 2 28
14 16 10
13 15 5
11 14 23
21 22 3
2 4 8
8 11 7
9 11 12
5 7 28
12 15 28
14 18 24
10 12 28
1 2 20
19 20 25
18 21 5
11 13 30
19 22 15
14 17 25
6 8 16
9 11 17
23 0 18
9 11 13
3 4 3
15 18 19
12 14 27
9 11 7
2 4 4
17 18 25
21 22 6
1 5 27
21 1 12
0 1 11
21 22 5
20 23 7
13 14 27
19 21 15
20 21 20
11 13 27
17 18 7
7 9 12
22 1 10
1 5 28
16 18 5
6 9 30
5 7 16
20 23 28
21 0 30
7 10 25
16 18 19
1 3 21
15 18 17
6 7 21
15 18 28
0 2 20
1 2 10
16 19 13
8 9 21
19 22 30
1 2 24
15 17 12
15 16 19
6 9 29
7 9 8
2 5 24
17 18 8
17 17 18
21 0 22
5 7 4
20 21 15
18 21 19
20 22 22
3 4 26
16 18 29
5 6 22
15 16 30
0 3 27
8 11 18
6 7 13
20 22 4
1 4 11
17 21 23
15 18 28
16 18 2
21 0 10
17 17 30
7 8 26
8 11 5
11 15 11
20 22 20
21 21 24
11 16 25
13 15 27
19 21 28
0 2 16
12 15 9
5 6 12
2 5 30
13 14 5
7 9 6
11 13 13
19 20 14
2 2 4
7 6 10
6 9 9
7 10 30
12 15 11
17 18 26
9 13 11
12 14 5
11 14 7
14 14 30
4 6 8
16 18 15
6 8 26
23 1 28
12 12 20
4 7 19
16 17 21
7 9 14
20 23 9
15 17 12
9 11 20
5 7 19
7 9 16
3 5 10
17 19 20
7 10 18
20 23 30
19 21 17
15 14 17
15 18 29
6 7 26
19 19 7
18 20 18
3 5 8
18 19 4
14 15 14
0 2 1
2 5 27
2 4 20
18 18 4
9 11 22
20 22 13
14 15 14
14 16 3
12 14 30
16 19 26
1 2 27
16 19 30
1 4 17
17 20 15
0 3 8
3 4 1
13 14 19
15 18 11
6 9 29
13 14 1
21 0 19
14 17 23
10 12 12
8 9 12
21 22 25
22 0 25
14 15 16
2 3 20
22 1 21
16 17 29
10 12 1
8 10 24
20 23 6
20 21 4
22 0 7
20 21 7
17 19 23
0 2 18
6 7 10
10 11 12
1 3 6
2 4 24
3 3 30
12 12 27
16 20 10
17 21 16
2 5 5
3 5 16
2 4 28
0 3 4
3 6 3
13 15 16
5 7 24
23 1 24
7 11 2
19 21 6
20 0 14
11 14 9
18 22 4
2 5 23
19 21 11
0 1 8
6 7 23
16 20 22
17 17 5
10 13 3
15 16 27
23 2 6
17 19 7
11 14 17
1 2 8
12 14 18
6 9 1
9 10 25
4 5 29
1 1 26
21 0 25
12 14 1
3 5 3
16 18 1
15 18 10
2 3 1
21 23 4
15 18 23
8 10 19
1 2 18
21 23 14
23 3 28
16 18 25
21 23 2
3 5 4
10 13 6
18 21 21
7 9 8
10 12 10
7 9 13
21 0 14
22 22 15
20 23 10
3 5 30
2 4 30
7 9 27
23 2 3
4 7 6
13 17 10
8 9 26
0 3 29
18 19 14
3 3 21
9 13 28
2 4 21
7 7 20
8 10 13
15 16 23
3 6 13
23 0 13
5 8 11
0 2 6
6 8 27
21 23 1
22 1 3
17 19 30
17 18 3
13 17 30
4 6 21
4 6 5
20 22 4
7 10 30
4 7 25
1 2 19
19 20 5
17 19 20
12 16 14
3 5 3
11 14 26
8 11 14
10 12 22
23 0 11
17 20 1
4 8 26
5 6 21
7 10 20
23 1 10
11 13 18
22 0 15
19 21 24
5 8 13
20 21 9
4 7 22
3 6 16
19 21 1
5 9 2
23 2 1
13 14 1
12 15 5
14 15 6
11 12 6
18 20 2
3 5 11
6 8 11
10 11 7
23 23 4
1 2 25
13 13 12
18 20 14
11 12 22
7 9 18
16 17 21
8 10 30
15 16 22
20 21 13
18 21 23
15 16 2
22 23 1
4 6 6
16 18 6
11 13 25
7 8 14
14 15 9
21 23 12
10 11 27
11 13 29
2 3 29
4 5 2
6 7 18
3 6 13
9 12 2
15 16 14
12 14 13
15 17 15
19 19 20
14 16 18
16 17 9
20 21 21
20 21 23
0 2 15
13 15 28
14 16 28
14 16 16
15 16 6
23 0 23
12 13 20
19 22 18
11 11 30
7 9 17
7 9 3
18 20 12
7 8 11
7 7 10
22 23 10
14 16 9
1 3 3
1 2 18
19 22 17
16 19 30
5 6 27
1 2 25
9 9 18
5 6 10
13 15 10
5 6 12
12 13 9
16 17 30
1 3 20
2 3 6
14 17 2
11 13 16
8 10 14
14 15 28
3 5 26
12 16 30
0 2 20
16 18 1
9 11 11
15 19 6
11 12 28
4 5 12
5 9 3
7 10 7
22 1 1
17 19 29
4 6 17
16 17 6
5 6 14
4 7 1
19 22 1
10 12 8
3 4 9
17 19 28
12 13 11
19 21 11
0 1 14
0 1 18
0 2 1
23 1 12
11 14 13
19 19 19
4 4 16
12 14 21
16 17 4
20 23 3
14 16 9
5 7 6
4 7 5
16 18 15
23 1 3
16 17 28
0 2 8
8 11 5
19 23 20
4 6 14
18 21 20
16 17 27
1 2 9
1 3 11
15 16 17
11 14 30
21 22 21
5 6 8
5 7 12
10 9 13
23 2 19
20 22 6
15 17 17
19 21 15
14 19 2
6 8 19
17 20 23
9 11 4
18 20 8
0 3 10
21 22 23
9 12 6
14 15 11
14 16 17
18 21 27
3 6 4
2 4 21
5 7 22
7 11 13
16 18 4
6 8 13
7 11 27
23 2 8
6 8 28
4 7 1
7 8 20
4 5 9
15 16 29
13 17 30
7 8 16
2 5 23
11 12 23
18 20 3
19 22 13
16 19 13
23 0 6
15 16 26
23 23 24
12 15 19
20 22 8
14 15 18
22 23 12
8 10 19
20 22 24
14 15 19
2 4 13
2 3 30
14 15 17
19 22 25
4 6 4
14 17 10
22 0 6
15 18 19
16 18 19
16 17 23
14 18 22
21 23 8
19 21 6
4 6 22
9 12 4
6 8 30
11 13 30
15 17 4
6 10 22
19 22 4
16 17 23
1 4 21
8 10 19
15 17 18
16 18 27
2 4 29
23 3 14
9 10 16
3 6 3
9 10 3
20 22 10
14 15 16
13 17 23
6 6 26
17 19 3
19 22 1
20 22 17
5 6 16
10 12 15
14 15 26
13 14 26
19 21 30
20 0 13
14 15 23
5 7 12
3 5 12
0 3 22
9 11 24
12 12 8
1 3 9
15 17 2
3 7 26
9 10 12
19 22 10
16 16 1
12 14 17
15 17 17
23 0 26
17 21 2
2 5 17
3 5 23
10 12 10
15 17 3
23 23 25
11 14 8
8 9 12
22 0 10
11 13 29
16 18 10
5 9 8
1 3 26
20 20 25
12 13 5
7 8 2
20 22 24
6 8 27
21 22 27
18 21 26
1 3 9
2 3 16
3 4 4
6 8 27
18 21 2
12 16 14
18 20 20
11 12 26
9 9 8
3 6 29
16 19 30
0 1 21
18 21 23
1 3 8
23 1 12
6 8 14
10 11 16
15 15 10
16 18 21
2 5 30
8 10 7
14 17 24
19 20 26
12 15 10
12 13 10
20 23 7
8 13 9
17 18 22
21 21 17
0 3 28
15 16 21
0 0 18
22 0 3
11 13 17
2 5 2
1 4 4
16 18 28
11 11 15
6 9 12
16 18 30
3 4 22
8 10 22
19 21 5
17 20 28
22 0 25
9 10 28
23 0 10
10 10 23
9 12 1
14 18 18
23 1 20
20 21 27
10 12 30
22 0 7
22 1 17
23 2 1
20 22 22
16 17 17
18 20 27
16 16 26
3 5 12
1 4 26
18 21 22
2 4 17
6 7 11
21 22 8
20 22 8
15 18 8
17 18 25
20 22 27
10 12 15
8 10 28
16 18 9
21 1 11
2 3 7
23 0 10
1 4 1
19 20 14
9 11 21
20 22 16
6 9 21
12 15 28
20 22 12
1 5 29
2 3 3
3 5 10
11 13 13
0 3 19
21 0 18
20 22 7
8 11 20
3 5 10
4 4 11
13 18 25
5 6 27
12 15 20
22 23 20
23 0 27
21 23 11
11 12 16
12 14 4
3 5 14
8 12 12
13 15 17
8 10 19
20 21 14
5 7 5
21 23 7
17 19 18
11 14 4
19 19 25
15 17 20
22 0 23
14 15 10
0 2 12
20 0 22
6 10 7
4 6 12
14 16 18
7 8 8
10 12 16
16 18 18
11 13 17
2 5 15
0 2 18
14 16 30
20 22 27
2 4 25
21 23 19
2 6 24
3 5 29
20 21 29
13 15 24
9 11 17
5 5 29
11 12 13
6 9 28
4 8 29
22 0 11
8 8 2
16 19 8
18 22 14
8 10 19
19 19 14
15 18 19
18 20 30
5 8 25
3 5 19
22 1 13
0 2 17
17 17 17
14 17 9
6 10 8
19 21 6
23 2 29
8 11 19
4 7 21
9 10 3
9 10 18
8 9 3
20 22 9
12 14 17
10 11 24
3 5 24
17 17 7
8 10 2
11 12 12
4 6 7
0 0 26
6 7 24
2 5 29
17 22 23
8 12 13
15 18 14
1 4 27
21 22 9
16 17 12
15 17 18
14 16 29
3 5 19
19 21 25
5 8 20
7 9 12
12 14 17
21 1 13
23 2 12
18 20 2
14 14 25
17 18 19
9 10 11
5 7 4
21 23 17
23 1 24
12 12 17
14 16 7
13 16 24
0 1 16
13 16 5
13 16 12
11 13 6
7 8 29
13 16 13
3 5 28
23 1 8
4 6 26
13 16 7
20 22 6
12 14 27
21 23 16
8 10 14
10 10 14
19 20 19
1 6 25
12 15 4
14 16 19
9 11 26
20 22 12
5 9 7
8 10 13
15 17 18
6 7 3
9 12 1
6 9 27
10 12 29
22 2 7
12 15 2
23 0 8
21 0 5
17 17 5
1 3 10
13 14 23
7 9 8
3 6 20
11 13 8
5 7 17
12 17 3
0 3 14
7 9 23
17 20 13
12 14 28
17 19 23
9 12 27
15 16 17
11 14 4
16 19 16
19 22 6
