950 30
5 26 3 7 14 1 13 20 20 10 29 17 26 30 8 6 25 24 4 16 17 26 29 2 26 10 26 19 4 30 
21 22 12
16 19 4
20 0 3
4 7 2
10 12 29
9 11 7
23 2 6
6 9 29
2 6 17
16 18 24
18 19 8
10 11 30
15 16 29
3 5 13
22 0 26
18 19 4
22 0 16
5 7 27
12 16 14
17 19 15
18 20 30
12 15 10
7 9 28
1 2 15
12 15 2
16 18 14
1 1 26
6 7 2
6 8 12
15 19 9
3 6 17
20 21 28
16 19 11
6 9 22
6 7 23
21 23 22
14 17 1
15 17 19
4 6 18
1 2 6
3 3 7
20 22 21
0 2 17
11 14 22
17 19 10
9 12 29
17 18 8
7 11 1
9 11 13
6 7 15
21 22 5
16 17 10
12 13 21
9 9 4
12 15 17
5 6 18
5 7 18
21 22 1
16 17 2
7 8 20
17 19 9
14 16 17
17 19 18
12 14 9
8 10 20
2 4 1
19 0 14
3 5 11
15 18 28
6 7 14
19 20 26
0 2 21
16 18 9
19 21 23
9 10 24
1 1 25
19 22 2
19 20 30
9 10 19
23 2 15
22 0 26
7 9 20
18 19 27
22 23 11
11 14 11
21 21 6
15 17 25
19 21 20
4 5 22
5 5 16
19 21 7
23 1 5
21 23 1
18 19 11
2 3 28
7 8 25
12 15 26
0 2 25
4 7 15
7 8 12
7 8 28
11 12 29
6 6 9
10 13 26
4 4 12
2 5 3
22 0 13
18 21 13
10 13 17
18 20 3
15 18 16
14 16 24
17 20 26
4 4 20
6 9 5
5 8 11
19 20 8
4 5 4
6 8 13
15 17 16
19 22 20
4 6 14
1 5 18
19 19 21
22 23 1
11 12 26
18 19 24
0 2 16
2 5 4
23 2 20
16 19 26
3 6 29
8 10 14
14 17 12
5 7 22
5 7 17
4 7 18
2 3 24
16 19 23
0 1 2
14 16 20
12 14 10
17 19 17
21 22 23
19 20 20
9 11 13
3 3 24
21 23 10
12 16 22
16 18 28
14 16 11
6 9 15
20 21 29
22 0 18
11 11 12
13 17 25
19 22 10
11 12 5
7 9 12
4 7 14
10 14 9
14 15 1
7 9 24
4 6 30
14 16 22
3 6 8
6 10 10
20 23 17
4 6 24
12 14 7
1 2 2
10 12 26
10 11 24
4 6 29
15 18 15
9 11 27
15 18 7
21 23 26
4 5 20
8 11 21
13 16 30
11 12 17
19 22 20
17 22 22
7 9 26
18 20 28
13 15 24
7 10 24
17 19 18
9 12 6
0 1 26
0 1 10
8 9 12
10 12 21
6 8 23
18 20 5
15 18 2
12 14 30
17 18 4
14 15 19
1 4 9
5 7 22
15 18 29
15 17 8
17 19 20
15 16 5
2 3 9
19 21 9
2 4 28
5 7 13
2 4 27
1 3 26
16 17 3
8 10 10
22 0 26
3 5 5
16 19 14
1 1 14
0 0 27
19 21 23
23 0 18
23 1 13
18 19 4
11 14 21
15 16 29
14 16 23
13 15 9
3 4 24
2 4 9
3 4 28
8 9 20
5 7 8
13 15 3
23 2 28
5 7 22
9 10 2
18 21 25
4 5 4
12 12 29
2 4 2
12 16 12
17 18 1
14 15 12
19 21 11
23 0 3
12 15 5
18 20 5
0 3 15
21 0 15
5 6 30
16 19 30
12 14 5
18 22 16
0 2 8
1 4 29
4 6 20
0 2 19
21 1 7
23 2 21
22 0 12
15 18 1
13 14 30
20 23 19
12 13 4
15 16 24
8 9 21
2 4 19
16 17 2
8 11 2
13 15 22
18 21 7
22 23 25
20 21 1
23 23 7
9 10 25
22 0 23
3 6 8
18 20 6
14 14 15
0 1 12
20 22 20
12 15 18
11 15 10
16 20 8
18 21 30
19 21 23
0 4 13
11 12 27
5 7 29
5 8 26
3 7 26
4 6 8
3 4 29
14 16 25
21 23 15
16 18 16
5 7 3
10 11 15
15 17 5
17 18 10
8 9 14
4 7 18
7 6 12
20 21 26
2 4 17
15 17 27
7 10 3
17 18 3
8 10 17
22 0 21
22 1 2
9 11 11
0 3 17
6 7 24
3 4 7
19 21 14
6 8 18
22 22 2
0 3 15
2 4 14
8 9 14
20 22 16
4 7 4
4 6 15
22 1 19
3 4 24
13 14 24
1 3 9
11 13 3
23 1 17
21 0 12
13 14 29
23 0 26
19 20 6
3 5 30
7 8 13
6 8 25
10 12 20
23 1 16
18 21 22
11 15 29
9 10 15
15 18 7
9 11 26
7 9 5
20 23 25
16 18 23
7 10 8
1 3 1
13 13 26
5 8 11
13 16 17
14 17 2
10 11 13
3 6 3
14 18 8
14 17 18
21 0 3
14 16 20
4 7 27
13 15 1
23 0 10
8 10 30
14 17 20
11 14 18
9 10 22
2 4 7
10 11 4
7 9 7
21 22 22
22 23 15
2 6 29
9 13 11
10 12 20
8 11 16
11 13 11
19 21 18
23 23 6
21 23 30
21 21 24
10 12 25
1 3 25
16 17 30
1 4 21
2 2 22
7 9 16
0 2 9
12 15 13
18 21 5
0 1 16
21 23 14
13 16 14
7 9 14
11 13 28
12 13 8
23 1 16
2 4 27
14 16 1
2 4 16
16 17 15
20 21 6
0 2 3
11 13 27
20 22 14
4 6 25
12 13 11
18 19 5
9 11 15
23 0 30
8 10 25
0 2 23
19 21 11
12 13 4
5 7 1
5 7 3
6 8 25
4 4 18
21 20 23
16 17 5
15 17 18
5 7 21
17 18 20
18 20 24
5 7 3
10 12 12
17 21 10
2 5 27
6 9 23
0 2 4
23 0 24
7 10 26
23 0 6
10 13 25
0 2 19
7 8 2
21 23 5
5 6 26
19 22 9
10 12 29
10 13 17
17 19 15
15 16 18
9 12 22
7 10 23
17 18 26
1 4 10
18 18 11
8 12 20
12 12 1
14 16 21
3 5 17
11 13 9
7 9 27
4 7 4
23 1 25
16 19 13
11 11 5
4 5 26
17 17 25
18 19 25
6 10 21
6 8 5
4 7 15
4 6 9
7 9 11
0 3 21
3 6 7
9 11 5
23 2 18
22 1 9
18 20 18
16 17 18
8 10 29
23 1 22
12 13 15
13 14 16
23 23 23
17 19 17
10 14 1
6 7 28
19 21 28
20 21 4
22 2 8
7 10 9
18 20 20
9 12 2
12 13 15
18 19 18
15 18 22
14 16 21
4 8 13
10 11 7
6 7 26
6 9 3
10 12 21
9 11 9
5 7 9
8 8 7
14 16 17
14 17 6
18 20 18
12 13 7
18 19 1
7 7 11
0 2 1
14 17 25
4 8 16
13 14 13
4 3 14
2 6 17
13 15 25
5 5 2
19 22 18
1 2 9
19 20 23
20 20 29
17 20 16
10 12 9
17 19 1
8 11 28
7 8 2
1 5 10
12 15 17
8 10 8
7 7 1
7 9 19
22 0 6
15 17 5
0 1 20
21 1 3
19 22 16
18 19 28
23 1 12
17 18 2
1 0 26
19 20 29
1 2 30
17 20 26
11 14 22
17 18 17
12 11 18
1 4 1
23 1 27
2 3 25
6 9 10
13 17 13
8 11 23
20 23 8
12 14 13
20 22 8
8 10 12
5 6 5
4 7 7
15 17 14
10 12 11
12 14 27
19 21 2
1 5 25
22 0 26
21 22 4
18 18 11
13 14 4
16 17 2
11 13 14
11 11 11
22 1 30
19 21 22
9 11 10
23 2 1
18 22 21
21 23 2
9 10 30
15 17 11
2 4 9
13 16 16
6 6 10
3 5 21
19 22 26
22 23 2
7 9 30
20 23 6
9 11 6
18 21 11
12 13 13
10 13 6
10 12 19
2 2 28
14 14 22
14 18 18
10 13 27
9 10 8
18 20 4
17 19 24
6 7 16
19 21 14
6 9 27
21 23 24
7 9 8
1 2 28
21 23 10
2 5 18
21 23 8
13 16 26
23 2 5
12 13 11
12 15 24
20 22 13
16 18 9
12 14 5
21 0 1
11 13 28
12 14 18
3 5 15
16 16 10
0 2 19
14 15 20
3 3 23
10 11 3
1 3 27
7 8 2
1 2 8
12 11 29
14 17 5
21 23 6
2 4 15
4 5 16
22 23 16
7 9 10
18 20 15
23 1 5
13 15 25
11 13 24
19 19 5
16 18 8
5 7 22
11 13 7
3 5 1
7 9 15
20 0 28
1 2 20
9 11 9
0 1 9
13 17 4
11 12 16
17 19 30
18 21 8
17 21 25
18 19 13
5 7 29
8 9 21
19 21 13
5 5 19
0 2 2
1 3 17
5 7 10
14 14 24
17 19 10
13 14 15
0 3 21
1 3 26
15 18 30
0 1 7
16 17 29
19 20 30
14 15 3
7 9 16
19 20 11
16 16 4
8 12 22
21 21 8
2 2 9
4 7 1
23 0 21
22 0 1
4 6 2
21 22 3
22 0 3
11 13 13
2 4 28
1 4 21
15 18 9
17 19 7
0 1 12
12 14 11
5 7 11
12 14 25
0 3 19
21 21 26
22 0 21
12 15 13
14 16 21
21 23 28
16 18 11
1 3 9
21 23 3
6 8 6
3 6 4
20 20 20
12 12 30
12 14 26
13 15 19
11 13 8
4 6 16
13 15 9
6 7 1
6 8 13
9 11 19
10 11 9
15 17 17
0 2 17
15 18 23
12 15 7
4 8 16
1 3 12
9 10 12
13 15 1
22 23 8
22 2 5
9 10 14
21 22 23
9 11 30
20 21 22
23 1 13
22 23 5
12 15 28
10 12 14
20 21 13
10 12 8
21 0 16
2 3 8
4 4 28
8 12 6
22 1 21
16 18 27
7 9 26
8 10 17
21 23 23
11 14 10
16 18 19
5 8 8
6 9 29
21 22 27
22 23 14
12 14 8
20 22 25
15 17 25
13 15 23
10 13 5
23 0 29
23 0 5
15 17 6
3 5 9
3 4 20
7 9 16
8 11 28
6 8 21
7 9 7
16 18 9
22 1 15
13 15 7
4 7 14
23 1 12
11 14 8
17 20 30
21 0 12
8 9 26
5 6 20
23 0 7
5 6 7
0 1 10
3 6 28
17 19 13
9 10 4
7 8 7
5 6 4
15 18 19
1 5 6
22 1 19
8 9 11
14 15 23
11 13 26
17 18 20
9 14 27
19 21 17
6 7 13
22 0 30
12 14 30
21 23 7
16 16 29
1 3 10
5 7 6
0 4 8
4 6 29
17 20 4
23 1 8
7 10 7
20 22 12
21 22 19
2 4 3
5 7 1
6 8 12
9 12 27
17 21 19
4 6 23
18 20 3
9 13 25
15 17 19
16 19 2
1 3 12
12 14 1
3 4 28
14 17 27
9 11 28
17 19 18
6 5 18
22 23 18
17 20 8
13 15 10
7 8 26
6 7 14
16 18 24
13 16 18
1 2 6
9 12 25
15 16 28
8 9 29
8 10 10
19 21 10
5 7 9
19 22 20
20 23 18
20 23 19
0 1 28
9 10 16
15 18 6
23 2 20
20 21 16
16 17 26
19 20 15
11 13 29
5 8 11
19 22 16
21 23 24
20 22 1
4 6 27
2 4 14
14 15 9
13 15 7
4 5 18
2 3 9
15 16 6
5 6 5
10 12 6
21 23 21
21 1 11
18 19 6
19 18 20
17 19 2
10 11 13
7 8 23
1 4 4
19 23 2
17 19 16
6 7 22
23 0 13
10 10 6
3 4 1
17 19 21
16 19 25
10 13 29
5 6 2
2 6 18
14 18 11
11 12 7
4 5 5
2 4 2
3 6 13
10 14 11
8 12 21
14 17 1
9 12 8
16 17 29
21 22 12
21 23 15
15 16 4
22 0 22
13 16 17
23 23 1
20 21 4
5 7 15
19 19 22
0 3 26
2 4 25
16 19 8
17 19 29
19 19 2
15 18 11
4 6 14
12 15 2
17 19 19
23 1 17
3 5 23
5 6 20
13 16 25
9 10 18
9 11 14
0 4 9
2 2 29
11 11 21
15 15 13
4 6 19
15 18 22
15 17 25
16 20 20
9 11 15
12 13 12
11 15 4
15 17 15
20 23 13
0 2 28
4 6 28
2 3 21
13 16 4
6 9 19
4 7 28
13 15 2
16 18 29
17 21 5
6 9 20
0 2 6
2 4 18
8 11 3
12 13 12
6 10 15
0 2 21
20 21 24
1 1 27
9 11 21
10 13 5
14 16 15
10 13 16
21 1 19
5 7 25
12 15 3
9 11 25
12 14 30
17 19 8
5 5 25
2 3 28
16 17 15
