960 30
1 27 6 8 27 22 16 28 30 11 17 9 21 8 18 22 20 19 21 25 2 10 20 8 20 18 26 23 19 15 
13 15 4
5 8 21
3 4 3
14 16 26
8 10 27
3 4 1
18 21 11
15 17 20
17 21 16
11 12 4
7 10 14
2 2 4
11 12 12
9 12 27
19 21 20
22 23 20
15 17 10
22 1 17
4 6 18
12 15 5
11 15 22
13 15 28
17 19 3
12 16 15
23 23 25
9 12 5
22 0 5
8 11 12
7 10 26
17 19 14
20 22 14
6 8 29
10 13 10
20 21 7
18 22 12
14 15 22
7 11 5
0 2 16
15 16 4
6 8 16
22 0 11
17 21 15
13 15 7
12 14 26
3 4 8
0 2 6
21 23 26
5 9 4
14 15 14
21 0 23
11 15 30
3 6 6
8 10 15
2 4 12
0 4 24
17 18 23
22 0 19
10 12 8
14 15 15
9 11 23
21 0 27
13 15 24
17 18 7
8 11 12
16 18 12
14 17 13
18 19 14
13 17 11
2 3 19
16 18 4
15 18 3
12 14 17
1 3 17
23 1 7
23 3 16
8 11 25
23 0 10
21 23 21
8 11 3
9 11 7
2 5 16
23 2 13
8 11 15
7 7 24
6 8 27
15 16 20
1 6 4
17 19 27
23 2 22
1 5 25
14 16 23
20 22 20
23 2 5
7 9 5
1 3 10
12 13 28
10 10 15
0 1 28
3 3 9
16 20 4
20 21 25
14 16 19
17 17 16
18 19 28
4 6 22
2 3 19
1 5 19
1 2 4
0 0 5
1 3 29
7 8 15
14 15 14
17 19 18
5 7 24
2 3 25
12 16 9
12 15 16
5 6 2
10 14 24
6 7 16
10 10 4
21 0 7
3 5 2
12 13 29
16 17 8
9 10 20
21 20 13
1 3 21
8 9 13
22 1 17
14 16 17
18 19 23
10 13 11
0 3 4
5 6 7
0 1 16
23 1 29
0 3 1
18 19 6
0 2 16
3 7 28
7 9 6
7 10 6
7 11 30
8 9 10
6 8 6
6 6 20
22 0 7
11 12 30
9 11 26
17 20 10
6 7 22
19 22 7
18 20 13
7 9 3
0 2 21
10 13 24
22 23 4
10 11 13
20 21 16
17 20 17
11 11 26
9 11 15
14 15 16
7 8 18
14 17 23
18 20 20
11 14 7
22 0 9
12 15 2
2 4 30
18 18 10
8 8 2
6 8 12
18 19 23
4 4 3
16 18 11
20 23 18
15 18 25
4 5 13
23 0 3
20 22 11
1 3 5
20 21 9
11 14 1
7 10 18
9 11 24
23 1 13
2 6 18
18 19 20
12 15 24
11 13 22
17 20 15
23 1 10
3 2 27
0 2 21
3 5 20
8 11 22
6 7 3
14 17 24
21 0 11
23 0 19
20 22 5
5 8 30
10 13 13
18 20 11
7 8 16
5 6 13
14 14 10
18 21 12
21 0 18
16 18 20
0 1 23
3 5 24
23 1 12
13 15 5
19 22 13
23 1 6
7 9 24
17 18 28
18 20 9
15 16 14
12 13 29
3 5 29
4 5 28
19 21 7
12 13 9
2 5 3
4 6 2
8 11 25
17 21 7
11 12 19
13 15 16
4 7 13
22 23 25
7 9 20
7 8 12
4 7 13
20 22 8
3 4 19
6 7 2
16 19 19
15 16 1
23 2 20
16 17 13
3 6 21
13 14 26
13 13 11
11 13 9
3 6 12
17 20 14
10 11 14
0 2 29
22 22 1
8 9 17
14 16 11
23 1 13
23 1 10
3 5 29
7 10 11
5 6 21
23 0 21
11 14 19
18 20 6
0 3 2
3 6 28
14 16 13
2 3 28
18 21 2
17 19 1
10 10 12
2 3 4
6 8 16
3 4 13
16 18 17
6 8 21
8 11 29
4 6 24
18 21 24
16 20 1
7 9 7
15 18 23
10 13 13
6 8 14
2 5 29
7 10 5
22 23 28
15 19 10
4 6 24
3 6 12
16 16 9
16 18 19
15 18 15
3 7 21
20 20 26
4 5 16
23 1 1
18 20 8
17 21 5
19 21 18
22 0 17
0 3 13
20 21 26
17 19 5
16 19 8
0 2 9
15 17 24
7 10 10
4 5 28
16 18 13
1 2 23
23 1 30
1 4 27
3 4 10
4 4 9
11 13 2
2 4 14
15 18 9
0 3 21
21 23 23
5 7 18
23 2 24
16 17 25
0 2 7
15 18 5
9 12 28
6 10 10
21 0 22
1 3 25
12 14 4
19 23 13
12 14 2
13 16 8
12 13 23
19 21 15
15 17 20
18 20 14
21 22 14
15 17 4
6 10 22
20 22 4
9 11 16
7 8 20
4 5 8
9 9 6
22 23 27
10 12 26
17 17 11
23 3 2
22 0 21
16 16 18
17 20 24
5 5 2
6 7 13
6 7 13
15 16 7
11 12 29
6 8 3
9 12 13
1 5 5
18 21 12
23 1 23
12 15 20
16 18 13
6 10 9
17 19 5
19 21 10
0 1 16
9 10 24
0 3 17
18 19 25
4 7 22
1 4 12
1 2 8
2 3 4
7 8 20
19 21 13
7 8 22
17 20 25
1 4 3
5 6 27
17 21 8
10 12 11
7 9 17
9 11 11
13 15 18
14 15 18
14 15 9
10 10 11
9 11 11
0 2 8
11 13 6
8 11 15
0 2 7
9 12 2
11 12 13
22 0 26
7 10 23
8 10 18
10 13 15
19 20 24
11 11 10
11 12 12
3 5 10
11 13 24
23 1 29
21 23 28
21 23 15
20 23 17
19 20 6
19 21 8
12 13 22
13 14 2
11 14 21
12 14 13
3 2 11
11 12 26
17 19 11
2 4 25
7 9 4
1 4 25
6 8 23
5 7 1
22 0 10
13 16 12
8 11 10
13 16 16
20 21 12
2 3 24
21 21 3
14 16 24
15 18 11
12 14 16
5 6 19
7 10 12
6 10 30
0 3 17
15 15 15
16 18 9
9 11 12
19 20 18
11 13 2
10 13 4
11 13 6
19 21 5
17 18 3
2 3 29
13 15 27
17 19 20
17 18 27
23 3 7
15 16 18
19 20 27
4 6 12
13 16 1
17 19 29
17 21 29
17 18 29
3 5 5
21 23 16
12 13 8
19 20 7
19 20 8
1 3 17
21 0 10
18 20 8
4 7 14
5 6 26
14 16 26
18 19 13
19 21 23
2 4 7
21 22 23
12 14 19
12 15 19
20 21 12
2 4 2
13 15 22
17 21 28
7 10 9
4 5 27
17 19 29
20 23 18
17 19 3
1 2 28
4 6 7
16 17 4
2 4 14
13 14 27
6 9 19
23 0 1
8 11 3
9 13 25
22 1 23
4 6 6
22 0 13
22 1 11
18 20 17
1 2 25
20 22 23
21 22 11
9 12 15
11 14 27
19 20 26
3 4 19
2 3 3
18 22 28
23 0 6
19 20 26
15 17 19
16 19 18
10 11 23
7 9 25
4 5 3
17 20 14
1 2 9
21 21 5
19 23 6
6 7 23
1 2 29
7 6 4
0 2 27
21 22 1
12 14 13
8 11 5
5 8 5
21 0 30
18 22 23
2 4 25
2 5 18
17 20 4
0 2 26
15 18 6
13 15 4
4 10 9
3 5 13
5 8 26
18 20 25
17 20 3
3 6 29
22 1 6
14 17 23
4 6 12
2 3 4
11 13 4
3 5 9
0 2 30
6 9 9
12 13 10
10 11 21
1 3 29
15 16 10
17 18 11
14 17 17
16 18 1
10 11 5
7 9 22
4 4 19
22 0 9
4 8 22
2 5 20
15 17 27
20 22 14
19 22 21
13 15 2
5 7 29
20 22 20
19 21 5
16 18 29
18 22 15
22 1 29
5 8 21
5 7 18
14 15 7
15 15 11
12 13 4
11 12 13
19 21 13
11 12 23
2 4 14
14 16 18
3 5 28
23 0 24
4 6 7
5 8 21
6 7 2
2 2 10
0 3 15
21 21 3
18 20 1
2 5 28
22 0 2
8 11 24
22 3 8
20 21 22
11 14 13
13 17 14
11 14 7
20 22 11
3 6 14
12 14 16
3 6 22
9 12 4
15 16 11
14 17 3
23 2 23
14 17 6
9 12 11
19 20 8
12 13 16
22 0 3
15 16 14
9 10 25
23 2 19
7 10 12
18 21 22
14 17 7
3 5 8
13 16 18
0 2 30
10 12 12
0 3 11
12 13 10
10 12 19
9 10 13
20 23 2
14 17 5
6 7 14
5 7 1
13 15 25
17 21 17
18 19 7
13 15 23
3 4 16
11 14 30
14 16 5
9 12 27
17 19 14
10 11 19
19 21 25
22 2 23
23 1 10
3 4 3
4 6 22
13 15 27
13 16 5
7 9 21
10 12 14
15 16 9
22 0 4
11 14 14
20 23 6
22 1 17
20 22 13
6 7 30
12 15 17
22 2 16
15 18 7
22 0 18
12 15 19
16 18 21
19 21 28
16 19 21
18 19 25
10 13 22
12 15 24
5 6 11
19 21 16
6 8 18
16 17 21
17 17 21
23 0 2
19 19 13
7 9 13
0 2 7
18 20 5
23 2 21
21 22 12
18 21 22
12 15 8
21 1 2
10 13 3
16 19 26
23 1 11
3 5 20
17 21 15
17 18 18
22 23 20
23 1 30
16 18 27
21 0 18
4 4 17
15 15 22
18 19 8
0 2 23
8 12 1
3 4 6
13 15 18
6 8 24
19 21 28
7 9 7
1 2 1
3 5 21
15 16 8
8 10 19
12 16 19
7 10 1
22 1 2
14 16 18
17 19 30
14 16 20
4 7 18
10 11 27
1 2 28
20 21 13
14 14 9
15 17 27
6 7 1
23 0 25
2 2 5
14 16 22
18 20 13
11 13 21
12 13 13
14 15 25
4 7 19
14 15 11
17 20 23
5 6 8
4 5 25
7 9 20
4 5 16
20 22 12
21 23 22
5 8 22
8 10 17
5 8 9
16 18 24
16 18 23
6 8 15
23 0 16
14 15 13
5 6 20
1 2 24
20 22 19
18 21 6
3 5 24
10 13 20
3 5 4
6 8 5
7 10 23
5 5 1
0 0 22
16 20 15
0 1 4
20 22 16
23 0 8
9 13 26
2 4 4
14 16 29
3 5 5
11 13 2
9 11 11
10 12 12
23 1 11
17 18 21
12 14 5
20 20 3
15 18 26
1 4 1
7 8 28
9 10 4
22 23 18
23 1 8
8 11 6
13 14 29
18 21 26
1 3 20
12 15 10
7 10 8
18 20 21
5 7 5
13 15 6
20 22 19
21 22 15
7 8 25
4 6 29
0 1 12
22 1 15
8 9 7
15 16 29
4 6 15
20 23 14
17 19 17
15 18 25
14 15 16
17 19 18
0 3 13
1 2 29
7 8 16
3 6 6
5 7 24
15 17 30
4 7 9
23 0 27
8 10 7
1 3 13
19 20 13
0 1 7
14 17 19
10 11 30
17 19 11
10 10 11
12 14 26
0 3 20
3 4 18
9 10 18
18 18 10
4 6 17
17 18 5
21 21 12
2 4 27
12 15 22
5 7 9
0 2 14
3 5 18
5 6 17
8 10 21
21 0 2
7 9 6
16 17 28
22 23 6
1 2 14
14 16 24
20 20 6
7 9 13
13 14 18
22 23 30
21 2 16
2 3 12
14 15 28
13 14 28
22 0 26
5 7 12
19 21 6
5 6 21
15 18 11
11 13 7
16 17 18
16 16 9
9 12 19
14 17 1
9 11 4
12 16 29
5 7 16
18 20 26
17 19 7
17 19 25
19 20 10
13 15 1
14 15 19
0 2 14
18 20 11
23 1 2
8 10 20
3 4 28
5 7 3
10 12 1
11 12 4
5 8 19
13 13 11
5 7 21
23 0 11
10 13 13
9 10 19
15 17 25
5 7 19
9 13 5
15 15 19
23 1 3
2 3 24
18 20 2
0 2 2
21 1 8
9 9 23
22 1 13
22 23 13
9 11 20
8 11 21
7 11 12
8 11 25
23 2 7
23 2 20
15 17 25
21 23 28
12 14 20
1 3 27
4 6 1
20 21 12
18 21 4
11 13 11
18 19 23
6 9 30
6 10 25
9 11 12
10 12 14
7 9 11
13 15 27
18 19 9
22 0 6
7 9 11
9 10 29
9 11 20
2 4 3
18 19 1
18 21 9
14 14 25
7 8 11
10 12 21
20 0 29
8 11 14
6 10 9
8 9 14
10 10 15
23 2 29
4 7 13
10 13 22
1 3 30
18 19 15
5 8 27
9 12 10
6 8 7
21 0 28
7 7 2
18 20 4
9 11 6
10 13 21
11 12 5
0 5 2
20 21 16
16 18 10
4 6 2
20 23 19
19 20 4
2 5 30
18 22 9
13 15 26
0 2 29
5 5 5
10 11 30
9 12 7
14 16 22
14 14 4
20 23 17
23 2 14
9 11 18
16 20 26
7 11 17
12 14 24
5 6 26
