990 30
23 29 26 11 3 8 2 9 11 15 20 11 2 14 18 15 8 19 4 13 5 17 27 28 30 24 24 26 16 18 
8 10 3
23 1 11
12 12 8
5 7 14
0 2 5
8 12 4
12 14 20
8 11 21
2 3 13
22 0 24
21 22 8
17 19 29
14 16 10
20 21 8
18 20 16
20 20 28
23 1 24
9 11 4
13 15 18
21 22 23
21 22 18
1 2 6
18 20 3
23 1 7
17 21 6
3 5 23
7 9 24
21 23 5
16 18 11
4 7 4
5 7 27
6 10 25
9 10 14
6 8 26
9 9 28
8 8 1
19 19 6
1 3 8
5 7 17
2 4 8
15 18 9
0 2 11
13 15 29
8 10 7
3 4 27
5 6 15
4 6 6
17 19 13
6 9 21
18 19 7
6 7 14
6 9 20
12 14 1
10 14 19
4 4 3
1 3 2
0 3 15
22 0 7
20 20 19
15 16 4
4 5 22
7 9 21
3 5 6
10 11 22
11 16 29
16 16 20
7 8 10
3 5 13
12 14 9
3 4 16
21 22 17
17 19 11
15 18 29
12 14 16
5 5 28
7 8 3
23 0 11
1 3 12
4 7 16
17 19 9
11 13 4
20 22 3
0 4 9
20 23 20
8 11 12
7 10 29
7 10 30
14 16 18
4 6 21
2 3 24
15 17 10
19 21 5
23 1 6
7 9 6
16 18 2
22 1 1
12 13 10
22 0 14
8 10 4
6 9 22
1 2 6
20 21 12
11 13 28
6 8 17
7 8 1
5 5 13
11 13 16
23 1 18
0 3 16
17 18 29
19 21 18
6 7 1
20 23 14
20 22 29
14 15 23
16 19 20
8 12 2
23 1 7
18 19 22
10 10 3
4 7 25
12 15 18
9 11 21
4 6 30
1 3 29
5 7 23
6 7 8
6 10 7
5 9 6
1 3 9
2 3 10
4 6 9
19 20 17
6 9 15
16 18 15
12 14 15
22 1 22
11 15 7
12 15 28
3 5 26
0 1 28
11 13 17
13 16 20
20 0 18
2 3 9
1 2 9
10 12 26
6 8 22
7 11 6
3 5 3
21 0 26
17 17 26
9 10 9
0 2 7
16 18 22
13 15 10
19 23 15
14 16 21
1 3 6
7 10 25
18 21 23
8 12 6
7 8 10
11 14 23
8 11 7
14 15 5
16 19 3
16 18 24
2 3 30
13 15 4
19 23 11
13 13 12
12 15 3
2 4 30
18 20 26
13 16 24
17 19 10
2 4 12
23 23 14
18 20 15
6 7 6
21 23 12
19 21 3
20 21 14
9 12 10
13 16 1
7 10 10
11 11 21
8 10 21
5 7 20
15 18 11
20 22 25
19 22 2
5 7 21
3 4 6
12 14 24
11 13 3
0 2 9
6 9 5
12 15 15
15 16 9
7 8 26
10 14 10
9 12 13
6 9 16
15 19 22
16 18 5
10 13 4
2 5 15
14 17 13
15 17 6
5 7 9
19 20 21
7 11 8
0 3 3
9 11 28
23 23 19
7 9 6
10 10 9
16 18 25
9 11 17
9 11 17
0 1 24
0 2 5
14 15 15
2 3 23
11 14 22
2 4 20
14 16 14
11 12 26
2 2 16
16 17 11
15 16 11
3 4 12
0 1 21
12 13 4
1 3 4
0 4 24
18 21 12
16 17 25
10 12 7
17 19 9
17 18 23
1 3 24
5 7 23
19 22 29
9 11 26
12 14 29
1 3 21
18 19 15
10 12 4
10 13 30
20 0 4
16 18 30
5 9 10
15 17 23
18 20 19
10 12 11
20 21 27
13 14 7
20 21 19
13 17 30
22 0 26
11 14 23
21 23 13
17 19 4
6 7 1
15 16 12
13 13 12
6 7 4
21 22 5
15 17 3
16 18 2
11 12 21
9 11 10
13 13 7
14 17 2
14 16 1
0 3 16
8 11 12
3 4 25
6 9 14
3 6 21
22 23 23
6 10 28
18 20 24
4 5 16
20 22 28
16 21 27
13 15 15
8 10 3
12 15 13
19 22 20
0 2 13
12 16 12
15 17 18
16 17 22
6 7 16
8 8 8
4 5 4
10 12 7
2 5 6
4 5 3
1 3 27
5 6 26
4 7 16
3 6 4
9 11 13
4 7 28
0 0 21
12 14 10
12 15 21
1 3 15
13 16 14
1 2 23
17 20 30
1 2 20
1 5 9
6 8 29
22 23 24
1 3 12
17 19 28
16 17 1
22 0 14
21 23 15
0 3 8
20 0 19
21 21 1
16 18 15
10 13 6
10 13 30
8 11 16
20 22 28
4 6 10
23 1 13
16 17 12
16 17 23
11 12 22
10 11 28
12 16 28
1 1 29
13 16 21
3 3 5
16 18 8
15 17 10
5 7 1
11 15 16
15 18 26
1 3 30
8 10 6
8 10 10
9 12 17
6 8 2
15 17 9
0 1 6
8 11 14
0 2 9
16 19 12
23 2 9
13 15 10
6 8 25
5 6 4
19 22 19
17 19 17
7 8 13
7 10 9
9 10 2
6 6 20
5 8 24
14 16 26
11 12 29
23 1 9
4 7 2
6 7 29
15 18 30
20 22 13
17 19 3
7 9 18
19 18 22
4 5 17
9 9 27
5 6 8
22 0 12
14 16 20
8 9 8
2 5 24
19 21 4
20 22 29
6 7 19
20 23 14
1 4 10
22 23 16
19 22 15
5 8 21
10 11 23
22 0 4
12 12 13
22 0 7
10 13 13
17 18 25
22 23 13
4 7 27
17 19 20
4 6 9
19 20 15
9 11 9
3 4 19
5 9 4
15 18 29
1 4 10
0 1 13
9 11 19
5 8 23
16 18 1
12 13 5
8 10 24
5 7 2
21 0 11
2 4 1
0 2 12
11 12 19
2 4 10
20 22 14
22 0 5
13 15 6
14 17 6
10 10 5
8 11 17
17 18 6
20 0 10
22 1 7
17 18 14
7 11 18
15 16 1
18 18 23
22 1 14
1 1 14
21 0 4
5 7 17
2 3 18
22 23 10
6 9 14
7 8 1
3 4 9
15 17 21
0 0 6
16 19 2
5 7 22
12 14 10
22 1 14
5 6 15
3 3 15
4 6 2
6 8 8
20 20 21
9 11 30
22 1 6
14 16 30
2 6 5
8 10 21
11 12 5
6 8 7
14 15 7
10 13 21
1 4 20
1 4 3
20 23 28
18 20 6
0 2 5
12 16 14
8 10 3
14 16 26
7 10 14
12 13 10
7 9 19
19 19 6
17 19 11
14 17 23
2 2 14
10 13 9
23 0 28
20 22 7
11 13 10
3 5 1
13 16 6
20 20 8
17 19 14
9 12 20
10 14 18
11 13 27
3 2 29
11 13 29
10 12 28
5 7 26
8 11 25
18 20 27
19 20 15
22 23 28
2 4 16
15 18 9
15 15 10
23 23 17
8 9 20
0 2 26
7 8 17
9 12 27
3 5 9
22 23 14
22 23 8
19 20 2
10 11 29
11 11 22
15 18 6
5 7 4
21 23 12
17 18 14
18 20 6
16 17 4
10 13 17
8 9 18
20 23 24
22 23 19
22 23 28
13 16 20
3 4 14
2 2 17
17 18 28
8 10 14
15 18 19
0 2 5
23 0 21
3 6 6
9 12 20
9 11 17
23 1 1
15 17 10
13 16 16
18 20 12
3 3 15
9 11 13
5 5 9
8 8 29
9 11 3
16 18 18
1 2 23
5 7 27
10 13 19
23 1 16
15 18 1
11 12 21
13 15 3
5 8 8
15 17 14
20 22 16
6 7 30
8 10 6
19 22 30
0 2 2
0 2 1
20 23 21
10 12 30
15 15 13
8 11 21
12 15 4
4 7 7
7 8 27
19 21 18
9 11 3
1 1 30
23 1 25
1 4 19
1 2 28
22 1 16
0 1 27
16 19 17
9 10 8
4 5 19
3 5 14
15 17 20
2 6 6
2 3 5
7 9 14
1 3 9
8 10 29
6 8 17
18 20 10
19 20 7
23 2 9
20 22 8
2 4 19
9 12 27
14 15 26
2 6 13
22 1 21
18 21 28
10 13 20
11 15 24
22 0 11
9 10 9
2 3 16
2 4 10
13 14 4
20 22 8
15 17 11
8 11 29
8 10 1
7 10 21
1 4 10
8 8 8
4 5 13
23 1 4
22 23 30
11 13 24
11 12 26
3 6 18
20 22 8
11 12 22
19 21 11
8 10 9
0 3 19
10 12 27
17 17 10
16 19 25
16 17 9
22 1 6
8 11 5
11 12 18
0 3 26
19 0 2
3 5 6
0 3 13
11 14 14
8 11 30
20 0 11
9 11 3
7 9 9
14 15 6
20 22 7
2 5 2
19 23 28
5 7 10
7 9 11
19 19 7
15 18 26
20 21 27
0 2 30
9 12 15
6 7 6
5 8 20
9 11 1
12 14 14
21 23 24
23 1 25
10 12 18
13 15 10
10 11 29
7 9 24
1 2 11
19 23 2
8 11 22
13 15 19
22 23 9
0 1 21
11 13 16
3 5 10
18 21 3
19 21 5
0 2 20
7 8 9
6 9 27
3 5 22
13 14 28
21 23 1
8 11 21
8 9 21
7 8 22
7 10 25
18 20 19
10 12 10
2 3 8
3 5 17
20 22 10
3 5 6
7 7 3
15 18 29
7 9 9
9 12 8
23 0 4
3 7 21
13 15 15
1 3 27
20 23 12
9 11 14
11 13 21
9 10 19
18 20 28
10 12 7
19 23 9
1 4 13
22 0 8
3 5 26
9 11 22
1 2 14
23 2 29
16 16 10
21 23 7
5 6 24
21 23 25
23 0 2
10 12 21
1 2 9
19 23 23
22 1 4
6 7 4
23 0 26
7 8 10
4 6 27
22 1 7
17 21 13
23 1 26
4 6 16
15 18 6
23 1 1
22 22 17
19 20 5
3 5 2
22 23 9
4 6 15
1 4 16
4 5 24
5 8 10
18 19 18
16 19 28
18 19 4
17 20 26
20 22 7
9 11 19
7 9 9
15 18 21
13 15 14
13 15 19
23 1 27
7 10 6
15 16 5
19 22 22
23 1 13
7 9 8
18 18 26
14 16 24
21 0 11
19 22 24
18 22 14
22 0 11
11 12 12
1 4 1
8 10 15
17 20 29
2 6 16
17 20 15
22 0 26
19 22 17
15 17 2
4 6 29
0 2 30
11 11 1
10 12 22
11 13 6
23 1 3
11 12 1
8 8 16
0 3 4
7 8 15
1 3 9
6 8 15
10 12 24
2 4 11
14 15 16
4 4 5
15 17 9
21 23 22
19 21 8
11 14 16
21 23 14
17 18 24
1 3 7
11 14 26
19 21 9
7 9 22
3 6 11
23 0 1
1 2 17
18 19 2
20 0 30
5 6 21
5 9 5
11 14 20
22 1 21
4 5 21
1 3 3
19 22 24
11 13 17
15 18 10
10 11 27
22 0 20
12 13 19
5 9 12
16 19 1
0 2 2
4 7 25
9 12 24
8 11 10
13 17 24
3 4 16
15 19 9
12 13 12
7 7 18
11 14 25
15 18 6
1 2 26
17 19 15
1 1 28
5 6 23
11 14 16
20 21 17
10 11 27
3 5 25
12 16 29
15 16 23
11 13 6
0 1 17
16 17 30
13 14 17
0 3 17
5 6 22
20 23 20
3 5 1
10 12 12
4 6 14
15 15 11
19 22 30
11 14 25
5 6 8
2 4 24
3 5 8
23 1 7
8 11 24
2 3 14
9 11 24
1 4 15
9 12 18
12 15 25
2 3 15
18 20 18
1 4 17
11 15 3
1 4 12
6 7 28
11 15 28
23 3 7
12 15 24
10 13 30
1 4 22
1 4 23
6 6 13
4 5 25
5 6 6
12 14 27
21 23 23
10 10 12
15 17 12
23 2 30
0 3 6
8 10 6
18 20 27
8 11 10
5 7 12
22 0 28
5 6 21
18 20 24
9 10 20
6 7 15
3 7 13
10 12 22
7 9 30
11 12 1
9 10 2
5 8 29
7 8 11
13 13 1
0 2 27
21 23 29
13 13 26
16 18 18
10 10 23
5 6 5
7 10 7
4 5 27
1 3 22
4 6 14
18 21 11
23 1 28
21 23 30
12 14 7
2 3 18
3 7 3
2 4 9
6 8 7
18 21 25
20 22 30
19 21 28
9 12 21
4 5 26
13 13 16
0 5 13
16 19 22
23 4 2
10 13 9
11 14 1
12 14 1
3 2 26
6 8 22
4 5 20
3 3 8
13 16 12
18 19 27
0 3 2
18 19 30
12 15 1
2 4 14
3 6 25
2 5 26
2 5 15
17 17 14
13 16 22
22 3 29
23 1 23
6 10 16
10 12 17
6 7 5
21 0 14
22 0 10
1 1 27
14 15 24
21 23 13
17 17 22
4 4 1
5 7 13
16 18 8
2 5 26
19 20 22
8 10 1
21 23 19
5 9 14
22 1 18
10 12 14
4 4 16
17 20 24
5 5 11
2 4 11
16 15 30
0 2 28
18 20 12
21 0 25
12 14 13
17 19 11
19 20 18
17 19 27
18 19 16
14 17 28
3 3 25
22 2 4
10 12 19
16 17 4
16 20 16
21 23 4
20 21 28
4 7 4
22 0 1
5 8 28
3 5 10
2 5 20
15 16 14
4 5 14
8 10 10
20 21 11
3 3 17
3 6 30
20 21 14
17 20 12
14 15 24
